County,FIPS,Age,Total,Total Male,Total Female,Anglo Total,Anglo Male,Anglo Female,Black Total,Black Male,Black Female,Other Total,Other Male,Other Female,Hispanic Total,Hispanic Male,Hispanic Female
STATE OF TEXAS,000,All Ages,25674681,12742192,12932489,11442303,5657827,5784476,2946793,1422385,1524408,1472223,718812,753411,9813362,4943168,4870194
STATE OF TEXAS,000,< 1 Year,392551,200147,192404,131443,67173,64270,42716,21712,21004,23651,12013,11638,194741,99249,95492
STATE OF TEXAS,000,1 Years,384761,196057,188704,122952,63124,59828,42648,21565,21083,23867,12188,11679,195294,99180,96114
STATE OF TEXAS,000,2 Years,382144,194831,187313,119817,61378,58439,42528,21516,21012,25716,13133,12583,194083,98804,95279
STATE OF TEXAS,000,3 Years,389330,198782,190548,122242,62633,59609,43634,22173,21461,26510,13558,12952,196944,100418,96526
STATE OF TEXAS,000,4 Years,391798,200153,191645,123877,63558,60319,44270,22660,21610,26161,13338,12823,197490,100597,96893
STATE OF TEXAS,000,5 Years,389749,199047,190702,124416,64057,60359,44232,22366,21866,26001,13210,12791,195100,99414,95686
STATE OF TEXAS,000,6 Years,389703,198951,190752,125449,64363,61086,44026,22236,21790,26056,13187,12869,194172,99165,95007
STATE OF TEXAS,000,7 Years,388932,198371,190561,126942,65057,61885,44054,22312,21742,25904,13083,12821,192032,97919,94113
STATE OF TEXAS,000,8 Years,387478,197385,190093,127910,65561,62349,44128,22421,21707,25314,12724,12590,190126,96679,93447
STATE OF TEXAS,000,9 Years,387022,197758,189264,128325,65845,62480,44745,22865,21880,24459,12388,12071,189493,96660,92833
STATE OF TEXAS,000,10 Years,393479,201120,192359,131002,67306,63696,45904,23546,22358,24521,12446,12075,192052,97822,94230
STATE OF TEXAS,000,11 Years,394088,201663,192425,132769,68283,64486,46811,23913,22898,23724,12055,11669,190784,97412,93372
STATE OF TEXAS,000,12 Years,386318,197801,188517,132441,68035,64406,46148,23651,22497,22669,11518,11151,185060,94597,90463
STATE OF TEXAS,000,13 Years,380730,195176,185554,131740,67889,63851,46072,23614,22458,22429,11354,11075,180489,92319,88170
STATE OF TEXAS,000,14 Years,378151,193491,184660,132705,68186,64519,46076,23483,22593,22235,11205,11030,177135,90617,86518
STATE OF TEXAS,000,15 Years,376996,193201,183795,133324,68431,64893,46261,23766,22495,21803,11064,10739,175608,89940,85668
STATE OF TEXAS,000,16 Years,377486,193812,183674,134023,68838,65185,47596,24383,23213,21375,10918,10457,174492,89673,84819
STATE OF TEXAS,000,17 Years,381461,196407,185054,136335,70104,66231,49232,25323,23909,21416,10960,10456,174478,90020,84458
STATE OF TEXAS,000,18 Years,388135,200027,188108,139987,71965,68022,51293,26380,24913,21289,10913,10376,175566,90769,84797
STATE OF TEXAS,000,19 Years,392284,202686,189598,143972,74415,69557,51333,26336,24997,21203,10884,10319,175776,91051,84725
STATE OF TEXAS,000,20 Years,381724,196722,185002,141072,72556,68516,49888,25214,24674,20717,10624,10093,170047,88328,81719
STATE OF TEXAS,000,21 Years,375422,193447,181975,140590,72049,68541,48393,24221,24172,20862,10684,10178,165577,86493,79084
STATE OF TEXAS,000,22 Years,365165,188411,176754,138516,70616,67900,46012,23020,22992,21122,10892,10230,159515,83883,75632
STATE OF TEXAS,000,23 Years,361309,186489,174820,137939,70055,67884,44076,21887,22189,21161,10791,10370,158133,83756,74377
STATE OF TEXAS,000,24 Years,365076,187681,177395,141860,71683,70177,43371,21413,21958,21596,10818,10778,158249,83767,74482
STATE OF TEXAS,000,25 Years,370991,189942,181049,146177,73478,72699,43614,21514,22100,22380,11240,11140,158820,83710,75110
STATE OF TEXAS,000,26 Years,373904,191046,182858,149046,75255,73791,43388,21404,21984,23032,11508,11524,158438,82879,75559
STATE OF TEXAS,000,27 Years,369975,188100,181875,147268,74289,72979,42697,20835,21862,23791,11706,12085,156219,81270,74949
STATE OF TEXAS,000,28 Years,375638,190452,185186,149084,75218,73866,43428,21079,22349,24395,11816,12579,158731,82339,76392
STATE OF TEXAS,000,29 Years,375979,189778,186201,149547,75216,74331,43396,21024,22372,24264,11532,12732,158772,82006,76766
STATE OF TEXAS,000,30 Years,377442,189862,187580,149833,75542,74291,44313,21307,23006,24044,11321,12723,159252,81692,77560
STATE OF TEXAS,000,31 Years,378212,190267,187945,149387,75471,73916,45583,21738,23845,24126,11357,12769,159116,81701,77415
STATE OF TEXAS,000,32 Years,360105,180703,179402,142259,71956,70303,43752,20815,22937,23677,11141,12536,150417,76791,73626
STATE OF TEXAS,000,33 Years,353570,176684,176886,139371,70061,69310,41955,19914,22041,23290,10964,12326,148954,75745,73209
STATE OF TEXAS,000,34 Years,348965,174597,174368,136620,68740,67880,41170,19563,21607,23397,11113,12284,147778,75181,72597
STATE OF TEXAS,000,35 Years,348249,173536,174713,134754,67967,66787,40610,19113,21497,24249,11548,12701,148636,74908,73728
STATE OF TEXAS,000,36 Years,352666,175514,177152,137453,69190,68263,40657,19306,21351,24849,11794,13055,149707,75224,74483
STATE OF TEXAS,000,37 Years,345001,171114,173887,135433,67961,67472,40761,19305,21456,24699,11684,13015,144108,72164,71944
STATE OF TEXAS,000,38 Years,348638,172778,175860,138432,69761,68671,41971,19819,22152,24914,11839,13075,143321,71359,71962
STATE OF TEXAS,000,39 Years,358460,177459,181001,148324,74737,73587,43097,20501,22596,24808,11769,13039,142231,70452,71779
STATE OF TEXAS,000,40 Years,369192,182922,186270,160244,80638,79606,44638,21225,23413,24757,11846,12911,139553,69213,70340
STATE OF TEXAS,000,41 Years,367701,182731,184970,162102,81608,80494,43561,20737,22824,24183,11564,12619,137855,68822,69033
STATE OF TEXAS,000,42 Years,347797,173408,174389,154554,77767,76787,40785,19627,21158,22774,11037,11737,129684,64977,64707
STATE OF TEXAS,000,43 Years,335938,167683,168255,148862,75192,73670,40616,19579,21037,21183,10278,10905,125277,62634,62643
STATE OF TEXAS,000,44 Years,330401,165020,165381,148472,74932,73540,40725,19573,21152,19847,9640,10207,121357,60875,60482
STATE OF TEXAS,000,45 Years,332644,166186,166458,151082,75691,75391,41894,20116,21778,19664,9638,10026,120004,60741,59263
STATE OF TEXAS,000,46 Years,348234,173479,174755,163728,81876,81852,44005,21012,22993,19857,9693,10164,120644,60898,59746
STATE OF TEXAS,000,47 Years,352657,175310,177347,172818,86224,86594,43349,20602,22747,20056,9826,10230,116434,58658,57776
STATE OF TEXAS,000,48 Years,354469,175964,178505,178281,88739,89542,43020,20533,22487,19872,9715,10157,113296,56977,56319
STATE OF TEXAS,000,49 Years,351391,174240,177151,181391,90171,91220,42643,20352,22291,18453,8934,9519,108904,54783,54121
STATE OF TEXAS,000,50 Years,352255,174263,177992,184963,91954,93009,42931,20503,22428,18172,8678,9494,106189,53128,53061
STATE OF TEXAS,000,51 Years,354338,176151,178187,188750,94153,94597,43021,20786,22235,17963,8589,9374,104604,52623,51981
STATE OF TEXAS,000,52 Years,341159,168898,172261,184984,92185,92799,41654,19967,21687,17092,8071,9021,97429,48675,48754
STATE OF TEXAS,000,53 Years,337290,166490,170800,186182,92681,93501,40441,19249,21192,16865,8041,8824,93802,46519,47283
STATE OF TEXAS,000,54 Years,329829,161933,167896,183703,91039,92664,39444,18750,20694,16615,7804,8811,90067,44340,45727
STATE OF TEXAS,000,55 Years,319783,156740,163043,179174,88523,90651,38092,18182,19910,16150,7657,8493,86367,42378,43989
STATE OF TEXAS,000,56 Years,313472,153232,160240,178619,88257,90362,36679,17372,19307,15614,7369,8245,82560,40234,42326
STATE OF TEXAS,000,57 Years,297744,144516,153228,172792,84743,88049,33642,15708,17934,14592,6867,7725,76718,37198,39520
STATE OF TEXAS,000,58 Years,286870,139122,147748,168409,82673,85736,31849,14841,17008,14307,6643,7664,72305,34965,37340
STATE OF TEXAS,000,59 Years,272951,131882,141069,162441,79626,82815,30153,13839,16314,13269,6088,7181,67088,32329,34759
STATE OF TEXAS,000,60 Years,260349,125300,135049,153673,75087,78586,28938,13224,15714,12915,5873,7042,64823,31116,33707
STATE OF TEXAS,000,61 Years,255040,122528,132512,152125,74302,77823,27508,12564,14944,12822,5858,6964,62585,29804,32781
STATE OF TEXAS,000,62 Years,246057,118128,127929,149534,72869,76665,25879,11813,14066,12031,5568,6463,58613,27878,30735
STATE OF TEXAS,000,63 Years,244624,117596,127028,153339,74839,78500,24171,11123,13048,11290,5231,6059,55824,26403,29421
STATE OF TEXAS,000,64 Years,239554,115133,124421,154627,75629,78998,21829,9969,11860,10512,4836,5676,52586,24699,27887
STATE OF TEXAS,000,65 Years,198437,94956,103481,123943,60568,63375,18479,8287,10192,9039,4242,4797,46976,21859,25117
STATE OF TEXAS,000,66 Years,186627,88554,98073,116954,56528,60426,17351,7629,9722,8519,3978,4541,43803,20419,23384
STATE OF TEXAS,000,67 Years,182910,86469,96441,118416,57089,61327,16252,7079,9173,7797,3672,4125,40445,18629,21816
STATE OF TEXAS,000,68 Years,175186,82725,92461,115143,55479,59664,15475,6840,8635,7403,3545,3858,37165,16861,20304
STATE OF TEXAS,000,69 Years,159244,74988,84256,104639,50347,54292,14094,6154,7940,6772,3248,3524,33739,15239,18500
STATE OF TEXAS,000,70 Years,147087,68409,78678,96212,45734,50478,13120,5588,7532,6150,2913,3237,31605,14174,17431
STATE OF TEXAS,000,71 Years,137132,63545,73587,89245,42154,47091,12169,5158,7011,5727,2692,3035,29991,13541,16450
STATE OF TEXAS,000,72 Years,128555,59324,69231,84648,39860,44788,10994,4743,6251,5211,2442,2769,27702,12279,15423
STATE OF TEXAS,000,73 Years,122531,55978,66553,80836,37736,43100,10287,4301,5986,4868,2330,2538,26540,11611,14929
STATE OF TEXAS,000,74 Years,114399,51762,62637,75261,34917,40344,9740,3954,5786,4456,2064,2392,24942,10827,14115
STATE OF TEXAS,000,75 Years,109314,48770,60544,72397,33239,39158,9127,3648,5479,4079,1828,2251,23711,10055,13656
STATE OF TEXAS,000,76 Years,105749,46879,58870,70517,32001,38516,8947,3582,5365,3595,1646,1949,22690,9650,13040
STATE OF TEXAS,000,77 Years,96665,42441,54224,64828,29100,35728,8179,3230,4949,3209,1447,1762,20449,8664,11785
STATE OF TEXAS,000,78 Years,90736,39168,51568,61622,27336,34286,7686,2919,4767,3003,1303,1700,18425,7610,10815
STATE OF TEXAS,000,79 Years,86214,37000,49214,59071,26003,33068,6830,2572,4258,2657,1133,1524,17656,7292,10364
STATE OF TEXAS,000,80 Years,82326,34825,47501,56847,24637,32210,6286,2343,3943,2536,1050,1486,16657,6795,9862
STATE OF TEXAS,000,81 Years,78378,32303,46075,54115,22866,31249,6018,2153,3865,2316,950,1366,15929,6334,9595
STATE OF TEXAS,000,82 Years,70910,28738,42172,49442,20524,28918,5426,1880,3546,1918,795,1123,14124,5539,8585
STATE OF TEXAS,000,83 Years,64419,25543,38876,45063,18259,26804,4808,1626,3182,1716,695,1021,12832,4963,7869
STATE OF TEXAS,000,84 Years,59175,22979,36196,41757,16446,25311,4315,1443,2872,1559,607,952,11544,4483,7061
STATE OF TEXAS,000,85 Years +,317861,106533,211328,231862,77604,154258,23904,6797,17107,7162,2608,4554,54933,19524,35409
ANDERSON COUNTY,001,All Ages,58727,35649,23078,35755,19692,16063,12242,8879,3363,1196,583,613,9534,6495,3039
ANDERSON COUNTY,001,< 1 Year,602,309,293,365,185,180,85,46,39,12,7,5,140,71,69
ANDERSON COUNTY,001,1 Years,588,310,278,321,166,155,104,52,52,27,13,14,136,79,57
ANDERSON COUNTY,001,2 Years,621,302,319,344,164,180,102,43,59,30,15,15,145,80,65
ANDERSON COUNTY,001,3 Years,636,308,328,342,165,177,95,39,56,39,19,20,160,85,75
ANDERSON COUNTY,001,4 Years,653,332,321,356,183,173,91,41,50,39,21,18,167,87,80
ANDERSON COUNTY,001,5 Years,648,321,327,365,184,181,97,36,61,35,17,18,151,84,67
ANDERSON COUNTY,001,6 Years,643,336,307,350,173,177,102,54,48,30,16,14,161,93,68
ANDERSON COUNTY,001,7 Years,632,326,306,375,189,186,93,55,38,21,11,10,143,71,72
ANDERSON COUNTY,001,8 Years,660,355,305,377,208,169,100,54,46,28,13,15,155,80,75
ANDERSON COUNTY,001,9 Years,667,364,303,377,213,164,111,48,63,27,16,11,152,87,65
ANDERSON COUNTY,001,10 Years,670,353,317,396,209,187,103,51,52,24,14,10,147,79,68
ANDERSON COUNTY,001,11 Years,676,344,332,409,215,194,90,45,45,26,13,13,151,71,80
ANDERSON COUNTY,001,12 Years,676,343,333,401,204,197,95,55,40,28,13,15,152,71,81
ANDERSON COUNTY,001,13 Years,598,293,305,355,176,179,84,43,41,22,8,14,137,66,71
ANDERSON COUNTY,001,14 Years,615,314,301,373,194,179,98,51,47,25,7,18,119,62,57
ANDERSON COUNTY,001,15 Years,617,299,318,377,188,189,97,48,49,27,10,17,116,53,63
ANDERSON COUNTY,001,16 Years,618,320,298,345,181,164,111,55,56,24,11,13,138,73,65
ANDERSON COUNTY,001,17 Years,660,343,317,392,191,201,106,60,46,14,9,5,148,83,65
ANDERSON COUNTY,001,18 Years,647,359,288,367,191,176,115,72,43,18,9,9,147,87,60
ANDERSON COUNTY,001,19 Years,609,344,265,365,198,167,115,75,40,15,6,9,114,65,49
ANDERSON COUNTY,001,20 Years,597,354,243,349,201,148,114,74,40,10,3,7,124,76,48
ANDERSON COUNTY,001,21 Years,645,396,249,358,201,157,137,96,41,9,5,4,141,94,47
ANDERSON COUNTY,001,22 Years,690,421,269,354,182,172,167,120,47,12,9,3,157,110,47
ANDERSON COUNTY,001,23 Years,764,491,273,380,212,168,192,146,46,9,6,3,183,127,56
ANDERSON COUNTY,001,24 Years,755,483,272,401,227,174,164,116,48,10,4,6,180,136,44
ANDERSON COUNTY,001,25 Years,841,564,277,432,251,181,202,156,46,12,8,4,195,149,46
ANDERSON COUNTY,001,26 Years,837,572,265,425,241,184,201,165,36,10,8,2,201,158,43
ANDERSON COUNTY,001,27 Years,865,621,244,416,255,161,245,200,45,10,6,4,194,160,34
ANDERSON COUNTY,001,28 Years,919,631,288,449,262,187,239,196,43,14,7,7,217,166,51
ANDERSON COUNTY,001,29 Years,893,622,271,420,237,183,239,207,32,13,6,7,221,172,49
ANDERSON COUNTY,001,30 Years,946,658,288,450,259,191,253,214,39,15,5,10,228,180,48
ANDERSON COUNTY,001,31 Years,988,700,288,478,296,182,261,225,36,14,5,9,235,174,61
ANDERSON COUNTY,001,32 Years,1007,738,269,458,290,168,280,238,42,13,7,6,256,203,53
ANDERSON COUNTY,001,33 Years,971,707,264,469,291,178,259,223,36,10,5,5,233,188,45
ANDERSON COUNTY,001,34 Years,934,695,239,436,273,163,282,245,37,11,5,6,205,172,33
ANDERSON COUNTY,001,35 Years,878,626,252,417,248,169,247,212,35,19,12,7,195,154,41
ANDERSON COUNTY,001,36 Years,941,681,260,480,316,164,255,215,40,16,9,7,190,141,49
ANDERSON COUNTY,001,37 Years,903,638,265,477,300,177,239,204,35,16,9,7,171,125,46
ANDERSON COUNTY,001,38 Years,885,610,275,443,262,181,250,210,40,20,10,10,172,128,44
ANDERSON COUNTY,001,39 Years,934,645,289,471,286,185,260,218,42,26,11,15,177,130,47
ANDERSON COUNTY,001,40 Years,1038,755,283,548,360,188,262,224,38,19,9,10,209,162,47
ANDERSON COUNTY,001,41 Years,999,727,272,515,342,173,262,215,47,13,6,7,209,164,45
ANDERSON COUNTY,001,42 Years,908,648,260,468,289,179,263,224,39,13,5,8,164,130,34
ANDERSON COUNTY,001,43 Years,945,677,268,508,312,196,271,235,36,13,5,8,153,125,28
ANDERSON COUNTY,001,44 Years,963,683,280,538,339,199,267,225,42,12,5,7,146,114,32
ANDERSON COUNTY,001,45 Years,890,610,280,490,297,193,267,216,51,10,6,4,123,91,32
ANDERSON COUNTY,001,46 Years,931,642,289,533,318,215,258,219,39,8,3,5,132,102,30
ANDERSON COUNTY,001,47 Years,1047,749,298,622,407,215,259,217,42,9,3,6,157,122,35
ANDERSON COUNTY,001,48 Years,970,656,314,579,358,221,236,188,48,14,7,7,141,103,38
ANDERSON COUNTY,001,49 Years,957,631,326,581,340,241,235,186,49,16,7,9,125,98,27
ANDERSON COUNTY,001,50 Years,988,682,306,595,373,222,270,217,53,16,10,6,107,82,25
ANDERSON COUNTY,001,51 Years,927,613,314,586,356,230,228,173,55,14,7,7,99,77,22
ANDERSON COUNTY,001,52 Years,889,570,319,580,338,242,205,156,49,13,5,8,91,71,20
ANDERSON COUNTY,001,53 Years,906,576,330,619,372,247,190,141,49,16,8,8,81,55,26
ANDERSON COUNTY,001,54 Years,853,519,334,566,319,247,195,145,50,14,4,10,78,51,27
ANDERSON COUNTY,001,55 Years,819,485,334,569,313,256,177,125,52,15,6,9,58,41,17
ANDERSON COUNTY,001,56 Years,810,471,339,577,317,260,175,117,58,13,7,6,45,30,15
ANDERSON COUNTY,001,57 Years,783,446,337,559,294,265,158,113,45,15,8,7,51,31,20
ANDERSON COUNTY,001,58 Years,701,400,301,527,281,246,110,73,37,10,7,3,54,39,15
ANDERSON COUNTY,001,59 Years,730,411,319,548,297,251,116,73,43,5,3,2,61,38,23
ANDERSON COUNTY,001,60 Years,708,407,301,503,276,227,141,95,46,13,6,7,51,30,21
ANDERSON COUNTY,001,61 Years,640,357,283,470,247,223,93,59,34,16,9,7,61,42,19
ANDERSON COUNTY,001,62 Years,653,344,309,506,251,255,87,57,30,11,7,4,49,29,20
ANDERSON COUNTY,001,63 Years,607,322,285,506,265,241,62,37,25,8,4,4,31,16,15
ANDERSON COUNTY,001,64 Years,622,331,291,512,256,256,69,49,20,7,6,1,34,20,14
ANDERSON COUNTY,001,65 Years,507,270,237,418,217,201,54,34,20,11,6,5,24,13,11
ANDERSON COUNTY,001,66 Years,487,249,238,404,203,201,52,28,24,7,4,3,24,14,10
ANDERSON COUNTY,001,67 Years,504,274,230,421,226,195,58,31,27,6,4,2,19,13,6
ANDERSON COUNTY,001,68 Years,523,262,261,430,213,217,53,29,24,7,1,6,33,19,14
ANDERSON COUNTY,001,69 Years,466,235,231,381,191,190,53,26,27,7,3,4,25,15,10
ANDERSON COUNTY,001,70 Years,427,221,206,347,181,166,55,21,34,6,3,3,19,16,3
ANDERSON COUNTY,001,71 Years,406,200,206,337,169,168,47,21,26,9,3,6,13,7,6
ANDERSON COUNTY,001,72 Years,372,190,182,315,158,157,36,20,16,5,1,4,16,11,5
ANDERSON COUNTY,001,73 Years,345,158,187,300,132,168,32,15,17,2,2,0,11,9,2
ANDERSON COUNTY,001,74 Years,312,141,171,262,116,146,36,17,19,2,1,1,12,7,5
ANDERSON COUNTY,001,75 Years,284,135,149,237,112,125,40,18,22,2,1,1,5,4,1
ANDERSON COUNTY,001,76 Years,325,146,179,272,123,149,37,17,20,6,1,5,10,5,5
ANDERSON COUNTY,001,77 Years,276,128,148,223,100,123,38,17,21,4,2,2,11,9,2
ANDERSON COUNTY,001,78 Years,266,125,141,220,104,116,36,14,22,3,2,1,7,5,2
ANDERSON COUNTY,001,79 Years,236,108,128,196,92,104,29,13,16,2,0,2,9,3,6
ANDERSON COUNTY,001,80 Years,224,101,123,186,86,100,28,12,16,3,0,3,7,3,4
ANDERSON COUNTY,001,81 Years,199,79,120,172,72,100,19,6,13,3,1,2,5,0,5
ANDERSON COUNTY,001,82 Years,184,65,119,154,57,97,26,7,19,3,1,2,1,0,1
ANDERSON COUNTY,001,83 Years,173,63,110,142,51,91,24,7,17,2,1,1,5,4,1
ANDERSON COUNTY,001,84 Years,148,63,85,123,55,68,18,6,12,5,1,4,2,1,1
ANDERSON COUNTY,001,85 Years +,850,296,554,695,250,445,135,38,97,8,4,4,12,4,8
ANDREWS COUNTY,003,All Ages,15327,7653,7674,7244,3541,3703,205,107,98,314,153,161,7564,3852,3712
ANDREWS COUNTY,003,< 1 Year,256,130,126,92,46,46,1,1,0,4,2,2,159,81,78
ANDREWS COUNTY,003,1 Years,255,133,122,80,40,40,2,1,1,4,4,0,169,88,81
ANDREWS COUNTY,003,2 Years,236,130,106,85,42,43,5,4,1,5,5,0,141,79,62
ANDREWS COUNTY,003,3 Years,245,133,112,84,43,41,3,1,2,6,3,3,152,86,66
ANDREWS COUNTY,003,4 Years,262,143,119,83,51,32,3,0,3,3,1,2,173,91,82
ANDREWS COUNTY,003,5 Years,256,134,122,79,45,34,3,1,2,6,2,4,168,86,82
ANDREWS COUNTY,003,6 Years,261,138,123,82,46,36,4,3,1,3,0,3,172,89,83
ANDREWS COUNTY,003,7 Years,252,120,132,77,40,37,4,3,1,5,1,4,166,76,90
ANDREWS COUNTY,003,8 Years,239,122,117,82,43,39,3,3,0,7,4,3,147,72,75
ANDREWS COUNTY,003,9 Years,230,119,111,77,40,37,2,2,0,3,2,1,148,75,73
ANDREWS COUNTY,003,10 Years,249,121,128,89,47,42,7,3,4,7,2,5,146,69,77
ANDREWS COUNTY,003,11 Years,231,112,119,82,45,37,7,4,3,5,1,4,137,62,75
ANDREWS COUNTY,003,12 Years,240,131,109,76,41,35,5,3,2,11,5,6,148,82,66
ANDREWS COUNTY,003,13 Years,242,126,116,86,43,43,4,0,4,7,5,2,145,78,67
ANDREWS COUNTY,003,14 Years,245,140,105,86,46,40,4,3,1,3,3,0,152,88,64
ANDREWS COUNTY,003,15 Years,251,134,117,91,52,39,5,3,2,3,1,2,152,78,74
ANDREWS COUNTY,003,16 Years,245,122,123,95,48,47,4,4,0,10,6,4,136,64,72
ANDREWS COUNTY,003,17 Years,256,130,126,95,47,48,3,3,0,8,4,4,150,76,74
ANDREWS COUNTY,003,18 Years,231,136,95,87,51,36,2,2,0,5,4,1,137,79,58
ANDREWS COUNTY,003,19 Years,225,121,104,77,43,34,4,3,1,4,4,0,140,71,69
ANDREWS COUNTY,003,20 Years,192,90,102,60,29,31,3,2,1,5,2,3,124,57,67
ANDREWS COUNTY,003,21 Years,187,101,86,66,35,31,1,1,0,4,1,3,116,64,52
ANDREWS COUNTY,003,22 Years,226,118,108,83,41,42,5,2,3,6,5,1,132,70,62
ANDREWS COUNTY,003,23 Years,212,114,98,89,49,40,3,2,1,2,1,1,118,62,56
ANDREWS COUNTY,003,24 Years,206,111,95,80,43,37,1,0,1,0,0,0,125,68,57
ANDREWS COUNTY,003,25 Years,193,91,102,72,29,43,2,0,2,0,0,0,119,62,57
ANDREWS COUNTY,003,26 Years,211,100,111,83,34,49,1,1,0,2,2,0,125,63,62
ANDREWS COUNTY,003,27 Years,194,93,101,78,37,41,1,1,0,6,3,3,109,52,57
ANDREWS COUNTY,003,28 Years,229,111,118,101,51,50,1,0,1,5,2,3,122,58,64
ANDREWS COUNTY,003,29 Years,215,110,105,87,39,48,1,1,0,4,2,2,123,68,55
ANDREWS COUNTY,003,30 Years,196,91,105,86,35,51,1,0,1,8,7,1,101,49,52
ANDREWS COUNTY,003,31 Years,198,104,94,86,45,41,2,0,2,6,4,2,104,55,49
ANDREWS COUNTY,003,32 Years,194,108,86,87,48,39,1,1,0,4,2,2,102,57,45
ANDREWS COUNTY,003,33 Years,182,87,95,76,37,39,2,0,2,3,2,1,101,48,53
ANDREWS COUNTY,003,34 Years,198,89,109,87,42,45,4,1,3,3,2,1,104,44,60
ANDREWS COUNTY,003,35 Years,192,85,107,86,39,47,3,1,2,3,0,3,100,45,55
ANDREWS COUNTY,003,36 Years,187,95,92,80,35,45,5,3,2,2,1,1,100,56,44
ANDREWS COUNTY,003,37 Years,194,103,91,82,41,41,3,3,0,2,1,1,107,58,49
ANDREWS COUNTY,003,38 Years,183,91,92,84,42,42,4,1,3,2,0,2,93,48,45
ANDREWS COUNTY,003,39 Years,164,85,79,89,44,45,2,2,0,2,0,2,71,39,32
ANDREWS COUNTY,003,40 Years,172,87,85,89,45,44,1,1,0,1,1,0,81,40,41
ANDREWS COUNTY,003,41 Years,178,87,91,85,43,42,2,2,0,3,2,1,88,40,48
ANDREWS COUNTY,003,42 Years,181,79,102,83,40,43,3,1,2,2,1,1,93,37,56
ANDREWS COUNTY,003,43 Years,208,86,122,101,43,58,2,0,2,6,2,4,99,41,58
ANDREWS COUNTY,003,44 Years,185,87,98,80,37,43,3,1,2,5,2,3,97,47,50
ANDREWS COUNTY,003,45 Years,179,101,78,75,40,35,3,1,2,5,2,3,96,58,38
ANDREWS COUNTY,003,46 Years,205,101,104,108,51,57,1,1,0,4,1,3,92,48,44
ANDREWS COUNTY,003,47 Years,225,101,124,113,44,69,2,1,1,4,1,3,106,55,51
ANDREWS COUNTY,003,48 Years,223,108,115,121,58,63,3,1,2,4,1,3,95,48,47
ANDREWS COUNTY,003,49 Years,213,111,102,113,60,53,3,1,2,6,4,2,91,46,45
ANDREWS COUNTY,003,50 Years,239,129,110,141,75,66,2,1,1,6,4,2,90,49,41
ANDREWS COUNTY,003,51 Years,227,126,101,128,69,59,1,1,0,5,1,4,93,55,38
ANDREWS COUNTY,003,52 Years,218,104,114,121,58,63,1,0,1,6,2,4,90,44,46
ANDREWS COUNTY,003,53 Years,214,99,115,116,56,60,3,0,3,7,4,3,88,39,49
ANDREWS COUNTY,003,54 Years,224,112,112,139,72,67,2,1,1,6,3,3,77,36,41
ANDREWS COUNTY,003,55 Years,206,104,102,128,68,60,1,1,0,4,1,3,73,34,39
ANDREWS COUNTY,003,56 Years,194,95,99,124,59,65,4,3,1,2,0,2,64,33,31
ANDREWS COUNTY,003,57 Years,186,90,96,121,57,64,5,2,3,4,1,3,56,30,26
ANDREWS COUNTY,003,58 Years,166,78,88,110,56,54,5,2,3,4,1,3,47,19,28
ANDREWS COUNTY,003,59 Years,152,75,77,94,49,45,3,1,2,4,0,4,51,25,26
ANDREWS COUNTY,003,60 Years,165,93,72,90,49,41,3,1,2,7,3,4,65,40,25
ANDREWS COUNTY,003,61 Years,157,82,75,96,49,47,3,1,2,3,2,1,55,30,25
ANDREWS COUNTY,003,62 Years,156,78,78,100,42,58,1,1,0,5,3,2,50,32,18
ANDREWS COUNTY,003,63 Years,136,63,73,87,35,52,1,1,0,6,4,2,42,23,19
ANDREWS COUNTY,003,64 Years,129,61,68,83,37,46,2,1,1,3,1,2,41,22,19
ANDREWS COUNTY,003,65 Years,103,51,52,64,33,31,2,1,1,3,1,2,34,16,18
ANDREWS COUNTY,003,66 Years,94,48,46,57,31,26,2,1,1,2,0,2,33,16,17
ANDREWS COUNTY,003,67 Years,108,56,52,79,41,38,2,2,0,1,0,1,26,13,13
ANDREWS COUNTY,003,68 Years,104,47,57,73,33,40,2,2,0,2,1,1,27,11,16
ANDREWS COUNTY,003,69 Years,90,47,43,62,30,32,2,1,1,1,1,0,25,15,10
ANDREWS COUNTY,003,70 Years,91,41,50,61,29,32,2,0,2,1,1,0,27,11,16
ANDREWS COUNTY,003,71 Years,82,34,48,65,28,37,0,0,0,2,0,2,15,6,9
ANDREWS COUNTY,003,72 Years,77,28,49,51,18,33,0,0,0,1,0,1,25,10,15
ANDREWS COUNTY,003,73 Years,83,38,45,56,21,35,1,1,0,2,2,0,24,14,10
ANDREWS COUNTY,003,74 Years,70,30,40,46,17,29,0,0,0,1,1,0,23,12,11
ANDREWS COUNTY,003,75 Years,90,34,56,73,28,45,0,0,0,0,0,0,17,6,11
ANDREWS COUNTY,003,76 Years,82,33,49,72,29,43,1,0,1,0,0,0,9,4,5
ANDREWS COUNTY,003,77 Years,69,31,38,53,25,28,0,0,0,1,0,1,15,6,9
ANDREWS COUNTY,003,78 Years,68,35,33,51,27,24,1,1,0,1,0,1,15,7,8
ANDREWS COUNTY,003,79 Years,57,25,32,45,19,26,0,0,0,1,1,0,11,5,6
ANDREWS COUNTY,003,80 Years,61,26,35,43,17,26,2,0,2,1,0,1,15,9,6
ANDREWS COUNTY,003,81 Years,56,23,33,42,16,26,1,0,1,0,0,0,13,7,6
ANDREWS COUNTY,003,82 Years,49,23,26,40,21,19,1,0,1,0,0,0,8,2,6
ANDREWS COUNTY,003,83 Years,38,17,21,25,13,12,1,1,0,0,0,0,12,3,9
ANDREWS COUNTY,003,84 Years,48,21,27,35,16,19,1,0,1,1,0,1,11,5,6
ANDREWS COUNTY,003,85 Years +,209,76,133,178,63,115,3,1,2,3,2,1,25,10,15
ANGELINA COUNTY,005,All Ages,88214,43287,44927,55241,26892,28349,13078,6179,6899,1986,920,1066,17909,9296,8613
ANGELINA COUNTY,005,< 1 Year,1270,651,619,649,334,315,196,99,97,38,21,17,387,197,190
ANGELINA COUNTY,005,1 Years,1253,636,617,603,305,298,188,86,102,42,21,21,420,224,196
ANGELINA COUNTY,005,2 Years,1260,652,608,597,322,275,192,91,101,51,29,22,420,210,210
ANGELINA COUNTY,005,3 Years,1316,687,629,607,304,303,219,122,97,55,29,26,435,232,203
ANGELINA COUNTY,005,4 Years,1339,672,667,600,294,306,224,120,104,47,19,28,468,239,229
ANGELINA COUNTY,005,5 Years,1394,697,697,677,349,328,208,100,108,40,17,23,469,231,238
ANGELINA COUNTY,005,6 Years,1334,684,650,679,352,327,196,105,91,42,21,21,417,206,211
ANGELINA COUNTY,005,7 Years,1305,661,644,651,333,318,212,108,104,41,16,25,401,204,197
ANGELINA COUNTY,005,8 Years,1290,652,638,653,330,323,201,103,98,49,28,21,387,191,196
ANGELINA COUNTY,005,9 Years,1280,643,637,662,326,336,191,102,89,41,19,22,386,196,190
ANGELINA COUNTY,005,10 Years,1321,691,630,687,358,329,202,99,103,37,18,19,395,216,179
ANGELINA COUNTY,005,11 Years,1333,678,655,693,364,329,204,96,108,37,15,22,399,203,196
ANGELINA COUNTY,005,12 Years,1337,661,676,695,353,342,202,97,105,39,19,20,401,192,209
ANGELINA COUNTY,005,13 Years,1324,671,653,706,363,343,209,109,100,38,16,22,371,183,188
ANGELINA COUNTY,005,14 Years,1341,683,658,731,372,359,214,108,106,39,18,21,357,185,172
ANGELINA COUNTY,005,15 Years,1305,660,645,710,363,347,202,93,109,37,22,15,356,182,174
ANGELINA COUNTY,005,16 Years,1231,638,593,708,371,337,181,85,96,36,17,19,306,165,141
ANGELINA COUNTY,005,17 Years,1233,620,613,680,353,327,204,98,106,30,12,18,319,157,162
ANGELINA COUNTY,005,18 Years,1244,634,610,684,359,325,213,108,105,35,13,22,312,154,158
ANGELINA COUNTY,005,19 Years,1212,592,620,666,326,340,209,94,115,26,13,13,311,159,152
ANGELINA COUNTY,005,20 Years,1222,617,605,657,335,322,221,102,119,26,12,14,318,168,150
ANGELINA COUNTY,005,21 Years,1194,610,584,657,339,318,220,101,119,28,9,19,289,161,128
ANGELINA COUNTY,005,22 Years,1140,571,569,621,308,313,219,102,117,22,11,11,278,150,128
ANGELINA COUNTY,005,23 Years,1113,536,577,625,286,339,199,95,104,20,9,11,269,146,123
ANGELINA COUNTY,005,24 Years,1096,531,565,623,295,328,178,78,100,19,11,8,276,147,129
ANGELINA COUNTY,005,25 Years,1083,534,549,623,305,318,164,74,90,12,5,7,284,150,134
ANGELINA COUNTY,005,26 Years,1054,524,530,582,288,294,175,80,95,26,12,14,271,144,127
ANGELINA COUNTY,005,27 Years,1063,506,557,588,287,301,174,68,106,30,15,15,271,136,135
ANGELINA COUNTY,005,28 Years,1090,529,561,627,314,313,155,62,93,32,15,17,276,138,138
ANGELINA COUNTY,005,29 Years,1101,542,559,624,310,314,158,70,88,27,13,14,292,149,143
ANGELINA COUNTY,005,30 Years,1114,541,573,642,312,330,168,74,94,25,14,11,279,141,138
ANGELINA COUNTY,005,31 Years,1173,568,605,663,315,348,187,82,105,21,12,9,302,159,143
ANGELINA COUNTY,005,32 Years,1127,568,559,629,312,317,183,89,94,25,13,12,290,154,136
ANGELINA COUNTY,005,33 Years,1067,524,543,604,300,304,157,77,80,35,16,19,271,131,140
ANGELINA COUNTY,005,34 Years,1048,532,516,584,294,290,177,95,82,26,13,13,261,130,131
ANGELINA COUNTY,005,35 Years,1019,488,531,572,259,313,165,79,86,19,8,11,263,142,121
ANGELINA COUNTY,005,36 Years,1051,503,548,595,281,314,154,73,81,29,13,16,273,136,137
ANGELINA COUNTY,005,37 Years,1051,496,555,610,295,315,146,60,86,22,9,13,273,132,141
ANGELINA COUNTY,005,38 Years,1094,544,550,640,316,324,148,64,84,24,11,13,282,153,129
ANGELINA COUNTY,005,39 Years,1138,570,568,708,355,353,173,75,98,22,7,15,235,133,102
ANGELINA COUNTY,005,40 Years,1170,582,588,747,374,373,187,84,103,21,7,14,215,117,98
ANGELINA COUNTY,005,41 Years,1176,550,626,735,342,393,184,83,101,21,8,13,236,117,119
ANGELINA COUNTY,005,42 Years,1133,551,582,721,359,362,169,78,91,18,4,14,225,110,115
ANGELINA COUNTY,005,43 Years,1085,529,556,678,334,344,167,72,95,16,4,12,224,119,105
ANGELINA COUNTY,005,44 Years,1113,540,573,706,341,365,171,80,91,21,4,17,215,115,100
ANGELINA COUNTY,005,45 Years,1128,560,568,725,353,372,165,75,90,22,10,12,216,122,94
ANGELINA COUNTY,005,46 Years,1151,579,572,723,358,365,190,93,97,28,16,12,210,112,98
ANGELINA COUNTY,005,47 Years,1187,624,563,797,422,375,174,88,86,27,15,12,189,99,90
ANGELINA COUNTY,005,48 Years,1216,588,628,830,388,442,194,98,96,15,8,7,177,94,83
ANGELINA COUNTY,005,49 Years,1183,580,603,794,374,420,186,94,92,25,16,9,178,96,82
ANGELINA COUNTY,005,50 Years,1174,596,578,794,386,408,178,95,83,23,12,11,179,103,76
ANGELINA COUNTY,005,51 Years,1227,597,630,838,403,435,182,85,97,23,9,14,184,100,84
ANGELINA COUNTY,005,52 Years,1203,590,613,821,405,416,203,87,116,22,10,12,157,88,69
ANGELINA COUNTY,005,53 Years,1186,591,595,819,410,409,188,91,97,31,15,16,148,75,73
ANGELINA COUNTY,005,54 Years,1163,597,566,826,430,396,174,85,89,24,10,14,139,72,67
ANGELINA COUNTY,005,55 Years,1171,594,577,801,400,401,206,102,104,21,8,13,143,84,59
ANGELINA COUNTY,005,56 Years,1187,584,603,797,375,422,225,119,106,22,7,15,143,83,60
ANGELINA COUNTY,005,57 Years,1124,581,543,792,402,390,185,97,88,16,7,9,131,75,56
ANGELINA COUNTY,005,58 Years,1118,594,524,786,411,375,172,88,84,16,9,7,144,86,58
ANGELINA COUNTY,005,59 Years,1039,564,475,769,413,356,148,77,71,13,4,9,109,70,39
ANGELINA COUNTY,005,60 Years,997,507,490,739,376,363,146,75,71,14,3,11,98,53,45
ANGELINA COUNTY,005,61 Years,943,451,492,695,320,375,133,68,65,20,9,11,95,54,41
ANGELINA COUNTY,005,62 Years,987,448,539,756,341,415,125,52,73,23,11,12,83,44,39
ANGELINA COUNTY,005,63 Years,934,434,500,727,340,387,112,46,66,21,10,11,74,38,36
ANGELINA COUNTY,005,64 Years,999,484,515,806,387,419,105,49,56,20,13,7,68,35,33
ANGELINA COUNTY,005,65 Years,800,377,423,633,301,332,89,44,45,13,7,6,65,25,40
ANGELINA COUNTY,005,66 Years,779,367,412,631,300,331,91,40,51,10,5,5,47,22,25
ANGELINA COUNTY,005,67 Years,747,372,375,611,299,312,79,45,34,7,3,4,50,25,25
ANGELINA COUNTY,005,68 Years,753,365,388,610,302,308,73,32,41,14,7,7,56,24,32
ANGELINA COUNTY,005,69 Years,699,346,353,566,278,288,71,36,35,13,7,6,49,25,24
ANGELINA COUNTY,005,70 Years,682,323,359,557,260,297,67,31,36,12,7,5,46,25,21
ANGELINA COUNTY,005,71 Years,614,276,338,511,230,281,57,23,34,10,4,6,36,19,17
ANGELINA COUNTY,005,72 Years,601,265,336,500,224,276,56,20,36,10,4,6,35,17,18
ANGELINA COUNTY,005,73 Years,548,248,300,464,211,253,48,23,25,7,4,3,29,10,19
ANGELINA COUNTY,005,74 Years,522,215,307,433,186,247,56,17,39,3,1,2,30,11,19
ANGELINA COUNTY,005,75 Years,521,235,286,439,198,241,59,24,35,5,1,4,18,12,6
ANGELINA COUNTY,005,76 Years,526,240,286,449,205,244,44,15,29,6,4,2,27,16,11
ANGELINA COUNTY,005,77 Years,463,209,254,383,179,204,46,15,31,8,5,3,26,10,16
ANGELINA COUNTY,005,78 Years,437,195,242,376,170,206,37,15,22,4,2,2,20,8,12
ANGELINA COUNTY,005,79 Years,385,163,222,334,139,195,31,14,17,7,3,4,13,7,6
ANGELINA COUNTY,005,80 Years,357,160,197,302,130,172,35,19,16,5,2,3,15,9,6
ANGELINA COUNTY,005,81 Years,356,153,203,291,128,163,40,15,25,7,3,4,18,7,11
ANGELINA COUNTY,005,82 Years,324,127,197,277,113,164,35,10,25,4,1,3,8,3,5
ANGELINA COUNTY,005,83 Years,300,111,189,256,98,158,30,9,21,4,1,3,10,3,7
ANGELINA COUNTY,005,84 Years,292,112,180,244,96,148,32,7,25,5,1,4,11,8,3
ANGELINA COUNTY,005,85 Years +,1554,536,1018,1340,464,876,145,41,104,19,8,11,50,23,27
ARANSAS COUNTY,007,All Ages,23334,11564,11770,16353,8022,8331,252,146,106,877,436,441,5852,2960,2892
ARANSAS COUNTY,007,< 1 Year,250,126,124,138,68,70,2,1,1,11,6,5,99,51,48
ARANSAS COUNTY,007,1 Years,234,122,112,114,60,54,1,0,1,11,6,5,108,56,52
ARANSAS COUNTY,007,2 Years,233,121,112,113,59,54,2,0,2,10,5,5,108,57,51
ARANSAS COUNTY,007,3 Years,253,137,116,122,64,58,4,2,2,8,3,5,119,68,51
ARANSAS COUNTY,007,4 Years,235,118,117,105,57,48,3,1,2,12,7,5,115,53,62
ARANSAS COUNTY,007,5 Years,238,119,119,120,62,58,4,1,3,9,5,4,105,51,54
ARANSAS COUNTY,007,6 Years,240,129,111,125,62,63,3,2,1,10,6,4,102,59,43
ARANSAS COUNTY,007,7 Years,252,136,116,128,72,56,5,4,1,9,4,5,110,56,54
ARANSAS COUNTY,007,8 Years,220,113,107,98,52,46,5,4,1,8,3,5,109,54,55
ARANSAS COUNTY,007,9 Years,216,107,109,104,53,51,3,2,1,6,3,3,103,49,54
ARANSAS COUNTY,007,10 Years,238,121,117,127,67,60,7,4,3,12,5,7,92,45,47
ARANSAS COUNTY,007,11 Years,223,114,109,122,64,58,3,2,1,9,4,5,89,44,45
ARANSAS COUNTY,007,12 Years,250,132,118,126,61,65,3,3,0,10,7,3,111,61,50
ARANSAS COUNTY,007,13 Years,273,134,139,139,66,73,4,2,2,13,7,6,117,59,58
ARANSAS COUNTY,007,14 Years,266,138,128,135,68,67,1,1,0,12,8,4,118,61,57
ARANSAS COUNTY,007,15 Years,275,148,127,146,72,74,0,0,0,15,11,4,114,65,49
ARANSAS COUNTY,007,16 Years,289,155,134,152,77,75,2,1,1,14,9,5,121,68,53
ARANSAS COUNTY,007,17 Years,268,154,114,148,83,65,4,2,2,13,5,8,103,64,39
ARANSAS COUNTY,007,18 Years,305,157,148,168,88,80,3,0,3,18,11,7,116,58,58
ARANSAS COUNTY,007,19 Years,275,151,124,139,75,64,3,2,1,16,10,6,117,64,53
ARANSAS COUNTY,007,20 Years,223,127,96,110,61,49,5,4,1,12,7,5,96,55,41
ARANSAS COUNTY,007,21 Years,192,97,95,108,55,53,3,2,1,7,5,2,74,35,39
ARANSAS COUNTY,007,22 Years,195,91,104,110,54,56,3,1,2,5,3,2,77,33,44
ARANSAS COUNTY,007,23 Years,227,119,108,132,68,64,4,2,2,6,4,2,85,45,40
ARANSAS COUNTY,007,24 Years,211,114,97,122,69,53,5,4,1,7,2,5,77,39,38
ARANSAS COUNTY,007,25 Years,204,106,98,115,61,54,4,3,1,9,4,5,76,38,38
ARANSAS COUNTY,007,26 Years,200,103,97,122,59,63,4,3,1,13,7,6,61,34,27
ARANSAS COUNTY,007,27 Years,183,89,94,112,52,60,2,1,1,11,8,3,58,28,30
ARANSAS COUNTY,007,28 Years,185,93,92,104,51,53,1,0,1,9,6,3,71,36,35
ARANSAS COUNTY,007,29 Years,202,96,106,122,56,66,2,0,2,14,6,8,64,34,30
ARANSAS COUNTY,007,30 Years,216,103,113,120,58,62,4,3,1,13,5,8,79,37,42
ARANSAS COUNTY,007,31 Years,197,95,102,124,60,64,4,3,1,9,3,6,60,29,31
ARANSAS COUNTY,007,32 Years,181,87,94,108,53,55,3,2,1,3,0,3,67,32,35
ARANSAS COUNTY,007,33 Years,198,94,104,126,60,66,2,1,1,5,2,3,65,31,34
ARANSAS COUNTY,007,34 Years,205,107,98,129,67,62,2,2,0,7,2,5,67,36,31
ARANSAS COUNTY,007,35 Years,198,98,100,122,60,62,2,2,0,11,5,6,63,31,32
ARANSAS COUNTY,007,36 Years,213,99,114,136,63,73,1,1,0,8,3,5,68,32,36
ARANSAS COUNTY,007,37 Years,193,99,94,116,62,54,0,0,0,12,4,8,65,33,32
ARANSAS COUNTY,007,38 Years,227,113,114,134,66,68,2,0,2,14,5,9,77,42,35
ARANSAS COUNTY,007,39 Years,221,116,105,135,72,63,2,2,0,11,3,8,73,39,34
ARANSAS COUNTY,007,40 Years,247,126,121,162,87,75,1,1,0,7,5,2,77,33,44
ARANSAS COUNTY,007,41 Years,248,122,126,176,84,92,3,3,0,9,6,3,60,29,31
ARANSAS COUNTY,007,42 Years,224,108,116,147,66,81,1,1,0,11,6,5,65,35,30
ARANSAS COUNTY,007,43 Years,235,113,122,155,71,84,2,1,1,8,4,4,70,37,33
ARANSAS COUNTY,007,44 Years,243,122,121,155,75,80,7,5,2,10,6,4,71,36,35
ARANSAS COUNTY,007,45 Years,278,138,140,168,80,88,3,2,1,15,9,6,92,47,45
ARANSAS COUNTY,007,46 Years,289,138,151,202,95,107,5,1,4,12,7,5,70,35,35
ARANSAS COUNTY,007,47 Years,298,143,155,203,98,105,7,3,4,12,5,7,76,37,39
ARANSAS COUNTY,007,48 Years,329,161,168,227,109,118,5,4,1,11,2,9,86,46,40
ARANSAS COUNTY,007,49 Years,322,159,163,234,116,118,2,1,1,14,7,7,72,35,37
ARANSAS COUNTY,007,50 Years,362,172,190,271,122,149,3,3,0,12,6,6,76,41,35
ARANSAS COUNTY,007,51 Years,385,188,197,282,131,151,8,6,2,15,10,5,80,41,39
ARANSAS COUNTY,007,52 Years,362,181,181,274,130,144,7,5,2,14,9,5,67,37,30
ARANSAS COUNTY,007,53 Years,354,171,183,273,131,142,5,3,2,10,4,6,66,33,33
ARANSAS COUNTY,007,54 Years,322,141,181,242,106,136,5,1,4,13,6,7,62,28,34
ARANSAS COUNTY,007,55 Years,359,162,197,274,129,145,5,1,4,18,7,11,62,25,37
ARANSAS COUNTY,007,56 Years,406,180,226,308,137,171,6,2,4,19,8,11,73,33,40
ARANSAS COUNTY,007,57 Years,357,162,195,281,129,152,5,1,4,15,4,11,56,28,28
ARANSAS COUNTY,007,58 Years,358,168,190,283,133,150,2,1,1,11,4,7,62,30,32
ARANSAS COUNTY,007,59 Years,381,194,187,292,141,151,3,2,1,20,12,8,66,39,27
ARANSAS COUNTY,007,60 Years,360,181,179,288,143,145,1,1,0,17,8,9,54,29,25
ARANSAS COUNTY,007,61 Years,405,194,211,333,161,172,2,1,1,14,5,9,56,27,29
ARANSAS COUNTY,007,62 Years,414,200,214,351,168,183,2,1,1,12,3,9,49,28,21
ARANSAS COUNTY,007,63 Years,420,204,216,348,165,183,6,3,3,14,7,7,52,29,23
ARANSAS COUNTY,007,64 Years,413,204,209,348,169,179,3,2,1,14,7,7,48,26,22
ARANSAS COUNTY,007,65 Years,371,172,199,310,141,169,3,3,0,9,6,3,49,22,27
ARANSAS COUNTY,007,66 Years,386,180,206,328,153,175,2,1,1,11,8,3,45,18,27
ARANSAS COUNTY,007,67 Years,402,193,209,346,167,179,2,1,1,10,5,5,44,20,24
ARANSAS COUNTY,007,68 Years,423,207,216,364,178,186,5,5,0,13,5,8,41,19,22
ARANSAS COUNTY,007,69 Years,349,182,167,300,158,142,3,2,1,9,3,6,37,19,18
ARANSAS COUNTY,007,70 Years,374,210,164,331,188,143,2,1,1,11,5,6,30,16,14
ARANSAS COUNTY,007,71 Years,336,167,169,299,153,146,4,1,3,10,3,7,23,10,13
ARANSAS COUNTY,007,72 Years,319,149,170,279,132,147,3,2,1,5,3,2,32,12,20
ARANSAS COUNTY,007,73 Years,296,143,153,251,125,126,1,1,0,6,2,4,38,15,23
ARANSAS COUNTY,007,74 Years,264,128,136,224,111,113,2,1,1,6,2,4,32,14,18
ARANSAS COUNTY,007,75 Years,243,126,117,214,112,102,1,0,1,3,1,2,25,13,12
ARANSAS COUNTY,007,76 Years,246,122,124,216,109,107,1,0,1,10,4,6,19,9,10
ARANSAS COUNTY,007,77 Years,224,128,96,198,114,84,1,0,1,7,5,2,18,9,9
ARANSAS COUNTY,007,78 Years,209,113,96,180,99,81,0,0,0,7,6,1,22,8,14
ARANSAS COUNTY,007,79 Years,181,91,90,157,78,79,0,0,0,3,3,0,21,10,11
ARANSAS COUNTY,007,80 Years,175,91,84,160,83,77,2,1,1,0,0,0,13,7,6
ARANSAS COUNTY,007,81 Years,152,71,81,141,68,73,1,0,1,1,1,0,9,2,7
ARANSAS COUNTY,007,82 Years,144,59,85,128,54,74,1,0,1,5,2,3,10,3,7
ARANSAS COUNTY,007,83 Years,127,61,66,114,57,57,0,0,0,3,1,2,10,3,7
ARANSAS COUNTY,007,84 Years,129,63,66,114,56,58,1,1,0,1,1,0,13,5,8
ARANSAS COUNTY,007,85 Years +,509,198,311,446,173,273,1,1,0,8,4,4,54,20,34
ARCHER COUNTY,009,All Ages,8913,4490,4423,8039,4026,4013,32,19,13,158,68,90,684,377,307
ARCHER COUNTY,009,< 1 Year,76,40,36,65,34,31,0,0,0,1,1,0,10,5,5
ARCHER COUNTY,009,1 Years,82,40,42,66,33,33,0,0,0,3,1,2,13,6,7
ARCHER COUNTY,009,2 Years,91,42,49,73,33,40,0,0,0,4,1,3,14,8,6
ARCHER COUNTY,009,3 Years,85,44,41,74,38,36,0,0,0,4,1,3,7,5,2
ARCHER COUNTY,009,4 Years,95,41,54,79,37,42,0,0,0,5,1,4,11,3,8
ARCHER COUNTY,009,5 Years,102,43,59,80,33,47,0,0,0,4,2,2,18,8,10
ARCHER COUNTY,009,6 Years,110,57,53,91,47,44,0,0,0,4,3,1,15,7,8
ARCHER COUNTY,009,7 Years,117,59,58,101,52,49,1,0,1,3,1,2,12,6,6
ARCHER COUNTY,009,8 Years,113,60,53,98,53,45,0,0,0,2,0,2,13,7,6
ARCHER COUNTY,009,9 Years,125,71,54,102,58,44,1,1,0,3,2,1,19,10,9
ARCHER COUNTY,009,10 Years,119,61,58,99,52,47,2,1,1,2,1,1,16,7,9
ARCHER COUNTY,009,11 Years,135,63,72,114,52,62,1,1,0,2,2,0,18,8,10
ARCHER COUNTY,009,12 Years,146,71,75,124,60,64,2,2,0,2,0,2,18,9,9
ARCHER COUNTY,009,13 Years,137,64,73,122,58,64,2,1,1,2,1,1,11,4,7
ARCHER COUNTY,009,14 Years,142,71,71,128,62,66,0,0,0,1,1,0,13,8,5
ARCHER COUNTY,009,15 Years,144,76,68,127,68,59,0,0,0,2,0,2,15,8,7
ARCHER COUNTY,009,16 Years,144,75,69,123,64,59,0,0,0,4,0,4,17,11,6
ARCHER COUNTY,009,17 Years,140,84,56,119,73,46,3,1,2,3,0,3,15,10,5
ARCHER COUNTY,009,18 Years,129,81,48,113,70,43,2,1,1,1,0,1,13,10,3
ARCHER COUNTY,009,19 Years,134,85,49,110,67,43,2,1,1,3,3,0,19,14,5
ARCHER COUNTY,009,20 Years,104,54,50,83,43,40,1,0,1,3,1,2,17,10,7
ARCHER COUNTY,009,21 Years,97,45,52,84,40,44,1,0,1,1,0,1,11,5,6
ARCHER COUNTY,009,22 Years,103,61,42,88,51,37,0,0,0,2,1,1,13,9,4
ARCHER COUNTY,009,23 Years,82,45,37,70,37,33,0,0,0,1,1,0,11,7,4
ARCHER COUNTY,009,24 Years,78,46,32,65,37,28,0,0,0,0,0,0,13,9,4
ARCHER COUNTY,009,25 Years,72,43,29,64,38,26,0,0,0,1,0,1,7,5,2
ARCHER COUNTY,009,26 Years,73,38,35,68,36,32,0,0,0,1,0,1,4,2,2
ARCHER COUNTY,009,27 Years,80,43,37,70,39,31,0,0,0,0,0,0,10,4,6
ARCHER COUNTY,009,28 Years,74,35,39,60,29,31,0,0,0,1,0,1,13,6,7
ARCHER COUNTY,009,29 Years,65,29,36,57,26,31,0,0,0,1,0,1,7,3,4
ARCHER COUNTY,009,30 Years,74,37,37,66,30,36,0,0,0,3,2,1,5,5,0
ARCHER COUNTY,009,31 Years,86,47,39,80,44,36,0,0,0,1,0,1,5,3,2
ARCHER COUNTY,009,32 Years,76,39,37,64,34,30,0,0,0,2,1,1,10,4,6
ARCHER COUNTY,009,33 Years,84,33,51,67,25,42,0,0,0,1,1,0,16,7,9
ARCHER COUNTY,009,34 Years,99,51,48,86,44,42,0,0,0,1,0,1,12,7,5
ARCHER COUNTY,009,35 Years,99,54,45,86,47,39,0,0,0,3,2,1,10,5,5
ARCHER COUNTY,009,36 Years,88,45,43,77,40,37,1,0,1,2,1,1,8,4,4
ARCHER COUNTY,009,37 Years,98,47,51,88,42,46,1,1,0,2,1,1,7,3,4
ARCHER COUNTY,009,38 Years,105,56,49,94,50,44,0,0,0,2,1,1,9,5,4
ARCHER COUNTY,009,39 Years,106,56,50,94,47,47,0,0,0,1,1,0,11,8,3
ARCHER COUNTY,009,40 Years,116,49,67,104,43,61,1,1,0,2,1,1,9,4,5
ARCHER COUNTY,009,41 Years,115,47,68,102,40,62,0,0,0,3,2,1,10,5,5
ARCHER COUNTY,009,42 Years,118,58,60,103,49,54,0,0,0,2,1,1,13,8,5
ARCHER COUNTY,009,43 Years,115,64,51,98,55,43,0,0,0,2,1,1,15,8,7
ARCHER COUNTY,009,44 Years,121,66,55,108,56,52,1,1,0,2,2,0,10,7,3
ARCHER COUNTY,009,45 Years,112,55,57,104,50,54,0,0,0,1,1,0,7,4,3
ARCHER COUNTY,009,46 Years,142,78,64,136,74,62,1,1,0,0,0,0,5,3,2
ARCHER COUNTY,009,47 Years,146,74,72,140,71,69,0,0,0,0,0,0,6,3,3
ARCHER COUNTY,009,48 Years,170,80,90,158,74,84,2,1,1,1,0,1,9,5,4
ARCHER COUNTY,009,49 Years,149,83,66,137,76,61,1,1,0,2,1,1,9,5,4
ARCHER COUNTY,009,50 Years,170,84,86,160,80,80,0,0,0,3,1,2,7,3,4
ARCHER COUNTY,009,51 Years,163,72,91,152,66,86,0,0,0,4,3,1,7,3,4
ARCHER COUNTY,009,52 Years,150,74,76,140,67,73,0,0,0,2,1,1,8,6,2
ARCHER COUNTY,009,53 Years,174,89,85,163,83,80,0,0,0,3,1,2,8,5,3
ARCHER COUNTY,009,54 Years,167,82,85,159,78,81,0,0,0,1,0,1,7,4,3
ARCHER COUNTY,009,55 Years,145,73,72,138,68,70,0,0,0,2,1,1,5,4,1
ARCHER COUNTY,009,56 Years,145,76,69,136,71,65,1,1,0,3,1,2,5,3,2
ARCHER COUNTY,009,57 Years,134,66,68,128,63,65,0,0,0,2,1,1,4,2,2
ARCHER COUNTY,009,58 Years,118,60,58,115,57,58,0,0,0,1,1,0,2,2,0
ARCHER COUNTY,009,59 Years,133,64,69,127,61,66,0,0,0,5,2,3,1,1,0
ARCHER COUNTY,009,60 Years,109,51,58,106,50,56,0,0,0,2,1,1,1,0,1
ARCHER COUNTY,009,61 Years,118,61,57,110,57,53,1,0,1,3,2,1,4,2,2
ARCHER COUNTY,009,62 Years,109,54,55,104,51,53,0,0,0,3,2,1,2,1,1
ARCHER COUNTY,009,63 Years,103,51,52,99,49,50,0,0,0,1,0,1,3,2,1
ARCHER COUNTY,009,64 Years,118,65,53,111,59,52,2,2,0,1,0,1,4,4,0
ARCHER COUNTY,009,65 Years,81,44,37,77,42,35,1,1,0,2,0,2,1,1,0
ARCHER COUNTY,009,66 Years,89,47,42,84,44,40,0,0,0,2,1,1,3,2,1
ARCHER COUNTY,009,67 Years,79,35,44,77,35,42,0,0,0,1,0,1,1,0,1
ARCHER COUNTY,009,68 Years,77,31,46,73,29,44,0,0,0,1,0,1,3,2,1
ARCHER COUNTY,009,69 Years,101,45,56,94,42,52,0,0,0,2,1,1,5,2,3
ARCHER COUNTY,009,70 Years,98,51,47,94,48,46,0,0,0,1,1,0,3,2,1
ARCHER COUNTY,009,71 Years,88,42,46,82,39,43,1,0,1,2,1,1,3,2,1
ARCHER COUNTY,009,72 Years,69,37,32,66,36,30,0,0,0,0,0,0,3,1,2
ARCHER COUNTY,009,73 Years,77,45,32,72,43,29,0,0,0,2,1,1,3,1,2
ARCHER COUNTY,009,74 Years,68,31,37,67,30,37,0,0,0,0,0,0,1,1,0
ARCHER COUNTY,009,75 Years,61,24,37,60,23,37,0,0,0,0,0,0,1,1,0
ARCHER COUNTY,009,76 Years,69,30,39,66,30,36,0,0,0,1,0,1,2,0,2
ARCHER COUNTY,009,77 Years,60,33,27,59,33,26,0,0,0,0,0,0,1,0,1
ARCHER COUNTY,009,78 Years,62,30,32,60,29,31,0,0,0,0,0,0,2,1,1
ARCHER COUNTY,009,79 Years,50,24,26,48,23,25,0,0,0,0,0,0,2,1,1
ARCHER COUNTY,009,80 Years,41,17,24,40,16,24,0,0,0,1,1,0,0,0,0
ARCHER COUNTY,009,81 Years,42,18,24,40,17,23,0,0,0,1,1,0,1,0,1
ARCHER COUNTY,009,82 Years,46,19,27,42,18,24,0,0,0,2,0,2,2,1,1
ARCHER COUNTY,009,83 Years,31,13,18,29,13,16,0,0,0,2,0,2,0,0,0
ARCHER COUNTY,009,84 Years,30,16,14,29,16,13,0,0,0,1,0,1,0,0,0
ARCHER COUNTY,009,85 Years +,125,50,75,123,49,74,0,0,0,2,1,1,0,0,0
ARMSTRONG COUNTY,011,All Ages,1935,943,992,1758,860,898,12,7,5,42,18,24,123,58,65
ARMSTRONG COUNTY,011,< 1 Year,16,8,8,14,7,7,0,0,0,0,0,0,2,1,1
ARMSTRONG COUNTY,011,1 Years,19,10,9,18,10,8,0,0,0,1,0,1,0,0,0
ARMSTRONG COUNTY,011,2 Years,24,14,10,20,11,9,0,0,0,1,0,1,3,3,0
ARMSTRONG COUNTY,011,3 Years,21,10,11,18,9,9,1,0,1,1,1,0,1,0,1
ARMSTRONG COUNTY,011,4 Years,21,12,9,16,9,7,0,0,0,2,1,1,3,2,1
ARMSTRONG COUNTY,011,5 Years,22,10,12,17,8,9,0,0,0,1,0,1,4,2,2
ARMSTRONG COUNTY,011,6 Years,24,10,14,17,7,10,1,1,0,2,0,2,4,2,2
ARMSTRONG COUNTY,011,7 Years,17,7,10,14,5,9,1,1,0,0,0,0,2,1,1
ARMSTRONG COUNTY,011,8 Years,18,9,9,16,7,9,0,0,0,0,0,0,2,2,0
ARMSTRONG COUNTY,011,9 Years,18,7,11,15,5,10,0,0,0,0,0,0,3,2,1
ARMSTRONG COUNTY,011,10 Years,30,12,18,24,9,15,1,0,1,0,0,0,5,3,2
ARMSTRONG COUNTY,011,11 Years,25,11,14,19,7,12,0,0,0,1,1,0,5,3,2
ARMSTRONG COUNTY,011,12 Years,22,9,13,19,8,11,1,1,0,0,0,0,2,0,2
ARMSTRONG COUNTY,011,13 Years,25,16,9,21,14,7,0,0,0,1,0,1,3,2,1
ARMSTRONG COUNTY,011,14 Years,21,12,9,19,11,8,0,0,0,1,0,1,1,1,0
ARMSTRONG COUNTY,011,15 Years,21,13,8,17,9,8,0,0,0,0,0,0,4,4,0
ARMSTRONG COUNTY,011,16 Years,33,20,13,27,16,11,1,1,0,1,1,0,4,2,2
ARMSTRONG COUNTY,011,17 Years,34,18,16,30,16,14,1,0,1,1,1,0,2,1,1
ARMSTRONG COUNTY,011,18 Years,29,16,13,26,15,11,0,0,0,0,0,0,3,1,2
ARMSTRONG COUNTY,011,19 Years,25,12,13,21,10,11,0,0,0,1,1,0,3,1,2
ARMSTRONG COUNTY,011,20 Years,16,11,5,14,9,5,1,1,0,0,0,0,1,1,0
ARMSTRONG COUNTY,011,21 Years,14,11,3,12,9,3,1,1,0,1,1,0,0,0,0
ARMSTRONG COUNTY,011,22 Years,10,5,5,8,4,4,0,0,0,1,1,0,1,0,1
ARMSTRONG COUNTY,011,23 Years,12,5,7,11,5,6,0,0,0,1,0,1,0,0,0
ARMSTRONG COUNTY,011,24 Years,12,4,8,10,4,6,0,0,0,0,0,0,2,0,2
ARMSTRONG COUNTY,011,25 Years,13,3,10,10,3,7,1,0,1,0,0,0,2,0,2
ARMSTRONG COUNTY,011,26 Years,12,3,9,8,3,5,0,0,0,2,0,2,2,0,2
ARMSTRONG COUNTY,011,27 Years,17,10,7,15,8,7,0,0,0,2,2,0,0,0,0
ARMSTRONG COUNTY,011,28 Years,22,13,9,19,12,7,0,0,0,0,0,0,3,1,2
ARMSTRONG COUNTY,011,29 Years,21,13,8,19,12,7,0,0,0,0,0,0,2,1,1
ARMSTRONG COUNTY,011,30 Years,21,12,9,20,11,9,0,0,0,0,0,0,1,1,0
ARMSTRONG COUNTY,011,31 Years,26,13,13,24,13,11,0,0,0,1,0,1,1,0,1
ARMSTRONG COUNTY,011,32 Years,26,14,12,26,14,12,0,0,0,0,0,0,0,0,0
ARMSTRONG COUNTY,011,33 Years,20,9,11,20,9,11,0,0,0,0,0,0,0,0,0
ARMSTRONG COUNTY,011,34 Years,18,9,9,16,9,7,0,0,0,0,0,0,2,0,2
ARMSTRONG COUNTY,011,35 Years,21,11,10,19,10,9,0,0,0,0,0,0,2,1,1
ARMSTRONG COUNTY,011,36 Years,20,10,10,19,9,10,0,0,0,0,0,0,1,1,0
ARMSTRONG COUNTY,011,37 Years,15,7,8,14,7,7,1,0,1,0,0,0,0,0,0
ARMSTRONG COUNTY,011,38 Years,16,9,7,14,8,6,0,0,0,0,0,0,2,1,1
ARMSTRONG COUNTY,011,39 Years,15,6,9,13,6,7,0,0,0,0,0,0,2,0,2
ARMSTRONG COUNTY,011,40 Years,24,9,15,20,8,12,0,0,0,0,0,0,4,1,3
ARMSTRONG COUNTY,011,41 Years,31,18,13,28,17,11,0,0,0,0,0,0,3,1,2
ARMSTRONG COUNTY,011,42 Years,23,11,12,18,9,9,0,0,0,0,0,0,5,2,3
ARMSTRONG COUNTY,011,43 Years,20,10,10,17,9,8,0,0,0,1,0,1,2,1,1
ARMSTRONG COUNTY,011,44 Years,20,10,10,19,9,10,0,0,0,0,0,0,1,1,0
ARMSTRONG COUNTY,011,45 Years,21,11,10,20,10,10,0,0,0,0,0,0,1,1,0
ARMSTRONG COUNTY,011,46 Years,22,14,8,21,14,7,0,0,0,1,0,1,0,0,0
ARMSTRONG COUNTY,011,47 Years,21,6,15,20,6,14,0,0,0,0,0,0,1,0,1
ARMSTRONG COUNTY,011,48 Years,20,6,14,19,5,14,0,0,0,0,0,0,1,1,0
ARMSTRONG COUNTY,011,49 Years,24,8,16,22,7,15,0,0,0,0,0,0,2,1,1
ARMSTRONG COUNTY,011,50 Years,30,15,15,29,14,15,0,0,0,0,0,0,1,1,0
ARMSTRONG COUNTY,011,51 Years,40,20,20,38,19,19,0,0,0,1,1,0,1,0,1
ARMSTRONG COUNTY,011,52 Years,35,16,19,33,14,19,0,0,0,1,1,0,1,1,0
ARMSTRONG COUNTY,011,53 Years,31,18,13,27,15,12,0,0,0,2,2,0,2,1,1
ARMSTRONG COUNTY,011,54 Years,29,16,13,28,15,13,0,0,0,0,0,0,1,1,0
ARMSTRONG COUNTY,011,55 Years,31,14,17,30,14,16,0,0,0,0,0,0,1,0,1
ARMSTRONG COUNTY,011,56 Years,26,10,16,23,9,14,0,0,0,1,0,1,2,1,1
ARMSTRONG COUNTY,011,57 Years,32,18,14,29,16,13,0,0,0,2,2,0,1,0,1
ARMSTRONG COUNTY,011,58 Years,35,21,14,34,20,14,0,0,0,1,1,0,0,0,0
ARMSTRONG COUNTY,011,59 Years,34,16,18,34,16,18,0,0,0,0,0,0,0,0,0
ARMSTRONG COUNTY,011,60 Years,25,12,13,23,12,11,0,0,0,1,0,1,1,0,1
ARMSTRONG COUNTY,011,61 Years,28,10,18,24,10,14,0,0,0,1,0,1,3,0,3
ARMSTRONG COUNTY,011,62 Years,38,16,22,36,15,21,0,0,0,0,0,0,2,1,1
ARMSTRONG COUNTY,011,63 Years,39,23,16,35,21,14,0,0,0,2,0,2,2,2,0
ARMSTRONG COUNTY,011,64 Years,33,20,13,31,19,12,1,1,0,1,0,1,0,0,0
ARMSTRONG COUNTY,011,65 Years,21,10,11,20,10,10,0,0,0,0,0,0,1,0,1
ARMSTRONG COUNTY,011,66 Years,22,9,13,20,9,11,0,0,0,1,0,1,1,0,1
ARMSTRONG COUNTY,011,67 Years,28,11,17,28,11,17,0,0,0,0,0,0,0,0,0
ARMSTRONG COUNTY,011,68 Years,23,11,12,22,11,11,0,0,0,1,0,1,0,0,0
ARMSTRONG COUNTY,011,69 Years,17,10,7,16,9,7,0,0,0,1,1,0,0,0,0
ARMSTRONG COUNTY,011,70 Years,26,12,14,26,12,14,0,0,0,0,0,0,0,0,0
ARMSTRONG COUNTY,011,71 Years,23,11,12,23,11,12,0,0,0,0,0,0,0,0,0
ARMSTRONG COUNTY,011,72 Years,21,12,9,21,12,9,0,0,0,0,0,0,0,0,0
ARMSTRONG COUNTY,011,73 Years,16,9,7,16,9,7,0,0,0,0,0,0,0,0,0
ARMSTRONG COUNTY,011,74 Years,18,8,10,18,8,10,0,0,0,0,0,0,0,0,0
ARMSTRONG COUNTY,011,75 Years,23,8,15,22,8,14,0,0,0,0,0,0,1,0,1
ARMSTRONG COUNTY,011,76 Years,24,7,17,22,7,15,0,0,0,1,0,1,1,0,1
ARMSTRONG COUNTY,011,77 Years,16,5,11,16,5,11,0,0,0,0,0,0,0,0,0
ARMSTRONG COUNTY,011,78 Years,10,5,5,10,5,5,0,0,0,0,0,0,0,0,0
ARMSTRONG COUNTY,011,79 Years,14,8,6,14,8,6,0,0,0,0,0,0,0,0,0
ARMSTRONG COUNTY,011,80 Years,13,6,7,13,6,7,0,0,0,0,0,0,0,0,0
ARMSTRONG COUNTY,011,81 Years,10,4,6,10,4,6,0,0,0,0,0,0,0,0,0
ARMSTRONG COUNTY,011,82 Years,11,4,7,11,4,7,0,0,0,0,0,0,0,0,0
ARMSTRONG COUNTY,011,83 Years,10,5,5,10,5,5,0,0,0,0,0,0,0,0,0
ARMSTRONG COUNTY,011,84 Years,9,4,5,9,4,5,0,0,0,0,0,0,0,0,0
ARMSTRONG COUNTY,011,85 Years +,56,22,34,54,21,33,0,0,0,1,0,1,1,1,0
ATASCOSA COUNTY,013,All Ages,46363,22851,23512,16646,8081,8565,268,148,120,592,289,303,28857,14333,14524
ATASCOSA COUNTY,013,< 1 Year,664,341,323,179,94,85,3,2,1,5,3,2,477,242,235
ATASCOSA COUNTY,013,1 Years,672,341,331,179,87,92,1,0,1,6,3,3,486,251,235
ATASCOSA COUNTY,013,2 Years,646,333,313,168,82,86,1,1,0,6,2,4,471,248,223
ATASCOSA COUNTY,013,3 Years,668,338,330,174,90,84,2,1,1,6,3,3,486,244,242
ATASCOSA COUNTY,013,4 Years,683,344,339,162,79,83,3,2,1,11,7,4,507,256,251
ATASCOSA COUNTY,013,5 Years,709,366,343,179,98,81,4,3,1,9,7,2,517,258,259
ATASCOSA COUNTY,013,6 Years,737,378,359,184,80,104,5,1,4,9,6,3,539,291,248
ATASCOSA COUNTY,013,7 Years,707,366,341,187,96,91,7,2,5,6,3,3,507,265,242
ATASCOSA COUNTY,013,8 Years,687,350,337,194,103,91,6,1,5,6,3,3,481,243,238
ATASCOSA COUNTY,013,9 Years,750,377,373,197,101,96,6,1,5,7,3,4,540,272,268
ATASCOSA COUNTY,013,10 Years,765,398,367,204,101,103,6,4,2,7,3,4,548,290,258
ATASCOSA COUNTY,013,11 Years,753,379,374,180,93,87,4,1,3,6,4,2,563,281,282
ATASCOSA COUNTY,013,12 Years,761,379,382,192,105,87,6,5,1,4,2,2,559,267,292
ATASCOSA COUNTY,013,13 Years,820,409,411,229,112,117,7,6,1,6,2,4,578,289,289
ATASCOSA COUNTY,013,14 Years,802,405,397,216,106,110,4,3,1,9,3,6,573,293,280
ATASCOSA COUNTY,013,15 Years,792,395,397,209,100,109,7,3,4,6,3,3,570,289,281
ATASCOSA COUNTY,013,16 Years,759,385,374,198,98,100,7,3,4,9,6,3,545,278,267
ATASCOSA COUNTY,013,17 Years,740,367,373,200,100,100,5,3,2,16,9,7,519,255,264
ATASCOSA COUNTY,013,18 Years,711,360,351,177,88,89,8,3,5,10,4,6,516,265,251
ATASCOSA COUNTY,013,19 Years,680,356,324,178,89,89,4,2,2,6,3,3,492,262,230
ATASCOSA COUNTY,013,20 Years,607,320,287,149,79,70,2,0,2,6,1,5,450,240,210
ATASCOSA COUNTY,013,21 Years,559,288,271,157,86,71,1,0,1,5,3,2,396,199,197
ATASCOSA COUNTY,013,22 Years,530,274,256,153,80,73,2,0,2,6,4,2,369,190,179
ATASCOSA COUNTY,013,23 Years,498,244,254,137,67,70,5,3,2,5,3,2,351,171,180
ATASCOSA COUNTY,013,24 Years,505,250,255,127,57,70,4,3,1,5,3,2,369,187,182
ATASCOSA COUNTY,013,25 Years,509,236,273,149,65,84,4,3,1,7,6,1,349,162,187
ATASCOSA COUNTY,013,26 Years,513,256,257,152,70,82,5,4,1,11,6,5,345,176,169
ATASCOSA COUNTY,013,27 Years,476,231,245,151,73,78,6,3,3,6,3,3,313,152,161
ATASCOSA COUNTY,013,28 Years,473,223,250,155,77,78,3,1,2,8,5,3,307,140,167
ATASCOSA COUNTY,013,29 Years,504,248,256,161,82,79,2,2,0,10,6,4,331,158,173
ATASCOSA COUNTY,013,30 Years,555,275,280,196,103,93,3,1,2,10,5,5,346,166,180
ATASCOSA COUNTY,013,31 Years,579,290,289,205,105,100,2,1,1,6,4,2,366,180,186
ATASCOSA COUNTY,013,32 Years,547,256,291,191,93,98,0,0,0,6,2,4,350,161,189
ATASCOSA COUNTY,013,33 Years,520,247,273,188,94,94,1,1,0,4,1,3,327,151,176
ATASCOSA COUNTY,013,34 Years,525,260,265,199,93,106,5,2,3,5,4,1,316,161,155
ATASCOSA COUNTY,013,35 Years,523,265,258,180,94,86,3,2,1,3,2,1,337,167,170
ATASCOSA COUNTY,013,36 Years,538,264,274,182,91,91,1,1,0,6,4,2,349,168,181
ATASCOSA COUNTY,013,37 Years,521,252,269,188,95,93,1,0,1,6,4,2,326,153,173
ATASCOSA COUNTY,013,38 Years,565,251,314,187,88,99,3,1,2,9,4,5,366,158,208
ATASCOSA COUNTY,013,39 Years,612,291,321,218,115,103,3,1,2,11,6,5,380,169,211
ATASCOSA COUNTY,013,40 Years,609,314,295,224,122,102,3,0,3,8,4,4,374,188,186
ATASCOSA COUNTY,013,41 Years,649,331,318,224,119,105,3,3,0,11,2,9,411,207,204
ATASCOSA COUNTY,013,42 Years,593,301,292,223,109,114,4,3,1,7,2,5,359,187,172
ATASCOSA COUNTY,013,43 Years,554,279,275,195,93,102,4,3,1,8,2,6,347,181,166
ATASCOSA COUNTY,013,44 Years,566,296,270,204,110,94,2,2,0,10,5,5,350,179,171
ATASCOSA COUNTY,013,45 Years,582,296,286,217,106,111,4,2,2,5,4,1,356,184,172
ATASCOSA COUNTY,013,46 Years,594,297,297,210,109,101,3,2,1,12,7,5,369,179,190
ATASCOSA COUNTY,013,47 Years,645,298,347,226,105,121,3,2,1,11,4,7,405,187,218
ATASCOSA COUNTY,013,48 Years,688,335,353,262,127,135,3,2,1,8,4,4,415,202,213
ATASCOSA COUNTY,013,49 Years,649,310,339,257,121,136,3,1,2,11,6,5,378,182,196
ATASCOSA COUNTY,013,50 Years,673,332,341,249,116,133,3,1,2,18,8,10,403,207,196
ATASCOSA COUNTY,013,51 Years,630,306,324,227,101,126,5,4,1,13,4,9,385,197,188
ATASCOSA COUNTY,013,52 Years,662,305,357,279,120,159,4,4,0,7,4,3,372,177,195
ATASCOSA COUNTY,013,53 Years,628,316,312,272,132,140,5,4,1,8,3,5,343,177,166
ATASCOSA COUNTY,013,54 Years,613,310,303,269,130,139,4,2,2,11,6,5,329,172,157
ATASCOSA COUNTY,013,55 Years,601,280,321,250,108,142,3,1,2,13,6,7,335,165,170
ATASCOSA COUNTY,013,56 Years,620,304,316,270,123,147,4,2,2,11,6,5,335,173,162
ATASCOSA COUNTY,013,57 Years,604,306,298,276,131,145,4,3,1,9,5,4,315,167,148
ATASCOSA COUNTY,013,58 Years,625,305,320,290,132,158,2,2,0,8,7,1,325,164,161
ATASCOSA COUNTY,013,59 Years,577,276,301,267,122,145,3,2,1,7,4,3,300,148,152
ATASCOSA COUNTY,013,60 Years,543,278,265,258,129,129,2,1,1,9,5,4,274,143,131
ATASCOSA COUNTY,013,61 Years,551,266,285,264,127,137,2,1,1,9,7,2,276,131,145
ATASCOSA COUNTY,013,62 Years,551,263,288,254,124,130,5,3,2,9,4,5,283,132,151
ATASCOSA COUNTY,013,63 Years,510,265,245,242,130,112,3,1,2,10,4,6,255,130,125
ATASCOSA COUNTY,013,64 Years,515,253,262,259,129,130,1,1,0,4,1,3,251,122,129
ATASCOSA COUNTY,013,65 Years,505,239,266,238,115,123,4,3,1,3,0,3,260,121,139
ATASCOSA COUNTY,013,66 Years,453,217,236,209,101,108,1,1,0,4,1,3,239,114,125
ATASCOSA COUNTY,013,67 Years,416,209,207,211,105,106,2,2,0,6,1,5,197,101,96
ATASCOSA COUNTY,013,68 Years,394,188,206,209,95,114,3,2,1,8,1,7,174,90,84
ATASCOSA COUNTY,013,69 Years,357,170,187,184,90,94,1,1,0,5,1,4,167,78,89
ATASCOSA COUNTY,013,70 Years,332,163,169,176,88,88,1,0,1,6,3,3,149,72,77
ATASCOSA COUNTY,013,71 Years,330,160,170,173,91,82,1,0,1,4,1,3,152,68,84
ATASCOSA COUNTY,013,72 Years,285,134,151,143,69,74,2,1,1,5,3,2,135,61,74
ATASCOSA COUNTY,013,73 Years,272,125,147,137,65,72,2,2,0,6,2,4,127,56,71
ATASCOSA COUNTY,013,74 Years,257,118,139,127,57,70,3,1,2,4,1,3,123,59,64
ATASCOSA COUNTY,013,75 Years,238,119,119,132,65,67,2,0,2,4,2,2,100,52,48
ATASCOSA COUNTY,013,76 Years,259,133,126,136,70,66,1,1,0,2,1,1,120,61,59
ATASCOSA COUNTY,013,77 Years,220,116,104,120,65,55,1,0,1,2,1,1,97,50,47
ATASCOSA COUNTY,013,78 Years,208,99,109,120,60,60,3,3,0,2,0,2,83,36,47
ATASCOSA COUNTY,013,79 Years,188,87,101,108,49,59,1,1,0,0,0,0,79,37,42
ATASCOSA COUNTY,013,80 Years,172,72,100,90,38,52,0,0,0,1,0,1,81,34,47
ATASCOSA COUNTY,013,81 Years,172,73,99,92,38,54,0,0,0,1,0,1,79,35,44
ATASCOSA COUNTY,013,82 Years,160,75,85,94,44,50,1,0,1,0,0,0,65,31,34
ATASCOSA COUNTY,013,83 Years,140,58,82,89,34,55,0,0,0,1,0,1,50,24,26
ATASCOSA COUNTY,013,84 Years,117,42,75,61,22,39,0,0,0,1,1,0,55,19,36
ATASCOSA COUNTY,013,85 Years +,691,244,447,418,136,282,5,2,3,5,1,4,263,105,158
AUSTIN COUNTY,015,All Ages,28673,14223,14450,18559,9085,9474,2659,1312,1347,509,237,272,6946,3589,3357
AUSTIN COUNTY,015,< 1 Year,352,180,172,177,92,85,32,16,16,6,3,3,137,69,68
AUSTIN COUNTY,015,1 Years,370,176,194,166,77,89,33,16,17,10,3,7,161,80,81
AUSTIN COUNTY,015,2 Years,355,177,178,174,92,82,32,18,14,6,3,3,143,64,79
AUSTIN COUNTY,015,3 Years,369,190,179,179,92,87,36,21,15,11,7,4,143,70,73
AUSTIN COUNTY,015,4 Years,372,183,189,170,90,80,33,15,18,14,6,8,155,72,83
AUSTIN COUNTY,015,5 Years,370,193,177,164,91,73,39,21,18,15,6,9,152,75,77
AUSTIN COUNTY,015,6 Years,354,191,163,168,99,69,36,19,17,10,4,6,140,69,71
AUSTIN COUNTY,015,7 Years,356,198,158,188,109,79,19,11,8,13,7,6,136,71,65
AUSTIN COUNTY,015,8 Years,410,224,186,210,115,95,38,19,19,14,7,7,148,83,65
AUSTIN COUNTY,015,9 Years,400,224,176,199,115,84,49,26,23,9,4,5,143,79,64
AUSTIN COUNTY,015,10 Years,392,201,191,206,109,97,36,20,16,7,4,3,143,68,75
AUSTIN COUNTY,015,11 Years,411,203,208,204,102,102,43,23,20,11,8,3,153,70,83
AUSTIN COUNTY,015,12 Years,444,215,229,228,102,126,50,27,23,11,7,4,155,79,76
AUSTIN COUNTY,015,13 Years,430,210,220,235,116,119,49,24,25,7,2,5,139,68,71
AUSTIN COUNTY,015,14 Years,385,197,188,215,110,105,40,23,17,10,4,6,120,60,60
AUSTIN COUNTY,015,15 Years,418,220,198,236,123,113,46,25,21,10,5,5,126,67,59
AUSTIN COUNTY,015,16 Years,443,224,219,247,124,123,46,23,23,6,3,3,144,74,70
AUSTIN COUNTY,015,17 Years,446,224,222,237,121,116,57,29,28,13,5,8,139,69,70
AUSTIN COUNTY,015,18 Years,424,222,202,228,124,104,51,23,28,11,6,5,134,69,65
AUSTIN COUNTY,015,19 Years,359,195,164,190,100,90,46,23,23,9,7,2,114,65,49
AUSTIN COUNTY,015,20 Years,316,162,154,161,80,81,33,15,18,5,3,2,117,64,53
AUSTIN COUNTY,015,21 Years,289,138,151,140,68,72,35,16,19,3,0,3,111,54,57
AUSTIN COUNTY,015,22 Years,288,136,152,147,64,83,33,17,16,4,1,3,104,54,50
AUSTIN COUNTY,015,23 Years,281,148,133,144,75,69,30,16,14,2,1,1,105,56,49
AUSTIN COUNTY,015,24 Years,273,140,133,149,78,71,26,11,15,7,4,3,91,47,44
AUSTIN COUNTY,015,25 Years,280,141,139,155,78,77,27,14,13,4,3,1,94,46,48
AUSTIN COUNTY,015,26 Years,298,154,144,140,69,71,34,18,16,6,1,5,118,66,52
AUSTIN COUNTY,015,27 Years,251,136,115,123,63,60,27,14,13,4,1,3,97,58,39
AUSTIN COUNTY,015,28 Years,297,155,142,148,66,82,35,20,15,4,3,1,110,66,44
AUSTIN COUNTY,015,29 Years,308,158,150,159,78,81,29,18,11,5,3,2,115,59,56
AUSTIN COUNTY,015,30 Years,311,161,150,174,86,88,30,18,12,6,3,3,101,54,47
AUSTIN COUNTY,015,31 Years,319,154,165,183,85,98,31,18,13,5,0,5,100,51,49
AUSTIN COUNTY,015,32 Years,333,157,176,185,92,93,37,14,23,5,3,2,106,48,58
AUSTIN COUNTY,015,33 Years,323,161,162,196,102,94,27,11,16,4,2,2,96,46,50
AUSTIN COUNTY,015,34 Years,325,169,156,198,98,100,26,14,12,5,3,2,96,54,42
AUSTIN COUNTY,015,35 Years,303,156,147,181,92,89,25,12,13,2,1,1,95,51,44
AUSTIN COUNTY,015,36 Years,337,167,170,188,89,99,31,18,13,6,1,5,112,59,53
AUSTIN COUNTY,015,37 Years,337,177,160,174,89,85,30,14,16,5,1,4,128,73,55
AUSTIN COUNTY,015,38 Years,319,165,154,173,85,88,23,11,12,5,3,2,118,66,52
AUSTIN COUNTY,015,39 Years,335,154,181,193,83,110,35,17,18,7,2,5,100,52,48
AUSTIN COUNTY,015,40 Years,359,165,194,218,93,125,34,13,21,5,2,3,102,57,45
AUSTIN COUNTY,015,41 Years,359,175,184,223,109,114,33,15,18,4,0,4,99,51,48
AUSTIN COUNTY,015,42 Years,340,166,174,229,113,116,33,15,18,3,0,3,75,38,37
AUSTIN COUNTY,015,43 Years,343,177,166,217,107,110,37,22,15,4,2,2,85,46,39
AUSTIN COUNTY,015,44 Years,351,192,159,216,116,100,36,19,17,8,4,4,91,53,38
AUSTIN COUNTY,015,45 Years,388,207,181,245,132,113,44,21,23,11,5,6,88,49,39
AUSTIN COUNTY,015,46 Years,391,191,200,251,120,131,46,21,25,10,4,6,84,46,38
AUSTIN COUNTY,015,47 Years,398,193,205,261,118,143,40,22,18,9,4,5,88,49,39
AUSTIN COUNTY,015,48 Years,418,199,219,291,134,157,39,16,23,7,5,2,81,44,37
AUSTIN COUNTY,015,49 Years,431,201,230,307,142,165,43,15,28,5,5,0,76,39,37
AUSTIN COUNTY,015,50 Years,445,206,239,301,132,169,50,25,25,12,10,2,82,39,43
AUSTIN COUNTY,015,51 Years,450,217,233,330,150,180,40,22,18,10,5,5,70,40,30
AUSTIN COUNTY,015,52 Years,449,235,214,332,173,159,43,25,18,9,4,5,65,33,32
AUSTIN COUNTY,015,53 Years,467,248,219,332,175,157,47,26,21,8,4,4,80,43,37
AUSTIN COUNTY,015,54 Years,475,251,224,355,185,170,36,21,15,15,7,8,69,38,31
AUSTIN COUNTY,015,55 Years,481,230,251,368,173,195,40,23,17,10,3,7,63,31,32
AUSTIN COUNTY,015,56 Years,428,214,214,322,157,165,34,20,14,5,1,4,67,36,31
AUSTIN COUNTY,015,57 Years,455,218,237,356,168,188,38,17,21,7,3,4,54,30,24
AUSTIN COUNTY,015,58 Years,436,234,202,345,184,161,35,17,18,7,4,3,49,29,20
AUSTIN COUNTY,015,59 Years,422,220,202,338,177,161,35,18,17,6,2,4,43,23,20
AUSTIN COUNTY,015,60 Years,367,183,184,293,147,146,25,11,14,3,2,1,46,23,23
AUSTIN COUNTY,015,61 Years,337,173,164,276,143,133,22,13,9,2,0,2,37,17,20
AUSTIN COUNTY,015,62 Years,356,182,174,289,150,139,27,13,14,5,2,3,35,17,18
AUSTIN COUNTY,015,63 Years,381,186,195,314,152,162,30,15,15,3,2,1,34,17,17
AUSTIN COUNTY,015,64 Years,379,180,199,320,151,169,23,12,11,2,1,1,34,16,18
AUSTIN COUNTY,015,65 Years,317,141,176,259,117,142,25,9,16,2,0,2,31,15,16
AUSTIN COUNTY,015,66 Years,312,160,152,260,135,125,22,10,12,4,2,2,26,13,13
AUSTIN COUNTY,015,67 Years,313,156,157,263,131,132,23,12,11,2,2,0,25,11,14
AUSTIN COUNTY,015,68 Years,325,157,168,275,133,142,21,10,11,3,2,1,26,12,14
AUSTIN COUNTY,015,69 Years,301,151,150,262,134,128,20,8,12,1,1,0,18,8,10
AUSTIN COUNTY,015,70 Years,253,123,130,224,113,111,15,6,9,2,1,1,12,3,9
AUSTIN COUNTY,015,71 Years,219,108,111,178,90,88,17,7,10,2,1,1,22,10,12
AUSTIN COUNTY,015,72 Years,193,90,103,159,73,86,14,7,7,5,1,4,15,9,6
AUSTIN COUNTY,015,73 Years,198,86,112,171,75,96,15,6,9,3,1,2,9,4,5
AUSTIN COUNTY,015,74 Years,184,80,104,156,73,83,14,3,11,2,0,2,12,4,8
AUSTIN COUNTY,015,75 Years,160,80,80,138,71,67,9,3,6,1,0,1,12,6,6
AUSTIN COUNTY,015,76 Years,169,82,87,147,72,75,7,2,5,2,0,2,13,8,5
AUSTIN COUNTY,015,77 Years,157,66,91,128,51,77,15,7,8,2,1,1,12,7,5
AUSTIN COUNTY,015,78 Years,133,60,73,107,52,55,14,3,11,2,1,1,10,4,6
AUSTIN COUNTY,015,79 Years,143,69,74,125,64,61,6,1,5,1,0,1,11,4,7
AUSTIN COUNTY,015,80 Years,143,65,78,122,58,64,9,2,7,1,0,1,11,5,6
AUSTIN COUNTY,015,81 Years,142,60,82,122,51,71,10,5,5,2,2,0,8,2,6
AUSTIN COUNTY,015,82 Years,126,51,75,108,43,65,11,5,6,1,1,0,6,2,4
AUSTIN COUNTY,015,83 Years,107,45,62,93,36,57,9,5,4,0,0,0,5,4,1
AUSTIN COUNTY,015,84 Years,97,37,60,83,31,52,10,5,5,1,0,1,3,1,2
AUSTIN COUNTY,015,85 Years +,592,177,415,518,158,360,48,11,37,3,0,3,23,8,15
BAILEY COUNTY,017,All Ages,7264,3674,3590,2714,1311,1403,72,43,29,73,36,37,4405,2284,2121
BAILEY COUNTY,017,< 1 Year,118,61,57,30,16,14,1,0,1,2,1,1,85,44,41
BAILEY COUNTY,017,1 Years,141,77,64,32,17,15,0,0,0,2,1,1,107,59,48
BAILEY COUNTY,017,2 Years,139,72,67,27,12,15,0,0,0,2,1,1,110,59,51
BAILEY COUNTY,017,3 Years,126,62,64,22,10,12,1,0,1,0,0,0,103,52,51
BAILEY COUNTY,017,4 Years,140,75,65,32,15,17,0,0,0,1,1,0,107,59,48
BAILEY COUNTY,017,5 Years,145,71,74,34,11,23,0,0,0,1,1,0,110,59,51
BAILEY COUNTY,017,6 Years,135,65,70,35,11,24,1,0,1,4,3,1,95,51,44
BAILEY COUNTY,017,7 Years,121,56,65,27,10,17,0,0,0,2,1,1,92,45,47
BAILEY COUNTY,017,8 Years,122,64,58,26,13,13,1,1,0,0,0,0,95,50,45
BAILEY COUNTY,017,9 Years,132,70,62,30,18,12,1,1,0,0,0,0,101,51,50
BAILEY COUNTY,017,10 Years,137,67,70,36,17,19,0,0,0,1,1,0,100,49,51
BAILEY COUNTY,017,11 Years,117,63,54,20,12,8,0,0,0,0,0,0,97,51,46
BAILEY COUNTY,017,12 Years,109,62,47,28,18,10,0,0,0,2,2,0,79,42,37
BAILEY COUNTY,017,13 Years,112,60,52,25,13,12,0,0,0,2,1,1,85,46,39
BAILEY COUNTY,017,14 Years,104,53,51,22,13,9,0,0,0,1,0,1,81,40,41
BAILEY COUNTY,017,15 Years,120,58,62,30,16,14,1,1,0,1,0,1,88,41,47
BAILEY COUNTY,017,16 Years,117,60,57,28,12,16,1,1,0,1,0,1,87,47,40
BAILEY COUNTY,017,17 Years,113,63,50,25,13,12,0,0,0,1,0,1,87,50,37
BAILEY COUNTY,017,18 Years,107,55,52,21,11,10,1,0,1,1,0,1,84,44,40
BAILEY COUNTY,017,19 Years,107,61,46,26,13,13,5,3,2,0,0,0,76,45,31
BAILEY COUNTY,017,20 Years,91,47,44,17,11,6,2,1,1,1,0,1,71,35,36
BAILEY COUNTY,017,21 Years,89,45,44,14,7,7,1,0,1,0,0,0,74,38,36
BAILEY COUNTY,017,22 Years,84,39,45,17,7,10,1,0,1,0,0,0,66,32,34
BAILEY COUNTY,017,23 Years,92,46,46,18,10,8,1,0,1,0,0,0,73,36,37
BAILEY COUNTY,017,24 Years,100,49,51,27,12,15,3,2,1,2,0,2,68,35,33
BAILEY COUNTY,017,25 Years,92,43,49,25,9,16,2,1,1,1,0,1,64,33,31
BAILEY COUNTY,017,26 Years,107,50,57,34,13,21,0,0,0,2,1,1,71,36,35
BAILEY COUNTY,017,27 Years,105,55,50,32,16,16,1,1,0,2,1,1,70,37,33
BAILEY COUNTY,017,28 Years,87,47,40,26,12,14,1,1,0,2,1,1,58,33,25
BAILEY COUNTY,017,29 Years,91,48,43,32,19,13,1,1,0,2,1,1,56,27,29
BAILEY COUNTY,017,30 Years,90,43,47,29,16,13,0,0,0,1,0,1,60,27,33
BAILEY COUNTY,017,31 Years,86,45,41,26,16,10,1,0,1,0,0,0,59,29,30
BAILEY COUNTY,017,32 Years,96,53,43,34,19,15,1,0,1,0,0,0,61,34,27
BAILEY COUNTY,017,33 Years,92,50,42,27,16,11,2,2,0,1,1,0,62,31,31
BAILEY COUNTY,017,34 Years,77,41,36,20,11,9,1,1,0,0,0,0,56,29,27
BAILEY COUNTY,017,35 Years,85,44,41,25,12,13,1,1,0,0,0,0,59,31,28
BAILEY COUNTY,017,36 Years,80,40,40,21,8,13,2,2,0,0,0,0,57,30,27
BAILEY COUNTY,017,37 Years,93,47,46,32,16,16,0,0,0,2,1,1,59,30,29
BAILEY COUNTY,017,38 Years,79,43,36,27,17,10,0,0,0,1,1,0,51,25,26
BAILEY COUNTY,017,39 Years,77,40,37,19,11,8,1,1,0,1,0,1,56,28,28
BAILEY COUNTY,017,40 Years,73,35,38,18,8,10,0,0,0,2,1,1,53,26,27
BAILEY COUNTY,017,41 Years,75,36,39,21,10,11,1,0,1,2,0,2,51,26,25
BAILEY COUNTY,017,42 Years,82,40,42,27,14,13,2,0,2,2,1,1,51,25,26
BAILEY COUNTY,017,43 Years,77,38,39,23,10,13,1,0,1,2,2,0,51,26,25
BAILEY COUNTY,017,44 Years,80,42,38,29,14,15,0,0,0,2,2,0,49,26,23
BAILEY COUNTY,017,45 Years,85,48,37,29,16,13,1,1,0,0,0,0,55,31,24
BAILEY COUNTY,017,46 Years,75,36,39,26,12,14,0,0,0,1,0,1,48,24,24
BAILEY COUNTY,017,47 Years,76,33,43,22,8,14,0,0,0,1,1,0,53,24,29
BAILEY COUNTY,017,48 Years,84,43,41,36,15,21,1,1,0,1,0,1,46,27,19
BAILEY COUNTY,017,49 Years,90,46,44,41,19,22,1,1,0,0,0,0,48,26,22
BAILEY COUNTY,017,50 Years,87,50,37,31,17,14,0,0,0,1,1,0,55,32,23
BAILEY COUNTY,017,51 Years,85,46,39,36,22,14,0,0,0,0,0,0,49,24,25
BAILEY COUNTY,017,52 Years,81,38,43,45,20,25,1,1,0,1,0,1,34,17,17
BAILEY COUNTY,017,53 Years,79,44,35,40,22,18,0,0,0,1,0,1,38,22,16
BAILEY COUNTY,017,54 Years,99,52,47,52,24,28,3,3,0,1,1,0,43,24,19
BAILEY COUNTY,017,55 Years,94,47,47,51,23,28,3,2,1,0,0,0,40,22,18
BAILEY COUNTY,017,56 Years,79,44,35,44,26,18,1,1,0,0,0,0,34,17,17
BAILEY COUNTY,017,57 Years,88,47,41,49,26,23,1,1,0,0,0,0,38,20,18
BAILEY COUNTY,017,58 Years,91,44,47,53,25,28,1,1,0,1,0,1,36,18,18
BAILEY COUNTY,017,59 Years,78,37,41,47,21,26,1,1,0,1,0,1,29,15,14
BAILEY COUNTY,017,60 Years,70,37,33,41,19,22,0,0,0,2,1,1,27,17,10
BAILEY COUNTY,017,61 Years,66,39,27,40,22,18,1,1,0,0,0,0,25,16,9
BAILEY COUNTY,017,62 Years,65,30,35,45,19,26,0,0,0,0,0,0,20,11,9
BAILEY COUNTY,017,63 Years,69,30,39,45,19,26,0,0,0,0,0,0,24,11,13
BAILEY COUNTY,017,64 Years,57,28,29,35,17,18,1,1,0,1,1,0,20,9,11
BAILEY COUNTY,017,65 Years,51,26,25,33,18,15,1,1,0,1,0,1,16,7,9
BAILEY COUNTY,017,66 Years,54,35,19,35,24,11,1,1,0,1,0,1,17,10,7
BAILEY COUNTY,017,67 Years,61,30,31,42,20,22,1,0,1,2,2,0,16,8,8
BAILEY COUNTY,017,68 Years,65,27,38,45,19,26,0,0,0,1,1,0,19,7,12
BAILEY COUNTY,017,69 Years,54,23,31,38,17,21,0,0,0,0,0,0,16,6,10
BAILEY COUNTY,017,70 Years,64,37,27,46,29,17,0,0,0,1,0,1,17,8,9
BAILEY COUNTY,017,71 Years,47,24,23,35,18,17,0,0,0,0,0,0,12,6,6
BAILEY COUNTY,017,72 Years,46,24,22,28,17,11,0,0,0,0,0,0,18,7,11
BAILEY COUNTY,017,73 Years,40,19,21,26,12,14,0,0,0,1,1,0,13,6,7
BAILEY COUNTY,017,74 Years,47,22,25,35,15,20,0,0,0,0,0,0,12,7,5
BAILEY COUNTY,017,75 Years,54,22,32,41,14,27,1,0,1,0,0,0,12,8,4
BAILEY COUNTY,017,76 Years,46,19,27,35,16,19,1,0,1,0,0,0,10,3,7
BAILEY COUNTY,017,77 Years,44,23,21,31,16,15,1,0,1,1,0,1,11,7,4
BAILEY COUNTY,017,78 Years,40,17,23,29,11,18,0,0,0,0,0,0,11,6,5
BAILEY COUNTY,017,79 Years,44,19,25,29,10,19,1,1,0,0,0,0,14,8,6
BAILEY COUNTY,017,80 Years,33,16,17,26,12,14,1,1,0,0,0,0,6,3,3
BAILEY COUNTY,017,81 Years,28,11,17,20,9,11,2,0,2,0,0,0,6,2,4
BAILEY COUNTY,017,82 Years,29,15,14,21,11,10,2,1,1,0,0,0,6,3,3
BAILEY COUNTY,017,83 Years,31,16,15,23,11,12,1,1,0,0,0,0,7,4,3
BAILEY COUNTY,017,84 Years,20,9,11,13,6,7,0,0,0,0,0,0,7,3,4
BAILEY COUNTY,017,85 Years +,126,40,86,99,29,70,4,1,3,1,1,0,22,9,13
BANDERA COUNTY,019,All Ages,20676,10259,10417,16657,8228,8429,90,50,40,403,186,217,3526,1795,1731
BANDERA COUNTY,019,< 1 Year,165,85,80,122,62,60,0,0,0,4,2,2,39,21,18
BANDERA COUNTY,019,1 Years,167,91,76,116,63,53,1,0,1,6,3,3,44,25,19
BANDERA COUNTY,019,2 Years,181,94,87,134,67,67,1,0,1,3,1,2,43,26,17
BANDERA COUNTY,019,3 Years,184,88,96,128,58,70,3,2,1,5,1,4,48,27,21
BANDERA COUNTY,019,4 Years,192,96,96,128,63,65,1,1,0,6,3,3,57,29,28
BANDERA COUNTY,019,5 Years,191,95,96,131,67,64,1,0,1,4,2,2,55,26,29
BANDERA COUNTY,019,6 Years,192,93,99,126,63,63,1,0,1,5,4,1,60,26,34
BANDERA COUNTY,019,7 Years,191,96,95,125,62,63,0,0,0,4,2,2,62,32,30
BANDERA COUNTY,019,8 Years,224,108,116,143,70,73,3,1,2,6,1,5,72,36,36
BANDERA COUNTY,019,9 Years,218,103,115,149,69,80,3,1,2,3,1,2,63,32,31
BANDERA COUNTY,019,10 Years,226,120,106,151,80,71,2,1,1,3,1,2,70,38,32
BANDERA COUNTY,019,11 Years,219,103,116,151,72,79,4,1,3,3,1,2,61,29,32
BANDERA COUNTY,019,12 Years,243,129,114,180,97,83,4,2,2,3,2,1,56,28,28
BANDERA COUNTY,019,13 Years,253,125,128,188,92,96,3,2,1,6,2,4,56,29,27
BANDERA COUNTY,019,14 Years,259,136,123,186,101,85,2,1,1,8,3,5,63,31,32
BANDERA COUNTY,019,15 Years,271,143,128,191,99,92,2,2,0,8,2,6,70,40,30
BANDERA COUNTY,019,16 Years,280,140,140,198,96,102,2,1,1,5,2,3,75,41,34
BANDERA COUNTY,019,17 Years,287,140,147,209,100,109,1,1,0,7,3,4,70,36,34
BANDERA COUNTY,019,18 Years,263,138,125,197,101,96,2,1,1,4,3,1,60,33,27
BANDERA COUNTY,019,19 Years,218,125,93,151,86,65,0,0,0,3,2,1,64,37,27
BANDERA COUNTY,019,20 Years,161,80,81,119,60,59,0,0,0,1,0,1,41,20,21
BANDERA COUNTY,019,21 Years,152,76,76,117,58,59,1,0,1,2,2,0,32,16,16
BANDERA COUNTY,019,22 Years,150,78,72,101,51,50,0,0,0,8,5,3,41,22,19
BANDERA COUNTY,019,23 Years,144,66,78,102,45,57,0,0,0,6,2,4,36,19,17
BANDERA COUNTY,019,24 Years,151,77,74,103,57,46,1,0,1,3,1,2,44,19,25
BANDERA COUNTY,019,25 Years,139,72,67,96,51,45,1,1,0,3,2,1,39,18,21
BANDERA COUNTY,019,26 Years,151,75,76,104,52,52,0,0,0,4,3,1,43,20,23
BANDERA COUNTY,019,27 Years,136,71,65,102,53,49,0,0,0,5,3,2,29,15,14
BANDERA COUNTY,019,28 Years,146,84,62,106,59,47,0,0,0,2,2,0,38,23,15
BANDERA COUNTY,019,29 Years,136,73,63,106,58,48,0,0,0,6,3,3,24,12,12
BANDERA COUNTY,019,30 Years,164,82,82,128,61,67,0,0,0,5,2,3,31,19,12
BANDERA COUNTY,019,31 Years,162,74,88,124,53,71,1,1,0,3,1,2,34,19,15
BANDERA COUNTY,019,32 Years,160,81,79,126,59,67,0,0,0,1,1,0,33,21,12
BANDERA COUNTY,019,33 Years,165,91,74,129,70,59,1,1,0,2,1,1,33,19,14
BANDERA COUNTY,019,34 Years,161,92,69,128,73,55,2,2,0,1,1,0,30,16,14
BANDERA COUNTY,019,35 Years,176,91,85,136,71,65,3,3,0,1,0,1,36,17,19
BANDERA COUNTY,019,36 Years,190,83,107,139,64,75,1,1,0,3,2,1,47,16,31
BANDERA COUNTY,019,37 Years,172,78,94,128,59,69,2,0,2,3,2,1,39,17,22
BANDERA COUNTY,019,38 Years,197,91,106,147,66,81,1,0,1,9,4,5,40,21,19
BANDERA COUNTY,019,39 Years,195,103,92,143,73,70,2,2,0,5,3,2,45,25,20
BANDERA COUNTY,019,40 Years,219,113,106,162,85,77,1,1,0,7,4,3,49,23,26
BANDERA COUNTY,019,41 Years,237,111,126,185,87,98,1,1,0,5,2,3,46,21,25
BANDERA COUNTY,019,42 Years,241,115,126,192,93,99,1,1,0,2,1,1,46,20,26
BANDERA COUNTY,019,43 Years,256,123,133,201,98,103,0,0,0,6,2,4,49,23,26
BANDERA COUNTY,019,44 Years,256,121,135,209,99,110,0,0,0,5,2,3,42,20,22
BANDERA COUNTY,019,45 Years,263,128,135,215,107,108,1,0,1,8,4,4,39,17,22
BANDERA COUNTY,019,46 Years,304,147,157,244,116,128,2,2,0,7,2,5,51,27,24
BANDERA COUNTY,019,47 Years,356,181,175,293,148,145,1,1,0,5,2,3,57,30,27
BANDERA COUNTY,019,48 Years,365,179,186,296,145,151,1,1,0,4,3,1,64,30,34
BANDERA COUNTY,019,49 Years,357,171,186,291,136,155,2,1,1,7,5,2,57,29,28
BANDERA COUNTY,019,50 Years,392,177,215,320,148,172,1,0,1,9,3,6,62,26,36
BANDERA COUNTY,019,51 Years,415,186,229,340,152,188,1,1,0,11,3,8,63,30,33
BANDERA COUNTY,019,52 Years,400,185,215,345,156,189,2,1,1,4,2,2,49,26,23
BANDERA COUNTY,019,53 Years,389,205,184,329,173,156,2,1,1,7,4,3,51,27,24
BANDERA COUNTY,019,54 Years,385,185,200,326,155,171,4,3,1,8,5,3,47,22,25
BANDERA COUNTY,019,55 Years,420,198,222,359,168,191,2,1,1,5,2,3,54,27,27
BANDERA COUNTY,019,56 Years,395,195,200,339,171,168,1,0,1,5,1,4,50,23,27
BANDERA COUNTY,019,57 Years,390,184,206,338,162,176,0,0,0,8,2,6,44,20,24
BANDERA COUNTY,019,58 Years,398,194,204,347,167,180,1,0,1,4,1,3,46,26,20
BANDERA COUNTY,019,59 Years,389,199,190,336,175,161,1,0,1,9,2,7,43,22,21
BANDERA COUNTY,019,60 Years,363,185,178,320,164,156,1,0,1,9,5,4,33,16,17
BANDERA COUNTY,019,61 Years,349,163,186,308,143,165,0,0,0,4,1,3,37,19,18
BANDERA COUNTY,019,62 Years,363,183,180,319,159,160,2,2,0,9,4,5,33,18,15
BANDERA COUNTY,019,63 Years,391,200,191,336,171,165,0,0,0,7,5,2,48,24,24
BANDERA COUNTY,019,64 Years,412,204,208,350,169,181,0,0,0,7,3,4,55,32,23
BANDERA COUNTY,019,65 Years,323,156,167,272,123,149,0,0,0,12,7,5,39,26,13
BANDERA COUNTY,019,66 Years,306,158,148,273,139,134,1,1,0,8,2,6,24,16,8
BANDERA COUNTY,019,67 Years,314,150,164,279,136,143,2,1,1,4,1,3,29,12,17
BANDERA COUNTY,019,68 Years,330,160,170,293,144,149,1,1,0,7,4,3,29,11,18
BANDERA COUNTY,019,69 Years,304,149,155,276,138,138,1,1,0,4,2,2,23,8,15
BANDERA COUNTY,019,70 Years,276,140,136,253,129,124,0,0,0,5,3,2,18,8,10
BANDERA COUNTY,019,71 Years,248,133,115,218,118,100,1,0,1,3,1,2,26,14,12
BANDERA COUNTY,019,72 Years,224,118,106,199,107,92,1,0,1,3,1,2,21,10,11
BANDERA COUNTY,019,73 Years,204,100,104,182,88,94,1,1,0,4,3,1,17,8,9
BANDERA COUNTY,019,74 Years,170,79,91,151,71,80,0,0,0,4,2,2,15,6,9
BANDERA COUNTY,019,75 Years,164,79,85,142,69,73,0,0,0,3,2,1,19,8,11
BANDERA COUNTY,019,76 Years,162,87,75,143,79,64,1,0,1,1,1,0,17,7,10
BANDERA COUNTY,019,77 Years,146,75,71,127,64,63,0,0,0,1,0,1,18,11,7
BANDERA COUNTY,019,78 Years,134,73,61,117,63,54,0,0,0,1,1,0,16,9,7
BANDERA COUNTY,019,79 Years,123,63,60,107,53,54,0,0,0,2,1,1,14,9,5
BANDERA COUNTY,019,80 Years,127,66,61,114,58,56,0,0,0,2,1,1,11,7,4
BANDERA COUNTY,019,81 Years,112,59,53,100,52,48,0,0,0,1,0,1,11,7,4
BANDERA COUNTY,019,82 Years,111,62,49,100,57,43,1,0,1,2,0,2,8,5,3
BANDERA COUNTY,019,83 Years,91,42,49,84,39,45,0,0,0,2,1,1,5,2,3
BANDERA COUNTY,019,84 Years,93,44,49,86,40,46,0,0,0,1,1,0,6,3,3
BANDERA COUNTY,019,85 Years +,377,168,209,353,153,200,0,0,0,2,1,1,22,14,8
BASTROP COUNTY,021,All Ages,75906,38878,37028,42608,21272,21336,5667,3033,2634,2102,1048,1054,25529,13525,12004
BASTROP COUNTY,021,< 1 Year,985,499,486,410,208,202,55,29,26,35,17,18,485,245,240
BASTROP COUNTY,021,1 Years,915,474,441,351,184,167,60,36,24,31,14,17,473,240,233
BASTROP COUNTY,021,2 Years,978,473,505,373,179,194,64,34,30,40,19,21,501,241,260
BASTROP COUNTY,021,3 Years,1022,530,492,388,197,191,68,34,34,45,24,21,521,275,246
BASTROP COUNTY,021,4 Years,1072,571,501,379,218,161,67,32,35,49,29,20,577,292,285
BASTROP COUNTY,021,5 Years,1056,556,500,391,215,176,59,28,31,53,27,26,553,286,267
BASTROP COUNTY,021,6 Years,1081,580,501,429,232,197,59,32,27,39,18,21,554,298,256
BASTROP COUNTY,021,7 Years,1086,546,540,422,224,198,67,28,39,43,22,21,554,272,282
BASTROP COUNTY,021,8 Years,1102,552,550,434,227,207,69,26,43,50,23,27,549,276,273
BASTROP COUNTY,021,9 Years,1127,578,549,465,248,217,60,25,35,48,24,24,554,281,273
BASTROP COUNTY,021,10 Years,1148,588,560,473,248,225,64,30,34,45,20,25,566,290,276
BASTROP COUNTY,021,11 Years,1184,632,552,488,259,229,79,37,42,44,24,20,573,312,261
BASTROP COUNTY,021,12 Years,1218,640,578,520,269,251,80,39,41,39,18,21,579,314,265
BASTROP COUNTY,021,13 Years,1192,602,590,524,257,267,93,45,48,42,17,25,533,283,250
BASTROP COUNTY,021,14 Years,1165,598,567,525,267,258,105,52,53,43,21,22,492,258,234
BASTROP COUNTY,021,15 Years,1164,608,556,540,270,270,90,48,42,33,19,14,501,271,230
BASTROP COUNTY,021,16 Years,1146,592,554,538,276,262,93,50,43,41,23,18,474,243,231
BASTROP COUNTY,021,17 Years,1084,558,526,506,256,250,90,45,45,31,15,16,457,242,215
BASTROP COUNTY,021,18 Years,1074,550,524,508,263,245,74,42,32,29,17,12,463,228,235
BASTROP COUNTY,021,19 Years,1013,532,481,446,233,213,85,54,31,27,11,16,455,234,221
BASTROP COUNTY,021,20 Years,868,476,392,350,192,158,80,46,34,21,12,9,417,226,191
BASTROP COUNTY,021,21 Years,822,444,378,330,166,164,78,49,29,28,12,16,386,217,169
BASTROP COUNTY,021,22 Years,757,429,328,330,167,163,62,38,24,20,13,7,345,211,134
BASTROP COUNTY,021,23 Years,778,425,353,344,166,178,67,37,30,14,10,4,353,212,141
BASTROP COUNTY,021,24 Years,765,424,341,337,176,161,62,32,30,26,14,12,340,202,138
BASTROP COUNTY,021,25 Years,803,438,365,366,195,171,56,35,21,17,8,9,364,200,164
BASTROP COUNTY,021,26 Years,743,391,352,335,159,176,55,36,19,23,15,8,330,181,149
BASTROP COUNTY,021,27 Years,757,393,364,333,167,166,60,33,27,17,11,6,347,182,165
BASTROP COUNTY,021,28 Years,789,415,374,361,191,170,49,29,20,22,13,9,357,182,175
BASTROP COUNTY,021,29 Years,860,438,422,405,199,206,53,32,21,19,10,9,383,197,186
BASTROP COUNTY,021,30 Years,909,479,430,424,215,209,73,46,27,18,9,9,394,209,185
BASTROP COUNTY,021,31 Years,928,496,432,440,230,210,70,49,21,21,11,10,397,206,191
BASTROP COUNTY,021,32 Years,959,496,463,461,216,245,67,45,22,27,14,13,404,221,183
BASTROP COUNTY,021,33 Years,913,499,414,433,220,213,68,45,23,25,13,12,387,221,166
BASTROP COUNTY,021,34 Years,945,499,446,452,228,224,63,42,21,26,12,14,404,217,187
BASTROP COUNTY,021,35 Years,953,499,454,450,218,232,80,52,28,30,16,14,393,213,180
BASTROP COUNTY,021,36 Years,982,518,464,455,231,224,79,55,24,26,14,12,422,218,204
BASTROP COUNTY,021,37 Years,994,510,484,501,252,249,81,51,30,25,10,15,387,197,190
BASTROP COUNTY,021,38 Years,995,548,447,509,282,227,89,57,32,23,14,9,374,195,179
BASTROP COUNTY,021,39 Years,1067,577,490,546,282,264,89,57,32,25,16,9,407,222,185
BASTROP COUNTY,021,40 Years,1090,568,522,589,284,305,107,64,43,21,12,9,373,208,165
BASTROP COUNTY,021,41 Years,1110,572,538,591,284,307,101,60,41,29,14,15,389,214,175
BASTROP COUNTY,021,42 Years,1077,546,531,618,304,314,78,42,36,27,9,18,354,191,163
BASTROP COUNTY,021,43 Years,994,506,488,563,290,273,82,42,40,24,10,14,325,164,161
BASTROP COUNTY,021,44 Years,1003,505,498,571,287,284,93,48,45,29,15,14,310,155,155
BASTROP COUNTY,021,45 Years,1065,552,513,612,306,306,96,50,46,28,14,14,329,182,147
BASTROP COUNTY,021,46 Years,1195,618,577,722,363,359,112,63,49,30,17,13,331,175,156
BASTROP COUNTY,021,47 Years,1178,607,571,737,383,354,107,50,57,31,17,14,303,157,146
BASTROP COUNTY,021,48 Years,1201,640,561,760,387,373,100,59,41,29,19,10,312,175,137
BASTROP COUNTY,021,49 Years,1186,628,558,744,377,367,89,52,37,34,16,18,319,183,136
BASTROP COUNTY,021,50 Years,1208,639,569,778,403,375,99,53,46,38,17,21,293,166,127
BASTROP COUNTY,021,51 Years,1208,624,584,794,394,400,89,48,41,29,12,17,296,170,126
BASTROP COUNTY,021,52 Years,1212,613,599,820,404,416,93,51,42,32,14,18,267,144,123
BASTROP COUNTY,021,53 Years,1196,573,623,827,382,445,86,43,43,27,14,13,256,134,122
BASTROP COUNTY,021,54 Years,1187,606,581,836,418,418,83,44,39,26,11,15,242,133,109
BASTROP COUNTY,021,55 Years,1159,570,589,820,390,430,86,39,47,23,8,15,230,133,97
BASTROP COUNTY,021,56 Years,1115,556,559,809,387,422,75,40,35,24,12,12,207,117,90
BASTROP COUNTY,021,57 Years,1076,539,537,781,379,402,75,39,36,23,8,15,197,113,84
BASTROP COUNTY,021,58 Years,1062,526,536,788,376,412,80,46,34,26,12,14,168,92,76
BASTROP COUNTY,021,59 Years,1055,539,516,794,411,383,68,32,36,31,16,15,162,80,82
BASTROP COUNTY,021,60 Years,1005,511,494,753,384,369,71,32,39,25,14,11,156,81,75
BASTROP COUNTY,021,61 Years,976,520,456,729,379,350,74,45,29,31,18,13,142,78,64
BASTROP COUNTY,021,62 Years,932,465,467,711,343,368,59,34,25,23,11,12,139,77,62
BASTROP COUNTY,021,63 Years,981,476,505,760,372,388,67,30,37,19,8,11,135,66,69
BASTROP COUNTY,021,64 Years,965,483,482,745,383,362,61,27,34,24,10,14,135,63,72
BASTROP COUNTY,021,65 Years,772,402,370,578,304,274,51,23,28,14,6,8,129,69,60
BASTROP COUNTY,021,66 Years,685,350,335,510,258,252,48,25,23,14,6,8,113,61,52
BASTROP COUNTY,021,67 Years,651,324,327,512,248,264,41,20,21,14,7,7,84,49,35
BASTROP COUNTY,021,68 Years,622,298,324,510,249,261,29,11,18,12,4,8,71,34,37
BASTROP COUNTY,021,69 Years,559,276,283,432,212,220,40,17,23,7,1,6,80,46,34
BASTROP COUNTY,021,70 Years,496,245,251,387,191,196,35,19,16,8,3,5,66,32,34
BASTROP COUNTY,021,71 Years,479,229,250,370,179,191,40,22,18,9,5,4,60,23,37
BASTROP COUNTY,021,72 Years,449,220,229,335,161,174,39,22,17,8,4,4,67,33,34
BASTROP COUNTY,021,73 Years,425,208,217,334,166,168,28,13,15,9,4,5,54,25,29
BASTROP COUNTY,021,74 Years,370,182,188,298,147,151,25,9,16,6,4,2,41,22,19
BASTROP COUNTY,021,75 Years,346,160,186,274,126,148,26,10,16,10,6,4,36,18,18
BASTROP COUNTY,021,76 Years,362,161,201,281,126,155,33,12,21,6,3,3,42,20,22
BASTROP COUNTY,021,77 Years,291,137,154,227,108,119,24,13,11,3,1,2,37,15,22
BASTROP COUNTY,021,78 Years,277,131,146,223,110,113,25,10,15,3,1,2,26,10,16
BASTROP COUNTY,021,79 Years,253,115,138,199,95,104,25,9,16,4,1,3,25,10,15
BASTROP COUNTY,021,80 Years,254,122,132,191,95,96,22,11,11,6,3,3,35,13,22
BASTROP COUNTY,021,81 Years,234,108,126,185,84,101,17,7,10,3,2,1,29,15,14
BASTROP COUNTY,021,82 Years,226,100,126,172,79,93,22,9,13,5,3,2,27,9,18
BASTROP COUNTY,021,83 Years,199,83,116,165,70,95,12,4,8,3,2,1,19,7,12
BASTROP COUNTY,021,84 Years,170,60,110,141,50,91,11,2,9,3,1,2,15,7,8
BASTROP COUNTY,021,85 Years +,951,332,619,760,262,498,81,20,61,12,4,8,98,46,52
BAYLOR COUNTY,023,All Ages,3746,1817,1929,3153,1538,1615,77,40,37,52,20,32,464,219,245
BAYLOR COUNTY,023,< 1 Year,34,19,15,25,13,12,1,1,0,0,0,0,8,5,3
BAYLOR COUNTY,023,1 Years,44,25,19,36,21,15,0,0,0,2,1,1,6,3,3
BAYLOR COUNTY,023,2 Years,44,22,22,30,17,13,1,0,1,2,2,0,11,3,8
BAYLOR COUNTY,023,3 Years,34,23,11,23,15,8,1,1,0,1,1,0,9,6,3
BAYLOR COUNTY,023,4 Years,50,29,21,34,19,15,0,0,0,2,2,0,14,8,6
BAYLOR COUNTY,023,5 Years,53,34,19,37,27,10,1,1,0,2,0,2,13,6,7
BAYLOR COUNTY,023,6 Years,49,23,26,37,17,20,2,2,0,1,1,0,9,3,6
BAYLOR COUNTY,023,7 Years,41,14,27,34,13,21,0,0,0,1,0,1,6,1,5
BAYLOR COUNTY,023,8 Years,38,18,20,28,13,15,1,1,0,1,0,1,8,4,4
BAYLOR COUNTY,023,9 Years,41,22,19,31,16,15,1,1,0,1,1,0,8,4,4
BAYLOR COUNTY,023,10 Years,46,24,22,33,19,14,2,0,2,1,1,0,10,4,6
BAYLOR COUNTY,023,11 Years,46,23,23,34,18,16,1,0,1,1,1,0,10,4,6
BAYLOR COUNTY,023,12 Years,45,21,24,32,15,17,0,0,0,0,0,0,13,6,7
BAYLOR COUNTY,023,13 Years,45,21,24,32,17,15,1,0,1,1,0,1,11,4,7
BAYLOR COUNTY,023,14 Years,40,18,22,24,11,13,1,0,1,1,0,1,14,7,7
BAYLOR COUNTY,023,15 Years,35,18,17,28,15,13,1,0,1,0,0,0,6,3,3
BAYLOR COUNTY,023,16 Years,38,20,18,28,16,12,0,0,0,0,0,0,10,4,6
BAYLOR COUNTY,023,17 Years,36,20,16,30,17,13,0,0,0,0,0,0,6,3,3
BAYLOR COUNTY,023,18 Years,42,23,19,32,18,14,0,0,0,0,0,0,10,5,5
BAYLOR COUNTY,023,19 Years,44,16,28,32,13,19,1,0,1,0,0,0,11,3,8
BAYLOR COUNTY,023,20 Years,41,17,24,30,12,18,1,0,1,0,0,0,10,5,5
BAYLOR COUNTY,023,21 Years,38,18,20,30,13,17,1,0,1,0,0,0,7,5,2
BAYLOR COUNTY,023,22 Years,39,20,19,34,17,17,0,0,0,0,0,0,5,3,2
BAYLOR COUNTY,023,23 Years,33,12,21,28,11,17,0,0,0,0,0,0,5,1,4
BAYLOR COUNTY,023,24 Years,27,11,16,22,10,12,0,0,0,0,0,0,5,1,4
BAYLOR COUNTY,023,25 Years,30,15,15,25,13,12,0,0,0,0,0,0,5,2,3
BAYLOR COUNTY,023,26 Years,43,24,19,37,21,16,1,1,0,0,0,0,5,2,3
BAYLOR COUNTY,023,27 Years,40,21,19,32,17,15,0,0,0,0,0,0,8,4,4
BAYLOR COUNTY,023,28 Years,29,14,15,24,11,13,0,0,0,0,0,0,5,3,2
BAYLOR COUNTY,023,29 Years,30,14,16,27,12,15,0,0,0,0,0,0,3,2,1
BAYLOR COUNTY,023,30 Years,37,19,18,31,18,13,0,0,0,1,0,1,5,1,4
BAYLOR COUNTY,023,31 Years,40,24,16,28,17,11,0,0,0,1,1,0,11,6,5
BAYLOR COUNTY,023,32 Years,37,21,16,26,16,10,0,0,0,1,0,1,10,5,5
BAYLOR COUNTY,023,33 Years,36,20,16,33,19,14,1,0,1,0,0,0,2,1,1
BAYLOR COUNTY,023,34 Years,36,17,19,32,14,18,1,0,1,0,0,0,3,3,0
BAYLOR COUNTY,023,35 Years,34,18,16,28,14,14,0,0,0,0,0,0,6,4,2
BAYLOR COUNTY,023,36 Years,31,15,16,27,13,14,0,0,0,0,0,0,4,2,2
BAYLOR COUNTY,023,37 Years,24,11,13,21,9,12,0,0,0,0,0,0,3,2,1
BAYLOR COUNTY,023,38 Years,34,17,17,28,14,14,2,2,0,0,0,0,4,1,3
BAYLOR COUNTY,023,39 Years,33,18,15,29,15,14,2,2,0,0,0,0,2,1,1
BAYLOR COUNTY,023,40 Years,43,17,26,38,16,22,0,0,0,1,0,1,4,1,3
BAYLOR COUNTY,023,41 Years,38,18,20,33,16,17,0,0,0,0,0,0,5,2,3
BAYLOR COUNTY,023,42 Years,49,26,23,43,22,21,0,0,0,0,0,0,6,4,2
BAYLOR COUNTY,023,43 Years,41,22,19,36,19,17,1,0,1,0,0,0,4,3,1
BAYLOR COUNTY,023,44 Years,38,14,24,32,11,21,1,0,1,0,0,0,5,3,2
BAYLOR COUNTY,023,45 Years,45,16,29,37,13,24,1,0,1,1,0,1,6,3,3
BAYLOR COUNTY,023,46 Years,55,25,30,47,22,25,2,1,1,1,0,1,5,2,3
BAYLOR COUNTY,023,47 Years,59,29,30,51,25,26,3,2,1,0,0,0,5,2,3
BAYLOR COUNTY,023,48 Years,49,27,22,42,21,21,2,2,0,0,0,0,5,4,1
BAYLOR COUNTY,023,49 Years,46,27,19,41,24,17,1,1,0,0,0,0,4,2,2
BAYLOR COUNTY,023,50 Years,54,28,26,47,24,23,1,1,0,0,0,0,6,3,3
BAYLOR COUNTY,023,51 Years,61,37,24,55,34,21,2,1,1,1,1,0,3,1,2
BAYLOR COUNTY,023,52 Years,54,29,25,45,25,20,2,1,1,0,0,0,7,3,4
BAYLOR COUNTY,023,53 Years,65,29,36,55,26,29,2,0,2,2,0,2,6,3,3
BAYLOR COUNTY,023,54 Years,58,25,33,49,22,27,1,1,0,1,0,1,7,2,5
BAYLOR COUNTY,023,55 Years,64,31,33,53,27,26,1,0,1,1,1,0,9,3,6
BAYLOR COUNTY,023,56 Years,54,33,21,43,26,17,1,1,0,1,1,0,9,5,4
BAYLOR COUNTY,023,57 Years,55,28,27,47,25,22,1,1,0,2,0,2,5,2,3
BAYLOR COUNTY,023,58 Years,48,27,21,43,24,19,0,0,0,3,2,1,2,1,1
BAYLOR COUNTY,023,59 Years,52,27,25,46,24,22,1,0,1,2,2,0,3,1,2
BAYLOR COUNTY,023,60 Years,48,21,27,41,19,22,1,0,1,2,0,2,4,2,2
BAYLOR COUNTY,023,61 Years,48,24,24,41,21,20,1,1,0,2,0,2,4,2,2
BAYLOR COUNTY,023,62 Years,48,22,26,42,19,23,1,1,0,2,0,2,3,2,1
BAYLOR COUNTY,023,63 Years,41,17,24,37,15,22,1,1,0,2,0,2,1,1,0
BAYLOR COUNTY,023,64 Years,41,17,24,37,15,22,1,0,1,0,0,0,3,2,1
BAYLOR COUNTY,023,65 Years,52,25,27,47,21,26,0,0,0,1,1,0,4,3,1
BAYLOR COUNTY,023,66 Years,58,25,33,50,21,29,3,1,2,0,0,0,5,3,2
BAYLOR COUNTY,023,67 Years,44,21,23,38,18,20,3,1,2,1,1,0,2,1,1
BAYLOR COUNTY,023,68 Years,64,30,34,60,28,32,0,0,0,1,0,1,3,2,1
BAYLOR COUNTY,023,69 Years,62,31,31,58,30,28,2,1,1,0,0,0,2,0,2
BAYLOR COUNTY,023,70 Years,49,24,25,48,24,24,0,0,0,0,0,0,1,0,1
BAYLOR COUNTY,023,71 Years,47,18,29,44,17,27,2,1,1,0,0,0,1,0,1
BAYLOR COUNTY,023,72 Years,42,17,25,38,15,23,0,0,0,0,0,0,4,2,2
BAYLOR COUNTY,023,73 Years,41,23,18,37,20,17,1,1,0,0,0,0,3,2,1
BAYLOR COUNTY,023,74 Years,43,27,16,38,25,13,1,0,1,1,0,1,3,2,1
BAYLOR COUNTY,023,75 Years,37,18,19,35,17,18,1,0,1,0,0,0,1,1,0
BAYLOR COUNTY,023,76 Years,42,16,26,40,15,25,2,1,1,0,0,0,0,0,0
BAYLOR COUNTY,023,77 Years,46,20,26,42,19,23,2,1,1,0,0,0,2,0,2
BAYLOR COUNTY,023,78 Years,31,16,15,26,14,12,1,1,0,1,0,1,3,1,2
BAYLOR COUNTY,023,79 Years,34,12,22,30,10,20,2,1,1,0,0,0,2,1,1
BAYLOR COUNTY,023,80 Years,27,9,18,24,8,16,2,1,1,0,0,0,1,0,1
BAYLOR COUNTY,023,81 Years,25,12,13,23,11,12,1,1,0,1,0,1,0,0,0
BAYLOR COUNTY,023,82 Years,20,10,10,19,9,10,1,1,0,0,0,0,0,0,0
BAYLOR COUNTY,023,83 Years,15,6,9,14,6,8,0,0,0,0,0,0,1,0,1
BAYLOR COUNTY,023,84 Years,23,8,15,23,8,15,0,0,0,0,0,0,0,0,0
BAYLOR COUNTY,023,85 Years +,153,54,99,146,51,95,1,1,0,2,0,2,4,2,2
BEE COUNTY,025,All Ages,32310,19307,13003,11031,6722,4309,2535,2339,196,486,246,240,18258,10000,8258
BEE COUNTY,025,< 1 Year,356,178,178,88,44,44,4,2,2,7,3,4,257,129,128
BEE COUNTY,025,1 Years,362,170,192,79,33,46,8,5,3,9,3,6,266,129,137
BEE COUNTY,025,2 Years,371,180,191,77,36,41,9,7,2,10,6,4,275,131,144
BEE COUNTY,025,3 Years,373,184,189,75,40,35,10,7,3,11,4,7,277,133,144
BEE COUNTY,025,4 Years,413,203,210,93,49,44,5,3,2,7,3,4,308,148,160
BEE COUNTY,025,5 Years,412,221,191,89,48,41,3,2,1,11,6,5,309,165,144
BEE COUNTY,025,6 Years,396,200,196,91,52,39,6,4,2,8,6,2,291,138,153
BEE COUNTY,025,7 Years,389,195,194,82,42,40,3,1,2,7,5,2,297,147,150
BEE COUNTY,025,8 Years,393,188,205,84,44,40,6,3,3,10,6,4,293,135,158
BEE COUNTY,025,9 Years,370,196,174,79,46,33,5,2,3,6,3,3,280,145,135
BEE COUNTY,025,10 Years,412,213,199,95,61,34,5,5,0,4,3,1,308,144,164
BEE COUNTY,025,11 Years,421,217,204,86,46,40,6,4,2,10,6,4,319,161,158
BEE COUNTY,025,12 Years,394,199,195,84,41,43,7,4,3,5,3,2,298,151,147
BEE COUNTY,025,13 Years,390,199,191,85,47,38,4,2,2,4,2,2,297,148,149
BEE COUNTY,025,14 Years,368,185,183,76,40,36,7,4,3,5,3,2,280,138,142
BEE COUNTY,025,15 Years,384,199,185,85,42,43,4,2,2,4,2,2,291,153,138
BEE COUNTY,025,16 Years,396,198,198,100,53,47,6,2,4,3,1,2,287,142,145
BEE COUNTY,025,17 Years,392,214,178,100,62,38,7,4,3,5,2,3,280,146,134
BEE COUNTY,025,18 Years,444,250,194,103,57,46,23,19,4,11,5,6,307,169,138
BEE COUNTY,025,19 Years,539,333,206,134,82,52,68,61,7,10,4,6,327,186,141
BEE COUNTY,025,20 Years,563,374,189,148,87,61,61,55,6,10,8,2,344,224,120
BEE COUNTY,025,21 Years,569,385,184,140,88,52,81,74,7,7,5,2,341,218,123
BEE COUNTY,025,22 Years,539,377,162,137,90,47,72,67,5,6,3,3,324,217,107
BEE COUNTY,025,23 Years,491,351,140,123,88,35,77,75,2,8,5,3,283,183,100
BEE COUNTY,025,24 Years,533,385,148,155,117,38,63,62,1,10,6,4,305,200,105
BEE COUNTY,025,25 Years,492,338,154,154,108,46,58,56,2,4,1,3,276,173,103
BEE COUNTY,025,26 Years,544,378,166,167,119,48,69,66,3,6,2,4,302,191,111
BEE COUNTY,025,27 Years,554,388,166,150,107,43,67,65,2,6,2,4,331,214,117
BEE COUNTY,025,28 Years,532,369,163,166,123,43,66,63,3,3,1,2,297,182,115
BEE COUNTY,025,29 Years,565,409,156,191,146,45,64,58,6,5,2,3,305,203,102
BEE COUNTY,025,30 Years,528,370,158,167,122,45,51,49,2,8,5,3,302,194,108
BEE COUNTY,025,31 Years,577,419,158,201,149,52,70,68,2,5,3,2,301,199,102
BEE COUNTY,025,32 Years,462,335,127,158,122,36,59,57,2,4,2,2,241,154,87
BEE COUNTY,025,33 Years,482,346,136,156,116,40,71,69,2,10,4,6,245,157,88
BEE COUNTY,025,34 Years,509,357,152,162,121,41,73,72,1,7,2,5,267,162,105
BEE COUNTY,025,35 Years,458,312,146,149,110,39,60,59,1,3,2,1,246,141,105
BEE COUNTY,025,36 Years,464,323,141,164,120,44,57,56,1,6,4,2,237,143,94
BEE COUNTY,025,37 Years,474,329,145,162,118,44,55,54,1,5,2,3,252,155,97
BEE COUNTY,025,38 Years,458,315,143,153,110,43,51,50,1,12,8,4,242,147,95
BEE COUNTY,025,39 Years,485,337,148,171,125,46,68,68,0,7,4,3,239,140,99
BEE COUNTY,025,40 Years,551,398,153,191,141,50,61,58,3,8,4,4,291,195,96
BEE COUNTY,025,41 Years,472,319,153,167,127,40,63,60,3,10,4,6,232,128,104
BEE COUNTY,025,42 Years,447,317,130,161,116,45,63,60,3,6,4,2,217,137,80
BEE COUNTY,025,43 Years,433,295,138,151,105,46,62,60,2,6,4,2,214,126,88
BEE COUNTY,025,44 Years,470,303,167,183,130,53,57,56,1,10,7,3,220,110,110
BEE COUNTY,025,45 Years,460,311,149,164,109,55,72,70,2,4,2,2,220,130,90
BEE COUNTY,025,46 Years,477,319,158,156,116,40,78,74,4,9,3,6,234,126,108
BEE COUNTY,025,47 Years,501,331,170,175,120,55,59,58,1,8,5,3,259,148,111
BEE COUNTY,025,48 Years,490,317,173,203,142,61,55,51,4,5,4,1,227,120,107
BEE COUNTY,025,49 Years,466,288,178,178,117,61,53,49,4,7,3,4,228,119,109
BEE COUNTY,025,50 Years,506,329,177,210,135,75,52,49,3,10,4,6,234,141,93
BEE COUNTY,025,51 Years,422,248,174,183,110,73,38,33,5,5,3,2,196,102,94
BEE COUNTY,025,52 Years,451,269,182,181,111,70,47,42,5,5,2,3,218,114,104
BEE COUNTY,025,53 Years,484,293,191,212,134,78,42,40,2,5,1,4,225,118,107
BEE COUNTY,025,54 Years,415,251,164,192,114,78,24,21,3,9,4,5,190,112,78
BEE COUNTY,025,55 Years,418,225,193,182,90,92,25,23,2,6,2,4,205,110,95
BEE COUNTY,025,56 Years,411,226,185,172,93,79,29,26,3,7,5,2,203,102,101
BEE COUNTY,025,57 Years,364,199,165,151,81,70,28,26,2,4,3,1,181,89,92
BEE COUNTY,025,58 Years,369,206,163,157,85,72,22,20,2,7,2,5,183,99,84
BEE COUNTY,025,59 Years,341,173,168,138,66,72,19,16,3,4,1,3,180,90,90
BEE COUNTY,025,60 Years,326,158,168,150,79,71,10,9,1,4,3,1,162,67,95
BEE COUNTY,025,61 Years,292,139,153,139,68,71,10,9,1,2,0,2,141,62,79
BEE COUNTY,025,62 Years,298,144,154,129,66,63,6,4,2,4,0,4,159,74,85
BEE COUNTY,025,63 Years,344,181,163,160,87,73,11,7,4,4,2,2,169,85,84
BEE COUNTY,025,64 Years,290,146,144,141,73,68,8,5,3,6,4,2,135,64,71
BEE COUNTY,025,65 Years,238,127,111,112,63,49,4,1,3,5,4,1,117,59,58
BEE COUNTY,025,66 Years,236,118,118,116,55,61,4,1,3,4,2,2,112,60,52
BEE COUNTY,025,67 Years,226,112,114,112,58,54,6,4,2,4,1,3,104,49,55
BEE COUNTY,025,68 Years,229,102,127,125,60,65,4,2,2,2,1,1,98,39,59
BEE COUNTY,025,69 Years,191,90,101,106,55,51,4,1,3,2,1,1,79,33,46
BEE COUNTY,025,70 Years,185,92,93,89,46,43,8,3,5,4,3,1,84,40,44
BEE COUNTY,025,71 Years,189,87,102,94,45,49,5,4,1,2,1,1,88,37,51
BEE COUNTY,025,72 Years,165,82,83,92,48,44,0,0,0,1,0,1,72,34,38
BEE COUNTY,025,73 Years,158,78,80,77,39,38,3,2,1,3,1,2,75,36,39
BEE COUNTY,025,74 Years,140,65,75,74,36,38,5,2,3,3,2,1,58,25,33
BEE COUNTY,025,75 Years,148,64,84,69,31,38,2,1,1,2,2,0,75,30,45
BEE COUNTY,025,76 Years,145,65,80,72,32,40,4,4,0,1,0,1,68,29,39
BEE COUNTY,025,77 Years,129,63,66,64,27,37,1,1,0,1,0,1,63,35,28
BEE COUNTY,025,78 Years,125,52,73,57,21,36,0,0,0,2,1,1,66,30,36
BEE COUNTY,025,79 Years,119,45,74,59,23,36,1,1,0,2,1,1,57,20,37
BEE COUNTY,025,80 Years,111,40,71,61,27,34,0,0,0,1,0,1,49,13,36
BEE COUNTY,025,81 Years,113,44,69,68,28,40,0,0,0,1,0,1,44,16,28
BEE COUNTY,025,82 Years,102,39,63,52,19,33,0,0,0,1,0,1,49,20,29
BEE COUNTY,025,83 Years,84,33,51,46,21,25,1,0,1,2,0,2,35,12,23
BEE COUNTY,025,84 Years,96,34,62,52,21,31,0,0,0,0,0,0,44,13,31
BEE COUNTY,025,85 Years +,429,171,258,249,101,148,0,0,0,9,3,6,171,67,104
BELL COUNTY,027,All Ages,317759,157236,160523,159375,79437,79938,64625,32164,32461,23859,10632,13227,69900,35003,34897
BELL COUNTY,027,< 1 Year,6355,3231,3124,2792,1413,1379,1259,642,617,580,296,284,1724,880,844
BELL COUNTY,027,1 Years,5835,3013,2822,2425,1291,1134,1152,594,558,563,287,276,1695,841,854
BELL COUNTY,027,2 Years,5849,2975,2874,2275,1194,1081,1133,572,561,689,337,352,1752,872,880
BELL COUNTY,027,3 Years,5859,2966,2893,2339,1186,1153,1158,591,567,651,324,327,1711,865,846
BELL COUNTY,027,4 Years,5681,2883,2798,2169,1126,1043,1178,605,573,593,293,300,1741,859,882
BELL COUNTY,027,5 Years,5455,2773,2682,2076,1046,1030,1180,606,574,537,267,270,1662,854,808
BELL COUNTY,027,6 Years,5220,2647,2573,2006,1030,976,1128,559,569,549,280,269,1537,778,759
BELL COUNTY,027,7 Years,5044,2594,2450,1980,1026,954,1038,519,519,517,258,259,1509,791,718
BELL COUNTY,027,8 Years,4843,2469,2374,1874,940,934,1071,541,530,473,242,231,1425,746,679
BELL COUNTY,027,9 Years,4878,2486,2392,1889,952,937,1117,562,555,456,229,227,1416,743,673
BELL COUNTY,027,10 Years,4801,2420,2381,1864,952,912,1120,557,563,434,220,214,1383,691,692
BELL COUNTY,027,11 Years,4760,2412,2348,1825,933,892,1124,556,568,424,224,200,1387,699,688
BELL COUNTY,027,12 Years,4537,2338,2199,1710,877,833,1107,554,553,396,197,199,1324,710,614
BELL COUNTY,027,13 Years,4466,2308,2158,1691,889,802,1111,600,511,375,172,203,1289,647,642
BELL COUNTY,027,14 Years,4275,2196,2079,1673,868,805,1041,555,486,371,186,185,1190,587,603
BELL COUNTY,027,15 Years,4295,2219,2076,1650,850,800,1061,554,507,384,193,191,1200,622,578
BELL COUNTY,027,16 Years,4293,2160,2133,1658,846,812,1096,530,566,355,180,175,1184,604,580
BELL COUNTY,027,17 Years,4367,2207,2160,1664,830,834,1187,606,581,352,175,177,1164,596,568
BELL COUNTY,027,18 Years,4267,2173,2094,1668,841,827,1147,589,558,329,169,160,1123,574,549
BELL COUNTY,027,19 Years,4149,2116,2033,1709,866,843,1043,549,494,324,165,159,1073,536,537
BELL COUNTY,027,20 Years,4828,2495,2333,2208,1160,1048,1019,524,495,383,197,186,1218,614,604
BELL COUNTY,027,21 Years,5422,2820,2602,2646,1393,1253,1042,536,506,392,192,200,1342,699,643
BELL COUNTY,027,22 Years,5841,3023,2818,3009,1579,1430,1081,556,525,401,190,211,1350,698,652
BELL COUNTY,027,23 Years,6519,3385,3134,3452,1823,1629,1173,587,586,430,193,237,1464,782,682
BELL COUNTY,027,24 Years,6807,3547,3260,3613,1940,1673,1200,602,598,464,210,254,1530,795,735
BELL COUNTY,027,25 Years,6973,3667,3306,3648,2001,1647,1310,646,664,542,255,287,1473,765,708
BELL COUNTY,027,26 Years,6791,3592,3199,3483,1928,1555,1284,642,642,510,253,257,1514,769,745
BELL COUNTY,027,27 Years,6295,3259,3036,3149,1702,1447,1242,628,614,460,220,240,1444,709,735
BELL COUNTY,027,28 Years,5995,3013,2982,2949,1527,1422,1206,591,615,423,201,222,1417,694,723
BELL COUNTY,027,29 Years,5634,2805,2829,2718,1388,1330,1155,566,589,434,198,236,1327,653,674
BELL COUNTY,027,30 Years,5435,2730,2705,2632,1371,1261,1118,549,569,413,178,235,1272,632,640
BELL COUNTY,027,31 Years,5315,2716,2599,2504,1323,1181,1150,582,568,410,164,246,1251,647,604
BELL COUNTY,027,32 Years,4846,2443,2403,2313,1215,1098,1060,519,541,356,148,208,1117,561,556
BELL COUNTY,027,33 Years,4506,2212,2294,2116,1088,1028,962,457,505,370,162,208,1058,505,553
BELL COUNTY,027,34 Years,4270,2125,2145,1981,1012,969,924,445,479,348,152,196,1017,516,501
BELL COUNTY,027,35 Years,4060,1992,2068,1883,944,939,867,406,461,332,162,170,978,480,498
BELL COUNTY,027,36 Years,4102,1976,2126,1901,930,971,897,426,471,317,139,178,987,481,506
BELL COUNTY,027,37 Years,3911,1894,2017,1856,916,940,879,432,447,302,134,168,874,412,462
BELL COUNTY,027,38 Years,3967,1910,2057,1905,918,987,887,443,444,324,140,184,851,409,442
BELL COUNTY,027,39 Years,4097,2029,2068,2041,1026,1015,917,466,451,282,122,160,857,415,442
BELL COUNTY,027,40 Years,4091,1962,2129,2063,1020,1043,944,450,494,265,112,153,819,380,439
BELL COUNTY,027,41 Years,4005,1909,2096,2012,961,1051,951,469,482,260,112,148,782,367,415
BELL COUNTY,027,42 Years,3738,1781,1957,1855,868,987,901,442,459,243,109,134,739,362,377
BELL COUNTY,027,43 Years,3649,1743,1906,1778,857,921,867,422,445,240,93,147,764,371,393
BELL COUNTY,027,44 Years,3585,1778,1807,1814,915,899,865,422,443,212,83,129,694,358,336
BELL COUNTY,027,45 Years,3648,1810,1838,1868,928,940,890,451,439,213,90,123,677,341,336
BELL COUNTY,027,46 Years,3893,1918,1975,2006,1009,997,928,448,480,241,98,143,718,363,355
BELL COUNTY,027,47 Years,3930,1873,2057,2079,1012,1067,902,428,474,241,86,155,708,347,361
BELL COUNTY,027,48 Years,3875,1858,2017,2067,983,1084,901,444,457,211,81,130,696,350,346
BELL COUNTY,027,49 Years,3783,1797,1986,1999,953,1046,925,431,494,229,88,141,630,325,305
BELL COUNTY,027,50 Years,3716,1719,1997,2005,925,1080,896,414,482,208,82,126,607,298,309
BELL COUNTY,027,51 Years,3866,1891,1975,2117,1045,1072,877,436,441,223,87,136,649,323,326
BELL COUNTY,027,52 Years,3588,1730,1858,1965,943,1022,809,410,399,199,77,122,615,300,315
BELL COUNTY,027,53 Years,3587,1752,1835,2002,988,1014,744,391,353,227,73,154,614,300,314
BELL COUNTY,027,54 Years,3553,1714,1839,1993,953,1040,747,397,350,236,76,160,577,288,289
BELL COUNTY,027,55 Years,3363,1565,1798,1938,907,1031,690,335,355,199,62,137,536,261,275
BELL COUNTY,027,56 Years,3306,1590,1716,1934,933,1001,614,311,303,227,76,151,531,270,261
BELL COUNTY,027,57 Years,3097,1473,1624,1880,863,1017,560,306,254,203,73,130,454,231,223
BELL COUNTY,027,58 Years,2861,1387,1474,1762,863,899,503,261,242,202,60,142,394,203,191
BELL COUNTY,027,59 Years,2669,1257,1412,1660,823,837,447,204,243,176,50,126,386,180,206
BELL COUNTY,027,60 Years,2674,1262,1412,1680,826,854,430,204,226,177,50,127,387,182,205
BELL COUNTY,027,61 Years,2677,1260,1417,1751,856,895,404,188,216,187,48,139,335,168,167
BELL COUNTY,027,62 Years,2625,1262,1363,1758,870,888,365,177,188,175,52,123,327,163,164
BELL COUNTY,027,63 Years,2547,1196,1351,1739,818,921,336,178,158,168,54,114,304,146,158
BELL COUNTY,027,64 Years,2560,1228,1332,1822,896,926,300,156,144,144,42,102,294,134,160
BELL COUNTY,027,65 Years,2050,971,1079,1402,688,714,262,122,140,128,39,89,258,122,136
BELL COUNTY,027,66 Years,1881,886,995,1296,623,673,223,110,113,114,36,78,248,117,131
BELL COUNTY,027,67 Years,1823,858,965,1285,617,668,215,105,110,100,33,67,223,103,120
BELL COUNTY,027,68 Years,1741,824,917,1242,610,632,224,104,120,97,32,65,178,78,100
BELL COUNTY,027,69 Years,1660,778,882,1179,564,615,205,104,101,89,30,59,187,80,107
BELL COUNTY,027,70 Years,1576,730,846,1128,529,599,202,91,111,85,30,55,161,80,81
BELL COUNTY,027,71 Years,1421,648,773,1017,476,541,176,76,100,77,27,50,151,69,82
BELL COUNTY,027,72 Years,1281,603,678,935,441,494,156,76,80,60,18,42,130,68,62
BELL COUNTY,027,73 Years,1253,564,689,947,439,508,132,57,75,53,16,37,121,52,69
BELL COUNTY,027,74 Years,1193,526,667,899,409,490,123,50,73,53,17,36,118,50,68
BELL COUNTY,027,75 Years,1099,486,613,814,368,446,114,54,60,48,15,33,123,49,74
BELL COUNTY,027,76 Years,1051,467,584,777,351,426,115,55,60,50,15,35,109,46,63
BELL COUNTY,027,77 Years,1007,455,552,754,344,410,108,49,59,42,14,28,103,48,55
BELL COUNTY,027,78 Years,986,431,555,740,337,403,107,43,64,46,12,34,93,39,54
BELL COUNTY,027,79 Years,902,396,506,682,310,372,94,38,56,47,13,34,79,35,44
BELL COUNTY,027,80 Years,825,375,450,642,296,346,84,36,48,33,11,22,66,32,34
BELL COUNTY,027,81 Years,823,344,479,635,268,367,73,35,38,40,11,29,75,30,45
BELL COUNTY,027,82 Years,762,302,460,604,237,367,65,29,36,28,8,20,65,28,37
BELL COUNTY,027,83 Years,655,267,388,527,214,313,45,19,26,20,7,13,63,27,36
BELL COUNTY,027,84 Years,590,227,363,474,186,288,46,15,31,21,7,14,49,19,30
BELL COUNTY,027,85 Years +,3451,1164,2287,2905,975,1930,236,77,159,77,23,54,233,89,144
BEXAR COUNTY,029,All Ages,1756262,861609,894653,521392,258929,262463,121441,60454,60987,74448,35086,39362,1038981,507140,531841
BEXAR COUNTY,029,< 1 Year,27707,14098,13609,6398,3257,3141,1887,962,925,1181,599,582,18241,9280,8961
BEXAR COUNTY,029,1 Years,26154,13350,12804,5358,2725,2633,1607,807,800,1110,586,524,18079,9232,8847
BEXAR COUNTY,029,2 Years,25698,13195,12503,4903,2513,2390,1560,793,767,1228,642,586,18007,9247,8760
BEXAR COUNTY,029,3 Years,26313,13464,12849,5026,2589,2437,1631,831,800,1234,616,618,18422,9428,8994
BEXAR COUNTY,029,4 Years,26418,13479,12939,5095,2582,2513,1623,818,805,1254,637,617,18446,9442,9004
BEXAR COUNTY,029,5 Years,26305,13370,12935,5176,2609,2567,1603,805,798,1312,665,647,18214,9291,8923
BEXAR COUNTY,029,6 Years,26151,13231,12920,5191,2655,2536,1567,779,788,1266,633,633,18127,9164,8963
BEXAR COUNTY,029,7 Years,26258,13204,13054,5250,2636,2614,1604,809,795,1218,613,605,18186,9146,9040
BEXAR COUNTY,029,8 Years,26349,13280,13069,5266,2722,2544,1653,836,817,1206,618,588,18224,9104,9120
BEXAR COUNTY,029,9 Years,26150,13370,12780,5158,2677,2481,1781,917,864,1161,584,577,18050,9192,8858
BEXAR COUNTY,029,10 Years,26595,13530,13065,5204,2688,2516,1810,950,860,1142,568,574,18439,9324,9115
BEXAR COUNTY,029,11 Years,26826,13690,13136,5281,2685,2596,1770,918,852,1082,530,552,18693,9557,9136
BEXAR COUNTY,029,12 Years,26484,13578,12906,5322,2712,2610,1725,885,840,1131,560,571,18306,9421,8885
BEXAR COUNTY,029,13 Years,25907,13185,12722,5270,2693,2577,1741,893,848,1090,548,542,17806,9051,8755
BEXAR COUNTY,029,14 Years,25979,13269,12710,5363,2730,2633,1842,955,887,1080,553,527,17694,9031,8663
BEXAR COUNTY,029,15 Years,25565,13083,12482,5311,2728,2583,1808,977,831,1088,538,550,17358,8840,8518
BEXAR COUNTY,029,16 Years,25883,13289,12594,5428,2768,2660,1844,999,845,1100,544,556,17511,8978,8533
BEXAR COUNTY,029,17 Years,26661,13860,12801,5849,3120,2729,2057,1097,960,1119,576,543,17636,9067,8569
BEXAR COUNTY,029,18 Years,26430,13587,12843,5595,2907,2688,2096,1092,1004,1132,575,557,17607,9013,8594
BEXAR COUNTY,029,19 Years,28376,14842,13534,6623,3620,3003,2373,1226,1147,1319,713,606,18061,9283,8778
BEXAR COUNTY,029,20 Years,28209,14818,13391,7089,3969,3120,2412,1262,1150,1398,712,686,17310,8875,8435
BEXAR COUNTY,029,21 Years,27817,14392,13425,7210,3988,3222,2264,1166,1098,1355,714,641,16988,8524,8464
BEXAR COUNTY,029,22 Years,27450,14102,13348,7505,4083,3422,2135,1103,1032,1305,671,634,16505,8245,8260
BEXAR COUNTY,029,23 Years,27185,14027,13158,7718,4121,3597,1953,1060,893,1279,637,642,16235,8209,8026
BEXAR COUNTY,029,24 Years,27185,13835,13350,7703,4020,3683,1873,996,877,1274,651,623,16335,8168,8167
BEXAR COUNTY,029,25 Years,27519,14012,13507,7956,4211,3745,1837,957,880,1358,690,668,16368,8154,8214
BEXAR COUNTY,029,26 Years,27816,14038,13778,8011,4209,3802,1870,978,892,1408,694,714,16527,8157,8370
BEXAR COUNTY,029,27 Years,27304,13715,13589,7858,4061,3797,1827,950,877,1435,722,713,16184,7982,8202
BEXAR COUNTY,029,28 Years,26362,13139,13223,7255,3661,3594,1767,905,862,1335,637,698,16005,7936,8069
BEXAR COUNTY,029,29 Years,26477,13107,13370,7503,3761,3742,1762,890,872,1290,603,687,15922,7853,8069
BEXAR COUNTY,029,30 Years,26457,13123,13334,7416,3782,3634,1754,902,852,1296,611,685,15991,7828,8163
BEXAR COUNTY,029,31 Years,26368,13170,13198,7309,3740,3569,1751,907,844,1260,615,645,16048,7908,8140
BEXAR COUNTY,029,32 Years,24982,12527,12455,6917,3624,3293,1689,846,843,1266,615,651,15110,7442,7668
BEXAR COUNTY,029,33 Years,24131,12069,12062,6609,3438,3171,1613,816,797,1258,597,661,14651,7218,7433
BEXAR COUNTY,029,34 Years,23463,11558,11905,6319,3181,3138,1540,768,772,1184,561,623,14420,7048,7372
BEXAR COUNTY,029,35 Years,23462,11540,11922,6248,3140,3108,1494,757,737,1188,580,608,14532,7063,7469
BEXAR COUNTY,029,36 Years,23322,11424,11898,6239,3155,3084,1490,723,767,1220,593,627,14373,6953,7420
BEXAR COUNTY,029,37 Years,22950,11191,11759,6070,3070,3000,1515,749,766,1203,561,642,14162,6811,7351
BEXAR COUNTY,029,38 Years,23562,11513,12049,6387,3268,3119,1511,734,777,1157,523,634,14507,6988,7519
BEXAR COUNTY,029,39 Years,24249,11797,12452,6761,3460,3301,1601,778,823,1143,514,629,14744,7045,7699
BEXAR COUNTY,029,40 Years,24811,12075,12736,7256,3645,3611,1692,845,847,1159,548,611,14704,7037,7667
BEXAR COUNTY,029,41 Years,24364,11979,12385,7218,3666,3552,1707,864,843,1097,504,593,14342,6945,7397
BEXAR COUNTY,029,42 Years,23209,11358,11851,6880,3524,3356,1603,805,798,1054,474,580,13672,6555,7117
BEXAR COUNTY,029,43 Years,22255,10870,11385,6589,3374,3215,1640,825,815,973,422,551,13053,6249,6804
BEXAR COUNTY,029,44 Years,21944,10827,11117,6720,3413,3307,1659,845,814,911,416,495,12654,6153,6501
BEXAR COUNTY,029,45 Years,22357,11056,11301,6899,3489,3410,1731,878,853,947,432,515,12780,6257,6523
BEXAR COUNTY,029,46 Years,23613,11582,12031,7378,3658,3720,1891,951,940,968,437,531,13376,6536,6840
BEXAR COUNTY,029,47 Years,23913,11764,12149,7856,3914,3942,1845,908,937,979,461,518,13233,6481,6752
BEXAR COUNTY,029,48 Years,24060,11849,12211,8031,4029,4002,1862,936,926,1019,483,536,13148,6401,6747
BEXAR COUNTY,029,49 Years,23589,11484,12105,8181,4108,4073,1811,883,928,920,400,520,12677,6093,6584
BEXAR COUNTY,029,50 Years,23524,11410,12114,8221,4059,4162,1852,901,951,883,375,508,12568,6075,6493
BEXAR COUNTY,029,51 Years,23071,11239,11832,8072,3979,4093,1856,943,913,842,379,463,12301,5938,6363
BEXAR COUNTY,029,52 Years,22247,10892,11355,7943,3973,3970,1777,893,884,852,359,493,11675,5667,6008
BEXAR COUNTY,029,53 Years,22006,10704,11302,8111,4009,4102,1707,837,870,839,371,468,11349,5487,5862
BEXAR COUNTY,029,54 Years,21408,10228,11180,7872,3774,4098,1671,822,849,789,324,465,11076,5308,5768
BEXAR COUNTY,029,55 Years,20953,9997,10956,7857,3766,4091,1601,786,815,750,324,426,10745,5121,5624
BEXAR COUNTY,029,56 Years,20388,9540,10848,7742,3655,4087,1558,724,834,718,295,423,10370,4866,5504
BEXAR COUNTY,029,57 Years,19518,9023,10495,7489,3506,3983,1460,689,771,685,246,439,9884,4582,5302
BEXAR COUNTY,029,58 Years,19210,9034,10176,7653,3707,3946,1427,699,728,648,256,392,9482,4372,5110
BEXAR COUNTY,029,59 Years,18190,8605,9585,7260,3509,3751,1312,659,653,610,236,374,9008,4201,4807
BEXAR COUNTY,029,60 Years,17442,8106,9336,6951,3306,3645,1198,565,633,618,242,376,8675,3993,4682
BEXAR COUNTY,029,61 Years,17305,7999,9306,7046,3394,3652,1120,531,589,589,240,349,8550,3834,4716
BEXAR COUNTY,029,62 Years,16803,7895,8908,6898,3365,3533,1101,551,550,589,238,351,8215,3741,4474
BEXAR COUNTY,029,63 Years,16487,7716,8771,7054,3430,3624,1053,509,544,562,212,350,7818,3565,4253
BEXAR COUNTY,029,64 Years,16040,7449,8591,7135,3479,3656,952,440,512,495,188,307,7458,3342,4116
BEXAR COUNTY,029,65 Years,13226,6076,7150,5619,2743,2876,823,362,461,414,156,258,6370,2815,3555
BEXAR COUNTY,029,66 Years,12309,5693,6616,5262,2555,2707,765,349,416,403,156,247,5879,2633,3246
BEXAR COUNTY,029,67 Years,11948,5529,6419,5292,2536,2756,727,327,400,377,149,228,5552,2517,3035
BEXAR COUNTY,029,68 Years,11426,5275,6151,5019,2440,2579,720,321,399,326,132,194,5361,2382,2979
BEXAR COUNTY,029,69 Years,10343,4742,5601,4520,2183,2337,670,295,375,312,117,195,4841,2147,2694
BEXAR COUNTY,029,70 Years,9432,4268,5164,4171,1998,2173,613,263,350,286,113,173,4362,1894,2468
BEXAR COUNTY,029,71 Years,8918,3979,4939,3886,1819,2067,595,244,351,267,106,161,4170,1810,2360
BEXAR COUNTY,029,72 Years,8412,3736,4676,3781,1730,2051,505,224,281,245,91,154,3881,1691,2190
BEXAR COUNTY,029,73 Years,8055,3549,4506,3636,1676,1960,498,218,280,226,88,138,3695,1567,2128
BEXAR COUNTY,029,74 Years,7550,3295,4255,3343,1540,1803,476,203,273,193,79,114,3538,1473,2065
BEXAR COUNTY,029,75 Years,7307,3122,4185,3292,1470,1822,418,182,236,209,83,126,3388,1387,2001
BEXAR COUNTY,029,76 Years,7049,3017,4032,3220,1429,1791,457,193,264,183,72,111,3189,1323,1866
BEXAR COUNTY,029,77 Years,6528,2836,3692,2998,1406,1592,445,194,251,175,52,123,2910,1184,1726
BEXAR COUNTY,029,78 Years,6226,2638,3588,2958,1341,1617,408,173,235,189,53,136,2671,1071,1600
BEXAR COUNTY,029,79 Years,6089,2585,3504,2907,1344,1563,393,163,230,146,46,100,2643,1032,1611
BEXAR COUNTY,029,80 Years,5771,2416,3355,2863,1301,1562,355,150,205,138,43,95,2415,922,1493
BEXAR COUNTY,029,81 Years,5501,2231,3270,2604,1162,1442,322,111,211,131,45,86,2444,913,1531
BEXAR COUNTY,029,82 Years,4955,1947,3008,2384,999,1385,261,96,165,101,38,63,2209,814,1395
BEXAR COUNTY,029,83 Years,4549,1705,2844,2223,863,1360,246,88,158,88,32,56,1992,722,1270
BEXAR COUNTY,029,84 Years,4136,1467,2669,2029,728,1301,218,64,154,90,33,57,1799,642,1157
BEXAR COUNTY,029,85 Years +,23346,7771,15575,12923,4377,8546,1200,349,851,388,141,247,8835,2904,5931
BLANCO COUNTY,031,All Ages,10672,5401,5271,8451,4211,4240,62,42,20,189,85,104,1970,1063,907
BLANCO COUNTY,031,< 1 Year,98,49,49,62,31,31,0,0,0,2,1,1,34,17,17
BLANCO COUNTY,031,1 Years,100,62,38,63,38,25,0,0,0,2,0,2,35,24,11
BLANCO COUNTY,031,2 Years,96,55,41,62,35,27,0,0,0,1,0,1,33,20,13
BLANCO COUNTY,031,3 Years,111,48,63,69,34,35,0,0,0,3,0,3,39,14,25
BLANCO COUNTY,031,4 Years,118,56,62,74,36,38,0,0,0,2,0,2,42,20,22
BLANCO COUNTY,031,5 Years,118,59,59,74,34,40,0,0,0,3,0,3,41,25,16
BLANCO COUNTY,031,6 Years,108,56,52,69,36,33,0,0,0,2,0,2,37,20,17
BLANCO COUNTY,031,7 Years,129,74,55,79,45,34,0,0,0,2,0,2,48,29,19
BLANCO COUNTY,031,8 Years,131,75,56,88,52,36,0,0,0,1,1,0,42,22,20
BLANCO COUNTY,031,9 Years,128,72,56,92,55,37,0,0,0,2,0,2,34,17,17
BLANCO COUNTY,031,10 Years,127,69,58,87,45,42,1,0,1,2,0,2,37,24,13
BLANCO COUNTY,031,11 Years,150,80,70,99,49,50,1,0,1,3,0,3,47,31,16
BLANCO COUNTY,031,12 Years,135,80,55,91,53,38,2,2,0,4,2,2,38,23,15
BLANCO COUNTY,031,13 Years,149,89,60,106,65,41,1,1,0,6,2,4,36,21,15
BLANCO COUNTY,031,14 Years,148,80,68,114,60,54,1,1,0,2,2,0,31,17,14
BLANCO COUNTY,031,15 Years,139,62,77,104,45,59,1,1,0,2,1,1,32,15,17
BLANCO COUNTY,031,16 Years,137,64,73,101,47,54,1,0,1,4,1,3,31,16,15
BLANCO COUNTY,031,17 Years,135,67,68,103,52,51,1,0,1,1,0,1,30,15,15
BLANCO COUNTY,031,18 Years,142,85,57,100,60,40,7,6,1,2,2,0,33,17,16
BLANCO COUNTY,031,19 Years,116,65,51,78,46,32,3,3,0,3,2,1,32,14,18
BLANCO COUNTY,031,20 Years,89,51,38,57,33,24,1,1,0,2,1,1,29,16,13
BLANCO COUNTY,031,21 Years,77,46,31,46,24,22,1,1,0,2,1,1,28,20,8
BLANCO COUNTY,031,22 Years,75,36,39,36,18,18,0,0,0,5,3,2,34,15,19
BLANCO COUNTY,031,23 Years,90,42,48,52,23,29,0,0,0,5,4,1,33,15,18
BLANCO COUNTY,031,24 Years,88,50,38,59,31,28,0,0,0,1,1,0,28,18,10
BLANCO COUNTY,031,25 Years,92,45,47,55,27,28,1,1,0,4,3,1,32,14,18
BLANCO COUNTY,031,26 Years,89,47,42,47,22,25,0,0,0,7,3,4,35,22,13
BLANCO COUNTY,031,27 Years,82,50,32,53,32,21,0,0,0,3,1,2,26,17,9
BLANCO COUNTY,031,28 Years,77,50,27,47,32,15,0,0,0,2,1,1,28,17,11
BLANCO COUNTY,031,29 Years,94,45,49,60,33,27,0,0,0,3,1,2,31,11,20
BLANCO COUNTY,031,30 Years,91,48,43,64,37,27,0,0,0,0,0,0,27,11,16
BLANCO COUNTY,031,31 Years,91,47,44,62,30,32,0,0,0,1,1,0,28,16,12
BLANCO COUNTY,031,32 Years,88,47,41,60,28,32,0,0,0,1,1,0,27,18,9
BLANCO COUNTY,031,33 Years,87,42,45,62,24,38,0,0,0,2,2,0,23,16,7
BLANCO COUNTY,031,34 Years,88,41,47,66,30,36,0,0,0,3,1,2,19,10,9
BLANCO COUNTY,031,35 Years,98,58,40,71,42,29,0,0,0,2,1,1,25,15,10
BLANCO COUNTY,031,36 Years,117,65,52,86,49,37,0,0,0,5,2,3,26,14,12
BLANCO COUNTY,031,37 Years,112,51,61,81,36,45,0,0,0,3,0,3,28,15,13
BLANCO COUNTY,031,38 Years,104,42,62,80,32,48,1,0,1,1,0,1,22,10,12
BLANCO COUNTY,031,39 Years,120,54,66,93,43,50,0,0,0,1,0,1,26,11,15
BLANCO COUNTY,031,40 Years,150,81,69,116,59,57,2,2,0,1,1,0,31,19,12
BLANCO COUNTY,031,41 Years,128,68,60,104,51,53,1,1,0,1,1,0,22,15,7
BLANCO COUNTY,031,42 Years,105,46,59,87,37,50,0,0,0,1,0,1,17,9,8
BLANCO COUNTY,031,43 Years,115,52,63,89,40,49,0,0,0,4,1,3,22,11,11
BLANCO COUNTY,031,44 Years,133,63,70,100,47,53,1,1,0,1,0,1,31,15,16
BLANCO COUNTY,031,45 Years,137,73,64,99,52,47,1,1,0,3,2,1,34,18,16
BLANCO COUNTY,031,46 Years,140,66,74,104,49,55,1,1,0,2,1,1,33,15,18
BLANCO COUNTY,031,47 Years,157,81,76,127,64,63,1,1,0,4,2,2,25,14,11
BLANCO COUNTY,031,48 Years,164,82,82,136,70,66,0,0,0,2,1,1,26,11,15
BLANCO COUNTY,031,49 Years,177,100,77,143,83,60,4,3,1,1,1,0,29,13,16
BLANCO COUNTY,031,50 Years,187,97,90,152,75,77,2,2,0,5,1,4,28,19,9
BLANCO COUNTY,031,51 Years,179,80,99,150,66,84,1,0,1,4,2,2,24,12,12
BLANCO COUNTY,031,52 Years,177,84,93,153,70,83,0,0,0,2,1,1,22,13,9
BLANCO COUNTY,031,53 Years,191,94,97,166,85,81,0,0,0,2,0,2,23,9,14
BLANCO COUNTY,031,54 Years,192,92,100,171,83,88,1,0,1,1,0,1,19,9,10
BLANCO COUNTY,031,55 Years,189,92,97,159,76,83,2,1,1,2,1,1,26,14,12
BLANCO COUNTY,031,56 Years,221,114,107,189,95,94,4,3,1,9,4,5,19,12,7
BLANCO COUNTY,031,57 Years,208,116,92,181,100,81,2,2,0,6,3,3,19,11,8
BLANCO COUNTY,031,58 Years,182,94,88,163,82,81,1,1,0,1,1,0,17,10,7
BLANCO COUNTY,031,59 Years,180,87,93,161,77,84,3,2,1,2,1,1,14,7,7
BLANCO COUNTY,031,60 Years,199,92,107,177,80,97,3,2,1,1,0,1,18,10,8
BLANCO COUNTY,031,61 Years,200,102,98,180,89,91,1,0,1,2,0,2,17,13,4
BLANCO COUNTY,031,62 Years,178,79,99,163,71,92,2,1,1,2,1,1,11,6,5
BLANCO COUNTY,031,63 Years,198,96,102,177,85,92,1,0,1,10,8,2,10,3,7
BLANCO COUNTY,031,64 Years,185,89,96,166,78,88,0,0,0,6,4,2,13,7,6
BLANCO COUNTY,031,65 Years,165,82,83,154,77,77,0,0,0,0,0,0,11,5,6
BLANCO COUNTY,031,66 Years,146,72,74,136,67,69,0,0,0,2,1,1,8,4,4
BLANCO COUNTY,031,67 Years,148,79,69,135,71,64,1,0,1,2,2,0,10,6,4
BLANCO COUNTY,031,68 Years,138,68,70,130,64,66,1,1,0,0,0,0,7,3,4
BLANCO COUNTY,031,69 Years,138,70,68,128,65,63,0,0,0,2,1,1,8,4,4
BLANCO COUNTY,031,70 Years,137,67,70,124,60,64,0,0,0,2,1,1,11,6,5
BLANCO COUNTY,031,71 Years,105,52,53,99,48,51,0,0,0,0,0,0,6,4,2
BLANCO COUNTY,031,72 Years,97,51,46,91,50,41,1,0,1,0,0,0,5,1,4
BLANCO COUNTY,031,73 Years,89,50,39,78,44,34,0,0,0,1,0,1,10,6,4
BLANCO COUNTY,031,74 Years,88,44,44,79,41,38,0,0,0,0,0,0,9,3,6
BLANCO COUNTY,031,75 Years,78,38,40,73,34,39,0,0,0,0,0,0,5,4,1
BLANCO COUNTY,031,76 Years,76,30,46,71,28,43,0,0,0,0,0,0,5,2,3
BLANCO COUNTY,031,77 Years,67,32,35,57,27,30,0,0,0,0,0,0,10,5,5
BLANCO COUNTY,031,78 Years,62,35,27,55,30,25,0,0,0,1,1,0,6,4,2
BLANCO COUNTY,031,79 Years,50,27,23,48,26,22,0,0,0,0,0,0,2,1,1
BLANCO COUNTY,031,80 Years,50,24,26,42,21,21,0,0,0,2,1,1,6,2,4
BLANCO COUNTY,031,81 Years,43,23,20,39,21,18,0,0,0,0,0,0,4,2,2
BLANCO COUNTY,031,82 Years,48,23,25,45,22,23,1,0,1,0,0,0,2,1,1
BLANCO COUNTY,031,83 Years,45,18,27,44,18,26,0,0,0,0,0,0,1,0,1
BLANCO COUNTY,031,84 Years,38,12,26,36,11,25,0,0,0,0,0,0,2,1,1
BLANCO COUNTY,031,85 Years +,228,80,148,222,78,144,1,0,1,0,0,0,5,2,3
BORDEN COUNTY,033,All Ages,646,336,310,545,281,264,0,0,0,9,2,7,92,53,39
BORDEN COUNTY,033,< 1 Year,5,3,2,4,2,2,0,0,0,0,0,0,1,1,0
BORDEN COUNTY,033,1 Years,6,3,3,4,2,2,0,0,0,0,0,0,2,1,1
BORDEN COUNTY,033,2 Years,8,5,3,4,3,1,0,0,0,0,0,0,4,2,2
BORDEN COUNTY,033,3 Years,4,2,2,3,2,1,0,0,0,0,0,0,1,0,1
BORDEN COUNTY,033,4 Years,4,4,0,2,2,0,0,0,0,0,0,0,2,2,0
BORDEN COUNTY,033,5 Years,5,3,2,3,2,1,0,0,0,0,0,0,2,1,1
BORDEN COUNTY,033,6 Years,9,5,4,6,3,3,0,0,0,0,0,0,3,2,1
BORDEN COUNTY,033,7 Years,9,3,6,7,2,5,0,0,0,0,0,0,2,1,1
BORDEN COUNTY,033,8 Years,5,2,3,4,1,3,0,0,0,0,0,0,1,1,0
BORDEN COUNTY,033,9 Years,6,2,4,3,1,2,0,0,0,0,0,0,3,1,2
BORDEN COUNTY,033,10 Years,4,2,2,4,2,2,0,0,0,0,0,0,0,0,0
BORDEN COUNTY,033,11 Years,5,2,3,4,2,2,0,0,0,0,0,0,1,0,1
BORDEN COUNTY,033,12 Years,7,2,5,6,1,5,0,0,0,0,0,0,1,1,0
BORDEN COUNTY,033,13 Years,11,6,5,11,6,5,0,0,0,0,0,0,0,0,0
BORDEN COUNTY,033,14 Years,10,8,2,8,6,2,0,0,0,0,0,0,2,2,0
BORDEN COUNTY,033,15 Years,14,7,7,12,6,6,0,0,0,0,0,0,2,1,1
BORDEN COUNTY,033,16 Years,10,6,4,7,4,3,0,0,0,0,0,0,3,2,1
BORDEN COUNTY,033,17 Years,6,3,3,5,3,2,0,0,0,0,0,0,1,0,1
BORDEN COUNTY,033,18 Years,14,9,5,12,7,5,0,0,0,0,0,0,2,2,0
BORDEN COUNTY,033,19 Years,12,9,3,10,7,3,0,0,0,1,1,0,1,1,0
BORDEN COUNTY,033,20 Years,5,4,1,4,3,1,0,0,0,0,0,0,1,1,0
BORDEN COUNTY,033,21 Years,5,2,3,5,2,3,0,0,0,0,0,0,0,0,0
BORDEN COUNTY,033,22 Years,5,2,3,5,2,3,0,0,0,0,0,0,0,0,0
BORDEN COUNTY,033,23 Years,6,4,2,6,4,2,0,0,0,0,0,0,0,0,0
BORDEN COUNTY,033,24 Years,3,2,1,3,2,1,0,0,0,0,0,0,0,0,0
BORDEN COUNTY,033,25 Years,7,3,4,5,3,2,0,0,0,0,0,0,2,0,2
BORDEN COUNTY,033,26 Years,4,1,3,3,1,2,0,0,0,0,0,0,1,0,1
BORDEN COUNTY,033,27 Years,3,1,2,3,1,2,0,0,0,0,0,0,0,0,0
BORDEN COUNTY,033,28 Years,3,1,2,3,1,2,0,0,0,0,0,0,0,0,0
BORDEN COUNTY,033,29 Years,6,2,4,3,1,2,0,0,0,0,0,0,3,1,2
BORDEN COUNTY,033,30 Years,7,5,2,5,4,1,0,0,0,0,0,0,2,1,1
BORDEN COUNTY,033,31 Years,5,4,1,3,3,0,0,0,0,0,0,0,2,1,1
BORDEN COUNTY,033,32 Years,8,4,4,4,2,2,0,0,0,0,0,0,4,2,2
BORDEN COUNTY,033,33 Years,7,4,3,6,3,3,0,0,0,0,0,0,1,1,0
BORDEN COUNTY,033,34 Years,5,1,4,5,1,4,0,0,0,0,0,0,0,0,0
BORDEN COUNTY,033,35 Years,5,3,2,5,3,2,0,0,0,0,0,0,0,0,0
BORDEN COUNTY,033,36 Years,3,2,1,3,2,1,0,0,0,0,0,0,0,0,0
BORDEN COUNTY,033,37 Years,7,3,4,5,1,4,0,0,0,0,0,0,2,2,0
BORDEN COUNTY,033,38 Years,8,6,2,7,5,2,0,0,0,0,0,0,1,1,0
BORDEN COUNTY,033,39 Years,9,7,2,8,6,2,0,0,0,0,0,0,1,1,0
BORDEN COUNTY,033,40 Years,8,3,5,8,3,5,0,0,0,0,0,0,0,0,0
BORDEN COUNTY,033,41 Years,12,7,5,11,7,4,0,0,0,0,0,0,1,0,1
BORDEN COUNTY,033,42 Years,13,8,5,11,7,4,0,0,0,1,0,1,1,1,0
BORDEN COUNTY,033,43 Years,8,3,5,5,3,2,0,0,0,1,0,1,2,0,2
BORDEN COUNTY,033,44 Years,5,2,3,4,2,2,0,0,0,1,0,1,0,0,0
BORDEN COUNTY,033,45 Years,6,3,3,5,3,2,0,0,0,0,0,0,1,0,1
BORDEN COUNTY,033,46 Years,10,3,7,8,3,5,0,0,0,0,0,0,2,0,2
BORDEN COUNTY,033,47 Years,16,7,9,14,6,8,0,0,0,0,0,0,2,1,1
BORDEN COUNTY,033,48 Years,12,5,7,11,5,6,0,0,0,0,0,0,1,0,1
BORDEN COUNTY,033,49 Years,11,3,8,9,3,6,0,0,0,1,0,1,1,0,1
BORDEN COUNTY,033,50 Years,9,4,5,6,3,3,0,0,0,1,0,1,2,1,1
BORDEN COUNTY,033,51 Years,9,6,3,6,4,2,0,0,0,1,0,1,2,2,0
BORDEN COUNTY,033,52 Years,6,3,3,5,2,3,0,0,0,0,0,0,1,1,0
BORDEN COUNTY,033,53 Years,8,4,4,6,2,4,0,0,0,0,0,0,2,2,0
BORDEN COUNTY,033,54 Years,12,5,7,10,4,6,0,0,0,1,0,1,1,1,0
BORDEN COUNTY,033,55 Years,12,7,5,10,5,5,0,0,0,0,0,0,2,2,0
BORDEN COUNTY,033,56 Years,10,5,5,9,5,4,0,0,0,0,0,0,1,0,1
BORDEN COUNTY,033,57 Years,13,6,7,11,4,7,0,0,0,0,0,0,2,2,0
BORDEN COUNTY,033,58 Years,5,3,2,5,3,2,0,0,0,0,0,0,0,0,0
BORDEN COUNTY,033,59 Years,4,4,0,4,4,0,0,0,0,0,0,0,0,0,0
BORDEN COUNTY,033,60 Years,9,4,5,9,4,5,0,0,0,0,0,0,0,0,0
BORDEN COUNTY,033,61 Years,14,7,7,12,6,6,0,0,0,0,0,0,2,1,1
BORDEN COUNTY,033,62 Years,11,6,5,8,5,3,0,0,0,0,0,0,3,1,2
BORDEN COUNTY,033,63 Years,13,9,4,12,8,4,0,0,0,0,0,0,1,1,0
BORDEN COUNTY,033,64 Years,11,8,3,11,8,3,0,0,0,0,0,0,0,0,0
BORDEN COUNTY,033,65 Years,5,2,3,5,2,3,0,0,0,0,0,0,0,0,0
BORDEN COUNTY,033,66 Years,4,1,3,4,1,3,0,0,0,0,0,0,0,0,0
BORDEN COUNTY,033,67 Years,8,5,3,8,5,3,0,0,0,0,0,0,0,0,0
BORDEN COUNTY,033,68 Years,11,5,6,10,4,6,0,0,0,0,0,0,1,1,0
BORDEN COUNTY,033,69 Years,10,6,4,9,5,4,0,0,0,0,0,0,1,1,0
BORDEN COUNTY,033,70 Years,6,4,2,6,4,2,0,0,0,0,0,0,0,0,0
BORDEN COUNTY,033,71 Years,4,2,2,4,2,2,0,0,0,0,0,0,0,0,0
BORDEN COUNTY,033,72 Years,3,1,2,3,1,2,0,0,0,0,0,0,0,0,0
BORDEN COUNTY,033,73 Years,10,7,3,10,7,3,0,0,0,0,0,0,0,0,0
BORDEN COUNTY,033,74 Years,9,3,6,9,3,6,0,0,0,0,0,0,0,0,0
BORDEN COUNTY,033,75 Years,8,3,5,8,3,5,0,0,0,0,0,0,0,0,0
BORDEN COUNTY,033,76 Years,4,1,3,4,1,3,0,0,0,0,0,0,0,0,0
BORDEN COUNTY,033,77 Years,4,2,2,4,2,2,0,0,0,0,0,0,0,0,0
BORDEN COUNTY,033,78 Years,8,3,5,6,2,4,0,0,0,1,1,0,1,0,1
BORDEN COUNTY,033,79 Years,8,5,3,6,4,2,0,0,0,0,0,0,2,1,1
BORDEN COUNTY,033,80 Years,7,4,3,6,3,3,0,0,0,0,0,0,1,1,0
BORDEN COUNTY,033,81 Years,3,1,2,3,1,2,0,0,0,0,0,0,0,0,0
BORDEN COUNTY,033,82 Years,6,3,3,6,3,3,0,0,0,0,0,0,0,0,0
BORDEN COUNTY,033,83 Years,4,2,2,4,2,2,0,0,0,0,0,0,0,0,0
BORDEN COUNTY,033,84 Years,3,2,1,2,1,1,0,0,0,0,0,0,1,1,0
BORDEN COUNTY,033,85 Years +,9,2,7,8,2,6,0,0,0,0,0,0,1,0,1
BOSQUE COUNTY,035,All Ages,18356,9152,9204,14720,7220,7500,276,156,120,309,148,161,3051,1628,1423
BOSQUE COUNTY,035,< 1 Year,186,97,89,126,65,61,4,2,2,3,2,1,53,28,25
BOSQUE COUNTY,035,1 Years,173,80,93,107,46,61,5,2,3,6,4,2,55,28,27
BOSQUE COUNTY,035,2 Years,203,99,104,127,61,66,5,2,3,7,4,3,64,32,32
BOSQUE COUNTY,035,3 Years,212,118,94,133,70,63,3,2,1,2,1,1,74,45,29
BOSQUE COUNTY,035,4 Years,215,123,92,137,79,58,3,1,2,3,1,2,72,42,30
BOSQUE COUNTY,035,5 Years,212,119,93,132,73,59,3,1,2,6,2,4,71,43,28
BOSQUE COUNTY,035,6 Years,224,110,114,138,63,75,5,5,0,6,2,4,75,40,35
BOSQUE COUNTY,035,7 Years,219,120,99,147,79,68,2,2,0,7,5,2,63,34,29
BOSQUE COUNTY,035,8 Years,217,111,106,159,81,78,1,1,0,5,3,2,52,26,26
BOSQUE COUNTY,035,9 Years,224,113,111,145,71,74,6,3,3,4,1,3,69,38,31
BOSQUE COUNTY,035,10 Years,241,132,109,145,75,70,8,5,3,4,3,1,84,49,35
BOSQUE COUNTY,035,11 Years,260,147,113,169,95,74,5,4,1,3,2,1,83,46,37
BOSQUE COUNTY,035,12 Years,264,131,133,178,94,84,5,1,4,3,0,3,78,36,42
BOSQUE COUNTY,035,13 Years,245,122,123,172,85,87,4,3,1,4,1,3,65,33,32
BOSQUE COUNTY,035,14 Years,233,111,122,155,76,79,4,2,2,9,2,7,65,31,34
BOSQUE COUNTY,035,15 Years,237,112,125,163,73,90,5,3,2,9,5,4,60,31,29
BOSQUE COUNTY,035,16 Years,260,138,122,191,98,93,5,1,4,10,6,4,54,33,21
BOSQUE COUNTY,035,17 Years,270,148,122,196,103,93,3,1,2,8,3,5,63,41,22
BOSQUE COUNTY,035,18 Years,271,131,140,190,94,96,6,2,4,8,3,5,67,32,35
BOSQUE COUNTY,035,19 Years,210,98,112,153,73,80,4,1,3,3,1,2,50,23,27
BOSQUE COUNTY,035,20 Years,180,88,92,128,61,67,2,2,0,3,2,1,47,23,24
BOSQUE COUNTY,035,21 Years,185,99,86,132,70,62,5,4,1,1,0,1,47,25,22
BOSQUE COUNTY,035,22 Years,159,92,67,107,59,48,5,2,3,3,3,0,44,28,16
BOSQUE COUNTY,035,23 Years,156,82,74,107,54,53,4,2,2,3,1,2,42,25,17
BOSQUE COUNTY,035,24 Years,156,89,67,109,60,49,7,5,2,6,3,3,34,21,13
BOSQUE COUNTY,035,25 Years,142,75,67,105,53,52,3,3,0,3,1,2,31,18,13
BOSQUE COUNTY,035,26 Years,153,80,73,107,57,50,5,2,3,3,2,1,38,19,19
BOSQUE COUNTY,035,27 Years,148,68,80,94,47,47,3,2,1,4,1,3,47,18,29
BOSQUE COUNTY,035,28 Years,171,95,76,112,63,49,2,2,0,5,2,3,52,28,24
BOSQUE COUNTY,035,29 Years,174,92,82,118,65,53,4,3,1,3,2,1,49,22,27
BOSQUE COUNTY,035,30 Years,189,89,100,136,62,74,5,4,1,3,2,1,45,21,24
BOSQUE COUNTY,035,31 Years,178,94,84,126,65,61,3,2,1,3,2,1,46,25,21
BOSQUE COUNTY,035,32 Years,174,90,84,126,62,64,2,1,1,2,1,1,44,26,18
BOSQUE COUNTY,035,33 Years,158,73,85,115,53,62,2,2,0,2,1,1,39,17,22
BOSQUE COUNTY,035,34 Years,157,77,80,119,57,62,2,2,0,1,1,0,35,17,18
BOSQUE COUNTY,035,35 Years,178,92,86,134,70,64,1,1,0,2,1,1,41,20,21
BOSQUE COUNTY,035,36 Years,162,80,82,118,57,61,1,0,1,2,1,1,41,22,19
BOSQUE COUNTY,035,37 Years,166,81,85,127,63,64,4,1,3,2,0,2,33,17,16
BOSQUE COUNTY,035,38 Years,189,94,95,148,74,74,3,2,1,2,0,2,36,18,18
BOSQUE COUNTY,035,39 Years,204,101,103,160,80,80,3,3,0,3,1,2,38,17,21
BOSQUE COUNTY,035,40 Years,220,107,113,176,85,91,4,3,1,5,1,4,35,18,17
BOSQUE COUNTY,035,41 Years,227,104,123,178,83,95,5,2,3,3,0,3,41,19,22
BOSQUE COUNTY,035,42 Years,218,108,110,169,84,85,2,1,1,1,0,1,46,23,23
BOSQUE COUNTY,035,43 Years,228,114,114,173,87,86,4,0,4,4,2,2,47,25,22
BOSQUE COUNTY,035,44 Years,225,105,120,180,81,99,3,1,2,5,3,2,37,20,17
BOSQUE COUNTY,035,45 Years,211,104,107,168,84,84,2,0,2,4,2,2,37,18,19
BOSQUE COUNTY,035,46 Years,237,119,118,195,96,99,3,1,2,5,3,2,34,19,15
BOSQUE COUNTY,035,47 Years,250,126,124,205,99,106,4,3,1,2,2,0,39,22,17
BOSQUE COUNTY,035,48 Years,271,133,138,234,109,125,4,4,0,2,1,1,31,19,12
BOSQUE COUNTY,035,49 Years,239,119,120,198,99,99,2,1,1,3,2,1,36,17,19
BOSQUE COUNTY,035,50 Years,252,122,130,214,102,112,2,1,1,5,2,3,31,17,14
BOSQUE COUNTY,035,51 Years,277,137,140,240,115,125,3,3,0,4,1,3,30,18,12
BOSQUE COUNTY,035,52 Years,291,155,136,248,131,117,8,3,5,4,1,3,31,20,11
BOSQUE COUNTY,035,53 Years,279,141,138,243,121,122,3,1,2,7,3,4,26,16,10
BOSQUE COUNTY,035,54 Years,297,142,155,265,125,140,2,1,1,4,1,3,26,15,11
BOSQUE COUNTY,035,55 Years,288,141,147,253,121,132,6,5,1,3,0,3,26,15,11
BOSQUE COUNTY,035,56 Years,268,145,123,238,127,111,6,6,0,4,2,2,20,10,10
BOSQUE COUNTY,035,57 Years,249,127,122,222,111,111,4,2,2,5,3,2,18,11,7
BOSQUE COUNTY,035,58 Years,257,134,123,228,116,112,6,3,3,4,2,2,19,13,6
BOSQUE COUNTY,035,59 Years,268,128,140,240,112,128,5,2,3,5,3,2,18,11,7
BOSQUE COUNTY,035,60 Years,260,135,125,238,121,117,3,2,1,3,2,1,16,10,6
BOSQUE COUNTY,035,61 Years,268,148,120,242,131,111,2,1,1,6,5,1,18,11,7
BOSQUE COUNTY,035,62 Years,274,138,136,234,122,112,6,3,3,4,2,2,30,11,19
BOSQUE COUNTY,035,63 Years,284,141,143,255,126,129,3,2,1,5,3,2,21,10,11
BOSQUE COUNTY,035,64 Years,299,136,163,273,123,150,1,1,0,2,1,1,23,11,12
BOSQUE COUNTY,035,65 Years,260,131,129,233,115,118,2,0,2,2,2,0,23,14,9
BOSQUE COUNTY,035,66 Years,268,130,138,244,120,124,3,0,3,2,1,1,19,9,10
BOSQUE COUNTY,035,67 Years,272,128,144,252,119,133,1,0,1,2,1,1,17,8,9
BOSQUE COUNTY,035,68 Years,240,108,132,224,98,126,1,0,1,4,3,1,11,7,4
BOSQUE COUNTY,035,69 Years,250,124,126,232,115,117,2,1,1,3,1,2,13,7,6
BOSQUE COUNTY,035,70 Years,230,108,122,215,99,116,1,1,0,2,1,1,12,7,5
BOSQUE COUNTY,035,71 Years,219,118,101,206,110,96,1,0,1,1,1,0,11,7,4
BOSQUE COUNTY,035,72 Years,210,108,102,201,101,100,3,2,1,2,2,0,4,3,1
BOSQUE COUNTY,035,73 Years,188,92,96,172,84,88,4,2,2,3,2,1,9,4,5
BOSQUE COUNTY,035,74 Years,177,78,99,167,74,93,1,1,0,1,0,1,8,3,5
BOSQUE COUNTY,035,75 Years,152,70,82,141,64,77,4,3,1,2,1,1,5,2,3
BOSQUE COUNTY,035,76 Years,128,61,67,119,56,63,1,1,0,3,1,2,5,3,2
BOSQUE COUNTY,035,77 Years,117,58,59,109,54,55,3,2,1,1,0,1,4,2,2
BOSQUE COUNTY,035,78 Years,136,69,67,128,64,64,2,2,0,1,0,1,5,3,2
BOSQUE COUNTY,035,79 Years,127,66,61,122,63,59,0,0,0,2,1,1,3,2,1
BOSQUE COUNTY,035,80 Years,107,57,50,101,54,47,0,0,0,2,1,1,4,2,2
BOSQUE COUNTY,035,81 Years,98,45,53,93,44,49,0,0,0,2,0,2,3,1,2
BOSQUE COUNTY,035,82 Years,97,47,50,93,46,47,1,0,1,1,0,1,2,1,1
BOSQUE COUNTY,035,83 Years,92,40,52,88,38,50,1,0,1,1,1,0,2,1,1
BOSQUE COUNTY,035,84 Years,83,33,50,79,31,48,0,0,0,2,1,1,2,1,1
BOSQUE COUNTY,035,85 Years +,513,181,332,501,174,327,0,0,0,5,3,2,7,4,3
BOWIE COUNTY,037,All Ages,93275,47158,46117,61344,30217,31127,22543,11381,11162,3081,1541,1540,6307,4019,2288
BOWIE COUNTY,037,< 1 Year,1207,620,587,706,364,342,334,168,166,59,31,28,108,57,51
BOWIE COUNTY,037,1 Years,1132,584,548,634,334,300,327,169,158,63,26,37,108,55,53
BOWIE COUNTY,037,2 Years,1130,573,557,638,317,321,306,156,150,69,39,30,117,61,56
BOWIE COUNTY,037,3 Years,1197,624,573,668,349,319,333,179,154,69,39,30,127,57,70
BOWIE COUNTY,037,4 Years,1275,649,626,704,354,350,343,173,170,83,50,33,145,72,73
BOWIE COUNTY,037,5 Years,1228,639,589,705,373,332,311,156,155,83,40,43,129,70,59
BOWIE COUNTY,037,6 Years,1254,644,610,705,366,339,345,171,174,83,43,40,121,64,57
BOWIE COUNTY,037,7 Years,1257,650,607,726,364,362,345,176,169,75,43,32,111,67,44
BOWIE COUNTY,037,8 Years,1225,611,614,726,363,363,327,160,167,69,41,28,103,47,56
BOWIE COUNTY,037,9 Years,1236,632,604,726,376,350,337,157,180,73,45,28,100,54,46
BOWIE COUNTY,037,10 Years,1276,639,637,742,370,372,356,181,175,76,39,37,102,49,53
BOWIE COUNTY,037,11 Years,1277,641,636,749,365,384,358,189,169,75,34,41,95,53,42
BOWIE COUNTY,037,12 Years,1290,658,632,761,373,388,368,204,164,68,33,35,93,48,45
BOWIE COUNTY,037,13 Years,1213,619,594,690,344,346,361,192,169,68,37,31,94,46,48
BOWIE COUNTY,037,14 Years,1250,642,608,753,385,368,341,177,164,55,31,24,101,49,52
BOWIE COUNTY,037,15 Years,1289,642,647,764,373,391,374,195,179,55,27,28,96,47,49
BOWIE COUNTY,037,16 Years,1329,669,660,795,414,381,386,185,201,57,25,32,91,45,46
BOWIE COUNTY,037,17 Years,1338,691,647,799,419,380,405,198,207,52,30,22,82,44,38
BOWIE COUNTY,037,18 Years,1286,689,597,758,412,346,388,201,187,45,25,20,95,51,44
BOWIE COUNTY,037,19 Years,1206,652,554,683,368,315,371,193,178,34,15,19,118,76,42
BOWIE COUNTY,037,20 Years,1204,644,560,679,360,319,368,188,180,36,15,21,121,81,40
BOWIE COUNTY,037,21 Years,1168,628,540,678,354,324,326,174,152,32,15,17,132,85,47
BOWIE COUNTY,037,22 Years,1161,637,524,671,349,322,331,180,151,43,25,18,116,83,33
BOWIE COUNTY,037,23 Years,1174,647,527,703,362,341,283,153,130,34,24,10,154,108,46
BOWIE COUNTY,037,24 Years,1196,634,562,699,349,350,323,173,150,36,19,17,138,93,45
BOWIE COUNTY,037,25 Years,1220,655,565,700,339,361,337,186,151,26,17,9,157,113,44
BOWIE COUNTY,037,26 Years,1162,629,533,667,332,335,315,176,139,36,17,19,144,104,40
BOWIE COUNTY,037,27 Years,1219,669,550,706,359,347,338,189,149,30,13,17,145,108,37
BOWIE COUNTY,037,28 Years,1215,650,565,719,367,352,317,163,154,29,13,16,150,107,43
BOWIE COUNTY,037,29 Years,1268,699,569,757,398,359,337,172,165,29,15,14,145,114,31
BOWIE COUNTY,037,30 Years,1372,743,629,796,400,396,385,198,187,25,12,13,166,133,33
BOWIE COUNTY,037,31 Years,1269,702,567,765,394,371,314,172,142,30,13,17,160,123,37
BOWIE COUNTY,037,32 Years,1296,737,559,773,414,359,340,196,144,39,16,23,144,111,33
BOWIE COUNTY,037,33 Years,1222,653,569,730,364,366,330,180,150,43,17,26,119,92,27
BOWIE COUNTY,037,34 Years,1174,619,555,716,346,370,311,177,134,33,11,22,114,85,29
BOWIE COUNTY,037,35 Years,1136,633,503,678,354,324,306,168,138,29,17,12,123,94,29
BOWIE COUNTY,037,36 Years,1171,638,533,694,371,323,334,172,162,33,16,17,110,79,31
BOWIE COUNTY,037,37 Years,1160,601,559,698,343,355,315,168,147,39,21,18,108,69,39
BOWIE COUNTY,037,38 Years,1207,643,564,735,378,357,320,165,155,42,20,22,110,80,30
BOWIE COUNTY,037,39 Years,1218,656,562,793,418,375,305,161,144,33,16,17,87,61,26
BOWIE COUNTY,037,40 Years,1288,668,620,853,434,419,311,155,156,32,16,16,92,63,29
BOWIE COUNTY,037,41 Years,1302,693,609,854,431,423,313,172,141,34,18,16,101,72,29
BOWIE COUNTY,037,42 Years,1186,648,538,774,413,361,282,154,128,43,18,25,87,63,24
BOWIE COUNTY,037,43 Years,1199,638,561,773,394,379,312,171,141,34,14,20,80,59,21
BOWIE COUNTY,037,44 Years,1160,613,547,761,395,366,290,149,141,29,15,14,80,54,26
BOWIE COUNTY,037,45 Years,1196,638,558,786,416,370,288,145,143,34,15,19,88,62,26
BOWIE COUNTY,037,46 Years,1287,658,629,856,433,423,312,148,164,37,19,18,82,58,24
BOWIE COUNTY,037,47 Years,1276,658,618,870,444,426,303,151,152,36,18,18,67,45,22
BOWIE COUNTY,037,48 Years,1355,692,663,952,484,468,302,149,153,35,16,19,66,43,23
BOWIE COUNTY,037,49 Years,1379,709,670,962,485,477,330,181,149,36,11,25,51,32,19
BOWIE COUNTY,037,50 Years,1376,713,663,931,465,466,331,175,156,46,25,21,68,48,20
BOWIE COUNTY,037,51 Years,1391,707,684,964,478,486,312,157,155,54,29,25,61,43,18
BOWIE COUNTY,037,52 Years,1268,636,632,890,448,442,296,143,153,37,16,21,45,29,16
BOWIE COUNTY,037,53 Years,1278,659,619,908,467,441,292,144,148,35,18,17,43,30,13
BOWIE COUNTY,037,54 Years,1291,643,648,943,473,470,269,120,149,39,18,21,40,32,8
BOWIE COUNTY,037,55 Years,1282,642,640,897,438,459,319,165,154,31,13,18,35,26,9
BOWIE COUNTY,037,56 Years,1206,579,627,867,414,453,268,130,138,26,11,15,45,24,21
BOWIE COUNTY,037,57 Years,1180,576,604,858,416,442,259,130,129,28,13,15,35,17,18
BOWIE COUNTY,037,58 Years,1161,551,610,846,397,449,259,125,134,28,15,13,28,14,14
BOWIE COUNTY,037,59 Years,1128,546,582,844,402,442,230,115,115,31,15,16,23,14,9
BOWIE COUNTY,037,60 Years,1134,572,562,840,423,417,240,118,122,31,15,16,23,16,7
BOWIE COUNTY,037,61 Years,1069,536,533,802,406,396,210,99,111,24,13,11,33,18,15
BOWIE COUNTY,037,62 Years,1080,543,537,824,421,403,197,92,105,31,17,14,28,13,15
BOWIE COUNTY,037,63 Years,1146,564,582,869,426,443,223,109,114,33,18,15,21,11,10
BOWIE COUNTY,037,64 Years,1120,548,572,865,418,447,202,101,101,30,16,14,23,13,10
BOWIE COUNTY,037,65 Years,898,431,467,699,339,360,153,64,89,21,10,11,25,18,7
BOWIE COUNTY,037,66 Years,832,376,456,638,290,348,159,69,90,18,8,10,17,9,8
BOWIE COUNTY,037,67 Years,880,389,491,693,309,384,154,68,86,20,7,13,13,5,8
BOWIE COUNTY,037,68 Years,841,382,459,677,307,370,136,65,71,17,7,10,11,3,8
BOWIE COUNTY,037,69 Years,773,364,409,621,296,325,127,53,74,17,10,7,8,5,3
BOWIE COUNTY,037,70 Years,696,338,358,571,284,287,102,44,58,15,7,8,8,3,5
BOWIE COUNTY,037,71 Years,667,296,371,545,249,296,104,38,66,9,4,5,9,5,4
BOWIE COUNTY,037,72 Years,631,303,328,518,251,267,89,41,48,12,4,8,12,7,5
BOWIE COUNTY,037,73 Years,568,260,308,467,222,245,86,32,54,6,3,3,9,3,6
BOWIE COUNTY,037,74 Years,564,255,309,468,218,250,78,29,49,11,5,6,7,3,4
BOWIE COUNTY,037,75 Years,510,228,282,424,192,232,70,28,42,10,5,5,6,3,3
BOWIE COUNTY,037,76 Years,504,212,292,413,174,239,75,31,44,11,4,7,5,3,2
BOWIE COUNTY,037,77 Years,461,201,260,384,168,216,63,26,37,8,4,4,6,3,3
BOWIE COUNTY,037,78 Years,455,180,275,374,151,223,66,23,43,8,4,4,7,2,5
BOWIE COUNTY,037,79 Years,439,172,267,359,144,215,67,25,42,7,3,4,6,0,6
BOWIE COUNTY,037,80 Years,396,156,240,325,130,195,60,22,38,7,4,3,4,0,4
BOWIE COUNTY,037,81 Years,361,142,219,300,117,183,48,20,28,8,3,5,5,2,3
BOWIE COUNTY,037,82 Years,375,141,234,314,122,192,50,15,35,8,3,5,3,1,2
BOWIE COUNTY,037,83 Years,352,132,220,298,114,184,49,15,34,4,2,2,1,1,0
BOWIE COUNTY,037,84 Years,324,126,198,270,108,162,47,15,32,4,2,2,3,1,2
BOWIE COUNTY,037,85 Years +,1903,559,1344,1608,477,1131,259,69,190,18,5,13,18,8,10
BRAZORIA COUNTY,039,All Ages,319949,162258,157691,167123,83892,83231,38309,20056,18253,24483,11820,12663,90034,46490,43544
BRAZORIA COUNTY,039,< 1 Year,4765,2441,2324,2241,1149,1092,440,227,213,468,240,228,1616,825,791
BRAZORIA COUNTY,039,1 Years,4875,2483,2392,2169,1102,1067,468,242,226,487,246,241,1751,893,858
BRAZORIA COUNTY,039,2 Years,4999,2504,2495,2136,1051,1085,518,257,261,537,268,269,1808,928,880
BRAZORIA COUNTY,039,3 Years,4974,2539,2435,2080,1061,1019,514,255,259,536,274,262,1844,949,895
BRAZORIA COUNTY,039,4 Years,5122,2616,2506,2118,1090,1028,552,260,292,547,279,268,1905,987,918
BRAZORIA COUNTY,039,5 Years,4948,2562,2386,2093,1116,977,533,273,260,512,276,236,1810,897,913
BRAZORIA COUNTY,039,6 Years,4921,2514,2407,2010,1032,978,537,263,274,553,289,264,1821,930,891
BRAZORIA COUNTY,039,7 Years,4969,2509,2460,2032,1009,1023,586,283,303,520,267,253,1831,950,881
BRAZORIA COUNTY,039,8 Years,4978,2546,2432,2033,1045,988,567,283,284,520,262,258,1858,956,902
BRAZORIA COUNTY,039,9 Years,5002,2526,2476,2047,1053,994,598,293,305,491,237,254,1866,943,923
BRAZORIA COUNTY,039,10 Years,5089,2573,2516,2135,1080,1055,609,324,285,487,234,253,1858,935,923
BRAZORIA COUNTY,039,11 Years,5154,2641,2513,2215,1147,1068,610,329,281,449,224,225,1880,941,939
BRAZORIA COUNTY,039,12 Years,4820,2479,2341,2100,1087,1013,602,323,279,382,198,184,1736,871,865
BRAZORIA COUNTY,039,13 Years,4810,2490,2320,2080,1085,995,594,294,300,372,198,174,1764,913,851
BRAZORIA COUNTY,039,14 Years,4727,2459,2268,2024,1045,979,636,317,319,376,200,176,1691,897,794
BRAZORIA COUNTY,039,15 Years,4693,2384,2309,1997,1011,986,614,306,308,369,199,170,1713,868,845
BRAZORIA COUNTY,039,16 Years,4806,2482,2324,2075,1064,1011,652,352,300,370,199,171,1709,867,842
BRAZORIA COUNTY,039,17 Years,4808,2550,2258,2046,1060,986,688,398,290,334,174,160,1740,918,822
BRAZORIA COUNTY,039,18 Years,4665,2502,2163,2011,1045,966,666,369,297,322,160,162,1666,928,738
BRAZORIA COUNTY,039,19 Years,4134,2202,1932,1764,943,821,555,294,261,273,138,135,1542,827,715
BRAZORIA COUNTY,039,20 Years,3707,1951,1756,1643,882,761,444,236,208,214,109,105,1406,724,682
BRAZORIA COUNTY,039,21 Years,3626,1889,1737,1583,826,757,430,217,213,203,108,95,1410,738,672
BRAZORIA COUNTY,039,22 Years,3478,1832,1646,1607,840,767,401,211,190,212,104,108,1258,677,581
BRAZORIA COUNTY,039,23 Years,3503,1824,1679,1665,852,813,414,238,176,208,102,106,1216,632,584
BRAZORIA COUNTY,039,24 Years,3558,1844,1714,1705,870,835,424,250,174,203,101,102,1226,623,603
BRAZORIA COUNTY,039,25 Years,3600,1866,1734,1767,898,869,385,214,171,210,101,109,1238,653,585
BRAZORIA COUNTY,039,26 Years,3846,1963,1883,1913,958,955,424,216,208,226,110,116,1283,679,604
BRAZORIA COUNTY,039,27 Years,3948,2001,1947,1935,968,967,445,227,218,238,124,114,1330,682,648
BRAZORIA COUNTY,039,28 Years,4326,2264,2062,2158,1127,1031,456,277,179,290,139,151,1422,721,701
BRAZORIA COUNTY,039,29 Years,4477,2276,2201,2210,1105,1105,514,311,203,300,123,177,1453,737,716
BRAZORIA COUNTY,039,30 Years,4564,2283,2281,2226,1102,1124,587,312,275,324,122,202,1427,747,680
BRAZORIA COUNTY,039,31 Years,4610,2261,2349,2165,1008,1157,639,352,287,348,140,208,1458,761,697
BRAZORIA COUNTY,039,32 Years,4455,2198,2257,2102,1037,1065,591,313,278,359,131,228,1403,717,686
BRAZORIA COUNTY,039,33 Years,4647,2422,2225,2194,1150,1044,583,308,275,386,172,214,1484,792,692
BRAZORIA COUNTY,039,34 Years,4530,2337,2193,2093,1055,1038,606,342,264,413,201,212,1418,739,679
BRAZORIA COUNTY,039,35 Years,4603,2328,2275,2107,1043,1064,623,338,285,445,211,234,1428,736,692
BRAZORIA COUNTY,039,36 Years,4637,2339,2298,2155,1108,1047,637,302,335,450,197,253,1395,732,663
BRAZORIA COUNTY,039,37 Years,4670,2318,2352,2145,1069,1076,630,303,327,504,209,295,1391,737,654
BRAZORIA COUNTY,039,38 Years,4876,2451,2425,2194,1082,1112,715,386,329,544,241,303,1423,742,681
BRAZORIA COUNTY,039,39 Years,4965,2518,2447,2353,1206,1147,710,376,334,504,231,273,1398,705,693
BRAZORIA COUNTY,039,40 Years,5223,2632,2591,2570,1286,1284,736,404,332,484,223,261,1433,719,714
BRAZORIA COUNTY,039,41 Years,5043,2582,2461,2509,1299,1210,723,370,353,458,221,237,1353,692,661
BRAZORIA COUNTY,039,42 Years,4768,2472,2296,2396,1225,1171,662,366,296,460,225,235,1250,656,594
BRAZORIA COUNTY,039,43 Years,4578,2371,2207,2284,1177,1107,629,351,278,433,213,220,1232,630,602
BRAZORIA COUNTY,039,44 Years,4654,2424,2230,2363,1218,1145,642,366,276,382,190,192,1267,650,617
BRAZORIA COUNTY,039,45 Years,4617,2458,2159,2367,1252,1115,679,372,307,376,195,181,1195,639,556
BRAZORIA COUNTY,039,46 Years,4723,2434,2289,2480,1253,1227,673,362,311,381,190,191,1189,629,560
BRAZORIA COUNTY,039,47 Years,4781,2416,2365,2618,1323,1295,652,332,320,359,165,194,1152,596,556
BRAZORIA COUNTY,039,48 Years,4912,2584,2328,2758,1401,1357,693,392,301,347,184,163,1114,607,507
BRAZORIA COUNTY,039,49 Years,4811,2472,2339,2824,1408,1416,622,326,296,310,162,148,1055,576,479
BRAZORIA COUNTY,039,50 Years,4735,2409,2326,2793,1397,1396,648,342,306,292,139,153,1002,531,471
BRAZORIA COUNTY,039,51 Years,4843,2490,2353,2981,1500,1481,606,333,273,310,140,170,946,517,429
BRAZORIA COUNTY,039,52 Years,4730,2421,2309,2924,1488,1436,601,334,267,284,126,158,921,473,448
BRAZORIA COUNTY,039,53 Years,4669,2398,2271,2926,1482,1444,586,327,259,255,116,139,902,473,429
BRAZORIA COUNTY,039,54 Years,4470,2289,2181,2802,1404,1398,545,301,244,258,126,132,865,458,407
BRAZORIA COUNTY,039,55 Years,4202,2154,2048,2638,1330,1308,500,260,240,245,118,127,819,446,373
BRAZORIA COUNTY,039,56 Years,4191,2169,2022,2701,1382,1319,470,251,219,236,112,124,784,424,360
BRAZORIA COUNTY,039,57 Years,3970,2060,1910,2573,1341,1232,430,208,222,231,111,120,736,400,336
BRAZORIA COUNTY,039,58 Years,3808,2001,1807,2453,1292,1161,449,244,205,229,102,127,677,363,314
BRAZORIA COUNTY,039,59 Years,3521,1797,1724,2318,1195,1123,416,199,217,185,83,102,602,320,282
BRAZORIA COUNTY,039,60 Years,3232,1635,1597,2082,1073,1009,406,188,218,196,87,109,548,287,261
BRAZORIA COUNTY,039,61 Years,3182,1607,1575,2110,1066,1044,369,184,185,177,82,95,526,275,251
BRAZORIA COUNTY,039,62 Years,3101,1555,1546,2071,1047,1024,342,180,162,182,80,102,506,248,258
BRAZORIA COUNTY,039,63 Years,3020,1563,1457,2069,1075,994,302,166,136,173,79,94,476,243,233
BRAZORIA COUNTY,039,64 Years,2911,1499,1412,2050,1046,1004,274,150,124,158,81,77,429,222,207
BRAZORIA COUNTY,039,65 Years,2307,1153,1154,1582,792,790,214,107,107,144,76,68,367,178,189
BRAZORIA COUNTY,039,66 Years,2251,1105,1146,1511,752,759,221,99,122,143,64,79,376,190,186
BRAZORIA COUNTY,039,67 Years,2314,1128,1186,1606,774,832,222,107,115,124,57,67,362,190,172
BRAZORIA COUNTY,039,68 Years,2118,1008,1110,1527,728,799,187,91,96,121,60,61,283,129,154
BRAZORIA COUNTY,039,69 Years,1940,934,1006,1391,677,714,164,82,82,120,60,60,265,115,150
BRAZORIA COUNTY,039,70 Years,1786,843,943,1261,600,661,149,71,78,108,47,61,268,125,143
BRAZORIA COUNTY,039,71 Years,1679,805,874,1205,583,622,135,67,68,103,44,59,236,111,125
BRAZORIA COUNTY,039,72 Years,1535,747,788,1123,540,583,111,58,53,92,43,49,209,106,103
BRAZORIA COUNTY,039,73 Years,1431,702,729,1066,526,540,98,46,52,80,42,38,187,88,99
BRAZORIA COUNTY,039,74 Years,1264,602,662,949,446,503,78,39,39,64,31,33,173,86,87
BRAZORIA COUNTY,039,75 Years,1243,559,684,941,430,511,83,39,44,59,20,39,160,70,90
BRAZORIA COUNTY,039,76 Years,1246,569,677,939,428,511,67,29,38,65,32,33,175,80,95
BRAZORIA COUNTY,039,77 Years,1121,512,609,857,399,458,67,25,42,59,30,29,138,58,80
BRAZORIA COUNTY,039,78 Years,1037,458,579,799,360,439,74,26,48,50,24,26,114,48,66
BRAZORIA COUNTY,039,79 Years,923,393,530,703,299,404,74,29,45,40,16,24,106,49,57
BRAZORIA COUNTY,039,80 Years,878,358,520,668,274,394,61,20,41,46,17,29,103,47,56
BRAZORIA COUNTY,039,81 Years,857,351,506,666,270,396,58,26,32,30,14,16,103,41,62
BRAZORIA COUNTY,039,82 Years,803,333,470,635,258,377,59,27,32,23,11,12,86,37,49
BRAZORIA COUNTY,039,83 Years,713,285,428,562,232,330,54,17,37,22,8,14,75,28,47
BRAZORIA COUNTY,039,84 Years,667,255,412,527,206,321,44,11,33,21,9,12,75,29,46
BRAZORIA COUNTY,039,85 Years +,3256,1099,2157,2619,897,1722,237,61,176,82,27,55,318,114,204
BRAZOS COUNTY,041,All Ages,198311,100447,97864,115902,58333,57569,21167,10153,11014,13931,7463,6468,47311,24498,22813
BRAZOS COUNTY,041,< 1 Year,3307,1681,1626,1539,782,757,357,180,177,208,107,101,1203,612,591
BRAZOS COUNTY,041,1 Years,2817,1411,1406,1229,601,628,364,185,179,219,107,112,1005,518,487
BRAZOS COUNTY,041,2 Years,2508,1254,1254,1016,503,513,351,180,171,198,98,100,943,473,470
BRAZOS COUNTY,041,3 Years,2567,1305,1262,1030,511,519,375,202,173,208,106,102,954,486,468
BRAZOS COUNTY,041,4 Years,2520,1313,1207,1005,522,483,374,193,181,204,97,107,937,501,436
BRAZOS COUNTY,041,5 Years,2363,1193,1170,921,473,448,356,174,182,178,86,92,908,460,448
BRAZOS COUNTY,041,6 Years,2353,1203,1150,950,493,457,339,162,177,170,94,76,894,454,440
BRAZOS COUNTY,041,7 Years,2266,1168,1098,919,482,437,360,183,177,169,85,84,818,418,400
BRAZOS COUNTY,041,8 Years,2260,1156,1104,936,497,439,360,171,189,139,68,71,825,420,405
BRAZOS COUNTY,041,9 Years,2209,1086,1123,912,468,444,351,160,191,120,54,66,826,404,422
BRAZOS COUNTY,041,10 Years,2188,1109,1079,898,465,433,344,172,172,126,53,73,820,419,401
BRAZOS COUNTY,041,11 Years,2110,1062,1048,872,429,443,341,182,159,119,56,63,778,395,383
BRAZOS COUNTY,041,12 Years,2065,1057,1008,917,487,430,319,167,152,109,57,52,720,346,374
BRAZOS COUNTY,041,13 Years,1974,990,984,831,432,399,322,160,162,131,72,59,690,326,364
BRAZOS COUNTY,041,14 Years,1974,1002,972,839,422,417,311,160,151,112,63,49,712,357,355
BRAZOS COUNTY,041,15 Years,1933,1020,913,833,438,395,322,173,149,117,61,56,661,348,313
BRAZOS COUNTY,041,16 Years,1947,998,949,869,431,438,306,165,141,110,53,57,662,349,313
BRAZOS COUNTY,041,17 Years,2003,1035,968,873,438,435,354,184,170,113,59,54,663,354,309
BRAZOS COUNTY,041,18 Years,4900,2403,2497,3080,1479,1601,456,230,226,282,150,132,1082,544,538
BRAZOS COUNTY,041,19 Years,10737,5357,5380,7422,3686,3736,597,290,307,583,315,268,2135,1066,1069
BRAZOS COUNTY,041,20 Years,11764,5922,5842,8309,4098,4211,670,357,313,648,373,275,2137,1094,1043
BRAZOS COUNTY,041,21 Years,11533,5994,5539,8216,4278,3938,588,292,296,679,371,308,2050,1053,997
BRAZOS COUNTY,041,22 Years,9645,5304,4341,6774,3773,3001,491,235,256,665,370,295,1715,926,789
BRAZOS COUNTY,041,23 Years,6436,3680,2756,4066,2316,1750,459,222,237,587,382,205,1324,760,564
BRAZOS COUNTY,041,24 Years,4510,2455,2055,2591,1395,1196,385,178,207,543,336,207,991,546,445
BRAZOS COUNTY,041,25 Years,4086,2186,1900,2201,1149,1052,366,169,197,553,339,214,966,529,437
BRAZOS COUNTY,041,26 Years,3845,2066,1779,2039,1079,960,356,157,199,500,290,210,950,540,410
BRAZOS COUNTY,041,27 Years,3568,1920,1648,1900,1027,873,325,153,172,424,228,196,919,512,407
BRAZOS COUNTY,041,28 Years,3324,1785,1539,1686,901,785,334,151,183,394,216,178,910,517,393
BRAZOS COUNTY,041,29 Years,3215,1708,1507,1674,899,775,344,153,191,374,207,167,823,449,374
BRAZOS COUNTY,041,30 Years,2983,1555,1428,1456,746,710,348,178,170,380,215,165,799,416,383
BRAZOS COUNTY,041,31 Years,2759,1478,1281,1357,727,630,311,156,155,322,173,149,769,422,347
BRAZOS COUNTY,041,32 Years,2504,1289,1215,1248,639,609,270,124,146,289,169,120,697,357,340
BRAZOS COUNTY,041,33 Years,2407,1302,1105,1213,648,565,245,132,113,244,142,102,705,380,325
BRAZOS COUNTY,041,34 Years,2324,1197,1127,1180,618,562,258,129,129,227,110,117,659,340,319
BRAZOS COUNTY,041,35 Years,2123,1072,1051,1029,533,496,258,114,144,210,105,105,626,320,306
BRAZOS COUNTY,041,36 Years,2004,1028,976,931,488,443,233,98,135,207,105,102,633,337,296
BRAZOS COUNTY,041,37 Years,1953,1005,948,941,489,452,243,115,128,212,116,96,557,285,272
BRAZOS COUNTY,041,38 Years,1990,998,992,957,474,483,259,128,131,210,111,99,564,285,279
BRAZOS COUNTY,041,39 Years,1995,1004,991,997,501,496,262,124,138,166,90,76,570,289,281
BRAZOS COUNTY,041,40 Years,2025,966,1059,1090,531,559,264,105,159,144,67,77,527,263,264
BRAZOS COUNTY,041,41 Years,1963,948,1015,1070,519,551,246,104,142,142,62,80,505,263,242
BRAZOS COUNTY,041,42 Years,1834,891,943,985,474,511,241,118,123,136,58,78,472,241,231
BRAZOS COUNTY,041,43 Years,1770,882,888,938,471,467,258,130,128,102,45,57,472,236,236
BRAZOS COUNTY,041,44 Years,1749,864,885,918,451,467,281,130,151,108,56,52,442,227,215
BRAZOS COUNTY,041,45 Years,1788,888,900,962,468,494,286,134,152,107,55,52,433,231,202
BRAZOS COUNTY,041,46 Years,1807,893,914,990,485,505,284,141,143,100,47,53,433,220,213
BRAZOS COUNTY,041,47 Years,1859,918,941,1039,509,530,263,120,143,111,56,55,446,233,213
BRAZOS COUNTY,041,48 Years,1834,905,929,1068,509,559,270,122,148,97,58,39,399,216,183
BRAZOS COUNTY,041,49 Years,1733,829,904,1051,494,557,259,118,141,94,53,41,329,164,165
BRAZOS COUNTY,041,50 Years,1835,881,954,1147,543,604,240,112,128,89,41,48,359,185,174
BRAZOS COUNTY,041,51 Years,1874,909,965,1181,561,620,272,133,139,85,37,48,336,178,158
BRAZOS COUNTY,041,52 Years,1757,863,894,1128,559,569,234,103,131,78,31,47,317,170,147
BRAZOS COUNTY,041,53 Years,1799,892,907,1160,580,580,243,114,129,73,32,41,323,166,157
BRAZOS COUNTY,041,54 Years,1825,883,942,1186,576,610,245,113,132,72,31,41,322,163,159
BRAZOS COUNTY,041,55 Years,1684,802,882,1141,545,596,204,97,107,64,30,34,275,130,145
BRAZOS COUNTY,041,56 Years,1608,767,841,1071,513,558,203,94,109,68,31,37,266,129,137
BRAZOS COUNTY,041,57 Years,1591,775,816,1080,516,564,193,93,100,66,31,35,252,135,117
BRAZOS COUNTY,041,58 Years,1521,759,762,1053,525,528,177,80,97,58,25,33,233,129,104
BRAZOS COUNTY,041,59 Years,1445,711,734,997,473,524,184,87,97,61,32,29,203,119,84
BRAZOS COUNTY,041,60 Years,1325,650,675,917,448,469,163,77,86,60,25,35,185,100,85
BRAZOS COUNTY,041,61 Years,1309,649,660,926,470,456,149,72,77,52,24,28,182,83,99
BRAZOS COUNTY,041,62 Years,1195,581,614,870,420,450,121,58,63,41,24,17,163,79,84
BRAZOS COUNTY,041,63 Years,1271,601,670,939,438,501,121,62,59,40,19,21,171,82,89
BRAZOS COUNTY,041,64 Years,1291,622,669,962,461,501,127,62,65,39,22,17,163,77,86
BRAZOS COUNTY,041,65 Years,1060,504,556,779,376,403,95,41,54,41,19,22,145,68,77
BRAZOS COUNTY,041,66 Years,1007,467,540,720,341,379,99,44,55,36,17,19,152,65,87
BRAZOS COUNTY,041,67 Years,954,439,515,707,321,386,91,38,53,33,20,13,123,60,63
BRAZOS COUNTY,041,68 Years,891,424,467,671,324,347,86,35,51,27,14,13,107,51,56
BRAZOS COUNTY,041,69 Years,814,383,431,621,296,325,72,31,41,25,12,13,96,44,52
BRAZOS COUNTY,041,70 Years,760,342,418,577,257,320,73,31,42,26,11,15,84,43,41
BRAZOS COUNTY,041,71 Years,700,298,402,533,227,306,75,29,46,25,10,15,67,32,35
BRAZOS COUNTY,041,72 Years,673,306,367,528,244,284,73,32,41,19,8,11,53,22,31
BRAZOS COUNTY,041,73 Years,676,304,372,526,242,284,68,29,39,22,8,14,60,25,35
BRAZOS COUNTY,041,74 Years,611,276,335,460,211,249,58,22,36,14,6,8,79,37,42
BRAZOS COUNTY,041,75 Years,564,253,311,424,192,232,60,22,38,14,5,9,66,34,32
BRAZOS COUNTY,041,76 Years,548,251,297,420,197,223,56,19,37,19,9,10,53,26,27
BRAZOS COUNTY,041,77 Years,557,251,306,438,201,237,54,18,36,15,6,9,50,26,24
BRAZOS COUNTY,041,78 Years,510,223,287,393,174,219,58,24,34,13,6,7,46,19,27
BRAZOS COUNTY,041,79 Years,478,203,275,383,169,214,45,18,27,8,4,4,42,12,30
BRAZOS COUNTY,041,80 Years,449,185,264,378,159,219,33,13,20,10,4,6,28,9,19
BRAZOS COUNTY,041,81 Years,414,178,236,331,141,190,37,16,21,7,3,4,39,18,21
BRAZOS COUNTY,041,82 Years,374,152,222,300,122,178,35,12,23,6,2,4,33,16,17
BRAZOS COUNTY,041,83 Years,376,145,231,319,126,193,23,7,16,7,3,4,27,9,18
BRAZOS COUNTY,041,84 Years,320,130,190,256,105,151,25,10,15,7,3,4,32,12,20
BRAZOS COUNTY,041,85 Years +,1914,653,1261,1613,552,1061,159,45,114,21,12,9,121,44,77
BREWSTER COUNTY,043,All Ages,9333,4700,4633,5056,2555,2501,84,64,20,227,111,116,3966,1970,1996
BREWSTER COUNTY,043,< 1 Year,106,56,50,43,23,20,0,0,0,3,2,1,60,31,29
BREWSTER COUNTY,043,1 Years,118,58,60,47,25,22,0,0,0,5,2,3,66,31,35
BREWSTER COUNTY,043,2 Years,106,54,52,43,23,20,1,1,0,5,2,3,57,28,29
BREWSTER COUNTY,043,3 Years,95,51,44,37,17,20,1,1,0,3,1,2,54,32,22
BREWSTER COUNTY,043,4 Years,96,51,45,33,15,18,1,0,1,3,1,2,59,35,24
BREWSTER COUNTY,043,5 Years,120,61,59,44,20,24,0,0,0,6,3,3,70,38,32
BREWSTER COUNTY,043,6 Years,103,46,57,34,13,21,1,1,0,5,3,2,63,29,34
BREWSTER COUNTY,043,7 Years,103,58,45,42,24,18,0,0,0,3,2,1,58,32,26
BREWSTER COUNTY,043,8 Years,107,61,46,46,30,16,1,1,0,3,2,1,57,28,29
BREWSTER COUNTY,043,9 Years,111,63,48,44,27,17,3,3,0,6,4,2,58,29,29
BREWSTER COUNTY,043,10 Years,108,51,57,38,13,25,0,0,0,6,4,2,64,34,30
BREWSTER COUNTY,043,11 Years,117,61,56,47,22,25,0,0,0,3,2,1,67,37,30
BREWSTER COUNTY,043,12 Years,100,46,54,37,16,21,1,0,1,4,3,1,58,27,31
BREWSTER COUNTY,043,13 Years,100,48,52,43,24,19,1,0,1,3,1,2,53,23,30
BREWSTER COUNTY,043,14 Years,101,48,53,35,19,16,1,0,1,2,0,2,63,29,34
BREWSTER COUNTY,043,15 Years,111,52,59,46,19,27,0,0,0,3,2,1,62,31,31
BREWSTER COUNTY,043,16 Years,90,44,46,28,12,16,0,0,0,4,2,2,58,30,28
BREWSTER COUNTY,043,17 Years,111,54,57,40,19,21,0,0,0,3,0,3,68,35,33
BREWSTER COUNTY,043,18 Years,122,57,65,54,26,28,0,0,0,2,0,2,66,31,35
BREWSTER COUNTY,043,19 Years,107,59,48,47,27,20,2,1,1,0,0,0,58,31,27
BREWSTER COUNTY,043,20 Years,126,61,65,40,20,20,2,2,0,5,3,2,79,36,43
BREWSTER COUNTY,043,21 Years,145,73,72,51,28,23,5,4,1,4,1,3,85,40,45
BREWSTER COUNTY,043,22 Years,138,78,60,57,30,27,5,5,0,8,7,1,68,36,32
BREWSTER COUNTY,043,23 Years,129,74,55,61,33,28,5,5,0,6,3,3,57,33,24
BREWSTER COUNTY,043,24 Years,115,64,51,59,35,24,6,5,1,2,0,2,48,24,24
BREWSTER COUNTY,043,25 Years,125,56,69,56,20,36,3,3,0,2,0,2,64,33,31
BREWSTER COUNTY,043,26 Years,144,75,69,69,41,28,3,2,1,4,2,2,68,30,38
BREWSTER COUNTY,043,27 Years,134,85,49,73,49,24,0,0,0,4,3,1,57,33,24
BREWSTER COUNTY,043,28 Years,132,67,65,68,33,35,2,2,0,6,2,4,56,30,26
BREWSTER COUNTY,043,29 Years,128,69,59,69,36,33,2,2,0,5,2,3,52,29,23
BREWSTER COUNTY,043,30 Years,130,75,55,66,40,26,1,0,1,3,0,3,60,35,25
BREWSTER COUNTY,043,31 Years,114,70,44,60,39,21,0,0,0,0,0,0,54,31,23
BREWSTER COUNTY,043,32 Years,87,41,46,45,20,25,1,1,0,1,0,1,40,20,20
BREWSTER COUNTY,043,33 Years,101,43,58,53,22,31,1,1,0,3,2,1,44,18,26
BREWSTER COUNTY,043,34 Years,91,41,50,47,22,25,1,0,1,2,2,0,41,17,24
BREWSTER COUNTY,043,35 Years,111,59,52,54,32,22,2,2,0,3,3,0,52,22,30
BREWSTER COUNTY,043,36 Years,123,62,61,59,28,31,3,3,0,2,2,0,59,29,30
BREWSTER COUNTY,043,37 Years,89,52,37,51,31,20,2,1,1,3,1,2,33,19,14
BREWSTER COUNTY,043,38 Years,80,40,40,41,21,20,1,0,1,1,0,1,37,19,18
BREWSTER COUNTY,043,39 Years,108,55,53,53,27,26,0,0,0,3,2,1,52,26,26
BREWSTER COUNTY,043,40 Years,103,53,50,58,32,26,0,0,0,4,3,1,41,18,23
BREWSTER COUNTY,043,41 Years,110,52,58,58,26,32,1,1,0,2,2,0,49,23,26
BREWSTER COUNTY,043,42 Years,103,52,51,49,25,24,1,1,0,2,1,1,51,25,26
BREWSTER COUNTY,043,43 Years,107,50,57,53,27,26,0,0,0,3,2,1,51,21,30
BREWSTER COUNTY,043,44 Years,105,47,58,47,21,26,3,2,1,3,2,1,52,22,30
BREWSTER COUNTY,043,45 Years,95,45,50,48,22,26,2,1,1,3,1,2,42,21,21
BREWSTER COUNTY,043,46 Years,111,49,62,56,25,31,1,1,0,1,0,1,53,23,30
BREWSTER COUNTY,043,47 Years,123,57,66,67,32,35,1,0,1,0,0,0,55,25,30
BREWSTER COUNTY,043,48 Years,125,63,62,71,32,39,0,0,0,2,1,1,52,30,22
BREWSTER COUNTY,043,49 Years,133,58,75,89,41,48,1,1,0,1,0,1,42,16,26
BREWSTER COUNTY,043,50 Years,130,66,64,70,38,32,2,2,0,1,0,1,57,26,31
BREWSTER COUNTY,043,51 Years,132,68,64,78,38,40,1,1,0,1,0,1,52,29,23
BREWSTER COUNTY,043,52 Years,126,60,66,71,35,36,0,0,0,5,3,2,50,22,28
BREWSTER COUNTY,043,53 Years,127,64,63,76,35,41,0,0,0,2,1,1,49,28,21
BREWSTER COUNTY,043,54 Years,146,74,72,94,48,46,0,0,0,3,1,2,49,25,24
BREWSTER COUNTY,043,55 Years,135,64,71,95,45,50,3,1,2,1,0,1,36,18,18
BREWSTER COUNTY,043,56 Years,149,75,74,105,47,58,3,2,1,2,1,1,39,25,14
BREWSTER COUNTY,043,57 Years,150,75,75,100,47,53,1,1,0,1,0,1,48,27,21
BREWSTER COUNTY,043,58 Years,157,83,74,109,57,52,0,0,0,2,0,2,46,26,20
BREWSTER COUNTY,043,59 Years,147,79,68,103,58,45,0,0,0,2,0,2,42,21,21
BREWSTER COUNTY,043,60 Years,129,68,61,84,42,42,1,1,0,5,2,3,39,23,16
BREWSTER COUNTY,043,61 Years,151,67,84,104,44,60,1,1,0,5,2,3,41,20,21
BREWSTER COUNTY,043,62 Years,149,68,81,111,52,59,1,0,1,5,2,3,32,14,18
BREWSTER COUNTY,043,63 Years,140,80,60,106,63,43,1,0,1,4,3,1,29,14,15
BREWSTER COUNTY,043,64 Years,146,82,64,116,65,51,0,0,0,3,1,2,27,16,11
BREWSTER COUNTY,043,65 Years,125,70,55,93,54,39,0,0,0,3,1,2,29,15,14
BREWSTER COUNTY,043,66 Years,114,60,54,76,44,32,0,0,0,3,2,1,35,14,21
BREWSTER COUNTY,043,67 Years,103,51,52,70,37,33,0,0,0,4,2,2,29,12,17
BREWSTER COUNTY,043,68 Years,101,50,51,68,38,30,0,0,0,1,0,1,32,12,20
BREWSTER COUNTY,043,69 Years,95,44,51,71,33,38,0,0,0,1,0,1,23,11,12
BREWSTER COUNTY,043,70 Years,92,45,47,70,36,34,0,0,0,1,0,1,21,9,12
BREWSTER COUNTY,043,71 Years,91,51,40,60,33,27,0,0,0,0,0,0,31,18,13
BREWSTER COUNTY,043,72 Years,98,56,42,64,36,28,0,0,0,3,2,1,31,18,13
BREWSTER COUNTY,043,73 Years,81,47,34,53,31,22,0,0,0,1,1,0,27,15,12
BREWSTER COUNTY,043,74 Years,67,41,26,40,23,17,1,1,0,1,1,0,25,16,9
BREWSTER COUNTY,043,75 Years,54,30,24,34,20,14,1,1,0,0,0,0,19,9,10
BREWSTER COUNTY,043,76 Years,64,26,38,39,19,20,0,0,0,0,0,0,25,7,18
BREWSTER COUNTY,043,77 Years,55,24,31,32,15,17,0,0,0,0,0,0,23,9,14
BREWSTER COUNTY,043,78 Years,46,22,24,32,14,18,0,0,0,0,0,0,14,8,6
BREWSTER COUNTY,043,79 Years,44,19,25,29,12,17,0,0,0,0,0,0,15,7,8
BREWSTER COUNTY,043,80 Years,50,18,32,29,11,18,0,0,0,1,1,0,20,6,14
BREWSTER COUNTY,043,81 Years,48,20,28,28,11,17,0,0,0,1,1,0,19,8,11
BREWSTER COUNTY,043,82 Years,38,19,19,27,14,13,0,0,0,1,0,1,10,5,5
BREWSTER COUNTY,043,83 Years,42,18,24,27,12,15,0,0,0,1,0,1,14,6,8
BREWSTER COUNTY,043,84 Years,37,17,20,24,11,13,0,0,0,0,0,0,13,6,7
BREWSTER COUNTY,043,85 Years +,177,54,123,112,33,79,0,0,0,3,1,2,62,20,42
BRISCOE COUNTY,045,All Ages,1652,818,834,1162,571,591,42,20,22,26,14,12,422,213,209
BRISCOE COUNTY,045,< 1 Year,17,9,8,9,5,4,0,0,0,0,0,0,8,4,4
BRISCOE COUNTY,045,1 Years,20,10,10,6,4,2,1,0,1,1,0,1,12,6,6
BRISCOE COUNTY,045,2 Years,17,7,10,8,3,5,1,0,1,0,0,0,8,4,4
BRISCOE COUNTY,045,3 Years,19,10,9,9,4,5,0,0,0,2,1,1,8,5,3
BRISCOE COUNTY,045,4 Years,23,11,12,9,3,6,0,0,0,0,0,0,14,8,6
BRISCOE COUNTY,045,5 Years,23,12,11,10,6,4,1,1,0,0,0,0,12,5,7
BRISCOE COUNTY,045,6 Years,19,10,9,11,6,5,0,0,0,0,0,0,8,4,4
BRISCOE COUNTY,045,7 Years,16,5,11,9,4,5,0,0,0,0,0,0,7,1,6
BRISCOE COUNTY,045,8 Years,18,12,6,11,8,3,0,0,0,0,0,0,7,4,3
BRISCOE COUNTY,045,9 Years,22,14,8,14,9,5,3,1,2,0,0,0,5,4,1
BRISCOE COUNTY,045,10 Years,17,9,8,9,4,5,0,0,0,1,1,0,7,4,3
BRISCOE COUNTY,045,11 Years,20,9,11,11,3,8,1,1,0,1,1,0,7,4,3
BRISCOE COUNTY,045,12 Years,29,13,16,18,7,11,0,0,0,1,0,1,10,6,4
BRISCOE COUNTY,045,13 Years,15,7,8,12,5,7,0,0,0,0,0,0,3,2,1
BRISCOE COUNTY,045,14 Years,15,7,8,7,3,4,0,0,0,0,0,0,8,4,4
BRISCOE COUNTY,045,15 Years,22,11,11,14,6,8,0,0,0,1,0,1,7,5,2
BRISCOE COUNTY,045,16 Years,20,7,13,13,4,9,0,0,0,1,0,1,6,3,3
BRISCOE COUNTY,045,17 Years,26,14,12,16,9,7,1,1,0,3,1,2,6,3,3
BRISCOE COUNTY,045,18 Years,21,14,7,9,6,3,0,0,0,2,1,1,10,7,3
BRISCOE COUNTY,045,19 Years,20,11,9,9,4,5,0,0,0,1,1,0,10,6,4
BRISCOE COUNTY,045,20 Years,15,9,6,7,4,3,0,0,0,1,1,0,7,4,3
BRISCOE COUNTY,045,21 Years,14,9,5,7,4,3,0,0,0,0,0,0,7,5,2
BRISCOE COUNTY,045,22 Years,12,5,7,4,2,2,0,0,0,0,0,0,8,3,5
BRISCOE COUNTY,045,23 Years,16,10,6,6,4,2,1,1,0,1,0,1,8,5,3
BRISCOE COUNTY,045,24 Years,10,3,7,4,2,2,0,0,0,1,0,1,5,1,4
BRISCOE COUNTY,045,25 Years,15,8,7,8,4,4,2,2,0,0,0,0,5,2,3
BRISCOE COUNTY,045,26 Years,11,6,5,7,4,3,1,1,0,0,0,0,3,1,2
BRISCOE COUNTY,045,27 Years,12,8,4,10,7,3,0,0,0,0,0,0,2,1,1
BRISCOE COUNTY,045,28 Years,12,6,6,7,3,4,0,0,0,0,0,0,5,3,2
BRISCOE COUNTY,045,29 Years,14,8,6,7,3,4,0,0,0,0,0,0,7,5,2
BRISCOE COUNTY,045,30 Years,18,11,7,12,7,5,0,0,0,0,0,0,6,4,2
BRISCOE COUNTY,045,31 Years,18,8,10,12,5,7,0,0,0,0,0,0,6,3,3
BRISCOE COUNTY,045,32 Years,13,3,10,6,1,5,0,0,0,0,0,0,7,2,5
BRISCOE COUNTY,045,33 Years,16,7,9,9,5,4,0,0,0,0,0,0,7,2,5
BRISCOE COUNTY,045,34 Years,21,15,6,10,8,2,2,1,1,0,0,0,9,6,3
BRISCOE COUNTY,045,35 Years,24,12,12,15,7,8,1,1,0,0,0,0,8,4,4
BRISCOE COUNTY,045,36 Years,24,12,12,17,9,8,1,0,1,0,0,0,6,3,3
BRISCOE COUNTY,045,37 Years,15,7,8,8,4,4,1,0,1,0,0,0,6,3,3
BRISCOE COUNTY,045,38 Years,19,11,8,11,5,6,0,0,0,1,1,0,7,5,2
BRISCOE COUNTY,045,39 Years,18,9,9,13,7,6,1,0,1,0,0,0,4,2,2
BRISCOE COUNTY,045,40 Years,17,7,10,14,6,8,0,0,0,0,0,0,3,1,2
BRISCOE COUNTY,045,41 Years,17,8,9,11,6,5,1,1,0,0,0,0,5,1,4
BRISCOE COUNTY,045,42 Years,23,11,12,16,9,7,1,1,0,0,0,0,6,1,5
BRISCOE COUNTY,045,43 Years,12,6,6,7,4,3,0,0,0,0,0,0,5,2,3
BRISCOE COUNTY,045,44 Years,15,8,7,13,7,6,0,0,0,0,0,0,2,1,1
BRISCOE COUNTY,045,45 Years,15,8,7,12,6,6,0,0,0,0,0,0,3,2,1
BRISCOE COUNTY,045,46 Years,27,13,14,23,12,11,1,0,1,0,0,0,3,1,2
BRISCOE COUNTY,045,47 Years,25,9,16,17,8,9,1,0,1,0,0,0,7,1,6
BRISCOE COUNTY,045,48 Years,20,9,11,14,6,8,0,0,0,1,1,0,5,2,3
BRISCOE COUNTY,045,49 Years,29,17,12,20,10,10,0,0,0,1,1,0,8,6,2
BRISCOE COUNTY,045,50 Years,27,18,9,21,13,8,0,0,0,0,0,0,6,5,1
BRISCOE COUNTY,045,51 Years,25,12,13,19,9,10,0,0,0,0,0,0,6,3,3
BRISCOE COUNTY,045,52 Years,22,13,9,16,11,5,0,0,0,0,0,0,6,2,4
BRISCOE COUNTY,045,53 Years,18,7,11,13,5,8,1,1,0,0,0,0,4,1,3
BRISCOE COUNTY,045,54 Years,23,11,12,18,8,10,1,1,0,0,0,0,4,2,2
BRISCOE COUNTY,045,55 Years,23,9,14,20,7,13,1,1,0,0,0,0,2,1,1
BRISCOE COUNTY,045,56 Years,21,8,13,17,6,11,1,1,0,1,0,1,2,1,1
BRISCOE COUNTY,045,57 Years,21,8,13,18,8,10,1,0,1,0,0,0,2,0,2
BRISCOE COUNTY,045,58 Years,24,14,10,21,12,9,0,0,0,1,1,0,2,1,1
BRISCOE COUNTY,045,59 Years,25,15,10,24,14,10,0,0,0,0,0,0,1,1,0
BRISCOE COUNTY,045,60 Years,19,11,8,16,8,8,0,0,0,1,1,0,2,2,0
BRISCOE COUNTY,045,61 Years,19,7,12,16,5,11,0,0,0,0,0,0,3,2,1
BRISCOE COUNTY,045,62 Years,23,10,13,19,9,10,0,0,0,0,0,0,4,1,3
BRISCOE COUNTY,045,63 Years,24,11,13,19,9,10,2,1,1,0,0,0,3,1,2
BRISCOE COUNTY,045,64 Years,32,17,15,27,15,12,1,0,1,1,1,0,3,1,2
BRISCOE COUNTY,045,65 Years,33,18,15,28,16,12,1,0,1,0,0,0,4,2,2
BRISCOE COUNTY,045,66 Years,20,12,8,16,11,5,1,0,1,0,0,0,3,1,2
BRISCOE COUNTY,045,67 Years,22,11,11,17,9,8,2,1,1,0,0,0,3,1,2
BRISCOE COUNTY,045,68 Years,23,11,12,18,8,10,1,1,0,1,0,1,3,2,1
BRISCOE COUNTY,045,69 Years,22,11,11,19,9,10,0,0,0,0,0,0,3,2,1
BRISCOE COUNTY,045,70 Years,15,9,6,14,8,6,0,0,0,0,0,0,1,1,0
BRISCOE COUNTY,045,71 Years,16,8,8,15,7,8,0,0,0,0,0,0,1,1,0
BRISCOE COUNTY,045,72 Years,14,4,10,12,4,8,1,0,1,0,0,0,1,0,1
BRISCOE COUNTY,045,73 Years,18,10,8,16,9,7,0,0,0,0,0,0,2,1,1
BRISCOE COUNTY,045,74 Years,15,7,8,14,7,7,0,0,0,0,0,0,1,0,1
BRISCOE COUNTY,045,75 Years,17,7,10,15,7,8,1,0,1,0,0,0,1,0,1
BRISCOE COUNTY,045,76 Years,19,9,10,17,8,9,0,0,0,0,0,0,2,1,1
BRISCOE COUNTY,045,77 Years,15,7,8,13,6,7,0,0,0,0,0,0,2,1,1
BRISCOE COUNTY,045,78 Years,15,8,7,14,8,6,0,0,0,0,0,0,1,0,1
BRISCOE COUNTY,045,79 Years,22,13,9,19,10,9,0,0,0,0,0,0,3,3,0
BRISCOE COUNTY,045,80 Years,15,6,9,15,6,9,0,0,0,0,0,0,0,0,0
BRISCOE COUNTY,045,81 Years,14,6,8,12,5,7,0,0,0,0,0,0,2,1,1
BRISCOE COUNTY,045,82 Years,6,3,3,6,3,3,0,0,0,0,0,0,0,0,0
BRISCOE COUNTY,045,83 Years,8,4,4,7,4,3,0,0,0,0,0,0,1,0,1
BRISCOE COUNTY,045,84 Years,11,5,6,10,5,5,0,0,0,0,0,0,1,0,1
BRISCOE COUNTY,045,85 Years +,50,13,37,40,10,30,5,1,4,1,1,0,4,1,3
BROOKS COUNTY,047,All Ages,7272,3614,3658,575,280,295,22,12,10,40,17,23,6635,3305,3330
BROOKS COUNTY,047,< 1 Year,125,64,61,6,3,3,0,0,0,1,0,1,118,61,57
BROOKS COUNTY,047,1 Years,127,63,64,8,4,4,0,0,0,0,0,0,119,59,60
BROOKS COUNTY,047,2 Years,114,62,52,6,2,4,0,0,0,0,0,0,108,60,48
BROOKS COUNTY,047,3 Years,116,60,56,11,7,4,0,0,0,2,0,2,103,53,50
BROOKS COUNTY,047,4 Years,133,69,64,7,5,2,0,0,0,1,0,1,125,64,61
BROOKS COUNTY,047,5 Years,124,69,55,9,6,3,0,0,0,0,0,0,115,63,52
BROOKS COUNTY,047,6 Years,113,54,59,7,4,3,0,0,0,0,0,0,106,50,56
BROOKS COUNTY,047,7 Years,104,53,51,5,3,2,1,0,1,2,2,0,96,48,48
BROOKS COUNTY,047,8 Years,87,40,47,4,1,3,1,0,1,0,0,0,82,39,43
BROOKS COUNTY,047,9 Years,113,55,58,7,1,6,1,1,0,0,0,0,105,53,52
BROOKS COUNTY,047,10 Years,104,52,52,5,4,1,0,0,0,1,0,1,98,48,50
BROOKS COUNTY,047,11 Years,106,61,45,6,3,3,1,1,0,1,1,0,98,56,42
BROOKS COUNTY,047,12 Years,107,66,41,6,4,2,1,0,1,1,1,0,99,61,38
BROOKS COUNTY,047,13 Years,106,60,46,7,5,2,1,0,1,0,0,0,98,55,43
BROOKS COUNTY,047,14 Years,101,59,42,6,5,1,0,0,0,0,0,0,95,54,41
BROOKS COUNTY,047,15 Years,108,56,52,4,2,2,0,0,0,1,0,1,103,54,49
BROOKS COUNTY,047,16 Years,99,58,41,4,1,3,0,0,0,1,0,1,94,57,37
BROOKS COUNTY,047,17 Years,101,58,43,3,2,1,0,0,0,1,0,1,97,56,41
BROOKS COUNTY,047,18 Years,127,67,60,7,2,5,0,0,0,0,0,0,120,65,55
BROOKS COUNTY,047,19 Years,121,66,55,5,2,3,0,0,0,0,0,0,116,64,52
BROOKS COUNTY,047,20 Years,107,57,50,3,1,2,0,0,0,2,1,1,102,55,47
BROOKS COUNTY,047,21 Years,108,53,55,5,3,2,0,0,0,3,2,1,100,48,52
BROOKS COUNTY,047,22 Years,92,52,40,5,3,2,0,0,0,1,0,1,86,49,37
BROOKS COUNTY,047,23 Years,99,53,46,7,1,6,0,0,0,0,0,0,92,52,40
BROOKS COUNTY,047,24 Years,89,46,43,6,2,4,1,1,0,2,1,1,80,42,38
BROOKS COUNTY,047,25 Years,83,37,46,6,2,4,0,0,0,2,0,2,75,35,40
BROOKS COUNTY,047,26 Years,74,42,32,5,3,2,0,0,0,0,0,0,69,39,30
BROOKS COUNTY,047,27 Years,79,44,35,6,3,3,1,0,1,0,0,0,72,41,31
BROOKS COUNTY,047,28 Years,82,34,48,6,1,5,1,1,0,0,0,0,75,32,43
BROOKS COUNTY,047,29 Years,80,35,45,7,3,4,3,1,2,0,0,0,70,31,39
BROOKS COUNTY,047,30 Years,89,45,44,6,3,3,0,0,0,0,0,0,83,42,41
BROOKS COUNTY,047,31 Years,75,34,41,5,2,3,1,1,0,0,0,0,69,31,38
BROOKS COUNTY,047,32 Years,61,33,28,4,2,2,1,1,0,0,0,0,56,30,26
BROOKS COUNTY,047,33 Years,67,36,31,3,1,2,0,0,0,0,0,0,64,35,29
BROOKS COUNTY,047,34 Years,59,28,31,5,1,4,0,0,0,0,0,0,54,27,27
BROOKS COUNTY,047,35 Years,63,29,34,5,2,3,0,0,0,1,1,0,57,26,31
BROOKS COUNTY,047,36 Years,66,38,28,4,2,2,1,0,1,3,3,0,58,33,25
BROOKS COUNTY,047,37 Years,53,35,18,5,4,1,1,1,0,0,0,0,47,30,17
BROOKS COUNTY,047,38 Years,76,40,36,12,7,5,0,0,0,1,1,0,63,32,31
BROOKS COUNTY,047,39 Years,70,28,42,7,4,3,1,1,0,2,1,1,60,22,38
BROOKS COUNTY,047,40 Years,67,32,35,8,4,4,0,0,0,1,1,0,58,27,31
BROOKS COUNTY,047,41 Years,57,28,29,6,3,3,0,0,0,0,0,0,51,25,26
BROOKS COUNTY,047,42 Years,63,26,37,3,1,2,1,1,0,0,0,0,59,24,35
BROOKS COUNTY,047,43 Years,65,33,32,2,2,0,1,0,1,2,1,1,60,30,30
BROOKS COUNTY,047,44 Years,79,42,37,4,2,2,0,0,0,1,0,1,74,40,34
BROOKS COUNTY,047,45 Years,83,40,43,5,3,2,0,0,0,0,0,0,78,37,41
BROOKS COUNTY,047,46 Years,91,43,48,7,4,3,0,0,0,0,0,0,84,39,45
BROOKS COUNTY,047,47 Years,84,39,45,5,4,1,1,1,0,0,0,0,78,34,44
BROOKS COUNTY,047,48 Years,96,45,51,7,3,4,1,1,0,0,0,0,88,41,47
BROOKS COUNTY,047,49 Years,109,51,58,9,3,6,0,0,0,1,1,0,99,47,52
BROOKS COUNTY,047,50 Years,95,49,46,8,3,5,0,0,0,0,0,0,87,46,41
BROOKS COUNTY,047,51 Years,101,44,57,5,2,3,0,0,0,0,0,0,96,42,54
BROOKS COUNTY,047,52 Years,91,48,43,7,3,4,0,0,0,0,0,0,84,45,39
BROOKS COUNTY,047,53 Years,87,41,46,6,4,2,0,0,0,0,0,0,81,37,44
BROOKS COUNTY,047,54 Years,97,46,51,7,3,4,0,0,0,1,0,1,89,43,46
BROOKS COUNTY,047,55 Years,98,49,49,10,4,6,0,0,0,1,0,1,87,45,42
BROOKS COUNTY,047,56 Years,102,48,54,10,5,5,0,0,0,1,0,1,91,43,48
BROOKS COUNTY,047,57 Years,99,54,45,12,6,6,0,0,0,1,0,1,86,48,38
BROOKS COUNTY,047,58 Years,95,50,45,12,6,6,0,0,0,0,0,0,83,44,39
BROOKS COUNTY,047,59 Years,84,43,41,8,3,5,0,0,0,0,0,0,76,40,36
BROOKS COUNTY,047,60 Years,90,49,41,7,5,2,0,0,0,0,0,0,83,44,39
BROOKS COUNTY,047,61 Years,91,39,52,10,3,7,0,0,0,0,0,0,81,36,45
BROOKS COUNTY,047,62 Years,87,40,47,9,3,6,0,0,0,0,0,0,78,37,41
BROOKS COUNTY,047,63 Years,88,46,42,10,6,4,0,0,0,0,0,0,78,40,38
BROOKS COUNTY,047,64 Years,93,43,50,9,5,4,0,0,0,0,0,0,84,38,46
BROOKS COUNTY,047,65 Years,85,46,39,7,5,2,0,0,0,0,0,0,78,41,37
BROOKS COUNTY,047,66 Years,96,49,47,10,6,4,0,0,0,0,0,0,86,43,43
BROOKS COUNTY,047,67 Years,73,33,40,3,1,2,0,0,0,0,0,0,70,32,38
BROOKS COUNTY,047,68 Years,71,33,38,9,5,4,0,0,0,0,0,0,62,28,34
BROOKS COUNTY,047,69 Years,66,30,36,9,5,4,0,0,0,1,0,1,56,25,31
BROOKS COUNTY,047,70 Years,53,27,26,7,6,1,0,0,0,0,0,0,46,21,25
BROOKS COUNTY,047,71 Years,65,29,36,8,5,3,0,0,0,0,0,0,57,24,33
BROOKS COUNTY,047,72 Years,67,29,38,6,3,3,0,0,0,0,0,0,61,26,35
BROOKS COUNTY,047,73 Years,57,26,31,6,4,2,0,0,0,0,0,0,51,22,29
BROOKS COUNTY,047,74 Years,57,28,29,5,2,3,0,0,0,0,0,0,52,26,26
BROOKS COUNTY,047,75 Years,58,32,26,12,7,5,0,0,0,0,0,0,46,25,21
BROOKS COUNTY,047,76 Years,51,23,28,5,4,1,0,0,0,0,0,0,46,19,27
BROOKS COUNTY,047,77 Years,47,20,27,6,4,2,0,0,0,1,0,1,40,16,24
BROOKS COUNTY,047,78 Years,35,15,20,3,1,2,0,0,0,0,0,0,32,14,18
BROOKS COUNTY,047,79 Years,34,12,22,3,1,2,0,0,0,0,0,0,31,11,20
BROOKS COUNTY,047,80 Years,44,15,29,4,0,4,0,0,0,0,0,0,40,15,25
BROOKS COUNTY,047,81 Years,55,24,31,10,5,5,1,0,1,0,0,0,44,19,25
BROOKS COUNTY,047,82 Years,43,16,27,6,1,5,0,0,0,0,0,0,37,15,22
BROOKS COUNTY,047,83 Years,46,21,25,7,2,5,0,0,0,0,0,0,39,19,20
BROOKS COUNTY,047,84 Years,37,19,18,6,3,3,0,0,0,0,0,0,31,16,15
BROOKS COUNTY,047,85 Years +,132,28,104,22,4,18,0,0,0,0,0,0,110,24,86
BROWN COUNTY,049,All Ages,38341,18975,19366,28449,13923,14526,1317,721,596,904,456,448,7671,3875,3796
BROWN COUNTY,049,< 1 Year,450,225,225,302,150,152,17,9,8,9,5,4,122,61,61
BROWN COUNTY,049,1 Years,444,234,210,270,156,114,21,12,9,13,7,6,140,59,81
BROWN COUNTY,049,2 Years,471,260,211,279,155,124,21,14,7,20,11,9,151,80,71
BROWN COUNTY,049,3 Years,460,252,208,261,143,118,16,7,9,23,18,5,160,84,76
BROWN COUNTY,049,4 Years,515,261,254,306,152,154,17,6,11,22,13,9,170,90,80
BROWN COUNTY,049,5 Years,502,253,249,268,142,126,16,7,9,21,12,9,197,92,105
BROWN COUNTY,049,6 Years,487,233,254,277,134,143,13,4,9,20,12,8,177,83,94
BROWN COUNTY,049,7 Years,499,253,246,291,154,137,16,6,10,28,14,14,164,79,85
BROWN COUNTY,049,8 Years,533,293,240,319,183,136,16,6,10,22,9,13,176,95,81
BROWN COUNTY,049,9 Years,527,269,258,323,169,154,14,6,8,20,10,10,170,84,86
BROWN COUNTY,049,10 Years,519,269,250,339,186,153,17,7,10,19,10,9,144,66,78
BROWN COUNTY,049,11 Years,528,267,261,333,173,160,18,6,12,24,13,11,153,75,78
BROWN COUNTY,049,12 Years,514,264,250,314,166,148,14,8,6,21,13,8,165,77,88
BROWN COUNTY,049,13 Years,522,271,251,328,174,154,17,7,10,17,10,7,160,80,80
BROWN COUNTY,049,14 Years,522,268,254,347,190,157,18,8,10,11,4,7,146,66,80
BROWN COUNTY,049,15 Years,516,265,251,353,184,169,17,7,10,9,3,6,137,71,66
BROWN COUNTY,049,16 Years,531,255,276,356,172,184,24,9,15,7,3,4,144,71,73
BROWN COUNTY,049,17 Years,552,276,276,356,177,179,34,13,21,12,7,5,150,79,71
BROWN COUNTY,049,18 Years,545,277,268,324,157,167,48,23,25,12,7,5,161,90,71
BROWN COUNTY,049,19 Years,525,280,245,331,175,156,30,18,12,13,5,8,151,82,69
BROWN COUNTY,049,20 Years,542,300,242,364,198,166,28,17,11,16,7,9,134,78,56
BROWN COUNTY,049,21 Years,515,268,247,354,185,169,28,15,13,12,5,7,121,63,58
BROWN COUNTY,049,22 Years,501,244,257,341,167,174,24,11,13,13,6,7,123,60,63
BROWN COUNTY,049,23 Years,487,234,253,336,161,175,19,9,10,12,5,7,120,59,61
BROWN COUNTY,049,24 Years,469,221,248,309,136,173,24,13,11,12,5,7,124,67,57
BROWN COUNTY,049,25 Years,417,210,207,275,128,147,21,18,3,12,4,8,109,60,49
BROWN COUNTY,049,26 Years,386,193,193,259,129,130,19,14,5,13,6,7,95,44,51
BROWN COUNTY,049,27 Years,423,203,220,287,130,157,16,12,4,8,4,4,112,57,55
BROWN COUNTY,049,28 Years,438,227,211,308,154,154,19,15,4,8,5,3,103,53,50
BROWN COUNTY,049,29 Years,417,204,213,294,143,151,15,10,5,5,3,2,103,48,55
BROWN COUNTY,049,30 Years,416,217,199,290,149,141,20,11,9,5,2,3,101,55,46
BROWN COUNTY,049,31 Years,436,229,207,312,160,152,21,14,7,6,0,6,97,55,42
BROWN COUNTY,049,32 Years,427,216,211,296,154,142,21,12,9,8,4,4,102,46,56
BROWN COUNTY,049,33 Years,416,219,197,290,152,138,22,18,4,5,3,2,99,46,53
BROWN COUNTY,049,34 Years,412,212,200,291,144,147,13,10,3,7,4,3,101,54,47
BROWN COUNTY,049,35 Years,409,194,215,269,121,148,23,18,5,11,6,5,106,49,57
BROWN COUNTY,049,36 Years,422,212,210,276,127,149,18,14,4,14,8,6,114,63,51
BROWN COUNTY,049,37 Years,411,203,208,285,135,150,11,7,4,11,5,6,104,56,48
BROWN COUNTY,049,38 Years,426,215,211,301,153,148,16,9,7,13,4,9,96,49,47
BROWN COUNTY,049,39 Years,465,226,239,341,164,177,15,10,5,7,3,4,102,49,53
BROWN COUNTY,049,40 Years,453,219,234,334,169,165,15,8,7,4,2,2,100,40,60
BROWN COUNTY,049,41 Years,467,252,215,357,191,166,17,12,5,7,4,3,86,45,41
BROWN COUNTY,049,42 Years,442,232,210,317,164,153,24,16,8,13,7,6,88,45,43
BROWN COUNTY,049,43 Years,429,225,204,307,161,146,22,14,8,10,4,6,90,46,44
BROWN COUNTY,049,44 Years,424,213,211,307,154,153,16,9,7,6,4,2,95,46,49
BROWN COUNTY,049,45 Years,437,216,221,325,163,162,12,6,6,8,4,4,92,43,49
BROWN COUNTY,049,46 Years,478,241,237,359,182,177,14,9,5,12,5,7,93,45,48
BROWN COUNTY,049,47 Years,504,269,235,373,191,182,18,11,7,13,7,6,100,60,40
BROWN COUNTY,049,48 Years,554,270,284,427,196,231,17,8,9,11,8,3,99,58,41
BROWN COUNTY,049,49 Years,538,268,270,418,205,213,16,8,8,13,6,7,91,49,42
BROWN COUNTY,049,50 Years,540,272,268,415,198,217,23,18,5,9,3,6,93,53,40
BROWN COUNTY,049,51 Years,562,276,286,441,206,235,22,17,5,11,4,7,88,49,39
BROWN COUNTY,049,52 Years,544,280,264,429,220,209,22,12,10,9,4,5,84,44,40
BROWN COUNTY,049,53 Years,520,255,265,419,203,216,22,10,12,7,4,3,72,38,34
BROWN COUNTY,049,54 Years,544,260,284,437,205,232,24,12,12,8,3,5,75,40,35
BROWN COUNTY,049,55 Years,527,252,275,442,210,232,19,11,8,7,3,4,59,28,31
BROWN COUNTY,049,56 Years,507,239,268,423,197,226,18,11,7,11,4,7,55,27,28
BROWN COUNTY,049,57 Years,490,237,253,397,195,202,16,9,7,14,6,8,63,27,36
BROWN COUNTY,049,58 Years,493,235,258,406,192,214,14,7,7,9,5,4,64,31,33
BROWN COUNTY,049,59 Years,492,235,257,411,192,219,13,7,6,8,3,5,60,33,27
BROWN COUNTY,049,60 Years,491,229,262,421,193,228,10,7,3,6,4,2,54,25,29
BROWN COUNTY,049,61 Years,506,240,266,427,203,224,9,4,5,9,4,5,61,29,32
BROWN COUNTY,049,62 Years,537,272,265,461,234,227,6,1,5,13,8,5,57,29,28
BROWN COUNTY,049,63 Years,508,244,264,438,209,229,11,5,6,14,8,6,45,22,23
BROWN COUNTY,049,64 Years,531,262,269,466,229,237,11,4,7,10,3,7,44,26,18
BROWN COUNTY,049,65 Years,457,234,223,399,203,196,7,4,3,11,7,4,40,20,20
BROWN COUNTY,049,66 Years,438,208,230,387,188,199,10,4,6,12,6,6,29,10,19
BROWN COUNTY,049,67 Years,443,223,220,396,198,198,6,4,2,11,5,6,30,16,14
BROWN COUNTY,049,68 Years,439,222,217,388,198,190,9,3,6,8,4,4,34,17,17
BROWN COUNTY,049,69 Years,410,186,224,367,169,198,5,1,4,6,3,3,32,13,19
BROWN COUNTY,049,70 Years,394,175,219,358,158,200,6,4,2,4,2,2,26,11,15
BROWN COUNTY,049,71 Years,360,170,190,317,148,169,7,2,5,10,5,5,26,15,11
BROWN COUNTY,049,72 Years,323,148,175,289,133,156,6,1,5,6,3,3,22,11,11
BROWN COUNTY,049,73 Years,296,143,153,264,128,136,2,1,1,6,3,3,24,11,13
BROWN COUNTY,049,74 Years,288,141,147,264,132,132,4,1,3,4,1,3,16,7,9
BROWN COUNTY,049,75 Years,301,144,157,274,130,144,6,2,4,8,5,3,13,7,6
BROWN COUNTY,049,76 Years,267,125,142,237,111,126,5,2,3,5,2,3,20,10,10
BROWN COUNTY,049,77 Years,228,108,120,207,97,110,2,1,1,1,1,0,18,9,9
BROWN COUNTY,049,78 Years,222,104,118,194,90,104,5,3,2,2,1,1,21,10,11
BROWN COUNTY,049,79 Years,225,102,123,199,86,113,5,4,1,5,4,1,16,8,8
BROWN COUNTY,049,80 Years,209,85,124,189,76,113,2,1,1,3,2,1,15,6,9
BROWN COUNTY,049,81 Years,201,88,113,179,80,99,5,1,4,2,1,1,15,6,9
BROWN COUNTY,049,82 Years,161,75,86,144,65,79,1,0,1,5,4,1,11,6,5
BROWN COUNTY,049,83 Years,149,67,82,138,60,78,2,1,1,2,1,1,7,5,2
BROWN COUNTY,049,84 Years,155,67,88,144,61,83,1,1,0,1,0,1,9,5,4
BROWN COUNTY,049,85 Years +,860,295,565,803,268,535,13,4,9,9,4,5,35,19,16
BURLESON COUNTY,051,All Ages,17469,8650,8819,11810,5783,6027,2104,1016,1088,264,126,138,3291,1725,1566
BURLESON COUNTY,051,< 1 Year,199,101,98,126,65,61,22,10,12,3,1,2,48,25,23
BURLESON COUNTY,051,1 Years,200,107,93,106,57,49,20,9,11,4,2,2,70,39,31
BURLESON COUNTY,051,2 Years,193,107,86,105,60,45,18,10,8,9,3,6,61,34,27
BURLESON COUNTY,051,3 Years,233,127,106,126,67,59,22,12,10,11,6,5,74,42,32
BURLESON COUNTY,051,4 Years,233,122,111,117,58,59,27,17,10,5,3,2,84,44,40
BURLESON COUNTY,051,5 Years,221,111,110,110,53,57,27,14,13,6,5,1,78,39,39
BURLESON COUNTY,051,6 Years,233,116,117,119,60,59,35,15,20,9,5,4,70,36,34
BURLESON COUNTY,051,7 Years,242,133,109,120,71,49,42,19,23,5,3,2,75,40,35
BURLESON COUNTY,051,8 Years,207,105,102,110,56,54,30,15,15,5,2,3,62,32,30
BURLESON COUNTY,051,9 Years,211,107,104,122,61,61,20,10,10,3,1,2,66,35,31
BURLESON COUNTY,051,10 Years,238,117,121,128,59,69,30,16,14,4,1,3,76,41,35
BURLESON COUNTY,051,11 Years,232,115,117,131,59,72,31,18,13,5,2,3,65,36,29
BURLESON COUNTY,051,12 Years,224,114,110,118,59,59,40,17,23,5,4,1,61,34,27
BURLESON COUNTY,051,13 Years,229,105,124,129,55,74,33,16,17,5,3,2,62,31,31
BURLESON COUNTY,051,14 Years,243,123,120,144,71,73,33,19,14,8,6,2,58,27,31
BURLESON COUNTY,051,15 Years,252,146,106,144,85,59,32,18,14,6,4,2,70,39,31
BURLESON COUNTY,051,16 Years,258,136,122,150,78,72,42,19,23,3,2,1,63,37,26
BURLESON COUNTY,051,17 Years,230,120,110,138,72,66,37,19,18,4,1,3,51,28,23
BURLESON COUNTY,051,18 Years,225,111,114,123,65,58,37,13,24,4,2,2,61,31,30
BURLESON COUNTY,051,19 Years,209,104,105,123,64,59,32,12,20,3,3,0,51,25,26
BURLESON COUNTY,051,20 Years,193,92,101,114,52,62,27,12,15,5,3,2,47,25,22
BURLESON COUNTY,051,21 Years,182,95,87,97,46,51,26,15,11,5,2,3,54,32,22
BURLESON COUNTY,051,22 Years,164,89,75,91,50,41,21,10,11,1,1,0,51,28,23
BURLESON COUNTY,051,23 Years,171,77,94,110,49,61,22,9,13,1,0,1,38,19,19
BURLESON COUNTY,051,24 Years,174,84,90,109,53,56,26,12,14,2,1,1,37,18,19
BURLESON COUNTY,051,25 Years,183,93,90,111,58,53,19,9,10,3,0,3,50,26,24
BURLESON COUNTY,051,26 Years,182,93,89,108,52,56,24,12,12,1,0,1,49,29,20
BURLESON COUNTY,051,27 Years,161,83,78,104,47,57,16,10,6,0,0,0,41,26,15
BURLESON COUNTY,051,28 Years,158,74,84,96,47,49,21,11,10,1,0,1,40,16,24
BURLESON COUNTY,051,29 Years,182,90,92,125,64,61,20,9,11,1,0,1,36,17,19
BURLESON COUNTY,051,30 Years,198,104,94,132,71,61,22,9,13,2,2,0,42,22,20
BURLESON COUNTY,051,31 Years,184,86,98,110,50,60,21,12,9,3,2,1,50,22,28
BURLESON COUNTY,051,32 Years,166,73,93,101,45,56,18,8,10,2,1,1,45,19,26
BURLESON COUNTY,051,33 Years,160,81,79,95,53,42,20,9,11,3,1,2,42,18,24
BURLESON COUNTY,051,34 Years,162,84,78,99,57,42,20,7,13,5,1,4,38,19,19
BURLESON COUNTY,051,35 Years,163,81,82,98,49,49,19,9,10,3,1,2,43,22,21
BURLESON COUNTY,051,36 Years,179,92,87,107,54,53,23,11,12,2,1,1,47,26,21
BURLESON COUNTY,051,37 Years,168,81,87,99,50,49,26,11,15,3,1,2,40,19,21
BURLESON COUNTY,051,38 Years,192,90,102,119,53,66,25,12,13,3,2,1,45,23,22
BURLESON COUNTY,051,39 Years,202,103,99,131,63,68,28,17,11,2,1,1,41,22,19
BURLESON COUNTY,051,40 Years,200,115,85,135,78,57,23,11,12,2,1,1,40,25,15
BURLESON COUNTY,051,41 Years,211,104,107,145,74,71,20,8,12,2,0,2,44,22,22
BURLESON COUNTY,051,42 Years,202,96,106,142,69,73,21,9,12,1,0,1,38,18,20
BURLESON COUNTY,051,43 Years,234,127,107,158,80,78,34,21,13,1,0,1,41,26,15
BURLESON COUNTY,051,44 Years,223,106,117,151,69,82,28,15,13,3,1,2,41,21,20
BURLESON COUNTY,051,45 Years,243,120,123,171,83,88,24,15,9,4,2,2,44,20,24
BURLESON COUNTY,051,46 Years,234,118,116,169,79,90,18,11,7,2,2,0,45,26,19
BURLESON COUNTY,051,47 Years,256,133,123,186,96,90,30,15,15,1,0,1,39,22,17
BURLESON COUNTY,051,48 Years,287,141,146,200,97,103,35,17,18,5,2,3,47,25,22
BURLESON COUNTY,051,49 Years,261,128,133,185,84,101,30,20,10,4,1,3,42,23,19
BURLESON COUNTY,051,50 Years,264,134,130,195,94,101,24,16,8,4,2,2,41,22,19
BURLESON COUNTY,051,51 Years,282,143,139,214,111,103,23,12,11,4,0,4,41,20,21
BURLESON COUNTY,051,52 Years,275,133,142,207,98,109,25,15,10,6,2,4,37,18,19
BURLESON COUNTY,051,53 Years,288,143,145,221,102,119,34,20,14,1,1,0,32,20,12
BURLESON COUNTY,051,54 Years,287,138,149,217,104,113,36,16,20,3,2,1,31,16,15
BURLESON COUNTY,051,55 Years,286,131,155,226,111,115,26,6,20,2,1,1,32,13,19
BURLESON COUNTY,051,56 Years,279,130,149,227,106,121,26,9,17,1,0,1,25,15,10
BURLESON COUNTY,051,57 Years,276,128,148,211,95,116,31,16,15,4,2,2,30,15,15
BURLESON COUNTY,051,58 Years,268,144,124,202,108,94,36,22,14,4,1,3,26,13,13
BURLESON COUNTY,051,59 Years,231,108,123,180,87,93,28,13,15,2,1,1,21,7,14
BURLESON COUNTY,051,60 Years,250,128,122,181,93,88,35,17,18,4,3,1,30,15,15
BURLESON COUNTY,051,61 Years,255,123,132,188,93,95,37,17,20,5,1,4,25,12,13
BURLESON COUNTY,051,62 Years,241,121,120,182,90,92,33,15,18,5,1,4,21,15,6
BURLESON COUNTY,051,63 Years,230,113,117,179,90,89,31,13,18,2,0,2,18,10,8
BURLESON COUNTY,051,64 Years,242,120,122,192,95,97,24,11,13,5,2,3,21,12,9
BURLESON COUNTY,051,65 Years,216,109,107,167,88,79,16,7,9,3,1,2,30,13,17
BURLESON COUNTY,051,66 Years,193,104,89,150,83,67,20,11,9,3,2,1,20,8,12
BURLESON COUNTY,051,67 Years,196,104,92,160,84,76,15,8,7,4,2,2,17,10,7
BURLESON COUNTY,051,68 Years,174,90,84,140,71,69,16,9,7,4,2,2,14,8,6
BURLESON COUNTY,051,69 Years,147,79,68,118,66,52,11,3,8,3,2,1,15,8,7
BURLESON COUNTY,051,70 Years,148,68,80,122,54,68,13,4,9,3,3,0,10,7,3
BURLESON COUNTY,051,71 Years,151,76,75,119,56,63,18,9,9,1,1,0,13,10,3
BURLESON COUNTY,051,72 Years,151,71,80,117,54,63,17,8,9,2,1,1,15,8,7
BURLESON COUNTY,051,73 Years,127,58,69,105,51,54,11,3,8,1,0,1,10,4,6
BURLESON COUNTY,051,74 Years,131,63,68,112,59,53,11,3,8,0,0,0,8,1,7
BURLESON COUNTY,051,75 Years,135,66,69,111,54,57,14,8,6,1,1,0,9,3,6
BURLESON COUNTY,051,76 Years,116,53,63,88,38,50,19,9,10,0,0,0,9,6,3
BURLESON COUNTY,051,77 Years,126,53,73,102,42,60,13,7,6,1,0,1,10,4,6
BURLESON COUNTY,051,78 Years,114,51,63,87,37,50,15,7,8,1,1,0,11,6,5
BURLESON COUNTY,051,79 Years,112,46,66,89,39,50,14,4,10,0,0,0,9,3,6
BURLESON COUNTY,051,80 Years,103,49,54,87,44,43,9,2,7,1,1,0,6,2,4
BURLESON COUNTY,051,81 Years,123,54,69,95,38,57,14,7,7,1,0,1,13,9,4
BURLESON COUNTY,051,82 Years,96,47,49,76,35,41,11,7,4,0,0,0,9,5,4
BURLESON COUNTY,051,83 Years,81,39,42,65,30,35,10,5,5,1,0,1,5,4,1
BURLESON COUNTY,051,84 Years,69,30,39,56,25,31,9,3,6,0,0,0,4,2,2
BURLESON COUNTY,051,85 Years +,419,143,276,335,111,224,62,20,42,2,2,0,20,10,10
BURNET COUNTY,053,All Ages,43348,21295,22053,32738,15843,16895,717,378,339,884,409,475,9009,4665,4344
BURNET COUNTY,053,< 1 Year,480,243,237,281,142,139,10,5,5,14,8,6,175,88,87
BURNET COUNTY,053,1 Years,482,262,220,268,148,120,6,4,2,14,7,7,194,103,91
BURNET COUNTY,053,2 Years,493,267,226,269,145,124,7,4,3,11,6,5,206,112,94
BURNET COUNTY,053,3 Years,494,272,222,288,157,131,8,6,2,13,7,6,185,102,83
BURNET COUNTY,053,4 Years,498,268,230,283,158,125,9,4,5,14,9,5,192,97,95
BURNET COUNTY,053,5 Years,521,267,254,303,158,145,11,4,7,12,7,5,195,98,97
BURNET COUNTY,053,6 Years,548,286,262,330,170,160,6,3,3,16,9,7,196,104,92
BURNET COUNTY,053,7 Years,543,273,270,321,160,161,8,5,3,12,5,7,202,103,99
BURNET COUNTY,053,8 Years,554,275,279,343,173,170,8,4,4,13,6,7,190,92,98
BURNET COUNTY,053,9 Years,593,300,293,374,189,185,10,5,5,15,6,9,194,100,94
BURNET COUNTY,053,10 Years,570,291,279,350,178,172,10,5,5,23,13,10,187,95,92
BURNET COUNTY,053,11 Years,580,302,278,369,194,175,16,8,8,16,9,7,179,91,88
BURNET COUNTY,053,12 Years,610,306,304,382,192,190,15,9,6,18,9,9,195,96,99
BURNET COUNTY,053,13 Years,597,284,313,358,171,187,11,9,2,16,8,8,212,96,116
BURNET COUNTY,053,14 Years,578,285,293,369,185,184,8,4,4,18,8,10,183,88,95
BURNET COUNTY,053,15 Years,582,302,280,385,202,183,9,5,4,17,10,7,171,85,86
BURNET COUNTY,053,16 Years,559,278,281,382,188,194,7,2,5,15,7,8,155,81,74
BURNET COUNTY,053,17 Years,563,273,290,374,178,196,9,4,5,13,5,8,167,86,81
BURNET COUNTY,053,18 Years,607,305,302,410,203,207,15,8,7,14,9,5,168,85,83
BURNET COUNTY,053,19 Years,536,276,260,340,175,165,17,10,7,16,7,9,163,84,79
BURNET COUNTY,053,20 Years,457,247,210,250,121,129,19,14,5,13,8,5,175,104,71
BURNET COUNTY,053,21 Years,442,254,188,248,139,109,16,11,5,11,5,6,167,99,68
BURNET COUNTY,053,22 Years,397,210,187,233,123,110,9,7,2,7,2,5,148,78,70
BURNET COUNTY,053,23 Years,389,211,178,236,121,115,15,13,2,5,1,4,133,76,57
BURNET COUNTY,053,24 Years,401,207,194,246,119,127,11,7,4,10,3,7,134,78,56
BURNET COUNTY,053,25 Years,430,217,213,267,127,140,12,8,4,8,2,6,143,80,63
BURNET COUNTY,053,26 Years,432,227,205,251,132,119,19,8,11,7,3,4,155,84,71
BURNET COUNTY,053,27 Years,456,220,236,273,125,148,21,11,10,8,4,4,154,80,74
BURNET COUNTY,053,28 Years,441,201,240,267,120,147,17,9,8,8,3,5,149,69,80
BURNET COUNTY,053,29 Years,438,221,217,282,138,144,16,10,6,7,5,2,133,68,65
BURNET COUNTY,053,30 Years,476,239,237,323,157,166,17,10,7,11,5,6,125,67,58
BURNET COUNTY,053,31 Years,478,232,246,323,148,175,13,7,6,4,2,2,138,75,63
BURNET COUNTY,053,32 Years,457,222,235,297,139,158,16,9,7,8,4,4,136,70,66
BURNET COUNTY,053,33 Years,431,199,232,270,131,139,14,8,6,9,4,5,138,56,82
BURNET COUNTY,053,34 Years,410,181,229,269,120,149,13,8,5,6,2,4,122,51,71
BURNET COUNTY,053,35 Years,458,237,221,309,155,154,16,11,5,12,7,5,121,64,57
BURNET COUNTY,053,36 Years,426,216,210,299,140,159,13,8,5,8,5,3,106,63,43
BURNET COUNTY,053,37 Years,428,218,210,301,152,149,7,4,3,8,4,4,112,58,54
BURNET COUNTY,053,38 Years,461,224,237,330,163,167,9,3,6,6,2,4,116,56,60
BURNET COUNTY,053,39 Years,521,265,256,374,192,182,8,4,4,12,6,6,127,63,64
BURNET COUNTY,053,40 Years,537,254,283,394,186,208,15,6,9,9,3,6,119,59,60
BURNET COUNTY,053,41 Years,508,243,265,387,184,203,11,3,8,13,3,10,97,53,44
BURNET COUNTY,053,42 Years,505,253,252,376,180,196,11,4,7,8,4,4,110,65,45
BURNET COUNTY,053,43 Years,512,257,255,361,175,186,11,6,5,9,4,5,131,72,59
BURNET COUNTY,053,44 Years,478,239,239,334,159,175,8,3,5,12,6,6,124,71,53
BURNET COUNTY,053,45 Years,481,236,245,358,172,186,7,3,4,11,3,8,105,58,47
BURNET COUNTY,053,46 Years,563,277,286,439,217,222,9,5,4,13,5,8,102,50,52
BURNET COUNTY,053,47 Years,615,297,318,480,231,249,11,7,4,12,6,6,112,53,59
BURNET COUNTY,053,48 Years,619,289,330,488,223,265,13,6,7,11,3,8,107,57,50
BURNET COUNTY,053,49 Years,643,299,344,509,232,277,6,1,5,19,7,12,109,59,50
BURNET COUNTY,053,50 Years,700,331,369,565,267,298,12,4,8,14,7,7,109,53,56
BURNET COUNTY,053,51 Years,697,357,340,562,292,270,14,5,9,16,8,8,105,52,53
BURNET COUNTY,053,52 Years,629,306,323,520,249,271,7,3,4,17,9,8,85,45,40
BURNET COUNTY,053,53 Years,689,334,355,584,284,300,4,2,2,15,5,10,86,43,43
BURNET COUNTY,053,54 Years,649,308,341,548,259,289,5,3,2,13,3,10,83,43,40
BURNET COUNTY,053,55 Years,650,308,342,552,256,296,7,5,2,13,7,6,78,40,38
BURNET COUNTY,053,56 Years,639,302,337,546,251,295,5,4,1,13,7,6,75,40,35
BURNET COUNTY,053,57 Years,621,313,308,534,262,272,4,3,1,15,8,7,68,40,28
BURNET COUNTY,053,58 Years,651,308,343,576,272,304,2,1,1,14,5,9,59,30,29
BURNET COUNTY,053,59 Years,628,296,332,558,260,298,5,2,3,12,4,8,53,30,23
BURNET COUNTY,053,60 Years,634,290,344,558,249,309,5,3,2,11,6,5,60,32,28
BURNET COUNTY,053,61 Years,603,295,308,540,263,277,5,3,2,11,5,6,47,24,23
BURNET COUNTY,053,62 Years,642,324,318,585,295,290,2,2,0,7,2,5,48,25,23
BURNET COUNTY,053,63 Years,669,314,355,604,277,327,3,2,1,10,6,4,52,29,23
BURNET COUNTY,053,64 Years,704,335,369,629,298,331,3,0,3,18,9,9,54,28,26
BURNET COUNTY,053,65 Years,578,296,282,512,260,252,5,0,5,8,3,5,53,33,20
BURNET COUNTY,053,66 Years,551,288,263,504,262,242,4,0,4,6,3,3,37,23,14
BURNET COUNTY,053,67 Years,541,267,274,496,244,252,6,3,3,8,4,4,31,16,15
BURNET COUNTY,053,68 Years,547,273,274,503,248,255,4,2,2,10,7,3,30,16,14
BURNET COUNTY,053,69 Years,486,247,239,453,232,221,2,1,1,6,3,3,25,11,14
BURNET COUNTY,053,70 Years,435,208,227,410,199,211,3,2,1,5,2,3,17,5,12
BURNET COUNTY,053,71 Years,417,188,229,389,177,212,2,0,2,4,3,1,22,8,14
BURNET COUNTY,053,72 Years,426,188,238,398,179,219,4,0,4,4,1,3,20,8,12
BURNET COUNTY,053,73 Years,407,189,218,387,181,206,2,0,2,3,1,2,15,7,8
BURNET COUNTY,053,74 Years,372,186,186,348,175,173,3,2,1,4,2,2,17,7,10
BURNET COUNTY,053,75 Years,323,174,149,302,164,138,3,1,2,4,2,2,14,7,7
BURNET COUNTY,053,76 Years,340,157,183,320,151,169,2,0,2,5,2,3,13,4,9
BURNET COUNTY,053,77 Years,312,142,170,294,136,158,2,0,2,3,0,3,13,6,7
BURNET COUNTY,053,78 Years,301,146,155,286,139,147,1,0,1,4,1,3,10,6,4
BURNET COUNTY,053,79 Years,276,138,138,262,132,130,1,0,1,3,1,2,10,5,5
BURNET COUNTY,053,80 Years,238,114,124,224,106,118,0,0,0,4,2,2,10,6,4
BURNET COUNTY,053,81 Years,235,108,127,221,102,119,2,1,1,3,2,1,9,3,6
BURNET COUNTY,053,82 Years,206,87,119,192,81,111,1,0,1,3,1,2,10,5,5
BURNET COUNTY,053,83 Years,181,69,112,172,67,105,0,0,0,2,0,2,7,2,5
BURNET COUNTY,053,84 Years,174,70,104,164,67,97,1,0,1,2,1,1,7,2,5
BURNET COUNTY,053,85 Years +,919,332,587,887,320,567,3,2,1,9,1,8,20,9,11
CALDWELL COUNTY,055,All Ages,38583,19446,19137,16826,8450,8376,2482,1273,1209,864,435,429,18411,9288,9123
CALDWELL COUNTY,055,< 1 Year,470,241,229,169,87,82,19,10,9,8,4,4,274,140,134
CALDWELL COUNTY,055,1 Years,468,224,244,139,69,70,18,11,7,10,6,4,301,138,163
CALDWELL COUNTY,055,2 Years,500,243,257,148,75,73,23,11,12,13,7,6,316,150,166
CALDWELL COUNTY,055,3 Years,561,284,277,159,81,78,29,14,15,12,5,7,361,184,177
CALDWELL COUNTY,055,4 Years,526,270,256,144,78,66,23,11,12,13,7,6,346,174,172
CALDWELL COUNTY,055,5 Years,536,284,252,150,83,67,25,15,10,9,3,6,352,183,169
CALDWELL COUNTY,055,6 Years,565,308,257,153,86,67,26,13,13,9,4,5,377,205,172
CALDWELL COUNTY,055,7 Years,539,274,265,152,83,69,23,9,14,10,4,6,354,178,176
CALDWELL COUNTY,055,8 Years,511,269,242,147,85,62,14,8,6,15,3,12,335,173,162
CALDWELL COUNTY,055,9 Years,530,259,271,141,68,73,22,8,14,19,10,9,348,173,175
CALDWELL COUNTY,055,10 Years,564,283,281,159,83,76,34,19,15,17,5,12,354,176,178
CALDWELL COUNTY,055,11 Years,568,275,293,164,79,85,28,17,11,15,3,12,361,176,185
CALDWELL COUNTY,055,12 Years,557,298,259,161,92,69,29,17,12,17,6,11,350,183,167
CALDWELL COUNTY,055,13 Years,551,314,237,189,108,81,29,18,11,14,8,6,319,180,139
CALDWELL COUNTY,055,14 Years,570,324,246,194,108,86,44,26,18,13,9,4,319,181,138
CALDWELL COUNTY,055,15 Years,577,306,271,188,98,90,42,23,19,17,8,9,330,177,153
CALDWELL COUNTY,055,16 Years,591,308,283,193,105,88,29,15,14,15,6,9,354,182,172
CALDWELL COUNTY,055,17 Years,652,350,302,211,113,98,45,24,21,29,17,12,367,196,171
CALDWELL COUNTY,055,18 Years,737,392,345,236,116,120,55,28,27,36,23,13,410,225,185
CALDWELL COUNTY,055,19 Years,722,402,320,219,120,99,51,29,22,30,18,12,422,235,187
CALDWELL COUNTY,055,20 Years,732,408,324,230,133,97,67,28,39,47,29,18,388,218,170
CALDWELL COUNTY,055,21 Years,708,404,304,251,145,106,66,41,25,42,27,15,349,191,158
CALDWELL COUNTY,055,22 Years,635,358,277,240,135,105,55,34,21,33,19,14,307,170,137
CALDWELL COUNTY,055,23 Years,618,352,266,223,117,106,53,40,13,27,16,11,315,179,136
CALDWELL COUNTY,055,24 Years,573,322,251,211,115,96,38,25,13,20,12,8,304,170,134
CALDWELL COUNTY,055,25 Years,526,283,243,191,106,85,44,31,13,14,7,7,277,139,138
CALDWELL COUNTY,055,26 Years,499,253,246,194,106,88,38,24,14,14,7,7,253,116,137
CALDWELL COUNTY,055,27 Years,445,214,231,176,86,90,30,17,13,11,7,4,228,104,124
CALDWELL COUNTY,055,28 Years,464,236,228,173,88,85,40,27,13,10,6,4,241,115,126
CALDWELL COUNTY,055,29 Years,453,226,227,173,88,85,30,16,14,8,4,4,242,118,124
CALDWELL COUNTY,055,30 Years,472,245,227,190,98,92,30,19,11,6,5,1,246,123,123
CALDWELL COUNTY,055,31 Years,484,234,250,203,95,108,47,20,27,7,4,3,227,115,112
CALDWELL COUNTY,055,32 Years,491,241,250,200,98,102,42,19,23,6,3,3,243,121,122
CALDWELL COUNTY,055,33 Years,465,220,245,198,89,109,30,14,16,7,1,6,230,116,114
CALDWELL COUNTY,055,34 Years,445,231,214,197,106,91,41,27,14,6,1,5,201,97,104
CALDWELL COUNTY,055,35 Years,447,216,231,180,90,90,25,14,11,5,3,2,237,109,128
CALDWELL COUNTY,055,36 Years,454,229,225,182,94,88,28,15,13,8,5,3,236,115,121
CALDWELL COUNTY,055,37 Years,470,233,237,177,96,81,27,11,16,11,5,6,255,121,134
CALDWELL COUNTY,055,38 Years,475,238,237,189,96,93,27,11,16,5,3,2,254,128,126
CALDWELL COUNTY,055,39 Years,513,255,258,220,112,108,33,17,16,8,2,6,252,124,128
CALDWELL COUNTY,055,40 Years,536,260,276,240,118,122,31,20,11,8,3,5,257,119,138
CALDWELL COUNTY,055,41 Years,520,250,270,240,111,129,27,14,13,10,5,5,243,120,123
CALDWELL COUNTY,055,42 Years,481,236,245,213,101,112,35,18,17,7,5,2,226,112,114
CALDWELL COUNTY,055,43 Years,479,238,241,217,105,112,26,15,11,9,6,3,227,112,115
CALDWELL COUNTY,055,44 Years,473,232,241,210,105,105,31,19,12,8,4,4,224,104,120
CALDWELL COUNTY,055,45 Years,513,268,245,227,121,106,30,13,17,10,6,4,246,128,118
CALDWELL COUNTY,055,46 Years,538,272,266,242,114,128,32,16,16,5,4,1,259,138,121
CALDWELL COUNTY,055,47 Years,520,271,249,234,121,113,39,21,18,5,4,1,242,125,117
CALDWELL COUNTY,055,48 Years,535,277,258,263,133,130,45,18,27,8,6,2,219,120,99
CALDWELL COUNTY,055,49 Years,503,253,250,246,126,120,48,23,25,12,5,7,197,99,98
CALDWELL COUNTY,055,50 Years,499,240,259,264,129,135,38,17,21,12,2,10,185,92,93
CALDWELL COUNTY,055,51 Years,589,304,285,318,170,148,44,20,24,10,3,7,217,111,106
CALDWELL COUNTY,055,52 Years,524,263,261,283,144,139,37,18,19,8,3,5,196,98,98
CALDWELL COUNTY,055,53 Years,506,260,246,267,139,128,44,20,24,11,6,5,184,95,89
CALDWELL COUNTY,055,54 Years,503,251,252,288,144,144,32,15,17,9,4,5,174,88,86
CALDWELL COUNTY,055,55 Years,525,246,279,301,140,161,34,14,20,11,5,6,179,87,92
CALDWELL COUNTY,055,56 Years,509,235,274,279,132,147,30,15,15,7,3,4,193,85,108
CALDWELL COUNTY,055,57 Years,500,240,260,278,137,141,25,12,13,9,4,5,188,87,101
CALDWELL COUNTY,055,58 Years,438,216,222,241,117,124,23,12,11,5,2,3,169,85,84
CALDWELL COUNTY,055,59 Years,456,240,216,277,149,128,26,11,15,4,2,2,149,78,71
CALDWELL COUNTY,055,60 Years,450,232,218,267,144,123,32,11,21,5,3,2,146,74,72
CALDWELL COUNTY,055,61 Years,423,210,213,253,125,128,24,13,11,7,3,4,139,69,70
CALDWELL COUNTY,055,62 Years,401,197,204,239,119,120,20,11,9,5,1,4,137,66,71
CALDWELL COUNTY,055,63 Years,403,204,199,238,117,121,19,11,8,8,2,6,138,74,64
CALDWELL COUNTY,055,64 Years,392,192,200,247,127,120,18,9,9,3,1,2,124,55,69
CALDWELL COUNTY,055,65 Years,334,159,175,197,100,97,16,8,8,1,0,1,120,51,69
CALDWELL COUNTY,055,66 Years,296,133,163,175,81,94,16,7,9,2,0,2,103,45,58
CALDWELL COUNTY,055,67 Years,313,148,165,195,90,105,16,7,9,4,1,3,98,50,48
CALDWELL COUNTY,055,68 Years,311,133,178,193,84,109,17,2,15,5,2,3,96,45,51
CALDWELL COUNTY,055,69 Years,247,106,141,148,66,82,15,4,11,6,2,4,78,34,44
CALDWELL COUNTY,055,70 Years,239,116,123,149,73,76,12,7,5,4,3,1,74,33,41
CALDWELL COUNTY,055,71 Years,235,118,117,151,75,76,16,10,6,2,1,1,66,32,34
CALDWELL COUNTY,055,72 Years,229,109,120,142,70,72,15,10,5,3,2,1,69,27,42
CALDWELL COUNTY,055,73 Years,212,93,119,136,64,72,14,5,9,2,2,0,60,22,38
CALDWELL COUNTY,055,74 Years,179,82,97,107,51,56,13,4,9,3,2,1,56,25,31
CALDWELL COUNTY,055,75 Years,184,81,103,115,52,63,10,4,6,3,0,3,56,25,31
CALDWELL COUNTY,055,76 Years,202,100,102,128,62,66,13,4,9,2,1,1,59,33,26
CALDWELL COUNTY,055,77 Years,171,80,91,109,49,60,13,6,7,2,0,2,47,25,22
CALDWELL COUNTY,055,78 Years,156,68,88,105,47,58,10,5,5,5,1,4,36,15,21
CALDWELL COUNTY,055,79 Years,154,70,84,105,49,56,9,5,4,2,1,1,38,15,23
CALDWELL COUNTY,055,80 Years,147,63,84,101,43,58,10,4,6,1,1,0,35,15,20
CALDWELL COUNTY,055,81 Years,137,58,79,98,41,57,8,1,7,0,0,0,31,16,15
CALDWELL COUNTY,055,82 Years,128,51,77,89,38,51,6,0,6,1,1,0,32,12,20
CALDWELL COUNTY,055,83 Years,100,42,58,71,32,39,8,2,6,0,0,0,21,8,13
CALDWELL COUNTY,055,84 Years,111,36,75,79,28,51,10,3,7,1,0,1,21,5,16
CALDWELL COUNTY,055,85 Years +,618,207,411,447,157,290,46,13,33,3,1,2,122,36,86
CALHOUN COUNTY,057,All Ages,21460,10870,10590,9647,4847,4800,513,260,253,1162,637,525,10138,5126,5012
CALHOUN COUNTY,057,< 1 Year,277,140,137,92,47,45,3,1,2,13,6,7,169,86,83
CALHOUN COUNTY,057,1 Years,309,154,155,97,49,48,3,0,3,17,9,8,192,96,96
CALHOUN COUNTY,057,2 Years,286,146,140,74,34,40,8,4,4,15,7,8,189,101,88
CALHOUN COUNTY,057,3 Years,302,160,142,73,36,37,8,5,3,17,9,8,204,110,94
CALHOUN COUNTY,057,4 Years,302,152,150,82,40,42,7,2,5,11,6,5,202,104,98
CALHOUN COUNTY,057,5 Years,312,157,155,85,48,37,6,0,6,14,6,8,207,103,104
CALHOUN COUNTY,057,6 Years,292,145,147,79,38,41,4,1,3,22,11,11,187,95,92
CALHOUN COUNTY,057,7 Years,323,165,158,91,44,47,6,3,3,21,9,12,205,109,96
CALHOUN COUNTY,057,8 Years,327,175,152,99,57,42,9,6,3,24,9,15,195,103,92
CALHOUN COUNTY,057,9 Years,297,159,138,94,56,38,6,4,2,16,6,10,181,93,88
CALHOUN COUNTY,057,10 Years,292,149,143,85,44,41,4,2,2,13,5,8,190,98,92
CALHOUN COUNTY,057,11 Years,313,153,160,81,46,35,7,2,5,15,6,9,210,99,111
CALHOUN COUNTY,057,12 Years,318,173,145,93,52,41,8,4,4,17,10,7,200,107,93
CALHOUN COUNTY,057,13 Years,308,157,151,90,44,46,6,4,2,9,4,5,203,105,98
CALHOUN COUNTY,057,14 Years,334,169,165,110,58,52,6,3,3,16,8,8,202,100,102
CALHOUN COUNTY,057,15 Years,317,150,167,118,54,64,7,4,3,20,8,12,172,84,88
CALHOUN COUNTY,057,16 Years,315,170,145,104,55,49,4,3,1,23,14,9,184,98,86
CALHOUN COUNTY,057,17 Years,357,184,173,117,55,62,6,2,4,24,18,6,210,109,101
CALHOUN COUNTY,057,18 Years,351,186,165,115,57,58,9,3,6,26,17,9,201,109,92
CALHOUN COUNTY,057,19 Years,312,161,151,108,52,56,9,6,3,21,13,8,174,90,84
CALHOUN COUNTY,057,20 Years,283,135,148,91,43,48,8,3,5,15,8,7,169,81,88
CALHOUN COUNTY,057,21 Years,237,115,122,73,39,34,7,2,5,12,7,5,145,67,78
CALHOUN COUNTY,057,22 Years,251,134,117,95,50,45,1,0,1,10,8,2,145,76,69
CALHOUN COUNTY,057,23 Years,246,131,115,78,41,37,4,1,3,11,8,3,153,81,72
CALHOUN COUNTY,057,24 Years,231,127,104,82,46,36,6,2,4,10,7,3,133,72,61
CALHOUN COUNTY,057,25 Years,234,122,112,81,45,36,8,5,3,13,8,5,132,64,68
CALHOUN COUNTY,057,26 Years,244,127,117,81,47,34,6,3,3,14,7,7,143,70,73
CALHOUN COUNTY,057,27 Years,235,127,108,85,51,34,5,2,3,13,7,6,132,67,65
CALHOUN COUNTY,057,28 Years,227,108,119,85,31,54,4,3,1,16,9,7,122,65,57
CALHOUN COUNTY,057,29 Years,272,123,149,88,30,58,1,1,0,16,11,5,167,81,86
CALHOUN COUNTY,057,30 Years,273,138,135,100,49,51,6,4,2,11,7,4,156,78,78
CALHOUN COUNTY,057,31 Years,267,132,135,100,38,62,4,2,2,14,9,5,149,83,66
CALHOUN COUNTY,057,32 Years,234,114,120,83,43,40,5,1,4,12,6,6,134,64,70
CALHOUN COUNTY,057,33 Years,239,129,110,88,55,33,3,2,1,12,8,4,136,64,72
CALHOUN COUNTY,057,34 Years,231,120,111,95,56,39,3,2,1,12,6,6,121,56,65
CALHOUN COUNTY,057,35 Years,224,122,102,83,48,35,5,3,2,14,6,8,122,65,57
CALHOUN COUNTY,057,36 Years,226,116,110,76,38,38,6,3,3,11,3,8,133,72,61
CALHOUN COUNTY,057,37 Years,217,110,107,81,33,48,10,7,3,8,4,4,118,66,52
CALHOUN COUNTY,057,38 Years,236,115,121,85,41,44,8,3,5,8,4,4,135,67,68
CALHOUN COUNTY,057,39 Years,237,109,128,85,40,45,4,2,2,10,4,6,138,63,75
CALHOUN COUNTY,057,40 Years,248,120,128,101,49,52,7,4,3,13,7,6,127,60,67
CALHOUN COUNTY,057,41 Years,278,139,139,122,62,60,8,5,3,18,8,10,130,64,66
CALHOUN COUNTY,057,42 Years,265,129,136,123,58,65,5,1,4,13,5,8,124,65,59
CALHOUN COUNTY,057,43 Years,247,124,123,109,54,55,6,4,2,12,5,7,120,61,59
CALHOUN COUNTY,057,44 Years,269,127,142,111,50,61,7,4,3,18,6,12,133,67,66
CALHOUN COUNTY,057,45 Years,276,134,142,119,55,64,3,1,2,21,10,11,133,68,65
CALHOUN COUNTY,057,46 Years,318,165,153,148,79,69,10,5,5,16,9,7,144,72,72
CALHOUN COUNTY,057,47 Years,300,163,137,148,84,64,6,4,2,15,11,4,131,64,67
CALHOUN COUNTY,057,48 Years,324,172,152,155,80,75,9,6,3,20,12,8,140,74,66
CALHOUN COUNTY,057,49 Years,307,159,148,153,78,75,10,5,5,17,12,5,127,64,63
CALHOUN COUNTY,057,50 Years,290,146,144,157,79,78,6,2,4,21,9,12,106,56,50
CALHOUN COUNTY,057,51 Years,306,160,146,167,89,78,8,3,5,23,9,14,108,59,49
CALHOUN COUNTY,057,52 Years,307,158,149,160,77,83,9,5,4,19,12,7,119,64,55
CALHOUN COUNTY,057,53 Years,304,158,146,165,84,81,10,6,4,21,13,8,108,55,53
CALHOUN COUNTY,057,54 Years,301,157,144,176,93,83,10,6,4,23,12,11,92,46,46
CALHOUN COUNTY,057,55 Years,298,140,158,172,81,91,10,5,5,19,12,7,97,42,55
CALHOUN COUNTY,057,56 Years,312,163,149,180,91,89,13,7,6,11,9,2,108,56,52
CALHOUN COUNTY,057,57 Years,285,151,134,173,93,80,8,4,4,19,11,8,85,43,42
CALHOUN COUNTY,057,58 Years,288,153,135,166,87,79,9,6,3,24,12,12,89,48,41
CALHOUN COUNTY,057,59 Years,293,155,138,165,83,82,11,8,3,20,10,10,97,54,43
CALHOUN COUNTY,057,60 Years,244,125,119,141,70,71,4,4,0,19,12,7,80,39,41
CALHOUN COUNTY,057,61 Years,235,124,111,132,68,64,6,3,3,23,17,6,74,36,38
CALHOUN COUNTY,057,62 Years,256,129,127,152,74,78,9,3,6,19,9,10,76,43,33
CALHOUN COUNTY,057,63 Years,266,128,138,170,83,87,5,1,4,14,9,5,77,35,42
CALHOUN COUNTY,057,64 Years,241,122,119,160,83,77,3,2,1,9,6,3,69,31,38
CALHOUN COUNTY,057,65 Years,210,113,97,144,79,65,5,4,1,8,7,1,53,23,30
CALHOUN COUNTY,057,66 Years,207,110,97,140,75,65,5,2,3,8,7,1,54,26,28
CALHOUN COUNTY,057,67 Years,210,108,102,149,79,70,5,2,3,6,6,0,50,21,29
CALHOUN COUNTY,057,68 Years,221,114,107,157,82,75,4,2,2,7,4,3,53,26,27
CALHOUN COUNTY,057,69 Years,199,99,100,141,70,71,4,2,2,7,3,4,47,24,23
CALHOUN COUNTY,057,70 Years,176,84,92,122,52,70,5,2,3,6,5,1,43,25,18
CALHOUN COUNTY,057,71 Years,153,74,79,111,54,57,7,3,4,6,3,3,29,14,15
CALHOUN COUNTY,057,72 Years,153,78,75,103,56,47,5,3,2,6,2,4,39,17,22
CALHOUN COUNTY,057,73 Years,152,72,80,104,53,51,6,3,3,2,1,1,40,15,25
CALHOUN COUNTY,057,74 Years,164,80,84,109,54,55,8,5,3,8,5,3,39,16,23
CALHOUN COUNTY,057,75 Years,147,76,71,104,53,51,6,5,1,6,4,2,31,14,17
CALHOUN COUNTY,057,76 Years,132,64,68,87,44,43,3,2,1,6,3,3,36,15,21
CALHOUN COUNTY,057,77 Years,138,60,78,99,43,56,4,2,2,3,2,1,32,13,19
CALHOUN COUNTY,057,78 Years,117,48,69,81,32,49,3,1,2,4,2,2,29,13,16
CALHOUN COUNTY,057,79 Years,115,51,64,77,38,39,3,1,2,5,1,4,30,11,19
CALHOUN COUNTY,057,80 Years,114,52,62,76,34,42,2,1,1,5,1,4,31,16,15
CALHOUN COUNTY,057,81 Years,120,60,60,83,40,43,4,2,2,5,4,1,28,14,14
CALHOUN COUNTY,057,82 Years,103,47,56,74,35,39,2,1,1,4,2,2,23,9,14
CALHOUN COUNTY,057,83 Years,83,39,44,56,28,28,3,1,2,1,1,0,23,9,14
CALHOUN COUNTY,057,84 Years,66,32,34,48,24,24,0,0,0,2,0,2,16,8,8
CALHOUN COUNTY,057,85 Years +,334,149,185,255,108,147,7,2,5,14,9,5,58,30,28
CALLAHAN COUNTY,059,All Ages,13516,6596,6920,12008,5837,6171,132,66,66,327,152,175,1049,541,508
CALLAHAN COUNTY,059,< 1 Year,135,69,66,116,60,56,1,1,0,5,2,3,13,6,7
CALLAHAN COUNTY,059,1 Years,154,84,70,128,71,57,3,0,3,6,4,2,17,9,8
CALLAHAN COUNTY,059,2 Years,143,72,71,117,55,62,3,1,2,5,3,2,18,13,5
CALLAHAN COUNTY,059,3 Years,140,68,72,115,54,61,2,1,1,5,2,3,18,11,7
CALLAHAN COUNTY,059,4 Years,161,82,79,132,69,63,3,1,2,5,2,3,21,10,11
CALLAHAN COUNTY,059,5 Years,169,91,78,141,77,64,3,1,2,3,2,1,22,11,11
CALLAHAN COUNTY,059,6 Years,156,89,67,128,74,54,1,1,0,8,4,4,19,10,9
CALLAHAN COUNTY,059,7 Years,182,94,88,156,80,76,4,2,2,7,4,3,15,8,7
CALLAHAN COUNTY,059,8 Years,185,89,96,157,71,86,1,0,1,6,4,2,21,14,7
CALLAHAN COUNTY,059,9 Years,210,96,114,178,78,100,1,0,1,7,5,2,24,13,11
CALLAHAN COUNTY,059,10 Years,191,89,102,168,79,89,1,0,1,4,2,2,18,8,10
CALLAHAN COUNTY,059,11 Years,178,89,89,141,69,72,1,1,0,7,5,2,29,14,15
CALLAHAN COUNTY,059,12 Years,198,91,107,156,70,86,3,2,1,9,6,3,30,13,17
CALLAHAN COUNTY,059,13 Years,192,88,104,151,70,81,3,1,2,8,3,5,30,14,16
CALLAHAN COUNTY,059,14 Years,195,94,101,155,70,85,3,2,1,12,6,6,25,16,9
CALLAHAN COUNTY,059,15 Years,198,93,105,165,77,88,4,2,2,4,2,2,25,12,13
CALLAHAN COUNTY,059,16 Years,194,89,105,164,76,88,1,1,0,3,0,3,26,12,14
CALLAHAN COUNTY,059,17 Years,188,95,93,158,79,79,5,4,1,4,1,3,21,11,10
CALLAHAN COUNTY,059,18 Years,188,100,88,163,87,76,3,2,1,5,3,2,17,8,9
CALLAHAN COUNTY,059,19 Years,142,74,68,117,60,57,3,2,1,3,2,1,19,10,9
CALLAHAN COUNTY,059,20 Years,127,71,56,109,61,48,2,1,1,2,2,0,14,7,7
CALLAHAN COUNTY,059,21 Years,127,71,56,101,57,44,2,1,1,5,2,3,19,11,8
CALLAHAN COUNTY,059,22 Years,136,74,62,113,60,53,3,1,2,3,1,2,17,12,5
CALLAHAN COUNTY,059,23 Years,130,64,66,114,56,58,1,1,0,4,0,4,11,7,4
CALLAHAN COUNTY,059,24 Years,123,64,59,106,58,48,1,1,0,2,0,2,14,5,9
CALLAHAN COUNTY,059,25 Years,122,63,59,103,55,48,0,0,0,3,1,2,16,7,9
CALLAHAN COUNTY,059,26 Years,121,57,64,106,49,57,0,0,0,3,1,2,12,7,5
CALLAHAN COUNTY,059,27 Years,142,64,78,121,55,66,2,1,1,5,2,3,14,6,8
CALLAHAN COUNTY,059,28 Years,143,76,67,123,66,57,1,0,1,3,0,3,16,10,6
CALLAHAN COUNTY,059,29 Years,140,75,65,121,64,57,1,0,1,3,0,3,15,11,4
CALLAHAN COUNTY,059,30 Years,139,74,65,119,64,55,3,1,2,3,3,0,14,6,8
CALLAHAN COUNTY,059,31 Years,148,75,73,125,62,63,3,1,2,4,2,2,16,10,6
CALLAHAN COUNTY,059,32 Years,139,67,72,119,55,64,1,1,0,3,1,2,16,10,6
CALLAHAN COUNTY,059,33 Years,151,73,78,138,66,72,0,0,0,5,3,2,8,4,4
CALLAHAN COUNTY,059,34 Years,146,74,72,135,69,66,1,1,0,3,0,3,7,4,3
CALLAHAN COUNTY,059,35 Years,136,62,74,124,57,67,1,1,0,2,0,2,9,4,5
CALLAHAN COUNTY,059,36 Years,135,60,75,120,56,64,3,1,2,4,0,4,8,3,5
CALLAHAN COUNTY,059,37 Years,138,65,73,122,60,62,2,1,1,3,1,2,11,3,8
CALLAHAN COUNTY,059,38 Years,134,57,77,122,52,70,3,3,0,3,1,2,6,1,5
CALLAHAN COUNTY,059,39 Years,140,68,72,131,63,68,1,1,0,0,0,0,8,4,4
CALLAHAN COUNTY,059,40 Years,162,69,93,152,64,88,1,1,0,2,1,1,7,3,4
CALLAHAN COUNTY,059,41 Years,158,71,87,143,65,78,1,0,1,4,1,3,10,5,5
CALLAHAN COUNTY,059,42 Years,170,81,89,147,68,79,3,2,1,5,2,3,15,9,6
CALLAHAN COUNTY,059,43 Years,163,80,83,147,73,74,2,2,0,4,0,4,10,5,5
CALLAHAN COUNTY,059,44 Years,163,85,78,144,76,68,1,0,1,4,1,3,14,8,6
CALLAHAN COUNTY,059,45 Years,153,79,74,134,71,63,0,0,0,4,2,2,15,6,9
CALLAHAN COUNTY,059,46 Years,162,83,79,147,77,70,0,0,0,3,2,1,12,4,8
CALLAHAN COUNTY,059,47 Years,194,98,96,177,90,87,0,0,0,3,1,2,14,7,7
CALLAHAN COUNTY,059,48 Years,229,118,111,204,107,97,1,1,0,2,1,1,22,9,13
CALLAHAN COUNTY,059,49 Years,228,108,120,206,97,109,1,1,0,2,1,1,19,9,10
CALLAHAN COUNTY,059,50 Years,207,106,101,182,91,91,3,2,1,9,5,4,13,8,5
CALLAHAN COUNTY,059,51 Years,238,117,121,205,101,104,3,2,1,9,3,6,21,11,10
CALLAHAN COUNTY,059,52 Years,220,108,112,198,98,100,4,2,2,3,1,2,15,7,8
CALLAHAN COUNTY,059,53 Years,200,94,106,183,85,98,1,0,1,3,3,0,13,6,7
CALLAHAN COUNTY,059,54 Years,194,98,96,174,85,89,1,0,1,5,3,2,14,10,4
CALLAHAN COUNTY,059,55 Years,194,90,104,179,81,98,0,0,0,5,2,3,10,7,3
CALLAHAN COUNTY,059,56 Years,215,104,111,194,92,102,2,1,1,9,5,4,10,6,4
CALLAHAN COUNTY,059,57 Years,220,110,110,202,99,103,2,0,2,8,5,3,8,6,2
CALLAHAN COUNTY,059,58 Years,187,102,85,175,94,81,1,1,0,2,1,1,9,6,3
CALLAHAN COUNTY,059,59 Years,183,92,91,168,83,85,2,2,0,5,3,2,8,4,4
CALLAHAN COUNTY,059,60 Years,178,90,88,165,85,80,1,1,0,5,2,3,7,2,5
CALLAHAN COUNTY,059,61 Years,188,85,103,174,81,93,3,0,3,4,2,2,7,2,5
CALLAHAN COUNTY,059,62 Years,197,87,110,188,85,103,1,0,1,2,1,1,6,1,5
CALLAHAN COUNTY,059,63 Years,196,84,112,189,83,106,0,0,0,2,0,2,5,1,4
CALLAHAN COUNTY,059,64 Years,195,97,98,184,93,91,2,2,0,4,1,3,5,1,4
CALLAHAN COUNTY,059,65 Years,155,85,70,143,78,65,1,1,0,3,2,1,8,4,4
CALLAHAN COUNTY,059,66 Years,162,71,91,152,67,85,2,1,1,3,1,2,5,2,3
CALLAHAN COUNTY,059,67 Years,152,83,69,141,76,65,0,0,0,2,1,1,9,6,3
CALLAHAN COUNTY,059,68 Years,145,73,72,138,68,70,0,0,0,2,2,0,5,3,2
CALLAHAN COUNTY,059,69 Years,137,76,61,126,68,58,1,1,0,3,2,1,7,5,2
CALLAHAN COUNTY,059,70 Years,129,66,63,122,62,60,1,0,1,2,2,0,4,2,2
CALLAHAN COUNTY,059,71 Years,135,67,68,130,64,66,0,0,0,2,0,2,3,3,0
CALLAHAN COUNTY,059,72 Years,133,56,77,127,54,73,2,0,2,2,1,1,2,1,1
CALLAHAN COUNTY,059,73 Years,140,62,78,135,62,73,1,0,1,1,0,1,3,0,3
CALLAHAN COUNTY,059,74 Years,133,70,63,123,65,58,0,0,0,4,2,2,6,3,3
CALLAHAN COUNTY,059,75 Years,110,52,58,102,49,53,0,0,0,4,1,3,4,2,2
CALLAHAN COUNTY,059,76 Years,110,56,54,106,55,51,0,0,0,1,0,1,3,1,2
CALLAHAN COUNTY,059,77 Years,80,36,44,76,35,41,1,0,1,1,0,1,2,1,1
CALLAHAN COUNTY,059,78 Years,82,30,52,78,29,49,1,0,1,1,0,1,2,1,1
CALLAHAN COUNTY,059,79 Years,90,38,52,86,36,50,0,0,0,2,1,1,2,1,1
CALLAHAN COUNTY,059,80 Years,91,36,55,85,31,54,1,1,0,1,1,0,4,3,1
CALLAHAN COUNTY,059,81 Years,76,37,39,71,34,37,0,0,0,1,1,0,4,2,2
CALLAHAN COUNTY,059,82 Years,80,41,39,78,39,39,0,0,0,0,0,0,2,2,0
CALLAHAN COUNTY,059,83 Years,57,25,32,54,24,30,2,0,2,1,1,0,0,0,0
CALLAHAN COUNTY,059,84 Years,52,18,34,47,16,31,1,0,1,1,1,0,3,1,2
CALLAHAN COUNTY,059,85 Years +,257,92,165,249,90,159,2,0,2,3,2,1,3,0,3
CAMERON COUNTY,061,All Ages,414348,199567,214781,42899,21660,21239,1223,723,500,4031,1983,2048,366195,175201,190994
CAMERON COUNTY,061,< 1 Year,8045,4104,3941,266,139,127,14,8,6,63,31,32,7702,3926,3776
CAMERON COUNTY,061,1 Years,7420,3779,3641,322,164,158,15,5,10,49,23,26,7034,3587,3447
CAMERON COUNTY,061,2 Years,6977,3545,3432,352,177,175,11,6,5,46,26,20,6568,3336,3232
CAMERON COUNTY,061,3 Years,7150,3625,3525,354,183,171,9,4,5,41,20,21,6746,3418,3328
CAMERON COUNTY,061,4 Years,7167,3707,3460,360,184,176,10,3,7,49,28,21,6748,3492,3256
CAMERON COUNTY,061,5 Years,7221,3701,3520,327,165,162,13,3,10,52,28,24,6829,3505,3324
CAMERON COUNTY,061,6 Years,7435,3736,3699,359,170,189,13,7,6,55,24,31,7008,3535,3473
CAMERON COUNTY,061,7 Years,7496,3811,3685,374,192,182,17,10,7,65,32,33,7040,3577,3463
CAMERON COUNTY,061,8 Years,7596,3863,3733,370,189,181,18,8,10,56,31,25,7152,3635,3517
CAMERON COUNTY,061,9 Years,7773,3893,3880,374,195,179,16,8,8,59,38,21,7324,3652,3672
CAMERON COUNTY,061,10 Years,7917,4053,3864,383,215,168,22,6,16,64,35,29,7448,3797,3651
CAMERON COUNTY,061,11 Years,7942,4100,3842,386,213,173,17,4,13,58,27,31,7481,3856,3625
CAMERON COUNTY,061,12 Years,7757,4028,3729,378,193,185,13,8,5,67,34,33,7299,3793,3506
CAMERON COUNTY,061,13 Years,7655,3880,3775,376,195,181,17,9,8,68,29,39,7194,3647,3547
CAMERON COUNTY,061,14 Years,7497,3840,3657,360,181,179,19,11,8,66,32,34,7052,3616,3436
CAMERON COUNTY,061,15 Years,7471,3874,3597,370,185,185,17,7,10,61,30,31,7023,3652,3371
CAMERON COUNTY,061,16 Years,7481,3830,3651,378,180,198,21,9,12,66,37,29,7016,3604,3412
CAMERON COUNTY,061,17 Years,7505,3853,3652,397,206,191,17,9,8,80,38,42,7011,3600,3411
CAMERON COUNTY,061,18 Years,7463,3852,3611,399,204,195,16,6,10,65,38,27,6983,3604,3379
CAMERON COUNTY,061,19 Years,6902,3557,3345,354,197,157,15,6,9,58,34,24,6475,3320,3155
CAMERON COUNTY,061,20 Years,6357,3228,3129,295,161,134,23,12,11,43,22,21,5996,3033,2963
CAMERON COUNTY,061,21 Years,5967,2998,2969,287,155,132,26,16,10,43,21,22,5611,2806,2805
CAMERON COUNTY,061,22 Years,5573,2781,2792,286,156,130,25,20,5,43,24,19,5219,2581,2638
CAMERON COUNTY,061,23 Years,5295,2629,2666,307,175,132,18,13,5,44,28,16,4926,2413,2513
CAMERON COUNTY,061,24 Years,5055,2458,2597,311,162,149,17,11,6,43,26,17,4684,2259,2425
CAMERON COUNTY,061,25 Years,4968,2435,2533,357,178,179,22,13,9,43,27,16,4546,2217,2329
CAMERON COUNTY,061,26 Years,5018,2441,2577,346,178,168,20,13,7,46,24,22,4606,2226,2380
CAMERON COUNTY,061,27 Years,4914,2386,2528,346,186,160,23,15,8,49,29,20,4496,2156,2340
CAMERON COUNTY,061,28 Years,4950,2404,2546,346,167,179,16,10,6,49,31,18,4539,2196,2343
CAMERON COUNTY,061,29 Years,5117,2414,2703,341,161,180,20,15,5,51,28,23,4705,2210,2495
CAMERON COUNTY,061,30 Years,5404,2510,2894,340,165,175,21,15,6,53,24,29,4990,2306,2684
CAMERON COUNTY,061,31 Years,5335,2505,2830,352,165,187,21,15,6,47,27,20,4915,2298,2617
CAMERON COUNTY,061,32 Years,4997,2300,2697,320,160,160,21,15,6,46,17,29,4610,2108,2502
CAMERON COUNTY,061,33 Years,5047,2369,2678,328,163,165,19,12,7,54,24,30,4646,2170,2476
CAMERON COUNTY,061,34 Years,5310,2489,2821,333,175,158,19,15,4,53,26,27,4905,2273,2632
CAMERON COUNTY,061,35 Years,5486,2556,2930,321,166,155,19,14,5,60,30,30,5086,2346,2740
CAMERON COUNTY,061,36 Years,5609,2667,2942,335,160,175,19,14,5,47,21,26,5208,2472,2736
CAMERON COUNTY,061,37 Years,5469,2586,2883,334,184,150,17,8,9,58,28,30,5060,2366,2694
CAMERON COUNTY,061,38 Years,5368,2456,2912,338,175,163,19,13,6,61,30,31,4950,2238,2712
CAMERON COUNTY,061,39 Years,5327,2436,2891,372,192,180,16,13,3,69,30,39,4870,2201,2669
CAMERON COUNTY,061,40 Years,5467,2444,3023,402,205,197,18,13,5,64,23,41,4983,2203,2780
CAMERON COUNTY,061,41 Years,5460,2488,2972,449,233,216,15,10,5,70,26,44,4926,2219,2707
CAMERON COUNTY,061,42 Years,5113,2373,2740,450,246,204,16,10,6,67,29,38,4580,2088,2492
CAMERON COUNTY,061,43 Years,4904,2241,2663,400,202,198,16,9,7,65,26,39,4423,2004,2419
CAMERON COUNTY,061,44 Years,4905,2253,2652,398,196,202,18,11,7,71,31,40,4418,2015,2403
CAMERON COUNTY,061,45 Years,4683,2182,2501,417,208,209,14,10,4,67,33,34,4185,1931,2254
CAMERON COUNTY,061,46 Years,4794,2248,2546,461,227,234,28,21,7,75,38,37,4230,1962,2268
CAMERON COUNTY,061,47 Years,4739,2164,2575,509,260,249,20,11,9,69,35,34,4141,1858,2283
CAMERON COUNTY,061,48 Years,4729,2180,2549,516,257,259,11,5,6,55,28,27,4147,1890,2257
CAMERON COUNTY,061,49 Years,4616,2154,2462,513,255,258,16,10,6,50,23,27,4037,1866,2171
CAMERON COUNTY,061,50 Years,4693,2146,2547,583,283,300,19,14,5,57,23,34,4034,1826,2208
CAMERON COUNTY,061,51 Years,4673,2204,2469,588,299,289,18,10,8,67,32,35,4000,1863,2137
CAMERON COUNTY,061,52 Years,4522,2153,2369,612,308,304,18,11,7,66,30,36,3826,1804,2022
CAMERON COUNTY,061,53 Years,4455,2108,2347,578,304,274,16,10,6,59,32,27,3802,1762,2040
CAMERON COUNTY,061,54 Years,4416,2031,2385,618,320,298,18,10,8,48,25,23,3732,1676,2056
CAMERON COUNTY,061,55 Years,4358,1974,2384,650,316,334,18,10,8,59,36,23,3631,1612,2019
CAMERON COUNTY,061,56 Years,4257,1887,2370,667,317,350,21,15,6,59,29,30,3510,1526,1984
CAMERON COUNTY,061,57 Years,4178,1901,2277,682,332,350,17,12,5,48,23,25,3431,1534,1897
CAMERON COUNTY,061,58 Years,4122,1933,2189,720,341,379,17,9,8,48,22,26,3337,1561,1776
CAMERON COUNTY,061,59 Years,3860,1781,2079,725,348,377,22,13,9,46,21,25,3067,1399,1668
CAMERON COUNTY,061,60 Years,3791,1724,2067,725,370,355,18,10,8,45,20,25,3003,1324,1679
CAMERON COUNTY,061,61 Years,3752,1753,1999,738,391,347,8,4,4,44,14,30,2962,1344,1618
CAMERON COUNTY,061,62 Years,3602,1709,1893,741,404,337,10,5,5,43,18,25,2808,1282,1526
CAMERON COUNTY,061,63 Years,3621,1684,1937,793,397,396,14,8,6,43,26,17,2771,1253,1518
CAMERON COUNTY,061,64 Years,3506,1672,1834,843,423,420,9,6,3,34,15,19,2620,1228,1392
CAMERON COUNTY,061,65 Years,3146,1495,1651,740,383,357,6,5,1,27,14,13,2373,1093,1280
CAMERON COUNTY,061,66 Years,3074,1440,1634,777,393,384,7,5,2,35,14,21,2255,1028,1227
CAMERON COUNTY,061,67 Years,2920,1334,1586,813,415,398,10,6,4,27,10,17,2070,903,1167
CAMERON COUNTY,061,68 Years,2665,1242,1423,791,420,371,7,4,3,29,11,18,1838,807,1031
CAMERON COUNTY,061,69 Years,2544,1166,1378,747,380,367,5,3,2,28,14,14,1764,769,995
CAMERON COUNTY,061,70 Years,2490,1126,1364,754,377,377,6,4,2,28,14,14,1702,731,971
CAMERON COUNTY,061,71 Years,2435,1134,1301,741,382,359,5,3,2,21,8,13,1668,741,927
CAMERON COUNTY,061,72 Years,2260,1024,1236,701,354,347,5,4,1,19,7,12,1535,659,876
CAMERON COUNTY,061,73 Years,2210,993,1217,682,342,340,5,1,4,24,14,10,1499,636,863
CAMERON COUNTY,061,74 Years,2072,942,1130,645,336,309,4,2,2,19,13,6,1404,591,813
CAMERON COUNTY,061,75 Years,2020,888,1132,667,349,318,2,1,1,15,10,5,1336,528,808
CAMERON COUNTY,061,76 Years,1929,825,1104,633,313,320,7,4,3,22,11,11,1267,497,770
CAMERON COUNTY,061,77 Years,1748,768,980,543,278,265,5,3,2,14,8,6,1186,479,707
CAMERON COUNTY,061,78 Years,1635,699,936,502,246,256,5,3,2,11,6,5,1117,444,673
CAMERON COUNTY,061,79 Years,1608,668,940,524,252,272,3,2,1,11,3,8,1070,411,659
CAMERON COUNTY,061,80 Years,1614,686,928,566,282,284,2,2,0,10,4,6,1036,398,638
CAMERON COUNTY,061,81 Years,1507,637,870,511,259,252,1,1,0,12,5,7,983,372,611
CAMERON COUNTY,061,82 Years,1312,545,767,465,236,229,1,0,1,8,3,5,838,306,532
CAMERON COUNTY,061,83 Years,1170,467,703,379,181,198,1,0,1,9,4,5,781,282,499
CAMERON COUNTY,061,84 Years,1044,428,616,352,163,189,2,0,2,5,1,4,685,264,421
CAMERON COUNTY,061,85 Years +,5293,1994,3299,1754,766,988,8,4,4,48,19,29,3483,1205,2278
CAMP COUNTY,063,All Ages,12467,6126,6341,7272,3503,3769,2142,1005,1137,320,156,164,2733,1462,1271
CAMP COUNTY,063,< 1 Year,159,81,78,77,40,37,27,13,14,4,3,1,51,25,26
CAMP COUNTY,063,1 Years,171,91,80,69,39,30,30,16,14,12,4,8,60,32,28
CAMP COUNTY,063,2 Years,171,100,71,63,34,29,25,16,9,13,8,5,70,42,28
CAMP COUNTY,063,3 Years,181,91,90,73,34,39,29,14,15,13,6,7,66,37,29
CAMP COUNTY,063,4 Years,188,92,96,78,38,40,30,21,9,11,4,7,69,29,40
CAMP COUNTY,063,5 Years,178,88,90,80,41,39,23,17,6,10,4,6,65,26,39
CAMP COUNTY,063,6 Years,192,96,96,81,47,34,27,14,13,9,3,6,75,32,43
CAMP COUNTY,063,7 Years,197,93,104,81,38,43,35,20,15,6,3,3,75,32,43
CAMP COUNTY,063,8 Years,183,93,90,80,39,41,33,19,14,8,5,3,62,30,32
CAMP COUNTY,063,9 Years,182,86,96,78,36,42,29,12,17,7,4,3,68,34,34
CAMP COUNTY,063,10 Years,178,85,93,75,36,39,24,10,14,9,4,5,70,35,35
CAMP COUNTY,063,11 Years,183,85,98,86,40,46,28,11,17,9,4,5,60,30,30
CAMP COUNTY,063,12 Years,198,101,97,96,48,48,35,18,17,8,4,4,59,31,28
CAMP COUNTY,063,13 Years,202,118,84,98,59,39,36,19,17,7,4,3,61,36,25
CAMP COUNTY,063,14 Years,197,110,87,87,56,31,32,17,15,7,3,4,71,34,37
CAMP COUNTY,063,15 Years,187,100,87,88,47,41,32,16,16,7,4,3,60,33,27
CAMP COUNTY,063,16 Years,194,107,87,88,49,39,31,17,14,5,2,3,70,39,31
CAMP COUNTY,063,17 Years,187,104,83,85,44,41,38,26,12,6,3,3,58,31,27
CAMP COUNTY,063,18 Years,180,91,89,75,36,39,35,17,18,9,4,5,61,34,27
CAMP COUNTY,063,19 Years,161,76,85,71,32,39,31,13,18,6,3,3,53,28,25
CAMP COUNTY,063,20 Years,150,73,77,75,36,39,22,11,11,3,2,1,50,24,26
CAMP COUNTY,063,21 Years,157,82,75,71,32,39,36,23,13,4,2,2,46,25,21
CAMP COUNTY,063,22 Years,144,72,72,63,26,37,30,15,15,4,2,2,47,29,18
CAMP COUNTY,063,23 Years,125,63,62,60,34,26,18,9,9,4,1,3,43,19,24
CAMP COUNTY,063,24 Years,146,76,70,70,34,36,25,15,10,4,1,3,47,26,21
CAMP COUNTY,063,25 Years,128,60,68,61,27,34,22,8,14,3,2,1,42,23,19
CAMP COUNTY,063,26 Years,136,60,76,65,31,34,28,9,19,3,0,3,40,20,20
CAMP COUNTY,063,27 Years,126,67,59,68,32,36,23,13,10,3,1,2,32,21,11
CAMP COUNTY,063,28 Years,131,73,58,69,38,31,22,13,9,4,2,2,36,20,16
CAMP COUNTY,063,29 Years,136,72,64,64,33,31,27,14,13,5,2,3,40,23,17
CAMP COUNTY,063,30 Years,154,81,73,71,36,35,22,8,14,6,2,4,55,35,20
CAMP COUNTY,063,31 Years,147,71,76,73,34,39,28,10,18,5,3,2,41,24,17
CAMP COUNTY,063,32 Years,145,72,73,77,35,42,29,14,15,2,1,1,37,22,15
CAMP COUNTY,063,33 Years,159,66,93,90,34,56,25,8,17,3,2,1,41,22,19
CAMP COUNTY,063,34 Years,154,71,83,80,33,47,29,13,16,3,0,3,42,25,17
CAMP COUNTY,063,35 Years,135,75,60,74,37,37,19,12,7,3,2,1,39,24,15
CAMP COUNTY,063,36 Years,124,62,62,62,28,34,16,8,8,3,1,2,43,25,18
CAMP COUNTY,063,37 Years,114,57,57,61,24,37,15,7,8,1,0,1,37,26,11
CAMP COUNTY,063,38 Years,122,60,62,70,31,39,16,7,9,4,2,2,32,20,12
CAMP COUNTY,063,39 Years,143,62,81,83,37,46,22,8,14,2,1,1,36,16,20
CAMP COUNTY,063,40 Years,153,71,82,88,42,46,24,9,15,2,2,0,39,18,21
CAMP COUNTY,063,41 Years,148,71,77,80,40,40,27,11,16,3,2,1,38,18,20
CAMP COUNTY,063,42 Years,138,64,74,76,35,41,27,10,17,3,2,1,32,17,15
CAMP COUNTY,063,43 Years,132,58,74,79,37,42,18,6,12,3,1,2,32,14,18
CAMP COUNTY,063,44 Years,128,60,68,76,36,40,24,9,15,2,1,1,26,14,12
CAMP COUNTY,063,45 Years,135,59,76,67,30,37,36,15,21,2,0,2,30,14,16
CAMP COUNTY,063,46 Years,173,73,100,94,34,60,36,17,19,4,2,2,39,20,19
CAMP COUNTY,063,47 Years,157,79,78,92,44,48,31,12,19,4,2,2,30,21,9
CAMP COUNTY,063,48 Years,148,81,67,81,47,34,31,14,17,2,2,0,34,18,16
CAMP COUNTY,063,49 Years,172,91,81,112,62,50,26,10,16,3,2,1,31,17,14
CAMP COUNTY,063,50 Years,173,81,92,118,56,62,24,9,15,4,1,3,27,15,12
CAMP COUNTY,063,51 Years,160,74,86,100,46,54,34,12,22,3,2,1,23,14,9
CAMP COUNTY,063,52 Years,156,85,71,100,53,47,33,15,18,1,1,0,22,16,6
CAMP COUNTY,063,53 Years,162,84,78,105,56,49,36,15,21,2,0,2,19,13,6
CAMP COUNTY,063,54 Years,182,85,97,128,56,72,36,19,17,2,1,1,16,9,7
CAMP COUNTY,063,55 Years,158,70,88,113,49,64,31,14,17,4,2,2,10,5,5
CAMP COUNTY,063,56 Years,184,89,95,124,58,66,41,19,22,4,2,2,15,10,5
CAMP COUNTY,063,57 Years,184,89,95,123,57,66,39,19,20,4,1,3,18,12,6
CAMP COUNTY,063,58 Years,171,90,81,123,60,63,26,16,10,3,2,1,19,12,7
CAMP COUNTY,063,59 Years,156,82,74,112,60,52,28,13,15,3,2,1,13,7,6
CAMP COUNTY,063,60 Years,156,69,87,108,48,60,37,14,23,3,2,1,8,5,3
CAMP COUNTY,063,61 Years,164,74,90,123,56,67,32,14,18,2,1,1,7,3,4
CAMP COUNTY,063,62 Years,166,81,85,133,63,70,23,13,10,2,2,0,8,3,5
CAMP COUNTY,063,63 Years,156,75,81,123,59,64,26,12,14,2,1,1,5,3,2
CAMP COUNTY,063,64 Years,159,76,83,125,61,64,20,7,13,3,1,2,11,7,4
CAMP COUNTY,063,65 Years,138,63,75,111,51,60,16,6,10,2,1,1,9,5,4
CAMP COUNTY,063,66 Years,121,51,70,99,41,58,15,7,8,1,0,1,6,3,3
CAMP COUNTY,063,67 Years,121,57,64,93,42,51,18,10,8,2,2,0,8,3,5
CAMP COUNTY,063,68 Years,119,52,67,96,42,54,15,7,8,1,1,0,7,2,5
CAMP COUNTY,063,69 Years,114,58,56,87,47,40,20,8,12,0,0,0,7,3,4
CAMP COUNTY,063,70 Years,120,61,59,92,47,45,20,10,10,0,0,0,8,4,4
CAMP COUNTY,063,71 Years,123,66,57,99,54,45,20,9,11,2,2,0,2,1,1
CAMP COUNTY,063,72 Years,101,56,45,81,44,37,16,8,8,2,2,0,2,2,0
CAMP COUNTY,063,73 Years,100,51,49,83,41,42,13,7,6,1,0,1,3,3,0
CAMP COUNTY,063,74 Years,97,47,50,82,38,44,13,7,6,0,0,0,2,2,0
CAMP COUNTY,063,75 Years,98,51,47,77,39,38,17,9,8,0,0,0,4,3,1
CAMP COUNTY,063,76 Years,81,42,39,70,36,34,9,4,5,0,0,0,2,2,0
CAMP COUNTY,063,77 Years,73,32,41,64,27,37,8,4,4,0,0,0,1,1,0
CAMP COUNTY,063,78 Years,70,26,44,55,22,33,14,4,10,0,0,0,1,0,1
CAMP COUNTY,063,79 Years,76,31,45,66,29,37,8,1,7,1,1,0,1,0,1
CAMP COUNTY,063,80 Years,63,32,31,53,28,25,9,3,6,1,1,0,0,0,0
CAMP COUNTY,063,81 Years,64,30,34,53,24,29,10,5,5,0,0,0,1,1,0
CAMP COUNTY,063,82 Years,59,26,33,49,21,28,9,4,5,0,0,0,1,1,0
CAMP COUNTY,063,83 Years,43,16,27,34,13,21,9,3,6,0,0,0,0,0,0
CAMP COUNTY,063,84 Years,28,9,19,23,7,16,5,2,3,0,0,0,0,0,0
CAMP COUNTY,063,85 Years +,242,95,147,186,80,106,48,12,36,2,1,1,6,2,4
CARSON COUNTY,065,All Ages,6281,3100,3181,5549,2735,2814,34,17,17,154,87,67,544,261,283
CARSON COUNTY,065,< 1 Year,64,35,29,57,30,27,0,0,0,1,1,0,6,4,2
CARSON COUNTY,065,1 Years,56,29,27,46,23,23,0,0,0,0,0,0,10,6,4
CARSON COUNTY,065,2 Years,71,37,34,57,31,26,2,1,1,1,1,0,11,4,7
CARSON COUNTY,065,3 Years,73,36,37,58,30,28,2,1,1,2,1,1,11,4,7
CARSON COUNTY,065,4 Years,83,43,40,69,37,32,2,1,1,1,0,1,11,5,6
CARSON COUNTY,065,5 Years,81,41,40,65,30,35,1,1,0,2,0,2,13,10,3
CARSON COUNTY,065,6 Years,90,43,47,74,33,41,0,0,0,1,0,1,15,10,5
CARSON COUNTY,065,7 Years,94,51,43,74,39,35,0,0,0,5,4,1,15,8,7
CARSON COUNTY,065,8 Years,92,48,44,79,43,36,0,0,0,3,1,2,10,4,6
CARSON COUNTY,065,9 Years,84,43,41,72,37,35,0,0,0,4,2,2,8,4,4
CARSON COUNTY,065,10 Years,95,44,51,80,36,44,0,0,0,5,3,2,10,5,5
CARSON COUNTY,065,11 Years,95,48,47,79,39,40,1,1,0,4,3,1,11,5,6
CARSON COUNTY,065,12 Years,91,44,47,77,39,38,1,0,1,4,3,1,9,2,7
CARSON COUNTY,065,13 Years,97,39,58,83,34,49,1,0,1,4,2,2,9,3,6
CARSON COUNTY,065,14 Years,105,54,51,86,47,39,2,0,2,2,2,0,15,5,10
CARSON COUNTY,065,15 Years,106,57,49,90,50,40,2,1,1,2,2,0,12,4,8
CARSON COUNTY,065,16 Years,93,48,45,83,44,39,1,0,1,3,2,1,6,2,4
CARSON COUNTY,065,17 Years,96,49,47,83,42,41,2,1,1,3,2,1,8,4,4
CARSON COUNTY,065,18 Years,100,55,45,84,46,38,1,0,1,5,3,2,10,6,4
CARSON COUNTY,065,19 Years,75,39,36,62,30,32,0,0,0,4,3,1,9,6,3
CARSON COUNTY,065,20 Years,50,25,25,41,19,22,0,0,0,1,1,0,8,5,3
CARSON COUNTY,065,21 Years,52,23,29,42,19,23,1,1,0,1,0,1,8,3,5
CARSON COUNTY,065,22 Years,52,21,31,42,15,27,1,0,1,1,1,0,8,5,3
CARSON COUNTY,065,23 Years,47,24,23,39,20,19,1,1,0,0,0,0,7,3,4
CARSON COUNTY,065,24 Years,47,24,23,39,21,18,1,0,1,2,2,0,5,1,4
CARSON COUNTY,065,25 Years,54,28,26,48,24,24,0,0,0,1,1,0,5,3,2
CARSON COUNTY,065,26 Years,62,33,29,52,26,26,0,0,0,1,0,1,9,7,2
CARSON COUNTY,065,27 Years,44,25,19,38,21,17,0,0,0,3,2,1,3,2,1
CARSON COUNTY,065,28 Years,60,31,29,53,28,25,0,0,0,1,1,0,6,2,4
CARSON COUNTY,065,29 Years,65,35,30,57,30,27,0,0,0,1,1,0,7,4,3
CARSON COUNTY,065,30 Years,65,29,36,54,28,26,0,0,0,2,0,2,9,1,8
CARSON COUNTY,065,31 Years,72,36,36,58,31,27,1,1,0,3,1,2,10,3,7
CARSON COUNTY,065,32 Years,63,30,33,57,26,31,0,0,0,1,1,0,5,3,2
CARSON COUNTY,065,33 Years,67,28,39,63,27,36,0,0,0,1,0,1,3,1,2
CARSON COUNTY,065,34 Years,66,34,32,58,30,28,0,0,0,2,2,0,6,2,4
CARSON COUNTY,065,35 Years,55,31,24,48,27,21,0,0,0,2,1,1,5,3,2
CARSON COUNTY,065,36 Years,74,34,40,68,30,38,0,0,0,1,0,1,5,4,1
CARSON COUNTY,065,37 Years,70,38,32,63,33,30,0,0,0,2,1,1,5,4,1
CARSON COUNTY,065,38 Years,69,35,34,62,31,31,0,0,0,1,0,1,6,4,2
CARSON COUNTY,065,39 Years,69,36,33,60,30,30,0,0,0,1,0,1,8,6,2
CARSON COUNTY,065,40 Years,77,38,39,68,32,36,0,0,0,3,2,1,6,4,2
CARSON COUNTY,065,41 Years,70,31,39,63,28,35,0,0,0,2,1,1,5,2,3
CARSON COUNTY,065,42 Years,77,34,43,63,29,34,1,0,1,2,2,0,11,3,8
CARSON COUNTY,065,43 Years,85,41,44,78,39,39,0,0,0,1,0,1,6,2,4
CARSON COUNTY,065,44 Years,78,40,38,70,37,33,1,0,1,3,0,3,4,3,1
CARSON COUNTY,065,45 Years,77,37,40,65,32,33,0,0,0,4,1,3,8,4,4
CARSON COUNTY,065,46 Years,84,37,47,74,34,40,0,0,0,3,1,2,7,2,5
CARSON COUNTY,065,47 Years,90,42,48,82,39,43,0,0,0,0,0,0,8,3,5
CARSON COUNTY,065,48 Years,99,47,52,87,44,43,1,1,0,1,0,1,10,2,8
CARSON COUNTY,065,49 Years,100,54,46,85,46,39,1,1,0,1,0,1,13,7,6
CARSON COUNTY,065,50 Years,90,52,38,78,44,34,2,2,0,0,0,0,10,6,4
CARSON COUNTY,065,51 Years,105,48,57,95,43,52,1,1,0,1,1,0,8,3,5
CARSON COUNTY,065,52 Years,99,48,51,89,43,46,0,0,0,3,2,1,7,3,4
CARSON COUNTY,065,53 Years,107,59,48,93,49,44,0,0,0,4,3,1,10,7,3
CARSON COUNTY,065,54 Years,100,49,51,90,44,46,0,0,0,4,1,3,6,4,2
CARSON COUNTY,065,55 Years,100,47,53,91,43,48,0,0,0,2,1,1,7,3,4
CARSON COUNTY,065,56 Years,103,55,48,97,51,46,0,0,0,0,0,0,6,4,2
CARSON COUNTY,065,57 Years,107,54,53,100,52,48,0,0,0,3,1,2,4,1,3
CARSON COUNTY,065,58 Years,104,58,46,97,53,44,0,0,0,3,2,1,4,3,1
CARSON COUNTY,065,59 Years,100,54,46,95,51,44,0,0,0,2,2,0,3,1,2
CARSON COUNTY,065,60 Years,77,37,40,71,34,37,0,0,0,2,2,0,4,1,3
CARSON COUNTY,065,61 Years,80,37,43,76,36,40,0,0,0,0,0,0,4,1,3
CARSON COUNTY,065,62 Years,90,41,49,80,35,45,1,1,0,4,2,2,5,3,2
CARSON COUNTY,065,63 Years,82,40,42,76,35,41,1,1,0,2,2,0,3,2,1
CARSON COUNTY,065,64 Years,84,38,46,78,34,44,0,0,0,2,2,0,4,2,2
CARSON COUNTY,065,65 Years,56,28,28,50,24,26,0,0,0,2,2,0,4,2,2
CARSON COUNTY,065,66 Years,49,27,22,47,26,21,0,0,0,1,1,0,1,0,1
CARSON COUNTY,065,67 Years,73,38,35,69,37,32,0,0,0,1,0,1,3,1,2
CARSON COUNTY,065,68 Years,59,28,31,53,27,26,0,0,0,1,0,1,5,1,4
CARSON COUNTY,065,69 Years,56,30,26,53,29,24,0,0,0,0,0,0,3,1,2
CARSON COUNTY,065,70 Years,48,22,26,46,22,24,1,0,1,0,0,0,1,0,1
CARSON COUNTY,065,71 Years,57,24,33,55,23,32,0,0,0,1,0,1,1,1,0
CARSON COUNTY,065,72 Years,58,30,28,54,28,26,0,0,0,1,0,1,3,2,1
CARSON COUNTY,065,73 Years,51,25,26,48,24,24,0,0,0,1,0,1,2,1,1
CARSON COUNTY,065,74 Years,49,21,28,46,20,26,0,0,0,1,1,0,2,0,2
CARSON COUNTY,065,75 Years,48,25,23,44,23,21,0,0,0,2,2,0,2,0,2
CARSON COUNTY,065,76 Years,42,23,19,38,21,17,0,0,0,2,2,0,2,0,2
CARSON COUNTY,065,77 Years,35,18,17,33,17,16,0,0,0,1,0,1,1,1,0
CARSON COUNTY,065,78 Years,40,17,23,39,16,23,0,0,0,0,0,0,1,1,0
CARSON COUNTY,065,79 Years,33,15,18,31,14,17,0,0,0,0,0,0,2,1,1
CARSON COUNTY,065,80 Years,40,18,22,38,16,22,0,0,0,0,0,0,2,2,0
CARSON COUNTY,065,81 Years,40,18,22,38,17,21,0,0,0,1,0,1,1,1,0
CARSON COUNTY,065,82 Years,38,16,22,34,14,20,0,0,0,1,1,0,3,1,2
CARSON COUNTY,065,83 Years,31,10,21,28,9,19,0,0,0,0,0,0,3,1,2
CARSON COUNTY,065,84 Years,30,12,18,29,11,18,0,0,0,0,0,0,1,1,0
CARSON COUNTY,065,85 Years +,139,54,85,135,54,81,1,0,1,2,0,2,1,0,1
CASS COUNTY,067,All Ages,30401,14769,15632,23417,11451,11966,5293,2475,2818,604,275,329,1087,568,519
CASS COUNTY,067,< 1 Year,335,170,165,245,125,120,61,30,31,10,4,6,19,11,8
CASS COUNTY,067,1 Years,356,179,177,246,125,121,63,28,35,12,7,5,35,19,16
CASS COUNTY,067,2 Years,340,181,159,216,113,103,69,39,30,16,6,10,39,23,16
CASS COUNTY,067,3 Years,352,186,166,234,124,110,73,41,32,17,8,9,28,13,15
CASS COUNTY,067,4 Years,358,182,176,252,134,118,68,31,37,15,4,11,23,13,10
CASS COUNTY,067,5 Years,378,197,181,264,140,124,74,37,37,14,6,8,26,14,12
CASS COUNTY,067,6 Years,386,189,197,266,132,134,79,36,43,17,8,9,24,13,11
CASS COUNTY,067,7 Years,387,200,187,269,130,139,82,47,35,14,8,6,22,15,7
CASS COUNTY,067,8 Years,384,210,174,276,146,130,70,45,25,12,5,7,26,14,12
CASS COUNTY,067,9 Years,384,204,180,275,151,124,72,38,34,12,7,5,25,8,17
CASS COUNTY,067,10 Years,383,198,185,282,153,129,68,29,39,15,9,6,18,7,11
CASS COUNTY,067,11 Years,408,201,207,300,151,149,72,30,42,15,7,8,21,13,8
CASS COUNTY,067,12 Years,421,220,201,292,156,136,83,41,42,17,8,9,29,15,14
CASS COUNTY,067,13 Years,414,215,199,293,148,145,83,46,37,11,5,6,27,16,11
CASS COUNTY,067,14 Years,407,210,197,287,146,141,84,43,41,12,6,6,24,15,9
CASS COUNTY,067,15 Years,413,238,175,291,175,116,81,44,37,10,4,6,31,15,16
CASS COUNTY,067,16 Years,445,248,197,321,177,144,87,51,36,11,6,5,26,14,12
CASS COUNTY,067,17 Years,446,233,213,318,156,162,90,54,36,11,7,4,27,16,11
CASS COUNTY,067,18 Years,404,211,193,284,139,145,89,54,35,9,6,3,22,12,10
CASS COUNTY,067,19 Years,357,185,172,253,134,119,80,38,42,7,5,2,17,8,9
CASS COUNTY,067,20 Years,302,159,143,221,121,100,59,27,32,5,3,2,17,8,9
CASS COUNTY,067,21 Years,313,155,158,222,109,113,65,33,32,6,3,3,20,10,10
CASS COUNTY,067,22 Years,311,156,155,223,111,112,69,37,32,6,2,4,13,6,7
CASS COUNTY,067,23 Years,273,128,145,195,89,106,61,31,30,6,4,2,11,4,7
CASS COUNTY,067,24 Years,264,118,146,192,83,109,58,27,31,3,3,0,11,5,6
CASS COUNTY,067,25 Years,304,126,178,224,93,131,59,22,37,7,5,2,14,6,8
CASS COUNTY,067,26 Years,301,147,154,220,115,105,59,21,38,7,2,5,15,9,6
CASS COUNTY,067,27 Years,285,134,151,220,108,112,51,20,31,4,1,3,10,5,5
CASS COUNTY,067,28 Years,284,130,154,213,100,113,54,23,31,4,1,3,13,6,7
CASS COUNTY,067,29 Years,301,145,156,230,112,118,54,25,29,3,1,2,14,7,7
CASS COUNTY,067,30 Years,328,150,178,253,118,135,49,21,28,6,1,5,20,10,10
CASS COUNTY,067,31 Years,334,166,168,238,122,116,68,32,36,5,1,4,23,11,12
CASS COUNTY,067,32 Years,333,158,175,241,118,123,65,29,36,9,3,6,18,8,10
CASS COUNTY,067,33 Years,329,158,171,251,121,130,60,29,31,5,1,4,13,7,6
CASS COUNTY,067,34 Years,312,151,161,243,117,126,48,23,25,2,1,1,19,10,9
CASS COUNTY,067,35 Years,280,124,156,201,88,113,55,21,34,3,2,1,21,13,8
CASS COUNTY,067,36 Years,316,153,163,230,119,111,63,25,38,6,1,5,17,8,9
CASS COUNTY,067,37 Years,313,154,159,225,115,110,60,27,33,9,3,6,19,9,10
CASS COUNTY,067,38 Years,337,156,181,265,125,140,47,20,27,11,4,7,14,7,7
CASS COUNTY,067,39 Years,360,170,190,283,132,151,57,28,29,9,4,5,11,6,5
CASS COUNTY,067,40 Years,376,183,193,297,146,151,53,25,28,13,6,7,13,6,7
CASS COUNTY,067,41 Years,379,168,211,298,133,165,57,25,32,9,3,6,15,7,8
CASS COUNTY,067,42 Years,378,177,201,294,136,158,62,30,32,7,4,3,15,7,8
CASS COUNTY,067,43 Years,360,185,175,269,140,129,72,35,37,6,3,3,13,7,6
CASS COUNTY,067,44 Years,362,179,183,277,138,139,66,32,34,6,3,3,13,6,7
CASS COUNTY,067,45 Years,385,189,196,297,148,149,67,28,39,8,6,2,13,7,6
CASS COUNTY,067,46 Years,429,220,209,350,181,169,62,30,32,7,3,4,10,6,4
CASS COUNTY,067,47 Years,437,211,226,345,169,176,74,36,38,10,4,6,8,2,6
CASS COUNTY,067,48 Years,426,195,231,343,157,186,65,29,36,8,4,4,10,5,5
CASS COUNTY,067,49 Years,419,197,222,320,155,165,76,27,49,11,7,4,12,8,4
CASS COUNTY,067,50 Years,424,210,214,327,175,152,82,27,55,7,3,4,8,5,3
CASS COUNTY,067,51 Years,441,213,228,344,172,172,82,35,47,6,3,3,9,3,6
CASS COUNTY,067,52 Years,466,225,241,362,174,188,84,44,40,7,1,6,13,6,7
CASS COUNTY,067,53 Years,471,241,230,372,190,182,77,37,40,5,1,4,17,13,4
CASS COUNTY,067,54 Years,466,224,242,375,184,191,77,32,45,6,1,5,8,7,1
CASS COUNTY,067,55 Years,452,217,235,362,176,186,76,35,41,9,4,5,5,2,3
CASS COUNTY,067,56 Years,471,229,242,380,190,190,77,35,42,9,3,6,5,1,4
CASS COUNTY,067,57 Years,446,208,238,362,174,188,71,28,43,5,2,3,8,4,4
CASS COUNTY,067,58 Years,405,197,208,332,167,165,62,25,37,5,2,3,6,3,3
CASS COUNTY,067,59 Years,393,200,193,329,172,157,56,26,30,3,1,2,5,1,4
CASS COUNTY,067,60 Years,411,209,202,331,173,158,72,33,39,5,2,3,3,1,2
CASS COUNTY,067,61 Years,427,209,218,346,166,180,74,40,34,4,1,3,3,2,1
CASS COUNTY,067,62 Years,422,207,215,339,162,177,74,40,34,6,4,2,3,1,2
CASS COUNTY,067,63 Years,434,230,204,348,183,165,75,39,36,4,2,2,7,6,1
CASS COUNTY,067,64 Years,441,215,226,364,175,189,70,36,34,4,1,3,3,3,0
CASS COUNTY,067,65 Years,380,181,199,305,147,158,63,26,37,8,5,3,4,3,1
CASS COUNTY,067,66 Years,382,175,207,321,151,170,53,20,33,4,2,2,4,2,2
CASS COUNTY,067,67 Years,400,190,210,340,164,176,50,20,30,6,4,2,4,2,2
CASS COUNTY,067,68 Years,389,192,197,319,153,166,60,33,27,6,4,2,4,2,2
CASS COUNTY,067,69 Years,376,190,186,320,162,158,46,23,23,7,3,4,3,2,1
CASS COUNTY,067,70 Years,328,160,168,284,145,139,39,13,26,3,1,2,2,1,1
CASS COUNTY,067,71 Years,320,153,167,270,132,138,47,21,26,2,0,2,1,0,1
CASS COUNTY,067,72 Years,305,136,169,260,113,147,38,21,17,4,2,2,3,0,3
CASS COUNTY,067,73 Years,256,109,147,221,95,126,29,12,17,3,1,2,3,1,2
CASS COUNTY,067,74 Years,246,118,128,206,97,109,34,16,18,1,1,0,5,4,1
CASS COUNTY,067,75 Years,242,113,129,199,99,100,41,12,29,1,1,0,1,1,0
CASS COUNTY,067,76 Years,247,104,143,210,88,122,34,14,20,2,2,0,1,0,1
CASS COUNTY,067,77 Years,214,95,119,183,79,104,27,14,13,2,1,1,2,1,1
CASS COUNTY,067,78 Years,212,97,115,183,86,97,26,10,16,3,1,2,0,0,0
CASS COUNTY,067,79 Years,194,84,110,171,78,93,21,5,16,1,0,1,1,1,0
CASS COUNTY,067,80 Years,164,63,101,146,58,88,18,5,13,0,0,0,0,0,0
CASS COUNTY,067,81 Years,164,71,93,140,61,79,22,10,12,2,0,2,0,0,0
CASS COUNTY,067,82 Years,153,57,96,127,49,78,25,8,17,1,0,1,0,0,0
CASS COUNTY,067,83 Years,139,54,85,120,45,75,18,8,10,1,1,0,0,0,0
CASS COUNTY,067,84 Years,126,62,64,110,53,57,15,9,6,1,0,1,0,0,0
CASS COUNTY,067,85 Years +,705,232,473,565,189,376,135,43,92,3,0,3,2,0,2
CASTRO COUNTY,069,All Ages,8120,4103,4017,2971,1475,1496,155,76,79,74,35,39,4920,2517,2403
CASTRO COUNTY,069,< 1 Year,121,62,59,25,13,12,2,1,1,1,1,0,93,47,46
CASTRO COUNTY,069,1 Years,138,75,63,28,14,14,3,2,1,3,1,2,104,58,46
CASTRO COUNTY,069,2 Years,146,80,66,27,15,12,5,3,2,2,0,2,112,62,50
CASTRO COUNTY,069,3 Years,132,68,64,33,18,15,2,1,1,0,0,0,97,49,48
CASTRO COUNTY,069,4 Years,139,72,67,29,16,13,2,0,2,3,0,3,105,56,49
CASTRO COUNTY,069,5 Years,137,76,61,36,20,16,2,1,1,3,1,2,96,54,42
CASTRO COUNTY,069,6 Years,138,71,67,37,22,15,2,1,1,1,0,1,98,48,50
CASTRO COUNTY,069,7 Years,151,78,73,37,18,19,1,1,0,2,1,1,111,58,53
CASTRO COUNTY,069,8 Years,144,85,59,41,25,16,3,1,2,1,1,0,99,58,41
CASTRO COUNTY,069,9 Years,128,67,61,33,16,17,4,3,1,1,1,0,90,47,43
CASTRO COUNTY,069,10 Years,149,70,79,39,16,23,4,1,3,0,0,0,106,53,53
CASTRO COUNTY,069,11 Years,138,67,71,31,12,19,1,0,1,1,1,0,105,54,51
CASTRO COUNTY,069,12 Years,135,61,74,29,11,18,3,2,1,0,0,0,103,48,55
CASTRO COUNTY,069,13 Years,150,77,73,34,17,17,4,2,2,1,0,1,111,58,53
CASTRO COUNTY,069,14 Years,145,78,67,33,20,13,5,4,1,0,0,0,107,54,53
CASTRO COUNTY,069,15 Years,136,63,73,33,13,20,3,2,1,2,2,0,98,46,52
CASTRO COUNTY,069,16 Years,131,67,64,30,9,21,5,4,1,1,1,0,95,53,42
CASTRO COUNTY,069,17 Years,141,71,70,37,17,20,4,3,1,1,1,0,99,50,49
CASTRO COUNTY,069,18 Years,134,59,75,41,21,20,1,1,0,2,2,0,90,35,55
CASTRO COUNTY,069,19 Years,122,65,57,38,24,14,0,0,0,2,1,1,82,40,42
CASTRO COUNTY,069,20 Years,90,50,40,19,12,7,0,0,0,0,0,0,71,38,33
CASTRO COUNTY,069,21 Years,86,41,45,18,9,9,2,0,2,0,0,0,66,32,34
CASTRO COUNTY,069,22 Years,91,46,45,14,6,8,4,0,4,2,1,1,71,39,32
CASTRO COUNTY,069,23 Years,86,44,42,18,9,9,3,2,1,1,0,1,64,33,31
CASTRO COUNTY,069,24 Years,97,47,50,27,10,17,5,3,2,1,0,1,64,34,30
CASTRO COUNTY,069,25 Years,94,48,46,21,7,14,3,2,1,0,0,0,70,39,31
CASTRO COUNTY,069,26 Years,104,63,41,24,15,9,1,0,1,2,2,0,77,46,31
CASTRO COUNTY,069,27 Years,94,47,47,26,17,9,1,0,1,3,0,3,64,30,34
CASTRO COUNTY,069,28 Years,94,42,52,23,10,13,1,0,1,1,0,1,69,32,37
CASTRO COUNTY,069,29 Years,90,41,49,29,12,17,1,0,1,3,2,1,57,27,30
CASTRO COUNTY,069,30 Years,94,51,43,27,15,12,1,0,1,3,2,1,63,34,29
CASTRO COUNTY,069,31 Years,99,48,51,26,11,15,3,2,1,1,1,0,69,34,35
CASTRO COUNTY,069,32 Years,95,40,55,28,12,16,1,0,1,1,1,0,65,27,38
CASTRO COUNTY,069,33 Years,97,53,44,27,13,14,0,0,0,2,1,1,68,39,29
CASTRO COUNTY,069,34 Years,87,45,42,23,10,13,0,0,0,2,1,1,62,34,28
CASTRO COUNTY,069,35 Years,106,54,52,28,14,14,1,0,1,2,1,1,75,39,36
CASTRO COUNTY,069,36 Years,88,46,42,24,14,10,3,3,0,2,0,2,59,29,30
CASTRO COUNTY,069,37 Years,97,42,55,30,16,14,4,1,3,3,1,2,60,24,36
CASTRO COUNTY,069,38 Years,91,43,48,25,12,13,1,0,1,1,0,1,64,31,33
CASTRO COUNTY,069,39 Years,79,49,30,22,12,10,1,1,0,0,0,0,56,36,20
CASTRO COUNTY,069,40 Years,95,56,39,33,18,15,1,1,0,0,0,0,61,37,24
CASTRO COUNTY,069,41 Years,102,54,48,39,21,18,1,0,1,0,0,0,62,33,29
CASTRO COUNTY,069,42 Years,88,42,46,30,16,14,1,0,1,0,0,0,57,26,31
CASTRO COUNTY,069,43 Years,86,41,45,34,15,19,1,0,1,1,1,0,50,25,25
CASTRO COUNTY,069,44 Years,81,38,43,30,15,15,0,0,0,1,0,1,50,23,27
CASTRO COUNTY,069,45 Years,91,48,43,26,14,12,1,1,0,2,2,0,62,31,31
CASTRO COUNTY,069,46 Years,89,47,42,39,22,17,2,1,1,0,0,0,48,24,24
CASTRO COUNTY,069,47 Years,105,48,57,53,26,27,2,1,1,0,0,0,50,21,29
CASTRO COUNTY,069,48 Years,100,45,55,50,24,26,2,1,1,0,0,0,48,20,28
CASTRO COUNTY,069,49 Years,99,52,47,41,22,19,1,0,1,0,0,0,57,30,27
CASTRO COUNTY,069,50 Years,115,65,50,48,27,21,3,2,1,0,0,0,64,36,28
CASTRO COUNTY,069,51 Years,98,46,52,44,22,22,2,0,2,1,0,1,51,24,27
CASTRO COUNTY,069,52 Years,103,55,48,50,25,25,2,1,1,1,1,0,50,28,22
CASTRO COUNTY,069,53 Years,108,58,50,51,27,24,5,2,3,1,1,0,51,28,23
CASTRO COUNTY,069,54 Years,110,60,50,51,32,19,5,3,2,2,1,1,52,24,28
CASTRO COUNTY,069,55 Years,94,50,44,44,23,21,6,4,2,0,0,0,44,23,21
CASTRO COUNTY,069,56 Years,118,58,60,55,27,28,3,1,2,0,0,0,60,30,30
CASTRO COUNTY,069,57 Years,114,56,58,57,27,30,1,0,1,1,1,0,55,28,27
CASTRO COUNTY,069,58 Years,111,63,48,52,28,24,3,2,1,0,0,0,56,33,23
CASTRO COUNTY,069,59 Years,104,54,50,51,23,28,4,1,3,0,0,0,49,30,19
CASTRO COUNTY,069,60 Years,90,46,44,43,24,19,4,2,2,1,0,1,42,20,22
CASTRO COUNTY,069,61 Years,73,32,41,36,19,17,2,1,1,1,0,1,34,12,22
CASTRO COUNTY,069,62 Years,64,28,36,35,18,17,0,0,0,1,0,1,28,10,18
CASTRO COUNTY,069,63 Years,81,41,40,44,22,22,0,0,0,1,0,1,36,19,17
CASTRO COUNTY,069,64 Years,78,44,34,47,24,23,0,0,0,0,0,0,31,20,11
CASTRO COUNTY,069,65 Years,68,35,33,43,24,19,0,0,0,0,0,0,25,11,14
CASTRO COUNTY,069,66 Years,61,31,30,36,19,17,1,1,0,0,0,0,24,11,13
CASTRO COUNTY,069,67 Years,51,22,29,30,13,17,1,1,0,0,0,0,20,8,12
CASTRO COUNTY,069,68 Years,73,32,41,47,20,27,0,0,0,0,0,0,26,12,14
CASTRO COUNTY,069,69 Years,64,38,26,35,22,13,0,0,0,0,0,0,29,16,13
CASTRO COUNTY,069,70 Years,58,32,26,33,19,14,0,0,0,1,1,0,24,12,12
CASTRO COUNTY,069,71 Years,49,23,26,31,15,16,0,0,0,0,0,0,18,8,10
CASTRO COUNTY,069,72 Years,48,22,26,31,14,17,0,0,0,0,0,0,17,8,9
CASTRO COUNTY,069,73 Years,48,23,25,27,8,19,0,0,0,0,0,0,21,15,6
CASTRO COUNTY,069,74 Years,53,29,24,34,18,16,0,0,0,0,0,0,19,11,8
CASTRO COUNTY,069,75 Years,47,23,24,31,15,16,1,1,0,0,0,0,15,7,8
CASTRO COUNTY,069,76 Years,56,27,29,37,17,20,0,0,0,1,0,1,18,10,8
CASTRO COUNTY,069,77 Years,57,26,31,45,21,24,0,0,0,0,0,0,12,5,7
CASTRO COUNTY,069,78 Years,49,21,28,34,14,20,0,0,0,1,0,1,14,7,7
CASTRO COUNTY,069,79 Years,44,19,25,29,11,18,1,0,1,0,0,0,14,8,6
CASTRO COUNTY,069,80 Years,36,19,17,27,14,13,0,0,0,0,0,0,9,5,4
CASTRO COUNTY,069,81 Years,33,16,17,24,13,11,1,0,1,0,0,0,8,3,5
CASTRO COUNTY,069,82 Years,40,19,21,28,12,16,3,2,1,0,0,0,9,5,4
CASTRO COUNTY,069,83 Years,30,15,15,21,11,10,1,0,1,0,0,0,8,4,4
CASTRO COUNTY,069,84 Years,22,11,11,13,7,6,0,0,0,0,0,0,9,4,5
CASTRO COUNTY,069,85 Years +,122,41,81,102,34,68,2,0,2,0,0,0,18,7,11
CHAMBERS COUNTY,071,All Ages,35996,18118,17878,25128,12535,12593,2902,1470,1432,902,435,467,7064,3678,3386
CHAMBERS COUNTY,071,< 1 Year,434,225,209,284,147,137,28,15,13,9,5,4,113,58,55
CHAMBERS COUNTY,071,1 Years,462,215,247,276,124,152,30,15,15,13,5,8,143,71,72
CHAMBERS COUNTY,071,2 Years,498,258,240,279,145,134,29,17,12,17,6,11,173,90,83
CHAMBERS COUNTY,071,3 Years,491,258,233,294,154,140,28,14,14,18,8,10,151,82,69
CHAMBERS COUNTY,071,4 Years,487,247,240,294,150,144,34,17,17,20,9,11,139,71,68
CHAMBERS COUNTY,071,5 Years,510,273,237,304,165,139,32,17,15,18,10,8,156,81,75
CHAMBERS COUNTY,071,6 Years,529,269,260,312,160,152,34,16,18,17,8,9,166,85,81
CHAMBERS COUNTY,071,7 Years,541,276,265,337,169,168,33,18,15,18,8,10,153,81,72
CHAMBERS COUNTY,071,8 Years,570,300,270,357,199,158,31,15,16,22,11,11,160,75,85
CHAMBERS COUNTY,071,9 Years,564,305,259,355,195,160,36,16,20,19,10,9,154,84,70
CHAMBERS COUNTY,071,10 Years,623,336,287,404,222,182,44,28,16,20,8,12,155,78,77
CHAMBERS COUNTY,071,11 Years,639,332,307,402,213,189,55,30,25,25,10,15,157,79,78
CHAMBERS COUNTY,071,12 Years,617,315,302,389,199,190,48,24,24,17,11,6,163,81,82
CHAMBERS COUNTY,071,13 Years,631,318,313,392,201,191,45,24,21,21,12,9,173,81,92
CHAMBERS COUNTY,071,14 Years,604,305,299,384,198,186,43,22,21,23,11,12,154,74,80
CHAMBERS COUNTY,071,15 Years,622,316,306,402,201,201,48,27,21,24,13,11,148,75,73
CHAMBERS COUNTY,071,16 Years,616,310,306,402,205,197,50,24,26,18,8,10,146,73,73
CHAMBERS COUNTY,071,17 Years,622,321,301,402,207,195,61,34,27,18,10,8,141,70,71
CHAMBERS COUNTY,071,18 Years,605,325,280,382,208,174,60,35,25,13,6,7,150,76,74
CHAMBERS COUNTY,071,19 Years,532,279,253,323,172,151,60,33,27,14,7,7,135,67,68
CHAMBERS COUNTY,071,20 Years,460,249,211,280,149,131,46,27,19,9,6,3,125,67,58
CHAMBERS COUNTY,071,21 Years,383,196,187,233,116,117,36,18,18,5,4,1,109,58,51
CHAMBERS COUNTY,071,22 Years,354,173,181,208,96,112,33,18,15,5,3,2,108,56,52
CHAMBERS COUNTY,071,23 Years,367,183,184,213,100,113,33,21,12,10,2,8,111,60,51
CHAMBERS COUNTY,071,24 Years,338,175,163,209,108,101,21,12,9,13,6,7,95,49,46
CHAMBERS COUNTY,071,25 Years,362,189,173,220,113,107,23,13,10,13,10,3,106,53,53
CHAMBERS COUNTY,071,26 Years,380,192,188,236,108,128,25,15,10,11,6,5,108,63,45
CHAMBERS COUNTY,071,27 Years,349,164,185,220,94,126,18,10,8,9,5,4,102,55,47
CHAMBERS COUNTY,071,28 Years,376,177,199,228,97,131,23,14,9,7,3,4,118,63,55
CHAMBERS COUNTY,071,29 Years,427,199,228,262,108,154,33,20,13,9,4,5,123,67,56
CHAMBERS COUNTY,071,30 Years,453,221,232,287,135,152,25,13,12,11,5,6,130,68,62
CHAMBERS COUNTY,071,31 Years,486,248,238,322,168,154,32,12,20,14,7,7,118,61,57
CHAMBERS COUNTY,071,32 Years,429,217,212,294,143,151,25,12,13,8,3,5,102,59,43
CHAMBERS COUNTY,071,33 Years,461,221,240,311,143,168,31,17,14,10,3,7,109,58,51
CHAMBERS COUNTY,071,34 Years,493,233,260,332,156,176,40,18,22,8,4,4,113,55,58
CHAMBERS COUNTY,071,35 Years,506,246,260,333,161,172,43,17,26,7,3,4,123,65,58
CHAMBERS COUNTY,071,36 Years,487,234,253,321,154,167,45,19,26,9,4,5,112,57,55
CHAMBERS COUNTY,071,37 Years,506,240,266,336,155,181,40,17,23,10,5,5,120,63,57
CHAMBERS COUNTY,071,38 Years,519,253,266,340,166,174,50,24,26,13,5,8,116,58,58
CHAMBERS COUNTY,071,39 Years,557,254,303,380,173,207,46,24,22,14,3,11,117,54,63
CHAMBERS COUNTY,071,40 Years,594,287,307,410,196,214,60,33,27,20,6,14,104,52,52
CHAMBERS COUNTY,071,41 Years,584,287,297,409,196,213,55,30,25,18,9,9,102,52,50
CHAMBERS COUNTY,071,42 Years,571,285,286,411,198,213,53,30,23,9,4,5,98,53,45
CHAMBERS COUNTY,071,43 Years,525,257,268,378,182,196,46,23,23,8,5,3,93,47,46
CHAMBERS COUNTY,071,44 Years,546,267,279,391,189,202,41,18,23,14,6,8,100,54,46
CHAMBERS COUNTY,071,45 Years,542,270,272,404,196,208,39,24,15,13,7,6,86,43,43
CHAMBERS COUNTY,071,46 Years,535,273,262,407,204,203,41,24,17,13,7,6,74,38,36
CHAMBERS COUNTY,071,47 Years,521,270,251,395,200,195,45,26,19,12,5,7,69,39,30
CHAMBERS COUNTY,071,48 Years,537,289,248,413,220,193,44,24,20,12,7,5,68,38,30
CHAMBERS COUNTY,071,49 Years,540,280,260,419,209,210,48,25,23,11,6,5,62,40,22
CHAMBERS COUNTY,071,50 Years,538,279,259,407,208,199,44,22,22,24,12,12,63,37,26
CHAMBERS COUNTY,071,51 Years,566,294,272,421,225,196,53,22,31,18,9,9,74,38,36
CHAMBERS COUNTY,071,52 Years,524,260,264,400,200,200,45,20,25,12,8,4,67,32,35
CHAMBERS COUNTY,071,53 Years,505,253,252,395,192,203,42,24,18,8,5,3,60,32,28
CHAMBERS COUNTY,071,54 Years,539,287,252,428,236,192,41,20,21,11,5,6,59,26,33
CHAMBERS COUNTY,071,55 Years,522,287,235,412,227,185,37,19,18,10,7,3,63,34,29
CHAMBERS COUNTY,071,56 Years,506,263,243,407,210,197,34,16,18,9,7,2,56,30,26
CHAMBERS COUNTY,071,57 Years,509,250,259,412,198,214,36,20,16,11,5,6,50,27,23
CHAMBERS COUNTY,071,58 Years,520,255,265,416,200,216,46,20,26,6,3,3,52,32,20
CHAMBERS COUNTY,071,59 Years,426,229,197,343,185,158,38,16,22,5,3,2,40,25,15
CHAMBERS COUNTY,071,60 Years,372,201,171,293,155,138,35,19,16,6,4,2,38,23,15
CHAMBERS COUNTY,071,61 Years,365,192,173,290,153,137,36,18,18,11,5,6,28,16,12
CHAMBERS COUNTY,071,62 Years,374,184,190,304,145,159,36,20,16,7,3,4,27,16,11
CHAMBERS COUNTY,071,63 Years,397,198,199,326,163,163,33,17,16,11,3,8,27,15,12
CHAMBERS COUNTY,071,64 Years,403,203,200,326,164,162,37,19,18,12,4,8,28,16,12
CHAMBERS COUNTY,071,65 Years,328,163,165,270,130,140,31,15,16,4,2,2,23,16,7
CHAMBERS COUNTY,071,66 Years,276,137,139,227,113,114,28,15,13,3,1,2,18,8,10
CHAMBERS COUNTY,071,67 Years,260,128,132,212,107,105,27,11,16,5,3,2,16,7,9
CHAMBERS COUNTY,071,68 Years,254,133,121,215,115,100,19,6,13,4,2,2,16,10,6
CHAMBERS COUNTY,071,69 Years,222,105,117,189,93,96,16,3,13,7,5,2,10,4,6
CHAMBERS COUNTY,071,70 Years,210,105,105,170,86,84,24,13,11,4,2,2,12,4,8
CHAMBERS COUNTY,071,71 Years,191,94,97,150,73,77,23,10,13,3,1,2,15,10,5
CHAMBERS COUNTY,071,72 Years,169,84,85,133,65,68,18,7,11,2,1,1,16,11,5
CHAMBERS COUNTY,071,73 Years,142,74,68,118,62,56,14,6,8,3,1,2,7,5,2
CHAMBERS COUNTY,071,74 Years,144,69,75,121,58,63,14,7,7,3,1,2,6,3,3
CHAMBERS COUNTY,071,75 Years,136,71,65,121,64,57,11,4,7,0,0,0,4,3,1
CHAMBERS COUNTY,071,76 Years,125,64,61,107,57,50,14,5,9,1,0,1,3,2,1
CHAMBERS COUNTY,071,77 Years,122,60,62,107,50,57,11,7,4,1,1,0,3,2,1
CHAMBERS COUNTY,071,78 Years,111,57,54,93,49,44,15,7,8,1,0,1,2,1,1
CHAMBERS COUNTY,071,79 Years,88,41,47,78,36,42,8,4,4,0,0,0,2,1,1
CHAMBERS COUNTY,071,80 Years,103,39,64,92,33,59,8,5,3,1,0,1,2,1,1
CHAMBERS COUNTY,071,81 Years,106,37,69,96,34,62,9,3,6,1,0,1,0,0,0
CHAMBERS COUNTY,071,82 Years,90,35,55,78,32,46,9,2,7,1,1,0,2,0,2
CHAMBERS COUNTY,071,83 Years,63,26,37,55,24,31,5,2,3,1,0,1,2,0,2
CHAMBERS COUNTY,071,84 Years,61,24,37,54,21,33,2,1,1,2,1,1,3,1,2
CHAMBERS COUNTY,071,85 Years +,344,125,219,286,105,181,34,6,28,5,1,4,19,13,6
CHEROKEE COUNTY,073,All Ages,51298,26105,25193,31819,15551,16268,7446,4000,3446,1082,495,587,10951,6059,4892
CHEROKEE COUNTY,073,< 1 Year,717,362,355,372,190,182,89,43,46,15,8,7,241,121,120
CHEROKEE COUNTY,073,1 Years,718,368,350,340,170,170,96,54,42,29,13,16,253,131,122
CHEROKEE COUNTY,073,2 Years,743,383,360,323,163,160,109,59,50,34,12,22,277,149,128
CHEROKEE COUNTY,073,3 Years,715,369,346,320,164,156,90,46,44,33,16,17,272,143,129
CHEROKEE COUNTY,073,4 Years,704,363,341,319,166,153,97,51,46,27,14,13,261,132,129
CHEROKEE COUNTY,073,5 Years,747,394,353,348,185,163,95,45,50,29,15,14,275,149,126
CHEROKEE COUNTY,073,6 Years,750,388,362,349,187,162,109,46,63,29,16,13,263,139,124
CHEROKEE COUNTY,073,7 Years,740,371,369,360,192,168,98,40,58,29,14,15,253,125,128
CHEROKEE COUNTY,073,8 Years,753,375,378,349,168,181,111,52,59,37,18,19,256,137,119
CHEROKEE COUNTY,073,9 Years,744,377,367,353,164,189,88,47,41,34,19,15,269,147,122
CHEROKEE COUNTY,073,10 Years,754,392,362,376,186,190,106,62,44,23,10,13,249,134,115
CHEROKEE COUNTY,073,11 Years,750,395,355,363,182,181,109,58,51,34,13,21,244,142,102
CHEROKEE COUNTY,073,12 Years,766,388,378,381,193,188,103,54,49,27,10,17,255,131,124
CHEROKEE COUNTY,073,13 Years,728,370,358,377,189,188,90,47,43,19,7,12,242,127,115
CHEROKEE COUNTY,073,14 Years,731,377,354,374,189,185,113,53,60,19,8,11,225,127,98
CHEROKEE COUNTY,073,15 Years,722,367,355,381,191,190,113,57,56,15,7,8,213,112,101
CHEROKEE COUNTY,073,16 Years,700,362,338,383,192,191,92,50,42,19,12,7,206,108,98
CHEROKEE COUNTY,073,17 Years,752,384,368,411,205,206,106,49,57,19,12,7,216,118,98
CHEROKEE COUNTY,073,18 Years,771,431,340,375,191,184,167,108,59,16,7,9,213,125,88
CHEROKEE COUNTY,073,19 Years,802,456,346,364,183,181,194,138,56,18,9,9,226,126,100
CHEROKEE COUNTY,073,20 Years,809,441,368,366,180,186,187,124,63,17,8,9,239,129,110
CHEROKEE COUNTY,073,21 Years,733,391,342,356,178,178,141,88,53,17,8,9,219,117,102
CHEROKEE COUNTY,073,22 Years,649,342,307,335,169,166,115,72,43,13,5,8,186,96,90
CHEROKEE COUNTY,073,23 Years,644,343,301,342,171,171,110,61,49,11,6,5,181,105,76
CHEROKEE COUNTY,073,24 Years,594,312,282,298,141,157,103,58,45,11,5,6,182,108,74
CHEROKEE COUNTY,073,25 Years,541,295,246,284,136,148,82,51,31,6,2,4,169,106,63
CHEROKEE COUNTY,073,26 Years,559,301,258,293,142,151,92,57,35,7,3,4,167,99,68
CHEROKEE COUNTY,073,27 Years,604,311,293,324,160,164,94,50,44,11,6,5,175,95,80
CHEROKEE COUNTY,073,28 Years,563,278,285,319,160,159,73,36,37,14,8,6,157,74,83
CHEROKEE COUNTY,073,29 Years,558,291,267,324,167,157,73,35,38,9,3,6,152,86,66
CHEROKEE COUNTY,073,30 Years,597,301,296,333,166,167,90,44,46,15,6,9,159,85,74
CHEROKEE COUNTY,073,31 Years,631,311,320,343,161,182,106,56,50,14,6,8,168,88,80
CHEROKEE COUNTY,073,32 Years,596,306,290,329,162,167,79,41,38,10,3,7,178,100,78
CHEROKEE COUNTY,073,33 Years,591,316,275,316,159,157,94,58,36,11,5,6,170,94,76
CHEROKEE COUNTY,073,34 Years,635,343,292,339,167,172,100,59,41,10,5,5,186,112,74
CHEROKEE COUNTY,073,35 Years,585,312,273,326,173,153,84,44,40,9,4,5,166,91,75
CHEROKEE COUNTY,073,36 Years,591,307,284,339,168,171,84,52,32,6,2,4,162,85,77
CHEROKEE COUNTY,073,37 Years,622,319,303,365,174,191,84,45,39,8,3,5,165,97,68
CHEROKEE COUNTY,073,38 Years,619,330,289,365,182,183,89,51,38,5,3,2,160,94,66
CHEROKEE COUNTY,073,39 Years,631,320,311,365,179,186,84,46,38,6,4,2,176,91,85
CHEROKEE COUNTY,073,40 Years,653,342,311,411,210,201,85,45,40,5,3,2,152,84,68
CHEROKEE COUNTY,073,41 Years,615,325,290,384,194,190,78,39,39,7,2,5,146,90,56
CHEROKEE COUNTY,073,42 Years,628,341,287,385,200,185,98,50,48,11,8,3,134,83,51
CHEROKEE COUNTY,073,43 Years,601,308,293,378,184,194,87,49,38,10,5,5,126,70,56
CHEROKEE COUNTY,073,44 Years,581,315,266,348,178,170,99,57,42,8,2,6,126,78,48
CHEROKEE COUNTY,073,45 Years,628,339,289,364,189,175,110,60,50,14,5,9,140,85,55
CHEROKEE COUNTY,073,46 Years,684,393,291,428,248,180,114,72,42,14,5,9,128,68,60
CHEROKEE COUNTY,073,47 Years,672,368,304,443,230,213,102,64,38,13,7,6,114,67,47
CHEROKEE COUNTY,073,48 Years,701,385,316,455,241,214,117,68,49,16,8,8,113,68,45
CHEROKEE COUNTY,073,49 Years,678,362,316,440,216,224,116,70,46,15,7,8,107,69,38
CHEROKEE COUNTY,073,50 Years,659,337,322,421,202,219,108,55,53,17,6,11,113,74,39
CHEROKEE COUNTY,073,51 Years,723,371,352,493,246,247,124,63,61,13,7,6,93,55,38
CHEROKEE COUNTY,073,52 Years,728,374,354,510,251,259,119,66,53,13,5,8,86,52,34
CHEROKEE COUNTY,073,53 Years,679,369,310,477,253,224,105,61,44,13,6,7,84,49,35
CHEROKEE COUNTY,073,54 Years,681,358,323,490,249,241,107,62,45,16,6,10,68,41,27
CHEROKEE COUNTY,073,55 Years,657,335,322,464,225,239,111,59,52,14,6,8,68,45,23
CHEROKEE COUNTY,073,56 Years,677,344,333,496,243,253,112,61,51,10,6,4,59,34,25
CHEROKEE COUNTY,073,57 Years,695,341,354,507,232,275,126,74,52,11,6,5,51,29,22
CHEROKEE COUNTY,073,58 Years,668,321,347,510,238,272,102,54,48,13,5,8,43,24,19
CHEROKEE COUNTY,073,59 Years,633,308,325,489,238,251,88,40,48,8,2,6,48,28,20
CHEROKEE COUNTY,073,60 Years,638,313,325,470,223,247,100,48,52,7,3,4,61,39,22
CHEROKEE COUNTY,073,61 Years,621,320,301,479,236,243,95,53,42,9,6,3,38,25,13
CHEROKEE COUNTY,073,62 Years,604,307,297,473,232,241,83,46,37,8,5,3,40,24,16
CHEROKEE COUNTY,073,63 Years,623,294,329,495,222,273,82,49,33,7,3,4,39,20,19
CHEROKEE COUNTY,073,64 Years,623,288,335,515,228,287,58,33,25,9,3,6,41,24,17
CHEROKEE COUNTY,073,65 Years,522,255,267,440,210,230,49,27,22,5,1,4,28,17,11
CHEROKEE COUNTY,073,66 Years,525,261,264,437,216,221,51,25,26,6,1,5,31,19,12
CHEROKEE COUNTY,073,67 Years,483,231,252,412,203,209,43,11,32,7,5,2,21,12,9
CHEROKEE COUNTY,073,68 Years,487,237,250,413,198,215,48,20,28,3,2,1,23,17,6
CHEROKEE COUNTY,073,69 Years,463,218,245,397,187,210,42,20,22,6,1,5,18,10,8
CHEROKEE COUNTY,073,70 Years,435,212,223,379,185,194,34,18,16,5,3,2,17,6,11
CHEROKEE COUNTY,073,71 Years,410,200,210,350,174,176,34,13,21,7,3,4,19,10,9
CHEROKEE COUNTY,073,72 Years,359,180,179,306,154,152,35,17,18,1,0,1,17,9,8
CHEROKEE COUNTY,073,73 Years,324,159,165,273,138,135,33,12,21,5,3,2,13,6,7
CHEROKEE COUNTY,073,74 Years,344,162,182,294,140,154,34,16,18,4,1,3,12,5,7
CHEROKEE COUNTY,073,75 Years,328,147,181,286,129,157,31,12,19,2,1,1,9,5,4
CHEROKEE COUNTY,073,76 Years,347,162,185,292,139,153,39,15,24,4,2,2,12,6,6
CHEROKEE COUNTY,073,77 Years,320,140,180,264,115,149,38,13,25,3,1,2,15,11,4
CHEROKEE COUNTY,073,78 Years,262,119,143,221,99,122,28,12,16,3,2,1,10,6,4
CHEROKEE COUNTY,073,79 Years,239,109,130,205,97,108,22,7,15,4,2,2,8,3,5
CHEROKEE COUNTY,073,80 Years,207,90,117,177,78,99,22,8,14,4,2,2,4,2,2
CHEROKEE COUNTY,073,81 Years,224,92,132,184,75,109,23,11,12,5,1,4,12,5,7
CHEROKEE COUNTY,073,82 Years,198,79,119,169,68,101,22,9,13,3,1,2,4,1,3
CHEROKEE COUNTY,073,83 Years,178,72,106,159,65,94,15,6,9,1,0,1,3,1,2
CHEROKEE COUNTY,073,84 Years,161,66,95,141,57,84,15,8,7,1,0,1,4,1,3
CHEROKEE COUNTY,073,85 Years +,973,314,659,816,271,545,123,35,88,7,1,6,27,7,20
CHILDRESS COUNTY,075,All Ages,7065,4138,2927,4321,2233,2088,682,551,131,142,75,67,1920,1279,641
CHILDRESS COUNTY,075,< 1 Year,79,42,37,45,23,22,2,1,1,2,2,0,30,16,14
CHILDRESS COUNTY,075,1 Years,77,41,36,42,24,18,2,1,1,3,2,1,30,14,16
CHILDRESS COUNTY,075,2 Years,84,47,37,53,29,24,2,1,1,2,2,0,27,15,12
CHILDRESS COUNTY,075,3 Years,88,45,43,51,27,24,4,3,1,4,2,2,29,13,16
CHILDRESS COUNTY,075,4 Years,90,43,47,52,24,28,6,3,3,2,1,1,30,15,15
CHILDRESS COUNTY,075,5 Years,84,44,40,45,21,24,5,4,1,2,2,0,32,17,15
CHILDRESS COUNTY,075,6 Years,83,42,41,50,24,26,2,2,0,4,2,2,27,14,13
CHILDRESS COUNTY,075,7 Years,74,37,37,46,26,20,3,1,2,5,1,4,20,9,11
CHILDRESS COUNTY,075,8 Years,76,40,36,51,29,22,2,1,1,3,1,2,20,9,11
CHILDRESS COUNTY,075,9 Years,92,47,45,51,25,26,4,1,3,3,2,1,34,19,15
CHILDRESS COUNTY,075,10 Years,78,42,36,45,24,21,2,1,1,2,1,1,29,16,13
CHILDRESS COUNTY,075,11 Years,91,55,36,51,27,24,3,2,1,3,2,1,34,24,10
CHILDRESS COUNTY,075,12 Years,85,50,35,48,26,22,5,3,2,3,2,1,29,19,10
CHILDRESS COUNTY,075,13 Years,84,41,43,48,23,25,5,1,4,3,2,1,28,15,13
CHILDRESS COUNTY,075,14 Years,92,48,44,54,26,28,8,5,3,2,1,1,28,16,12
CHILDRESS COUNTY,075,15 Years,75,34,41,47,21,26,6,3,3,0,0,0,22,10,12
CHILDRESS COUNTY,075,16 Years,93,48,45,58,28,30,7,3,4,2,1,1,26,16,10
CHILDRESS COUNTY,075,17 Years,72,42,30,41,23,18,7,5,2,1,0,1,23,14,9
CHILDRESS COUNTY,075,18 Years,101,64,37,53,34,19,11,8,3,3,0,3,34,22,12
CHILDRESS COUNTY,075,19 Years,115,72,43,56,32,24,14,11,3,2,1,1,43,28,15
CHILDRESS COUNTY,075,20 Years,89,59,30,39,21,18,18,17,1,3,1,2,29,20,9
CHILDRESS COUNTY,075,21 Years,123,102,21,39,25,14,23,23,0,1,0,1,60,54,6
CHILDRESS COUNTY,075,22 Years,139,112,27,41,25,16,34,33,1,2,2,0,62,52,10
CHILDRESS COUNTY,075,23 Years,138,114,24,52,37,15,26,25,1,1,1,0,59,51,8
CHILDRESS COUNTY,075,24 Years,152,130,22,59,44,15,28,27,1,5,5,0,60,54,6
CHILDRESS COUNTY,075,25 Years,148,126,22,56,41,15,41,39,2,1,1,0,50,45,5
CHILDRESS COUNTY,075,26 Years,168,133,35,55,33,22,32,31,1,0,0,0,81,69,12
CHILDRESS COUNTY,075,27 Years,155,117,38,54,32,22,39,35,4,1,0,1,61,50,11
CHILDRESS COUNTY,075,28 Years,155,125,30,65,43,22,28,26,2,2,1,1,60,55,5
CHILDRESS COUNTY,075,29 Years,127,95,32,56,34,22,27,26,1,2,1,1,42,34,8
CHILDRESS COUNTY,075,30 Years,123,93,30,49,28,21,25,25,0,3,2,1,46,38,8
CHILDRESS COUNTY,075,31 Years,131,96,35,59,37,22,18,17,1,2,1,1,52,41,11
CHILDRESS COUNTY,075,32 Years,96,59,37,50,26,24,16,14,2,2,2,0,28,17,11
CHILDRESS COUNTY,075,33 Years,106,63,43,49,24,25,17,15,2,4,1,3,36,23,13
CHILDRESS COUNTY,075,34 Years,106,72,34,48,28,20,20,18,2,3,1,2,35,25,10
CHILDRESS COUNTY,075,35 Years,85,50,35,43,22,21,8,6,2,3,2,1,31,20,11
CHILDRESS COUNTY,075,36 Years,85,56,29,54,33,21,7,6,1,3,2,1,21,15,6
CHILDRESS COUNTY,075,37 Years,83,56,27,45,29,16,13,12,1,2,1,1,23,14,9
CHILDRESS COUNTY,075,38 Years,87,53,34,44,23,21,6,5,1,1,1,0,36,24,12
CHILDRESS COUNTY,075,39 Years,81,48,33,50,26,24,3,2,1,0,0,0,28,20,8
CHILDRESS COUNTY,075,40 Years,81,50,31,60,35,25,5,5,0,1,1,0,15,9,6
CHILDRESS COUNTY,075,41 Years,73,44,29,44,24,20,9,8,1,0,0,0,20,12,8
CHILDRESS COUNTY,075,42 Years,77,44,33,43,23,20,10,6,4,4,2,2,20,13,7
CHILDRESS COUNTY,075,43 Years,73,49,24,40,27,13,12,10,2,1,0,1,20,12,8
CHILDRESS COUNTY,075,44 Years,61,26,35,44,20,24,5,2,3,0,0,0,12,4,8
CHILDRESS COUNTY,075,45 Years,72,38,34,50,27,23,5,2,3,0,0,0,17,9,8
CHILDRESS COUNTY,075,46 Years,84,44,40,63,31,32,5,3,2,1,1,0,15,9,6
CHILDRESS COUNTY,075,47 Years,90,44,46,59,27,32,7,3,4,2,0,2,22,14,8
CHILDRESS COUNTY,075,48 Years,89,59,30,66,46,20,5,3,2,2,0,2,16,10,6
CHILDRESS COUNTY,075,49 Years,71,37,34,54,28,26,6,3,3,2,1,1,9,5,4
CHILDRESS COUNTY,075,50 Years,72,31,41,57,24,33,5,3,2,1,0,1,9,4,5
CHILDRESS COUNTY,075,51 Years,74,34,40,51,23,28,4,1,3,2,1,1,17,9,8
CHILDRESS COUNTY,075,52 Years,77,38,39,58,29,29,1,1,0,2,0,2,16,8,8
CHILDRESS COUNTY,075,53 Years,83,40,43,61,27,34,7,7,0,1,0,1,14,6,8
CHILDRESS COUNTY,075,54 Years,83,38,45,64,29,35,4,2,2,2,2,0,13,5,8
CHILDRESS COUNTY,075,55 Years,84,46,38,62,34,28,7,3,4,2,0,2,13,9,4
CHILDRESS COUNTY,075,56 Years,79,43,36,58,31,27,5,3,2,2,1,1,14,8,6
CHILDRESS COUNTY,075,57 Years,76,35,41,59,27,32,2,2,0,2,1,1,13,5,8
CHILDRESS COUNTY,075,58 Years,87,41,46,70,33,37,1,0,1,2,2,0,14,6,8
CHILDRESS COUNTY,075,59 Years,84,43,41,66,35,31,3,2,1,1,1,0,14,5,9
CHILDRESS COUNTY,075,60 Years,73,41,32,53,29,24,5,4,1,3,2,1,12,6,6
CHILDRESS COUNTY,075,61 Years,61,31,30,45,22,23,4,2,2,2,1,1,10,6,4
CHILDRESS COUNTY,075,62 Years,60,31,29,50,25,25,2,0,2,1,1,0,7,5,2
CHILDRESS COUNTY,075,63 Years,62,31,31,53,24,29,2,2,0,0,0,0,7,5,2
CHILDRESS COUNTY,075,64 Years,76,35,41,61,29,32,2,2,0,2,0,2,11,4,7
CHILDRESS COUNTY,075,65 Years,59,30,29,43,23,20,1,1,0,1,0,1,14,6,8
CHILDRESS COUNTY,075,66 Years,59,27,32,49,23,26,0,0,0,1,0,1,9,4,5
CHILDRESS COUNTY,075,67 Years,67,30,37,59,27,32,2,1,1,1,0,1,5,2,3
CHILDRESS COUNTY,075,68 Years,62,34,28,57,31,26,0,0,0,1,0,1,4,3,1
CHILDRESS COUNTY,075,69 Years,62,29,33,53,25,28,3,0,3,3,2,1,3,2,1
CHILDRESS COUNTY,075,70 Years,60,27,33,51,22,29,2,0,2,1,1,0,6,4,2
CHILDRESS COUNTY,075,71 Years,44,24,20,35,20,15,3,0,3,0,0,0,6,4,2
CHILDRESS COUNTY,075,72 Years,44,16,28,37,14,23,2,0,2,1,1,0,4,1,3
CHILDRESS COUNTY,075,73 Years,45,23,22,40,20,20,1,1,0,1,1,0,3,1,2
CHILDRESS COUNTY,075,74 Years,45,16,29,41,14,27,1,1,0,0,0,0,3,1,2
CHILDRESS COUNTY,075,75 Years,45,20,25,37,14,23,2,1,1,1,1,0,5,4,1
CHILDRESS COUNTY,075,76 Years,42,20,22,37,17,20,3,1,2,0,0,0,2,2,0
CHILDRESS COUNTY,075,77 Years,47,19,28,41,17,24,2,0,2,0,0,0,4,2,2
CHILDRESS COUNTY,075,78 Years,48,21,27,44,19,25,1,1,0,0,0,0,3,1,2
CHILDRESS COUNTY,075,79 Years,36,20,16,31,18,13,1,0,1,0,0,0,4,2,2
CHILDRESS COUNTY,075,80 Years,36,16,20,31,14,17,0,0,0,0,0,0,5,2,3
CHILDRESS COUNTY,075,81 Years,37,14,23,33,12,21,0,0,0,0,0,0,4,2,2
CHILDRESS COUNTY,075,82 Years,33,11,22,29,10,19,0,0,0,0,0,0,4,1,3
CHILDRESS COUNTY,075,83 Years,29,13,16,26,11,15,1,1,0,0,0,0,2,1,1
CHILDRESS COUNTY,075,84 Years,29,8,21,27,7,20,0,0,0,1,0,1,1,1,0
CHILDRESS COUNTY,075,85 Years +,144,44,100,135,39,96,5,2,3,0,0,0,4,3,1
CLAY COUNTY,077,All Ages,10791,5300,5491,9971,4916,5055,53,27,26,295,138,157,472,219,253
CLAY COUNTY,077,< 1 Year,96,51,45,88,45,43,0,0,0,3,2,1,5,4,1
CLAY COUNTY,077,1 Years,116,59,57,104,53,51,0,0,0,4,2,2,8,4,4
CLAY COUNTY,077,2 Years,128,65,63,109,58,51,1,1,0,5,1,4,13,5,8
CLAY COUNTY,077,3 Years,127,66,61,109,56,53,1,1,0,7,3,4,10,6,4
CLAY COUNTY,077,4 Years,114,62,52,100,52,48,1,1,0,4,2,2,9,7,2
CLAY COUNTY,077,5 Years,114,66,48,96,55,41,1,1,0,5,4,1,12,6,6
CLAY COUNTY,077,6 Years,124,59,65,109,54,55,0,0,0,5,2,3,10,3,7
CLAY COUNTY,077,7 Years,127,63,64,115,57,58,0,0,0,4,2,2,8,4,4
CLAY COUNTY,077,8 Years,126,64,62,114,58,56,1,0,1,3,1,2,8,5,3
CLAY COUNTY,077,9 Years,128,68,60,113,60,53,1,1,0,4,2,2,10,5,5
CLAY COUNTY,077,10 Years,135,67,68,122,61,61,1,1,0,3,1,2,9,4,5
CLAY COUNTY,077,11 Years,139,68,71,122,63,59,2,1,1,3,1,2,12,3,9
CLAY COUNTY,077,12 Years,135,63,72,120,60,60,1,0,1,3,1,2,11,2,9
CLAY COUNTY,077,13 Years,139,72,67,128,70,58,0,0,0,3,1,2,8,1,7
CLAY COUNTY,077,14 Years,160,84,76,142,76,66,0,0,0,7,4,3,11,4,7
CLAY COUNTY,077,15 Years,164,80,84,144,72,72,2,1,1,6,3,3,12,4,8
CLAY COUNTY,077,16 Years,155,79,76,136,70,66,1,0,1,4,2,2,14,7,7
CLAY COUNTY,077,17 Years,171,96,75,150,86,64,1,0,1,8,6,2,12,4,8
CLAY COUNTY,077,18 Years,150,77,73,132,66,66,0,0,0,7,5,2,11,6,5
CLAY COUNTY,077,19 Years,134,69,65,123,64,59,1,0,1,3,2,1,7,3,4
CLAY COUNTY,077,20 Years,111,53,58,100,49,51,2,1,1,2,1,1,7,2,5
CLAY COUNTY,077,21 Years,101,46,55,89,41,48,2,1,1,3,1,2,7,3,4
CLAY COUNTY,077,22 Years,82,40,42,74,36,38,1,0,1,2,1,1,5,3,2
CLAY COUNTY,077,23 Years,84,45,39,79,42,37,1,1,0,2,1,1,2,1,1
CLAY COUNTY,077,24 Years,80,39,41,72,36,36,1,0,1,2,1,1,5,2,3
CLAY COUNTY,077,25 Years,78,40,38,73,38,35,0,0,0,2,1,1,3,1,2
CLAY COUNTY,077,26 Years,96,53,43,90,50,40,1,1,0,3,1,2,2,1,1
CLAY COUNTY,077,27 Years,85,37,48,79,33,46,0,0,0,3,2,1,3,2,1
CLAY COUNTY,077,28 Years,95,40,55,86,35,51,0,0,0,4,2,2,5,3,2
CLAY COUNTY,077,29 Years,96,43,53,87,40,47,0,0,0,3,0,3,6,3,3
CLAY COUNTY,077,30 Years,95,49,46,88,47,41,0,0,0,3,1,2,4,1,3
CLAY COUNTY,077,31 Years,103,56,47,95,52,43,0,0,0,2,1,1,6,3,3
CLAY COUNTY,077,32 Years,105,57,48,91,49,42,0,0,0,5,2,3,9,6,3
CLAY COUNTY,077,33 Years,121,56,65,111,51,60,1,1,0,3,1,2,6,3,3
CLAY COUNTY,077,34 Years,120,60,60,108,52,56,0,0,0,4,2,2,8,6,2
CLAY COUNTY,077,35 Years,117,58,59,103,51,52,1,0,1,5,1,4,8,6,2
CLAY COUNTY,077,36 Years,107,46,61,98,43,55,1,0,1,3,2,1,5,1,4
CLAY COUNTY,077,37 Years,109,53,56,95,48,47,3,0,3,3,1,2,8,4,4
CLAY COUNTY,077,38 Years,106,53,53,93,46,47,1,0,1,3,1,2,9,6,3
CLAY COUNTY,077,39 Years,118,50,68,107,46,61,3,2,1,3,0,3,5,2,3
CLAY COUNTY,077,40 Years,131,60,71,120,59,61,1,0,1,6,0,6,4,1,3
CLAY COUNTY,077,41 Years,146,67,79,132,60,72,0,0,0,5,2,3,9,5,4
CLAY COUNTY,077,42 Years,136,70,66,128,66,62,1,1,0,3,2,1,4,1,3
CLAY COUNTY,077,43 Years,140,70,70,128,60,68,0,0,0,6,5,1,6,5,1
CLAY COUNTY,077,44 Years,133,68,65,122,64,58,0,0,0,6,2,4,5,2,3
CLAY COUNTY,077,45 Years,132,63,69,122,59,63,0,0,0,3,1,2,7,3,4
CLAY COUNTY,077,46 Years,150,72,78,138,66,72,1,0,1,6,4,2,5,2,3
CLAY COUNTY,077,47 Years,178,83,95,167,80,87,2,2,0,5,1,4,4,0,4
CLAY COUNTY,077,48 Years,182,91,91,166,84,82,1,1,0,9,3,6,6,3,3
CLAY COUNTY,077,49 Years,176,89,87,159,82,77,2,1,1,5,2,3,10,4,6
CLAY COUNTY,077,50 Years,181,92,89,170,87,83,1,0,1,2,1,1,8,4,4
CLAY COUNTY,077,51 Years,188,99,89,175,92,83,1,0,1,4,3,1,8,4,4
CLAY COUNTY,077,52 Years,184,92,92,171,86,85,1,0,1,4,3,1,8,3,5
CLAY COUNTY,077,53 Years,192,97,95,180,89,91,1,1,0,5,3,2,6,4,2
CLAY COUNTY,077,54 Years,169,89,80,158,82,76,2,1,1,5,5,0,4,1,3
CLAY COUNTY,077,55 Years,186,81,105,181,77,104,1,1,0,2,2,0,2,1,1
CLAY COUNTY,077,56 Years,197,99,98,191,94,97,0,0,0,2,2,0,4,3,1
CLAY COUNTY,077,57 Years,193,99,94,186,95,91,1,1,0,5,2,3,1,1,0
CLAY COUNTY,077,58 Years,190,87,103,180,82,98,1,1,0,3,1,2,6,3,3
CLAY COUNTY,077,59 Years,178,81,97,170,78,92,1,1,0,3,1,2,4,1,3
CLAY COUNTY,077,60 Years,151,75,76,144,73,71,1,0,1,4,1,3,2,1,1
CLAY COUNTY,077,61 Years,145,71,74,139,68,71,0,0,0,2,1,1,4,2,2
CLAY COUNTY,077,62 Years,154,72,82,150,70,80,0,0,0,1,1,0,3,1,2
CLAY COUNTY,077,63 Years,160,79,81,152,73,79,1,1,0,4,3,1,3,2,1
CLAY COUNTY,077,64 Years,158,76,82,149,74,75,0,0,0,5,1,4,4,1,3
CLAY COUNTY,077,65 Years,125,60,65,117,56,61,0,0,0,4,2,2,4,2,2
CLAY COUNTY,077,66 Years,135,66,69,130,63,67,0,0,0,3,1,2,2,2,0
CLAY COUNTY,077,67 Years,146,70,76,144,68,76,0,0,0,1,1,0,1,1,0
CLAY COUNTY,077,68 Years,144,68,76,139,67,72,0,0,0,2,0,2,3,1,2
CLAY COUNTY,077,69 Years,116,60,56,112,57,55,0,0,0,2,2,0,2,1,1
CLAY COUNTY,077,70 Years,99,50,49,95,49,46,0,0,0,2,1,1,2,0,2
CLAY COUNTY,077,71 Years,91,44,47,86,42,44,0,0,0,2,1,1,3,1,2
CLAY COUNTY,077,72 Years,114,50,64,109,49,60,0,0,0,3,1,2,2,0,2
CLAY COUNTY,077,73 Years,106,53,53,100,51,49,0,0,0,5,2,3,1,0,1
CLAY COUNTY,077,74 Years,84,40,44,80,40,40,0,0,0,2,0,2,2,0,2
CLAY COUNTY,077,75 Years,82,43,39,79,43,36,0,0,0,2,0,2,1,0,1
CLAY COUNTY,077,76 Years,74,41,33,72,40,32,0,0,0,1,0,1,1,1,0
CLAY COUNTY,077,77 Years,77,33,44,75,33,42,0,0,0,2,0,2,0,0,0
CLAY COUNTY,077,78 Years,70,31,39,66,29,37,0,0,0,2,1,1,2,1,1
CLAY COUNTY,077,79 Years,67,32,35,65,31,34,0,0,0,1,0,1,1,1,0
CLAY COUNTY,077,80 Years,58,26,32,57,25,32,0,0,0,1,1,0,0,0,0
CLAY COUNTY,077,81 Years,56,22,34,55,22,33,0,0,0,0,0,0,1,0,1
CLAY COUNTY,077,82 Years,47,20,27,46,19,27,0,0,0,0,0,0,1,1,0
CLAY COUNTY,077,83 Years,51,23,28,50,22,28,0,0,0,0,0,0,1,1,0
CLAY COUNTY,077,84 Years,48,23,25,47,22,25,0,0,0,0,0,0,1,1,0
CLAY COUNTY,077,85 Years +,180,71,109,175,67,108,0,0,0,4,3,1,1,1,0
COCHRAN COUNTY,079,All Ages,3110,1535,1575,1304,637,667,107,51,56,36,16,20,1663,831,832
COCHRAN COUNTY,079,< 1 Year,47,26,21,14,7,7,1,1,0,1,1,0,31,17,14
COCHRAN COUNTY,079,1 Years,47,29,18,15,7,8,1,1,0,0,0,0,31,21,10
COCHRAN COUNTY,079,2 Years,52,25,27,10,4,6,0,0,0,0,0,0,42,21,21
COCHRAN COUNTY,079,3 Years,46,27,19,12,7,5,0,0,0,1,1,0,33,19,14
COCHRAN COUNTY,079,4 Years,52,21,31,12,4,8,1,0,1,0,0,0,39,17,22
COCHRAN COUNTY,079,5 Years,47,25,22,14,7,7,1,0,1,0,0,0,32,18,14
COCHRAN COUNTY,079,6 Years,49,23,26,14,9,5,2,1,1,1,0,1,32,13,19
COCHRAN COUNTY,079,7 Years,51,23,28,10,7,3,1,1,0,0,0,0,40,15,25
COCHRAN COUNTY,079,8 Years,55,32,23,11,7,4,1,1,0,0,0,0,43,24,19
COCHRAN COUNTY,079,9 Years,49,22,27,13,8,5,0,0,0,0,0,0,36,14,22
COCHRAN COUNTY,079,10 Years,38,14,24,8,4,4,1,0,1,0,0,0,29,10,19
COCHRAN COUNTY,079,11 Years,39,18,21,12,5,7,0,0,0,0,0,0,27,13,14
COCHRAN COUNTY,079,12 Years,56,31,25,19,9,10,1,1,0,1,0,1,35,21,14
COCHRAN COUNTY,079,13 Years,45,23,22,12,7,5,1,1,0,2,1,1,30,14,16
COCHRAN COUNTY,079,14 Years,50,27,23,16,7,9,3,1,2,2,2,0,29,17,12
COCHRAN COUNTY,079,15 Years,51,22,29,18,7,11,2,1,1,0,0,0,31,14,17
COCHRAN COUNTY,079,16 Years,49,22,27,14,7,7,2,1,1,1,0,1,32,14,18
COCHRAN COUNTY,079,17 Years,59,24,35,20,9,11,3,1,2,0,0,0,36,14,22
COCHRAN COUNTY,079,18 Years,61,28,33,20,10,10,3,0,3,0,0,0,38,18,20
COCHRAN COUNTY,079,19 Years,46,24,22,18,12,6,2,1,1,1,1,0,25,10,15
COCHRAN COUNTY,079,20 Years,50,25,25,20,10,10,2,1,1,1,0,1,27,14,13
COCHRAN COUNTY,079,21 Years,41,22,19,16,9,7,1,0,1,0,0,0,24,13,11
COCHRAN COUNTY,079,22 Years,41,21,20,18,10,8,1,1,0,0,0,0,22,10,12
COCHRAN COUNTY,079,23 Years,35,14,21,11,6,5,1,0,1,0,0,0,23,8,15
COCHRAN COUNTY,079,24 Years,40,20,20,12,5,7,0,0,0,0,0,0,28,15,13
COCHRAN COUNTY,079,25 Years,35,21,14,10,5,5,3,3,0,0,0,0,22,13,9
COCHRAN COUNTY,079,26 Years,39,22,17,15,8,7,1,1,0,0,0,0,23,13,10
COCHRAN COUNTY,079,27 Years,41,18,23,17,8,9,1,0,1,0,0,0,23,10,13
COCHRAN COUNTY,079,28 Years,27,12,15,12,5,7,1,1,0,0,0,0,14,6,8
COCHRAN COUNTY,079,29 Years,37,14,23,16,6,10,2,0,2,0,0,0,19,8,11
COCHRAN COUNTY,079,30 Years,42,23,19,10,6,4,1,0,1,0,0,0,31,17,14
COCHRAN COUNTY,079,31 Years,40,20,20,11,4,7,1,0,1,0,0,0,28,16,12
COCHRAN COUNTY,079,32 Years,28,19,9,10,6,4,1,1,0,0,0,0,17,12,5
COCHRAN COUNTY,079,33 Years,30,14,16,7,5,2,0,0,0,1,0,1,22,9,13
COCHRAN COUNTY,079,34 Years,31,16,15,12,6,6,0,0,0,0,0,0,19,10,9
COCHRAN COUNTY,079,35 Years,20,11,9,8,5,3,0,0,0,0,0,0,12,6,6
COCHRAN COUNTY,079,36 Years,24,12,12,10,5,5,0,0,0,0,0,0,14,7,7
COCHRAN COUNTY,079,37 Years,24,9,15,10,2,8,1,1,0,0,0,0,13,6,7
COCHRAN COUNTY,079,38 Years,26,10,16,14,5,9,0,0,0,0,0,0,12,5,7
COCHRAN COUNTY,079,39 Years,29,14,15,10,4,6,1,1,0,0,0,0,18,9,9
COCHRAN COUNTY,079,40 Years,36,18,18,10,4,6,1,1,0,0,0,0,25,13,12
COCHRAN COUNTY,079,41 Years,36,13,23,10,4,6,2,1,1,1,0,1,23,8,15
COCHRAN COUNTY,079,42 Years,32,15,17,10,3,7,1,1,0,0,0,0,21,11,10
COCHRAN COUNTY,079,43 Years,46,26,20,19,11,8,5,2,3,0,0,0,22,13,9
COCHRAN COUNTY,079,44 Years,34,21,13,14,9,5,2,1,1,1,0,1,17,11,6
COCHRAN COUNTY,079,45 Years,31,15,16,15,6,9,1,0,1,1,0,1,14,9,5
COCHRAN COUNTY,079,46 Years,43,20,23,19,7,12,1,1,0,1,1,0,22,11,11
COCHRAN COUNTY,079,47 Years,41,19,22,15,7,8,1,0,1,1,0,1,24,12,12
COCHRAN COUNTY,079,48 Years,51,27,24,22,12,10,2,0,2,1,0,1,26,15,11
COCHRAN COUNTY,079,49 Years,49,28,21,25,14,11,2,1,1,1,0,1,21,13,8
COCHRAN COUNTY,079,50 Years,42,22,20,23,13,10,3,0,3,0,0,0,16,9,7
COCHRAN COUNTY,079,51 Years,42,25,17,20,12,8,1,1,0,2,1,1,19,11,8
COCHRAN COUNTY,079,52 Years,40,20,20,19,9,10,2,1,1,1,0,1,18,10,8
COCHRAN COUNTY,079,53 Years,33,15,18,19,9,10,1,1,0,1,0,1,12,5,7
COCHRAN COUNTY,079,54 Years,37,14,23,22,10,12,3,1,2,0,0,0,12,3,9
COCHRAN COUNTY,079,55 Years,50,26,24,30,17,13,2,1,1,0,0,0,18,8,10
COCHRAN COUNTY,079,56 Years,48,24,24,31,17,14,1,0,1,1,0,1,15,7,8
COCHRAN COUNTY,079,57 Years,41,22,19,23,13,10,1,1,0,0,0,0,17,8,9
COCHRAN COUNTY,079,58 Years,31,16,15,17,8,9,1,0,1,0,0,0,13,8,5
COCHRAN COUNTY,079,59 Years,34,17,17,18,9,9,0,0,0,2,1,1,14,7,7
COCHRAN COUNTY,079,60 Years,34,20,14,19,10,9,1,1,0,1,1,0,13,8,5
COCHRAN COUNTY,079,61 Years,32,18,14,17,8,9,1,1,0,0,0,0,14,9,5
COCHRAN COUNTY,079,62 Years,35,18,17,12,7,5,2,1,1,1,0,1,20,10,10
COCHRAN COUNTY,079,63 Years,32,15,17,16,8,8,1,0,1,1,1,0,14,6,8
COCHRAN COUNTY,079,64 Years,34,18,16,21,10,11,1,1,0,0,0,0,12,7,5
COCHRAN COUNTY,079,65 Years,27,16,11,13,8,5,0,0,0,1,1,0,13,7,6
COCHRAN COUNTY,079,66 Years,27,13,14,16,6,10,1,1,0,0,0,0,10,6,4
COCHRAN COUNTY,079,67 Years,28,16,12,16,8,8,1,1,0,1,1,0,10,6,4
COCHRAN COUNTY,079,68 Years,22,12,10,11,5,6,0,0,0,0,0,0,11,7,4
COCHRAN COUNTY,079,69 Years,21,8,13,12,3,9,1,0,1,0,0,0,8,5,3
COCHRAN COUNTY,079,70 Years,30,11,19,19,8,11,2,1,1,0,0,0,9,2,7
COCHRAN COUNTY,079,71 Years,21,8,13,12,6,6,1,0,1,0,0,0,8,2,6
COCHRAN COUNTY,079,72 Years,25,11,14,15,7,8,1,0,1,2,1,1,7,3,4
COCHRAN COUNTY,079,73 Years,30,15,15,20,9,11,0,0,0,1,1,0,9,5,4
COCHRAN COUNTY,079,74 Years,26,13,13,18,9,9,1,1,0,0,0,0,7,3,4
COCHRAN COUNTY,079,75 Years,35,16,19,22,10,12,3,2,1,0,0,0,10,4,6
COCHRAN COUNTY,079,76 Years,24,14,10,14,8,6,2,1,1,0,0,0,8,5,3
COCHRAN COUNTY,079,77 Years,21,8,13,12,5,7,4,1,3,1,0,1,4,2,2
COCHRAN COUNTY,079,78 Years,19,6,13,11,3,8,2,0,2,1,1,0,5,2,3
COCHRAN COUNTY,079,79 Years,16,6,10,11,5,6,1,0,1,0,0,0,4,1,3
COCHRAN COUNTY,079,80 Years,17,9,8,13,6,7,1,1,0,0,0,0,3,2,1
COCHRAN COUNTY,079,81 Years,13,7,6,12,6,6,1,1,0,0,0,0,0,0,0
COCHRAN COUNTY,079,82 Years,12,6,6,11,5,6,0,0,0,0,0,0,1,1,0
COCHRAN COUNTY,079,83 Years,13,6,7,10,5,5,0,0,0,0,0,0,3,1,2
COCHRAN COUNTY,079,84 Years,10,5,5,8,4,4,1,1,0,0,0,0,1,0,1
COCHRAN COUNTY,079,85 Years +,40,14,26,31,10,21,1,0,1,0,0,0,8,4,4
COKE COUNTY,081,All Ages,3320,1635,1685,2646,1281,1365,7,4,3,60,32,28,607,318,289
COKE COUNTY,081,< 1 Year,27,14,13,18,10,8,0,0,0,0,0,0,9,4,5
COKE COUNTY,081,1 Years,32,16,16,24,10,14,1,0,1,1,1,0,6,5,1
COKE COUNTY,081,2 Years,27,13,14,17,6,11,1,0,1,0,0,0,9,7,2
COKE COUNTY,081,3 Years,36,19,17,24,13,11,0,0,0,0,0,0,12,6,6
COKE COUNTY,081,4 Years,34,21,13,23,15,8,0,0,0,1,0,1,10,6,4
COKE COUNTY,081,5 Years,36,20,16,24,14,10,0,0,0,0,0,0,12,6,6
COKE COUNTY,081,6 Years,28,18,10,17,11,6,0,0,0,0,0,0,11,7,4
COKE COUNTY,081,7 Years,27,9,18,16,6,10,0,0,0,0,0,0,11,3,8
COKE COUNTY,081,8 Years,38,14,24,25,9,16,0,0,0,1,1,0,12,4,8
COKE COUNTY,081,9 Years,44,19,25,30,13,17,0,0,0,1,1,0,13,5,8
COKE COUNTY,081,10 Years,52,24,28,37,17,20,0,0,0,1,1,0,14,6,8
COKE COUNTY,081,11 Years,50,23,27,37,15,22,0,0,0,0,0,0,13,8,5
COKE COUNTY,081,12 Years,40,21,19,33,17,16,0,0,0,0,0,0,7,4,3
COKE COUNTY,081,13 Years,38,16,22,29,11,18,0,0,0,0,0,0,9,5,4
COKE COUNTY,081,14 Years,42,22,20,29,15,14,0,0,0,2,0,2,11,7,4
COKE COUNTY,081,15 Years,41,22,19,30,16,14,0,0,0,2,1,1,9,5,4
COKE COUNTY,081,16 Years,43,22,21,30,14,16,0,0,0,2,1,1,11,7,4
COKE COUNTY,081,17 Years,38,22,16,28,16,12,0,0,0,0,0,0,10,6,4
COKE COUNTY,081,18 Years,49,30,19,31,21,10,0,0,0,4,2,2,14,7,7
COKE COUNTY,081,19 Years,38,24,14,22,15,7,1,1,0,1,1,0,14,7,7
COKE COUNTY,081,20 Years,26,16,10,15,9,6,0,0,0,1,1,0,10,6,4
COKE COUNTY,081,21 Years,25,14,11,14,7,7,1,1,0,0,0,0,10,6,4
COKE COUNTY,081,22 Years,27,14,13,18,9,9,1,1,0,0,0,0,8,4,4
COKE COUNTY,081,23 Years,20,13,7,14,9,5,0,0,0,1,1,0,5,3,2
COKE COUNTY,081,24 Years,22,12,10,12,6,6,0,0,0,2,0,2,8,6,2
COKE COUNTY,081,25 Years,25,12,13,16,8,8,0,0,0,2,1,1,7,3,4
COKE COUNTY,081,26 Years,27,15,12,19,9,10,0,0,0,1,1,0,7,5,2
COKE COUNTY,081,27 Years,38,23,15,31,18,13,0,0,0,0,0,0,7,5,2
COKE COUNTY,081,28 Years,27,13,14,23,11,12,0,0,0,0,0,0,4,2,2
COKE COUNTY,081,29 Years,29,12,17,26,11,15,0,0,0,1,0,1,2,1,1
COKE COUNTY,081,30 Years,31,16,15,24,11,13,0,0,0,0,0,0,7,5,2
COKE COUNTY,081,31 Years,29,13,16,20,8,12,0,0,0,1,0,1,8,5,3
COKE COUNTY,081,32 Years,32,14,18,26,12,14,0,0,0,1,0,1,5,2,3
COKE COUNTY,081,33 Years,28,13,15,23,11,12,1,1,0,0,0,0,4,1,3
COKE COUNTY,081,34 Years,26,13,13,22,11,11,0,0,0,0,0,0,4,2,2
COKE COUNTY,081,35 Years,27,14,13,19,11,8,0,0,0,1,1,0,7,2,5
COKE COUNTY,081,36 Years,29,15,14,23,13,10,0,0,0,2,1,1,4,1,3
COKE COUNTY,081,37 Years,24,11,13,18,8,10,0,0,0,1,1,0,5,2,3
COKE COUNTY,081,38 Years,27,13,14,20,11,9,0,0,0,1,0,1,6,2,4
COKE COUNTY,081,39 Years,26,9,17,22,8,14,0,0,0,0,0,0,4,1,3
COKE COUNTY,081,40 Years,24,12,12,18,9,9,0,0,0,0,0,0,6,3,3
COKE COUNTY,081,41 Years,31,16,15,24,12,12,0,0,0,0,0,0,7,4,3
COKE COUNTY,081,42 Years,41,21,20,32,16,16,0,0,0,0,0,0,9,5,4
COKE COUNTY,081,43 Years,36,19,17,24,13,11,0,0,0,0,0,0,12,6,6
COKE COUNTY,081,44 Years,40,22,18,29,16,13,0,0,0,0,0,0,11,6,5
COKE COUNTY,081,45 Years,36,17,19,22,9,13,0,0,0,0,0,0,14,8,6
COKE COUNTY,081,46 Years,57,22,35,47,17,30,0,0,0,0,0,0,10,5,5
COKE COUNTY,081,47 Years,51,25,26,39,20,19,0,0,0,2,0,2,10,5,5
COKE COUNTY,081,48 Years,47,23,24,35,17,18,1,0,1,1,0,1,10,6,4
COKE COUNTY,081,49 Years,52,27,25,40,20,20,0,0,0,2,1,1,10,6,4
COKE COUNTY,081,50 Years,53,27,26,44,22,22,0,0,0,1,1,0,8,4,4
COKE COUNTY,081,51 Years,44,20,24,31,15,16,0,0,0,0,0,0,13,5,8
COKE COUNTY,081,52 Years,49,23,26,38,18,20,0,0,0,2,2,0,9,3,6
COKE COUNTY,081,53 Years,48,25,23,39,20,19,0,0,0,2,2,0,7,3,4
COKE COUNTY,081,54 Years,51,27,24,43,23,20,0,0,0,1,1,0,7,3,4
COKE COUNTY,081,55 Years,45,22,23,39,18,21,0,0,0,0,0,0,6,4,2
COKE COUNTY,081,56 Years,45,25,20,40,22,18,0,0,0,0,0,0,5,3,2
COKE COUNTY,081,57 Years,56,28,28,45,23,22,0,0,0,1,1,0,10,4,6
COKE COUNTY,081,58 Years,50,24,26,43,21,22,0,0,0,1,1,0,6,2,4
COKE COUNTY,081,59 Years,45,22,23,40,19,21,0,0,0,0,0,0,5,3,2
COKE COUNTY,081,60 Years,50,28,22,48,26,22,0,0,0,0,0,0,2,2,0
COKE COUNTY,081,61 Years,46,21,25,42,20,22,0,0,0,0,0,0,4,1,3
COKE COUNTY,081,62 Years,54,24,30,44,19,25,0,0,0,1,1,0,9,4,5
COKE COUNTY,081,63 Years,52,22,30,46,19,27,0,0,0,0,0,0,6,3,3
COKE COUNTY,081,64 Years,51,23,28,42,20,22,0,0,0,1,0,1,8,3,5
COKE COUNTY,081,65 Years,35,11,24,28,10,18,0,0,0,3,1,2,4,0,4
COKE COUNTY,081,66 Years,51,22,29,45,19,26,0,0,0,2,1,1,4,2,2
COKE COUNTY,081,67 Years,55,30,25,48,26,22,0,0,0,2,1,1,5,3,2
COKE COUNTY,081,68 Years,53,27,26,47,24,23,0,0,0,1,1,0,5,2,3
COKE COUNTY,081,69 Years,46,20,26,40,16,24,0,0,0,1,0,1,5,4,1
COKE COUNTY,081,70 Years,52,23,29,47,19,28,0,0,0,1,0,1,4,4,0
COKE COUNTY,081,71 Years,47,27,20,45,26,19,0,0,0,0,0,0,2,1,1
COKE COUNTY,081,72 Years,43,25,18,42,25,17,0,0,0,1,0,1,0,0,0
COKE COUNTY,081,73 Years,41,19,22,39,17,22,0,0,0,0,0,0,2,2,0
COKE COUNTY,081,74 Years,41,26,15,37,23,14,0,0,0,1,1,0,3,2,1
COKE COUNTY,081,75 Years,42,22,20,38,21,17,0,0,0,1,1,0,3,0,3
COKE COUNTY,081,76 Years,39,18,21,34,16,18,0,0,0,0,0,0,5,2,3
COKE COUNTY,081,77 Years,34,18,16,31,16,15,0,0,0,0,0,0,3,2,1
COKE COUNTY,081,78 Years,25,15,10,24,14,10,0,0,0,0,0,0,1,1,0
COKE COUNTY,081,79 Years,26,10,16,25,9,16,0,0,0,0,0,0,1,1,0
COKE COUNTY,081,80 Years,35,18,17,31,14,17,0,0,0,0,0,0,4,4,0
COKE COUNTY,081,81 Years,40,16,24,38,15,23,0,0,0,0,0,0,2,1,1
COKE COUNTY,081,82 Years,25,11,14,23,10,13,0,0,0,0,0,0,2,1,1
COKE COUNTY,081,83 Years,23,6,17,20,6,14,0,0,0,0,0,0,3,0,3
COKE COUNTY,081,84 Years,19,7,12,19,7,12,0,0,0,0,0,0,0,0,0
COKE COUNTY,081,85 Years +,89,35,54,82,29,53,0,0,0,1,0,1,6,6,0
COLEMAN COUNTY,083,All Ages,8919,4431,4488,7119,3541,3578,189,95,94,165,87,78,1446,708,738
COLEMAN COUNTY,083,< 1 Year,99,49,50,70,34,36,2,1,1,1,1,0,26,13,13
COLEMAN COUNTY,083,1 Years,100,50,50,66,31,35,4,2,2,2,1,1,28,16,12
COLEMAN COUNTY,083,2 Years,97,45,52,66,29,37,3,2,1,2,1,1,26,13,13
COLEMAN COUNTY,083,3 Years,101,52,49,71,38,33,1,0,1,4,2,2,25,12,13
COLEMAN COUNTY,083,4 Years,114,55,59,68,32,36,2,1,1,4,1,3,40,21,19
COLEMAN COUNTY,083,5 Years,91,43,48,56,27,29,1,0,1,7,4,3,27,12,15
COLEMAN COUNTY,083,6 Years,104,55,49,72,39,33,2,1,1,3,2,1,27,13,14
COLEMAN COUNTY,083,7 Years,110,58,52,75,38,37,3,2,1,4,3,1,28,15,13
COLEMAN COUNTY,083,8 Years,119,59,60,85,42,43,4,1,3,2,2,0,28,14,14
COLEMAN COUNTY,083,9 Years,107,55,52,74,42,32,2,1,1,1,1,0,30,11,19
COLEMAN COUNTY,083,10 Years,109,58,51,82,45,37,2,1,1,0,0,0,25,12,13
COLEMAN COUNTY,083,11 Years,109,61,48,73,43,30,5,2,3,5,4,1,26,12,14
COLEMAN COUNTY,083,12 Years,133,81,52,93,59,34,2,1,1,2,1,1,36,20,16
COLEMAN COUNTY,083,13 Years,119,64,55,82,44,38,0,0,0,4,4,0,33,16,17
COLEMAN COUNTY,083,14 Years,113,58,55,78,37,41,3,3,0,3,3,0,29,15,14
COLEMAN COUNTY,083,15 Years,121,60,61,89,45,44,2,2,0,2,2,0,28,11,17
COLEMAN COUNTY,083,16 Years,97,55,42,66,38,28,1,1,0,1,1,0,29,15,14
COLEMAN COUNTY,083,17 Years,102,57,45,76,42,34,3,2,1,1,0,1,22,13,9
COLEMAN COUNTY,083,18 Years,123,68,55,88,46,42,6,4,2,3,2,1,26,16,10
COLEMAN COUNTY,083,19 Years,111,51,60,83,39,44,2,1,1,1,1,0,25,10,15
COLEMAN COUNTY,083,20 Years,85,45,40,63,33,30,3,2,1,1,0,1,18,10,8
COLEMAN COUNTY,083,21 Years,82,35,47,60,28,32,3,1,2,2,0,2,17,6,11
COLEMAN COUNTY,083,22 Years,72,38,34,51,30,21,1,1,0,1,0,1,19,7,12
COLEMAN COUNTY,083,23 Years,70,36,34,46,23,23,2,1,1,2,1,1,20,11,9
COLEMAN COUNTY,083,24 Years,74,32,42,55,20,35,3,1,2,2,1,1,14,10,4
COLEMAN COUNTY,083,25 Years,80,34,46,57,24,33,1,0,1,2,1,1,20,9,11
COLEMAN COUNTY,083,26 Years,69,32,37,52,24,28,1,0,1,1,1,0,15,7,8
COLEMAN COUNTY,083,27 Years,81,44,37,63,35,28,1,0,1,2,2,0,15,7,8
COLEMAN COUNTY,083,28 Years,80,41,39,59,30,29,2,2,0,2,0,2,17,9,8
COLEMAN COUNTY,083,29 Years,72,39,33,57,31,26,1,1,0,2,1,1,12,6,6
COLEMAN COUNTY,083,30 Years,72,39,33,56,31,25,1,0,1,0,0,0,15,8,7
COLEMAN COUNTY,083,31 Years,69,40,29,46,25,21,2,1,1,1,1,0,20,13,7
COLEMAN COUNTY,083,32 Years,76,41,35,54,28,26,2,1,1,0,0,0,20,12,8
COLEMAN COUNTY,083,33 Years,71,34,37,55,26,29,2,1,1,0,0,0,14,7,7
COLEMAN COUNTY,083,34 Years,85,36,49,69,30,39,1,0,1,2,0,2,13,6,7
COLEMAN COUNTY,083,35 Years,89,38,51,68,31,37,2,0,2,2,0,2,17,7,10
COLEMAN COUNTY,083,36 Years,95,45,50,72,35,37,3,2,1,1,1,0,19,7,12
COLEMAN COUNTY,083,37 Years,95,44,51,74,36,38,3,2,1,1,1,0,17,5,12
COLEMAN COUNTY,083,38 Years,95,42,53,71,31,40,1,1,0,3,2,1,20,8,12
COLEMAN COUNTY,083,39 Years,101,44,57,76,31,45,5,3,2,1,1,0,19,9,10
COLEMAN COUNTY,083,40 Years,118,58,60,93,45,48,3,1,2,3,2,1,19,10,9
COLEMAN COUNTY,083,41 Years,105,51,54,85,40,45,1,1,0,3,1,2,16,9,7
COLEMAN COUNTY,083,42 Years,97,53,44,74,42,32,1,0,1,2,0,2,20,11,9
COLEMAN COUNTY,083,43 Years,101,50,51,75,39,36,4,1,3,4,1,3,18,9,9
COLEMAN COUNTY,083,44 Years,93,53,40,72,43,29,2,0,2,5,1,4,14,9,5
COLEMAN COUNTY,083,45 Years,93,51,42,72,39,33,4,3,1,1,0,1,16,9,7
COLEMAN COUNTY,083,46 Years,97,53,44,73,42,31,3,1,2,2,0,2,19,10,9
COLEMAN COUNTY,083,47 Years,128,65,63,102,52,50,4,2,2,2,0,2,20,11,9
COLEMAN COUNTY,083,48 Years,118,56,62,98,48,50,3,1,2,2,0,2,15,7,8
COLEMAN COUNTY,083,49 Years,126,62,64,105,54,51,3,1,2,2,0,2,16,7,9
COLEMAN COUNTY,083,50 Years,133,66,67,105,53,52,3,2,1,1,0,1,24,11,13
COLEMAN COUNTY,083,51 Years,145,78,67,127,69,58,4,3,1,1,0,1,13,6,7
COLEMAN COUNTY,083,52 Years,146,75,71,127,65,62,4,2,2,3,2,1,12,6,6
COLEMAN COUNTY,083,53 Years,136,69,67,114,58,56,3,0,3,6,3,3,13,8,5
COLEMAN COUNTY,083,54 Years,124,65,59,104,54,50,4,1,3,4,3,1,12,7,5
COLEMAN COUNTY,083,55 Years,153,82,71,135,73,62,3,2,1,4,3,1,11,4,7
COLEMAN COUNTY,083,56 Years,149,77,72,130,71,59,4,1,3,4,2,2,11,3,8
COLEMAN COUNTY,083,57 Years,135,68,67,120,60,60,3,3,0,2,2,0,10,3,7
COLEMAN COUNTY,083,58 Years,124,56,68,109,49,60,3,1,2,1,1,0,11,5,6
COLEMAN COUNTY,083,59 Years,126,51,75,110,45,65,2,0,2,2,0,2,12,6,6
COLEMAN COUNTY,083,60 Years,126,56,70,113,49,64,3,3,0,2,0,2,8,4,4
COLEMAN COUNTY,083,61 Years,132,56,76,114,47,67,2,1,1,1,1,0,15,7,8
COLEMAN COUNTY,083,62 Years,152,72,80,131,61,70,3,2,1,2,1,1,16,8,8
COLEMAN COUNTY,083,63 Years,162,73,89,143,63,80,1,0,1,1,0,1,17,10,7
COLEMAN COUNTY,083,64 Years,136,64,72,120,56,64,1,0,1,1,0,1,14,8,6
COLEMAN COUNTY,083,65 Years,119,63,56,100,53,47,1,1,0,3,2,1,15,7,8
COLEMAN COUNTY,083,66 Years,129,63,66,105,50,55,3,2,1,3,3,0,18,8,10
COLEMAN COUNTY,083,67 Years,121,56,65,101,47,54,3,2,1,3,2,1,14,5,9
COLEMAN COUNTY,083,68 Years,113,63,50,100,58,42,2,1,1,1,1,0,10,3,7
COLEMAN COUNTY,083,69 Years,110,64,46,95,55,40,1,1,0,1,0,1,13,8,5
COLEMAN COUNTY,083,70 Years,107,58,49,91,49,42,1,1,0,0,0,0,15,8,7
COLEMAN COUNTY,083,71 Years,99,50,49,88,44,44,1,1,0,1,1,0,9,4,5
COLEMAN COUNTY,083,72 Years,88,41,47,76,35,41,4,3,1,0,0,0,8,3,5
COLEMAN COUNTY,083,73 Years,97,53,44,87,46,41,3,2,1,1,1,0,6,4,2
COLEMAN COUNTY,083,74 Years,89,45,44,77,39,38,2,0,2,3,2,1,7,4,3
COLEMAN COUNTY,083,75 Years,90,41,49,81,39,42,1,0,1,1,0,1,7,2,5
COLEMAN COUNTY,083,76 Years,87,40,47,79,37,42,1,0,1,0,0,0,7,3,4
COLEMAN COUNTY,083,77 Years,76,37,39,69,34,35,0,0,0,2,1,1,5,2,3
COLEMAN COUNTY,083,78 Years,74,35,39,69,32,37,0,0,0,1,1,0,4,2,2
COLEMAN COUNTY,083,79 Years,72,32,40,69,30,39,0,0,0,0,0,0,3,2,1
COLEMAN COUNTY,083,80 Years,67,27,40,60,24,36,2,1,1,0,0,0,5,2,3
COLEMAN COUNTY,083,81 Years,68,26,42,61,24,37,1,0,1,0,0,0,6,2,4
COLEMAN COUNTY,083,82 Years,68,28,40,62,27,35,0,0,0,1,0,1,5,1,4
COLEMAN COUNTY,083,83 Years,49,26,23,46,25,21,1,0,1,0,0,0,2,1,1
COLEMAN COUNTY,083,84 Years,41,18,23,38,18,20,1,0,1,0,0,0,2,0,2
COLEMAN COUNTY,083,85 Years +,208,92,116,197,86,111,0,0,0,3,1,2,8,5,3
COLLIN COUNTY,085,All Ages,812435,398983,413452,504140,247628,256512,68653,32070,36583,115948,56505,59443,123694,62780,60914
COLLIN COUNTY,085,< 1 Year,10947,5584,5363,5827,2972,2855,919,466,453,1855,948,907,2346,1198,1148
COLLIN COUNTY,085,1 Years,10894,5533,5361,5706,2902,2804,944,460,484,1907,977,930,2337,1194,1143
COLLIN COUNTY,085,2 Years,11383,5816,5567,5822,2993,2829,932,456,476,2092,1073,1019,2537,1294,1243
COLLIN COUNTY,085,3 Years,11971,6066,5905,6137,3115,3022,1008,507,501,2247,1132,1115,2579,1312,1267
COLLIN COUNTY,085,4 Years,12219,6235,5984,6321,3221,3100,1059,545,514,2266,1155,1111,2573,1314,1259
COLLIN COUNTY,085,5 Years,12751,6501,6250,6662,3431,3231,1126,574,552,2365,1190,1175,2598,1306,1292
COLLIN COUNTY,085,6 Years,13289,6811,6478,6991,3594,3397,1195,600,595,2418,1243,1175,2685,1374,1311
COLLIN COUNTY,085,7 Years,13568,6984,6584,7215,3731,3484,1186,601,585,2481,1263,1218,2686,1389,1297
COLLIN COUNTY,085,8 Years,13617,6985,6632,7387,3820,3567,1196,629,567,2403,1210,1193,2631,1326,1305
COLLIN COUNTY,085,9 Years,13740,6979,6761,7558,3855,3703,1219,636,583,2362,1188,1174,2601,1300,1301
COLLIN COUNTY,085,10 Years,13871,7036,6835,7683,3923,3760,1273,638,635,2247,1131,1116,2668,1344,1324
COLLIN COUNTY,085,11 Years,14028,7042,6986,7852,3945,3907,1291,620,671,2220,1129,1091,2665,1348,1317
COLLIN COUNTY,085,12 Years,13674,6961,6713,7695,3961,3734,1305,638,667,2116,1075,1041,2558,1287,1271
COLLIN COUNTY,085,13 Years,13370,6863,6507,7511,3865,3646,1318,689,629,2032,1028,1004,2509,1281,1228
COLLIN COUNTY,085,14 Years,13072,6589,6483,7349,3687,3662,1268,625,643,2034,1043,991,2421,1234,1187
COLLIN COUNTY,085,15 Years,12868,6569,6299,7383,3797,3586,1214,611,603,1924,954,970,2347,1207,1140
COLLIN COUNTY,085,16 Years,12639,6518,6121,7281,3780,3501,1257,655,602,1799,909,890,2302,1174,1128
COLLIN COUNTY,085,17 Years,12151,6274,5877,7038,3621,3417,1231,632,599,1649,848,801,2233,1173,1060
COLLIN COUNTY,085,18 Years,11392,5869,5523,6584,3359,3225,1199,610,589,1472,748,724,2137,1152,985
COLLIN COUNTY,085,19 Years,9844,5183,4661,5519,2886,2633,1074,545,529,1245,632,613,2006,1120,886
COLLIN COUNTY,085,20 Years,8249,4395,3854,4409,2347,2062,922,458,464,1023,529,494,1895,1061,834
COLLIN COUNTY,085,21 Years,7706,4035,3671,4123,2153,1970,828,414,414,891,448,443,1864,1020,844
COLLIN COUNTY,085,22 Years,7379,3877,3502,3980,2062,1918,791,396,395,884,470,414,1724,949,775
COLLIN COUNTY,085,23 Years,7655,3831,3824,4128,2040,2088,765,370,395,984,465,519,1778,956,822
COLLIN COUNTY,085,24 Years,8227,4103,4124,4514,2187,2327,828,413,415,1051,474,577,1834,1029,805
COLLIN COUNTY,085,25 Years,8943,4413,4530,5043,2460,2583,833,391,442,1115,506,609,1952,1056,896
COLLIN COUNTY,085,26 Years,9479,4651,4828,5349,2618,2731,870,395,475,1272,574,698,1988,1064,924
COLLIN COUNTY,085,27 Years,9753,4732,5021,5486,2643,2843,870,392,478,1439,658,781,1958,1039,919
COLLIN COUNTY,085,28 Years,10629,5135,5494,5947,2857,3090,1020,449,571,1574,751,823,2088,1078,1010
COLLIN COUNTY,085,29 Years,11148,5365,5783,6259,3020,3239,1016,450,566,1681,761,920,2192,1134,1058
COLLIN COUNTY,085,30 Years,11358,5452,5906,6416,3102,3314,1085,462,623,1680,763,917,2177,1125,1052
COLLIN COUNTY,085,31 Years,11890,5681,6209,6679,3226,3453,1207,515,692,1768,805,963,2236,1135,1101
COLLIN COUNTY,085,32 Years,11887,5625,6262,6576,3092,3484,1240,544,696,1887,862,1025,2184,1127,1057
COLLIN COUNTY,085,33 Years,12437,5940,6497,7008,3416,3592,1188,491,697,1983,868,1115,2258,1165,1093
COLLIN COUNTY,085,34 Years,12626,5964,6662,7063,3380,3683,1170,513,657,2089,924,1165,2304,1147,1157
COLLIN COUNTY,085,35 Years,12893,6046,6847,7068,3413,3655,1287,544,743,2220,969,1251,2318,1120,1198
COLLIN COUNTY,085,36 Years,13541,6398,7143,7503,3588,3915,1339,581,758,2392,1087,1305,2307,1142,1165
COLLIN COUNTY,085,37 Years,13655,6544,7111,7597,3711,3886,1336,585,751,2428,1120,1308,2294,1128,1166
COLLIN COUNTY,085,38 Years,13945,6730,7215,7832,3860,3972,1357,595,762,2498,1160,1338,2258,1115,1143
COLLIN COUNTY,085,39 Years,14564,7053,7511,8489,4237,4252,1383,615,768,2518,1162,1356,2174,1039,1135
COLLIN COUNTY,085,40 Years,15333,7407,7926,9233,4567,4666,1458,634,824,2473,1177,1296,2169,1029,1140
COLLIN COUNTY,085,41 Years,15059,7368,7691,9100,4471,4629,1366,631,735,2476,1235,1241,2117,1031,1086
COLLIN COUNTY,085,42 Years,14416,7172,7244,8872,4423,4449,1262,591,671,2366,1190,1176,1916,968,948
COLLIN COUNTY,085,43 Years,13589,6708,6881,8419,4194,4225,1209,538,671,2140,1073,1067,1821,903,918
COLLIN COUNTY,085,44 Years,13027,6473,6554,8172,4082,4090,1157,512,645,1942,987,955,1756,892,864
COLLIN COUNTY,085,45 Years,12994,6409,6585,8182,3986,4196,1130,528,602,1971,1014,957,1711,881,830
COLLIN COUNTY,085,46 Years,13563,6648,6915,8788,4277,4511,1160,523,637,1945,1005,940,1670,843,827
COLLIN COUNTY,085,47 Years,13818,6890,6928,9143,4583,4560,1138,512,626,1950,993,957,1587,802,785
COLLIN COUNTY,085,48 Years,13596,6740,6856,9193,4566,4627,1117,535,582,1837,926,911,1449,713,736
COLLIN COUNTY,085,49 Years,13077,6529,6548,9031,4521,4510,1077,506,571,1595,814,781,1374,688,686
COLLIN COUNTY,085,50 Years,12635,6324,6311,8894,4470,4424,1023,486,537,1465,743,722,1253,625,628
COLLIN COUNTY,085,51 Years,12127,6148,5979,8639,4381,4258,968,473,495,1355,684,671,1165,610,555
COLLIN COUNTY,085,52 Years,11407,5753,5654,8195,4188,4007,890,416,474,1239,617,622,1083,532,551
COLLIN COUNTY,085,53 Years,10740,5273,5467,7812,3829,3983,813,366,447,1145,587,558,970,491,479
COLLIN COUNTY,085,54 Years,10430,5116,5314,7631,3782,3849,783,333,450,1132,549,583,884,452,432
COLLIN COUNTY,085,55 Years,9801,4756,5045,7187,3501,3686,733,340,393,1090,534,556,791,381,410
COLLIN COUNTY,085,56 Years,9458,4548,4910,7012,3349,3663,643,303,340,1017,507,510,786,389,397
COLLIN COUNTY,085,57 Years,8881,4283,4598,6664,3219,3445,580,271,309,919,444,475,718,349,369
COLLIN COUNTY,085,58 Years,8482,4088,4394,6358,3097,3261,551,239,312,905,431,474,668,321,347
COLLIN COUNTY,085,59 Years,7957,3754,4203,6073,2894,3179,485,195,290,812,381,431,587,284,303
COLLIN COUNTY,085,60 Years,7497,3494,4003,5676,2649,3027,487,203,284,801,383,418,533,259,274
COLLIN COUNTY,085,61 Years,7302,3401,3901,5518,2569,2949,448,204,244,810,365,445,526,263,263
COLLIN COUNTY,085,62 Years,7255,3363,3892,5678,2669,3009,409,158,251,709,330,379,459,206,253
COLLIN COUNTY,085,63 Years,7316,3384,3932,5849,2748,3101,383,151,232,674,311,363,410,174,236
COLLIN COUNTY,085,64 Years,7317,3428,3889,5924,2827,3097,354,155,199,650,280,370,389,166,223
COLLIN COUNTY,085,65 Years,5901,2776,3125,4707,2255,2452,293,134,159,542,239,303,359,148,211
COLLIN COUNTY,085,66 Years,5272,2486,2786,4197,2003,2194,245,100,145,508,244,264,322,139,183
COLLIN COUNTY,085,67 Years,5078,2356,2722,4125,1924,2201,216,93,123,438,204,234,299,135,164
COLLIN COUNTY,085,68 Years,4960,2352,2608,4041,1940,2101,202,90,112,438,197,241,279,125,154
COLLIN COUNTY,085,69 Years,4483,2121,2362,3642,1750,1892,172,76,96,419,188,231,250,107,143
COLLIN COUNTY,085,70 Years,3901,1786,2115,3147,1448,1699,162,68,94,377,168,209,215,102,113
COLLIN COUNTY,085,71 Years,3579,1638,1941,2881,1328,1553,136,54,82,376,169,207,186,87,99
COLLIN COUNTY,085,72 Years,3269,1517,1752,2586,1214,1372,108,46,62,386,181,205,189,76,113
COLLIN COUNTY,085,73 Years,3033,1407,1626,2400,1126,1274,108,41,67,331,158,173,194,82,112
COLLIN COUNTY,085,74 Years,2708,1257,1451,2159,1018,1141,92,40,52,295,129,166,162,70,92
COLLIN COUNTY,085,75 Years,2565,1169,1396,2049,948,1101,93,33,60,283,129,154,140,59,81
COLLIN COUNTY,085,76 Years,2346,1042,1304,1873,831,1042,86,32,54,236,107,129,151,72,79
COLLIN COUNTY,085,77 Years,2068,909,1159,1683,750,933,65,14,51,190,88,102,130,57,73
COLLIN COUNTY,085,78 Years,1897,835,1062,1573,701,872,56,14,42,171,77,94,97,43,54
COLLIN COUNTY,085,79 Years,1724,753,971,1425,634,791,62,21,41,148,64,84,89,34,55
COLLIN COUNTY,085,80 Years,1700,702,998,1426,592,834,42,10,32,143,65,78,89,35,54
COLLIN COUNTY,085,81 Years,1571,641,930,1325,539,786,37,13,24,124,55,69,85,34,51
COLLIN COUNTY,085,82 Years,1348,542,806,1128,456,672,47,11,36,99,43,56,74,32,42
COLLIN COUNTY,085,83 Years,1178,438,740,990,373,617,32,7,25,93,36,57,63,22,41
COLLIN COUNTY,085,84 Years,1115,405,710,946,350,596,39,10,29,81,26,55,49,19,30
COLLIN COUNTY,085,85 Years +,6410,2026,4384,5604,1736,3868,187,50,137,341,146,195,278,94,184
COLLINGSWORTH COUNTY,087,All Ages,3075,1515,1560,1929,954,975,122,50,72,82,43,39,942,468,474
COLLINGSWORTH COUNTY,087,< 1 Year,41,22,19,19,10,9,1,1,0,0,0,0,21,11,10
COLLINGSWORTH COUNTY,087,1 Years,53,26,27,21,11,10,2,1,1,3,2,1,27,12,15
COLLINGSWORTH COUNTY,087,2 Years,52,26,26,24,14,10,0,0,0,4,1,3,24,11,13
COLLINGSWORTH COUNTY,087,3 Years,46,20,26,21,8,13,0,0,0,1,0,1,24,12,12
COLLINGSWORTH COUNTY,087,4 Years,52,32,20,27,15,12,1,1,0,0,0,0,24,16,8
COLLINGSWORTH COUNTY,087,5 Years,53,31,22,20,11,9,0,0,0,1,1,0,32,19,13
COLLINGSWORTH COUNTY,087,6 Years,47,26,21,16,9,7,1,0,1,1,1,0,29,16,13
COLLINGSWORTH COUNTY,087,7 Years,36,16,20,15,6,9,1,0,1,2,2,0,18,8,10
COLLINGSWORTH COUNTY,087,8 Years,41,21,20,19,9,10,1,0,1,3,2,1,18,10,8
COLLINGSWORTH COUNTY,087,9 Years,50,22,28,20,10,10,1,0,1,3,1,2,26,11,15
COLLINGSWORTH COUNTY,087,10 Years,46,21,25,16,8,8,2,0,2,3,1,2,25,12,13
COLLINGSWORTH COUNTY,087,11 Years,43,25,18,20,11,9,2,1,1,0,0,0,21,13,8
COLLINGSWORTH COUNTY,087,12 Years,42,25,17,19,9,10,2,1,1,0,0,0,21,15,6
COLLINGSWORTH COUNTY,087,13 Years,43,21,22,26,12,14,2,2,0,3,2,1,12,5,7
COLLINGSWORTH COUNTY,087,14 Years,51,27,24,27,14,13,2,0,2,2,2,0,20,11,9
COLLINGSWORTH COUNTY,087,15 Years,54,26,28,26,12,14,2,2,0,0,0,0,26,12,14
COLLINGSWORTH COUNTY,087,16 Years,43,25,18,22,14,8,2,1,1,0,0,0,19,10,9
COLLINGSWORTH COUNTY,087,17 Years,49,24,25,31,17,14,2,1,1,1,0,1,15,6,9
COLLINGSWORTH COUNTY,087,18 Years,47,25,22,26,14,12,1,0,1,1,1,0,19,10,9
COLLINGSWORTH COUNTY,087,19 Years,45,25,20,21,14,7,4,2,2,1,1,0,19,8,11
COLLINGSWORTH COUNTY,087,20 Years,27,15,12,10,6,4,3,1,2,0,0,0,14,8,6
COLLINGSWORTH COUNTY,087,21 Years,29,17,12,13,7,6,0,0,0,0,0,0,16,10,6
COLLINGSWORTH COUNTY,087,22 Years,25,11,14,11,5,6,1,0,1,2,0,2,11,6,5
COLLINGSWORTH COUNTY,087,23 Years,29,12,17,14,7,7,1,0,1,0,0,0,14,5,9
COLLINGSWORTH COUNTY,087,24 Years,28,15,13,16,9,7,1,0,1,0,0,0,11,6,5
COLLINGSWORTH COUNTY,087,25 Years,36,17,19,21,8,13,2,2,0,0,0,0,13,7,6
COLLINGSWORTH COUNTY,087,26 Years,42,19,23,24,11,13,3,3,0,0,0,0,15,5,10
COLLINGSWORTH COUNTY,087,27 Years,38,20,18,19,13,6,2,2,0,1,1,0,16,4,12
COLLINGSWORTH COUNTY,087,28 Years,34,18,16,19,10,9,1,1,0,1,1,0,13,6,7
COLLINGSWORTH COUNTY,087,29 Years,30,20,10,15,9,6,2,1,1,0,0,0,13,10,3
COLLINGSWORTH COUNTY,087,30 Years,33,21,12,17,11,6,2,2,0,1,0,1,13,8,5
COLLINGSWORTH COUNTY,087,31 Years,41,22,19,23,15,8,2,1,1,1,1,0,15,5,10
COLLINGSWORTH COUNTY,087,32 Years,33,17,16,18,8,10,0,0,0,1,1,0,14,8,6
COLLINGSWORTH COUNTY,087,33 Years,34,18,16,20,11,9,2,1,1,0,0,0,12,6,6
COLLINGSWORTH COUNTY,087,34 Years,34,16,18,22,11,11,1,0,1,0,0,0,11,5,6
COLLINGSWORTH COUNTY,087,35 Years,34,17,17,21,10,11,1,0,1,2,2,0,10,5,5
COLLINGSWORTH COUNTY,087,36 Years,35,19,16,20,13,7,1,0,1,1,1,0,13,5,8
COLLINGSWORTH COUNTY,087,37 Years,27,14,13,20,10,10,0,0,0,0,0,0,7,4,3
COLLINGSWORTH COUNTY,087,38 Years,31,18,13,22,12,10,0,0,0,0,0,0,9,6,3
COLLINGSWORTH COUNTY,087,39 Years,29,15,14,14,7,7,0,0,0,1,1,0,14,7,7
COLLINGSWORTH COUNTY,087,40 Years,29,12,17,16,6,10,0,0,0,1,1,0,12,5,7
COLLINGSWORTH COUNTY,087,41 Years,28,13,15,15,7,8,1,0,1,0,0,0,12,6,6
COLLINGSWORTH COUNTY,087,42 Years,31,15,16,21,8,13,2,2,0,0,0,0,8,5,3
COLLINGSWORTH COUNTY,087,43 Years,31,13,18,20,9,11,3,0,3,2,1,1,6,3,3
COLLINGSWORTH COUNTY,087,44 Years,36,21,15,23,15,8,1,0,1,2,0,2,10,6,4
COLLINGSWORTH COUNTY,087,45 Years,37,19,18,23,13,10,0,0,0,2,1,1,12,5,7
COLLINGSWORTH COUNTY,087,46 Years,46,20,26,26,14,12,1,0,1,2,1,1,17,5,12
COLLINGSWORTH COUNTY,087,47 Years,40,18,22,26,12,14,1,0,1,2,1,1,11,5,6
COLLINGSWORTH COUNTY,087,48 Years,36,17,19,26,13,13,0,0,0,1,0,1,9,4,5
COLLINGSWORTH COUNTY,087,49 Years,35,20,15,22,13,9,3,2,1,1,1,0,9,4,5
COLLINGSWORTH COUNTY,087,50 Years,48,16,32,31,12,19,1,0,1,4,1,3,12,3,9
COLLINGSWORTH COUNTY,087,51 Years,43,23,20,28,15,13,2,1,1,3,2,1,10,5,5
COLLINGSWORTH COUNTY,087,52 Years,44,24,20,31,16,15,3,2,1,1,1,0,9,5,4
COLLINGSWORTH COUNTY,087,53 Years,36,14,22,26,12,14,0,0,0,1,0,1,9,2,7
COLLINGSWORTH COUNTY,087,54 Years,35,17,18,24,12,12,0,0,0,1,0,1,10,5,5
COLLINGSWORTH COUNTY,087,55 Years,47,21,26,34,15,19,3,0,3,2,0,2,8,6,2
COLLINGSWORTH COUNTY,087,56 Years,49,26,23,32,16,16,4,2,2,2,1,1,11,7,4
COLLINGSWORTH COUNTY,087,57 Years,44,26,18,35,22,13,3,1,2,0,0,0,6,3,3
COLLINGSWORTH COUNTY,087,58 Years,36,18,18,26,13,13,1,0,1,1,0,1,8,5,3
COLLINGSWORTH COUNTY,087,59 Years,31,14,17,24,12,12,0,0,0,0,0,0,7,2,5
COLLINGSWORTH COUNTY,087,60 Years,39,16,23,27,12,15,3,3,0,3,1,2,6,0,6
COLLINGSWORTH COUNTY,087,61 Years,33,19,14,24,13,11,3,2,1,1,0,1,5,4,1
COLLINGSWORTH COUNTY,087,62 Years,30,18,12,20,12,8,1,0,1,3,2,1,6,4,2
COLLINGSWORTH COUNTY,087,63 Years,37,15,22,32,12,20,1,0,1,1,1,0,3,2,1
COLLINGSWORTH COUNTY,087,64 Years,42,17,25,37,16,21,3,0,3,0,0,0,2,1,1
COLLINGSWORTH COUNTY,087,65 Years,28,11,17,22,9,13,2,0,2,0,0,0,4,2,2
COLLINGSWORTH COUNTY,087,66 Years,23,12,11,21,11,10,1,0,1,0,0,0,1,1,0
COLLINGSWORTH COUNTY,087,67 Years,33,19,14,28,17,11,1,0,1,0,0,0,4,2,2
COLLINGSWORTH COUNTY,087,68 Years,29,11,18,25,10,15,1,0,1,0,0,0,3,1,2
COLLINGSWORTH COUNTY,087,69 Years,32,15,17,26,12,14,3,2,1,1,0,1,2,1,1
COLLINGSWORTH COUNTY,087,70 Years,32,18,14,27,14,13,3,2,1,0,0,0,2,2,0
COLLINGSWORTH COUNTY,087,71 Years,28,12,16,24,11,13,1,0,1,0,0,0,3,1,2
COLLINGSWORTH COUNTY,087,72 Years,22,9,13,18,8,10,4,1,3,0,0,0,0,0,0
COLLINGSWORTH COUNTY,087,73 Years,23,15,8,22,15,7,1,0,1,0,0,0,0,0,0
COLLINGSWORTH COUNTY,087,74 Years,19,8,11,16,7,9,1,1,0,1,0,1,1,0,1
COLLINGSWORTH COUNTY,087,75 Years,18,8,10,16,7,9,0,0,0,0,0,0,2,1,1
COLLINGSWORTH COUNTY,087,76 Years,23,6,17,20,6,14,1,0,1,0,0,0,2,0,2
COLLINGSWORTH COUNTY,087,77 Years,18,8,10,16,7,9,0,0,0,0,0,0,2,1,1
COLLINGSWORTH COUNTY,087,78 Years,22,10,12,19,8,11,1,1,0,1,1,0,1,0,1
COLLINGSWORTH COUNTY,087,79 Years,21,7,14,17,6,11,1,0,1,1,1,0,2,0,2
COLLINGSWORTH COUNTY,087,80 Years,28,11,17,25,10,15,1,0,1,1,1,0,1,0,1
COLLINGSWORTH COUNTY,087,81 Years,20,8,12,19,8,11,0,0,0,1,0,1,0,0,0
COLLINGSWORTH COUNTY,087,82 Years,15,7,8,15,7,8,0,0,0,0,0,0,0,0,0
COLLINGSWORTH COUNTY,087,83 Years,16,6,10,16,6,10,0,0,0,0,0,0,0,0,0
COLLINGSWORTH COUNTY,087,84 Years,16,5,11,16,5,11,0,0,0,0,0,0,0,0,0
COLLINGSWORTH COUNTY,087,85 Years +,83,30,53,77,29,48,6,1,5,0,0,0,0,0,0
COLORADO COUNTY,089,All Ages,20914,10379,10535,12369,6061,6308,2652,1272,1380,290,140,150,5603,2906,2697
COLORADO COUNTY,089,< 1 Year,251,128,123,102,53,49,30,15,15,3,2,1,116,58,58
COLORADO COUNTY,089,1 Years,277,147,130,96,52,44,37,16,21,7,2,5,137,77,60
COLORADO COUNTY,089,2 Years,257,139,118,88,49,39,33,16,17,7,4,3,129,70,59
COLORADO COUNTY,089,3 Years,263,132,131,97,43,54,31,17,14,8,6,2,127,66,61
COLORADO COUNTY,089,4 Years,263,139,124,93,47,46,38,20,18,7,4,3,125,68,57
COLORADO COUNTY,089,5 Years,260,133,127,96,47,49,33,21,12,8,3,5,123,62,61
COLORADO COUNTY,089,6 Years,253,131,122,98,53,45,31,15,16,9,5,4,115,58,57
COLORADO COUNTY,089,7 Years,263,137,126,103,60,43,34,13,21,7,4,3,119,60,59
COLORADO COUNTY,089,8 Years,267,134,133,113,63,50,38,16,22,5,2,3,111,53,58
COLORADO COUNTY,089,9 Years,258,131,127,105,61,44,32,14,18,9,5,4,112,51,61
COLORADO COUNTY,089,10 Years,284,148,136,113,62,51,46,25,21,6,3,3,119,58,61
COLORADO COUNTY,089,11 Years,287,149,138,117,61,56,54,25,29,4,1,3,112,62,50
COLORADO COUNTY,089,12 Years,280,152,128,123,67,56,49,28,21,5,4,1,103,53,50
COLORADO COUNTY,089,13 Years,290,154,136,130,67,63,45,25,20,5,4,1,110,58,52
COLORADO COUNTY,089,14 Years,293,150,143,132,66,66,46,25,21,4,2,2,111,57,54
COLORADO COUNTY,089,15 Years,275,126,149,138,58,80,38,19,19,6,4,2,93,45,48
COLORADO COUNTY,089,16 Years,277,141,136,146,75,71,34,20,14,7,3,4,90,43,47
COLORADO COUNTY,089,17 Years,312,167,145,160,91,69,49,27,22,5,3,2,98,46,52
COLORADO COUNTY,089,18 Years,297,159,138,156,83,73,45,27,18,5,1,4,91,48,43
COLORADO COUNTY,089,19 Years,272,150,122,128,65,63,47,29,18,3,2,1,94,54,40
COLORADO COUNTY,089,20 Years,233,120,113,103,49,54,33,19,14,3,0,3,94,52,42
COLORADO COUNTY,089,21 Years,187,89,98,74,32,42,21,8,13,3,1,2,89,48,41
COLORADO COUNTY,089,22 Years,180,88,92,70,34,36,35,19,16,2,1,1,73,34,39
COLORADO COUNTY,089,23 Years,201,104,97,78,38,40,40,23,17,2,1,1,81,42,39
COLORADO COUNTY,089,24 Years,228,128,100,102,64,38,34,14,20,4,2,2,88,48,40
COLORADO COUNTY,089,25 Years,206,107,99,95,51,44,26,12,14,2,0,2,83,44,39
COLORADO COUNTY,089,26 Years,201,96,105,109,49,60,18,9,9,3,1,2,71,37,34
COLORADO COUNTY,089,27 Years,194,100,94,95,50,45,33,18,15,2,1,1,64,31,33
COLORADO COUNTY,089,28 Years,197,85,112,74,37,37,36,15,21,3,1,2,84,32,52
COLORADO COUNTY,089,29 Years,202,107,95,88,49,39,28,10,18,1,1,0,85,47,38
COLORADO COUNTY,089,30 Years,236,135,101,112,67,45,26,9,17,3,1,2,95,58,37
COLORADO COUNTY,089,31 Years,222,109,113,103,48,55,25,9,16,5,2,3,89,50,39
COLORADO COUNTY,089,32 Years,207,90,117,100,43,57,31,13,18,3,1,2,73,33,40
COLORADO COUNTY,089,33 Years,195,99,96,101,55,46,24,12,12,2,0,2,68,32,36
COLORADO COUNTY,089,34 Years,212,104,108,109,52,57,25,11,14,1,0,1,77,41,36
COLORADO COUNTY,089,35 Years,199,102,97,100,45,55,26,14,12,2,1,1,71,42,29
COLORADO COUNTY,089,36 Years,194,100,94,92,48,44,22,10,12,2,1,1,78,41,37
COLORADO COUNTY,089,37 Years,184,95,89,89,48,41,26,13,13,2,0,2,67,34,33
COLORADO COUNTY,089,38 Years,199,100,99,110,55,55,23,11,12,2,2,0,64,32,32
COLORADO COUNTY,089,39 Years,224,114,110,115,60,55,32,12,20,4,2,2,73,40,33
COLORADO COUNTY,089,40 Years,204,106,98,111,56,55,28,14,14,4,2,2,61,34,27
COLORADO COUNTY,089,41 Years,224,109,115,136,64,72,24,9,15,5,2,3,59,34,25
COLORADO COUNTY,089,42 Years,243,113,130,142,67,75,33,14,19,3,1,2,65,31,34
COLORADO COUNTY,089,43 Years,239,114,125,154,72,82,25,14,11,4,1,3,56,27,29
COLORADO COUNTY,089,44 Years,236,106,130,143,70,73,26,5,21,5,2,3,62,29,33
COLORADO COUNTY,089,45 Years,226,114,112,135,70,65,26,11,15,3,2,1,62,31,31
COLORADO COUNTY,089,46 Years,263,140,123,157,83,74,37,20,17,1,1,0,68,36,32
COLORADO COUNTY,089,47 Years,281,132,149,165,76,89,38,13,25,4,2,2,74,41,33
COLORADO COUNTY,089,48 Years,295,160,135,177,94,83,43,23,20,3,2,1,72,41,31
COLORADO COUNTY,089,49 Years,280,133,147,170,78,92,40,21,19,3,1,2,67,33,34
COLORADO COUNTY,089,50 Years,324,161,163,209,100,109,44,22,22,6,2,4,65,37,28
COLORADO COUNTY,089,51 Years,355,187,168,235,122,113,44,24,20,8,5,3,68,36,32
COLORADO COUNTY,089,52 Years,325,167,158,216,110,106,42,16,26,4,3,1,63,38,25
COLORADO COUNTY,089,53 Years,322,159,163,207,107,100,45,14,31,2,1,1,68,37,31
COLORADO COUNTY,089,54 Years,335,164,171,228,111,117,41,19,22,4,2,2,62,32,30
COLORADO COUNTY,089,55 Years,321,161,160,216,109,107,43,21,22,4,1,3,58,30,28
COLORADO COUNTY,089,56 Years,305,158,147,214,111,103,44,21,23,2,1,1,45,25,20
COLORADO COUNTY,089,57 Years,326,160,166,226,109,117,48,22,26,3,2,1,49,27,22
COLORADO COUNTY,089,58 Years,344,166,178,242,112,130,45,22,23,3,2,1,54,30,24
COLORADO COUNTY,089,59 Years,319,158,161,233,108,125,37,22,15,4,1,3,45,27,18
COLORADO COUNTY,089,60 Years,304,157,147,229,118,111,33,18,15,4,1,3,38,20,18
COLORADO COUNTY,089,61 Years,306,156,150,237,116,121,28,13,15,4,2,2,37,25,12
COLORADO COUNTY,089,62 Years,303,139,164,226,107,119,26,10,16,3,1,2,48,21,27
COLORADO COUNTY,089,63 Years,283,135,148,208,100,108,39,18,21,1,0,1,35,17,18
COLORADO COUNTY,089,64 Years,272,132,140,206,98,108,33,17,16,2,2,0,31,15,16
COLORADO COUNTY,089,65 Years,243,119,124,179,85,94,23,13,10,7,4,3,34,17,17
COLORADO COUNTY,089,66 Years,240,122,118,178,91,87,25,13,12,4,2,2,33,16,17
COLORADO COUNTY,089,67 Years,241,132,109,188,100,88,27,14,13,3,2,1,23,16,7
COLORADO COUNTY,089,68 Years,245,130,115,201,103,98,22,13,9,2,2,0,20,12,8
COLORADO COUNTY,089,69 Years,219,108,111,181,95,86,17,8,9,1,0,1,20,5,15
COLORADO COUNTY,089,70 Years,218,92,126,175,78,97,19,8,11,1,0,1,23,6,17
COLORADO COUNTY,089,71 Years,214,99,115,167,76,91,20,9,11,1,0,1,26,14,12
COLORADO COUNTY,089,72 Years,186,88,98,140,66,74,23,9,14,0,0,0,23,13,10
COLORADO COUNTY,089,73 Years,180,93,87,137,69,68,20,8,12,0,0,0,23,16,7
COLORADO COUNTY,089,74 Years,174,87,87,138,71,67,18,9,9,1,0,1,17,7,10
COLORADO COUNTY,089,75 Years,177,87,90,139,69,70,19,8,11,0,0,0,19,10,9
COLORADO COUNTY,089,76 Years,152,74,78,114,56,58,21,9,12,0,0,0,17,9,8
COLORADO COUNTY,089,77 Years,139,61,78,117,53,64,8,3,5,2,1,1,12,4,8
COLORADO COUNTY,089,78 Years,144,65,79,119,53,66,14,5,9,1,1,0,10,6,4
COLORADO COUNTY,089,79 Years,156,72,84,128,59,69,17,8,9,0,0,0,11,5,6
COLORADO COUNTY,089,80 Years,139,62,77,118,52,66,12,6,6,1,1,0,8,3,5
COLORADO COUNTY,089,81 Years,129,58,71,109,51,58,10,4,6,1,1,0,9,2,7
COLORADO COUNTY,089,82 Years,112,57,55,95,49,46,7,4,3,1,1,0,9,3,6
COLORADO COUNTY,089,83 Years,124,50,74,104,40,64,10,5,5,1,0,1,9,5,4
COLORADO COUNTY,089,84 Years,104,42,62,85,35,50,10,5,5,0,0,0,9,2,7
COLORADO COUNTY,089,85 Years +,563,175,388,482,145,337,44,14,30,3,0,3,34,16,18
COMAL COUNTY,091,All Ages,112171,55052,57119,79707,39144,40563,1698,908,790,2632,1203,1429,28134,13797,14337
COMAL COUNTY,091,< 1 Year,1268,639,629,733,369,364,14,7,7,29,15,14,492,248,244
COMAL COUNTY,091,1 Years,1170,583,587,646,324,322,14,4,10,36,15,21,474,240,234
COMAL COUNTY,091,2 Years,1214,608,606,682,323,359,14,7,7,38,21,17,480,257,223
COMAL COUNTY,091,3 Years,1270,640,630,699,352,347,19,9,10,43,22,21,509,257,252
COMAL COUNTY,091,4 Years,1270,637,633,720,361,359,18,8,10,38,23,15,494,245,249
COMAL COUNTY,091,5 Years,1319,645,674,746,363,383,17,9,8,46,26,20,510,247,263
COMAL COUNTY,091,6 Years,1366,673,693,781,392,389,16,8,8,44,21,23,525,252,273
COMAL COUNTY,091,7 Years,1443,767,676,825,455,370,17,7,10,44,22,22,557,283,274
COMAL COUNTY,091,8 Years,1485,790,695,894,491,403,16,7,9,49,24,25,526,268,258
COMAL COUNTY,091,9 Years,1432,741,691,866,446,420,16,8,8,41,23,18,509,264,245
COMAL COUNTY,091,10 Years,1552,813,739,931,488,443,26,16,10,37,21,16,558,288,270
COMAL COUNTY,091,11 Years,1632,886,746,1005,552,453,27,18,9,45,24,21,555,292,263
COMAL COUNTY,091,12 Years,1551,801,750,940,498,442,32,22,10,40,18,22,539,263,276
COMAL COUNTY,091,13 Years,1601,823,778,970,510,460,27,17,10,41,22,19,563,274,289
COMAL COUNTY,091,14 Years,1641,852,789,1034,560,474,26,13,13,39,19,20,542,260,282
COMAL COUNTY,091,15 Years,1598,825,773,1002,528,474,26,12,14,42,21,21,528,264,264
COMAL COUNTY,091,16 Years,1596,815,781,990,505,485,30,15,15,39,19,20,537,276,261
COMAL COUNTY,091,17 Years,1645,814,831,1027,507,520,30,15,15,52,29,23,536,263,273
COMAL COUNTY,091,18 Years,1573,802,771,979,496,483,28,17,11,50,30,20,516,259,257
COMAL COUNTY,091,19 Years,1355,726,629,827,434,393,23,16,7,38,23,15,467,253,214
COMAL COUNTY,091,20 Years,1082,570,512,614,326,288,17,8,9,23,14,9,428,222,206
COMAL COUNTY,091,21 Years,1015,524,491,554,280,274,27,16,11,21,9,12,413,219,194
COMAL COUNTY,091,22 Years,1025,517,508,602,310,292,22,12,10,33,11,22,368,184,184
COMAL COUNTY,091,23 Years,985,495,490,600,302,298,14,8,6,27,9,18,344,176,168
COMAL COUNTY,091,24 Years,1023,514,509,593,283,310,23,14,9,21,10,11,386,207,179
COMAL COUNTY,091,25 Years,1056,538,518,629,301,328,17,10,7,23,10,13,387,217,170
COMAL COUNTY,091,26 Years,1063,537,526,638,313,325,17,11,6,24,11,13,384,202,182
COMAL COUNTY,091,27 Years,1071,562,509,647,327,320,19,11,8,33,18,15,372,206,166
COMAL COUNTY,091,28 Years,1070,528,542,676,337,339,11,4,7,29,16,13,354,171,183
COMAL COUNTY,091,29 Years,1078,525,553,699,343,356,14,8,6,32,16,16,333,158,175
COMAL COUNTY,091,30 Years,1131,553,578,733,351,382,14,8,6,33,12,21,351,182,169
COMAL COUNTY,091,31 Years,1172,564,608,755,366,389,16,9,7,30,10,20,371,179,192
COMAL COUNTY,091,32 Years,1078,479,599,687,307,380,17,6,11,32,11,21,342,155,187
COMAL COUNTY,091,33 Years,1111,555,556,728,357,371,16,8,8,34,16,18,333,174,159
COMAL COUNTY,091,34 Years,1136,561,575,741,348,393,15,11,4,33,18,15,347,184,163
COMAL COUNTY,091,35 Years,1161,566,595,747,365,382,17,11,6,33,14,19,364,176,188
COMAL COUNTY,091,36 Years,1259,596,663,808,392,416,19,10,9,49,19,30,383,175,208
COMAL COUNTY,091,37 Years,1268,606,662,861,409,452,16,5,11,36,15,21,355,177,178
COMAL COUNTY,091,38 Years,1353,642,711,910,450,460,29,17,12,37,14,23,377,161,216
COMAL COUNTY,091,39 Years,1404,672,732,957,455,502,21,13,8,36,13,23,390,191,199
COMAL COUNTY,091,40 Years,1522,725,797,1061,514,547,25,14,11,41,14,27,395,183,212
COMAL COUNTY,091,41 Years,1589,776,813,1136,574,562,27,17,10,40,13,27,386,172,214
COMAL COUNTY,091,42 Years,1523,741,782,1084,544,540,28,14,14,36,16,20,375,167,208
COMAL COUNTY,091,43 Years,1497,730,767,1057,531,526,28,13,15,39,15,24,373,171,202
COMAL COUNTY,091,44 Years,1452,725,727,1043,524,519,32,19,13,29,11,18,348,171,177
COMAL COUNTY,091,45 Years,1568,754,814,1135,538,597,35,21,14,30,12,18,368,183,185
COMAL COUNTY,091,46 Years,1682,812,870,1231,596,635,32,18,14,40,19,21,379,179,200
COMAL COUNTY,091,47 Years,1754,832,922,1311,627,684,35,18,17,40,18,22,368,169,199
COMAL COUNTY,091,48 Years,1793,854,939,1358,653,705,34,14,20,39,16,23,362,171,191
COMAL COUNTY,091,49 Years,1837,895,942,1401,689,712,38,20,18,36,18,18,362,168,194
COMAL COUNTY,091,50 Years,1868,914,954,1417,700,717,36,15,21,47,21,26,368,178,190
COMAL COUNTY,091,51 Years,1851,895,956,1419,691,728,44,21,23,43,19,24,345,164,181
COMAL COUNTY,091,52 Years,1822,894,928,1426,711,715,33,18,15,38,12,26,325,153,172
COMAL COUNTY,091,53 Years,1835,914,921,1435,703,732,34,21,13,25,9,16,341,181,160
COMAL COUNTY,091,54 Years,1892,913,979,1483,710,773,30,19,11,42,18,24,337,166,171
COMAL COUNTY,091,55 Years,1825,903,922,1442,717,725,27,13,14,44,18,26,312,155,157
COMAL COUNTY,091,56 Years,1791,864,927,1417,687,730,33,16,17,45,19,26,296,142,154
COMAL COUNTY,091,57 Years,1806,860,946,1441,685,756,32,13,19,33,18,15,300,144,156
COMAL COUNTY,091,58 Years,1762,835,927,1386,665,721,22,11,11,40,16,24,314,143,171
COMAL COUNTY,091,59 Years,1686,818,868,1345,649,696,23,10,13,44,19,25,274,140,134
COMAL COUNTY,091,60 Years,1650,786,864,1337,637,700,24,13,11,42,16,26,247,120,127
COMAL COUNTY,091,61 Years,1667,805,862,1360,655,705,20,10,10,34,15,19,253,125,128
COMAL COUNTY,091,62 Years,1655,793,862,1364,649,715,26,13,13,28,13,15,237,118,119
COMAL COUNTY,091,63 Years,1700,831,869,1411,694,717,24,14,10,24,9,15,241,114,127
COMAL COUNTY,091,64 Years,1721,835,886,1439,715,724,20,13,7,28,10,18,234,97,137
COMAL COUNTY,091,65 Years,1325,629,696,1105,532,573,16,9,7,19,6,13,185,82,103
COMAL COUNTY,091,66 Years,1276,624,652,1061,520,541,13,7,6,18,5,13,184,92,92
COMAL COUNTY,091,67 Years,1286,631,655,1071,535,536,16,7,9,23,10,13,176,79,97
COMAL COUNTY,091,68 Years,1251,631,620,1067,547,520,13,8,5,22,11,11,149,65,84
COMAL COUNTY,091,69 Years,1111,587,524,942,501,441,14,9,5,21,10,11,134,67,67
COMAL COUNTY,091,70 Years,990,507,483,840,425,415,12,8,4,19,11,8,119,63,56
COMAL COUNTY,091,71 Years,925,450,475,790,376,414,11,7,4,13,8,5,111,59,52
COMAL COUNTY,091,72 Years,861,430,431,730,362,368,13,6,7,12,7,5,106,55,51
COMAL COUNTY,091,73 Years,826,402,424,715,353,362,6,3,3,12,7,5,93,39,54
COMAL COUNTY,091,74 Years,772,379,393,670,334,336,5,4,1,6,3,3,91,38,53
COMAL COUNTY,091,75 Years,725,351,374,626,310,316,4,3,1,8,2,6,87,36,51
COMAL COUNTY,091,76 Years,708,335,373,602,287,315,4,2,2,16,10,6,86,36,50
COMAL COUNTY,091,77 Years,606,269,337,512,236,276,2,1,1,9,5,4,83,27,56
COMAL COUNTY,091,78 Years,600,270,330,520,243,277,2,1,1,8,3,5,70,23,47
COMAL COUNTY,091,79 Years,534,245,289,456,215,241,1,0,1,9,3,6,68,27,41
COMAL COUNTY,091,80 Years,524,244,280,444,214,230,4,3,1,4,2,2,72,25,47
COMAL COUNTY,091,81 Years,494,237,257,431,209,222,4,3,1,5,4,1,54,21,33
COMAL COUNTY,091,82 Years,424,179,245,368,153,215,3,2,1,5,2,3,48,22,26
COMAL COUNTY,091,83 Years,382,166,216,330,145,185,2,0,2,3,0,3,47,21,26
COMAL COUNTY,091,84 Years,348,152,196,307,134,173,2,0,2,4,1,3,35,17,18
COMAL COUNTY,091,85 Years +,1933,646,1287,1705,579,1126,12,2,10,19,5,14,197,60,137
COMANCHE COUNTY,093,All Ages,13983,6889,7094,10064,4882,5182,22,9,13,192,81,111,3705,1917,1788
COMANCHE COUNTY,093,< 1 Year,166,84,82,99,51,48,0,0,0,1,1,0,66,32,34
COMANCHE COUNTY,093,1 Years,185,85,100,99,44,55,0,0,0,1,0,1,85,41,44
COMANCHE COUNTY,093,2 Years,188,94,94,93,39,54,1,1,0,4,1,3,90,53,37
COMANCHE COUNTY,093,3 Years,187,95,92,95,49,46,0,0,0,3,1,2,89,45,44
COMANCHE COUNTY,093,4 Years,198,95,103,96,48,48,0,0,0,3,1,2,99,46,53
COMANCHE COUNTY,093,5 Years,181,85,96,94,44,50,1,0,1,5,2,3,81,39,42
COMANCHE COUNTY,093,6 Years,186,80,106,96,40,56,0,0,0,3,0,3,87,40,47
COMANCHE COUNTY,093,7 Years,169,90,79,92,51,41,0,0,0,1,0,1,76,39,37
COMANCHE COUNTY,093,8 Years,166,80,86,94,50,44,0,0,0,3,2,1,69,28,41
COMANCHE COUNTY,093,9 Years,175,82,93,93,51,42,3,0,3,6,3,3,73,28,45
COMANCHE COUNTY,093,10 Years,166,90,76,89,48,41,1,0,1,4,3,1,72,39,33
COMANCHE COUNTY,093,11 Years,191,88,103,107,52,55,0,0,0,3,2,1,81,34,47
COMANCHE COUNTY,093,12 Years,207,115,92,117,68,49,0,0,0,3,0,3,87,47,40
COMANCHE COUNTY,093,13 Years,205,98,107,115,54,61,0,0,0,1,0,1,89,44,45
COMANCHE COUNTY,093,14 Years,187,80,107,112,43,69,0,0,0,4,3,1,71,34,37
COMANCHE COUNTY,093,15 Years,170,83,87,100,47,53,1,0,1,2,2,0,67,34,33
COMANCHE COUNTY,093,16 Years,192,99,93,105,49,56,1,1,0,3,1,2,83,48,35
COMANCHE COUNTY,093,17 Years,198,106,92,119,58,61,0,0,0,4,2,2,75,46,29
COMANCHE COUNTY,093,18 Years,211,115,96,130,72,58,0,0,0,2,2,0,79,41,38
COMANCHE COUNTY,093,19 Years,178,99,79,105,61,44,0,0,0,2,1,1,71,37,34
COMANCHE COUNTY,093,20 Years,150,74,76,82,39,43,0,0,0,4,0,4,64,35,29
COMANCHE COUNTY,093,21 Years,138,67,71,75,33,42,1,0,1,2,1,1,60,33,27
COMANCHE COUNTY,093,22 Years,136,72,64,82,40,42,0,0,0,1,0,1,53,32,21
COMANCHE COUNTY,093,23 Years,148,86,62,81,45,36,0,0,0,2,1,1,65,40,25
COMANCHE COUNTY,093,24 Years,131,68,63,74,36,38,1,0,1,2,1,1,54,31,23
COMANCHE COUNTY,093,25 Years,139,66,73,76,37,39,0,0,0,2,1,1,61,28,33
COMANCHE COUNTY,093,26 Years,119,64,55,71,38,33,0,0,0,1,1,0,47,25,22
COMANCHE COUNTY,093,27 Years,128,68,60,75,39,36,0,0,0,3,2,1,50,27,23
COMANCHE COUNTY,093,28 Years,128,61,67,75,33,42,0,0,0,2,2,0,51,26,25
COMANCHE COUNTY,093,29 Years,133,69,64,79,41,38,0,0,0,2,1,1,52,27,25
COMANCHE COUNTY,093,30 Years,120,64,56,76,42,34,0,0,0,2,1,1,42,21,21
COMANCHE COUNTY,093,31 Years,123,64,59,73,38,35,0,0,0,2,2,0,48,24,24
COMANCHE COUNTY,093,32 Years,127,65,62,81,40,41,0,0,0,1,1,0,45,24,21
COMANCHE COUNTY,093,33 Years,130,64,66,93,44,49,1,1,0,0,0,0,36,19,17
COMANCHE COUNTY,093,34 Years,136,64,72,88,38,50,1,0,1,0,0,0,47,26,21
COMANCHE COUNTY,093,35 Years,133,69,64,81,39,42,0,0,0,2,0,2,50,30,20
COMANCHE COUNTY,093,36 Years,136,72,64,88,47,41,0,0,0,3,1,2,45,24,21
COMANCHE COUNTY,093,37 Years,143,68,75,96,45,51,0,0,0,2,1,1,45,22,23
COMANCHE COUNTY,093,38 Years,131,56,75,87,36,51,0,0,0,1,0,1,43,20,23
COMANCHE COUNTY,093,39 Years,150,63,87,95,40,55,0,0,0,3,0,3,52,23,29
COMANCHE COUNTY,093,40 Years,167,76,91,110,50,60,0,0,0,3,1,2,54,25,29
COMANCHE COUNTY,093,41 Years,175,89,86,117,65,52,0,0,0,1,0,1,57,24,33
COMANCHE COUNTY,093,42 Years,163,86,77,117,63,54,0,0,0,5,2,3,41,21,20
COMANCHE COUNTY,093,43 Years,168,77,91,118,54,64,0,0,0,3,1,2,47,22,25
COMANCHE COUNTY,093,44 Years,189,93,96,128,58,70,0,0,0,2,2,0,59,33,26
COMANCHE COUNTY,093,45 Years,171,97,74,121,69,52,1,1,0,1,1,0,48,26,22
COMANCHE COUNTY,093,46 Years,184,101,83,130,71,59,0,0,0,3,1,2,51,29,22
COMANCHE COUNTY,093,47 Years,206,106,100,155,74,81,2,1,1,1,1,0,48,30,18
COMANCHE COUNTY,093,48 Years,188,96,92,143,66,77,2,1,1,0,0,0,43,29,14
COMANCHE COUNTY,093,49 Years,192,94,98,151,74,77,0,0,0,2,0,2,39,20,19
COMANCHE COUNTY,093,50 Years,188,97,91,147,74,73,0,0,0,3,2,1,38,21,17
COMANCHE COUNTY,093,51 Years,182,92,90,145,77,68,0,0,0,2,1,1,35,14,21
COMANCHE COUNTY,093,52 Years,187,99,88,146,79,67,0,0,0,2,0,2,39,20,19
COMANCHE COUNTY,093,53 Years,212,114,98,175,93,82,0,0,0,4,2,2,33,19,14
COMANCHE COUNTY,093,54 Years,181,96,85,147,74,73,0,0,0,5,3,2,29,19,10
COMANCHE COUNTY,093,55 Years,195,97,98,157,78,79,1,1,0,6,1,5,31,17,14
COMANCHE COUNTY,093,56 Years,177,83,94,144,67,77,2,1,1,4,1,3,27,14,13
COMANCHE COUNTY,093,57 Years,166,74,92,138,59,79,1,0,1,3,1,2,24,14,10
COMANCHE COUNTY,093,58 Years,174,97,77,145,77,68,0,0,0,3,2,1,26,18,8
COMANCHE COUNTY,093,59 Years,188,98,90,161,84,77,0,0,0,3,0,3,24,14,10
COMANCHE COUNTY,093,60 Years,195,94,101,162,78,84,0,0,0,4,1,3,29,15,14
COMANCHE COUNTY,093,61 Years,191,91,100,156,76,80,0,0,0,2,0,2,33,15,18
COMANCHE COUNTY,093,62 Years,196,89,107,165,76,89,0,0,0,2,0,2,29,13,16
COMANCHE COUNTY,093,63 Years,190,93,97,167,82,85,0,0,0,2,1,1,21,10,11
COMANCHE COUNTY,093,64 Years,209,103,106,176,86,90,0,0,0,5,1,4,28,16,12
COMANCHE COUNTY,093,65 Years,168,82,86,149,72,77,0,0,0,3,1,2,16,9,7
COMANCHE COUNTY,093,66 Years,178,83,95,164,78,86,0,0,0,1,0,1,13,5,8
COMANCHE COUNTY,093,67 Years,197,98,99,178,86,92,0,0,0,0,0,0,19,12,7
COMANCHE COUNTY,093,68 Years,196,97,99,182,89,93,0,0,0,0,0,0,14,8,6
COMANCHE COUNTY,093,69 Years,180,84,96,169,78,91,0,0,0,0,0,0,11,6,5
COMANCHE COUNTY,093,70 Years,157,71,86,149,68,81,0,0,0,1,0,1,7,3,4
COMANCHE COUNTY,093,71 Years,167,78,89,155,72,83,0,0,0,1,0,1,11,6,5
COMANCHE COUNTY,093,72 Years,156,79,77,144,73,71,0,0,0,1,1,0,11,5,6
COMANCHE COUNTY,093,73 Years,134,68,66,122,62,60,0,0,0,2,1,1,10,5,5
COMANCHE COUNTY,093,74 Years,136,66,70,130,64,66,0,0,0,1,0,1,5,2,3
COMANCHE COUNTY,093,75 Years,131,64,67,123,59,64,0,0,0,3,2,1,5,3,2
COMANCHE COUNTY,093,76 Years,137,76,61,127,68,59,0,0,0,2,2,0,8,6,2
COMANCHE COUNTY,093,77 Years,117,60,57,109,55,54,0,0,0,2,1,1,6,4,2
COMANCHE COUNTY,093,78 Years,90,45,45,85,42,43,1,1,0,1,1,0,3,1,2
COMANCHE COUNTY,093,79 Years,94,45,49,85,41,44,0,0,0,1,0,1,8,4,4
COMANCHE COUNTY,093,80 Years,100,43,57,94,40,54,0,0,0,0,0,0,6,3,3
COMANCHE COUNTY,093,81 Years,75,31,44,70,29,41,0,0,0,1,1,0,4,1,3
COMANCHE COUNTY,093,82 Years,65,25,40,63,25,38,0,0,0,0,0,0,2,0,2
COMANCHE COUNTY,093,83 Years,68,26,42,65,25,40,0,0,0,1,1,0,2,0,2
COMANCHE COUNTY,093,84 Years,63,27,36,61,26,35,0,0,0,1,1,0,1,0,1
COMANCHE COUNTY,093,85 Years +,355,122,233,341,117,224,0,0,0,4,1,3,10,4,6
CONCHO COUNTY,095,All Ages,4138,2848,1290,1811,933,878,60,55,5,43,26,17,2224,1834,390
CONCHO COUNTY,095,< 1 Year,27,15,12,14,8,6,0,0,0,0,0,0,13,7,6
CONCHO COUNTY,095,1 Years,25,15,10,14,8,6,0,0,0,0,0,0,11,7,4
CONCHO COUNTY,095,2 Years,33,18,15,16,6,10,1,1,0,0,0,0,16,11,5
CONCHO COUNTY,095,3 Years,39,21,18,22,10,12,1,1,0,0,0,0,16,10,6
CONCHO COUNTY,095,4 Years,38,16,22,21,9,12,0,0,0,0,0,0,17,7,10
CONCHO COUNTY,095,5 Years,28,11,17,15,6,9,1,1,0,0,0,0,12,4,8
CONCHO COUNTY,095,6 Years,42,20,22,18,7,11,0,0,0,0,0,0,24,13,11
CONCHO COUNTY,095,7 Years,31,16,15,14,6,8,1,1,0,0,0,0,16,9,7
CONCHO COUNTY,095,8 Years,31,12,19,17,5,12,1,1,0,0,0,0,13,6,7
CONCHO COUNTY,095,9 Years,31,19,12,17,11,6,0,0,0,1,0,1,13,8,5
CONCHO COUNTY,095,10 Years,28,20,8,17,10,7,0,0,0,0,0,0,11,10,1
CONCHO COUNTY,095,11 Years,36,19,17,21,11,10,0,0,0,0,0,0,15,8,7
CONCHO COUNTY,095,12 Years,40,18,22,26,13,13,0,0,0,0,0,0,14,5,9
CONCHO COUNTY,095,13 Years,31,15,16,18,8,10,1,1,0,0,0,0,12,6,6
CONCHO COUNTY,095,14 Years,27,14,13,17,8,9,0,0,0,0,0,0,10,6,4
CONCHO COUNTY,095,15 Years,31,11,20,17,7,10,0,0,0,0,0,0,14,4,10
CONCHO COUNTY,095,16 Years,26,9,17,13,4,9,0,0,0,0,0,0,13,5,8
CONCHO COUNTY,095,17 Years,32,14,18,16,7,9,0,0,0,1,0,1,15,7,8
CONCHO COUNTY,095,18 Years,29,14,15,15,8,7,0,0,0,2,0,2,12,6,6
CONCHO COUNTY,095,19 Years,34,17,17,21,11,10,0,0,0,2,1,1,11,5,6
CONCHO COUNTY,095,20 Years,37,25,12,18,9,9,0,0,0,1,1,0,18,15,3
CONCHO COUNTY,095,21 Years,35,24,11,9,5,4,0,0,0,2,1,1,24,18,6
CONCHO COUNTY,095,22 Years,28,19,9,9,5,4,1,1,0,1,0,1,17,13,4
CONCHO COUNTY,095,23 Years,53,46,7,10,6,4,1,1,0,2,1,1,40,38,2
CONCHO COUNTY,095,24 Years,53,45,8,12,9,3,2,2,0,2,2,0,37,32,5
CONCHO COUNTY,095,25 Years,34,29,5,11,7,4,1,1,0,1,1,0,21,20,1
CONCHO COUNTY,095,26 Years,68,62,6,8,5,3,3,3,0,1,1,0,56,53,3
CONCHO COUNTY,095,27 Years,73,62,11,10,5,5,1,1,0,1,1,0,61,55,6
CONCHO COUNTY,095,28 Years,71,59,12,13,8,5,3,2,1,0,0,0,55,49,6
CONCHO COUNTY,095,29 Years,76,66,10,20,14,6,2,1,1,1,1,0,53,50,3
CONCHO COUNTY,095,30 Years,63,45,18,18,8,10,0,0,0,2,1,1,43,36,7
CONCHO COUNTY,095,31 Years,76,65,11,21,14,7,0,0,0,1,1,0,54,50,4
CONCHO COUNTY,095,32 Years,70,55,15,20,12,8,0,0,0,0,0,0,50,43,7
CONCHO COUNTY,095,33 Years,57,46,11,13,7,6,1,1,0,1,1,0,42,37,5
CONCHO COUNTY,095,34 Years,64,57,7,11,7,4,1,1,0,1,1,0,51,48,3
CONCHO COUNTY,095,35 Years,77,66,11,16,7,9,2,2,0,0,0,0,59,57,2
CONCHO COUNTY,095,36 Years,84,71,13,22,14,8,3,3,0,0,0,0,59,54,5
CONCHO COUNTY,095,37 Years,76,65,11,22,14,8,2,2,0,1,1,0,51,48,3
CONCHO COUNTY,095,38 Years,55,41,14,16,8,8,0,0,0,0,0,0,39,33,6
CONCHO COUNTY,095,39 Years,86,66,20,23,9,14,0,0,0,0,0,0,63,57,6
CONCHO COUNTY,095,40 Years,92,81,11,15,8,7,2,2,0,1,1,0,74,70,4
CONCHO COUNTY,095,41 Years,80,67,13,17,8,9,2,2,0,0,0,0,61,57,4
CONCHO COUNTY,095,42 Years,100,84,16,18,10,8,3,3,0,1,0,1,78,71,7
CONCHO COUNTY,095,43 Years,104,89,15,19,13,6,2,2,0,1,1,0,82,73,9
CONCHO COUNTY,095,44 Years,79,63,16,16,9,7,1,0,1,1,1,0,61,53,8
CONCHO COUNTY,095,45 Years,71,61,10,19,15,4,2,2,0,2,2,0,48,42,6
CONCHO COUNTY,095,46 Years,77,58,19,30,15,15,2,2,0,1,1,0,44,40,4
CONCHO COUNTY,095,47 Years,103,73,30,33,13,20,3,3,0,1,0,1,66,57,9
CONCHO COUNTY,095,48 Years,88,68,20,27,13,14,2,2,0,1,0,1,58,53,5
CONCHO COUNTY,095,49 Years,69,56,13,24,14,10,0,0,0,0,0,0,45,42,3
CONCHO COUNTY,095,50 Years,68,58,10,22,13,9,0,0,0,1,1,0,45,44,1
CONCHO COUNTY,095,51 Years,56,42,14,29,17,12,0,0,0,0,0,0,27,25,2
CONCHO COUNTY,095,52 Years,53,29,24,29,12,17,0,0,0,1,0,1,23,17,6
CONCHO COUNTY,095,53 Years,48,27,21,27,13,14,1,1,0,1,0,1,19,13,6
CONCHO COUNTY,095,54 Years,57,37,20,28,13,15,0,0,0,0,0,0,29,24,5
CONCHO COUNTY,095,55 Years,59,38,21,33,17,16,0,0,0,0,0,0,26,21,5
CONCHO COUNTY,095,56 Years,69,49,20,30,14,16,2,2,0,0,0,0,37,33,4
CONCHO COUNTY,095,57 Years,59,36,23,34,16,18,1,1,0,0,0,0,24,19,5
CONCHO COUNTY,095,58 Years,37,22,15,22,13,9,0,0,0,0,0,0,15,9,6
CONCHO COUNTY,095,59 Years,43,30,13,29,21,8,0,0,0,1,1,0,13,8,5
CONCHO COUNTY,095,60 Years,48,30,18,32,17,15,2,2,0,0,0,0,14,11,3
CONCHO COUNTY,095,61 Years,58,32,26,34,14,20,2,2,0,1,0,1,21,16,5
CONCHO COUNTY,095,62 Years,62,36,26,44,22,22,1,0,1,2,1,1,15,13,2
CONCHO COUNTY,095,63 Years,59,32,27,48,26,22,0,0,0,1,0,1,10,6,4
CONCHO COUNTY,095,64 Years,41,23,18,31,17,14,0,0,0,0,0,0,10,6,4
CONCHO COUNTY,095,65 Years,35,17,18,29,13,16,0,0,0,0,0,0,6,4,2
CONCHO COUNTY,095,66 Years,43,24,19,31,15,16,1,1,0,0,0,0,11,8,3
CONCHO COUNTY,095,67 Years,41,27,14,33,22,11,1,1,0,0,0,0,7,4,3
CONCHO COUNTY,095,68 Years,44,26,18,33,19,14,1,0,1,0,0,0,10,7,3
CONCHO COUNTY,095,69 Years,36,21,15,28,15,13,0,0,0,1,1,0,7,5,2
CONCHO COUNTY,095,70 Years,30,15,15,22,11,11,0,0,0,0,0,0,8,4,4
CONCHO COUNTY,095,71 Years,32,16,16,26,14,12,0,0,0,0,0,0,6,2,4
CONCHO COUNTY,095,72 Years,27,10,17,21,8,13,0,0,0,0,0,0,6,2,4
CONCHO COUNTY,095,73 Years,26,13,13,18,9,9,0,0,0,0,0,0,8,4,4
CONCHO COUNTY,095,74 Years,26,15,11,21,11,10,0,0,0,1,1,0,4,3,1
CONCHO COUNTY,095,75 Years,32,18,14,27,13,14,0,0,0,0,0,0,5,5,0
CONCHO COUNTY,095,76 Years,23,12,11,21,11,10,0,0,0,0,0,0,2,1,1
CONCHO COUNTY,095,77 Years,17,10,7,16,9,7,0,0,0,0,0,0,1,1,0
CONCHO COUNTY,095,78 Years,22,10,12,17,8,9,0,0,0,0,0,0,5,2,3
CONCHO COUNTY,095,79 Years,23,10,13,20,8,12,0,0,0,0,0,0,3,2,1
CONCHO COUNTY,095,80 Years,11,6,5,9,5,4,0,0,0,0,0,0,2,1,1
CONCHO COUNTY,095,81 Years,13,7,6,12,7,5,0,0,0,0,0,0,1,0,1
CONCHO COUNTY,095,82 Years,13,6,7,10,5,5,0,0,0,0,0,0,3,1,2
CONCHO COUNTY,095,83 Years,11,4,7,10,4,6,0,0,0,0,0,0,1,0,1
CONCHO COUNTY,095,84 Years,14,6,8,13,5,8,0,0,0,0,0,0,1,1,0
CONCHO COUNTY,095,85 Years +,64,26,38,53,22,31,0,0,0,0,0,0,11,4,7
COOKE COUNTY,097,All Ages,38675,19178,19497,30201,14778,15423,1022,556,466,1209,529,680,6243,3315,2928
COOKE COUNTY,097,< 1 Year,515,257,258,352,177,175,11,5,6,16,8,8,136,67,69
COOKE COUNTY,097,1 Years,524,271,253,339,182,157,13,6,7,21,11,10,151,72,79
COOKE COUNTY,097,2 Years,529,277,252,322,176,146,16,9,7,34,16,18,157,76,81
COOKE COUNTY,097,3 Years,552,289,263,341,183,158,11,6,5,33,15,18,167,85,82
COOKE COUNTY,097,4 Years,536,262,274,331,154,177,12,7,5,31,12,19,162,89,73
COOKE COUNTY,097,5 Years,554,277,277,357,177,180,15,7,8,27,13,14,155,80,75
COOKE COUNTY,097,6 Years,528,278,250,332,185,147,18,9,9,31,13,18,147,71,76
COOKE COUNTY,097,7 Years,518,273,245,330,177,153,17,9,8,25,13,12,146,74,72
COOKE COUNTY,097,8 Years,535,274,261,353,168,185,17,7,10,26,12,14,139,87,52
COOKE COUNTY,097,9 Years,529,260,269,351,167,184,16,6,10,25,11,14,137,76,61
COOKE COUNTY,097,10 Years,554,269,285,365,174,191,17,8,9,21,9,12,151,78,73
COOKE COUNTY,097,11 Years,528,257,271,348,169,179,14,5,9,21,7,14,145,76,69
COOKE COUNTY,097,12 Years,506,264,242,336,175,161,8,5,3,21,6,15,141,78,63
COOKE COUNTY,097,13 Years,552,281,271,382,197,185,13,5,8,21,7,14,136,72,64
COOKE COUNTY,097,14 Years,553,287,266,390,199,191,9,5,4,26,13,13,128,70,58
COOKE COUNTY,097,15 Years,549,273,276,388,194,194,10,6,4,24,10,14,127,63,64
COOKE COUNTY,097,16 Years,572,307,265,383,205,178,25,19,6,19,9,10,145,74,71
COOKE COUNTY,097,17 Years,625,368,257,409,223,186,42,39,3,20,11,9,154,95,59
COOKE COUNTY,097,18 Years,613,368,245,386,202,184,58,53,5,22,12,10,147,101,46
COOKE COUNTY,097,19 Years,556,310,246,369,201,168,39,30,9,24,12,12,124,67,57
COOKE COUNTY,097,20 Years,517,259,258,367,182,185,23,15,8,17,7,10,110,55,55
COOKE COUNTY,097,21 Years,491,249,242,362,185,177,18,8,10,11,5,6,100,51,49
COOKE COUNTY,097,22 Years,447,238,209,325,176,149,16,7,9,11,7,4,95,48,47
COOKE COUNTY,097,23 Years,454,232,222,331,172,159,13,6,7,12,7,5,98,47,51
COOKE COUNTY,097,24 Years,439,227,212,329,165,164,9,5,4,8,3,5,93,54,39
COOKE COUNTY,097,25 Years,434,234,200,311,157,154,13,7,6,12,5,7,98,65,33
COOKE COUNTY,097,26 Years,400,207,193,291,150,141,11,5,6,9,4,5,89,48,41
COOKE COUNTY,097,27 Years,405,202,203,291,149,142,11,5,6,10,3,7,93,45,48
COOKE COUNTY,097,28 Years,456,213,243,327,155,172,15,7,8,20,5,15,94,46,48
COOKE COUNTY,097,29 Years,434,213,221,302,140,162,12,7,5,13,5,8,107,61,46
COOKE COUNTY,097,30 Years,433,218,215,312,156,156,9,8,1,20,6,14,92,48,44
COOKE COUNTY,097,31 Years,434,219,215,311,158,153,8,5,3,15,4,11,100,52,48
COOKE COUNTY,097,32 Years,417,217,200,282,146,136,7,4,3,15,7,8,113,60,53
COOKE COUNTY,097,33 Years,414,213,201,290,146,144,11,8,3,14,9,5,99,50,49
COOKE COUNTY,097,34 Years,391,198,193,273,137,136,11,5,6,14,8,6,93,48,45
COOKE COUNTY,097,35 Years,381,188,193,261,129,132,11,7,4,14,6,8,95,46,49
COOKE COUNTY,097,36 Years,413,205,208,294,146,148,14,8,6,19,10,9,86,41,45
COOKE COUNTY,097,37 Years,415,200,215,304,150,154,9,6,3,11,5,6,91,39,52
COOKE COUNTY,097,38 Years,401,196,205,296,143,153,7,5,2,7,1,6,91,47,44
COOKE COUNTY,097,39 Years,419,204,215,311,141,170,13,7,6,13,8,5,82,48,34
COOKE COUNTY,097,40 Years,443,203,240,350,153,197,11,6,5,11,7,4,71,37,34
COOKE COUNTY,097,41 Years,444,209,235,356,161,195,13,7,6,5,2,3,70,39,31
COOKE COUNTY,097,42 Years,444,208,236,352,165,187,13,6,7,10,3,7,69,34,35
COOKE COUNTY,097,43 Years,447,234,213,348,181,167,12,8,4,15,7,8,72,38,34
COOKE COUNTY,097,44 Years,474,239,235,376,192,184,12,5,7,12,4,8,74,38,36
COOKE COUNTY,097,45 Years,475,228,247,384,181,203,9,3,6,16,6,10,66,38,28
COOKE COUNTY,097,46 Years,472,231,241,382,181,201,7,2,5,14,8,6,69,40,29
COOKE COUNTY,097,47 Years,505,244,261,416,201,215,9,4,5,17,7,10,63,32,31
COOKE COUNTY,097,48 Years,564,263,301,468,217,251,9,5,4,20,6,14,67,35,32
COOKE COUNTY,097,49 Years,528,274,254,434,220,214,10,5,5,19,11,8,65,38,27
COOKE COUNTY,097,50 Years,557,279,278,480,231,249,13,9,4,16,11,5,48,28,20
COOKE COUNTY,097,51 Years,573,287,286,481,240,241,16,5,11,16,9,7,60,33,27
COOKE COUNTY,097,52 Years,583,269,314,506,232,274,13,4,9,15,6,9,49,27,22
COOKE COUNTY,097,53 Years,594,288,306,518,252,266,13,5,8,17,4,13,46,27,19
COOKE COUNTY,097,54 Years,542,267,275,474,232,242,14,7,7,16,5,11,38,23,15
COOKE COUNTY,097,55 Years,551,279,272,484,244,240,17,9,8,10,3,7,40,23,17
COOKE COUNTY,097,56 Years,563,287,276,482,245,237,21,11,10,14,5,9,46,26,20
COOKE COUNTY,097,57 Years,573,291,282,515,257,258,13,7,6,11,7,4,34,20,14
COOKE COUNTY,097,58 Years,554,274,280,493,242,251,12,7,5,11,4,7,38,21,17
COOKE COUNTY,097,59 Years,520,260,260,459,226,233,9,5,4,20,11,9,32,18,14
COOKE COUNTY,097,60 Years,487,253,234,438,230,208,9,5,4,12,6,6,28,12,16
COOKE COUNTY,097,61 Years,499,251,248,449,228,221,16,6,10,6,2,4,28,15,13
COOKE COUNTY,097,62 Years,506,236,270,452,212,240,12,3,9,14,7,7,28,14,14
COOKE COUNTY,097,63 Years,466,209,257,422,190,232,7,2,5,11,6,5,26,11,15
COOKE COUNTY,097,64 Years,494,237,257,453,219,234,11,5,6,9,5,4,21,8,13
COOKE COUNTY,097,65 Years,435,213,222,399,196,203,10,4,6,10,5,5,16,8,8
COOKE COUNTY,097,66 Years,419,205,214,390,192,198,7,2,5,10,4,6,12,7,5
COOKE COUNTY,097,67 Years,398,180,218,376,172,204,3,1,2,7,3,4,12,4,8
COOKE COUNTY,097,68 Years,400,203,197,370,187,183,8,4,4,6,3,3,16,9,7
COOKE COUNTY,097,69 Years,350,173,177,322,161,161,7,3,4,7,2,5,14,7,7
COOKE COUNTY,097,70 Years,332,156,176,307,145,162,5,2,3,7,2,5,13,7,6
COOKE COUNTY,097,71 Years,338,166,172,320,158,162,5,1,4,6,2,4,7,5,2
COOKE COUNTY,097,72 Years,305,145,160,282,134,148,5,1,4,7,2,5,11,8,3
COOKE COUNTY,097,73 Years,278,128,150,259,120,139,6,2,4,4,1,3,9,5,4
COOKE COUNTY,097,74 Years,277,122,155,257,115,142,5,1,4,8,3,5,7,3,4
COOKE COUNTY,097,75 Years,268,127,141,258,124,134,2,0,2,4,2,2,4,1,3
COOKE COUNTY,097,76 Years,255,116,139,242,111,131,3,0,3,2,2,0,8,3,5
COOKE COUNTY,097,77 Years,254,110,144,243,103,140,2,1,1,3,2,1,6,4,2
COOKE COUNTY,097,78 Years,228,100,128,214,93,121,3,2,1,5,1,4,6,4,2
COOKE COUNTY,097,79 Years,204,94,110,188,86,102,4,3,1,5,2,3,7,3,4
COOKE COUNTY,097,80 Years,195,86,109,182,81,101,3,1,2,6,3,3,4,1,3
COOKE COUNTY,097,81 Years,175,80,95,166,78,88,3,1,2,2,0,2,4,1,3
COOKE COUNTY,097,82 Years,156,67,89,148,65,83,2,1,1,3,1,2,3,0,3
COOKE COUNTY,097,83 Years,145,56,89,137,53,84,2,1,1,3,1,2,3,1,2
COOKE COUNTY,097,84 Years,137,55,82,131,54,77,0,0,0,2,0,2,4,1,3
COOKE COUNTY,097,85 Years +,745,262,483,704,250,454,14,3,11,12,1,11,15,8,7
CORYELL COUNTY,099,All Ages,76313,37380,38933,46968,23089,23879,11468,5474,5994,5443,2531,2912,12434,6286,6148
CORYELL COUNTY,099,< 1 Year,1071,547,524,643,325,318,133,68,65,91,49,42,204,105,99
CORYELL COUNTY,099,1 Years,1184,577,607,663,327,336,137,62,75,118,59,59,266,129,137
CORYELL COUNTY,099,2 Years,1384,672,712,733,352,381,165,71,94,150,76,74,336,173,163
CORYELL COUNTY,099,3 Years,1342,659,683,712,336,376,156,77,79,148,76,72,326,170,156
CORYELL COUNTY,099,4 Years,1368,701,667,744,387,357,159,77,82,166,91,75,299,146,153
CORYELL COUNTY,099,5 Years,1447,756,691,772,404,368,185,92,93,158,84,74,332,176,156
CORYELL COUNTY,099,6 Years,1293,677,616,666,351,315,167,86,81,134,70,64,326,170,156
CORYELL COUNTY,099,7 Years,1214,629,585,626,320,306,162,82,80,123,61,62,303,166,137
CORYELL COUNTY,099,8 Years,1298,657,641,667,326,341,191,99,92,139,66,73,301,166,135
CORYELL COUNTY,099,9 Years,1216,628,588,646,334,312,162,77,85,122,62,60,286,155,131
CORYELL COUNTY,099,10 Years,1187,613,574,618,315,303,158,84,74,129,65,64,282,149,133
CORYELL COUNTY,099,11 Years,1167,591,576,628,312,316,170,90,80,122,60,62,247,129,118
CORYELL COUNTY,099,12 Years,1136,596,540,624,330,294,160,82,78,113,56,57,239,128,111
CORYELL COUNTY,099,13 Years,1059,523,536,575,288,287,156,75,81,115,56,59,213,104,109
CORYELL COUNTY,099,14 Years,1034,535,499,553,289,264,175,91,84,96,45,51,210,110,100
CORYELL COUNTY,099,15 Years,1022,531,491,552,293,259,168,88,80,92,45,47,210,105,105
CORYELL COUNTY,099,16 Years,985,505,480,532,275,257,173,82,91,95,48,47,185,100,85
CORYELL COUNTY,099,17 Years,1158,665,493,635,362,273,210,120,90,107,62,45,206,121,85
CORYELL COUNTY,099,18 Years,980,515,465,547,289,258,172,87,85,90,50,40,171,89,82
CORYELL COUNTY,099,19 Years,859,434,425,455,233,222,155,80,75,80,39,41,169,82,87
CORYELL COUNTY,099,20 Years,1572,1036,536,930,647,283,260,152,108,108,62,46,274,175,99
CORYELL COUNTY,099,21 Years,1515,949,566,961,641,320,219,115,104,96,57,39,239,136,103
CORYELL COUNTY,099,22 Years,1588,871,717,1038,576,462,210,104,106,93,45,48,247,146,101
CORYELL COUNTY,099,23 Years,1664,897,767,1027,563,464,232,131,101,128,62,66,277,141,136
CORYELL COUNTY,099,24 Years,1624,854,770,1008,572,436,213,81,132,102,53,49,301,148,153
CORYELL COUNTY,099,25 Years,1185,495,690,673,261,412,204,104,100,97,44,53,211,86,125
CORYELL COUNTY,099,26 Years,1547,770,777,975,492,483,205,106,99,102,48,54,265,124,141
CORYELL COUNTY,099,27 Years,1384,674,710,791,395,396,236,108,128,95,43,52,262,128,134
CORYELL COUNTY,099,28 Years,1463,732,731,843,440,403,233,109,124,97,54,43,290,129,161
CORYELL COUNTY,099,29 Years,1398,685,713,819,412,407,229,109,120,92,42,50,258,122,136
CORYELL COUNTY,099,30 Years,1232,498,734,693,295,398,207,68,139,99,45,54,233,90,143
CORYELL COUNTY,099,31 Years,1329,653,676,799,394,405,188,96,92,95,51,44,247,112,135
CORYELL COUNTY,099,32 Years,1308,625,683,742,358,384,208,102,106,94,46,48,264,119,145
CORYELL COUNTY,099,33 Years,1275,640,635,728,360,368,249,122,127,75,37,38,223,121,102
CORYELL COUNTY,099,34 Years,1147,549,598,688,324,364,204,100,104,75,40,35,180,85,95
CORYELL COUNTY,099,35 Years,1042,478,564,595,268,327,192,87,105,66,29,37,189,94,95
CORYELL COUNTY,099,36 Years,1088,503,585,632,295,337,185,86,99,72,27,45,199,95,104
CORYELL COUNTY,099,37 Years,1048,491,557,628,291,337,183,80,103,58,22,36,179,98,81
CORYELL COUNTY,099,38 Years,1157,562,595,655,319,336,254,126,128,62,21,41,186,96,90
CORYELL COUNTY,099,39 Years,1143,534,609,676,304,372,237,121,116,59,26,33,171,83,88
CORYELL COUNTY,099,40 Years,1146,519,627,707,318,389,231,97,134,56,25,31,152,79,73
CORYELL COUNTY,099,41 Years,1109,464,645,714,301,413,183,75,108,65,24,41,147,64,83
CORYELL COUNTY,099,42 Years,1026,446,580,657,275,382,189,93,96,49,21,28,131,57,74
CORYELL COUNTY,099,43 Years,1037,482,555,628,295,333,245,99,146,38,22,16,126,66,60
CORYELL COUNTY,099,44 Years,993,479,514,608,292,316,205,87,118,42,21,21,138,79,59
CORYELL COUNTY,099,45 Years,957,430,527,604,270,334,198,85,113,42,19,23,113,56,57
CORYELL COUNTY,099,46 Years,990,452,538,615,295,320,190,72,118,57,26,31,128,59,69
CORYELL COUNTY,099,47 Years,982,465,517,629,290,339,173,78,95,43,18,25,137,79,58
CORYELL COUNTY,099,48 Years,930,405,525,630,276,354,152,59,93,34,16,18,114,54,60
CORYELL COUNTY,099,49 Years,953,459,494,622,299,323,183,85,98,32,15,17,116,60,56
CORYELL COUNTY,099,50 Years,903,420,483,561,261,300,180,84,96,46,16,30,116,59,57
CORYELL COUNTY,099,51 Years,839,384,455,555,256,299,147,69,78,51,16,35,86,43,43
CORYELL COUNTY,099,52 Years,810,352,458,531,233,298,150,71,79,48,15,33,81,33,48
CORYELL COUNTY,099,53 Years,827,356,471,536,243,293,160,58,102,46,18,28,85,37,48
CORYELL COUNTY,099,54 Years,808,367,441,559,233,326,140,73,67,39,22,17,70,39,31
CORYELL COUNTY,099,55 Years,730,337,393,509,232,277,111,53,58,40,17,23,70,35,35
CORYELL COUNTY,099,56 Years,691,315,376,482,220,262,103,47,56,39,13,26,67,35,32
CORYELL COUNTY,099,57 Years,661,312,349,451,213,238,96,54,42,48,12,36,66,33,33
CORYELL COUNTY,099,58 Years,607,284,323,454,223,231,73,30,43,40,8,32,40,23,17
CORYELL COUNTY,099,59 Years,605,301,304,451,230,221,72,31,41,30,7,23,52,33,19
CORYELL COUNTY,099,60 Years,580,277,303,415,208,207,66,30,36,37,16,21,62,23,39
CORYELL COUNTY,099,61 Years,514,239,275,393,190,203,56,29,27,29,7,22,36,13,23
CORYELL COUNTY,099,62 Years,510,239,271,412,193,219,40,22,18,24,7,17,34,17,17
CORYELL COUNTY,099,63 Years,539,252,287,422,192,230,40,23,17,27,8,19,50,29,21
CORYELL COUNTY,099,64 Years,557,266,291,446,218,228,43,23,20,27,7,20,41,18,23
CORYELL COUNTY,099,65 Years,420,185,235,337,151,186,30,17,13,17,6,11,36,11,25
CORYELL COUNTY,099,66 Years,418,185,233,321,146,175,48,25,23,21,4,17,28,10,18
CORYELL COUNTY,099,67 Years,422,195,227,339,160,179,42,20,22,20,5,15,21,10,11
CORYELL COUNTY,099,68 Years,409,197,212,325,159,166,32,15,17,19,5,14,33,18,15
CORYELL COUNTY,099,69 Years,370,180,190,305,152,153,25,12,13,16,3,13,24,13,11
CORYELL COUNTY,099,70 Years,345,157,188,291,135,156,23,13,10,13,3,10,18,6,12
CORYELL COUNTY,099,71 Years,306,137,169,247,116,131,26,15,11,16,1,15,17,5,12
CORYELL COUNTY,099,72 Years,290,123,167,226,97,129,22,10,12,18,6,12,24,10,14
CORYELL COUNTY,099,73 Years,308,138,170,253,120,133,21,6,15,16,5,11,18,7,11
CORYELL COUNTY,099,74 Years,306,135,171,260,117,143,14,5,9,14,6,8,18,7,11
CORYELL COUNTY,099,75 Years,251,105,146,211,87,124,12,6,6,12,4,8,16,8,8
CORYELL COUNTY,099,76 Years,226,97,129,195,85,110,9,2,7,8,1,7,14,9,5
CORYELL COUNTY,099,77 Years,196,90,106,170,83,87,8,2,6,10,1,9,8,4,4
CORYELL COUNTY,099,78 Years,185,87,98,156,78,78,9,3,6,13,2,11,7,4,3
CORYELL COUNTY,099,79 Years,189,84,105,157,70,87,11,7,4,7,0,7,14,7,7
CORYELL COUNTY,099,80 Years,180,69,111,150,58,92,8,4,4,9,1,8,13,6,7
CORYELL COUNTY,099,81 Years,166,73,93,141,63,78,6,3,3,7,2,5,12,5,7
CORYELL COUNTY,099,82 Years,134,46,88,114,40,74,4,1,3,6,2,4,10,3,7
CORYELL COUNTY,099,83 Years,125,45,80,111,41,70,3,1,2,4,1,3,7,2,5
CORYELL COUNTY,099,84 Years,112,49,63,100,46,54,4,1,3,3,0,3,5,2,3
CORYELL COUNTY,099,85 Years +,538,194,344,476,174,302,23,2,21,12,3,9,27,15,12
COTTLE COUNTY,101,All Ages,1518,711,807,1051,491,560,129,56,73,14,11,3,324,153,171
COTTLE COUNTY,101,< 1 Year,15,9,6,8,5,3,1,1,0,0,0,0,6,3,3
COTTLE COUNTY,101,1 Years,15,8,7,8,3,5,1,1,0,0,0,0,6,4,2
COTTLE COUNTY,101,2 Years,18,11,7,10,7,3,0,0,0,0,0,0,8,4,4
COTTLE COUNTY,101,3 Years,13,8,5,6,4,2,1,1,0,1,1,0,5,2,3
COTTLE COUNTY,101,4 Years,14,6,8,5,3,2,1,0,1,0,0,0,8,3,5
COTTLE COUNTY,101,5 Years,17,7,10,8,4,4,3,0,3,0,0,0,6,3,3
COTTLE COUNTY,101,6 Years,14,6,8,9,5,4,1,0,1,0,0,0,4,1,3
COTTLE COUNTY,101,7 Years,19,9,10,13,6,7,1,1,0,0,0,0,5,2,3
COTTLE COUNTY,101,8 Years,27,14,13,18,9,9,1,1,0,0,0,0,8,4,4
COTTLE COUNTY,101,9 Years,23,15,8,15,10,5,2,2,0,1,1,0,5,2,3
COTTLE COUNTY,101,10 Years,29,16,13,20,11,9,2,1,1,0,0,0,7,4,3
COTTLE COUNTY,101,11 Years,25,16,9,18,12,6,0,0,0,0,0,0,7,4,3
COTTLE COUNTY,101,12 Years,21,12,9,13,8,5,1,0,1,0,0,0,7,4,3
COTTLE COUNTY,101,13 Years,17,9,8,10,5,5,2,1,1,0,0,0,5,3,2
COTTLE COUNTY,101,14 Years,21,12,9,14,8,6,1,0,1,0,0,0,6,4,2
COTTLE COUNTY,101,15 Years,19,11,8,10,5,5,2,1,1,1,1,0,6,4,2
COTTLE COUNTY,101,16 Years,18,9,9,6,3,3,4,1,3,1,1,0,7,4,3
COTTLE COUNTY,101,17 Years,17,9,8,7,4,3,7,3,4,0,0,0,3,2,1
COTTLE COUNTY,101,18 Years,23,13,10,10,5,5,8,6,2,0,0,0,5,2,3
COTTLE COUNTY,101,19 Years,21,12,9,8,6,2,5,4,1,1,1,0,7,1,6
COTTLE COUNTY,101,20 Years,14,8,6,7,4,3,2,1,1,1,1,0,4,2,2
COTTLE COUNTY,101,21 Years,11,6,5,7,3,4,1,0,1,0,0,0,3,3,0
COTTLE COUNTY,101,22 Years,9,3,6,3,0,3,2,1,1,0,0,0,4,2,2
COTTLE COUNTY,101,23 Years,8,3,5,4,2,2,1,0,1,0,0,0,3,1,2
COTTLE COUNTY,101,24 Years,11,5,6,6,3,3,2,1,1,0,0,0,3,1,2
COTTLE COUNTY,101,25 Years,14,4,10,8,4,4,2,0,2,0,0,0,4,0,4
COTTLE COUNTY,101,26 Years,13,8,5,8,5,3,1,0,1,0,0,0,4,3,1
COTTLE COUNTY,101,27 Years,10,5,5,7,4,3,1,0,1,0,0,0,2,1,1
COTTLE COUNTY,101,28 Years,15,8,7,8,5,3,2,1,1,0,0,0,5,2,3
COTTLE COUNTY,101,29 Years,15,8,7,11,7,4,0,0,0,1,0,1,3,1,2
COTTLE COUNTY,101,30 Years,11,4,7,7,3,4,0,0,0,0,0,0,4,1,3
COTTLE COUNTY,101,31 Years,17,6,11,10,5,5,0,0,0,0,0,0,7,1,6
COTTLE COUNTY,101,32 Years,14,6,8,8,3,5,0,0,0,0,0,0,6,3,3
COTTLE COUNTY,101,33 Years,14,6,8,8,4,4,0,0,0,0,0,0,6,2,4
COTTLE COUNTY,101,34 Years,11,3,8,6,1,5,0,0,0,0,0,0,5,2,3
COTTLE COUNTY,101,35 Years,10,2,8,7,2,5,1,0,1,0,0,0,2,0,2
COTTLE COUNTY,101,36 Years,15,4,11,9,2,7,1,1,0,0,0,0,5,1,4
COTTLE COUNTY,101,37 Years,18,6,12,9,3,6,5,1,4,0,0,0,4,2,2
COTTLE COUNTY,101,38 Years,11,6,5,5,2,3,3,2,1,0,0,0,3,2,1
COTTLE COUNTY,101,39 Years,9,3,6,6,3,3,1,0,1,0,0,0,2,0,2
COTTLE COUNTY,101,40 Years,9,5,4,5,3,2,2,1,1,0,0,0,2,1,1
COTTLE COUNTY,101,41 Years,14,7,7,8,4,4,2,1,1,0,0,0,4,2,2
COTTLE COUNTY,101,42 Years,13,5,8,10,4,6,1,0,1,1,0,1,1,1,0
COTTLE COUNTY,101,43 Years,21,8,13,17,6,11,2,1,1,0,0,0,2,1,1
COTTLE COUNTY,101,44 Years,18,11,7,14,8,6,2,1,1,0,0,0,2,2,0
COTTLE COUNTY,101,45 Years,13,5,8,9,4,5,0,0,0,0,0,0,4,1,3
COTTLE COUNTY,101,46 Years,18,7,11,11,6,5,3,0,3,0,0,0,4,1,3
COTTLE COUNTY,101,47 Years,22,9,13,17,8,9,2,0,2,0,0,0,3,1,2
COTTLE COUNTY,101,48 Years,27,12,15,18,8,10,2,0,2,1,1,0,6,3,3
COTTLE COUNTY,101,49 Years,23,11,12,16,7,9,3,2,1,0,0,0,4,2,2
COTTLE COUNTY,101,50 Years,25,11,14,16,8,8,2,0,2,0,0,0,7,3,4
COTTLE COUNTY,101,51 Years,23,13,10,16,8,8,2,2,0,0,0,0,5,3,2
COTTLE COUNTY,101,52 Years,20,14,6,14,9,5,1,1,0,0,0,0,5,4,1
COTTLE COUNTY,101,53 Years,22,12,10,14,7,7,2,1,1,0,0,0,6,4,2
COTTLE COUNTY,101,54 Years,21,9,12,15,6,9,2,1,1,0,0,0,4,2,2
COTTLE COUNTY,101,55 Years,15,8,7,9,4,5,1,1,0,1,0,1,4,3,1
COTTLE COUNTY,101,56 Years,22,9,13,12,5,7,3,1,2,0,0,0,7,3,4
COTTLE COUNTY,101,57 Years,21,8,13,15,6,9,1,0,1,0,0,0,5,2,3
COTTLE COUNTY,101,58 Years,18,6,12,16,6,10,1,0,1,0,0,0,1,0,1
COTTLE COUNTY,101,59 Years,22,9,13,16,6,10,3,1,2,0,0,0,3,2,1
COTTLE COUNTY,101,60 Years,33,17,16,28,14,14,2,1,1,0,0,0,3,2,1
COTTLE COUNTY,101,61 Years,26,16,10,22,14,8,1,1,0,0,0,0,3,1,2
COTTLE COUNTY,101,62 Years,19,9,10,14,6,8,1,1,0,0,0,0,4,2,2
COTTLE COUNTY,101,63 Years,20,9,11,17,7,10,1,1,0,0,0,0,2,1,1
COTTLE COUNTY,101,64 Years,22,8,14,19,6,13,0,0,0,0,0,0,3,2,1
COTTLE COUNTY,101,65 Years,23,11,12,20,9,11,1,1,0,0,0,0,2,1,1
COTTLE COUNTY,101,66 Years,20,14,6,14,10,4,2,1,1,1,1,0,3,2,1
COTTLE COUNTY,101,67 Years,25,13,12,20,9,11,1,0,1,1,1,0,3,3,0
COTTLE COUNTY,101,68 Years,19,9,10,17,8,9,2,1,1,0,0,0,0,0,0
COTTLE COUNTY,101,69 Years,18,7,11,17,7,10,1,0,1,0,0,0,0,0,0
COTTLE COUNTY,101,70 Years,24,8,16,21,7,14,0,0,0,0,0,0,3,1,2
COTTLE COUNTY,101,71 Years,20,7,13,16,5,11,2,1,1,1,1,0,1,0,1
COTTLE COUNTY,101,72 Years,22,12,10,19,11,8,3,1,2,0,0,0,0,0,0
COTTLE COUNTY,101,73 Years,18,9,9,16,8,8,1,0,1,0,0,0,1,1,0
COTTLE COUNTY,101,74 Years,15,4,11,13,4,9,0,0,0,0,0,0,2,0,2
COTTLE COUNTY,101,75 Years,13,6,7,12,5,7,0,0,0,0,0,0,1,1,0
COTTLE COUNTY,101,76 Years,12,7,5,11,6,5,0,0,0,0,0,0,1,1,0
COTTLE COUNTY,101,77 Years,17,6,11,15,5,10,0,0,0,1,1,0,1,0,1
COTTLE COUNTY,101,78 Years,17,6,11,15,6,9,0,0,0,0,0,0,2,0,2
COTTLE COUNTY,101,79 Years,17,7,10,13,5,8,1,0,1,0,0,0,3,2,1
COTTLE COUNTY,101,80 Years,13,4,9,11,4,7,1,0,1,0,0,0,1,0,1
COTTLE COUNTY,101,81 Years,8,2,6,7,2,5,1,0,1,0,0,0,0,0,0
COTTLE COUNTY,101,82 Years,6,3,3,6,3,3,0,0,0,0,0,0,0,0,0
COTTLE COUNTY,101,83 Years,10,2,8,9,2,7,0,0,0,0,0,0,1,0,1
COTTLE COUNTY,101,84 Years,12,4,8,10,3,7,0,0,0,0,0,0,2,1,1
COTTLE COUNTY,101,85 Years +,46,16,30,41,14,27,2,1,1,0,0,0,3,1,2
CRANE COUNTY,103,All Ages,4409,2166,2243,1747,838,909,123,64,59,81,40,41,2458,1224,1234
CRANE COUNTY,103,< 1 Year,65,34,31,17,9,8,1,1,0,0,0,0,47,24,23
CRANE COUNTY,103,1 Years,76,31,45,16,6,10,3,0,3,0,0,0,57,25,32
CRANE COUNTY,103,2 Years,71,34,37,14,5,9,3,2,1,2,2,0,52,25,27
CRANE COUNTY,103,3 Years,66,34,32,17,6,11,1,1,0,1,1,0,47,26,21
CRANE COUNTY,103,4 Years,58,28,30,10,6,4,3,2,1,2,1,1,43,19,24
CRANE COUNTY,103,5 Years,61,30,31,13,7,6,2,1,1,1,0,1,45,22,23
CRANE COUNTY,103,6 Years,72,38,34,20,9,11,1,1,0,0,0,0,51,28,23
CRANE COUNTY,103,7 Years,77,34,43,21,12,9,2,0,2,0,0,0,54,22,32
CRANE COUNTY,103,8 Years,64,34,30,20,14,6,2,1,1,0,0,0,42,19,23
CRANE COUNTY,103,9 Years,65,36,29,21,10,11,4,2,2,2,1,1,38,23,15
CRANE COUNTY,103,10 Years,69,37,32,19,9,10,2,2,0,2,1,1,46,25,21
CRANE COUNTY,103,11 Years,82,40,42,27,11,16,1,0,1,2,1,1,52,28,24
CRANE COUNTY,103,12 Years,73,38,35,23,12,11,2,1,1,0,0,0,48,25,23
CRANE COUNTY,103,13 Years,70,35,35,17,9,8,1,1,0,1,0,1,51,25,26
CRANE COUNTY,103,14 Years,70,30,40,18,8,10,3,1,2,1,0,1,48,21,27
CRANE COUNTY,103,15 Years,68,33,35,21,12,9,3,0,3,0,0,0,44,21,23
CRANE COUNTY,103,16 Years,74,35,39,23,12,11,1,0,1,1,1,0,49,22,27
CRANE COUNTY,103,17 Years,87,39,48,28,11,17,2,0,2,2,1,1,55,27,28
CRANE COUNTY,103,18 Years,81,40,41,25,10,15,3,1,2,2,2,0,51,27,24
CRANE COUNTY,103,19 Years,80,42,38,20,12,8,2,1,1,6,3,3,52,26,26
CRANE COUNTY,103,20 Years,61,32,29,13,7,6,2,1,1,5,3,2,41,21,20
CRANE COUNTY,103,21 Years,46,24,22,10,4,6,2,2,0,1,0,1,33,18,15
CRANE COUNTY,103,22 Years,50,26,24,17,8,9,0,0,0,1,1,0,32,17,15
CRANE COUNTY,103,23 Years,51,27,24,15,9,6,1,1,0,1,1,0,34,16,18
CRANE COUNTY,103,24 Years,41,22,19,10,6,4,4,2,2,1,0,1,26,14,12
CRANE COUNTY,103,25 Years,54,29,25,16,8,8,2,1,1,1,1,0,35,19,16
CRANE COUNTY,103,26 Years,54,26,28,18,8,10,2,1,1,3,3,0,31,14,17
CRANE COUNTY,103,27 Years,53,23,30,11,4,7,1,1,0,2,1,1,39,17,22
CRANE COUNTY,103,28 Years,53,22,31,15,7,8,0,0,0,2,0,2,36,15,21
CRANE COUNTY,103,29 Years,47,21,26,17,6,11,2,2,0,1,1,0,27,12,15
CRANE COUNTY,103,30 Years,57,29,28,23,10,13,1,1,0,1,1,0,32,17,15
CRANE COUNTY,103,31 Years,44,20,24,16,8,8,2,1,1,0,0,0,26,11,15
CRANE COUNTY,103,32 Years,42,24,18,17,12,5,2,1,1,0,0,0,23,11,12
CRANE COUNTY,103,33 Years,55,30,25,20,11,9,3,1,2,0,0,0,32,18,14
CRANE COUNTY,103,34 Years,48,27,21,13,6,7,2,1,1,1,1,0,32,19,13
CRANE COUNTY,103,35 Years,51,29,22,14,9,5,1,1,0,0,0,0,36,19,17
CRANE COUNTY,103,36 Years,49,25,24,13,6,7,0,0,0,0,0,0,36,19,17
CRANE COUNTY,103,37 Years,40,25,15,7,4,3,1,1,0,0,0,0,32,20,12
CRANE COUNTY,103,38 Years,46,22,24,15,5,10,1,1,0,0,0,0,30,16,14
CRANE COUNTY,103,39 Years,58,29,29,17,9,8,0,0,0,0,0,0,41,20,21
CRANE COUNTY,103,40 Years,63,23,40,23,8,15,0,0,0,0,0,0,40,15,25
CRANE COUNTY,103,41 Years,52,22,30,23,11,12,1,0,1,2,2,0,26,9,17
CRANE COUNTY,103,42 Years,59,35,24,21,11,10,1,0,1,2,1,1,35,23,12
CRANE COUNTY,103,43 Years,60,31,29,26,11,15,1,0,1,0,0,0,33,20,13
CRANE COUNTY,103,44 Years,66,32,34,32,15,17,0,0,0,0,0,0,34,17,17
CRANE COUNTY,103,45 Years,68,29,39,30,14,16,1,1,0,0,0,0,37,14,23
CRANE COUNTY,103,46 Years,62,31,31,30,13,17,2,2,0,0,0,0,30,16,14
CRANE COUNTY,103,47 Years,71,31,40,31,11,20,2,1,1,1,0,1,37,19,18
CRANE COUNTY,103,48 Years,76,37,39,41,21,20,2,1,1,0,0,0,33,15,18
CRANE COUNTY,103,49 Years,72,39,33,40,22,18,2,1,1,2,0,2,28,16,12
CRANE COUNTY,103,50 Years,68,34,34,31,15,16,1,0,1,4,1,3,32,18,14
CRANE COUNTY,103,51 Years,70,38,32,34,17,17,2,2,0,2,0,2,32,19,13
CRANE COUNTY,103,52 Years,69,31,38,34,14,20,0,0,0,2,1,1,33,16,17
CRANE COUNTY,103,53 Years,61,33,28,39,21,18,1,1,0,0,0,0,21,11,10
CRANE COUNTY,103,54 Years,59,28,31,29,17,12,2,1,1,3,1,2,25,9,16
CRANE COUNTY,103,55 Years,58,33,25,29,16,13,3,2,1,1,1,0,25,14,11
CRANE COUNTY,103,56 Years,59,28,31,26,11,15,4,2,2,2,1,1,27,14,13
CRANE COUNTY,103,57 Years,52,25,27,29,14,15,2,1,1,0,0,0,21,10,11
CRANE COUNTY,103,58 Years,49,28,21,27,14,13,2,2,0,1,1,0,19,11,8
CRANE COUNTY,103,59 Years,53,28,25,30,16,14,2,1,1,0,0,0,21,11,10
CRANE COUNTY,103,60 Years,43,25,18,26,15,11,2,1,1,0,0,0,15,9,6
CRANE COUNTY,103,61 Years,48,22,26,24,11,13,2,1,1,1,0,1,21,10,11
CRANE COUNTY,103,62 Years,42,23,19,18,11,7,1,1,0,2,1,1,21,10,11
CRANE COUNTY,103,63 Years,40,21,19,28,16,12,3,0,3,2,1,1,7,4,3
CRANE COUNTY,103,64 Years,41,20,21,29,15,14,1,0,1,2,1,1,9,4,5
CRANE COUNTY,103,65 Years,37,17,20,22,11,11,0,0,0,0,0,0,15,6,9
CRANE COUNTY,103,66 Years,30,14,16,16,8,8,1,1,0,0,0,0,13,5,8
CRANE COUNTY,103,67 Years,31,13,18,15,6,9,1,1,0,1,0,1,14,6,8
CRANE COUNTY,103,68 Years,33,17,16,22,11,11,1,1,0,0,0,0,10,5,5
CRANE COUNTY,103,69 Years,24,11,13,16,7,9,0,0,0,0,0,0,8,4,4
CRANE COUNTY,103,70 Years,32,14,18,17,8,9,2,0,2,0,0,0,13,6,7
CRANE COUNTY,103,71 Years,27,13,14,17,8,9,1,0,1,0,0,0,9,5,4
CRANE COUNTY,103,72 Years,29,14,15,20,9,11,1,0,1,0,0,0,8,5,3
CRANE COUNTY,103,73 Years,22,9,13,16,6,10,0,0,0,0,0,0,6,3,3
CRANE COUNTY,103,74 Years,22,12,10,12,7,5,1,1,0,1,0,1,8,4,4
CRANE COUNTY,103,75 Years,23,11,12,13,5,8,1,1,0,1,0,1,8,5,3
CRANE COUNTY,103,76 Years,21,7,14,14,5,9,0,0,0,1,0,1,6,2,4
CRANE COUNTY,103,77 Years,17,7,10,9,4,5,0,0,0,0,0,0,8,3,5
CRANE COUNTY,103,78 Years,17,8,9,11,6,5,0,0,0,0,0,0,6,2,4
CRANE COUNTY,103,79 Years,13,4,9,8,3,5,0,0,0,0,0,0,5,1,4
CRANE COUNTY,103,80 Years,15,5,10,9,2,7,0,0,0,0,0,0,6,3,3
CRANE COUNTY,103,81 Years,16,6,10,11,4,7,0,0,0,1,0,1,4,2,2
CRANE COUNTY,103,82 Years,9,3,6,6,1,5,0,0,0,0,0,0,3,2,1
CRANE COUNTY,103,83 Years,12,6,6,10,5,5,0,0,0,0,0,0,2,1,1
CRANE COUNTY,103,84 Years,16,9,7,8,5,3,1,0,1,1,1,0,6,3,3
CRANE COUNTY,103,85 Years +,73,25,48,58,20,38,2,1,1,1,0,1,12,4,8
CROCKETT COUNTY,105,All Ages,3734,1841,1893,1313,656,657,14,8,6,41,24,17,2366,1153,1213
CROCKETT COUNTY,105,< 1 Year,52,29,23,16,8,8,0,0,0,0,0,0,36,21,15
CROCKETT COUNTY,105,1 Years,53,29,24,17,8,9,0,0,0,0,0,0,36,21,15
CROCKETT COUNTY,105,2 Years,57,30,27,15,7,8,0,0,0,1,0,1,41,23,18
CROCKETT COUNTY,105,3 Years,58,28,30,17,7,10,0,0,0,0,0,0,41,21,20
CROCKETT COUNTY,105,4 Years,67,34,33,18,9,9,0,0,0,0,0,0,49,25,24
CROCKETT COUNTY,105,5 Years,58,23,35,12,6,6,0,0,0,0,0,0,46,17,29
CROCKETT COUNTY,105,6 Years,55,27,28,11,6,5,0,0,0,1,1,0,43,20,23
CROCKETT COUNTY,105,7 Years,59,32,27,11,7,4,0,0,0,0,0,0,48,25,23
CROCKETT COUNTY,105,8 Years,58,30,28,7,5,2,0,0,0,1,1,0,50,24,26
CROCKETT COUNTY,105,9 Years,52,28,24,7,3,4,0,0,0,1,1,0,44,24,20
CROCKETT COUNTY,105,10 Years,46,26,20,7,5,2,0,0,0,1,1,0,38,20,18
CROCKETT COUNTY,105,11 Years,46,26,20,8,6,2,0,0,0,1,1,0,37,19,18
CROCKETT COUNTY,105,12 Years,48,23,25,8,2,6,0,0,0,0,0,0,40,21,19
CROCKETT COUNTY,105,13 Years,53,24,29,12,9,3,0,0,0,0,0,0,41,15,26
CROCKETT COUNTY,105,14 Years,52,23,29,11,4,7,0,0,0,0,0,0,41,19,22
CROCKETT COUNTY,105,15 Years,51,23,28,7,4,3,0,0,0,0,0,0,44,19,25
CROCKETT COUNTY,105,16 Years,50,23,27,9,4,5,0,0,0,0,0,0,41,19,22
CROCKETT COUNTY,105,17 Years,63,29,34,12,5,7,0,0,0,0,0,0,51,24,27
CROCKETT COUNTY,105,18 Years,58,30,28,15,7,8,0,0,0,1,1,0,42,22,20
CROCKETT COUNTY,105,19 Years,50,23,27,14,7,7,0,0,0,0,0,0,36,16,20
CROCKETT COUNTY,105,20 Years,36,17,19,12,5,7,0,0,0,0,0,0,24,12,12
CROCKETT COUNTY,105,21 Years,32,15,17,11,6,5,0,0,0,1,0,1,20,9,11
CROCKETT COUNTY,105,22 Years,22,13,9,7,5,2,0,0,0,0,0,0,15,8,7
CROCKETT COUNTY,105,23 Years,31,17,14,11,8,3,0,0,0,0,0,0,20,9,11
CROCKETT COUNTY,105,24 Years,36,17,19,13,9,4,0,0,0,0,0,0,23,8,15
CROCKETT COUNTY,105,25 Years,35,16,19,11,6,5,0,0,0,0,0,0,24,10,14
CROCKETT COUNTY,105,26 Years,35,18,17,11,5,6,0,0,0,0,0,0,24,13,11
CROCKETT COUNTY,105,27 Years,38,19,19,16,7,9,0,0,0,0,0,0,22,12,10
CROCKETT COUNTY,105,28 Years,40,17,23,16,7,9,0,0,0,0,0,0,24,10,14
CROCKETT COUNTY,105,29 Years,50,26,24,19,10,9,0,0,0,0,0,0,31,16,15
CROCKETT COUNTY,105,30 Years,53,31,22,21,11,10,0,0,0,0,0,0,32,20,12
CROCKETT COUNTY,105,31 Years,56,25,31,20,8,12,0,0,0,1,1,0,35,16,19
CROCKETT COUNTY,105,32 Years,40,16,24,15,7,8,0,0,0,0,0,0,25,9,16
CROCKETT COUNTY,105,33 Years,39,19,20,14,9,5,0,0,0,0,0,0,25,10,15
CROCKETT COUNTY,105,34 Years,41,19,22,9,6,3,1,0,1,0,0,0,31,13,18
CROCKETT COUNTY,105,35 Years,45,19,26,11,4,7,1,0,1,0,0,0,33,15,18
CROCKETT COUNTY,105,36 Years,34,17,17,8,4,4,0,0,0,0,0,0,26,13,13
CROCKETT COUNTY,105,37 Years,36,19,17,10,6,4,0,0,0,2,2,0,24,11,13
CROCKETT COUNTY,105,38 Years,50,23,27,15,6,9,0,0,0,1,0,1,34,17,17
CROCKETT COUNTY,105,39 Years,51,25,26,16,9,7,0,0,0,1,0,1,34,16,18
CROCKETT COUNTY,105,40 Years,49,30,19,13,8,5,0,0,0,1,0,1,35,22,13
CROCKETT COUNTY,105,41 Years,38,21,17,11,5,6,0,0,0,0,0,0,27,16,11
CROCKETT COUNTY,105,42 Years,42,23,19,13,7,6,0,0,0,0,0,0,29,16,13
CROCKETT COUNTY,105,43 Years,42,21,21,13,5,8,1,1,0,0,0,0,28,15,13
CROCKETT COUNTY,105,44 Years,42,20,22,11,7,4,1,1,0,0,0,0,30,12,18
CROCKETT COUNTY,105,45 Years,55,29,26,17,10,7,0,0,0,3,2,1,35,17,18
CROCKETT COUNTY,105,46 Years,51,24,27,22,7,15,1,1,0,3,2,1,25,14,11
CROCKETT COUNTY,105,47 Years,47,18,29,23,10,13,1,1,0,1,0,1,22,7,15
CROCKETT COUNTY,105,48 Years,53,24,29,27,12,15,0,0,0,0,0,0,26,12,14
CROCKETT COUNTY,105,49 Years,49,27,22,19,11,8,0,0,0,2,0,2,28,16,12
CROCKETT COUNTY,105,50 Years,51,26,25,25,13,12,0,0,0,1,0,1,25,13,12
CROCKETT COUNTY,105,51 Years,56,28,28,27,14,13,0,0,0,0,0,0,29,14,15
CROCKETT COUNTY,105,52 Years,57,31,26,30,15,15,0,0,0,2,2,0,25,14,11
CROCKETT COUNTY,105,53 Years,65,31,34,28,11,17,0,0,0,3,2,1,34,18,16
CROCKETT COUNTY,105,54 Years,55,28,27,24,12,12,0,0,0,1,0,1,30,16,14
CROCKETT COUNTY,105,55 Years,69,39,30,37,20,17,0,0,0,1,0,1,31,19,12
CROCKETT COUNTY,105,56 Years,71,38,33,34,16,18,0,0,0,0,0,0,37,22,15
CROCKETT COUNTY,105,57 Years,57,32,25,29,16,13,0,0,0,2,1,1,26,15,11
CROCKETT COUNTY,105,58 Years,58,26,32,22,13,9,0,0,0,1,0,1,35,13,22
CROCKETT COUNTY,105,59 Years,50,26,24,21,14,7,0,0,0,0,0,0,29,12,17
CROCKETT COUNTY,105,60 Years,43,24,19,18,9,9,0,0,0,2,2,0,23,13,10
CROCKETT COUNTY,105,61 Years,50,18,32,19,6,13,0,0,0,2,1,1,29,11,18
CROCKETT COUNTY,105,62 Years,45,23,22,23,11,12,0,0,0,1,1,0,21,11,10
CROCKETT COUNTY,105,63 Years,39,21,18,24,13,11,0,0,0,0,0,0,15,8,7
CROCKETT COUNTY,105,64 Years,47,25,22,25,15,10,1,0,1,1,1,0,20,9,11
CROCKETT COUNTY,105,65 Years,34,17,17,15,8,7,0,0,0,0,0,0,19,9,10
CROCKETT COUNTY,105,66 Years,36,17,19,21,11,10,0,0,0,0,0,0,15,6,9
CROCKETT COUNTY,105,67 Years,49,25,24,16,7,9,0,0,0,1,1,0,32,17,15
CROCKETT COUNTY,105,68 Years,42,22,20,18,9,9,0,0,0,0,0,0,24,13,11
CROCKETT COUNTY,105,69 Years,32,15,17,14,6,8,1,1,0,0,0,0,17,8,9
CROCKETT COUNTY,105,70 Years,31,10,21,14,4,10,1,0,1,0,0,0,16,6,10
CROCKETT COUNTY,105,71 Years,27,10,17,10,3,7,1,0,1,0,0,0,16,7,9
CROCKETT COUNTY,105,72 Years,23,12,11,9,5,4,1,1,0,0,0,0,13,6,7
CROCKETT COUNTY,105,73 Years,27,14,13,9,5,4,1,1,0,0,0,0,17,8,9
CROCKETT COUNTY,105,74 Years,23,13,10,15,9,6,0,0,0,0,0,0,8,4,4
CROCKETT COUNTY,105,75 Years,23,12,11,11,6,5,0,0,0,0,0,0,12,6,6
CROCKETT COUNTY,105,76 Years,24,12,12,10,3,7,0,0,0,0,0,0,14,9,5
CROCKETT COUNTY,105,77 Years,21,11,10,9,5,4,0,0,0,0,0,0,12,6,6
CROCKETT COUNTY,105,78 Years,21,10,11,11,6,5,0,0,0,0,0,0,10,4,6
CROCKETT COUNTY,105,79 Years,20,6,14,9,4,5,0,0,0,0,0,0,11,2,9
CROCKETT COUNTY,105,80 Years,23,12,11,12,7,5,0,0,0,0,0,0,11,5,6
CROCKETT COUNTY,105,81 Years,16,9,7,7,4,3,0,0,0,0,0,0,9,5,4
CROCKETT COUNTY,105,82 Years,10,6,4,7,4,3,0,0,0,0,0,0,3,2,1
CROCKETT COUNTY,105,83 Years,15,7,8,10,5,5,0,0,0,0,0,0,5,2,3
CROCKETT COUNTY,105,84 Years,10,3,7,7,3,4,0,0,0,0,0,0,3,0,3
CROCKETT COUNTY,105,85 Years +,60,17,43,24,5,19,2,1,1,0,0,0,34,11,23
CROSBY COUNTY,107,All Ages,6078,2930,3148,2573,1222,1351,197,93,104,64,33,31,3244,1582,1662
CROSBY COUNTY,107,< 1 Year,84,42,42,22,11,11,1,1,0,0,0,0,61,30,31
CROSBY COUNTY,107,1 Years,93,52,41,18,9,9,2,2,0,1,1,0,72,40,32
CROSBY COUNTY,107,2 Years,89,46,43,24,11,13,3,2,1,0,0,0,62,33,29
CROSBY COUNTY,107,3 Years,100,54,46,25,17,8,6,2,4,1,0,1,68,35,33
CROSBY COUNTY,107,4 Years,106,48,58,28,12,16,7,3,4,2,1,1,69,32,37
CROSBY COUNTY,107,5 Years,106,53,53,29,14,15,4,2,2,2,1,1,71,36,35
CROSBY COUNTY,107,6 Years,93,52,41,23,12,11,2,1,1,2,1,1,66,38,28
CROSBY COUNTY,107,7 Years,100,49,51,27,16,11,2,1,1,1,1,0,70,31,39
CROSBY COUNTY,107,8 Years,91,43,48,26,13,13,3,1,2,0,0,0,62,29,33
CROSBY COUNTY,107,9 Years,92,50,42,24,15,9,4,3,1,1,1,0,63,31,32
CROSBY COUNTY,107,10 Years,88,46,42,26,15,11,2,2,0,2,1,1,58,28,30
CROSBY COUNTY,107,11 Years,91,43,48,27,13,14,2,1,1,1,0,1,61,29,32
CROSBY COUNTY,107,12 Years,89,41,48,29,12,17,3,1,2,0,0,0,57,28,29
CROSBY COUNTY,107,13 Years,97,46,51,32,17,15,3,1,2,1,1,0,61,27,34
CROSBY COUNTY,107,14 Years,97,55,42,28,14,14,7,5,2,1,1,0,61,35,26
CROSBY COUNTY,107,15 Years,89,42,47,27,12,15,2,1,1,0,0,0,60,29,31
CROSBY COUNTY,107,16 Years,92,46,46,28,17,11,2,2,0,1,0,1,61,27,34
CROSBY COUNTY,107,17 Years,108,54,54,37,23,14,3,3,0,1,0,1,67,28,39
CROSBY COUNTY,107,18 Years,117,56,61,36,20,16,2,1,1,3,0,3,76,35,41
CROSBY COUNTY,107,19 Years,97,44,53,27,14,13,1,1,0,1,0,1,68,29,39
CROSBY COUNTY,107,20 Years,65,27,38,11,4,7,1,1,0,0,0,0,53,22,31
CROSBY COUNTY,107,21 Years,60,26,34,12,4,8,1,1,0,1,1,0,46,20,26
CROSBY COUNTY,107,22 Years,67,37,30,15,9,6,3,3,0,2,2,0,47,23,24
CROSBY COUNTY,107,23 Years,56,27,29,9,4,5,2,1,1,1,1,0,44,21,23
CROSBY COUNTY,107,24 Years,54,25,29,12,5,7,2,0,2,2,1,1,38,19,19
CROSBY COUNTY,107,25 Years,46,25,21,15,6,9,1,1,0,1,1,0,29,17,12
CROSBY COUNTY,107,26 Years,55,23,32,21,10,11,1,0,1,0,0,0,33,13,20
CROSBY COUNTY,107,27 Years,60,27,33,20,10,10,4,0,4,0,0,0,36,17,19
CROSBY COUNTY,107,28 Years,58,27,31,21,12,9,2,0,2,0,0,0,35,15,20
CROSBY COUNTY,107,29 Years,63,28,35,25,9,16,1,1,0,0,0,0,37,18,19
CROSBY COUNTY,107,30 Years,62,29,33,21,8,13,4,1,3,0,0,0,37,20,17
CROSBY COUNTY,107,31 Years,67,35,32,22,11,11,2,1,1,0,0,0,43,23,20
CROSBY COUNTY,107,32 Years,69,40,29,27,17,10,3,3,0,0,0,0,39,20,19
CROSBY COUNTY,107,33 Years,81,36,45,27,11,16,5,2,3,2,0,2,47,23,24
CROSBY COUNTY,107,34 Years,82,35,47,30,11,19,1,0,1,0,0,0,51,24,27
CROSBY COUNTY,107,35 Years,68,35,33,29,15,14,0,0,0,0,0,0,39,20,19
CROSBY COUNTY,107,36 Years,62,33,29,24,11,13,2,1,1,1,1,0,35,20,15
CROSBY COUNTY,107,37 Years,55,28,27,23,13,10,1,1,0,1,1,0,30,13,17
CROSBY COUNTY,107,38 Years,72,37,35,28,13,15,2,1,1,2,1,1,40,22,18
CROSBY COUNTY,107,39 Years,66,31,35,28,13,15,1,1,0,0,0,0,37,17,20
CROSBY COUNTY,107,40 Years,72,35,37,29,14,15,3,1,2,0,0,0,40,20,20
CROSBY COUNTY,107,41 Years,67,31,36,26,12,14,3,0,3,1,0,1,37,19,18
CROSBY COUNTY,107,42 Years,59,25,34,21,10,11,1,0,1,0,0,0,37,15,22
CROSBY COUNTY,107,43 Years,72,35,37,34,18,16,0,0,0,0,0,0,38,17,21
CROSBY COUNTY,107,44 Years,65,31,34,22,12,10,2,2,0,1,0,1,40,17,23
CROSBY COUNTY,107,45 Years,72,41,31,22,13,9,5,3,2,1,0,1,44,25,19
CROSBY COUNTY,107,46 Years,73,35,38,34,17,17,2,1,1,2,0,2,35,17,18
CROSBY COUNTY,107,47 Years,61,30,31,32,16,16,1,1,0,0,0,0,28,13,15
CROSBY COUNTY,107,48 Years,67,27,40,35,14,21,1,1,0,2,1,1,29,11,18
CROSBY COUNTY,107,49 Years,76,34,42,33,17,16,3,0,3,1,0,1,39,17,22
CROSBY COUNTY,107,50 Years,75,40,35,37,21,16,2,1,1,0,0,0,36,18,18
CROSBY COUNTY,107,51 Years,94,45,49,46,20,26,3,2,1,0,0,0,45,23,22
CROSBY COUNTY,107,52 Years,76,34,42,39,14,25,2,1,1,0,0,0,35,19,16
CROSBY COUNTY,107,53 Years,79,35,44,41,17,24,4,2,2,1,1,0,33,15,18
CROSBY COUNTY,107,54 Years,87,44,43,44,21,23,3,1,2,1,1,0,39,21,18
CROSBY COUNTY,107,55 Years,90,44,46,51,28,23,2,1,1,1,0,1,36,15,21
CROSBY COUNTY,107,56 Years,68,33,35,36,16,20,0,0,0,2,1,1,30,16,14
CROSBY COUNTY,107,57 Years,78,34,44,39,15,24,1,1,0,1,1,0,37,17,20
CROSBY COUNTY,107,58 Years,75,38,37,41,21,20,3,1,2,2,1,1,29,15,14
CROSBY COUNTY,107,59 Years,76,41,35,38,19,19,3,1,2,1,0,1,34,21,13
CROSBY COUNTY,107,60 Years,76,41,35,44,22,22,1,0,1,1,0,1,30,19,11
CROSBY COUNTY,107,61 Years,61,30,31,40,19,21,0,0,0,0,0,0,21,11,10
CROSBY COUNTY,107,62 Years,74,37,37,43,20,23,2,1,1,1,0,1,28,16,12
CROSBY COUNTY,107,63 Years,77,31,46,43,19,24,2,0,2,1,0,1,31,12,19
CROSBY COUNTY,107,64 Years,52,26,26,28,15,13,3,1,2,0,0,0,21,10,11
CROSBY COUNTY,107,65 Years,58,33,25,30,16,14,3,1,2,1,1,0,24,15,9
CROSBY COUNTY,107,66 Years,72,32,40,35,16,19,2,0,2,3,3,0,32,13,19
CROSBY COUNTY,107,67 Years,63,29,34,39,19,20,0,0,0,2,2,0,22,8,14
CROSBY COUNTY,107,68 Years,69,31,38,40,17,23,3,1,2,1,0,1,25,13,12
CROSBY COUNTY,107,69 Years,62,33,29,41,21,20,3,1,2,0,0,0,18,11,7
CROSBY COUNTY,107,70 Years,57,26,31,37,19,18,2,0,2,0,0,0,18,7,11
CROSBY COUNTY,107,71 Years,56,26,30,37,16,21,0,0,0,1,1,0,18,9,9
CROSBY COUNTY,107,72 Years,51,21,30,38,14,24,1,1,0,1,1,0,11,5,6
CROSBY COUNTY,107,73 Years,42,18,24,31,12,19,1,1,0,1,1,0,9,4,5
CROSBY COUNTY,107,74 Years,51,23,28,33,15,18,3,2,1,0,0,0,15,6,9
CROSBY COUNTY,107,75 Years,45,22,23,29,14,15,1,1,0,0,0,0,15,7,8
CROSBY COUNTY,107,76 Years,43,23,20,32,18,14,2,0,2,0,0,0,9,5,4
CROSBY COUNTY,107,77 Years,41,23,18,25,14,11,3,1,2,0,0,0,13,8,5
CROSBY COUNTY,107,78 Years,36,15,21,23,11,12,4,1,3,0,0,0,9,3,6
CROSBY COUNTY,107,79 Years,43,16,27,28,10,18,4,0,4,0,0,0,11,6,5
CROSBY COUNTY,107,80 Years,37,14,23,25,9,16,3,2,1,0,0,0,9,3,6
CROSBY COUNTY,107,81 Years,32,15,17,23,10,13,1,1,0,0,0,0,8,4,4
CROSBY COUNTY,107,82 Years,21,10,11,14,6,8,0,0,0,0,0,0,7,4,3
CROSBY COUNTY,107,83 Years,26,9,17,20,6,14,3,1,2,0,0,0,3,2,1
CROSBY COUNTY,107,84 Years,25,9,16,20,7,13,2,0,2,0,0,0,3,2,1
CROSBY COUNTY,107,85 Years +,139,52,87,112,39,73,4,2,2,0,0,0,23,11,12
CULBERSON COUNTY,109,All Ages,2393,1174,1219,497,265,232,6,4,2,64,37,27,1826,868,958
CULBERSON COUNTY,109,< 1 Year,33,17,16,4,2,2,0,0,0,2,1,1,27,14,13
CULBERSON COUNTY,109,1 Years,32,12,20,4,2,2,0,0,0,1,1,0,27,9,18
CULBERSON COUNTY,109,2 Years,39,18,21,6,4,2,0,0,0,0,0,0,33,14,19
CULBERSON COUNTY,109,3 Years,43,26,17,4,2,2,0,0,0,0,0,0,39,24,15
CULBERSON COUNTY,109,4 Years,30,19,11,3,1,2,0,0,0,0,0,0,27,18,9
CULBERSON COUNTY,109,5 Years,33,14,19,5,2,3,0,0,0,0,0,0,28,12,16
CULBERSON COUNTY,109,6 Years,32,12,20,3,1,2,0,0,0,0,0,0,29,11,18
CULBERSON COUNTY,109,7 Years,31,18,13,1,0,1,0,0,0,0,0,0,30,18,12
CULBERSON COUNTY,109,8 Years,40,21,19,5,4,1,0,0,0,1,0,1,34,17,17
CULBERSON COUNTY,109,9 Years,34,18,16,4,3,1,0,0,0,1,0,1,29,15,14
CULBERSON COUNTY,109,10 Years,39,22,17,6,4,2,0,0,0,0,0,0,33,18,15
CULBERSON COUNTY,109,11 Years,37,19,18,6,3,3,0,0,0,0,0,0,31,16,15
CULBERSON COUNTY,109,12 Years,33,18,15,5,3,2,0,0,0,1,1,0,27,14,13
CULBERSON COUNTY,109,13 Years,38,20,18,6,3,3,0,0,0,2,2,0,30,15,15
CULBERSON COUNTY,109,14 Years,36,17,19,9,4,5,0,0,0,2,2,0,25,11,14
CULBERSON COUNTY,109,15 Years,38,21,17,5,2,3,0,0,0,1,1,0,32,18,14
CULBERSON COUNTY,109,16 Years,42,19,23,8,2,6,0,0,0,2,1,1,32,16,16
CULBERSON COUNTY,109,17 Years,39,20,19,5,3,2,0,0,0,2,1,1,32,16,16
CULBERSON COUNTY,109,18 Years,41,23,18,3,2,1,0,0,0,3,2,1,35,19,16
CULBERSON COUNTY,109,19 Years,36,16,20,6,3,3,0,0,0,1,1,0,29,12,17
CULBERSON COUNTY,109,20 Years,27,11,16,3,1,2,0,0,0,0,0,0,24,10,14
CULBERSON COUNTY,109,21 Years,35,19,16,4,1,3,0,0,0,3,2,1,28,16,12
CULBERSON COUNTY,109,22 Years,34,15,19,5,3,2,0,0,0,1,0,1,28,12,16
CULBERSON COUNTY,109,23 Years,26,15,11,3,2,1,0,0,0,1,1,0,22,12,10
CULBERSON COUNTY,109,24 Years,26,18,8,5,4,1,1,1,0,1,1,0,19,12,7
CULBERSON COUNTY,109,25 Years,25,11,14,6,2,4,1,1,0,0,0,0,18,8,10
CULBERSON COUNTY,109,26 Years,22,9,13,8,5,3,0,0,0,1,0,1,13,4,9
CULBERSON COUNTY,109,27 Years,18,10,8,5,4,1,1,1,0,0,0,0,12,5,7
CULBERSON COUNTY,109,28 Years,23,11,12,4,3,1,0,0,0,1,1,0,18,7,11
CULBERSON COUNTY,109,29 Years,30,18,12,5,4,1,0,0,0,1,1,0,24,13,11
CULBERSON COUNTY,109,30 Years,28,12,16,6,4,2,0,0,0,2,1,1,20,7,13
CULBERSON COUNTY,109,31 Years,28,12,16,5,2,3,0,0,0,1,0,1,22,10,12
CULBERSON COUNTY,109,32 Years,22,12,10,2,1,1,0,0,0,1,0,1,19,11,8
CULBERSON COUNTY,109,33 Years,25,9,16,5,2,3,0,0,0,1,0,1,19,7,12
CULBERSON COUNTY,109,34 Years,26,15,11,6,3,3,0,0,0,0,0,0,20,12,8
CULBERSON COUNTY,109,35 Years,20,13,7,6,3,3,0,0,0,1,1,0,13,9,4
CULBERSON COUNTY,109,36 Years,22,10,12,4,2,2,0,0,0,1,0,1,17,8,9
CULBERSON COUNTY,109,37 Years,28,8,20,6,2,4,0,0,0,1,0,1,21,6,15
CULBERSON COUNTY,109,38 Years,27,14,13,4,2,2,0,0,0,0,0,0,23,12,11
CULBERSON COUNTY,109,39 Years,30,15,15,5,4,1,0,0,0,0,0,0,25,11,14
CULBERSON COUNTY,109,40 Years,28,15,13,6,4,2,0,0,0,0,0,0,22,11,11
CULBERSON COUNTY,109,41 Years,26,13,13,7,5,2,1,1,0,1,0,1,17,7,10
CULBERSON COUNTY,109,42 Years,26,9,17,3,2,1,1,0,1,0,0,0,22,7,15
CULBERSON COUNTY,109,43 Years,30,14,16,3,3,0,0,0,0,1,0,1,26,11,15
CULBERSON COUNTY,109,44 Years,32,14,18,5,3,2,0,0,0,1,0,1,26,11,15
CULBERSON COUNTY,109,45 Years,33,15,18,8,5,3,0,0,0,1,0,1,24,10,14
CULBERSON COUNTY,109,46 Years,35,17,18,8,3,5,0,0,0,1,1,0,26,13,13
CULBERSON COUNTY,109,47 Years,30,13,17,6,3,3,0,0,0,0,0,0,24,10,14
CULBERSON COUNTY,109,48 Years,27,10,17,6,2,4,0,0,0,1,0,1,20,8,12
CULBERSON COUNTY,109,49 Years,35,20,15,8,5,3,0,0,0,2,1,1,25,14,11
CULBERSON COUNTY,109,50 Years,36,19,17,4,2,2,0,0,0,0,0,0,32,17,15
CULBERSON COUNTY,109,51 Years,29,12,17,5,2,3,0,0,0,0,0,0,24,10,14
CULBERSON COUNTY,109,52 Years,28,15,13,7,4,3,0,0,0,0,0,0,21,11,10
CULBERSON COUNTY,109,53 Years,37,19,18,11,4,7,0,0,0,1,1,0,25,14,11
CULBERSON COUNTY,109,54 Years,34,16,18,8,2,6,0,0,0,1,0,1,25,14,11
CULBERSON COUNTY,109,55 Years,32,16,16,8,4,4,0,0,0,0,0,0,24,12,12
CULBERSON COUNTY,109,56 Years,37,17,20,10,6,4,0,0,0,1,1,0,26,10,16
CULBERSON COUNTY,109,57 Years,27,12,15,9,5,4,0,0,0,1,1,0,17,6,11
CULBERSON COUNTY,109,58 Years,30,13,17,10,5,5,0,0,0,3,2,1,17,6,11
CULBERSON COUNTY,109,59 Years,35,16,19,11,5,6,0,0,0,1,1,0,23,10,13
CULBERSON COUNTY,109,60 Years,31,13,18,7,2,5,0,0,0,1,0,1,23,11,12
CULBERSON COUNTY,109,61 Years,31,15,16,9,4,5,0,0,0,1,0,1,21,11,10
CULBERSON COUNTY,109,62 Years,31,16,15,9,5,4,0,0,0,1,1,0,21,10,11
CULBERSON COUNTY,109,63 Years,29,14,15,7,5,2,0,0,0,0,0,0,22,9,13
CULBERSON COUNTY,109,64 Years,27,10,17,6,4,2,0,0,0,2,1,1,19,5,14
CULBERSON COUNTY,109,65 Years,25,9,16,6,3,3,0,0,0,0,0,0,19,6,13
CULBERSON COUNTY,109,66 Years,24,10,14,7,3,4,0,0,0,0,0,0,17,7,10
CULBERSON COUNTY,109,67 Years,29,19,10,12,8,4,0,0,0,1,1,0,16,10,6
CULBERSON COUNTY,109,68 Years,22,12,10,7,5,2,0,0,0,1,1,0,14,6,8
CULBERSON COUNTY,109,69 Years,19,11,8,7,3,4,0,0,0,0,0,0,12,8,4
CULBERSON COUNTY,109,70 Years,22,11,11,7,2,5,0,0,0,0,0,0,15,9,6
CULBERSON COUNTY,109,71 Years,13,4,9,4,1,3,0,0,0,0,0,0,9,3,6
CULBERSON COUNTY,109,72 Years,18,12,6,6,5,1,1,0,1,0,0,0,11,7,4
CULBERSON COUNTY,109,73 Years,17,9,8,4,3,1,0,0,0,1,1,0,12,5,7
CULBERSON COUNTY,109,74 Years,21,9,12,9,3,6,0,0,0,1,1,0,11,5,6
CULBERSON COUNTY,109,75 Years,17,6,11,7,2,5,0,0,0,0,0,0,10,4,6
CULBERSON COUNTY,109,76 Years,15,8,7,2,1,1,0,0,0,0,0,0,13,7,6
CULBERSON COUNTY,109,77 Years,12,5,7,1,1,0,0,0,0,2,1,1,9,3,6
CULBERSON COUNTY,109,78 Years,9,3,6,3,1,2,0,0,0,1,1,0,5,1,4
CULBERSON COUNTY,109,79 Years,15,8,7,5,5,0,0,0,0,0,0,0,10,3,7
CULBERSON COUNTY,109,80 Years,13,5,8,5,3,2,0,0,0,0,0,0,8,2,6
CULBERSON COUNTY,109,81 Years,12,9,3,5,4,1,0,0,0,0,0,0,7,5,2
CULBERSON COUNTY,109,82 Years,14,9,5,5,4,1,0,0,0,0,0,0,9,5,4
CULBERSON COUNTY,109,83 Years,13,7,6,6,2,4,0,0,0,0,0,0,7,5,2
CULBERSON COUNTY,109,84 Years,8,5,3,4,2,2,0,0,0,0,0,0,4,3,1
CULBERSON COUNTY,109,85 Years +,31,13,18,9,6,3,0,0,0,0,0,0,22,7,15
DALLAM COUNTY,111,All Ages,6868,3565,3303,3777,1927,1850,84,44,40,185,100,85,2822,1494,1328
DALLAM COUNTY,111,< 1 Year,123,65,58,61,31,30,2,2,0,2,1,1,58,31,27
DALLAM COUNTY,111,1 Years,122,62,60,59,30,29,0,0,0,5,3,2,58,29,29
DALLAM COUNTY,111,2 Years,122,65,57,59,32,27,0,0,0,2,0,2,61,33,28
DALLAM COUNTY,111,3 Years,124,68,56,56,28,28,1,0,1,5,3,2,62,37,25
DALLAM COUNTY,111,4 Years,123,61,62,52,26,26,0,0,0,6,3,3,65,32,33
DALLAM COUNTY,111,5 Years,133,66,67,58,29,29,3,2,1,5,2,3,67,33,34
DALLAM COUNTY,111,6 Years,113,59,54,54,30,24,1,0,1,8,3,5,50,26,24
DALLAM COUNTY,111,7 Years,119,66,53,46,25,21,1,0,1,8,5,3,64,36,28
DALLAM COUNTY,111,8 Years,124,67,57,55,31,24,1,0,1,6,4,2,62,32,30
DALLAM COUNTY,111,9 Years,111,61,50,46,26,20,1,0,1,2,1,1,62,34,28
DALLAM COUNTY,111,10 Years,102,52,50,41,21,20,1,0,1,2,0,2,58,31,27
DALLAM COUNTY,111,11 Years,111,53,58,54,23,31,1,1,0,3,1,2,53,28,25
DALLAM COUNTY,111,12 Years,113,55,58,44,24,20,2,0,2,6,3,3,61,28,33
DALLAM COUNTY,111,13 Years,99,54,45,38,21,17,1,0,1,5,3,2,55,30,25
DALLAM COUNTY,111,14 Years,99,52,47,43,20,23,1,1,0,2,1,1,53,30,23
DALLAM COUNTY,111,15 Years,100,52,48,48,23,25,1,0,1,2,1,1,49,28,21
DALLAM COUNTY,111,16 Years,100,51,49,41,21,20,2,0,2,1,1,0,56,29,27
DALLAM COUNTY,111,17 Years,100,49,51,47,26,21,2,2,0,1,1,0,50,20,30
DALLAM COUNTY,111,18 Years,106,53,53,51,25,26,1,1,0,4,3,1,50,24,26
DALLAM COUNTY,111,19 Years,91,46,45,48,24,24,1,0,1,2,1,1,40,21,19
DALLAM COUNTY,111,20 Years,89,46,43,43,21,22,2,0,2,0,0,0,44,25,19
DALLAM COUNTY,111,21 Years,85,44,41,34,17,17,1,0,1,1,1,0,49,26,23
DALLAM COUNTY,111,22 Years,86,53,33,39,22,17,2,1,1,1,1,0,44,29,15
DALLAM COUNTY,111,23 Years,91,50,41,49,26,23,1,0,1,2,2,0,39,22,17
DALLAM COUNTY,111,24 Years,81,40,41,44,22,22,1,0,1,2,1,1,34,17,17
DALLAM COUNTY,111,25 Years,106,53,53,58,26,32,1,1,0,3,2,1,44,24,20
DALLAM COUNTY,111,26 Years,111,61,50,65,35,30,2,1,1,5,3,2,39,22,17
DALLAM COUNTY,111,27 Years,112,61,51,65,34,31,1,0,1,3,3,0,43,24,19
DALLAM COUNTY,111,28 Years,108,59,49,63,33,30,1,1,0,1,1,0,43,24,19
DALLAM COUNTY,111,29 Years,95,57,38,52,29,23,1,1,0,3,1,2,39,26,13
DALLAM COUNTY,111,30 Years,96,56,40,53,31,22,0,0,0,2,1,1,41,24,17
DALLAM COUNTY,111,31 Years,105,66,39,52,35,17,2,2,0,5,2,3,46,27,19
DALLAM COUNTY,111,32 Years,87,47,40,46,24,22,2,2,0,2,1,1,37,20,17
DALLAM COUNTY,111,33 Years,86,43,43,39,19,20,1,0,1,2,1,1,44,23,21
DALLAM COUNTY,111,34 Years,76,35,41,35,13,22,2,2,0,5,3,2,34,17,17
DALLAM COUNTY,111,35 Years,81,42,39,32,16,16,2,1,1,2,1,1,45,24,21
DALLAM COUNTY,111,36 Years,93,50,43,44,25,19,1,0,1,2,0,2,46,25,21
DALLAM COUNTY,111,37 Years,100,44,56,52,23,29,2,1,1,3,1,2,43,19,24
DALLAM COUNTY,111,38 Years,103,54,49,53,30,23,0,0,0,3,2,1,47,22,25
DALLAM COUNTY,111,39 Years,96,44,52,53,25,28,0,0,0,3,1,2,40,18,22
DALLAM COUNTY,111,40 Years,95,47,48,52,22,30,0,0,0,3,2,1,40,23,17
DALLAM COUNTY,111,41 Years,87,47,40,48,26,22,0,0,0,2,1,1,37,20,17
DALLAM COUNTY,111,42 Years,89,55,34,50,29,21,1,1,0,1,1,0,37,24,13
DALLAM COUNTY,111,43 Years,95,48,47,54,29,25,1,1,0,1,1,0,39,17,22
DALLAM COUNTY,111,44 Years,88,43,45,48,25,23,0,0,0,3,2,1,37,16,21
DALLAM COUNTY,111,45 Years,90,45,45,47,21,26,0,0,0,3,2,1,40,22,18
DALLAM COUNTY,111,46 Years,97,55,42,56,29,27,2,2,0,1,1,0,38,23,15
DALLAM COUNTY,111,47 Years,90,49,41,54,27,27,2,2,0,4,2,2,30,18,12
DALLAM COUNTY,111,48 Years,107,59,48,61,32,29,3,3,0,1,0,1,42,24,18
DALLAM COUNTY,111,49 Years,109,58,51,68,37,31,1,0,1,3,1,2,37,20,17
DALLAM COUNTY,111,50 Years,83,42,41,48,23,25,1,1,0,3,2,1,31,16,15
DALLAM COUNTY,111,51 Years,80,42,38,48,23,25,1,0,1,2,1,1,29,18,11
DALLAM COUNTY,111,52 Years,83,41,42,56,32,24,0,0,0,2,1,1,25,8,17
DALLAM COUNTY,111,53 Years,78,41,37,55,33,22,1,1,0,2,0,2,20,7,13
DALLAM COUNTY,111,54 Years,82,36,46,54,24,30,1,1,0,2,1,1,25,10,15
DALLAM COUNTY,111,55 Years,71,36,35,47,24,23,0,0,0,0,0,0,24,12,12
DALLAM COUNTY,111,56 Years,66,37,29,42,23,19,3,2,1,2,1,1,19,11,8
DALLAM COUNTY,111,57 Years,86,48,38,62,32,30,2,2,0,2,0,2,20,14,6
DALLAM COUNTY,111,58 Years,91,55,36,66,40,26,3,1,2,1,1,0,21,13,8
DALLAM COUNTY,111,59 Years,71,41,30,52,29,23,2,1,1,1,1,0,16,10,6
DALLAM COUNTY,111,60 Years,69,38,31,49,27,22,1,1,0,1,0,1,18,10,8
DALLAM COUNTY,111,61 Years,78,41,37,55,30,25,1,0,1,1,1,0,21,10,11
DALLAM COUNTY,111,62 Years,72,36,36,52,27,25,0,0,0,0,0,0,20,9,11
DALLAM COUNTY,111,63 Years,67,31,36,48,22,26,0,0,0,0,0,0,19,9,10
DALLAM COUNTY,111,64 Years,63,34,29,42,22,20,0,0,0,3,1,2,18,11,7
DALLAM COUNTY,111,65 Years,44,23,21,28,13,15,2,1,1,1,1,0,13,8,5
DALLAM COUNTY,111,66 Years,44,22,22,33,17,16,1,0,1,0,0,0,10,5,5
DALLAM COUNTY,111,67 Years,45,21,24,32,16,16,2,0,2,0,0,0,11,5,6
DALLAM COUNTY,111,68 Years,44,18,26,32,12,20,1,0,1,0,0,0,11,6,5
DALLAM COUNTY,111,69 Years,45,25,20,30,15,15,0,0,0,1,1,0,14,9,5
DALLAM COUNTY,111,70 Years,45,25,20,33,18,15,1,1,0,1,1,0,10,5,5
DALLAM COUNTY,111,71 Years,38,19,19,27,14,13,1,0,1,1,1,0,9,4,5
DALLAM COUNTY,111,72 Years,30,16,14,23,11,12,0,0,0,1,1,0,6,4,2
DALLAM COUNTY,111,73 Years,31,12,19,23,7,16,0,0,0,1,1,0,7,4,3
DALLAM COUNTY,111,74 Years,32,14,18,28,12,16,0,0,0,0,0,0,4,2,2
DALLAM COUNTY,111,75 Years,29,10,19,24,9,15,0,0,0,0,0,0,5,1,4
DALLAM COUNTY,111,76 Years,19,11,8,13,9,4,0,0,0,0,0,0,6,2,4
DALLAM COUNTY,111,77 Years,19,12,7,14,8,6,1,1,0,1,1,0,3,2,1
DALLAM COUNTY,111,78 Years,22,12,10,15,8,7,0,0,0,1,1,0,6,3,3
DALLAM COUNTY,111,79 Years,17,7,10,12,5,7,0,0,0,1,1,0,4,1,3
DALLAM COUNTY,111,80 Years,14,5,9,12,5,7,0,0,0,0,0,0,2,0,2
DALLAM COUNTY,111,81 Years,24,8,16,20,8,12,0,0,0,1,0,1,3,0,3
DALLAM COUNTY,111,82 Years,22,6,16,16,4,12,0,0,0,1,0,1,5,2,3
DALLAM COUNTY,111,83 Years,14,3,11,11,2,9,0,0,0,1,0,1,2,1,1
DALLAM COUNTY,111,84 Years,15,6,9,14,5,9,0,0,0,0,0,0,1,1,0
DALLAM COUNTY,111,85 Years +,66,23,43,51,19,32,1,0,1,2,0,2,12,4,8
DALLAS COUNTY,113,All Ages,2403579,1189476,1214103,768545,375919,392626,528032,243896,284136,165794,81719,84075,941208,487942,453266
DALLAS COUNTY,113,< 1 Year,39362,20053,19309,7108,3620,3488,7659,3902,3757,2804,1431,1373,21791,11100,10691
DALLAS COUNTY,113,1 Years,39470,20140,19330,7512,3872,3640,8158,4179,3979,2819,1458,1361,20981,10631,10350
DALLAS COUNTY,113,2 Years,38228,19499,18729,6908,3528,3380,7869,3994,3875,2947,1499,1448,20504,10478,10026
DALLAS COUNTY,113,3 Years,39053,20020,19033,6937,3516,3421,8096,4161,3935,2992,1515,1477,21028,10828,10200
DALLAS COUNTY,113,4 Years,38989,20044,18945,6860,3549,3311,8199,4232,3967,2847,1418,1429,21083,10845,10238
DALLAS COUNTY,113,5 Years,38374,19624,18750,6691,3466,3225,8257,4207,4050,2764,1395,1369,20662,10556,10106
DALLAS COUNTY,113,6 Years,37566,19172,18394,6620,3418,3202,8111,4112,3999,2631,1339,1292,20204,10303,9901
DALLAS COUNTY,113,7 Years,36800,18773,18027,6534,3363,3171,8020,4024,3996,2615,1355,1260,19631,10031,9600
DALLAS COUNTY,113,8 Years,36150,18439,17711,6368,3300,3068,7973,4011,3962,2558,1306,1252,19251,9822,9429
DALLAS COUNTY,113,9 Years,36499,18656,17843,6396,3307,3089,8174,4138,4036,2372,1200,1172,19557,10011,9546
DALLAS COUNTY,113,10 Years,36726,18843,17883,6539,3424,3115,8266,4235,4031,2439,1228,1211,19482,9956,9526
DALLAS COUNTY,113,11 Years,36272,18513,17759,6598,3412,3186,8490,4277,4213,2299,1159,1140,18885,9665,9220
DALLAS COUNTY,113,12 Years,35147,17848,17299,6624,3420,3204,8305,4187,4118,2166,1092,1074,18052,9149,8903
DALLAS COUNTY,113,13 Years,34415,17555,16860,6679,3451,3228,8265,4221,4044,2115,1075,1040,17356,8808,8548
DALLAS COUNTY,113,14 Years,34228,17429,16799,6956,3581,3375,8282,4167,4115,2056,1027,1029,16934,8654,8280
DALLAS COUNTY,113,15 Years,34171,17407,16764,7012,3582,3430,8322,4254,4068,2099,1067,1032,16738,8504,8234
DALLAS COUNTY,113,16 Years,34581,17790,16791,7228,3728,3500,8651,4397,4254,2149,1105,1044,16553,8560,7993
DALLAS COUNTY,113,17 Years,34699,17802,16897,7449,3836,3613,8695,4380,4315,2162,1082,1080,16393,8504,7889
DALLAS COUNTY,113,18 Years,34168,17538,16630,7257,3738,3519,8662,4344,4318,1982,984,998,16267,8472,7795
DALLAS COUNTY,113,19 Years,32134,16593,15541,6894,3529,3365,7867,3996,3871,1821,912,909,15552,8156,7396
DALLAS COUNTY,113,20 Years,31580,16313,15267,6863,3497,3366,7488,3745,3743,1832,950,882,15397,8121,7276
DALLAS COUNTY,113,21 Years,32122,16632,15490,7269,3707,3562,7358,3578,3780,1974,1015,959,15521,8332,7189
DALLAS COUNTY,113,22 Years,32613,16809,15804,7650,3737,3913,7270,3490,3780,2133,1069,1064,15560,8513,7047
DALLAS COUNTY,113,23 Years,34708,17806,16902,8967,4305,4662,7265,3442,3823,2358,1225,1133,16118,8834,7284
DALLAS COUNTY,113,24 Years,37037,18735,18302,10476,4952,5524,7295,3417,3878,2607,1266,1341,16659,9100,7559
DALLAS COUNTY,113,25 Years,39250,19678,19572,11851,5638,6213,7481,3396,4085,2930,1428,1502,16988,9216,7772
DALLAS COUNTY,113,26 Years,39995,20047,19948,12529,5983,6546,7459,3375,4084,3086,1556,1530,16921,9133,7788
DALLAS COUNTY,113,27 Years,39810,19946,19864,12321,6086,6235,7436,3350,4086,3359,1600,1759,16694,8910,7784
DALLAS COUNTY,113,28 Years,40965,20478,20487,12359,6216,6143,7666,3408,4258,3625,1713,1912,17315,9141,8174
DALLAS COUNTY,113,29 Years,40644,20485,20159,12053,6075,5978,7627,3416,4211,3674,1765,1909,17290,9229,8061
DALLAS COUNTY,113,30 Years,40663,20416,20247,11730,5938,5792,7943,3507,4436,3535,1673,1862,17455,9298,8157
DALLAS COUNTY,113,31 Years,41015,20647,20368,11323,5825,5498,8247,3577,4670,3637,1781,1856,17808,9464,8344
DALLAS COUNTY,113,32 Years,38545,19435,19110,10392,5355,5037,7925,3449,4476,3391,1692,1699,16837,8939,7898
DALLAS COUNTY,113,33 Years,37617,18930,18687,9976,5121,4855,7648,3309,4339,3162,1566,1596,16831,8934,7897
DALLAS COUNTY,113,34 Years,36500,18258,18242,9538,4962,4576,7616,3283,4333,3067,1521,1546,16279,8492,7787
DALLAS COUNTY,113,35 Years,35901,17776,18125,9189,4761,4428,7457,3191,4266,3166,1566,1600,16089,8258,7831
DALLAS COUNTY,113,36 Years,36490,18244,18246,9301,4821,4480,7613,3325,4288,3171,1600,1571,16405,8498,7907
DALLAS COUNTY,113,37 Years,35100,17451,17649,9007,4635,4372,7560,3274,4286,2983,1519,1464,15550,8023,7527
DALLAS COUNTY,113,38 Years,34598,17274,17324,9116,4746,4370,7632,3344,4288,2873,1454,1419,14977,7730,7247
DALLAS COUNTY,113,39 Years,35051,17484,17567,9582,4958,4624,7903,3492,4411,2756,1422,1334,14810,7612,7198
DALLAS COUNTY,113,40 Years,35375,17533,17842,10380,5378,5002,8240,3611,4629,2717,1398,1319,14038,7146,6892
DALLAS COUNTY,113,41 Years,35529,17710,17819,10660,5529,5131,8166,3589,4577,2613,1311,1302,14090,7281,6809
DALLAS COUNTY,113,42 Years,33455,16923,16532,10212,5293,4919,7633,3456,4177,2435,1249,1186,13175,6925,6250
DALLAS COUNTY,113,43 Years,32343,16277,16066,9922,5099,4823,7659,3458,4201,2316,1189,1127,12446,6531,5915
DALLAS COUNTY,113,44 Years,31531,15843,15688,9924,5132,4792,7553,3383,4170,2043,996,1047,12011,6332,5679
DALLAS COUNTY,113,45 Years,31567,15849,15718,10088,5190,4898,7805,3469,4336,2000,992,1008,11674,6198,5476
DALLAS COUNTY,113,46 Years,32895,16619,16276,11107,5759,5348,8278,3707,4571,2108,1046,1062,11402,6107,5295
DALLAS COUNTY,113,47 Years,32870,16563,16307,11921,6073,5848,8162,3649,4513,2120,1065,1055,10667,5776,4891
DALLAS COUNTY,113,48 Years,32680,16248,16432,12643,6411,6232,8042,3571,4471,2051,1006,1045,9944,5260,4684
DALLAS COUNTY,113,49 Years,32379,16026,16353,13183,6587,6596,7953,3600,4353,1896,913,983,9347,4926,4421
DALLAS COUNTY,113,50 Years,32365,16064,16301,13392,6692,6700,7988,3633,4355,1930,942,988,9055,4797,4258
DALLAS COUNTY,113,51 Years,32532,16224,16308,13707,6835,6872,8008,3701,4307,1969,949,1020,8848,4739,4109
DALLAS COUNTY,113,52 Years,31193,15423,15770,13589,6812,6777,7617,3472,4145,1850,861,989,8137,4278,3859
DALLAS COUNTY,113,53 Years,30398,14974,15424,13698,6855,6843,7411,3390,4021,1858,877,981,7431,3852,3579
DALLAS COUNTY,113,54 Years,29632,14451,15181,13553,6697,6856,7218,3255,3963,1870,889,981,6991,3610,3381
DALLAS COUNTY,113,55 Years,28684,14055,14629,13417,6702,6715,6835,3088,3747,1767,834,933,6665,3431,3234
DALLAS COUNTY,113,56 Years,27662,13529,14133,13334,6606,6728,6466,2923,3543,1665,788,877,6197,3212,2985
DALLAS COUNTY,113,57 Years,25622,12282,13340,12709,6129,6580,5841,2611,3230,1594,749,845,5478,2793,2685
DALLAS COUNTY,113,58 Years,24765,11827,12938,12503,6048,6455,5559,2468,3091,1656,760,896,5047,2551,2496
DALLAS COUNTY,113,59 Years,23533,11096,12437,11976,5747,6229,5361,2307,3054,1497,704,793,4699,2338,2361
DALLAS COUNTY,113,60 Years,22519,10630,11889,11292,5436,5856,5268,2239,3029,1475,689,786,4484,2266,2218
DALLAS COUNTY,113,61 Years,21673,10189,11484,11032,5279,5753,5018,2160,2858,1478,684,794,4145,2066,2079
DALLAS COUNTY,113,62 Years,20756,9775,10981,10762,5129,5633,4829,2107,2722,1343,624,719,3822,1915,1907
DALLAS COUNTY,113,63 Years,20388,9507,10881,11082,5246,5836,4592,2009,2583,1220,570,650,3494,1682,1812
DALLAS COUNTY,113,64 Years,19681,9179,10502,11276,5385,5891,4033,1747,2286,1141,529,612,3231,1518,1713
DALLAS COUNTY,113,65 Years,16241,7545,8696,8850,4184,4666,3449,1484,1965,1004,472,532,2938,1405,1533
DALLAS COUNTY,113,66 Years,15119,6926,8193,8137,3771,4366,3326,1381,1945,1020,481,539,2636,1293,1343
DALLAS COUNTY,113,67 Years,14583,6742,7841,8101,3844,4257,3050,1291,1759,953,446,507,2479,1161,1318
DALLAS COUNTY,113,68 Years,13836,6326,7510,7924,3690,4234,2864,1210,1654,862,417,445,2186,1009,1177
DALLAS COUNTY,113,69 Years,12363,5564,6799,7087,3232,3855,2607,1086,1521,739,342,397,1930,904,1026
DALLAS COUNTY,113,70 Years,11496,5126,6370,6566,2982,3584,2421,970,1451,667,309,358,1842,865,977
DALLAS COUNTY,113,71 Years,10642,4714,5928,6104,2744,3360,2198,891,1307,626,294,332,1714,785,929
DALLAS COUNTY,113,72 Years,9958,4426,5532,5861,2653,3208,1979,809,1170,583,277,306,1535,687,848
DALLAS COUNTY,113,73 Years,9347,4166,5181,5579,2519,3060,1804,742,1062,532,258,274,1432,647,785
DALLAS COUNTY,113,74 Years,8692,3782,4910,5190,2283,2907,1699,680,1019,508,236,272,1295,583,712
DALLAS COUNTY,113,75 Years,8280,3548,4732,5050,2216,2834,1567,587,980,471,210,261,1192,535,657
DALLAS COUNTY,113,76 Years,8072,3362,4710,5043,2104,2939,1508,605,903,408,177,231,1113,476,637
DALLAS COUNTY,113,77 Years,7532,3139,4393,4774,1993,2781,1412,549,863,341,153,188,1005,444,561
DALLAS COUNTY,113,78 Years,7049,2870,4179,4560,1892,2668,1315,463,852,311,142,169,863,373,490
DALLAS COUNTY,113,79 Years,6688,2724,3964,4495,1866,2629,1092,386,706,298,123,175,803,349,454
DALLAS COUNTY,113,80 Years,6404,2558,3846,4341,1768,2573,1015,353,662,275,111,164,773,326,447
DALLAS COUNTY,113,81 Years,6167,2387,3780,4179,1657,2522,1002,320,682,258,102,156,728,308,420
DALLAS COUNTY,113,82 Years,5700,2171,3529,3972,1571,2401,914,278,636,226,90,136,588,232,356
DALLAS COUNTY,113,83 Years,5070,1895,3175,3570,1355,2215,767,255,512,204,85,119,529,200,329
DALLAS COUNTY,113,84 Years,4670,1758,2912,3354,1275,2079,660,209,451,152,63,89,504,211,293
DALLAS COUNTY,113,85 Years +,26407,8369,18038,19784,6313,13471,3638,958,2680,788,289,499,2197,809,1388
DAWSON COUNTY,115,All Ages,13849,7827,6022,5344,2932,2412,848,630,218,184,106,78,7473,4159,3314
DAWSON COUNTY,115,< 1 Year,174,88,86,52,26,26,4,2,2,2,1,1,116,59,57
DAWSON COUNTY,115,1 Years,198,106,92,53,33,20,6,2,4,5,2,3,134,69,65
DAWSON COUNTY,115,2 Years,210,108,102,66,37,29,7,4,3,4,1,3,133,66,67
DAWSON COUNTY,115,3 Years,212,110,102,54,28,26,6,4,2,3,1,2,149,77,72
DAWSON COUNTY,115,4 Years,209,109,100,44,24,20,6,2,4,2,1,1,157,82,75
DAWSON COUNTY,115,5 Years,208,107,101,57,32,25,3,0,3,4,3,1,144,72,72
DAWSON COUNTY,115,6 Years,187,94,93,55,29,26,6,2,4,5,3,2,121,60,61
DAWSON COUNTY,115,7 Years,177,101,76,46,27,19,5,2,3,4,3,1,122,69,53
DAWSON COUNTY,115,8 Years,183,98,85,43,24,19,7,3,4,2,2,0,131,69,62
DAWSON COUNTY,115,9 Years,181,98,83,47,27,20,6,3,3,5,4,1,123,64,59
DAWSON COUNTY,115,10 Years,191,93,98,46,22,24,6,2,4,4,2,2,135,67,68
DAWSON COUNTY,115,11 Years,190,105,85,55,25,30,9,5,4,4,1,3,122,74,48
DAWSON COUNTY,115,12 Years,184,100,84,54,30,24,14,10,4,2,1,1,114,59,55
DAWSON COUNTY,115,13 Years,162,90,72,42,25,17,8,7,1,1,0,1,111,58,53
DAWSON COUNTY,115,14 Years,168,93,75,42,24,18,9,6,3,1,0,1,116,63,53
DAWSON COUNTY,115,15 Years,190,101,89,50,27,23,7,3,4,3,2,1,130,69,61
DAWSON COUNTY,115,16 Years,189,99,90,48,24,24,9,4,5,4,1,3,128,70,58
DAWSON COUNTY,115,17 Years,179,95,84,41,22,19,7,3,4,3,2,1,128,68,60
DAWSON COUNTY,115,18 Years,185,95,90,57,30,27,10,7,3,3,3,0,115,55,60
DAWSON COUNTY,115,19 Years,205,121,84,55,30,25,12,9,3,5,3,2,133,79,54
DAWSON COUNTY,115,20 Years,180,114,66,49,31,18,16,13,3,3,1,2,112,69,43
DAWSON COUNTY,115,21 Years,210,147,63,53,35,18,33,31,2,4,2,2,120,79,41
DAWSON COUNTY,115,22 Years,230,158,72,70,48,22,36,34,2,4,3,1,120,73,47
DAWSON COUNTY,115,23 Years,194,149,45,65,46,19,22,22,0,4,3,1,103,78,25
DAWSON COUNTY,115,24 Years,241,170,71,66,43,23,25,22,3,3,2,1,147,103,44
DAWSON COUNTY,115,25 Years,280,221,59,99,81,18,30,29,1,5,5,0,146,106,40
DAWSON COUNTY,115,26 Years,266,201,65,90,68,22,26,25,1,3,3,0,147,105,42
DAWSON COUNTY,115,27 Years,251,168,83,87,56,31,27,24,3,2,1,1,135,87,48
DAWSON COUNTY,115,28 Years,265,184,81,99,67,32,34,31,3,1,0,1,131,86,45
DAWSON COUNTY,115,29 Years,270,194,76,104,78,26,29,27,2,2,2,0,135,87,48
DAWSON COUNTY,115,30 Years,247,173,74,86,61,25,24,22,2,4,3,1,133,87,46
DAWSON COUNTY,115,31 Years,206,132,74,79,55,24,23,21,2,4,2,2,100,54,46
DAWSON COUNTY,115,32 Years,229,158,71,73,49,24,21,20,1,1,1,0,134,88,46
DAWSON COUNTY,115,33 Years,194,131,63,57,38,19,8,7,1,2,1,1,127,85,42
DAWSON COUNTY,115,34 Years,167,103,64,62,41,21,4,3,1,3,3,0,98,56,42
DAWSON COUNTY,115,35 Years,163,99,64,60,42,18,10,9,1,2,0,2,91,48,43
DAWSON COUNTY,115,36 Years,178,116,62,64,41,23,15,13,2,1,1,0,98,61,37
DAWSON COUNTY,115,37 Years,196,133,63,64,44,20,14,12,2,1,0,1,117,77,40
DAWSON COUNTY,115,38 Years,168,104,64,56,34,22,15,13,2,2,1,1,95,56,39
DAWSON COUNTY,115,39 Years,143,87,56,59,35,24,16,13,3,4,3,1,64,36,28
DAWSON COUNTY,115,40 Years,175,103,72,68,40,28,11,10,1,5,1,4,91,52,39
DAWSON COUNTY,115,41 Years,170,99,71,59,34,25,16,13,3,2,1,1,93,51,42
DAWSON COUNTY,115,42 Years,131,61,70,61,32,29,7,6,1,1,1,0,62,22,40
DAWSON COUNTY,115,43 Years,150,84,66,58,30,28,2,2,0,1,1,0,89,51,38
DAWSON COUNTY,115,44 Years,142,78,64,43,27,16,12,8,4,3,1,2,84,42,42
DAWSON COUNTY,115,45 Years,148,92,56,35,21,14,9,6,3,3,2,1,101,63,38
DAWSON COUNTY,115,46 Years,175,102,73,62,39,23,18,13,5,1,0,1,94,50,44
DAWSON COUNTY,115,47 Years,163,95,68,66,43,23,9,5,4,1,0,1,87,47,40
DAWSON COUNTY,115,48 Years,157,87,70,57,32,25,6,3,3,0,0,0,94,52,42
DAWSON COUNTY,115,49 Years,197,105,92,73,38,35,14,10,4,1,0,1,109,57,52
DAWSON COUNTY,115,50 Years,188,105,83,74,41,33,10,6,4,1,1,0,103,57,46
DAWSON COUNTY,115,51 Years,170,95,75,76,42,34,7,4,3,1,1,0,86,48,38
DAWSON COUNTY,115,52 Years,164,91,73,76,40,36,13,10,3,1,1,0,74,40,34
DAWSON COUNTY,115,53 Years,143,69,74,65,32,33,6,2,4,4,1,3,68,34,34
DAWSON COUNTY,115,54 Years,177,88,89,75,36,39,10,5,5,3,1,2,89,46,43
DAWSON COUNTY,115,55 Years,149,71,78,75,38,37,6,1,5,1,1,0,67,31,36
DAWSON COUNTY,115,56 Years,166,85,81,79,38,41,11,8,3,2,1,1,74,38,36
DAWSON COUNTY,115,57 Years,139,75,64,70,37,33,5,4,1,2,1,1,62,33,29
DAWSON COUNTY,115,58 Years,145,75,70,71,37,34,8,4,4,2,0,2,64,34,30
DAWSON COUNTY,115,59 Years,136,67,69,68,29,39,8,5,3,2,2,0,58,31,27
DAWSON COUNTY,115,60 Years,145,75,70,70,35,35,4,2,2,2,1,1,69,37,32
DAWSON COUNTY,115,61 Years,125,62,63,65,31,34,6,3,3,2,2,0,52,26,26
DAWSON COUNTY,115,62 Years,119,69,50,63,35,28,3,3,0,2,2,0,51,29,22
DAWSON COUNTY,115,63 Years,128,69,59,75,38,37,5,2,3,1,1,0,47,28,19
DAWSON COUNTY,115,64 Years,131,56,75,70,30,40,2,1,1,2,1,1,57,24,33
DAWSON COUNTY,115,65 Years,112,42,70,53,20,33,4,2,2,1,0,1,54,20,34
DAWSON COUNTY,115,66 Years,106,41,65,54,19,35,5,1,4,1,1,0,46,20,26
DAWSON COUNTY,115,67 Years,118,50,68,59,27,32,6,1,5,3,1,2,50,21,29
DAWSON COUNTY,115,68 Years,108,53,55,63,32,31,3,1,2,1,1,0,41,19,22
DAWSON COUNTY,115,69 Years,102,44,58,65,28,37,2,1,1,0,0,0,35,15,20
DAWSON COUNTY,115,70 Years,91,41,50,59,28,31,4,2,2,1,1,0,27,10,17
DAWSON COUNTY,115,71 Years,91,41,50,51,23,28,5,2,3,1,1,0,34,15,19
DAWSON COUNTY,115,72 Years,91,40,51,52,23,29,3,0,3,1,0,1,35,17,18
DAWSON COUNTY,115,73 Years,87,39,48,54,24,30,2,0,2,0,0,0,31,15,16
DAWSON COUNTY,115,74 Years,79,32,47,53,23,30,1,0,1,2,1,1,23,8,15
DAWSON COUNTY,115,75 Years,90,31,59,62,23,39,1,0,1,0,0,0,27,8,19
DAWSON COUNTY,115,76 Years,95,40,55,64,27,37,1,0,1,2,1,1,28,12,16
DAWSON COUNTY,115,77 Years,82,37,45,53,24,29,3,1,2,1,1,0,25,11,14
DAWSON COUNTY,115,78 Years,76,31,45,52,23,29,2,1,1,0,0,0,22,7,15
DAWSON COUNTY,115,79 Years,82,39,43,62,28,34,1,1,0,1,1,0,18,9,9
DAWSON COUNTY,115,80 Years,67,31,36,49,22,27,2,1,1,0,0,0,16,8,8
DAWSON COUNTY,115,81 Years,63,28,35,43,17,26,2,1,1,0,0,0,18,10,8
DAWSON COUNTY,115,82 Years,63,25,38,41,16,25,5,2,3,0,0,0,17,7,10
DAWSON COUNTY,115,83 Years,44,18,26,30,14,16,2,0,2,1,0,1,11,4,7
DAWSON COUNTY,115,84 Years,42,19,23,25,11,14,3,2,1,1,0,1,13,6,7
DAWSON COUNTY,115,85 Years +,267,94,173,197,66,131,8,4,4,0,0,0,62,24,38
DEAF SMITH COUNTY,117,All Ages,19569,9751,9818,5867,2822,3045,158,73,85,237,105,132,13307,6751,6556
DEAF SMITH COUNTY,117,< 1 Year,358,179,179,58,28,30,2,1,1,4,2,2,294,148,146
DEAF SMITH COUNTY,117,1 Years,349,169,180,55,27,28,1,0,1,1,1,0,292,141,151
DEAF SMITH COUNTY,117,2 Years,359,169,190,57,29,28,0,0,0,6,3,3,296,137,159
DEAF SMITH COUNTY,117,3 Years,389,191,198,59,32,27,0,0,0,6,3,3,324,156,168
DEAF SMITH COUNTY,117,4 Years,382,207,175,46,24,22,2,1,1,5,3,2,329,179,150
DEAF SMITH COUNTY,117,5 Years,350,187,163,55,29,26,2,1,1,3,3,0,290,154,136
DEAF SMITH COUNTY,117,6 Years,342,174,168,59,32,27,1,1,0,6,3,3,276,138,138
DEAF SMITH COUNTY,117,7 Years,358,176,182,54,27,27,5,1,4,8,5,3,291,143,148
DEAF SMITH COUNTY,117,8 Years,356,168,188,65,28,37,2,1,1,3,2,1,286,137,149
DEAF SMITH COUNTY,117,9 Years,349,179,170,74,41,33,0,0,0,4,2,2,271,136,135
DEAF SMITH COUNTY,117,10 Years,346,169,177,74,35,39,1,1,0,5,1,4,266,132,134
DEAF SMITH COUNTY,117,11 Years,353,170,183,68,33,35,0,0,0,4,0,4,281,137,144
DEAF SMITH COUNTY,117,12 Years,348,172,176,83,42,41,1,0,1,4,2,2,260,128,132
DEAF SMITH COUNTY,117,13 Years,340,176,164,74,35,39,2,1,1,3,2,1,261,138,123
DEAF SMITH COUNTY,117,14 Years,314,156,158,64,35,29,2,1,1,3,2,1,245,118,127
DEAF SMITH COUNTY,117,15 Years,316,162,154,75,42,33,3,2,1,3,3,0,235,115,120
DEAF SMITH COUNTY,117,16 Years,315,167,148,69,34,35,2,2,0,0,0,0,244,131,113
DEAF SMITH COUNTY,117,17 Years,325,180,145,64,32,32,2,2,0,3,1,2,256,145,111
DEAF SMITH COUNTY,117,18 Years,322,174,148,68,32,36,3,2,1,4,1,3,247,139,108
DEAF SMITH COUNTY,117,19 Years,320,169,151,63,37,26,2,0,2,4,1,3,251,131,120
DEAF SMITH COUNTY,117,20 Years,281,136,145,42,22,20,1,0,1,5,1,4,233,113,120
DEAF SMITH COUNTY,117,21 Years,246,132,114,35,17,18,2,1,1,3,2,1,206,112,94
DEAF SMITH COUNTY,117,22 Years,250,134,116,42,23,19,1,0,1,2,0,2,205,111,94
DEAF SMITH COUNTY,117,23 Years,270,149,121,54,34,20,2,1,1,3,1,2,211,113,98
DEAF SMITH COUNTY,117,24 Years,240,133,107,48,28,20,2,0,2,2,0,2,188,105,83
DEAF SMITH COUNTY,117,25 Years,248,119,129,47,21,26,4,1,3,2,1,1,195,96,99
DEAF SMITH COUNTY,117,26 Years,251,132,119,55,27,28,4,2,2,4,3,1,188,100,88
DEAF SMITH COUNTY,117,27 Years,270,133,137,65,26,39,1,1,0,3,2,1,201,104,97
DEAF SMITH COUNTY,117,28 Years,259,135,124,56,31,25,1,0,1,7,3,4,195,101,94
DEAF SMITH COUNTY,117,29 Years,250,122,128,47,28,19,2,1,1,4,1,3,197,92,105
DEAF SMITH COUNTY,117,30 Years,245,123,122,58,30,28,1,0,1,1,0,1,185,93,92
DEAF SMITH COUNTY,117,31 Years,277,140,137,62,27,35,3,1,2,7,4,3,205,108,97
DEAF SMITH COUNTY,117,32 Years,260,132,128,58,27,31,2,1,1,3,2,1,197,102,95
DEAF SMITH COUNTY,117,33 Years,243,128,115,49,23,26,2,1,1,1,1,0,191,103,88
DEAF SMITH COUNTY,117,34 Years,252,120,132,54,25,29,3,2,1,4,3,1,191,90,101
DEAF SMITH COUNTY,117,35 Years,251,124,127,60,29,31,4,3,1,2,1,1,185,91,94
DEAF SMITH COUNTY,117,36 Years,238,119,119,54,25,29,3,1,2,1,1,0,180,92,88
DEAF SMITH COUNTY,117,37 Years,208,107,101,48,27,21,2,0,2,2,2,0,156,78,78
DEAF SMITH COUNTY,117,38 Years,209,109,100,52,26,26,1,0,1,3,2,1,153,81,72
DEAF SMITH COUNTY,117,39 Years,236,112,124,58,28,30,1,0,1,6,1,5,171,83,88
DEAF SMITH COUNTY,117,40 Years,241,121,120,72,34,38,3,2,1,5,1,4,161,84,77
DEAF SMITH COUNTY,117,41 Years,245,127,118,79,36,43,7,2,5,1,0,1,158,89,69
DEAF SMITH COUNTY,117,42 Years,242,118,124,67,31,36,2,0,2,3,1,2,170,86,84
DEAF SMITH COUNTY,117,43 Years,212,101,111,52,23,29,0,0,0,3,1,2,157,77,80
DEAF SMITH COUNTY,117,44 Years,230,117,113,68,40,28,2,1,1,3,1,2,157,75,82
DEAF SMITH COUNTY,117,45 Years,228,123,105,68,33,35,2,1,1,2,2,0,156,87,69
DEAF SMITH COUNTY,117,46 Years,247,121,126,77,38,39,4,2,2,5,2,3,161,79,82
DEAF SMITH COUNTY,117,47 Years,220,118,102,73,39,34,3,2,1,2,1,1,142,76,66
DEAF SMITH COUNTY,117,48 Years,217,114,103,69,36,33,3,0,3,3,1,2,142,77,65
DEAF SMITH COUNTY,117,49 Years,223,111,112,80,37,43,2,1,1,2,1,1,139,72,67
DEAF SMITH COUNTY,117,50 Years,246,115,131,94,46,48,2,1,1,6,1,5,144,67,77
DEAF SMITH COUNTY,117,51 Years,221,112,109,83,41,42,2,2,0,2,0,2,134,69,65
DEAF SMITH COUNTY,117,52 Years,218,118,100,83,40,43,4,2,2,1,1,0,130,75,55
DEAF SMITH COUNTY,117,53 Years,250,127,123,104,52,52,3,3,0,1,0,1,142,72,70
DEAF SMITH COUNTY,117,54 Years,240,126,114,109,59,50,2,2,0,0,0,0,129,65,64
DEAF SMITH COUNTY,117,55 Years,223,110,113,100,49,51,1,1,0,0,0,0,122,60,62
DEAF SMITH COUNTY,117,56 Years,221,109,112,96,43,53,2,2,0,0,0,0,123,64,59
DEAF SMITH COUNTY,117,57 Years,227,108,119,103,50,53,3,1,2,3,1,2,118,56,62
DEAF SMITH COUNTY,117,58 Years,210,108,102,104,54,50,3,2,1,4,3,1,99,49,50
DEAF SMITH COUNTY,117,59 Years,208,103,105,103,51,52,2,2,0,5,3,2,98,47,51
DEAF SMITH COUNTY,117,60 Years,201,95,106,93,43,50,2,0,2,3,1,2,103,51,52
DEAF SMITH COUNTY,117,61 Years,194,95,99,99,45,54,2,1,1,0,0,0,93,49,44
DEAF SMITH COUNTY,117,62 Years,189,96,93,97,48,49,1,0,1,3,0,3,88,48,40
DEAF SMITH COUNTY,117,63 Years,166,82,84,86,42,44,0,0,0,5,1,4,75,39,36
DEAF SMITH COUNTY,117,64 Years,147,72,75,85,40,45,1,0,1,4,2,2,57,30,27
DEAF SMITH COUNTY,117,65 Years,117,53,64,66,31,35,1,1,0,3,1,2,47,20,27
DEAF SMITH COUNTY,117,66 Years,125,46,79,57,23,34,2,1,1,3,1,2,63,21,42
DEAF SMITH COUNTY,117,67 Years,140,59,81,75,34,41,3,1,2,2,1,1,60,23,37
DEAF SMITH COUNTY,117,68 Years,126,67,59,63,34,29,2,1,1,2,1,1,59,31,28
DEAF SMITH COUNTY,117,69 Years,107,59,48,61,34,27,1,1,0,2,1,1,43,23,20
DEAF SMITH COUNTY,117,70 Years,116,57,59,71,34,37,1,0,1,0,0,0,44,23,21
DEAF SMITH COUNTY,117,71 Years,111,51,60,70,33,37,2,1,1,0,0,0,39,17,22
DEAF SMITH COUNTY,117,72 Years,100,50,50,59,31,28,1,1,0,1,1,0,39,17,22
DEAF SMITH COUNTY,117,73 Years,102,49,53,64,30,34,1,0,1,1,0,1,36,19,17
DEAF SMITH COUNTY,117,74 Years,104,43,61,59,24,35,1,0,1,1,0,1,43,19,24
DEAF SMITH COUNTY,117,75 Years,93,43,50,59,25,34,2,1,1,2,1,1,30,16,14
DEAF SMITH COUNTY,117,76 Years,86,44,42,56,27,29,0,0,0,1,0,1,29,17,12
DEAF SMITH COUNTY,117,77 Years,93,40,53,65,26,39,0,0,0,0,0,0,28,14,14
DEAF SMITH COUNTY,117,78 Years,82,36,46,55,25,30,2,0,2,0,0,0,25,11,14
DEAF SMITH COUNTY,117,79 Years,77,34,43,52,21,31,2,0,2,0,0,0,23,13,10
DEAF SMITH COUNTY,117,80 Years,80,32,48,56,21,35,1,0,1,0,0,0,23,11,12
DEAF SMITH COUNTY,117,81 Years,80,30,50,56,19,37,0,0,0,2,1,1,22,10,12
DEAF SMITH COUNTY,117,82 Years,73,29,44,48,17,31,0,0,0,1,0,1,24,12,12
DEAF SMITH COUNTY,117,83 Years,60,26,34,42,17,25,0,0,0,0,0,0,18,9,9
DEAF SMITH COUNTY,117,84 Years,47,19,28,32,13,19,1,1,0,1,0,1,13,5,8
DEAF SMITH COUNTY,117,85 Years +,309,104,205,229,75,154,2,1,1,5,2,3,73,26,47
DELTA COUNTY,119,All Ages,5224,2541,2683,4343,2119,2224,378,169,209,217,89,128,286,164,122
DELTA COUNTY,119,< 1 Year,53,26,27,43,22,21,5,2,3,2,1,1,3,1,2
DELTA COUNTY,119,1 Years,60,25,35,43,20,23,7,2,5,4,2,2,6,1,5
DELTA COUNTY,119,2 Years,64,30,34,40,17,23,7,3,4,7,5,2,10,5,5
DELTA COUNTY,119,3 Years,48,24,24,35,16,19,6,4,2,3,2,1,4,2,2
DELTA COUNTY,119,4 Years,63,31,32,47,22,25,7,4,3,4,1,3,5,4,1
DELTA COUNTY,119,5 Years,67,39,28,47,26,21,5,2,3,5,2,3,10,9,1
DELTA COUNTY,119,6 Years,56,28,28,43,22,21,2,0,2,5,2,3,6,4,2
DELTA COUNTY,119,7 Years,55,25,30,39,18,21,3,0,3,5,2,3,8,5,3
DELTA COUNTY,119,8 Years,64,33,31,43,23,20,4,1,3,6,3,3,11,6,5
DELTA COUNTY,119,9 Years,62,35,27,51,29,22,2,1,1,2,1,1,7,4,3
DELTA COUNTY,119,10 Years,59,34,25,47,29,18,4,2,2,6,2,4,2,1,1
DELTA COUNTY,119,11 Years,67,36,31,51,29,22,6,4,2,5,2,3,5,1,4
DELTA COUNTY,119,12 Years,70,27,43,54,23,31,7,2,5,3,1,2,6,1,5
DELTA COUNTY,119,13 Years,59,25,34,46,20,26,5,2,3,3,0,3,5,3,2
DELTA COUNTY,119,14 Years,63,35,28,48,25,23,6,4,2,5,2,3,4,4,0
DELTA COUNTY,119,15 Years,75,43,32,57,32,25,6,4,2,4,2,2,8,5,3
DELTA COUNTY,119,16 Years,83,42,41,59,31,28,11,3,8,5,4,1,8,4,4
DELTA COUNTY,119,17 Years,84,44,40,63,33,30,12,5,7,2,1,1,7,5,2
DELTA COUNTY,119,18 Years,74,41,33,60,32,28,7,4,3,3,2,1,4,3,1
DELTA COUNTY,119,19 Years,63,36,27,44,26,18,9,4,5,5,3,2,5,3,2
DELTA COUNTY,119,20 Years,54,30,24,39,24,15,7,2,5,3,1,2,5,3,2
DELTA COUNTY,119,21 Years,61,32,29,43,23,20,8,4,4,2,2,0,8,3,5
DELTA COUNTY,119,22 Years,57,32,25,48,26,22,5,4,1,1,1,0,3,1,2
DELTA COUNTY,119,23 Years,42,19,23,33,12,21,5,3,2,2,2,0,2,2,0
DELTA COUNTY,119,24 Years,60,28,32,48,24,24,8,2,6,2,1,1,2,1,1
DELTA COUNTY,119,25 Years,52,24,28,40,20,20,8,2,6,0,0,0,4,2,2
DELTA COUNTY,119,26 Years,50,24,26,41,21,20,3,0,3,3,1,2,3,2,1
DELTA COUNTY,119,27 Years,61,30,31,53,26,27,3,1,2,1,0,1,4,3,1
DELTA COUNTY,119,28 Years,60,29,31,48,23,25,4,1,3,2,2,0,6,3,3
DELTA COUNTY,119,29 Years,44,21,23,36,19,17,2,0,2,3,1,2,3,1,2
DELTA COUNTY,119,30 Years,41,14,27,33,13,20,3,0,3,3,0,3,2,1,1
DELTA COUNTY,119,31 Years,61,25,36,51,19,32,2,1,1,3,1,2,5,4,1
DELTA COUNTY,119,32 Years,49,25,24,43,21,22,1,1,0,1,0,1,4,3,1
DELTA COUNTY,119,33 Years,43,22,21,39,19,20,2,2,0,0,0,0,2,1,1
DELTA COUNTY,119,34 Years,45,20,25,36,16,20,3,1,2,1,0,1,5,3,2
DELTA COUNTY,119,35 Years,49,25,24,40,21,19,3,1,2,1,0,1,5,3,2
DELTA COUNTY,119,36 Years,50,25,25,44,22,22,3,2,1,1,0,1,2,1,1
DELTA COUNTY,119,37 Years,63,30,33,47,25,22,7,2,5,4,0,4,5,3,2
DELTA COUNTY,119,38 Years,55,31,24,43,26,17,7,2,5,1,0,1,4,3,1
DELTA COUNTY,119,39 Years,59,27,32,48,25,23,5,1,4,3,0,3,3,1,2
DELTA COUNTY,119,40 Years,59,28,31,50,25,25,3,2,1,2,0,2,4,1,3
DELTA COUNTY,119,41 Years,61,29,32,54,24,30,3,3,0,1,0,1,3,2,1
DELTA COUNTY,119,42 Years,68,30,38,53,23,30,9,4,5,3,1,2,3,2,1
DELTA COUNTY,119,43 Years,62,32,30,50,25,25,7,4,3,3,2,1,2,1,1
DELTA COUNTY,119,44 Years,62,30,32,52,24,28,7,5,2,1,0,1,2,1,1
DELTA COUNTY,119,45 Years,69,31,38,60,25,35,6,4,2,1,0,1,2,2,0
DELTA COUNTY,119,46 Years,76,31,45,65,26,39,4,2,2,2,1,1,5,2,3
DELTA COUNTY,119,47 Years,67,32,35,57,26,31,6,4,2,2,1,1,2,1,1
DELTA COUNTY,119,48 Years,62,29,33,51,25,26,6,1,5,2,0,2,3,3,0
DELTA COUNTY,119,49 Years,63,33,30,57,29,28,2,1,1,2,1,1,2,2,0
DELTA COUNTY,119,50 Years,74,42,32,65,37,28,3,2,1,3,1,2,3,2,1
DELTA COUNTY,119,51 Years,70,37,33,60,32,28,3,2,1,6,3,3,1,0,1
DELTA COUNTY,119,52 Years,79,31,48,63,25,38,7,4,3,3,1,2,6,1,5
DELTA COUNTY,119,53 Years,87,46,41,73,39,34,6,4,2,4,3,1,4,0,4
DELTA COUNTY,119,54 Years,96,46,50,82,40,42,5,3,2,7,3,4,2,0,2
DELTA COUNTY,119,55 Years,94,45,49,75,38,37,7,2,5,7,3,4,5,2,3
DELTA COUNTY,119,56 Years,69,34,35,57,29,28,5,3,2,4,1,3,3,1,2
DELTA COUNTY,119,57 Years,70,35,35,59,29,30,3,2,1,3,0,3,5,4,1
DELTA COUNTY,119,58 Years,78,39,39,71,35,36,3,2,1,3,1,2,1,1,0
DELTA COUNTY,119,59 Years,69,34,35,57,25,32,7,5,2,4,3,1,1,1,0
DELTA COUNTY,119,60 Years,66,31,35,61,28,33,2,1,1,2,1,1,1,1,0
DELTA COUNTY,119,61 Years,74,35,39,63,28,35,6,2,4,2,2,0,3,3,0
DELTA COUNTY,119,62 Years,79,32,47,72,29,43,4,1,3,1,0,1,2,2,0
DELTA COUNTY,119,63 Years,78,41,37,70,37,33,3,1,2,2,0,2,3,3,0
DELTA COUNTY,119,64 Years,81,41,40,74,36,38,3,2,1,2,1,1,2,2,0
DELTA COUNTY,119,65 Years,74,33,41,68,29,39,3,2,1,2,1,1,1,1,0
DELTA COUNTY,119,66 Years,70,33,37,64,31,33,4,1,3,2,1,1,0,0,0
DELTA COUNTY,119,67 Years,71,37,34,66,35,31,3,1,2,2,1,1,0,0,0
DELTA COUNTY,119,68 Years,77,38,39,65,33,32,5,2,3,5,2,3,2,1,1
DELTA COUNTY,119,69 Years,65,34,31,59,32,27,2,0,2,2,1,1,2,1,1
DELTA COUNTY,119,70 Years,59,30,29,53,26,27,3,2,1,2,1,1,1,1,0
DELTA COUNTY,119,71 Years,75,34,41,69,31,38,4,2,2,1,0,1,1,1,0
DELTA COUNTY,119,72 Years,55,28,27,52,26,26,2,1,1,1,1,0,0,0,0
DELTA COUNTY,119,73 Years,47,24,23,43,22,21,4,2,2,0,0,0,0,0,0
DELTA COUNTY,119,74 Years,49,24,25,44,23,21,3,1,2,1,0,1,1,0,1
DELTA COUNTY,119,75 Years,45,20,25,40,18,22,3,2,1,1,0,1,1,0,1
DELTA COUNTY,119,76 Years,41,24,17,36,20,16,3,2,1,0,0,0,2,2,0
DELTA COUNTY,119,77 Years,38,22,16,35,21,14,1,0,1,0,0,0,2,1,1
DELTA COUNTY,119,78 Years,31,17,14,28,17,11,1,0,1,1,0,1,1,0,1
DELTA COUNTY,119,79 Years,29,14,15,26,14,12,1,0,1,2,0,2,0,0,0
DELTA COUNTY,119,80 Years,22,10,12,20,9,11,0,0,0,1,0,1,1,1,0
DELTA COUNTY,119,81 Years,28,11,17,27,11,16,1,0,1,0,0,0,0,0,0
DELTA COUNTY,119,82 Years,25,12,13,24,12,12,1,0,1,0,0,0,0,0,0
DELTA COUNTY,119,83 Years,22,8,14,21,8,13,1,0,1,0,0,0,0,0,0
DELTA COUNTY,119,84 Years,25,7,18,23,7,16,1,0,1,1,0,1,0,0,0
DELTA COUNTY,119,85 Years +,118,35,83,116,35,81,2,0,2,0,0,0,0,0,0
DENTON COUNTY,121,All Ages,686455,337932,348523,435004,214025,220979,56918,26964,29954,65184,31604,33580,129349,65339,64010
DENTON COUNTY,121,< 1 Year,9699,4959,4740,5560,2848,2712,703,358,345,1066,546,520,2370,1207,1163
DENTON COUNTY,121,1 Years,9517,4933,4584,5145,2653,2492,736,393,343,1093,566,527,2543,1321,1222
DENTON COUNTY,121,2 Years,9714,5008,4706,5039,2580,2459,767,409,358,1252,644,608,2656,1375,1281
DENTON COUNTY,121,3 Years,10083,5096,4987,5284,2662,2622,805,406,399,1271,646,625,2723,1382,1341
DENTON COUNTY,121,4 Years,10377,5271,5106,5518,2852,2666,805,393,412,1293,656,637,2761,1370,1391
DENTON COUNTY,121,5 Years,10604,5418,5186,5723,2964,2759,832,418,414,1272,653,619,2777,1383,1394
DENTON COUNTY,121,6 Years,10870,5658,5212,5909,3065,2844,853,454,399,1331,706,625,2777,1433,1344
DENTON COUNTY,121,7 Years,10944,5661,5283,5955,3065,2890,909,479,430,1275,662,613,2805,1455,1350
DENTON COUNTY,121,8 Years,10990,5566,5424,6048,3087,2961,885,451,434,1278,635,643,2779,1393,1386
DENTON COUNTY,121,9 Years,10965,5547,5418,6091,3114,2977,905,460,445,1221,609,612,2748,1364,1384
DENTON COUNTY,121,10 Years,11065,5683,5382,6163,3157,3006,931,521,410,1157,583,574,2814,1422,1392
DENTON COUNTY,121,11 Years,11029,5671,5358,6185,3161,3024,975,509,466,1167,616,551,2702,1385,1317
DENTON COUNTY,121,12 Years,10820,5537,5283,6133,3131,3002,939,479,460,1129,582,547,2619,1345,1274
DENTON COUNTY,121,13 Years,10413,5358,5055,5920,3055,2865,882,454,428,1100,551,549,2511,1298,1213
DENTON COUNTY,121,14 Years,10355,5300,5055,5866,3019,2847,920,471,449,1040,518,522,2529,1292,1237
DENTON COUNTY,121,15 Years,10082,5165,4917,5814,2981,2833,890,469,421,1006,503,503,2372,1212,1160
DENTON COUNTY,121,16 Years,9864,5075,4789,5698,2936,2762,934,496,438,971,484,487,2261,1159,1102
DENTON COUNTY,121,17 Years,10038,5168,4870,5766,2952,2814,942,477,465,1057,530,527,2273,1209,1064
DENTON COUNTY,121,18 Years,10339,5237,5102,5743,2911,2832,1083,521,562,1033,524,509,2480,1281,1199
DENTON COUNTY,121,19 Years,10388,5213,5175,5587,2820,2767,1232,568,664,980,443,537,2589,1382,1207
DENTON COUNTY,121,20 Years,10298,4786,5512,5676,2651,3025,1283,543,740,921,415,506,2418,1177,1241
DENTON COUNTY,121,21 Years,10627,4868,5759,6060,2756,3304,1252,513,739,973,453,520,2342,1146,1196
DENTON COUNTY,121,22 Years,10860,5168,5692,6316,2951,3365,1227,530,697,1019,515,504,2298,1172,1126
DENTON COUNTY,121,23 Years,10588,5104,5484,6151,2968,3183,1159,535,624,1005,474,531,2273,1127,1146
DENTON COUNTY,121,24 Years,10092,5003,5089,5957,2972,2985,994,443,551,928,438,490,2213,1150,1063
DENTON COUNTY,121,25 Years,9908,4995,4913,5793,2949,2844,988,461,527,960,461,499,2167,1124,1043
DENTON COUNTY,121,26 Years,9905,4941,4964,5880,2956,2924,1006,471,535,890,439,451,2129,1075,1054
DENTON COUNTY,121,27 Years,9685,4891,4794,5666,2873,2793,960,450,510,931,445,486,2128,1123,1005
DENTON COUNTY,121,28 Years,10163,5110,5053,5953,2985,2968,1014,470,544,948,437,511,2248,1218,1030
DENTON COUNTY,121,29 Years,10106,4986,5120,5880,2902,2978,980,457,523,946,414,532,2300,1213,1087
DENTON COUNTY,121,30 Years,10121,4980,5141,5891,2914,2977,1011,478,533,915,403,512,2304,1185,1119
DENTON COUNTY,121,31 Years,10311,5110,5201,5925,2964,2961,1036,495,541,980,431,549,2370,1220,1150
DENTON COUNTY,121,32 Years,10011,4855,5156,5704,2838,2866,995,444,551,1048,445,603,2264,1128,1136
DENTON COUNTY,121,33 Years,9972,4755,5217,5690,2733,2957,967,438,529,1055,453,602,2260,1131,1129
DENTON COUNTY,121,34 Years,10260,4911,5349,5856,2797,3059,994,450,544,1100,492,608,2310,1172,1138
DENTON COUNTY,121,35 Years,10452,5116,5336,5967,2937,3030,974,435,539,1199,564,635,2312,1180,1132
DENTON COUNTY,121,36 Years,10745,5187,5558,6151,2987,3164,914,412,502,1290,595,695,2390,1193,1197
DENTON COUNTY,121,37 Years,10715,5146,5569,6256,3043,3213,925,423,502,1306,596,710,2228,1084,1144
DENTON COUNTY,121,38 Years,10991,5414,5577,6408,3173,3235,1004,468,536,1357,653,704,2222,1120,1102
DENTON COUNTY,121,39 Years,11498,5715,5783,6998,3524,3474,1006,475,531,1277,617,660,2217,1099,1118
DENTON COUNTY,121,40 Years,12153,5963,6190,7732,3815,3917,1033,470,563,1267,621,646,2121,1057,1064
DENTON COUNTY,121,41 Years,12059,5956,6103,7817,3849,3968,993,475,518,1193,586,607,2056,1046,1010
DENTON COUNTY,121,42 Years,11333,5613,5720,7391,3674,3717,928,440,488,1085,542,543,1929,957,972
DENTON COUNTY,121,43 Years,10590,5288,5302,6885,3444,3441,876,405,471,1013,519,494,1816,920,896
DENTON COUNTY,121,44 Years,10292,5138,5154,6769,3414,3355,878,409,469,937,476,461,1708,839,869
DENTON COUNTY,121,45 Years,10124,5017,5107,6685,3312,3373,914,441,473,891,440,451,1634,824,810
DENTON COUNTY,121,46 Years,10611,5248,5363,7154,3533,3621,937,456,481,892,435,457,1628,824,804
DENTON COUNTY,121,47 Years,10914,5469,5445,7588,3824,3764,896,411,485,874,445,429,1556,789,767
DENTON COUNTY,121,48 Years,10741,5339,5402,7561,3787,3774,877,406,471,875,422,453,1428,724,704
DENTON COUNTY,121,49 Years,10454,5155,5299,7436,3692,3744,828,384,444,819,387,432,1371,692,679
DENTON COUNTY,121,50 Years,10203,5053,5150,7442,3708,3734,772,363,409,763,370,393,1226,612,614
DENTON COUNTY,121,51 Years,9844,4875,4969,7242,3591,3651,760,362,398,702,342,360,1140,580,560
DENTON COUNTY,121,52 Years,9196,4524,4672,6790,3352,3438,707,320,387,667,331,336,1032,521,511
DENTON COUNTY,121,53 Years,8933,4419,4514,6624,3281,3343,644,297,347,672,344,328,993,497,496
DENTON COUNTY,121,54 Years,8511,4116,4395,6358,3080,3278,602,283,319,635,308,327,916,445,471
DENTON COUNTY,121,55 Years,7802,3802,4000,5829,2860,2969,523,255,268,628,298,330,822,389,433
DENTON COUNTY,121,56 Years,7528,3722,3806,5686,2834,2852,498,234,264,582,277,305,762,377,385
DENTON COUNTY,121,57 Years,7124,3389,3735,5504,2615,2889,444,205,239,520,249,271,656,320,336
DENTON COUNTY,121,58 Years,6682,3196,3486,5182,2491,2691,401,177,224,492,234,258,607,294,313
DENTON COUNTY,121,59 Years,6306,3056,3250,4902,2406,2496,365,163,202,456,210,246,583,277,306
DENTON COUNTY,121,60 Years,5975,2854,3121,4612,2203,2409,368,169,199,436,202,234,559,280,279
DENTON COUNTY,121,61 Years,5978,2817,3161,4660,2205,2455,358,154,204,442,210,232,518,248,270
DENTON COUNTY,121,62 Years,5765,2758,3007,4559,2216,2343,317,130,187,415,192,223,474,220,254
DENTON COUNTY,121,63 Years,5779,2783,2996,4628,2250,2378,308,136,172,396,182,214,447,215,232
DENTON COUNTY,121,64 Years,5658,2706,2952,4659,2235,2424,246,113,133,335,156,179,418,202,216
DENTON COUNTY,121,65 Years,4481,2126,2355,3605,1717,1888,197,90,107,309,146,163,370,173,197
DENTON COUNTY,121,66 Years,4096,1919,2177,3332,1561,1771,142,62,80,296,144,152,326,152,174
DENTON COUNTY,121,67 Years,4032,1869,2163,3342,1569,1773,141,62,79,259,119,140,290,119,171
DENTON COUNTY,121,68 Years,3834,1794,2040,3204,1511,1693,122,53,69,246,117,129,262,113,149
DENTON COUNTY,121,69 Years,3327,1595,1732,2746,1324,1422,126,56,70,226,106,120,229,109,120
DENTON COUNTY,121,70 Years,2970,1421,1549,2449,1166,1283,101,47,54,199,96,103,221,112,109
DENTON COUNTY,121,71 Years,2660,1233,1427,2155,1005,1150,103,41,62,200,100,100,202,87,115
DENTON COUNTY,121,72 Years,2392,1109,1283,1942,919,1023,95,41,54,180,87,93,175,62,113
DENTON COUNTY,121,73 Years,2213,1003,1210,1817,830,987,91,40,51,144,64,80,161,69,92
DENTON COUNTY,121,74 Years,2063,921,1142,1684,757,927,84,33,51,148,63,85,147,68,79
DENTON COUNTY,121,75 Years,1870,861,1009,1505,704,801,74,30,44,143,60,83,148,67,81
DENTON COUNTY,121,76 Years,1734,749,985,1413,625,788,70,24,46,129,57,72,122,43,79
DENTON COUNTY,121,77 Years,1599,670,929,1327,559,768,65,21,44,106,49,57,101,41,60
DENTON COUNTY,121,78 Years,1435,630,805,1193,529,664,57,21,36,85,38,47,100,42,58
DENTON COUNTY,121,79 Years,1329,588,741,1121,498,623,47,16,31,75,40,35,86,34,52
DENTON COUNTY,121,80 Years,1245,499,746,1058,432,626,36,9,27,73,29,44,78,29,49
DENTON COUNTY,121,81 Years,1172,460,712,1018,406,612,30,10,20,64,21,43,60,23,37
DENTON COUNTY,121,82 Years,1061,414,647,930,365,565,26,9,17,46,18,28,59,22,37
DENTON COUNTY,121,83 Years,960,368,592,840,322,518,34,12,22,35,13,22,51,21,30
DENTON COUNTY,121,84 Years,904,338,566,790,296,494,29,8,21,36,14,22,49,20,29
DENTON COUNTY,121,85 Years +,5059,1544,3515,4513,1373,3140,158,44,114,158,48,110,230,79,151
DE WITT COUNTY,123,All Ages,20574,10709,9865,11635,5800,5835,1820,1071,749,339,150,189,6780,3688,3092
DE WITT COUNTY,123,< 1 Year,233,122,111,106,54,52,14,8,6,3,2,1,110,58,52
DE WITT COUNTY,123,1 Years,242,121,121,96,48,48,10,6,4,9,7,2,127,60,67
DE WITT COUNTY,123,2 Years,250,132,118,97,55,42,15,8,7,12,5,7,126,64,62
DE WITT COUNTY,123,3 Years,254,135,119,103,59,44,20,7,13,10,3,7,121,66,55
DE WITT COUNTY,123,4 Years,267,141,126,111,64,47,19,11,8,8,4,4,129,62,67
DE WITT COUNTY,123,5 Years,253,126,127,103,58,45,21,10,11,9,4,5,120,54,66
DE WITT COUNTY,123,6 Years,238,119,119,101,53,48,23,12,11,6,3,3,108,51,57
DE WITT COUNTY,123,7 Years,261,137,124,106,55,51,21,13,8,8,2,6,126,67,59
DE WITT COUNTY,123,8 Years,263,135,128,111,57,54,21,10,11,10,5,5,121,63,58
DE WITT COUNTY,123,9 Years,216,108,108,88,48,40,21,8,13,8,4,4,99,48,51
DE WITT COUNTY,123,10 Years,252,140,112,112,58,54,20,11,9,9,7,2,111,64,47
DE WITT COUNTY,123,11 Years,273,147,126,116,64,52,31,16,15,9,5,4,117,62,55
DE WITT COUNTY,123,12 Years,246,127,119,107,58,49,24,12,12,9,4,5,106,53,53
DE WITT COUNTY,123,13 Years,251,135,116,121,65,56,22,14,8,7,2,5,101,54,47
DE WITT COUNTY,123,14 Years,270,141,129,127,68,59,24,14,10,11,5,6,108,54,54
DE WITT COUNTY,123,15 Years,259,132,127,132,68,64,17,8,9,10,3,7,100,53,47
DE WITT COUNTY,123,16 Years,264,140,124,129,69,60,18,10,8,12,6,6,105,55,50
DE WITT COUNTY,123,17 Years,263,131,132,134,64,70,22,11,11,9,5,4,98,51,47
DE WITT COUNTY,123,18 Years,261,128,133,134,68,66,19,7,12,8,2,6,100,51,49
DE WITT COUNTY,123,19 Years,259,132,127,130,63,67,20,7,13,4,1,3,105,61,44
DE WITT COUNTY,123,20 Years,208,111,97,99,53,46,20,10,10,4,3,1,85,45,40
DE WITT COUNTY,123,21 Years,182,96,86,92,46,46,19,10,9,2,1,1,69,39,30
DE WITT COUNTY,123,22 Years,190,103,87,104,52,52,17,10,7,3,1,2,66,40,26
DE WITT COUNTY,123,23 Years,191,102,89,79,43,36,15,10,5,4,1,3,93,48,45
DE WITT COUNTY,123,24 Years,184,86,98,75,35,40,15,9,6,4,1,3,90,41,49
DE WITT COUNTY,123,25 Years,217,115,102,106,59,47,17,10,7,3,1,2,91,45,46
DE WITT COUNTY,123,26 Years,204,96,108,93,44,49,17,7,10,2,1,1,92,44,48
DE WITT COUNTY,123,27 Years,202,108,94,85,43,42,19,11,8,1,0,1,97,54,43
DE WITT COUNTY,123,28 Years,226,138,88,97,53,44,30,25,5,3,2,1,96,58,38
DE WITT COUNTY,123,29 Years,235,137,98,100,52,48,29,23,6,5,3,2,101,59,42
DE WITT COUNTY,123,30 Years,237,134,103,111,55,56,28,19,9,2,1,1,96,59,37
DE WITT COUNTY,123,31 Years,208,112,96,92,39,53,28,18,10,1,0,1,87,55,32
DE WITT COUNTY,123,32 Years,243,144,99,112,61,51,22,15,7,2,1,1,107,67,40
DE WITT COUNTY,123,33 Years,244,151,93,117,70,47,24,18,6,2,1,1,101,62,39
DE WITT COUNTY,123,34 Years,247,142,105,119,65,54,28,21,7,3,1,2,97,55,42
DE WITT COUNTY,123,35 Years,243,138,105,116,63,53,28,23,5,3,2,1,96,50,46
DE WITT COUNTY,123,36 Years,236,141,95,112,63,49,26,23,3,2,1,1,96,54,42
DE WITT COUNTY,123,37 Years,221,129,92,99,50,49,29,25,4,3,1,2,90,53,37
DE WITT COUNTY,123,38 Years,237,151,86,106,57,49,32,25,7,5,3,2,94,66,28
DE WITT COUNTY,123,39 Years,240,135,105,111,56,55,34,24,10,6,5,1,89,50,39
DE WITT COUNTY,123,40 Years,287,170,117,135,72,63,28,17,11,3,2,1,121,79,42
DE WITT COUNTY,123,41 Years,278,155,123,154,76,78,28,20,8,4,1,3,92,58,34
DE WITT COUNTY,123,42 Years,281,161,120,135,63,72,36,23,13,4,1,3,106,74,32
DE WITT COUNTY,123,43 Years,235,131,104,109,55,54,29,16,13,3,1,2,94,59,35
DE WITT COUNTY,123,44 Years,260,152,108,148,90,58,30,19,11,3,0,3,79,43,36
DE WITT COUNTY,123,45 Years,278,155,123,145,75,70,33,24,9,7,3,4,93,53,40
DE WITT COUNTY,123,46 Years,304,185,119,159,90,69,38,28,10,4,1,3,103,66,37
DE WITT COUNTY,123,47 Years,317,187,130,195,111,84,28,20,8,4,1,3,90,55,35
DE WITT COUNTY,123,48 Years,299,168,131,175,94,81,37,25,12,2,1,1,85,48,37
DE WITT COUNTY,123,49 Years,298,168,130,159,81,78,39,29,10,3,1,2,97,57,40
DE WITT COUNTY,123,50 Years,314,192,122,185,106,79,30,24,6,3,1,2,96,61,35
DE WITT COUNTY,123,51 Years,320,169,151,193,100,93,23,15,8,6,3,3,98,51,47
DE WITT COUNTY,123,52 Years,347,191,156,207,114,93,32,22,10,5,2,3,103,53,50
DE WITT COUNTY,123,53 Years,325,173,152,213,104,109,21,12,9,3,2,1,88,55,33
DE WITT COUNTY,123,54 Years,318,160,158,208,92,116,23,13,10,2,1,1,85,54,31
DE WITT COUNTY,123,55 Years,302,161,141,187,98,89,31,16,15,2,0,2,82,47,35
DE WITT COUNTY,123,56 Years,300,169,131,213,126,87,25,11,14,3,2,1,59,30,29
DE WITT COUNTY,123,57 Years,292,152,140,189,95,94,30,19,11,2,1,1,71,37,34
DE WITT COUNTY,123,58 Years,296,157,139,199,101,98,32,17,15,2,1,1,63,38,25
DE WITT COUNTY,123,59 Years,276,135,141,196,94,102,19,9,10,2,1,1,59,31,28
DE WITT COUNTY,123,60 Years,276,140,136,183,86,97,34,21,13,2,1,1,57,32,25
DE WITT COUNTY,123,61 Years,268,136,132,182,87,95,25,15,10,2,1,1,59,33,26
DE WITT COUNTY,123,62 Years,288,144,144,210,106,104,15,6,9,2,0,2,61,32,29
DE WITT COUNTY,123,63 Years,267,135,132,192,97,95,18,10,8,2,1,1,55,27,28
DE WITT COUNTY,123,64 Years,256,129,127,185,95,90,14,6,8,2,0,2,55,28,27
DE WITT COUNTY,123,65 Years,239,113,126,171,85,86,16,7,9,3,1,2,49,20,29
DE WITT COUNTY,123,66 Years,253,116,137,166,77,89,29,12,17,3,1,2,55,26,29
DE WITT COUNTY,123,67 Years,215,99,116,151,69,82,9,2,7,1,0,1,54,28,26
DE WITT COUNTY,123,68 Years,208,94,114,164,72,92,7,4,3,3,1,2,34,17,17
DE WITT COUNTY,123,69 Years,183,78,105,138,56,82,14,7,7,2,0,2,29,15,14
DE WITT COUNTY,123,70 Years,173,84,89,134,68,66,9,3,6,0,0,0,30,13,17
DE WITT COUNTY,123,71 Years,159,80,79,121,62,59,10,5,5,3,2,1,25,11,14
DE WITT COUNTY,123,72 Years,163,78,85,122,61,61,10,3,7,3,1,2,28,13,15
DE WITT COUNTY,123,73 Years,160,74,86,119,52,67,13,7,6,0,0,0,28,15,13
DE WITT COUNTY,123,74 Years,171,80,91,136,64,72,9,6,3,0,0,0,26,10,16
DE WITT COUNTY,123,75 Years,160,75,85,121,57,64,8,3,5,3,2,1,28,13,15
DE WITT COUNTY,123,76 Years,151,66,85,110,51,59,11,3,8,2,1,1,28,11,17
DE WITT COUNTY,123,77 Years,133,63,70,97,47,50,11,6,5,1,1,0,24,9,15
DE WITT COUNTY,123,78 Years,143,55,88,96,38,58,10,3,7,1,0,1,36,14,22
DE WITT COUNTY,123,79 Years,133,59,74,95,46,49,11,3,8,2,1,1,25,9,16
DE WITT COUNTY,123,80 Years,136,53,83,104,40,64,12,3,9,0,0,0,20,10,10
DE WITT COUNTY,123,81 Years,130,51,79,99,37,62,9,3,6,1,1,0,21,10,11
DE WITT COUNTY,123,82 Years,117,47,70,98,41,57,5,1,4,1,0,1,13,5,8
DE WITT COUNTY,123,83 Years,98,41,57,77,34,43,8,2,6,0,0,0,13,5,8
DE WITT COUNTY,123,84 Years,88,37,51,69,29,40,5,2,3,0,0,0,14,6,8
DE WITT COUNTY,123,85 Years +,609,193,416,502,151,351,27,10,17,2,0,2,78,32,46
DICKENS COUNTY,125,All Ages,2441,1378,1063,1581,813,768,95,82,13,54,33,21,711,450,261
DICKENS COUNTY,125,< 1 Year,19,10,9,11,6,5,0,0,0,0,0,0,8,4,4
DICKENS COUNTY,125,1 Years,35,21,14,22,11,11,0,0,0,0,0,0,13,10,3
DICKENS COUNTY,125,2 Years,20,14,6,9,4,5,0,0,0,0,0,0,11,10,1
DICKENS COUNTY,125,3 Years,23,11,12,12,4,8,0,0,0,0,0,0,11,7,4
DICKENS COUNTY,125,4 Years,26,13,13,12,5,7,0,0,0,1,0,1,13,8,5
DICKENS COUNTY,125,5 Years,26,12,14,13,4,9,0,0,0,1,1,0,12,7,5
DICKENS COUNTY,125,6 Years,28,16,12,11,6,5,0,0,0,1,0,1,16,10,6
DICKENS COUNTY,125,7 Years,27,13,14,12,5,7,0,0,0,1,0,1,14,8,6
DICKENS COUNTY,125,8 Years,30,17,13,16,10,6,1,1,0,0,0,0,13,6,7
DICKENS COUNTY,125,9 Years,29,14,15,16,9,7,1,0,1,0,0,0,12,5,7
DICKENS COUNTY,125,10 Years,34,19,15,19,13,6,0,0,0,1,0,1,14,6,8
DICKENS COUNTY,125,11 Years,27,11,16,14,7,7,0,0,0,1,1,0,12,3,9
DICKENS COUNTY,125,12 Years,24,16,8,17,13,4,1,0,1,0,0,0,6,3,3
DICKENS COUNTY,125,13 Years,24,14,10,16,10,6,0,0,0,0,0,0,8,4,4
DICKENS COUNTY,125,14 Years,26,15,11,12,8,4,0,0,0,3,1,2,11,6,5
DICKENS COUNTY,125,15 Years,30,17,13,13,9,4,0,0,0,1,0,1,16,8,8
DICKENS COUNTY,125,16 Years,23,12,11,14,6,8,0,0,0,1,1,0,8,5,3
DICKENS COUNTY,125,17 Years,28,17,11,15,7,8,0,0,0,2,2,0,11,8,3
DICKENS COUNTY,125,18 Years,29,19,10,16,9,7,0,0,0,1,1,0,12,9,3
DICKENS COUNTY,125,19 Years,26,13,13,12,6,6,1,1,0,0,0,0,13,6,7
DICKENS COUNTY,125,20 Years,29,21,8,12,7,5,7,7,0,0,0,0,10,7,3
DICKENS COUNTY,125,21 Years,26,19,7,10,5,5,5,5,0,0,0,0,11,9,2
DICKENS COUNTY,125,22 Years,26,20,6,8,4,4,5,5,0,0,0,0,13,11,2
DICKENS COUNTY,125,23 Years,31,24,7,19,13,6,2,2,0,0,0,0,10,9,1
DICKENS COUNTY,125,24 Years,21,13,8,11,7,4,1,1,0,1,0,1,8,5,3
DICKENS COUNTY,125,25 Years,22,15,7,10,7,3,2,2,0,1,1,0,9,5,4
DICKENS COUNTY,125,26 Years,24,18,6,9,7,2,2,2,0,1,1,0,12,8,4
DICKENS COUNTY,125,27 Years,29,22,7,12,10,2,5,4,1,0,0,0,12,8,4
DICKENS COUNTY,125,28 Years,31,25,6,14,11,3,4,4,0,0,0,0,13,10,3
DICKENS COUNTY,125,29 Years,37,24,13,19,12,7,3,2,1,0,0,0,15,10,5
DICKENS COUNTY,125,30 Years,32,26,6,14,9,5,1,1,0,0,0,0,17,16,1
DICKENS COUNTY,125,31 Years,40,28,12,20,10,10,4,4,0,0,0,0,16,14,2
DICKENS COUNTY,125,32 Years,39,28,11,19,14,5,5,4,1,1,0,1,14,10,4
DICKENS COUNTY,125,33 Years,34,24,10,16,9,7,3,3,0,1,0,1,14,12,2
DICKENS COUNTY,125,34 Years,35,26,9,16,10,6,3,3,0,1,1,0,15,12,3
DICKENS COUNTY,125,35 Years,29,19,10,12,6,6,2,2,0,2,1,1,13,10,3
DICKENS COUNTY,125,36 Years,32,19,13,20,9,11,2,2,0,2,2,0,8,6,2
DICKENS COUNTY,125,37 Years,32,20,12,23,12,11,0,0,0,1,1,0,8,7,1
DICKENS COUNTY,125,38 Years,34,20,14,23,14,9,1,1,0,1,0,1,9,5,4
DICKENS COUNTY,125,39 Years,33,20,13,17,9,8,3,3,0,0,0,0,13,8,5
DICKENS COUNTY,125,40 Years,29,19,10,14,8,6,1,1,0,2,1,1,12,9,3
DICKENS COUNTY,125,41 Years,30,21,9,17,13,4,0,0,0,1,0,1,12,8,4
DICKENS COUNTY,125,42 Years,21,15,6,13,9,4,1,1,0,0,0,0,7,5,2
DICKENS COUNTY,125,43 Years,22,13,9,8,4,4,3,2,1,0,0,0,11,7,4
DICKENS COUNTY,125,44 Years,26,16,10,13,7,6,3,2,1,0,0,0,10,7,3
DICKENS COUNTY,125,45 Years,25,13,12,15,7,8,2,2,0,0,0,0,8,4,4
DICKENS COUNTY,125,46 Years,23,12,11,16,7,9,2,2,0,0,0,0,5,3,2
DICKENS COUNTY,125,47 Years,30,17,13,22,12,10,1,1,0,2,2,0,5,2,3
DICKENS COUNTY,125,48 Years,36,20,16,25,12,13,1,1,0,2,2,0,8,5,3
DICKENS COUNTY,125,49 Years,33,18,15,22,10,12,0,0,0,1,0,1,10,8,2
DICKENS COUNTY,125,50 Years,42,22,20,26,12,14,0,0,0,0,0,0,16,10,6
DICKENS COUNTY,125,51 Years,46,23,23,31,13,18,2,2,0,1,1,0,12,7,5
DICKENS COUNTY,125,52 Years,39,22,17,29,16,13,1,1,0,1,1,0,8,4,4
DICKENS COUNTY,125,53 Years,36,16,20,27,13,14,1,0,1,1,0,1,7,3,4
DICKENS COUNTY,125,54 Years,36,18,18,28,13,15,1,0,1,2,2,0,5,3,2
DICKENS COUNTY,125,55 Years,43,22,21,32,15,17,0,0,0,2,1,1,9,6,3
DICKENS COUNTY,125,56 Years,43,25,18,36,21,15,2,2,0,0,0,0,5,2,3
DICKENS COUNTY,125,57 Years,31,20,11,26,16,10,1,1,0,0,0,0,4,3,1
DICKENS COUNTY,125,58 Years,30,15,15,26,12,14,1,0,1,0,0,0,3,3,0
DICKENS COUNTY,125,59 Years,32,16,16,23,10,13,0,0,0,2,1,1,7,5,2
DICKENS COUNTY,125,60 Years,24,11,13,19,9,10,1,1,0,0,0,0,4,1,3
DICKENS COUNTY,125,61 Years,29,11,18,22,9,13,1,1,0,0,0,0,6,1,5
DICKENS COUNTY,125,62 Years,29,11,18,25,10,15,0,0,0,1,0,1,3,1,2
DICKENS COUNTY,125,63 Years,33,15,18,25,10,15,1,1,0,1,1,0,6,3,3
DICKENS COUNTY,125,64 Years,28,9,19,22,7,15,0,0,0,1,1,0,5,1,4
DICKENS COUNTY,125,65 Years,27,11,16,22,9,13,0,0,0,0,0,0,5,2,3
DICKENS COUNTY,125,66 Years,29,15,14,25,14,11,0,0,0,0,0,0,4,1,3
DICKENS COUNTY,125,67 Years,33,14,19,30,13,17,0,0,0,0,0,0,3,1,2
DICKENS COUNTY,125,68 Years,28,12,16,26,10,16,0,0,0,0,0,0,2,2,0
DICKENS COUNTY,125,69 Years,34,19,15,33,18,15,0,0,0,0,0,0,1,1,0
DICKENS COUNTY,125,70 Years,35,17,18,31,15,16,0,0,0,0,0,0,4,2,2
DICKENS COUNTY,125,71 Years,21,11,10,20,11,9,0,0,0,0,0,0,1,0,1
DICKENS COUNTY,125,72 Years,24,13,11,22,11,11,0,0,0,0,0,0,2,2,0
DICKENS COUNTY,125,73 Years,27,12,15,25,10,15,0,0,0,0,0,0,2,2,0
DICKENS COUNTY,125,74 Years,26,12,14,22,11,11,2,1,1,0,0,0,2,0,2
DICKENS COUNTY,125,75 Years,22,10,12,17,9,8,1,0,1,0,0,0,4,1,3
DICKENS COUNTY,125,76 Years,14,7,7,11,6,5,0,0,0,0,0,0,3,1,2
DICKENS COUNTY,125,77 Years,13,9,4,12,8,4,0,0,0,0,0,0,1,1,0
DICKENS COUNTY,125,78 Years,19,12,7,17,11,6,0,0,0,1,1,0,1,0,1
DICKENS COUNTY,125,79 Years,16,7,9,14,6,8,0,0,0,1,0,1,1,1,0
DICKENS COUNTY,125,80 Years,18,7,11,17,6,11,0,0,0,0,0,0,1,1,0
DICKENS COUNTY,125,81 Years,13,7,6,9,5,4,0,0,0,1,1,0,3,1,2
DICKENS COUNTY,125,82 Years,12,6,6,10,5,5,0,0,0,1,1,0,1,0,1
DICKENS COUNTY,125,83 Years,11,6,5,9,5,4,0,0,0,1,0,1,1,1,0
DICKENS COUNTY,125,84 Years,11,5,6,7,2,5,0,0,0,2,2,0,2,1,1
DICKENS COUNTY,125,85 Years +,62,21,41,54,16,38,2,1,1,1,1,0,5,3,2
DIMMIT COUNTY,127,All Ages,10472,5089,5383,1274,659,615,85,47,38,81,32,49,9032,4351,4681
DIMMIT COUNTY,127,< 1 Year,160,85,75,14,9,5,0,0,0,2,1,1,144,75,69
DIMMIT COUNTY,127,1 Years,162,77,85,19,9,10,1,0,1,3,1,2,139,67,72
DIMMIT COUNTY,127,2 Years,165,83,82,17,10,7,0,0,0,2,0,2,146,73,73
DIMMIT COUNTY,127,3 Years,155,79,76,13,9,4,1,1,0,2,1,1,139,68,71
DIMMIT COUNTY,127,4 Years,171,82,89,13,7,6,3,1,2,0,0,0,155,74,81
DIMMIT COUNTY,127,5 Years,186,90,96,16,8,8,3,1,2,0,0,0,167,81,86
DIMMIT COUNTY,127,6 Years,181,89,92,14,7,7,2,1,1,1,0,1,164,81,83
DIMMIT COUNTY,127,7 Years,180,89,91,15,6,9,2,1,1,1,0,1,162,82,80
DIMMIT COUNTY,127,8 Years,159,80,79,15,9,6,2,1,1,1,0,1,141,70,71
DIMMIT COUNTY,127,9 Years,161,87,74,15,9,6,2,1,1,1,1,0,143,76,67
DIMMIT COUNTY,127,10 Years,183,92,91,9,6,3,1,1,0,0,0,0,173,85,88
DIMMIT COUNTY,127,11 Years,164,82,82,11,4,7,0,0,0,1,1,0,152,77,75
DIMMIT COUNTY,127,12 Years,170,84,86,17,8,9,1,1,0,2,2,0,150,73,77
DIMMIT COUNTY,127,13 Years,168,78,90,11,3,8,2,2,0,0,0,0,155,73,82
DIMMIT COUNTY,127,14 Years,168,74,94,9,2,7,1,1,0,2,1,1,156,70,86
DIMMIT COUNTY,127,15 Years,170,81,89,13,4,9,0,0,0,1,1,0,156,76,80
DIMMIT COUNTY,127,16 Years,179,93,86,12,5,7,1,0,1,1,0,1,165,88,77
DIMMIT COUNTY,127,17 Years,192,100,92,12,6,6,3,1,2,0,0,0,177,93,84
DIMMIT COUNTY,127,18 Years,187,101,86,14,7,7,3,2,1,2,0,2,168,92,76
DIMMIT COUNTY,127,19 Years,170,84,86,13,7,6,1,0,1,1,0,1,155,77,78
DIMMIT COUNTY,127,20 Years,116,59,57,12,6,6,1,0,1,0,0,0,103,53,50
DIMMIT COUNTY,127,21 Years,119,61,58,13,5,8,1,0,1,1,1,0,104,55,49
DIMMIT COUNTY,127,22 Years,125,70,55,8,4,4,2,1,1,3,3,0,112,62,50
DIMMIT COUNTY,127,23 Years,143,83,60,15,11,4,0,0,0,2,2,0,126,70,56
DIMMIT COUNTY,127,24 Years,113,61,52,15,9,6,0,0,0,1,1,0,97,51,46
DIMMIT COUNTY,127,25 Years,113,54,59,11,7,4,1,1,0,1,0,1,100,46,54
DIMMIT COUNTY,127,26 Years,99,54,45,12,8,4,1,0,1,0,0,0,86,46,40
DIMMIT COUNTY,127,27 Years,106,60,46,20,13,7,1,0,1,1,1,0,84,46,38
DIMMIT COUNTY,127,28 Years,107,50,57,15,7,8,1,1,0,1,0,1,90,42,48
DIMMIT COUNTY,127,29 Years,109,46,63,16,6,10,1,1,0,4,0,4,88,39,49
DIMMIT COUNTY,127,30 Years,102,47,55,15,8,7,1,0,1,2,0,2,84,39,45
DIMMIT COUNTY,127,31 Years,116,54,62,13,4,9,0,0,0,1,0,1,102,50,52
DIMMIT COUNTY,127,32 Years,99,51,48,15,7,8,1,0,1,0,0,0,83,44,39
DIMMIT COUNTY,127,33 Years,89,42,47,15,11,4,0,0,0,0,0,0,74,31,43
DIMMIT COUNTY,127,34 Years,115,52,63,15,11,4,0,0,0,1,0,1,99,41,58
DIMMIT COUNTY,127,35 Years,133,58,75,19,8,11,1,0,1,0,0,0,113,50,63
DIMMIT COUNTY,127,36 Years,127,64,63,16,10,6,0,0,0,1,0,1,110,54,56
DIMMIT COUNTY,127,37 Years,117,54,63,17,11,6,0,0,0,1,1,0,99,42,57
DIMMIT COUNTY,127,38 Years,92,44,48,11,6,5,0,0,0,1,0,1,80,38,42
DIMMIT COUNTY,127,39 Years,106,49,57,13,6,7,0,0,0,3,1,2,90,42,48
DIMMIT COUNTY,127,40 Years,119,61,58,14,9,5,1,1,0,1,0,1,103,51,52
DIMMIT COUNTY,127,41 Years,143,70,73,17,6,11,1,0,1,0,0,0,125,64,61
DIMMIT COUNTY,127,42 Years,119,59,60,15,7,8,1,1,0,0,0,0,103,51,52
DIMMIT COUNTY,127,43 Years,117,53,64,19,9,10,0,0,0,1,1,0,97,43,54
DIMMIT COUNTY,127,44 Years,124,55,69,19,9,10,1,1,0,2,0,2,102,45,57
DIMMIT COUNTY,127,45 Years,127,61,66,10,6,4,1,1,0,1,0,1,115,54,61
DIMMIT COUNTY,127,46 Years,132,65,67,9,3,6,1,1,0,1,0,1,121,61,60
DIMMIT COUNTY,127,47 Years,133,71,62,18,13,5,1,1,0,2,1,1,112,56,56
DIMMIT COUNTY,127,48 Years,120,64,56,13,8,5,1,1,0,0,0,0,106,55,51
DIMMIT COUNTY,127,49 Years,133,77,56,14,9,5,2,2,0,2,2,0,115,64,51
DIMMIT COUNTY,127,50 Years,142,68,74,23,10,13,2,2,0,0,0,0,117,56,61
DIMMIT COUNTY,127,51 Years,136,71,65,25,18,7,2,2,0,0,0,0,109,51,58
DIMMIT COUNTY,127,52 Years,120,65,55,18,13,5,2,1,1,1,1,0,99,50,49
DIMMIT COUNTY,127,53 Years,128,62,66,21,12,9,1,0,1,1,0,1,105,50,55
DIMMIT COUNTY,127,54 Years,134,67,67,15,7,8,3,2,1,1,0,1,115,58,57
DIMMIT COUNTY,127,55 Years,131,65,66,17,10,7,2,1,1,1,0,1,111,54,57
DIMMIT COUNTY,127,56 Years,130,67,63,16,10,6,2,2,0,4,2,2,108,53,55
DIMMIT COUNTY,127,57 Years,127,59,68,21,8,13,3,2,1,2,1,1,101,48,53
DIMMIT COUNTY,127,58 Years,134,62,72,20,10,10,1,0,1,0,0,0,113,52,61
DIMMIT COUNTY,127,59 Years,137,65,72,16,7,9,2,2,0,1,1,0,118,55,63
DIMMIT COUNTY,127,60 Years,127,63,64,24,13,11,2,2,0,0,0,0,101,48,53
DIMMIT COUNTY,127,61 Years,127,50,77,16,10,6,1,0,1,0,0,0,110,40,70
DIMMIT COUNTY,127,62 Years,149,58,91,21,11,10,1,1,0,1,0,1,126,46,80
DIMMIT COUNTY,127,63 Years,125,60,65,23,12,11,0,0,0,1,0,1,101,48,53
DIMMIT COUNTY,127,64 Years,133,64,69,22,10,12,1,0,1,0,0,0,110,54,56
DIMMIT COUNTY,127,65 Years,116,56,60,20,11,9,1,0,1,1,1,0,94,44,50
DIMMIT COUNTY,127,66 Years,102,48,54,18,8,10,0,0,0,0,0,0,84,40,44
DIMMIT COUNTY,127,67 Years,90,49,41,14,7,7,0,0,0,0,0,0,76,42,34
DIMMIT COUNTY,127,68 Years,88,39,49,15,9,6,0,0,0,0,0,0,73,30,43
DIMMIT COUNTY,127,69 Years,82,34,48,12,6,6,1,1,0,0,0,0,69,27,42
DIMMIT COUNTY,127,70 Years,81,36,45,17,10,7,2,1,1,0,0,0,62,25,37
DIMMIT COUNTY,127,71 Years,69,31,38,14,8,6,1,0,1,1,0,1,53,23,30
DIMMIT COUNTY,127,72 Years,69,32,37,9,5,4,0,0,0,0,0,0,60,27,33
DIMMIT COUNTY,127,73 Years,66,28,38,4,1,3,0,0,0,0,0,0,62,27,35
DIMMIT COUNTY,127,74 Years,61,32,29,4,3,1,0,0,0,1,0,1,56,29,27
DIMMIT COUNTY,127,75 Years,60,27,33,13,8,5,0,0,0,2,1,1,45,18,27
DIMMIT COUNTY,127,76 Years,62,26,36,12,4,8,0,0,0,0,0,0,50,22,28
DIMMIT COUNTY,127,77 Years,66,29,37,10,5,5,0,0,0,0,0,0,56,24,32
DIMMIT COUNTY,127,78 Years,59,31,28,13,6,7,0,0,0,0,0,0,46,25,21
DIMMIT COUNTY,127,79 Years,54,24,30,11,4,7,0,0,0,0,0,0,43,20,23
DIMMIT COUNTY,127,80 Years,54,22,32,7,3,4,0,0,0,0,0,0,47,19,28
DIMMIT COUNTY,127,81 Years,45,19,26,5,2,3,1,0,1,0,0,0,39,17,22
DIMMIT COUNTY,127,82 Years,46,17,29,8,3,5,0,0,0,0,0,0,38,14,24
DIMMIT COUNTY,127,83 Years,33,13,20,6,3,3,1,0,1,1,0,1,25,10,15
DIMMIT COUNTY,127,84 Years,29,13,16,5,3,2,0,0,0,1,0,1,23,10,13
DIMMIT COUNTY,127,85 Years +,216,78,138,53,17,36,2,0,2,4,2,2,157,59,98
DONLEY COUNTY,129,All Ages,3686,1828,1858,3137,1568,1569,161,69,92,74,29,45,314,162,152
DONLEY COUNTY,129,< 1 Year,36,18,18,27,13,14,2,1,1,0,0,0,7,4,3
DONLEY COUNTY,129,1 Years,37,18,19,29,15,14,3,2,1,0,0,0,5,1,4
DONLEY COUNTY,129,2 Years,52,23,29,44,22,22,1,0,1,2,0,2,5,1,4
DONLEY COUNTY,129,3 Years,40,23,17,31,18,13,2,2,0,0,0,0,7,3,4
DONLEY COUNTY,129,4 Years,37,21,16,29,17,12,2,1,1,0,0,0,6,3,3
DONLEY COUNTY,129,5 Years,38,22,16,29,18,11,2,1,1,3,0,3,4,3,1
DONLEY COUNTY,129,6 Years,29,15,14,19,10,9,3,2,1,1,0,1,6,3,3
DONLEY COUNTY,129,7 Years,41,18,23,31,12,19,5,3,2,1,1,0,4,2,2
DONLEY COUNTY,129,8 Years,40,20,20,29,13,16,4,3,1,2,1,1,5,3,2
DONLEY COUNTY,129,9 Years,35,19,16,26,15,11,3,1,2,2,1,1,4,2,2
DONLEY COUNTY,129,10 Years,39,22,17,25,16,9,3,1,2,2,1,1,9,4,5
DONLEY COUNTY,129,11 Years,34,18,16,26,16,10,4,1,3,0,0,0,4,1,3
DONLEY COUNTY,129,12 Years,46,24,22,36,20,16,2,0,2,2,0,2,6,4,2
DONLEY COUNTY,129,13 Years,40,23,17,33,20,13,1,0,1,2,0,2,4,3,1
DONLEY COUNTY,129,14 Years,44,21,23,33,19,14,3,1,2,2,0,2,6,1,5
DONLEY COUNTY,129,15 Years,38,19,19,28,17,11,4,1,3,0,0,0,6,1,5
DONLEY COUNTY,129,16 Years,51,28,23,40,24,16,4,0,4,0,0,0,7,4,3
DONLEY COUNTY,129,17 Years,61,34,27,47,27,20,3,0,3,3,1,2,8,6,2
DONLEY COUNTY,129,18 Years,55,26,29,44,23,21,4,1,3,1,0,1,6,2,4
DONLEY COUNTY,129,19 Years,76,36,40,54,25,29,7,4,3,3,2,1,12,5,7
DONLEY COUNTY,129,20 Years,127,68,59,97,50,47,8,4,4,2,1,1,20,13,7
DONLEY COUNTY,129,21 Years,114,67,47,89,50,39,9,5,4,1,1,0,15,11,4
DONLEY COUNTY,129,22 Years,53,27,26,42,19,23,5,3,2,0,0,0,6,5,1
DONLEY COUNTY,129,23 Years,41,22,19,32,15,17,4,4,0,0,0,0,5,3,2
DONLEY COUNTY,129,24 Years,26,13,13,19,9,10,2,1,1,2,2,0,3,1,2
DONLEY COUNTY,129,25 Years,26,15,11,22,12,10,0,0,0,1,1,0,3,2,1
DONLEY COUNTY,129,26 Years,37,17,20,29,14,15,1,0,1,0,0,0,7,3,4
DONLEY COUNTY,129,27 Years,38,19,19,33,18,15,1,0,1,0,0,0,4,1,3
DONLEY COUNTY,129,28 Years,36,20,16,31,18,13,0,0,0,0,0,0,5,2,3
DONLEY COUNTY,129,29 Years,49,24,25,39,19,20,1,0,1,1,0,1,8,5,3
DONLEY COUNTY,129,30 Years,35,18,17,29,16,13,1,0,1,1,0,1,4,2,2
DONLEY COUNTY,129,31 Years,40,21,19,33,17,16,2,1,1,0,0,0,5,3,2
DONLEY COUNTY,129,32 Years,34,19,15,28,17,11,1,0,1,0,0,0,5,2,3
DONLEY COUNTY,129,33 Years,31,18,13,27,16,11,1,0,1,1,1,0,2,1,1
DONLEY COUNTY,129,34 Years,31,14,17,25,12,13,1,0,1,1,1,0,4,1,3
DONLEY COUNTY,129,35 Years,30,13,17,25,11,14,2,0,2,0,0,0,3,2,1
DONLEY COUNTY,129,36 Years,32,18,14,27,16,11,1,0,1,0,0,0,4,2,2
DONLEY COUNTY,129,37 Years,30,13,17,25,11,14,2,1,1,1,1,0,2,0,2
DONLEY COUNTY,129,38 Years,30,14,16,22,8,14,2,1,1,1,1,0,5,4,1
DONLEY COUNTY,129,39 Years,33,17,16,25,12,13,3,2,1,1,1,0,4,2,2
DONLEY COUNTY,129,40 Years,41,22,19,38,20,18,3,2,1,0,0,0,0,0,0
DONLEY COUNTY,129,41 Years,39,21,18,35,18,17,2,2,0,1,1,0,1,0,1
DONLEY COUNTY,129,42 Years,34,19,15,30,16,14,1,1,0,2,1,1,1,1,0
DONLEY COUNTY,129,43 Years,33,16,17,26,14,12,1,0,1,3,1,2,3,1,2
DONLEY COUNTY,129,44 Years,33,16,17,29,15,14,0,0,0,1,0,1,3,1,2
DONLEY COUNTY,129,45 Years,43,18,25,37,14,23,2,1,1,0,0,0,4,3,1
DONLEY COUNTY,129,46 Years,37,19,18,34,17,17,2,1,1,0,0,0,1,1,0
DONLEY COUNTY,129,47 Years,46,20,26,42,19,23,1,1,0,1,0,1,2,0,2
DONLEY COUNTY,129,48 Years,56,27,29,50,26,24,1,1,0,3,0,3,2,0,2
DONLEY COUNTY,129,49 Years,55,28,27,46,25,21,5,2,3,2,0,2,2,1,1
DONLEY COUNTY,129,50 Years,51,26,25,43,22,21,1,0,1,0,0,0,7,4,3
DONLEY COUNTY,129,51 Years,50,22,28,41,18,23,2,1,1,0,0,0,7,3,4
DONLEY COUNTY,129,52 Years,49,23,26,41,18,23,2,1,1,1,1,0,5,3,2
DONLEY COUNTY,129,53 Years,43,18,25,38,17,21,2,0,2,1,1,0,2,0,2
DONLEY COUNTY,129,54 Years,44,22,22,37,18,19,0,0,0,2,1,1,5,3,2
DONLEY COUNTY,129,55 Years,56,29,27,51,25,26,0,0,0,1,1,0,4,3,1
DONLEY COUNTY,129,56 Years,57,32,25,52,30,22,3,1,2,1,0,1,1,1,0
DONLEY COUNTY,129,57 Years,46,24,22,44,24,20,2,0,2,0,0,0,0,0,0
DONLEY COUNTY,129,58 Years,43,23,20,40,21,19,2,1,1,0,0,0,1,1,0
DONLEY COUNTY,129,59 Years,42,22,20,39,20,19,2,1,1,0,0,0,1,1,0
DONLEY COUNTY,129,60 Years,48,23,25,45,21,24,1,1,0,0,0,0,2,1,1
DONLEY COUNTY,129,61 Years,52,27,25,47,26,21,0,0,0,1,0,1,4,1,3
DONLEY COUNTY,129,62 Years,58,31,27,52,28,24,1,1,0,1,0,1,4,2,2
DONLEY COUNTY,129,63 Years,50,19,31,47,18,29,1,1,0,1,0,1,1,0,1
DONLEY COUNTY,129,64 Years,47,23,24,45,22,23,0,0,0,2,1,1,0,0,0
DONLEY COUNTY,129,65 Years,43,17,26,39,15,24,0,0,0,1,0,1,3,2,1
DONLEY COUNTY,129,66 Years,39,18,21,35,16,19,1,0,1,0,0,0,3,2,1
DONLEY COUNTY,129,67 Years,51,22,29,49,22,27,1,0,1,0,0,0,1,0,1
DONLEY COUNTY,129,68 Years,46,21,25,43,20,23,0,0,0,2,1,1,1,0,1
DONLEY COUNTY,129,69 Years,39,16,23,37,15,22,0,0,0,1,0,1,1,1,0
DONLEY COUNTY,129,70 Years,43,23,20,41,22,19,1,0,1,0,0,0,1,1,0
DONLEY COUNTY,129,71 Years,48,27,21,44,24,20,2,1,1,0,0,0,2,2,0
DONLEY COUNTY,129,72 Years,37,18,19,35,18,17,1,0,1,0,0,0,1,0,1
DONLEY COUNTY,129,73 Years,34,14,20,33,14,19,0,0,0,0,0,0,1,0,1
DONLEY COUNTY,129,74 Years,41,18,23,39,18,21,1,0,1,1,0,1,0,0,0
DONLEY COUNTY,129,75 Years,37,16,21,35,16,19,1,0,1,1,0,1,0,0,0
DONLEY COUNTY,129,76 Years,37,18,19,34,16,18,0,0,0,2,1,1,1,1,0
DONLEY COUNTY,129,77 Years,31,15,16,27,12,15,2,2,0,1,0,1,1,1,0
DONLEY COUNTY,129,78 Years,26,12,14,25,12,13,1,0,1,0,0,0,0,0,0
DONLEY COUNTY,129,79 Years,25,13,12,25,13,12,0,0,0,0,0,0,0,0,0
DONLEY COUNTY,129,80 Years,27,11,16,27,11,16,0,0,0,0,0,0,0,0,0
DONLEY COUNTY,129,81 Years,32,17,15,32,17,15,0,0,0,0,0,0,0,0,0
DONLEY COUNTY,129,82 Years,29,13,16,29,13,16,0,0,0,0,0,0,0,0,0
DONLEY COUNTY,129,83 Years,22,11,11,21,10,11,0,0,0,1,1,0,0,0,0
DONLEY COUNTY,129,84 Years,24,8,16,20,7,13,3,0,3,1,1,0,0,0,0
DONLEY COUNTY,129,85 Years +,80,25,55,79,25,54,1,0,1,0,0,0,0,0,0
DUVAL COUNTY,131,All Ages,11806,6097,5709,1203,687,516,85,81,4,68,32,36,10450,5297,5153
DUVAL COUNTY,131,< 1 Year,171,84,87,12,5,7,0,0,0,1,1,0,158,78,80
DUVAL COUNTY,131,1 Years,172,83,89,10,5,5,1,1,0,0,0,0,161,77,84
DUVAL COUNTY,131,2 Years,179,95,84,13,6,7,1,1,0,0,0,0,165,88,77
DUVAL COUNTY,131,3 Years,175,82,93,14,6,8,1,1,0,2,1,1,158,74,84
DUVAL COUNTY,131,4 Years,164,86,78,10,4,6,1,1,0,1,0,1,152,81,71
DUVAL COUNTY,131,5 Years,150,68,82,9,5,4,0,0,0,1,0,1,140,63,77
DUVAL COUNTY,131,6 Years,181,96,85,17,10,7,0,0,0,1,1,0,163,85,78
DUVAL COUNTY,131,7 Years,166,92,74,13,7,6,0,0,0,1,1,0,152,84,68
DUVAL COUNTY,131,8 Years,165,99,66,15,10,5,0,0,0,0,0,0,150,89,61
DUVAL COUNTY,131,9 Years,153,84,69,13,10,3,0,0,0,1,1,0,139,73,66
DUVAL COUNTY,131,10 Years,146,73,73,10,7,3,0,0,0,1,0,1,135,66,69
DUVAL COUNTY,131,11 Years,187,86,101,21,10,11,0,0,0,1,0,1,165,76,89
DUVAL COUNTY,131,12 Years,158,75,83,15,8,7,0,0,0,0,0,0,143,67,76
DUVAL COUNTY,131,13 Years,159,76,83,13,7,6,0,0,0,1,0,1,145,69,76
DUVAL COUNTY,131,14 Years,164,77,87,8,6,2,0,0,0,0,0,0,156,71,85
DUVAL COUNTY,131,15 Years,175,81,94,15,5,10,0,0,0,1,0,1,159,76,83
DUVAL COUNTY,131,16 Years,183,92,91,12,4,8,1,0,1,1,0,1,169,88,81
DUVAL COUNTY,131,17 Years,198,103,95,19,9,10,0,0,0,1,0,1,178,94,84
DUVAL COUNTY,131,18 Years,180,102,78,13,9,4,0,0,0,0,0,0,167,93,74
DUVAL COUNTY,131,19 Years,190,103,87,10,6,4,1,1,0,1,1,0,178,95,83
DUVAL COUNTY,131,20 Years,188,101,87,17,13,4,2,2,0,0,0,0,169,86,83
DUVAL COUNTY,131,21 Years,165,97,68,10,6,4,1,1,0,0,0,0,154,90,64
DUVAL COUNTY,131,22 Years,151,89,62,16,12,4,0,0,0,1,1,0,134,76,58
DUVAL COUNTY,131,23 Years,155,94,61,11,10,1,5,5,0,1,1,0,138,78,60
DUVAL COUNTY,131,24 Years,153,91,62,12,8,4,1,1,0,1,1,0,139,81,58
DUVAL COUNTY,131,25 Years,150,83,67,10,7,3,1,1,0,1,1,0,138,74,64
DUVAL COUNTY,131,26 Years,143,85,58,12,10,2,2,2,0,1,1,0,128,72,56
DUVAL COUNTY,131,27 Years,130,68,62,14,9,5,1,1,0,0,0,0,115,58,57
DUVAL COUNTY,131,28 Years,140,81,59,16,10,6,1,1,0,1,0,1,122,70,52
DUVAL COUNTY,131,29 Years,131,80,51,17,11,6,2,2,0,1,0,1,111,67,44
DUVAL COUNTY,131,30 Years,129,66,63,11,7,4,2,2,0,1,0,1,115,57,58
DUVAL COUNTY,131,31 Years,140,73,67,16,9,7,2,2,0,0,0,0,122,62,60
DUVAL COUNTY,131,32 Years,120,62,58,13,7,6,1,1,0,2,2,0,104,52,52
DUVAL COUNTY,131,33 Years,137,75,62,17,7,10,1,1,0,1,1,0,118,66,52
DUVAL COUNTY,131,34 Years,139,75,64,17,9,8,1,1,0,2,1,1,119,64,55
DUVAL COUNTY,131,35 Years,134,75,59,18,10,8,1,1,0,0,0,0,115,64,51
DUVAL COUNTY,131,36 Years,117,59,58,12,8,4,1,1,0,2,2,0,102,48,54
DUVAL COUNTY,131,37 Years,141,67,74,15,9,6,0,0,0,1,1,0,125,57,68
DUVAL COUNTY,131,38 Years,133,66,67,17,10,7,2,2,0,1,0,1,113,54,59
DUVAL COUNTY,131,39 Years,134,83,51,18,13,5,2,2,0,1,0,1,113,68,45
DUVAL COUNTY,131,40 Years,147,80,67,15,9,6,2,2,0,0,0,0,130,69,61
DUVAL COUNTY,131,41 Years,123,67,56,6,3,3,4,4,0,0,0,0,113,60,53
DUVAL COUNTY,131,42 Years,133,68,65,12,8,4,2,2,0,1,0,1,118,58,60
DUVAL COUNTY,131,43 Years,140,77,63,15,12,3,1,1,0,1,0,1,123,64,59
DUVAL COUNTY,131,44 Years,140,81,59,15,11,4,5,5,0,1,0,1,119,65,54
DUVAL COUNTY,131,45 Years,151,82,69,10,7,3,5,4,1,3,0,3,133,71,62
DUVAL COUNTY,131,46 Years,152,84,68,17,16,1,3,3,0,2,1,1,130,64,66
DUVAL COUNTY,131,47 Years,146,81,65,16,11,5,2,2,0,0,0,0,128,68,60
DUVAL COUNTY,131,48 Years,164,83,81,20,12,8,3,3,0,1,0,1,140,68,72
DUVAL COUNTY,131,49 Years,173,90,83,15,7,8,2,2,0,2,1,1,154,80,74
DUVAL COUNTY,131,50 Years,199,118,81,19,11,8,4,3,1,0,0,0,176,104,72
DUVAL COUNTY,131,51 Years,175,91,84,17,11,6,3,2,1,2,1,1,153,77,76
DUVAL COUNTY,131,52 Years,148,78,70,19,13,6,1,1,0,1,1,0,127,63,64
DUVAL COUNTY,131,53 Years,163,91,72,22,14,8,1,1,0,1,1,0,139,75,64
DUVAL COUNTY,131,54 Years,153,81,72,17,7,10,1,1,0,0,0,0,135,73,62
DUVAL COUNTY,131,55 Years,139,75,64,16,6,10,5,5,0,0,0,0,118,64,54
DUVAL COUNTY,131,56 Years,137,67,70,20,10,10,1,1,0,1,1,0,115,55,60
DUVAL COUNTY,131,57 Years,133,67,66,12,6,6,1,1,0,0,0,0,120,60,60
DUVAL COUNTY,131,58 Years,133,79,54,16,13,3,1,1,0,1,1,0,115,64,51
DUVAL COUNTY,131,59 Years,124,79,45,19,16,3,0,0,0,1,1,0,104,62,42
DUVAL COUNTY,131,60 Years,125,62,63,12,6,6,1,1,0,0,0,0,112,55,57
DUVAL COUNTY,131,61 Years,123,51,72,17,4,13,1,1,0,1,0,1,104,46,58
DUVAL COUNTY,131,62 Years,127,60,67,14,7,7,0,0,0,2,1,1,111,52,59
DUVAL COUNTY,131,63 Years,126,64,62,14,7,7,0,0,0,2,1,1,110,56,54
DUVAL COUNTY,131,64 Years,124,66,58,14,5,9,1,1,0,1,1,0,108,59,49
DUVAL COUNTY,131,65 Years,132,61,71,17,9,8,0,0,0,1,1,0,114,51,63
DUVAL COUNTY,131,66 Years,149,72,77,17,10,7,0,0,0,1,1,0,131,61,70
DUVAL COUNTY,131,67 Years,135,67,68,17,9,8,0,0,0,2,1,1,116,57,59
DUVAL COUNTY,131,68 Years,113,57,56,9,5,4,0,0,0,1,0,1,103,52,51
DUVAL COUNTY,131,69 Years,100,48,52,11,6,5,0,0,0,0,0,0,89,42,47
DUVAL COUNTY,131,70 Years,96,43,53,13,5,8,0,0,0,0,0,0,83,38,45
DUVAL COUNTY,131,71 Years,88,41,47,12,3,9,0,0,0,2,0,2,74,38,36
DUVAL COUNTY,131,72 Years,107,48,59,16,7,9,0,0,0,1,0,1,90,41,49
DUVAL COUNTY,131,73 Years,78,34,44,15,7,8,0,0,0,0,0,0,63,27,36
DUVAL COUNTY,131,74 Years,74,34,40,12,7,5,0,0,0,0,0,0,62,27,35
DUVAL COUNTY,131,75 Years,89,39,50,12,6,6,0,0,0,0,0,0,77,33,44
DUVAL COUNTY,131,76 Years,81,36,45,10,6,4,0,0,0,0,0,0,71,30,41
DUVAL COUNTY,131,77 Years,63,27,36,9,6,3,0,0,0,1,0,1,53,21,32
DUVAL COUNTY,131,78 Years,75,32,43,11,6,5,0,0,0,1,0,1,63,26,37
DUVAL COUNTY,131,79 Years,76,34,42,14,9,5,0,0,0,0,0,0,62,25,37
DUVAL COUNTY,131,80 Years,78,39,39,12,7,5,0,0,0,0,0,0,66,32,34
DUVAL COUNTY,131,81 Years,56,22,34,9,3,6,0,0,0,0,0,0,47,19,28
DUVAL COUNTY,131,82 Years,59,23,36,6,2,4,0,0,0,0,0,0,53,21,32
DUVAL COUNTY,131,83 Years,56,25,31,8,5,3,0,0,0,0,0,0,48,20,28
DUVAL COUNTY,131,84 Years,49,22,27,6,3,3,0,0,0,0,0,0,43,19,24
DUVAL COUNTY,131,85 Years +,208,64,144,27,10,17,0,0,0,1,0,1,180,54,126
EASTLAND COUNTY,133,All Ages,18564,9081,9483,15161,7302,7859,321,189,132,329,167,162,2753,1423,1330
EASTLAND COUNTY,133,< 1 Year,225,114,111,162,81,81,5,3,2,4,2,2,54,28,26
EASTLAND COUNTY,133,1 Years,222,117,105,163,85,78,3,3,0,3,1,2,53,28,25
EASTLAND COUNTY,133,2 Years,214,111,103,146,76,70,2,2,0,3,1,2,63,32,31
EASTLAND COUNTY,133,3 Years,223,111,112,148,72,76,4,2,2,5,2,3,66,35,31
EASTLAND COUNTY,133,4 Years,211,100,111,145,74,71,2,1,1,6,3,3,58,22,36
EASTLAND COUNTY,133,5 Years,238,108,130,167,79,88,1,1,0,5,3,2,65,25,40
EASTLAND COUNTY,133,6 Years,225,104,121,156,70,86,3,2,1,5,3,2,61,29,32
EASTLAND COUNTY,133,7 Years,231,108,123,158,74,84,3,0,3,6,2,4,64,32,32
EASTLAND COUNTY,133,8 Years,248,132,116,180,98,82,2,0,2,5,3,2,61,31,30
EASTLAND COUNTY,133,9 Years,230,122,108,170,91,79,1,0,1,4,1,3,55,30,25
EASTLAND COUNTY,133,10 Years,217,121,96,157,89,68,3,1,2,4,1,3,53,30,23
EASTLAND COUNTY,133,11 Years,219,118,101,163,93,70,3,1,2,3,1,2,50,23,27
EASTLAND COUNTY,133,12 Years,237,124,113,176,93,83,1,0,1,8,5,3,52,26,26
EASTLAND COUNTY,133,13 Years,211,100,111,153,73,80,3,1,2,3,2,1,52,24,28
EASTLAND COUNTY,133,14 Years,237,119,118,183,85,98,1,1,0,3,2,1,50,31,19
EASTLAND COUNTY,133,15 Years,256,125,131,201,93,108,1,0,1,3,2,1,51,30,21
EASTLAND COUNTY,133,16 Years,244,116,128,178,77,101,2,2,0,4,2,2,60,35,25
EASTLAND COUNTY,133,17 Years,247,123,124,182,89,93,3,2,1,4,3,1,58,29,29
EASTLAND COUNTY,133,18 Years,243,135,108,178,98,80,8,6,2,3,3,0,54,28,26
EASTLAND COUNTY,133,19 Years,287,148,139,198,96,102,21,9,12,2,1,1,66,42,24
EASTLAND COUNTY,133,20 Years,431,247,184,269,159,110,56,35,21,13,9,4,93,44,49
EASTLAND COUNTY,133,21 Years,346,197,149,220,126,94,37,25,12,11,7,4,78,39,39
EASTLAND COUNTY,133,22 Years,235,130,105,155,82,73,26,22,4,5,3,2,49,23,26
EASTLAND COUNTY,133,23 Years,188,100,88,129,64,65,15,11,4,3,2,1,41,23,18
EASTLAND COUNTY,133,24 Years,176,95,81,119,63,56,9,6,3,2,2,0,46,24,22
EASTLAND COUNTY,133,25 Years,185,88,97,138,64,74,3,2,1,1,1,0,43,21,22
EASTLAND COUNTY,133,26 Years,204,92,112,156,68,88,1,1,0,5,2,3,42,21,21
EASTLAND COUNTY,133,27 Years,166,83,83,130,66,64,1,0,1,3,2,1,32,15,17
EASTLAND COUNTY,133,28 Years,203,97,106,151,69,82,3,2,1,3,1,2,46,25,21
EASTLAND COUNTY,133,29 Years,199,105,94,161,81,80,2,2,0,1,1,0,35,21,14
EASTLAND COUNTY,133,30 Years,194,99,95,155,83,72,3,2,1,4,1,3,32,13,19
EASTLAND COUNTY,133,31 Years,202,94,108,161,73,88,2,2,0,4,1,3,35,18,17
EASTLAND COUNTY,133,32 Years,193,98,95,149,71,78,2,1,1,5,3,2,37,23,14
EASTLAND COUNTY,133,33 Years,166,78,88,127,62,65,1,0,1,4,1,3,34,15,19
EASTLAND COUNTY,133,34 Years,172,92,80,134,73,61,1,1,0,2,0,2,35,18,17
EASTLAND COUNTY,133,35 Years,190,98,92,158,77,81,1,1,0,2,1,1,29,19,10
EASTLAND COUNTY,133,36 Years,179,93,86,151,77,74,2,1,1,2,0,2,24,15,9
EASTLAND COUNTY,133,37 Years,159,86,73,131,71,60,2,1,1,4,2,2,22,12,10
EASTLAND COUNTY,133,38 Years,156,68,88,126,57,69,1,1,0,5,2,3,24,8,16
EASTLAND COUNTY,133,39 Years,178,89,89,151,76,75,0,0,0,3,2,1,24,11,13
EASTLAND COUNTY,133,40 Years,176,83,93,144,68,76,0,0,0,5,3,2,27,12,15
EASTLAND COUNTY,133,41 Years,186,95,91,148,76,72,0,0,0,2,2,0,36,17,19
EASTLAND COUNTY,133,42 Years,189,94,95,153,75,78,0,0,0,5,3,2,31,16,15
EASTLAND COUNTY,133,43 Years,177,81,96,149,68,81,1,0,1,5,1,4,22,12,10
EASTLAND COUNTY,133,44 Years,188,81,107,159,66,93,1,0,1,4,1,3,24,14,10
EASTLAND COUNTY,133,45 Years,198,98,100,167,79,88,1,1,0,3,2,1,27,16,11
EASTLAND COUNTY,133,46 Years,217,110,107,188,94,94,1,1,0,3,0,3,25,15,10
EASTLAND COUNTY,133,47 Years,233,110,123,193,91,102,3,2,1,7,3,4,30,14,16
EASTLAND COUNTY,133,48 Years,256,131,125,203,107,96,1,0,1,7,2,5,45,22,23
EASTLAND COUNTY,133,49 Years,280,142,138,242,121,121,4,3,1,5,3,2,29,15,14
EASTLAND COUNTY,133,50 Years,263,134,129,222,107,115,4,3,1,5,4,1,32,20,12
EASTLAND COUNTY,133,51 Years,273,132,141,229,106,123,3,1,2,5,4,1,36,21,15
EASTLAND COUNTY,133,52 Years,307,141,166,267,119,148,3,2,1,5,4,1,32,16,16
EASTLAND COUNTY,133,53 Years,303,151,152,264,129,135,5,2,3,7,5,2,27,15,12
EASTLAND COUNTY,133,54 Years,269,135,134,234,117,117,4,2,2,4,2,2,27,14,13
EASTLAND COUNTY,133,55 Years,259,130,129,229,112,117,4,2,2,3,2,1,23,14,9
EASTLAND COUNTY,133,56 Years,250,128,122,218,110,108,2,1,1,5,0,5,25,17,8
EASTLAND COUNTY,133,57 Years,222,116,106,196,100,96,1,1,0,5,2,3,20,13,7
EASTLAND COUNTY,133,58 Years,231,120,111,196,99,97,3,2,1,5,2,3,27,17,10
EASTLAND COUNTY,133,59 Years,261,130,131,231,115,116,1,0,1,5,2,3,24,13,11
EASTLAND COUNTY,133,60 Years,258,126,132,234,113,121,2,1,1,4,2,2,18,10,8
EASTLAND COUNTY,133,61 Years,254,121,133,235,109,126,4,2,2,2,2,0,13,8,5
EASTLAND COUNTY,133,62 Years,224,105,119,211,100,111,3,1,2,2,1,1,8,3,5
EASTLAND COUNTY,133,63 Years,272,126,146,245,112,133,1,0,1,5,2,3,21,12,9
EASTLAND COUNTY,133,64 Years,292,130,162,266,115,151,1,0,1,5,3,2,20,12,8
EASTLAND COUNTY,133,65 Years,233,106,127,212,95,117,0,0,0,5,3,2,16,8,8
EASTLAND COUNTY,133,66 Years,220,108,112,210,103,107,0,0,0,1,0,1,9,5,4
EASTLAND COUNTY,133,67 Years,217,113,104,203,107,96,2,0,2,3,2,1,9,4,5
EASTLAND COUNTY,133,68 Years,236,108,128,219,101,118,2,1,1,5,3,2,10,3,7
EASTLAND COUNTY,133,69 Years,214,98,116,198,93,105,0,0,0,5,2,3,11,3,8
EASTLAND COUNTY,133,70 Years,184,80,104,175,77,98,0,0,0,1,0,1,8,3,5
EASTLAND COUNTY,133,71 Years,193,92,101,179,86,93,5,3,2,3,2,1,6,1,5
EASTLAND COUNTY,133,72 Years,197,94,103,182,89,93,2,1,1,4,1,3,9,3,6
EASTLAND COUNTY,133,73 Years,172,85,87,162,80,82,1,0,1,3,2,1,6,3,3
EASTLAND COUNTY,133,74 Years,164,74,90,153,68,85,2,0,2,3,2,1,6,4,2
EASTLAND COUNTY,133,75 Years,152,68,84,141,63,78,1,0,1,2,1,1,8,4,4
EASTLAND COUNTY,133,76 Years,153,69,84,145,65,80,0,0,0,2,1,1,6,3,3
EASTLAND COUNTY,133,77 Years,135,63,72,125,59,66,3,1,2,1,1,0,6,2,4
EASTLAND COUNTY,133,78 Years,134,62,72,121,55,66,2,1,1,2,1,1,9,5,4
EASTLAND COUNTY,133,79 Years,132,59,73,122,53,69,2,1,1,2,1,1,6,4,2
EASTLAND COUNTY,133,80 Years,118,53,65,110,52,58,1,0,1,1,0,1,6,1,5
EASTLAND COUNTY,133,81 Years,109,43,66,103,42,61,0,0,0,0,0,0,6,1,5
EASTLAND COUNTY,133,82 Years,102,45,57,98,42,56,0,0,0,1,1,0,3,2,1
EASTLAND COUNTY,133,83 Years,95,35,60,91,32,59,0,0,0,1,1,0,3,2,1
EASTLAND COUNTY,133,84 Years,80,36,44,75,34,41,0,0,0,3,0,3,2,2,0
EASTLAND COUNTY,133,85 Years +,499,155,344,479,150,329,5,1,4,3,0,3,12,4,8
ECTOR COUNTY,135,All Ages,139259,68806,70453,55803,27322,28481,5677,2824,2853,2994,1462,1532,74785,37198,37587
ECTOR COUNTY,135,< 1 Year,2521,1287,1234,719,369,350,91,45,46,39,19,20,1672,854,818
ECTOR COUNTY,135,1 Years,2502,1293,1209,638,343,295,107,51,56,61,33,28,1696,866,830
ECTOR COUNTY,135,2 Years,2463,1245,1218,671,354,317,93,46,47,55,27,28,1644,818,826
ECTOR COUNTY,135,3 Years,2444,1235,1209,661,350,311,111,54,57,59,29,30,1613,802,811
ECTOR COUNTY,135,4 Years,2413,1231,1182,645,320,325,102,48,54,56,28,28,1610,835,775
ECTOR COUNTY,135,5 Years,2273,1168,1105,585,290,295,90,48,42,53,26,27,1545,804,741
ECTOR COUNTY,135,6 Years,2289,1175,1114,576,296,280,92,47,45,64,31,33,1557,801,756
ECTOR COUNTY,135,7 Years,2313,1184,1129,617,315,302,90,48,42,59,32,27,1547,789,758
ECTOR COUNTY,135,8 Years,2317,1167,1150,592,293,299,98,49,49,56,28,28,1571,797,774
ECTOR COUNTY,135,9 Years,2208,1125,1083,575,312,263,91,43,48,47,16,31,1495,754,741
ECTOR COUNTY,135,10 Years,2139,1106,1033,558,295,263,78,40,38,51,25,26,1452,746,706
ECTOR COUNTY,135,11 Years,2146,1115,1031,557,295,262,96,54,42,57,29,28,1436,737,699
ECTOR COUNTY,135,12 Years,2137,1121,1016,580,321,259,92,53,39,54,29,25,1411,718,693
ECTOR COUNTY,135,13 Years,2127,1100,1027,623,328,295,88,45,43,57,32,25,1359,695,664
ECTOR COUNTY,135,14 Years,2062,1067,995,602,312,290,76,44,32,52,29,23,1332,682,650
ECTOR COUNTY,135,15 Years,1977,1009,968,593,288,305,85,43,42,37,19,18,1262,659,603
ECTOR COUNTY,135,16 Years,1930,976,954,551,279,272,81,40,41,50,27,23,1248,630,618
ECTOR COUNTY,135,17 Years,1991,1004,987,595,312,283,83,46,37,33,16,17,1280,630,650
ECTOR COUNTY,135,18 Years,2102,1040,1062,640,329,311,96,49,47,36,22,14,1330,640,690
ECTOR COUNTY,135,19 Years,2141,1064,1077,678,347,331,91,43,48,47,27,20,1325,647,678
ECTOR COUNTY,135,20 Years,2196,1069,1127,736,353,383,91,47,44,46,25,21,1323,644,679
ECTOR COUNTY,135,21 Years,2219,1100,1119,738,347,391,91,47,44,42,21,21,1348,685,663
ECTOR COUNTY,135,22 Years,2239,1127,1112,719,376,343,93,46,47,42,20,22,1385,685,700
ECTOR COUNTY,135,23 Years,2158,1062,1096,759,385,374,96,44,52,37,15,22,1266,618,648
ECTOR COUNTY,135,24 Years,2257,1120,1137,792,403,389,98,54,44,44,20,24,1323,643,680
ECTOR COUNTY,135,25 Years,2264,1147,1117,811,409,402,92,46,46,47,22,25,1314,670,644
ECTOR COUNTY,135,26 Years,2190,1076,1114,814,399,415,90,45,45,42,17,25,1244,615,629
ECTOR COUNTY,135,27 Years,2103,1058,1045,765,389,376,81,44,37,35,14,21,1222,611,611
ECTOR COUNTY,135,28 Years,2223,1143,1080,818,416,402,82,40,42,35,17,18,1288,670,618
ECTOR COUNTY,135,29 Years,2121,1086,1035,759,373,386,79,45,34,46,22,24,1237,646,591
ECTOR COUNTY,135,30 Years,2062,1051,1011,764,377,387,77,43,34,45,24,21,1176,607,569
ECTOR COUNTY,135,31 Years,2020,1035,985,768,377,391,70,38,32,45,23,22,1137,597,540
ECTOR COUNTY,135,32 Years,1846,930,916,691,361,330,72,37,35,38,14,24,1045,518,527
ECTOR COUNTY,135,33 Years,1768,881,887,661,350,311,73,35,38,41,15,26,993,481,512
ECTOR COUNTY,135,34 Years,1765,877,888,628,324,304,62,31,31,37,16,21,1038,506,532
ECTOR COUNTY,135,35 Years,1759,893,866,598,317,281,61,33,28,40,21,19,1060,522,538
ECTOR COUNTY,135,36 Years,1737,878,859,605,313,292,67,38,29,32,16,16,1033,511,522
ECTOR COUNTY,135,37 Years,1643,786,857,591,296,295,64,33,31,31,16,15,957,441,516
ECTOR COUNTY,135,38 Years,1613,789,824,615,305,310,57,30,27,36,18,18,905,436,469
ECTOR COUNTY,135,39 Years,1708,828,880,626,304,322,70,33,37,46,23,23,966,468,498
ECTOR COUNTY,135,40 Years,1761,884,877,668,323,345,69,38,31,52,23,29,972,500,472
ECTOR COUNTY,135,41 Years,1662,844,818,642,330,312,64,34,30,39,20,19,917,460,457
ECTOR COUNTY,135,42 Years,1597,772,825,640,308,332,60,29,31,27,15,12,870,420,450
ECTOR COUNTY,135,43 Years,1595,777,818,613,294,319,62,30,32,33,18,15,887,435,452
ECTOR COUNTY,135,44 Years,1545,762,783,587,282,305,67,29,38,27,16,11,864,435,429
ECTOR COUNTY,135,45 Years,1592,781,811,655,318,337,63,35,28,28,17,11,846,411,435
ECTOR COUNTY,135,46 Years,1705,849,856,723,369,354,76,44,32,32,17,15,874,419,455
ECTOR COUNTY,135,47 Years,1723,828,895,782,382,400,86,41,45,31,14,17,824,391,433
ECTOR COUNTY,135,48 Years,1805,872,933,877,412,465,70,34,36,38,20,18,820,406,414
ECTOR COUNTY,135,49 Years,1820,904,916,870,431,439,77,37,40,40,22,18,833,414,419
ECTOR COUNTY,135,50 Years,1867,917,950,911,442,469,93,44,49,42,18,24,821,413,408
ECTOR COUNTY,135,51 Years,1860,917,943,902,448,454,91,48,43,41,19,22,826,402,424
ECTOR COUNTY,135,52 Years,1844,892,952,962,480,482,84,38,46,38,17,21,760,357,403
ECTOR COUNTY,135,53 Years,1822,885,937,941,462,479,77,37,40,47,19,28,757,367,390
ECTOR COUNTY,135,54 Years,1829,909,920,950,473,477,86,47,39,58,24,34,735,365,370
ECTOR COUNTY,135,55 Years,1812,893,919,973,480,493,81,46,35,43,21,22,715,346,369
ECTOR COUNTY,135,56 Years,1708,847,861,929,458,471,72,36,36,39,21,18,668,332,336
ECTOR COUNTY,135,57 Years,1611,794,817,890,450,440,73,35,38,43,25,18,605,284,321
ECTOR COUNTY,135,58 Years,1572,799,773,872,450,422,60,30,30,36,20,16,604,299,305
ECTOR COUNTY,135,59 Years,1490,735,755,848,410,438,53,25,28,34,19,15,555,281,274
ECTOR COUNTY,135,60 Years,1358,662,696,754,357,397,56,29,27,28,12,16,520,264,256
ECTOR COUNTY,135,61 Years,1371,689,682,767,398,369,56,29,27,31,14,17,517,248,269
ECTOR COUNTY,135,62 Years,1260,631,629,728,376,352,55,27,28,24,10,14,453,218,235
ECTOR COUNTY,135,63 Years,1186,570,616,706,339,367,44,22,22,22,11,11,414,198,216
ECTOR COUNTY,135,64 Years,1151,563,588,704,343,361,35,17,18,22,10,12,390,193,197
ECTOR COUNTY,135,65 Years,987,477,510,564,277,287,34,16,18,20,12,8,369,172,197
ECTOR COUNTY,135,66 Years,920,460,460,536,266,270,34,15,19,18,7,11,332,172,160
ECTOR COUNTY,135,67 Years,924,455,469,568,276,292,37,14,23,23,13,10,296,152,144
ECTOR COUNTY,135,68 Years,865,380,485,525,232,293,33,15,18,25,9,16,282,124,158
ECTOR COUNTY,135,69 Years,785,342,443,506,228,278,28,12,16,14,8,6,237,94,143
ECTOR COUNTY,135,70 Years,747,330,417,467,204,263,25,12,13,14,9,5,241,105,136
ECTOR COUNTY,135,71 Years,677,313,364,404,183,221,33,14,19,17,7,10,223,109,114
ECTOR COUNTY,135,72 Years,678,313,365,445,200,245,31,12,19,13,8,5,189,93,96
ECTOR COUNTY,135,73 Years,684,312,372,458,201,257,23,9,14,12,7,5,191,95,96
ECTOR COUNTY,135,74 Years,641,316,325,411,190,221,23,11,12,16,9,7,191,106,85
ECTOR COUNTY,135,75 Years,607,266,341,402,173,229,27,11,16,12,4,8,166,78,88
ECTOR COUNTY,135,76 Years,597,240,357,405,157,248,27,12,15,11,5,6,154,66,88
ECTOR COUNTY,135,77 Years,549,220,329,377,148,229,20,6,14,9,2,7,143,64,79
ECTOR COUNTY,135,78 Years,518,210,308,369,150,219,20,8,12,6,1,5,123,51,72
ECTOR COUNTY,135,79 Years,484,207,277,337,142,195,21,8,13,8,4,4,118,53,65
ECTOR COUNTY,135,80 Years,466,186,280,333,130,203,11,6,5,9,2,7,113,48,65
ECTOR COUNTY,135,81 Years,454,172,282,325,122,203,22,8,14,3,1,2,104,41,63
ECTOR COUNTY,135,82 Years,421,161,260,298,117,181,25,5,20,3,2,1,95,37,58
ECTOR COUNTY,135,83 Years,371,137,234,261,100,161,18,5,13,2,1,1,90,31,59
ECTOR COUNTY,135,84 Years,379,149,230,283,112,171,12,4,8,6,2,4,78,31,47
ECTOR COUNTY,135,85 Years +,1573,536,1037,1121,377,744,66,15,51,28,4,24,358,140,218
EDWARDS COUNTY,137,All Ages,2017,1033,984,950,475,475,12,9,3,18,8,10,1037,541,496
EDWARDS COUNTY,137,< 1 Year,24,13,11,8,4,4,0,0,0,0,0,0,16,9,7
EDWARDS COUNTY,137,1 Years,23,10,13,7,4,3,0,0,0,0,0,0,16,6,10
EDWARDS COUNTY,137,2 Years,26,11,15,8,3,5,0,0,0,0,0,0,18,8,10
EDWARDS COUNTY,137,3 Years,17,8,9,7,4,3,0,0,0,0,0,0,10,4,6
EDWARDS COUNTY,137,4 Years,19,12,7,6,4,2,0,0,0,0,0,0,13,8,5
EDWARDS COUNTY,137,5 Years,27,16,11,10,5,5,0,0,0,1,1,0,16,10,6
EDWARDS COUNTY,137,6 Years,28,17,11,9,6,3,0,0,0,0,0,0,19,11,8
EDWARDS COUNTY,137,7 Years,24,15,9,9,5,4,1,1,0,0,0,0,14,9,5
EDWARDS COUNTY,137,8 Years,26,12,14,11,3,8,1,0,1,0,0,0,14,9,5
EDWARDS COUNTY,137,9 Years,30,20,10,14,9,5,0,0,0,0,0,0,16,11,5
EDWARDS COUNTY,137,10 Years,24,17,7,8,4,4,0,0,0,0,0,0,16,13,3
EDWARDS COUNTY,137,11 Years,18,8,10,4,1,3,0,0,0,0,0,0,14,7,7
EDWARDS COUNTY,137,12 Years,17,9,8,1,0,1,0,0,0,0,0,0,16,9,7
EDWARDS COUNTY,137,13 Years,18,9,9,1,0,1,0,0,0,0,0,0,17,9,8
EDWARDS COUNTY,137,14 Years,17,9,8,3,0,3,0,0,0,0,0,0,14,9,5
EDWARDS COUNTY,137,15 Years,29,17,12,6,4,2,0,0,0,0,0,0,23,13,10
EDWARDS COUNTY,137,16 Years,24,12,12,6,4,2,0,0,0,0,0,0,18,8,10
EDWARDS COUNTY,137,17 Years,20,10,10,6,4,2,0,0,0,0,0,0,14,6,8
EDWARDS COUNTY,137,18 Years,28,14,14,9,4,5,2,2,0,0,0,0,17,8,9
EDWARDS COUNTY,137,19 Years,29,16,13,7,5,2,1,1,0,0,0,0,21,10,11
EDWARDS COUNTY,137,20 Years,23,12,11,3,2,1,1,0,1,1,1,0,18,9,9
EDWARDS COUNTY,137,21 Years,23,12,11,4,2,2,0,0,0,1,1,0,18,9,9
EDWARDS COUNTY,137,22 Years,16,10,6,2,1,1,0,0,0,0,0,0,14,9,5
EDWARDS COUNTY,137,23 Years,12,6,6,1,0,1,0,0,0,0,0,0,11,6,5
EDWARDS COUNTY,137,24 Years,17,9,8,2,1,1,0,0,0,0,0,0,15,8,7
EDWARDS COUNTY,137,25 Years,26,14,12,7,3,4,0,0,0,0,0,0,19,11,8
EDWARDS COUNTY,137,26 Years,20,7,13,7,1,6,1,1,0,0,0,0,12,5,7
EDWARDS COUNTY,137,27 Years,18,6,12,6,1,5,0,0,0,0,0,0,12,5,7
EDWARDS COUNTY,137,28 Years,19,13,6,6,5,1,0,0,0,1,0,1,12,8,4
EDWARDS COUNTY,137,29 Years,16,10,6,5,3,2,0,0,0,0,0,0,11,7,4
EDWARDS COUNTY,137,30 Years,16,7,9,6,3,3,0,0,0,0,0,0,10,4,6
EDWARDS COUNTY,137,31 Years,22,10,12,6,1,5,0,0,0,0,0,0,16,9,7
EDWARDS COUNTY,137,32 Years,18,7,11,5,3,2,0,0,0,0,0,0,13,4,9
EDWARDS COUNTY,137,33 Years,19,9,10,8,5,3,0,0,0,0,0,0,11,4,7
EDWARDS COUNTY,137,34 Years,13,8,5,8,5,3,0,0,0,0,0,0,5,3,2
EDWARDS COUNTY,137,35 Years,12,6,6,7,3,4,0,0,0,0,0,0,5,3,2
EDWARDS COUNTY,137,36 Years,12,4,8,4,1,3,0,0,0,0,0,0,8,3,5
EDWARDS COUNTY,137,37 Years,17,7,10,5,3,2,0,0,0,0,0,0,12,4,8
EDWARDS COUNTY,137,38 Years,19,7,12,8,3,5,0,0,0,0,0,0,11,4,7
EDWARDS COUNTY,137,39 Years,21,7,14,9,5,4,0,0,0,0,0,0,12,2,10
EDWARDS COUNTY,137,40 Years,20,12,8,7,3,4,0,0,0,1,1,0,12,8,4
EDWARDS COUNTY,137,41 Years,22,11,11,9,2,7,0,0,0,0,0,0,13,9,4
EDWARDS COUNTY,137,42 Years,24,13,11,13,6,7,0,0,0,0,0,0,11,7,4
EDWARDS COUNTY,137,43 Years,21,10,11,11,5,6,0,0,0,1,1,0,9,4,5
EDWARDS COUNTY,137,44 Years,17,4,13,6,2,4,0,0,0,0,0,0,11,2,9
EDWARDS COUNTY,137,45 Years,19,9,10,7,3,4,0,0,0,0,0,0,12,6,6
EDWARDS COUNTY,137,46 Years,25,11,14,13,3,10,0,0,0,1,1,0,11,7,4
EDWARDS COUNTY,137,47 Years,38,21,17,15,8,7,0,0,0,2,0,2,21,13,8
EDWARDS COUNTY,137,48 Years,33,15,18,12,5,7,0,0,0,0,0,0,21,10,11
EDWARDS COUNTY,137,49 Years,30,12,18,11,5,6,0,0,0,0,0,0,19,7,12
EDWARDS COUNTY,137,50 Years,25,12,13,9,3,6,0,0,0,0,0,0,16,9,7
EDWARDS COUNTY,137,51 Years,29,15,14,14,7,7,0,0,0,0,0,0,15,8,7
EDWARDS COUNTY,137,52 Years,26,15,11,14,10,4,1,0,1,1,0,1,10,5,5
EDWARDS COUNTY,137,53 Years,28,16,12,14,7,7,0,0,0,1,0,1,13,9,4
EDWARDS COUNTY,137,54 Years,30,13,17,17,7,10,0,0,0,0,0,0,13,6,7
EDWARDS COUNTY,137,55 Years,29,13,16,19,7,12,1,1,0,0,0,0,9,5,4
EDWARDS COUNTY,137,56 Years,30,15,15,15,9,6,1,1,0,0,0,0,14,5,9
EDWARDS COUNTY,137,57 Years,33,15,18,19,8,11,0,0,0,1,0,1,13,7,6
EDWARDS COUNTY,137,58 Years,42,24,18,28,13,15,0,0,0,2,1,1,12,10,2
EDWARDS COUNTY,137,59 Years,36,18,18,24,11,13,0,0,0,0,0,0,12,7,5
EDWARDS COUNTY,137,60 Years,40,23,17,27,16,11,0,0,0,1,0,1,12,7,5
EDWARDS COUNTY,137,61 Years,33,15,18,19,9,10,0,0,0,0,0,0,14,6,8
EDWARDS COUNTY,137,62 Years,25,12,13,13,6,7,0,0,0,0,0,0,12,6,6
EDWARDS COUNTY,137,63 Years,39,29,10,26,21,5,0,0,0,0,0,0,13,8,5
EDWARDS COUNTY,137,64 Years,37,23,14,22,15,7,0,0,0,1,1,0,14,7,7
EDWARDS COUNTY,137,65 Years,28,16,12,17,10,7,0,0,0,0,0,0,11,6,5
EDWARDS COUNTY,137,66 Years,34,17,17,23,14,9,0,0,0,0,0,0,11,3,8
EDWARDS COUNTY,137,67 Years,37,19,18,28,15,13,0,0,0,0,0,0,9,4,5
EDWARDS COUNTY,137,68 Years,29,15,14,20,11,9,0,0,0,0,0,0,9,4,5
EDWARDS COUNTY,137,69 Years,35,21,14,26,16,10,0,0,0,0,0,0,9,5,4
EDWARDS COUNTY,137,70 Years,29,11,18,20,8,12,0,0,0,1,0,1,8,3,5
EDWARDS COUNTY,137,71 Years,23,10,13,16,8,8,0,0,0,1,0,1,6,2,4
EDWARDS COUNTY,137,72 Years,27,16,11,20,12,8,0,0,0,0,0,0,7,4,3
EDWARDS COUNTY,137,73 Years,18,10,8,13,6,7,0,0,0,0,0,0,5,4,1
EDWARDS COUNTY,137,74 Years,17,10,7,8,5,3,0,0,0,0,0,0,9,5,4
EDWARDS COUNTY,137,75 Years,15,7,8,9,4,5,1,1,0,0,0,0,5,2,3
EDWARDS COUNTY,137,76 Years,17,9,8,13,6,7,0,0,0,0,0,0,4,3,1
EDWARDS COUNTY,137,77 Years,14,8,6,9,4,5,0,0,0,0,0,0,5,4,1
EDWARDS COUNTY,137,78 Years,18,6,12,13,5,8,0,0,0,0,0,0,5,1,4
EDWARDS COUNTY,137,79 Years,17,6,11,12,3,9,0,0,0,0,0,0,5,3,2
EDWARDS COUNTY,137,80 Years,15,8,7,11,5,6,0,0,0,0,0,0,4,3,1
EDWARDS COUNTY,137,81 Years,16,11,5,11,7,4,0,0,0,0,0,0,5,4,1
EDWARDS COUNTY,137,82 Years,13,5,8,7,3,4,0,0,0,0,0,0,6,2,4
EDWARDS COUNTY,137,83 Years,10,4,6,8,4,4,0,0,0,0,0,0,2,0,2
EDWARDS COUNTY,137,84 Years,7,4,3,5,3,2,0,0,0,0,0,0,2,1,1
EDWARDS COUNTY,137,85 Years +,40,18,22,28,11,17,1,1,0,0,0,0,11,6,5
ELLIS COUNTY,139,All Ages,153134,75635,77499,99142,48389,50753,13606,6583,7023,3479,1621,1858,36907,19042,17865
ELLIS COUNTY,139,< 1 Year,2036,1049,987,1130,582,548,175,89,86,44,22,22,687,356,331
ELLIS COUNTY,139,1 Years,2056,1070,986,1117,581,536,172,88,84,53,25,28,714,376,338
ELLIS COUNTY,139,2 Years,2080,1091,989,1087,569,518,187,95,92,69,38,31,737,389,348
ELLIS COUNTY,139,3 Years,2177,1140,1037,1134,589,545,196,97,99,80,44,36,767,410,357
ELLIS COUNTY,139,4 Years,2258,1172,1086,1175,609,566,197,107,90,81,42,39,805,414,391
ELLIS COUNTY,139,5 Years,2329,1181,1148,1211,590,621,225,116,109,75,31,44,818,444,374
ELLIS COUNTY,139,6 Years,2327,1177,1150,1232,606,626,201,103,98,81,33,48,813,435,378
ELLIS COUNTY,139,7 Years,2313,1161,1152,1224,614,610,195,99,96,71,30,41,823,418,405
ELLIS COUNTY,139,8 Years,2438,1249,1189,1295,670,625,217,102,115,82,39,43,844,438,406
ELLIS COUNTY,139,9 Years,2520,1306,1214,1361,720,641,240,110,130,74,36,38,845,440,405
ELLIS COUNTY,139,10 Years,2501,1292,1209,1359,700,659,253,131,122,72,40,32,817,421,396
ELLIS COUNTY,139,11 Years,2573,1357,1216,1392,725,667,247,125,122,73,32,41,861,475,386
ELLIS COUNTY,139,12 Years,2595,1359,1236,1437,752,685,263,133,130,84,45,39,811,429,382
ELLIS COUNTY,139,13 Years,2621,1373,1248,1442,756,686,256,134,122,90,51,39,833,432,401
ELLIS COUNTY,139,14 Years,2652,1368,1284,1484,760,724,260,133,127,86,46,40,822,429,393
ELLIS COUNTY,139,15 Years,2711,1411,1300,1530,794,736,289,154,135,83,41,42,809,422,387
ELLIS COUNTY,139,16 Years,2678,1364,1314,1538,783,755,260,140,120,76,40,36,804,401,403
ELLIS COUNTY,139,17 Years,2625,1344,1281,1543,784,759,237,137,100,71,34,37,774,389,385
ELLIS COUNTY,139,18 Years,2515,1280,1235,1449,740,709,252,128,124,71,36,35,743,376,367
ELLIS COUNTY,139,19 Years,2225,1138,1087,1257,642,615,245,130,115,60,31,29,663,335,328
ELLIS COUNTY,139,20 Years,2061,1036,1025,1145,594,551,230,120,110,47,21,26,639,301,338
ELLIS COUNTY,139,21 Years,1949,994,955,1040,529,511,207,108,99,44,26,18,658,331,327
ELLIS COUNTY,139,22 Years,1852,978,874,1001,504,497,176,98,78,45,28,17,630,348,282
ELLIS COUNTY,139,23 Years,1765,924,841,1007,499,508,163,96,67,45,23,22,550,306,244
ELLIS COUNTY,139,24 Years,1741,861,880,1013,486,527,174,83,91,34,12,22,520,280,240
ELLIS COUNTY,139,25 Years,1774,887,887,1085,522,563,148,75,73,24,11,13,517,279,238
ELLIS COUNTY,139,26 Years,1759,842,917,1072,490,582,156,81,75,24,11,13,507,260,247
ELLIS COUNTY,139,27 Years,1743,830,913,1047,487,560,141,71,70,34,12,22,521,260,261
ELLIS COUNTY,139,28 Years,1778,873,905,1072,515,557,126,57,69,40,18,22,540,283,257
ELLIS COUNTY,139,29 Years,1833,853,980,1098,503,595,135,55,80,37,18,19,563,277,286
ELLIS COUNTY,139,30 Years,1898,901,997,1138,535,603,133,63,70,43,19,24,584,284,300
ELLIS COUNTY,139,31 Years,1871,927,944,1128,558,570,141,63,78,36,20,16,566,286,280
ELLIS COUNTY,139,32 Years,1843,901,942,1123,526,597,158,73,85,36,15,21,526,287,239
ELLIS COUNTY,139,33 Years,1882,920,962,1146,543,603,168,81,87,32,10,22,536,286,250
ELLIS COUNTY,139,34 Years,1955,932,1023,1194,569,625,176,84,92,30,16,14,555,263,292
ELLIS COUNTY,139,35 Years,2018,973,1045,1226,608,618,173,77,96,42,16,26,577,272,305
ELLIS COUNTY,139,36 Years,2045,978,1067,1267,604,663,163,70,93,42,14,28,573,290,283
ELLIS COUNTY,139,37 Years,2013,918,1095,1235,557,678,183,76,107,43,22,21,552,263,289
ELLIS COUNTY,139,38 Years,2049,980,1069,1275,605,670,200,88,112,48,20,28,526,267,259
ELLIS COUNTY,139,39 Years,2145,1029,1116,1385,680,705,196,77,119,45,19,26,519,253,266
ELLIS COUNTY,139,40 Years,2347,1181,1166,1545,791,754,216,95,121,47,20,27,539,275,264
ELLIS COUNTY,139,41 Years,2302,1130,1172,1521,750,771,204,91,113,49,21,28,528,268,260
ELLIS COUNTY,139,42 Years,2144,1066,1078,1408,691,717,198,102,96,49,23,26,489,250,239
ELLIS COUNTY,139,43 Years,2119,1068,1051,1342,677,665,194,97,97,58,26,32,525,268,257
ELLIS COUNTY,139,44 Years,2140,1055,1085,1383,685,698,189,86,103,49,21,28,519,263,256
ELLIS COUNTY,139,45 Years,2160,1059,1101,1401,682,719,222,96,126,41,16,25,496,265,231
ELLIS COUNTY,139,46 Years,2196,1098,1098,1478,736,742,217,106,111,45,16,29,456,240,216
ELLIS COUNTY,139,47 Years,2225,1119,1106,1584,788,796,197,103,94,53,25,28,391,203,188
ELLIS COUNTY,139,48 Years,2251,1128,1123,1598,796,802,207,103,104,51,24,27,395,205,190
ELLIS COUNTY,139,49 Years,2341,1129,1212,1677,795,882,203,86,117,40,20,20,421,228,193
ELLIS COUNTY,139,50 Years,2329,1122,1207,1723,815,908,195,91,104,44,19,25,367,197,170
ELLIS COUNTY,139,51 Years,2352,1136,1216,1768,845,923,190,89,101,47,17,30,347,185,162
ELLIS COUNTY,139,52 Years,2163,1059,1104,1628,777,851,191,86,105,43,16,27,301,180,121
ELLIS COUNTY,139,53 Years,2212,1087,1125,1664,809,855,190,91,99,48,20,28,310,167,143
ELLIS COUNTY,139,54 Years,2154,1081,1073,1619,801,818,191,100,91,46,24,22,298,156,142
ELLIS COUNTY,139,55 Years,2111,1092,1019,1600,830,770,191,94,97,35,18,17,285,150,135
ELLIS COUNTY,139,56 Years,2046,1032,1014,1542,774,768,197,97,100,28,12,16,279,149,130
ELLIS COUNTY,139,57 Years,1953,962,991,1504,740,764,178,83,95,34,17,17,237,122,115
ELLIS COUNTY,139,58 Years,1802,873,929,1382,661,721,162,75,87,36,17,19,222,120,102
ELLIS COUNTY,139,59 Years,1713,837,876,1315,640,675,155,74,81,35,13,22,208,110,98
ELLIS COUNTY,139,60 Years,1680,806,874,1295,626,669,143,63,80,31,13,18,211,104,107
ELLIS COUNTY,139,61 Years,1619,793,826,1221,598,623,155,70,85,34,15,19,209,110,99
ELLIS COUNTY,139,62 Years,1567,758,809,1224,593,631,139,72,67,23,10,13,181,83,98
ELLIS COUNTY,139,63 Years,1576,756,820,1253,606,647,120,59,61,27,9,18,176,82,94
ELLIS COUNTY,139,64 Years,1566,750,816,1260,599,661,108,51,57,28,11,17,170,89,81
ELLIS COUNTY,139,65 Years,1249,604,645,981,470,511,105,48,57,23,11,12,140,75,65
ELLIS COUNTY,139,66 Years,1178,577,601,920,457,463,105,47,58,18,5,13,135,68,67
ELLIS COUNTY,139,67 Years,1155,576,579,934,464,470,83,43,40,20,8,12,118,61,57
ELLIS COUNTY,139,68 Years,1091,537,554,881,435,446,81,41,40,21,12,9,108,49,59
ELLIS COUNTY,139,69 Years,980,477,503,813,397,416,63,32,31,13,7,6,91,41,50
ELLIS COUNTY,139,70 Years,904,448,456,747,375,372,61,27,34,10,5,5,86,41,45
ELLIS COUNTY,139,71 Years,861,404,457,716,339,377,51,17,34,13,5,8,81,43,38
ELLIS COUNTY,139,72 Years,788,373,415,663,318,345,48,20,28,9,3,6,68,32,36
ELLIS COUNTY,139,73 Years,724,340,384,596,279,317,56,25,31,8,5,3,64,31,33
ELLIS COUNTY,139,74 Years,643,295,348,524,243,281,49,20,29,10,4,6,60,28,32
ELLIS COUNTY,139,75 Years,606,276,330,503,227,276,39,19,20,11,8,3,53,22,31
ELLIS COUNTY,139,76 Years,593,262,331,482,214,268,48,21,27,5,3,2,58,24,34
ELLIS COUNTY,139,77 Years,535,230,305,439,188,251,45,19,26,7,2,5,44,21,23
ELLIS COUNTY,139,78 Years,477,187,290,393,155,238,38,15,23,9,2,7,37,15,22
ELLIS COUNTY,139,79 Years,459,181,278,389,153,236,31,10,21,5,1,4,34,17,17
ELLIS COUNTY,139,80 Years,466,192,274,399,161,238,31,9,22,4,2,2,32,20,12
ELLIS COUNTY,139,81 Years,448,185,263,372,148,224,38,17,21,6,3,3,32,17,15
ELLIS COUNTY,139,82 Years,363,150,213,307,130,177,25,8,17,5,2,3,26,10,16
ELLIS COUNTY,139,83 Years,340,132,208,295,118,177,19,4,15,3,1,2,23,9,14
ELLIS COUNTY,139,84 Years,323,112,211,278,101,177,22,4,18,2,0,2,21,7,14
ELLIS COUNTY,139,85 Years +,1679,501,1178,1481,432,1049,102,30,72,9,2,7,87,37,50
EL PASO COUNTY,141,All Ages,821525,398334,423191,105215,56002,49213,21072,12231,8841,17482,8407,9075,677756,321694,356062
EL PASO COUNTY,141,< 1 Year,13004,6613,6391,1325,680,645,312,155,157,295,149,146,11072,5629,5443
EL PASO COUNTY,141,1 Years,13095,6673,6422,1216,629,587,290,156,134,309,152,157,11280,5736,5544
EL PASO COUNTY,141,2 Years,12871,6520,6351,1249,654,595,280,146,134,340,170,170,11002,5550,5452
EL PASO COUNTY,141,3 Years,13069,6589,6480,1245,631,614,312,177,135,362,186,176,11150,5595,5555
EL PASO COUNTY,141,4 Years,13062,6698,6364,1173,617,556,303,173,130,328,173,155,11258,5735,5523
EL PASO COUNTY,141,5 Years,13169,6738,6431,1107,569,538,304,157,147,326,164,162,11432,5848,5584
EL PASO COUNTY,141,6 Years,13213,6673,6540,1107,562,545,306,156,150,305,150,155,11495,5805,5690
EL PASO COUNTY,141,7 Years,13158,6639,6519,1038,519,519,283,133,150,293,147,146,11544,5840,5704
EL PASO COUNTY,141,8 Years,13328,6793,6535,1047,521,526,274,125,149,288,137,151,11719,6010,5709
EL PASO COUNTY,141,9 Years,13164,6666,6498,1003,491,512,271,127,144,273,139,134,11617,5909,5708
EL PASO COUNTY,141,10 Years,13724,7013,6711,1026,540,486,306,147,159,264,133,131,12128,6193,5935
EL PASO COUNTY,141,11 Years,13690,7018,6672,1008,517,491,317,161,156,259,128,131,12106,6212,5894
EL PASO COUNTY,141,12 Years,13782,7038,6744,1002,505,497,325,159,166,236,115,121,12219,6259,5960
EL PASO COUNTY,141,13 Years,13715,6956,6759,902,458,444,314,167,147,224,102,122,12275,6229,6046
EL PASO COUNTY,141,14 Years,13850,7062,6788,921,467,454,312,163,149,252,111,141,12365,6321,6044
EL PASO COUNTY,141,15 Years,14203,7332,6871,999,507,492,305,159,146,234,111,123,12665,6555,6110
EL PASO COUNTY,141,16 Years,14325,7389,6936,999,515,484,314,165,149,267,127,140,12745,6582,6163
EL PASO COUNTY,141,17 Years,14370,7397,6973,1074,583,491,333,179,154,251,127,124,12712,6508,6204
EL PASO COUNTY,141,18 Years,14160,7286,6874,1046,565,481,328,178,150,223,124,99,12563,6419,6144
EL PASO COUNTY,141,19 Years,13817,7222,6595,1207,740,467,331,196,135,213,122,91,12066,6164,5902
EL PASO COUNTY,141,20 Years,14140,7344,6796,1549,911,638,378,243,135,267,150,117,11946,6040,5906
EL PASO COUNTY,141,21 Years,13723,7117,6606,1724,1044,680,379,236,143,303,171,132,11317,5666,5651
EL PASO COUNTY,141,22 Years,13156,6870,6286,1872,1142,730,426,269,157,306,163,143,10552,5296,5256
EL PASO COUNTY,141,23 Years,12873,6718,6155,1961,1171,790,436,287,149,311,178,133,10165,5082,5083
EL PASO COUNTY,141,24 Years,12579,6501,6078,1937,1160,777,378,246,132,324,179,145,9940,4916,5024
EL PASO COUNTY,141,25 Years,12492,6445,6047,1883,1141,742,373,227,146,300,161,139,9936,4916,5020
EL PASO COUNTY,141,26 Years,11994,6137,5857,1693,1025,668,345,226,119,328,183,145,9628,4703,4925
EL PASO COUNTY,141,27 Years,11518,5779,5739,1601,873,728,382,240,142,337,173,164,9198,4493,4705
EL PASO COUNTY,141,28 Years,11367,5623,5744,1542,885,657,387,252,135,327,162,165,9111,4324,4787
EL PASO COUNTY,141,29 Years,11119,5421,5698,1525,841,684,300,164,136,298,148,150,8996,4268,4728
EL PASO COUNTY,141,30 Years,10909,5371,5538,1423,808,615,322,184,138,271,126,145,8893,4253,4640
EL PASO COUNTY,141,31 Years,10443,5017,5426,1222,632,590,328,189,139,294,138,156,8599,4058,4541
EL PASO COUNTY,141,32 Years,9862,4673,5189,1195,649,546,301,187,114,275,140,135,8091,3697,4394
EL PASO COUNTY,141,33 Years,9855,4690,5165,1199,633,566,285,170,115,275,125,150,8096,3762,4334
EL PASO COUNTY,141,34 Years,10099,4855,5244,1148,609,539,285,178,107,282,133,149,8384,3935,4449
EL PASO COUNTY,141,35 Years,10324,4887,5437,1128,592,536,285,171,114,252,121,131,8659,4003,4656
EL PASO COUNTY,141,36 Years,10631,5054,5577,1146,630,516,268,170,98,239,121,118,8978,4133,4845
EL PASO COUNTY,141,37 Years,10724,5108,5616,1112,590,522,321,211,110,251,129,122,9040,4178,4862
EL PASO COUNTY,141,38 Years,11072,5182,5890,1118,607,511,302,179,123,255,123,132,9397,4273,5124
EL PASO COUNTY,141,39 Years,11022,5162,5860,1243,680,563,321,197,124,266,134,132,9192,4151,5041
EL PASO COUNTY,141,40 Years,10850,5146,5704,1303,724,579,345,213,132,252,123,129,8950,4086,4864
EL PASO COUNTY,141,41 Years,10873,5187,5686,1290,718,572,350,208,142,222,104,118,9011,4157,4854
EL PASO COUNTY,141,42 Years,10350,4958,5392,1273,729,544,319,196,123,219,103,116,8539,3930,4609
EL PASO COUNTY,141,43 Years,10169,4828,5341,1213,696,517,325,201,124,228,113,115,8403,3818,4585
EL PASO COUNTY,141,44 Years,10049,4698,5351,1252,717,535,331,203,128,206,104,102,8260,3674,4586
EL PASO COUNTY,141,45 Years,10185,4811,5374,1428,796,632,322,200,122,198,109,89,8237,3706,4531
EL PASO COUNTY,141,46 Years,10469,4924,5545,1428,799,629,356,225,131,211,108,103,8474,3792,4682
EL PASO COUNTY,141,47 Years,10388,4914,5474,1479,803,676,322,199,123,202,89,113,8385,3823,4562
EL PASO COUNTY,141,48 Years,10384,4889,5495,1422,774,648,288,168,120,202,92,110,8472,3855,4617
EL PASO COUNTY,141,49 Years,10563,4948,5615,1505,819,686,280,173,107,183,80,103,8595,3876,4719
EL PASO COUNTY,141,50 Years,10537,4905,5632,1515,812,703,245,156,89,171,71,100,8606,3866,4740
EL PASO COUNTY,141,51 Years,10648,5029,5619,1526,812,714,288,181,107,191,91,100,8643,3945,4698
EL PASO COUNTY,141,52 Years,10220,4790,5430,1519,803,716,305,186,119,203,90,113,8193,3711,4482
EL PASO COUNTY,141,53 Years,10079,4722,5357,1569,831,738,269,171,98,205,97,108,8036,3623,4413
EL PASO COUNTY,141,54 Years,9739,4510,5229,1555,817,738,262,168,94,218,105,113,7704,3420,4284
EL PASO COUNTY,141,55 Years,9637,4447,5190,1531,790,741,277,178,99,184,87,97,7645,3392,4253
EL PASO COUNTY,141,56 Years,9261,4278,4983,1518,788,730,259,151,108,211,93,118,7273,3246,4027
EL PASO COUNTY,141,57 Years,8786,4039,4747,1521,788,733,216,131,85,165,70,95,6884,3050,3834
EL PASO COUNTY,141,58 Years,8399,3830,4569,1535,789,746,198,117,81,172,75,97,6494,2849,3645
EL PASO COUNTY,141,59 Years,7891,3695,4196,1474,788,686,176,106,70,160,61,99,6081,2740,3341
EL PASO COUNTY,141,60 Years,7640,3571,4069,1373,736,637,156,95,61,141,59,82,5970,2681,3289
EL PASO COUNTY,141,61 Years,7372,3427,3945,1383,742,641,147,88,59,159,66,93,5683,2531,3152
EL PASO COUNTY,141,62 Years,7104,3281,3823,1379,730,649,136,88,48,159,67,92,5430,2396,3034
EL PASO COUNTY,141,63 Years,6968,3271,3697,1438,792,646,127,77,50,141,62,79,5262,2340,2922
EL PASO COUNTY,141,64 Years,6680,3166,3514,1468,828,640,125,68,57,141,64,77,4946,2206,2740
EL PASO COUNTY,141,65 Years,5722,2657,3065,1110,622,488,115,65,50,125,56,69,4372,1914,2458
EL PASO COUNTY,141,66 Years,5353,2437,2916,1007,540,467,121,64,57,97,37,60,4128,1796,2332
EL PASO COUNTY,141,67 Years,5125,2287,2838,1032,548,484,120,59,61,91,35,56,3882,1645,2237
EL PASO COUNTY,141,68 Years,4998,2236,2762,1051,563,488,117,63,54,95,33,62,3735,1577,2158
EL PASO COUNTY,141,69 Years,4639,2047,2592,978,501,477,108,56,52,88,30,58,3465,1460,2005
EL PASO COUNTY,141,70 Years,4364,1853,2511,882,424,458,96,47,49,73,24,49,3313,1358,1955
EL PASO COUNTY,141,71 Years,4274,1839,2435,818,395,423,85,39,46,81,22,59,3290,1383,1907
EL PASO COUNTY,141,72 Years,4067,1735,2332,807,402,405,79,43,36,74,25,49,3107,1265,1842
EL PASO COUNTY,141,73 Years,3922,1705,2217,786,400,386,77,36,41,67,33,34,2992,1236,1756
EL PASO COUNTY,141,74 Years,3743,1596,2147,782,384,398,75,34,41,57,25,32,2829,1153,1676
EL PASO COUNTY,141,75 Years,3633,1536,2097,768,361,407,76,43,33,52,21,31,2737,1111,1626
EL PASO COUNTY,141,76 Years,3441,1431,2010,729,347,382,67,32,35,50,18,32,2595,1034,1561
EL PASO COUNTY,141,77 Years,3256,1329,1927,705,319,386,84,43,41,45,14,31,2422,953,1469
EL PASO COUNTY,141,78 Years,3073,1246,1827,685,311,374,74,40,34,59,14,45,2255,881,1374
EL PASO COUNTY,141,79 Years,3003,1245,1758,656,319,337,78,39,39,56,19,37,2213,868,1345
EL PASO COUNTY,141,80 Years,2920,1180,1740,628,294,334,60,30,30,51,12,39,2181,844,1337
EL PASO COUNTY,141,81 Years,2859,1089,1770,661,304,357,58,28,30,40,9,31,2100,748,1352
EL PASO COUNTY,141,82 Years,2565,1032,1533,589,264,325,44,25,19,43,13,30,1889,730,1159
EL PASO COUNTY,141,83 Years,2371,924,1447,539,226,313,36,22,14,42,13,29,1754,663,1091
EL PASO COUNTY,141,84 Years,2098,798,1300,482,189,293,32,17,15,30,9,21,1554,583,971
EL PASO COUNTY,141,85 Years +,10187,3599,6588,2708,975,1733,124,54,70,119,37,82,7236,2533,4703
ERATH COUNTY,143,All Ages,38621,19004,19617,29714,14350,15364,445,270,175,834,424,410,7628,3960,3668
ERATH COUNTY,143,< 1 Year,503,256,247,316,163,153,10,5,5,12,6,6,165,82,83
ERATH COUNTY,143,1 Years,504,266,238,313,164,149,8,5,3,13,7,6,170,90,80
ERATH COUNTY,143,2 Years,495,253,242,311,157,154,5,3,2,13,8,5,166,85,81
ERATH COUNTY,143,3 Years,486,257,229,310,163,147,4,3,1,9,5,4,163,86,77
ERATH COUNTY,143,4 Years,482,251,231,299,152,147,3,3,0,10,6,4,170,90,80
ERATH COUNTY,143,5 Years,483,247,236,286,148,138,2,1,1,15,5,10,180,93,87
ERATH COUNTY,143,6 Years,476,255,221,296,165,131,5,1,4,15,7,8,160,82,78
ERATH COUNTY,143,7 Years,492,258,234,299,150,149,6,4,2,19,11,8,168,93,75
ERATH COUNTY,143,8 Years,503,248,255,310,150,160,6,2,4,15,9,6,172,87,85
ERATH COUNTY,143,9 Years,450,225,225,285,144,141,3,1,2,8,5,3,154,75,79
ERATH COUNTY,143,10 Years,464,222,242,315,152,163,4,1,3,10,6,4,135,63,72
ERATH COUNTY,143,11 Years,464,233,231,299,153,146,2,1,1,10,7,3,153,72,81
ERATH COUNTY,143,12 Years,465,246,219,304,162,142,4,4,0,11,5,6,146,75,71
ERATH COUNTY,143,13 Years,427,227,200,281,145,136,4,3,1,10,7,3,132,72,60
ERATH COUNTY,143,14 Years,447,221,226,287,147,140,6,4,2,12,4,8,142,66,76
ERATH COUNTY,143,15 Years,471,230,241,304,157,147,5,3,2,11,5,6,151,65,86
ERATH COUNTY,143,16 Years,468,231,237,321,157,164,5,3,2,8,3,5,134,68,66
ERATH COUNTY,143,17 Years,509,258,251,339,168,171,7,4,3,9,4,5,154,82,72
ERATH COUNTY,143,18 Years,807,364,443,574,244,330,25,12,13,17,8,9,191,100,91
ERATH COUNTY,143,19 Years,1335,606,729,1029,453,576,34,17,17,28,14,14,244,122,122
ERATH COUNTY,143,20 Years,1263,546,717,996,424,572,36,16,20,21,7,14,210,99,111
ERATH COUNTY,143,21 Years,1236,551,685,968,415,553,44,30,14,21,13,8,203,93,110
ERATH COUNTY,143,22 Years,1162,553,609,877,406,471,42,33,9,28,17,11,215,97,118
ERATH COUNTY,143,23 Years,912,429,483,686,309,377,28,18,10,14,9,5,184,93,91
ERATH COUNTY,143,24 Years,812,477,335,634,364,270,15,10,5,21,15,6,142,88,54
ERATH COUNTY,143,25 Years,626,376,250,445,264,181,13,10,3,17,8,9,151,94,57
ERATH COUNTY,143,26 Years,618,339,279,466,254,212,7,6,1,9,6,3,136,73,63
ERATH COUNTY,143,27 Years,515,252,263,376,180,196,5,4,1,13,6,7,121,62,59
ERATH COUNTY,143,28 Years,504,247,257,379,187,192,6,3,3,13,3,10,106,54,52
ERATH COUNTY,143,29 Years,506,274,232,371,207,164,5,3,2,8,5,3,122,59,63
ERATH COUNTY,143,30 Years,457,252,205,342,181,161,5,2,3,4,3,1,106,66,40
ERATH COUNTY,143,31 Years,460,227,233,329,162,167,2,1,1,11,5,6,118,59,59
ERATH COUNTY,143,32 Years,368,173,195,267,128,139,6,5,1,9,3,6,86,37,49
ERATH COUNTY,143,33 Years,390,205,185,290,151,139,3,2,1,7,3,4,90,49,41
ERATH COUNTY,143,34 Years,380,205,175,285,155,130,3,2,1,8,2,6,84,46,38
ERATH COUNTY,143,35 Years,387,192,195,287,140,147,3,3,0,11,2,9,86,47,39
ERATH COUNTY,143,36 Years,396,202,194,304,148,156,3,2,1,6,2,4,83,50,33
ERATH COUNTY,143,37 Years,390,200,190,290,150,140,2,1,1,12,5,7,86,44,42
ERATH COUNTY,143,38 Years,372,180,192,279,140,139,3,2,1,9,4,5,81,34,47
ERATH COUNTY,143,39 Years,415,197,218,315,156,159,6,4,2,6,3,3,88,34,54
ERATH COUNTY,143,40 Years,428,200,228,319,151,168,4,2,2,11,5,6,94,42,52
ERATH COUNTY,143,41 Years,451,219,232,325,160,165,3,0,3,14,8,6,109,51,58
ERATH COUNTY,143,42 Years,398,199,199,301,150,151,1,0,1,9,3,6,87,46,41
ERATH COUNTY,143,43 Years,424,218,206,313,154,159,5,3,2,10,5,5,96,56,40
ERATH COUNTY,143,44 Years,381,194,187,290,140,150,3,2,1,4,3,1,84,49,35
ERATH COUNTY,143,45 Years,388,186,202,278,126,152,5,3,2,7,6,1,98,51,47
ERATH COUNTY,143,46 Years,448,227,221,332,160,172,1,1,0,10,6,4,105,60,45
ERATH COUNTY,143,47 Years,465,231,234,359,169,190,5,3,2,12,5,7,89,54,35
ERATH COUNTY,143,48 Years,481,243,238,375,183,192,4,1,3,14,6,8,88,53,35
ERATH COUNTY,143,49 Years,501,253,248,395,196,199,6,4,2,11,6,5,89,47,42
ERATH COUNTY,143,50 Years,485,237,248,397,192,205,3,2,1,8,4,4,77,39,38
ERATH COUNTY,143,51 Years,475,248,227,394,201,193,4,2,2,9,5,4,68,40,28
ERATH COUNTY,143,52 Years,460,234,226,392,193,199,1,1,0,9,5,4,58,35,23
ERATH COUNTY,143,53 Years,449,222,227,373,178,195,1,1,0,13,4,9,62,39,23
ERATH COUNTY,143,54 Years,469,244,225,387,193,194,2,2,0,10,6,4,70,43,27
ERATH COUNTY,143,55 Years,415,211,204,353,172,181,0,0,0,8,6,2,54,33,21
ERATH COUNTY,143,56 Years,411,228,183,352,187,165,0,0,0,13,10,3,46,31,15
ERATH COUNTY,143,57 Years,418,214,204,358,178,180,0,0,0,15,9,6,45,27,18
ERATH COUNTY,143,58 Years,428,189,239,372,162,210,2,1,1,10,6,4,44,20,24
ERATH COUNTY,143,59 Years,407,193,214,365,172,193,2,1,1,8,4,4,32,16,16
ERATH COUNTY,143,60 Years,391,189,202,346,163,183,1,1,0,10,5,5,34,20,14
ERATH COUNTY,143,61 Years,402,195,207,350,168,182,0,0,0,16,6,10,36,21,15
ERATH COUNTY,143,62 Years,380,190,190,337,166,171,0,0,0,12,4,8,31,20,11
ERATH COUNTY,143,63 Years,398,202,196,353,179,174,0,0,0,11,4,7,34,19,15
ERATH COUNTY,143,64 Years,398,193,205,368,176,192,0,0,0,7,4,3,23,13,10
ERATH COUNTY,143,65 Years,330,159,171,293,140,153,1,0,1,8,5,3,28,14,14
ERATH COUNTY,143,66 Years,325,160,165,296,145,151,0,0,0,6,3,3,23,12,11
ERATH COUNTY,143,67 Years,329,168,161,308,156,152,1,1,0,2,1,1,18,10,8
ERATH COUNTY,143,68 Years,301,151,150,279,137,142,0,0,0,5,4,1,17,10,7
ERATH COUNTY,143,69 Years,274,132,142,259,124,135,0,0,0,3,3,0,12,5,7
ERATH COUNTY,143,70 Years,272,134,138,254,125,129,0,0,0,4,1,3,14,8,6
ERATH COUNTY,143,71 Years,242,121,121,229,114,115,0,0,0,6,3,3,7,4,3
ERATH COUNTY,143,72 Years,211,103,108,196,95,101,1,0,1,2,1,1,12,7,5
ERATH COUNTY,143,73 Years,221,105,116,203,95,108,1,1,0,4,2,2,13,7,6
ERATH COUNTY,143,74 Years,198,89,109,184,84,100,0,0,0,2,1,1,12,4,8
ERATH COUNTY,143,75 Years,203,96,107,195,94,101,0,0,0,2,0,2,6,2,4
ERATH COUNTY,143,76 Years,192,90,102,181,86,95,0,0,0,2,1,1,9,3,6
ERATH COUNTY,143,77 Years,179,70,109,170,67,103,0,0,0,3,1,2,6,2,4
ERATH COUNTY,143,78 Years,177,73,104,171,71,100,0,0,0,2,1,1,4,1,3
ERATH COUNTY,143,79 Years,171,75,96,162,70,92,0,0,0,3,2,1,6,3,3
ERATH COUNTY,143,80 Years,162,68,94,156,64,92,0,0,0,2,1,1,4,3,1
ERATH COUNTY,143,81 Years,137,57,80,134,55,79,0,0,0,1,1,0,2,1,1
ERATH COUNTY,143,82 Years,141,51,90,135,49,86,0,0,0,1,0,1,5,2,3
ERATH COUNTY,143,83 Years,123,52,71,118,50,68,0,0,0,1,0,1,4,2,2
ERATH COUNTY,143,84 Years,109,44,65,106,42,64,0,0,0,1,0,1,2,2,0
ERATH COUNTY,143,85 Years +,673,216,457,637,203,434,3,1,2,10,5,5,23,7,16
FALLS COUNTY,145,All Ages,17899,8525,9374,9299,4425,4874,4495,1944,2551,313,165,148,3792,1991,1801
FALLS COUNTY,145,< 1 Year,205,103,102,80,40,40,64,32,32,3,2,1,58,29,29
FALLS COUNTY,145,1 Years,214,108,106,73,34,39,65,36,29,10,3,7,66,35,31
FALLS COUNTY,145,2 Years,193,103,90,66,35,31,62,34,28,8,3,5,57,31,26
FALLS COUNTY,145,3 Years,210,104,106,77,36,41,57,30,27,9,5,4,67,33,34
FALLS COUNTY,145,4 Years,216,116,100,73,38,35,58,29,29,5,2,3,80,47,33
FALLS COUNTY,145,5 Years,225,113,112,85,43,42,54,25,29,4,2,2,82,43,39
FALLS COUNTY,145,6 Years,209,109,100,79,39,40,49,23,26,8,6,2,73,41,32
FALLS COUNTY,145,7 Years,223,126,97,80,48,32,60,29,31,7,6,1,76,43,33
FALLS COUNTY,145,8 Years,209,110,99,85,46,39,49,28,21,5,3,2,70,33,37
FALLS COUNTY,145,9 Years,207,112,95,86,48,38,42,24,18,7,4,3,72,36,36
FALLS COUNTY,145,10 Years,212,108,104,88,53,35,51,20,31,6,3,3,67,32,35
FALLS COUNTY,145,11 Years,220,118,102,93,50,43,52,26,26,4,1,3,71,41,30
FALLS COUNTY,145,12 Years,210,105,105,87,44,43,55,29,26,5,3,2,63,29,34
FALLS COUNTY,145,13 Years,209,114,95,89,49,40,56,30,26,7,6,1,57,29,28
FALLS COUNTY,145,14 Years,209,112,97,85,47,38,52,26,26,7,3,4,65,36,29
FALLS COUNTY,145,15 Years,215,116,99,76,40,36,63,31,32,8,3,5,68,42,26
FALLS COUNTY,145,16 Years,221,118,103,86,43,43,69,36,33,6,3,3,60,36,24
FALLS COUNTY,145,17 Years,213,108,105,87,45,42,68,31,37,8,5,3,50,27,23
FALLS COUNTY,145,18 Years,236,122,114,89,45,44,87,44,43,8,5,3,52,28,24
FALLS COUNTY,145,19 Years,228,123,105,87,46,41,74,35,39,5,3,2,62,39,23
FALLS COUNTY,145,20 Years,240,135,105,82,41,41,75,38,37,3,0,3,80,56,24
FALLS COUNTY,145,21 Years,248,136,112,83,47,36,87,43,44,3,1,2,75,45,30
FALLS COUNTY,145,22 Years,241,127,114,90,49,41,83,36,47,1,1,0,67,41,26
FALLS COUNTY,145,23 Years,255,131,124,90,45,45,87,43,44,1,1,0,77,42,35
FALLS COUNTY,145,24 Years,255,130,125,108,53,55,80,42,38,2,1,1,65,34,31
FALLS COUNTY,145,25 Years,244,117,127,85,40,45,72,33,39,4,3,1,83,41,42
FALLS COUNTY,145,26 Years,247,118,129,96,49,47,73,30,43,2,1,1,76,38,38
FALLS COUNTY,145,27 Years,217,96,121,95,41,54,59,24,35,3,2,1,60,29,31
FALLS COUNTY,145,28 Years,225,99,126,108,40,68,59,27,32,4,2,2,54,30,24
FALLS COUNTY,145,29 Years,227,100,127,96,41,55,69,26,43,1,0,1,61,33,28
FALLS COUNTY,145,30 Years,263,112,151,109,42,67,81,32,49,3,3,0,70,35,35
FALLS COUNTY,145,31 Years,234,99,135,105,44,61,61,22,39,3,2,1,65,31,34
FALLS COUNTY,145,32 Years,242,111,131,119,53,66,58,25,33,2,2,0,63,31,32
FALLS COUNTY,145,33 Years,205,74,131,106,38,68,44,14,30,5,2,3,50,20,30
FALLS COUNTY,145,34 Years,213,86,127,99,39,60,61,21,40,4,1,3,49,25,24
FALLS COUNTY,145,35 Years,200,79,121,89,40,49,44,13,31,4,1,3,63,25,38
FALLS COUNTY,145,36 Years,213,77,136,89,31,58,60,15,45,4,1,3,60,30,30
FALLS COUNTY,145,37 Years,199,78,121,88,38,50,52,13,39,1,0,1,58,27,31
FALLS COUNTY,145,38 Years,214,95,119,103,46,57,51,18,33,3,2,1,57,29,28
FALLS COUNTY,145,39 Years,223,90,133,107,46,61,66,23,43,7,2,5,43,19,24
FALLS COUNTY,145,40 Years,234,97,137,110,44,66,64,22,42,3,2,1,57,29,28
FALLS COUNTY,145,41 Years,231,107,124,109,48,61,64,25,39,3,2,1,55,32,23
FALLS COUNTY,145,42 Years,224,100,124,115,50,65,56,19,37,2,2,0,51,29,22
FALLS COUNTY,145,43 Years,237,100,137,121,53,68,65,23,42,4,2,2,47,22,25
FALLS COUNTY,145,44 Years,261,104,157,126,52,74,80,23,57,3,1,2,52,28,24
FALLS COUNTY,145,45 Years,264,122,142,133,57,76,79,34,45,1,0,1,51,31,20
FALLS COUNTY,145,46 Years,279,120,159,138,63,75,80,29,51,5,3,2,56,25,31
FALLS COUNTY,145,47 Years,279,130,149,154,71,83,79,38,41,3,2,1,43,19,24
FALLS COUNTY,145,48 Years,284,121,163,158,67,91,75,31,44,2,0,2,49,23,26
FALLS COUNTY,145,49 Years,274,125,149,161,74,87,67,25,42,3,1,2,43,25,18
FALLS COUNTY,145,50 Years,245,113,132,160,76,84,49,17,32,3,1,2,33,19,14
FALLS COUNTY,145,51 Years,265,135,130,166,80,86,55,25,30,3,3,0,41,27,14
FALLS COUNTY,145,52 Years,242,111,131,153,73,80,55,19,36,3,1,2,31,18,13
FALLS COUNTY,145,53 Years,265,123,142,170,85,85,54,21,33,4,2,2,37,15,22
FALLS COUNTY,145,54 Years,249,120,129,147,74,73,60,29,31,2,1,1,40,16,24
FALLS COUNTY,145,55 Years,252,125,127,152,78,74,64,33,31,4,3,1,32,11,21
FALLS COUNTY,145,56 Years,250,127,123,154,72,82,52,29,23,5,2,3,39,24,15
FALLS COUNTY,145,57 Years,250,131,119,154,78,76,59,31,28,3,1,2,34,21,13
FALLS COUNTY,145,58 Years,239,124,115,151,80,71,58,26,32,3,1,2,27,17,10
FALLS COUNTY,145,59 Years,224,102,122,156,72,84,46,19,27,1,0,1,21,11,10
FALLS COUNTY,145,60 Years,223,116,107,144,74,70,45,23,22,3,3,0,31,16,15
FALLS COUNTY,145,61 Years,220,112,108,147,73,74,40,20,20,2,1,1,31,18,13
FALLS COUNTY,145,62 Years,210,106,104,145,76,69,38,17,21,3,2,1,24,11,13
FALLS COUNTY,145,63 Years,203,97,106,149,77,72,32,10,22,3,2,1,19,8,11
FALLS COUNTY,145,64 Years,190,91,99,135,68,67,36,13,23,2,1,1,17,9,8
FALLS COUNTY,145,65 Years,176,90,86,114,58,56,37,18,19,2,2,0,23,12,11
FALLS COUNTY,145,66 Years,176,79,97,129,61,68,30,10,20,3,2,1,14,6,8
FALLS COUNTY,145,67 Years,169,85,84,120,62,58,25,9,16,6,3,3,18,11,7
FALLS COUNTY,145,68 Years,165,89,76,116,64,52,27,12,15,6,4,2,16,9,7
FALLS COUNTY,145,69 Years,163,74,89,113,52,61,27,11,16,5,2,3,18,9,9
FALLS COUNTY,145,70 Years,169,75,94,129,56,73,27,14,13,3,0,3,10,5,5
FALLS COUNTY,145,71 Years,138,69,69,93,46,47,33,16,17,2,1,1,10,6,4
FALLS COUNTY,145,72 Years,146,70,76,108,53,55,24,10,14,6,3,3,8,4,4
FALLS COUNTY,145,73 Years,132,60,72,94,41,53,23,12,11,3,1,2,12,6,6
FALLS COUNTY,145,74 Years,128,62,66,95,46,49,18,6,12,2,2,0,13,8,5
FALLS COUNTY,145,75 Years,118,60,58,90,47,43,19,7,12,2,2,0,7,4,3
FALLS COUNTY,145,76 Years,111,53,58,81,41,40,19,7,12,2,1,1,9,4,5
FALLS COUNTY,145,77 Years,114,48,66,80,36,44,25,8,17,1,0,1,8,4,4
FALLS COUNTY,145,78 Years,112,53,59,80,39,41,20,7,13,1,1,0,11,6,5
FALLS COUNTY,145,79 Years,104,48,56,76,36,40,21,9,12,0,0,0,7,3,4
FALLS COUNTY,145,80 Years,100,37,63,72,29,43,21,5,16,1,1,0,6,2,4
FALLS COUNTY,145,81 Years,95,37,58,72,32,40,14,2,12,1,1,0,8,2,6
FALLS COUNTY,145,82 Years,68,28,40,49,23,26,12,2,10,1,1,0,6,2,4
FALLS COUNTY,145,83 Years,79,38,41,51,25,26,23,11,12,1,0,1,4,2,2
FALLS COUNTY,145,84 Years,64,27,37,44,19,25,13,6,7,1,0,1,6,2,4
FALLS COUNTY,145,85 Years +,389,146,243,287,112,175,76,25,51,1,0,1,25,9,16
FANNIN COUNTY,147,All Ages,34237,18172,16065,27569,14008,13561,2293,1577,716,1013,502,511,3362,2085,1277
FANNIN COUNTY,147,< 1 Year,366,187,179,284,145,139,18,9,9,11,5,6,53,28,25
FANNIN COUNTY,147,1 Years,376,195,181,275,147,128,18,7,11,19,12,7,64,29,35
FANNIN COUNTY,147,2 Years,400,208,192,293,156,137,16,6,10,31,15,16,60,31,29
FANNIN COUNTY,147,3 Years,380,190,190,276,138,138,12,7,5,27,11,16,65,34,31
FANNIN COUNTY,147,4 Years,411,219,192,296,152,144,16,11,5,21,15,6,78,41,37
FANNIN COUNTY,147,5 Years,425,215,210,318,162,156,16,8,8,23,11,12,68,34,34
FANNIN COUNTY,147,6 Years,439,227,212,336,174,162,24,12,12,17,8,9,62,33,29
FANNIN COUNTY,147,7 Years,428,222,206,320,167,153,23,14,9,20,9,11,65,32,33
FANNIN COUNTY,147,8 Years,425,219,206,322,166,156,25,11,14,19,9,10,59,33,26
FANNIN COUNTY,147,9 Years,410,211,199,304,149,155,27,15,12,20,10,10,59,37,22
FANNIN COUNTY,147,10 Years,414,214,200,306,155,151,24,13,11,18,10,8,66,36,30
FANNIN COUNTY,147,11 Years,447,234,213,335,171,164,22,11,11,21,12,9,69,40,29
FANNIN COUNTY,147,12 Years,410,210,200,313,157,156,22,14,8,20,13,7,55,26,29
FANNIN COUNTY,147,13 Years,435,216,219,347,173,174,20,9,11,20,10,10,48,24,24
FANNIN COUNTY,147,14 Years,426,212,214,331,168,163,17,7,10,19,9,10,59,28,31
FANNIN COUNTY,147,15 Years,414,212,202,326,173,153,20,8,12,18,9,9,50,22,28
FANNIN COUNTY,147,16 Years,435,228,207,341,178,163,20,11,9,16,10,6,58,29,29
FANNIN COUNTY,147,17 Years,457,235,222,358,183,175,23,10,13,20,11,9,56,31,25
FANNIN COUNTY,147,18 Years,447,252,195,347,192,155,30,20,10,16,9,7,54,31,23
FANNIN COUNTY,147,19 Years,467,277,190,344,192,152,41,31,10,14,6,8,68,48,20
FANNIN COUNTY,147,20 Years,415,247,168,291,163,128,51,40,11,10,5,5,63,39,24
FANNIN COUNTY,147,21 Years,459,287,172,323,186,137,49,41,8,14,9,5,73,51,22
FANNIN COUNTY,147,22 Years,395,225,170,276,138,138,50,43,7,12,5,7,57,39,18
FANNIN COUNTY,147,23 Years,386,237,149,273,153,120,43,37,6,13,6,7,57,41,16
FANNIN COUNTY,147,24 Years,392,258,134,246,141,105,47,41,6,11,5,6,88,71,17
FANNIN COUNTY,147,25 Years,395,239,156,267,144,123,53,47,6,10,5,5,65,43,22
FANNIN COUNTY,147,26 Years,376,221,155,250,130,120,46,35,11,9,4,5,71,52,19
FANNIN COUNTY,147,27 Years,406,248,158,291,165,126,45,35,10,11,5,6,59,43,16
FANNIN COUNTY,147,28 Years,442,270,172,307,164,143,57,47,10,7,5,2,71,54,17
FANNIN COUNTY,147,29 Years,386,230,156,269,146,123,49,37,12,8,4,4,60,43,17
FANNIN COUNTY,147,30 Years,435,264,171,312,172,140,41,34,7,7,3,4,75,55,20
FANNIN COUNTY,147,31 Years,406,232,174,288,145,143,40,34,6,8,6,2,70,47,23
FANNIN COUNTY,147,32 Years,420,241,179,306,166,140,35,27,8,8,1,7,71,47,24
FANNIN COUNTY,147,33 Years,387,221,166,270,133,137,42,36,6,12,6,6,63,46,17
FANNIN COUNTY,147,34 Years,377,209,168,269,136,133,29,21,8,10,2,8,69,50,19
FANNIN COUNTY,147,35 Years,398,237,161,275,142,133,42,36,6,11,8,3,70,51,19
FANNIN COUNTY,147,36 Years,374,220,154,275,149,126,38,32,6,10,8,2,51,31,20
FANNIN COUNTY,147,37 Years,429,245,184,318,167,151,35,29,6,8,3,5,68,46,22
FANNIN COUNTY,147,38 Years,392,211,181,290,146,144,43,35,8,7,1,6,52,29,23
FANNIN COUNTY,147,39 Years,400,217,183,305,154,151,32,25,7,15,7,8,48,31,17
FANNIN COUNTY,147,40 Years,431,240,191,339,184,155,39,31,8,16,5,11,37,20,17
FANNIN COUNTY,147,41 Years,487,267,220,389,208,181,33,22,11,17,8,9,48,29,19
FANNIN COUNTY,147,42 Years,416,208,208,334,155,179,27,15,12,12,5,7,43,33,10
FANNIN COUNTY,147,43 Years,412,206,206,322,146,176,44,34,10,10,3,7,36,23,13
FANNIN COUNTY,147,44 Years,453,253,200,363,191,172,33,24,9,14,6,8,43,32,11
FANNIN COUNTY,147,45 Years,484,261,223,400,205,195,29,18,11,12,6,6,43,32,11
FANNIN COUNTY,147,46 Years,466,253,213,369,183,186,34,26,8,16,10,6,47,34,13
FANNIN COUNTY,147,47 Years,554,317,237,435,233,202,53,39,14,18,10,8,48,35,13
FANNIN COUNTY,147,48 Years,512,261,251,431,213,218,37,25,12,16,4,12,28,19,9
FANNIN COUNTY,147,49 Years,538,293,245,446,236,210,45,29,16,14,6,8,33,22,11
FANNIN COUNTY,147,50 Years,507,259,248,435,211,224,31,24,7,12,7,5,29,17,12
FANNIN COUNTY,147,51 Years,534,270,264,453,220,233,34,25,9,10,5,5,37,20,17
FANNIN COUNTY,147,52 Years,519,262,257,437,214,223,41,26,15,10,5,5,31,17,14
FANNIN COUNTY,147,53 Years,504,254,250,435,218,217,29,14,15,12,4,8,28,18,10
FANNIN COUNTY,147,54 Years,504,262,242,430,216,214,31,19,12,15,7,8,28,20,8
FANNIN COUNTY,147,55 Years,511,288,223,440,239,201,38,31,7,14,10,4,19,8,11
FANNIN COUNTY,147,56 Years,455,255,200,407,227,180,24,16,8,11,6,5,13,6,7
FANNIN COUNTY,147,57 Years,445,237,208,391,208,183,19,7,12,12,6,6,23,16,7
FANNIN COUNTY,147,58 Years,449,238,211,400,210,190,24,15,9,11,6,5,14,7,7
FANNIN COUNTY,147,59 Years,444,226,218,377,182,195,31,22,9,15,8,7,21,14,7
FANNIN COUNTY,147,60 Years,412,203,209,361,175,186,18,9,9,15,8,7,18,11,7
FANNIN COUNTY,147,61 Years,440,222,218,391,196,195,24,12,12,7,4,3,18,10,8
FANNIN COUNTY,147,62 Years,460,222,238,423,202,221,16,9,7,7,2,5,14,9,5
FANNIN COUNTY,147,63 Years,436,221,215,400,200,200,14,10,4,8,4,4,14,7,7
FANNIN COUNTY,147,64 Years,445,250,195,397,219,178,17,11,6,14,9,5,17,11,6
FANNIN COUNTY,147,65 Years,376,199,177,343,180,163,15,9,6,10,6,4,8,4,4
FANNIN COUNTY,147,66 Years,387,180,207,359,167,192,15,8,7,6,3,3,7,2,5
FANNIN COUNTY,147,67 Years,389,195,194,350,171,179,18,12,6,6,3,3,15,9,6
FANNIN COUNTY,147,68 Years,371,184,187,337,167,170,18,10,8,8,3,5,8,4,4
FANNIN COUNTY,147,69 Years,362,179,183,339,167,172,10,4,6,8,5,3,5,3,2
FANNIN COUNTY,147,70 Years,311,157,154,283,138,145,17,11,6,8,6,2,3,2,1
FANNIN COUNTY,147,71 Years,299,139,160,272,125,147,13,8,5,7,3,4,7,3,4
FANNIN COUNTY,147,72 Years,279,132,147,262,124,138,9,5,4,3,1,2,5,2,3
FANNIN COUNTY,147,73 Years,292,148,144,279,140,139,9,6,3,1,1,0,3,1,2
FANNIN COUNTY,147,74 Years,242,118,124,226,106,120,8,5,3,2,2,0,6,5,1
FANNIN COUNTY,147,75 Years,246,120,126,227,112,115,8,3,5,4,1,3,7,4,3
FANNIN COUNTY,147,76 Years,245,127,118,234,121,113,5,4,1,2,1,1,4,1,3
FANNIN COUNTY,147,77 Years,226,106,120,211,101,110,6,3,3,5,1,4,4,1,3
FANNIN COUNTY,147,78 Years,219,101,118,200,94,106,8,2,6,7,2,5,4,3,1
FANNIN COUNTY,147,79 Years,188,90,98,173,85,88,9,3,6,4,1,3,2,1,1
FANNIN COUNTY,147,80 Years,169,75,94,160,73,87,7,2,5,1,0,1,1,0,1
FANNIN COUNTY,147,81 Years,158,68,90,146,65,81,5,1,4,2,0,2,5,2,3
FANNIN COUNTY,147,82 Years,152,67,85,141,61,80,6,4,2,1,0,1,4,2,2
FANNIN COUNTY,147,83 Years,130,56,74,121,50,71,4,3,1,1,0,1,4,3,1
FANNIN COUNTY,147,84 Years,120,56,64,111,52,59,3,2,1,2,0,2,4,2,2
FANNIN COUNTY,147,85 Years +,776,305,471,717,280,437,34,13,21,16,7,9,9,5,4
FAYETTE COUNTY,149,All Ages,25358,12498,12860,18494,9027,9467,1642,783,859,343,159,184,4879,2529,2350
FAYETTE COUNTY,149,< 1 Year,259,134,125,139,71,68,17,9,8,4,2,2,99,52,47
FAYETTE COUNTY,149,1 Years,270,148,122,148,78,70,22,12,10,6,5,1,94,53,41
FAYETTE COUNTY,149,2 Years,286,145,141,140,73,67,24,11,13,8,1,7,114,60,54
FAYETTE COUNTY,149,3 Years,282,148,134,143,75,68,19,9,10,7,4,3,113,60,53
FAYETTE COUNTY,149,4 Years,282,141,141,142,72,70,19,10,9,6,4,2,115,55,60
FAYETTE COUNTY,149,5 Years,286,139,147,146,72,74,22,13,9,4,2,2,114,52,62
FAYETTE COUNTY,149,6 Years,295,159,136,140,78,62,28,12,16,5,4,1,122,65,57
FAYETTE COUNTY,149,7 Years,282,143,139,136,67,69,35,15,20,8,4,4,103,57,46
FAYETTE COUNTY,149,8 Years,309,156,153,178,96,82,30,13,17,11,6,5,90,41,49
FAYETTE COUNTY,149,9 Years,293,138,155,164,78,86,28,14,14,9,4,5,92,42,50
FAYETTE COUNTY,149,10 Years,313,159,154,175,90,85,27,15,12,7,2,5,104,52,52
FAYETTE COUNTY,149,11 Years,311,153,158,182,92,90,26,10,16,9,3,6,94,48,46
FAYETTE COUNTY,149,12 Years,305,137,168,163,75,88,33,16,17,8,1,7,101,45,56
FAYETTE COUNTY,149,13 Years,328,172,156,202,104,98,29,15,14,7,4,3,90,49,41
FAYETTE COUNTY,149,14 Years,336,178,158,222,115,107,29,16,13,6,4,2,79,43,36
FAYETTE COUNTY,149,15 Years,366,200,166,232,126,106,26,15,11,7,3,4,101,56,45
FAYETTE COUNTY,149,16 Years,354,173,181,224,112,112,22,9,13,6,3,3,102,49,53
FAYETTE COUNTY,149,17 Years,323,164,159,215,109,106,23,9,14,4,4,0,81,42,39
FAYETTE COUNTY,149,18 Years,321,159,162,206,100,106,28,16,12,5,3,2,82,40,42
FAYETTE COUNTY,149,19 Years,299,165,134,184,104,80,29,14,15,5,2,3,81,45,36
FAYETTE COUNTY,149,20 Years,231,129,102,132,74,58,20,10,10,6,5,1,73,40,33
FAYETTE COUNTY,149,21 Years,201,103,98,101,54,47,20,11,9,3,1,2,77,37,40
FAYETTE COUNTY,149,22 Years,225,110,115,122,57,65,18,11,7,5,3,2,80,39,41
FAYETTE COUNTY,149,23 Years,197,88,109,116,44,72,15,9,6,3,2,1,63,33,30
FAYETTE COUNTY,149,24 Years,211,105,106,122,53,69,15,10,5,2,1,1,72,41,31
FAYETTE COUNTY,149,25 Years,216,111,105,123,60,63,14,6,8,3,1,2,76,44,32
FAYETTE COUNTY,149,26 Years,227,112,115,126,62,64,16,6,10,6,2,4,79,42,37
FAYETTE COUNTY,149,27 Years,222,107,115,124,56,68,16,6,10,5,3,2,77,42,35
FAYETTE COUNTY,149,28 Years,236,117,119,129,61,68,24,9,15,7,5,2,76,42,34
FAYETTE COUNTY,149,29 Years,242,124,118,135,72,63,22,11,11,3,3,0,82,38,44
FAYETTE COUNTY,149,30 Years,244,117,127,156,76,80,15,7,8,4,2,2,69,32,37
FAYETTE COUNTY,149,31 Years,250,129,121,157,78,79,24,14,10,3,1,2,66,36,30
FAYETTE COUNTY,149,32 Years,237,118,119,161,80,81,16,8,8,3,1,2,57,29,28
FAYETTE COUNTY,149,33 Years,238,123,115,151,74,77,19,12,7,1,1,0,67,36,31
FAYETTE COUNTY,149,34 Years,229,113,116,141,68,73,20,12,8,5,2,3,63,31,32
FAYETTE COUNTY,149,35 Years,248,133,115,151,81,70,16,7,9,2,1,1,79,44,35
FAYETTE COUNTY,149,36 Years,255,136,119,151,77,74,11,6,5,5,2,3,88,51,37
FAYETTE COUNTY,149,37 Years,232,123,109,141,76,65,14,5,9,4,2,2,73,40,33
FAYETTE COUNTY,149,38 Years,266,131,135,167,84,83,23,11,12,4,2,2,72,34,38
FAYETTE COUNTY,149,39 Years,248,135,113,163,89,74,17,11,6,3,2,1,65,33,32
FAYETTE COUNTY,149,40 Years,258,132,126,176,90,86,19,10,9,0,0,0,63,32,31
FAYETTE COUNTY,149,41 Years,263,132,131,189,98,91,12,5,7,2,1,1,60,28,32
FAYETTE COUNTY,149,42 Years,259,124,135,191,90,101,11,5,6,3,1,2,54,28,26
FAYETTE COUNTY,149,43 Years,287,131,156,203,93,110,12,6,6,4,3,1,68,29,39
FAYETTE COUNTY,149,44 Years,254,129,125,185,98,87,12,6,6,4,1,3,53,24,29
FAYETTE COUNTY,149,45 Years,300,155,145,205,103,102,18,8,10,5,1,4,72,43,29
FAYETTE COUNTY,149,46 Years,348,161,187,247,111,136,29,13,16,10,4,6,62,33,29
FAYETTE COUNTY,149,47 Years,360,176,184,279,136,143,24,12,12,5,1,4,52,27,25
FAYETTE COUNTY,149,48 Years,383,185,198,301,148,153,21,11,10,3,0,3,58,26,32
FAYETTE COUNTY,149,49 Years,408,195,213,319,148,171,22,11,11,2,0,2,65,36,29
FAYETTE COUNTY,149,50 Years,416,214,202,331,172,159,27,12,15,1,0,1,57,30,27
FAYETTE COUNTY,149,51 Years,400,205,195,323,162,161,22,12,10,3,0,3,52,31,21
FAYETTE COUNTY,149,52 Years,390,190,200,318,154,164,24,12,12,4,1,3,44,23,21
FAYETTE COUNTY,149,53 Years,390,192,198,313,148,165,23,14,9,4,1,3,50,29,21
FAYETTE COUNTY,149,54 Years,382,194,188,313,156,157,21,14,7,5,2,3,43,22,21
FAYETTE COUNTY,149,55 Years,423,218,205,348,183,165,27,13,14,3,1,2,45,21,24
FAYETTE COUNTY,149,56 Years,439,220,219,354,180,174,27,6,21,7,5,2,51,29,22
FAYETTE COUNTY,149,57 Years,439,213,226,363,171,192,29,14,15,4,2,2,43,26,17
FAYETTE COUNTY,149,58 Years,413,193,220,341,163,178,30,13,17,5,2,3,37,15,22
FAYETTE COUNTY,149,59 Years,383,191,192,319,161,158,28,11,17,3,2,1,33,17,16
FAYETTE COUNTY,149,60 Years,369,195,174,309,165,144,23,9,14,3,1,2,34,20,14
FAYETTE COUNTY,149,61 Years,370,186,184,316,156,160,19,8,11,0,0,0,35,22,13
FAYETTE COUNTY,149,62 Years,385,188,197,340,162,178,15,10,5,2,1,1,28,15,13
FAYETTE COUNTY,149,63 Years,358,188,170,323,170,153,13,5,8,4,3,1,18,10,8
FAYETTE COUNTY,149,64 Years,380,188,192,342,166,176,13,5,8,5,3,2,20,14,6
FAYETTE COUNTY,149,65 Years,334,165,169,293,144,149,14,7,7,4,3,1,23,11,12
FAYETTE COUNTY,149,66 Years,326,168,158,285,146,139,15,8,7,4,1,3,22,13,9
FAYETTE COUNTY,149,67 Years,346,160,186,310,142,168,13,8,5,4,1,3,19,9,10
FAYETTE COUNTY,149,68 Years,325,159,166,286,139,147,13,8,5,4,2,2,22,10,12
FAYETTE COUNTY,149,69 Years,306,172,134,269,153,116,15,7,8,3,0,3,19,12,7
FAYETTE COUNTY,149,70 Years,273,132,141,240,116,124,15,8,7,3,0,3,15,8,7
FAYETTE COUNTY,149,71 Years,272,134,138,246,122,124,14,6,8,2,0,2,10,6,4
FAYETTE COUNTY,149,72 Years,276,139,137,253,123,130,15,11,4,2,2,0,6,3,3
FAYETTE COUNTY,149,73 Years,258,133,125,231,117,114,10,8,2,1,1,0,16,7,9
FAYETTE COUNTY,149,74 Years,243,126,117,219,114,105,8,5,3,0,0,0,16,7,9
FAYETTE COUNTY,149,75 Years,214,110,104,201,102,99,3,2,1,1,0,1,9,6,3
FAYETTE COUNTY,149,76 Years,198,92,106,183,86,97,7,1,6,0,0,0,8,5,3
FAYETTE COUNTY,149,77 Years,186,82,104,168,74,94,10,4,6,1,1,0,7,3,4
FAYETTE COUNTY,149,78 Years,175,76,99,153,67,86,13,3,10,0,0,0,9,6,3
FAYETTE COUNTY,149,79 Years,177,80,97,160,77,83,10,1,9,0,0,0,7,2,5
FAYETTE COUNTY,149,80 Years,160,68,92,146,62,84,11,4,7,0,0,0,3,2,1
FAYETTE COUNTY,149,81 Years,166,71,95,154,66,88,5,1,4,3,2,1,4,2,2
FAYETTE COUNTY,149,82 Years,165,73,92,151,67,84,6,2,4,1,0,1,7,4,3
FAYETTE COUNTY,149,83 Years,143,62,81,130,56,74,5,2,3,1,0,1,7,4,3
FAYETTE COUNTY,149,84 Years,122,55,67,110,50,60,5,1,4,3,1,2,4,3,1
FAYETTE COUNTY,149,85 Years +,881,271,610,808,257,551,43,6,37,6,2,4,24,6,18
FISHER COUNTY,151,All Ages,3951,1953,1998,2764,1352,1412,124,55,69,54,28,26,1009,518,491
FISHER COUNTY,151,< 1 Year,40,22,18,23,12,11,1,1,0,0,0,0,16,9,7
FISHER COUNTY,151,1 Years,41,21,20,22,10,12,0,0,0,1,0,1,18,11,7
FISHER COUNTY,151,2 Years,41,18,23,21,6,15,0,0,0,1,0,1,19,12,7
FISHER COUNTY,151,3 Years,40,24,16,23,15,8,1,0,1,0,0,0,16,9,7
FISHER COUNTY,151,4 Years,47,23,24,28,14,14,0,0,0,1,1,0,18,8,10
FISHER COUNTY,151,5 Years,48,23,25,30,14,16,1,0,1,2,0,2,15,9,6
FISHER COUNTY,151,6 Years,43,22,21,23,10,13,2,2,0,1,1,0,17,9,8
FISHER COUNTY,151,7 Years,43,26,17,23,13,10,1,1,0,2,2,0,17,10,7
FISHER COUNTY,151,8 Years,42,20,22,24,13,11,1,0,1,1,1,0,16,6,10
FISHER COUNTY,151,9 Years,50,26,24,35,19,16,1,0,1,0,0,0,14,7,7
FISHER COUNTY,151,10 Years,43,20,23,31,14,17,0,0,0,0,0,0,12,6,6
FISHER COUNTY,151,11 Years,46,18,28,28,10,18,0,0,0,2,1,1,16,7,9
FISHER COUNTY,151,12 Years,42,26,16,26,15,11,2,2,0,1,1,0,13,8,5
FISHER COUNTY,151,13 Years,51,25,26,29,15,14,4,3,1,0,0,0,18,7,11
FISHER COUNTY,151,14 Years,49,26,23,30,16,14,2,2,0,0,0,0,17,8,9
FISHER COUNTY,151,15 Years,46,28,18,29,17,12,0,0,0,0,0,0,17,11,6
FISHER COUNTY,151,16 Years,62,30,32,36,15,21,4,2,2,0,0,0,22,13,9
FISHER COUNTY,151,17 Years,74,41,33,47,28,19,5,1,4,1,0,1,21,12,9
FISHER COUNTY,151,18 Years,74,35,39,46,25,21,4,1,3,2,0,2,22,9,13
FISHER COUNTY,151,19 Years,57,26,31,33,15,18,4,1,3,2,1,1,18,9,9
FISHER COUNTY,151,20 Years,44,23,21,20,9,11,3,1,2,1,0,1,20,13,7
FISHER COUNTY,151,21 Years,36,22,14,18,11,7,3,3,0,0,0,0,15,8,7
FISHER COUNTY,151,22 Years,31,18,13,18,9,9,1,1,0,1,1,0,11,7,4
FISHER COUNTY,151,23 Years,39,21,18,27,13,14,2,1,1,1,1,0,9,6,3
FISHER COUNTY,151,24 Years,32,19,13,20,9,11,2,2,0,1,1,0,9,7,2
FISHER COUNTY,151,25 Years,27,14,13,21,10,11,1,1,0,0,0,0,5,3,2
FISHER COUNTY,151,26 Years,33,15,18,19,10,9,0,0,0,0,0,0,14,5,9
FISHER COUNTY,151,27 Years,37,16,21,21,10,11,0,0,0,0,0,0,16,6,10
FISHER COUNTY,151,28 Years,41,20,21,27,12,15,0,0,0,0,0,0,14,8,6
FISHER COUNTY,151,29 Years,34,15,19,24,11,13,2,0,2,0,0,0,8,4,4
FISHER COUNTY,151,30 Years,39,15,24,24,11,13,1,0,1,1,0,1,13,4,9
FISHER COUNTY,151,31 Years,27,16,11,21,13,8,0,0,0,0,0,0,6,3,3
FISHER COUNTY,151,32 Years,25,14,11,19,10,9,0,0,0,0,0,0,6,4,2
FISHER COUNTY,151,33 Years,33,15,18,27,11,16,0,0,0,0,0,0,6,4,2
FISHER COUNTY,151,34 Years,34,21,13,23,13,10,0,0,0,0,0,0,11,8,3
FISHER COUNTY,151,35 Years,36,22,14,21,12,9,2,1,1,1,0,1,12,9,3
FISHER COUNTY,151,36 Years,34,14,20,16,7,9,4,2,2,0,0,0,14,5,9
FISHER COUNTY,151,37 Years,38,16,22,25,11,14,3,0,3,0,0,0,10,5,5
FISHER COUNTY,151,38 Years,47,26,21,31,17,14,1,0,1,1,1,0,14,8,6
FISHER COUNTY,151,39 Years,51,28,23,33,18,15,3,2,1,0,0,0,15,8,7
FISHER COUNTY,151,40 Years,59,26,33,43,22,21,1,0,1,0,0,0,15,4,11
FISHER COUNTY,151,41 Years,53,26,27,39,21,18,3,1,2,0,0,0,11,4,7
FISHER COUNTY,151,42 Years,44,20,24,34,16,18,2,0,2,0,0,0,8,4,4
FISHER COUNTY,151,43 Years,41,20,21,26,12,14,0,0,0,1,1,0,14,7,7
FISHER COUNTY,151,44 Years,42,22,20,27,16,11,3,1,2,0,0,0,12,5,7
FISHER COUNTY,151,45 Years,43,21,22,29,12,17,3,3,0,0,0,0,11,6,5
FISHER COUNTY,151,46 Years,46,27,19,27,14,13,5,3,2,1,0,1,13,10,3
FISHER COUNTY,151,47 Years,53,30,23,32,18,14,2,0,2,2,1,1,17,11,6
FISHER COUNTY,151,48 Years,59,31,28,41,23,18,2,1,1,2,1,1,14,6,8
FISHER COUNTY,151,49 Years,59,29,30,45,24,21,2,1,1,0,0,0,12,4,8
FISHER COUNTY,151,50 Years,55,30,25,38,22,16,1,1,0,1,0,1,15,7,8
FISHER COUNTY,151,51 Years,66,37,29,46,26,20,1,1,0,1,0,1,18,10,8
FISHER COUNTY,151,52 Years,61,35,26,45,26,19,2,1,1,2,2,0,12,6,6
FISHER COUNTY,151,53 Years,57,28,29,43,19,24,3,3,0,0,0,0,11,6,5
FISHER COUNTY,151,54 Years,55,23,32,40,16,24,1,1,0,0,0,0,14,6,8
FISHER COUNTY,151,55 Years,64,33,31,47,22,25,0,0,0,1,1,0,16,10,6
FISHER COUNTY,151,56 Years,64,37,27,46,26,20,1,0,1,1,1,0,16,10,6
FISHER COUNTY,151,57 Years,61,29,32,47,21,26,0,0,0,1,1,0,13,7,6
FISHER COUNTY,151,58 Years,53,27,26,39,19,20,1,1,0,0,0,0,13,7,6
FISHER COUNTY,151,59 Years,55,27,28,44,21,23,0,0,0,1,1,0,10,5,5
FISHER COUNTY,151,60 Years,52,26,26,44,22,22,0,0,0,0,0,0,8,4,4
FISHER COUNTY,151,61 Years,58,27,31,41,19,22,1,0,1,3,1,2,13,7,6
FISHER COUNTY,151,62 Years,51,23,28,40,18,22,1,0,1,1,1,0,9,4,5
FISHER COUNTY,151,63 Years,55,24,31,45,22,23,2,0,2,1,1,0,7,1,6
FISHER COUNTY,151,64 Years,54,31,23,44,28,16,3,1,2,1,0,1,6,2,4
FISHER COUNTY,151,65 Years,49,26,23,36,20,16,3,1,2,1,0,1,9,5,4
FISHER COUNTY,151,66 Years,42,22,20,31,15,16,1,0,1,2,1,1,8,6,2
FISHER COUNTY,151,67 Years,46,26,20,36,19,17,1,1,0,1,1,0,8,5,3
FISHER COUNTY,151,68 Years,42,17,25,31,12,19,3,0,3,0,0,0,8,5,3
FISHER COUNTY,151,69 Years,44,16,28,33,12,21,1,0,1,1,0,1,9,4,5
FISHER COUNTY,151,70 Years,44,19,25,39,16,23,1,1,0,0,0,0,4,2,2
FISHER COUNTY,151,71 Years,48,17,31,39,14,25,0,0,0,0,0,0,9,3,6
FISHER COUNTY,151,72 Years,50,23,27,42,18,24,2,2,0,1,1,0,5,2,3
FISHER COUNTY,151,73 Years,43,20,23,33,15,18,1,1,0,1,0,1,8,4,4
FISHER COUNTY,151,74 Years,45,22,23,38,19,19,0,0,0,0,0,0,7,3,4
FISHER COUNTY,151,75 Years,45,23,22,36,20,16,2,0,2,0,0,0,7,3,4
FISHER COUNTY,151,76 Years,42,23,19,36,20,16,0,0,0,0,0,0,6,3,3
FISHER COUNTY,151,77 Years,37,19,18,33,18,15,0,0,0,0,0,0,4,1,3
FISHER COUNTY,151,78 Years,32,18,14,30,17,13,0,0,0,0,0,0,2,1,1
FISHER COUNTY,151,79 Years,26,10,16,19,8,11,1,0,1,0,0,0,6,2,4
FISHER COUNTY,151,80 Years,31,14,17,25,13,12,2,0,2,0,0,0,4,1,3
FISHER COUNTY,151,81 Years,34,13,21,26,11,15,3,0,3,0,0,0,5,2,3
FISHER COUNTY,151,82 Years,30,7,23,25,7,18,1,0,1,0,0,0,4,0,4
FISHER COUNTY,151,83 Years,29,8,21,25,7,18,0,0,0,0,0,0,4,1,3
FISHER COUNTY,151,84 Years,28,13,15,24,10,14,0,0,0,0,0,0,4,3,1
FISHER COUNTY,151,85 Years +,107,38,69,93,33,60,1,0,1,3,1,2,10,4,6
FLOYD COUNTY,153,All Ages,6445,3179,3266,2725,1309,1416,205,104,101,53,25,28,3462,1741,1721
FLOYD COUNTY,153,< 1 Year,87,43,44,22,11,11,2,1,1,1,0,1,62,31,31
FLOYD COUNTY,153,1 Years,96,50,46,19,12,7,2,0,2,2,1,1,73,37,36
FLOYD COUNTY,153,2 Years,87,44,43,20,13,7,2,0,2,0,0,0,65,31,34
FLOYD COUNTY,153,3 Years,104,52,52,20,8,12,3,0,3,1,1,0,80,43,37
FLOYD COUNTY,153,4 Years,97,54,43,17,10,7,4,2,2,1,1,0,75,41,34
FLOYD COUNTY,153,5 Years,102,58,44,21,14,7,3,1,2,1,0,1,77,43,34
FLOYD COUNTY,153,6 Years,106,52,54,16,8,8,4,2,2,1,0,1,85,42,43
FLOYD COUNTY,153,7 Years,99,46,53,23,10,13,4,2,2,1,0,1,71,34,37
FLOYD COUNTY,153,8 Years,103,55,48,28,16,12,4,3,1,1,1,0,70,35,35
FLOYD COUNTY,153,9 Years,103,53,50,26,14,12,4,3,1,1,1,0,72,35,37
FLOYD COUNTY,153,10 Years,93,51,42,19,11,8,2,1,1,1,0,1,71,39,32
FLOYD COUNTY,153,11 Years,101,59,42,25,14,11,3,2,1,1,0,1,72,43,29
FLOYD COUNTY,153,12 Years,109,57,52,25,11,14,5,4,1,0,0,0,79,42,37
FLOYD COUNTY,153,13 Years,108,61,47,26,15,11,3,3,0,0,0,0,79,43,36
FLOYD COUNTY,153,14 Years,109,54,55,33,17,16,2,2,0,1,1,0,73,34,39
FLOYD COUNTY,153,15 Years,96,51,45,30,14,16,1,1,0,1,0,1,64,36,28
FLOYD COUNTY,153,16 Years,105,56,49,33,15,18,4,3,1,1,1,0,67,37,30
FLOYD COUNTY,153,17 Years,112,52,60,36,15,21,4,3,1,0,0,0,72,34,38
FLOYD COUNTY,153,18 Years,111,62,49,29,14,15,6,5,1,1,0,1,75,43,32
FLOYD COUNTY,153,19 Years,94,51,43,30,16,14,2,2,0,1,1,0,61,32,29
FLOYD COUNTY,153,20 Years,63,34,29,14,9,5,3,3,0,1,0,1,45,22,23
FLOYD COUNTY,153,21 Years,61,25,36,13,9,4,3,1,2,1,0,1,44,15,29
FLOYD COUNTY,153,22 Years,63,26,37,17,10,7,2,1,1,1,0,1,43,15,28
FLOYD COUNTY,153,23 Years,66,35,31,19,12,7,2,1,1,1,0,1,44,22,22
FLOYD COUNTY,153,24 Years,58,29,29,20,12,8,1,1,0,0,0,0,37,16,21
FLOYD COUNTY,153,25 Years,65,30,35,21,11,10,2,1,1,1,1,0,41,17,24
FLOYD COUNTY,153,26 Years,69,34,35,25,12,13,2,0,2,1,1,0,41,21,20
FLOYD COUNTY,153,27 Years,58,27,31,22,9,13,2,2,0,0,0,0,34,16,18
FLOYD COUNTY,153,28 Years,69,32,37,23,7,16,4,3,1,0,0,0,42,22,20
FLOYD COUNTY,153,29 Years,66,37,29,24,13,11,5,2,3,0,0,0,37,22,15
FLOYD COUNTY,153,30 Years,73,30,43,21,12,9,2,1,1,1,0,1,49,17,32
FLOYD COUNTY,153,31 Years,70,35,35,22,11,11,2,2,0,1,1,0,45,21,24
FLOYD COUNTY,153,32 Years,60,30,30,22,10,12,0,0,0,0,0,0,38,20,18
FLOYD COUNTY,153,33 Years,63,31,32,27,13,14,1,1,0,0,0,0,35,17,18
FLOYD COUNTY,153,34 Years,65,34,31,24,14,10,1,0,1,1,0,1,39,20,19
FLOYD COUNTY,153,35 Years,72,26,46,22,10,12,1,0,1,0,0,0,49,16,33
FLOYD COUNTY,153,36 Years,64,24,40,21,9,12,2,0,2,0,0,0,41,15,26
FLOYD COUNTY,153,37 Years,63,28,35,23,10,13,2,0,2,0,0,0,38,18,20
FLOYD COUNTY,153,38 Years,64,29,35,19,6,13,1,0,1,1,0,1,43,23,20
FLOYD COUNTY,153,39 Years,69,37,32,23,11,12,1,1,0,1,1,0,44,24,20
FLOYD COUNTY,153,40 Years,84,47,37,27,14,13,1,1,0,1,1,0,55,31,24
FLOYD COUNTY,153,41 Years,81,47,34,24,13,11,3,2,1,1,1,0,53,31,22
FLOYD COUNTY,153,42 Years,71,37,34,27,13,14,2,0,2,0,0,0,42,24,18
FLOYD COUNTY,153,43 Years,66,30,36,32,12,20,1,0,1,0,0,0,33,18,15
FLOYD COUNTY,153,44 Years,80,43,37,38,19,19,2,2,0,1,1,0,39,21,18
FLOYD COUNTY,153,45 Years,73,34,39,28,14,14,4,2,2,1,0,1,40,18,22
FLOYD COUNTY,153,46 Years,75,34,41,32,17,15,4,2,2,0,0,0,39,15,24
FLOYD COUNTY,153,47 Years,83,37,46,42,20,22,4,3,1,1,1,0,36,13,23
FLOYD COUNTY,153,48 Years,75,33,42,39,17,22,3,2,1,0,0,0,33,14,19
FLOYD COUNTY,153,49 Years,85,36,49,42,16,26,2,0,2,0,0,0,41,20,21
FLOYD COUNTY,153,50 Years,91,46,45,45,21,24,2,1,1,0,0,0,44,24,20
FLOYD COUNTY,153,51 Years,96,54,42,56,29,27,2,0,2,1,1,0,37,24,13
FLOYD COUNTY,153,52 Years,92,47,45,52,23,29,2,0,2,1,1,0,37,23,14
FLOYD COUNTY,153,53 Years,84,48,36,47,29,18,3,1,2,1,1,0,33,17,16
FLOYD COUNTY,153,54 Years,74,39,35,34,20,14,2,1,1,1,1,0,37,17,20
FLOYD COUNTY,153,55 Years,79,42,37,40,21,19,1,0,1,1,1,0,37,20,17
FLOYD COUNTY,153,56 Years,91,49,42,48,24,24,3,1,2,1,1,0,39,23,16
FLOYD COUNTY,153,57 Years,79,43,36,41,25,16,3,1,2,1,0,1,34,17,17
FLOYD COUNTY,153,58 Years,89,51,38,50,25,25,5,4,1,2,1,1,32,21,11
FLOYD COUNTY,153,59 Years,91,46,45,52,29,23,4,3,1,1,1,0,34,13,21
FLOYD COUNTY,153,60 Years,77,36,41,43,22,21,2,1,1,0,0,0,32,13,19
FLOYD COUNTY,153,61 Years,68,34,34,42,22,20,2,1,1,0,0,0,24,11,13
FLOYD COUNTY,153,62 Years,66,28,38,39,16,23,1,1,0,1,0,1,25,11,14
FLOYD COUNTY,153,63 Years,61,32,29,30,13,17,2,2,0,1,1,0,28,16,12
FLOYD COUNTY,153,64 Years,55,27,28,30,16,14,3,1,2,0,0,0,22,10,12
FLOYD COUNTY,153,65 Years,61,33,28,40,23,17,1,0,1,0,0,0,20,10,10
FLOYD COUNTY,153,66 Years,58,23,35,35,12,23,1,0,1,1,0,1,21,11,10
FLOYD COUNTY,153,67 Years,53,24,29,32,12,20,2,1,1,0,0,0,19,11,8
FLOYD COUNTY,153,68 Years,67,28,39,45,19,26,2,1,1,0,0,0,20,8,12
FLOYD COUNTY,153,69 Years,62,22,40,38,13,25,2,1,1,2,0,2,20,8,12
FLOYD COUNTY,153,70 Years,62,30,32,41,22,19,3,2,1,2,0,2,16,6,10
FLOYD COUNTY,153,71 Years,58,25,33,40,18,22,1,0,1,1,0,1,16,7,9
FLOYD COUNTY,153,72 Years,56,24,32,36,15,21,1,0,1,0,0,0,19,9,10
FLOYD COUNTY,153,73 Years,47,20,27,31,14,17,1,0,1,0,0,0,15,6,9
FLOYD COUNTY,153,74 Years,47,26,21,29,16,13,2,2,0,0,0,0,16,8,8
FLOYD COUNTY,153,75 Years,52,27,25,41,20,21,3,2,1,0,0,0,8,5,3
FLOYD COUNTY,153,76 Years,46,19,27,36,13,23,2,1,1,0,0,0,8,5,3
FLOYD COUNTY,153,77 Years,40,15,25,27,10,17,1,0,1,0,0,0,12,5,7
FLOYD COUNTY,153,78 Years,47,18,29,28,12,16,5,0,5,0,0,0,14,6,8
FLOYD COUNTY,153,79 Years,36,16,20,29,12,17,1,0,1,0,0,0,6,4,2
FLOYD COUNTY,153,80 Years,43,22,21,33,15,18,1,0,1,0,0,0,9,7,2
FLOYD COUNTY,153,81 Years,52,20,32,40,13,27,2,0,2,0,0,0,10,7,3
FLOYD COUNTY,153,82 Years,44,19,25,34,14,20,3,1,2,1,0,1,6,4,2
FLOYD COUNTY,153,83 Years,38,15,23,31,13,18,1,0,1,1,0,1,5,2,3
FLOYD COUNTY,153,84 Years,37,16,21,30,11,19,0,0,0,0,0,0,7,5,2
FLOYD COUNTY,153,85 Years +,150,63,87,129,54,75,4,1,3,0,0,0,17,8,9
FOARD COUNTY,155,All Ages,1346,642,704,1089,516,573,50,22,28,9,4,5,198,100,98
FOARD COUNTY,155,< 1 Year,13,7,6,9,5,4,0,0,0,0,0,0,4,2,2
FOARD COUNTY,155,1 Years,13,6,7,8,3,5,1,1,0,0,0,0,4,2,2
FOARD COUNTY,155,2 Years,13,4,9,9,3,6,1,0,1,1,0,1,2,1,1
FOARD COUNTY,155,3 Years,13,7,6,9,5,4,1,0,1,0,0,0,3,2,1
FOARD COUNTY,155,4 Years,7,3,4,6,2,4,0,0,0,0,0,0,1,1,0
FOARD COUNTY,155,5 Years,11,8,3,9,6,3,0,0,0,0,0,0,2,2,0
FOARD COUNTY,155,6 Years,15,6,9,10,4,6,0,0,0,0,0,0,5,2,3
FOARD COUNTY,155,7 Years,13,5,8,8,4,4,1,0,1,0,0,0,4,1,3
FOARD COUNTY,155,8 Years,13,8,5,8,5,3,2,1,1,1,0,1,2,2,0
FOARD COUNTY,155,9 Years,19,10,9,15,7,8,2,2,0,0,0,0,2,1,1
FOARD COUNTY,155,10 Years,17,7,10,13,5,8,2,2,0,0,0,0,2,0,2
FOARD COUNTY,155,11 Years,15,7,8,12,4,8,2,2,0,0,0,0,1,1,0
FOARD COUNTY,155,12 Years,12,5,7,7,2,5,1,1,0,0,0,0,4,2,2
FOARD COUNTY,155,13 Years,17,7,10,11,5,6,3,0,3,0,0,0,3,2,1
FOARD COUNTY,155,14 Years,15,7,8,9,4,5,1,0,1,0,0,0,5,3,2
FOARD COUNTY,155,15 Years,18,7,11,13,5,8,2,1,1,0,0,0,3,1,2
FOARD COUNTY,155,16 Years,25,12,13,18,11,7,3,1,2,0,0,0,4,0,4
FOARD COUNTY,155,17 Years,23,12,11,16,10,6,1,0,1,0,0,0,6,2,4
FOARD COUNTY,155,18 Years,19,12,7,12,9,3,1,0,1,0,0,0,6,3,3
FOARD COUNTY,155,19 Years,20,9,11,16,7,9,0,0,0,0,0,0,4,2,2
FOARD COUNTY,155,20 Years,15,4,11,12,3,9,0,0,0,0,0,0,3,1,2
FOARD COUNTY,155,21 Years,12,3,9,10,3,7,0,0,0,0,0,0,2,0,2
FOARD COUNTY,155,22 Years,14,9,5,9,6,3,2,1,1,0,0,0,3,2,1
FOARD COUNTY,155,23 Years,9,4,5,6,3,3,0,0,0,0,0,0,3,1,2
FOARD COUNTY,155,24 Years,8,3,5,6,2,4,0,0,0,1,0,1,1,1,0
FOARD COUNTY,155,25 Years,17,10,7,13,7,6,0,0,0,0,0,0,4,3,1
FOARD COUNTY,155,26 Years,13,5,8,9,3,6,0,0,0,0,0,0,4,2,2
FOARD COUNTY,155,27 Years,11,7,4,7,4,3,1,1,0,0,0,0,3,2,1
FOARD COUNTY,155,28 Years,18,12,6,13,9,4,1,0,1,0,0,0,4,3,1
FOARD COUNTY,155,29 Years,14,8,6,13,7,6,0,0,0,0,0,0,1,1,0
FOARD COUNTY,155,30 Years,8,3,5,7,2,5,0,0,0,0,0,0,1,1,0
FOARD COUNTY,155,31 Years,11,6,5,8,5,3,0,0,0,0,0,0,3,1,2
FOARD COUNTY,155,32 Years,8,4,4,5,3,2,0,0,0,1,1,0,2,0,2
FOARD COUNTY,155,33 Years,6,4,2,5,3,2,0,0,0,0,0,0,1,1,0
FOARD COUNTY,155,34 Years,8,4,4,5,2,3,0,0,0,0,0,0,3,2,1
FOARD COUNTY,155,35 Years,14,5,9,12,5,7,1,0,1,0,0,0,1,0,1
FOARD COUNTY,155,36 Years,14,8,6,12,7,5,0,0,0,0,0,0,2,1,1
FOARD COUNTY,155,37 Years,9,4,5,6,2,4,0,0,0,0,0,0,3,2,1
FOARD COUNTY,155,38 Years,8,5,3,6,3,3,0,0,0,0,0,0,2,2,0
FOARD COUNTY,155,39 Years,12,7,5,9,5,4,0,0,0,0,0,0,3,2,1
FOARD COUNTY,155,40 Years,19,8,11,16,6,10,2,1,1,0,0,0,1,1,0
FOARD COUNTY,155,41 Years,19,7,12,16,6,10,0,0,0,0,0,0,3,1,2
FOARD COUNTY,155,42 Years,14,7,7,13,7,6,0,0,0,0,0,0,1,0,1
FOARD COUNTY,155,43 Years,21,13,8,16,10,6,1,1,0,0,0,0,4,2,2
FOARD COUNTY,155,44 Years,17,10,7,13,6,7,1,1,0,0,0,0,3,3,0
FOARD COUNTY,155,45 Years,16,4,12,13,3,10,0,0,0,0,0,0,3,1,2
FOARD COUNTY,155,46 Years,16,8,8,10,4,6,1,1,0,0,0,0,5,3,2
FOARD COUNTY,155,47 Years,27,14,13,23,11,12,1,1,0,0,0,0,3,2,1
FOARD COUNTY,155,48 Years,22,12,10,15,8,7,0,0,0,0,0,0,7,4,3
FOARD COUNTY,155,49 Years,23,11,12,18,9,9,0,0,0,0,0,0,5,2,3
FOARD COUNTY,155,50 Years,23,13,10,19,12,7,1,0,1,0,0,0,3,1,2
FOARD COUNTY,155,51 Years,25,15,10,22,15,7,1,0,1,0,0,0,2,0,2
FOARD COUNTY,155,52 Years,18,10,8,16,9,7,0,0,0,0,0,0,2,1,1
FOARD COUNTY,155,53 Years,16,11,5,12,8,4,0,0,0,1,1,0,3,2,1
FOARD COUNTY,155,54 Years,24,9,15,21,8,13,1,0,1,0,0,0,2,1,1
FOARD COUNTY,155,55 Years,18,7,11,16,5,11,0,0,0,0,0,0,2,2,0
FOARD COUNTY,155,56 Years,11,5,6,8,3,5,0,0,0,0,0,0,3,2,1
FOARD COUNTY,155,57 Years,11,6,5,9,4,5,0,0,0,0,0,0,2,2,0
FOARD COUNTY,155,58 Years,17,8,9,15,7,8,0,0,0,0,0,0,2,1,1
FOARD COUNTY,155,59 Years,20,12,8,18,10,8,0,0,0,1,1,0,1,1,0
FOARD COUNTY,155,60 Years,25,14,11,22,12,10,1,1,0,1,1,0,1,0,1
FOARD COUNTY,155,61 Years,16,8,8,15,8,7,0,0,0,0,0,0,1,0,1
FOARD COUNTY,155,62 Years,19,10,9,18,10,8,0,0,0,0,0,0,1,0,1
FOARD COUNTY,155,63 Years,20,10,10,18,10,8,0,0,0,0,0,0,2,0,2
FOARD COUNTY,155,64 Years,18,7,11,17,7,10,0,0,0,0,0,0,1,0,1
FOARD COUNTY,155,65 Years,18,7,11,17,7,10,0,0,0,0,0,0,1,0,1
FOARD COUNTY,155,66 Years,18,7,11,14,6,8,0,0,0,1,0,1,3,1,2
FOARD COUNTY,155,67 Years,17,7,10,13,5,8,2,1,1,0,0,0,2,1,1
FOARD COUNTY,155,68 Years,18,11,7,15,9,6,1,1,0,0,0,0,2,1,1
FOARD COUNTY,155,69 Years,15,9,6,14,8,6,0,0,0,0,0,0,1,1,0
FOARD COUNTY,155,70 Years,17,9,8,14,8,6,0,0,0,0,0,0,3,1,2
FOARD COUNTY,155,71 Years,17,7,10,16,7,9,0,0,0,0,0,0,1,0,1
FOARD COUNTY,155,72 Years,22,7,15,19,7,12,3,0,3,0,0,0,0,0,0
FOARD COUNTY,155,73 Years,13,3,10,12,3,9,0,0,0,0,0,0,1,0,1
FOARD COUNTY,155,74 Years,16,6,10,13,5,8,2,1,1,1,0,1,0,0,0
FOARD COUNTY,155,75 Years,14,7,7,13,7,6,0,0,0,0,0,0,1,0,1
FOARD COUNTY,155,76 Years,14,7,7,13,7,6,0,0,0,0,0,0,1,0,1
FOARD COUNTY,155,77 Years,10,4,6,10,4,6,0,0,0,0,0,0,0,0,0
FOARD COUNTY,155,78 Years,13,9,4,12,8,4,0,0,0,0,0,0,1,1,0
FOARD COUNTY,155,79 Years,12,5,7,11,4,7,0,0,0,0,0,0,1,1,0
FOARD COUNTY,155,80 Years,7,3,4,6,2,4,0,0,0,0,0,0,1,1,0
FOARD COUNTY,155,81 Years,8,5,3,8,5,3,0,0,0,0,0,0,0,0,0
FOARD COUNTY,155,82 Years,7,4,3,7,4,3,0,0,0,0,0,0,0,0,0
FOARD COUNTY,155,83 Years,8,2,6,8,2,6,0,0,0,0,0,0,0,0,0
FOARD COUNTY,155,84 Years,9,3,6,9,3,6,0,0,0,0,0,0,0,0,0
FOARD COUNTY,155,85 Years +,58,17,41,55,17,38,3,0,3,0,0,0,0,0,0
FORT BEND COUNTY,157,All Ages,607995,298472,309523,215126,107193,107933,128155,60164,67991,117781,57831,59950,146933,73284,73649
FORT BEND COUNTY,157,< 1 Year,7948,4055,3893,2307,1181,1126,1487,758,729,1552,794,758,2602,1322,1280
FORT BEND COUNTY,157,1 Years,8033,4139,3894,2347,1254,1093,1539,776,763,1554,800,754,2593,1309,1284
FORT BEND COUNTY,157,2 Years,8543,4358,4185,2528,1319,1209,1693,845,848,1660,860,800,2662,1334,1328
FORT BEND COUNTY,157,3 Years,8802,4493,4309,2562,1316,1246,1784,898,886,1792,915,877,2664,1364,1300
FORT BEND COUNTY,157,4 Years,9205,4662,4543,2655,1355,1300,1881,939,942,1907,971,936,2762,1397,1365
FORT BEND COUNTY,157,5 Years,9489,4893,4596,2832,1492,1340,1933,993,940,1918,970,948,2806,1438,1368
FORT BEND COUNTY,157,6 Years,9785,4987,4798,2909,1517,1392,2006,991,1015,1961,986,975,2909,1493,1416
FORT BEND COUNTY,157,7 Years,10155,5124,5031,3011,1495,1516,2139,1069,1070,2057,1048,1009,2948,1512,1436
FORT BEND COUNTY,157,8 Years,10318,5230,5088,3009,1476,1533,2215,1161,1054,2067,1062,1005,3027,1531,1496
FORT BEND COUNTY,157,9 Years,10356,5357,4999,3047,1556,1491,2240,1167,1073,2009,1080,929,3060,1554,1506
FORT BEND COUNTY,157,10 Years,10632,5486,5146,3117,1604,1513,2375,1212,1163,2084,1111,973,3056,1559,1497
FORT BEND COUNTY,157,11 Years,10728,5555,5173,3211,1694,1517,2426,1241,1185,2010,1033,977,3081,1587,1494
FORT BEND COUNTY,157,12 Years,10603,5399,5204,3104,1604,1500,2459,1247,1212,1956,978,978,3084,1570,1514
FORT BEND COUNTY,157,13 Years,10583,5403,5180,3066,1569,1497,2533,1262,1271,1995,1023,972,2989,1549,1440
FORT BEND COUNTY,157,14 Years,10567,5478,5089,3179,1649,1530,2521,1297,1224,2008,1048,960,2859,1484,1375
FORT BEND COUNTY,157,15 Years,10598,5507,5091,3229,1681,1548,2546,1300,1246,1977,1054,923,2846,1472,1374
FORT BEND COUNTY,157,16 Years,10556,5406,5150,3170,1623,1547,2550,1269,1281,1976,1024,952,2860,1490,1370
FORT BEND COUNTY,157,17 Years,10549,5388,5161,3223,1627,1596,2552,1308,1244,1925,993,932,2849,1460,1389
FORT BEND COUNTY,157,18 Years,10094,5311,4783,3042,1599,1443,2495,1328,1167,1814,958,856,2743,1426,1317
FORT BEND COUNTY,157,19 Years,8504,4531,3973,2455,1309,1146,2139,1142,997,1460,770,690,2450,1310,1140
FORT BEND COUNTY,157,20 Years,7004,3729,3275,1751,928,823,1813,984,829,1191,601,590,2249,1216,1033
FORT BEND COUNTY,157,21 Years,6415,3366,3049,1492,787,705,1649,871,778,1149,571,578,2125,1137,988
FORT BEND COUNTY,157,22 Years,6160,3252,2908,1519,800,719,1530,801,729,1111,573,538,2000,1078,922
FORT BEND COUNTY,157,23 Years,6063,3098,2965,1643,825,818,1382,663,719,1135,561,574,1903,1049,854
FORT BEND COUNTY,157,24 Years,6267,3189,3078,1840,907,933,1354,671,683,1167,591,576,1906,1020,886
FORT BEND COUNTY,157,25 Years,6401,3256,3145,1931,987,944,1335,653,682,1201,582,619,1934,1034,900
FORT BEND COUNTY,157,26 Years,6685,3334,3351,2097,1044,1053,1347,648,699,1297,649,648,1944,993,951
FORT BEND COUNTY,157,27 Years,6486,3118,3368,1975,949,1026,1309,608,701,1314,623,691,1888,938,950
FORT BEND COUNTY,157,28 Years,6899,3365,3534,2174,1076,1098,1347,644,703,1326,625,701,2052,1020,1032
FORT BEND COUNTY,157,29 Years,7223,3518,3705,2311,1131,1180,1391,649,742,1376,651,725,2145,1087,1058
FORT BEND COUNTY,157,30 Years,7577,3637,3940,2466,1220,1246,1503,695,808,1383,637,746,2225,1085,1140
FORT BEND COUNTY,157,31 Years,7825,3651,4174,2513,1215,1298,1651,730,921,1457,639,818,2204,1067,1137
FORT BEND COUNTY,157,32 Years,7791,3605,4186,2512,1209,1303,1622,686,936,1480,641,839,2177,1069,1108
FORT BEND COUNTY,157,33 Years,7991,3734,4257,2514,1220,1294,1659,714,945,1559,682,877,2259,1118,1141
FORT BEND COUNTY,157,34 Years,8136,3744,4392,2542,1234,1308,1677,726,951,1635,700,935,2282,1084,1198
FORT BEND COUNTY,157,35 Years,8437,3894,4543,2521,1228,1293,1767,746,1021,1752,769,983,2397,1151,1246
FORT BEND COUNTY,157,36 Years,8974,4136,4838,2726,1310,1416,1816,772,1044,1929,838,1091,2503,1216,1287
FORT BEND COUNTY,157,37 Years,9062,4181,4881,2753,1333,1420,1929,822,1107,2021,890,1131,2359,1136,1223
FORT BEND COUNTY,157,38 Years,9585,4455,5130,2925,1426,1499,2130,910,1220,2103,961,1142,2427,1158,1269
FORT BEND COUNTY,157,39 Years,10082,4672,5410,3223,1570,1653,2257,968,1289,2127,955,1172,2475,1179,1296
FORT BEND COUNTY,157,40 Years,10451,4899,5552,3486,1703,1783,2327,1005,1322,2146,984,1162,2492,1207,1285
FORT BEND COUNTY,157,41 Years,10343,4818,5525,3535,1707,1828,2226,942,1284,2117,979,1138,2465,1190,1275
FORT BEND COUNTY,157,42 Years,9858,4633,5225,3361,1625,1736,2137,934,1203,2065,955,1110,2295,1119,1176
FORT BEND COUNTY,157,43 Years,9500,4530,4970,3292,1660,1632,2089,916,1173,1918,889,1029,2201,1065,1136
FORT BEND COUNTY,157,44 Years,9450,4596,4854,3313,1669,1644,2044,924,1120,1981,964,1017,2112,1039,1073
FORT BEND COUNTY,157,45 Years,9457,4608,4849,3275,1630,1645,2031,926,1105,2028,1011,1017,2123,1041,1082
FORT BEND COUNTY,157,46 Years,9493,4613,4880,3435,1714,1721,2052,913,1139,1920,960,960,2086,1026,1060
FORT BEND COUNTY,157,47 Years,9538,4531,5007,3504,1692,1812,2061,880,1181,1961,988,973,2012,971,1041
FORT BEND COUNTY,157,48 Years,9600,4645,4955,3652,1829,1823,2022,892,1130,2007,1000,1007,1919,924,995
FORT BEND COUNTY,157,49 Years,9359,4555,4804,3766,1869,1897,1963,896,1067,1821,899,922,1809,891,918
FORT BEND COUNTY,157,50 Years,9375,4492,4883,3857,1872,1985,2009,932,1077,1809,865,944,1700,823,877
FORT BEND COUNTY,157,51 Years,9656,4740,4916,4127,2062,2065,2039,965,1074,1804,866,938,1686,847,839
FORT BEND COUNTY,157,52 Years,9554,4653,4901,4289,2124,2165,1949,890,1059,1697,824,873,1619,815,804
FORT BEND COUNTY,157,53 Years,9420,4615,4805,4307,2192,2115,1939,870,1069,1641,809,832,1533,744,789
FORT BEND COUNTY,157,54 Years,9156,4514,4642,4246,2180,2066,1869,843,1026,1599,788,811,1442,703,739
FORT BEND COUNTY,157,55 Years,8855,4446,4409,3989,2072,1917,1842,864,978,1644,822,822,1380,688,692
FORT BEND COUNTY,157,56 Years,8441,4129,4312,3774,1895,1879,1838,853,985,1553,770,783,1276,611,665
FORT BEND COUNTY,157,57 Years,7787,3807,3980,3511,1783,1728,1665,734,931,1437,744,693,1174,546,628
FORT BEND COUNTY,157,58 Years,7517,3671,3846,3393,1707,1686,1571,691,880,1450,739,711,1103,534,569
FORT BEND COUNTY,157,59 Years,7181,3478,3703,3322,1719,1603,1497,616,881,1312,625,687,1050,518,532
FORT BEND COUNTY,157,60 Years,6620,3227,3393,3025,1537,1488,1359,605,754,1290,614,676,946,471,475
FORT BEND COUNTY,157,61 Years,6382,3153,3229,2885,1467,1418,1323,611,712,1262,620,642,912,455,457
FORT BEND COUNTY,157,62 Years,5944,2925,3019,2706,1380,1326,1256,561,695,1149,570,579,833,414,419
FORT BEND COUNTY,157,63 Years,5687,2786,2901,2705,1375,1330,1126,513,613,1057,527,530,799,371,428
FORT BEND COUNTY,157,64 Years,5464,2692,2772,2731,1394,1337,981,439,542,1001,509,492,751,350,401
FORT BEND COUNTY,157,65 Years,4391,2154,2237,2070,1047,1023,771,353,418,879,444,435,671,310,361
FORT BEND COUNTY,157,66 Years,3925,1892,2033,1850,913,937,676,298,378,819,410,409,580,271,309
FORT BEND COUNTY,157,67 Years,3707,1786,1921,1834,929,905,625,255,370,730,374,356,518,228,290
FORT BEND COUNTY,157,68 Years,3410,1680,1730,1721,868,853,543,239,304,671,365,306,475,208,267
FORT BEND COUNTY,157,69 Years,2957,1462,1495,1475,737,738,456,203,253,608,319,289,418,203,215
FORT BEND COUNTY,157,70 Years,2703,1277,1426,1299,630,669,425,185,240,569,276,293,410,186,224
FORT BEND COUNTY,157,71 Years,2521,1212,1309,1217,590,627,371,163,208,538,280,258,395,179,216
FORT BEND COUNTY,157,72 Years,2285,1081,1204,1142,547,595,343,153,190,462,245,217,338,136,202
FORT BEND COUNTY,157,73 Years,2106,964,1142,1047,491,556,307,119,188,420,215,205,332,139,193
FORT BEND COUNTY,157,74 Years,1868,834,1034,921,439,482,265,96,169,381,184,197,301,115,186
FORT BEND COUNTY,157,75 Years,1780,777,1003,902,417,485,241,94,147,350,161,189,287,105,182
FORT BEND COUNTY,157,76 Years,1613,724,889,826,373,453,214,88,126,314,152,162,259,111,148
FORT BEND COUNTY,157,77 Years,1410,624,786,744,325,419,207,82,125,241,129,112,218,88,130
FORT BEND COUNTY,157,78 Years,1371,581,790,747,320,427,193,66,127,223,110,113,208,85,123
FORT BEND COUNTY,157,79 Years,1257,540,717,712,308,404,148,52,96,193,97,96,204,83,121
FORT BEND COUNTY,157,80 Years,1168,482,686,653,279,374,134,43,91,189,87,102,192,73,119
FORT BEND COUNTY,157,81 Years,1124,443,681,640,249,391,127,44,83,168,70,98,189,80,109
FORT BEND COUNTY,157,82 Years,1044,406,638,603,232,371,142,50,92,148,65,83,151,59,92
FORT BEND COUNTY,157,83 Years,934,373,561,538,224,314,125,37,88,143,62,81,128,50,78
FORT BEND COUNTY,157,84 Years,833,312,521,480,187,293,101,31,70,126,52,74,126,42,84
FORT BEND COUNTY,157,85 Years +,4389,1416,2973,2788,912,1876,545,134,411,545,196,349,511,174,337
FRANKLIN COUNTY,159,All Ages,10639,5243,5396,8590,4186,4404,409,204,205,263,106,157,1377,747,630
FRANKLIN COUNTY,159,< 1 Year,119,62,57,90,46,44,4,2,2,2,1,1,23,13,10
FRANKLIN COUNTY,159,1 Years,134,66,68,87,42,45,6,3,3,5,4,1,36,17,19
FRANKLIN COUNTY,159,2 Years,135,72,63,89,50,39,3,2,1,4,3,1,39,17,22
FRANKLIN COUNTY,159,3 Years,136,74,62,85,50,35,6,2,4,6,2,4,39,20,19
FRANKLIN COUNTY,159,4 Years,153,80,73,101,49,52,9,5,4,4,2,2,39,24,15
FRANKLIN COUNTY,159,5 Years,140,71,69,100,49,51,6,2,4,4,2,2,30,18,12
FRANKLIN COUNTY,159,6 Years,169,86,83,118,62,56,7,3,4,8,3,5,36,18,18
FRANKLIN COUNTY,159,7 Years,170,99,71,113,69,44,9,5,4,10,4,6,38,21,17
FRANKLIN COUNTY,159,8 Years,131,72,59,89,52,37,8,5,3,4,1,3,30,14,16
FRANKLIN COUNTY,159,9 Years,156,83,73,112,60,52,8,6,2,5,2,3,31,15,16
FRANKLIN COUNTY,159,10 Years,147,79,68,103,55,48,11,5,6,6,2,4,27,17,10
FRANKLIN COUNTY,159,11 Years,150,71,79,103,53,50,14,5,9,5,2,3,28,11,17
FRANKLIN COUNTY,159,12 Years,140,65,75,99,49,50,6,3,3,3,1,2,32,12,20
FRANKLIN COUNTY,159,13 Years,139,67,72,99,52,47,4,2,2,8,1,7,28,12,16
FRANKLIN COUNTY,159,14 Years,148,77,71,107,57,50,4,1,3,10,3,7,27,16,11
FRANKLIN COUNTY,159,15 Years,140,77,63,107,57,50,4,3,1,3,2,1,26,15,11
FRANKLIN COUNTY,159,16 Years,140,70,70,103,50,53,8,4,4,7,4,3,22,12,10
FRANKLIN COUNTY,159,17 Years,144,76,68,104,58,46,7,3,4,4,1,3,29,14,15
FRANKLIN COUNTY,159,18 Years,146,80,66,101,54,47,7,4,3,4,3,1,34,19,15
FRANKLIN COUNTY,159,19 Years,133,69,64,90,45,45,7,5,2,7,4,3,29,15,14
FRANKLIN COUNTY,159,20 Years,117,62,55,78,39,39,9,6,3,4,3,1,26,14,12
FRANKLIN COUNTY,159,21 Years,120,65,55,82,42,40,6,4,2,4,1,3,28,18,10
FRANKLIN COUNTY,159,22 Years,114,57,57,86,43,43,3,1,2,4,1,3,21,12,9
FRANKLIN COUNTY,159,23 Years,121,60,61,89,42,47,5,2,3,3,1,2,24,15,9
FRANKLIN COUNTY,159,24 Years,116,57,59,81,40,41,2,1,1,2,1,1,31,15,16
FRANKLIN COUNTY,159,25 Years,117,53,64,83,36,47,3,2,1,3,2,1,28,13,15
FRANKLIN COUNTY,159,26 Years,107,52,55,80,38,42,3,1,2,1,1,0,23,12,11
FRANKLIN COUNTY,159,27 Years,96,45,51,73,32,41,6,2,4,0,0,0,17,11,6
FRANKLIN COUNTY,159,28 Years,100,48,52,75,33,42,9,5,4,1,0,1,15,10,5
FRANKLIN COUNTY,159,29 Years,111,51,60,82,37,45,5,2,3,1,0,1,23,12,11
FRANKLIN COUNTY,159,30 Years,99,48,51,80,36,44,1,0,1,1,0,1,17,12,5
FRANKLIN COUNTY,159,31 Years,121,54,67,95,39,56,8,3,5,2,0,2,16,12,4
FRANKLIN COUNTY,159,32 Years,104,50,54,76,36,40,8,4,4,4,1,3,16,9,7
FRANKLIN COUNTY,159,33 Years,102,58,44,72,38,34,6,5,1,2,1,1,22,14,8
FRANKLIN COUNTY,159,34 Years,101,44,57,72,31,41,8,4,4,4,2,2,17,7,10
FRANKLIN COUNTY,159,35 Years,97,49,48,73,35,38,8,5,3,1,1,0,15,8,7
FRANKLIN COUNTY,159,36 Years,102,41,61,79,33,46,5,3,2,2,0,2,16,5,11
FRANKLIN COUNTY,159,37 Years,93,42,51,72,34,38,4,2,2,1,0,1,16,6,10
FRANKLIN COUNTY,159,38 Years,110,55,55,85,41,44,3,1,2,6,2,4,16,11,5
FRANKLIN COUNTY,159,39 Years,115,56,59,88,45,43,3,0,3,3,1,2,21,10,11
FRANKLIN COUNTY,159,40 Years,122,63,59,94,48,46,4,3,1,3,1,2,21,11,10
FRANKLIN COUNTY,159,41 Years,120,66,54,92,50,42,7,4,3,4,2,2,17,10,7
FRANKLIN COUNTY,159,42 Years,135,77,58,114,64,50,6,4,2,5,3,2,10,6,4
FRANKLIN COUNTY,159,43 Years,122,67,55,97,52,45,4,2,2,3,2,1,18,11,7
FRANKLIN COUNTY,159,44 Years,115,54,61,86,41,45,6,2,4,2,0,2,21,11,10
FRANKLIN COUNTY,159,45 Years,128,58,70,103,48,55,5,1,4,3,2,1,17,7,10
FRANKLIN COUNTY,159,46 Years,146,67,79,121,58,63,4,1,3,3,0,3,18,8,10
FRANKLIN COUNTY,159,47 Years,153,66,87,126,50,76,4,3,1,6,2,4,17,11,6
FRANKLIN COUNTY,159,48 Years,162,89,73,137,71,66,6,5,1,3,2,1,16,11,5
FRANKLIN COUNTY,159,49 Years,149,79,70,123,61,62,5,3,2,4,2,2,17,13,4
FRANKLIN COUNTY,159,50 Years,144,73,71,123,59,64,6,4,2,1,1,0,14,9,5
FRANKLIN COUNTY,159,51 Years,145,68,77,121,57,64,5,2,3,5,2,3,14,7,7
FRANKLIN COUNTY,159,52 Years,156,75,81,130,60,70,6,3,3,4,3,1,16,9,7
FRANKLIN COUNTY,159,53 Years,144,71,73,126,60,66,4,2,2,3,2,1,11,7,4
FRANKLIN COUNTY,159,54 Years,150,73,77,127,60,67,6,2,4,4,2,2,13,9,4
FRANKLIN COUNTY,159,55 Years,143,73,70,125,64,61,7,3,4,1,0,1,10,6,4
FRANKLIN COUNTY,159,56 Years,137,74,63,117,62,55,10,6,4,2,0,2,8,6,2
FRANKLIN COUNTY,159,57 Years,128,62,66,116,57,59,3,2,1,1,0,1,8,3,5
FRANKLIN COUNTY,159,58 Years,142,66,76,127,60,67,4,2,2,4,1,3,7,3,4
FRANKLIN COUNTY,159,59 Years,160,65,95,144,62,82,5,2,3,3,0,3,8,1,7
FRANKLIN COUNTY,159,60 Years,148,71,77,132,65,67,4,1,3,3,1,2,9,4,5
FRANKLIN COUNTY,159,61 Years,149,82,67,135,73,62,4,3,1,3,1,2,7,5,2
FRANKLIN COUNTY,159,62 Years,160,86,74,149,79,70,2,2,0,3,1,2,6,4,2
FRANKLIN COUNTY,159,63 Years,156,73,83,148,70,78,2,1,1,4,0,4,2,2,0
FRANKLIN COUNTY,159,64 Years,155,64,91,146,58,88,0,0,0,3,0,3,6,6,0
FRANKLIN COUNTY,159,65 Years,140,64,76,128,56,72,2,1,1,3,1,2,7,6,1
FRANKLIN COUNTY,159,66 Years,110,58,52,103,53,50,1,0,1,2,2,0,4,3,1
FRANKLIN COUNTY,159,67 Years,130,62,68,118,58,60,4,2,2,4,1,3,4,1,3
FRANKLIN COUNTY,159,68 Years,131,60,71,125,58,67,4,2,2,1,0,1,1,0,1
FRANKLIN COUNTY,159,69 Years,119,56,63,117,55,62,2,1,1,0,0,0,0,0,0
FRANKLIN COUNTY,159,70 Years,109,60,49,102,55,47,2,1,1,2,1,1,3,3,0
FRANKLIN COUNTY,159,71 Years,99,54,45,92,50,42,2,1,1,3,2,1,2,1,1
FRANKLIN COUNTY,159,72 Years,106,52,54,103,51,52,3,1,2,0,0,0,0,0,0
FRANKLIN COUNTY,159,73 Years,119,57,62,112,52,60,6,4,2,1,1,0,0,0,0
FRANKLIN COUNTY,159,74 Years,103,46,57,95,44,51,6,2,4,1,0,1,1,0,1
FRANKLIN COUNTY,159,75 Years,82,37,45,74,33,41,2,1,1,1,0,1,5,3,2
FRANKLIN COUNTY,159,76 Years,82,43,39,79,41,38,1,1,0,0,0,0,2,1,1
FRANKLIN COUNTY,159,77 Years,82,40,42,82,40,42,0,0,0,0,0,0,0,0,0
FRANKLIN COUNTY,159,78 Years,70,27,43,68,27,41,1,0,1,0,0,0,1,0,1
FRANKLIN COUNTY,159,79 Years,62,29,33,61,29,32,1,0,1,0,0,0,0,0,0
FRANKLIN COUNTY,159,80 Years,71,38,33,64,33,31,2,1,1,3,2,1,2,2,0
FRANKLIN COUNTY,159,81 Years,54,22,32,52,21,31,0,0,0,1,0,1,1,1,0
FRANKLIN COUNTY,159,82 Years,53,21,32,51,21,30,1,0,1,0,0,0,1,0,1
FRANKLIN COUNTY,159,83 Years,51,22,29,49,22,27,2,0,2,0,0,0,0,0,0
FRANKLIN COUNTY,159,84 Years,42,18,24,41,18,23,1,0,1,0,0,0,0,0,0
FRANKLIN COUNTY,159,85 Years +,222,72,150,214,71,143,4,0,4,3,1,2,1,0,1
FREESTONE COUNTY,161,All Ages,20022,10554,9468,13714,6970,6744,3211,1777,1434,307,165,142,2790,1642,1148
FREESTONE COUNTY,161,< 1 Year,229,115,114,140,72,68,31,14,17,5,3,2,53,26,27
FREESTONE COUNTY,161,1 Years,236,113,123,136,64,72,38,18,20,5,2,3,57,29,28
FREESTONE COUNTY,161,2 Years,241,128,113,135,72,63,37,18,19,5,3,2,64,35,29
FREESTONE COUNTY,161,3 Years,260,148,112,160,94,66,37,22,15,8,4,4,55,28,27
FREESTONE COUNTY,161,4 Years,257,138,119,152,86,66,44,24,20,10,5,5,51,23,28
FREESTONE COUNTY,161,5 Years,240,125,115,134,72,62,40,21,19,9,6,3,57,26,31
FREESTONE COUNTY,161,6 Years,244,121,123,140,66,74,28,14,14,9,4,5,67,37,30
FREESTONE COUNTY,161,7 Years,243,111,132,145,71,74,32,11,21,3,2,1,63,27,36
FREESTONE COUNTY,161,8 Years,253,120,133,157,80,77,32,14,18,5,2,3,59,24,35
FREESTONE COUNTY,161,9 Years,282,148,134,177,92,85,41,27,14,8,5,3,56,24,32
FREESTONE COUNTY,161,10 Years,295,156,139,179,95,84,45,25,20,6,5,1,65,31,34
FREESTONE COUNTY,161,11 Years,284,146,138,178,92,86,47,24,23,3,3,0,56,27,29
FREESTONE COUNTY,161,12 Years,261,141,120,170,89,81,36,20,16,3,1,2,52,31,21
FREESTONE COUNTY,161,13 Years,245,128,117,159,81,78,40,23,17,7,3,4,39,21,18
FREESTONE COUNTY,161,14 Years,249,130,119,163,88,75,42,23,19,4,2,2,40,17,23
FREESTONE COUNTY,161,15 Years,264,141,123,165,88,77,37,20,17,6,5,1,56,28,28
FREESTONE COUNTY,161,16 Years,269,138,131,181,90,91,41,22,19,4,2,2,43,24,19
FREESTONE COUNTY,161,17 Years,281,146,135,187,96,91,42,18,24,3,1,2,49,31,18
FREESTONE COUNTY,161,18 Years,253,139,114,156,84,72,41,20,21,3,0,3,53,35,18
FREESTONE COUNTY,161,19 Years,225,118,107,139,70,69,41,21,20,4,1,3,41,26,15
FREESTONE COUNTY,161,20 Years,182,98,84,113,60,53,26,13,13,2,1,1,41,24,17
FREESTONE COUNTY,161,21 Years,186,101,85,107,61,46,27,15,12,2,1,1,50,24,26
FREESTONE COUNTY,161,22 Years,190,112,78,114,68,46,33,19,14,4,1,3,39,24,15
FREESTONE COUNTY,161,23 Years,187,82,105,115,53,62,32,13,19,4,1,3,36,15,21
FREESTONE COUNTY,161,24 Years,194,91,103,109,46,63,38,18,20,4,2,2,43,25,18
FREESTONE COUNTY,161,25 Years,202,98,104,119,54,65,40,19,21,6,2,4,37,23,14
FREESTONE COUNTY,161,26 Years,205,111,94,128,69,59,31,18,13,5,1,4,41,23,18
FREESTONE COUNTY,161,27 Years,213,123,90,131,69,62,34,24,10,2,1,1,46,29,17
FREESTONE COUNTY,161,28 Years,230,133,97,129,69,60,35,21,14,4,4,0,62,39,23
FREESTONE COUNTY,161,29 Years,232,117,115,137,65,72,33,17,16,4,3,1,58,32,26
FREESTONE COUNTY,161,30 Years,257,143,114,155,75,80,36,23,13,3,2,1,63,43,20
FREESTONE COUNTY,161,31 Years,259,144,115,165,89,76,42,22,20,2,1,1,50,32,18
FREESTONE COUNTY,161,32 Years,264,152,112,152,84,68,51,30,21,1,1,0,60,37,23
FREESTONE COUNTY,161,33 Years,265,155,110,172,95,77,37,19,18,3,2,1,53,39,14
FREESTONE COUNTY,161,34 Years,262,161,101,173,99,74,41,26,15,1,1,0,47,35,12
FREESTONE COUNTY,161,35 Years,242,145,97,156,86,70,36,27,9,1,1,0,49,31,18
FREESTONE COUNTY,161,36 Years,236,136,100,144,75,69,38,27,11,4,2,2,50,32,18
FREESTONE COUNTY,161,37 Years,230,131,99,149,81,68,31,22,9,6,3,3,44,25,19
FREESTONE COUNTY,161,38 Years,227,149,78,146,94,52,38,27,11,5,3,2,38,25,13
FREESTONE COUNTY,161,39 Years,276,165,111,168,94,74,40,25,15,7,5,2,61,41,20
FREESTONE COUNTY,161,40 Years,291,159,132,186,93,93,57,38,19,3,1,2,45,27,18
FREESTONE COUNTY,161,41 Years,294,162,132,207,106,101,34,20,14,4,2,2,49,34,15
FREESTONE COUNTY,161,42 Years,287,168,119,197,108,89,50,34,16,3,2,1,37,24,13
FREESTONE COUNTY,161,43 Years,264,178,86,175,108,67,41,31,10,2,1,1,46,38,8
FREESTONE COUNTY,161,44 Years,224,120,104,145,68,77,49,33,16,2,1,1,28,18,10
FREESTONE COUNTY,161,45 Years,284,173,111,175,94,81,55,39,16,6,4,2,48,36,12
FREESTONE COUNTY,161,46 Years,277,150,127,188,96,92,49,27,22,5,2,3,35,25,10
FREESTONE COUNTY,161,47 Years,286,158,128,199,109,90,54,29,25,2,0,2,31,20,11
FREESTONE COUNTY,161,48 Years,297,184,113,201,116,85,57,40,17,3,1,2,36,27,9
FREESTONE COUNTY,161,49 Years,288,151,137,188,90,98,54,33,21,4,2,2,42,26,16
FREESTONE COUNTY,161,50 Years,279,144,135,199,97,102,54,33,21,4,3,1,22,11,11
FREESTONE COUNTY,161,51 Years,334,194,140,232,128,104,65,40,25,4,4,0,33,22,11
FREESTONE COUNTY,161,52 Years,307,181,126,212,116,96,68,47,21,5,4,1,22,14,8
FREESTONE COUNTY,161,53 Years,266,134,132,204,102,102,44,22,22,3,2,1,15,8,7
FREESTONE COUNTY,161,54 Years,290,167,123,204,113,91,59,38,21,5,3,2,22,13,9
FREESTONE COUNTY,161,55 Years,279,143,136,195,99,96,55,27,28,2,1,1,27,16,11
FREESTONE COUNTY,161,56 Years,293,154,139,217,115,102,51,26,25,2,1,1,23,12,11
FREESTONE COUNTY,161,57 Years,284,155,129,216,111,105,47,30,17,5,3,2,16,11,5
FREESTONE COUNTY,161,58 Years,291,148,143,222,110,112,49,23,26,5,3,2,15,12,3
FREESTONE COUNTY,161,59 Years,251,124,127,192,92,100,44,20,24,2,2,0,13,10,3
FREESTONE COUNTY,161,60 Years,246,132,114,187,94,93,40,23,17,1,1,0,18,14,4
FREESTONE COUNTY,161,61 Years,264,131,133,200,98,102,45,25,20,5,1,4,14,7,7
FREESTONE COUNTY,161,62 Years,268,126,142,216,97,119,36,21,15,4,1,3,12,7,5
FREESTONE COUNTY,161,63 Years,268,125,143,223,98,125,29,16,13,5,3,2,11,8,3
FREESTONE COUNTY,161,64 Years,282,150,132,233,121,112,31,17,14,5,4,1,13,8,5
FREESTONE COUNTY,161,65 Years,209,98,111,163,76,87,33,14,19,2,1,1,11,7,4
FREESTONE COUNTY,161,66 Years,212,97,115,170,81,89,28,10,18,5,1,4,9,5,4
FREESTONE COUNTY,161,67 Years,232,111,121,188,87,101,32,17,15,3,1,2,9,6,3
FREESTONE COUNTY,161,68 Years,230,114,116,190,89,101,31,17,14,3,2,1,6,6,0
FREESTONE COUNTY,161,69 Years,214,104,110,179,82,97,27,15,12,2,1,1,6,6,0
FREESTONE COUNTY,161,70 Years,183,97,86,153,79,74,25,15,10,2,1,1,3,2,1
FREESTONE COUNTY,161,71 Years,164,88,76,137,72,65,23,14,9,2,1,1,2,1,1
FREESTONE COUNTY,161,72 Years,163,81,82,138,70,68,21,10,11,2,1,1,2,0,2
FREESTONE COUNTY,161,73 Years,162,80,82,137,69,68,21,9,12,2,1,1,2,1,1
FREESTONE COUNTY,161,74 Years,151,78,73,122,64,58,27,12,15,1,1,0,1,1,0
FREESTONE COUNTY,161,75 Years,145,67,78,122,55,67,19,9,10,1,1,0,3,2,1
FREESTONE COUNTY,161,76 Years,139,65,74,113,52,61,22,10,12,1,1,0,3,2,1
FREESTONE COUNTY,161,77 Years,116,53,63,97,44,53,17,8,9,0,0,0,2,1,1
FREESTONE COUNTY,161,78 Years,111,42,69,89,34,55,18,7,11,2,0,2,2,1,1
FREESTONE COUNTY,161,79 Years,104,46,58,81,38,43,21,8,13,2,0,2,0,0,0
FREESTONE COUNTY,161,80 Years,110,55,55,90,45,45,17,8,9,1,1,0,2,1,1
FREESTONE COUNTY,161,81 Years,97,43,54,83,37,46,10,4,6,1,0,1,3,2,1
FREESTONE COUNTY,161,82 Years,72,26,46,61,22,39,8,3,5,1,0,1,2,1,1
FREESTONE COUNTY,161,83 Years,68,29,39,58,26,32,9,3,6,0,0,0,1,0,1
FREESTONE COUNTY,161,84 Years,77,28,49,63,23,40,12,4,8,2,1,1,0,0,0
FREESTONE COUNTY,161,85 Years +,419,144,275,332,118,214,82,24,58,1,1,0,4,1,3
FRIO COUNTY,163,All Ages,17634,10270,7364,2840,1524,1316,529,499,30,511,420,91,13754,7827,5927
FRIO COUNTY,163,< 1 Year,224,113,111,29,15,14,0,0,0,2,1,1,193,97,96
FRIO COUNTY,163,1 Years,242,123,119,28,14,14,0,0,0,2,1,1,212,108,104
FRIO COUNTY,163,2 Years,229,119,110,21,11,10,0,0,0,3,0,3,205,108,97
FRIO COUNTY,163,3 Years,244,141,103,23,12,11,0,0,0,2,0,2,219,129,90
FRIO COUNTY,163,4 Years,238,122,116,26,12,14,0,0,0,3,1,2,209,109,100
FRIO COUNTY,163,5 Years,248,128,120,21,11,10,1,0,1,2,0,2,224,117,107
FRIO COUNTY,163,6 Years,234,119,115,20,11,9,1,1,0,3,2,1,210,105,105
FRIO COUNTY,163,7 Years,206,101,105,21,8,13,0,0,0,2,1,1,183,92,91
FRIO COUNTY,163,8 Years,214,108,106,26,8,18,0,0,0,3,2,1,185,98,87
FRIO COUNTY,163,9 Years,243,112,131,28,17,11,1,0,1,2,1,1,212,94,118
FRIO COUNTY,163,10 Years,253,131,122,22,13,9,1,0,1,2,1,1,228,117,111
FRIO COUNTY,163,11 Years,263,132,131,30,16,14,0,0,0,3,2,1,230,114,116
FRIO COUNTY,163,12 Years,236,116,120,24,12,12,1,1,0,2,1,1,209,102,107
FRIO COUNTY,163,13 Years,226,119,107,21,11,10,0,0,0,3,1,2,202,107,95
FRIO COUNTY,163,14 Years,224,121,103,27,14,13,1,1,0,3,1,2,193,105,88
FRIO COUNTY,163,15 Years,214,120,94,25,17,8,1,1,0,4,3,1,184,99,85
FRIO COUNTY,163,16 Years,253,131,122,36,22,14,2,0,2,3,2,1,212,107,105
FRIO COUNTY,163,17 Years,246,121,125,28,15,13,1,0,1,2,1,1,215,105,110
FRIO COUNTY,163,18 Years,278,151,127,35,24,11,7,7,0,2,1,1,234,119,115
FRIO COUNTY,163,19 Years,315,188,127,29,17,12,8,8,0,16,15,1,262,148,114
FRIO COUNTY,163,20 Years,310,195,115,22,14,8,13,13,0,14,11,3,261,157,104
FRIO COUNTY,163,21 Years,282,201,81,13,6,7,28,28,0,17,12,5,224,155,69
FRIO COUNTY,163,22 Years,329,242,87,24,11,13,30,29,1,19,17,2,256,185,71
FRIO COUNTY,163,23 Years,306,231,75,21,13,8,44,44,0,18,18,0,223,156,67
FRIO COUNTY,163,24 Years,366,285,81,36,26,10,33,33,0,20,17,3,277,209,68
FRIO COUNTY,163,25 Years,355,270,85,36,23,13,27,27,0,20,19,1,272,201,71
FRIO COUNTY,163,26 Years,318,235,83,35,25,10,26,26,0,21,20,1,236,164,72
FRIO COUNTY,163,27 Years,345,258,87,50,37,13,24,24,0,20,20,0,251,177,74
FRIO COUNTY,163,28 Years,340,242,98,29,15,14,20,20,0,18,18,0,273,189,84
FRIO COUNTY,163,29 Years,284,204,80,34,23,11,24,23,1,23,23,0,203,135,68
FRIO COUNTY,163,30 Years,300,222,78,32,19,13,26,26,0,21,20,1,221,157,64
FRIO COUNTY,163,31 Years,289,208,81,28,13,15,19,19,0,13,13,0,229,163,66
FRIO COUNTY,163,32 Years,291,210,81,39,26,13,18,16,2,24,22,2,210,146,64
FRIO COUNTY,163,33 Years,246,178,68,31,23,8,11,11,0,13,12,1,191,132,59
FRIO COUNTY,163,34 Years,253,178,75,30,21,9,26,26,0,9,8,1,188,123,65
FRIO COUNTY,163,35 Years,255,182,73,23,14,9,21,21,0,10,9,1,201,138,63
FRIO COUNTY,163,36 Years,232,154,78,29,19,10,9,9,0,13,12,1,181,114,67
FRIO COUNTY,163,37 Years,214,132,82,22,14,8,6,6,0,10,9,1,176,103,73
FRIO COUNTY,163,38 Years,241,157,84,32,23,9,9,8,1,11,9,2,189,117,72
FRIO COUNTY,163,39 Years,225,145,80,21,14,7,6,5,1,11,9,2,187,117,70
FRIO COUNTY,163,40 Years,225,139,86,28,13,15,11,10,1,6,6,0,180,110,70
FRIO COUNTY,163,41 Years,213,133,80,37,19,18,6,5,1,7,4,3,163,105,58
FRIO COUNTY,163,42 Years,198,112,86,28,13,15,3,1,2,4,2,2,163,96,67
FRIO COUNTY,163,43 Years,204,131,73,32,18,14,1,1,0,5,4,1,166,108,58
FRIO COUNTY,163,44 Years,237,144,93,40,22,18,8,6,2,6,5,1,183,111,72
FRIO COUNTY,163,45 Years,240,122,118,26,12,14,11,8,3,7,5,2,196,97,99
FRIO COUNTY,163,46 Years,213,118,95,25,15,10,5,4,1,5,4,1,178,95,83
FRIO COUNTY,163,47 Years,248,127,121,52,23,29,1,0,1,11,8,3,184,96,88
FRIO COUNTY,163,48 Years,219,129,90,49,24,25,2,2,0,8,6,2,160,97,63
FRIO COUNTY,163,49 Years,185,99,86,43,24,19,5,5,0,5,4,1,132,66,66
FRIO COUNTY,163,50 Years,181,96,85,42,27,15,1,1,0,4,4,0,134,64,70
FRIO COUNTY,163,51 Years,205,121,84,46,30,16,3,3,0,6,3,3,150,85,65
FRIO COUNTY,163,52 Years,219,123,96,42,25,17,5,5,0,4,2,2,168,91,77
FRIO COUNTY,163,53 Years,213,114,99,41,22,19,4,2,2,4,3,1,164,87,77
FRIO COUNTY,163,54 Years,204,98,106,42,18,24,1,1,0,2,1,1,159,78,81
FRIO COUNTY,163,55 Years,195,99,96,44,21,23,1,0,1,5,4,1,145,74,71
FRIO COUNTY,163,56 Years,181,92,89,48,25,23,1,0,1,4,2,2,128,65,63
FRIO COUNTY,163,57 Years,174,95,79,49,25,24,2,2,0,1,0,1,122,68,54
FRIO COUNTY,163,58 Years,182,95,87,55,29,26,2,1,1,2,2,0,123,63,60
FRIO COUNTY,163,59 Years,165,74,91,52,25,27,1,1,0,2,2,0,110,46,64
FRIO COUNTY,163,60 Years,175,83,92,47,21,26,0,0,0,3,2,1,125,60,65
FRIO COUNTY,163,61 Years,199,111,88,53,30,23,1,1,0,1,1,0,144,79,65
FRIO COUNTY,163,62 Years,190,91,99,55,26,29,1,1,0,1,1,0,133,63,70
FRIO COUNTY,163,63 Years,166,77,89,51,23,28,0,0,0,2,1,1,113,53,60
FRIO COUNTY,163,64 Years,146,76,70,33,17,16,0,0,0,1,1,0,112,58,54
FRIO COUNTY,163,65 Years,146,68,78,41,23,18,0,0,0,0,0,0,105,45,60
FRIO COUNTY,163,66 Years,149,74,75,41,22,19,1,1,0,0,0,0,107,51,56
FRIO COUNTY,163,67 Years,143,76,67,45,23,22,0,0,0,1,0,1,97,53,44
FRIO COUNTY,163,68 Years,128,60,68,43,21,22,1,1,0,2,1,1,82,37,45
FRIO COUNTY,163,69 Years,106,52,54,31,16,15,0,0,0,1,0,1,74,36,38
FRIO COUNTY,163,70 Years,100,46,54,37,15,22,2,2,0,1,1,0,60,28,32
FRIO COUNTY,163,71 Years,94,52,42,36,18,18,1,1,0,0,0,0,57,33,24
FRIO COUNTY,163,72 Years,88,40,48,33,15,18,1,1,0,1,0,1,53,24,29
FRIO COUNTY,163,73 Years,86,41,45,34,18,16,0,0,0,1,0,1,51,23,28
FRIO COUNTY,163,74 Years,93,44,49,31,18,13,0,0,0,0,0,0,62,26,36
FRIO COUNTY,163,75 Years,88,40,48,29,16,13,0,0,0,0,0,0,59,24,35
FRIO COUNTY,163,76 Years,96,42,54,21,13,8,1,0,1,1,1,0,73,28,45
FRIO COUNTY,163,77 Years,83,33,50,23,10,13,1,0,1,0,0,0,59,23,36
FRIO COUNTY,163,78 Years,66,32,34,22,10,12,0,0,0,0,0,0,44,22,22
FRIO COUNTY,163,79 Years,67,30,37,23,10,13,0,0,0,0,0,0,44,20,24
FRIO COUNTY,163,80 Years,66,25,41,22,6,16,0,0,0,0,0,0,44,19,25
FRIO COUNTY,163,81 Years,60,20,40,17,6,11,0,0,0,1,1,0,42,13,29
FRIO COUNTY,163,82 Years,65,30,35,26,13,13,0,0,0,1,0,1,38,17,21
FRIO COUNTY,163,83 Years,53,29,24,20,9,11,0,0,0,2,2,0,31,18,13
FRIO COUNTY,163,84 Years,48,15,33,18,5,13,0,0,0,1,1,0,29,9,20
FRIO COUNTY,163,85 Years +,221,77,144,80,31,49,0,0,0,3,1,2,138,45,93
GAINES COUNTY,165,All Ages,17844,8942,8902,10791,5329,5462,263,130,133,226,120,106,6564,3363,3201
GAINES COUNTY,165,< 1 Year,330,169,161,177,91,86,2,1,1,4,2,2,147,75,72
GAINES COUNTY,165,1 Years,374,198,176,204,113,91,8,4,4,3,2,1,159,79,80
GAINES COUNTY,165,2 Years,365,188,177,211,106,105,10,6,4,2,1,1,142,75,67
GAINES COUNTY,165,3 Years,371,179,192,221,101,120,5,1,4,6,2,4,139,75,64
GAINES COUNTY,165,4 Years,351,165,186,215,92,123,6,3,3,3,0,3,127,70,57
GAINES COUNTY,165,5 Years,369,185,184,222,112,110,7,4,3,2,1,1,138,68,70
GAINES COUNTY,165,6 Years,368,176,192,218,105,113,3,2,1,5,0,5,142,69,73
GAINES COUNTY,165,7 Years,374,182,192,217,104,113,5,4,1,4,1,3,148,73,75
GAINES COUNTY,165,8 Years,363,186,177,211,109,102,3,2,1,5,2,3,144,73,71
GAINES COUNTY,165,9 Years,336,178,158,201,106,95,2,1,1,2,1,1,131,70,61
GAINES COUNTY,165,10 Years,348,172,176,206,104,102,5,3,2,0,0,0,137,65,72
GAINES COUNTY,165,11 Years,346,163,183,208,101,107,5,3,2,6,3,3,127,56,71
GAINES COUNTY,165,12 Years,336,165,171,202,98,104,3,2,1,6,5,1,125,60,65
GAINES COUNTY,165,13 Years,322,165,157,190,97,93,4,3,1,8,5,3,120,60,60
GAINES COUNTY,165,14 Years,308,158,150,184,92,92,5,2,3,6,5,1,113,59,54
GAINES COUNTY,165,15 Years,325,165,160,185,91,94,5,2,3,8,6,2,127,66,61
GAINES COUNTY,165,16 Years,317,164,153,182,94,88,4,2,2,7,5,2,124,63,61
GAINES COUNTY,165,17 Years,304,158,146,185,98,87,3,2,1,6,4,2,110,54,56
GAINES COUNTY,165,18 Years,314,163,151,186,99,87,7,3,4,9,4,5,112,57,55
GAINES COUNTY,165,19 Years,307,166,141,172,89,83,6,4,2,11,8,3,118,65,53
GAINES COUNTY,165,20 Years,256,143,113,148,79,69,4,3,1,4,3,1,100,58,42
GAINES COUNTY,165,21 Years,225,121,104,130,65,65,4,3,1,4,4,0,87,49,38
GAINES COUNTY,165,22 Years,251,126,125,146,69,77,2,1,1,5,2,3,98,54,44
GAINES COUNTY,165,23 Years,251,124,127,152,77,75,2,1,1,1,0,1,96,46,50
GAINES COUNTY,165,24 Years,240,129,111,143,80,63,2,1,1,1,0,1,94,48,46
GAINES COUNTY,165,25 Years,263,134,129,165,81,84,3,2,1,2,1,1,93,50,43
GAINES COUNTY,165,26 Years,246,115,131,150,74,76,3,2,1,2,0,2,91,39,52
GAINES COUNTY,165,27 Years,265,136,129,162,88,74,2,1,1,3,0,3,98,47,51
GAINES COUNTY,165,28 Years,248,125,123,148,80,68,4,2,2,2,0,2,94,43,51
GAINES COUNTY,165,29 Years,240,125,115,142,77,65,3,2,1,3,2,1,92,44,48
GAINES COUNTY,165,30 Years,252,133,119,146,78,68,3,2,1,2,1,1,101,52,49
GAINES COUNTY,165,31 Years,238,116,122,141,68,73,2,1,1,0,0,0,95,47,48
GAINES COUNTY,165,32 Years,227,113,114,137,69,68,1,1,0,0,0,0,89,43,46
GAINES COUNTY,165,33 Years,213,106,107,124,63,61,2,1,1,2,1,1,85,41,44
GAINES COUNTY,165,34 Years,220,113,107,119,58,61,3,1,2,1,1,0,97,53,44
GAINES COUNTY,165,35 Years,227,114,113,129,59,70,3,1,2,3,1,2,92,53,39
GAINES COUNTY,165,36 Years,200,97,103,118,53,65,2,0,2,3,2,1,77,42,35
GAINES COUNTY,165,37 Years,200,104,96,122,63,59,5,1,4,0,0,0,73,40,33
GAINES COUNTY,165,38 Years,187,93,94,108,52,56,2,1,1,2,1,1,75,39,36
GAINES COUNTY,165,39 Years,203,100,103,125,58,67,3,3,0,3,1,2,72,38,34
GAINES COUNTY,165,40 Years,194,85,109,121,50,71,6,2,4,2,1,1,65,32,33
GAINES COUNTY,165,41 Years,207,100,107,141,64,77,3,0,3,2,0,2,61,36,25
GAINES COUNTY,165,42 Years,202,96,106,125,60,65,2,1,1,1,0,1,74,35,39
GAINES COUNTY,165,43 Years,215,102,113,132,66,66,3,1,2,1,0,1,79,35,44
GAINES COUNTY,165,44 Years,204,101,103,125,63,62,2,1,1,1,0,1,76,37,39
GAINES COUNTY,165,45 Years,201,99,102,124,59,65,2,2,0,2,2,0,73,36,37
GAINES COUNTY,165,46 Years,223,109,114,136,66,70,6,2,4,4,4,0,77,37,40
GAINES COUNTY,165,47 Years,226,118,108,136,75,61,4,1,3,2,2,0,84,40,44
GAINES COUNTY,165,48 Years,226,108,118,140,71,69,5,0,5,2,1,1,79,36,43
GAINES COUNTY,165,49 Years,232,112,120,135,67,68,7,5,2,5,1,4,85,39,46
GAINES COUNTY,165,50 Years,229,113,116,134,59,75,5,4,1,4,2,2,86,48,38
GAINES COUNTY,165,51 Years,239,125,114,146,72,74,5,3,2,6,3,3,82,47,35
GAINES COUNTY,165,52 Years,225,128,97,140,76,64,2,2,0,6,3,3,77,47,30
GAINES COUNTY,165,53 Years,212,117,95,118,64,54,5,2,3,4,3,1,85,48,37
GAINES COUNTY,165,54 Years,197,100,97,119,59,60,4,3,1,4,2,2,70,36,34
GAINES COUNTY,165,55 Years,185,98,87,109,60,49,2,1,1,4,2,2,70,35,35
GAINES COUNTY,165,56 Years,177,92,85,105,52,53,0,0,0,2,1,1,70,39,31
GAINES COUNTY,165,57 Years,164,82,82,102,48,54,1,0,1,4,3,1,57,31,26
GAINES COUNTY,165,58 Years,178,87,91,113,52,61,3,1,2,2,1,1,60,33,27
GAINES COUNTY,165,59 Years,172,89,83,107,57,50,2,1,1,1,0,1,62,31,31
GAINES COUNTY,165,60 Years,135,65,70,85,39,46,0,0,0,1,0,1,49,26,23
GAINES COUNTY,165,61 Years,136,66,70,85,38,47,2,2,0,0,0,0,49,26,23
GAINES COUNTY,165,62 Years,140,77,63,87,45,42,1,1,0,1,0,1,51,31,20
GAINES COUNTY,165,63 Years,134,66,68,83,42,41,0,0,0,1,1,0,50,23,27
GAINES COUNTY,165,64 Years,111,61,50,67,38,29,1,1,0,3,3,0,40,19,21
GAINES COUNTY,165,65 Years,95,52,43,58,32,26,3,1,2,2,1,1,32,18,14
GAINES COUNTY,165,66 Years,103,45,58,70,30,40,1,0,1,1,1,0,31,14,17
GAINES COUNTY,165,67 Years,97,42,55,64,29,35,1,0,1,1,1,0,31,12,19
GAINES COUNTY,165,68 Years,100,51,49,67,31,36,2,1,1,1,0,1,30,19,11
GAINES COUNTY,165,69 Years,94,43,51,61,23,38,4,1,3,1,1,0,28,18,10
GAINES COUNTY,165,70 Years,66,28,38,42,15,27,2,1,1,1,1,0,21,11,10
GAINES COUNTY,165,71 Years,76,33,43,52,21,31,1,0,1,1,1,0,22,11,11
GAINES COUNTY,165,72 Years,77,34,43,57,28,29,1,0,1,0,0,0,19,6,13
GAINES COUNTY,165,73 Years,78,36,42,52,27,25,3,2,1,1,0,1,22,7,15
GAINES COUNTY,165,74 Years,85,37,48,57,22,35,3,1,2,0,0,0,25,14,11
GAINES COUNTY,165,75 Years,80,42,38,53,26,27,2,0,2,0,0,0,25,16,9
GAINES COUNTY,165,76 Years,71,37,34,48,24,24,1,0,1,1,0,1,21,13,8
GAINES COUNTY,165,77 Years,68,28,40,48,19,29,4,1,3,1,0,1,15,8,7
GAINES COUNTY,165,78 Years,57,23,34,44,18,26,3,0,3,0,0,0,10,5,5
GAINES COUNTY,165,79 Years,57,22,35,45,16,29,2,0,2,0,0,0,10,6,4
GAINES COUNTY,165,80 Years,58,30,28,46,22,24,2,1,1,0,0,0,10,7,3
GAINES COUNTY,165,81 Years,54,29,25,47,24,23,1,0,1,0,0,0,6,5,1
GAINES COUNTY,165,82 Years,47,22,25,34,15,19,0,0,0,1,1,0,12,6,6
GAINES COUNTY,165,83 Years,39,23,16,27,16,11,0,0,0,1,1,0,11,6,5
GAINES COUNTY,165,84 Years,29,16,13,22,10,12,1,1,0,0,0,0,6,5,1
GAINES COUNTY,165,85 Years +,169,61,108,130,46,84,0,0,0,2,0,2,37,15,22
GALVESTON COUNTY,167,All Ages,296345,146933,149412,174189,86745,87444,39438,18644,20794,14991,7275,7716,67727,34269,33458
GALVESTON COUNTY,167,< 1 Year,4067,2076,1991,2054,1053,1001,533,269,264,296,148,148,1184,606,578
GALVESTON COUNTY,167,1 Years,3954,1988,1966,1857,932,925,550,272,278,263,134,129,1284,650,634
GALVESTON COUNTY,167,2 Years,3977,2042,1935,1832,944,888,573,286,287,264,141,123,1308,671,637
GALVESTON COUNTY,167,3 Years,4094,2121,1973,1857,951,906,592,309,283,271,151,120,1374,710,664
GALVESTON COUNTY,167,4 Years,4135,2118,2017,1911,968,943,586,309,277,263,142,121,1375,699,676
GALVESTON COUNTY,167,5 Years,4062,2064,1998,1909,965,944,603,317,286,272,144,128,1278,638,640
GALVESTON COUNTY,167,6 Years,4056,2067,1989,1944,996,948,544,293,251,268,132,136,1300,646,654
GALVESTON COUNTY,167,7 Years,4197,2189,2008,2062,1066,996,579,309,270,258,138,120,1298,676,622
GALVESTON COUNTY,167,8 Years,4187,2116,2071,2006,1006,1000,645,320,325,253,123,130,1283,667,616
GALVESTON COUNTY,167,9 Years,4095,2063,2032,1962,986,976,585,278,307,244,120,124,1304,679,625
GALVESTON COUNTY,167,10 Years,4237,2171,2066,2058,1037,1021,582,301,281,277,141,136,1320,692,628
GALVESTON COUNTY,167,11 Years,4318,2214,2104,2102,1095,1007,643,318,325,263,139,124,1310,662,648
GALVESTON COUNTY,167,12 Years,4342,2252,2090,2204,1143,1061,628,341,287,243,137,106,1267,631,636
GALVESTON COUNTY,167,13 Years,4297,2217,2080,2186,1148,1038,629,329,300,242,124,118,1240,616,624
GALVESTON COUNTY,167,14 Years,4138,2102,2036,2096,1078,1018,575,296,279,243,113,130,1224,615,609
GALVESTON COUNTY,167,15 Years,4098,2108,1990,2080,1080,1000,549,286,263,243,111,132,1226,631,595
GALVESTON COUNTY,167,16 Years,4167,2113,2054,2117,1062,1055,592,313,279,212,104,108,1246,634,612
GALVESTON COUNTY,167,17 Years,4276,2197,2079,2179,1131,1048,622,323,299,220,115,105,1255,628,627
GALVESTON COUNTY,167,18 Years,4225,2174,2051,2122,1125,997,669,336,333,225,107,118,1209,606,603
GALVESTON COUNTY,167,19 Years,3978,2097,1881,1984,1068,916,607,308,299,194,98,96,1193,623,570
GALVESTON COUNTY,167,20 Years,3848,2048,1800,1953,1058,895,576,286,290,178,98,80,1141,606,535
GALVESTON COUNTY,167,21 Years,3649,1949,1700,1860,972,888,547,298,249,169,91,78,1073,588,485
GALVESTON COUNTY,167,22 Years,3390,1772,1618,1709,867,842,530,280,250,160,87,73,991,538,453
GALVESTON COUNTY,167,23 Years,3417,1718,1699,1766,893,873,512,231,281,183,91,92,956,503,453
GALVESTON COUNTY,167,24 Years,3632,1792,1840,1949,962,987,485,209,276,212,100,112,986,521,465
GALVESTON COUNTY,167,25 Years,3802,1944,1858,2080,1053,1027,492,246,246,202,98,104,1028,547,481
GALVESTON COUNTY,167,26 Years,3811,1961,1850,2080,1060,1020,508,266,242,195,95,100,1028,540,488
GALVESTON COUNTY,167,27 Years,3726,1805,1921,2049,982,1067,511,239,272,183,89,94,983,495,488
GALVESTON COUNTY,167,28 Years,3736,1832,1904,2036,973,1063,486,244,242,192,89,103,1022,526,496
GALVESTON COUNTY,167,29 Years,3800,1876,1924,2099,1016,1083,499,257,242,214,93,121,988,510,478
GALVESTON COUNTY,167,30 Years,3981,1933,2048,2149,1032,1117,581,275,306,205,85,120,1046,541,505
GALVESTON COUNTY,167,31 Years,4169,2070,2099,2233,1113,1120,614,280,334,214,94,120,1108,583,525
GALVESTON COUNTY,167,32 Years,3983,1972,2011,2177,1085,1092,533,241,292,209,96,113,1064,550,514
GALVESTON COUNTY,167,33 Years,3761,1856,1905,2050,1014,1036,494,230,264,181,82,99,1036,530,506
GALVESTON COUNTY,167,34 Years,3729,1847,1882,1996,1007,989,490,220,270,212,95,117,1031,525,506
GALVESTON COUNTY,167,35 Years,3752,1849,1903,1998,977,1021,486,225,261,228,116,112,1040,531,509
GALVESTON COUNTY,167,36 Years,3816,1898,1918,2052,1001,1051,466,228,238,237,117,120,1061,552,509
GALVESTON COUNTY,167,37 Years,3803,1840,1963,2073,1004,1069,472,208,264,231,103,128,1027,525,502
GALVESTON COUNTY,167,38 Years,3860,1891,1969,2147,1058,1089,465,208,257,236,103,133,1012,522,490
GALVESTON COUNTY,167,39 Years,3921,1927,1994,2177,1081,1096,456,218,238,270,118,152,1018,510,508
GALVESTON COUNTY,167,40 Years,4278,2090,2188,2562,1266,1296,470,215,255,263,120,143,983,489,494
GALVESTON COUNTY,167,41 Years,4193,2038,2155,2554,1265,1289,455,218,237,238,109,129,946,446,500
GALVESTON COUNTY,167,42 Years,3963,1983,1980,2394,1221,1173,421,210,211,228,98,130,920,454,466
GALVESTON COUNTY,167,43 Years,3942,1931,2011,2399,1191,1208,443,209,234,220,93,127,880,438,442
GALVESTON COUNTY,167,44 Years,3834,1902,1932,2293,1139,1154,480,238,242,201,95,106,860,430,430
GALVESTON COUNTY,167,45 Years,4073,1976,2097,2447,1202,1245,545,258,287,230,113,117,851,403,448
GALVESTON COUNTY,167,46 Years,4345,2121,2224,2644,1318,1326,571,247,324,227,105,122,903,451,452
GALVESTON COUNTY,167,47 Years,4442,2186,2256,2811,1394,1417,581,262,319,221,104,117,829,426,403
GALVESTON COUNTY,167,48 Years,4631,2313,2318,3020,1525,1495,564,263,301,208,95,113,839,430,409
GALVESTON COUNTY,167,49 Years,4679,2299,2380,3035,1494,1541,590,284,306,218,107,111,836,414,422
GALVESTON COUNTY,167,50 Years,4813,2388,2425,3169,1584,1585,613,289,324,218,107,111,813,408,405
GALVESTON COUNTY,167,51 Years,4900,2438,2462,3287,1644,1643,621,290,331,211,108,103,781,396,385
GALVESTON COUNTY,167,52 Years,4747,2344,2403,3201,1605,1596,623,279,344,199,94,105,724,366,358
GALVESTON COUNTY,167,53 Years,4663,2325,2338,3155,1588,1567,586,271,315,205,107,98,717,359,358
GALVESTON COUNTY,167,54 Years,4577,2316,2261,3135,1595,1540,576,277,299,196,98,98,670,346,324
GALVESTON COUNTY,167,55 Years,4443,2243,2200,3048,1551,1497,578,279,299,195,95,100,622,318,304
GALVESTON COUNTY,167,56 Years,4354,2160,2194,3007,1535,1472,565,250,315,196,94,102,586,281,305
GALVESTON COUNTY,167,57 Years,4193,2052,2141,2889,1458,1431,559,234,325,170,76,94,575,284,291
GALVESTON COUNTY,167,58 Years,4062,2016,2046,2795,1418,1377,558,237,321,156,79,77,553,282,271
GALVESTON COUNTY,167,59 Years,3896,1924,1972,2713,1371,1342,503,218,285,150,78,72,530,257,273
GALVESTON COUNTY,167,60 Years,3573,1769,1804,2459,1245,1214,463,203,260,137,68,69,514,253,261
GALVESTON COUNTY,167,61 Years,3452,1711,1741,2381,1208,1173,459,203,256,134,67,67,478,233,245
GALVESTON COUNTY,167,62 Years,3313,1615,1698,2311,1147,1164,429,191,238,134,63,71,439,214,225
GALVESTON COUNTY,167,63 Years,3309,1627,1682,2422,1223,1199,395,167,228,100,42,58,392,195,197
GALVESTON COUNTY,167,64 Years,3178,1608,1570,2351,1206,1145,343,171,172,108,55,53,376,176,200
GALVESTON COUNTY,167,65 Years,2555,1287,1268,1838,953,885,310,144,166,93,41,52,314,149,165
GALVESTON COUNTY,167,66 Years,2376,1199,1177,1676,878,798,293,117,176,97,43,54,310,161,149
GALVESTON COUNTY,167,67 Years,2423,1184,1239,1779,899,880,280,105,175,88,44,44,276,136,140
GALVESTON COUNTY,167,68 Years,2268,1086,1182,1661,812,849,256,107,149,77,33,44,274,134,140
GALVESTON COUNTY,167,69 Years,2057,981,1076,1477,719,758,241,104,137,77,36,41,262,122,140
GALVESTON COUNTY,167,70 Years,1885,901,984,1353,659,694,234,96,138,80,38,42,218,108,110
GALVESTON COUNTY,167,71 Years,1728,816,912,1234,603,631,212,83,129,76,37,39,206,93,113
GALVESTON COUNTY,167,72 Years,1588,756,832,1143,561,582,201,86,115,57,29,28,187,80,107
GALVESTON COUNTY,167,73 Years,1514,718,796,1085,528,557,193,77,116,63,35,28,173,78,95
GALVESTON COUNTY,167,74 Years,1443,654,789,1020,482,538,199,70,129,54,25,29,170,77,93
GALVESTON COUNTY,167,75 Years,1337,599,738,945,440,505,192,69,123,44,18,26,156,72,84
GALVESTON COUNTY,167,76 Years,1278,568,710,916,414,502,167,63,104,40,18,22,155,73,82
GALVESTON COUNTY,167,77 Years,1156,502,654,819,361,458,150,57,93,37,17,20,150,67,83
GALVESTON COUNTY,167,78 Years,1099,470,629,778,345,433,146,52,94,30,11,19,145,62,83
GALVESTON COUNTY,167,79 Years,1048,440,608,761,330,431,136,48,88,24,9,15,127,53,74
GALVESTON COUNTY,167,80 Years,991,425,566,719,322,397,131,48,83,28,11,17,113,44,69
GALVESTON COUNTY,167,81 Years,948,409,539,683,302,381,121,44,77,27,11,16,117,52,65
GALVESTON COUNTY,167,82 Years,890,372,518,663,276,387,115,48,67,20,11,9,92,37,55
GALVESTON COUNTY,167,83 Years,834,352,482,607,261,346,122,44,78,13,6,7,92,41,51
GALVESTON COUNTY,167,84 Years,743,291,452,539,214,325,105,38,67,14,4,10,85,35,50
GALVESTON COUNTY,167,85 Years +,3845,1279,2566,2856,951,1905,554,179,375,64,26,38,371,123,248
GARZA COUNTY,169,All Ages,6537,4138,2399,2973,1661,1312,394,271,123,62,20,42,3108,2186,922
GARZA COUNTY,169,< 1 Year,78,41,37,30,16,14,4,2,2,0,0,0,44,23,21
GARZA COUNTY,169,1 Years,78,38,40,33,14,19,5,2,3,0,0,0,40,22,18
GARZA COUNTY,169,2 Years,94,51,43,29,17,12,6,4,2,2,0,2,57,30,27
GARZA COUNTY,169,3 Years,73,40,33,28,16,12,3,2,1,2,1,1,40,21,19
GARZA COUNTY,169,4 Years,78,39,39,30,16,14,4,2,2,3,1,2,41,20,21
GARZA COUNTY,169,5 Years,64,28,36,30,14,16,4,4,0,0,0,0,30,10,20
GARZA COUNTY,169,6 Years,63,26,37,29,15,14,3,2,1,2,0,2,29,9,20
GARZA COUNTY,169,7 Years,65,35,30,30,16,14,3,2,1,1,0,1,31,17,14
GARZA COUNTY,169,8 Years,76,39,37,29,15,14,5,2,3,3,1,2,39,21,18
GARZA COUNTY,169,9 Years,58,25,33,24,12,12,4,1,3,1,0,1,29,12,17
GARZA COUNTY,169,10 Years,61,28,33,22,11,11,3,2,1,2,0,2,34,15,19
GARZA COUNTY,169,11 Years,58,32,26,26,14,12,5,2,3,1,0,1,26,16,10
GARZA COUNTY,169,12 Years,65,37,28,24,15,9,2,1,1,1,1,0,38,20,18
GARZA COUNTY,169,13 Years,69,35,34,28,15,13,3,2,1,1,0,1,37,18,19
GARZA COUNTY,169,14 Years,66,35,31,20,9,11,2,1,1,2,1,1,42,24,18
GARZA COUNTY,169,15 Years,66,36,30,25,13,12,2,1,1,4,2,2,35,20,15
GARZA COUNTY,169,16 Years,71,44,27,32,21,11,6,4,2,2,0,2,31,19,12
GARZA COUNTY,169,17 Years,86,54,32,35,21,14,6,4,2,2,1,1,43,28,15
GARZA COUNTY,169,18 Years,85,47,38,40,20,20,5,3,2,2,1,1,38,23,15
GARZA COUNTY,169,19 Years,121,82,39,43,27,16,10,8,2,2,0,2,66,47,19
GARZA COUNTY,169,20 Years,108,80,28,29,20,9,10,9,1,1,0,1,68,51,17
GARZA COUNTY,169,21 Years,105,78,27,30,20,10,11,8,3,1,0,1,63,50,13
GARZA COUNTY,169,22 Years,146,112,34,40,29,11,15,10,5,1,0,1,90,73,17
GARZA COUNTY,169,23 Years,189,160,29,55,41,14,13,11,2,0,0,0,121,108,13
GARZA COUNTY,169,24 Years,133,103,30,47,33,14,9,7,2,1,0,1,76,63,13
GARZA COUNTY,169,25 Years,101,67,34,33,24,9,9,6,3,1,0,1,58,37,21
GARZA COUNTY,169,26 Years,135,95,40,38,19,19,16,14,2,0,0,0,81,62,19
GARZA COUNTY,169,27 Years,178,142,36,56,40,16,16,13,3,0,0,0,106,89,17
GARZA COUNTY,169,28 Years,131,101,30,45,31,14,8,7,1,0,0,0,78,63,15
GARZA COUNTY,169,29 Years,87,62,25,26,18,8,3,3,0,1,0,1,57,41,16
GARZA COUNTY,169,30 Years,157,136,21,53,42,11,10,9,1,2,1,1,92,84,8
GARZA COUNTY,169,31 Years,150,124,26,41,28,13,16,14,2,0,0,0,93,82,11
GARZA COUNTY,169,32 Years,110,85,25,33,21,12,13,11,2,0,0,0,64,53,11
GARZA COUNTY,169,33 Years,86,64,22,30,18,12,7,6,1,0,0,0,49,40,9
GARZA COUNTY,169,34 Years,46,29,17,17,8,9,4,3,1,1,1,0,24,17,7
GARZA COUNTY,169,35 Years,102,71,31,39,22,17,11,7,4,1,1,0,51,41,10
GARZA COUNTY,169,36 Years,73,39,34,32,15,17,9,4,5,0,0,0,32,20,12
GARZA COUNTY,169,37 Years,53,26,27,26,13,13,2,0,2,0,0,0,25,13,12
GARZA COUNTY,169,38 Years,49,19,30,23,7,16,2,2,0,0,0,0,24,10,14
GARZA COUNTY,169,39 Years,104,74,30,43,26,17,7,5,2,0,0,0,54,43,11
GARZA COUNTY,169,40 Years,97,61,36,42,22,20,4,3,1,0,0,0,51,36,15
GARZA COUNTY,169,41 Years,81,48,33,37,16,21,5,3,2,0,0,0,39,29,10
GARZA COUNTY,169,42 Years,82,34,48,40,14,26,4,2,2,1,1,0,37,17,20
GARZA COUNTY,169,43 Years,49,17,32,25,10,15,2,0,2,0,0,0,22,7,15
GARZA COUNTY,169,44 Years,111,87,24,43,32,11,5,4,1,1,0,1,62,51,11
GARZA COUNTY,169,45 Years,70,49,21,32,19,13,1,1,0,2,2,0,35,27,8
GARZA COUNTY,169,46 Years,121,94,27,45,30,15,5,5,0,1,0,1,70,59,11
GARZA COUNTY,169,47 Years,124,95,29,49,31,18,6,5,1,0,0,0,69,59,10
GARZA COUNTY,169,48 Years,120,86,34,56,35,21,8,4,4,1,0,1,55,47,8
GARZA COUNTY,169,49 Years,94,69,25,48,32,16,3,2,1,3,2,1,40,33,7
GARZA COUNTY,169,50 Years,81,46,35,54,31,23,5,3,2,0,0,0,22,12,10
GARZA COUNTY,169,51 Years,121,77,44,56,29,27,8,4,4,0,0,0,57,44,13
GARZA COUNTY,169,52 Years,81,46,35,37,19,18,3,2,1,2,0,2,39,25,14
GARZA COUNTY,169,53 Years,82,55,27,38,24,14,6,3,3,1,0,1,37,28,9
GARZA COUNTY,169,54 Years,69,41,28,38,21,17,3,2,1,0,0,0,28,18,10
GARZA COUNTY,169,55 Years,70,42,28,48,28,20,7,4,3,0,0,0,15,10,5
GARZA COUNTY,169,56 Years,55,35,20,39,26,13,5,3,2,0,0,0,11,6,5
GARZA COUNTY,169,57 Years,120,97,23,55,40,15,6,5,1,0,0,0,59,52,7
GARZA COUNTY,169,58 Years,123,90,33,53,32,21,4,4,0,1,0,1,65,54,11
GARZA COUNTY,169,59 Years,89,56,33,46,26,20,4,3,1,0,0,0,39,27,12
GARZA COUNTY,169,60 Years,47,23,24,31,14,17,4,2,2,0,0,0,12,7,5
GARZA COUNTY,169,61 Years,52,21,31,35,12,23,4,2,2,0,0,0,13,7,6
GARZA COUNTY,169,62 Years,53,28,25,33,14,19,2,2,0,2,1,1,16,11,5
GARZA COUNTY,169,63 Years,49,23,26,31,14,17,0,0,0,1,1,0,17,8,9
GARZA COUNTY,169,64 Years,48,24,24,36,18,18,2,1,1,2,1,1,8,4,4
GARZA COUNTY,169,65 Years,51,24,27,44,22,22,0,0,0,1,0,1,6,2,4
GARZA COUNTY,169,66 Years,47,21,26,36,20,16,2,0,2,0,0,0,9,1,8
GARZA COUNTY,169,67 Years,47,24,23,34,20,14,1,1,0,0,0,0,12,3,9
GARZA COUNTY,169,68 Years,40,24,16,31,18,13,0,0,0,0,0,0,9,6,3
GARZA COUNTY,169,69 Years,38,15,23,31,12,19,0,0,0,0,0,0,7,3,4
GARZA COUNTY,169,70 Years,37,16,21,28,13,15,1,0,1,0,0,0,8,3,5
GARZA COUNTY,169,71 Years,37,17,20,27,11,16,1,0,1,0,0,0,9,6,3
GARZA COUNTY,169,72 Years,41,17,24,34,14,20,1,0,1,0,0,0,6,3,3
GARZA COUNTY,169,73 Years,38,19,19,34,18,16,1,0,1,0,0,0,3,1,2
GARZA COUNTY,169,74 Years,35,17,18,30,14,16,0,0,0,0,0,0,5,3,2
GARZA COUNTY,169,75 Years,34,17,17,25,13,12,1,0,1,0,0,0,8,4,4
GARZA COUNTY,169,76 Years,35,18,17,30,16,14,0,0,0,0,0,0,5,2,3
GARZA COUNTY,169,77 Years,30,15,15,27,13,14,1,0,1,0,0,0,2,2,0
GARZA COUNTY,169,78 Years,26,12,14,24,11,13,0,0,0,0,0,0,2,1,1
GARZA COUNTY,169,79 Years,26,12,14,21,9,12,0,0,0,0,0,0,5,3,2
GARZA COUNTY,169,80 Years,23,8,15,19,7,12,0,0,0,0,0,0,4,1,3
GARZA COUNTY,169,81 Years,23,12,11,20,12,8,2,0,2,0,0,0,1,0,1
GARZA COUNTY,169,82 Years,17,10,7,15,8,7,0,0,0,0,0,0,2,2,0
GARZA COUNTY,169,83 Years,14,6,8,11,4,7,0,0,0,0,0,0,3,2,1
GARZA COUNTY,169,84 Years,12,5,7,11,4,7,0,0,0,0,0,0,1,1,0
GARZA COUNTY,169,85 Years +,79,26,53,71,21,50,1,1,0,0,0,0,7,4,3
GILLESPIE COUNTY,171,All Ages,25201,12157,13044,19635,9271,10364,50,24,26,347,164,183,5169,2698,2471
GILLESPIE COUNTY,171,< 1 Year,248,124,124,136,70,66,0,0,0,4,2,2,108,52,56
GILLESPIE COUNTY,171,1 Years,227,115,112,109,58,51,1,1,0,5,1,4,112,55,57
GILLESPIE COUNTY,171,2 Years,245,131,114,144,76,68,0,0,0,4,2,2,97,53,44
GILLESPIE COUNTY,171,3 Years,269,142,127,152,78,74,2,0,2,6,5,1,109,59,50
GILLESPIE COUNTY,171,4 Years,250,126,124,142,68,74,0,0,0,3,2,1,105,56,49
GILLESPIE COUNTY,171,5 Years,241,129,112,140,71,69,0,0,0,4,1,3,97,57,40
GILLESPIE COUNTY,171,6 Years,261,143,118,151,82,69,0,0,0,4,1,3,106,60,46
GILLESPIE COUNTY,171,7 Years,285,152,133,159,86,73,2,0,2,7,1,6,117,65,52
GILLESPIE COUNTY,171,8 Years,273,141,132,172,88,84,2,1,1,4,3,1,95,49,46
GILLESPIE COUNTY,171,9 Years,277,140,137,186,94,92,0,0,0,4,2,2,87,44,43
GILLESPIE COUNTY,171,10 Years,274,139,135,182,92,90,0,0,0,6,4,2,86,43,43
GILLESPIE COUNTY,171,11 Years,298,155,143,196,104,92,0,0,0,6,4,2,96,47,49
GILLESPIE COUNTY,171,12 Years,294,142,152,194,95,99,0,0,0,6,2,4,94,45,49
GILLESPIE COUNTY,171,13 Years,311,159,152,201,101,100,0,0,0,5,1,4,105,57,48
GILLESPIE COUNTY,171,14 Years,329,174,155,211,103,108,1,0,1,10,5,5,107,66,41
GILLESPIE COUNTY,171,15 Years,314,150,164,196,88,108,1,0,1,9,4,5,108,58,50
GILLESPIE COUNTY,171,16 Years,321,165,156,201,99,102,2,0,2,6,3,3,112,63,49
GILLESPIE COUNTY,171,17 Years,326,165,161,207,103,104,2,1,1,8,7,1,109,54,55
GILLESPIE COUNTY,171,18 Years,304,151,153,197,94,103,0,0,0,3,3,0,104,54,50
GILLESPIE COUNTY,171,19 Years,262,131,131,163,82,81,0,0,0,3,1,2,96,48,48
GILLESPIE COUNTY,171,20 Years,197,108,89,106,60,46,1,0,1,5,2,3,85,46,39
GILLESPIE COUNTY,171,21 Years,175,92,83,84,46,38,0,0,0,7,2,5,84,44,40
GILLESPIE COUNTY,171,22 Years,176,85,91,99,44,55,2,0,2,4,2,2,71,39,32
GILLESPIE COUNTY,171,23 Years,190,106,84,109,56,53,2,1,1,3,3,0,76,46,30
GILLESPIE COUNTY,171,24 Years,222,116,106,129,57,72,1,1,0,4,4,0,88,54,34
GILLESPIE COUNTY,171,25 Years,190,104,86,113,60,53,2,1,1,3,1,2,72,42,30
GILLESPIE COUNTY,171,26 Years,198,102,96,128,61,67,1,1,0,3,1,2,66,39,27
GILLESPIE COUNTY,171,27 Years,201,99,102,132,63,69,0,0,0,4,1,3,65,35,30
GILLESPIE COUNTY,171,28 Years,199,105,94,125,63,62,0,0,0,2,1,1,72,41,31
GILLESPIE COUNTY,171,29 Years,189,90,99,119,53,66,2,1,1,3,2,1,65,34,31
GILLESPIE COUNTY,171,30 Years,219,115,104,140,72,68,1,0,1,4,2,2,74,41,33
GILLESPIE COUNTY,171,31 Years,226,113,113,144,73,71,1,0,1,4,2,2,77,38,39
GILLESPIE COUNTY,171,32 Years,215,118,97,136,71,65,0,0,0,5,4,1,74,43,31
GILLESPIE COUNTY,171,33 Years,202,103,99,133,65,68,2,2,0,5,4,1,62,32,30
GILLESPIE COUNTY,171,34 Years,192,96,96,126,60,66,1,1,0,3,2,1,62,33,29
GILLESPIE COUNTY,171,35 Years,215,99,116,145,69,76,0,0,0,3,2,1,67,28,39
GILLESPIE COUNTY,171,36 Years,224,97,127,140,63,77,0,0,0,7,2,5,77,32,45
GILLESPIE COUNTY,171,37 Years,238,125,113,157,78,79,0,0,0,5,2,3,76,45,31
GILLESPIE COUNTY,171,38 Years,226,110,116,158,73,85,0,0,0,2,1,1,66,36,30
GILLESPIE COUNTY,171,39 Years,228,107,121,173,82,91,0,0,0,1,1,0,54,24,30
GILLESPIE COUNTY,171,40 Years,259,132,127,196,105,91,0,0,0,3,1,2,60,26,34
GILLESPIE COUNTY,171,41 Years,266,127,139,189,92,97,1,1,0,5,1,4,71,33,38
GILLESPIE COUNTY,171,42 Years,251,121,130,178,81,97,0,0,0,5,2,3,68,38,30
GILLESPIE COUNTY,171,43 Years,258,116,142,182,81,101,0,0,0,3,0,3,73,35,38
GILLESPIE COUNTY,171,44 Years,256,124,132,185,89,96,0,0,0,3,2,1,68,33,35
GILLESPIE COUNTY,171,45 Years,274,147,127,208,107,101,1,1,0,4,1,3,61,38,23
GILLESPIE COUNTY,171,46 Years,288,145,143,215,109,106,1,1,0,4,1,3,68,34,34
GILLESPIE COUNTY,171,47 Years,308,147,161,226,105,121,0,0,0,7,5,2,75,37,38
GILLESPIE COUNTY,171,48 Years,336,150,186,263,113,150,0,0,0,6,3,3,67,34,33
GILLESPIE COUNTY,171,49 Years,376,187,189,299,149,150,1,0,1,4,2,2,72,36,36
GILLESPIE COUNTY,171,50 Years,374,184,190,299,145,154,0,0,0,5,2,3,70,37,33
GILLESPIE COUNTY,171,51 Years,379,192,187,314,154,160,0,0,0,6,3,3,59,35,24
GILLESPIE COUNTY,171,52 Years,370,169,201,310,136,174,1,0,1,8,3,5,51,30,21
GILLESPIE COUNTY,171,53 Years,359,161,198,304,131,173,0,0,0,5,0,5,50,30,20
GILLESPIE COUNTY,171,54 Years,384,161,223,323,138,185,2,1,1,4,1,3,55,21,34
GILLESPIE COUNTY,171,55 Years,364,166,198,313,141,172,1,0,1,2,1,1,48,24,24
GILLESPIE COUNTY,171,56 Years,365,178,187,313,152,161,2,2,0,5,1,4,45,23,22
GILLESPIE COUNTY,171,57 Years,382,177,205,332,157,175,1,1,0,4,1,3,45,18,27
GILLESPIE COUNTY,171,58 Years,419,187,232,371,169,202,2,1,1,5,1,4,41,16,25
GILLESPIE COUNTY,171,59 Years,420,188,232,376,163,213,0,0,0,3,1,2,41,24,17
GILLESPIE COUNTY,171,60 Years,403,179,224,362,160,202,0,0,0,3,2,1,38,17,21
GILLESPIE COUNTY,171,61 Years,391,188,203,360,174,186,0,0,0,4,1,3,27,13,14
GILLESPIE COUNTY,171,62 Years,366,164,202,331,148,183,2,1,1,5,2,3,28,13,15
GILLESPIE COUNTY,171,63 Years,395,197,198,356,175,181,1,1,0,5,4,1,33,17,16
GILLESPIE COUNTY,171,64 Years,448,199,249,418,183,235,0,0,0,3,2,1,27,14,13
GILLESPIE COUNTY,171,65 Years,400,189,211,367,166,201,1,1,0,2,2,0,30,20,10
GILLESPIE COUNTY,171,66 Years,371,173,198,341,159,182,0,0,0,5,2,3,25,12,13
GILLESPIE COUNTY,171,67 Years,385,186,199,357,174,183,0,0,0,5,1,4,23,11,12
GILLESPIE COUNTY,171,68 Years,374,174,200,346,160,186,2,1,1,4,2,2,22,11,11
GILLESPIE COUNTY,171,69 Years,342,170,172,312,150,162,1,1,0,2,1,1,27,18,9
GILLESPIE COUNTY,171,70 Years,344,162,182,315,146,169,0,0,0,2,1,1,27,15,12
GILLESPIE COUNTY,171,71 Years,323,153,170,304,144,160,0,0,0,2,2,0,17,7,10
GILLESPIE COUNTY,171,72 Years,325,164,161,307,155,152,1,0,1,3,3,0,14,6,8
GILLESPIE COUNTY,171,73 Years,317,158,159,302,153,149,0,0,0,2,2,0,13,3,10
GILLESPIE COUNTY,171,74 Years,292,143,149,279,138,141,0,0,0,2,1,1,11,4,7
GILLESPIE COUNTY,171,75 Years,264,131,133,249,125,124,0,0,0,2,1,1,13,5,8
GILLESPIE COUNTY,171,76 Years,267,135,132,255,130,125,0,0,0,1,0,1,11,5,6
GILLESPIE COUNTY,171,77 Years,256,132,124,238,124,114,0,0,0,1,0,1,17,8,9
GILLESPIE COUNTY,171,78 Years,230,108,122,217,102,115,0,0,0,0,0,0,13,6,7
GILLESPIE COUNTY,171,79 Years,211,98,113,201,93,108,0,0,0,0,0,0,10,5,5
GILLESPIE COUNTY,171,80 Years,207,93,114,198,87,111,0,0,0,1,1,0,8,5,3
GILLESPIE COUNTY,171,81 Years,204,89,115,196,87,109,0,0,0,0,0,0,8,2,6
GILLESPIE COUNTY,171,82 Years,206,95,111,198,93,105,0,0,0,0,0,0,8,2,6
GILLESPIE COUNTY,171,83 Years,166,74,92,159,71,88,0,0,0,1,0,1,6,3,3
GILLESPIE COUNTY,171,84 Years,184,74,110,179,72,107,0,0,0,1,1,0,4,1,3
GILLESPIE COUNTY,171,85 Years +,1111,406,705,1057,384,673,0,0,0,16,6,10,38,16,22
GLASSCOCK COUNTY,173,All Ages,1242,658,584,834,439,395,17,10,7,6,4,2,385,205,180
GLASSCOCK COUNTY,173,< 1 Year,14,8,6,8,5,3,0,0,0,0,0,0,6,3,3
GLASSCOCK COUNTY,173,1 Years,13,6,7,6,2,4,0,0,0,0,0,0,7,4,3
GLASSCOCK COUNTY,173,2 Years,15,6,9,8,3,5,1,1,0,0,0,0,6,2,4
GLASSCOCK COUNTY,173,3 Years,18,8,10,10,4,6,0,0,0,0,0,0,8,4,4
GLASSCOCK COUNTY,173,4 Years,16,6,10,10,4,6,0,0,0,0,0,0,6,2,4
GLASSCOCK COUNTY,173,5 Years,17,8,9,10,5,5,0,0,0,0,0,0,7,3,4
GLASSCOCK COUNTY,173,6 Years,20,11,9,10,7,3,0,0,0,0,0,0,10,4,6
GLASSCOCK COUNTY,173,7 Years,17,9,8,10,5,5,0,0,0,0,0,0,7,4,3
GLASSCOCK COUNTY,173,8 Years,20,11,9,13,6,7,0,0,0,0,0,0,7,5,2
GLASSCOCK COUNTY,173,9 Years,16,12,4,11,8,3,0,0,0,0,0,0,5,4,1
GLASSCOCK COUNTY,173,10 Years,17,11,6,11,8,3,0,0,0,0,0,0,6,3,3
GLASSCOCK COUNTY,173,11 Years,18,6,12,11,4,7,0,0,0,0,0,0,7,2,5
GLASSCOCK COUNTY,173,12 Years,18,8,10,12,6,6,0,0,0,0,0,0,6,2,4
GLASSCOCK COUNTY,173,13 Years,23,15,8,12,8,4,0,0,0,0,0,0,11,7,4
GLASSCOCK COUNTY,173,14 Years,21,13,8,12,8,4,1,0,1,0,0,0,8,5,3
GLASSCOCK COUNTY,173,15 Years,24,17,7,15,11,4,0,0,0,0,0,0,9,6,3
GLASSCOCK COUNTY,173,16 Years,27,20,7,16,12,4,2,2,0,0,0,0,9,6,3
GLASSCOCK COUNTY,173,17 Years,24,13,11,15,7,8,2,1,1,0,0,0,7,5,2
GLASSCOCK COUNTY,173,18 Years,25,12,13,18,9,9,0,0,0,0,0,0,7,3,4
GLASSCOCK COUNTY,173,19 Years,18,5,13,10,3,7,1,1,0,0,0,0,7,1,6
GLASSCOCK COUNTY,173,20 Years,10,5,5,5,2,3,0,0,0,1,0,1,4,3,1
GLASSCOCK COUNTY,173,21 Years,7,3,4,3,1,2,0,0,0,0,0,0,4,2,2
GLASSCOCK COUNTY,173,22 Years,4,3,1,2,1,1,0,0,0,0,0,0,2,2,0
GLASSCOCK COUNTY,173,23 Years,9,7,2,4,3,1,1,0,1,0,0,0,4,4,0
GLASSCOCK COUNTY,173,24 Years,14,9,5,8,5,3,1,1,0,0,0,0,5,3,2
GLASSCOCK COUNTY,173,25 Years,8,5,3,4,2,2,1,1,0,0,0,0,3,2,1
GLASSCOCK COUNTY,173,26 Years,12,6,6,10,5,5,0,0,0,0,0,0,2,1,1
GLASSCOCK COUNTY,173,27 Years,16,10,6,11,7,4,0,0,0,0,0,0,5,3,2
GLASSCOCK COUNTY,173,28 Years,14,7,7,9,5,4,0,0,0,0,0,0,5,2,3
GLASSCOCK COUNTY,173,29 Years,14,8,6,6,4,2,0,0,0,0,0,0,8,4,4
GLASSCOCK COUNTY,173,30 Years,10,5,5,5,3,2,0,0,0,0,0,0,5,2,3
GLASSCOCK COUNTY,173,31 Years,15,4,11,9,3,6,0,0,0,0,0,0,6,1,5
GLASSCOCK COUNTY,173,32 Years,13,7,6,6,3,3,0,0,0,1,0,1,6,4,2
GLASSCOCK COUNTY,173,33 Years,16,8,8,11,5,6,0,0,0,0,0,0,5,3,2
GLASSCOCK COUNTY,173,34 Years,17,9,8,8,3,5,0,0,0,0,0,0,9,6,3
GLASSCOCK COUNTY,173,35 Years,20,9,11,13,7,6,0,0,0,0,0,0,7,2,5
GLASSCOCK COUNTY,173,36 Years,17,8,9,8,4,4,0,0,0,0,0,0,9,4,5
GLASSCOCK COUNTY,173,37 Years,15,11,4,8,6,2,0,0,0,0,0,0,7,5,2
GLASSCOCK COUNTY,173,38 Years,12,7,5,6,4,2,1,0,1,0,0,0,5,3,2
GLASSCOCK COUNTY,173,39 Years,18,7,11,10,6,4,1,0,1,0,0,0,7,1,6
GLASSCOCK COUNTY,173,40 Years,20,10,10,13,6,7,1,0,1,0,0,0,6,4,2
GLASSCOCK COUNTY,173,41 Years,22,14,8,15,9,6,1,0,1,0,0,0,6,5,1
GLASSCOCK COUNTY,173,42 Years,13,5,8,10,4,6,0,0,0,0,0,0,3,1,2
GLASSCOCK COUNTY,173,43 Years,8,2,6,5,1,4,1,1,0,0,0,0,2,0,2
GLASSCOCK COUNTY,173,44 Years,14,10,4,9,5,4,1,1,0,0,0,0,4,4,0
GLASSCOCK COUNTY,173,45 Years,16,9,7,7,4,3,0,0,0,0,0,0,9,5,4
GLASSCOCK COUNTY,173,46 Years,14,8,6,9,6,3,0,0,0,0,0,0,5,2,3
GLASSCOCK COUNTY,173,47 Years,19,7,12,14,6,8,0,0,0,0,0,0,5,1,4
GLASSCOCK COUNTY,173,48 Years,22,10,12,15,8,7,0,0,0,0,0,0,7,2,5
GLASSCOCK COUNTY,173,49 Years,15,6,9,12,5,7,0,0,0,1,1,0,2,0,2
GLASSCOCK COUNTY,173,50 Years,18,6,12,15,4,11,0,0,0,0,0,0,3,2,1
GLASSCOCK COUNTY,173,51 Years,20,11,9,15,8,7,1,1,0,0,0,0,4,2,2
GLASSCOCK COUNTY,173,52 Years,24,14,10,20,12,8,0,0,0,0,0,0,4,2,2
GLASSCOCK COUNTY,173,53 Years,27,15,12,20,11,9,0,0,0,0,0,0,7,4,3
GLASSCOCK COUNTY,173,54 Years,18,10,8,12,6,6,0,0,0,0,0,0,6,4,2
GLASSCOCK COUNTY,173,55 Years,14,6,8,13,5,8,0,0,0,0,0,0,1,1,0
GLASSCOCK COUNTY,173,56 Years,15,8,7,15,8,7,0,0,0,0,0,0,0,0,0
GLASSCOCK COUNTY,173,57 Years,14,7,7,12,6,6,0,0,0,0,0,0,2,1,1
GLASSCOCK COUNTY,173,58 Years,16,10,6,8,4,4,0,0,0,0,0,0,8,6,2
GLASSCOCK COUNTY,173,59 Years,12,8,4,10,7,3,0,0,0,0,0,0,2,1,1
GLASSCOCK COUNTY,173,60 Years,16,7,9,14,7,7,0,0,0,0,0,0,2,0,2
GLASSCOCK COUNTY,173,61 Years,20,13,7,14,10,4,0,0,0,0,0,0,6,3,3
GLASSCOCK COUNTY,173,62 Years,14,11,3,8,7,1,0,0,0,0,0,0,6,4,2
GLASSCOCK COUNTY,173,63 Years,17,9,8,13,7,6,0,0,0,0,0,0,4,2,2
GLASSCOCK COUNTY,173,64 Years,19,11,8,14,7,7,0,0,0,2,2,0,3,2,1
GLASSCOCK COUNTY,173,65 Years,13,9,4,10,6,4,0,0,0,1,1,0,2,2,0
GLASSCOCK COUNTY,173,66 Years,7,4,3,5,2,3,0,0,0,0,0,0,2,2,0
GLASSCOCK COUNTY,173,67 Years,12,6,6,9,3,6,0,0,0,0,0,0,3,3,0
GLASSCOCK COUNTY,173,68 Years,15,8,7,14,7,7,0,0,0,0,0,0,1,1,0
GLASSCOCK COUNTY,173,69 Years,13,7,6,12,7,5,0,0,0,0,0,0,1,0,1
GLASSCOCK COUNTY,173,70 Years,5,3,2,5,3,2,0,0,0,0,0,0,0,0,0
GLASSCOCK COUNTY,173,71 Years,7,1,6,5,1,4,0,0,0,0,0,0,2,0,2
GLASSCOCK COUNTY,173,72 Years,8,4,4,7,3,4,0,0,0,0,0,0,1,1,0
GLASSCOCK COUNTY,173,73 Years,13,5,8,10,5,5,0,0,0,0,0,0,3,0,3
GLASSCOCK COUNTY,173,74 Years,11,6,5,8,5,3,0,0,0,0,0,0,3,1,2
GLASSCOCK COUNTY,173,75 Years,11,6,5,9,4,5,0,0,0,0,0,0,2,2,0
GLASSCOCK COUNTY,173,76 Years,10,8,2,8,6,2,0,0,0,0,0,0,2,2,0
GLASSCOCK COUNTY,173,77 Years,10,3,7,8,2,6,0,0,0,0,0,0,2,1,1
GLASSCOCK COUNTY,173,78 Years,9,5,4,9,5,4,0,0,0,0,0,0,0,0,0
GLASSCOCK COUNTY,173,79 Years,4,2,2,4,2,2,0,0,0,0,0,0,0,0,0
GLASSCOCK COUNTY,173,80 Years,7,1,6,7,1,6,0,0,0,0,0,0,0,0,0
GLASSCOCK COUNTY,173,81 Years,5,3,2,5,3,2,0,0,0,0,0,0,0,0,0
GLASSCOCK COUNTY,173,82 Years,5,3,2,5,3,2,0,0,0,0,0,0,0,0,0
GLASSCOCK COUNTY,173,83 Years,2,1,1,2,1,1,0,0,0,0,0,0,0,0,0
GLASSCOCK COUNTY,173,84 Years,0,0,0,0,0,0,0,0,0,0,0,0,0,0,0
GLASSCOCK COUNTY,173,85 Years +,6,3,3,6,3,3,0,0,0,0,0,0,0,0,0
GOLIAD COUNTY,175,All Ages,7300,3641,3659,4390,2182,2208,312,143,169,99,58,41,2499,1258,1241
GOLIAD COUNTY,175,< 1 Year,61,32,29,33,17,16,2,1,1,0,0,0,26,14,12
GOLIAD COUNTY,175,1 Years,77,38,39,32,17,15,5,1,4,1,1,0,39,19,20
GOLIAD COUNTY,175,2 Years,72,41,31,34,20,14,4,1,3,3,2,1,31,18,13
GOLIAD COUNTY,175,3 Years,86,47,39,31,19,12,7,3,4,3,2,1,45,23,22
GOLIAD COUNTY,175,4 Years,77,39,38,30,19,11,4,2,2,1,0,1,42,18,24
GOLIAD COUNTY,175,5 Years,71,40,31,30,15,15,3,1,2,1,1,0,37,23,14
GOLIAD COUNTY,175,6 Years,85,45,40,37,15,22,5,3,2,2,1,1,41,26,15
GOLIAD COUNTY,175,7 Years,85,44,41,36,17,19,6,3,3,1,0,1,42,24,18
GOLIAD COUNTY,175,8 Years,88,49,39,41,21,20,4,1,3,0,0,0,43,27,16
GOLIAD COUNTY,175,9 Years,107,58,49,42,22,20,6,4,2,1,1,0,58,31,27
GOLIAD COUNTY,175,10 Years,86,45,41,43,20,23,5,2,3,0,0,0,38,23,15
GOLIAD COUNTY,175,11 Years,90,42,48,43,20,23,2,1,1,1,1,0,44,20,24
GOLIAD COUNTY,175,12 Years,94,44,50,42,23,19,4,2,2,1,0,1,47,19,28
GOLIAD COUNTY,175,13 Years,101,56,45,54,32,22,5,3,2,2,1,1,40,20,20
GOLIAD COUNTY,175,14 Years,97,56,41,47,25,22,6,5,1,3,3,0,41,23,18
GOLIAD COUNTY,175,15 Years,98,57,41,43,22,21,3,2,1,2,1,1,50,32,18
GOLIAD COUNTY,175,16 Years,114,57,57,55,28,27,1,1,0,2,1,1,56,27,29
GOLIAD COUNTY,175,17 Years,116,61,55,60,33,27,5,2,3,2,1,1,49,25,24
GOLIAD COUNTY,175,18 Years,115,56,59,70,35,35,2,0,2,2,2,0,41,19,22
GOLIAD COUNTY,175,19 Years,94,51,43,57,30,27,2,1,1,1,1,0,34,19,15
GOLIAD COUNTY,175,20 Years,85,46,39,39,20,19,5,4,1,2,1,1,39,21,18
GOLIAD COUNTY,175,21 Years,70,40,30,31,20,11,4,1,3,2,1,1,33,18,15
GOLIAD COUNTY,175,22 Years,55,28,27,28,14,14,3,0,3,0,0,0,24,14,10
GOLIAD COUNTY,175,23 Years,50,24,26,25,13,12,2,0,2,1,1,0,22,10,12
GOLIAD COUNTY,175,24 Years,49,22,27,23,11,12,2,1,1,2,0,2,22,10,12
GOLIAD COUNTY,175,25 Years,58,32,26,35,20,15,1,1,0,1,1,0,21,10,11
GOLIAD COUNTY,175,26 Years,53,23,30,33,13,20,1,0,1,0,0,0,19,10,9
GOLIAD COUNTY,175,27 Years,54,24,30,33,12,21,1,0,1,1,0,1,19,12,7
GOLIAD COUNTY,175,28 Years,63,31,32,39,19,20,1,0,1,1,0,1,22,12,10
GOLIAD COUNTY,175,29 Years,59,28,31,36,18,18,0,0,0,1,1,0,22,9,13
GOLIAD COUNTY,175,30 Years,72,32,40,42,21,21,3,1,2,1,1,0,26,9,17
GOLIAD COUNTY,175,31 Years,63,35,28,32,19,13,2,0,2,1,1,0,28,15,13
GOLIAD COUNTY,175,32 Years,60,37,23,34,22,12,4,2,2,2,1,1,20,12,8
GOLIAD COUNTY,175,33 Years,61,24,37,33,12,21,2,1,1,2,1,1,24,10,14
GOLIAD COUNTY,175,34 Years,68,29,39,38,17,21,3,2,1,1,0,1,26,10,16
GOLIAD COUNTY,175,35 Years,58,24,34,34,14,20,3,1,2,1,0,1,20,9,11
GOLIAD COUNTY,175,36 Years,72,32,40,39,15,24,3,1,2,0,0,0,30,16,14
GOLIAD COUNTY,175,37 Years,78,37,41,45,20,25,5,4,1,0,0,0,28,13,15
GOLIAD COUNTY,175,38 Years,79,41,38,39,21,18,4,2,2,3,3,0,33,15,18
GOLIAD COUNTY,175,39 Years,85,44,41,46,23,23,3,2,1,1,1,0,35,18,17
GOLIAD COUNTY,175,40 Years,79,38,41,41,22,19,6,2,4,1,0,1,31,14,17
GOLIAD COUNTY,175,41 Years,91,46,45,54,27,27,4,2,2,1,0,1,32,17,15
GOLIAD COUNTY,175,42 Years,84,49,35,49,30,19,2,2,0,3,2,1,30,15,15
GOLIAD COUNTY,175,43 Years,88,47,41,56,31,25,1,1,0,1,0,1,30,15,15
GOLIAD COUNTY,175,44 Years,90,44,46,56,26,30,4,2,2,3,1,2,27,15,12
GOLIAD COUNTY,175,45 Years,103,45,58,61,24,37,6,4,2,1,1,0,35,16,19
GOLIAD COUNTY,175,46 Years,103,43,60,68,26,42,3,1,2,2,1,1,30,15,15
GOLIAD COUNTY,175,47 Years,111,51,60,71,34,37,2,1,1,4,3,1,34,13,21
GOLIAD COUNTY,175,48 Years,94,42,52,62,30,32,3,1,2,2,1,1,27,10,17
GOLIAD COUNTY,175,49 Years,111,54,57,75,37,38,3,2,1,1,0,1,32,15,17
GOLIAD COUNTY,175,50 Years,120,61,59,79,41,38,3,1,2,2,1,1,36,18,18
GOLIAD COUNTY,175,51 Years,125,65,60,78,38,40,7,4,3,1,1,0,39,22,17
GOLIAD COUNTY,175,52 Years,119,62,57,73,38,35,6,4,2,3,3,0,37,17,20
GOLIAD COUNTY,175,53 Years,128,57,71,81,38,43,8,3,5,1,0,1,38,16,22
GOLIAD COUNTY,175,54 Years,124,65,59,82,40,42,6,2,4,0,0,0,36,23,13
GOLIAD COUNTY,175,55 Years,105,58,47,72,38,34,3,2,1,2,1,1,28,17,11
GOLIAD COUNTY,175,56 Years,127,61,66,83,40,43,6,2,4,1,1,0,37,18,19
GOLIAD COUNTY,175,57 Years,119,53,66,83,37,46,7,2,5,1,1,0,28,13,15
GOLIAD COUNTY,175,58 Years,110,53,57,72,33,39,6,2,4,1,1,0,31,17,14
GOLIAD COUNTY,175,59 Years,128,61,67,94,43,51,5,3,2,1,1,0,28,14,14
GOLIAD COUNTY,175,60 Years,128,68,60,90,45,45,5,3,2,1,1,0,32,19,13
GOLIAD COUNTY,175,61 Years,117,64,53,81,45,36,5,3,2,0,0,0,31,16,15
GOLIAD COUNTY,175,62 Years,122,63,59,88,46,42,8,5,3,1,0,1,25,12,13
GOLIAD COUNTY,175,63 Years,114,62,52,87,47,40,3,2,1,0,0,0,24,13,11
GOLIAD COUNTY,175,64 Years,121,58,63,86,44,42,5,1,4,2,0,2,28,13,15
GOLIAD COUNTY,175,65 Years,96,44,52,62,29,33,4,2,2,2,1,1,28,12,16
GOLIAD COUNTY,175,66 Years,90,43,47,65,31,34,2,1,1,2,1,1,21,10,11
GOLIAD COUNTY,175,67 Years,88,40,48,64,30,34,3,2,1,1,0,1,20,8,12
GOLIAD COUNTY,175,68 Years,87,44,43,64,35,29,4,2,2,0,0,0,19,7,12
GOLIAD COUNTY,175,69 Years,82,36,46,56,27,29,4,2,2,0,0,0,22,7,15
GOLIAD COUNTY,175,70 Years,94,48,46,68,34,34,6,4,2,0,0,0,20,10,10
GOLIAD COUNTY,175,71 Years,87,49,38,66,36,30,4,3,1,1,0,1,16,10,6
GOLIAD COUNTY,175,72 Years,66,32,34,51,25,26,1,1,0,1,0,1,13,6,7
GOLIAD COUNTY,175,73 Years,75,35,40,57,27,30,2,1,1,0,0,0,16,7,9
GOLIAD COUNTY,175,74 Years,57,30,27,43,23,20,0,0,0,0,0,0,14,7,7
GOLIAD COUNTY,175,75 Years,53,30,23,38,22,16,1,0,1,0,0,0,14,8,6
GOLIAD COUNTY,175,76 Years,58,31,27,39,23,16,2,0,2,1,1,0,16,7,9
GOLIAD COUNTY,175,77 Years,53,25,28,30,15,15,2,1,1,0,0,0,21,9,12
GOLIAD COUNTY,175,78 Years,42,17,25,30,11,19,1,0,1,1,1,0,10,5,5
GOLIAD COUNTY,175,79 Years,47,21,26,33,16,17,2,1,1,0,0,0,12,4,8
GOLIAD COUNTY,175,80 Years,39,17,22,24,10,14,2,1,1,0,0,0,13,6,7
GOLIAD COUNTY,175,81 Years,38,16,22,22,8,14,2,0,2,0,0,0,14,8,6
GOLIAD COUNTY,175,82 Years,36,17,19,21,9,12,3,0,3,0,0,0,12,8,4
GOLIAD COUNTY,175,83 Years,30,14,16,17,9,8,4,0,4,0,0,0,9,5,4
GOLIAD COUNTY,175,84 Years,28,16,12,17,11,6,3,1,2,0,0,0,8,4,4
GOLIAD COUNTY,175,85 Years +,187,75,112,137,57,80,10,2,8,2,2,0,38,14,24
GONZALES COUNTY,177,All Ages,20157,10183,9974,8844,4311,4533,1370,721,649,273,133,140,9670,5018,4652
GONZALES COUNTY,177,< 1 Year,300,154,146,77,39,38,14,8,6,4,3,1,205,104,101
GONZALES COUNTY,177,1 Years,293,147,146,72,36,36,16,10,6,8,4,4,197,97,100
GONZALES COUNTY,177,2 Years,307,159,148,71,38,33,16,7,9,9,4,5,211,110,101
GONZALES COUNTY,177,3 Years,313,174,139,79,45,34,16,8,8,8,3,5,210,118,92
GONZALES COUNTY,177,4 Years,310,161,149,82,43,39,15,6,9,9,6,3,204,106,98
GONZALES COUNTY,177,5 Years,309,161,148,81,43,38,17,7,10,8,3,5,203,108,95
GONZALES COUNTY,177,6 Years,298,155,143,66,34,32,16,8,8,4,1,3,212,112,100
GONZALES COUNTY,177,7 Years,306,162,144,78,38,40,15,9,6,4,3,1,209,112,97
GONZALES COUNTY,177,8 Years,330,160,170,87,38,49,15,6,9,7,3,4,221,113,108
GONZALES COUNTY,177,9 Years,309,152,157,83,39,44,14,6,8,8,1,7,204,106,98
GONZALES COUNTY,177,10 Years,308,160,148,83,46,37,23,13,10,7,3,4,195,98,97
GONZALES COUNTY,177,11 Years,297,142,155,98,45,53,21,12,9,7,4,3,171,81,90
GONZALES COUNTY,177,12 Years,306,148,158,96,44,52,21,14,7,5,3,2,184,87,97
GONZALES COUNTY,177,13 Years,296,162,134,104,57,47,19,12,7,5,4,1,168,89,79
GONZALES COUNTY,177,14 Years,293,156,137,116,65,51,19,11,8,4,2,2,154,78,76
GONZALES COUNTY,177,15 Years,280,150,130,111,53,58,20,11,9,3,1,2,146,85,61
GONZALES COUNTY,177,16 Years,266,143,123,96,44,52,18,9,9,4,4,0,148,86,62
GONZALES COUNTY,177,17 Years,293,147,146,103,51,52,15,8,7,6,4,2,169,84,85
GONZALES COUNTY,177,18 Years,290,142,148,100,50,50,23,10,13,5,2,3,162,80,82
GONZALES COUNTY,177,19 Years,286,139,147,90,47,43,22,13,9,7,3,4,167,76,91
GONZALES COUNTY,177,20 Years,248,137,111,73,45,28,21,14,7,4,2,2,150,76,74
GONZALES COUNTY,177,21 Years,246,144,102,73,48,25,22,16,6,3,0,3,148,80,68
GONZALES COUNTY,177,22 Years,246,136,110,84,43,41,22,13,9,1,1,0,139,79,60
GONZALES COUNTY,177,23 Years,241,131,110,75,34,41,21,14,7,1,0,1,144,83,61
GONZALES COUNTY,177,24 Years,228,115,113,72,31,41,18,11,7,3,0,3,135,73,62
GONZALES COUNTY,177,25 Years,251,119,132,70,33,37,25,17,8,3,1,2,153,68,85
GONZALES COUNTY,177,26 Years,248,127,121,70,35,35,27,16,11,4,1,3,147,75,72
GONZALES COUNTY,177,27 Years,228,116,112,75,35,40,16,8,8,1,0,1,136,73,63
GONZALES COUNTY,177,28 Years,263,141,122,89,42,47,22,10,12,1,0,1,151,89,62
GONZALES COUNTY,177,29 Years,227,115,112,74,31,43,18,11,7,3,1,2,132,72,60
GONZALES COUNTY,177,30 Years,205,112,93,69,33,36,15,12,3,1,0,1,120,67,53
GONZALES COUNTY,177,31 Years,245,131,114,84,52,32,13,7,6,2,1,1,146,71,75
GONZALES COUNTY,177,32 Years,234,117,117,83,38,45,12,7,5,5,2,3,134,70,64
GONZALES COUNTY,177,33 Years,226,119,107,66,30,36,15,11,4,6,3,3,139,75,64
GONZALES COUNTY,177,34 Years,217,110,107,70,32,38,14,7,7,5,3,2,128,68,60
GONZALES COUNTY,177,35 Years,218,105,113,76,33,43,11,5,6,4,2,2,127,65,62
GONZALES COUNTY,177,36 Years,238,119,119,82,37,45,17,10,7,2,2,0,137,70,67
GONZALES COUNTY,177,37 Years,225,124,101,81,44,37,15,9,6,5,2,3,124,69,55
GONZALES COUNTY,177,38 Years,211,103,108,84,39,45,15,8,7,5,2,3,107,54,53
GONZALES COUNTY,177,39 Years,233,116,117,99,47,52,10,4,6,3,2,1,121,63,58
GONZALES COUNTY,177,40 Years,232,117,115,111,58,53,10,5,5,2,1,1,109,53,56
GONZALES COUNTY,177,41 Years,245,124,121,97,50,47,14,6,8,2,2,0,132,66,66
GONZALES COUNTY,177,42 Years,255,125,130,106,53,53,10,4,6,6,4,2,133,64,69
GONZALES COUNTY,177,43 Years,224,112,112,95,50,45,8,3,5,3,2,1,118,57,61
GONZALES COUNTY,177,44 Years,214,101,113,89,39,50,13,3,10,5,2,3,107,57,50
GONZALES COUNTY,177,45 Years,236,119,117,105,50,55,16,8,8,2,1,1,113,60,53
GONZALES COUNTY,177,46 Years,249,135,114,116,63,53,18,12,6,2,1,1,113,59,54
GONZALES COUNTY,177,47 Years,262,135,127,117,62,55,24,13,11,1,0,1,120,60,60
GONZALES COUNTY,177,48 Years,284,143,141,135,67,68,24,8,16,3,1,2,122,67,55
GONZALES COUNTY,177,49 Years,287,143,144,145,70,75,21,8,13,1,1,0,120,64,56
GONZALES COUNTY,177,50 Years,272,139,133,137,67,70,27,12,15,1,0,1,107,60,47
GONZALES COUNTY,177,51 Years,291,149,142,153,73,80,25,12,13,3,1,2,110,63,47
GONZALES COUNTY,177,52 Years,300,149,151,149,68,81,25,14,11,1,0,1,125,67,58
GONZALES COUNTY,177,53 Years,297,151,146,159,75,84,18,10,8,3,1,2,117,65,52
GONZALES COUNTY,177,54 Years,289,146,143,164,82,82,21,11,10,4,1,3,100,52,48
GONZALES COUNTY,177,55 Years,283,146,137,160,77,83,25,14,11,5,2,3,93,53,40
GONZALES COUNTY,177,56 Years,274,146,128,149,72,77,25,14,11,2,2,0,98,58,40
GONZALES COUNTY,177,57 Years,261,133,128,149,75,74,21,12,9,2,1,1,89,45,44
GONZALES COUNTY,177,58 Years,253,134,119,153,80,73,25,13,12,2,1,1,73,40,33
GONZALES COUNTY,177,59 Years,243,128,115,144,71,73,27,18,9,1,1,0,71,38,33
GONZALES COUNTY,177,60 Years,213,102,111,123,55,68,19,10,9,2,1,1,69,36,33
GONZALES COUNTY,177,61 Years,206,111,95,125,66,59,15,7,8,0,0,0,66,38,28
GONZALES COUNTY,177,62 Years,247,129,118,168,88,80,15,7,8,2,2,0,62,32,30
GONZALES COUNTY,177,63 Years,225,115,110,149,81,68,11,4,7,3,2,1,62,28,34
GONZALES COUNTY,177,64 Years,249,126,123,175,88,87,12,5,7,1,1,0,61,32,29
GONZALES COUNTY,177,65 Years,197,102,95,126,63,63,8,5,3,2,2,0,61,32,29
GONZALES COUNTY,177,66 Years,169,77,92,97,44,53,7,5,2,4,2,2,61,26,35
GONZALES COUNTY,177,67 Years,178,87,91,118,58,60,7,3,4,6,1,5,47,25,22
GONZALES COUNTY,177,68 Years,179,90,89,128,62,66,8,3,5,2,1,1,41,24,17
GONZALES COUNTY,177,69 Years,185,92,93,137,67,70,9,4,5,0,0,0,39,21,18
GONZALES COUNTY,177,70 Years,168,82,86,119,62,57,13,3,10,0,0,0,36,17,19
GONZALES COUNTY,177,71 Years,162,75,87,113,56,57,9,3,6,0,0,0,40,16,24
GONZALES COUNTY,177,72 Years,165,79,86,114,52,62,14,7,7,1,1,0,36,19,17
GONZALES COUNTY,177,73 Years,139,66,73,98,50,48,11,4,7,1,0,1,29,12,17
GONZALES COUNTY,177,74 Years,139,66,73,96,48,48,9,3,6,1,0,1,33,15,18
GONZALES COUNTY,177,75 Years,133,61,72,87,42,45,8,2,6,1,0,1,37,17,20
GONZALES COUNTY,177,76 Years,143,80,63,91,50,41,11,7,4,3,3,0,38,20,18
GONZALES COUNTY,177,77 Years,107,55,52,70,34,36,11,8,3,1,1,0,25,12,13
GONZALES COUNTY,177,78 Years,115,54,61,78,37,41,8,4,4,0,0,0,29,13,16
GONZALES COUNTY,177,79 Years,106,49,57,75,36,39,6,3,3,0,0,0,25,10,15
GONZALES COUNTY,177,80 Years,89,35,54,66,27,39,7,3,4,0,0,0,16,5,11
GONZALES COUNTY,177,81 Years,98,39,59,76,30,46,6,3,3,1,1,0,15,5,10
GONZALES COUNTY,177,82 Years,99,43,56,70,27,43,8,4,4,0,0,0,21,12,9
GONZALES COUNTY,177,83 Years,74,29,45,52,18,34,4,2,2,0,0,0,18,9,9
GONZALES COUNTY,177,84 Years,57,22,35,44,16,28,3,2,1,2,2,0,8,2,6
GONZALES COUNTY,177,85 Years +,396,131,265,294,95,199,30,12,18,5,2,3,67,22,45
GRAY COUNTY,179,All Ages,22760,11843,10917,15509,7688,7821,1060,777,283,557,261,296,5634,3117,2517
GRAY COUNTY,179,< 1 Year,326,170,156,195,100,95,7,3,4,9,6,3,115,61,54
GRAY COUNTY,179,1 Years,330,168,162,174,90,84,8,2,6,15,9,6,133,67,66
GRAY COUNTY,179,2 Years,325,161,164,171,83,88,7,2,5,12,8,4,135,68,67
GRAY COUNTY,179,3 Years,347,177,170,183,91,92,5,2,3,14,6,8,145,78,67
GRAY COUNTY,179,4 Years,325,159,166,172,88,84,8,5,3,13,4,9,132,62,70
GRAY COUNTY,179,5 Years,327,172,155,176,98,78,4,3,1,15,6,9,132,65,67
GRAY COUNTY,179,6 Years,366,197,169,192,102,90,10,6,4,12,3,9,152,86,66
GRAY COUNTY,179,7 Years,330,160,170,180,87,93,13,4,9,10,1,9,127,68,59
GRAY COUNTY,179,8 Years,313,149,164,168,78,90,15,8,7,8,4,4,122,59,63
GRAY COUNTY,179,9 Years,308,156,152,177,88,89,11,8,3,11,7,4,109,53,56
GRAY COUNTY,179,10 Years,304,154,150,178,90,88,8,5,3,9,6,3,109,53,56
GRAY COUNTY,179,11 Years,300,166,134,168,89,79,7,4,3,8,6,2,117,67,50
GRAY COUNTY,179,12 Years,287,147,140,158,88,70,6,1,5,9,6,3,114,52,62
GRAY COUNTY,179,13 Years,281,130,151,171,86,85,10,5,5,10,4,6,90,35,55
GRAY COUNTY,179,14 Years,290,142,148,168,86,82,6,3,3,7,2,5,109,51,58
GRAY COUNTY,179,15 Years,275,148,127,159,84,75,12,8,4,6,3,3,98,53,45
GRAY COUNTY,179,16 Years,297,152,145,173,89,84,9,4,5,8,5,3,107,54,53
GRAY COUNTY,179,17 Years,324,157,167,202,98,104,13,5,8,7,3,4,102,51,51
GRAY COUNTY,179,18 Years,303,149,154,189,93,96,10,3,7,6,2,4,98,51,47
GRAY COUNTY,179,19 Years,271,138,133,169,85,84,11,5,6,9,5,4,82,43,39
GRAY COUNTY,179,20 Years,224,117,107,124,62,62,9,5,4,5,3,2,86,47,39
GRAY COUNTY,179,21 Years,225,126,99,128,68,60,10,6,4,4,3,1,83,49,34
GRAY COUNTY,179,22 Years,222,113,109,130,61,69,6,2,4,6,4,2,80,46,34
GRAY COUNTY,179,23 Years,250,135,115,153,76,77,10,7,3,5,2,3,82,50,32
GRAY COUNTY,179,24 Years,270,140,130,163,75,88,10,7,3,7,3,4,90,55,35
GRAY COUNTY,179,25 Years,263,133,130,158,80,78,10,7,3,6,3,3,89,43,46
GRAY COUNTY,179,26 Years,287,153,134,183,93,90,18,15,3,4,2,2,82,43,39
GRAY COUNTY,179,27 Years,316,184,132,178,99,79,25,20,5,11,3,8,102,62,40
GRAY COUNTY,179,28 Years,301,182,119,166,99,67,21,18,3,9,3,6,105,62,43
GRAY COUNTY,179,29 Years,320,171,149,191,90,101,24,23,1,7,3,4,98,55,43
GRAY COUNTY,179,30 Years,301,180,121,169,85,84,28,25,3,5,3,2,99,67,32
GRAY COUNTY,179,31 Years,300,162,138,177,85,92,20,18,2,3,2,1,100,57,43
GRAY COUNTY,179,32 Years,303,178,125,179,98,81,15,14,1,6,3,3,103,63,40
GRAY COUNTY,179,33 Years,262,155,107,141,75,66,18,15,3,10,6,4,93,59,34
GRAY COUNTY,179,34 Years,277,146,131,168,79,89,15,12,3,8,4,4,86,51,35
GRAY COUNTY,179,35 Years,275,150,125,172,94,78,16,14,2,5,2,3,82,40,42
GRAY COUNTY,179,36 Years,263,159,104,160,92,68,12,11,1,4,2,2,87,54,33
GRAY COUNTY,179,37 Years,270,158,112,158,82,76,20,18,2,7,3,4,85,55,30
GRAY COUNTY,179,38 Years,273,150,123,159,76,83,13,13,0,5,2,3,96,59,37
GRAY COUNTY,179,39 Years,299,177,122,193,104,89,20,20,0,4,2,2,82,51,31
GRAY COUNTY,179,40 Years,329,198,131,210,113,97,30,29,1,5,3,2,84,53,31
GRAY COUNTY,179,41 Years,302,165,137,197,100,97,15,12,3,7,3,4,83,50,33
GRAY COUNTY,179,42 Years,313,182,131,188,104,84,30,25,5,5,1,4,90,52,38
GRAY COUNTY,179,43 Years,311,184,127,199,114,85,23,19,4,5,2,3,84,49,35
GRAY COUNTY,179,44 Years,287,168,119,179,93,86,21,19,2,3,1,2,84,55,29
GRAY COUNTY,179,45 Years,271,154,117,191,103,88,13,12,1,3,2,1,64,37,27
GRAY COUNTY,179,46 Years,291,181,110,200,115,85,31,28,3,6,4,2,54,34,20
GRAY COUNTY,179,47 Years,314,186,128,209,110,99,40,37,3,5,2,3,60,37,23
GRAY COUNTY,179,48 Years,313,179,134,236,130,106,18,14,4,8,3,5,51,32,19
GRAY COUNTY,179,49 Years,322,178,144,236,122,114,28,25,3,8,4,4,50,27,23
GRAY COUNTY,179,50 Years,339,179,160,243,120,123,25,22,3,10,3,7,61,34,27
GRAY COUNTY,179,51 Years,327,169,158,239,118,121,20,14,6,10,6,4,58,31,27
GRAY COUNTY,179,52 Years,336,184,152,233,114,119,22,18,4,9,4,5,72,48,24
GRAY COUNTY,179,53 Years,311,168,143,238,123,115,18,13,5,10,2,8,45,30,15
GRAY COUNTY,179,54 Years,329,185,144,258,135,123,19,15,4,6,3,3,46,32,14
GRAY COUNTY,179,55 Years,312,166,146,241,121,120,16,13,3,9,5,4,46,27,19
GRAY COUNTY,179,56 Years,303,162,141,225,113,112,18,14,4,9,6,3,51,29,22
GRAY COUNTY,179,57 Years,290,141,149,240,113,127,20,12,8,7,4,3,23,12,11
GRAY COUNTY,179,58 Years,286,141,145,228,108,120,21,13,8,5,2,3,32,18,14
GRAY COUNTY,179,59 Years,261,140,121,208,108,100,12,6,6,6,3,3,35,23,12
GRAY COUNTY,179,60 Years,257,131,126,219,108,111,11,7,4,4,2,2,23,14,9
GRAY COUNTY,179,61 Years,257,134,123,219,118,101,6,1,5,4,3,1,28,12,16
GRAY COUNTY,179,62 Years,247,127,120,200,105,95,8,4,4,7,2,5,32,16,16
GRAY COUNTY,179,63 Years,240,121,119,195,94,101,14,11,3,5,2,3,26,14,12
GRAY COUNTY,179,64 Years,235,113,122,202,96,106,5,4,1,8,5,3,20,8,12
GRAY COUNTY,179,65 Years,211,102,109,170,84,86,7,3,4,10,5,5,24,10,14
GRAY COUNTY,179,66 Years,213,106,107,181,89,92,6,3,3,5,1,4,21,13,8
GRAY COUNTY,179,67 Years,211,105,106,185,89,96,4,4,0,5,2,3,17,10,7
GRAY COUNTY,179,68 Years,206,91,115,176,77,99,7,3,4,7,4,3,16,7,9
GRAY COUNTY,179,69 Years,169,75,94,154,69,85,3,1,2,4,2,2,8,3,5
GRAY COUNTY,179,70 Years,167,77,90,152,71,81,5,2,3,2,1,1,8,3,5
GRAY COUNTY,179,71 Years,175,86,89,156,73,83,5,3,2,2,2,0,12,8,4
GRAY COUNTY,179,72 Years,178,85,93,152,70,82,6,4,2,6,3,3,14,8,6
GRAY COUNTY,179,73 Years,167,72,95,155,67,88,3,1,2,3,1,2,6,3,3
GRAY COUNTY,179,74 Years,154,59,95,142,54,88,2,1,1,2,0,2,8,4,4
GRAY COUNTY,179,75 Years,170,78,92,152,72,80,2,0,2,5,1,4,11,5,6
GRAY COUNTY,179,76 Years,152,66,86,135,64,71,7,1,6,3,0,3,7,1,6
GRAY COUNTY,179,77 Years,135,52,83,125,49,76,2,0,2,3,1,2,5,2,3
GRAY COUNTY,179,78 Years,157,63,94,148,56,92,2,2,0,1,1,0,6,4,2
GRAY COUNTY,179,79 Years,138,57,81,128,50,78,2,2,0,2,1,1,6,4,2
GRAY COUNTY,179,80 Years,135,50,85,124,46,78,2,1,1,4,1,3,5,2,3
GRAY COUNTY,179,81 Years,127,48,79,118,45,73,2,1,1,1,0,1,6,2,4
GRAY COUNTY,179,82 Years,122,49,73,118,48,70,1,0,1,1,0,1,2,1,1
GRAY COUNTY,179,83 Years,104,49,55,100,48,52,1,0,1,1,0,1,2,1,1
GRAY COUNTY,179,84 Years,90,46,44,85,44,41,1,0,1,1,0,1,3,2,1
GRAY COUNTY,179,85 Years +,466,170,296,447,159,288,6,2,4,6,4,2,7,5,2
GRAYSON COUNTY,181,All Ages,121800,59450,62350,95004,46076,48928,7010,3385,3625,5374,2555,2819,14412,7434,6978
GRAYSON COUNTY,181,< 1 Year,1499,766,733,1038,534,504,96,49,47,72,33,39,293,150,143
GRAYSON COUNTY,181,1 Years,1526,783,743,992,515,477,99,48,51,88,50,38,347,170,177
GRAYSON COUNTY,181,2 Years,1544,777,767,976,492,484,101,47,54,111,61,50,356,177,179
GRAYSON COUNTY,181,3 Years,1590,804,786,1000,506,494,105,58,47,127,65,62,358,175,183
GRAYSON COUNTY,181,4 Years,1534,780,754,982,502,480,118,69,49,106,52,54,328,157,171
GRAYSON COUNTY,181,5 Years,1634,828,806,1069,537,532,113,58,55,123,64,59,329,169,160
GRAYSON COUNTY,181,6 Years,1664,842,822,1102,559,543,100,42,58,122,61,61,340,180,160
GRAYSON COUNTY,181,7 Years,1614,810,804,1080,548,532,106,52,54,107,53,54,321,157,164
GRAYSON COUNTY,181,8 Years,1557,752,805,1065,530,535,123,53,70,91,45,46,278,124,154
GRAYSON COUNTY,181,9 Years,1624,867,757,1094,593,501,118,56,62,107,55,52,305,163,142
GRAYSON COUNTY,181,10 Years,1672,884,788,1133,603,530,108,58,50,103,52,51,328,171,157
GRAYSON COUNTY,181,11 Years,1696,855,841,1147,590,557,116,55,61,115,61,54,318,149,169
GRAYSON COUNTY,181,12 Years,1713,863,850,1162,596,566,119,57,62,106,59,47,326,151,175
GRAYSON COUNTY,181,13 Years,1669,863,806,1156,605,551,104,58,46,102,48,54,307,152,155
GRAYSON COUNTY,181,14 Years,1682,876,806,1172,620,552,115,66,49,99,44,55,296,146,150
GRAYSON COUNTY,181,15 Years,1617,821,796,1139,584,555,112,58,54,96,45,51,270,134,136
GRAYSON COUNTY,181,16 Years,1569,834,735,1104,583,521,102,52,50,100,55,45,263,144,119
GRAYSON COUNTY,181,17 Years,1655,873,782,1199,632,567,105,50,55,100,56,44,251,135,116
GRAYSON COUNTY,181,18 Years,1663,882,781,1197,640,557,106,46,60,89,48,41,271,148,123
GRAYSON COUNTY,181,19 Years,1673,879,794,1174,628,546,111,59,52,105,51,54,283,141,142
GRAYSON COUNTY,181,20 Years,1838,927,911,1288,653,635,130,66,64,124,55,69,296,153,143
GRAYSON COUNTY,181,21 Years,1763,855,908,1217,590,627,131,60,71,109,49,60,306,156,150
GRAYSON COUNTY,181,22 Years,1651,796,855,1152,531,621,119,61,58,115,57,58,265,147,118
GRAYSON COUNTY,181,23 Years,1586,792,794,1117,552,565,102,54,48,88,39,49,279,147,132
GRAYSON COUNTY,181,24 Years,1494,737,757,1043,503,540,97,49,48,74,36,38,280,149,131
GRAYSON COUNTY,181,25 Years,1406,707,699,993,492,501,78,40,38,67,29,38,268,146,122
GRAYSON COUNTY,181,26 Years,1429,706,723,1018,484,534,93,51,42,57,23,34,261,148,113
GRAYSON COUNTY,181,27 Years,1339,653,686,950,444,506,87,46,41,69,32,37,233,131,102
GRAYSON COUNTY,181,28 Years,1359,672,687,979,471,508,79,44,35,60,30,30,241,127,114
GRAYSON COUNTY,181,29 Years,1386,707,679,1008,512,496,91,47,44,52,25,27,235,123,112
GRAYSON COUNTY,181,30 Years,1443,710,733,1036,519,517,99,45,54,56,25,31,252,121,131
GRAYSON COUNTY,181,31 Years,1431,720,711,1011,515,496,95,47,48,67,28,39,258,130,128
GRAYSON COUNTY,181,32 Years,1319,670,649,942,476,466,93,45,48,60,26,34,224,123,101
GRAYSON COUNTY,181,33 Years,1315,663,652,934,456,478,82,43,39,58,29,29,241,135,106
GRAYSON COUNTY,181,34 Years,1299,644,655,947,473,474,73,27,46,60,34,26,219,110,109
GRAYSON COUNTY,181,35 Years,1270,621,649,935,461,474,70,30,40,64,27,37,201,103,98
GRAYSON COUNTY,181,36 Years,1376,687,689,1004,496,508,71,36,35,72,32,40,229,123,106
GRAYSON COUNTY,181,37 Years,1410,705,705,1048,520,528,75,38,37,60,27,33,227,120,107
GRAYSON COUNTY,181,38 Years,1356,676,680,1014,503,511,85,37,48,54,22,32,203,114,89
GRAYSON COUNTY,181,39 Years,1448,693,755,1111,522,589,79,33,46,61,29,32,197,109,88
GRAYSON COUNTY,181,40 Years,1548,752,796,1208,578,630,75,35,40,69,33,36,196,106,90
GRAYSON COUNTY,181,41 Years,1549,744,805,1202,562,640,82,41,41,62,30,32,203,111,92
GRAYSON COUNTY,181,42 Years,1529,764,765,1196,586,610,74,40,34,53,24,29,206,114,92
GRAYSON COUNTY,181,43 Years,1469,676,793,1149,529,620,76,34,42,58,27,31,186,86,100
GRAYSON COUNTY,181,44 Years,1439,701,738,1125,539,586,86,46,40,65,33,32,163,83,80
GRAYSON COUNTY,181,45 Years,1535,772,763,1216,600,616,75,40,35,63,32,31,181,100,81
GRAYSON COUNTY,181,46 Years,1670,812,858,1345,653,692,91,44,47,73,29,44,161,86,75
GRAYSON COUNTY,181,47 Years,1789,899,890,1474,743,731,106,50,56,67,31,36,142,75,67
GRAYSON COUNTY,181,48 Years,1802,880,922,1495,727,768,110,56,54,60,27,33,137,70,67
GRAYSON COUNTY,181,49 Years,1759,874,885,1448,721,727,108,52,56,67,30,37,136,71,65
GRAYSON COUNTY,181,50 Years,1835,908,927,1511,745,766,113,60,53,71,29,42,140,74,66
GRAYSON COUNTY,181,51 Years,1829,891,938,1534,748,786,108,50,58,66,32,34,121,61,60
GRAYSON COUNTY,181,52 Years,1831,887,944,1556,749,807,111,57,54,58,25,33,106,56,50
GRAYSON COUNTY,181,53 Years,1833,922,911,1548,784,764,113,53,60,71,30,41,101,55,46
GRAYSON COUNTY,181,54 Years,1815,878,937,1519,740,779,130,56,74,69,31,38,97,51,46
GRAYSON COUNTY,181,55 Years,1829,862,967,1564,739,825,109,50,59,66,29,37,90,44,46
GRAYSON COUNTY,181,56 Years,1761,866,895,1518,744,774,105,51,54,61,30,31,77,41,36
GRAYSON COUNTY,181,57 Years,1664,797,867,1449,698,751,85,39,46,62,23,39,68,37,31
GRAYSON COUNTY,181,58 Years,1549,745,804,1367,659,708,77,38,39,43,14,29,62,34,28
GRAYSON COUNTY,181,59 Years,1534,732,802,1348,636,712,76,43,33,49,21,28,61,32,29
GRAYSON COUNTY,181,60 Years,1428,672,756,1236,578,658,82,41,41,50,23,27,60,30,30
GRAYSON COUNTY,181,61 Years,1515,704,811,1317,605,712,88,45,43,46,21,25,64,33,31
GRAYSON COUNTY,181,62 Years,1487,718,769,1319,633,686,83,39,44,35,17,18,50,29,21
GRAYSON COUNTY,181,63 Years,1499,744,755,1358,671,687,62,31,31,36,17,19,43,25,18
GRAYSON COUNTY,181,64 Years,1578,766,812,1422,691,731,74,40,34,38,14,24,44,21,23
GRAYSON COUNTY,181,65 Years,1327,615,712,1194,560,634,61,27,34,38,14,24,34,14,20
GRAYSON COUNTY,181,66 Years,1241,581,660,1111,528,583,50,19,31,42,22,20,38,12,26
GRAYSON COUNTY,181,67 Years,1279,623,656,1153,564,589,55,27,28,41,17,24,30,15,15
GRAYSON COUNTY,181,68 Years,1247,619,628,1145,566,579,45,23,22,32,16,16,25,14,11
GRAYSON COUNTY,181,69 Years,1157,557,600,1057,511,546,39,17,22,27,13,14,34,16,18
GRAYSON COUNTY,181,70 Years,1012,451,561,924,413,511,37,15,22,20,9,11,31,14,17
GRAYSON COUNTY,181,71 Years,963,452,511,869,405,464,50,21,29,14,10,4,30,16,14
GRAYSON COUNTY,181,72 Years,918,438,480,845,408,437,33,12,21,18,9,9,22,9,13
GRAYSON COUNTY,181,73 Years,851,399,452,784,368,416,26,10,16,22,12,10,19,9,10
GRAYSON COUNTY,181,74 Years,844,400,444,774,372,402,30,11,19,20,8,12,20,9,11
GRAYSON COUNTY,181,75 Years,759,335,424,699,308,391,27,12,15,20,7,13,13,8,5
GRAYSON COUNTY,181,76 Years,775,340,435,719,315,404,27,10,17,16,8,8,13,7,6
GRAYSON COUNTY,181,77 Years,719,312,407,670,291,379,21,8,13,13,5,8,15,8,7
GRAYSON COUNTY,181,78 Years,693,294,399,651,278,373,18,6,12,12,4,8,12,6,6
GRAYSON COUNTY,181,79 Years,632,268,364,594,254,340,19,6,13,7,2,5,12,6,6
GRAYSON COUNTY,181,80 Years,601,255,346,563,239,324,16,4,12,11,5,6,11,7,4
GRAYSON COUNTY,181,81 Years,614,256,358,562,236,326,26,7,19,10,4,6,16,9,7
GRAYSON COUNTY,181,82 Years,518,218,300,482,205,277,20,4,16,5,2,3,11,7,4
GRAYSON COUNTY,181,83 Years,444,167,277,417,159,258,12,3,9,8,3,5,7,2,5
GRAYSON COUNTY,181,84 Years,415,160,255,391,151,240,9,2,7,9,5,4,6,2,4
GRAYSON COUNTY,181,85 Years +,2402,764,1638,2248,717,1531,84,20,64,35,16,19,35,11,24
GREGG COUNTY,183,All Ages,123239,60339,62900,73783,35547,38236,24333,11464,12869,3833,1895,1938,21290,11433,9857
GREGG COUNTY,183,< 1 Year,1891,968,923,947,485,462,392,199,193,71,35,36,481,249,232
GREGG COUNTY,183,1 Years,1850,967,883,853,442,411,356,187,169,88,52,36,553,286,267
GREGG COUNTY,183,2 Years,1797,944,853,803,430,373,366,189,177,86,46,40,542,279,263
GREGG COUNTY,183,3 Years,1820,930,890,795,411,384,391,197,194,104,45,59,530,277,253
GREGG COUNTY,183,4 Years,1807,916,891,825,424,401,352,181,171,92,46,46,538,265,273
GREGG COUNTY,183,5 Years,1797,941,856,808,438,370,347,183,164,76,40,36,566,280,286
GREGG COUNTY,183,6 Years,1794,895,899,777,401,376,385,192,193,96,38,58,536,264,272
GREGG COUNTY,183,7 Years,1751,882,869,748,394,354,383,194,189,93,41,52,527,253,274
GREGG COUNTY,183,8 Years,1746,884,862,789,416,373,366,180,186,80,44,36,511,244,267
GREGG COUNTY,183,9 Years,1724,893,831,793,409,384,382,208,174,69,39,30,480,237,243
GREGG COUNTY,183,10 Years,1673,869,804,768,402,366,379,194,185,75,43,32,451,230,221
GREGG COUNTY,183,11 Years,1698,886,812,785,413,372,402,196,206,76,40,36,435,237,198
GREGG COUNTY,183,12 Years,1697,892,805,809,425,384,406,194,212,78,41,37,404,232,172
GREGG COUNTY,183,13 Years,1687,858,829,824,404,420,394,201,193,72,39,33,397,214,183
GREGG COUNTY,183,14 Years,1619,831,788,778,384,394,398,209,189,68,38,30,375,200,175
GREGG COUNTY,183,15 Years,1632,828,804,800,405,395,406,205,201,70,36,34,356,182,174
GREGG COUNTY,183,16 Years,1659,849,810,839,438,401,389,199,190,67,32,35,364,180,184
GREGG COUNTY,183,17 Years,1637,831,806,826,413,413,377,187,190,62,27,35,372,204,168
GREGG COUNTY,183,18 Years,1674,851,823,846,429,417,408,203,205,55,25,30,365,194,171
GREGG COUNTY,183,19 Years,1797,946,851,932,490,442,422,225,197,70,38,32,373,193,180
GREGG COUNTY,183,20 Years,1932,1018,914,1021,531,490,432,229,203,73,42,31,406,216,190
GREGG COUNTY,183,21 Years,1950,1013,937,1034,535,499,416,210,206,67,33,34,433,235,198
GREGG COUNTY,183,22 Years,1846,991,855,1021,547,474,344,183,161,65,36,29,416,225,191
GREGG COUNTY,183,23 Years,1868,960,908,1033,531,502,358,167,191,61,32,29,416,230,186
GREGG COUNTY,183,24 Years,1847,924,923,1031,502,529,344,158,186,58,31,27,414,233,181
GREGG COUNTY,183,25 Years,1728,872,856,976,471,505,326,150,176,52,31,21,374,220,154
GREGG COUNTY,183,26 Years,1748,889,859,973,476,497,322,146,176,59,36,23,394,231,163
GREGG COUNTY,183,27 Years,1780,885,895,982,468,514,318,152,166,57,31,26,423,234,189
GREGG COUNTY,183,28 Years,1810,927,883,990,504,486,352,163,189,48,28,20,420,232,188
GREGG COUNTY,183,29 Years,1768,884,884,934,474,460,350,157,193,45,25,20,439,228,211
GREGG COUNTY,183,30 Years,1718,831,887,937,459,478,335,141,194,48,26,22,398,205,193
GREGG COUNTY,183,31 Years,1687,849,838,903,447,456,340,157,183,60,28,32,384,217,167
GREGG COUNTY,183,32 Years,1593,810,783,843,436,407,338,156,182,56,25,31,356,193,163
GREGG COUNTY,183,33 Years,1609,814,795,855,421,434,354,168,186,47,24,23,353,201,152
GREGG COUNTY,183,34 Years,1578,808,770,836,428,408,336,163,173,45,19,26,361,198,163
GREGG COUNTY,183,35 Years,1488,743,745,808,417,391,290,110,180,43,20,23,347,196,151
GREGG COUNTY,183,36 Years,1462,742,720,794,405,389,277,115,162,45,21,24,346,201,145
GREGG COUNTY,183,37 Years,1464,737,727,797,397,400,303,139,164,45,20,25,319,181,138
GREGG COUNTY,183,38 Years,1399,692,707,750,364,386,311,139,172,43,21,22,295,168,127
GREGG COUNTY,183,39 Years,1458,711,747,798,373,425,322,146,176,42,22,20,296,170,126
GREGG COUNTY,183,40 Years,1592,783,809,869,412,457,361,178,183,53,20,33,309,173,136
GREGG COUNTY,183,41 Years,1606,802,804,933,463,470,337,155,182,45,20,25,291,164,127
GREGG COUNTY,183,42 Years,1492,721,771,902,420,482,308,140,168,33,17,16,249,144,105
GREGG COUNTY,183,43 Years,1401,698,703,811,400,411,308,145,163,40,20,20,242,133,109
GREGG COUNTY,183,44 Years,1393,706,687,814,410,404,297,142,155,44,19,25,238,135,103
GREGG COUNTY,183,45 Years,1408,704,704,854,417,437,280,134,146,43,22,21,231,131,100
GREGG COUNTY,183,46 Years,1541,762,779,966,471,495,306,140,166,38,16,22,231,135,96
GREGG COUNTY,183,47 Years,1572,756,816,997,478,519,307,140,167,38,15,23,230,123,107
GREGG COUNTY,183,48 Years,1589,774,815,998,478,520,325,149,176,55,27,28,211,120,91
GREGG COUNTY,183,49 Years,1700,806,894,1101,523,578,342,143,199,46,20,26,211,120,91
GREGG COUNTY,183,50 Years,1660,794,866,1072,506,566,338,151,187,49,24,25,201,113,88
GREGG COUNTY,183,51 Years,1729,820,909,1127,534,593,366,160,206,47,22,25,189,104,85
GREGG COUNTY,183,52 Years,1678,804,874,1125,527,598,348,166,182,48,18,30,157,93,64
GREGG COUNTY,183,53 Years,1753,853,900,1218,592,626,351,160,191,40,12,28,144,89,55
GREGG COUNTY,183,54 Years,1688,856,832,1183,596,587,345,169,176,36,13,23,124,78,46
GREGG COUNTY,183,55 Years,1634,812,822,1130,562,568,348,167,181,40,15,25,116,68,48
GREGG COUNTY,183,56 Years,1612,798,814,1110,548,562,339,161,178,47,24,23,116,65,51
GREGG COUNTY,183,57 Years,1490,711,779,1056,502,554,298,132,166,40,21,19,96,56,40
GREGG COUNTY,183,58 Years,1488,685,803,1063,483,580,277,123,154,38,19,19,110,60,50
GREGG COUNTY,183,59 Years,1427,715,712,1052,525,527,269,132,137,30,15,15,76,43,33
GREGG COUNTY,183,60 Years,1374,692,682,1005,515,490,267,121,146,28,14,14,74,42,32
GREGG COUNTY,183,61 Years,1329,636,693,978,482,496,253,108,145,28,14,14,70,32,38
GREGG COUNTY,183,62 Years,1260,575,685,934,427,507,230,99,131,31,12,19,65,37,28
GREGG COUNTY,183,63 Years,1245,568,677,962,444,518,209,84,125,20,11,9,54,29,25
GREGG COUNTY,183,64 Years,1259,576,683,994,464,530,195,82,113,21,11,10,49,19,30
GREGG COUNTY,183,65 Years,1044,494,550,812,379,433,168,80,88,18,9,9,46,26,20
GREGG COUNTY,183,66 Years,935,437,498,735,335,400,141,66,75,18,12,6,41,24,17
GREGG COUNTY,183,67 Years,971,443,528,790,359,431,127,55,72,21,13,8,33,16,17
GREGG COUNTY,183,68 Years,988,451,537,814,367,447,126,61,65,16,9,7,32,14,18
GREGG COUNTY,183,69 Years,855,385,470,683,308,375,131,61,70,16,7,9,25,9,16
GREGG COUNTY,183,70 Years,808,371,437,643,297,346,131,59,72,15,8,7,19,7,12
GREGG COUNTY,183,71 Years,768,337,431,630,276,354,108,45,63,10,6,4,20,10,10
GREGG COUNTY,183,72 Years,757,332,425,605,271,334,110,42,68,13,6,7,29,13,16
GREGG COUNTY,183,73 Years,717,304,413,586,246,340,100,43,57,7,5,2,24,10,14
GREGG COUNTY,183,74 Years,740,310,430,604,249,355,100,44,56,12,6,6,24,11,13
GREGG COUNTY,183,75 Years,715,302,413,594,249,345,91,39,52,10,5,5,20,9,11
GREGG COUNTY,183,76 Years,696,298,398,578,254,324,95,37,58,7,1,6,16,6,10
GREGG COUNTY,183,77 Years,619,267,352,513,227,286,89,35,54,5,0,5,12,5,7
GREGG COUNTY,183,78 Years,630,275,355,533,231,302,71,31,40,12,6,6,14,7,7
GREGG COUNTY,183,79 Years,599,238,361,503,201,302,69,21,48,13,9,4,14,7,7
GREGG COUNTY,183,80 Years,575,225,350,488,196,292,72,21,51,8,5,3,7,3,4
GREGG COUNTY,183,81 Years,565,216,349,475,183,292,67,27,40,8,1,7,15,5,10
GREGG COUNTY,183,82 Years,524,188,336,444,163,281,54,19,35,10,1,9,16,5,11
GREGG COUNTY,183,83 Years,458,174,284,382,151,231,56,14,42,7,2,5,13,7,6
GREGG COUNTY,183,84 Years,443,170,273,378,143,235,50,21,29,6,2,4,9,4,5
GREGG COUNTY,183,85 Years +,2429,754,1675,2078,644,1434,304,90,214,16,5,11,31,15,16
GRIMES COUNTY,185,All Ages,27062,14754,12308,16310,8625,7685,4402,2584,1818,473,237,236,5877,3308,2569
GRIMES COUNTY,185,< 1 Year,306,156,150,160,82,78,38,20,18,3,2,1,105,52,53
GRIMES COUNTY,185,1 Years,295,141,154,146,69,77,39,18,21,9,2,7,101,52,49
GRIMES COUNTY,185,2 Years,301,148,153,132,60,72,41,21,20,12,6,6,116,61,55
GRIMES COUNTY,185,3 Years,320,157,163,158,76,82,33,16,17,7,3,4,122,62,60
GRIMES COUNTY,185,4 Years,342,162,180,160,73,87,53,27,26,11,5,6,118,57,61
GRIMES COUNTY,185,5 Years,326,162,164,143,63,80,57,35,22,9,5,4,117,59,58
GRIMES COUNTY,185,6 Years,330,177,153,143,71,72,52,33,19,12,9,3,123,64,59
GRIMES COUNTY,185,7 Years,347,175,172,152,78,74,62,33,29,9,4,5,124,60,64
GRIMES COUNTY,185,8 Years,348,175,173,171,85,86,48,24,24,7,4,3,122,62,60
GRIMES COUNTY,185,9 Years,329,149,180,145,63,82,58,22,36,5,2,3,121,62,59
GRIMES COUNTY,185,10 Years,357,182,175,170,92,78,58,26,32,12,6,6,117,58,59
GRIMES COUNTY,185,11 Years,348,171,177,172,83,89,59,28,31,11,6,5,106,54,52
GRIMES COUNTY,185,12 Years,327,167,160,167,79,88,49,23,26,8,6,2,103,59,44
GRIMES COUNTY,185,13 Years,340,181,159,177,91,86,53,30,23,7,4,3,103,56,47
GRIMES COUNTY,185,14 Years,340,158,182,175,86,89,53,25,28,8,3,5,104,44,60
GRIMES COUNTY,185,15 Years,367,180,187,186,90,96,58,28,30,14,9,5,109,53,56
GRIMES COUNTY,185,16 Years,367,189,178,191,92,99,58,29,29,12,7,5,106,61,45
GRIMES COUNTY,185,17 Years,370,204,166,193,106,87,53,28,25,8,5,3,116,65,51
GRIMES COUNTY,185,18 Years,365,194,171,175,96,79,63,30,33,9,3,6,118,65,53
GRIMES COUNTY,185,19 Years,328,173,155,155,82,73,66,38,28,9,3,6,98,50,48
GRIMES COUNTY,185,20 Years,320,185,135,167,87,80,62,44,18,7,3,4,84,51,33
GRIMES COUNTY,185,21 Years,299,183,116,158,97,61,53,38,15,3,1,2,85,47,38
GRIMES COUNTY,185,22 Years,319,195,124,164,97,67,64,44,20,0,0,0,91,54,37
GRIMES COUNTY,185,23 Years,316,195,121,144,88,56,71,47,24,3,2,1,98,58,40
GRIMES COUNTY,185,24 Years,343,227,116,166,106,60,77,62,15,7,5,2,93,54,39
GRIMES COUNTY,185,25 Years,348,214,134,170,96,74,69,52,17,8,5,3,101,61,40
GRIMES COUNTY,185,26 Years,349,219,130,187,117,70,62,43,19,6,2,4,94,57,37
GRIMES COUNTY,185,27 Years,358,224,134,187,109,78,59,41,18,5,1,4,107,73,34
GRIMES COUNTY,185,28 Years,346,218,128,177,102,75,75,49,26,2,1,1,92,66,26
GRIMES COUNTY,185,29 Years,312,188,124,154,89,65,64,38,26,4,4,0,90,57,33
GRIMES COUNTY,185,30 Years,362,221,141,194,117,77,85,62,23,3,2,1,80,40,40
GRIMES COUNTY,185,31 Years,327,183,144,173,91,82,69,44,25,4,2,2,81,46,35
GRIMES COUNTY,185,32 Years,316,186,130,171,100,71,57,36,21,5,2,3,83,48,35
GRIMES COUNTY,185,33 Years,284,164,120,154,88,66,52,36,16,3,1,2,75,39,36
GRIMES COUNTY,185,34 Years,307,184,123,155,86,69,61,43,18,2,2,0,89,53,36
GRIMES COUNTY,185,35 Years,363,216,147,184,107,77,59,37,22,4,3,1,116,69,47
GRIMES COUNTY,185,36 Years,339,192,147,188,102,86,60,42,18,3,0,3,88,48,40
GRIMES COUNTY,185,37 Years,327,190,137,183,105,78,56,39,17,3,1,2,85,45,40
GRIMES COUNTY,185,38 Years,344,196,148,196,113,83,45,23,22,7,3,4,96,57,39
GRIMES COUNTY,185,39 Years,346,190,156,217,122,95,51,28,23,6,3,3,72,37,35
GRIMES COUNTY,185,40 Years,386,245,141,219,126,93,73,55,18,3,2,1,91,62,29
GRIMES COUNTY,185,41 Years,339,194,145,210,115,95,37,21,16,5,3,2,87,55,32
GRIMES COUNTY,185,42 Years,351,206,145,204,116,88,56,36,20,4,2,2,87,52,35
GRIMES COUNTY,185,43 Years,365,226,139,204,118,86,64,48,16,6,4,2,91,56,35
GRIMES COUNTY,185,44 Years,320,187,133,190,117,73,49,28,21,6,4,2,75,38,37
GRIMES COUNTY,185,45 Years,380,226,154,202,118,84,83,51,32,8,3,5,87,54,33
GRIMES COUNTY,185,46 Years,400,228,172,225,123,102,93,56,37,8,3,5,74,46,28
GRIMES COUNTY,185,47 Years,431,259,172,270,167,103,77,44,33,9,4,5,75,44,31
GRIMES COUNTY,185,48 Years,445,256,189,279,152,127,94,59,35,6,3,3,66,42,24
GRIMES COUNTY,185,49 Years,407,222,185,279,146,133,66,38,28,4,2,2,58,36,22
GRIMES COUNTY,185,50 Years,412,222,190,285,145,140,66,42,24,5,3,2,56,32,24
GRIMES COUNTY,185,51 Years,458,244,214,306,154,152,72,46,26,9,2,7,71,42,29
GRIMES COUNTY,185,52 Years,473,267,206,306,163,143,91,56,35,7,2,5,69,46,23
GRIMES COUNTY,185,53 Years,440,247,193,293,151,142,89,59,30,8,4,4,50,33,17
GRIMES COUNTY,185,54 Years,426,233,193,296,152,144,65,44,21,7,4,3,58,33,25
GRIMES COUNTY,185,55 Years,428,228,200,287,141,146,75,41,34,8,5,3,58,41,17
GRIMES COUNTY,185,56 Years,438,228,210,307,148,159,65,39,26,8,4,4,58,37,21
GRIMES COUNTY,185,57 Years,440,250,190,314,177,137,73,44,29,6,4,2,47,25,22
GRIMES COUNTY,185,58 Years,397,225,172,295,170,125,54,26,28,8,5,3,40,24,16
GRIMES COUNTY,185,59 Years,366,188,178,261,126,135,62,34,28,5,3,2,38,25,13
GRIMES COUNTY,185,60 Years,377,198,179,270,141,129,54,29,25,5,4,1,48,24,24
GRIMES COUNTY,185,61 Years,364,205,159,267,143,124,53,33,20,5,4,1,39,25,14
GRIMES COUNTY,185,62 Years,318,179,139,220,119,101,53,31,22,6,3,3,39,26,13
GRIMES COUNTY,185,63 Years,343,182,161,259,141,118,42,22,20,4,1,3,38,18,20
GRIMES COUNTY,185,64 Years,325,172,153,248,130,118,39,22,17,5,2,3,33,18,15
GRIMES COUNTY,185,65 Years,277,155,122,208,110,98,40,27,13,2,2,0,27,16,11
GRIMES COUNTY,185,66 Years,278,150,128,210,111,99,31,17,14,3,0,3,34,22,12
GRIMES COUNTY,185,67 Years,290,156,134,232,127,105,20,8,12,7,3,4,31,18,13
GRIMES COUNTY,185,68 Years,310,165,145,242,126,116,25,15,10,6,3,3,37,21,16
GRIMES COUNTY,185,69 Years,225,117,108,181,94,87,19,10,9,4,3,1,21,10,11
GRIMES COUNTY,185,70 Years,232,134,98,178,102,76,28,16,12,2,2,0,24,14,10
GRIMES COUNTY,185,71 Years,207,117,90,167,100,67,23,10,13,3,2,1,14,5,9
GRIMES COUNTY,185,72 Years,182,96,86,153,81,72,14,7,7,2,1,1,13,7,6
GRIMES COUNTY,185,73 Years,165,76,89,131,59,72,20,8,12,1,1,0,13,8,5
GRIMES COUNTY,185,74 Years,154,76,78,123,59,64,20,9,11,1,0,1,10,8,2
GRIMES COUNTY,185,75 Years,155,74,81,127,61,66,20,11,9,3,0,3,5,2,3
GRIMES COUNTY,185,76 Years,148,72,76,114,56,58,23,10,13,1,1,0,10,5,5
GRIMES COUNTY,185,77 Years,131,64,67,104,51,53,13,5,8,1,1,0,13,7,6
GRIMES COUNTY,185,78 Years,107,45,62,89,37,52,13,5,8,0,0,0,5,3,2
GRIMES COUNTY,185,79 Years,125,55,70,99,46,53,16,5,11,4,0,4,6,4,2
GRIMES COUNTY,185,80 Years,108,40,68,86,35,51,16,4,12,3,0,3,3,1,2
GRIMES COUNTY,185,81 Years,113,54,59,86,45,41,21,6,15,2,0,2,4,3,1
GRIMES COUNTY,185,82 Years,90,42,48,72,37,35,13,5,8,1,0,1,4,0,4
GRIMES COUNTY,185,83 Years,76,25,51,62,21,41,9,3,6,1,0,1,4,1,3
GRIMES COUNTY,185,84 Years,64,18,46,50,15,35,9,3,6,1,0,1,4,0,4
GRIMES COUNTY,185,85 Years +,418,135,283,340,117,223,62,14,48,3,1,2,13,3,10
GUADALUPE COUNTY,187,All Ages,136116,67059,69057,73894,36468,37426,8292,4160,4132,4878,2140,2738,49052,24291,24761
GUADALUPE COUNTY,187,< 1 Year,1631,835,796,771,392,379,69,35,34,60,33,27,731,375,356
GUADALUPE COUNTY,187,1 Years,1761,933,828,773,415,358,78,45,33,71,35,36,839,438,401
GUADALUPE COUNTY,187,2 Years,1828,956,872,761,400,361,83,43,40,84,34,50,900,479,421
GUADALUPE COUNTY,187,3 Years,1861,970,891,796,415,381,82,43,39,93,49,44,890,463,427
GUADALUPE COUNTY,187,4 Years,1908,984,924,830,430,400,93,44,49,82,41,41,903,469,434
GUADALUPE COUNTY,187,5 Years,1951,1018,933,834,455,379,83,39,44,93,48,45,941,476,465
GUADALUPE COUNTY,187,6 Years,2027,1061,966,882,470,412,82,49,33,102,52,50,961,490,471
GUADALUPE COUNTY,187,7 Years,2000,1041,959,888,475,413,97,55,42,90,45,45,925,466,459
GUADALUPE COUNTY,187,8 Years,2043,1049,994,912,469,443,106,56,50,85,42,43,940,482,458
GUADALUPE COUNTY,187,9 Years,2093,1076,1017,948,493,455,124,65,59,86,46,40,935,472,463
GUADALUPE COUNTY,187,10 Years,2201,1116,1085,965,492,473,120,61,59,103,52,51,1013,511,502
GUADALUPE COUNTY,187,11 Years,2192,1114,1078,946,490,456,130,65,65,104,53,51,1012,506,506
GUADALUPE COUNTY,187,12 Years,2236,1169,1067,1012,547,465,146,71,75,96,43,53,982,508,474
GUADALUPE COUNTY,187,13 Years,2266,1204,1062,1025,553,472,141,76,65,100,47,53,1000,528,472
GUADALUPE COUNTY,187,14 Years,2221,1148,1073,981,525,456,147,73,74,103,50,53,990,500,490
GUADALUPE COUNTY,187,15 Years,2264,1165,1099,1012,517,495,165,79,86,109,53,56,978,516,462
GUADALUPE COUNTY,187,16 Years,2326,1193,1133,1041,524,517,162,82,80,103,54,49,1020,533,487
GUADALUPE COUNTY,187,17 Years,2283,1193,1090,1033,544,489,177,94,83,85,43,42,988,512,476
GUADALUPE COUNTY,187,18 Years,2149,1102,1047,950,491,459,174,83,91,96,50,46,929,478,451
GUADALUPE COUNTY,187,19 Years,1936,947,989,852,418,434,139,69,70,101,47,54,844,413,431
GUADALUPE COUNTY,187,20 Years,1780,905,875,784,395,389,136,69,67,79,40,39,781,401,380
GUADALUPE COUNTY,187,21 Years,1590,825,765,704,362,342,116,64,52,72,36,36,698,363,335
GUADALUPE COUNTY,187,22 Years,1571,811,760,718,352,366,110,65,45,66,33,33,677,361,316
GUADALUPE COUNTY,187,23 Years,1501,729,772,688,320,368,101,57,44,52,26,26,660,326,334
GUADALUPE COUNTY,187,24 Years,1410,724,686,653,324,329,93,51,42,47,26,21,617,323,294
GUADALUPE COUNTY,187,25 Years,1423,735,688,666,333,333,78,44,34,34,22,12,645,336,309
GUADALUPE COUNTY,187,26 Years,1417,712,705,695,338,357,76,38,38,41,17,24,605,319,286
GUADALUPE COUNTY,187,27 Years,1442,698,744,707,334,373,79,37,42,47,21,26,609,306,303
GUADALUPE COUNTY,187,28 Years,1566,775,791,761,383,378,85,44,41,52,21,31,668,327,341
GUADALUPE COUNTY,187,29 Years,1609,789,820,814,402,412,78,40,38,49,22,27,668,325,343
GUADALUPE COUNTY,187,30 Years,1623,776,847,845,405,440,81,46,35,47,16,31,650,309,341
GUADALUPE COUNTY,187,31 Years,1682,809,873,862,416,446,84,48,36,58,20,38,678,325,353
GUADALUPE COUNTY,187,32 Years,1674,795,879,860,415,445,93,39,54,59,24,35,662,317,345
GUADALUPE COUNTY,187,33 Years,1697,776,921,892,417,475,93,37,56,65,26,39,647,296,351
GUADALUPE COUNTY,187,34 Years,1679,801,878,879,425,454,87,39,48,71,33,38,642,304,338
GUADALUPE COUNTY,187,35 Years,1757,849,908,926,450,476,90,43,47,69,28,41,672,328,344
GUADALUPE COUNTY,187,36 Years,1868,873,995,1015,484,531,95,42,53,74,29,45,684,318,366
GUADALUPE COUNTY,187,37 Years,1743,838,905,935,457,478,97,49,48,65,26,39,646,306,340
GUADALUPE COUNTY,187,38 Years,1844,892,952,974,483,491,103,56,47,66,22,44,701,331,370
GUADALUPE COUNTY,187,39 Years,2002,940,1062,1108,551,557,118,53,65,68,23,45,708,313,395
GUADALUPE COUNTY,187,40 Years,2078,1009,1069,1150,558,592,135,70,65,68,27,41,725,354,371
GUADALUPE COUNTY,187,41 Years,2108,1025,1083,1139,552,587,145,69,76,78,36,42,746,368,378
GUADALUPE COUNTY,187,42 Years,2048,991,1057,1140,559,581,124,54,70,79,36,43,705,342,363
GUADALUPE COUNTY,187,43 Years,2035,991,1044,1137,545,592,151,77,74,71,26,45,676,343,333
GUADALUPE COUNTY,187,44 Years,2041,1006,1035,1126,549,577,161,87,74,62,33,29,692,337,355
GUADALUPE COUNTY,187,45 Years,2029,995,1034,1125,548,577,170,84,86,72,40,32,662,323,339
GUADALUPE COUNTY,187,46 Years,2136,1044,1092,1204,604,600,176,85,91,70,27,43,686,328,358
GUADALUPE COUNTY,187,47 Years,2100,1022,1078,1213,596,617,180,84,96,73,27,46,634,315,319
GUADALUPE COUNTY,187,48 Years,2109,1015,1094,1214,600,614,169,82,87,72,31,41,654,302,352
GUADALUPE COUNTY,187,49 Years,2097,1022,1075,1214,596,618,177,92,85,80,30,50,626,304,322
GUADALUPE COUNTY,187,50 Years,2034,1012,1022,1212,615,597,170,86,84,87,37,50,565,274,291
GUADALUPE COUNTY,187,51 Years,2087,1043,1044,1239,636,603,134,67,67,62,22,40,652,318,334
GUADALUPE COUNTY,187,52 Years,1938,965,973,1176,588,588,136,69,67,60,25,35,566,283,283
GUADALUPE COUNTY,187,53 Years,1839,904,935,1110,551,559,142,65,77,64,23,41,523,265,258
GUADALUPE COUNTY,187,54 Years,1761,857,904,1100,549,551,136,60,76,62,15,47,463,233,230
GUADALUPE COUNTY,187,55 Years,1789,889,900,1127,553,574,135,79,56,45,14,31,482,243,239
GUADALUPE COUNTY,187,56 Years,1753,843,910,1098,512,586,124,70,54,61,23,38,470,238,232
GUADALUPE COUNTY,187,57 Years,1637,793,844,1032,489,543,110,58,52,59,28,31,436,218,218
GUADALUPE COUNTY,187,58 Years,1573,759,814,993,492,501,103,52,51,50,16,34,427,199,228
GUADALUPE COUNTY,187,59 Years,1520,743,777,952,453,499,89,53,36,51,17,34,428,220,208
GUADALUPE COUNTY,187,60 Years,1422,671,751,914,435,479,76,42,34,48,11,37,384,183,201
GUADALUPE COUNTY,187,61 Years,1445,681,764,955,469,486,75,38,37,41,10,31,374,164,210
GUADALUPE COUNTY,187,62 Years,1429,671,758,954,452,502,82,41,41,34,14,20,359,164,195
GUADALUPE COUNTY,187,63 Years,1409,683,726,960,476,484,75,38,37,37,12,25,337,157,180
GUADALUPE COUNTY,187,64 Years,1413,687,726,981,482,499,65,29,36,34,11,23,333,165,168
GUADALUPE COUNTY,187,65 Years,1225,609,616,806,407,399,63,29,34,27,8,19,329,165,164
GUADALUPE COUNTY,187,66 Years,1121,525,596,749,359,390,56,24,32,22,8,14,294,134,160
GUADALUPE COUNTY,187,67 Years,1144,562,582,798,396,402,56,27,29,23,11,12,267,128,139
GUADALUPE COUNTY,187,68 Years,1099,524,575,791,396,395,60,26,34,25,11,14,223,91,132
GUADALUPE COUNTY,187,69 Years,1000,481,519,713,356,357,54,22,32,24,10,14,209,93,116
GUADALUPE COUNTY,187,70 Years,900,448,452,636,327,309,52,23,29,22,4,18,190,94,96
GUADALUPE COUNTY,187,71 Years,796,387,409,552,269,283,46,25,21,26,10,16,172,83,89
GUADALUPE COUNTY,187,72 Years,786,377,409,592,285,307,34,17,17,17,7,10,143,68,75
GUADALUPE COUNTY,187,73 Years,722,331,391,530,244,286,33,17,16,13,5,8,146,65,81
GUADALUPE COUNTY,187,74 Years,726,337,389,518,242,276,40,24,16,18,8,10,150,63,87
GUADALUPE COUNTY,187,75 Years,721,331,390,516,248,268,33,17,16,17,4,13,155,62,93
GUADALUPE COUNTY,187,76 Years,648,295,353,469,214,255,28,12,16,13,4,9,138,65,73
GUADALUPE COUNTY,187,77 Years,604,269,335,443,196,247,23,12,11,12,4,8,126,57,69
GUADALUPE COUNTY,187,78 Years,549,248,301,400,181,219,21,10,11,11,4,7,117,53,64
GUADALUPE COUNTY,187,79 Years,503,240,263,382,189,193,16,8,8,9,4,5,96,39,57
GUADALUPE COUNTY,187,80 Years,483,237,246,372,188,184,17,8,9,6,3,3,88,38,50
GUADALUPE COUNTY,187,81 Years,440,200,240,334,156,178,15,6,9,6,4,2,85,34,51
GUADALUPE COUNTY,187,82 Years,404,175,229,305,132,173,16,6,10,5,2,3,78,35,43
GUADALUPE COUNTY,187,83 Years,345,137,208,256,108,148,15,3,12,4,0,4,70,26,44
GUADALUPE COUNTY,187,84 Years,296,108,188,227,85,142,10,4,6,4,0,4,55,19,36
GUADALUPE COUNTY,187,85 Years +,1719,591,1128,1342,470,872,73,21,52,27,10,17,277,90,187
HALE COUNTY,189,All Ages,36664,18955,17709,13549,6843,6706,1819,1149,670,567,286,281,20729,10677,10052
HALE COUNTY,189,< 1 Year,618,320,298,138,71,67,20,10,10,8,5,3,452,234,218
HALE COUNTY,189,1 Years,599,282,317,121,60,61,21,9,12,10,6,4,447,207,240
HALE COUNTY,189,2 Years,619,318,301,130,66,64,29,17,12,11,6,5,449,229,220
HALE COUNTY,189,3 Years,613,316,297,121,60,61,27,16,11,13,7,6,452,233,219
HALE COUNTY,189,4 Years,604,306,298,119,65,54,25,15,10,10,4,6,450,222,228
HALE COUNTY,189,5 Years,593,303,290,128,69,59,19,12,7,12,3,9,434,219,215
HALE COUNTY,189,6 Years,591,306,285,136,75,61,16,7,9,6,3,3,433,221,212
HALE COUNTY,189,7 Years,614,302,312,128,60,68,19,8,11,7,4,3,460,230,230
HALE COUNTY,189,8 Years,573,303,270,124,67,57,22,8,14,12,7,5,415,221,194
HALE COUNTY,189,9 Years,597,294,303,152,83,69,19,7,12,14,6,8,412,198,214
HALE COUNTY,189,10 Years,566,267,299,144,72,72,19,12,7,11,5,6,392,178,214
HALE COUNTY,189,11 Years,606,326,280,153,82,71,20,14,6,14,8,6,419,222,197
HALE COUNTY,189,12 Years,574,300,274,136,68,68,21,15,6,8,5,3,409,212,197
HALE COUNTY,189,13 Years,564,293,271,137,71,66,21,12,9,8,5,3,398,205,193
HALE COUNTY,189,14 Years,542,281,261,150,76,74,21,10,11,10,7,3,361,188,173
HALE COUNTY,189,15 Years,581,295,286,156,83,73,16,9,7,10,8,2,399,195,204
HALE COUNTY,189,16 Years,532,271,261,145,80,65,19,11,8,10,7,3,358,173,185
HALE COUNTY,189,17 Years,551,286,265,135,71,64,28,12,16,10,7,3,378,196,182
HALE COUNTY,189,18 Years,558,280,278,138,74,64,28,14,14,11,3,8,381,189,192
HALE COUNTY,189,19 Years,602,336,266,147,82,65,41,27,14,12,5,7,402,222,180
HALE COUNTY,189,20 Years,610,336,274,185,100,85,46,32,14,9,3,6,370,201,169
HALE COUNTY,189,21 Years,597,330,267,213,121,92,52,36,16,12,5,7,320,168,152
HALE COUNTY,189,22 Years,570,325,245,199,118,81,50,39,11,12,7,5,309,161,148
HALE COUNTY,189,23 Years,596,336,260,189,107,82,54,45,9,9,4,5,344,180,164
HALE COUNTY,189,24 Years,571,321,250,187,101,86,50,35,15,12,7,5,322,178,144
HALE COUNTY,189,25 Years,532,303,229,161,92,69,44,30,14,8,4,4,319,177,142
HALE COUNTY,189,26 Years,489,275,214,147,84,63,39,30,9,2,1,1,301,160,141
HALE COUNTY,189,27 Years,480,289,191,143,91,52,34,28,6,3,2,1,300,168,132
HALE COUNTY,189,28 Years,516,303,213,149,84,65,33,27,6,6,4,2,328,188,140
HALE COUNTY,189,29 Years,517,291,226,147,81,66,37,34,3,11,6,5,322,170,152
HALE COUNTY,189,30 Years,511,283,228,147,79,68,32,28,4,10,6,4,322,170,152
HALE COUNTY,189,31 Years,501,273,228,171,91,80,34,26,8,4,2,2,292,154,138
HALE COUNTY,189,32 Years,471,262,209,148,83,65,29,21,8,6,2,4,288,156,132
HALE COUNTY,189,33 Years,448,243,205,137,77,60,22,14,8,7,5,2,282,147,135
HALE COUNTY,189,34 Years,409,223,186,121,63,58,26,19,7,7,4,3,255,137,118
HALE COUNTY,189,35 Years,409,218,191,120,62,58,34,25,9,6,2,4,249,129,120
HALE COUNTY,189,36 Years,403,210,193,120,64,56,27,18,9,4,1,3,252,127,125
HALE COUNTY,189,37 Years,428,213,215,125,64,61,23,17,6,9,4,5,271,128,143
HALE COUNTY,189,38 Years,444,238,206,126,66,60,31,20,11,9,6,3,278,146,132
HALE COUNTY,189,39 Years,471,254,217,138,72,66,28,21,7,11,6,5,294,155,139
HALE COUNTY,189,40 Years,455,227,228,155,81,74,12,6,6,10,5,5,278,135,143
HALE COUNTY,189,41 Years,449,248,201,178,103,75,18,8,10,8,3,5,245,134,111
HALE COUNTY,189,42 Years,421,223,198,159,88,71,20,9,11,6,2,4,236,124,112
HALE COUNTY,189,43 Years,469,241,228,175,93,82,23,13,10,7,2,5,264,133,131
HALE COUNTY,189,44 Years,447,236,211,169,91,78,19,11,8,5,0,5,254,134,120
HALE COUNTY,189,45 Years,457,252,205,161,81,80,29,24,5,7,3,4,260,144,116
HALE COUNTY,189,46 Years,478,255,223,185,94,91,26,18,8,6,3,3,261,140,121
HALE COUNTY,189,47 Years,465,240,225,192,97,95,25,21,4,7,3,4,241,119,122
HALE COUNTY,189,48 Years,482,259,223,198,106,92,19,11,8,9,4,5,256,138,118
HALE COUNTY,189,49 Years,464,240,224,196,100,96,24,13,11,7,3,4,237,124,113
HALE COUNTY,189,50 Years,440,237,203,189,99,90,21,12,9,5,2,3,225,124,101
HALE COUNTY,189,51 Years,482,260,222,207,114,93,26,15,11,6,4,2,243,127,116
HALE COUNTY,189,52 Years,447,229,218,213,102,111,24,14,10,9,5,4,201,108,93
HALE COUNTY,189,53 Years,454,226,228,216,101,115,26,17,9,6,3,3,206,105,101
HALE COUNTY,189,54 Years,465,233,232,212,104,108,35,26,9,4,1,3,214,102,112
HALE COUNTY,189,55 Years,450,223,227,209,100,109,24,15,9,3,1,2,214,107,107
HALE COUNTY,189,56 Years,413,216,197,205,108,97,14,6,8,7,4,3,187,98,89
HALE COUNTY,189,57 Years,409,215,194,209,111,98,20,10,10,4,2,2,176,92,84
HALE COUNTY,189,58 Years,402,199,203,207,103,104,15,11,4,4,1,3,176,84,92
HALE COUNTY,189,59 Years,343,176,167,193,93,100,22,13,9,3,1,2,125,69,56
HALE COUNTY,189,60 Years,322,179,143,179,97,82,8,3,5,5,3,2,130,76,54
HALE COUNTY,189,61 Years,335,168,167,183,86,97,8,4,4,4,3,1,140,75,65
HALE COUNTY,189,62 Years,347,171,176,196,95,101,14,6,8,3,2,1,134,68,66
HALE COUNTY,189,63 Years,320,155,165,178,84,94,13,4,9,3,1,2,126,66,60
HALE COUNTY,189,64 Years,292,145,147,166,79,87,14,7,7,6,3,3,106,56,50
HALE COUNTY,189,65 Years,259,123,136,143,61,82,10,6,4,5,4,1,101,52,49
HALE COUNTY,189,66 Years,242,114,128,127,60,67,8,2,6,7,2,5,100,50,50
HALE COUNTY,189,67 Years,269,132,137,166,80,86,5,0,5,8,3,5,90,49,41
HALE COUNTY,189,68 Years,257,125,132,163,82,81,5,3,2,5,2,3,84,38,46
HALE COUNTY,189,69 Years,262,124,138,164,81,83,15,7,8,3,2,1,80,34,46
HALE COUNTY,189,70 Years,226,104,122,150,69,81,8,4,4,3,2,1,65,29,36
HALE COUNTY,189,71 Years,210,93,117,132,59,73,6,2,4,1,0,1,71,32,39
HALE COUNTY,189,72 Years,194,84,110,120,49,71,5,2,3,1,0,1,68,33,35
HALE COUNTY,189,73 Years,212,89,123,135,56,79,6,2,4,2,0,2,69,31,38
HALE COUNTY,189,74 Years,179,80,99,111,47,64,5,3,2,4,1,3,59,29,30
HALE COUNTY,189,75 Years,166,79,87,116,57,59,4,2,2,2,2,0,44,18,26
HALE COUNTY,189,76 Years,192,95,97,128,61,67,4,3,1,1,1,0,59,30,29
HALE COUNTY,189,77 Years,179,80,99,124,54,70,6,2,4,2,2,0,47,22,25
HALE COUNTY,189,78 Years,182,76,106,128,50,78,3,1,2,3,3,0,48,22,26
HALE COUNTY,189,79 Years,176,82,94,127,57,70,4,2,2,2,1,1,43,22,21
HALE COUNTY,189,80 Years,141,60,81,107,45,62,6,3,3,1,0,1,27,12,15
HALE COUNTY,189,81 Years,137,62,75,97,43,54,6,3,3,1,1,0,33,15,18
HALE COUNTY,189,82 Years,147,63,84,105,48,57,9,3,6,1,0,1,32,12,20
HALE COUNTY,189,83 Years,132,57,75,103,42,61,3,2,1,0,0,0,26,13,13
HALE COUNTY,189,84 Years,108,47,61,88,37,51,2,0,2,0,0,0,18,10,8
HALE COUNTY,189,85 Years +,616,222,394,474,160,314,24,10,14,7,4,3,111,48,63
HALL COUNTY,191,All Ages,3408,1679,1729,2008,961,1047,238,131,107,34,10,24,1128,577,551
HALL COUNTY,191,< 1 Year,37,18,19,14,8,6,3,1,2,1,0,1,19,9,10
HALL COUNTY,191,1 Years,40,20,20,10,6,4,4,3,1,0,0,0,26,11,15
HALL COUNTY,191,2 Years,50,22,28,18,6,12,1,1,0,0,0,0,31,15,16
HALL COUNTY,191,3 Years,41,21,20,13,6,7,3,2,1,1,1,0,24,12,12
HALL COUNTY,191,4 Years,42,22,20,12,6,6,7,4,3,0,0,0,23,12,11
HALL COUNTY,191,5 Years,46,22,24,15,5,10,5,2,3,0,0,0,26,15,11
HALL COUNTY,191,6 Years,46,26,20,16,9,7,3,1,2,1,0,1,26,16,10
HALL COUNTY,191,7 Years,39,22,17,20,12,8,2,1,1,0,0,0,17,9,8
HALL COUNTY,191,8 Years,50,28,22,15,10,5,5,3,2,1,0,1,29,15,14
HALL COUNTY,191,9 Years,53,27,26,18,10,8,4,2,2,1,0,1,30,15,15
HALL COUNTY,191,10 Years,58,28,30,20,11,9,3,2,1,0,0,0,35,15,20
HALL COUNTY,191,11 Years,43,19,24,17,7,10,5,2,3,0,0,0,21,10,11
HALL COUNTY,191,12 Years,52,28,24,25,12,13,7,4,3,0,0,0,20,12,8
HALL COUNTY,191,13 Years,46,23,23,25,13,12,5,2,3,0,0,0,16,8,8
HALL COUNTY,191,14 Years,58,27,31,28,12,16,3,1,2,0,0,0,27,14,13
HALL COUNTY,191,15 Years,62,32,30,37,18,19,2,2,0,0,0,0,23,12,11
HALL COUNTY,191,16 Years,45,24,21,23,11,12,5,5,0,0,0,0,17,8,9
HALL COUNTY,191,17 Years,56,33,23,27,16,11,6,4,2,1,1,0,22,12,10
HALL COUNTY,191,18 Years,52,24,28,26,12,14,3,2,1,0,0,0,23,10,13
HALL COUNTY,191,19 Years,50,28,22,19,10,9,7,5,2,1,1,0,23,12,11
HALL COUNTY,191,20 Years,46,29,17,15,9,6,3,2,1,1,1,0,27,17,10
HALL COUNTY,191,21 Years,30,17,13,10,6,4,2,0,2,0,0,0,18,11,7
HALL COUNTY,191,22 Years,27,14,13,11,5,6,3,2,1,0,0,0,13,7,6
HALL COUNTY,191,23 Years,30,15,15,8,3,5,3,3,0,1,0,1,18,9,9
HALL COUNTY,191,24 Years,30,18,12,10,6,4,1,0,1,1,0,1,18,12,6
HALL COUNTY,191,25 Years,22,10,12,5,2,3,2,1,1,0,0,0,15,7,8
HALL COUNTY,191,26 Years,30,11,19,10,5,5,4,1,3,2,0,2,14,5,9
HALL COUNTY,191,27 Years,31,15,16,8,4,4,3,1,2,0,0,0,20,10,10
HALL COUNTY,191,28 Years,35,15,20,21,9,12,2,0,2,1,0,1,11,6,5
HALL COUNTY,191,29 Years,24,11,13,17,8,9,1,1,0,0,0,0,6,2,4
HALL COUNTY,191,30 Years,28,12,16,12,6,6,2,1,1,0,0,0,14,5,9
HALL COUNTY,191,31 Years,30,13,17,13,7,6,2,0,2,0,0,0,15,6,9
HALL COUNTY,191,32 Years,34,18,16,17,10,7,0,0,0,1,0,1,16,8,8
HALL COUNTY,191,33 Years,33,17,16,20,9,11,1,1,0,1,0,1,11,7,4
HALL COUNTY,191,34 Years,35,14,21,21,7,14,5,3,2,1,0,1,8,4,4
HALL COUNTY,191,35 Years,28,13,15,14,7,7,1,1,0,0,0,0,13,5,8
HALL COUNTY,191,36 Years,34,12,22,19,7,12,1,0,1,0,0,0,14,5,9
HALL COUNTY,191,37 Years,29,13,16,14,7,7,1,0,1,0,0,0,14,6,8
HALL COUNTY,191,38 Years,31,16,15,14,6,8,2,1,1,0,0,0,15,9,6
HALL COUNTY,191,39 Years,38,18,20,19,10,9,2,1,1,0,0,0,17,7,10
HALL COUNTY,191,40 Years,36,14,22,19,8,11,1,0,1,0,0,0,16,6,10
HALL COUNTY,191,41 Years,30,13,17,21,8,13,2,2,0,0,0,0,7,3,4
HALL COUNTY,191,42 Years,36,19,17,19,11,8,5,2,3,0,0,0,12,6,6
HALL COUNTY,191,43 Years,32,22,10,16,11,5,5,3,2,0,0,0,11,8,3
HALL COUNTY,191,44 Years,33,19,14,19,13,6,3,2,1,0,0,0,11,4,7
HALL COUNTY,191,45 Years,34,19,15,19,12,7,2,1,1,0,0,0,13,6,7
HALL COUNTY,191,46 Years,39,22,17,24,14,10,1,0,1,1,0,1,13,8,5
HALL COUNTY,191,47 Years,40,24,16,25,13,12,1,1,0,1,0,1,13,10,3
HALL COUNTY,191,48 Years,48,27,21,28,13,15,4,2,2,2,2,0,14,10,4
HALL COUNTY,191,49 Years,48,25,23,29,14,15,3,2,1,1,0,1,15,9,6
HALL COUNTY,191,50 Years,42,23,19,29,16,13,4,2,2,0,0,0,9,5,4
HALL COUNTY,191,51 Years,46,21,25,30,14,16,5,3,2,0,0,0,11,4,7
HALL COUNTY,191,52 Years,51,25,26,30,14,16,4,2,2,0,0,0,17,9,8
HALL COUNTY,191,53 Years,43,22,21,27,11,16,3,2,1,0,0,0,13,9,4
HALL COUNTY,191,54 Years,33,15,18,22,9,13,1,0,1,0,0,0,10,6,4
HALL COUNTY,191,55 Years,54,26,28,35,16,19,3,2,1,0,0,0,16,8,8
HALL COUNTY,191,56 Years,50,25,25,33,16,17,3,2,1,1,1,0,13,6,7
HALL COUNTY,191,57 Years,44,21,23,31,15,16,1,1,0,1,0,1,11,5,6
HALL COUNTY,191,58 Years,34,17,17,24,11,13,1,1,0,1,0,1,8,5,3
HALL COUNTY,191,59 Years,43,15,28,27,12,15,5,1,4,1,0,1,10,2,8
HALL COUNTY,191,60 Years,45,18,27,30,14,16,6,2,4,0,0,0,9,2,7
HALL COUNTY,191,61 Years,40,18,22,33,15,18,1,0,1,0,0,0,6,3,3
HALL COUNTY,191,62 Years,42,16,26,29,9,20,4,2,2,0,0,0,9,5,4
HALL COUNTY,191,63 Years,43,26,17,31,17,14,3,1,2,0,0,0,9,8,1
HALL COUNTY,191,64 Years,51,25,26,37,19,18,3,1,2,0,0,0,11,5,6
HALL COUNTY,191,65 Years,44,22,22,38,18,20,1,1,0,0,0,0,5,3,2
HALL COUNTY,191,66 Years,49,28,21,33,17,16,7,6,1,0,0,0,9,5,4
HALL COUNTY,191,67 Years,41,22,19,34,18,16,4,3,1,0,0,0,3,1,2
HALL COUNTY,191,68 Years,42,20,22,36,18,18,3,1,2,1,0,1,2,1,1
HALL COUNTY,191,69 Years,42,17,25,35,14,21,1,0,1,1,0,1,5,3,2
HALL COUNTY,191,70 Years,39,14,25,34,11,23,2,1,1,1,0,1,2,2,0
HALL COUNTY,191,71 Years,44,23,21,37,18,19,5,4,1,0,0,0,2,1,1
HALL COUNTY,191,72 Years,38,22,16,33,19,14,2,2,0,0,0,0,3,1,2
HALL COUNTY,191,73 Years,35,19,16,31,16,15,0,0,0,0,0,0,4,3,1
HALL COUNTY,191,74 Years,43,22,21,37,20,17,2,1,1,1,0,1,3,1,2
HALL COUNTY,191,75 Years,35,15,20,29,12,17,0,0,0,2,1,1,4,2,2
HALL COUNTY,191,76 Years,35,17,18,30,15,15,0,0,0,1,1,0,4,1,3
HALL COUNTY,191,77 Years,29,10,19,25,10,15,1,0,1,1,0,1,2,0,2
HALL COUNTY,191,78 Years,23,11,12,20,9,11,1,0,1,0,0,0,2,2,0
HALL COUNTY,191,79 Years,21,12,9,19,11,8,2,1,1,0,0,0,0,0,0
HALL COUNTY,191,80 Years,26,14,12,24,12,12,1,1,0,0,0,0,1,1,0
HALL COUNTY,191,81 Years,28,11,17,26,10,16,1,1,0,0,0,0,1,0,1
HALL COUNTY,191,82 Years,22,10,12,19,8,11,1,1,0,0,0,0,2,1,1
HALL COUNTY,191,83 Years,18,7,11,15,6,9,1,0,1,0,0,0,2,1,1
HALL COUNTY,191,84 Years,23,8,15,20,7,13,2,1,1,0,0,0,1,0,1
HALL COUNTY,191,85 Years +,103,43,60,90,34,56,3,2,1,1,1,0,9,6,3
HAMILTON COUNTY,193,All Ages,8585,4256,4329,7536,3682,3854,39,26,13,116,67,49,894,481,413
HAMILTON COUNTY,193,< 1 Year,91,48,43,71,37,34,1,1,0,0,0,0,19,10,9
HAMILTON COUNTY,193,1 Years,87,43,44,65,29,36,0,0,0,0,0,0,22,14,8
HAMILTON COUNTY,193,2 Years,108,56,52,86,45,41,1,0,1,2,0,2,19,11,8
HAMILTON COUNTY,193,3 Years,92,51,41,75,40,35,1,0,1,0,0,0,16,11,5
HAMILTON COUNTY,193,4 Years,88,42,46,71,33,38,0,0,0,0,0,0,17,9,8
HAMILTON COUNTY,193,5 Years,95,50,45,74,37,37,0,0,0,2,1,1,19,12,7
HAMILTON COUNTY,193,6 Years,90,44,46,69,32,37,0,0,0,2,2,0,19,10,9
HAMILTON COUNTY,193,7 Years,96,53,43,76,43,33,0,0,0,1,1,0,19,9,10
HAMILTON COUNTY,193,8 Years,96,52,44,77,44,33,0,0,0,1,0,1,18,8,10
HAMILTON COUNTY,193,9 Years,105,50,55,80,37,43,1,1,0,1,0,1,23,12,11
HAMILTON COUNTY,193,10 Years,100,46,54,77,32,45,2,2,0,2,1,1,19,11,8
HAMILTON COUNTY,193,11 Years,104,52,52,84,41,43,1,1,0,3,2,1,16,8,8
HAMILTON COUNTY,193,12 Years,92,51,41,71,42,29,0,0,0,4,2,2,17,7,10
HAMILTON COUNTY,193,13 Years,122,68,54,102,59,43,0,0,0,4,3,1,16,6,10
HAMILTON COUNTY,193,14 Years,120,63,57,94,50,44,1,1,0,5,3,2,20,9,11
HAMILTON COUNTY,193,15 Years,107,53,54,81,41,40,2,2,0,4,2,2,20,8,12
HAMILTON COUNTY,193,16 Years,103,55,48,83,42,41,2,2,0,1,0,1,17,11,6
HAMILTON COUNTY,193,17 Years,117,58,59,90,45,45,1,0,1,3,3,0,23,10,13
HAMILTON COUNTY,193,18 Years,106,56,50,82,44,38,1,0,1,2,0,2,21,12,9
HAMILTON COUNTY,193,19 Years,110,59,51,83,45,38,1,1,0,4,2,2,22,11,11
HAMILTON COUNTY,193,20 Years,74,38,36,55,28,27,1,1,0,2,2,0,16,7,9
HAMILTON COUNTY,193,21 Years,65,28,37,51,21,30,1,1,0,0,0,0,13,6,7
HAMILTON COUNTY,193,22 Years,68,28,40,54,21,33,1,1,0,0,0,0,13,6,7
HAMILTON COUNTY,193,23 Years,90,47,43,70,38,32,1,0,1,0,0,0,19,9,10
HAMILTON COUNTY,193,24 Years,93,52,41,77,45,32,1,0,1,1,1,0,14,6,8
HAMILTON COUNTY,193,25 Years,66,34,32,59,31,28,0,0,0,1,1,0,6,2,4
HAMILTON COUNTY,193,26 Years,82,48,34,63,36,27,2,1,1,1,0,1,16,11,5
HAMILTON COUNTY,193,27 Years,72,36,36,60,30,30,2,1,1,0,0,0,10,5,5
HAMILTON COUNTY,193,28 Years,94,48,46,83,41,42,0,0,0,0,0,0,11,7,4
HAMILTON COUNTY,193,29 Years,87,51,36,73,43,30,1,1,0,0,0,0,13,7,6
HAMILTON COUNTY,193,30 Years,77,41,36,62,34,28,2,1,1,0,0,0,13,6,7
HAMILTON COUNTY,193,31 Years,83,48,35,72,40,32,0,0,0,0,0,0,11,8,3
HAMILTON COUNTY,193,32 Years,73,41,32,62,34,28,0,0,0,0,0,0,11,7,4
HAMILTON COUNTY,193,33 Years,74,44,30,64,37,27,0,0,0,1,1,0,9,6,3
HAMILTON COUNTY,193,34 Years,83,47,36,70,40,30,1,1,0,1,1,0,11,5,6
HAMILTON COUNTY,193,35 Years,82,39,43,68,31,37,1,1,0,1,0,1,12,7,5
HAMILTON COUNTY,193,36 Years,95,47,48,77,38,39,0,0,0,5,2,3,13,7,6
HAMILTON COUNTY,193,37 Years,77,42,35,66,36,30,1,0,1,3,3,0,7,3,4
HAMILTON COUNTY,193,38 Years,81,37,44,66,27,39,1,0,1,2,2,0,12,8,4
HAMILTON COUNTY,193,39 Years,102,50,52,86,42,44,0,0,0,2,1,1,14,7,7
HAMILTON COUNTY,193,40 Years,93,47,46,77,39,38,2,0,2,3,2,1,11,6,5
HAMILTON COUNTY,193,41 Years,98,52,46,84,43,41,1,1,0,2,2,0,11,6,5
HAMILTON COUNTY,193,42 Years,99,53,46,89,45,44,0,0,0,3,2,1,7,6,1
HAMILTON COUNTY,193,43 Years,87,46,41,79,40,39,0,0,0,1,1,0,7,5,2
HAMILTON COUNTY,193,44 Years,84,41,43,70,36,34,0,0,0,1,1,0,13,4,9
HAMILTON COUNTY,193,45 Years,91,45,46,75,37,38,0,0,0,4,3,1,12,5,7
HAMILTON COUNTY,193,46 Years,98,51,47,82,39,43,0,0,0,1,1,0,15,11,4
HAMILTON COUNTY,193,47 Years,117,61,56,103,54,49,0,0,0,1,0,1,13,7,6
HAMILTON COUNTY,193,48 Years,132,67,65,121,62,59,1,1,0,1,0,1,9,4,5
HAMILTON COUNTY,193,49 Years,121,64,57,108,56,52,2,2,0,2,1,1,9,5,4
HAMILTON COUNTY,193,50 Years,132,69,63,112,58,54,1,1,0,3,3,0,16,7,9
HAMILTON COUNTY,193,51 Years,133,74,59,116,64,52,0,0,0,2,0,2,15,10,5
HAMILTON COUNTY,193,52 Years,120,59,61,112,54,58,0,0,0,1,0,1,7,5,2
HAMILTON COUNTY,193,53 Years,126,63,63,114,58,56,0,0,0,1,0,1,11,5,6
HAMILTON COUNTY,193,54 Years,118,61,57,103,54,49,0,0,0,2,1,1,13,6,7
HAMILTON COUNTY,193,55 Years,108,53,55,99,47,52,0,0,0,0,0,0,9,6,3
HAMILTON COUNTY,193,56 Years,112,46,66,101,40,61,0,0,0,1,0,1,10,6,4
HAMILTON COUNTY,193,57 Years,128,60,68,115,54,61,1,1,0,3,0,3,9,5,4
HAMILTON COUNTY,193,58 Years,107,55,52,98,49,49,0,0,0,2,1,1,7,5,2
HAMILTON COUNTY,193,59 Years,129,55,74,122,50,72,0,0,0,3,2,1,4,3,1
HAMILTON COUNTY,193,60 Years,113,46,67,110,44,66,0,0,0,0,0,0,3,2,1
HAMILTON COUNTY,193,61 Years,109,56,53,103,53,50,0,0,0,2,1,1,4,2,2
HAMILTON COUNTY,193,62 Years,127,70,57,119,65,54,0,0,0,2,1,1,6,4,2
HAMILTON COUNTY,193,63 Years,116,55,61,111,52,59,0,0,0,0,0,0,5,3,2
HAMILTON COUNTY,193,64 Years,124,63,61,117,59,58,0,0,0,1,1,0,6,3,3
HAMILTON COUNTY,193,65 Years,100,41,59,96,40,56,0,0,0,1,0,1,3,1,2
HAMILTON COUNTY,193,66 Years,114,53,61,110,50,60,0,0,0,0,0,0,4,3,1
HAMILTON COUNTY,193,67 Years,114,51,63,109,48,61,0,0,0,1,0,1,4,3,1
HAMILTON COUNTY,193,68 Years,127,65,62,124,63,61,0,0,0,1,1,0,2,1,1
HAMILTON COUNTY,193,69 Years,120,59,61,117,57,60,0,0,0,1,1,0,2,1,1
HAMILTON COUNTY,193,70 Years,115,57,58,113,55,58,0,0,0,1,1,0,1,1,0
HAMILTON COUNTY,193,71 Years,99,47,52,95,45,50,0,0,0,2,1,1,2,1,1
HAMILTON COUNTY,193,72 Years,104,56,48,99,52,47,0,0,0,2,2,0,3,2,1
HAMILTON COUNTY,193,73 Years,97,46,51,93,43,50,0,0,0,1,1,0,3,2,1
HAMILTON COUNTY,193,74 Years,80,37,43,79,36,43,0,0,0,0,0,0,1,1,0
HAMILTON COUNTY,193,75 Years,92,42,50,91,41,50,0,0,0,1,1,0,0,0,0
HAMILTON COUNTY,193,76 Years,103,48,55,101,47,54,0,0,0,0,0,0,2,1,1
HAMILTON COUNTY,193,77 Years,76,36,40,76,36,40,0,0,0,0,0,0,0,0,0
HAMILTON COUNTY,193,78 Years,71,36,35,71,36,35,0,0,0,0,0,0,0,0,0
HAMILTON COUNTY,193,79 Years,66,34,32,65,34,31,0,0,0,0,0,0,1,0,1
HAMILTON COUNTY,193,80 Years,65,32,33,63,32,31,0,0,0,0,0,0,2,0,2
HAMILTON COUNTY,193,81 Years,72,32,40,70,31,39,0,0,0,0,0,0,2,1,1
HAMILTON COUNTY,193,82 Years,66,35,31,66,35,31,0,0,0,0,0,0,0,0,0
HAMILTON COUNTY,193,83 Years,46,24,22,46,24,22,0,0,0,0,0,0,0,0,0
HAMILTON COUNTY,193,84 Years,43,23,20,42,22,20,0,0,0,0,0,0,1,1,0
HAMILTON COUNTY,193,85 Years +,346,94,252,341,92,249,0,0,0,2,0,2,3,2,1
HANSFORD COUNTY,195,All Ages,5623,2818,2805,3048,1469,1579,33,19,14,60,27,33,2482,1303,1179
HANSFORD COUNTY,195,< 1 Year,75,38,37,33,16,17,0,0,0,0,0,0,42,22,20
HANSFORD COUNTY,195,1 Years,82,44,38,33,15,18,0,0,0,1,1,0,48,28,20
HANSFORD COUNTY,195,2 Years,90,43,47,35,15,20,0,0,0,2,2,0,53,26,27
HANSFORD COUNTY,195,3 Years,95,42,53,41,15,26,1,0,1,1,1,0,52,26,26
HANSFORD COUNTY,195,4 Years,96,56,40,35,21,14,3,3,0,1,1,0,57,31,26
HANSFORD COUNTY,195,5 Years,93,55,38,39,23,16,2,2,0,1,1,0,51,29,22
HANSFORD COUNTY,195,6 Years,104,52,52,44,21,23,1,1,0,1,1,0,58,29,29
HANSFORD COUNTY,195,7 Years,100,52,48,38,18,20,0,0,0,0,0,0,62,34,28
HANSFORD COUNTY,195,8 Years,92,44,48,37,20,17,2,0,2,0,0,0,53,24,29
HANSFORD COUNTY,195,9 Years,94,52,42,43,26,17,0,0,0,0,0,0,51,26,25
HANSFORD COUNTY,195,10 Years,106,55,51,41,23,18,0,0,0,1,1,0,64,31,33
HANSFORD COUNTY,195,11 Years,100,52,48,40,20,20,0,0,0,2,2,0,58,30,28
HANSFORD COUNTY,195,12 Years,91,42,49,41,21,20,0,0,0,2,1,1,48,20,28
HANSFORD COUNTY,195,13 Years,77,39,38,35,19,16,0,0,0,1,0,1,41,20,21
HANSFORD COUNTY,195,14 Years,89,47,42,38,19,19,1,0,1,4,2,2,46,26,20
HANSFORD COUNTY,195,15 Years,94,50,44,40,16,24,1,0,1,2,2,0,51,32,19
HANSFORD COUNTY,195,16 Years,92,43,49,41,16,25,0,0,0,1,0,1,50,27,23
HANSFORD COUNTY,195,17 Years,90,41,49,38,16,22,0,0,0,1,0,1,51,25,26
HANSFORD COUNTY,195,18 Years,101,55,46,40,20,20,0,0,0,1,0,1,60,35,25
HANSFORD COUNTY,195,19 Years,95,46,49,29,12,17,1,1,0,1,0,1,64,33,31
HANSFORD COUNTY,195,20 Years,62,33,29,19,10,9,2,1,1,0,0,0,41,22,19
HANSFORD COUNTY,195,21 Years,54,29,25,18,9,9,1,0,1,0,0,0,35,20,15
HANSFORD COUNTY,195,22 Years,43,20,23,20,9,11,1,0,1,0,0,0,22,11,11
HANSFORD COUNTY,195,23 Years,50,26,24,23,9,14,0,0,0,0,0,0,27,17,10
HANSFORD COUNTY,195,24 Years,58,31,27,22,11,11,0,0,0,1,0,1,35,20,15
HANSFORD COUNTY,195,25 Years,60,30,30,22,14,8,0,0,0,2,0,2,36,16,20
HANSFORD COUNTY,195,26 Years,52,27,25,24,12,12,0,0,0,1,1,0,27,14,13
HANSFORD COUNTY,195,27 Years,60,34,26,24,12,12,1,1,0,1,1,0,34,20,14
HANSFORD COUNTY,195,28 Years,80,41,39,37,19,18,1,1,0,0,0,0,42,21,21
HANSFORD COUNTY,195,29 Years,65,24,41,29,10,19,0,0,0,2,0,2,34,14,20
HANSFORD COUNTY,195,30 Years,66,28,38,29,10,19,1,1,0,2,1,1,34,16,18
HANSFORD COUNTY,195,31 Years,64,31,33,29,13,16,1,1,0,0,0,0,34,17,17
HANSFORD COUNTY,195,32 Years,63,29,34,30,13,17,0,0,0,1,0,1,32,16,16
HANSFORD COUNTY,195,33 Years,62,33,29,33,17,16,0,0,0,1,1,0,28,15,13
HANSFORD COUNTY,195,34 Years,69,37,32,34,19,15,1,1,0,1,1,0,33,16,17
HANSFORD COUNTY,195,35 Years,74,36,38,31,16,15,1,1,0,0,0,0,42,19,23
HANSFORD COUNTY,195,36 Years,66,35,31,30,16,14,0,0,0,1,0,1,35,19,16
HANSFORD COUNTY,195,37 Years,70,36,34,34,17,17,0,0,0,1,0,1,35,19,16
HANSFORD COUNTY,195,38 Years,79,42,37,31,16,15,0,0,0,1,0,1,47,26,21
HANSFORD COUNTY,195,39 Years,60,30,30,29,14,15,0,0,0,0,0,0,31,16,15
HANSFORD COUNTY,195,40 Years,72,37,35,35,16,19,0,0,0,0,0,0,37,21,16
HANSFORD COUNTY,195,41 Years,71,33,38,33,13,20,0,0,0,0,0,0,38,20,18
HANSFORD COUNTY,195,42 Years,62,30,32,31,17,14,0,0,0,0,0,0,31,13,18
HANSFORD COUNTY,195,43 Years,69,36,33,40,23,17,1,0,1,1,1,0,27,12,15
HANSFORD COUNTY,195,44 Years,62,31,31,33,16,17,1,0,1,0,0,0,28,15,13
HANSFORD COUNTY,195,45 Years,73,41,32,34,16,18,0,0,0,1,0,1,38,25,13
HANSFORD COUNTY,195,46 Years,72,38,34,39,17,22,0,0,0,1,1,0,32,20,12
HANSFORD COUNTY,195,47 Years,74,37,37,40,18,22,0,0,0,1,1,0,33,18,15
HANSFORD COUNTY,195,48 Years,85,47,38,44,26,18,0,0,0,0,0,0,41,21,20
HANSFORD COUNTY,195,49 Years,77,44,33,44,24,20,1,0,1,1,0,1,31,20,11
HANSFORD COUNTY,195,50 Years,72,39,33,40,19,21,3,3,0,0,0,0,29,17,12
HANSFORD COUNTY,195,51 Years,79,38,41,40,18,22,2,1,1,0,0,0,37,19,18
HANSFORD COUNTY,195,52 Years,72,41,31,50,27,23,0,0,0,0,0,0,22,14,8
HANSFORD COUNTY,195,53 Years,77,38,39,56,27,29,0,0,0,0,0,0,21,11,10
HANSFORD COUNTY,195,54 Years,74,34,40,50,23,27,0,0,0,1,0,1,23,11,12
HANSFORD COUNTY,195,55 Years,77,41,36,52,26,26,0,0,0,2,0,2,23,15,8
HANSFORD COUNTY,195,56 Years,76,34,42,49,23,26,0,0,0,1,0,1,26,11,15
HANSFORD COUNTY,195,57 Years,74,36,38,53,27,26,0,0,0,0,0,0,21,9,12
HANSFORD COUNTY,195,58 Years,67,32,35,54,26,28,0,0,0,1,1,0,12,5,7
HANSFORD COUNTY,195,59 Years,57,27,30,39,21,18,0,0,0,0,0,0,18,6,12
HANSFORD COUNTY,195,60 Years,65,35,30,48,28,20,0,0,0,0,0,0,17,7,10
HANSFORD COUNTY,195,61 Years,58,34,24,42,26,16,0,0,0,0,0,0,16,8,8
HANSFORD COUNTY,195,62 Years,64,28,36,52,21,31,0,0,0,1,0,1,11,7,4
HANSFORD COUNTY,195,63 Years,48,21,27,41,18,23,0,0,0,0,0,0,7,3,4
HANSFORD COUNTY,195,64 Years,62,34,28,45,24,21,0,0,0,2,0,2,15,10,5
HANSFORD COUNTY,195,65 Years,47,22,25,34,15,19,0,0,0,2,0,2,11,7,4
HANSFORD COUNTY,195,66 Years,41,22,19,27,12,15,1,1,0,0,0,0,13,9,4
HANSFORD COUNTY,195,67 Years,40,24,16,30,17,13,0,0,0,0,0,0,10,7,3
HANSFORD COUNTY,195,68 Years,52,29,23,43,25,18,0,0,0,0,0,0,9,4,5
HANSFORD COUNTY,195,69 Years,50,25,25,40,21,19,0,0,0,1,0,1,9,4,5
HANSFORD COUNTY,195,70 Years,38,18,20,34,17,17,0,0,0,1,0,1,3,1,2
HANSFORD COUNTY,195,71 Years,33,18,15,29,15,14,0,0,0,0,0,0,4,3,1
HANSFORD COUNTY,195,72 Years,39,21,18,32,16,16,0,0,0,0,0,0,7,5,2
HANSFORD COUNTY,195,73 Years,36,13,23,32,11,21,0,0,0,0,0,0,4,2,2
HANSFORD COUNTY,195,74 Years,33,10,23,27,8,19,0,0,0,1,0,1,5,2,3
HANSFORD COUNTY,195,75 Years,32,17,15,30,16,14,0,0,0,0,0,0,2,1,1
HANSFORD COUNTY,195,76 Years,30,17,13,28,16,12,0,0,0,0,0,0,2,1,1
HANSFORD COUNTY,195,77 Years,32,14,18,29,13,16,0,0,0,1,1,0,2,0,2
HANSFORD COUNTY,195,78 Years,34,15,19,30,11,19,0,0,0,1,1,0,3,3,0
HANSFORD COUNTY,195,79 Years,25,10,15,21,8,13,0,0,0,0,0,0,4,2,2
HANSFORD COUNTY,195,80 Years,26,10,16,24,9,15,0,0,0,0,0,0,2,1,1
HANSFORD COUNTY,195,81 Years,24,11,13,21,8,13,0,0,0,1,1,0,2,2,0
HANSFORD COUNTY,195,82 Years,20,8,12,16,6,10,0,0,0,0,0,0,4,2,2
HANSFORD COUNTY,195,83 Years,24,12,12,21,11,10,0,0,0,0,0,0,3,1,2
HANSFORD COUNTY,195,84 Years,15,5,10,14,5,9,1,0,1,0,0,0,0,0,0
HANSFORD COUNTY,195,85 Years +,100,31,69,93,31,62,1,0,1,1,0,1,5,0,5
HARDEMAN COUNTY,197,All Ages,4101,2052,2049,2894,1407,1487,211,117,94,95,59,36,901,469,432
HARDEMAN COUNTY,197,< 1 Year,45,24,21,28,15,13,1,1,0,1,0,1,15,8,7
HARDEMAN COUNTY,197,1 Years,54,30,24,26,13,13,2,1,1,4,3,1,22,13,9
HARDEMAN COUNTY,197,2 Years,57,33,24,21,13,8,5,2,3,3,2,1,28,16,12
HARDEMAN COUNTY,197,3 Years,53,27,26,24,12,12,4,3,1,1,1,0,24,11,13
HARDEMAN COUNTY,197,4 Years,52,24,28,25,12,13,1,0,1,4,2,2,22,10,12
HARDEMAN COUNTY,197,5 Years,52,29,23,27,13,14,1,1,0,3,2,1,21,13,8
HARDEMAN COUNTY,197,6 Years,54,37,17,28,18,10,2,2,0,5,5,0,19,12,7
HARDEMAN COUNTY,197,7 Years,61,37,24,28,16,12,3,2,1,3,3,0,27,16,11
HARDEMAN COUNTY,197,8 Years,53,29,24,25,13,12,1,1,0,3,2,1,24,13,11
HARDEMAN COUNTY,197,9 Years,55,25,30,29,13,16,2,2,0,2,1,1,22,9,13
HARDEMAN COUNTY,197,10 Years,62,31,31,38,19,19,3,2,1,0,0,0,21,10,11
HARDEMAN COUNTY,197,11 Years,49,27,22,28,15,13,3,2,1,0,0,0,18,10,8
HARDEMAN COUNTY,197,12 Years,61,29,32,38,17,21,2,2,0,1,0,1,20,10,10
HARDEMAN COUNTY,197,13 Years,61,34,27,38,20,18,2,1,1,0,0,0,21,13,8
HARDEMAN COUNTY,197,14 Years,54,34,20,35,19,16,3,3,0,0,0,0,16,12,4
HARDEMAN COUNTY,197,15 Years,63,34,29,40,22,18,5,3,2,1,1,0,17,8,9
HARDEMAN COUNTY,197,16 Years,53,26,27,28,12,16,5,2,3,3,2,1,17,10,7
HARDEMAN COUNTY,197,17 Years,56,27,29,31,16,15,6,2,4,3,2,1,16,7,9
HARDEMAN COUNTY,197,18 Years,57,27,30,31,13,18,4,2,2,1,1,0,21,11,10
HARDEMAN COUNTY,197,19 Years,53,25,28,30,15,15,2,1,1,1,1,0,20,8,12
HARDEMAN COUNTY,197,20 Years,42,21,21,25,13,12,2,1,1,1,0,1,14,7,7
HARDEMAN COUNTY,197,21 Years,29,18,11,19,12,7,0,0,0,1,0,1,9,6,3
HARDEMAN COUNTY,197,22 Years,26,13,13,15,8,7,2,1,1,1,0,1,8,4,4
HARDEMAN COUNTY,197,23 Years,35,12,23,20,8,12,2,2,0,2,0,2,11,2,9
HARDEMAN COUNTY,197,24 Years,37,14,23,28,11,17,3,2,1,1,0,1,5,1,4
HARDEMAN COUNTY,197,25 Years,42,23,19,27,14,13,2,1,1,2,2,0,11,6,5
HARDEMAN COUNTY,197,26 Years,41,21,20,25,13,12,2,1,1,3,2,1,11,5,6
HARDEMAN COUNTY,197,27 Years,47,25,22,32,17,15,4,2,2,1,1,0,10,5,5
HARDEMAN COUNTY,197,28 Years,44,25,19,25,14,11,1,0,1,0,0,0,18,11,7
HARDEMAN COUNTY,197,29 Years,42,22,20,23,12,11,2,1,1,0,0,0,17,9,8
HARDEMAN COUNTY,197,30 Years,38,20,18,23,12,11,4,3,1,0,0,0,11,5,6
HARDEMAN COUNTY,197,31 Years,43,17,26,27,12,15,3,2,1,1,0,1,12,3,9
HARDEMAN COUNTY,197,32 Years,35,18,17,20,11,9,3,2,1,0,0,0,12,5,7
HARDEMAN COUNTY,197,33 Years,48,23,25,29,11,18,1,1,0,0,0,0,18,11,7
HARDEMAN COUNTY,197,34 Years,48,22,26,32,14,18,2,1,1,1,0,1,13,7,6
HARDEMAN COUNTY,197,35 Years,42,21,21,26,12,14,2,2,0,1,0,1,13,7,6
HARDEMAN COUNTY,197,36 Years,38,23,15,27,16,11,4,3,1,0,0,0,7,4,3
HARDEMAN COUNTY,197,37 Years,45,24,21,33,16,17,3,3,0,1,0,1,8,5,3
HARDEMAN COUNTY,197,38 Years,37,16,21,26,10,16,2,2,0,2,1,1,7,3,4
HARDEMAN COUNTY,197,39 Years,51,29,22,36,20,16,5,3,2,2,1,1,8,5,3
HARDEMAN COUNTY,197,40 Years,52,23,29,43,19,24,3,1,2,0,0,0,6,3,3
HARDEMAN COUNTY,197,41 Years,50,25,25,41,19,22,0,0,0,0,0,0,9,6,3
HARDEMAN COUNTY,197,42 Years,46,21,25,36,17,19,3,0,3,1,1,0,6,3,3
HARDEMAN COUNTY,197,43 Years,44,20,24,33,16,17,2,0,2,1,1,0,8,3,5
HARDEMAN COUNTY,197,44 Years,39,16,23,32,14,18,1,1,0,1,0,1,5,1,4
HARDEMAN COUNTY,197,45 Years,51,27,24,34,19,15,4,2,2,1,1,0,12,5,7
HARDEMAN COUNTY,197,46 Years,60,31,29,36,18,18,5,2,3,2,1,1,17,10,7
HARDEMAN COUNTY,197,47 Years,58,27,31,41,17,24,3,1,2,1,1,0,13,8,5
HARDEMAN COUNTY,197,48 Years,46,21,25,35,15,20,4,2,2,0,0,0,7,4,3
HARDEMAN COUNTY,197,49 Years,46,23,23,33,15,18,4,2,2,2,1,1,7,5,2
HARDEMAN COUNTY,197,50 Years,55,26,29,40,19,21,4,2,2,1,1,0,10,4,6
HARDEMAN COUNTY,197,51 Years,47,29,18,40,25,15,2,1,1,0,0,0,5,3,2
HARDEMAN COUNTY,197,52 Years,53,28,25,41,20,21,4,2,2,1,1,0,7,5,2
HARDEMAN COUNTY,197,53 Years,72,32,40,53,21,32,6,3,3,3,3,0,10,5,5
HARDEMAN COUNTY,197,54 Years,62,36,26,52,29,23,2,2,0,1,1,0,7,4,3
HARDEMAN COUNTY,197,55 Years,64,41,23,45,27,18,4,3,1,1,1,0,14,10,4
HARDEMAN COUNTY,197,56 Years,74,40,34,55,31,24,3,2,1,0,0,0,16,7,9
HARDEMAN COUNTY,197,57 Years,68,33,35,56,25,31,2,1,1,1,1,0,9,6,3
HARDEMAN COUNTY,197,58 Years,55,26,29,47,22,25,2,1,1,1,1,0,5,2,3
HARDEMAN COUNTY,197,59 Years,56,24,32,46,19,27,1,1,0,1,1,0,8,3,5
HARDEMAN COUNTY,197,60 Years,56,31,25,47,26,21,2,1,1,2,1,1,5,3,2
HARDEMAN COUNTY,197,61 Years,48,32,16,40,27,13,2,1,1,2,1,1,4,3,1
HARDEMAN COUNTY,197,62 Years,54,28,26,45,25,20,2,0,2,2,1,1,5,2,3
HARDEMAN COUNTY,197,63 Years,51,22,29,41,16,25,2,2,0,2,2,0,6,2,4
HARDEMAN COUNTY,197,64 Years,49,21,28,40,17,23,2,1,1,1,1,0,6,2,4
HARDEMAN COUNTY,197,65 Years,59,23,36,44,19,25,4,2,2,2,0,2,9,2,7
HARDEMAN COUNTY,197,66 Years,55,25,30,47,22,25,2,1,1,0,0,0,6,2,4
HARDEMAN COUNTY,197,67 Years,58,26,32,51,22,29,3,1,2,0,0,0,4,3,1
HARDEMAN COUNTY,197,68 Years,51,26,25,45,20,25,1,1,0,0,0,0,5,5,0
HARDEMAN COUNTY,197,69 Years,49,28,21,39,22,17,1,1,0,1,0,1,8,5,3
HARDEMAN COUNTY,197,70 Years,48,23,25,42,21,21,1,1,0,1,0,1,4,1,3
HARDEMAN COUNTY,197,71 Years,42,21,21,37,18,19,1,0,1,0,0,0,4,3,1
HARDEMAN COUNTY,197,72 Years,39,22,17,34,19,15,4,2,2,0,0,0,1,1,0
HARDEMAN COUNTY,197,73 Years,28,16,12,25,15,10,2,1,1,0,0,0,1,0,1
HARDEMAN COUNTY,197,74 Years,39,17,22,34,15,19,1,0,1,0,0,0,4,2,2
HARDEMAN COUNTY,197,75 Years,40,15,25,35,13,22,2,1,1,0,0,0,3,1,2
HARDEMAN COUNTY,197,76 Years,31,16,15,30,16,14,0,0,0,0,0,0,1,0,1
HARDEMAN COUNTY,197,77 Years,26,13,13,25,12,13,0,0,0,0,0,0,1,1,0
HARDEMAN COUNTY,197,78 Years,21,8,13,20,8,12,0,0,0,0,0,0,1,0,1
HARDEMAN COUNTY,197,79 Years,22,8,14,20,8,12,0,0,0,1,0,1,1,0,1
HARDEMAN COUNTY,197,80 Years,24,15,9,21,13,8,2,1,1,0,0,0,1,1,0
HARDEMAN COUNTY,197,81 Years,25,14,11,21,12,9,3,1,2,0,0,0,1,1,0
HARDEMAN COUNTY,197,82 Years,30,11,19,25,9,16,3,1,2,2,1,1,0,0,0
HARDEMAN COUNTY,197,83 Years,20,6,14,18,5,13,1,1,0,0,0,0,1,0,1
HARDEMAN COUNTY,197,84 Years,20,8,12,19,7,12,0,0,0,0,0,0,1,1,0
HARDEMAN COUNTY,197,85 Years +,103,32,71,94,31,63,5,0,5,1,1,0,3,0,3
HARDIN COUNTY,199,All Ages,55492,27375,28117,48684,23996,24688,3264,1540,1724,1022,512,510,2522,1327,1195
HARDIN COUNTY,199,< 1 Year,678,346,332,588,298,290,43,21,22,13,9,4,34,18,16
HARDIN COUNTY,199,1 Years,733,373,360,611,305,306,42,24,18,26,15,11,54,29,25
HARDIN COUNTY,199,2 Years,748,397,351,630,339,291,55,27,28,20,11,9,43,20,23
HARDIN COUNTY,199,3 Years,740,382,358,610,316,294,53,25,28,26,13,13,51,28,23
HARDIN COUNTY,199,4 Years,765,406,359,628,329,299,54,31,23,28,14,14,55,32,23
HARDIN COUNTY,199,5 Years,743,395,348,617,327,290,51,27,24,27,14,13,48,27,21
HARDIN COUNTY,199,6 Years,797,409,388,662,337,325,47,27,20,26,11,15,62,34,28
HARDIN COUNTY,199,7 Years,772,402,370,647,337,310,49,26,23,21,8,13,55,31,24
HARDIN COUNTY,199,8 Years,770,394,376,649,334,315,50,26,24,20,8,12,51,26,25
HARDIN COUNTY,199,9 Years,796,421,375,675,360,315,50,29,21,15,7,8,56,25,31
HARDIN COUNTY,199,10 Years,841,437,404,709,365,344,50,25,25,21,13,8,61,34,27
HARDIN COUNTY,199,11 Years,870,469,401,727,387,340,64,35,29,18,12,6,61,35,26
HARDIN COUNTY,199,12 Years,852,449,403,724,382,342,51,23,28,20,14,6,57,30,27
HARDIN COUNTY,199,13 Years,843,441,402,720,378,342,48,23,25,16,10,6,59,30,29
HARDIN COUNTY,199,14 Years,833,440,393,700,370,330,58,24,34,16,10,6,59,36,23
HARDIN COUNTY,199,15 Years,817,444,373,697,374,323,53,27,26,15,9,6,52,34,18
HARDIN COUNTY,199,16 Years,790,401,389,677,333,344,55,32,23,13,6,7,45,30,15
HARDIN COUNTY,199,17 Years,779,395,384,660,318,342,55,36,19,14,9,5,50,32,18
HARDIN COUNTY,199,18 Years,795,417,378,663,344,319,61,36,25,16,10,6,55,27,28
HARDIN COUNTY,199,19 Years,710,367,343,599,311,288,49,26,23,14,7,7,48,23,25
HARDIN COUNTY,199,20 Years,650,346,304,541,296,245,40,13,27,18,11,7,51,26,25
HARDIN COUNTY,199,21 Years,657,341,316,542,287,255,53,22,31,16,9,7,46,23,23
HARDIN COUNTY,199,22 Years,604,304,300,508,258,250,45,21,24,13,6,7,38,19,19
HARDIN COUNTY,199,23 Years,636,317,319,559,280,279,37,16,21,10,5,5,30,16,14
HARDIN COUNTY,199,24 Years,629,319,310,553,286,267,37,15,22,8,5,3,31,13,18
HARDIN COUNTY,199,25 Years,658,327,331,566,276,290,46,23,23,10,6,4,36,22,14
HARDIN COUNTY,199,26 Years,615,299,316,530,253,277,42,23,19,13,6,7,30,17,13
HARDIN COUNTY,199,27 Years,599,278,321,522,239,283,37,18,19,8,3,5,32,18,14
HARDIN COUNTY,199,28 Years,645,319,326,566,280,286,32,16,16,5,2,3,42,21,21
HARDIN COUNTY,199,29 Years,660,325,335,578,287,291,40,19,21,8,5,3,34,14,20
HARDIN COUNTY,199,30 Years,684,335,349,593,290,303,36,20,16,12,5,7,43,20,23
HARDIN COUNTY,199,31 Years,724,355,369,625,307,318,39,20,19,16,8,8,44,20,24
HARDIN COUNTY,199,32 Years,707,338,369,618,294,324,42,19,23,12,6,6,35,19,16
HARDIN COUNTY,199,33 Years,708,332,376,613,288,325,44,20,24,10,4,6,41,20,21
HARDIN COUNTY,199,34 Years,676,317,359,593,277,316,36,17,19,9,4,5,38,19,19
HARDIN COUNTY,199,35 Years,653,314,339,582,281,301,31,13,18,12,3,9,28,17,11
HARDIN COUNTY,199,36 Years,637,323,314,565,291,274,32,13,19,9,3,6,31,16,15
HARDIN COUNTY,199,37 Years,623,293,330,552,262,290,27,9,18,11,6,5,33,16,17
HARDIN COUNTY,199,38 Years,681,311,370,592,280,312,43,11,32,13,6,7,33,14,19
HARDIN COUNTY,199,39 Years,699,324,375,611,294,317,44,16,28,19,7,12,25,7,18
HARDIN COUNTY,199,40 Years,767,376,391,689,339,350,35,15,20,14,8,6,29,14,15
HARDIN COUNTY,199,41 Years,802,415,387,720,368,352,38,20,18,11,5,6,33,22,11
HARDIN COUNTY,199,42 Years,703,344,359,612,298,314,36,18,18,17,10,7,38,18,20
HARDIN COUNTY,199,43 Years,712,351,361,634,318,316,32,14,18,12,6,6,34,13,21
HARDIN COUNTY,199,44 Years,739,365,374,654,321,333,39,18,21,18,11,7,28,15,13
HARDIN COUNTY,199,45 Years,745,367,378,651,318,333,45,20,25,16,8,8,33,21,12
HARDIN COUNTY,199,46 Years,785,380,405,676,326,350,57,24,33,15,7,8,37,23,14
HARDIN COUNTY,199,47 Years,785,384,401,685,333,352,54,26,28,15,9,6,31,16,15
HARDIN COUNTY,199,48 Years,818,422,396,732,382,350,45,22,23,16,6,10,25,12,13
HARDIN COUNTY,199,49 Years,832,397,435,742,360,382,39,15,24,19,9,10,32,13,19
HARDIN COUNTY,199,50 Years,866,432,434,775,392,383,47,21,26,16,10,6,28,9,19
HARDIN COUNTY,199,51 Years,858,425,433,762,379,383,55,25,30,15,9,6,26,12,14
HARDIN COUNTY,199,52 Years,846,405,441,765,372,393,48,18,30,14,5,9,19,10,9
HARDIN COUNTY,199,53 Years,840,400,440,758,360,398,46,21,25,13,6,7,23,13,10
HARDIN COUNTY,199,54 Years,831,408,423,749,368,381,47,20,27,13,7,6,22,13,9
HARDIN COUNTY,199,55 Years,838,421,417,762,380,382,40,24,16,15,5,10,21,12,9
HARDIN COUNTY,199,56 Years,804,415,389,714,368,346,53,26,27,14,7,7,23,14,9
HARDIN COUNTY,199,57 Years,776,399,377,692,354,338,49,25,24,11,5,6,24,15,9
HARDIN COUNTY,199,58 Years,718,332,386,647,301,346,44,16,28,10,3,7,17,12,5
HARDIN COUNTY,199,59 Years,660,302,358,597,273,324,39,15,24,7,2,5,17,12,5
HARDIN COUNTY,199,60 Years,703,347,356,624,310,314,42,16,26,11,5,6,26,16,10
HARDIN COUNTY,199,61 Years,668,338,330,601,301,300,37,20,17,9,6,3,21,11,10
HARDIN COUNTY,199,62 Years,644,310,334,596,286,310,28,16,12,8,4,4,12,4,8
HARDIN COUNTY,199,63 Years,658,318,340,610,296,314,29,13,16,10,4,6,9,5,4
HARDIN COUNTY,199,64 Years,636,319,317,582,287,295,35,20,15,6,4,2,13,8,5
HARDIN COUNTY,199,65 Years,504,254,250,461,231,230,25,14,11,7,3,4,11,6,5
HARDIN COUNTY,199,66 Years,523,257,266,478,235,243,26,17,9,8,2,6,11,3,8
HARDIN COUNTY,199,67 Years,510,239,271,462,218,244,35,16,19,4,2,2,9,3,6
HARDIN COUNTY,199,68 Years,512,244,268,469,223,246,28,12,16,6,5,1,9,4,5
HARDIN COUNTY,199,69 Years,491,236,255,451,215,236,26,12,14,7,4,3,7,5,2
HARDIN COUNTY,199,70 Years,436,201,235,399,191,208,21,5,16,8,2,6,8,3,5
HARDIN COUNTY,199,71 Years,401,187,214,370,174,196,19,9,10,4,2,2,8,2,6
HARDIN COUNTY,199,72 Years,358,162,196,332,146,186,19,12,7,1,1,0,6,3,3
HARDIN COUNTY,199,73 Years,341,160,181,314,148,166,16,9,7,3,1,2,8,2,6
HARDIN COUNTY,199,74 Years,326,148,178,300,140,160,18,5,13,1,1,0,7,2,5
HARDIN COUNTY,199,75 Years,310,134,176,288,121,167,15,8,7,1,1,0,6,4,2
HARDIN COUNTY,199,76 Years,299,136,163,285,130,155,10,4,6,3,1,2,1,1,0
HARDIN COUNTY,199,77 Years,270,121,149,254,114,140,7,3,4,1,0,1,8,4,4
HARDIN COUNTY,199,78 Years,270,132,138,251,124,127,11,5,6,3,0,3,5,3,2
HARDIN COUNTY,199,79 Years,246,109,137,232,104,128,11,4,7,1,0,1,2,1,1
HARDIN COUNTY,199,80 Years,219,98,121,208,96,112,9,2,7,1,0,1,1,0,1
HARDIN COUNTY,199,81 Years,222,78,144,208,73,135,8,2,6,4,1,3,2,2,0
HARDIN COUNTY,199,82 Years,208,78,130,186,71,115,14,2,12,5,3,2,3,2,1
HARDIN COUNTY,199,83 Years,198,71,127,182,70,112,11,0,11,3,1,2,2,0,2
HARDIN COUNTY,199,84 Years,174,74,100,166,71,95,7,2,5,0,0,0,1,1,0
HARDIN COUNTY,199,85 Years +,823,282,541,757,261,496,48,15,33,9,1,8,9,5,4
HARRIS COUNTY,201,All Ages,4176764,2080818,2095946,1342077,666236,675841,766888,359270,407618,330564,162729,167835,1737235,892583,844652
HARRIS COUNTY,201,< 1 Year,70839,35968,34871,15680,8004,7676,12545,6365,6180,5106,2510,2596,37508,19089,18419
HARRIS COUNTY,201,1 Years,69221,35202,34019,14731,7552,7179,11989,6076,5913,5037,2520,2517,37464,19054,18410
HARRIS COUNTY,201,2 Years,67592,34392,33200,14123,7216,6907,11599,5850,5749,5129,2639,2490,36741,18687,18054
HARRIS COUNTY,201,3 Years,67458,34408,33050,14053,7229,6824,11620,5867,5753,5105,2683,2422,36680,18629,18051
HARRIS COUNTY,201,4 Years,67073,34187,32886,13992,7185,6807,11803,6053,5750,5049,2564,2485,36229,18385,17844
HARRIS COUNTY,201,5 Years,65685,33395,32290,13886,7118,6768,11674,5864,5810,4922,2494,2428,35203,17919,17284
HARRIS COUNTY,201,6 Years,65117,33141,31976,13918,7047,6871,11574,5823,5751,4848,2467,2381,34777,17804,16973
HARRIS COUNTY,201,7 Years,64616,32854,31762,14065,7144,6921,11496,5837,5659,4826,2437,2389,34229,17436,16793
HARRIS COUNTY,201,8 Years,63878,32585,31293,14234,7304,6930,11297,5784,5513,4826,2449,2377,33521,17048,16473
HARRIS COUNTY,201,9 Years,62902,32368,30534,13911,7171,6740,11462,5972,5490,4663,2375,2288,32866,16850,16016
HARRIS COUNTY,201,10 Years,63761,32690,31071,14173,7307,6866,11738,6001,5737,4713,2457,2256,33137,16925,16212
HARRIS COUNTY,201,11 Years,64316,32880,31436,14711,7514,7197,12022,6193,5829,4590,2363,2227,32993,16810,16183
HARRIS COUNTY,201,12 Years,62381,31887,30494,14554,7419,7135,11931,6232,5699,4257,2170,2087,31639,16066,15573
HARRIS COUNTY,201,13 Years,61685,31593,30092,14521,7487,7034,11953,6109,5844,4275,2183,2092,30936,15814,15122
HARRIS COUNTY,201,14 Years,61008,31149,29859,14819,7588,7231,11819,5955,5864,4337,2199,2138,30033,15407,14626
HARRIS COUNTY,201,15 Years,60440,30972,29468,14902,7673,7229,11775,6013,5762,4261,2179,2082,29502,15107,14395
HARRIS COUNTY,201,16 Years,60737,31104,29633,15052,7696,7356,12104,6183,5921,4177,2135,2042,29404,15090,14314
HARRIS COUNTY,201,17 Years,61339,31481,29858,15263,7805,7458,12495,6372,6123,4180,2138,2042,29401,15166,14235
HARRIS COUNTY,201,18 Years,61256,31700,29556,15096,7862,7234,12695,6476,6219,4160,2128,2032,29305,15234,14071
HARRIS COUNTY,201,19 Years,58322,30492,27830,13535,7153,6382,12135,6201,5934,3912,2053,1859,28740,15085,13655
HARRIS COUNTY,201,20 Years,56600,29520,27080,12088,6387,5701,11949,5880,6069,3813,1978,1835,28750,15275,13475
HARRIS COUNTY,201,21 Years,56769,29510,27259,11895,6214,5681,12111,5833,6278,4007,2061,1946,28756,15402,13354
HARRIS COUNTY,201,22 Years,57168,29345,27823,12239,6149,6090,11870,5561,6309,4442,2269,2173,28617,15366,13251
HARRIS COUNTY,201,23 Years,60129,30805,29324,14181,7028,7153,11646,5368,6278,4873,2471,2402,29429,15938,13491
HARRIS COUNTY,201,24 Years,63885,32573,31312,16664,8108,8556,11763,5430,6333,5070,2509,2561,30388,16526,13862
HARRIS COUNTY,201,25 Years,67539,34639,32900,18763,9293,9470,12201,5693,6508,5505,2716,2789,31070,16937,14133
HARRIS COUNTY,201,26 Years,69242,35382,33860,19718,9874,9844,12103,5581,6522,5789,2860,2929,31632,17067,14565
HARRIS COUNTY,201,27 Years,69200,35186,34014,19715,9960,9755,11925,5447,6478,6147,2993,3154,31413,16786,14627
HARRIS COUNTY,201,28 Years,70431,35951,34480,19995,10114,9881,12071,5567,6504,6387,3056,3331,31978,17214,14764
HARRIS COUNTY,201,29 Years,70641,35899,34742,19947,10116,9831,12258,5600,6658,6327,3043,3284,32109,17140,14969
HARRIS COUNTY,201,30 Years,70754,35695,35059,19832,10104,9728,12454,5660,6794,6160,2956,3204,32308,16975,15333
HARRIS COUNTY,201,31 Years,71192,36045,35147,19867,10160,9707,12713,5739,6974,6132,2995,3137,32480,17151,15329
HARRIS COUNTY,201,32 Years,66868,33706,33162,18372,9477,8895,12110,5476,6634,5904,2863,3041,30482,15890,14592
HARRIS COUNTY,201,33 Years,64819,32628,32191,17433,8937,8496,11422,5150,6272,5648,2775,2873,30316,15766,14550
HARRIS COUNTY,201,34 Years,63110,31948,31162,17008,8696,8312,10994,5005,5989,5344,2619,2725,29764,15628,14136
HARRIS COUNTY,201,35 Years,62365,31431,30934,16589,8468,8121,10695,4823,5872,5529,2705,2824,29552,15435,14117
HARRIS COUNTY,201,36 Years,62525,31393,31132,16748,8539,8209,10642,4900,5742,5544,2760,2784,29591,15194,14397
HARRIS COUNTY,201,37 Years,60706,30458,30248,16373,8330,8043,10677,4906,5771,5500,2697,2803,28156,14525,13631
HARRIS COUNTY,201,38 Years,60554,30171,30383,16415,8434,7981,11049,4974,6075,5614,2738,2876,27476,14025,13451
HARRIS COUNTY,201,39 Years,61192,30523,30669,17753,9083,8670,11144,5076,6068,5515,2669,2846,26780,13695,13085
HARRIS COUNTY,201,40 Years,62154,31083,31071,19090,9636,9454,11352,5304,6048,5579,2667,2912,26133,13476,12657
HARRIS COUNTY,201,41 Years,61362,30748,30614,19447,9911,9536,10923,5072,5851,5437,2609,2828,25555,13156,12399
HARRIS COUNTY,201,42 Years,57492,28951,28541,18422,9434,8988,10066,4637,5429,5167,2540,2627,23837,12340,11497
HARRIS COUNTY,201,43 Years,55583,27961,27622,17924,9114,8810,9840,4586,5254,4841,2390,2451,22978,11871,11107
HARRIS COUNTY,201,44 Years,54484,27140,27344,17923,8985,8938,9998,4585,5413,4440,2157,2283,22123,11413,10710
HARRIS COUNTY,201,45 Years,54110,26943,27167,17942,8997,8945,10125,4621,5504,4423,2163,2260,21620,11162,10458
HARRIS COUNTY,201,46 Years,55667,27635,28032,19448,9679,9769,10556,4759,5797,4354,2128,2226,21309,11069,10240
HARRIS COUNTY,201,47 Years,55651,27584,28067,20369,10180,10189,10403,4716,5687,4513,2217,2296,20366,10471,9895
HARRIS COUNTY,201,48 Years,55490,27364,28126,21031,10426,10605,10288,4657,5631,4520,2227,2293,19651,10054,9597
HARRIS COUNTY,201,49 Years,54907,27134,27773,21749,10762,10987,10308,4676,5632,4203,2055,2148,18647,9641,9006
HARRIS COUNTY,201,50 Years,55424,27219,28205,22464,11123,11341,10659,4817,5842,4163,1990,2173,18138,9289,8849
HARRIS COUNTY,201,51 Years,56380,27805,28575,23446,11668,11778,10772,4908,5864,4217,2030,2187,17945,9199,8746
HARRIS COUNTY,201,52 Years,54804,26886,27918,23663,11836,11827,10617,4774,5843,4121,1960,2161,16403,8316,8087
HARRIS COUNTY,201,53 Years,54379,26726,27653,24265,12205,12060,10446,4752,5694,4061,1918,2143,15607,7851,7756
HARRIS COUNTY,201,54 Years,52494,25857,26637,23758,11999,11759,10109,4620,5489,3938,1872,2066,14689,7366,7323
HARRIS COUNTY,201,55 Years,51090,25013,26077,23373,11615,11758,9752,4471,5281,4014,1913,2101,13951,7014,6937
HARRIS COUNTY,201,56 Years,49933,24626,25307,23204,11739,11465,9520,4363,5157,3973,1899,2074,13236,6625,6611
HARRIS COUNTY,201,57 Years,47323,23233,24090,22507,11313,11194,8883,4018,4865,3778,1834,1944,12155,6068,6087
HARRIS COUNTY,201,58 Years,45338,22050,23288,21908,10979,10929,8526,3847,4679,3672,1743,1929,11232,5481,5751
HARRIS COUNTY,201,59 Years,42657,20620,22037,20961,10500,10461,8122,3597,4525,3429,1607,1822,10145,4916,5229
HARRIS COUNTY,201,60 Years,40286,19376,20910,19479,9614,9865,7775,3453,4322,3333,1535,1798,9699,4774,4925
HARRIS COUNTY,201,61 Years,38783,18602,20181,18978,9359,9619,7386,3230,4156,3347,1552,1795,9072,4461,4611
HARRIS COUNTY,201,62 Years,36594,17590,19004,18346,9091,9255,6900,3036,3864,3192,1501,1691,8156,3962,4194
HARRIS COUNTY,201,63 Years,35704,17216,18488,18598,9163,9435,6336,2836,3500,3019,1458,1561,7751,3759,3992
HARRIS COUNTY,201,64 Years,34344,16474,17870,18663,9209,9454,5814,2553,3261,2748,1298,1450,7119,3414,3705
HARRIS COUNTY,201,65 Years,28377,13573,14804,14694,7258,7436,4917,2131,2786,2373,1146,1227,6393,3038,3355
HARRIS COUNTY,201,66 Years,26347,12535,13812,13576,6622,6954,4648,2010,2638,2275,1116,1159,5848,2787,3061
HARRIS COUNTY,201,67 Years,25056,11762,13294,13394,6449,6945,4311,1842,2469,2012,995,1017,5339,2476,2863
HARRIS COUNTY,201,68 Years,23950,11236,12714,12997,6279,6718,4142,1764,2378,1955,978,977,4856,2215,2641
HARRIS COUNTY,201,69 Years,21270,9984,11286,11448,5548,5900,3724,1576,2148,1819,923,896,4279,1937,2342
HARRIS COUNTY,201,70 Years,19251,8913,10338,10131,4814,5317,3481,1453,2028,1642,835,807,3997,1811,2186
HARRIS COUNTY,201,71 Years,17697,8166,9531,9249,4359,4890,3220,1351,1869,1501,731,770,3727,1725,2002
HARRIS COUNTY,201,72 Years,16197,7444,8753,8646,4049,4597,2867,1210,1657,1338,647,691,3346,1538,1808
HARRIS COUNTY,201,73 Years,15461,6841,8620,8224,3689,4535,2729,1094,1635,1278,624,654,3230,1434,1796
HARRIS COUNTY,201,74 Years,14142,6252,7890,7406,3371,4035,2547,1001,1546,1204,587,617,2985,1293,1692
HARRIS COUNTY,201,75 Years,13435,5782,7653,7193,3212,3981,2439,926,1513,1059,501,558,2744,1143,1601
HARRIS COUNTY,201,76 Years,12935,5579,7356,7084,3088,3996,2347,898,1449,911,475,436,2593,1118,1475
HARRIS COUNTY,201,77 Years,11813,5035,6778,6491,2822,3669,2103,814,1289,863,407,456,2356,992,1364
HARRIS COUNTY,201,78 Years,11006,4619,6387,6202,2677,3525,1971,759,1212,774,354,420,2059,829,1230
HARRIS COUNTY,201,79 Years,10486,4312,6174,6087,2537,3550,1749,652,1097,694,319,375,1956,804,1152
HARRIS COUNTY,201,80 Years,9995,4082,5913,5936,2496,3440,1574,578,996,667,289,378,1818,719,1099
HARRIS COUNTY,201,81 Years,9605,3793,5812,5751,2343,3408,1564,537,1027,638,275,363,1652,638,1014
HARRIS COUNTY,201,82 Years,8631,3329,5302,5274,2108,3166,1370,451,919,523,229,294,1464,541,923
HARRIS COUNTY,201,83 Years,7894,3056,4838,4894,1938,2956,1225,400,825,451,207,244,1324,511,813
HARRIS COUNTY,201,84 Years,7292,2794,4498,4600,1799,2801,1121,373,748,419,172,247,1152,450,702
HARRIS COUNTY,201,85 Years +,38176,12639,25537,25028,8296,16732,5840,1667,4173,2063,780,1283,5245,1896,3349
HARRISON COUNTY,203,All Ages,66527,32729,33798,42923,21139,21784,14352,6686,7666,1520,760,760,7732,4144,3588
HARRISON COUNTY,203,< 1 Year,897,463,434,473,248,225,179,90,89,46,23,23,199,102,97
HARRISON COUNTY,203,1 Years,932,479,453,480,247,233,195,101,94,32,21,11,225,110,115
HARRISON COUNTY,203,2 Years,887,470,417,467,253,214,180,86,94,43,26,17,197,105,92
HARRISON COUNTY,203,3 Years,908,486,422,472,259,213,200,108,92,32,14,18,204,105,99
HARRISON COUNTY,203,4 Years,995,500,495,529,253,276,201,107,94,43,22,21,222,118,104
HARRISON COUNTY,203,5 Years,1000,505,495,550,280,270,197,98,99,45,24,21,208,103,105
HARRISON COUNTY,203,6 Years,965,520,445,538,285,253,193,103,90,39,25,14,195,107,88
HARRISON COUNTY,203,7 Years,977,493,484,546,279,267,196,95,101,39,20,19,196,99,97
HARRISON COUNTY,203,8 Years,952,457,495,522,248,274,194,93,101,38,21,17,198,95,103
HARRISON COUNTY,203,9 Years,953,475,478,537,257,280,197,104,93,37,17,20,182,97,85
HARRISON COUNTY,203,10 Years,958,492,466,562,285,277,184,96,88,29,15,14,183,96,87
HARRISON COUNTY,203,11 Years,989,527,462,580,313,267,201,105,96,32,17,15,176,92,84
HARRISON COUNTY,203,12 Years,955,465,490,550,274,276,219,108,111,24,13,11,162,70,92
HARRISON COUNTY,203,13 Years,965,500,465,564,293,271,206,113,93,28,15,13,167,79,88
HARRISON COUNTY,203,14 Years,958,504,454,571,302,269,199,112,87,26,11,15,162,79,83
HARRISON COUNTY,203,15 Years,927,487,440,556,298,258,187,96,91,30,15,15,154,78,76
HARRISON COUNTY,203,16 Years,937,489,448,549,293,256,211,92,119,21,14,7,156,90,66
HARRISON COUNTY,203,17 Years,975,523,452,580,306,274,224,117,107,25,14,11,146,86,60
HARRISON COUNTY,203,18 Years,946,511,435,564,312,252,215,113,102,23,13,10,144,73,71
HARRISON COUNTY,203,19 Years,920,488,432,497,269,228,260,127,133,20,11,9,143,81,62
HARRISON COUNTY,203,20 Years,875,456,419,430,224,206,280,137,143,16,9,7,149,86,63
HARRISON COUNTY,203,21 Years,903,445,458,444,225,219,295,132,163,14,7,7,150,81,69
HARRISON COUNTY,203,22 Years,882,442,440,463,245,218,269,121,148,17,6,11,133,70,63
HARRISON COUNTY,203,23 Years,868,419,449,482,240,242,225,89,136,19,9,10,142,81,61
HARRISON COUNTY,203,24 Years,793,394,399,438,212,226,203,97,106,14,7,7,138,78,60
HARRISON COUNTY,203,25 Years,808,407,401,460,233,227,188,92,96,19,10,9,141,72,69
HARRISON COUNTY,203,26 Years,825,405,420,501,243,258,174,82,92,16,6,10,134,74,60
HARRISON COUNTY,203,27 Years,773,379,394,459,216,243,171,79,92,15,6,9,128,78,50
HARRISON COUNTY,203,28 Years,777,387,390,477,231,246,161,74,87,12,7,5,127,75,52
HARRISON COUNTY,203,29 Years,788,405,383,475,240,235,157,74,83,14,8,6,142,83,59
HARRISON COUNTY,203,30 Years,850,423,427,539,269,270,168,74,94,17,9,8,126,71,55
HARRISON COUNTY,203,31 Years,842,397,445,525,248,277,167,66,101,14,4,10,136,79,57
HARRISON COUNTY,203,32 Years,760,370,390,463,216,247,148,64,84,23,12,11,126,78,48
HARRISON COUNTY,203,33 Years,806,384,422,516,238,278,147,66,81,15,7,8,128,73,55
HARRISON COUNTY,203,34 Years,789,377,412,484,232,252,160,70,90,13,6,7,132,69,63
HARRISON COUNTY,203,35 Years,759,384,375,464,244,220,164,74,90,13,5,8,118,61,57
HARRISON COUNTY,203,36 Years,771,407,364,478,257,221,159,76,83,13,5,8,121,69,52
HARRISON COUNTY,203,37 Years,727,373,354,456,227,229,139,72,67,17,5,12,115,69,46
HARRISON COUNTY,203,38 Years,783,377,406,508,241,267,147,71,76,24,12,12,104,53,51
HARRISON COUNTY,203,39 Years,834,420,414,536,264,272,158,81,77,27,10,17,113,65,48
HARRISON COUNTY,203,40 Years,881,427,454,577,287,290,179,75,104,22,9,13,103,56,47
HARRISON COUNTY,203,41 Years,903,445,458,605,301,304,176,80,96,19,8,11,103,56,47
HARRISON COUNTY,203,42 Years,806,391,415,539,269,270,162,66,96,17,9,8,88,47,41
HARRISON COUNTY,203,43 Years,743,363,380,506,253,253,150,61,89,17,10,7,70,39,31
HARRISON COUNTY,203,44 Years,749,360,389,508,246,262,150,68,82,12,4,8,79,42,37
HARRISON COUNTY,203,45 Years,767,355,412,518,239,279,169,74,95,8,2,6,72,40,32
HARRISON COUNTY,203,46 Years,912,424,488,631,294,337,196,82,114,8,3,5,77,45,32
HARRISON COUNTY,203,47 Years,931,421,510,643,291,352,200,84,116,14,4,10,74,42,32
HARRISON COUNTY,203,48 Years,997,477,520,690,334,356,222,100,122,16,8,8,69,35,34
HARRISON COUNTY,203,49 Years,968,489,479,685,351,334,201,91,110,19,12,7,63,35,28
HARRISON COUNTY,203,50 Years,980,507,473,696,365,331,217,105,112,14,6,8,53,31,22
HARRISON COUNTY,203,51 Years,960,480,480,679,344,335,215,95,120,12,8,4,54,33,21
HARRISON COUNTY,203,52 Years,970,490,480,709,354,355,198,99,99,13,6,7,50,31,19
HARRISON COUNTY,203,53 Years,1031,527,504,721,359,362,224,120,104,21,10,11,65,38,27
HARRISON COUNTY,203,54 Years,1003,512,491,725,368,357,209,107,102,25,11,14,44,26,18
HARRISON COUNTY,203,55 Years,951,466,485,676,332,344,211,100,111,21,13,8,43,21,22
HARRISON COUNTY,203,56 Years,948,467,481,681,330,351,204,100,104,23,11,12,40,26,14
HARRISON COUNTY,203,57 Years,898,423,475,654,303,351,189,92,97,20,11,9,35,17,18
HARRISON COUNTY,203,58 Years,870,400,470,625,283,342,196,92,104,15,6,9,34,19,15
HARRISON COUNTY,203,59 Years,839,398,441,600,290,310,192,86,106,21,8,13,26,14,12
HARRISON COUNTY,203,60 Years,807,379,428,577,269,308,192,94,98,15,7,8,23,9,14
HARRISON COUNTY,203,61 Years,819,403,416,594,289,305,188,97,91,14,9,5,23,8,15
HARRISON COUNTY,203,62 Years,817,382,435,605,291,314,174,77,97,18,7,11,20,7,13
HARRISON COUNTY,203,63 Years,847,424,423,633,328,305,177,79,98,16,9,7,21,8,13
HARRISON COUNTY,203,64 Years,820,403,417,623,310,313,153,71,82,21,12,9,23,10,13
HARRISON COUNTY,203,65 Years,691,349,342,521,270,251,137,61,76,13,8,5,20,10,10
HARRISON COUNTY,203,66 Years,634,304,330,470,228,242,139,62,77,9,5,4,16,9,7
HARRISON COUNTY,203,67 Years,582,291,291,439,223,216,122,56,66,8,4,4,13,8,5
HARRISON COUNTY,203,68 Years,596,306,290,450,237,213,124,56,68,8,5,3,14,8,6
HARRISON COUNTY,203,69 Years,544,263,281,414,205,209,111,49,62,10,4,6,9,5,4
HARRISON COUNTY,203,70 Years,480,229,251,371,175,196,96,46,50,5,2,3,8,6,2
HARRISON COUNTY,203,71 Years,472,231,241,366,176,190,94,47,47,6,4,2,6,4,2
HARRISON COUNTY,203,72 Years,441,206,235,343,168,175,85,31,54,7,2,5,6,5,1
HARRISON COUNTY,203,73 Years,414,186,228,331,152,179,71,28,43,5,3,2,7,3,4
HARRISON COUNTY,203,74 Years,389,168,221,297,131,166,77,31,46,6,3,3,9,3,6
HARRISON COUNTY,203,75 Years,383,160,223,301,131,170,70,24,46,3,1,2,9,4,5
HARRISON COUNTY,203,76 Years,353,157,196,273,127,146,70,27,43,4,1,3,6,2,4
HARRISON COUNTY,203,77 Years,319,130,189,256,108,148,59,21,38,2,1,1,2,0,2
HARRISON COUNTY,203,78 Years,319,130,189,254,112,142,59,16,43,2,2,0,4,0,4
HARRISON COUNTY,203,79 Years,290,119,171,231,99,132,51,16,35,5,3,2,3,1,2
HARRISON COUNTY,203,80 Years,288,115,173,221,96,125,62,17,45,2,1,1,3,1,2
HARRISON COUNTY,203,81 Years,267,107,160,209,89,120,53,16,37,2,0,2,3,2,1
HARRISON COUNTY,203,82 Years,230,93,137,182,75,107,43,15,28,4,2,2,1,1,0
HARRISON COUNTY,203,83 Years,216,87,129,160,67,93,51,19,32,2,1,1,3,0,3
HARRISON COUNTY,203,84 Years,190,73,117,139,53,86,44,16,28,1,0,1,6,4,2
HARRISON COUNTY,203,85 Years +,1003,327,676,710,238,472,272,82,190,11,4,7,10,3,7
HARTLEY COUNTY,205,All Ages,6075,3714,2361,4100,2242,1858,413,409,4,93,46,47,1469,1017,452
HARTLEY COUNTY,205,< 1 Year,52,27,25,33,17,16,0,0,0,2,2,0,17,8,9
HARTLEY COUNTY,205,1 Years,58,34,24,35,20,15,1,0,1,2,2,0,20,12,8
HARTLEY COUNTY,205,2 Years,64,37,27,40,23,17,0,0,0,1,1,0,23,13,10
HARTLEY COUNTY,205,3 Years,69,38,31,49,26,23,0,0,0,1,0,1,19,12,7
HARTLEY COUNTY,205,4 Years,76,39,37,53,28,25,0,0,0,1,0,1,22,11,11
HARTLEY COUNTY,205,5 Years,78,37,41,54,26,28,1,1,0,0,0,0,23,10,13
HARTLEY COUNTY,205,6 Years,81,41,40,50,28,22,1,1,0,1,0,1,29,12,17
HARTLEY COUNTY,205,7 Years,79,40,39,51,27,24,0,0,0,1,0,1,27,13,14
HARTLEY COUNTY,205,8 Years,79,45,34,49,29,20,0,0,0,1,1,0,29,15,14
HARTLEY COUNTY,205,9 Years,82,39,43,53,29,24,0,0,0,3,1,2,26,9,17
HARTLEY COUNTY,205,10 Years,73,40,33,48,31,17,0,0,0,1,0,1,24,9,15
HARTLEY COUNTY,205,11 Years,78,38,40,58,29,29,0,0,0,2,2,0,18,7,11
HARTLEY COUNTY,205,12 Years,90,41,49,63,27,36,1,0,1,3,1,2,23,13,10
HARTLEY COUNTY,205,13 Years,76,40,36,52,26,26,1,1,0,1,1,0,22,12,10
HARTLEY COUNTY,205,14 Years,72,41,31,52,27,25,1,1,0,2,2,0,17,11,6
HARTLEY COUNTY,205,15 Years,82,41,41,56,28,28,1,1,0,2,1,1,23,11,12
HARTLEY COUNTY,205,16 Years,66,30,36,46,21,25,1,1,0,2,1,1,17,7,10
HARTLEY COUNTY,205,17 Years,82,36,46,59,26,33,1,1,0,2,1,1,20,8,12
HARTLEY COUNTY,205,18 Years,75,38,37,55,25,30,0,0,0,1,1,0,19,12,7
HARTLEY COUNTY,205,19 Years,55,33,22,37,21,16,0,0,0,3,2,1,15,10,5
HARTLEY COUNTY,205,20 Years,36,23,13,20,12,8,0,0,0,2,2,0,14,9,5
HARTLEY COUNTY,205,21 Years,33,20,13,16,11,5,0,0,0,3,1,2,14,8,6
HARTLEY COUNTY,205,22 Years,29,16,13,18,11,7,0,0,0,2,0,2,9,5,4
HARTLEY COUNTY,205,23 Years,30,16,14,18,11,7,1,1,0,1,0,1,10,4,6
HARTLEY COUNTY,205,24 Years,41,25,16,23,16,7,1,1,0,1,0,1,16,8,8
HARTLEY COUNTY,205,25 Years,38,22,16,22,12,10,1,1,0,2,1,1,13,8,5
HARTLEY COUNTY,205,26 Years,66,41,25,35,18,17,6,6,0,2,1,1,23,16,7
HARTLEY COUNTY,205,27 Years,113,86,27,45,25,20,20,20,0,1,0,1,47,41,6
HARTLEY COUNTY,205,28 Years,92,74,18,59,45,14,8,8,0,2,0,2,23,21,2
HARTLEY COUNTY,205,29 Years,102,86,16,49,37,12,21,21,0,1,0,1,31,28,3
HARTLEY COUNTY,205,30 Years,106,77,29,50,32,18,19,19,0,0,0,0,37,26,11
HARTLEY COUNTY,205,31 Years,91,62,29,40,20,20,17,17,0,4,4,0,30,21,9
HARTLEY COUNTY,205,32 Years,90,62,28,41,21,20,16,16,0,3,2,1,30,23,7
HARTLEY COUNTY,205,33 Years,103,66,37,59,29,30,15,14,1,0,0,0,29,23,6
HARTLEY COUNTY,205,34 Years,108,76,32,55,32,23,16,16,0,1,0,1,36,28,8
HARTLEY COUNTY,205,35 Years,113,82,31,54,33,21,13,13,0,3,1,2,43,35,8
HARTLEY COUNTY,205,36 Years,107,82,25,56,38,18,14,14,0,1,0,1,36,30,6
HARTLEY COUNTY,205,37 Years,110,76,34,68,45,23,8,8,0,1,1,0,33,22,11
HARTLEY COUNTY,205,38 Years,108,67,41,65,35,30,5,5,0,1,1,0,37,26,11
HARTLEY COUNTY,205,39 Years,123,81,42,71,38,33,16,16,0,0,0,0,36,27,9
HARTLEY COUNTY,205,40 Years,124,88,36,68,39,29,19,19,0,1,0,1,36,30,6
HARTLEY COUNTY,205,41 Years,115,83,32,63,38,25,15,15,0,1,1,0,36,29,7
HARTLEY COUNTY,205,42 Years,109,81,28,61,41,20,15,15,0,1,1,0,32,24,8
HARTLEY COUNTY,205,43 Years,121,93,28,71,49,22,13,13,0,1,1,0,36,30,6
HARTLEY COUNTY,205,44 Years,97,69,28,63,38,25,7,7,0,1,1,0,26,23,3
HARTLEY COUNTY,205,45 Years,99,71,28,62,37,25,19,19,0,3,1,2,15,14,1
HARTLEY COUNTY,205,46 Years,97,69,28,44,24,20,17,17,0,2,0,2,34,28,6
HARTLEY COUNTY,205,47 Years,129,101,28,75,51,24,9,9,0,1,0,1,44,41,3
HARTLEY COUNTY,205,48 Years,103,74,29,67,44,23,11,11,0,1,0,1,24,19,5
HARTLEY COUNTY,205,49 Years,95,60,35,67,37,30,9,9,0,1,0,1,18,14,4
HARTLEY COUNTY,205,50 Years,110,73,37,89,55,34,7,7,0,0,0,0,14,11,3
HARTLEY COUNTY,205,51 Years,115,87,28,85,60,25,10,10,0,0,0,0,20,17,3
HARTLEY COUNTY,205,52 Years,77,47,30,54,27,27,7,7,0,0,0,0,16,13,3
HARTLEY COUNTY,205,53 Years,99,69,30,68,43,25,16,16,0,0,0,0,15,10,5
HARTLEY COUNTY,205,54 Years,79,52,27,60,35,25,4,4,0,1,1,0,14,12,2
HARTLEY COUNTY,205,55 Years,75,49,26,64,38,26,3,3,0,1,1,0,7,7,0
HARTLEY COUNTY,205,56 Years,72,47,25,67,42,25,3,3,0,0,0,0,2,2,0
HARTLEY COUNTY,205,57 Years,71,38,33,53,22,31,2,2,0,1,0,1,15,14,1
HARTLEY COUNTY,205,58 Years,61,34,27,44,21,23,5,5,0,1,0,1,11,8,3
HARTLEY COUNTY,205,59 Years,66,38,28,56,32,24,4,3,1,2,1,1,4,2,2
HARTLEY COUNTY,205,60 Years,53,27,26,43,19,24,3,3,0,1,0,1,6,5,1
HARTLEY COUNTY,205,61 Years,64,40,24,54,31,23,3,3,0,0,0,0,7,6,1
HARTLEY COUNTY,205,62 Years,49,27,22,44,24,20,0,0,0,1,0,1,4,3,1
HARTLEY COUNTY,205,63 Years,59,30,29,52,26,26,1,1,0,1,1,0,5,2,3
HARTLEY COUNTY,205,64 Years,60,28,32,53,25,28,0,0,0,1,1,0,6,2,4
HARTLEY COUNTY,205,65 Years,43,21,22,37,16,21,0,0,0,0,0,0,6,5,1
HARTLEY COUNTY,205,66 Years,34,16,18,31,14,17,1,1,0,0,0,0,2,1,1
HARTLEY COUNTY,205,67 Years,43,21,22,39,19,20,0,0,0,1,0,1,3,2,1
HARTLEY COUNTY,205,68 Years,37,14,23,34,13,21,1,1,0,1,0,1,1,0,1
HARTLEY COUNTY,205,69 Years,53,29,24,48,24,24,1,1,0,1,1,0,3,3,0
HARTLEY COUNTY,205,70 Years,54,23,31,50,21,29,0,0,0,1,1,0,3,1,2
HARTLEY COUNTY,205,71 Years,46,24,22,43,22,21,1,1,0,0,0,0,2,1,1
HARTLEY COUNTY,205,72 Years,31,16,15,28,14,14,0,0,0,0,0,0,3,2,1
HARTLEY COUNTY,205,73 Years,34,18,16,33,17,16,0,0,0,0,0,0,1,1,0
HARTLEY COUNTY,205,74 Years,33,14,19,30,13,17,0,0,0,0,0,0,3,1,2
HARTLEY COUNTY,205,75 Years,31,13,18,29,12,17,0,0,0,0,0,0,2,1,1
HARTLEY COUNTY,205,76 Years,29,13,16,28,12,16,1,1,0,0,0,0,0,0,0
HARTLEY COUNTY,205,77 Years,29,13,16,28,12,16,0,0,0,0,0,0,1,1,0
HARTLEY COUNTY,205,78 Years,21,8,13,20,8,12,0,0,0,0,0,0,1,0,1
HARTLEY COUNTY,205,79 Years,27,14,13,24,12,12,0,0,0,0,0,0,3,2,1
HARTLEY COUNTY,205,80 Years,24,15,9,23,14,9,0,0,0,0,0,0,1,1,0
HARTLEY COUNTY,205,81 Years,25,9,16,24,9,15,0,0,0,1,0,1,0,0,0
HARTLEY COUNTY,205,82 Years,18,6,12,17,6,11,0,0,0,1,0,1,0,0,0
HARTLEY COUNTY,205,83 Years,22,10,12,21,9,12,0,0,0,1,1,0,0,0,0
HARTLEY COUNTY,205,84 Years,21,11,10,20,10,10,0,0,0,0,0,0,1,1,0
HARTLEY COUNTY,205,85 Years +,115,36,79,109,32,77,0,0,0,0,0,0,6,4,2
HASKELL COUNTY,207,All Ages,5919,3120,2799,4132,2134,1998,198,130,68,135,82,53,1454,774,680
HASKELL COUNTY,207,< 1 Year,58,32,26,32,17,15,1,1,0,2,1,1,23,13,10
HASKELL COUNTY,207,1 Years,65,30,35,32,14,18,2,0,2,1,0,1,30,16,14
HASKELL COUNTY,207,2 Years,66,32,34,30,12,18,2,1,1,3,2,1,31,17,14
HASKELL COUNTY,207,3 Years,65,34,31,34,18,16,2,2,0,4,3,1,25,11,14
HASKELL COUNTY,207,4 Years,61,29,32,32,16,16,0,0,0,3,2,1,26,11,15
HASKELL COUNTY,207,5 Years,56,33,23,26,14,12,1,1,0,4,4,0,25,14,11
HASKELL COUNTY,207,6 Years,67,35,32,39,21,18,2,1,1,1,1,0,25,12,13
HASKELL COUNTY,207,7 Years,67,35,32,37,22,15,2,1,1,2,0,2,26,12,14
HASKELL COUNTY,207,8 Years,79,37,42,51,28,23,1,1,0,4,0,4,23,8,15
HASKELL COUNTY,207,9 Years,78,39,39,41,19,22,6,4,2,2,1,1,29,15,14
HASKELL COUNTY,207,10 Years,63,35,28,29,17,12,3,1,2,2,2,0,29,15,14
HASKELL COUNTY,207,11 Years,76,42,34,48,27,21,4,1,3,4,4,0,20,10,10
HASKELL COUNTY,207,12 Years,75,40,35,42,23,19,2,1,1,1,1,0,30,15,15
HASKELL COUNTY,207,13 Years,57,35,22,33,20,13,0,0,0,1,1,0,23,14,9
HASKELL COUNTY,207,14 Years,62,36,26,37,22,15,2,1,1,2,1,1,21,12,9
HASKELL COUNTY,207,15 Years,70,39,31,43,27,16,3,1,2,2,2,0,22,9,13
HASKELL COUNTY,207,16 Years,74,37,37,43,23,20,4,1,3,4,3,1,23,10,13
HASKELL COUNTY,207,17 Years,72,35,37,45,23,22,1,1,0,5,3,2,21,8,13
HASKELL COUNTY,207,18 Years,77,35,42,53,28,25,0,0,0,4,0,4,20,7,13
HASKELL COUNTY,207,19 Years,69,35,34,41,23,18,1,0,1,2,1,1,25,11,14
HASKELL COUNTY,207,20 Years,65,37,28,36,20,16,2,2,0,1,1,0,26,14,12
HASKELL COUNTY,207,21 Years,62,38,24,36,20,16,3,3,0,0,0,0,23,15,8
HASKELL COUNTY,207,22 Years,59,39,20,36,25,11,5,4,1,1,1,0,17,9,8
HASKELL COUNTY,207,23 Years,59,40,19,32,22,10,2,2,0,3,1,2,22,15,7
HASKELL COUNTY,207,24 Years,58,40,18,30,20,10,4,2,2,3,2,1,21,16,5
HASKELL COUNTY,207,25 Years,57,37,20,36,23,13,2,2,0,1,0,1,18,12,6
HASKELL COUNTY,207,26 Years,56,31,25,36,18,18,2,2,0,1,1,0,17,10,7
HASKELL COUNTY,207,27 Years,64,33,31,42,20,22,2,2,0,1,1,0,19,10,9
HASKELL COUNTY,207,28 Years,63,40,23,37,21,16,4,4,0,2,2,0,20,13,7
HASKELL COUNTY,207,29 Years,67,43,24,36,19,17,4,4,0,1,1,0,26,19,7
HASKELL COUNTY,207,30 Years,65,43,22,42,25,17,4,3,1,2,2,0,17,13,4
HASKELL COUNTY,207,31 Years,73,43,30,53,31,22,3,2,1,1,1,0,16,9,7
HASKELL COUNTY,207,32 Years,75,45,30,54,31,23,3,3,0,2,1,1,16,10,6
HASKELL COUNTY,207,33 Years,64,38,26,43,23,20,4,3,1,2,1,1,15,11,4
HASKELL COUNTY,207,34 Years,68,42,26,43,28,15,5,4,1,2,2,0,18,8,10
HASKELL COUNTY,207,35 Years,73,42,31,47,26,21,3,3,0,2,1,1,21,12,9
HASKELL COUNTY,207,36 Years,71,39,32,47,26,21,4,3,1,1,0,1,19,10,9
HASKELL COUNTY,207,37 Years,65,39,26,43,25,18,6,5,1,0,0,0,16,9,7
HASKELL COUNTY,207,38 Years,67,41,26,51,31,20,4,3,1,1,1,0,11,6,5
HASKELL COUNTY,207,39 Years,61,34,27,38,22,16,4,3,1,1,1,0,18,8,10
HASKELL COUNTY,207,40 Years,64,35,29,40,24,16,1,1,0,4,3,1,19,7,12
HASKELL COUNTY,207,41 Years,72,36,36,49,27,22,3,1,2,2,1,1,18,7,11
HASKELL COUNTY,207,42 Years,63,40,23,40,27,13,3,2,1,2,2,0,18,9,9
HASKELL COUNTY,207,43 Years,64,36,28,37,19,18,3,1,2,2,1,1,22,15,7
HASKELL COUNTY,207,44 Years,63,39,24,36,22,14,5,4,1,2,1,1,20,12,8
HASKELL COUNTY,207,45 Years,69,40,29,44,27,17,5,3,2,2,2,0,18,8,10
HASKELL COUNTY,207,46 Years,68,35,33,48,26,22,1,0,1,1,1,0,18,8,10
HASKELL COUNTY,207,47 Years,76,40,36,57,27,30,2,2,0,0,0,0,17,11,6
HASKELL COUNTY,207,48 Years,92,48,44,64,34,30,4,1,3,3,1,2,21,12,9
HASKELL COUNTY,207,49 Years,98,49,49,71,36,35,4,3,1,1,0,1,22,10,12
HASKELL COUNTY,207,50 Years,93,47,46,66,30,36,4,3,1,2,1,1,21,13,8
HASKELL COUNTY,207,51 Years,97,46,51,72,31,41,4,2,2,1,1,0,20,12,8
HASKELL COUNTY,207,52 Years,84,42,42,58,31,27,1,0,1,2,1,1,23,10,13
HASKELL COUNTY,207,53 Years,75,45,30,52,30,22,3,3,0,2,1,1,18,11,7
HASKELL COUNTY,207,54 Years,85,49,36,64,35,29,2,2,0,1,1,0,18,11,7
HASKELL COUNTY,207,55 Years,86,39,47,63,25,38,2,1,1,4,2,2,17,11,6
HASKELL COUNTY,207,56 Years,92,46,46,69,30,39,3,2,1,3,2,1,17,12,5
HASKELL COUNTY,207,57 Years,72,41,31,55,29,26,3,2,1,0,0,0,14,10,4
HASKELL COUNTY,207,58 Years,85,52,33,67,41,26,1,1,0,1,0,1,16,10,6
HASKELL COUNTY,207,59 Years,82,50,32,68,42,26,1,1,0,0,0,0,13,7,6
HASKELL COUNTY,207,60 Years,89,48,41,70,37,33,2,2,0,1,0,1,16,9,7
HASKELL COUNTY,207,61 Years,87,43,44,69,35,34,3,2,1,1,0,1,14,6,8
HASKELL COUNTY,207,62 Years,79,41,38,56,30,26,2,1,1,3,1,2,18,9,9
HASKELL COUNTY,207,63 Years,80,36,44,64,30,34,2,1,1,1,0,1,13,5,8
HASKELL COUNTY,207,64 Years,79,36,43,59,24,35,4,3,1,1,1,0,15,8,7
HASKELL COUNTY,207,65 Years,56,28,28,41,19,22,2,1,1,2,1,1,11,7,4
HASKELL COUNTY,207,66 Years,71,36,35,59,30,29,1,0,1,1,1,0,10,5,5
HASKELL COUNTY,207,67 Years,76,35,41,68,29,39,2,2,0,0,0,0,6,4,2
HASKELL COUNTY,207,68 Years,66,24,42,56,19,37,3,2,1,0,0,0,7,3,4
HASKELL COUNTY,207,69 Years,70,33,37,57,30,27,2,0,2,1,0,1,10,3,7
HASKELL COUNTY,207,70 Years,60,33,27,49,29,20,2,0,2,0,0,0,9,4,5
HASKELL COUNTY,207,71 Years,60,27,33,51,22,29,1,0,1,1,1,0,7,4,3
HASKELL COUNTY,207,72 Years,45,22,23,38,18,20,0,0,0,1,1,0,6,3,3
HASKELL COUNTY,207,73 Years,53,31,22,46,27,19,0,0,0,1,1,0,6,3,3
HASKELL COUNTY,207,74 Years,48,21,27,42,18,24,0,0,0,0,0,0,6,3,3
HASKELL COUNTY,207,75 Years,57,27,30,51,24,27,0,0,0,0,0,0,6,3,3
HASKELL COUNTY,207,76 Years,55,25,30,45,21,24,1,1,0,1,0,1,8,3,5
HASKELL COUNTY,207,77 Years,51,24,27,46,23,23,0,0,0,0,0,0,5,1,4
HASKELL COUNTY,207,78 Years,51,25,26,45,21,24,1,1,0,1,1,0,4,2,2
HASKELL COUNTY,207,79 Years,44,19,25,39,15,24,0,0,0,0,0,0,5,4,1
HASKELL COUNTY,207,80 Years,41,17,24,35,15,20,1,0,1,0,0,0,5,2,3
HASKELL COUNTY,207,81 Years,49,21,28,44,20,24,0,0,0,0,0,0,5,1,4
HASKELL COUNTY,207,82 Years,42,16,26,38,16,22,0,0,0,1,0,1,3,0,3
HASKELL COUNTY,207,83 Years,42,18,24,37,16,21,0,0,0,0,0,0,5,2,3
HASKELL COUNTY,207,84 Years,43,21,22,41,20,21,0,0,0,0,0,0,2,1,1
HASKELL COUNTY,207,85 Years +,196,69,127,180,63,117,5,1,4,2,1,1,9,4,5
HAYS COUNTY,209,All Ages,163839,81637,82202,95178,47277,47901,5137,2794,2343,4936,2378,2558,58588,29188,29400
HAYS COUNTY,209,< 1 Year,2227,1130,1097,1086,555,531,46,23,23,72,37,35,1023,515,508
HAYS COUNTY,209,1 Years,2178,1111,1067,1021,518,503,45,28,17,77,40,37,1035,525,510
HAYS COUNTY,209,2 Years,2095,1062,1033,901,460,441,49,25,24,76,33,43,1069,544,525
HAYS COUNTY,209,3 Years,2126,1058,1068,907,460,447,61,27,34,69,38,31,1089,533,556
HAYS COUNTY,209,4 Years,2164,1111,1053,924,494,430,51,30,21,77,42,35,1112,545,567
HAYS COUNTY,209,5 Years,2187,1140,1047,962,515,447,59,32,27,92,45,47,1074,548,526
HAYS COUNTY,209,6 Years,2210,1132,1078,988,505,483,62,34,28,73,33,40,1087,560,527
HAYS COUNTY,209,7 Years,2225,1105,1120,1025,506,519,53,31,22,77,38,39,1070,530,540
HAYS COUNTY,209,8 Years,2246,1163,1083,992,529,463,61,31,30,84,40,44,1109,563,546
HAYS COUNTY,209,9 Years,2222,1137,1085,1001,517,484,63,34,29,82,35,47,1076,551,525
HAYS COUNTY,209,10 Years,2357,1181,1176,1052,530,522,69,32,37,98,42,56,1138,577,561
HAYS COUNTY,209,11 Years,2363,1241,1122,1038,559,479,65,33,32,75,36,39,1185,613,572
HAYS COUNTY,209,12 Years,2340,1227,1113,1039,552,487,73,44,29,81,44,37,1147,587,560
HAYS COUNTY,209,13 Years,2287,1178,1109,1048,534,514,65,37,28,85,47,38,1089,560,529
HAYS COUNTY,209,14 Years,2252,1199,1053,1056,556,500,69,40,29,77,43,34,1050,560,490
HAYS COUNTY,209,15 Years,2266,1188,1078,1081,561,520,71,41,30,66,39,27,1048,547,501
HAYS COUNTY,209,16 Years,2196,1132,1064,1038,527,511,75,43,32,71,36,35,1012,526,486
HAYS COUNTY,209,17 Years,2242,1167,1075,1024,522,502,98,57,41,91,48,43,1029,540,489
HAYS COUNTY,209,18 Years,3142,1509,1633,1569,743,826,143,68,75,121,62,59,1309,636,673
HAYS COUNTY,209,19 Years,4532,2077,2455,2431,1077,1354,250,116,134,145,67,78,1706,817,889
HAYS COUNTY,209,20 Years,4958,2261,2697,2912,1321,1591,224,110,114,131,59,72,1691,771,920
HAYS COUNTY,209,21 Years,4873,2305,2568,2989,1393,1596,206,93,113,157,81,76,1521,738,783
HAYS COUNTY,209,22 Years,4500,2368,2132,2811,1458,1353,203,111,92,192,96,96,1294,703,591
HAYS COUNTY,209,23 Years,4249,2231,2018,2641,1372,1269,186,108,78,150,79,71,1272,672,600
HAYS COUNTY,209,24 Years,3219,1794,1425,2013,1129,884,98,74,24,132,75,57,976,516,460
HAYS COUNTY,209,25 Years,2698,1374,1324,1551,787,764,72,40,32,112,62,50,963,485,478
HAYS COUNTY,209,26 Years,2360,1248,1112,1295,696,599,75,47,28,80,44,36,910,461,449
HAYS COUNTY,209,27 Years,2245,1193,1052,1201,650,551,71,45,26,72,30,42,901,468,433
HAYS COUNTY,209,28 Years,2123,1139,984,1154,637,517,59,33,26,70,34,36,840,435,405
HAYS COUNTY,209,29 Years,2038,1099,939,1071,591,480,76,44,32,69,40,29,822,424,398
HAYS COUNTY,209,30 Years,2009,1031,978,1069,562,507,54,30,24,78,35,43,808,404,404
HAYS COUNTY,209,31 Years,2139,1080,1059,1118,574,544,54,28,26,73,37,36,894,441,453
HAYS COUNTY,209,32 Years,2024,1045,979,1052,544,508,64,35,29,61,28,33,847,438,409
HAYS COUNTY,209,33 Years,1995,1014,981,1025,524,501,66,38,28,65,30,35,839,422,417
HAYS COUNTY,209,34 Years,2039,1016,1023,1063,531,532,68,41,27,64,26,38,844,418,426
HAYS COUNTY,209,35 Years,2021,998,1023,1007,512,495,70,38,32,72,32,40,872,416,456
HAYS COUNTY,209,36 Years,2110,1022,1088,1057,514,543,67,35,32,57,23,34,929,450,479
HAYS COUNTY,209,37 Years,2048,1003,1045,1058,511,547,59,31,28,53,22,31,878,439,439
HAYS COUNTY,209,38 Years,2056,1039,1017,1073,537,536,78,45,33,65,30,35,840,427,413
HAYS COUNTY,209,39 Years,2128,1011,1117,1175,539,636,68,35,33,61,29,32,824,408,416
HAYS COUNTY,209,40 Years,2293,1098,1195,1323,634,689,80,45,35,71,34,37,819,385,434
HAYS COUNTY,209,41 Years,2188,1104,1084,1249,631,618,69,41,28,80,39,41,790,393,397
HAYS COUNTY,209,42 Years,2031,1025,1006,1145,591,554,55,34,21,68,31,37,763,369,394
HAYS COUNTY,209,43 Years,1986,1037,949,1135,583,552,68,46,22,46,19,27,737,389,348
HAYS COUNTY,209,44 Years,1959,1000,959,1124,565,559,69,45,24,48,16,32,718,374,344
HAYS COUNTY,209,45 Years,1953,982,971,1097,538,559,65,48,17,52,23,29,739,373,366
HAYS COUNTY,209,46 Years,2084,1026,1058,1264,623,641,60,30,30,54,25,29,706,348,358
HAYS COUNTY,209,47 Years,2072,993,1079,1267,599,668,61,24,37,49,24,25,695,346,349
HAYS COUNTY,209,48 Years,2056,1009,1047,1285,610,675,62,37,25,58,30,28,651,332,319
HAYS COUNTY,209,49 Years,2119,1034,1085,1377,653,724,65,37,28,47,23,24,630,321,309
HAYS COUNTY,209,50 Years,2080,988,1092,1398,634,764,66,38,28,47,24,23,569,292,277
HAYS COUNTY,209,51 Years,2103,1070,1033,1409,708,701,87,49,38,49,20,29,558,293,265
HAYS COUNTY,209,52 Years,2015,1028,987,1363,700,663,70,42,28,49,20,29,533,266,267
HAYS COUNTY,209,53 Years,2000,972,1028,1385,676,709,62,37,25,51,17,34,502,242,260
HAYS COUNTY,209,54 Years,1928,931,997,1343,645,698,56,34,22,49,19,30,480,233,247
HAYS COUNTY,209,55 Years,1838,878,960,1289,616,673,57,33,24,39,18,21,453,211,242
HAYS COUNTY,209,56 Years,1924,932,992,1386,672,714,61,32,29,42,19,23,435,209,226
HAYS COUNTY,209,57 Years,1812,881,931,1322,645,677,54,30,24,39,19,20,397,187,210
HAYS COUNTY,209,58 Years,1815,879,936,1331,655,676,46,26,20,43,20,23,395,178,217
HAYS COUNTY,209,59 Years,1718,854,864,1263,626,637,40,26,14,41,18,23,374,184,190
HAYS COUNTY,209,60 Years,1643,802,841,1217,597,620,44,23,21,40,17,23,342,165,177
HAYS COUNTY,209,61 Years,1589,800,789,1186,608,578,34,18,16,37,20,17,332,154,178
HAYS COUNTY,209,62 Years,1479,749,730,1089,556,533,36,20,16,32,17,15,322,156,166
HAYS COUNTY,209,63 Years,1509,743,766,1129,567,562,20,11,9,32,13,19,328,152,176
HAYS COUNTY,209,64 Years,1543,776,767,1180,604,576,15,6,9,29,16,13,319,150,169
HAYS COUNTY,209,65 Years,1265,639,626,954,494,460,27,10,17,26,9,17,258,126,132
HAYS COUNTY,209,66 Years,1162,570,592,867,436,431,26,10,16,22,10,12,247,114,133
HAYS COUNTY,209,67 Years,1092,518,574,826,401,425,19,7,12,21,10,11,226,100,126
HAYS COUNTY,209,68 Years,1019,490,529,791,398,393,17,8,9,17,7,10,194,77,117
HAYS COUNTY,209,69 Years,885,417,468,678,332,346,18,7,11,17,7,10,172,71,101
HAYS COUNTY,209,70 Years,775,372,403,586,283,303,16,9,7,12,6,6,161,74,87
HAYS COUNTY,209,71 Years,731,337,394,564,259,305,16,9,7,13,5,8,138,64,74
HAYS COUNTY,209,72 Years,716,342,374,554,268,286,18,6,12,10,5,5,134,63,71
HAYS COUNTY,209,73 Years,676,330,346,521,260,261,16,4,12,11,5,6,128,61,67
HAYS COUNTY,209,74 Years,595,274,321,445,210,235,14,6,8,15,9,6,121,49,72
HAYS COUNTY,209,75 Years,555,248,307,415,190,225,13,7,6,13,5,8,114,46,68
HAYS COUNTY,209,76 Years,513,232,281,397,177,220,9,4,5,9,4,5,98,47,51
HAYS COUNTY,209,77 Years,477,210,267,375,170,205,8,2,6,8,3,5,86,35,51
HAYS COUNTY,209,78 Years,431,192,239,332,158,174,9,3,6,8,3,5,82,28,54
HAYS COUNTY,209,79 Years,412,181,231,320,141,179,11,5,6,8,3,5,73,32,41
HAYS COUNTY,209,80 Years,383,171,212,312,141,171,10,5,5,6,2,4,55,23,32
HAYS COUNTY,209,81 Years,377,163,214,305,137,168,7,3,4,5,1,4,60,22,38
HAYS COUNTY,209,82 Years,341,146,195,275,122,153,3,2,1,3,2,1,60,20,40
HAYS COUNTY,209,83 Years,310,126,184,250,101,149,4,2,2,2,1,1,54,22,32
HAYS COUNTY,209,84 Years,270,105,165,216,84,132,4,1,3,0,0,0,50,20,30
HAYS COUNTY,209,85 Years +,1428,464,964,1121,377,744,24,5,19,15,3,12,268,79,189
HEMPHILL COUNTY,211,All Ages,3865,1968,1897,2682,1332,1350,2,0,2,61,25,36,1120,611,509
HEMPHILL COUNTY,211,< 1 Year,56,30,26,31,16,15,0,0,0,1,1,0,24,13,11
HEMPHILL COUNTY,211,1 Years,51,27,24,25,14,11,0,0,0,0,0,0,26,13,13
HEMPHILL COUNTY,211,2 Years,65,41,24,29,19,10,0,0,0,2,1,1,34,21,13
HEMPHILL COUNTY,211,3 Years,71,36,35,37,22,15,0,0,0,2,1,1,32,13,19
HEMPHILL COUNTY,211,4 Years,73,32,41,37,17,20,0,0,0,0,0,0,36,15,21
HEMPHILL COUNTY,211,5 Years,64,26,38,34,12,22,0,0,0,2,0,2,28,14,14
HEMPHILL COUNTY,211,6 Years,67,32,35,42,20,22,0,0,0,2,0,2,23,12,11
HEMPHILL COUNTY,211,7 Years,63,35,28,34,20,14,0,0,0,1,0,1,28,15,13
HEMPHILL COUNTY,211,8 Years,77,34,43,38,16,22,0,0,0,0,0,0,39,18,21
HEMPHILL COUNTY,211,9 Years,61,29,32,34,16,18,0,0,0,0,0,0,27,13,14
HEMPHILL COUNTY,211,10 Years,57,27,30,34,13,21,0,0,0,0,0,0,23,14,9
HEMPHILL COUNTY,211,11 Years,76,37,39,48,22,26,0,0,0,2,1,1,26,14,12
HEMPHILL COUNTY,211,12 Years,59,29,30,36,18,18,0,0,0,0,0,0,23,11,12
HEMPHILL COUNTY,211,13 Years,58,27,31,33,15,18,0,0,0,0,0,0,25,12,13
HEMPHILL COUNTY,211,14 Years,52,27,25,35,17,18,0,0,0,0,0,0,17,10,7
HEMPHILL COUNTY,211,15 Years,46,31,15,27,19,8,0,0,0,2,1,1,17,11,6
HEMPHILL COUNTY,211,16 Years,62,36,26,36,21,15,0,0,0,1,0,1,25,15,10
HEMPHILL COUNTY,211,17 Years,64,34,30,41,21,20,0,0,0,2,0,2,21,13,8
HEMPHILL COUNTY,211,18 Years,55,29,26,35,18,17,0,0,0,0,0,0,20,11,9
HEMPHILL COUNTY,211,19 Years,43,19,24,25,14,11,0,0,0,0,0,0,18,5,13
HEMPHILL COUNTY,211,20 Years,35,21,14,22,13,9,0,0,0,0,0,0,13,8,5
HEMPHILL COUNTY,211,21 Years,31,21,10,16,9,7,0,0,0,0,0,0,15,12,3
HEMPHILL COUNTY,211,22 Years,30,17,13,16,9,7,0,0,0,0,0,0,14,8,6
HEMPHILL COUNTY,211,23 Years,30,17,13,13,7,6,0,0,0,1,0,1,16,10,6
HEMPHILL COUNTY,211,24 Years,38,21,17,19,10,9,0,0,0,2,1,1,17,10,7
HEMPHILL COUNTY,211,25 Years,45,20,25,30,12,18,0,0,0,1,1,0,14,7,7
HEMPHILL COUNTY,211,26 Years,45,25,20,30,17,13,0,0,0,1,0,1,14,8,6
HEMPHILL COUNTY,211,27 Years,49,31,18,30,21,9,0,0,0,0,0,0,19,10,9
HEMPHILL COUNTY,211,28 Years,48,25,23,26,15,11,0,0,0,0,0,0,22,10,12
HEMPHILL COUNTY,211,29 Years,52,31,21,29,18,11,0,0,0,1,1,0,22,12,10
HEMPHILL COUNTY,211,30 Years,41,26,15,19,13,6,0,0,0,0,0,0,22,13,9
HEMPHILL COUNTY,211,31 Years,53,22,31,27,10,17,0,0,0,2,0,2,24,12,12
HEMPHILL COUNTY,211,32 Years,54,24,30,29,10,19,0,0,0,2,1,1,23,13,10
HEMPHILL COUNTY,211,33 Years,53,24,29,32,11,21,0,0,0,2,1,1,19,12,7
HEMPHILL COUNTY,211,34 Years,53,29,24,34,17,17,0,0,0,2,2,0,17,10,7
HEMPHILL COUNTY,211,35 Years,46,21,25,31,16,15,0,0,0,1,0,1,14,5,9
HEMPHILL COUNTY,211,36 Years,48,25,23,31,18,13,0,0,0,0,0,0,17,7,10
HEMPHILL COUNTY,211,37 Years,50,26,24,37,19,18,0,0,0,0,0,0,13,7,6
HEMPHILL COUNTY,211,38 Years,53,28,25,31,15,16,0,0,0,1,0,1,21,13,8
HEMPHILL COUNTY,211,39 Years,53,30,23,34,16,18,0,0,0,0,0,0,19,14,5
HEMPHILL COUNTY,211,40 Years,55,26,29,37,19,18,0,0,0,0,0,0,18,7,11
HEMPHILL COUNTY,211,41 Years,44,23,21,28,14,14,0,0,0,1,1,0,15,8,7
HEMPHILL COUNTY,211,42 Years,44,25,19,31,17,14,0,0,0,0,0,0,13,8,5
HEMPHILL COUNTY,211,43 Years,52,26,26,36,17,19,1,0,1,1,0,1,14,9,5
HEMPHILL COUNTY,211,44 Years,53,30,23,37,20,17,1,0,1,0,0,0,15,10,5
HEMPHILL COUNTY,211,45 Years,50,28,22,36,19,17,0,0,0,1,1,0,13,8,5
HEMPHILL COUNTY,211,46 Years,46,24,22,31,15,16,0,0,0,2,1,1,13,8,5
HEMPHILL COUNTY,211,47 Years,56,28,28,41,18,23,0,0,0,2,1,1,13,9,4
HEMPHILL COUNTY,211,48 Years,56,30,26,39,20,19,0,0,0,2,1,1,15,9,6
HEMPHILL COUNTY,211,49 Years,55,33,22,40,24,16,0,0,0,2,1,1,13,8,5
HEMPHILL COUNTY,211,50 Years,55,27,28,43,20,23,0,0,0,2,2,0,10,5,5
HEMPHILL COUNTY,211,51 Years,51,26,25,41,21,20,0,0,0,1,0,1,9,5,4
HEMPHILL COUNTY,211,52 Years,42,21,21,34,17,17,0,0,0,0,0,0,8,4,4
HEMPHILL COUNTY,211,53 Years,49,21,28,42,19,23,0,0,0,1,0,1,6,2,4
HEMPHILL COUNTY,211,54 Years,49,25,24,41,21,20,0,0,0,1,0,1,7,4,3
HEMPHILL COUNTY,211,55 Years,42,20,22,33,14,19,0,0,0,1,1,0,8,5,3
HEMPHILL COUNTY,211,56 Years,50,29,21,44,24,20,0,0,0,1,1,0,5,4,1
HEMPHILL COUNTY,211,57 Years,55,31,24,49,28,21,0,0,0,1,1,0,5,2,3
HEMPHILL COUNTY,211,58 Years,53,26,27,45,23,22,0,0,0,1,0,1,7,3,4
HEMPHILL COUNTY,211,59 Years,51,24,27,45,21,24,0,0,0,0,0,0,6,3,3
HEMPHILL COUNTY,211,60 Years,46,21,25,41,18,23,0,0,0,1,0,1,4,3,1
HEMPHILL COUNTY,211,61 Years,45,24,21,41,21,20,0,0,0,0,0,0,4,3,1
HEMPHILL COUNTY,211,62 Years,39,22,17,37,20,17,0,0,0,0,0,0,2,2,0
HEMPHILL COUNTY,211,63 Years,39,19,20,34,17,17,0,0,0,1,0,1,4,2,2
HEMPHILL COUNTY,211,64 Years,49,24,25,44,21,23,0,0,0,0,0,0,5,3,2
HEMPHILL COUNTY,211,65 Years,36,16,20,32,14,18,0,0,0,0,0,0,4,2,2
HEMPHILL COUNTY,211,66 Years,33,15,18,32,14,18,0,0,0,0,0,0,1,1,0
HEMPHILL COUNTY,211,67 Years,31,15,16,31,15,16,0,0,0,0,0,0,0,0,0
HEMPHILL COUNTY,211,68 Years,34,17,17,32,16,16,0,0,0,0,0,0,2,1,1
HEMPHILL COUNTY,211,69 Years,23,13,10,22,12,10,0,0,0,0,0,0,1,1,0
HEMPHILL COUNTY,211,70 Years,33,16,17,30,14,16,0,0,0,1,0,1,2,2,0
HEMPHILL COUNTY,211,71 Years,29,14,15,27,13,14,0,0,0,0,0,0,2,1,1
HEMPHILL COUNTY,211,72 Years,20,10,10,20,10,10,0,0,0,0,0,0,0,0,0
HEMPHILL COUNTY,211,73 Years,18,4,14,16,4,12,0,0,0,1,0,1,1,0,1
HEMPHILL COUNTY,211,74 Years,19,8,11,18,7,11,0,0,0,0,0,0,1,1,0
HEMPHILL COUNTY,211,75 Years,20,9,11,18,8,10,0,0,0,0,0,0,2,1,1
HEMPHILL COUNTY,211,76 Years,18,11,7,17,10,7,0,0,0,0,0,0,1,1,0
HEMPHILL COUNTY,211,77 Years,11,6,5,11,6,5,0,0,0,0,0,0,0,0,0
HEMPHILL COUNTY,211,78 Years,18,10,8,16,10,6,0,0,0,1,0,1,1,0,1
HEMPHILL COUNTY,211,79 Years,24,9,15,23,9,14,0,0,0,1,0,1,0,0,0
HEMPHILL COUNTY,211,80 Years,20,8,12,19,7,12,0,0,0,0,0,0,1,1,0
HEMPHILL COUNTY,211,81 Years,17,8,9,16,7,9,0,0,0,1,1,0,0,0,0
HEMPHILL COUNTY,211,82 Years,14,7,7,12,5,7,0,0,0,1,1,0,1,1,0
HEMPHILL COUNTY,211,83 Years,10,4,6,10,4,6,0,0,0,0,0,0,0,0,0
HEMPHILL COUNTY,211,84 Years,11,4,7,11,4,7,0,0,0,0,0,0,0,0,0
HEMPHILL COUNTY,211,85 Years +,73,29,44,72,29,43,0,0,0,0,0,0,1,0,1
HENDERSON COUNTY,213,All Ages,79194,38829,40365,63598,30895,32703,4886,2434,2452,1812,896,916,8898,4604,4294
HENDERSON COUNTY,213,< 1 Year,981,499,482,687,350,337,59,29,30,37,20,17,198,100,98
HENDERSON COUNTY,213,1 Years,914,467,447,616,315,301,56,33,23,40,22,18,202,97,105
HENDERSON COUNTY,213,2 Years,947,467,480,648,319,329,62,32,30,40,13,27,197,103,94
HENDERSON COUNTY,213,3 Years,957,478,479,639,310,329,62,35,27,44,18,26,212,115,97
HENDERSON COUNTY,213,4 Years,934,474,460,630,309,321,66,42,24,35,19,16,203,104,99
HENDERSON COUNTY,213,5 Years,956,488,468,640,321,319,73,44,29,36,22,14,207,101,106
HENDERSON COUNTY,213,6 Years,993,512,481,686,366,320,67,32,35,36,16,20,204,98,106
HENDERSON COUNTY,213,7 Years,978,507,471,661,337,324,74,40,34,41,22,19,202,108,94
HENDERSON COUNTY,213,8 Years,987,526,461,668,359,309,77,42,35,37,15,22,205,110,95
HENDERSON COUNTY,213,9 Years,962,481,481,681,345,336,69,35,34,33,18,15,179,83,96
HENDERSON COUNTY,213,10 Years,1021,527,494,717,367,350,79,43,36,34,20,14,191,97,94
HENDERSON COUNTY,213,11 Years,1053,559,494,748,406,342,77,37,40,28,16,12,200,100,100
HENDERSON COUNTY,213,12 Years,1049,549,500,748,397,351,78,38,40,38,20,18,185,94,91
HENDERSON COUNTY,213,13 Years,1044,554,490,751,392,359,71,38,33,35,23,12,187,101,86
HENDERSON COUNTY,213,14 Years,1047,533,514,741,370,371,67,42,25,34,17,17,205,104,101
HENDERSON COUNTY,213,15 Years,1062,526,536,761,376,385,58,35,23,38,20,18,205,95,110
HENDERSON COUNTY,213,16 Years,1003,511,492,726,369,357,72,40,32,27,15,12,178,87,91
HENDERSON COUNTY,213,17 Years,1032,528,504,736,379,357,74,37,37,27,14,13,195,98,97
HENDERSON COUNTY,213,18 Years,1006,533,473,748,394,354,75,43,32,23,12,11,160,84,76
HENDERSON COUNTY,213,19 Years,974,506,468,685,352,333,92,53,39,20,14,6,177,87,90
HENDERSON COUNTY,213,20 Years,1026,524,502,702,345,357,125,81,44,16,9,7,183,89,94
HENDERSON COUNTY,213,21 Years,948,501,447,660,332,328,109,69,40,16,7,9,163,93,70
HENDERSON COUNTY,213,22 Years,849,445,404,632,315,317,73,46,27,11,8,3,133,76,57
HENDERSON COUNTY,213,23 Years,816,407,409,614,301,313,56,27,29,14,8,6,132,71,61
HENDERSON COUNTY,213,24 Years,780,380,400,567,265,302,56,26,30,16,7,9,141,82,59
HENDERSON COUNTY,213,25 Years,803,390,413,592,287,305,61,27,34,14,5,9,136,71,65
HENDERSON COUNTY,213,26 Years,837,424,413,630,323,307,64,29,35,17,7,10,126,65,61
HENDERSON COUNTY,213,27 Years,772,384,388,584,291,293,53,25,28,19,9,10,116,59,57
HENDERSON COUNTY,213,28 Years,796,419,377,588,301,287,53,28,25,19,10,9,136,80,56
HENDERSON COUNTY,213,29 Years,770,395,375,557,279,278,55,30,25,18,10,8,140,76,64
HENDERSON COUNTY,213,30 Years,831,411,420,614,307,307,59,25,34,21,6,15,137,73,64
HENDERSON COUNTY,213,31 Years,820,392,428,610,290,320,56,20,36,24,9,15,130,73,57
HENDERSON COUNTY,213,32 Years,828,393,435,613,287,326,55,23,32,24,10,14,136,73,63
HENDERSON COUNTY,213,33 Years,830,416,414,633,312,321,56,26,30,18,7,11,123,71,52
HENDERSON COUNTY,213,34 Years,809,392,417,614,293,321,58,21,37,19,8,11,118,70,48
HENDERSON COUNTY,213,35 Years,824,417,407,638,319,319,44,21,23,17,8,9,125,69,56
HENDERSON COUNTY,213,36 Years,821,418,403,637,327,310,43,18,25,20,12,8,121,61,60
HENDERSON COUNTY,213,37 Years,789,376,413,599,286,313,52,26,26,20,11,9,118,53,65
HENDERSON COUNTY,213,38 Years,834,393,441,640,298,342,62,37,25,16,7,9,116,51,65
HENDERSON COUNTY,213,39 Years,934,454,480,715,340,375,71,42,29,22,11,11,126,61,65
HENDERSON COUNTY,213,40 Years,995,482,513,792,375,417,61,30,31,20,12,8,122,65,57
HENDERSON COUNTY,213,41 Years,953,449,504,752,353,399,67,36,31,14,8,6,120,52,68
HENDERSON COUNTY,213,42 Years,967,480,487,775,384,391,58,31,27,20,6,14,114,59,55
HENDERSON COUNTY,213,43 Years,948,477,471,758,383,375,60,31,29,20,7,13,110,56,54
HENDERSON COUNTY,213,44 Years,933,483,450,742,387,355,54,26,28,25,11,14,112,59,53
HENDERSON COUNTY,213,45 Years,964,500,464,757,392,365,54,21,33,21,11,10,132,76,56
HENDERSON COUNTY,213,46 Years,977,500,477,784,401,383,61,26,35,17,8,9,115,65,50
HENDERSON COUNTY,213,47 Years,1046,524,522,844,414,430,64,31,33,25,14,11,113,65,48
HENDERSON COUNTY,213,48 Years,1121,550,571,928,459,469,77,36,41,24,10,14,92,45,47
HENDERSON COUNTY,213,49 Years,1151,551,600,943,452,491,82,41,41,23,12,11,103,46,57
HENDERSON COUNTY,213,50 Years,1182,557,625,982,453,529,76,39,37,28,13,15,96,52,44
HENDERSON COUNTY,213,51 Years,1182,570,612,1006,483,523,75,34,41,22,9,13,79,44,35
HENDERSON COUNTY,213,52 Years,1151,526,625,977,446,531,74,29,45,33,15,18,67,36,31
HENDERSON COUNTY,213,53 Years,1184,576,608,986,472,514,83,42,41,34,15,19,81,47,34
HENDERSON COUNTY,213,54 Years,1177,588,589,1002,490,512,75,38,37,24,12,12,76,48,28
HENDERSON COUNTY,213,55 Years,1107,557,550,960,479,481,68,32,36,17,9,8,62,37,25
HENDERSON COUNTY,213,56 Years,1129,552,577,988,485,503,68,32,36,21,8,13,52,27,25
HENDERSON COUNTY,213,57 Years,1117,545,572,982,479,503,63,28,35,24,14,10,48,24,24
HENDERSON COUNTY,213,58 Years,1117,552,565,989,491,498,65,29,36,17,8,9,46,24,22
HENDERSON COUNTY,213,59 Years,1097,514,583,965,447,518,65,31,34,17,10,7,50,26,24
HENDERSON COUNTY,213,60 Years,1072,511,561,952,453,499,58,29,29,24,11,13,38,18,20
HENDERSON COUNTY,213,61 Years,1119,554,565,989,482,507,53,30,23,33,17,16,44,25,19
HENDERSON COUNTY,213,62 Years,1094,524,570,975,467,508,54,29,25,28,13,15,37,15,22
HENDERSON COUNTY,213,63 Years,1158,540,618,1051,486,565,49,26,23,21,8,13,37,20,17
HENDERSON COUNTY,213,64 Years,1188,545,643,1091,499,592,46,22,24,20,8,12,31,16,15
HENDERSON COUNTY,213,65 Years,992,470,522,905,438,467,38,11,27,13,7,6,36,14,22
HENDERSON COUNTY,213,66 Years,1010,477,533,920,440,480,41,12,29,15,8,7,34,17,17
HENDERSON COUNTY,213,67 Years,1002,487,515,920,448,472,39,14,25,13,8,5,30,17,13
HENDERSON COUNTY,213,68 Years,1015,468,547,928,422,506,38,18,20,19,11,8,30,17,13
HENDERSON COUNTY,213,69 Years,974,450,524,892,412,480,44,20,24,14,7,7,24,11,13
HENDERSON COUNTY,213,70 Years,885,412,473,819,387,432,35,16,19,12,5,7,19,4,15
HENDERSON COUNTY,213,71 Years,835,391,444,774,367,407,31,13,18,9,4,5,21,7,14
HENDERSON COUNTY,213,72 Years,830,413,417,776,388,388,30,15,15,7,4,3,17,6,11
HENDERSON COUNTY,213,73 Years,753,396,357,693,370,323,29,12,17,12,5,7,19,9,10
HENDERSON COUNTY,213,74 Years,659,323,336,606,296,310,27,13,14,10,6,4,16,8,8
HENDERSON COUNTY,213,75 Years,678,336,342,637,313,324,19,11,8,9,4,5,13,8,5
HENDERSON COUNTY,213,76 Years,635,304,331,593,284,309,21,8,13,7,4,3,14,8,6
HENDERSON COUNTY,213,77 Years,574,249,325,535,232,303,22,11,11,3,3,0,14,3,11
HENDERSON COUNTY,213,78 Years,552,251,301,517,233,284,18,8,10,7,7,0,10,3,7
HENDERSON COUNTY,213,79 Years,525,238,287,488,223,265,17,4,13,8,4,4,12,7,5
HENDERSON COUNTY,213,80 Years,481,210,271,441,192,249,19,6,13,5,2,3,16,10,6
HENDERSON COUNTY,213,81 Years,447,207,240,418,196,222,16,5,11,5,1,4,8,5,3
HENDERSON COUNTY,213,82 Years,387,172,215,366,162,204,11,4,7,4,2,2,6,4,2
HENDERSON COUNTY,213,83 Years,334,140,194,315,133,182,11,3,8,5,2,3,3,2,1
HENDERSON COUNTY,213,84 Years,310,120,190,290,112,178,10,3,7,5,2,3,5,3,2
HENDERSON COUNTY,213,85 Years +,1570,552,1018,1439,504,935,91,31,60,14,6,8,26,11,15
HIDALGO COUNTY,215,All Ages,798286,388711,409575,61072,30786,30286,2845,1913,932,9745,4669,5076,724624,351343,373281
HIDALGO COUNTY,215,< 1 Year,15646,8013,7633,314,163,151,29,15,14,143,74,69,15160,7761,7399
HIDALGO COUNTY,215,1 Years,14874,7503,7371,467,231,236,32,13,19,119,64,55,14256,7195,7061
HIDALGO COUNTY,215,2 Years,14737,7485,7252,535,279,256,43,23,20,131,64,67,14028,7119,6909
HIDALGO COUNTY,215,3 Years,14905,7527,7378,544,271,273,35,22,13,144,74,70,14182,7160,7022
HIDALGO COUNTY,215,4 Years,14951,7476,7475,530,265,265,45,29,16,148,84,64,14228,7098,7130
HIDALGO COUNTY,215,5 Years,15058,7625,7433,509,250,259,48,27,21,148,80,68,14353,7268,7085
HIDALGO COUNTY,215,6 Years,15368,7887,7481,477,228,249,43,25,18,153,77,76,14695,7557,7138
HIDALGO COUNTY,215,7 Years,15221,7789,7432,492,257,235,35,20,15,144,67,77,14550,7445,7105
HIDALGO COUNTY,215,8 Years,15264,7745,7519,519,268,251,30,19,11,146,75,71,14569,7383,7186
HIDALGO COUNTY,215,9 Years,15429,7814,7615,525,267,258,36,23,13,165,92,73,14703,7432,7271
HIDALGO COUNTY,215,10 Years,15968,8052,7916,559,291,268,43,24,19,182,96,86,15184,7641,7543
HIDALGO COUNTY,215,11 Years,15836,8114,7722,527,268,259,40,26,14,190,106,84,15079,7714,7365
HIDALGO COUNTY,215,12 Years,15380,7927,7453,531,279,252,41,23,18,176,85,91,14632,7540,7092
HIDALGO COUNTY,215,13 Years,14886,7677,7209,540,291,249,41,21,20,167,83,84,14138,7282,6856
HIDALGO COUNTY,215,14 Years,14819,7485,7334,546,293,253,42,23,19,167,83,84,14064,7086,6978
HIDALGO COUNTY,215,15 Years,14835,7516,7319,563,300,263,35,17,18,182,85,97,14055,7114,6941
HIDALGO COUNTY,215,16 Years,14643,7481,7162,532,292,240,40,19,21,164,74,90,13907,7096,6811
HIDALGO COUNTY,215,17 Years,14561,7412,7149,599,323,276,47,27,20,150,72,78,13765,6990,6775
HIDALGO COUNTY,215,18 Years,14383,7338,7045,555,309,246,38,26,12,139,74,65,13651,6929,6722
HIDALGO COUNTY,215,19 Years,13919,7029,6890,497,261,236,48,32,16,124,63,61,13250,6673,6577
HIDALGO COUNTY,215,20 Years,13170,6585,6585,473,247,226,44,28,16,136,62,74,12517,6248,6269
HIDALGO COUNTY,215,21 Years,12419,6239,6180,492,263,229,55,37,18,107,45,62,11765,5894,5871
HIDALGO COUNTY,215,22 Years,11613,5761,5852,483,249,234,60,43,17,109,54,55,10961,5415,5546
HIDALGO COUNTY,215,23 Years,11204,5608,5596,495,258,237,44,31,13,101,48,53,10564,5271,5293
HIDALGO COUNTY,215,24 Years,11209,5566,5643,522,260,262,52,39,13,106,52,54,10529,5215,5314
HIDALGO COUNTY,215,25 Years,11211,5560,5651,575,286,289,46,29,17,133,64,69,10457,5181,5276
HIDALGO COUNTY,215,26 Years,11082,5488,5594,543,281,262,61,44,17,138,65,73,10340,5098,5242
HIDALGO COUNTY,215,27 Years,10850,5329,5521,530,293,237,58,44,14,112,57,55,10150,4935,5215
HIDALGO COUNTY,215,28 Years,10772,5269,5503,502,267,235,57,40,17,109,57,52,10104,4905,5199
HIDALGO COUNTY,215,29 Years,11009,5289,5720,503,241,262,60,47,13,114,51,63,10332,4950,5382
HIDALGO COUNTY,215,30 Years,11311,5433,5878,535,277,258,58,48,10,123,52,71,10595,5056,5539
HIDALGO COUNTY,215,31 Years,11269,5466,5803,541,286,255,55,43,12,133,55,78,10540,5082,5458
HIDALGO COUNTY,215,32 Years,10591,5069,5522,520,278,242,50,38,12,117,50,67,9904,4703,5201
HIDALGO COUNTY,215,33 Years,10685,5063,5622,510,264,246,46,37,9,120,51,69,10009,4711,5298
HIDALGO COUNTY,215,34 Years,10971,5204,5767,508,263,245,41,28,13,157,77,80,10265,4836,5429
HIDALGO COUNTY,215,35 Years,11112,5289,5823,524,274,250,43,28,15,138,70,68,10407,4917,5490
HIDALGO COUNTY,215,36 Years,11277,5378,5899,513,263,250,51,37,14,167,74,93,10546,5004,5542
HIDALGO COUNTY,215,37 Years,11008,5299,5709,481,251,230,48,37,11,188,87,101,10291,4924,5367
HIDALGO COUNTY,215,38 Years,11018,5250,5768,503,270,233,58,45,13,203,89,114,10254,4846,5408
HIDALGO COUNTY,215,39 Years,10851,5053,5798,548,291,257,46,33,13,201,91,110,10056,4638,5418
HIDALGO COUNTY,215,40 Years,10783,5095,5688,571,295,276,61,40,21,206,121,85,9945,4639,5306
HIDALGO COUNTY,215,41 Years,10781,5134,5647,603,332,271,56,43,13,206,99,107,9916,4660,5256
HIDALGO COUNTY,215,42 Years,10034,4766,5268,585,327,258,37,29,8,172,77,95,9240,4333,4907
HIDALGO COUNTY,215,43 Years,9690,4555,5135,542,295,247,49,36,13,166,72,94,8933,4152,4781
HIDALGO COUNTY,215,44 Years,9374,4407,4967,551,274,277,47,34,13,151,62,89,8625,4037,4588
HIDALGO COUNTY,215,45 Years,9187,4347,4840,550,303,247,43,28,15,144,55,89,8450,3961,4489
HIDALGO COUNTY,215,46 Years,9000,4279,4721,596,309,287,42,31,11,133,65,68,8229,3874,4355
HIDALGO COUNTY,215,47 Years,8679,4151,4528,620,309,311,48,36,12,128,63,65,7883,3743,4140
HIDALGO COUNTY,215,48 Years,8604,4194,4410,609,323,286,64,48,16,112,60,52,7819,3763,4056
HIDALGO COUNTY,215,49 Years,8445,4089,4356,626,336,290,54,41,13,139,71,68,7626,3641,3985
HIDALGO COUNTY,215,50 Years,8214,3894,4320,671,354,317,51,39,12,146,65,81,7346,3436,3910
HIDALGO COUNTY,215,51 Years,8109,3839,4270,673,345,328,42,30,12,120,57,63,7274,3407,3867
HIDALGO COUNTY,215,52 Years,7723,3639,4084,666,334,332,34,24,10,139,70,69,6884,3211,3673
HIDALGO COUNTY,215,53 Years,7600,3544,4056,682,346,336,27,15,12,149,64,85,6742,3119,3623
HIDALGO COUNTY,215,54 Years,7425,3470,3955,693,348,345,41,31,10,146,69,77,6545,3022,3523
HIDALGO COUNTY,215,55 Years,7137,3294,3843,669,322,347,29,16,13,141,60,81,6298,2896,3402
HIDALGO COUNTY,215,56 Years,7022,3217,3805,735,354,381,23,15,8,127,54,73,6137,2794,3343
HIDALGO COUNTY,215,57 Years,6579,3026,3553,780,379,401,17,13,4,108,48,60,5674,2586,3088
HIDALGO COUNTY,215,58 Years,6540,3010,3530,813,389,424,25,18,7,102,50,52,5600,2553,3047
HIDALGO COUNTY,215,59 Years,6205,2829,3376,855,405,450,19,11,8,101,50,51,5230,2363,2867
HIDALGO COUNTY,215,60 Years,6184,2818,3366,834,401,433,22,17,5,77,33,44,5251,2367,2884
HIDALGO COUNTY,215,61 Years,6226,2812,3414,888,421,467,23,15,8,87,42,45,5228,2334,2894
HIDALGO COUNTY,215,62 Years,5954,2749,3205,969,466,503,15,9,6,68,36,32,4902,2238,2664
HIDALGO COUNTY,215,63 Years,5831,2718,3113,1098,554,544,12,7,5,77,42,35,4644,2115,2529
HIDALGO COUNTY,215,64 Years,5679,2646,3033,1103,543,560,21,15,6,72,35,37,4483,2053,2430
HIDALGO COUNTY,215,65 Years,5104,2374,2730,995,497,498,9,4,5,46,22,24,4054,1851,2203
HIDALGO COUNTY,215,66 Years,4916,2236,2680,1097,529,568,11,8,3,46,22,24,3762,1677,2085
HIDALGO COUNTY,215,67 Years,4784,2208,2576,1188,575,613,10,6,4,38,19,19,3548,1608,1940
HIDALGO COUNTY,215,68 Years,4536,2091,2445,1259,622,637,7,3,4,43,23,20,3227,1443,1784
HIDALGO COUNTY,215,69 Years,4185,1937,2248,1145,579,566,8,4,4,54,22,32,2978,1332,1646
HIDALGO COUNTY,215,70 Years,4005,1841,2164,1140,573,567,7,4,3,46,22,24,2812,1242,1570
HIDALGO COUNTY,215,71 Years,4009,1859,2150,1169,559,610,5,2,3,42,18,24,2793,1280,1513
HIDALGO COUNTY,215,72 Years,3699,1715,1984,1145,541,604,6,4,2,36,14,22,2512,1156,1356
HIDALGO COUNTY,215,73 Years,3554,1599,1955,1068,508,560,6,4,2,38,17,21,2442,1070,1372
HIDALGO COUNTY,215,74 Years,3406,1532,1874,1033,501,532,4,2,2,46,19,27,2323,1010,1313
HIDALGO COUNTY,215,75 Years,3246,1444,1802,1002,493,509,8,1,7,40,18,22,2196,932,1264
HIDALGO COUNTY,215,76 Years,3157,1410,1747,966,486,480,3,0,3,37,15,22,2151,909,1242
HIDALGO COUNTY,215,77 Years,2890,1327,1563,920,469,451,2,0,2,35,13,22,1933,845,1088
HIDALGO COUNTY,215,78 Years,2646,1189,1457,909,453,456,4,3,1,32,13,19,1701,720,981
HIDALGO COUNTY,215,79 Years,2560,1148,1412,924,450,474,4,3,1,20,8,12,1612,687,925
HIDALGO COUNTY,215,80 Years,2509,1118,1391,874,433,441,5,3,2,16,4,12,1614,678,936
HIDALGO COUNTY,215,81 Years,2381,1068,1313,833,433,400,3,3,0,21,11,10,1524,621,903
HIDALGO COUNTY,215,82 Years,2110,920,1190,727,365,362,5,2,3,14,8,6,1364,545,819
HIDALGO COUNTY,215,83 Years,1942,838,1104,638,323,315,3,2,1,13,6,7,1288,507,781
HIDALGO COUNTY,215,84 Years,1745,749,996,569,279,290,1,1,0,16,7,9,1159,462,697
HIDALGO COUNTY,215,85 Years +,8582,3493,5089,2827,1306,1521,8,3,5,55,25,30,5692,2159,3533
HILL COUNTY,217,All Ages,35640,17511,18129,26037,12646,13391,2211,1032,1179,680,323,357,6712,3510,3202
HILL COUNTY,217,< 1 Year,455,231,224,274,139,135,29,15,14,8,5,3,144,72,72
HILL COUNTY,217,1 Years,454,238,216,262,129,133,22,13,9,16,7,9,154,89,65
HILL COUNTY,217,2 Years,446,208,238,250,113,137,30,17,13,18,8,10,148,70,78
HILL COUNTY,217,3 Years,472,226,246,271,135,136,26,14,12,15,5,10,160,72,88
HILL COUNTY,217,4 Years,476,232,244,282,134,148,27,14,13,12,8,4,155,76,79
HILL COUNTY,217,5 Years,468,234,234,289,149,140,28,14,14,14,7,7,137,64,73
HILL COUNTY,217,6 Years,477,263,214,277,153,124,35,19,16,17,10,7,148,81,67
HILL COUNTY,217,7 Years,463,251,212,270,146,124,22,8,14,16,12,4,155,85,70
HILL COUNTY,217,8 Years,451,224,227,264,132,132,23,8,15,12,7,5,152,77,75
HILL COUNTY,217,9 Years,500,251,249,289,137,152,34,17,17,16,9,7,161,88,73
HILL COUNTY,217,10 Years,505,255,250,290,147,143,44,19,25,12,5,7,159,84,75
HILL COUNTY,217,11 Years,496,258,238,303,158,145,37,24,13,10,5,5,146,71,75
HILL COUNTY,217,12 Years,482,252,230,310,161,149,34,22,12,13,7,6,125,62,63
HILL COUNTY,217,13 Years,490,233,257,316,151,165,30,14,16,14,10,4,130,58,72
HILL COUNTY,217,14 Years,522,254,268,339,169,170,44,18,26,14,9,5,125,58,67
HILL COUNTY,217,15 Years,509,266,243,317,165,152,51,23,28,13,7,6,128,71,57
HILL COUNTY,217,16 Years,471,241,230,294,147,147,37,19,18,10,5,5,130,70,60
HILL COUNTY,217,17 Years,466,250,216,288,156,132,33,17,16,10,5,5,135,72,63
HILL COUNTY,217,18 Years,457,228,229,285,145,140,43,18,25,9,4,5,120,61,59
HILL COUNTY,217,19 Years,445,244,201,266,144,122,44,25,19,8,4,4,127,71,56
HILL COUNTY,217,20 Years,478,241,237,282,136,146,41,21,20,10,7,3,145,77,68
HILL COUNTY,217,21 Years,444,197,247,265,117,148,45,17,28,10,6,4,124,57,67
HILL COUNTY,217,22 Years,383,192,191,233,110,123,31,17,14,10,5,5,109,60,49
HILL COUNTY,217,23 Years,405,195,210,243,113,130,35,20,15,11,5,6,116,57,59
HILL COUNTY,217,24 Years,405,203,202,249,119,130,32,18,14,7,3,4,117,63,54
HILL COUNTY,217,25 Years,409,207,202,267,125,142,24,13,11,9,6,3,109,63,46
HILL COUNTY,217,26 Years,374,190,184,249,123,126,18,8,10,5,2,3,102,57,45
HILL COUNTY,217,27 Years,368,176,192,232,107,125,23,9,14,4,2,2,109,58,51
HILL COUNTY,217,28 Years,370,179,191,238,106,132,25,12,13,6,4,2,101,57,44
HILL COUNTY,217,29 Years,361,184,177,236,114,122,19,13,6,7,2,5,99,55,44
HILL COUNTY,217,30 Years,403,205,198,260,128,132,21,9,12,9,3,6,113,65,48
HILL COUNTY,217,31 Years,402,202,200,250,126,124,32,11,21,8,3,5,112,62,50
HILL COUNTY,217,32 Years,359,182,177,236,115,121,27,17,10,7,4,3,89,46,43
HILL COUNTY,217,33 Years,357,182,175,225,121,104,25,12,13,6,1,5,101,48,53
HILL COUNTY,217,34 Years,367,188,179,246,133,113,23,10,13,7,2,5,91,43,48
HILL COUNTY,217,35 Years,355,167,188,244,114,130,22,8,14,5,1,4,84,44,40
HILL COUNTY,217,36 Years,369,175,194,271,132,139,24,9,15,5,2,3,69,32,37
HILL COUNTY,217,37 Years,358,176,182,233,112,121,23,11,12,9,3,6,93,50,43
HILL COUNTY,217,38 Years,367,178,189,246,120,126,22,11,11,8,3,5,91,44,47
HILL COUNTY,217,39 Years,402,185,217,272,126,146,23,11,12,5,2,3,102,46,56
HILL COUNTY,217,40 Years,419,213,206,286,140,146,32,17,15,8,4,4,93,52,41
HILL COUNTY,217,41 Years,432,215,217,308,152,156,27,12,15,11,6,5,86,45,41
HILL COUNTY,217,42 Years,426,209,217,310,146,164,31,15,16,5,3,2,80,45,35
HILL COUNTY,217,43 Years,430,220,210,306,157,149,40,17,23,9,4,5,75,42,33
HILL COUNTY,217,44 Years,387,201,186,277,141,136,30,13,17,8,4,4,72,43,29
HILL COUNTY,217,45 Years,441,223,218,321,169,152,31,15,16,5,1,4,84,38,46
HILL COUNTY,217,46 Years,451,219,232,325,158,167,37,20,17,7,4,3,82,37,45
HILL COUNTY,217,47 Years,452,229,223,342,168,174,34,18,16,7,3,4,69,40,29
HILL COUNTY,217,48 Years,477,240,237,370,184,186,31,13,18,4,2,2,72,41,31
HILL COUNTY,217,49 Years,495,237,258,388,181,207,30,11,19,4,1,3,73,44,29
HILL COUNTY,217,50 Years,512,232,280,395,177,218,32,13,19,11,4,7,74,38,36
HILL COUNTY,217,51 Years,526,269,257,412,215,197,39,17,22,7,3,4,68,34,34
HILL COUNTY,217,52 Years,481,230,251,386,185,201,32,10,22,8,3,5,55,32,23
HILL COUNTY,217,53 Years,493,241,252,398,192,206,33,15,18,7,3,4,55,31,24
HILL COUNTY,217,54 Years,500,244,256,403,195,208,28,13,15,11,4,7,58,32,26
HILL COUNTY,217,55 Years,472,219,253,391,173,218,23,11,12,9,4,5,49,31,18
HILL COUNTY,217,56 Years,511,247,264,432,205,227,28,15,13,7,2,5,44,25,19
HILL COUNTY,217,57 Years,502,248,254,428,213,215,25,12,13,7,2,5,42,21,21
HILL COUNTY,217,58 Years,457,231,226,394,200,194,20,10,10,9,2,7,34,19,15
HILL COUNTY,217,59 Years,458,223,235,396,194,202,28,13,15,9,1,8,25,15,10
HILL COUNTY,217,60 Years,459,215,244,379,180,199,31,11,20,6,1,5,43,23,20
HILL COUNTY,217,61 Years,505,245,260,424,206,218,30,13,17,6,2,4,45,24,21
HILL COUNTY,217,62 Years,478,219,259,406,183,223,23,11,12,6,2,4,43,23,20
HILL COUNTY,217,63 Years,487,233,254,427,204,223,19,9,10,7,2,5,34,18,16
HILL COUNTY,217,64 Years,511,247,264,453,213,240,13,7,6,10,6,4,35,21,14
HILL COUNTY,217,65 Years,408,210,198,353,181,172,19,8,11,6,4,2,30,17,13
HILL COUNTY,217,66 Years,427,201,226,370,175,195,21,8,13,6,3,3,30,15,15
HILL COUNTY,217,67 Years,434,219,215,390,196,194,15,7,8,6,3,3,23,13,10
HILL COUNTY,217,68 Years,416,209,207,382,191,191,13,6,7,4,2,2,17,10,7
HILL COUNTY,217,69 Years,375,200,175,332,178,154,18,8,10,8,5,3,17,9,8
HILL COUNTY,217,70 Years,368,192,176,327,171,156,16,7,9,6,4,2,19,10,9
HILL COUNTY,217,71 Years,370,176,194,322,156,166,20,7,13,7,4,3,21,9,12
HILL COUNTY,217,72 Years,328,165,163,295,151,144,11,3,8,7,4,3,15,7,8
HILL COUNTY,217,73 Years,330,170,160,298,155,143,13,4,9,4,2,2,15,9,6
HILL COUNTY,217,74 Years,295,146,149,267,133,134,12,4,8,3,2,1,13,7,6
HILL COUNTY,217,75 Years,244,124,120,220,112,108,9,3,6,6,2,4,9,7,2
HILL COUNTY,217,76 Years,259,122,137,236,109,127,10,6,4,3,0,3,10,7,3
HILL COUNTY,217,77 Years,266,118,148,239,106,133,12,5,7,3,2,1,12,5,7
HILL COUNTY,217,78 Years,222,103,119,202,96,106,10,3,7,1,1,0,9,3,6
HILL COUNTY,217,79 Years,211,91,120,190,82,108,10,3,7,4,2,2,7,4,3
HILL COUNTY,217,80 Years,206,94,112,191,89,102,8,3,5,1,0,1,6,2,4
HILL COUNTY,217,81 Years,204,102,102,179,89,90,14,6,8,1,1,0,10,6,4
HILL COUNTY,217,82 Years,180,85,95,160,75,85,9,5,4,3,1,2,8,4,4
HILL COUNTY,217,83 Years,156,66,90,138,58,80,6,2,4,0,0,0,12,6,6
HILL COUNTY,217,84 Years,144,64,80,131,60,71,5,2,3,1,0,1,7,2,5
HILL COUNTY,217,85 Years +,794,262,532,745,245,500,25,6,19,7,3,4,17,8,9
HOCKLEY COUNTY,219,All Ages,23018,11357,11661,11688,5718,5970,814,407,407,341,183,158,10175,5049,5126
HOCKLEY COUNTY,219,< 1 Year,348,181,167,121,63,58,13,7,6,5,3,2,209,108,101
HOCKLEY COUNTY,219,1 Years,328,166,162,100,57,43,17,8,9,10,5,5,201,96,105
HOCKLEY COUNTY,219,2 Years,344,169,175,114,63,51,11,5,6,7,4,3,212,97,115
HOCKLEY COUNTY,219,3 Years,365,175,190,128,61,67,11,3,8,8,5,3,218,106,112
HOCKLEY COUNTY,219,4 Years,349,175,174,114,58,56,13,5,8,9,5,4,213,107,106
HOCKLEY COUNTY,219,5 Years,353,178,175,119,67,52,9,2,7,8,4,4,217,105,112
HOCKLEY COUNTY,219,6 Years,345,176,169,125,66,59,9,3,6,6,4,2,205,103,102
HOCKLEY COUNTY,219,7 Years,341,167,174,112,55,57,13,8,5,4,2,2,212,102,110
HOCKLEY COUNTY,219,8 Years,350,175,175,122,56,66,12,5,7,3,0,3,213,114,99
HOCKLEY COUNTY,219,9 Years,341,174,167,135,63,72,10,5,5,6,5,1,190,101,89
HOCKLEY COUNTY,219,10 Years,349,181,168,135,69,66,12,7,5,4,2,2,198,103,95
HOCKLEY COUNTY,219,11 Years,353,177,176,128,67,61,12,7,5,3,3,0,210,100,110
HOCKLEY COUNTY,219,12 Years,364,192,172,139,72,67,13,8,5,8,4,4,204,108,96
HOCKLEY COUNTY,219,13 Years,321,165,156,132,64,68,8,6,2,6,4,2,175,91,84
HOCKLEY COUNTY,219,14 Years,323,150,173,140,67,73,10,6,4,6,3,3,167,74,93
HOCKLEY COUNTY,219,15 Years,306,143,163,125,61,64,8,5,3,7,2,5,166,75,91
HOCKLEY COUNTY,219,16 Years,351,180,171,140,68,72,14,10,4,7,5,2,190,97,93
HOCKLEY COUNTY,219,17 Years,331,177,154,155,85,70,11,7,4,6,4,2,159,81,78
HOCKLEY COUNTY,219,18 Years,367,195,172,167,91,76,10,8,2,6,4,2,184,92,92
HOCKLEY COUNTY,219,19 Years,450,234,216,205,112,93,26,10,16,5,2,3,214,110,104
HOCKLEY COUNTY,219,20 Years,530,264,266,227,121,106,55,25,30,7,3,4,241,115,126
HOCKLEY COUNTY,219,21 Years,510,259,251,228,124,104,50,27,23,10,5,5,222,103,119
HOCKLEY COUNTY,219,22 Years,391,215,176,176,98,78,33,20,13,6,4,2,176,93,83
HOCKLEY COUNTY,219,23 Years,301,154,147,129,64,65,16,10,6,3,3,0,153,77,76
HOCKLEY COUNTY,219,24 Years,292,145,147,136,62,74,9,7,2,5,4,1,142,72,70
HOCKLEY COUNTY,219,25 Years,310,156,154,131,64,67,11,7,4,3,1,2,165,84,81
HOCKLEY COUNTY,219,26 Years,290,148,142,125,68,57,7,3,4,3,0,3,155,77,78
HOCKLEY COUNTY,219,27 Years,301,153,148,123,60,63,13,6,7,3,2,1,162,85,77
HOCKLEY COUNTY,219,28 Years,293,151,142,119,58,61,14,8,6,4,1,3,156,84,72
HOCKLEY COUNTY,219,29 Years,280,144,136,121,60,61,7,4,3,3,1,2,149,79,70
HOCKLEY COUNTY,219,30 Years,275,139,136,127,62,65,6,4,2,5,1,4,137,72,65
HOCKLEY COUNTY,219,31 Years,295,152,143,125,61,64,10,5,5,8,3,5,152,83,69
HOCKLEY COUNTY,219,32 Years,282,136,146,132,63,69,7,5,2,6,4,2,137,64,73
HOCKLEY COUNTY,219,33 Years,250,125,125,114,57,57,8,5,3,2,1,1,126,62,64
HOCKLEY COUNTY,219,34 Years,236,112,124,110,50,60,6,2,4,4,3,1,116,57,59
HOCKLEY COUNTY,219,35 Years,244,120,124,118,59,59,7,2,5,5,4,1,114,55,59
HOCKLEY COUNTY,219,36 Years,237,126,111,120,61,59,5,4,1,5,3,2,107,58,49
HOCKLEY COUNTY,219,37 Years,216,105,111,110,52,58,6,4,2,2,1,1,98,48,50
HOCKLEY COUNTY,219,38 Years,233,106,127,103,45,58,5,1,4,5,4,1,120,56,64
HOCKLEY COUNTY,219,39 Years,259,123,136,137,63,74,2,0,2,3,2,1,117,58,59
HOCKLEY COUNTY,219,40 Years,254,115,139,129,57,72,4,2,2,3,2,1,118,54,64
HOCKLEY COUNTY,219,41 Years,258,124,134,133,68,65,8,3,5,3,1,2,114,52,62
HOCKLEY COUNTY,219,42 Years,244,118,126,134,65,69,5,1,4,3,1,2,102,51,51
HOCKLEY COUNTY,219,43 Years,246,116,130,118,55,63,9,3,6,5,3,2,114,55,59
HOCKLEY COUNTY,219,44 Years,225,101,124,115,51,64,6,3,3,5,2,3,99,45,54
HOCKLEY COUNTY,219,45 Years,266,135,131,142,72,70,10,6,4,5,1,4,109,56,53
HOCKLEY COUNTY,219,46 Years,311,161,150,155,77,78,12,6,6,5,4,1,139,74,65
HOCKLEY COUNTY,219,47 Years,292,144,148,148,74,74,8,4,4,4,1,3,132,65,67
HOCKLEY COUNTY,219,48 Years,313,152,161,159,74,85,10,4,6,3,1,2,141,73,68
HOCKLEY COUNTY,219,49 Years,326,167,159,181,88,93,14,6,8,4,3,1,127,70,57
HOCKLEY COUNTY,219,50 Years,330,140,190,194,89,105,12,4,8,3,1,2,121,46,75
HOCKLEY COUNTY,219,51 Years,329,158,171,202,99,103,10,5,5,3,1,2,114,53,61
HOCKLEY COUNTY,219,52 Years,311,169,142,182,92,90,6,4,2,4,3,1,119,70,49
HOCKLEY COUNTY,219,53 Years,321,166,155,195,96,99,11,3,8,2,2,0,113,65,48
HOCKLEY COUNTY,219,54 Years,294,147,147,167,84,83,15,6,9,3,1,2,109,56,53
HOCKLEY COUNTY,219,55 Years,332,177,155,202,106,96,15,7,8,3,2,1,112,62,50
HOCKLEY COUNTY,219,56 Years,299,160,139,190,99,91,9,6,3,2,0,2,98,55,43
HOCKLEY COUNTY,219,57 Years,297,148,149,184,89,95,10,5,5,3,1,2,100,53,47
HOCKLEY COUNTY,219,58 Years,304,152,152,199,100,99,9,5,4,5,2,3,91,45,46
HOCKLEY COUNTY,219,59 Years,280,142,138,192,97,95,7,3,4,4,3,1,77,39,38
HOCKLEY COUNTY,219,60 Years,259,129,130,168,86,82,8,3,5,3,1,2,80,39,41
HOCKLEY COUNTY,219,61 Years,233,122,111,149,83,66,6,2,4,3,2,1,75,35,40
HOCKLEY COUNTY,219,62 Years,233,113,120,153,79,74,6,3,3,4,2,2,70,29,41
HOCKLEY COUNTY,219,63 Years,224,101,123,145,61,84,4,3,1,4,1,3,71,36,35
HOCKLEY COUNTY,219,64 Years,218,103,115,144,68,76,3,3,0,3,2,1,68,30,38
HOCKLEY COUNTY,219,65 Years,205,96,109,137,68,69,2,1,1,4,2,2,62,25,37
HOCKLEY COUNTY,219,66 Years,190,94,96,121,61,60,4,1,3,2,2,0,63,30,33
HOCKLEY COUNTY,219,67 Years,187,94,93,131,69,62,3,1,2,1,1,0,52,23,29
HOCKLEY COUNTY,219,68 Years,198,93,105,154,75,79,3,1,2,2,0,2,39,17,22
HOCKLEY COUNTY,219,69 Years,172,77,95,127,57,70,3,2,1,3,1,2,39,17,22
HOCKLEY COUNTY,219,70 Years,154,72,82,116,51,65,5,3,2,2,2,0,31,16,15
HOCKLEY COUNTY,219,71 Years,146,69,77,107,52,55,4,2,2,2,2,0,33,13,20
HOCKLEY COUNTY,219,72 Years,127,53,74,92,36,56,5,4,1,1,0,1,29,13,16
HOCKLEY COUNTY,219,73 Years,142,58,84,106,41,65,1,1,0,1,0,1,34,16,18
HOCKLEY COUNTY,219,74 Years,150,72,78,114,53,61,7,3,4,4,2,2,25,14,11
HOCKLEY COUNTY,219,75 Years,148,65,83,112,49,63,7,2,5,5,4,1,24,10,14
HOCKLEY COUNTY,219,76 Years,138,59,79,98,41,57,5,2,3,2,1,1,33,15,18
HOCKLEY COUNTY,219,77 Years,121,59,62,90,44,46,2,2,0,1,0,1,28,13,15
HOCKLEY COUNTY,219,78 Years,113,50,63,89,42,47,0,0,0,2,0,2,22,8,14
HOCKLEY COUNTY,219,79 Years,95,41,54,69,33,36,3,0,3,0,0,0,23,8,15
HOCKLEY COUNTY,219,80 Years,91,38,53,73,31,42,4,2,2,0,0,0,14,5,9
HOCKLEY COUNTY,219,81 Years,85,37,48,66,28,38,3,2,1,2,1,1,14,6,8
HOCKLEY COUNTY,219,82 Years,84,36,48,64,25,39,1,1,0,1,1,0,18,9,9
HOCKLEY COUNTY,219,83 Years,68,25,43,50,18,32,3,1,2,0,0,0,15,6,9
HOCKLEY COUNTY,219,84 Years,73,35,38,58,29,29,5,1,4,0,0,0,10,5,5
HOCKLEY COUNTY,219,85 Years +,328,111,217,267,89,178,8,1,7,1,1,0,52,20,32
HOOD COUNTY,221,All Ages,52105,25663,26442,45220,22041,23179,226,142,84,1170,553,617,5489,2927,2562
HOOD COUNTY,221,< 1 Year,561,283,278,443,224,219,2,1,1,15,9,6,101,49,52
HOOD COUNTY,221,1 Years,552,278,274,427,219,208,1,1,0,15,8,7,109,50,59
HOOD COUNTY,221,2 Years,551,279,272,424,207,217,1,0,1,17,8,9,109,64,45
HOOD COUNTY,221,3 Years,605,289,316,467,223,244,2,1,1,20,7,13,116,58,58
HOOD COUNTY,221,4 Years,621,304,317,483,234,249,1,0,1,20,12,8,117,58,59
HOOD COUNTY,221,5 Years,606,322,284,465,247,218,3,2,1,22,10,12,116,63,53
HOOD COUNTY,221,6 Years,589,317,272,451,236,215,3,2,1,19,9,10,116,70,46
HOOD COUNTY,221,7 Years,589,291,298,449,214,235,1,0,1,15,8,7,124,69,55
HOOD COUNTY,221,8 Years,618,296,322,484,228,256,2,2,0,18,10,8,114,56,58
HOOD COUNTY,221,9 Years,581,291,290,454,231,223,4,1,3,17,7,10,106,52,54
HOOD COUNTY,221,10 Years,591,319,272,452,254,198,2,0,2,22,7,15,115,58,57
HOOD COUNTY,221,11 Years,654,339,315,515,275,240,2,1,1,17,9,8,120,54,66
HOOD COUNTY,221,12 Years,624,321,303,486,255,231,4,2,2,18,7,11,116,57,59
HOOD COUNTY,221,13 Years,616,309,307,487,240,247,3,3,0,21,11,10,105,55,50
HOOD COUNTY,221,14 Years,632,331,301,503,266,237,4,3,1,17,9,8,108,53,55
HOOD COUNTY,221,15 Years,620,343,277,483,270,213,3,2,1,23,12,11,111,59,52
HOOD COUNTY,221,16 Years,651,362,289,519,288,231,5,3,2,16,10,6,111,61,50
HOOD COUNTY,221,17 Years,667,352,315,533,272,261,11,6,5,17,13,4,106,61,45
HOOD COUNTY,221,18 Years,654,345,309,511,262,249,9,7,2,17,9,8,117,67,50
HOOD COUNTY,221,19 Years,569,293,276,434,215,219,4,3,1,18,9,9,113,66,47
HOOD COUNTY,221,20 Years,466,248,218,358,186,172,3,1,2,16,10,6,89,51,38
HOOD COUNTY,221,21 Years,465,241,224,351,172,179,4,2,2,9,5,4,101,62,39
HOOD COUNTY,221,22 Years,460,229,231,348,165,183,3,2,1,11,6,5,98,56,42
HOOD COUNTY,221,23 Years,486,250,236,370,182,188,3,3,0,10,4,6,103,61,42
HOOD COUNTY,221,24 Years,488,243,245,384,183,201,1,1,0,7,2,5,96,57,39
HOOD COUNTY,221,25 Years,452,241,211,348,177,171,2,2,0,14,5,9,88,57,31
HOOD COUNTY,221,26 Years,520,260,260,421,205,216,4,3,1,14,5,9,81,47,34
HOOD COUNTY,221,27 Years,532,262,270,430,209,221,2,1,1,11,5,6,89,47,42
HOOD COUNTY,221,28 Years,531,262,269,432,212,220,3,2,1,14,7,7,82,41,41
HOOD COUNTY,221,29 Years,533,276,257,441,230,211,2,1,1,11,4,7,79,41,38
HOOD COUNTY,221,30 Years,557,288,269,458,235,223,2,0,2,13,6,7,84,47,37
HOOD COUNTY,221,31 Years,539,275,264,429,215,214,2,0,2,11,3,8,97,57,40
HOOD COUNTY,221,32 Years,494,250,244,397,199,198,4,4,0,14,4,10,79,43,36
HOOD COUNTY,221,33 Years,489,263,226,405,215,190,2,2,0,9,4,5,73,42,31
HOOD COUNTY,221,34 Years,487,248,239,405,202,203,3,2,1,10,7,3,69,37,32
HOOD COUNTY,221,35 Years,478,213,265,396,167,229,4,3,1,10,8,2,68,35,33
HOOD COUNTY,221,36 Years,497,232,265,405,187,218,4,3,1,12,7,5,76,35,41
HOOD COUNTY,221,37 Years,492,253,239,419,216,203,2,2,0,7,2,5,64,33,31
HOOD COUNTY,221,38 Years,503,256,247,416,217,199,2,1,1,11,4,7,74,34,40
HOOD COUNTY,221,39 Years,577,268,309,493,229,264,3,2,1,18,8,10,63,29,34
HOOD COUNTY,221,40 Years,587,288,299,515,250,265,5,4,1,13,5,8,54,29,25
HOOD COUNTY,221,41 Years,614,306,308,526,258,268,3,3,0,13,6,7,72,39,33
HOOD COUNTY,221,42 Years,578,273,305,488,226,262,2,2,0,13,8,5,75,37,38
HOOD COUNTY,221,43 Years,565,272,293,476,227,249,1,0,1,9,5,4,79,40,39
HOOD COUNTY,221,44 Years,594,279,315,503,237,266,3,0,3,11,4,7,77,38,39
HOOD COUNTY,221,45 Years,614,307,307,523,266,257,2,0,2,16,6,10,73,35,38
HOOD COUNTY,221,46 Years,675,335,340,578,289,289,3,3,0,18,7,11,76,36,40
HOOD COUNTY,221,47 Years,690,344,346,611,302,309,2,2,0,14,7,7,63,33,30
HOOD COUNTY,221,48 Years,733,361,372,640,316,324,3,2,1,18,9,9,72,34,38
HOOD COUNTY,221,49 Years,752,379,373,660,326,334,3,3,0,28,15,13,61,35,26
HOOD COUNTY,221,50 Years,772,402,370,691,350,341,4,3,1,20,12,8,57,37,20
HOOD COUNTY,221,51 Years,827,401,426,738,354,384,5,1,4,23,12,11,61,34,27
HOOD COUNTY,221,52 Years,799,371,428,722,335,387,3,1,2,19,8,11,55,27,28
HOOD COUNTY,221,53 Years,786,395,391,706,353,353,3,2,1,17,8,9,60,32,28
HOOD COUNTY,221,54 Years,789,378,411,713,338,375,3,2,1,22,7,15,51,31,20
HOOD COUNTY,221,55 Years,829,395,434,743,349,394,6,5,1,24,10,14,56,31,25
HOOD COUNTY,221,56 Years,812,410,402,729,366,363,4,3,1,24,11,13,55,30,25
HOOD COUNTY,221,57 Years,819,422,397,757,392,365,2,2,0,20,11,9,40,17,23
HOOD COUNTY,221,58 Years,807,349,458,752,328,424,4,1,3,19,8,11,32,12,20
HOOD COUNTY,221,59 Years,764,361,403,722,341,381,1,0,1,17,6,11,24,14,10
HOOD COUNTY,221,60 Years,750,361,389,698,332,366,4,1,3,15,5,10,33,23,10
HOOD COUNTY,221,61 Years,820,386,434,769,362,407,5,2,3,14,5,9,32,17,15
HOOD COUNTY,221,62 Years,817,368,449,773,353,420,3,1,2,15,5,10,26,9,17
HOOD COUNTY,221,63 Years,835,399,436,794,377,417,5,4,1,12,6,6,24,12,12
HOOD COUNTY,221,64 Years,855,430,425,820,409,411,5,4,1,9,4,5,21,13,8
HOOD COUNTY,221,65 Years,747,352,395,704,328,376,4,2,2,13,7,6,26,15,11
HOOD COUNTY,221,66 Years,781,364,417,736,342,394,2,1,1,16,7,9,27,14,13
HOOD COUNTY,221,67 Years,789,407,382,752,386,366,2,2,0,14,9,5,21,10,11
HOOD COUNTY,221,68 Years,732,365,367,700,347,353,2,1,1,8,4,4,22,13,9
HOOD COUNTY,221,69 Years,686,333,353,655,313,342,2,1,1,10,6,4,19,13,6
HOOD COUNTY,221,70 Years,666,322,344,635,303,332,1,1,0,11,5,6,19,13,6
HOOD COUNTY,221,71 Years,620,306,314,598,294,304,1,1,0,8,4,4,13,7,6
HOOD COUNTY,221,72 Years,612,315,297,590,301,289,0,0,0,7,3,4,15,11,4
HOOD COUNTY,221,73 Years,558,285,273,539,276,263,0,0,0,7,4,3,12,5,7
HOOD COUNTY,221,74 Years,527,255,272,514,247,267,1,1,0,3,2,1,9,5,4
HOOD COUNTY,221,75 Years,521,252,269,505,242,263,1,1,0,7,4,3,8,5,3
HOOD COUNTY,221,76 Years,472,226,246,461,220,241,0,0,0,4,1,3,7,5,2
HOOD COUNTY,221,77 Years,415,204,211,405,201,204,0,0,0,6,2,4,4,1,3
HOOD COUNTY,221,78 Years,371,176,195,361,172,189,1,1,0,2,2,0,7,1,6
HOOD COUNTY,221,79 Years,337,159,178,327,156,171,1,1,0,4,1,3,5,1,4
HOOD COUNTY,221,80 Years,323,154,169,313,151,162,1,0,1,3,0,3,6,3,3
HOOD COUNTY,221,81 Years,316,149,167,307,145,162,0,0,0,5,2,3,4,2,2
HOOD COUNTY,221,82 Years,298,146,152,290,142,148,0,0,0,3,1,2,5,3,2
HOOD COUNTY,221,83 Years,226,102,124,220,99,121,0,0,0,2,1,1,4,2,2
HOOD COUNTY,221,84 Years,225,89,136,214,82,132,1,1,0,2,1,1,8,5,3
HOOD COUNTY,221,85 Years +,1203,408,795,1171,395,776,0,0,0,16,7,9,16,6,10
HOPKINS COUNTY,223,All Ages,35489,17613,17876,26505,12942,13563,2468,1202,1266,899,429,470,5617,3040,2577
HOPKINS COUNTY,223,< 1 Year,481,247,234,317,162,155,29,14,15,22,12,10,113,59,54
HOPKINS COUNTY,223,1 Years,486,252,234,308,161,147,28,17,11,27,14,13,123,60,63
HOPKINS COUNTY,223,2 Years,487,258,229,278,152,126,38,20,18,28,11,17,143,75,68
HOPKINS COUNTY,223,3 Years,474,251,223,282,154,128,29,15,14,31,15,16,132,67,65
HOPKINS COUNTY,223,4 Years,503,259,244,300,146,154,29,13,16,27,14,13,147,86,61
HOPKINS COUNTY,223,5 Years,506,250,256,304,152,152,33,18,15,29,11,18,140,69,71
HOPKINS COUNTY,223,6 Years,485,243,242,293,146,147,36,19,17,31,14,17,125,64,61
HOPKINS COUNTY,223,7 Years,517,274,243,322,173,149,36,19,17,26,12,14,133,70,63
HOPKINS COUNTY,223,8 Years,501,242,259,317,150,167,30,18,12,25,9,16,129,65,64
HOPKINS COUNTY,223,9 Years,504,252,252,326,163,163,29,18,11,20,9,11,129,62,67
HOPKINS COUNTY,223,10 Years,529,287,242,346,194,152,40,25,15,17,8,9,126,60,66
HOPKINS COUNTY,223,11 Years,499,274,225,325,170,155,39,25,14,21,13,8,114,66,48
HOPKINS COUNTY,223,12 Years,503,258,245,328,161,167,36,21,15,18,12,6,121,64,57
HOPKINS COUNTY,223,13 Years,482,234,248,319,158,161,35,13,22,16,9,7,112,54,58
HOPKINS COUNTY,223,14 Years,489,260,229,326,181,145,44,21,23,12,3,9,107,55,52
HOPKINS COUNTY,223,15 Years,510,264,246,337,188,149,44,20,24,15,5,10,114,51,63
HOPKINS COUNTY,223,16 Years,521,265,256,345,185,160,39,15,24,13,6,7,124,59,65
HOPKINS COUNTY,223,17 Years,549,283,266,357,181,176,41,20,21,20,13,7,131,69,62
HOPKINS COUNTY,223,18 Years,518,268,250,348,183,165,39,20,19,16,7,9,115,58,57
HOPKINS COUNTY,223,19 Years,463,237,226,298,147,151,45,24,21,16,7,9,104,59,45
HOPKINS COUNTY,223,20 Years,433,225,208,293,146,147,35,19,16,10,6,4,95,54,41
HOPKINS COUNTY,223,21 Years,390,197,193,257,126,131,32,15,17,6,5,1,95,51,44
HOPKINS COUNTY,223,22 Years,377,198,179,252,130,122,21,11,10,5,4,1,99,53,46
HOPKINS COUNTY,223,23 Years,437,222,215,303,142,161,19,11,8,7,5,2,108,64,44
HOPKINS COUNTY,223,24 Years,431,206,225,304,142,162,20,11,9,8,3,5,99,50,49
HOPKINS COUNTY,223,25 Years,422,227,195,300,153,147,22,13,9,14,6,8,86,55,31
HOPKINS COUNTY,223,26 Years,420,215,205,282,136,146,24,13,11,9,5,4,105,61,44
HOPKINS COUNTY,223,27 Years,391,197,194,262,133,129,29,13,16,6,3,3,94,48,46
HOPKINS COUNTY,223,28 Years,410,202,208,282,139,143,30,15,15,9,3,6,89,45,44
HOPKINS COUNTY,223,29 Years,388,204,184,276,135,141,26,14,12,6,4,2,80,51,29
HOPKINS COUNTY,223,30 Years,397,205,192,271,134,137,32,18,14,10,4,6,84,49,35
HOPKINS COUNTY,223,31 Years,412,217,195,281,148,133,29,14,15,13,7,6,89,48,41
HOPKINS COUNTY,223,32 Years,389,191,198,279,132,147,26,11,15,8,5,3,76,43,33
HOPKINS COUNTY,223,33 Years,390,204,186,276,141,135,26,15,11,10,5,5,78,43,35
HOPKINS COUNTY,223,34 Years,393,201,192,276,135,141,23,12,11,10,6,4,84,48,36
HOPKINS COUNTY,223,35 Years,398,195,203,271,136,135,28,10,18,9,6,3,90,43,47
HOPKINS COUNTY,223,36 Years,412,195,217,297,144,153,26,6,20,7,4,3,82,41,41
HOPKINS COUNTY,223,37 Years,436,202,234,308,143,165,27,11,16,6,3,3,95,45,50
HOPKINS COUNTY,223,38 Years,406,195,211,296,142,154,29,16,13,7,3,4,74,34,40
HOPKINS COUNTY,223,39 Years,450,223,227,338,167,171,33,15,18,8,2,6,71,39,32
HOPKINS COUNTY,223,40 Years,456,227,229,344,172,172,38,18,20,10,4,6,64,33,31
HOPKINS COUNTY,223,41 Years,443,223,220,338,167,171,26,13,13,11,6,5,68,37,31
HOPKINS COUNTY,223,42 Years,465,231,234,345,161,184,34,14,20,13,6,7,73,50,23
HOPKINS COUNTY,223,43 Years,470,227,243,360,165,195,34,16,18,11,5,6,65,41,24
HOPKINS COUNTY,223,44 Years,402,203,199,296,150,146,37,21,16,9,3,6,60,29,31
HOPKINS COUNTY,223,45 Years,443,216,227,336,161,175,35,21,14,8,2,6,64,32,32
HOPKINS COUNTY,223,46 Years,489,236,253,377,182,195,31,15,16,7,1,6,74,38,36
HOPKINS COUNTY,223,47 Years,505,257,248,377,185,192,33,16,17,10,4,6,85,52,33
HOPKINS COUNTY,223,48 Years,503,275,228,384,204,180,33,13,20,9,5,4,77,53,24
HOPKINS COUNTY,223,49 Years,526,267,259,421,207,214,34,13,21,7,4,3,64,43,21
HOPKINS COUNTY,223,50 Years,506,245,261,391,189,202,42,16,26,11,6,5,62,34,28
HOPKINS COUNTY,223,51 Years,505,251,254,410,200,210,38,17,21,7,3,4,50,31,19
HOPKINS COUNTY,223,52 Years,491,252,239,393,199,194,38,18,20,8,4,4,52,31,21
HOPKINS COUNTY,223,53 Years,488,246,242,391,189,202,35,21,14,14,6,8,48,30,18
HOPKINS COUNTY,223,54 Years,485,249,236,390,192,198,39,25,14,11,5,6,45,27,18
HOPKINS COUNTY,223,55 Years,507,261,246,411,198,213,36,23,13,11,7,4,49,33,16
HOPKINS COUNTY,223,56 Years,495,246,249,419,201,218,37,21,16,7,4,3,32,20,12
HOPKINS COUNTY,223,57 Years,461,231,230,383,182,201,44,26,18,6,4,2,28,19,9
HOPKINS COUNTY,223,58 Years,445,214,231,357,166,191,45,24,21,10,3,7,33,21,12
HOPKINS COUNTY,223,59 Years,443,218,225,363,177,186,42,23,19,10,4,6,28,14,14
HOPKINS COUNTY,223,60 Years,419,204,215,357,174,183,33,15,18,8,3,5,21,12,9
HOPKINS COUNTY,223,61 Years,430,203,227,365,173,192,32,13,19,7,2,5,26,15,11
HOPKINS COUNTY,223,62 Years,462,215,247,404,189,215,31,13,18,9,3,6,18,10,8
HOPKINS COUNTY,223,63 Years,427,198,229,372,176,196,31,11,20,10,5,5,14,6,8
HOPKINS COUNTY,223,64 Years,425,194,231,371,171,200,33,12,21,8,4,4,13,7,6
HOPKINS COUNTY,223,65 Years,373,187,186,324,162,162,29,14,15,5,2,3,15,9,6
HOPKINS COUNTY,223,66 Years,361,185,176,328,169,159,16,7,9,4,1,3,13,8,5
HOPKINS COUNTY,223,67 Years,358,182,176,327,168,159,14,4,10,4,2,2,13,8,5
HOPKINS COUNTY,223,68 Years,350,175,175,310,156,154,20,9,11,7,5,2,13,5,8
HOPKINS COUNTY,223,69 Years,322,148,174,281,124,157,25,13,12,5,4,1,11,7,4
HOPKINS COUNTY,223,70 Years,323,140,183,287,124,163,21,7,14,3,1,2,12,8,4
HOPKINS COUNTY,223,71 Years,280,134,146,245,120,125,20,7,13,3,1,2,12,6,6
HOPKINS COUNTY,223,72 Years,270,131,139,237,118,119,20,7,13,5,3,2,8,3,5
HOPKINS COUNTY,223,73 Years,244,117,127,221,107,114,16,6,10,3,2,1,4,2,2
HOPKINS COUNTY,223,74 Years,246,120,126,230,113,117,10,2,8,1,1,0,5,4,1
HOPKINS COUNTY,223,75 Years,240,110,130,224,102,122,10,5,5,1,0,1,5,3,2
HOPKINS COUNTY,223,76 Years,242,109,133,218,100,118,17,5,12,4,2,2,3,2,1
HOPKINS COUNTY,223,77 Years,229,100,129,208,92,116,14,5,9,2,1,1,5,2,3
HOPKINS COUNTY,223,78 Years,201,90,111,181,81,100,11,3,8,1,0,1,8,6,2
HOPKINS COUNTY,223,79 Years,181,80,101,163,74,89,13,4,9,0,0,0,5,2,3
HOPKINS COUNTY,223,80 Years,164,71,93,152,66,86,8,4,4,2,0,2,2,1,1
HOPKINS COUNTY,223,81 Years,158,68,90,149,63,86,5,2,3,1,0,1,3,3,0
HOPKINS COUNTY,223,82 Years,155,68,87,146,65,81,5,2,3,2,0,2,2,1,1
HOPKINS COUNTY,223,83 Years,125,55,70,117,53,64,3,0,3,4,2,2,1,0,1
HOPKINS COUNTY,223,84 Years,107,46,61,99,42,57,3,1,2,2,1,1,3,2,1
HOPKINS COUNTY,223,85 Years +,680,229,451,623,202,421,41,19,22,10,5,5,6,3,3
HOUSTON COUNTY,225,All Ages,23752,12792,10960,14755,7544,7211,6142,3473,2669,433,188,245,2422,1587,835
HOUSTON COUNTY,225,< 1 Year,240,122,118,132,66,66,65,33,32,6,3,3,37,20,17
HOUSTON COUNTY,225,1 Years,261,133,128,122,71,51,80,33,47,10,3,7,49,26,23
HOUSTON COUNTY,225,2 Years,288,152,136,131,74,57,87,43,44,12,4,8,58,31,27
HOUSTON COUNTY,225,3 Years,253,129,124,119,59,60,69,35,34,12,4,8,53,31,22
HOUSTON COUNTY,225,4 Years,266,140,126,133,66,67,70,42,28,16,7,9,47,25,22
HOUSTON COUNTY,225,5 Years,290,153,137,143,76,67,77,43,34,20,5,15,50,29,21
HOUSTON COUNTY,225,6 Years,282,153,129,151,76,75,67,40,27,15,7,8,49,30,19
HOUSTON COUNTY,225,7 Years,265,139,126,143,77,66,66,33,33,16,8,8,40,21,19
HOUSTON COUNTY,225,8 Years,243,130,113,129,73,56,62,31,31,13,6,7,39,20,19
HOUSTON COUNTY,225,9 Years,249,128,121,136,70,66,60,35,25,13,4,9,40,19,21
HOUSTON COUNTY,225,10 Years,250,120,130,140,71,69,69,33,36,10,5,5,31,11,20
HOUSTON COUNTY,225,11 Years,262,132,130,142,73,69,68,34,34,10,4,6,42,21,21
HOUSTON COUNTY,225,12 Years,265,136,129,151,75,76,77,42,35,6,2,4,31,17,14
HOUSTON COUNTY,225,13 Years,281,140,141,155,79,76,73,38,35,11,5,6,42,18,24
HOUSTON COUNTY,225,14 Years,241,125,116,139,63,76,65,43,22,7,5,2,30,14,16
HOUSTON COUNTY,225,15 Years,265,154,111,157,88,69,67,41,26,5,1,4,36,24,12
HOUSTON COUNTY,225,16 Years,298,180,118,174,102,72,83,55,28,9,4,5,32,19,13
HOUSTON COUNTY,225,17 Years,318,181,137,179,102,77,96,54,42,6,3,3,37,22,15
HOUSTON COUNTY,225,18 Years,332,179,153,171,91,80,118,65,53,5,3,2,38,20,18
HOUSTON COUNTY,225,19 Years,294,168,126,145,82,63,103,63,40,3,2,1,43,21,22
HOUSTON COUNTY,225,20 Years,259,136,123,116,56,60,98,56,42,3,0,3,42,24,18
HOUSTON COUNTY,225,21 Years,212,106,106,95,46,49,81,34,47,3,2,1,33,24,9
HOUSTON COUNTY,225,22 Years,204,104,100,100,48,52,70,32,38,3,2,1,31,22,9
HOUSTON COUNTY,225,23 Years,220,125,95,96,53,43,80,44,36,5,4,1,39,24,15
HOUSTON COUNTY,225,24 Years,261,154,107,123,67,56,84,51,33,4,3,1,50,33,17
HOUSTON COUNTY,225,25 Years,251,156,95,119,73,46,83,50,33,5,3,2,44,30,14
HOUSTON COUNTY,225,26 Years,234,135,99,119,61,58,76,45,31,5,3,2,34,26,8
HOUSTON COUNTY,225,27 Years,263,154,109,147,79,68,74,42,32,3,2,1,39,31,8
HOUSTON COUNTY,225,28 Years,280,160,120,148,77,71,75,45,30,4,0,4,53,38,15
HOUSTON COUNTY,225,29 Years,282,162,120,163,89,74,71,41,30,2,1,1,46,31,15
HOUSTON COUNTY,225,30 Years,288,180,108,150,89,61,78,47,31,5,2,3,55,42,13
HOUSTON COUNTY,225,31 Years,297,173,124,155,92,63,84,46,38,7,2,5,51,33,18
HOUSTON COUNTY,225,32 Years,281,171,110,160,92,68,73,50,23,6,1,5,42,28,14
HOUSTON COUNTY,225,33 Years,251,137,114,122,55,67,84,52,32,6,2,4,39,28,11
HOUSTON COUNTY,225,34 Years,261,155,106,129,74,55,81,45,36,4,2,2,47,34,13
HOUSTON COUNTY,225,35 Years,238,140,98,117,62,55,75,45,30,2,1,1,44,32,12
HOUSTON COUNTY,225,36 Years,289,186,103,150,86,64,83,58,25,5,2,3,51,40,11
HOUSTON COUNTY,225,37 Years,264,159,105,144,73,71,67,45,22,5,3,2,48,38,10
HOUSTON COUNTY,225,38 Years,305,190,115,164,90,74,87,61,26,5,2,3,49,37,12
HOUSTON COUNTY,225,39 Years,302,178,124,151,76,75,104,69,35,4,2,2,43,31,12
HOUSTON COUNTY,225,40 Years,332,207,125,194,114,80,100,64,36,2,1,1,36,28,8
HOUSTON COUNTY,225,41 Years,285,164,121,156,80,76,92,55,37,1,1,0,36,28,8
HOUSTON COUNTY,225,42 Years,294,174,120,169,92,77,85,54,31,8,4,4,32,24,8
HOUSTON COUNTY,225,43 Years,325,213,112,179,106,73,96,68,28,6,3,3,44,36,8
HOUSTON COUNTY,225,44 Years,304,184,120,168,92,76,88,54,34,2,0,2,46,38,8
HOUSTON COUNTY,225,45 Years,321,184,137,178,97,81,103,60,43,3,1,2,37,26,11
HOUSTON COUNTY,225,46 Years,371,236,135,211,127,84,116,74,42,2,2,0,42,33,9
HOUSTON COUNTY,225,47 Years,357,216,141,199,109,90,123,82,41,4,2,2,31,23,8
HOUSTON COUNTY,225,48 Years,380,224,156,232,125,107,115,75,40,3,2,1,30,22,8
HOUSTON COUNTY,225,49 Years,358,198,160,207,101,106,120,75,45,2,2,0,29,20,9
HOUSTON COUNTY,225,50 Years,366,223,143,221,125,96,104,64,40,5,4,1,36,30,6
HOUSTON COUNTY,225,51 Years,378,221,157,250,137,113,94,61,33,3,1,2,31,22,9
HOUSTON COUNTY,225,52 Years,363,211,152,223,113,110,109,76,33,5,2,3,26,20,6
HOUSTON COUNTY,225,53 Years,387,219,168,252,131,121,96,62,34,7,2,5,32,24,8
HOUSTON COUNTY,225,54 Years,376,202,174,248,131,117,99,54,45,7,2,5,22,15,7
HOUSTON COUNTY,225,55 Years,356,194,162,243,132,111,93,50,43,2,1,1,18,11,7
HOUSTON COUNTY,225,56 Years,346,175,171,240,121,119,86,40,46,1,1,0,19,13,6
HOUSTON COUNTY,225,57 Years,326,152,174,228,107,121,79,36,43,4,0,4,15,9,6
HOUSTON COUNTY,225,58 Years,315,154,161,217,106,111,71,33,38,7,2,5,20,13,7
HOUSTON COUNTY,225,59 Years,349,186,163,252,126,126,82,51,31,4,1,3,11,8,3
HOUSTON COUNTY,225,60 Years,299,143,156,223,106,117,63,29,34,3,1,2,10,7,3
HOUSTON COUNTY,225,61 Years,274,137,137,204,102,102,51,21,30,3,2,1,16,12,4
HOUSTON COUNTY,225,62 Years,283,140,143,224,112,112,50,23,27,3,1,2,6,4,2
HOUSTON COUNTY,225,63 Years,313,150,163,244,111,133,57,33,24,5,0,5,7,6,1
HOUSTON COUNTY,225,64 Years,322,153,169,257,115,142,55,32,23,3,0,3,7,6,1
HOUSTON COUNTY,225,65 Years,303,152,151,235,115,120,55,27,28,3,1,2,10,9,1
HOUSTON COUNTY,225,66 Years,309,152,157,244,118,126,52,25,27,2,1,1,11,8,3
HOUSTON COUNTY,225,67 Years,274,137,137,226,110,116,43,23,20,0,0,0,5,4,1
HOUSTON COUNTY,225,68 Years,268,135,133,218,110,108,43,21,22,2,2,0,5,2,3
HOUSTON COUNTY,225,69 Years,266,122,144,217,103,114,42,17,25,3,1,2,4,1,3
HOUSTON COUNTY,225,70 Years,257,135,122,210,111,99,40,21,19,2,1,1,5,2,3
HOUSTON COUNTY,225,71 Years,236,124,112,194,101,93,37,19,18,1,1,0,4,3,1
HOUSTON COUNTY,225,72 Years,232,106,126,190,86,104,36,17,19,4,3,1,2,0,2
HOUSTON COUNTY,225,73 Years,212,109,103,180,93,87,29,14,15,2,2,0,1,0,1
HOUSTON COUNTY,225,74 Years,200,94,106,162,76,86,30,15,15,4,1,3,4,2,2
HOUSTON COUNTY,225,75 Years,191,86,105,152,67,85,35,17,18,3,1,2,1,1,0
HOUSTON COUNTY,225,76 Years,204,107,97,165,84,81,33,20,13,3,2,1,3,1,2
HOUSTON COUNTY,225,77 Years,174,83,91,134,65,69,33,15,18,2,1,1,5,2,3
HOUSTON COUNTY,225,78 Years,168,85,83,134,68,66,26,12,14,3,2,1,5,3,2
HOUSTON COUNTY,225,79 Years,146,69,77,125,58,67,17,8,9,1,1,0,3,2,1
HOUSTON COUNTY,225,80 Years,136,63,73,112,50,62,21,11,10,1,1,0,2,1,1
HOUSTON COUNTY,225,81 Years,116,52,64,99,45,54,16,7,9,0,0,0,1,0,1
HOUSTON COUNTY,225,82 Years,124,57,67,102,47,55,20,8,12,2,2,0,0,0,0
HOUSTON COUNTY,225,83 Years,112,38,74,90,32,58,21,5,16,1,1,0,0,0,0
HOUSTON COUNTY,225,84 Years,114,42,72,87,35,52,25,6,19,1,1,0,1,0,1
HOUSTON COUNTY,225,85 Years +,645,229,416,500,180,320,131,45,86,7,1,6,7,3,4
HOWARD COUNTY,227,All Ages,35172,19830,15342,18723,10005,8718,2116,1541,575,901,535,366,13432,7749,5683
HOWARD COUNTY,227,< 1 Year,432,220,212,201,103,98,14,7,7,8,4,4,209,106,103
HOWARD COUNTY,227,1 Years,447,217,230,179,85,94,18,10,8,11,6,5,239,116,123
HOWARD COUNTY,227,2 Years,457,229,228,178,78,100,20,10,10,17,9,8,242,132,110
HOWARD COUNTY,227,3 Years,431,216,215,177,82,95,12,6,6,14,7,7,228,121,107
HOWARD COUNTY,227,4 Years,464,235,229,195,97,98,13,8,5,12,4,8,244,126,118
HOWARD COUNTY,227,5 Years,465,240,225,174,85,89,16,6,10,18,10,8,257,139,118
HOWARD COUNTY,227,6 Years,463,236,227,185,96,89,25,11,14,20,9,11,233,120,113
HOWARD COUNTY,227,7 Years,421,222,199,156,86,70,29,15,14,18,8,10,218,113,105
HOWARD COUNTY,227,8 Years,410,216,194,164,81,83,27,16,11,16,9,7,203,110,93
HOWARD COUNTY,227,9 Years,450,237,213,181,98,83,22,13,9,12,7,5,235,119,116
HOWARD COUNTY,227,10 Years,438,219,219,168,79,89,20,13,7,9,4,5,241,123,118
HOWARD COUNTY,227,11 Years,427,214,213,185,86,99,18,10,8,10,5,5,214,113,101
HOWARD COUNTY,227,12 Years,408,206,202,161,77,84,20,9,11,15,6,9,212,114,98
HOWARD COUNTY,227,13 Years,439,208,231,177,84,93,22,12,10,14,5,9,226,107,119
HOWARD COUNTY,227,14 Years,390,191,199,167,87,80,20,9,11,11,3,8,192,92,100
HOWARD COUNTY,227,15 Years,393,206,187,167,79,88,20,13,7,10,5,5,196,109,87
HOWARD COUNTY,227,16 Years,398,202,196,185,89,96,19,10,9,5,1,4,189,102,87
HOWARD COUNTY,227,17 Years,431,221,210,203,101,102,16,10,6,7,3,4,205,107,98
HOWARD COUNTY,227,18 Years,486,285,201,213,113,100,30,22,8,14,6,8,229,144,85
HOWARD COUNTY,227,19 Years,586,348,238,256,140,116,47,33,14,18,12,6,265,163,102
HOWARD COUNTY,227,20 Years,561,313,248,259,143,116,44,33,11,16,14,2,242,123,119
HOWARD COUNTY,227,21 Years,606,397,209,270,165,105,56,50,6,19,14,5,261,168,93
HOWARD COUNTY,227,22 Years,443,255,188,211,119,92,26,20,6,14,10,4,192,106,86
HOWARD COUNTY,227,23 Years,529,334,195,251,145,106,31,26,5,12,11,1,235,152,83
HOWARD COUNTY,227,24 Years,567,356,211,261,158,103,47,38,9,16,13,3,243,147,96
HOWARD COUNTY,227,25 Years,427,244,183,207,114,93,29,19,10,11,6,5,180,105,75
HOWARD COUNTY,227,26 Years,509,305,204,248,145,103,37,30,7,15,8,7,209,122,87
HOWARD COUNTY,227,27 Years,461,296,165,222,137,85,36,32,4,13,10,3,190,117,73
HOWARD COUNTY,227,28 Years,460,264,196,228,130,98,26,20,6,15,11,4,191,103,88
HOWARD COUNTY,227,29 Years,506,300,206,237,136,101,39,31,8,18,10,8,212,123,89
HOWARD COUNTY,227,30 Years,463,274,189,221,125,96,32,25,7,13,8,5,197,116,81
HOWARD COUNTY,227,31 Years,370,186,184,198,108,90,18,8,10,10,5,5,144,65,79
HOWARD COUNTY,227,32 Years,508,347,161,245,158,87,41,35,6,14,11,3,208,143,65
HOWARD COUNTY,227,33 Years,438,280,158,217,136,81,33,27,6,12,8,4,176,109,67
HOWARD COUNTY,227,34 Years,422,248,174,214,122,92,32,23,9,6,2,4,170,101,69
HOWARD COUNTY,227,35 Years,486,298,188,250,148,102,33,25,8,17,8,9,186,117,69
HOWARD COUNTY,227,36 Years,435,258,177,237,136,101,21,16,5,13,7,6,164,99,65
HOWARD COUNTY,227,37 Years,341,186,155,178,96,82,16,11,5,8,6,2,139,73,66
HOWARD COUNTY,227,38 Years,307,150,157,149,71,78,14,8,6,7,3,4,137,68,69
HOWARD COUNTY,227,39 Years,467,288,179,243,143,100,38,31,7,8,5,3,178,109,69
HOWARD COUNTY,227,40 Years,378,205,173,197,104,93,24,17,7,5,5,0,152,79,73
HOWARD COUNTY,227,41 Years,464,259,205,235,127,108,28,23,5,14,9,5,187,100,87
HOWARD COUNTY,227,42 Years,387,200,187,193,94,99,20,14,6,18,9,9,156,83,73
HOWARD COUNTY,227,43 Years,402,235,167,207,114,93,21,17,4,9,4,5,165,100,65
HOWARD COUNTY,227,44 Years,411,252,159,210,129,81,32,25,7,9,5,4,160,93,67
HOWARD COUNTY,227,45 Years,528,347,181,232,147,85,47,34,13,16,10,6,233,156,77
HOWARD COUNTY,227,46 Years,563,366,197,264,159,105,52,43,9,16,9,7,231,155,76
HOWARD COUNTY,227,47 Years,417,218,199,223,106,117,24,16,8,11,6,5,159,90,69
HOWARD COUNTY,227,48 Years,619,419,200,308,183,125,60,51,9,21,18,3,230,167,63
HOWARD COUNTY,227,49 Years,692,467,225,368,225,143,65,59,6,19,12,7,240,171,69
HOWARD COUNTY,227,50 Years,632,408,224,363,209,154,54,45,9,18,15,3,197,139,58
HOWARD COUNTY,227,51 Years,812,608,204,413,275,138,88,81,7,19,17,2,292,235,57
HOWARD COUNTY,227,52 Years,683,456,227,379,223,156,69,57,12,18,12,6,217,164,53
HOWARD COUNTY,227,53 Years,521,319,202,318,173,145,37,29,8,11,6,5,155,111,44
HOWARD COUNTY,227,54 Years,544,336,208,302,161,141,54,45,9,14,9,5,174,121,53
HOWARD COUNTY,227,55 Years,588,366,222,336,187,149,51,44,7,12,8,4,189,127,62
HOWARD COUNTY,227,56 Years,653,436,217,418,262,156,47,42,5,14,11,3,174,121,53
HOWARD COUNTY,227,57 Years,507,284,223,321,176,145,20,16,4,14,10,4,152,82,70
HOWARD COUNTY,227,58 Years,448,276,172,287,176,111,14,12,2,11,6,5,136,82,54
HOWARD COUNTY,227,59 Years,398,204,194,263,131,132,20,10,10,11,5,6,104,58,46
HOWARD COUNTY,227,60 Years,357,181,176,242,123,119,15,8,7,7,4,3,93,46,47
HOWARD COUNTY,227,61 Years,362,179,183,234,118,116,11,6,5,7,4,3,110,51,59
HOWARD COUNTY,227,62 Years,360,180,180,246,124,122,16,6,10,6,4,2,92,46,46
HOWARD COUNTY,227,63 Years,309,152,157,214,103,111,15,7,8,3,2,1,77,40,37
HOWARD COUNTY,227,64 Years,326,156,170,226,109,117,11,5,6,5,3,2,84,39,45
HOWARD COUNTY,227,65 Years,261,136,125,167,88,79,14,8,6,7,3,4,73,37,36
HOWARD COUNTY,227,66 Years,262,132,130,181,90,91,12,8,4,7,3,4,62,31,31
HOWARD COUNTY,227,67 Years,254,127,127,180,90,90,6,4,2,7,2,5,61,31,30
HOWARD COUNTY,227,68 Years,268,129,139,193,87,106,10,6,4,8,6,2,57,30,27
HOWARD COUNTY,227,69 Years,320,184,136,223,118,105,12,10,2,9,8,1,76,48,28
HOWARD COUNTY,227,70 Years,262,133,129,195,97,98,7,3,4,6,4,2,54,29,25
HOWARD COUNTY,227,71 Years,210,91,119,157,68,89,3,0,3,4,3,1,46,20,26
HOWARD COUNTY,227,72 Years,205,91,114,150,66,84,7,3,4,1,1,0,47,21,26
HOWARD COUNTY,227,73 Years,209,98,111,150,71,79,11,5,6,2,1,1,46,21,25
HOWARD COUNTY,227,74 Years,209,94,115,158,70,88,8,3,5,3,0,3,40,21,19
HOWARD COUNTY,227,75 Years,192,89,103,149,68,81,4,3,1,4,1,3,35,17,18
HOWARD COUNTY,227,76 Years,190,91,99,144,67,77,8,3,5,1,0,1,37,21,16
HOWARD COUNTY,227,77 Years,199,87,112,149,63,86,4,2,2,3,1,2,43,21,22
HOWARD COUNTY,227,78 Years,179,69,110,137,53,84,3,1,2,2,1,1,37,14,23
HOWARD COUNTY,227,79 Years,167,73,94,132,62,70,3,3,0,3,0,3,29,8,21
HOWARD COUNTY,227,80 Years,178,90,88,134,68,66,3,1,2,3,0,3,38,21,17
HOWARD COUNTY,227,81 Years,168,82,86,132,63,69,3,2,1,1,1,0,32,16,16
HOWARD COUNTY,227,82 Years,131,54,77,112,49,63,2,1,1,1,0,1,16,4,12
HOWARD COUNTY,227,83 Years,113,47,66,93,42,51,6,2,4,1,0,1,13,3,10
HOWARD COUNTY,227,84 Years,99,45,54,83,38,45,2,1,1,0,0,0,14,6,8
HOWARD COUNTY,227,85 Years +,593,232,361,487,188,299,16,9,7,4,4,0,86,31,55
HUDSPETH COUNTY,229,All Ages,3500,1759,1741,626,338,288,31,21,10,50,22,28,2793,1378,1415
HUDSPETH COUNTY,229,< 1 Year,45,24,21,3,2,1,0,0,0,0,0,0,42,22,20
HUDSPETH COUNTY,229,1 Years,48,23,25,4,2,2,0,0,0,1,1,0,43,20,23
HUDSPETH COUNTY,229,2 Years,46,27,19,4,3,1,0,0,0,3,1,2,39,23,16
HUDSPETH COUNTY,229,3 Years,48,28,20,1,1,0,1,1,0,1,0,1,45,26,19
HUDSPETH COUNTY,229,4 Years,48,31,17,4,3,1,0,0,0,2,2,0,42,26,16
HUDSPETH COUNTY,229,5 Years,48,18,30,6,1,5,0,0,0,1,1,0,41,16,25
HUDSPETH COUNTY,229,6 Years,58,21,37,3,1,2,2,0,2,0,0,0,53,20,33
HUDSPETH COUNTY,229,7 Years,60,24,36,8,1,7,2,1,1,0,0,0,50,22,28
HUDSPETH COUNTY,229,8 Years,54,26,28,5,2,3,0,0,0,0,0,0,49,24,25
HUDSPETH COUNTY,229,9 Years,54,23,31,6,1,5,0,0,0,1,0,1,47,22,25
HUDSPETH COUNTY,229,10 Years,51,27,24,9,4,5,0,0,0,0,0,0,42,23,19
HUDSPETH COUNTY,229,11 Years,57,27,30,4,2,2,0,0,0,0,0,0,53,25,28
HUDSPETH COUNTY,229,12 Years,65,34,31,4,1,3,0,0,0,2,1,1,59,32,27
HUDSPETH COUNTY,229,13 Years,54,25,29,5,3,2,0,0,0,1,0,1,48,22,26
HUDSPETH COUNTY,229,14 Years,60,31,29,5,1,4,0,0,0,0,0,0,55,30,25
HUDSPETH COUNTY,229,15 Years,66,31,35,8,3,5,0,0,0,3,0,3,55,28,27
HUDSPETH COUNTY,229,16 Years,66,34,32,4,3,1,3,3,0,2,1,1,57,27,30
HUDSPETH COUNTY,229,17 Years,79,36,43,3,1,2,2,1,1,1,0,1,73,34,39
HUDSPETH COUNTY,229,18 Years,69,30,39,3,1,2,0,0,0,2,0,2,64,29,35
HUDSPETH COUNTY,229,19 Years,54,34,20,3,2,1,0,0,0,2,1,1,49,31,18
HUDSPETH COUNTY,229,20 Years,51,24,27,1,1,0,0,0,0,0,0,0,50,23,27
HUDSPETH COUNTY,229,21 Years,37,19,18,2,1,1,0,0,0,0,0,0,35,18,17
HUDSPETH COUNTY,229,22 Years,32,18,14,2,2,0,0,0,0,0,0,0,30,16,14
HUDSPETH COUNTY,229,23 Years,36,20,16,2,1,1,0,0,0,1,0,1,33,19,14
HUDSPETH COUNTY,229,24 Years,37,20,17,5,3,2,0,0,0,0,0,0,32,17,15
HUDSPETH COUNTY,229,25 Years,27,16,11,3,2,1,0,0,0,1,0,1,23,14,9
HUDSPETH COUNTY,229,26 Years,38,16,22,5,2,3,0,0,0,0,0,0,33,14,19
HUDSPETH COUNTY,229,27 Years,42,20,22,6,2,4,0,0,0,0,0,0,36,18,18
HUDSPETH COUNTY,229,28 Years,33,19,14,4,2,2,0,0,0,0,0,0,29,17,12
HUDSPETH COUNTY,229,29 Years,36,20,16,4,2,2,0,0,0,1,0,1,31,18,13
HUDSPETH COUNTY,229,30 Years,41,23,18,4,3,1,2,2,0,0,0,0,35,18,17
HUDSPETH COUNTY,229,31 Years,32,17,15,4,2,2,1,1,0,0,0,0,27,14,13
HUDSPETH COUNTY,229,32 Years,35,16,19,6,3,3,0,0,0,0,0,0,29,13,16
HUDSPETH COUNTY,229,33 Years,35,14,21,6,2,4,2,2,0,0,0,0,27,10,17
HUDSPETH COUNTY,229,34 Years,45,16,29,10,3,7,2,2,0,2,1,1,31,10,21
HUDSPETH COUNTY,229,35 Years,30,13,17,4,2,2,0,0,0,0,0,0,26,11,15
HUDSPETH COUNTY,229,36 Years,34,13,21,5,3,2,0,0,0,1,1,0,28,9,19
HUDSPETH COUNTY,229,37 Years,32,16,16,5,4,1,0,0,0,0,0,0,27,12,15
HUDSPETH COUNTY,229,38 Years,33,18,15,6,5,1,0,0,0,1,0,1,26,13,13
HUDSPETH COUNTY,229,39 Years,34,23,11,5,4,1,0,0,0,1,1,0,28,18,10
HUDSPETH COUNTY,229,40 Years,32,13,19,1,0,1,0,0,0,0,0,0,31,13,18
HUDSPETH COUNTY,229,41 Years,41,21,20,5,3,2,1,0,1,0,0,0,35,18,17
HUDSPETH COUNTY,229,42 Years,52,25,27,7,2,5,0,0,0,0,0,0,45,23,22
HUDSPETH COUNTY,229,43 Years,43,20,23,5,2,3,1,1,0,0,0,0,37,17,20
HUDSPETH COUNTY,229,44 Years,49,27,22,10,5,5,0,0,0,2,2,0,37,20,17
HUDSPETH COUNTY,229,45 Years,34,18,16,6,3,3,0,0,0,0,0,0,28,15,13
HUDSPETH COUNTY,229,46 Years,40,17,23,7,3,4,0,0,0,0,0,0,33,14,19
HUDSPETH COUNTY,229,47 Years,44,24,20,6,4,2,2,2,0,1,1,0,35,17,18
HUDSPETH COUNTY,229,48 Years,48,26,22,9,7,2,3,1,2,1,1,0,35,17,18
HUDSPETH COUNTY,229,49 Years,54,30,24,11,8,3,1,0,1,1,1,0,41,21,20
HUDSPETH COUNTY,229,50 Years,56,33,23,14,11,3,0,0,0,1,1,0,41,21,20
HUDSPETH COUNTY,229,51 Years,50,24,26,10,6,4,1,0,1,0,0,0,39,18,21
HUDSPETH COUNTY,229,52 Years,51,27,24,13,6,7,1,0,1,0,0,0,37,21,16
HUDSPETH COUNTY,229,53 Years,52,25,27,16,7,9,0,0,0,2,0,2,34,18,16
HUDSPETH COUNTY,229,54 Years,53,23,30,15,6,9,0,0,0,3,2,1,35,15,20
HUDSPETH COUNTY,229,55 Years,58,25,33,20,10,10,0,0,0,0,0,0,38,15,23
HUDSPETH COUNTY,229,56 Years,50,22,28,20,11,9,0,0,0,0,0,0,30,11,19
HUDSPETH COUNTY,229,57 Years,49,26,23,14,10,4,0,0,0,0,0,0,35,16,19
HUDSPETH COUNTY,229,58 Years,48,21,27,14,8,6,0,0,0,0,0,0,34,13,21
HUDSPETH COUNTY,229,59 Years,40,22,18,13,8,5,0,0,0,1,1,0,26,13,13
HUDSPETH COUNTY,229,60 Years,39,21,18,12,10,2,0,0,0,2,0,2,25,11,14
HUDSPETH COUNTY,229,61 Years,41,20,21,16,9,7,0,0,0,1,0,1,24,11,13
HUDSPETH COUNTY,229,62 Years,40,22,18,10,6,4,1,1,0,0,0,0,29,15,14
HUDSPETH COUNTY,229,63 Years,41,17,24,11,7,4,1,1,0,0,0,0,29,9,20
HUDSPETH COUNTY,229,64 Years,43,23,20,18,11,7,0,0,0,3,1,2,22,11,11
HUDSPETH COUNTY,229,65 Years,35,21,14,12,7,5,0,0,0,0,0,0,23,14,9
HUDSPETH COUNTY,229,66 Years,40,24,16,8,7,1,1,1,0,0,0,0,31,16,15
HUDSPETH COUNTY,229,67 Years,34,19,15,10,4,6,0,0,0,0,0,0,24,15,9
HUDSPETH COUNTY,229,68 Years,30,20,10,10,5,5,0,0,0,0,0,0,20,15,5
HUDSPETH COUNTY,229,69 Years,27,13,14,11,4,7,1,1,0,0,0,0,15,8,7
HUDSPETH COUNTY,229,70 Years,34,17,17,14,7,7,0,0,0,0,0,0,20,10,10
HUDSPETH COUNTY,229,71 Years,35,16,19,16,9,7,0,0,0,0,0,0,19,7,12
HUDSPETH COUNTY,229,72 Years,25,15,10,12,9,3,0,0,0,0,0,0,13,6,7
HUDSPETH COUNTY,229,73 Years,25,15,10,10,8,2,0,0,0,0,0,0,15,7,8
HUDSPETH COUNTY,229,74 Years,20,12,8,5,3,2,0,0,0,1,0,1,14,9,5
HUDSPETH COUNTY,229,75 Years,22,13,9,5,2,3,0,0,0,0,0,0,17,11,6
HUDSPETH COUNTY,229,76 Years,17,7,10,4,1,3,0,0,0,0,0,0,13,6,7
HUDSPETH COUNTY,229,77 Years,14,7,7,4,2,2,0,0,0,1,1,0,9,4,5
HUDSPETH COUNTY,229,78 Years,19,6,13,7,2,5,0,0,0,0,0,0,12,4,8
HUDSPETH COUNTY,229,79 Years,20,12,8,5,2,3,0,0,0,0,0,0,15,10,5
HUDSPETH COUNTY,229,80 Years,13,6,7,3,1,2,0,0,0,0,0,0,10,5,5
HUDSPETH COUNTY,229,81 Years,16,8,8,4,2,2,0,0,0,0,0,0,12,6,6
HUDSPETH COUNTY,229,82 Years,18,11,7,3,1,2,0,0,0,0,0,0,15,10,5
HUDSPETH COUNTY,229,83 Years,18,11,7,5,3,2,0,0,0,0,0,0,13,8,5
HUDSPETH COUNTY,229,84 Years,11,7,4,4,3,1,0,0,0,0,0,0,7,4,3
HUDSPETH COUNTY,229,85 Years +,29,12,17,10,6,4,0,0,0,0,0,0,19,6,13
HUNT COUNTY,231,All Ages,87214,43250,43964,64473,31659,32814,7165,3460,3705,3167,1543,1624,12409,6588,5821
HUNT COUNTY,231,< 1 Year,1093,565,528,700,360,340,104,54,50,49,27,22,240,124,116
HUNT COUNTY,231,1 Years,1067,548,519,642,328,314,103,52,51,55,30,25,267,138,129
HUNT COUNTY,231,2 Years,1082,565,517,653,336,317,89,49,40,57,32,25,283,148,135
HUNT COUNTY,231,3 Years,1163,600,563,681,348,333,103,53,50,65,37,28,314,162,152
HUNT COUNTY,231,4 Years,1167,616,551,715,378,337,93,51,42,63,31,32,296,156,140
HUNT COUNTY,231,5 Years,1222,641,581,755,402,353,112,53,59,56,31,25,299,155,144
HUNT COUNTY,231,6 Years,1162,586,576,710,350,360,112,62,50,55,28,27,285,146,139
HUNT COUNTY,231,7 Years,1180,622,558,742,398,344,107,64,43,52,26,26,279,134,145
HUNT COUNTY,231,8 Years,1219,635,584,772,409,363,110,60,50,50,24,26,287,142,145
HUNT COUNTY,231,9 Years,1271,648,623,807,401,406,112,61,51,54,27,27,298,159,139
HUNT COUNTY,231,10 Years,1243,616,627,791,389,402,92,43,49,51,26,25,309,158,151
HUNT COUNTY,231,11 Years,1264,677,587,803,429,374,113,66,47,60,31,29,288,151,137
HUNT COUNTY,231,12 Years,1268,651,617,829,424,405,97,57,40,59,29,30,283,141,142
HUNT COUNTY,231,13 Years,1229,634,595,820,423,397,100,49,51,54,30,24,255,132,123
HUNT COUNTY,231,14 Years,1231,640,591,817,424,393,100,59,41,52,23,29,262,134,128
HUNT COUNTY,231,15 Years,1238,656,582,814,425,389,113,59,54,54,26,28,257,146,111
HUNT COUNTY,231,16 Years,1238,667,571,823,436,387,126,72,54,60,31,29,229,128,101
HUNT COUNTY,231,17 Years,1289,657,632,840,422,418,143,78,65,61,30,31,245,127,118
HUNT COUNTY,231,18 Years,1344,691,653,860,437,423,171,91,80,55,25,30,258,138,120
HUNT COUNTY,231,19 Years,1450,729,721,929,476,453,198,78,120,57,30,27,266,145,121
HUNT COUNTY,231,20 Years,1220,628,592,808,403,405,153,84,69,44,20,24,215,121,94
HUNT COUNTY,231,21 Years,1301,596,705,827,371,456,193,82,111,67,29,38,214,114,100
HUNT COUNTY,231,22 Years,1333,630,703,831,371,460,168,76,92,96,51,45,238,132,106
HUNT COUNTY,231,23 Years,1177,578,599,764,357,407,113,52,61,108,53,55,192,116,76
HUNT COUNTY,231,24 Years,1173,629,544,738,381,357,144,72,72,105,60,45,186,116,70
HUNT COUNTY,231,25 Years,1073,592,481,714,390,324,114,56,58,58,35,23,187,111,76
HUNT COUNTY,231,26 Years,1068,562,506,708,363,345,102,63,39,46,23,23,212,113,99
HUNT COUNTY,231,27 Years,1008,474,534,689,308,381,89,46,43,32,15,17,198,105,93
HUNT COUNTY,231,28 Years,998,511,487,680,344,336,89,47,42,34,14,20,195,106,89
HUNT COUNTY,231,29 Years,950,472,478,617,312,305,91,41,50,42,16,26,200,103,97
HUNT COUNTY,231,30 Years,1043,541,502,723,376,347,77,37,40,33,15,18,210,113,97
HUNT COUNTY,231,31 Years,1045,508,537,722,341,381,90,39,51,36,17,19,197,111,86
HUNT COUNTY,231,32 Years,957,465,492,681,330,351,71,34,37,33,17,16,172,84,88
HUNT COUNTY,231,33 Years,969,450,519,680,317,363,86,35,51,33,16,17,170,82,88
HUNT COUNTY,231,34 Years,967,478,489,678,325,353,76,29,47,41,21,20,172,103,69
HUNT COUNTY,231,35 Years,981,486,495,673,319,354,85,41,44,31,14,17,192,112,80
HUNT COUNTY,231,36 Years,969,494,475,657,334,323,71,30,41,42,18,24,199,112,87
HUNT COUNTY,231,37 Years,1002,495,507,684,352,332,86,33,53,40,13,27,192,97,95
HUNT COUNTY,231,38 Years,1066,527,539,757,378,379,80,39,41,39,18,21,190,92,98
HUNT COUNTY,231,39 Years,1102,531,571,801,384,417,90,40,50,43,21,22,168,86,82
HUNT COUNTY,231,40 Years,1089,523,566,799,379,420,89,38,51,33,16,17,168,90,78
HUNT COUNTY,231,41 Years,1134,579,555,834,437,397,100,46,54,32,18,14,168,78,90
HUNT COUNTY,231,42 Years,1108,557,551,844,419,425,77,36,41,22,11,11,165,91,74
HUNT COUNTY,231,43 Years,1100,545,555,835,418,417,74,32,42,29,13,16,162,82,80
HUNT COUNTY,231,44 Years,1093,536,557,823,402,421,80,41,39,36,14,22,154,79,75
HUNT COUNTY,231,45 Years,1133,555,578,866,424,442,91,42,49,34,13,21,142,76,66
HUNT COUNTY,231,46 Years,1229,610,619,952,461,491,108,53,55,42,24,18,127,72,55
HUNT COUNTY,231,47 Years,1295,644,651,1004,485,519,106,57,49,39,21,18,146,81,65
HUNT COUNTY,231,48 Years,1289,624,665,1002,488,514,99,44,55,47,20,27,141,72,69
HUNT COUNTY,231,49 Years,1319,647,672,1057,508,549,81,37,44,45,24,21,136,78,58
HUNT COUNTY,231,50 Years,1331,665,666,1079,542,537,85,35,50,47,21,26,120,67,53
HUNT COUNTY,231,51 Years,1297,666,631,1065,551,514,92,40,52,30,13,17,110,62,48
HUNT COUNTY,231,52 Years,1256,626,630,1037,519,518,97,46,51,27,11,16,95,50,45
HUNT COUNTY,231,53 Years,1236,603,633,1009,487,522,103,48,55,33,15,18,91,53,38
HUNT COUNTY,231,54 Years,1262,607,655,1044,499,545,95,44,51,34,17,17,89,47,42
HUNT COUNTY,231,55 Years,1182,611,571,984,503,481,94,46,48,27,15,12,77,47,30
HUNT COUNTY,231,56 Years,1230,634,596,1028,522,506,92,47,45,23,14,9,87,51,36
HUNT COUNTY,231,57 Years,1167,593,574,1001,507,494,73,35,38,27,12,15,66,39,27
HUNT COUNTY,231,58 Years,1087,534,553,935,457,478,75,32,43,26,11,15,51,34,17
HUNT COUNTY,231,59 Years,1013,502,511,857,421,436,75,37,38,22,8,14,59,36,23
HUNT COUNTY,231,60 Years,1001,478,523,849,412,437,68,29,39,24,5,19,60,32,28
HUNT COUNTY,231,61 Years,1003,494,509,847,426,421,69,29,40,32,13,19,55,26,29
HUNT COUNTY,231,62 Years,998,490,508,850,422,428,64,31,33,31,15,16,53,22,31
HUNT COUNTY,231,63 Years,1015,496,519,869,427,442,65,30,35,30,11,19,51,28,23
HUNT COUNTY,231,64 Years,1012,506,506,889,452,437,56,25,31,21,6,15,46,23,23
HUNT COUNTY,231,65 Years,852,412,440,728,349,379,62,31,31,21,11,10,41,21,20
HUNT COUNTY,231,66 Years,836,405,431,729,353,376,49,24,25,23,10,13,35,18,17
HUNT COUNTY,231,67 Years,823,408,415,734,364,370,43,23,20,17,8,9,29,13,16
HUNT COUNTY,231,68 Years,816,388,428,717,351,366,51,21,30,20,8,12,28,8,20
HUNT COUNTY,231,69 Years,780,372,408,697,336,361,39,16,23,15,5,10,29,15,14
HUNT COUNTY,231,70 Years,721,337,384,641,295,346,34,18,16,23,11,12,23,13,10
HUNT COUNTY,231,71 Years,646,309,337,582,274,308,27,15,12,18,11,7,19,9,10
HUNT COUNTY,231,72 Years,631,315,316,567,282,285,31,17,14,15,8,7,18,8,10
HUNT COUNTY,231,73 Years,598,297,301,532,263,269,31,13,18,16,11,5,19,10,9
HUNT COUNTY,231,74 Years,554,271,283,494,240,254,30,13,17,11,7,4,19,11,8
HUNT COUNTY,231,75 Years,558,255,303,492,229,263,32,11,21,10,5,5,24,10,14
HUNT COUNTY,231,76 Years,497,217,280,434,192,242,33,13,20,12,5,7,18,7,11
HUNT COUNTY,231,77 Years,440,173,267,396,157,239,28,10,18,7,3,4,9,3,6
HUNT COUNTY,231,78 Years,415,184,231,378,170,208,25,9,16,3,1,2,9,4,5
HUNT COUNTY,231,79 Years,402,184,218,365,171,194,24,9,15,4,1,3,9,3,6
HUNT COUNTY,231,80 Years,375,168,207,341,154,187,21,8,13,7,4,3,6,2,4
HUNT COUNTY,231,81 Years,324,139,185,294,129,165,20,6,14,4,2,2,6,2,4
HUNT COUNTY,231,82 Years,287,114,173,264,106,158,16,6,10,4,2,2,3,0,3
HUNT COUNTY,231,83 Years,257,102,155,233,91,142,14,7,7,4,2,2,6,2,4
HUNT COUNTY,231,84 Years,246,112,134,222,99,123,11,5,6,4,3,1,9,5,4
HUNT COUNTY,231,85 Years +,1455,472,983,1339,435,904,70,18,52,14,4,10,32,15,17
HUTCHINSON COUNTY,233,All Ages,22190,11104,11086,16400,8134,8266,511,288,223,776,378,398,4503,2304,2199
HUTCHINSON COUNTY,233,< 1 Year,306,154,152,210,106,104,4,2,2,9,5,4,83,41,42
HUTCHINSON COUNTY,233,1 Years,315,161,154,200,107,93,4,3,1,17,10,7,94,41,53
HUTCHINSON COUNTY,233,2 Years,323,165,158,201,108,93,5,3,2,17,9,8,100,45,55
HUTCHINSON COUNTY,233,3 Years,350,188,162,219,117,102,5,2,3,12,5,7,114,64,50
HUTCHINSON COUNTY,233,4 Years,318,157,161,195,98,97,6,3,3,13,3,10,104,53,51
HUTCHINSON COUNTY,233,5 Years,303,144,159,170,81,89,7,3,4,16,5,11,110,55,55
HUTCHINSON COUNTY,233,6 Years,335,158,177,208,101,107,4,2,2,14,6,8,109,49,60
HUTCHINSON COUNTY,233,7 Years,308,149,159,176,84,92,3,1,2,15,7,8,114,57,57
HUTCHINSON COUNTY,233,8 Years,315,161,154,177,91,86,5,2,3,14,10,4,119,58,61
HUTCHINSON COUNTY,233,9 Years,322,165,157,201,103,98,7,4,3,14,9,5,100,49,51
HUTCHINSON COUNTY,233,10 Years,332,184,148,207,119,88,10,6,4,14,10,4,101,49,52
HUTCHINSON COUNTY,233,11 Years,327,167,160,202,105,97,10,5,5,11,6,5,104,51,53
HUTCHINSON COUNTY,233,12 Years,325,164,161,209,106,103,8,5,3,15,8,7,93,45,48
HUTCHINSON COUNTY,233,13 Years,312,159,153,205,102,103,4,4,0,14,6,8,89,47,42
HUTCHINSON COUNTY,233,14 Years,322,156,166,210,107,103,9,4,5,12,5,7,91,40,51
HUTCHINSON COUNTY,233,15 Years,329,160,169,218,106,112,9,4,5,16,10,6,86,40,46
HUTCHINSON COUNTY,233,16 Years,350,182,168,231,118,113,9,6,3,13,5,8,97,53,44
HUTCHINSON COUNTY,233,17 Years,313,165,148,209,108,101,9,7,2,11,3,8,84,47,37
HUTCHINSON COUNTY,233,18 Years,313,172,141,210,109,101,12,7,5,10,7,3,81,49,32
HUTCHINSON COUNTY,233,19 Years,281,152,129,190,104,86,7,2,5,13,8,5,71,38,33
HUTCHINSON COUNTY,233,20 Years,253,135,118,164,94,70,10,5,5,7,4,3,72,32,40
HUTCHINSON COUNTY,233,21 Years,234,114,120,147,77,70,9,7,2,9,4,5,69,26,43
HUTCHINSON COUNTY,233,22 Years,229,105,124,146,70,76,6,5,1,11,5,6,66,25,41
HUTCHINSON COUNTY,233,23 Years,235,114,121,166,84,82,6,3,3,7,3,4,56,24,32
HUTCHINSON COUNTY,233,24 Years,230,110,120,161,73,88,6,2,4,7,3,4,56,32,24
HUTCHINSON COUNTY,233,25 Years,250,128,122,175,87,88,4,2,2,9,4,5,62,35,27
HUTCHINSON COUNTY,233,26 Years,254,127,127,172,79,93,7,5,2,9,5,4,66,38,28
HUTCHINSON COUNTY,233,27 Years,259,138,121,181,93,88,9,8,1,9,5,4,60,32,28
HUTCHINSON COUNTY,233,28 Years,297,151,146,210,105,105,7,5,2,8,4,4,72,37,35
HUTCHINSON COUNTY,233,29 Years,265,135,130,175,85,90,7,5,2,9,5,4,74,40,34
HUTCHINSON COUNTY,233,30 Years,249,135,114,166,85,81,6,5,1,8,5,3,69,40,29
HUTCHINSON COUNTY,233,31 Years,269,140,129,189,97,92,6,4,2,6,3,3,68,36,32
HUTCHINSON COUNTY,233,32 Years,279,139,140,192,99,93,7,4,3,9,5,4,71,31,40
HUTCHINSON COUNTY,233,33 Years,283,139,144,195,97,98,9,5,4,14,4,10,65,33,32
HUTCHINSON COUNTY,233,34 Years,283,139,144,194,92,102,10,7,3,9,5,4,70,35,35
HUTCHINSON COUNTY,233,35 Years,259,138,121,183,94,89,5,4,1,10,7,3,61,33,28
HUTCHINSON COUNTY,233,36 Years,278,142,136,192,93,99,8,4,4,9,5,4,69,40,29
HUTCHINSON COUNTY,233,37 Years,264,127,137,180,81,99,6,4,2,6,2,4,72,40,32
HUTCHINSON COUNTY,233,38 Years,279,138,141,193,93,100,7,4,3,7,3,4,72,38,34
HUTCHINSON COUNTY,233,39 Years,265,127,138,187,86,101,9,4,5,10,6,4,59,31,28
HUTCHINSON COUNTY,233,40 Years,255,125,130,180,88,92,5,2,3,9,5,4,61,30,31
HUTCHINSON COUNTY,233,41 Years,261,123,138,198,92,106,3,2,1,6,3,3,54,26,28
HUTCHINSON COUNTY,233,42 Years,248,123,125,173,79,94,6,5,1,10,7,3,59,32,27
HUTCHINSON COUNTY,233,43 Years,244,124,120,176,87,89,3,2,1,10,4,6,55,31,24
HUTCHINSON COUNTY,233,44 Years,243,129,114,176,92,84,5,0,5,8,4,4,54,33,21
HUTCHINSON COUNTY,233,45 Years,230,118,112,170,88,82,6,3,3,11,6,5,43,21,22
HUTCHINSON COUNTY,233,46 Years,237,120,117,179,87,92,9,6,3,6,4,2,43,23,20
HUTCHINSON COUNTY,233,47 Years,282,134,148,211,101,110,4,3,1,12,5,7,55,25,30
HUTCHINSON COUNTY,233,48 Years,286,144,142,215,109,106,6,3,3,12,5,7,53,27,26
HUTCHINSON COUNTY,233,49 Years,307,158,149,246,124,122,7,3,4,8,4,4,46,27,19
HUTCHINSON COUNTY,233,50 Years,332,172,160,266,135,131,6,3,3,15,8,7,45,26,19
HUTCHINSON COUNTY,233,51 Years,326,177,149,256,129,127,11,6,5,12,9,3,47,33,14
HUTCHINSON COUNTY,233,52 Years,333,169,164,271,138,133,9,5,4,9,3,6,44,23,21
HUTCHINSON COUNTY,233,53 Years,349,175,174,287,147,140,8,5,3,8,3,5,46,20,26
HUTCHINSON COUNTY,233,54 Years,368,192,176,299,155,144,10,6,4,8,5,3,51,26,25
HUTCHINSON COUNTY,233,55 Years,330,172,158,273,141,132,14,8,6,9,5,4,34,18,16
HUTCHINSON COUNTY,233,56 Years,346,180,166,291,149,142,15,8,7,11,6,5,29,17,12
HUTCHINSON COUNTY,233,57 Years,338,178,160,281,145,136,11,4,7,13,6,7,33,23,10
HUTCHINSON COUNTY,233,58 Years,340,163,177,281,137,144,8,4,4,15,5,10,36,17,19
HUTCHINSON COUNTY,233,59 Years,301,148,153,254,128,126,7,4,3,10,2,8,30,14,16
HUTCHINSON COUNTY,233,60 Years,319,159,160,271,136,135,5,2,3,10,4,6,33,17,16
HUTCHINSON COUNTY,233,61 Years,274,145,129,233,122,111,4,2,2,8,2,6,29,19,10
HUTCHINSON COUNTY,233,62 Years,244,124,120,209,109,100,8,5,3,4,0,4,23,10,13
HUTCHINSON COUNTY,233,63 Years,260,135,125,220,112,108,7,4,3,6,3,3,27,16,11
HUTCHINSON COUNTY,233,64 Years,221,114,107,195,100,95,6,4,2,3,1,2,17,9,8
HUTCHINSON COUNTY,233,65 Years,197,94,103,172,83,89,4,3,1,3,1,2,18,7,11
HUTCHINSON COUNTY,233,66 Years,198,98,100,172,85,87,4,3,1,5,1,4,17,9,8
HUTCHINSON COUNTY,233,67 Years,200,107,93,172,96,76,1,0,1,9,3,6,18,8,10
HUTCHINSON COUNTY,233,68 Years,178,90,88,157,78,79,2,1,1,5,2,3,14,9,5
HUTCHINSON COUNTY,233,69 Years,176,76,100,157,65,92,8,5,3,1,1,0,10,5,5
HUTCHINSON COUNTY,233,70 Years,153,82,71,136,71,65,4,3,1,1,0,1,12,8,4
HUTCHINSON COUNTY,233,71 Years,163,85,78,138,71,67,3,1,2,11,7,4,11,6,5
HUTCHINSON COUNTY,233,72 Years,152,67,85,136,56,80,2,1,1,7,5,2,7,5,2
HUTCHINSON COUNTY,233,73 Years,134,60,74,122,52,70,1,0,1,6,5,1,5,3,2
HUTCHINSON COUNTY,233,74 Years,146,70,76,134,64,70,1,0,1,6,3,3,5,3,2
HUTCHINSON COUNTY,233,75 Years,141,70,71,125,64,61,3,1,2,6,3,3,7,2,5
HUTCHINSON COUNTY,233,76 Years,124,53,71,112,49,63,0,0,0,4,2,2,8,2,6
HUTCHINSON COUNTY,233,77 Years,124,57,67,111,50,61,1,1,0,4,2,2,8,4,4
HUTCHINSON COUNTY,233,78 Years,135,58,77,119,49,70,1,0,1,5,2,3,10,7,3
HUTCHINSON COUNTY,233,79 Years,126,54,72,115,50,65,2,0,2,3,1,2,6,3,3
HUTCHINSON COUNTY,233,80 Years,119,51,68,110,46,64,2,1,1,3,1,2,4,3,1
HUTCHINSON COUNTY,233,81 Years,117,50,67,111,46,65,0,0,0,3,1,2,3,3,0
HUTCHINSON COUNTY,233,82 Years,107,44,63,101,42,59,0,0,0,2,1,1,4,1,3
HUTCHINSON COUNTY,233,83 Years,107,45,62,99,41,58,1,1,0,4,2,2,3,1,2
HUTCHINSON COUNTY,233,84 Years,104,46,58,100,45,55,0,0,0,2,0,2,2,1,1
HUTCHINSON COUNTY,233,85 Years +,402,162,240,374,157,217,7,1,6,10,2,8,11,2,9
IRION COUNTY,235,All Ages,1641,835,806,1177,594,583,10,7,3,30,16,14,424,218,206
IRION COUNTY,235,< 1 Year,15,8,7,9,5,4,0,0,0,0,0,0,6,3,3
IRION COUNTY,235,1 Years,15,8,7,11,5,6,0,0,0,0,0,0,4,3,1
IRION COUNTY,235,2 Years,15,9,6,10,5,5,0,0,0,0,0,0,5,4,1
IRION COUNTY,235,3 Years,16,9,7,10,6,4,0,0,0,1,1,0,5,2,3
IRION COUNTY,235,4 Years,12,7,5,6,3,3,0,0,0,0,0,0,6,4,2
IRION COUNTY,235,5 Years,12,6,6,7,2,5,0,0,0,0,0,0,5,4,1
IRION COUNTY,235,6 Years,12,6,6,6,2,4,0,0,0,1,1,0,5,3,2
IRION COUNTY,235,7 Years,21,9,12,14,5,9,0,0,0,0,0,0,7,4,3
IRION COUNTY,235,8 Years,19,12,7,9,5,4,0,0,0,1,1,0,9,6,3
IRION COUNTY,235,9 Years,23,15,8,17,11,6,0,0,0,1,0,1,5,4,1
IRION COUNTY,235,10 Years,16,10,6,12,7,5,0,0,0,0,0,0,4,3,1
IRION COUNTY,235,11 Years,23,14,9,16,10,6,0,0,0,1,1,0,6,3,3
IRION COUNTY,235,12 Years,22,10,12,14,6,8,0,0,0,0,0,0,8,4,4
IRION COUNTY,235,13 Years,18,8,10,12,5,7,0,0,0,1,0,1,5,3,2
IRION COUNTY,235,14 Years,28,14,14,17,8,9,0,0,0,0,0,0,11,6,5
IRION COUNTY,235,15 Years,31,18,13,20,12,8,1,1,0,0,0,0,10,5,5
IRION COUNTY,235,16 Years,29,15,14,15,7,8,1,1,0,0,0,0,13,7,6
IRION COUNTY,235,17 Years,30,16,14,18,8,10,1,1,0,0,0,0,11,7,4
IRION COUNTY,235,18 Years,30,16,14,20,10,10,1,1,0,0,0,0,9,5,4
IRION COUNTY,235,19 Years,29,15,14,16,9,7,1,1,0,0,0,0,12,5,7
IRION COUNTY,235,20 Years,19,12,7,10,8,2,0,0,0,1,0,1,8,4,4
IRION COUNTY,235,21 Years,10,6,4,5,4,1,0,0,0,0,0,0,5,2,3
IRION COUNTY,235,22 Years,15,9,6,9,6,3,0,0,0,1,0,1,5,3,2
IRION COUNTY,235,23 Years,10,6,4,7,5,2,0,0,0,1,0,1,2,1,1
IRION COUNTY,235,24 Years,15,6,9,9,4,5,0,0,0,0,0,0,6,2,4
IRION COUNTY,235,25 Years,15,8,7,11,7,4,0,0,0,1,0,1,3,1,2
IRION COUNTY,235,26 Years,18,10,8,14,6,8,0,0,0,0,0,0,4,4,0
IRION COUNTY,235,27 Years,18,10,8,13,7,6,0,0,0,0,0,0,5,3,2
IRION COUNTY,235,28 Years,10,6,4,7,5,2,0,0,0,0,0,0,3,1,2
IRION COUNTY,235,29 Years,9,5,4,7,4,3,0,0,0,0,0,0,2,1,1
IRION COUNTY,235,30 Years,12,6,6,8,4,4,0,0,0,1,1,0,3,1,2
IRION COUNTY,235,31 Years,9,4,5,6,3,3,0,0,0,1,1,0,2,0,2
IRION COUNTY,235,32 Years,10,4,6,7,3,4,0,0,0,0,0,0,3,1,2
IRION COUNTY,235,33 Years,19,8,11,14,6,8,0,0,0,0,0,0,5,2,3
IRION COUNTY,235,34 Years,18,7,11,11,4,7,0,0,0,1,0,1,6,3,3
IRION COUNTY,235,35 Years,13,5,8,8,3,5,0,0,0,0,0,0,5,2,3
IRION COUNTY,235,36 Years,15,8,7,11,7,4,0,0,0,0,0,0,4,1,3
IRION COUNTY,235,37 Years,16,8,8,12,7,5,0,0,0,0,0,0,4,1,3
IRION COUNTY,235,38 Years,18,9,9,15,8,7,0,0,0,0,0,0,3,1,2
IRION COUNTY,235,39 Years,22,13,9,18,12,6,1,0,1,1,0,1,2,1,1
IRION COUNTY,235,40 Years,15,9,6,10,6,4,0,0,0,1,0,1,4,3,1
IRION COUNTY,235,41 Years,23,7,16,19,6,13,0,0,0,0,0,0,4,1,3
IRION COUNTY,235,42 Years,25,9,16,20,7,13,0,0,0,0,0,0,5,2,3
IRION COUNTY,235,43 Years,20,11,9,15,7,8,0,0,0,0,0,0,5,4,1
IRION COUNTY,235,44 Years,21,10,11,14,7,7,0,0,0,0,0,0,7,3,4
IRION COUNTY,235,45 Years,16,9,7,9,6,3,0,0,0,0,0,0,7,3,4
IRION COUNTY,235,46 Years,29,14,15,22,12,10,0,0,0,0,0,0,7,2,5
IRION COUNTY,235,47 Years,29,16,13,20,12,8,0,0,0,1,0,1,8,4,4
IRION COUNTY,235,48 Years,31,19,12,23,12,11,1,1,0,1,1,0,6,5,1
IRION COUNTY,235,49 Years,29,12,17,23,8,15,0,0,0,1,1,0,5,3,2
IRION COUNTY,235,50 Years,28,11,17,21,8,13,0,0,0,2,0,2,5,3,2
IRION COUNTY,235,51 Years,30,18,12,24,15,9,0,0,0,1,0,1,5,3,2
IRION COUNTY,235,52 Years,31,18,13,25,15,10,0,0,0,0,0,0,6,3,3
IRION COUNTY,235,53 Years,33,18,15,27,15,12,0,0,0,1,1,0,5,2,3
IRION COUNTY,235,54 Years,35,15,20,25,13,12,0,0,0,1,1,0,9,1,8
IRION COUNTY,235,55 Years,26,15,11,12,8,4,0,0,0,0,0,0,14,7,7
IRION COUNTY,235,56 Years,20,7,13,14,5,9,1,0,1,0,0,0,5,2,3
IRION COUNTY,235,57 Years,21,9,12,16,5,11,0,0,0,0,0,0,5,4,1
IRION COUNTY,235,58 Years,27,11,16,22,8,14,0,0,0,0,0,0,5,3,2
IRION COUNTY,235,59 Years,19,8,11,17,8,9,0,0,0,0,0,0,2,0,2
IRION COUNTY,235,60 Years,15,10,5,12,8,4,0,0,0,0,0,0,3,2,1
IRION COUNTY,235,61 Years,25,13,12,20,9,11,0,0,0,0,0,0,5,4,1
IRION COUNTY,235,62 Years,23,12,11,20,9,11,0,0,0,0,0,0,3,3,0
IRION COUNTY,235,63 Years,28,17,11,22,14,8,0,0,0,0,0,0,6,3,3
IRION COUNTY,235,64 Years,27,15,12,19,9,10,0,0,0,1,1,0,7,5,2
IRION COUNTY,235,65 Years,16,8,8,10,5,5,0,0,0,0,0,0,6,3,3
IRION COUNTY,235,66 Years,15,3,12,13,3,10,0,0,0,0,0,0,2,0,2
IRION COUNTY,235,67 Years,24,12,12,18,9,9,0,0,0,2,1,1,4,2,2
IRION COUNTY,235,68 Years,20,12,8,16,9,7,1,1,0,1,1,0,2,1,1
IRION COUNTY,235,69 Years,22,13,9,19,12,7,0,0,0,0,0,0,3,1,2
IRION COUNTY,235,70 Years,26,15,11,24,14,10,0,0,0,0,0,0,2,1,1
IRION COUNTY,235,71 Years,16,7,9,14,7,7,1,0,1,0,0,0,1,0,1
IRION COUNTY,235,72 Years,15,6,9,13,6,7,0,0,0,0,0,0,2,0,2
IRION COUNTY,235,73 Years,12,8,4,10,6,4,0,0,0,0,0,0,2,2,0
IRION COUNTY,235,74 Years,9,6,3,5,3,2,0,0,0,0,0,0,4,3,1
IRION COUNTY,235,75 Years,12,5,7,8,3,5,0,0,0,0,0,0,4,2,2
IRION COUNTY,235,76 Years,13,4,9,11,4,7,0,0,0,0,0,0,2,0,2
IRION COUNTY,235,77 Years,14,6,8,10,4,6,0,0,0,0,0,0,4,2,2
IRION COUNTY,235,78 Years,12,6,6,10,6,4,0,0,0,0,0,0,2,0,2
IRION COUNTY,235,79 Years,14,7,7,12,6,6,0,0,0,0,0,0,2,1,1
IRION COUNTY,235,80 Years,11,4,7,8,2,6,0,0,0,0,0,0,3,2,1
IRION COUNTY,235,81 Years,8,3,5,7,2,5,0,0,0,0,0,0,1,1,0
IRION COUNTY,235,82 Years,7,5,2,6,4,2,0,0,0,0,0,0,1,1,0
IRION COUNTY,235,83 Years,8,3,5,6,3,3,0,0,0,0,0,0,2,0,2
IRION COUNTY,235,84 Years,9,5,4,5,3,2,0,0,0,2,2,0,2,0,2
IRION COUNTY,235,85 Years +,25,9,16,20,7,13,0,0,0,1,1,0,4,1,3
JACK COUNTY,237,All Ages,9105,5055,4050,7314,3891,3423,333,300,33,135,61,74,1323,803,520
JACK COUNTY,237,< 1 Year,98,50,48,75,38,37,0,0,0,1,1,0,22,11,11
JACK COUNTY,237,1 Years,97,41,56,67,25,42,2,0,2,2,2,0,26,14,12
JACK COUNTY,237,2 Years,91,42,49,60,25,35,2,0,2,1,0,1,28,17,11
JACK COUNTY,237,3 Years,91,51,40,63,34,29,0,0,0,1,1,0,27,16,11
JACK COUNTY,237,4 Years,102,61,41,72,43,29,1,1,0,4,2,2,25,15,10
JACK COUNTY,237,5 Years,103,57,46,74,42,32,1,1,0,5,4,1,23,10,13
JACK COUNTY,237,6 Years,100,58,42,68,44,24,1,1,0,1,1,0,30,12,18
JACK COUNTY,237,7 Years,101,53,48,71,39,32,2,2,0,1,0,1,27,12,15
JACK COUNTY,237,8 Years,106,50,56,78,37,41,2,1,1,1,0,1,25,12,13
JACK COUNTY,237,9 Years,102,49,53,83,39,44,1,1,0,1,0,1,17,9,8
JACK COUNTY,237,10 Years,111,52,59,91,44,47,2,0,2,1,0,1,17,8,9
JACK COUNTY,237,11 Years,135,73,62,104,56,48,3,2,1,0,0,0,28,15,13
JACK COUNTY,237,12 Years,129,65,64,100,50,50,1,0,1,2,1,1,26,14,12
JACK COUNTY,237,13 Years,119,57,62,93,46,47,0,0,0,2,1,1,24,10,14
JACK COUNTY,237,14 Years,122,59,63,97,47,50,3,1,2,2,0,2,20,11,9
JACK COUNTY,237,15 Years,119,53,66,97,43,54,1,0,1,2,0,2,19,10,9
JACK COUNTY,237,16 Years,113,53,60,91,45,46,0,0,0,3,1,2,19,7,12
JACK COUNTY,237,17 Years,126,69,57,99,58,41,1,1,0,2,1,1,24,9,15
JACK COUNTY,237,18 Years,127,73,54,100,57,43,2,2,0,1,1,0,24,13,11
JACK COUNTY,237,19 Years,134,85,49,89,50,39,9,9,0,3,3,0,33,23,10
JACK COUNTY,237,20 Years,132,89,43,85,52,33,9,9,0,2,1,1,36,27,9
JACK COUNTY,237,21 Years,123,86,37,79,51,28,15,15,0,0,0,0,29,20,9
JACK COUNTY,237,22 Years,121,83,38,77,50,27,11,11,0,2,1,1,31,21,10
JACK COUNTY,237,23 Years,142,88,54,92,52,40,11,11,0,5,3,2,34,22,12
JACK COUNTY,237,24 Years,115,77,38,82,51,31,6,6,0,1,1,0,26,19,7
JACK COUNTY,237,25 Years,138,94,44,94,61,33,10,10,0,1,1,0,33,22,11
JACK COUNTY,237,26 Years,133,93,40,91,61,30,9,9,0,1,0,1,32,23,9
JACK COUNTY,237,27 Years,136,100,36,102,73,29,12,12,0,3,2,1,19,13,6
JACK COUNTY,237,28 Years,107,70,37,77,47,30,7,6,1,2,1,1,21,16,5
JACK COUNTY,237,29 Years,115,79,36,74,46,28,15,14,1,0,0,0,26,19,7
JACK COUNTY,237,30 Years,111,69,42,75,43,32,11,11,0,1,0,1,24,15,9
JACK COUNTY,237,31 Years,96,60,36,68,43,25,8,7,1,2,1,1,18,9,9
JACK COUNTY,237,32 Years,107,73,34,76,48,28,11,10,1,1,0,1,19,15,4
JACK COUNTY,237,33 Years,105,68,37,73,45,28,9,9,0,1,0,1,22,14,8
JACK COUNTY,237,34 Years,110,70,40,77,42,35,6,6,0,1,1,0,26,21,5
JACK COUNTY,237,35 Years,101,62,39,77,44,33,3,3,0,2,1,1,19,14,5
JACK COUNTY,237,36 Years,118,65,53,81,39,42,10,10,0,2,0,2,25,16,9
JACK COUNTY,237,37 Years,127,78,49,95,55,40,7,6,1,0,0,0,25,17,8
JACK COUNTY,237,38 Years,124,69,55,88,45,43,8,8,0,1,0,1,27,16,11
JACK COUNTY,237,39 Years,117,69,48,79,39,40,9,9,0,2,1,1,27,20,7
JACK COUNTY,237,40 Years,109,59,50,85,43,42,6,5,1,3,2,1,15,9,6
JACK COUNTY,237,41 Years,128,75,53,103,62,41,6,6,0,3,1,2,16,6,10
JACK COUNTY,237,42 Years,123,74,49,94,53,41,3,3,0,4,2,2,22,16,6
JACK COUNTY,237,43 Years,137,79,58,106,58,48,9,9,0,1,0,1,21,12,9
JACK COUNTY,237,44 Years,126,79,47,101,60,41,5,5,0,0,0,0,20,14,6
JACK COUNTY,237,45 Years,116,68,48,100,55,45,7,7,0,1,1,0,8,5,3
JACK COUNTY,237,46 Years,141,85,56,118,67,51,6,6,0,2,1,1,15,11,4
JACK COUNTY,237,47 Years,149,92,57,124,74,50,8,7,1,1,0,1,16,11,5
JACK COUNTY,237,48 Years,140,84,56,119,67,52,7,7,0,1,0,1,13,10,3
JACK COUNTY,237,49 Years,144,83,61,120,70,50,2,2,0,3,0,3,19,11,8
JACK COUNTY,237,50 Years,144,76,68,122,65,57,3,2,1,3,1,2,16,8,8
JACK COUNTY,237,51 Years,138,74,64,116,59,57,6,5,1,2,1,1,14,9,5
JACK COUNTY,237,52 Years,134,74,60,107,54,53,8,7,1,3,2,1,16,11,5
JACK COUNTY,237,53 Years,133,80,53,115,66,49,5,5,0,1,1,0,12,8,4
JACK COUNTY,237,54 Years,123,67,56,105,54,51,5,4,1,3,2,1,10,7,3
JACK COUNTY,237,55 Years,136,73,63,125,67,58,4,3,1,2,0,2,5,3,2
JACK COUNTY,237,56 Years,118,64,54,109,60,49,1,1,0,3,0,3,5,3,2
JACK COUNTY,237,57 Years,104,56,48,94,49,45,1,0,1,2,1,1,7,6,1
JACK COUNTY,237,58 Years,138,69,69,127,65,62,2,1,1,3,1,2,6,2,4
JACK COUNTY,237,59 Years,121,61,60,107,53,54,3,2,1,4,2,2,7,4,3
JACK COUNTY,237,60 Years,89,45,44,82,42,40,2,0,2,3,2,1,2,1,1
JACK COUNTY,237,61 Years,91,50,41,86,46,40,1,1,0,1,0,1,3,3,0
JACK COUNTY,237,62 Years,109,54,55,104,49,55,1,1,0,1,1,0,3,3,0
JACK COUNTY,237,63 Years,111,56,55,106,51,55,4,4,0,0,0,0,1,1,0
JACK COUNTY,237,64 Years,107,50,57,105,49,56,1,0,1,0,0,0,1,1,0
JACK COUNTY,237,65 Years,91,50,41,86,49,37,0,0,0,1,0,1,4,1,3
JACK COUNTY,237,66 Years,93,47,46,86,43,43,1,1,0,2,1,1,4,2,2
JACK COUNTY,237,67 Years,88,40,48,84,39,45,1,1,0,1,0,1,2,0,2
JACK COUNTY,237,68 Years,82,32,50,78,31,47,0,0,0,1,0,1,3,1,2
JACK COUNTY,237,69 Years,82,42,40,75,39,36,1,0,1,1,0,1,5,3,2
JACK COUNTY,237,70 Years,85,43,42,79,40,39,0,0,0,4,1,3,2,2,0
JACK COUNTY,237,71 Years,80,39,41,75,36,39,0,0,0,1,1,0,4,2,2
JACK COUNTY,237,72 Years,69,34,35,64,31,33,1,1,0,0,0,0,4,2,2
JACK COUNTY,237,73 Years,73,38,35,69,36,33,0,0,0,0,0,0,4,2,2
JACK COUNTY,237,74 Years,52,21,31,51,21,30,0,0,0,0,0,0,1,0,1
JACK COUNTY,237,75 Years,66,32,34,61,28,33,0,0,0,3,3,0,2,1,1
JACK COUNTY,237,76 Years,65,29,36,61,28,33,0,0,0,2,1,1,2,0,2
JACK COUNTY,237,77 Years,51,22,29,50,22,28,0,0,0,1,0,1,0,0,0
JACK COUNTY,237,78 Years,53,27,26,52,26,26,0,0,0,0,0,0,1,1,0
JACK COUNTY,237,79 Years,44,19,25,38,16,22,0,0,0,1,0,1,5,3,2
JACK COUNTY,237,80 Years,38,16,22,36,15,21,0,0,0,0,0,0,2,1,1
JACK COUNTY,237,81 Years,46,18,28,45,18,27,0,0,0,0,0,0,1,0,1
JACK COUNTY,237,82 Years,44,18,26,43,18,25,0,0,0,0,0,0,1,0,1
JACK COUNTY,237,83 Years,35,15,20,35,15,20,0,0,0,0,0,0,0,0,0
JACK COUNTY,237,84 Years,27,11,16,27,11,16,0,0,0,0,0,0,0,0,0
JACK COUNTY,237,85 Years +,128,42,86,125,42,83,2,0,2,1,0,1,0,0,0
JACKSON COUNTY,239,All Ages,14110,6973,7137,8799,4306,4493,945,444,501,203,101,102,4163,2122,2041
JACKSON COUNTY,239,< 1 Year,188,93,95,98,48,50,12,6,6,1,1,0,77,38,39
JACKSON COUNTY,239,1 Years,205,112,93,94,53,41,18,6,12,5,2,3,88,51,37
JACKSON COUNTY,239,2 Years,204,99,105,89,47,42,16,7,9,6,4,2,93,41,52
JACKSON COUNTY,239,3 Years,206,96,110,82,41,41,21,15,6,8,4,4,95,36,59
JACKSON COUNTY,239,4 Years,199,89,110,80,39,41,16,10,6,5,2,3,98,38,60
JACKSON COUNTY,239,5 Years,210,95,115,93,41,52,15,7,8,5,1,4,97,46,51
JACKSON COUNTY,239,6 Years,198,94,104,90,44,46,14,7,7,4,1,3,90,42,48
JACKSON COUNTY,239,7 Years,199,101,98,93,44,49,14,7,7,4,1,3,88,49,39
JACKSON COUNTY,239,8 Years,194,95,99,89,42,47,17,10,7,3,2,1,85,41,44
JACKSON COUNTY,239,9 Years,182,88,94,97,46,51,17,9,8,2,1,1,66,32,34
JACKSON COUNTY,239,10 Years,199,108,91,99,54,45,12,7,5,1,1,0,87,46,41
JACKSON COUNTY,239,11 Years,212,116,96,101,55,46,13,5,8,3,1,2,95,55,40
JACKSON COUNTY,239,12 Years,177,94,83,99,52,47,9,3,6,2,1,1,67,38,29
JACKSON COUNTY,239,13 Years,196,111,85,110,62,48,16,8,8,2,1,1,68,40,28
JACKSON COUNTY,239,14 Years,219,118,101,116,65,51,17,9,8,2,1,1,84,43,41
JACKSON COUNTY,239,15 Years,199,101,98,106,57,49,15,7,8,2,1,1,76,36,40
JACKSON COUNTY,239,16 Years,185,100,85,101,59,42,16,8,8,5,1,4,63,32,31
JACKSON COUNTY,239,17 Years,179,96,83,98,51,47,19,12,7,4,2,2,58,31,27
JACKSON COUNTY,239,18 Years,199,112,87,108,64,44,20,12,8,3,2,1,68,34,34
JACKSON COUNTY,239,19 Years,198,104,94,107,52,55,16,9,7,4,3,1,71,40,31
JACKSON COUNTY,239,20 Years,177,83,94,96,40,56,15,8,7,5,4,1,61,31,30
JACKSON COUNTY,239,21 Years,146,67,79,71,28,43,11,7,4,3,1,2,61,31,30
JACKSON COUNTY,239,22 Years,139,80,59,76,44,32,10,7,3,3,2,1,50,27,23
JACKSON COUNTY,239,23 Years,143,75,68,76,43,33,11,5,6,3,2,1,53,25,28
JACKSON COUNTY,239,24 Years,146,74,72,82,47,35,9,1,8,2,2,0,53,24,29
JACKSON COUNTY,239,25 Years,163,86,77,88,44,44,9,5,4,2,1,1,64,36,28
JACKSON COUNTY,239,26 Years,155,84,71,83,45,38,7,4,3,2,2,0,63,33,30
JACKSON COUNTY,239,27 Years,159,80,79,97,49,48,9,5,4,2,1,1,51,25,26
JACKSON COUNTY,239,28 Years,186,95,91,110,56,54,12,5,7,2,0,2,62,34,28
JACKSON COUNTY,239,29 Years,174,89,85,103,56,47,12,2,10,3,0,3,56,31,25
JACKSON COUNTY,239,30 Years,174,85,89,99,51,48,10,3,7,1,0,1,64,31,33
JACKSON COUNTY,239,31 Years,170,83,87,95,46,49,9,6,3,1,0,1,65,31,34
JACKSON COUNTY,239,32 Years,174,90,84,104,54,50,13,7,6,0,0,0,57,29,28
JACKSON COUNTY,239,33 Years,164,78,86,100,46,54,12,4,8,2,1,1,50,27,23
JACKSON COUNTY,239,34 Years,143,70,73,82,40,42,9,2,7,1,0,1,51,28,23
JACKSON COUNTY,239,35 Years,131,64,67,81,41,40,6,4,2,0,0,0,44,19,25
JACKSON COUNTY,239,36 Years,151,83,68,90,47,43,6,4,2,2,0,2,53,32,21
JACKSON COUNTY,239,37 Years,148,68,80,81,37,44,9,4,5,0,0,0,58,27,31
JACKSON COUNTY,239,38 Years,163,78,85,96,41,55,9,6,3,2,2,0,56,29,27
JACKSON COUNTY,239,39 Years,168,78,90,109,47,62,7,4,3,2,2,0,50,25,25
JACKSON COUNTY,239,40 Years,154,78,76,101,50,51,11,7,4,1,1,0,41,20,21
JACKSON COUNTY,239,41 Years,144,75,69,89,47,42,8,2,6,4,3,1,43,23,20
JACKSON COUNTY,239,42 Years,150,78,72,94,48,46,8,3,5,1,0,1,47,27,20
JACKSON COUNTY,239,43 Years,156,81,75,98,49,49,11,5,6,2,1,1,45,26,19
JACKSON COUNTY,239,44 Years,143,74,69,95,48,47,10,6,4,1,1,0,37,19,18
JACKSON COUNTY,239,45 Years,173,89,84,112,60,52,9,5,4,2,1,1,50,23,27
JACKSON COUNTY,239,46 Years,196,95,101,118,59,59,10,2,8,3,3,0,65,31,34
JACKSON COUNTY,239,47 Years,200,90,110,123,54,69,18,9,9,4,2,2,55,25,30
JACKSON COUNTY,239,48 Years,197,101,96,126,63,63,16,8,8,3,2,1,52,28,24
JACKSON COUNTY,239,49 Years,200,95,105,133,63,70,9,3,6,2,2,0,56,27,29
JACKSON COUNTY,239,50 Years,219,112,107,148,78,70,12,4,8,5,3,2,54,27,27
JACKSON COUNTY,239,51 Years,196,104,92,135,72,63,12,6,6,2,1,1,47,25,22
JACKSON COUNTY,239,52 Years,200,102,98,144,74,70,15,4,11,0,0,0,41,24,17
JACKSON COUNTY,239,53 Years,221,104,117,154,72,82,14,4,10,3,1,2,50,27,23
JACKSON COUNTY,239,54 Years,197,102,95,130,65,65,12,6,6,4,2,2,51,29,22
JACKSON COUNTY,239,55 Years,211,98,113,148,66,82,11,6,5,2,1,1,50,25,25
JACKSON COUNTY,239,56 Years,221,107,114,157,69,88,17,10,7,1,1,0,46,27,19
JACKSON COUNTY,239,57 Years,210,97,113,148,63,85,16,7,9,3,1,2,43,26,17
JACKSON COUNTY,239,58 Years,202,102,100,143,74,69,14,5,9,3,2,1,42,21,21
JACKSON COUNTY,239,59 Years,193,107,86,137,75,62,15,9,6,3,2,1,38,21,17
JACKSON COUNTY,239,60 Years,200,105,95,138,69,69,18,9,9,4,3,1,40,24,16
JACKSON COUNTY,239,61 Years,178,91,87,127,66,61,14,6,8,3,1,2,34,18,16
JACKSON COUNTY,239,62 Years,147,69,78,102,49,53,15,7,8,4,2,2,26,11,15
JACKSON COUNTY,239,63 Years,151,77,74,116,58,58,9,4,5,2,0,2,24,15,9
JACKSON COUNTY,239,64 Years,154,76,78,121,53,68,10,6,4,3,2,1,20,15,5
JACKSON COUNTY,239,65 Years,154,77,77,115,55,60,9,5,4,1,1,0,29,16,13
JACKSON COUNTY,239,66 Years,135,69,66,103,51,52,8,5,3,2,2,0,22,11,11
JACKSON COUNTY,239,67 Years,142,70,72,106,50,56,9,5,4,1,1,0,26,14,12
JACKSON COUNTY,239,68 Years,145,60,85,114,48,66,7,3,4,0,0,0,24,9,15
JACKSON COUNTY,239,69 Years,135,61,74,115,53,62,3,1,2,2,1,1,15,6,9
JACKSON COUNTY,239,70 Years,132,64,68,109,54,55,5,1,4,3,1,2,15,8,7
JACKSON COUNTY,239,71 Years,118,56,62,94,45,49,7,3,4,1,0,1,16,8,8
JACKSON COUNTY,239,72 Years,110,55,55,85,45,40,5,1,4,3,0,3,17,9,8
JACKSON COUNTY,239,73 Years,107,57,50,85,43,42,2,1,1,2,1,1,18,12,6
JACKSON COUNTY,239,74 Years,94,35,59,76,28,48,2,0,2,1,0,1,15,7,8
JACKSON COUNTY,239,75 Years,103,44,59,82,34,48,4,2,2,0,0,0,17,8,9
JACKSON COUNTY,239,76 Years,90,46,44,69,37,32,4,2,2,2,1,1,15,6,9
JACKSON COUNTY,239,77 Years,89,36,53,67,28,39,6,3,3,3,2,1,13,3,10
JACKSON COUNTY,239,78 Years,96,36,60,77,30,47,7,2,5,1,0,1,11,4,7
JACKSON COUNTY,239,79 Years,87,33,54,72,29,43,4,0,4,2,0,2,9,4,5
JACKSON COUNTY,239,80 Years,89,39,50,75,35,40,5,1,4,1,0,1,8,3,5
JACKSON COUNTY,239,81 Years,74,32,42,59,27,32,3,1,2,1,0,1,11,4,7
JACKSON COUNTY,239,82 Years,71,30,41,56,24,32,5,1,4,0,0,0,10,5,5
JACKSON COUNTY,239,83 Years,60,29,31,49,25,24,3,0,3,0,0,0,8,4,4
JACKSON COUNTY,239,84 Years,46,15,31,34,14,20,5,0,5,2,0,2,5,1,4
JACKSON COUNTY,239,85 Years +,298,108,190,251,89,162,20,7,13,1,0,1,26,12,14
JASPER COUNTY,241,All Ages,35918,17671,18247,27001,13195,13806,5977,2894,3083,858,402,456,2082,1180,902
JASPER COUNTY,241,< 1 Year,457,233,224,332,167,165,81,41,40,10,6,4,34,19,15
JASPER COUNTY,241,1 Years,492,234,258,333,159,174,91,40,51,22,9,13,46,26,20
JASPER COUNTY,241,2 Years,482,232,250,307,146,161,95,49,46,30,11,19,50,26,24
JASPER COUNTY,241,3 Years,488,233,255,322,152,170,96,46,50,27,12,15,43,23,20
JASPER COUNTY,241,4 Years,509,254,255,334,169,165,96,48,48,29,11,18,50,26,24
JASPER COUNTY,241,5 Years,486,247,239,324,171,153,88,44,44,23,8,15,51,24,27
JASPER COUNTY,241,6 Years,514,268,246,335,176,159,97,51,46,27,12,15,55,29,26
JASPER COUNTY,241,7 Years,536,279,257,346,185,161,110,55,55,27,11,16,53,28,25
JASPER COUNTY,241,8 Years,494,252,242,335,176,159,89,43,46,23,10,13,47,23,24
JASPER COUNTY,241,9 Years,482,260,222,330,175,155,89,50,39,21,11,10,42,24,18
JASPER COUNTY,241,10 Years,499,258,241,329,174,155,98,53,45,21,11,10,51,20,31
JASPER COUNTY,241,11 Years,492,243,249,341,172,169,80,45,35,22,8,14,49,18,31
JASPER COUNTY,241,12 Years,465,224,241,323,156,167,95,52,43,12,3,9,35,13,22
JASPER COUNTY,241,13 Years,449,239,210,317,169,148,85,42,43,16,8,8,31,20,11
JASPER COUNTY,241,14 Years,486,256,230,335,178,157,98,52,46,16,7,9,37,19,18
JASPER COUNTY,241,15 Years,495,238,257,328,160,168,111,59,52,19,6,13,37,13,24
JASPER COUNTY,241,16 Years,519,266,253,352,179,173,111,58,53,22,12,10,34,17,17
JASPER COUNTY,241,17 Years,497,258,239,337,180,157,111,55,56,19,8,11,30,15,15
JASPER COUNTY,241,18 Years,509,272,237,353,190,163,103,57,46,14,5,9,39,20,19
JASPER COUNTY,241,19 Years,454,234,220,297,152,145,102,47,55,14,7,7,41,28,13
JASPER COUNTY,241,20 Years,391,197,194,255,123,132,88,46,42,10,4,6,38,24,14
JASPER COUNTY,241,21 Years,378,191,187,261,124,137,82,49,33,7,3,4,28,15,13
JASPER COUNTY,241,22 Years,367,204,163,259,131,128,74,50,24,5,3,2,29,20,9
JASPER COUNTY,241,23 Years,374,186,188,271,131,140,68,33,35,8,7,1,27,15,12
JASPER COUNTY,241,24 Years,381,187,194,275,131,144,70,34,36,4,2,2,32,20,12
JASPER COUNTY,241,25 Years,376,180,196,254,111,143,72,36,36,9,5,4,41,28,13
JASPER COUNTY,241,26 Years,402,193,209,288,137,151,73,31,42,5,2,3,36,23,13
JASPER COUNTY,241,27 Years,410,215,195,275,138,137,81,38,43,5,4,1,49,35,14
JASPER COUNTY,241,28 Years,412,214,198,295,149,146,70,33,37,12,7,5,35,25,10
JASPER COUNTY,241,29 Years,396,206,190,283,149,134,68,31,37,8,4,4,37,22,15
JASPER COUNTY,241,30 Years,416,195,221,295,141,154,74,30,44,6,1,5,41,23,18
JASPER COUNTY,241,31 Years,429,215,214,316,154,162,70,37,33,9,5,4,34,19,15
JASPER COUNTY,241,32 Years,386,204,182,287,147,140,60,37,23,5,2,3,34,18,16
JASPER COUNTY,241,33 Years,373,184,189,259,121,138,72,38,34,4,2,2,38,23,15
JASPER COUNTY,241,34 Years,380,196,184,261,136,125,80,38,42,10,3,7,29,19,10
JASPER COUNTY,241,35 Years,385,207,178,275,152,123,66,28,38,11,4,7,33,23,10
JASPER COUNTY,241,36 Years,380,188,192,270,127,143,62,34,28,13,6,7,35,21,14
JASPER COUNTY,241,37 Years,381,204,177,280,146,134,56,32,24,9,5,4,36,21,15
JASPER COUNTY,241,38 Years,361,185,176,265,134,131,62,32,30,6,4,2,28,15,13
JASPER COUNTY,241,39 Years,412,194,218,311,146,165,59,25,34,10,4,6,32,19,13
JASPER COUNTY,241,40 Years,471,260,211,350,185,165,65,36,29,19,10,9,37,29,8
JASPER COUNTY,241,41 Years,417,197,220,314,142,172,65,30,35,15,10,5,23,15,8
JASPER COUNTY,241,42 Years,439,219,220,345,166,179,65,33,32,10,7,3,19,13,6
JASPER COUNTY,241,43 Years,457,247,210,347,186,161,75,37,38,11,7,4,24,17,7
JASPER COUNTY,241,44 Years,434,212,222,325,159,166,74,34,40,11,6,5,24,13,11
JASPER COUNTY,241,45 Years,432,204,228,327,156,171,72,30,42,10,5,5,23,13,10
JASPER COUNTY,241,46 Years,483,229,254,375,172,203,81,41,40,10,4,6,17,12,5
JASPER COUNTY,241,47 Years,484,230,254,375,173,202,77,39,38,9,4,5,23,14,9
JASPER COUNTY,241,48 Years,504,230,274,393,178,215,84,38,46,9,3,6,18,11,7
JASPER COUNTY,241,49 Years,554,284,270,421,212,209,94,44,50,11,7,4,28,21,7
JASPER COUNTY,241,50 Years,539,268,271,412,210,202,100,40,60,4,2,2,23,16,7
JASPER COUNTY,241,51 Years,532,256,276,413,203,210,94,37,57,6,4,2,19,12,7
JASPER COUNTY,241,52 Years,500,261,239,381,197,184,99,51,48,5,4,1,15,9,6
JASPER COUNTY,241,53 Years,538,252,286,433,201,232,82,37,45,7,4,3,16,10,6
JASPER COUNTY,241,54 Years,568,278,290,438,218,220,104,46,58,12,7,5,14,7,7
JASPER COUNTY,241,55 Years,511,260,251,379,194,185,106,53,53,10,7,3,16,6,10
JASPER COUNTY,241,56 Years,514,250,264,399,198,201,88,37,51,6,4,2,21,11,10
JASPER COUNTY,241,57 Years,541,266,275,433,214,219,89,41,48,5,3,2,14,8,6
JASPER COUNTY,241,58 Years,493,241,252,406,195,211,70,36,34,6,4,2,11,6,5
JASPER COUNTY,241,59 Years,450,225,225,372,186,186,61,32,29,6,2,4,11,5,6
JASPER COUNTY,241,60 Years,466,217,249,389,183,206,56,24,32,9,4,5,12,6,6
JASPER COUNTY,241,61 Years,495,238,257,412,198,214,66,32,34,8,3,5,9,5,4
JASPER COUNTY,241,62 Years,476,216,260,392,172,220,67,34,33,7,3,4,10,7,3
JASPER COUNTY,241,63 Years,467,217,250,393,179,214,60,32,28,7,4,3,7,2,5
JASPER COUNTY,241,64 Years,462,237,225,387,204,183,57,23,34,12,7,5,6,3,3
JASPER COUNTY,241,65 Years,391,196,195,331,170,161,46,19,27,7,4,3,7,3,4
JASPER COUNTY,241,66 Years,401,191,210,340,165,175,48,20,28,3,2,1,10,4,6
JASPER COUNTY,241,67 Years,395,180,215,337,155,182,42,19,23,7,3,4,9,3,6
JASPER COUNTY,241,68 Years,404,206,198,339,171,168,50,27,23,8,3,5,7,5,2
JASPER COUNTY,241,69 Years,351,164,187,303,140,163,42,21,21,4,2,2,2,1,1
JASPER COUNTY,241,70 Years,308,144,164,260,120,140,39,18,21,2,0,2,7,6,1
JASPER COUNTY,241,71 Years,339,156,183,287,133,154,46,19,27,2,1,1,4,3,1
JASPER COUNTY,241,72 Years,331,136,195,278,117,161,46,17,29,4,1,3,3,1,2
JASPER COUNTY,241,73 Years,281,120,161,239,105,134,37,14,23,2,0,2,3,1,2
JASPER COUNTY,241,74 Years,259,120,139,220,101,119,29,11,18,3,2,1,7,6,1
JASPER COUNTY,241,75 Years,267,122,145,236,109,127,26,9,17,1,1,0,4,3,1
JASPER COUNTY,241,76 Years,267,117,150,238,107,131,25,9,16,2,0,2,2,1,1
JASPER COUNTY,241,77 Years,250,117,133,213,106,107,34,11,23,2,0,2,1,0,1
JASPER COUNTY,241,78 Years,221,107,114,196,100,96,22,7,15,1,0,1,2,0,2
JASPER COUNTY,241,79 Years,189,90,99,170,83,87,14,6,8,1,0,1,4,1,3
JASPER COUNTY,241,80 Years,195,92,103,168,82,86,20,7,13,1,1,0,6,2,4
JASPER COUNTY,241,81 Years,187,82,105,163,70,93,17,7,10,2,1,1,5,4,1
JASPER COUNTY,241,82 Years,156,69,87,138,60,78,14,6,8,1,0,1,3,3,0
JASPER COUNTY,241,83 Years,143,56,87,130,50,80,10,5,5,1,0,1,2,1,1
JASPER COUNTY,241,84 Years,131,54,77,120,51,69,9,3,6,1,0,1,1,0,1
JASPER COUNTY,241,85 Years +,630,233,397,539,205,334,77,23,54,8,3,5,6,2,4
JEFF DAVIS COUNTY,243,All Ages,2387,1210,1177,1514,764,750,12,8,4,50,25,25,811,413,398
JEFF DAVIS COUNTY,243,< 1 Year,19,12,7,8,5,3,0,0,0,0,0,0,11,7,4
JEFF DAVIS COUNTY,243,1 Years,15,9,6,2,2,0,1,1,0,0,0,0,12,6,6
JEFF DAVIS COUNTY,243,2 Years,20,9,11,5,1,4,0,0,0,1,1,0,14,7,7
JEFF DAVIS COUNTY,243,3 Years,18,8,10,5,1,4,0,0,0,0,0,0,13,7,6
JEFF DAVIS COUNTY,243,4 Years,19,8,11,9,6,3,0,0,0,0,0,0,10,2,8
JEFF DAVIS COUNTY,243,5 Years,19,10,9,9,6,3,0,0,0,0,0,0,10,4,6
JEFF DAVIS COUNTY,243,6 Years,18,10,8,7,5,2,0,0,0,0,0,0,11,5,6
JEFF DAVIS COUNTY,243,7 Years,22,11,11,13,7,6,0,0,0,1,0,1,8,4,4
JEFF DAVIS COUNTY,243,8 Years,21,12,9,8,3,5,0,0,0,0,0,0,13,9,4
JEFF DAVIS COUNTY,243,9 Years,26,13,13,10,6,4,0,0,0,1,0,1,15,7,8
JEFF DAVIS COUNTY,243,10 Years,22,13,9,12,8,4,0,0,0,0,0,0,10,5,5
JEFF DAVIS COUNTY,243,11 Years,22,11,11,13,6,7,0,0,0,0,0,0,9,5,4
JEFF DAVIS COUNTY,243,12 Years,25,11,14,13,5,8,0,0,0,2,2,0,10,4,6
JEFF DAVIS COUNTY,243,13 Years,22,10,12,11,6,5,0,0,0,0,0,0,11,4,7
JEFF DAVIS COUNTY,243,14 Years,22,10,12,9,4,5,0,0,0,0,0,0,13,6,7
JEFF DAVIS COUNTY,243,15 Years,29,14,15,19,9,10,0,0,0,0,0,0,10,5,5
JEFF DAVIS COUNTY,243,16 Years,32,16,16,17,9,8,2,0,2,1,0,1,12,7,5
JEFF DAVIS COUNTY,243,17 Years,43,25,18,25,17,8,2,1,1,1,0,1,15,7,8
JEFF DAVIS COUNTY,243,18 Years,62,37,25,40,24,16,1,1,0,5,2,3,16,10,6
JEFF DAVIS COUNTY,243,19 Years,39,25,14,25,17,8,1,1,0,2,1,1,11,6,5
JEFF DAVIS COUNTY,243,20 Years,15,9,6,7,5,2,0,0,0,0,0,0,8,4,4
JEFF DAVIS COUNTY,243,21 Years,12,8,4,5,4,1,0,0,0,0,0,0,7,4,3
JEFF DAVIS COUNTY,243,22 Years,14,8,6,7,4,3,0,0,0,1,0,1,6,4,2
JEFF DAVIS COUNTY,243,23 Years,16,10,6,6,4,2,0,0,0,0,0,0,10,6,4
JEFF DAVIS COUNTY,243,24 Years,13,6,7,4,2,2,0,0,0,0,0,0,9,4,5
JEFF DAVIS COUNTY,243,25 Years,12,7,5,2,2,0,1,0,1,0,0,0,9,5,4
JEFF DAVIS COUNTY,243,26 Years,12,6,6,3,1,2,0,0,0,1,1,0,8,4,4
JEFF DAVIS COUNTY,243,27 Years,13,6,7,5,2,3,0,0,0,0,0,0,8,4,4
JEFF DAVIS COUNTY,243,28 Years,18,9,9,8,5,3,0,0,0,1,1,0,9,3,6
JEFF DAVIS COUNTY,243,29 Years,17,7,10,7,3,4,0,0,0,0,0,0,10,4,6
JEFF DAVIS COUNTY,243,30 Years,17,7,10,5,2,3,0,0,0,0,0,0,12,5,7
JEFF DAVIS COUNTY,243,31 Years,16,8,8,5,2,3,0,0,0,0,0,0,11,6,5
JEFF DAVIS COUNTY,243,32 Years,15,10,5,5,3,2,0,0,0,0,0,0,10,7,3
JEFF DAVIS COUNTY,243,33 Years,16,9,7,7,3,4,1,1,0,1,0,1,7,5,2
JEFF DAVIS COUNTY,243,34 Years,14,9,5,9,6,3,0,0,0,0,0,0,5,3,2
JEFF DAVIS COUNTY,243,35 Years,17,8,9,12,5,7,0,0,0,0,0,0,5,3,2
JEFF DAVIS COUNTY,243,36 Years,13,3,10,6,2,4,0,0,0,0,0,0,7,1,6
JEFF DAVIS COUNTY,243,37 Years,13,5,8,9,4,5,0,0,0,0,0,0,4,1,3
JEFF DAVIS COUNTY,243,38 Years,21,8,13,13,5,8,0,0,0,0,0,0,8,3,5
JEFF DAVIS COUNTY,243,39 Years,22,10,12,11,5,6,0,0,0,0,0,0,11,5,6
JEFF DAVIS COUNTY,243,40 Years,15,8,7,7,2,5,0,0,0,0,0,0,8,6,2
JEFF DAVIS COUNTY,243,41 Years,27,15,12,12,4,8,0,0,0,1,1,0,14,10,4
JEFF DAVIS COUNTY,243,42 Years,22,9,13,10,3,7,0,0,0,2,1,1,10,5,5
JEFF DAVIS COUNTY,243,43 Years,22,13,9,11,6,5,0,0,0,1,1,0,10,6,4
JEFF DAVIS COUNTY,243,44 Years,18,10,8,9,6,3,0,0,0,1,1,0,8,3,5
JEFF DAVIS COUNTY,243,45 Years,26,13,13,19,8,11,0,0,0,0,0,0,7,5,2
JEFF DAVIS COUNTY,243,46 Years,32,15,17,18,8,10,1,1,0,1,1,0,12,5,7
JEFF DAVIS COUNTY,243,47 Years,36,18,18,24,12,12,1,1,0,0,0,0,11,5,6
JEFF DAVIS COUNTY,243,48 Years,39,19,20,25,13,12,0,0,0,3,0,3,11,6,5
JEFF DAVIS COUNTY,243,49 Years,30,15,15,21,11,10,0,0,0,0,0,0,9,4,5
JEFF DAVIS COUNTY,243,50 Years,39,19,20,21,9,12,0,0,0,1,0,1,17,10,7
JEFF DAVIS COUNTY,243,51 Years,38,21,17,23,13,10,0,0,0,2,1,1,13,7,6
JEFF DAVIS COUNTY,243,52 Years,34,16,18,23,10,13,0,0,0,1,0,1,10,6,4
JEFF DAVIS COUNTY,243,53 Years,40,17,23,27,13,14,0,0,0,1,0,1,12,4,8
JEFF DAVIS COUNTY,243,54 Years,44,23,21,30,14,16,0,0,0,1,1,0,13,8,5
JEFF DAVIS COUNTY,243,55 Years,45,20,25,34,15,19,0,0,0,0,0,0,11,5,6
JEFF DAVIS COUNTY,243,56 Years,54,25,29,45,21,24,1,1,0,0,0,0,8,3,5
JEFF DAVIS COUNTY,243,57 Years,49,23,26,40,19,21,0,0,0,1,1,0,8,3,5
JEFF DAVIS COUNTY,243,58 Years,52,22,30,39,17,22,0,0,0,1,0,1,12,5,7
JEFF DAVIS COUNTY,243,59 Years,59,26,33,47,20,27,0,0,0,2,1,1,10,5,5
JEFF DAVIS COUNTY,243,60 Years,53,28,25,41,23,18,0,0,0,1,0,1,11,5,6
JEFF DAVIS COUNTY,243,61 Years,44,21,23,36,16,20,0,0,0,0,0,0,8,5,3
JEFF DAVIS COUNTY,243,62 Years,56,32,24,46,26,20,0,0,0,1,1,0,9,5,4
JEFF DAVIS COUNTY,243,63 Years,57,32,25,42,23,19,0,0,0,0,0,0,15,9,6
JEFF DAVIS COUNTY,243,64 Years,52,28,24,39,20,19,0,0,0,1,1,0,12,7,5
JEFF DAVIS COUNTY,243,65 Years,38,22,16,29,18,11,0,0,0,0,0,0,9,4,5
JEFF DAVIS COUNTY,243,66 Years,51,26,25,42,22,20,0,0,0,1,0,1,8,4,4
JEFF DAVIS COUNTY,243,67 Years,56,29,27,45,20,25,0,0,0,2,2,0,9,7,2
JEFF DAVIS COUNTY,243,68 Years,39,25,14,28,16,12,0,0,0,1,1,0,10,8,2
JEFF DAVIS COUNTY,243,69 Years,33,13,20,27,9,18,0,0,0,1,0,1,5,4,1
JEFF DAVIS COUNTY,243,70 Years,37,19,18,26,12,14,0,0,0,3,2,1,8,5,3
JEFF DAVIS COUNTY,243,71 Years,39,22,17,30,18,12,0,0,0,0,0,0,9,4,5
JEFF DAVIS COUNTY,243,72 Years,26,16,10,16,10,6,0,0,0,0,0,0,10,6,4
JEFF DAVIS COUNTY,243,73 Years,26,14,12,15,9,6,0,0,0,0,0,0,11,5,6
JEFF DAVIS COUNTY,243,74 Years,26,16,10,18,12,6,0,0,0,0,0,0,8,4,4
JEFF DAVIS COUNTY,243,75 Years,21,8,13,15,5,10,0,0,0,1,1,0,5,2,3
JEFF DAVIS COUNTY,243,76 Years,18,9,9,11,5,6,0,0,0,0,0,0,7,4,3
JEFF DAVIS COUNTY,243,77 Years,18,10,8,13,8,5,0,0,0,0,0,0,5,2,3
JEFF DAVIS COUNTY,243,78 Years,17,10,7,15,10,5,0,0,0,0,0,0,2,0,2
JEFF DAVIS COUNTY,243,79 Years,18,8,10,14,8,6,0,0,0,0,0,0,4,0,4
JEFF DAVIS COUNTY,243,80 Years,18,7,11,12,5,7,0,0,0,1,0,1,5,2,3
JEFF DAVIS COUNTY,243,81 Years,11,8,3,9,6,3,0,0,0,0,0,0,2,2,0
JEFF DAVIS COUNTY,243,82 Years,16,7,9,12,7,5,0,0,0,0,0,0,4,0,4
JEFF DAVIS COUNTY,243,83 Years,16,5,11,14,5,9,0,0,0,0,0,0,2,0,2
JEFF DAVIS COUNTY,243,84 Years,9,2,7,7,1,6,0,0,0,0,0,0,2,1,1
JEFF DAVIS COUNTY,243,85 Years +,50,19,31,31,10,21,0,0,0,0,0,0,19,9,10
JEFFERSON COUNTY,245,All Ages,253151,129540,123611,110837,55591,55246,84673,41803,42870,12858,6744,6114,44783,25402,19381
JEFFERSON COUNTY,245,< 1 Year,3518,1782,1736,1213,620,593,1229,614,615,191,99,92,885,449,436
JEFFERSON COUNTY,245,1 Years,3476,1798,1678,1087,581,506,1233,619,614,213,108,105,943,490,453
JEFFERSON COUNTY,245,2 Years,3411,1740,1671,1019,537,482,1251,628,623,210,109,101,931,466,465
JEFFERSON COUNTY,245,3 Years,3443,1705,1738,1004,504,500,1261,609,652,222,112,110,956,480,476
JEFFERSON COUNTY,245,4 Years,3506,1788,1718,1078,552,526,1270,649,621,211,107,104,947,480,467
JEFFERSON COUNTY,245,5 Years,3354,1694,1660,1035,528,507,1249,611,638,212,103,109,858,452,406
JEFFERSON COUNTY,245,6 Years,3326,1707,1619,997,525,472,1236,591,645,226,114,112,867,477,390
JEFFERSON COUNTY,245,7 Years,3215,1638,1577,1002,526,476,1182,557,625,216,112,104,815,443,372
JEFFERSON COUNTY,245,8 Years,3248,1647,1601,1003,503,500,1204,608,596,200,100,100,841,436,405
JEFFERSON COUNTY,245,9 Years,3132,1597,1535,960,475,485,1155,604,551,207,105,102,810,413,397
JEFFERSON COUNTY,245,10 Years,3259,1688,1571,1013,501,512,1214,643,571,209,103,106,823,441,382
JEFFERSON COUNTY,245,11 Years,3329,1666,1663,1045,505,540,1257,630,627,202,102,100,825,429,396
JEFFERSON COUNTY,245,12 Years,3255,1615,1640,1097,546,551,1217,613,604,190,90,100,751,366,385
JEFFERSON COUNTY,245,13 Years,3227,1602,1625,1094,553,541,1160,561,599,201,101,100,772,387,385
JEFFERSON COUNTY,245,14 Years,3279,1633,1646,1109,556,553,1216,578,638,218,118,100,736,381,355
JEFFERSON COUNTY,245,15 Years,3279,1692,1587,1075,550,525,1275,645,630,200,105,95,729,392,337
JEFFERSON COUNTY,245,16 Years,3443,1779,1664,1144,574,570,1374,724,650,216,112,104,709,369,340
JEFFERSON COUNTY,245,17 Years,3691,1956,1735,1263,647,616,1451,771,680,226,123,103,751,415,336
JEFFERSON COUNTY,245,18 Years,3738,1981,1757,1278,658,620,1503,795,708,220,111,109,737,417,320
JEFFERSON COUNTY,245,19 Years,4051,2121,1930,1405,719,686,1605,828,777,235,117,118,806,457,349
JEFFERSON COUNTY,245,20 Years,4087,2111,1976,1389,690,699,1620,812,808,239,116,123,839,493,346
JEFFERSON COUNTY,245,21 Years,3903,2045,1858,1415,720,695,1497,779,718,206,104,102,785,442,343
JEFFERSON COUNTY,245,22 Years,3807,1932,1875,1411,697,714,1350,642,708,247,139,108,799,454,345
JEFFERSON COUNTY,245,23 Years,3918,2107,1811,1483,782,701,1324,657,667,248,134,114,863,534,329
JEFFERSON COUNTY,245,24 Years,3836,2052,1784,1458,793,665,1275,630,645,253,132,121,850,497,353
JEFFERSON COUNTY,245,25 Years,3932,2190,1742,1516,830,686,1196,626,570,271,154,117,949,580,369
JEFFERSON COUNTY,245,26 Years,3863,2162,1701,1533,840,693,1155,602,553,255,154,101,920,566,354
JEFFERSON COUNTY,245,27 Years,3731,2069,1662,1491,815,676,1156,599,557,219,137,82,865,518,347
JEFFERSON COUNTY,245,28 Years,3786,2086,1700,1531,816,715,1162,606,556,186,101,85,907,563,344
JEFFERSON COUNTY,245,29 Years,3564,2006,1558,1418,810,608,1139,609,530,161,92,69,846,495,351
JEFFERSON COUNTY,245,30 Years,3667,2028,1639,1448,794,654,1185,611,574,152,77,75,882,546,336
JEFFERSON COUNTY,245,31 Years,3721,2050,1671,1473,797,676,1210,636,574,194,102,92,844,515,329
JEFFERSON COUNTY,245,32 Years,3493,1941,1552,1329,710,619,1176,622,554,162,91,71,826,518,308
JEFFERSON COUNTY,245,33 Years,3336,1833,1503,1268,689,579,1126,591,535,166,90,76,776,463,313
JEFFERSON COUNTY,245,34 Years,3211,1753,1458,1228,675,553,1079,542,537,179,92,87,725,444,281
JEFFERSON COUNTY,245,35 Years,3113,1735,1378,1164,641,523,1042,556,486,160,80,80,747,458,289
JEFFERSON COUNTY,245,36 Years,3074,1685,1389,1142,615,527,1032,545,487,158,85,73,742,440,302
JEFFERSON COUNTY,245,37 Years,3054,1656,1398,1164,615,549,986,520,466,187,105,82,717,416,301
JEFFERSON COUNTY,245,38 Years,3064,1669,1395,1175,643,532,964,496,468,189,101,88,736,429,307
JEFFERSON COUNTY,245,39 Years,3196,1723,1473,1257,670,587,1087,574,513,182,85,97,670,394,276
JEFFERSON COUNTY,245,40 Years,3211,1722,1489,1310,702,608,1068,526,542,186,93,93,647,401,246
JEFFERSON COUNTY,245,41 Years,3158,1738,1420,1322,720,602,1038,539,499,186,93,93,612,386,226
JEFFERSON COUNTY,245,42 Years,3129,1728,1401,1374,743,631,999,519,480,208,119,89,548,347,201
JEFFERSON COUNTY,245,43 Years,3071,1653,1418,1326,720,606,1015,496,519,194,103,91,536,334,202
JEFFERSON COUNTY,245,44 Years,3050,1680,1370,1294,693,601,1066,557,509,172,99,73,518,331,187
JEFFERSON COUNTY,245,45 Years,3130,1671,1459,1330,689,641,1122,579,543,143,78,65,535,325,210
JEFFERSON COUNTY,245,46 Years,3422,1755,1667,1561,798,763,1145,548,597,161,82,79,555,327,228
JEFFERSON COUNTY,245,47 Years,3455,1794,1661,1650,857,793,1129,546,583,150,85,65,526,306,220
JEFFERSON COUNTY,245,48 Years,3568,1875,1693,1708,889,819,1200,603,597,174,98,76,486,285,201
JEFFERSON COUNTY,245,49 Years,3670,1904,1766,1818,930,888,1196,578,618,180,102,78,476,294,182
JEFFERSON COUNTY,245,50 Years,3791,1970,1821,1825,917,908,1311,655,656,182,103,79,473,295,178
JEFFERSON COUNTY,245,51 Years,3721,1902,1819,1934,980,954,1177,564,613,182,96,86,428,262,166
JEFFERSON COUNTY,245,52 Years,3764,1979,1785,1945,1000,945,1261,647,614,160,81,79,398,251,147
JEFFERSON COUNTY,245,53 Years,3754,1939,1815,1969,1021,948,1233,592,641,162,92,70,390,234,156
JEFFERSON COUNTY,245,54 Years,3828,1943,1885,1960,956,1004,1277,629,648,167,92,75,424,266,158
JEFFERSON COUNTY,245,55 Years,3534,1756,1778,1835,917,918,1215,571,644,157,88,69,327,180,147
JEFFERSON COUNTY,245,56 Years,3554,1766,1788,1929,985,944,1159,529,630,146,74,72,320,178,142
JEFFERSON COUNTY,245,57 Years,3336,1669,1667,1824,905,919,1039,487,552,147,79,68,326,198,128
JEFFERSON COUNTY,245,58 Years,3189,1640,1549,1737,900,837,1049,505,544,136,75,61,267,160,107
JEFFERSON COUNTY,245,59 Years,2932,1504,1428,1596,825,771,965,482,483,122,64,58,249,133,116
JEFFERSON COUNTY,245,60 Years,2823,1442,1381,1577,821,756,888,434,454,112,51,61,246,136,110
JEFFERSON COUNTY,245,61 Years,2828,1408,1420,1540,776,764,925,435,490,118,50,68,245,147,98
JEFFERSON COUNTY,245,62 Years,2606,1326,1280,1445,743,702,867,424,443,90,52,38,204,107,97
JEFFERSON COUNTY,245,63 Years,2634,1340,1294,1519,784,735,835,403,432,83,47,36,197,106,91
JEFFERSON COUNTY,245,64 Years,2411,1193,1218,1421,707,714,733,344,389,76,38,38,181,104,77
JEFFERSON COUNTY,245,65 Years,1992,954,1038,1161,556,605,606,274,332,67,32,35,158,92,66
JEFFERSON COUNTY,245,66 Years,1849,866,983,1095,537,558,562,240,322,62,26,36,130,63,67
JEFFERSON COUNTY,245,67 Years,1877,866,1011,1153,542,611,540,224,316,61,31,30,123,69,54
JEFFERSON COUNTY,245,68 Years,1826,848,978,1094,508,586,541,239,302,60,31,29,131,70,61
JEFFERSON COUNTY,245,69 Years,1647,760,887,1001,471,530,480,212,268,50,25,25,116,52,64
JEFFERSON COUNTY,245,70 Years,1529,703,826,918,427,491,453,197,256,42,23,19,116,56,60
JEFFERSON COUNTY,245,71 Years,1488,632,856,914,394,520,445,183,262,43,21,22,86,34,52
JEFFERSON COUNTY,245,72 Years,1428,626,802,894,375,519,402,180,222,41,21,20,91,50,41
JEFFERSON COUNTY,245,73 Years,1361,615,746,873,387,486,378,171,207,34,19,15,76,38,38
JEFFERSON COUNTY,245,74 Years,1311,571,740,822,360,462,379,156,223,34,16,18,76,39,37
JEFFERSON COUNTY,245,75 Years,1273,567,706,812,364,448,350,143,207,36,19,17,75,41,34
JEFFERSON COUNTY,245,76 Years,1306,557,749,821,354,467,376,157,219,39,15,24,70,31,39
JEFFERSON COUNTY,245,77 Years,1234,528,706,812,342,470,315,141,174,31,14,17,76,31,45
JEFFERSON COUNTY,245,78 Years,1173,474,699,783,315,468,295,119,176,26,12,14,69,28,41
JEFFERSON COUNTY,245,79 Years,1148,470,678,797,325,472,267,106,161,25,12,13,59,27,32
JEFFERSON COUNTY,245,80 Years,1135,477,658,789,325,464,265,111,154,27,14,13,54,27,27
JEFFERSON COUNTY,245,81 Years,1092,426,666,759,296,463,257,97,160,25,12,13,51,21,30
JEFFERSON COUNTY,245,82 Years,1006,383,623,726,280,446,219,82,137,17,4,13,44,17,27
JEFFERSON COUNTY,245,83 Years,945,355,590,684,270,414,206,66,140,15,5,10,40,14,26
JEFFERSON COUNTY,245,84 Years,906,341,565,675,258,417,177,63,114,14,5,9,40,15,25
JEFFERSON COUNTY,245,85 Years +,4520,1562,2958,3291,1125,2166,945,317,628,76,31,45,208,89,119
JIM HOGG COUNTY,247,All Ages,5318,2625,2693,339,179,160,14,12,2,40,17,23,4925,2417,2508
JIM HOGG COUNTY,247,< 1 Year,86,44,42,4,3,1,0,0,0,0,0,0,82,41,41
JIM HOGG COUNTY,247,1 Years,86,45,41,3,3,0,1,1,0,0,0,0,82,41,41
JIM HOGG COUNTY,247,2 Years,80,41,39,4,2,2,0,0,0,1,1,0,75,38,37
JIM HOGG COUNTY,247,3 Years,100,48,52,6,3,3,0,0,0,0,0,0,94,45,49
JIM HOGG COUNTY,247,4 Years,83,35,48,6,4,2,0,0,0,1,0,1,76,31,45
JIM HOGG COUNTY,247,5 Years,101,49,52,6,3,3,1,1,0,1,1,0,93,44,49
JIM HOGG COUNTY,247,6 Years,80,41,39,3,1,2,0,0,0,2,1,1,75,39,36
JIM HOGG COUNTY,247,7 Years,90,42,48,1,1,0,1,1,0,2,1,1,86,39,47
JIM HOGG COUNTY,247,8 Years,93,52,41,2,1,1,1,1,0,0,0,0,90,50,40
JIM HOGG COUNTY,247,9 Years,82,41,41,2,1,1,0,0,0,0,0,0,80,40,40
JIM HOGG COUNTY,247,10 Years,72,36,36,0,0,0,0,0,0,1,1,0,71,35,36
JIM HOGG COUNTY,247,11 Years,70,39,31,1,1,0,0,0,0,1,1,0,68,37,31
JIM HOGG COUNTY,247,12 Years,92,50,42,4,2,2,0,0,0,1,1,0,87,47,40
JIM HOGG COUNTY,247,13 Years,87,43,44,3,1,2,0,0,0,1,1,0,83,41,42
JIM HOGG COUNTY,247,14 Years,85,43,42,2,1,1,0,0,0,1,0,1,82,42,40
JIM HOGG COUNTY,247,15 Years,84,38,46,2,2,0,0,0,0,1,0,1,81,36,45
JIM HOGG COUNTY,247,16 Years,60,29,31,2,2,0,0,0,0,1,0,1,57,27,30
JIM HOGG COUNTY,247,17 Years,74,44,30,1,1,0,1,1,0,1,1,0,71,41,30
JIM HOGG COUNTY,247,18 Years,98,53,45,2,2,0,1,1,0,1,1,0,94,49,45
JIM HOGG COUNTY,247,19 Years,70,35,35,5,3,2,0,0,0,0,0,0,65,32,33
JIM HOGG COUNTY,247,20 Years,55,24,31,2,1,1,0,0,0,0,0,0,53,23,30
JIM HOGG COUNTY,247,21 Years,59,25,34,1,0,1,0,0,0,0,0,0,58,25,33
JIM HOGG COUNTY,247,22 Years,56,30,26,2,1,1,0,0,0,0,0,0,54,29,25
JIM HOGG COUNTY,247,23 Years,64,38,26,2,0,2,1,1,0,0,0,0,61,37,24
JIM HOGG COUNTY,247,24 Years,73,41,32,2,0,2,0,0,0,0,0,0,71,41,30
JIM HOGG COUNTY,247,25 Years,68,33,35,4,3,1,0,0,0,0,0,0,64,30,34
JIM HOGG COUNTY,247,26 Years,65,30,35,5,4,1,0,0,0,1,0,1,59,26,33
JIM HOGG COUNTY,247,27 Years,59,33,26,5,3,2,0,0,0,1,0,1,53,30,23
JIM HOGG COUNTY,247,28 Years,66,34,32,3,1,2,0,0,0,1,0,1,62,33,29
JIM HOGG COUNTY,247,29 Years,65,37,28,6,2,4,0,0,0,1,1,0,58,34,24
JIM HOGG COUNTY,247,30 Years,66,36,30,9,6,3,0,0,0,1,0,1,56,30,26
JIM HOGG COUNTY,247,31 Years,61,31,30,7,4,3,0,0,0,0,0,0,54,27,27
JIM HOGG COUNTY,247,32 Years,58,28,30,3,1,2,0,0,0,2,1,1,53,26,27
JIM HOGG COUNTY,247,33 Years,71,36,35,7,3,4,1,1,0,0,0,0,63,32,31
JIM HOGG COUNTY,247,34 Years,58,29,29,2,0,2,1,0,1,0,0,0,55,29,26
JIM HOGG COUNTY,247,35 Years,56,24,32,2,1,1,0,0,0,0,0,0,54,23,31
JIM HOGG COUNTY,247,36 Years,70,32,38,5,2,3,1,1,0,0,0,0,64,29,35
JIM HOGG COUNTY,247,37 Years,60,30,30,4,1,3,0,0,0,0,0,0,56,29,27
JIM HOGG COUNTY,247,38 Years,58,30,28,3,3,0,0,0,0,0,0,0,55,27,28
JIM HOGG COUNTY,247,39 Years,57,30,27,4,2,2,0,0,0,1,0,1,52,28,24
JIM HOGG COUNTY,247,40 Years,55,28,27,4,2,2,0,0,0,1,0,1,50,26,24
JIM HOGG COUNTY,247,41 Years,61,26,35,3,1,2,0,0,0,0,0,0,58,25,33
JIM HOGG COUNTY,247,42 Years,55,26,29,7,4,3,0,0,0,1,1,0,47,21,26
JIM HOGG COUNTY,247,43 Years,60,35,25,4,3,1,0,0,0,1,1,0,55,31,24
JIM HOGG COUNTY,247,44 Years,55,28,27,3,1,2,1,1,0,0,0,0,51,26,25
JIM HOGG COUNTY,247,45 Years,76,42,34,5,4,1,0,0,0,0,0,0,71,38,33
JIM HOGG COUNTY,247,46 Years,65,35,30,4,2,2,0,0,0,0,0,0,61,33,28
JIM HOGG COUNTY,247,47 Years,63,32,31,3,1,2,0,0,0,0,0,0,60,31,29
JIM HOGG COUNTY,247,48 Years,74,36,38,5,3,2,0,0,0,0,0,0,69,33,36
JIM HOGG COUNTY,247,49 Years,54,27,27,3,1,2,0,0,0,0,0,0,51,26,25
JIM HOGG COUNTY,247,50 Years,69,35,34,4,2,2,0,0,0,2,0,2,63,33,30
JIM HOGG COUNTY,247,51 Years,68,31,37,6,4,2,0,0,0,1,0,1,61,27,34
JIM HOGG COUNTY,247,52 Years,56,36,20,4,3,1,0,0,0,0,0,0,52,33,19
JIM HOGG COUNTY,247,53 Years,65,41,24,6,3,3,0,0,0,1,0,1,58,38,20
JIM HOGG COUNTY,247,54 Years,68,34,34,6,3,3,0,0,0,0,0,0,62,31,31
JIM HOGG COUNTY,247,55 Years,57,30,27,6,4,2,0,0,0,0,0,0,51,26,25
JIM HOGG COUNTY,247,56 Years,56,26,30,5,2,3,0,0,0,1,0,1,50,24,26
JIM HOGG COUNTY,247,57 Years,57,24,33,4,2,2,0,0,0,1,1,0,52,21,31
JIM HOGG COUNTY,247,58 Years,75,34,41,9,3,6,0,0,0,1,0,1,65,31,34
JIM HOGG COUNTY,247,59 Years,63,27,36,6,1,5,0,0,0,1,0,1,56,26,30
JIM HOGG COUNTY,247,60 Years,51,21,30,4,1,3,0,0,0,0,0,0,47,20,27
JIM HOGG COUNTY,247,61 Years,62,25,37,5,4,1,0,0,0,0,0,0,57,21,36
JIM HOGG COUNTY,247,62 Years,65,26,39,5,3,2,0,0,0,0,0,0,60,23,37
JIM HOGG COUNTY,247,63 Years,58,29,29,6,5,1,0,0,0,0,0,0,52,24,28
JIM HOGG COUNTY,247,64 Years,72,36,36,7,5,2,1,1,0,0,0,0,64,30,34
JIM HOGG COUNTY,247,65 Years,72,39,33,8,4,4,1,0,1,2,1,1,61,34,27
JIM HOGG COUNTY,247,66 Years,64,34,30,4,2,2,1,1,0,1,0,1,58,31,27
JIM HOGG COUNTY,247,67 Years,51,26,25,3,1,2,0,0,0,1,0,1,47,25,22
JIM HOGG COUNTY,247,68 Years,46,24,22,7,2,5,0,0,0,0,0,0,39,22,17
JIM HOGG COUNTY,247,69 Years,40,18,22,5,1,4,0,0,0,0,0,0,35,17,18
JIM HOGG COUNTY,247,70 Years,44,25,19,5,4,1,0,0,0,1,1,0,38,20,18
JIM HOGG COUNTY,247,71 Years,43,21,22,4,3,1,0,0,0,0,0,0,39,18,21
JIM HOGG COUNTY,247,72 Years,46,19,27,3,1,2,0,0,0,0,0,0,43,18,25
JIM HOGG COUNTY,247,73 Years,43,20,23,7,4,3,0,0,0,0,0,0,36,16,20
JIM HOGG COUNTY,247,74 Years,39,17,22,4,2,2,0,0,0,0,0,0,35,15,20
JIM HOGG COUNTY,247,75 Years,39,17,22,3,0,3,0,0,0,0,0,0,36,17,19
JIM HOGG COUNTY,247,76 Years,36,17,19,3,2,1,0,0,0,0,0,0,33,15,18
JIM HOGG COUNTY,247,77 Years,30,12,18,0,0,0,0,0,0,0,0,0,30,12,18
JIM HOGG COUNTY,247,78 Years,32,10,22,4,2,2,0,0,0,0,0,0,28,8,20
JIM HOGG COUNTY,247,79 Years,34,15,19,9,6,3,0,0,0,0,0,0,25,9,16
JIM HOGG COUNTY,247,80 Years,30,9,21,4,2,2,0,0,0,0,0,0,26,7,19
JIM HOGG COUNTY,247,81 Years,20,8,12,0,0,0,0,0,0,0,0,0,20,8,12
JIM HOGG COUNTY,247,82 Years,14,6,8,0,0,0,0,0,0,0,0,0,14,6,8
JIM HOGG COUNTY,247,83 Years,20,8,12,1,0,1,0,0,0,0,0,0,19,8,11
JIM HOGG COUNTY,247,84 Years,17,6,11,0,0,0,0,0,0,0,0,0,17,6,11
JIM HOGG COUNTY,247,85 Years +,80,25,55,4,1,3,0,0,0,0,0,0,76,24,52
JIM WELLS COUNTY,249,All Ages,41585,20471,21114,8082,3982,4100,162,95,67,373,183,190,32968,16211,16757
JIM WELLS COUNTY,249,< 1 Year,742,378,364,86,43,43,1,1,0,6,3,3,649,331,318
JIM WELLS COUNTY,249,1 Years,686,356,330,79,38,41,1,1,0,7,5,2,599,312,287
JIM WELLS COUNTY,249,2 Years,613,318,295,81,47,34,2,2,0,8,4,4,522,265,257
JIM WELLS COUNTY,249,3 Years,711,365,346,84,44,40,3,2,1,5,1,4,619,318,301
JIM WELLS COUNTY,249,4 Years,702,349,353,89,40,49,4,1,3,4,1,3,605,307,298
JIM WELLS COUNTY,249,5 Years,670,339,331,92,48,44,5,1,4,4,2,2,569,288,281
JIM WELLS COUNTY,249,6 Years,627,326,301,99,53,46,3,2,1,4,3,1,521,268,253
JIM WELLS COUNTY,249,7 Years,610,330,280,81,43,38,4,2,2,7,5,2,518,280,238
JIM WELLS COUNTY,249,8 Years,612,326,286,81,46,35,4,3,1,4,2,2,523,275,248
JIM WELLS COUNTY,249,9 Years,572,297,275,79,42,37,1,1,0,5,3,2,487,251,236
JIM WELLS COUNTY,249,10 Years,644,345,299,92,47,45,3,3,0,8,3,5,541,292,249
JIM WELLS COUNTY,249,11 Years,689,368,321,93,45,48,2,1,1,7,2,5,587,320,267
JIM WELLS COUNTY,249,12 Years,688,354,334,116,56,60,4,1,3,4,2,2,564,295,269
JIM WELLS COUNTY,249,13 Years,673,316,357,116,48,68,3,1,2,7,5,2,547,262,285
JIM WELLS COUNTY,249,14 Years,664,348,316,103,49,54,2,0,2,3,3,0,556,296,260
JIM WELLS COUNTY,249,15 Years,684,360,324,111,57,54,1,0,1,2,0,2,570,303,267
JIM WELLS COUNTY,249,16 Years,682,344,338,117,54,63,1,0,1,1,0,1,563,290,273
JIM WELLS COUNTY,249,17 Years,664,342,322,109,53,56,1,0,1,2,1,1,552,288,264
JIM WELLS COUNTY,249,18 Years,656,333,323,91,46,45,3,1,2,9,7,2,553,279,274
JIM WELLS COUNTY,249,19 Years,648,331,317,88,50,38,3,1,2,5,2,3,552,278,274
JIM WELLS COUNTY,249,20 Years,587,282,305,76,43,33,2,0,2,4,0,4,505,239,266
JIM WELLS COUNTY,249,21 Years,537,281,256,64,38,26,3,1,2,8,4,4,462,238,224
JIM WELLS COUNTY,249,22 Years,527,259,268,66,31,35,3,2,1,7,4,3,451,222,229
JIM WELLS COUNTY,249,23 Years,492,262,230,56,31,25,2,2,0,5,2,3,429,227,202
JIM WELLS COUNTY,249,24 Years,518,263,255,69,29,40,3,2,1,2,0,2,444,232,212
JIM WELLS COUNTY,249,25 Years,513,257,256,75,38,37,2,2,0,5,2,3,431,215,216
JIM WELLS COUNTY,249,26 Years,481,229,252,76,37,39,0,0,0,4,1,3,401,191,210
JIM WELLS COUNTY,249,27 Years,469,234,235,79,37,42,5,3,2,5,1,4,380,193,187
JIM WELLS COUNTY,249,28 Years,533,253,280,86,48,38,5,3,2,9,3,6,433,199,234
JIM WELLS COUNTY,249,29 Years,541,282,259,94,50,44,3,2,1,7,2,5,437,228,209
JIM WELLS COUNTY,249,30 Years,495,251,244,94,47,47,2,2,0,7,3,4,392,199,193
JIM WELLS COUNTY,249,31 Years,492,243,249,91,38,53,2,2,0,7,4,3,392,199,193
JIM WELLS COUNTY,249,32 Years,470,227,243,91,41,50,3,3,0,6,4,2,370,179,191
JIM WELLS COUNTY,249,33 Years,491,244,247,94,47,47,4,4,0,5,3,2,388,190,198
JIM WELLS COUNTY,249,34 Years,460,244,216,81,43,38,2,2,0,5,2,3,372,197,175
JIM WELLS COUNTY,249,35 Years,448,214,234,74,31,43,0,0,0,5,2,3,369,181,188
JIM WELLS COUNTY,249,36 Years,478,217,261,79,43,36,1,0,1,2,0,2,396,174,222
JIM WELLS COUNTY,249,37 Years,454,223,231,89,47,42,1,0,1,1,0,1,363,176,187
JIM WELLS COUNTY,249,38 Years,484,250,234,92,49,43,0,0,0,2,1,1,390,200,190
JIM WELLS COUNTY,249,39 Years,510,259,251,96,41,55,1,0,1,3,2,1,410,216,194
JIM WELLS COUNTY,249,40 Years,524,261,263,96,50,46,2,1,1,3,1,2,423,209,214
JIM WELLS COUNTY,249,41 Years,525,247,278,90,49,41,1,1,0,5,2,3,429,195,234
JIM WELLS COUNTY,249,42 Years,479,218,261,79,34,45,3,3,0,3,1,2,394,180,214
JIM WELLS COUNTY,249,43 Years,441,195,246,71,28,43,1,0,1,2,0,2,367,167,200
JIM WELLS COUNTY,249,44 Years,466,215,251,79,36,43,1,0,1,4,2,2,382,177,205
JIM WELLS COUNTY,249,45 Years,512,251,261,93,44,49,1,1,0,5,2,3,413,204,209
JIM WELLS COUNTY,249,46 Years,529,263,266,94,43,51,1,0,1,2,1,1,432,219,213
JIM WELLS COUNTY,249,47 Years,532,258,274,120,51,69,1,0,1,6,4,2,405,203,202
JIM WELLS COUNTY,249,48 Years,532,250,282,128,62,66,2,1,1,5,4,1,397,183,214
JIM WELLS COUNTY,249,49 Years,515,251,264,117,62,55,2,1,1,4,2,2,392,186,206
JIM WELLS COUNTY,249,50 Years,556,267,289,117,57,60,4,3,1,5,3,2,430,204,226
JIM WELLS COUNTY,249,51 Years,566,288,278,138,70,68,2,2,0,6,4,2,420,212,208
JIM WELLS COUNTY,249,52 Years,587,271,316,148,72,76,2,1,1,6,3,3,431,195,236
JIM WELLS COUNTY,249,53 Years,558,278,280,151,82,69,2,1,1,7,4,3,398,191,207
JIM WELLS COUNTY,249,54 Years,597,297,300,153,76,77,2,0,2,7,3,4,435,218,217
JIM WELLS COUNTY,249,55 Years,536,262,274,144,70,74,2,1,1,6,4,2,384,187,197
JIM WELLS COUNTY,249,56 Years,527,234,293,133,66,67,4,3,1,8,4,4,382,161,221
JIM WELLS COUNTY,249,57 Years,515,242,273,134,71,63,3,1,2,4,1,3,374,169,205
JIM WELLS COUNTY,249,58 Years,506,256,250,143,80,63,5,4,1,10,6,4,348,166,182
JIM WELLS COUNTY,249,59 Years,482,233,249,131,64,67,1,1,0,6,3,3,344,165,179
JIM WELLS COUNTY,249,60 Years,462,229,233,123,60,63,1,0,1,5,3,2,333,166,167
JIM WELLS COUNTY,249,61 Years,477,260,217,139,76,63,2,1,1,4,2,2,332,181,151
JIM WELLS COUNTY,249,62 Years,464,238,226,113,56,57,2,2,0,3,2,1,346,178,168
JIM WELLS COUNTY,249,63 Years,443,206,237,99,47,52,2,1,1,7,3,4,335,155,180
JIM WELLS COUNTY,249,64 Years,440,218,222,105,60,45,1,1,0,7,4,3,327,153,174
JIM WELLS COUNTY,249,65 Years,400,197,203,91,47,44,0,0,0,8,6,2,301,144,157
JIM WELLS COUNTY,249,66 Years,382,196,186,87,45,42,0,0,0,5,3,2,290,148,142
JIM WELLS COUNTY,249,67 Years,351,160,191,79,39,40,1,0,1,3,2,1,268,119,149
JIM WELLS COUNTY,249,68 Years,316,136,180,81,42,39,1,1,0,1,0,1,233,93,140
JIM WELLS COUNTY,249,69 Years,286,128,158,86,43,43,0,0,0,2,1,1,198,84,114
JIM WELLS COUNTY,249,70 Years,283,139,144,85,44,41,1,1,0,1,1,0,196,93,103
JIM WELLS COUNTY,249,71 Years,267,136,131,78,41,37,0,0,0,0,0,0,189,95,94
JIM WELLS COUNTY,249,72 Years,265,120,145,81,34,47,2,2,0,2,1,1,180,83,97
JIM WELLS COUNTY,249,73 Years,273,122,151,80,34,46,1,1,0,3,0,3,189,87,102
JIM WELLS COUNTY,249,74 Years,255,111,144,71,28,43,0,0,0,1,0,1,183,83,100
JIM WELLS COUNTY,249,75 Years,242,110,132,61,27,34,0,0,0,1,0,1,180,83,97
JIM WELLS COUNTY,249,76 Years,243,112,131,76,38,38,1,1,0,1,0,1,165,73,92
JIM WELLS COUNTY,249,77 Years,207,91,116,60,28,32,0,0,0,2,1,1,145,62,83
JIM WELLS COUNTY,249,78 Years,188,78,110,60,25,35,0,0,0,0,0,0,128,53,75
JIM WELLS COUNTY,249,79 Years,195,91,104,75,38,37,1,1,0,2,0,2,117,52,65
JIM WELLS COUNTY,249,80 Years,179,86,93,57,28,29,1,1,0,0,0,0,121,57,64
JIM WELLS COUNTY,249,81 Years,186,75,111,59,29,30,1,1,0,0,0,0,126,45,81
JIM WELLS COUNTY,249,82 Years,163,56,107,50,24,26,2,0,2,3,2,1,108,30,78
JIM WELLS COUNTY,249,83 Years,147,50,97,49,20,29,1,0,1,1,1,0,96,29,67
JIM WELLS COUNTY,249,84 Years,138,61,77,50,24,26,0,0,0,2,1,1,86,36,50
JIM WELLS COUNTY,249,85 Years +,631,229,402,219,80,139,4,2,2,4,2,2,404,145,259
JOHNSON COUNTY,251,All Ages,153383,76771,76612,116133,57176,58957,3958,2192,1766,4491,2238,2253,28801,15165,13636
JOHNSON COUNTY,251,< 1 Year,2009,1029,980,1412,721,691,39,21,18,51,28,23,507,259,248
JOHNSON COUNTY,251,1 Years,2068,1069,999,1372,712,660,47,24,23,71,41,30,578,292,286
JOHNSON COUNTY,251,2 Years,2149,1129,1020,1375,715,660,57,30,27,90,46,44,627,338,289
JOHNSON COUNTY,251,3 Years,2149,1104,1045,1389,708,681,53,26,27,83,44,39,624,326,298
JOHNSON COUNTY,251,4 Years,2187,1114,1073,1429,731,698,53,24,29,82,48,34,623,311,312
JOHNSON COUNTY,251,5 Years,2254,1131,1123,1495,760,735,58,29,29,84,38,46,617,304,313
JOHNSON COUNTY,251,6 Years,2353,1204,1149,1561,806,755,56,28,28,109,53,56,627,317,310
JOHNSON COUNTY,251,7 Years,2315,1201,1114,1545,792,753,60,31,29,94,44,50,616,334,282
JOHNSON COUNTY,251,8 Years,2314,1170,1144,1536,771,765,56,29,27,88,37,51,634,333,301
JOHNSON COUNTY,251,9 Years,2338,1200,1138,1565,810,755,55,24,31,86,41,45,632,325,307
JOHNSON COUNTY,251,10 Years,2401,1230,1171,1599,808,791,68,36,32,93,47,46,641,339,302
JOHNSON COUNTY,251,11 Years,2398,1257,1141,1611,845,766,69,38,31,97,55,42,621,319,302
JOHNSON COUNTY,251,12 Years,2380,1209,1171,1620,825,795,57,25,32,93,54,39,610,305,305
JOHNSON COUNTY,251,13 Years,2468,1256,1212,1669,849,820,66,30,36,100,56,44,633,321,312
JOHNSON COUNTY,251,14 Years,2414,1231,1183,1625,830,795,64,31,33,99,54,45,626,316,310
JOHNSON COUNTY,251,15 Years,2381,1218,1163,1621,827,794,68,37,31,98,50,48,594,304,290
JOHNSON COUNTY,251,16 Years,2399,1234,1165,1655,854,801,63,33,30,99,58,41,582,289,293
JOHNSON COUNTY,251,17 Years,2321,1219,1102,1598,839,759,69,37,32,97,51,46,557,292,265
JOHNSON COUNTY,251,18 Years,2295,1192,1103,1585,823,762,58,30,28,80,48,32,572,291,281
JOHNSON COUNTY,251,19 Years,2102,1108,994,1432,746,686,63,35,28,77,42,35,530,285,245
JOHNSON COUNTY,251,20 Years,1904,1021,883,1245,677,568,65,32,33,73,35,38,521,277,244
JOHNSON COUNTY,251,21 Years,1888,991,897,1207,616,591,72,35,37,84,41,43,525,299,226
JOHNSON COUNTY,251,22 Years,1737,925,812,1158,587,571,62,33,29,59,33,26,458,272,186
JOHNSON COUNTY,251,23 Years,1727,878,849,1187,571,616,58,40,18,54,25,29,428,242,186
JOHNSON COUNTY,251,24 Years,1785,899,886,1210,584,626,55,31,24,64,29,35,456,255,201
JOHNSON COUNTY,251,25 Years,1791,924,867,1235,608,627,64,40,24,64,33,31,428,243,185
JOHNSON COUNTY,251,26 Years,1779,891,888,1235,602,633,57,36,21,58,29,29,429,224,205
JOHNSON COUNTY,251,27 Years,1820,937,883,1289,644,645,55,37,18,60,35,25,416,221,195
JOHNSON COUNTY,251,28 Years,1903,971,932,1340,659,681,58,40,18,67,31,36,438,241,197
JOHNSON COUNTY,251,29 Years,1933,982,951,1376,673,703,56,42,14,55,26,29,446,241,205
JOHNSON COUNTY,251,30 Years,2084,1060,1024,1486,732,754,62,42,20,59,29,30,477,257,220
JOHNSON COUNTY,251,31 Years,2053,1043,1010,1456,715,741,64,38,26,74,34,40,459,256,203
JOHNSON COUNTY,251,32 Years,1926,993,933,1370,677,693,51,33,18,59,23,36,446,260,186
JOHNSON COUNTY,251,33 Years,1887,932,955,1336,644,692,49,31,18,60,28,32,442,229,213
JOHNSON COUNTY,251,34 Years,1893,905,988,1341,639,702,56,32,24,54,25,29,442,209,233
JOHNSON COUNTY,251,35 Years,1896,944,952,1356,684,672,46,26,20,60,25,35,434,209,225
JOHNSON COUNTY,251,36 Years,1948,945,1003,1400,670,730,38,21,17,60,25,35,450,229,221
JOHNSON COUNTY,251,37 Years,1870,926,944,1347,652,695,64,34,30,46,20,26,413,220,193
JOHNSON COUNTY,251,38 Years,1968,996,972,1451,715,736,67,41,26,46,20,26,404,220,184
JOHNSON COUNTY,251,39 Years,2084,1032,1052,1596,770,826,51,29,22,51,23,28,386,210,176
JOHNSON COUNTY,251,40 Years,2219,1113,1106,1651,809,842,73,47,26,56,29,27,439,228,211
JOHNSON COUNTY,251,41 Years,2236,1119,1117,1693,840,853,56,35,21,44,20,24,443,224,219
JOHNSON COUNTY,251,42 Years,2131,1063,1068,1632,793,839,48,27,21,56,27,29,395,216,179
JOHNSON COUNTY,251,43 Years,2054,1046,1008,1548,777,771,67,40,27,55,25,30,384,204,180
JOHNSON COUNTY,251,44 Years,2129,1093,1036,1621,820,801,64,41,23,53,26,27,391,206,185
JOHNSON COUNTY,251,45 Years,2159,1121,1038,1682,862,820,66,46,20,53,27,26,358,186,172
JOHNSON COUNTY,251,46 Years,2256,1174,1082,1779,908,871,54,35,19,45,24,21,378,207,171
JOHNSON COUNTY,251,47 Years,2302,1167,1135,1841,919,922,58,36,22,47,26,21,356,186,170
JOHNSON COUNTY,251,48 Years,2301,1155,1146,1855,915,940,65,34,31,62,34,28,319,172,147
JOHNSON COUNTY,251,49 Years,2319,1160,1159,1870,915,955,72,39,33,54,24,30,323,182,141
JOHNSON COUNTY,251,50 Years,2349,1183,1166,1931,956,975,53,29,24,58,28,30,307,170,137
JOHNSON COUNTY,251,51 Years,2417,1243,1174,1985,1005,980,61,37,24,67,30,37,304,171,133
JOHNSON COUNTY,251,52 Years,2217,1133,1084,1851,922,929,56,35,21,54,25,29,256,151,105
JOHNSON COUNTY,251,53 Years,2235,1120,1115,1887,928,959,58,32,26,52,21,31,238,139,99
JOHNSON COUNTY,251,54 Years,2097,1058,1039,1772,879,893,61,35,26,52,22,30,212,122,90
JOHNSON COUNTY,251,55 Years,2088,1018,1070,1779,856,923,56,30,26,50,18,32,203,114,89
JOHNSON COUNTY,251,56 Years,2026,1003,1023,1730,848,882,46,22,24,51,26,25,199,107,92
JOHNSON COUNTY,251,57 Years,1936,969,967,1659,822,837,40,20,20,52,22,30,185,105,80
JOHNSON COUNTY,251,58 Years,1829,910,919,1559,767,792,52,27,25,46,22,24,172,94,78
JOHNSON COUNTY,251,59 Years,1829,896,933,1575,756,819,49,30,19,41,22,19,164,88,76
JOHNSON COUNTY,251,60 Years,1650,795,855,1424,680,744,41,23,18,36,20,16,149,72,77
JOHNSON COUNTY,251,61 Years,1600,775,825,1391,679,712,40,19,21,37,16,21,132,61,71
JOHNSON COUNTY,251,62 Years,1669,789,880,1461,695,766,36,13,23,41,18,23,131,63,68
JOHNSON COUNTY,251,63 Years,1750,840,910,1532,727,805,37,21,16,38,20,18,143,72,71
JOHNSON COUNTY,251,64 Years,1716,817,899,1524,715,809,32,16,16,34,20,14,126,66,60
JOHNSON COUNTY,251,65 Years,1406,677,729,1227,578,649,33,22,11,28,17,11,118,60,58
JOHNSON COUNTY,251,66 Years,1306,642,664,1131,550,581,30,15,15,21,15,6,124,62,62
JOHNSON COUNTY,251,67 Years,1295,629,666,1142,548,594,18,8,10,21,10,11,114,63,51
JOHNSON COUNTY,251,68 Years,1274,610,664,1151,549,602,16,6,10,20,10,10,87,45,42
JOHNSON COUNTY,251,69 Years,1136,539,597,1019,476,543,18,8,10,29,17,12,70,38,32
JOHNSON COUNTY,251,70 Years,1035,502,533,934,450,484,14,10,4,19,10,9,68,32,36
JOHNSON COUNTY,251,71 Years,971,475,496,876,427,449,16,12,4,12,4,8,67,32,35
JOHNSON COUNTY,251,72 Years,939,450,489,850,407,443,16,7,9,15,6,9,58,30,28
JOHNSON COUNTY,251,73 Years,883,417,466,804,379,425,12,3,9,16,10,6,51,25,26
JOHNSON COUNTY,251,74 Years,816,390,426,740,357,383,11,4,7,15,7,8,50,22,28
JOHNSON COUNTY,251,75 Years,775,365,410,712,334,378,5,2,3,9,4,5,49,25,24
JOHNSON COUNTY,251,76 Years,691,312,379,642,290,352,5,3,2,9,4,5,35,15,20
JOHNSON COUNTY,251,77 Years,647,304,343,599,281,318,12,6,6,11,6,5,25,11,14
JOHNSON COUNTY,251,78 Years,605,274,331,559,249,310,10,5,5,10,7,3,26,13,13
JOHNSON COUNTY,251,79 Years,548,232,316,508,213,295,7,3,4,6,4,2,27,12,15
JOHNSON COUNTY,251,80 Years,528,237,291,491,223,268,7,3,4,5,2,3,25,9,16
JOHNSON COUNTY,251,81 Years,519,214,305,489,205,284,8,3,5,4,1,3,18,5,13
JOHNSON COUNTY,251,82 Years,455,177,278,422,166,256,7,3,4,5,0,5,21,8,13
JOHNSON COUNTY,251,83 Years,411,166,245,382,156,226,8,4,4,4,0,4,17,6,11
JOHNSON COUNTY,251,84 Years,381,151,230,353,141,212,5,0,5,4,2,2,19,8,11
JOHNSON COUNTY,251,85 Years +,1677,548,1129,1555,513,1042,30,5,25,16,6,10,76,24,52
JONES COUNTY,253,All Ages,20289,12413,7876,12512,6786,5726,2287,1994,293,365,184,181,5125,3449,1676
JONES COUNTY,253,< 1 Year,187,90,97,119,60,59,5,3,2,6,2,4,57,25,32
JONES COUNTY,253,1 Years,194,93,101,119,62,57,5,2,3,5,2,3,65,27,38
JONES COUNTY,253,2 Years,189,99,90,112,62,50,8,4,4,4,2,2,65,31,34
JONES COUNTY,253,3 Years,175,98,77,101,54,47,6,3,3,6,4,2,62,37,25
JONES COUNTY,253,4 Years,187,101,86,114,63,51,3,1,2,8,4,4,62,33,29
JONES COUNTY,253,5 Years,196,99,97,106,56,50,5,2,3,10,7,3,75,34,41
JONES COUNTY,253,6 Years,196,91,105,113,52,61,7,4,3,7,6,1,69,29,40
JONES COUNTY,253,7 Years,202,98,104,120,59,61,8,4,4,10,6,4,64,29,35
JONES COUNTY,253,8 Years,214,102,112,124,65,59,13,3,10,10,4,6,67,30,37
JONES COUNTY,253,9 Years,205,100,105,113,56,57,10,3,7,6,2,4,76,39,37
JONES COUNTY,253,10 Years,206,100,106,121,56,65,14,7,7,10,4,6,61,33,28
JONES COUNTY,253,11 Years,223,124,99,135,78,57,9,5,4,7,3,4,72,38,34
JONES COUNTY,253,12 Years,229,122,107,133,77,56,14,7,7,9,4,5,73,34,39
JONES COUNTY,253,13 Years,212,106,106,119,58,61,14,7,7,9,1,8,70,40,30
JONES COUNTY,253,14 Years,219,113,106,137,65,72,8,4,4,6,4,2,68,40,28
JONES COUNTY,253,15 Years,225,116,109,146,73,73,8,3,5,11,7,4,60,33,27
JONES COUNTY,253,16 Years,224,128,96,148,84,64,6,4,2,8,4,4,62,36,26
JONES COUNTY,253,17 Years,231,119,112,162,79,83,4,2,2,4,2,2,61,36,25
JONES COUNTY,253,18 Years,245,136,109,159,83,76,8,5,3,5,3,2,73,45,28
JONES COUNTY,253,19 Years,258,162,96,138,76,62,38,31,7,4,3,1,78,52,26
JONES COUNTY,253,20 Years,260,184,76,126,74,52,50,45,5,2,1,1,82,64,18
JONES COUNTY,253,21 Years,273,195,78,121,70,51,52,50,2,3,2,1,97,73,24
JONES COUNTY,253,22 Years,293,227,66,144,95,49,60,59,1,3,2,1,86,71,15
JONES COUNTY,253,23 Years,300,223,77,125,77,48,71,66,5,2,1,1,102,79,23
JONES COUNTY,253,24 Years,352,281,71,127,84,43,80,76,4,4,2,2,141,119,22
JONES COUNTY,253,25 Years,310,237,73,125,74,51,74,70,4,2,1,1,109,92,17
JONES COUNTY,253,26 Years,312,227,85,141,81,60,70,68,2,3,2,1,98,76,22
JONES COUNTY,253,27 Years,329,252,77,138,88,50,75,72,3,5,4,1,111,88,23
JONES COUNTY,253,28 Years,337,266,71,157,113,44,63,60,3,2,0,2,115,93,22
JONES COUNTY,253,29 Years,311,236,75,133,82,51,49,47,2,4,1,3,125,106,19
JONES COUNTY,253,30 Years,332,244,88,163,100,63,69,67,2,5,2,3,95,75,20
JONES COUNTY,253,31 Years,329,239,90,151,91,60,70,67,3,2,0,2,106,81,25
JONES COUNTY,253,32 Years,299,228,71,139,89,50,61,58,3,3,2,1,96,79,17
JONES COUNTY,253,33 Years,312,240,72,149,97,52,56,52,4,5,5,0,102,86,16
JONES COUNTY,253,34 Years,310,240,70,144,95,49,65,61,4,2,2,0,99,82,17
JONES COUNTY,253,35 Years,299,220,79,144,89,55,57,53,4,4,4,0,94,74,20
JONES COUNTY,253,36 Years,323,230,93,154,89,65,74,71,3,4,2,2,91,68,23
JONES COUNTY,253,37 Years,299,218,81,139,79,60,61,59,2,4,2,2,95,78,17
JONES COUNTY,253,38 Years,306,221,85,161,98,63,50,49,1,7,4,3,88,70,18
JONES COUNTY,253,39 Years,307,217,90,167,103,64,46,43,3,5,1,4,89,70,19
JONES COUNTY,253,40 Years,295,201,94,156,89,67,47,41,6,4,1,3,88,70,18
JONES COUNTY,253,41 Years,348,234,114,204,115,89,57,52,5,5,4,1,82,63,19
JONES COUNTY,253,42 Years,306,210,96,178,103,75,43,41,2,4,2,2,81,64,17
JONES COUNTY,253,43 Years,286,199,87,172,102,70,42,41,1,3,1,2,69,55,14
JONES COUNTY,253,44 Years,300,212,88,179,111,68,43,40,3,5,3,2,73,58,15
JONES COUNTY,253,45 Years,293,198,95,175,104,71,44,41,3,4,2,2,70,51,19
JONES COUNTY,253,46 Years,327,220,107,200,121,79,43,38,5,6,4,2,78,57,21
JONES COUNTY,253,47 Years,342,223,119,220,130,90,36,32,4,5,2,3,81,59,22
JONES COUNTY,253,48 Years,339,218,121,219,125,94,40,37,3,4,2,2,76,54,22
JONES COUNTY,253,49 Years,331,213,118,218,123,95,41,38,3,3,1,2,69,51,18
JONES COUNTY,253,50 Years,332,196,136,213,112,101,53,47,6,5,3,2,61,34,27
JONES COUNTY,253,51 Years,319,190,129,210,112,98,43,40,3,2,1,1,64,37,27
JONES COUNTY,253,52 Years,304,200,104,215,136,79,35,29,6,6,5,1,48,30,18
JONES COUNTY,253,53 Years,260,153,107,185,102,83,30,22,8,4,2,2,41,27,14
JONES COUNTY,253,54 Years,274,155,119,188,101,87,27,21,6,3,1,2,56,32,24
JONES COUNTY,253,55 Years,275,150,125,196,98,98,19,15,4,3,2,1,57,35,22
JONES COUNTY,253,56 Years,265,140,125,202,103,99,8,6,2,7,3,4,48,28,20
JONES COUNTY,253,57 Years,262,140,122,199,99,100,19,14,5,5,2,3,39,25,14
JONES COUNTY,253,58 Years,240,132,108,182,96,86,28,21,7,1,1,0,29,14,15
JONES COUNTY,253,59 Years,239,127,112,177,88,89,13,10,3,4,2,2,45,27,18
JONES COUNTY,253,60 Years,228,131,97,170,94,76,12,9,3,5,3,2,41,25,16
JONES COUNTY,253,61 Years,212,118,94,171,97,74,6,5,1,6,2,4,29,14,15
JONES COUNTY,253,62 Years,213,119,94,168,88,80,12,10,2,4,1,3,29,20,9
JONES COUNTY,253,63 Years,233,115,118,185,90,95,10,8,2,2,2,0,36,15,21
JONES COUNTY,253,64 Years,228,126,102,190,105,85,5,3,2,2,1,1,31,17,14
JONES COUNTY,253,65 Years,178,98,80,142,80,62,2,0,2,3,1,2,31,17,14
JONES COUNTY,253,66 Years,168,90,78,137,71,66,4,4,0,2,1,1,25,14,11
JONES COUNTY,253,67 Years,185,79,106,141,56,85,7,3,4,2,0,2,35,20,15
JONES COUNTY,253,68 Years,181,89,92,146,70,76,5,2,3,2,0,2,28,17,11
JONES COUNTY,253,69 Years,150,76,74,128,64,64,5,2,3,2,1,1,15,9,6
JONES COUNTY,253,70 Years,160,77,83,133,64,69,8,3,5,3,2,1,16,8,8
JONES COUNTY,253,71 Years,157,77,80,128,66,62,2,0,2,5,3,2,22,8,14
JONES COUNTY,253,72 Years,135,68,67,109,52,57,6,4,2,1,1,0,19,11,8
JONES COUNTY,253,73 Years,139,69,70,116,57,59,4,2,2,3,2,1,16,8,8
JONES COUNTY,253,74 Years,135,61,74,114,54,60,5,3,2,2,1,1,14,3,11
JONES COUNTY,253,75 Years,120,52,68,105,47,58,6,3,3,0,0,0,9,2,7
JONES COUNTY,253,76 Years,107,45,62,86,40,46,3,0,3,1,1,0,17,4,13
JONES COUNTY,253,77 Years,95,33,62,76,28,48,4,0,4,3,1,2,12,4,8
JONES COUNTY,253,78 Years,89,38,51,75,32,43,2,1,1,3,1,2,9,4,5
JONES COUNTY,253,79 Years,102,39,63,85,32,53,4,3,1,2,0,2,11,4,7
JONES COUNTY,253,80 Years,81,35,46,68,28,40,5,3,2,1,0,1,7,4,3
JONES COUNTY,253,81 Years,83,32,51,71,28,43,2,0,2,1,0,1,9,4,5
JONES COUNTY,253,82 Years,73,25,48,59,21,38,1,0,1,1,0,1,12,4,8
JONES COUNTY,253,83 Years,76,34,42,67,29,38,2,1,1,0,0,0,7,4,3
JONES COUNTY,253,84 Years,73,36,37,66,31,35,1,1,0,1,1,0,5,3,2
JONES COUNTY,253,85 Years +,341,118,223,301,106,195,7,1,6,9,1,8,24,10,14
KARNES COUNTY,255,All Ages,15000,8936,6064,6016,3246,2770,1348,1250,98,140,70,70,7496,4370,3126
KARNES COUNTY,255,< 1 Year,141,74,67,40,21,19,3,2,1,0,0,0,98,51,47
KARNES COUNTY,255,1 Years,158,82,76,50,33,17,4,2,2,3,0,3,101,47,54
KARNES COUNTY,255,2 Years,154,78,76,38,25,13,4,1,3,3,2,1,109,50,59
KARNES COUNTY,255,3 Years,156,76,80,46,22,24,1,0,1,3,2,1,106,52,54
KARNES COUNTY,255,4 Years,172,87,85,50,26,24,5,4,1,4,2,2,113,55,58
KARNES COUNTY,255,5 Years,183,92,91,56,31,25,7,5,2,4,2,2,116,54,62
KARNES COUNTY,255,6 Years,156,81,75,49,29,20,5,5,0,2,1,1,100,46,54
KARNES COUNTY,255,7 Years,156,83,73,46,23,23,4,3,1,2,0,2,104,57,47
KARNES COUNTY,255,8 Years,176,95,81,63,30,33,1,0,1,4,3,1,108,62,46
KARNES COUNTY,255,9 Years,156,79,77,51,24,27,2,1,1,4,2,2,99,52,47
KARNES COUNTY,255,10 Years,167,77,90,57,25,32,1,0,1,4,3,1,105,49,56
KARNES COUNTY,255,11 Years,172,82,90,57,24,33,1,0,1,3,2,1,111,56,55
KARNES COUNTY,255,12 Years,169,86,83,57,28,29,4,2,2,3,2,1,105,54,51
KARNES COUNTY,255,13 Years,164,87,77,55,32,23,3,2,1,2,1,1,104,52,52
KARNES COUNTY,255,14 Years,172,90,82,68,35,33,1,0,1,0,0,0,103,55,48
KARNES COUNTY,255,15 Years,164,90,74,63,33,30,3,3,0,2,1,1,96,53,43
KARNES COUNTY,255,16 Years,167,89,78,65,34,31,4,2,2,2,2,0,96,51,45
KARNES COUNTY,255,17 Years,163,85,78,68,37,31,5,3,2,1,0,1,89,45,44
KARNES COUNTY,255,18 Years,177,95,82,68,38,30,6,4,2,1,0,1,102,53,49
KARNES COUNTY,255,19 Years,207,134,73,64,38,26,21,21,0,3,1,2,119,74,45
KARNES COUNTY,255,20 Years,211,138,73,59,33,26,29,29,0,0,0,0,123,76,47
KARNES COUNTY,255,21 Years,214,143,71,55,36,19,32,31,1,2,1,1,125,75,50
KARNES COUNTY,255,22 Years,219,164,55,49,33,16,37,36,1,2,1,1,131,94,37
KARNES COUNTY,255,23 Years,278,206,72,72,47,25,51,47,4,2,1,1,153,111,42
KARNES COUNTY,255,24 Years,257,192,65,67,40,27,57,56,1,1,0,1,132,96,36
KARNES COUNTY,255,25 Years,264,190,74,63,38,25,62,60,2,4,0,4,135,92,43
KARNES COUNTY,255,26 Years,269,207,62,66,43,23,59,57,2,3,2,1,141,105,36
KARNES COUNTY,255,27 Years,243,185,58,55,33,22,53,51,2,3,3,0,132,98,34
KARNES COUNTY,255,28 Years,227,172,55,61,40,21,49,48,1,4,4,0,113,80,33
KARNES COUNTY,255,29 Years,263,203,60,74,51,23,64,63,1,3,2,1,122,87,35
KARNES COUNTY,255,30 Years,264,197,67,76,52,24,49,47,2,1,0,1,138,98,40
KARNES COUNTY,255,31 Years,263,193,70,67,40,27,54,53,1,1,1,0,141,99,42
KARNES COUNTY,255,32 Years,234,169,65,58,34,24,37,36,1,1,0,1,138,99,39
KARNES COUNTY,255,33 Years,227,170,57,63,41,22,42,41,1,2,1,1,120,87,33
KARNES COUNTY,255,34 Years,219,157,62,49,29,20,48,47,1,2,2,0,120,79,41
KARNES COUNTY,255,35 Years,217,158,59,65,42,23,48,47,1,2,2,0,102,67,35
KARNES COUNTY,255,36 Years,223,165,58,59,40,19,38,37,1,0,0,0,126,88,38
KARNES COUNTY,255,37 Years,199,137,62,60,36,24,36,34,2,2,0,2,101,67,34
KARNES COUNTY,255,38 Years,176,115,61,53,34,19,25,24,1,3,2,1,95,55,40
KARNES COUNTY,255,39 Years,205,146,59,60,39,21,24,23,1,1,1,0,120,83,37
KARNES COUNTY,255,40 Years,206,139,67,77,46,31,27,27,0,0,0,0,102,66,36
KARNES COUNTY,255,41 Years,216,142,74,90,57,33,20,19,1,1,1,0,105,65,40
KARNES COUNTY,255,42 Years,187,130,57,55,30,25,26,24,2,2,1,1,104,75,29
KARNES COUNTY,255,43 Years,186,115,71,76,39,37,21,21,0,0,0,0,89,55,34
KARNES COUNTY,255,44 Years,189,118,71,68,32,36,23,23,0,4,4,0,94,59,35
KARNES COUNTY,255,45 Years,191,117,74,73,41,32,21,20,1,3,1,2,94,55,39
KARNES COUNTY,255,46 Years,238,146,92,105,59,46,24,23,1,4,0,4,105,64,41
KARNES COUNTY,255,47 Years,241,155,86,116,67,49,23,22,1,2,1,1,100,65,35
KARNES COUNTY,255,48 Years,219,143,76,104,64,40,21,21,0,4,3,1,90,55,35
KARNES COUNTY,255,49 Years,222,146,76,93,63,30,18,17,1,2,1,1,109,65,44
KARNES COUNTY,255,50 Years,220,142,78,93,59,34,19,17,2,2,1,1,106,65,41
KARNES COUNTY,255,51 Years,202,124,78,111,69,42,11,10,1,3,2,1,77,43,34
KARNES COUNTY,255,52 Years,200,112,88,100,53,47,10,8,2,2,1,1,88,50,38
KARNES COUNTY,255,53 Years,188,90,98,92,40,52,8,7,1,0,0,0,88,43,45
KARNES COUNTY,255,54 Years,211,112,99,103,51,52,8,5,3,3,0,3,97,56,41
KARNES COUNTY,255,55 Years,205,113,92,110,58,52,6,3,3,1,0,1,88,52,36
KARNES COUNTY,255,56 Years,192,96,96,102,55,47,7,4,3,0,0,0,83,37,46
KARNES COUNTY,255,57 Years,196,98,98,103,50,53,11,8,3,2,1,1,80,39,41
KARNES COUNTY,255,58 Years,204,108,96,112,55,57,8,7,1,2,0,2,82,46,36
KARNES COUNTY,255,59 Years,176,84,92,102,47,55,4,4,0,3,1,2,67,32,35
KARNES COUNTY,255,60 Years,163,82,81,92,47,45,3,3,0,2,1,1,66,31,35
KARNES COUNTY,255,61 Years,150,80,70,81,48,33,5,4,1,1,0,1,63,28,35
KARNES COUNTY,255,62 Years,150,82,68,90,52,38,2,1,1,0,0,0,58,29,29
KARNES COUNTY,255,63 Years,161,83,78,96,52,44,3,2,1,0,0,0,62,29,33
KARNES COUNTY,255,64 Years,165,88,77,101,55,46,4,3,1,0,0,0,60,30,30
KARNES COUNTY,255,65 Years,136,67,69,77,40,37,4,2,2,2,1,1,53,24,29
KARNES COUNTY,255,66 Years,108,51,57,56,26,30,4,3,1,0,0,0,48,22,26
KARNES COUNTY,255,67 Years,110,50,60,68,33,35,2,1,1,1,1,0,39,15,24
KARNES COUNTY,255,68 Years,101,52,49,62,33,29,2,1,1,0,0,0,37,18,19
KARNES COUNTY,255,69 Years,98,49,49,58,28,30,3,2,1,0,0,0,37,19,18
KARNES COUNTY,255,70 Years,104,53,51,64,33,31,1,1,0,0,0,0,39,19,20
KARNES COUNTY,255,71 Years,91,42,49,58,30,28,0,0,0,1,0,1,32,12,20
KARNES COUNTY,255,72 Years,103,51,52,64,32,32,3,2,1,2,0,2,34,17,17
KARNES COUNTY,255,73 Years,104,47,57,62,28,34,1,0,1,1,0,1,40,19,21
KARNES COUNTY,255,74 Years,95,49,46,59,26,33,2,2,0,0,0,0,34,21,13
KARNES COUNTY,255,75 Years,97,42,55,66,30,36,1,0,1,0,0,0,30,12,18
KARNES COUNTY,255,76 Years,94,37,57,56,25,31,1,0,1,0,0,0,37,12,25
KARNES COUNTY,255,77 Years,88,34,54,51,22,29,0,0,0,1,0,1,36,12,24
KARNES COUNTY,255,78 Years,93,42,51,60,27,33,1,1,0,0,0,0,32,14,18
KARNES COUNTY,255,79 Years,75,36,39,49,23,26,0,0,0,0,0,0,26,13,13
KARNES COUNTY,255,80 Years,76,29,47,50,16,34,1,1,0,0,0,0,25,12,13
KARNES COUNTY,255,81 Years,82,37,45,56,23,33,1,1,0,0,0,0,25,13,12
KARNES COUNTY,255,82 Years,62,33,29,40,21,19,1,0,1,0,0,0,21,12,9
KARNES COUNTY,255,83 Years,54,20,34,39,14,25,1,0,1,0,0,0,14,6,8
KARNES COUNTY,255,84 Years,63,19,44,43,12,31,0,0,0,0,0,0,20,7,13
KARNES COUNTY,255,85 Years +,286,102,184,191,66,125,7,3,4,0,0,0,88,33,55
KAUFMAN COUNTY,257,All Ages,105343,51826,53517,72922,35730,37192,10856,5176,5680,3020,1427,1593,18545,9493,9052
KAUFMAN COUNTY,257,< 1 Year,1402,712,690,868,443,425,131,65,66,41,19,22,362,185,177
KAUFMAN COUNTY,257,1 Years,1400,706,694,828,413,415,140,69,71,52,27,25,380,197,183
KAUFMAN COUNTY,257,2 Years,1431,712,719,835,409,426,140,73,67,59,27,32,397,203,194
KAUFMAN COUNTY,257,3 Years,1553,747,806,924,425,499,156,79,77,71,32,39,402,211,191
KAUFMAN COUNTY,257,4 Years,1589,793,796,968,477,491,163,87,76,74,35,39,384,194,190
KAUFMAN COUNTY,257,5 Years,1662,828,834,991,501,490,148,70,78,78,39,39,445,218,227
KAUFMAN COUNTY,257,6 Years,1636,837,799,952,486,466,169,85,84,81,40,41,434,226,208
KAUFMAN COUNTY,257,7 Years,1660,866,794,966,515,451,166,83,83,69,36,33,459,232,227
KAUFMAN COUNTY,257,8 Years,1664,855,809,982,505,477,160,86,74,68,34,34,454,230,224
KAUFMAN COUNTY,257,9 Years,1729,870,859,1042,519,523,168,79,89,72,37,35,447,235,212
KAUFMAN COUNTY,257,10 Years,1830,931,899,1111,573,538,182,84,98,76,38,38,461,236,225
KAUFMAN COUNTY,257,11 Years,1817,947,870,1096,566,530,173,83,90,71,40,31,477,258,219
KAUFMAN COUNTY,257,12 Years,1773,922,851,1100,564,536,183,98,85,59,31,28,431,229,202
KAUFMAN COUNTY,257,13 Years,1773,934,839,1079,579,500,168,91,77,67,35,32,459,229,230
KAUFMAN COUNTY,257,14 Years,1767,942,825,1103,584,519,187,104,83,58,29,29,419,225,194
KAUFMAN COUNTY,257,15 Years,1760,921,839,1093,577,516,198,99,99,55,24,31,414,221,193
KAUFMAN COUNTY,257,16 Years,1726,926,800,1074,587,487,211,105,106,60,28,32,381,206,175
KAUFMAN COUNTY,257,17 Years,1697,866,831,1039,538,501,208,103,105,57,28,29,393,197,196
KAUFMAN COUNTY,257,18 Years,1605,808,797,975,500,475,200,95,105,56,28,28,374,185,189
KAUFMAN COUNTY,257,19 Years,1402,709,693,847,442,405,211,104,107,40,19,21,304,144,160
KAUFMAN COUNTY,257,20 Years,1203,626,577,700,376,324,189,87,102,40,22,18,274,141,133
KAUFMAN COUNTY,257,21 Years,1115,579,536,654,354,300,172,79,93,33,17,16,256,129,127
KAUFMAN COUNTY,257,22 Years,1049,526,523,617,310,307,140,67,73,30,18,12,262,131,131
KAUFMAN COUNTY,257,23 Years,1025,499,526,649,304,345,103,54,49,30,15,15,243,126,117
KAUFMAN COUNTY,257,24 Years,1116,556,560,733,353,380,114,61,53,37,15,22,232,127,105
KAUFMAN COUNTY,257,25 Years,1163,572,591,748,359,389,128,59,69,33,15,18,254,139,115
KAUFMAN COUNTY,257,26 Years,1157,556,601,743,363,380,130,62,68,29,12,17,255,119,136
KAUFMAN COUNTY,257,27 Years,1191,573,618,788,378,410,123,54,69,31,15,16,249,126,123
KAUFMAN COUNTY,257,28 Years,1282,612,670,825,385,440,128,60,68,35,15,20,294,152,142
KAUFMAN COUNTY,257,29 Years,1283,608,675,837,391,446,136,70,66,35,12,23,275,135,140
KAUFMAN COUNTY,257,30 Years,1396,658,738,938,435,503,126,65,61,33,16,17,299,142,157
KAUFMAN COUNTY,257,31 Years,1418,680,738,959,451,508,111,55,56,32,14,18,316,160,156
KAUFMAN COUNTY,257,32 Years,1419,686,733,963,467,496,118,54,64,33,14,19,305,151,154
KAUFMAN COUNTY,257,33 Years,1452,710,742,964,471,493,142,71,71,31,14,17,315,154,161
KAUFMAN COUNTY,257,34 Years,1420,698,722,927,460,467,132,59,73,38,16,22,323,163,160
KAUFMAN COUNTY,257,35 Years,1487,722,765,995,493,502,139,54,85,38,16,22,315,159,156
KAUFMAN COUNTY,257,36 Years,1541,762,779,1023,513,510,155,69,86,34,12,22,329,168,161
KAUFMAN COUNTY,257,37 Years,1516,736,780,1025,499,526,155,74,81,38,17,21,298,146,152
KAUFMAN COUNTY,257,38 Years,1508,724,784,1005,483,522,169,81,88,43,16,27,291,144,147
KAUFMAN COUNTY,257,39 Years,1571,746,825,1070,508,562,172,84,88,38,18,20,291,136,155
KAUFMAN COUNTY,257,40 Years,1604,775,829,1115,545,570,170,76,94,37,18,19,282,136,146
KAUFMAN COUNTY,257,41 Years,1615,805,810,1120,562,558,176,85,91,46,23,23,273,135,138
KAUFMAN COUNTY,257,42 Years,1547,749,798,1055,507,548,171,82,89,47,24,23,274,136,138
KAUFMAN COUNTY,257,43 Years,1458,730,728,1005,497,508,163,78,85,38,18,20,252,137,115
KAUFMAN COUNTY,257,44 Years,1485,731,754,1044,500,544,167,83,84,32,17,15,242,131,111
KAUFMAN COUNTY,257,45 Years,1466,699,767,1025,481,544,195,94,101,31,12,19,215,112,103
KAUFMAN COUNTY,257,46 Years,1511,730,781,1053,509,544,189,87,102,39,18,21,230,116,114
KAUFMAN COUNTY,257,47 Years,1595,780,815,1149,561,588,182,81,101,40,21,19,224,117,107
KAUFMAN COUNTY,257,48 Years,1562,767,795,1151,562,589,160,72,88,32,15,17,219,118,101
KAUFMAN COUNTY,257,49 Years,1528,770,758,1143,582,561,162,73,89,31,11,20,192,104,88
KAUFMAN COUNTY,257,50 Years,1562,782,780,1184,598,586,156,69,87,38,17,21,184,98,86
KAUFMAN COUNTY,257,51 Years,1598,795,803,1229,606,623,154,71,83,42,24,18,173,94,79
KAUFMAN COUNTY,257,52 Years,1512,752,760,1184,576,608,148,71,77,39,21,18,141,84,57
KAUFMAN COUNTY,257,53 Years,1539,763,776,1219,606,613,162,72,90,37,20,17,121,65,56
KAUFMAN COUNTY,257,54 Years,1449,726,723,1155,574,581,143,72,71,34,14,20,117,66,51
KAUFMAN COUNTY,257,55 Years,1382,679,703,1071,519,552,140,69,71,42,20,22,129,71,58
KAUFMAN COUNTY,257,56 Years,1372,668,704,1080,526,554,129,57,72,38,19,19,125,66,59
KAUFMAN COUNTY,257,57 Years,1312,661,651,1050,526,524,121,58,63,30,15,15,111,62,49
KAUFMAN COUNTY,257,58 Years,1295,655,640,1038,521,517,121,60,61,32,16,16,104,58,46
KAUFMAN COUNTY,257,59 Years,1202,582,620,972,472,500,115,57,58,27,12,15,88,41,47
KAUFMAN COUNTY,257,60 Years,1116,543,573,887,425,462,119,62,57,26,13,13,84,43,41
KAUFMAN COUNTY,257,61 Years,1119,531,588,907,431,476,114,54,60,28,11,17,70,35,35
KAUFMAN COUNTY,257,62 Years,1087,546,541,891,452,439,103,50,53,25,13,12,68,31,37
KAUFMAN COUNTY,257,63 Years,1053,521,532,853,428,425,103,44,59,18,7,11,79,42,37
KAUFMAN COUNTY,257,64 Years,998,488,510,829,411,418,93,39,54,20,8,12,56,30,26
KAUFMAN COUNTY,257,65 Years,897,428,469,727,358,369,86,35,51,23,7,16,61,28,33
KAUFMAN COUNTY,257,66 Years,838,381,457,681,315,366,77,32,45,23,8,15,57,26,31
KAUFMAN COUNTY,257,67 Years,791,370,421,647,302,345,72,34,38,18,7,11,54,27,27
KAUFMAN COUNTY,257,68 Years,771,352,419,651,293,358,61,31,30,17,9,8,42,19,23
KAUFMAN COUNTY,257,69 Years,724,338,386,610,288,322,60,31,29,17,6,11,37,13,24
KAUFMAN COUNTY,257,70 Years,671,323,348,562,275,287,60,27,33,17,4,13,32,17,15
KAUFMAN COUNTY,257,71 Years,608,304,304,514,258,256,59,25,34,12,8,4,23,13,10
KAUFMAN COUNTY,257,72 Years,583,283,300,494,239,255,53,24,29,8,3,5,28,17,11
KAUFMAN COUNTY,257,73 Years,494,230,264,415,193,222,43,20,23,8,3,5,28,14,14
KAUFMAN COUNTY,257,74 Years,455,217,238,372,179,193,41,16,25,11,7,4,31,15,16
KAUFMAN COUNTY,257,75 Years,423,202,221,362,175,187,34,14,20,10,3,7,17,10,7
KAUFMAN COUNTY,257,76 Years,421,185,236,367,156,211,28,13,15,11,5,6,15,11,4
KAUFMAN COUNTY,257,77 Years,379,167,212,336,146,190,26,11,15,6,4,2,11,6,5
KAUFMAN COUNTY,257,78 Years,379,163,216,329,142,187,34,14,20,3,1,2,13,6,7
KAUFMAN COUNTY,257,79 Years,333,140,193,290,126,164,29,11,18,4,0,4,10,3,7
KAUFMAN COUNTY,257,80 Years,320,126,194,281,112,169,23,10,13,2,0,2,14,4,10
KAUFMAN COUNTY,257,81 Years,283,109,174,261,103,158,13,4,9,1,0,1,8,2,6
KAUFMAN COUNTY,257,82 Years,245,90,155,217,83,134,16,4,12,3,0,3,9,3,6
KAUFMAN COUNTY,257,83 Years,228,85,143,197,73,124,17,4,13,4,2,2,10,6,4
KAUFMAN COUNTY,257,84 Years,204,81,123,175,67,108,21,9,12,3,1,2,5,4,1
KAUFMAN COUNTY,257,85 Years +,1141,363,778,989,314,675,103,30,73,15,7,8,34,12,22
KENDALL COUNTY,259,All Ages,34622,16911,17711,26542,12803,13739,140,79,61,721,344,377,7219,3685,3534
KENDALL COUNTY,259,< 1 Year,337,172,165,207,104,103,1,1,0,7,3,4,122,64,58
KENDALL COUNTY,259,1 Years,341,170,171,213,107,106,1,1,0,6,4,2,121,58,63
KENDALL COUNTY,259,2 Years,333,166,167,207,104,103,0,0,0,10,5,5,116,57,59
KENDALL COUNTY,259,3 Years,366,191,175,229,122,107,0,0,0,6,3,3,131,66,65
KENDALL COUNTY,259,4 Years,352,184,168,231,124,107,1,1,0,6,3,3,114,56,58
KENDALL COUNTY,259,5 Years,389,190,199,255,125,130,2,1,1,7,2,5,125,62,63
KENDALL COUNTY,259,6 Years,431,201,230,275,130,145,1,0,1,16,4,12,139,67,72
KENDALL COUNTY,259,7 Years,431,223,208,301,150,151,2,1,1,10,6,4,118,66,52
KENDALL COUNTY,259,8 Years,436,216,220,302,149,153,3,1,2,6,2,4,125,64,61
KENDALL COUNTY,259,9 Years,468,249,219,313,163,150,2,1,1,15,5,10,138,80,58
KENDALL COUNTY,259,10 Years,500,261,239,336,174,162,1,0,1,14,6,8,149,81,68
KENDALL COUNTY,259,11 Years,529,263,266,365,179,186,3,2,1,10,5,5,151,77,74
KENDALL COUNTY,259,12 Years,531,288,243,365,192,173,3,2,1,11,7,4,152,87,65
KENDALL COUNTY,259,13 Years,532,282,250,367,194,173,3,2,1,21,8,13,141,78,63
KENDALL COUNTY,259,14 Years,538,284,254,355,186,169,4,2,2,20,8,12,159,88,71
KENDALL COUNTY,259,15 Years,585,310,275,400,205,195,4,2,2,15,9,6,166,94,72
KENDALL COUNTY,259,16 Years,571,273,298,390,190,200,6,3,3,17,8,9,158,72,86
KENDALL COUNTY,259,17 Years,517,250,267,352,169,183,1,0,1,16,10,6,148,71,77
KENDALL COUNTY,259,18 Years,509,251,258,344,173,171,5,3,2,11,7,4,149,68,81
KENDALL COUNTY,259,19 Years,436,217,219,298,155,143,2,1,1,10,4,6,126,57,69
KENDALL COUNTY,259,20 Years,369,193,176,235,122,113,1,0,1,9,5,4,124,66,58
KENDALL COUNTY,259,21 Years,308,175,133,204,119,85,1,0,1,5,4,1,98,52,46
KENDALL COUNTY,259,22 Years,294,169,125,192,115,77,1,0,1,10,7,3,91,47,44
KENDALL COUNTY,259,23 Years,287,150,137,187,93,94,2,2,0,8,5,3,90,50,40
KENDALL COUNTY,259,24 Years,268,140,128,161,85,76,3,3,0,6,4,2,98,48,50
KENDALL COUNTY,259,25 Years,292,159,133,191,108,83,0,0,0,5,3,2,96,48,48
KENDALL COUNTY,259,26 Years,268,146,122,166,84,82,1,0,1,4,3,1,97,59,38
KENDALL COUNTY,259,27 Years,256,131,125,162,80,82,1,0,1,2,1,1,91,50,41
KENDALL COUNTY,259,28 Years,272,140,132,176,88,88,1,1,0,3,2,1,92,49,43
KENDALL COUNTY,259,29 Years,273,140,133,178,87,91,0,0,0,7,2,5,88,51,37
KENDALL COUNTY,259,30 Years,284,144,140,178,88,90,0,0,0,5,1,4,101,55,46
KENDALL COUNTY,259,31 Years,282,139,143,190,89,101,0,0,0,4,2,2,88,48,40
KENDALL COUNTY,259,32 Years,298,136,162,192,85,107,2,0,2,8,3,5,96,48,48
KENDALL COUNTY,259,33 Years,304,145,159,206,93,113,3,2,1,6,4,2,89,46,43
KENDALL COUNTY,259,34 Years,314,159,155,214,107,107,1,0,1,7,3,4,92,49,43
KENDALL COUNTY,259,35 Years,338,178,160,227,117,110,0,0,0,7,3,4,104,58,46
KENDALL COUNTY,259,36 Years,362,182,180,253,125,128,2,2,0,8,4,4,99,51,48
KENDALL COUNTY,259,37 Years,358,177,181,257,127,130,1,1,0,8,5,3,92,44,48
KENDALL COUNTY,259,38 Years,371,179,192,259,125,134,1,1,0,4,2,2,107,51,56
KENDALL COUNTY,259,39 Years,395,191,204,284,133,151,0,0,0,9,2,7,102,56,46
KENDALL COUNTY,259,40 Years,439,193,246,335,145,190,2,1,1,9,3,6,93,44,49
KENDALL COUNTY,259,41 Years,438,200,238,337,155,182,3,1,2,12,5,7,86,39,47
KENDALL COUNTY,259,42 Years,428,205,223,335,160,175,1,1,0,10,5,5,82,39,43
KENDALL COUNTY,259,43 Years,445,199,246,329,144,185,2,1,1,12,6,6,102,48,54
KENDALL COUNTY,259,44 Years,465,219,246,344,163,181,2,2,0,13,7,6,106,47,59
KENDALL COUNTY,259,45 Years,473,238,235,355,180,175,1,1,0,11,5,6,106,52,54
KENDALL COUNTY,259,46 Years,573,273,300,445,212,233,2,1,1,10,4,6,116,56,60
KENDALL COUNTY,259,47 Years,596,293,303,454,218,236,2,2,0,15,8,7,125,65,60
KENDALL COUNTY,259,48 Years,582,278,304,469,221,248,3,2,1,15,6,9,95,49,46
KENDALL COUNTY,259,49 Years,604,268,336,483,211,272,5,2,3,9,2,7,107,53,54
KENDALL COUNTY,259,50 Years,591,273,318,478,217,261,2,0,2,10,3,7,101,53,48
KENDALL COUNTY,259,51 Years,585,277,308,474,223,251,1,0,1,11,4,7,99,50,49
KENDALL COUNTY,259,52 Years,570,269,301,481,227,254,2,2,0,12,5,7,75,35,40
KENDALL COUNTY,259,53 Years,582,282,300,491,227,264,3,2,1,12,8,4,76,45,31
KENDALL COUNTY,259,54 Years,586,292,294,492,242,250,4,2,2,10,7,3,80,41,39
KENDALL COUNTY,259,55 Years,529,241,288,450,202,248,2,0,2,9,3,6,68,36,32
KENDALL COUNTY,259,56 Years,561,260,301,484,218,266,1,0,1,14,10,4,62,32,30
KENDALL COUNTY,259,57 Years,580,286,294,502,242,260,1,1,0,11,8,3,66,35,31
KENDALL COUNTY,259,58 Years,535,264,271,463,226,237,3,2,1,8,5,3,61,31,30
KENDALL COUNTY,259,59 Years,509,236,273,439,198,241,3,3,0,9,5,4,58,30,28
KENDALL COUNTY,259,60 Years,534,257,277,462,216,246,7,5,2,7,2,5,58,34,24
KENDALL COUNTY,259,61 Years,524,252,272,451,213,238,4,3,1,9,2,7,60,34,26
KENDALL COUNTY,259,62 Years,511,258,253,442,225,217,3,2,1,7,2,5,59,29,30
KENDALL COUNTY,259,63 Years,530,263,267,463,230,233,2,1,1,7,3,4,58,29,29
KENDALL COUNTY,259,64 Years,550,268,282,495,245,250,2,1,1,7,2,5,46,20,26
KENDALL COUNTY,259,65 Years,450,225,225,404,203,201,2,1,1,7,3,4,37,18,19
KENDALL COUNTY,259,66 Years,437,215,222,389,190,199,1,1,0,11,7,4,36,17,19
KENDALL COUNTY,259,67 Years,425,213,212,385,198,187,0,0,0,9,4,5,31,11,20
KENDALL COUNTY,259,68 Years,403,195,208,361,175,186,1,1,0,10,4,6,31,15,16
KENDALL COUNTY,259,69 Years,367,182,185,320,159,161,1,1,0,7,4,3,39,18,21
KENDALL COUNTY,259,70 Years,323,149,174,284,132,152,0,0,0,3,2,1,36,15,21
KENDALL COUNTY,259,71 Years,284,128,156,250,113,137,1,0,1,3,1,2,30,14,16
KENDALL COUNTY,259,72 Years,287,145,142,261,133,128,1,0,1,3,2,1,22,10,12
KENDALL COUNTY,259,73 Years,258,142,116,229,123,106,1,0,1,4,2,2,24,17,7
KENDALL COUNTY,259,74 Years,253,129,124,226,116,110,0,0,0,6,2,4,21,11,10
KENDALL COUNTY,259,75 Years,228,107,121,206,96,110,0,0,0,7,3,4,15,8,7
KENDALL COUNTY,259,76 Years,201,97,104,179,90,89,0,0,0,6,2,4,16,5,11
KENDALL COUNTY,259,77 Years,207,110,97,176,95,81,1,1,0,7,4,3,23,10,13
KENDALL COUNTY,259,78 Years,196,91,105,171,78,93,0,0,0,7,3,4,18,10,8
KENDALL COUNTY,259,79 Years,163,86,77,149,78,71,0,0,0,2,1,1,12,7,5
KENDALL COUNTY,259,80 Years,149,68,81,137,62,75,0,0,0,1,0,1,11,6,5
KENDALL COUNTY,259,81 Years,157,61,96,141,56,85,1,0,1,3,2,1,12,3,9
KENDALL COUNTY,259,82 Years,160,57,103,148,53,95,0,0,0,1,1,0,11,3,8
KENDALL COUNTY,259,83 Years,145,58,87,132,55,77,0,0,0,1,0,1,12,3,9
KENDALL COUNTY,259,84 Years,132,54,78,123,51,72,0,0,0,1,1,0,8,2,6
KENDALL COUNTY,259,85 Years +,752,241,511,701,222,479,1,0,1,4,2,2,46,17,29
KENEDY COUNTY,261,All Ages,428,215,213,89,40,49,1,0,1,9,3,6,329,172,157
KENEDY COUNTY,261,< 1 Year,5,3,2,1,1,0,0,0,0,0,0,0,4,2,2
KENEDY COUNTY,261,1 Years,8,4,4,3,1,2,0,0,0,1,1,0,4,2,2
KENEDY COUNTY,261,2 Years,7,4,3,3,0,3,0,0,0,1,1,0,3,3,0
KENEDY COUNTY,261,3 Years,6,3,3,2,0,2,0,0,0,1,0,1,3,3,0
KENEDY COUNTY,261,4 Years,3,3,0,0,0,0,0,0,0,0,0,0,3,3,0
KENEDY COUNTY,261,5 Years,4,3,1,1,0,1,0,0,0,0,0,0,3,3,0
KENEDY COUNTY,261,6 Years,4,1,3,0,0,0,0,0,0,0,0,0,4,1,3
KENEDY COUNTY,261,7 Years,4,1,3,0,0,0,0,0,0,0,0,0,4,1,3
KENEDY COUNTY,261,8 Years,3,2,1,0,0,0,0,0,0,0,0,0,3,2,1
KENEDY COUNTY,261,9 Years,4,3,1,1,1,0,0,0,0,0,0,0,3,2,1
KENEDY COUNTY,261,10 Years,6,2,4,2,0,2,0,0,0,0,0,0,4,2,2
KENEDY COUNTY,261,11 Years,5,3,2,0,0,0,0,0,0,0,0,0,5,3,2
KENEDY COUNTY,261,12 Years,8,4,4,2,1,1,0,0,0,0,0,0,6,3,3
KENEDY COUNTY,261,13 Years,7,4,3,1,1,0,0,0,0,0,0,0,6,3,3
KENEDY COUNTY,261,14 Years,7,4,3,0,0,0,0,0,0,1,0,1,6,4,2
KENEDY COUNTY,261,15 Years,5,3,2,1,0,1,0,0,0,0,0,0,4,3,1
KENEDY COUNTY,261,16 Years,5,3,2,1,0,1,0,0,0,1,1,0,3,2,1
KENEDY COUNTY,261,17 Years,6,3,3,1,0,1,0,0,0,1,0,1,4,3,1
KENEDY COUNTY,261,18 Years,10,6,4,3,1,2,0,0,0,1,0,1,6,5,1
KENEDY COUNTY,261,19 Years,8,4,4,2,1,1,0,0,0,0,0,0,6,3,3
KENEDY COUNTY,261,20 Years,2,1,1,0,0,0,0,0,0,0,0,0,2,1,1
KENEDY COUNTY,261,21 Years,4,1,3,1,1,0,0,0,0,0,0,0,3,0,3
KENEDY COUNTY,261,22 Years,6,1,5,1,1,0,1,0,1,0,0,0,4,0,4
KENEDY COUNTY,261,23 Years,4,2,2,1,0,1,0,0,0,0,0,0,3,2,1
KENEDY COUNTY,261,24 Years,13,6,7,1,0,1,0,0,0,0,0,0,12,6,6
KENEDY COUNTY,261,25 Years,7,3,4,2,0,2,0,0,0,0,0,0,5,3,2
KENEDY COUNTY,261,26 Years,4,2,2,2,0,2,0,0,0,0,0,0,2,2,0
KENEDY COUNTY,261,27 Years,6,5,1,3,2,1,0,0,0,0,0,0,3,3,0
KENEDY COUNTY,261,28 Years,2,1,1,2,1,1,0,0,0,0,0,0,0,0,0
KENEDY COUNTY,261,29 Years,5,3,2,1,1,0,0,0,0,0,0,0,4,2,2
KENEDY COUNTY,261,30 Years,10,5,5,3,2,1,0,0,0,0,0,0,7,3,4
KENEDY COUNTY,261,31 Years,4,0,4,1,0,1,0,0,0,0,0,0,3,0,3
KENEDY COUNTY,261,32 Years,3,0,3,0,0,0,0,0,0,0,0,0,3,0,3
KENEDY COUNTY,261,33 Years,4,1,3,1,0,1,0,0,0,0,0,0,3,1,2
KENEDY COUNTY,261,34 Years,3,1,2,1,0,1,0,0,0,0,0,0,2,1,1
KENEDY COUNTY,261,35 Years,3,2,1,1,0,1,0,0,0,0,0,0,2,2,0
KENEDY COUNTY,261,36 Years,2,2,0,1,1,0,0,0,0,0,0,0,1,1,0
KENEDY COUNTY,261,37 Years,3,3,0,1,1,0,0,0,0,0,0,0,2,2,0
KENEDY COUNTY,261,38 Years,4,1,3,1,0,1,0,0,0,0,0,0,3,1,2
KENEDY COUNTY,261,39 Years,3,2,1,2,2,0,0,0,0,0,0,0,1,0,1
KENEDY COUNTY,261,40 Years,3,1,2,1,1,0,0,0,0,0,0,0,2,0,2
KENEDY COUNTY,261,41 Years,5,4,1,2,2,0,0,0,0,0,0,0,3,2,1
KENEDY COUNTY,261,42 Years,5,2,3,1,0,1,0,0,0,0,0,0,4,2,2
KENEDY COUNTY,261,43 Years,8,4,4,1,0,1,0,0,0,0,0,0,7,4,3
KENEDY COUNTY,261,44 Years,9,3,6,0,0,0,0,0,0,0,0,0,9,3,6
KENEDY COUNTY,261,45 Years,4,3,1,0,0,0,0,0,0,0,0,0,4,3,1
KENEDY COUNTY,261,46 Years,5,2,3,0,0,0,0,0,0,0,0,0,5,2,3
KENEDY COUNTY,261,47 Years,10,4,6,2,0,2,0,0,0,1,0,1,7,4,3
KENEDY COUNTY,261,48 Years,5,2,3,1,0,1,0,0,0,0,0,0,4,2,2
KENEDY COUNTY,261,49 Years,7,3,4,0,0,0,0,0,0,0,0,0,7,3,4
KENEDY COUNTY,261,50 Years,6,4,2,1,1,0,0,0,0,0,0,0,5,3,2
KENEDY COUNTY,261,51 Years,5,3,2,0,0,0,0,0,0,0,0,0,5,3,2
KENEDY COUNTY,261,52 Years,8,4,4,1,0,1,0,0,0,0,0,0,7,4,3
KENEDY COUNTY,261,53 Years,7,3,4,0,0,0,0,0,0,0,0,0,7,3,4
KENEDY COUNTY,261,54 Years,4,1,3,1,0,1,0,0,0,0,0,0,3,1,2
KENEDY COUNTY,261,55 Years,7,5,2,2,1,1,0,0,0,0,0,0,5,4,1
KENEDY COUNTY,261,56 Years,6,4,2,3,2,1,0,0,0,0,0,0,3,2,1
KENEDY COUNTY,261,57 Years,8,6,2,2,1,1,0,0,0,0,0,0,6,5,1
KENEDY COUNTY,261,58 Years,8,4,4,1,0,1,0,0,0,0,0,0,7,4,3
KENEDY COUNTY,261,59 Years,5,3,2,2,1,1,0,0,0,0,0,0,3,2,1
KENEDY COUNTY,261,60 Years,2,1,1,1,1,0,0,0,0,0,0,0,1,0,1
KENEDY COUNTY,261,61 Years,2,2,0,1,1,0,0,0,0,0,0,0,1,1,0
KENEDY COUNTY,261,62 Years,6,5,1,1,1,0,0,0,0,0,0,0,5,4,1
KENEDY COUNTY,261,63 Years,7,3,4,1,1,0,0,0,0,0,0,0,6,2,4
KENEDY COUNTY,261,64 Years,10,4,6,2,2,0,0,0,0,0,0,0,8,2,6
KENEDY COUNTY,261,65 Years,8,4,4,1,1,0,0,0,0,0,0,0,7,3,4
KENEDY COUNTY,261,66 Years,3,2,1,0,0,0,0,0,0,0,0,0,3,2,1
KENEDY COUNTY,261,67 Years,3,2,1,1,1,0,0,0,0,0,0,0,2,1,1
KENEDY COUNTY,261,68 Years,1,1,0,0,0,0,0,0,0,0,0,0,1,1,0
KENEDY COUNTY,261,69 Years,2,2,0,0,0,0,0,0,0,0,0,0,2,2,0
KENEDY COUNTY,261,70 Years,4,1,3,0,0,0,0,0,0,0,0,0,4,1,3
KENEDY COUNTY,261,71 Years,4,1,3,1,0,1,0,0,0,0,0,0,3,1,2
KENEDY COUNTY,261,72 Years,3,0,3,0,0,0,0,0,0,0,0,0,3,0,3
KENEDY COUNTY,261,73 Years,2,1,1,0,0,0,0,0,0,0,0,0,2,1,1
KENEDY COUNTY,261,74 Years,5,5,0,1,1,0,0,0,0,0,0,0,4,4,0
KENEDY COUNTY,261,75 Years,3,2,1,1,1,0,0,0,0,0,0,0,2,1,1
KENEDY COUNTY,261,76 Years,1,0,1,0,0,0,0,0,0,0,0,0,1,0,1
KENEDY COUNTY,261,77 Years,2,1,1,0,0,0,0,0,0,0,0,0,2,1,1
KENEDY COUNTY,261,78 Years,1,1,0,0,0,0,0,0,0,0,0,0,1,1,0
KENEDY COUNTY,261,79 Years,2,0,2,1,0,1,0,0,0,1,0,1,0,0,0
KENEDY COUNTY,261,80 Years,3,1,2,1,1,0,0,0,0,0,0,0,2,0,2
KENEDY COUNTY,261,81 Years,2,0,2,1,0,1,0,0,0,0,0,0,1,0,1
KENEDY COUNTY,261,82 Years,2,0,2,0,0,0,0,0,0,0,0,0,2,0,2
KENEDY COUNTY,261,83 Years,4,2,2,1,1,0,0,0,0,0,0,0,3,1,2
KENEDY COUNTY,261,84 Years,3,1,2,0,0,0,0,0,0,0,0,0,3,1,2
KENEDY COUNTY,261,85 Years +,11,3,8,3,0,3,0,0,0,0,0,0,8,3,5
KENT COUNTY,263,All Ages,809,391,418,670,318,352,7,1,6,11,5,6,121,67,54
KENT COUNTY,263,< 1 Year,6,4,2,5,3,2,0,0,0,0,0,0,1,1,0
KENT COUNTY,263,1 Years,8,4,4,6,3,3,1,1,0,0,0,0,1,0,1
KENT COUNTY,263,2 Years,9,6,3,5,3,2,0,0,0,0,0,0,4,3,1
KENT COUNTY,263,3 Years,8,5,3,6,4,2,0,0,0,0,0,0,2,1,1
KENT COUNTY,263,4 Years,7,5,2,5,3,2,0,0,0,0,0,0,2,2,0
KENT COUNTY,263,5 Years,6,3,3,3,2,1,0,0,0,0,0,0,3,1,2
KENT COUNTY,263,6 Years,8,5,3,6,4,2,0,0,0,0,0,0,2,1,1
KENT COUNTY,263,7 Years,11,6,5,9,4,5,0,0,0,0,0,0,2,2,0
KENT COUNTY,263,8 Years,10,4,6,8,3,5,0,0,0,0,0,0,2,1,1
KENT COUNTY,263,9 Years,15,9,6,11,7,4,0,0,0,0,0,0,4,2,2
KENT COUNTY,263,10 Years,12,6,6,7,4,3,0,0,0,0,0,0,5,2,3
KENT COUNTY,263,11 Years,12,8,4,6,3,3,0,0,0,0,0,0,6,5,1
KENT COUNTY,263,12 Years,10,5,5,6,3,3,0,0,0,0,0,0,4,2,2
KENT COUNTY,263,13 Years,11,5,6,7,4,3,0,0,0,1,0,1,3,1,2
KENT COUNTY,263,14 Years,11,4,7,9,4,5,0,0,0,0,0,0,2,0,2
KENT COUNTY,263,15 Years,14,7,7,12,7,5,0,0,0,0,0,0,2,0,2
KENT COUNTY,263,16 Years,14,7,7,11,6,5,0,0,0,1,1,0,2,0,2
KENT COUNTY,263,17 Years,8,5,3,6,3,3,0,0,0,0,0,0,2,2,0
KENT COUNTY,263,18 Years,11,5,6,9,4,5,0,0,0,1,1,0,1,0,1
KENT COUNTY,263,19 Years,9,4,5,7,3,4,0,0,0,0,0,0,2,1,1
KENT COUNTY,263,20 Years,8,4,4,7,4,3,0,0,0,0,0,0,1,0,1
KENT COUNTY,263,21 Years,4,1,3,3,1,2,0,0,0,0,0,0,1,0,1
KENT COUNTY,263,22 Years,3,3,0,3,3,0,0,0,0,0,0,0,0,0,0
KENT COUNTY,263,23 Years,5,2,3,5,2,3,0,0,0,0,0,0,0,0,0
KENT COUNTY,263,24 Years,5,1,4,4,1,3,0,0,0,0,0,0,1,0,1
KENT COUNTY,263,25 Years,6,4,2,5,3,2,0,0,0,1,1,0,0,0,0
KENT COUNTY,263,26 Years,7,5,2,6,4,2,0,0,0,0,0,0,1,1,0
KENT COUNTY,263,27 Years,5,4,1,4,3,1,0,0,0,0,0,0,1,1,0
KENT COUNTY,263,28 Years,7,2,5,7,2,5,0,0,0,0,0,0,0,0,0
KENT COUNTY,263,29 Years,6,2,4,6,2,4,0,0,0,0,0,0,0,0,0
KENT COUNTY,263,30 Years,8,1,7,7,1,6,0,0,0,0,0,0,1,0,1
KENT COUNTY,263,31 Years,9,6,3,6,4,2,0,0,0,0,0,0,3,2,1
KENT COUNTY,263,32 Years,6,5,1,4,3,1,0,0,0,1,1,0,1,1,0
KENT COUNTY,263,33 Years,3,3,0,2,2,0,0,0,0,0,0,0,1,1,0
KENT COUNTY,263,34 Years,3,2,1,2,1,1,0,0,0,0,0,0,1,1,0
KENT COUNTY,263,35 Years,7,2,5,4,2,2,2,0,2,1,0,1,0,0,0
KENT COUNTY,263,36 Years,8,3,5,5,3,2,1,0,1,0,0,0,2,0,2
KENT COUNTY,263,37 Years,6,3,3,4,2,2,0,0,0,0,0,0,2,1,1
KENT COUNTY,263,38 Years,8,4,4,5,2,3,0,0,0,0,0,0,3,2,1
KENT COUNTY,263,39 Years,8,3,5,6,2,4,0,0,0,0,0,0,2,1,1
KENT COUNTY,263,40 Years,9,4,5,7,3,4,0,0,0,0,0,0,2,1,1
KENT COUNTY,263,41 Years,5,3,2,3,1,2,0,0,0,0,0,0,2,2,0
KENT COUNTY,263,42 Years,8,5,3,5,3,2,0,0,0,0,0,0,3,2,1
KENT COUNTY,263,43 Years,7,3,4,5,1,4,0,0,0,1,1,0,1,1,0
KENT COUNTY,263,44 Years,10,4,6,10,4,6,0,0,0,0,0,0,0,0,0
KENT COUNTY,263,45 Years,14,6,8,12,6,6,0,0,0,0,0,0,2,0,2
KENT COUNTY,263,46 Years,14,6,8,10,3,7,0,0,0,0,0,0,4,3,1
KENT COUNTY,263,47 Years,12,7,5,10,6,4,0,0,0,0,0,0,2,1,1
KENT COUNTY,263,48 Years,8,6,2,7,6,1,0,0,0,0,0,0,1,0,1
KENT COUNTY,263,49 Years,8,3,5,7,2,5,0,0,0,0,0,0,1,1,0
KENT COUNTY,263,50 Years,12,6,6,11,6,5,0,0,0,0,0,0,1,0,1
KENT COUNTY,263,51 Years,14,8,6,14,8,6,0,0,0,0,0,0,0,0,0
KENT COUNTY,263,52 Years,9,4,5,8,3,5,0,0,0,0,0,0,1,1,0
KENT COUNTY,263,53 Years,18,10,8,15,7,8,0,0,0,0,0,0,3,3,0
KENT COUNTY,263,54 Years,16,12,4,14,10,4,0,0,0,0,0,0,2,2,0
KENT COUNTY,263,55 Years,11,7,4,9,6,3,0,0,0,0,0,0,2,1,1
KENT COUNTY,263,56 Years,12,7,5,11,6,5,0,0,0,0,0,0,1,1,0
KENT COUNTY,263,57 Years,9,3,6,9,3,6,0,0,0,0,0,0,0,0,0
KENT COUNTY,263,58 Years,10,4,6,10,4,6,0,0,0,0,0,0,0,0,0
KENT COUNTY,263,59 Years,8,3,5,7,3,4,0,0,0,0,0,0,1,0,1
KENT COUNTY,263,60 Years,5,3,2,5,3,2,0,0,0,0,0,0,0,0,0
KENT COUNTY,263,61 Years,10,4,6,10,4,6,0,0,0,0,0,0,0,0,0
KENT COUNTY,263,62 Years,8,4,4,7,4,3,0,0,0,0,0,0,1,0,1
KENT COUNTY,263,63 Years,21,9,12,19,9,10,0,0,0,1,0,1,1,0,1
KENT COUNTY,263,64 Years,19,10,9,16,9,7,0,0,0,0,0,0,3,1,2
KENT COUNTY,263,65 Years,10,6,4,9,5,4,0,0,0,0,0,0,1,1,0
KENT COUNTY,263,66 Years,10,5,5,9,4,5,0,0,0,0,0,0,1,1,0
KENT COUNTY,263,67 Years,9,5,4,9,5,4,0,0,0,0,0,0,0,0,0
KENT COUNTY,263,68 Years,7,4,3,7,4,3,0,0,0,0,0,0,0,0,0
KENT COUNTY,263,69 Years,9,4,5,8,4,4,0,0,0,1,0,1,0,0,0
KENT COUNTY,263,70 Years,9,6,3,6,3,3,0,0,0,0,0,0,3,3,0
KENT COUNTY,263,71 Years,12,5,7,10,3,7,0,0,0,0,0,0,2,2,0
KENT COUNTY,263,72 Years,16,4,12,13,4,9,2,0,2,0,0,0,1,0,1
KENT COUNTY,263,73 Years,7,3,4,6,3,3,1,0,1,0,0,0,0,0,0
KENT COUNTY,263,74 Years,6,1,5,5,1,4,0,0,0,1,0,1,0,0,0
KENT COUNTY,263,75 Years,3,1,2,3,1,2,0,0,0,0,0,0,0,0,0
KENT COUNTY,263,76 Years,5,3,2,5,3,2,0,0,0,0,0,0,0,0,0
KENT COUNTY,263,77 Years,7,3,4,4,2,2,0,0,0,0,0,0,3,1,2
KENT COUNTY,263,78 Years,8,2,6,6,1,5,0,0,0,0,0,0,2,1,1
KENT COUNTY,263,79 Years,6,2,4,6,2,4,0,0,0,0,0,0,0,0,0
KENT COUNTY,263,80 Years,13,6,7,13,6,7,0,0,0,0,0,0,0,0,0
KENT COUNTY,263,81 Years,8,2,6,8,2,6,0,0,0,0,0,0,0,0,0
KENT COUNTY,263,82 Years,8,3,5,8,3,5,0,0,0,0,0,0,0,0,0
KENT COUNTY,263,83 Years,10,2,8,9,2,7,0,0,0,1,0,1,0,0,0
KENT COUNTY,263,84 Years,11,3,8,10,3,7,0,0,0,0,0,0,1,0,1
KENT COUNTY,263,85 Years +,36,13,23,36,13,23,0,0,0,0,0,0,0,0,0
KERR COUNTY,265,All Ages,49914,24229,25685,35810,17089,18721,738,438,300,1166,544,622,12200,6158,6042
KERR COUNTY,265,< 1 Year,540,274,266,307,156,151,7,4,3,14,7,7,212,107,105
KERR COUNTY,265,1 Years,523,261,262,261,134,127,7,4,3,17,9,8,238,114,124
KERR COUNTY,265,2 Years,514,254,260,256,124,132,7,3,4,16,9,7,235,118,117
KERR COUNTY,265,3 Years,528,271,257,260,131,129,4,2,2,11,8,3,253,130,123
KERR COUNTY,265,4 Years,511,276,235,241,127,114,3,3,0,16,12,4,251,134,117
KERR COUNTY,265,5 Years,518,274,244,257,134,123,9,4,5,18,12,6,234,124,110
KERR COUNTY,265,6 Years,544,280,264,271,143,128,9,5,4,13,8,5,251,124,127
KERR COUNTY,265,7 Years,534,271,263,279,144,135,9,6,3,16,7,9,230,114,116
KERR COUNTY,265,8 Years,530,274,256,277,147,130,6,3,3,18,5,13,229,119,110
KERR COUNTY,265,9 Years,566,294,272,310,164,146,6,2,4,19,5,14,231,123,108
KERR COUNTY,265,10 Years,587,299,288,337,172,165,5,3,2,17,5,12,228,119,109
KERR COUNTY,265,11 Years,565,284,281,298,155,143,7,3,4,16,7,9,244,119,125
KERR COUNTY,265,12 Years,559,283,276,302,153,149,11,6,5,13,6,7,233,118,115
KERR COUNTY,265,13 Years,563,301,262,316,174,142,11,8,3,18,9,9,218,110,108
KERR COUNTY,265,14 Years,556,288,268,322,162,160,14,11,3,16,7,9,204,108,96
KERR COUNTY,265,15 Years,604,340,264,343,192,151,12,8,4,25,13,12,224,127,97
KERR COUNTY,265,16 Years,598,324,274,334,186,148,12,7,5,18,13,5,234,118,116
KERR COUNTY,265,17 Years,595,308,287,334,174,160,13,9,4,16,9,7,232,116,116
KERR COUNTY,265,18 Years,627,335,292,353,190,163,15,11,4,20,11,9,239,123,116
KERR COUNTY,265,19 Years,636,319,317,337,171,166,16,10,6,17,8,9,266,130,136
KERR COUNTY,265,20 Years,672,338,334,370,182,188,14,9,5,21,12,9,267,135,132
KERR COUNTY,265,21 Years,613,309,304,336,159,177,23,13,10,20,13,7,234,124,110
KERR COUNTY,265,22 Years,531,274,257,310,146,164,19,12,7,15,9,6,187,107,80
KERR COUNTY,265,23 Years,523,274,249,316,155,161,10,7,3,15,8,7,182,104,78
KERR COUNTY,265,24 Years,479,254,225,294,152,142,6,5,1,10,6,4,169,91,78
KERR COUNTY,265,25 Years,481,248,233,282,143,139,9,8,1,7,4,3,183,93,90
KERR COUNTY,265,26 Years,455,235,220,269,140,129,8,7,1,8,3,5,170,85,85
KERR COUNTY,265,27 Years,457,227,230,276,139,137,6,2,4,8,3,5,167,83,84
KERR COUNTY,265,28 Years,452,202,250,276,123,153,3,1,2,11,6,5,162,72,90
KERR COUNTY,265,29 Years,468,217,251,281,135,146,6,5,1,14,5,9,167,72,95
KERR COUNTY,265,30 Years,457,231,226,276,142,134,8,7,1,13,4,9,160,78,82
KERR COUNTY,265,31 Years,453,239,214,275,142,133,8,4,4,10,3,7,160,90,70
KERR COUNTY,265,32 Years,420,208,212,254,128,126,11,7,4,12,4,8,143,69,74
KERR COUNTY,265,33 Years,448,221,227,275,134,141,8,4,4,12,6,6,153,77,76
KERR COUNTY,265,34 Years,438,210,228,275,127,148,8,4,4,8,3,5,147,76,71
KERR COUNTY,265,35 Years,439,220,219,286,140,146,4,2,2,9,4,5,140,74,66
KERR COUNTY,265,36 Years,418,218,200,257,133,124,4,3,1,8,4,4,149,78,71
KERR COUNTY,265,37 Years,422,216,206,241,127,114,8,3,5,12,5,7,161,81,80
KERR COUNTY,265,38 Years,470,227,243,287,141,146,8,2,6,11,6,5,164,78,86
KERR COUNTY,265,39 Years,458,216,242,288,134,154,9,6,3,13,3,10,148,73,75
KERR COUNTY,265,40 Years,487,225,262,330,147,183,7,5,2,9,5,4,141,68,73
KERR COUNTY,265,41 Years,528,255,273,339,162,177,12,8,4,13,6,7,164,79,85
KERR COUNTY,265,42 Years,528,261,267,350,167,183,9,6,3,17,8,9,152,80,72
KERR COUNTY,265,43 Years,516,258,258,347,168,179,10,8,2,15,6,9,144,76,68
KERR COUNTY,265,44 Years,552,258,294,380,179,201,12,7,5,16,9,7,144,63,81
KERR COUNTY,265,45 Years,550,260,290,363,167,196,14,9,5,13,7,6,160,77,83
KERR COUNTY,265,46 Years,602,283,319,413,195,218,12,8,4,15,4,11,162,76,86
KERR COUNTY,265,47 Years,623,308,315,427,200,227,9,5,4,21,7,14,166,96,70
KERR COUNTY,265,48 Years,657,318,339,458,212,246,13,9,4,22,7,15,164,90,74
KERR COUNTY,265,49 Years,655,318,337,473,229,244,13,10,3,20,9,11,149,70,79
KERR COUNTY,265,50 Years,718,335,383,529,236,293,14,7,7,25,16,9,150,76,74
KERR COUNTY,265,51 Years,725,341,384,536,247,289,12,5,7,23,12,11,154,77,77
KERR COUNTY,265,52 Years,711,332,379,533,241,292,14,7,7,23,11,12,141,73,68
KERR COUNTY,265,53 Years,749,354,395,583,269,314,15,8,7,17,8,9,134,69,65
KERR COUNTY,265,54 Years,710,345,365,565,266,299,17,12,5,15,8,7,113,59,54
KERR COUNTY,265,55 Years,681,331,350,522,252,270,16,9,7,16,7,9,127,63,64
KERR COUNTY,265,56 Years,678,315,363,536,242,294,10,6,4,19,9,10,113,58,55
KERR COUNTY,265,57 Years,690,331,359,565,266,299,6,5,1,17,9,8,102,51,51
KERR COUNTY,265,58 Years,722,344,378,593,279,314,6,4,2,19,7,12,104,54,50
KERR COUNTY,265,59 Years,710,332,378,595,275,320,8,5,3,17,10,7,90,42,48
KERR COUNTY,265,60 Years,727,343,384,606,291,315,6,3,3,15,7,8,100,42,58
KERR COUNTY,265,61 Years,724,353,371,620,303,317,8,5,3,12,5,7,84,40,44
KERR COUNTY,265,62 Years,763,384,379,649,330,319,10,5,5,9,3,6,95,46,49
KERR COUNTY,265,63 Years,804,370,434,688,316,372,8,5,3,16,5,11,92,44,48
KERR COUNTY,265,64 Years,819,383,436,717,333,384,11,8,3,16,6,10,75,36,39
KERR COUNTY,265,65 Years,700,331,369,616,286,330,7,4,3,10,7,3,67,34,33
KERR COUNTY,265,66 Years,674,316,358,594,270,324,6,3,3,9,6,3,65,37,28
KERR COUNTY,265,67 Years,706,335,371,631,295,336,8,4,4,5,2,3,62,34,28
KERR COUNTY,265,68 Years,689,321,368,620,283,337,5,3,2,7,2,5,57,33,24
KERR COUNTY,265,69 Years,624,294,330,566,261,305,4,3,1,11,3,8,43,27,16
KERR COUNTY,265,70 Years,646,313,333,575,277,298,7,2,5,11,5,6,53,29,24
KERR COUNTY,265,71 Years,660,300,360,592,268,324,7,4,3,13,4,9,48,24,24
KERR COUNTY,265,72 Years,603,283,320,549,257,292,4,3,1,9,4,5,41,19,22
KERR COUNTY,265,73 Years,593,279,314,539,261,278,5,2,3,11,3,8,38,13,25
KERR COUNTY,265,74 Years,575,262,313,520,241,279,4,2,2,11,3,8,40,16,24
KERR COUNTY,265,75 Years,502,234,268,461,218,243,3,1,2,5,1,4,33,14,19
KERR COUNTY,265,76 Years,498,241,257,448,218,230,6,4,2,7,1,6,37,18,19
KERR COUNTY,265,77 Years,460,216,244,416,194,222,4,3,1,7,4,3,33,15,18
KERR COUNTY,265,78 Years,453,201,252,415,186,229,3,0,3,8,5,3,27,10,17
KERR COUNTY,265,79 Years,427,199,228,391,185,206,2,0,2,8,4,4,26,10,16
KERR COUNTY,265,80 Years,432,209,223,397,192,205,2,1,1,6,3,3,27,13,14
KERR COUNTY,265,81 Years,402,182,220,372,168,204,3,1,2,2,1,1,25,12,13
KERR COUNTY,265,82 Years,382,149,233,347,135,212,5,3,2,5,2,3,25,9,16
KERR COUNTY,265,83 Years,351,151,200,325,140,185,2,1,1,5,3,2,19,7,12
KERR COUNTY,265,84 Years,329,143,186,302,135,167,1,0,1,6,2,4,20,6,14
KERR COUNTY,265,85 Years +,1827,739,1088,1698,692,1006,15,2,13,19,7,12,95,38,57
KIMBLE COUNTY,267,All Ages,4642,2304,2338,3472,1701,1771,14,10,4,63,32,31,1093,561,532
KIMBLE COUNTY,267,< 1 Year,44,21,23,27,13,14,0,0,0,0,0,0,17,8,9
KIMBLE COUNTY,267,1 Years,38,17,21,19,7,12,0,0,0,0,0,0,19,10,9
KIMBLE COUNTY,267,2 Years,42,22,20,27,14,13,0,0,0,0,0,0,15,8,7
KIMBLE COUNTY,267,3 Years,50,24,26,31,16,15,2,0,2,1,0,1,16,8,8
KIMBLE COUNTY,267,4 Years,50,33,17,25,16,9,0,0,0,0,0,0,25,17,8
KIMBLE COUNTY,267,5 Years,53,30,23,29,17,12,0,0,0,0,0,0,24,13,11
KIMBLE COUNTY,267,6 Years,44,19,25,23,11,12,0,0,0,0,0,0,21,8,13
KIMBLE COUNTY,267,7 Years,36,17,19,19,10,9,0,0,0,0,0,0,17,7,10
KIMBLE COUNTY,267,8 Years,44,30,14,24,17,7,1,1,0,0,0,0,19,12,7
KIMBLE COUNTY,267,9 Years,66,32,34,40,20,20,0,0,0,0,0,0,26,12,14
KIMBLE COUNTY,267,10 Years,50,24,26,29,16,13,0,0,0,1,0,1,20,8,12
KIMBLE COUNTY,267,11 Years,50,27,23,30,18,12,0,0,0,0,0,0,20,9,11
KIMBLE COUNTY,267,12 Years,60,32,28,45,26,19,0,0,0,1,1,0,14,5,9
KIMBLE COUNTY,267,13 Years,64,34,30,39,19,20,0,0,0,1,1,0,24,14,10
KIMBLE COUNTY,267,14 Years,55,25,30,37,15,22,0,0,0,0,0,0,18,10,8
KIMBLE COUNTY,267,15 Years,63,29,34,40,22,18,0,0,0,0,0,0,23,7,16
KIMBLE COUNTY,267,16 Years,54,25,29,30,14,16,0,0,0,0,0,0,24,11,13
KIMBLE COUNTY,267,17 Years,60,30,30,40,19,21,1,1,0,1,1,0,18,9,9
KIMBLE COUNTY,267,18 Years,59,34,25,31,15,16,0,0,0,2,1,1,26,18,8
KIMBLE COUNTY,267,19 Years,50,30,20,22,13,9,0,0,0,0,0,0,28,17,11
KIMBLE COUNTY,267,20 Years,36,17,19,17,9,8,0,0,0,1,0,1,18,8,10
KIMBLE COUNTY,267,21 Years,24,11,13,14,6,8,0,0,0,0,0,0,10,5,5
KIMBLE COUNTY,267,22 Years,27,12,15,17,7,10,0,0,0,0,0,0,10,5,5
KIMBLE COUNTY,267,23 Years,29,12,17,18,8,10,0,0,0,0,0,0,11,4,7
KIMBLE COUNTY,267,24 Years,37,22,15,24,14,10,2,2,0,0,0,0,11,6,5
KIMBLE COUNTY,267,25 Years,39,20,19,27,15,12,0,0,0,0,0,0,12,5,7
KIMBLE COUNTY,267,26 Years,38,25,13,26,16,10,0,0,0,1,1,0,11,8,3
KIMBLE COUNTY,267,27 Years,38,26,12,26,17,9,0,0,0,1,1,0,11,8,3
KIMBLE COUNTY,267,28 Years,43,21,22,29,14,15,0,0,0,1,0,1,13,7,6
KIMBLE COUNTY,267,29 Years,42,22,20,26,12,14,1,1,0,1,0,1,14,9,5
KIMBLE COUNTY,267,30 Years,42,20,22,30,15,15,0,0,0,0,0,0,12,5,7
KIMBLE COUNTY,267,31 Years,40,18,22,27,10,17,0,0,0,0,0,0,13,8,5
KIMBLE COUNTY,267,32 Years,41,15,26,25,5,20,0,0,0,0,0,0,16,10,6
KIMBLE COUNTY,267,33 Years,44,24,20,27,13,14,0,0,0,1,1,0,16,10,6
KIMBLE COUNTY,267,34 Years,49,25,24,29,11,18,1,1,0,1,1,0,18,12,6
KIMBLE COUNTY,267,35 Years,42,19,23,24,10,14,0,0,0,2,0,2,16,9,7
KIMBLE COUNTY,267,36 Years,48,22,26,31,15,16,0,0,0,4,1,3,13,6,7
KIMBLE COUNTY,267,37 Years,40,16,24,24,11,13,0,0,0,1,0,1,15,5,10
KIMBLE COUNTY,267,38 Years,45,21,24,35,16,19,0,0,0,0,0,0,10,5,5
KIMBLE COUNTY,267,39 Years,54,26,28,42,24,18,1,1,0,0,0,0,11,1,10
KIMBLE COUNTY,267,40 Years,55,28,27,41,23,18,1,1,0,0,0,0,13,4,9
KIMBLE COUNTY,267,41 Years,59,31,28,44,24,20,0,0,0,1,1,0,14,6,8
KIMBLE COUNTY,267,42 Years,42,20,22,32,17,15,0,0,0,0,0,0,10,3,7
KIMBLE COUNTY,267,43 Years,48,30,18,30,16,14,0,0,0,2,2,0,16,12,4
KIMBLE COUNTY,267,44 Years,41,22,19,31,15,16,0,0,0,1,0,1,9,7,2
KIMBLE COUNTY,267,45 Years,47,22,25,32,15,17,0,0,0,0,0,0,15,7,8
KIMBLE COUNTY,267,46 Years,51,28,23,36,19,17,0,0,0,0,0,0,15,9,6
KIMBLE COUNTY,267,47 Years,59,33,26,45,25,20,0,0,0,0,0,0,14,8,6
KIMBLE COUNTY,267,48 Years,70,35,35,58,30,28,0,0,0,1,0,1,11,5,6
KIMBLE COUNTY,267,49 Years,72,41,31,59,34,25,0,0,0,1,0,1,12,7,5
KIMBLE COUNTY,267,50 Years,72,39,33,58,35,23,0,0,0,1,0,1,13,4,9
KIMBLE COUNTY,267,51 Years,70,30,40,58,24,34,0,0,0,0,0,0,12,6,6
KIMBLE COUNTY,267,52 Years,73,31,42,58,22,36,0,0,0,0,0,0,15,9,6
KIMBLE COUNTY,267,53 Years,69,38,31,58,30,28,0,0,0,0,0,0,11,8,3
KIMBLE COUNTY,267,54 Years,62,35,27,49,26,23,0,0,0,1,1,0,12,8,4
KIMBLE COUNTY,267,55 Years,66,30,36,50,24,26,2,2,0,2,0,2,12,4,8
KIMBLE COUNTY,267,56 Years,77,37,40,65,32,33,0,0,0,3,0,3,9,5,4
KIMBLE COUNTY,267,57 Years,93,47,46,72,33,39,1,0,1,8,5,3,12,9,3
KIMBLE COUNTY,267,58 Years,72,36,36,59,29,30,1,0,1,3,3,0,9,4,5
KIMBLE COUNTY,267,59 Years,79,35,44,66,28,38,0,0,0,1,1,0,12,6,6
KIMBLE COUNTY,267,60 Years,85,39,46,72,29,43,0,0,0,0,0,0,13,10,3
KIMBLE COUNTY,267,61 Years,81,36,45,68,28,40,0,0,0,0,0,0,13,8,5
KIMBLE COUNTY,267,62 Years,89,45,44,74,40,34,0,0,0,0,0,0,15,5,10
KIMBLE COUNTY,267,63 Years,89,45,44,78,41,37,0,0,0,2,1,1,9,3,6
KIMBLE COUNTY,267,64 Years,86,39,47,75,36,39,0,0,0,2,1,1,9,2,7
KIMBLE COUNTY,267,65 Years,77,37,40,65,30,35,0,0,0,1,0,1,11,7,4
KIMBLE COUNTY,267,66 Years,73,36,37,64,30,34,0,0,0,0,0,0,9,6,3
KIMBLE COUNTY,267,67 Years,82,41,41,71,36,35,0,0,0,1,1,0,10,4,6
KIMBLE COUNTY,267,68 Years,67,31,36,61,28,33,0,0,0,1,1,0,5,2,3
KIMBLE COUNTY,267,69 Years,58,27,31,50,23,27,0,0,0,0,0,0,8,4,4
KIMBLE COUNTY,267,70 Years,60,30,30,51,24,27,0,0,0,1,1,0,8,5,3
KIMBLE COUNTY,267,71 Years,59,29,30,51,22,29,0,0,0,2,2,0,6,5,1
KIMBLE COUNTY,267,72 Years,61,30,31,55,27,28,0,0,0,1,1,0,5,2,3
KIMBLE COUNTY,267,73 Years,63,31,32,58,29,29,0,0,0,0,0,0,5,2,3
KIMBLE COUNTY,267,74 Years,54,30,24,46,25,21,0,0,0,2,1,1,6,4,2
KIMBLE COUNTY,267,75 Years,34,20,14,32,19,13,0,0,0,1,0,1,1,1,0
KIMBLE COUNTY,267,76 Years,44,21,23,41,21,20,0,0,0,0,0,0,3,0,3
KIMBLE COUNTY,267,77 Years,39,25,14,34,22,12,0,0,0,1,0,1,4,3,1
KIMBLE COUNTY,267,78 Years,30,14,16,28,13,15,0,0,0,0,0,0,2,1,1
KIMBLE COUNTY,267,79 Years,30,17,13,26,14,12,0,0,0,1,1,0,3,2,1
KIMBLE COUNTY,267,80 Years,35,13,22,30,12,18,0,0,0,1,0,1,4,1,3
KIMBLE COUNTY,267,81 Years,33,12,21,30,11,19,0,0,0,0,0,0,3,1,2
KIMBLE COUNTY,267,82 Years,28,13,15,25,12,13,0,0,0,0,0,0,3,1,2
KIMBLE COUNTY,267,83 Years,34,16,18,29,14,15,0,0,0,0,0,0,5,2,3
KIMBLE COUNTY,267,84 Years,26,8,18,23,8,15,0,0,0,0,0,0,3,0,3
KIMBLE COUNTY,267,85 Years +,118,42,76,109,40,69,0,0,0,0,0,0,9,2,7
KING COUNTY,269,All Ages,288,146,142,247,122,125,0,0,0,5,1,4,36,23,13
KING COUNTY,269,< 1 Year,2,1,1,2,1,1,0,0,0,0,0,0,0,0,0
KING COUNTY,269,1 Years,2,0,2,2,0,2,0,0,0,0,0,0,0,0,0
KING COUNTY,269,2 Years,2,1,1,1,0,1,0,0,0,0,0,0,1,1,0
KING COUNTY,269,3 Years,2,0,2,2,0,2,0,0,0,0,0,0,0,0,0
KING COUNTY,269,4 Years,1,0,1,1,0,1,0,0,0,0,0,0,0,0,0
KING COUNTY,269,5 Years,3,2,1,3,2,1,0,0,0,0,0,0,0,0,0
KING COUNTY,269,6 Years,4,2,2,4,2,2,0,0,0,0,0,0,0,0,0
KING COUNTY,269,7 Years,3,2,1,3,2,1,0,0,0,0,0,0,0,0,0
KING COUNTY,269,8 Years,4,2,2,4,2,2,0,0,0,0,0,0,0,0,0
KING COUNTY,269,9 Years,4,1,3,4,1,3,0,0,0,0,0,0,0,0,0
KING COUNTY,269,10 Years,4,1,3,4,1,3,0,0,0,0,0,0,0,0,0
KING COUNTY,269,11 Years,3,3,0,3,3,0,0,0,0,0,0,0,0,0,0
KING COUNTY,269,12 Years,5,3,2,4,3,1,0,0,0,0,0,0,1,0,1
KING COUNTY,269,13 Years,8,5,3,5,3,2,0,0,0,0,0,0,3,2,1
KING COUNTY,269,14 Years,5,2,3,3,1,2,0,0,0,0,0,0,2,1,1
KING COUNTY,269,15 Years,4,1,3,3,1,2,0,0,0,0,0,0,1,0,1
KING COUNTY,269,16 Years,4,2,2,3,1,2,0,0,0,0,0,0,1,1,0
KING COUNTY,269,17 Years,3,2,1,2,1,1,0,0,0,0,0,0,1,1,0
KING COUNTY,269,18 Years,6,1,5,4,1,3,0,0,0,1,0,1,1,0,1
KING COUNTY,269,19 Years,5,2,3,5,2,3,0,0,0,0,0,0,0,0,0
KING COUNTY,269,20 Years,6,4,2,4,2,2,0,0,0,1,1,0,1,1,0
KING COUNTY,269,21 Years,3,1,2,1,1,0,0,0,0,1,0,1,1,0,1
KING COUNTY,269,22 Years,1,1,0,1,1,0,0,0,0,0,0,0,0,0,0
KING COUNTY,269,23 Years,1,1,0,1,1,0,0,0,0,0,0,0,0,0,0
KING COUNTY,269,24 Years,2,1,1,2,1,1,0,0,0,0,0,0,0,0,0
KING COUNTY,269,25 Years,2,2,0,1,1,0,0,0,0,0,0,0,1,1,0
KING COUNTY,269,26 Years,3,2,1,3,2,1,0,0,0,0,0,0,0,0,0
KING COUNTY,269,27 Years,2,0,2,2,0,2,0,0,0,0,0,0,0,0,0
KING COUNTY,269,28 Years,3,2,1,2,1,1,0,0,0,0,0,0,1,1,0
KING COUNTY,269,29 Years,1,1,0,1,1,0,0,0,0,0,0,0,0,0,0
KING COUNTY,269,30 Years,2,0,2,2,0,2,0,0,0,0,0,0,0,0,0
KING COUNTY,269,31 Years,4,2,2,4,2,2,0,0,0,0,0,0,0,0,0
KING COUNTY,269,32 Years,2,1,1,2,1,1,0,0,0,0,0,0,0,0,0
KING COUNTY,269,33 Years,2,1,1,2,1,1,0,0,0,0,0,0,0,0,0
KING COUNTY,269,34 Years,1,0,1,1,0,1,0,0,0,0,0,0,0,0,0
KING COUNTY,269,35 Years,3,2,1,1,1,0,0,0,0,0,0,0,2,1,1
KING COUNTY,269,36 Years,4,4,0,4,4,0,0,0,0,0,0,0,0,0,0
KING COUNTY,269,37 Years,3,1,2,3,1,2,0,0,0,0,0,0,0,0,0
KING COUNTY,269,38 Years,2,2,0,1,1,0,0,0,0,0,0,0,1,1,0
KING COUNTY,269,39 Years,2,1,1,2,1,1,0,0,0,0,0,0,0,0,0
KING COUNTY,269,40 Years,4,2,2,3,2,1,0,0,0,0,0,0,1,0,1
KING COUNTY,269,41 Years,7,5,2,5,4,1,0,0,0,0,0,0,2,1,1
KING COUNTY,269,42 Years,3,2,1,3,2,1,0,0,0,0,0,0,0,0,0
KING COUNTY,269,43 Years,4,2,2,2,1,1,0,0,0,0,0,0,2,1,1
KING COUNTY,269,44 Years,8,2,6,4,0,4,0,0,0,0,0,0,4,2,2
KING COUNTY,269,45 Years,5,1,4,4,0,4,0,0,0,0,0,0,1,1,0
KING COUNTY,269,46 Years,5,2,3,4,1,3,0,0,0,0,0,0,1,1,0
KING COUNTY,269,47 Years,5,2,3,3,1,2,0,0,0,0,0,0,2,1,1
KING COUNTY,269,48 Years,3,2,1,2,1,1,0,0,0,0,0,0,1,1,0
KING COUNTY,269,49 Years,4,1,3,4,1,3,0,0,0,0,0,0,0,0,0
KING COUNTY,269,50 Years,6,1,5,6,1,5,0,0,0,0,0,0,0,0,0
KING COUNTY,269,51 Years,8,2,6,7,1,6,0,0,0,0,0,0,1,1,0
KING COUNTY,269,52 Years,6,4,2,6,4,2,0,0,0,0,0,0,0,0,0
KING COUNTY,269,53 Years,6,5,1,5,4,1,0,0,0,0,0,0,1,1,0
KING COUNTY,269,54 Years,7,5,2,6,4,2,0,0,0,0,0,0,1,1,0
KING COUNTY,269,55 Years,9,3,6,7,2,5,0,0,0,1,0,1,1,1,0
KING COUNTY,269,56 Years,7,2,5,6,2,4,0,0,0,1,0,1,0,0,0
KING COUNTY,269,57 Years,5,2,3,5,2,3,0,0,0,0,0,0,0,0,0
KING COUNTY,269,58 Years,4,2,2,4,2,2,0,0,0,0,0,0,0,0,0
KING COUNTY,269,59 Years,2,2,0,2,2,0,0,0,0,0,0,0,0,0,0
KING COUNTY,269,60 Years,5,5,0,5,5,0,0,0,0,0,0,0,0,0,0
KING COUNTY,269,61 Years,5,3,2,5,3,2,0,0,0,0,0,0,0,0,0
KING COUNTY,269,62 Years,3,2,1,3,2,1,0,0,0,0,0,0,0,0,0
KING COUNTY,269,63 Years,2,2,0,2,2,0,0,0,0,0,0,0,0,0,0
KING COUNTY,269,64 Years,2,2,0,2,2,0,0,0,0,0,0,0,0,0,0
KING COUNTY,269,65 Years,2,1,1,2,1,1,0,0,0,0,0,0,0,0,0
KING COUNTY,269,66 Years,2,1,1,2,1,1,0,0,0,0,0,0,0,0,0
KING COUNTY,269,67 Years,4,2,2,4,2,2,0,0,0,0,0,0,0,0,0
KING COUNTY,269,68 Years,2,1,1,2,1,1,0,0,0,0,0,0,0,0,0
KING COUNTY,269,69 Years,1,1,0,1,1,0,0,0,0,0,0,0,0,0,0
KING COUNTY,269,70 Years,2,1,1,2,1,1,0,0,0,0,0,0,0,0,0
KING COUNTY,269,71 Years,2,2,0,2,2,0,0,0,0,0,0,0,0,0,0
KING COUNTY,269,72 Years,2,2,0,2,2,0,0,0,0,0,0,0,0,0,0
KING COUNTY,269,73 Years,4,1,3,4,1,3,0,0,0,0,0,0,0,0,0
KING COUNTY,269,74 Years,1,0,1,1,0,1,0,0,0,0,0,0,0,0,0
KING COUNTY,269,75 Years,1,0,1,1,0,1,0,0,0,0,0,0,0,0,0
KING COUNTY,269,76 Years,2,0,2,2,0,2,0,0,0,0,0,0,0,0,0
KING COUNTY,269,77 Years,5,1,4,5,1,4,0,0,0,0,0,0,0,0,0
KING COUNTY,269,78 Years,3,2,1,3,2,1,0,0,0,0,0,0,0,0,0
KING COUNTY,269,79 Years,1,1,0,1,1,0,0,0,0,0,0,0,0,0,0
KING COUNTY,269,80 Years,1,1,0,1,1,0,0,0,0,0,0,0,0,0,0
KING COUNTY,269,81 Years,0,0,0,0,0,0,0,0,0,0,0,0,0,0,0
KING COUNTY,269,82 Years,2,1,1,2,1,1,0,0,0,0,0,0,0,0,0
KING COUNTY,269,83 Years,2,2,0,2,2,0,0,0,0,0,0,0,0,0,0
KING COUNTY,269,84 Years,1,1,0,1,1,0,0,0,0,0,0,0,0,0,0
KING COUNTY,269,85 Years +,0,0,0,0,0,0,0,0,0,0,0,0,0,0,0
KINNEY COUNTY,271,All Ages,3670,1999,1671,1506,753,753,37,21,16,63,37,26,2064,1188,876
KINNEY COUNTY,271,< 1 Year,36,18,18,10,5,5,0,0,0,0,0,0,26,13,13
KINNEY COUNTY,271,1 Years,41,17,24,8,5,3,0,0,0,0,0,0,33,12,21
KINNEY COUNTY,271,2 Years,39,23,16,8,6,2,1,1,0,1,1,0,29,15,14
KINNEY COUNTY,271,3 Years,32,20,12,9,6,3,1,0,1,0,0,0,22,14,8
KINNEY COUNTY,271,4 Years,35,15,20,10,2,8,1,1,0,0,0,0,24,12,12
KINNEY COUNTY,271,5 Years,42,19,23,10,3,7,0,0,0,1,0,1,31,16,15
KINNEY COUNTY,271,6 Years,31,15,16,6,3,3,0,0,0,1,0,1,24,12,12
KINNEY COUNTY,271,7 Years,34,22,12,8,5,3,1,0,1,1,1,0,24,16,8
KINNEY COUNTY,271,8 Years,40,21,19,14,9,5,0,0,0,1,1,0,25,11,14
KINNEY COUNTY,271,9 Years,32,16,16,11,7,4,0,0,0,0,0,0,21,9,12
KINNEY COUNTY,271,10 Years,32,20,12,10,6,4,0,0,0,2,2,0,20,12,8
KINNEY COUNTY,271,11 Years,34,17,17,9,4,5,0,0,0,1,1,0,24,12,12
KINNEY COUNTY,271,12 Years,34,19,15,7,4,3,0,0,0,0,0,0,27,15,12
KINNEY COUNTY,271,13 Years,47,24,23,17,8,9,0,0,0,2,1,1,28,15,13
KINNEY COUNTY,271,14 Years,52,30,22,11,6,5,0,0,0,0,0,0,41,24,17
KINNEY COUNTY,271,15 Years,53,29,24,10,6,4,0,0,0,1,1,0,42,22,20
KINNEY COUNTY,271,16 Years,44,24,20,7,4,3,0,0,0,1,1,0,36,19,17
KINNEY COUNTY,271,17 Years,50,26,24,15,8,7,0,0,0,3,2,1,32,16,16
KINNEY COUNTY,271,18 Years,56,32,24,17,10,7,1,0,1,1,1,0,37,21,16
KINNEY COUNTY,271,19 Years,51,27,24,13,7,6,0,0,0,1,1,0,37,19,18
KINNEY COUNTY,271,20 Years,34,17,17,7,4,3,0,0,0,1,1,0,26,12,14
KINNEY COUNTY,271,21 Years,45,26,19,11,5,6,0,0,0,1,1,0,33,20,13
KINNEY COUNTY,271,22 Years,40,25,15,8,3,5,1,1,0,0,0,0,31,21,10
KINNEY COUNTY,271,23 Years,36,28,8,7,4,3,0,0,0,0,0,0,29,24,5
KINNEY COUNTY,271,24 Years,37,27,10,8,5,3,0,0,0,0,0,0,29,22,7
KINNEY COUNTY,271,25 Years,46,35,11,6,2,4,0,0,0,0,0,0,40,33,7
KINNEY COUNTY,271,26 Years,39,23,16,5,1,4,1,1,0,0,0,0,33,21,12
KINNEY COUNTY,271,27 Years,41,23,18,7,2,5,1,0,1,0,0,0,33,21,12
KINNEY COUNTY,271,28 Years,41,27,14,8,5,3,0,0,0,0,0,0,33,22,11
KINNEY COUNTY,271,29 Years,39,29,10,7,4,3,0,0,0,1,0,1,31,25,6
KINNEY COUNTY,271,30 Years,28,20,8,6,4,2,0,0,0,0,0,0,22,16,6
KINNEY COUNTY,271,31 Years,39,23,16,11,3,8,1,1,0,1,1,0,26,18,8
KINNEY COUNTY,271,32 Years,32,18,14,7,3,4,1,1,0,1,1,0,23,13,10
KINNEY COUNTY,271,33 Years,26,20,6,6,5,1,0,0,0,0,0,0,20,15,5
KINNEY COUNTY,271,34 Years,35,21,14,10,4,6,0,0,0,0,0,0,25,17,8
KINNEY COUNTY,271,35 Years,38,27,11,7,2,5,0,0,0,1,0,1,30,25,5
KINNEY COUNTY,271,36 Years,40,23,17,7,4,3,1,0,1,1,0,1,31,19,12
KINNEY COUNTY,271,37 Years,41,27,14,11,7,4,0,0,0,1,0,1,29,20,9
KINNEY COUNTY,271,38 Years,45,29,16,7,1,6,1,0,1,0,0,0,37,28,9
KINNEY COUNTY,271,39 Years,47,30,17,7,4,3,0,0,0,1,1,0,39,25,14
KINNEY COUNTY,271,40 Years,47,28,19,15,9,6,0,0,0,1,1,0,31,18,13
KINNEY COUNTY,271,41 Years,44,26,18,13,6,7,0,0,0,0,0,0,31,20,11
KINNEY COUNTY,271,42 Years,36,22,14,8,4,4,0,0,0,0,0,0,28,18,10
KINNEY COUNTY,271,43 Years,39,23,16,9,5,4,0,0,0,0,0,0,30,18,12
KINNEY COUNTY,271,44 Years,54,37,17,15,10,5,1,1,0,1,0,1,37,26,11
KINNEY COUNTY,271,45 Years,42,28,14,15,8,7,1,1,0,1,1,0,25,18,7
KINNEY COUNTY,271,46 Years,41,23,18,11,4,7,0,0,0,1,1,0,29,18,11
KINNEY COUNTY,271,47 Years,44,25,19,12,8,4,0,0,0,1,1,0,31,16,15
KINNEY COUNTY,271,48 Years,46,26,20,17,7,10,0,0,0,0,0,0,29,19,10
KINNEY COUNTY,271,49 Years,44,24,20,23,12,11,0,0,0,0,0,0,21,12,9
KINNEY COUNTY,271,50 Years,35,16,19,19,9,10,1,0,1,0,0,0,15,7,8
KINNEY COUNTY,271,51 Years,46,26,20,27,13,14,0,0,0,0,0,0,19,13,6
KINNEY COUNTY,271,52 Years,42,21,21,22,12,10,1,1,0,0,0,0,19,8,11
KINNEY COUNTY,271,53 Years,44,23,21,18,10,8,0,0,0,0,0,0,26,13,13
KINNEY COUNTY,271,54 Years,57,25,32,27,9,18,0,0,0,2,2,0,28,14,14
KINNEY COUNTY,271,55 Years,57,27,30,26,7,19,1,0,1,2,2,0,28,18,10
KINNEY COUNTY,271,56 Years,52,25,27,21,8,13,2,1,1,1,0,1,28,16,12
KINNEY COUNTY,271,57 Years,58,29,29,27,16,11,1,0,1,3,0,3,27,13,14
KINNEY COUNTY,271,58 Years,46,22,24,21,14,7,1,0,1,1,0,1,23,8,15
KINNEY COUNTY,271,59 Years,45,20,25,20,6,14,2,2,0,1,1,0,22,11,11
KINNEY COUNTY,271,60 Years,41,18,23,22,7,15,1,1,0,1,1,0,17,9,8
KINNEY COUNTY,271,61 Years,46,22,24,27,11,16,1,1,0,0,0,0,18,10,8
KINNEY COUNTY,271,62 Years,46,26,20,28,14,14,1,1,0,0,0,0,17,11,6
KINNEY COUNTY,271,63 Years,52,29,23,30,15,15,1,0,1,1,0,1,20,14,6
KINNEY COUNTY,271,64 Years,68,32,36,35,18,17,2,0,2,3,2,1,28,12,16
KINNEY COUNTY,271,65 Years,47,26,21,29,16,13,1,1,0,1,1,0,16,8,8
KINNEY COUNTY,271,66 Years,37,18,19,28,14,14,0,0,0,1,0,1,8,4,4
KINNEY COUNTY,271,67 Years,51,29,22,36,21,15,0,0,0,2,2,0,13,6,7
KINNEY COUNTY,271,68 Years,50,26,24,34,20,14,0,0,0,2,1,1,14,5,9
KINNEY COUNTY,271,69 Years,43,17,26,33,14,19,0,0,0,1,0,1,9,3,6
KINNEY COUNTY,271,70 Years,49,21,28,39,16,23,0,0,0,2,0,2,8,5,3
KINNEY COUNTY,271,71 Years,47,27,20,34,19,15,0,0,0,2,1,1,11,7,4
KINNEY COUNTY,271,72 Years,49,26,23,35,20,15,0,0,0,1,0,1,13,6,7
KINNEY COUNTY,271,73 Years,49,20,29,33,13,20,2,2,0,0,0,0,14,5,9
KINNEY COUNTY,271,74 Years,46,18,28,34,13,21,2,2,0,0,0,0,10,3,7
KINNEY COUNTY,271,75 Years,42,15,27,33,13,20,1,1,0,0,0,0,8,1,7
KINNEY COUNTY,271,76 Years,44,20,24,30,16,14,0,0,0,0,0,0,14,4,10
KINNEY COUNTY,271,77 Years,42,18,24,26,13,13,1,0,1,2,0,2,13,5,8
KINNEY COUNTY,271,78 Years,37,19,18,24,15,9,0,0,0,1,0,1,12,4,8
KINNEY COUNTY,271,79 Years,32,18,14,20,12,8,0,0,0,1,1,0,11,5,6
KINNEY COUNTY,271,80 Years,39,22,17,31,18,13,0,0,0,1,1,0,7,3,4
KINNEY COUNTY,271,81 Years,40,24,16,31,17,14,0,0,0,0,0,0,9,7,2
KINNEY COUNTY,271,82 Years,32,17,15,20,12,8,0,0,0,0,0,0,12,5,7
KINNEY COUNTY,271,83 Years,25,12,13,16,8,8,0,0,0,0,0,0,9,4,5
KINNEY COUNTY,271,84 Years,25,12,13,17,8,9,0,0,0,0,0,0,8,4,4
KINNEY COUNTY,271,85 Years +,88,39,49,52,27,25,1,0,1,0,0,0,35,12,23
KLEBERG COUNTY,273,All Ages,32190,16401,15789,7448,3944,3504,1075,620,455,1045,587,458,22622,11250,11372
KLEBERG COUNTY,273,< 1 Year,519,267,252,95,49,46,17,10,7,18,10,8,389,198,191
KLEBERG COUNTY,273,1 Years,520,269,251,79,39,40,21,11,10,17,10,7,403,209,194
KLEBERG COUNTY,273,2 Years,487,251,236,64,37,27,21,10,11,12,7,5,390,197,193
KLEBERG COUNTY,273,3 Years,509,260,249,76,44,32,13,4,9,9,4,5,411,208,203
KLEBERG COUNTY,273,4 Years,484,236,248,76,41,35,6,2,4,11,5,6,391,188,203
KLEBERG COUNTY,273,5 Years,462,237,225,65,35,30,15,9,6,14,8,6,368,185,183
KLEBERG COUNTY,273,6 Years,441,235,206,66,35,31,12,6,6,14,8,6,349,186,163
KLEBERG COUNTY,273,7 Years,451,234,217,71,40,31,8,4,4,13,6,7,359,184,175
KLEBERG COUNTY,273,8 Years,457,242,215,61,35,26,9,6,3,10,5,5,377,196,181
KLEBERG COUNTY,273,9 Years,447,224,223,58,31,27,11,8,3,7,4,3,371,181,190
KLEBERG COUNTY,273,10 Years,433,205,228,53,28,25,7,3,4,9,3,6,364,171,193
KLEBERG COUNTY,273,11 Years,420,226,194,59,34,25,12,7,5,10,7,3,339,178,161
KLEBERG COUNTY,273,12 Years,403,223,180,58,34,24,14,4,10,3,2,1,328,183,145
KLEBERG COUNTY,273,13 Years,399,225,174,61,35,26,8,4,4,7,4,3,323,182,141
KLEBERG COUNTY,273,14 Years,392,199,193,62,31,31,8,2,6,7,2,5,315,164,151
KLEBERG COUNTY,273,15 Years,406,209,197,56,31,25,14,9,5,5,2,3,331,167,164
KLEBERG COUNTY,273,16 Years,448,243,205,71,37,34,13,9,4,9,4,5,355,193,162
KLEBERG COUNTY,273,17 Years,494,245,249,90,42,48,13,10,3,10,5,5,381,188,193
KLEBERG COUNTY,273,18 Years,673,348,325,107,54,53,32,18,14,16,9,7,518,267,251
KLEBERG COUNTY,273,19 Years,1055,583,472,192,113,79,85,56,29,22,16,6,756,398,358
KLEBERG COUNTY,273,20 Years,776,420,356,158,101,57,45,32,13,14,10,4,559,277,282
KLEBERG COUNTY,273,21 Years,882,484,398,191,118,73,46,31,15,34,19,15,611,316,295
KLEBERG COUNTY,273,22 Years,825,467,358,181,105,76,36,22,14,57,37,20,551,303,248
KLEBERG COUNTY,273,23 Years,825,454,371,187,110,77,47,28,19,87,53,34,504,263,241
KLEBERG COUNTY,273,24 Years,757,419,338,199,115,84,30,21,9,87,59,28,441,224,217
KLEBERG COUNTY,273,25 Years,638,368,270,169,113,56,28,21,7,61,52,9,380,182,198
KLEBERG COUNTY,273,26 Years,560,309,251,150,94,56,25,16,9,42,27,15,343,172,171
KLEBERG COUNTY,273,27 Years,508,277,231,129,70,59,22,14,8,31,18,13,326,175,151
KLEBERG COUNTY,273,28 Years,492,261,231,100,53,47,18,12,6,30,16,14,344,180,164
KLEBERG COUNTY,273,29 Years,435,217,218,93,43,50,17,12,5,14,7,7,311,155,156
KLEBERG COUNTY,273,30 Years,412,222,190,80,48,32,16,14,2,16,7,9,300,153,147
KLEBERG COUNTY,273,31 Years,401,213,188,95,57,38,8,6,2,15,8,7,283,142,141
KLEBERG COUNTY,273,32 Years,333,177,156,85,47,38,12,7,5,10,6,4,226,117,109
KLEBERG COUNTY,273,33 Years,321,156,165,83,41,42,4,3,1,10,4,6,224,108,116
KLEBERG COUNTY,273,34 Years,316,160,156,67,40,27,6,3,3,11,6,5,232,111,121
KLEBERG COUNTY,273,35 Years,279,135,144,54,23,31,10,4,6,8,5,3,207,103,104
KLEBERG COUNTY,273,36 Years,340,178,162,69,38,31,14,6,8,10,6,4,247,128,119
KLEBERG COUNTY,273,37 Years,342,171,171,73,39,34,10,7,3,9,4,5,250,121,129
KLEBERG COUNTY,273,38 Years,346,169,177,70,34,36,7,3,4,13,6,7,256,126,130
KLEBERG COUNTY,273,39 Years,364,186,178,76,43,33,8,4,4,11,5,6,269,134,135
KLEBERG COUNTY,273,40 Years,368,197,171,83,42,41,17,12,5,10,4,6,258,139,119
KLEBERG COUNTY,273,41 Years,344,150,194,77,32,45,9,4,5,7,1,6,251,113,138
KLEBERG COUNTY,273,42 Years,328,163,165,70,40,30,8,2,6,6,4,2,244,117,127
KLEBERG COUNTY,273,43 Years,329,167,162,67,38,29,13,4,9,8,3,5,241,122,119
KLEBERG COUNTY,273,44 Years,293,148,145,60,33,27,14,7,7,7,5,2,212,103,109
KLEBERG COUNTY,273,45 Years,310,150,160,74,36,38,8,1,7,9,4,5,219,109,110
KLEBERG COUNTY,273,46 Years,346,160,186,80,43,37,7,3,4,10,6,4,249,108,141
KLEBERG COUNTY,273,47 Years,366,186,180,82,42,40,11,5,6,6,3,3,267,136,131
KLEBERG COUNTY,273,48 Years,379,176,203,91,37,54,11,6,5,10,4,6,267,129,138
KLEBERG COUNTY,273,49 Years,341,166,175,90,42,48,11,6,5,7,3,4,233,115,118
KLEBERG COUNTY,273,50 Years,347,178,169,99,51,48,6,4,2,6,3,3,236,120,116
KLEBERG COUNTY,273,51 Years,355,192,163,101,53,48,8,6,2,8,3,5,238,130,108
KLEBERG COUNTY,273,52 Years,328,156,172,96,41,55,10,5,5,6,3,3,216,107,109
KLEBERG COUNTY,273,53 Years,354,177,177,108,58,50,11,4,7,11,6,5,224,109,115
KLEBERG COUNTY,273,54 Years,365,177,188,95,47,48,10,6,4,9,4,5,251,120,131
KLEBERG COUNTY,273,55 Years,355,170,185,96,43,53,9,3,6,8,4,4,242,120,122
KLEBERG COUNTY,273,56 Years,380,176,204,106,49,57,12,5,7,7,2,5,255,120,135
KLEBERG COUNTY,273,57 Years,352,159,193,96,44,52,7,1,6,6,0,6,243,114,129
KLEBERG COUNTY,273,58 Years,312,165,147,96,51,45,7,6,1,7,2,5,202,106,96
KLEBERG COUNTY,273,59 Years,316,167,149,102,56,46,6,5,1,4,1,3,204,105,99
KLEBERG COUNTY,273,60 Years,299,142,157,86,49,37,7,5,2,5,1,4,201,87,114
KLEBERG COUNTY,273,61 Years,310,156,154,106,61,45,8,3,5,7,5,2,189,87,102
KLEBERG COUNTY,273,62 Years,297,151,146,102,54,48,9,4,5,7,4,3,179,89,90
KLEBERG COUNTY,273,63 Years,282,125,157,81,37,44,3,1,2,6,0,6,192,87,105
KLEBERG COUNTY,273,64 Years,288,140,148,87,44,43,5,4,1,4,1,3,192,91,101
KLEBERG COUNTY,273,65 Years,266,130,136,90,47,43,8,4,4,5,3,2,163,76,87
KLEBERG COUNTY,273,66 Years,270,135,135,82,38,44,13,7,6,5,2,3,170,88,82
KLEBERG COUNTY,273,67 Years,242,105,137,77,31,46,10,6,4,6,1,5,149,67,82
KLEBERG COUNTY,273,68 Years,227,101,126,75,35,40,6,3,3,4,2,2,142,61,81
KLEBERG COUNTY,273,69 Years,213,107,106,87,43,44,6,3,3,5,4,1,115,57,58
KLEBERG COUNTY,273,70 Years,181,94,87,76,46,30,5,2,3,3,1,2,97,45,52
KLEBERG COUNTY,273,71 Years,193,93,100,76,43,33,5,2,3,5,2,3,107,46,61
KLEBERG COUNTY,273,72 Years,214,92,122,81,39,42,2,1,1,9,6,3,122,46,76
KLEBERG COUNTY,273,73 Years,175,75,100,60,31,29,9,6,3,3,1,2,103,37,66
KLEBERG COUNTY,273,74 Years,172,80,92,61,31,30,8,4,4,3,1,2,100,44,56
KLEBERG COUNTY,273,75 Years,167,72,95,57,29,28,4,3,1,2,1,1,104,39,65
KLEBERG COUNTY,273,76 Years,158,71,87,51,29,22,1,1,0,2,1,1,104,40,64
KLEBERG COUNTY,273,77 Years,129,64,65,44,25,19,2,2,0,2,2,0,81,35,46
KLEBERG COUNTY,273,78 Years,124,59,65,44,23,21,1,0,1,4,2,2,75,34,41
KLEBERG COUNTY,273,79 Years,118,55,63,46,20,26,2,1,1,2,1,1,68,33,35
KLEBERG COUNTY,273,80 Years,121,50,71,49,21,28,1,1,0,0,0,0,71,28,43
KLEBERG COUNTY,273,81 Years,108,44,64,50,20,30,1,1,0,0,0,0,57,23,34
KLEBERG COUNTY,273,82 Years,102,47,55,49,22,27,1,0,1,1,1,0,51,24,27
KLEBERG COUNTY,273,83 Years,80,36,44,29,14,15,1,0,1,1,0,1,49,22,27
KLEBERG COUNTY,273,84 Years,84,33,51,34,12,22,2,1,1,2,1,1,46,19,27
KLEBERG COUNTY,273,85 Years +,450,160,290,170,65,105,12,2,10,7,3,4,261,90,171
KNOX COUNTY,275,All Ages,3644,1793,1851,2287,1114,1173,204,93,111,58,33,25,1095,553,542
KNOX COUNTY,275,< 1 Year,46,24,22,24,13,11,2,1,1,0,0,0,20,10,10
KNOX COUNTY,275,1 Years,55,24,31,23,9,14,1,1,0,2,0,2,29,14,15
KNOX COUNTY,275,2 Years,54,34,20,26,12,14,0,0,0,2,2,0,26,20,6
KNOX COUNTY,275,3 Years,58,31,27,28,12,16,0,0,0,4,3,1,26,16,10
KNOX COUNTY,275,4 Years,58,27,31,31,13,18,1,1,0,2,2,0,24,11,13
KNOX COUNTY,275,5 Years,48,22,26,19,11,8,2,2,0,2,1,1,25,8,17
KNOX COUNTY,275,6 Years,55,26,29,27,14,13,5,3,2,0,0,0,23,9,14
KNOX COUNTY,275,7 Years,45,22,23,22,9,13,3,2,1,1,1,0,19,10,9
KNOX COUNTY,275,8 Years,45,20,25,17,9,8,1,0,1,1,0,1,26,11,15
KNOX COUNTY,275,9 Years,51,22,29,27,14,13,5,1,4,1,0,1,18,7,11
KNOX COUNTY,275,10 Years,55,35,20,24,15,9,8,4,4,1,0,1,22,16,6
KNOX COUNTY,275,11 Years,55,28,27,26,11,15,8,6,2,1,1,0,20,10,10
KNOX COUNTY,275,12 Years,59,26,33,33,14,19,6,3,3,3,1,2,17,8,9
KNOX COUNTY,275,13 Years,45,17,28,23,9,14,5,2,3,1,0,1,16,6,10
KNOX COUNTY,275,14 Years,41,19,22,15,5,10,2,1,1,1,1,0,23,12,11
KNOX COUNTY,275,15 Years,51,26,25,24,11,13,3,2,1,1,1,0,23,12,11
KNOX COUNTY,275,16 Years,49,26,23,25,14,11,6,3,3,1,1,0,17,8,9
KNOX COUNTY,275,17 Years,43,21,22,21,10,11,6,2,4,1,1,0,15,8,7
KNOX COUNTY,275,18 Years,51,26,25,20,11,9,4,3,1,2,1,1,25,11,14
KNOX COUNTY,275,19 Years,51,25,26,23,13,10,7,4,3,2,1,1,19,7,12
KNOX COUNTY,275,20 Years,38,15,23,14,5,9,5,3,2,2,1,1,17,6,11
KNOX COUNTY,275,21 Years,32,14,18,13,7,6,1,0,1,2,1,1,16,6,10
KNOX COUNTY,275,22 Years,24,12,12,12,7,5,2,1,1,0,0,0,10,4,6
KNOX COUNTY,275,23 Years,25,13,12,13,6,7,0,0,0,0,0,0,12,7,5
KNOX COUNTY,275,24 Years,29,14,15,19,9,10,0,0,0,0,0,0,10,5,5
KNOX COUNTY,275,25 Years,38,18,20,23,14,9,2,1,1,0,0,0,13,3,10
KNOX COUNTY,275,26 Years,47,26,21,28,16,12,3,3,0,0,0,0,16,7,9
KNOX COUNTY,275,27 Years,39,19,20,24,11,13,3,1,2,2,1,1,10,6,4
KNOX COUNTY,275,28 Years,45,24,21,27,15,12,3,1,2,1,0,1,14,8,6
KNOX COUNTY,275,29 Years,34,16,18,20,10,10,1,0,1,0,0,0,13,6,7
KNOX COUNTY,275,30 Years,42,22,20,26,13,13,1,0,1,1,1,0,14,8,6
KNOX COUNTY,275,31 Years,44,24,20,27,14,13,1,0,1,0,0,0,16,10,6
KNOX COUNTY,275,32 Years,32,14,18,18,7,11,3,1,2,0,0,0,11,6,5
KNOX COUNTY,275,33 Years,42,25,17,24,13,11,3,2,1,1,1,0,14,9,5
KNOX COUNTY,275,34 Years,42,25,17,30,18,12,2,2,0,0,0,0,10,5,5
KNOX COUNTY,275,35 Years,35,19,16,22,12,10,1,1,0,0,0,0,12,6,6
KNOX COUNTY,275,36 Years,43,23,20,22,12,10,1,1,0,0,0,0,20,10,10
KNOX COUNTY,275,37 Years,34,18,16,18,10,8,2,1,1,0,0,0,14,7,7
KNOX COUNTY,275,38 Years,35,17,18,24,11,13,3,1,2,0,0,0,8,5,3
KNOX COUNTY,275,39 Years,31,11,20,16,4,12,2,0,2,1,1,0,12,6,6
KNOX COUNTY,275,40 Years,45,19,26,25,10,15,2,1,1,1,1,0,17,7,10
KNOX COUNTY,275,41 Years,49,23,26,33,17,16,1,1,0,0,0,0,15,5,10
KNOX COUNTY,275,42 Years,37,19,18,21,11,10,4,1,3,0,0,0,12,7,5
KNOX COUNTY,275,43 Years,39,20,19,23,13,10,5,1,4,0,0,0,11,6,5
KNOX COUNTY,275,44 Years,39,19,20,20,11,9,4,1,3,1,1,0,14,6,8
KNOX COUNTY,275,45 Years,41,22,19,23,11,12,4,2,2,1,1,0,13,8,5
KNOX COUNTY,275,46 Years,49,26,23,28,13,15,5,3,2,0,0,0,16,10,6
KNOX COUNTY,275,47 Years,45,24,21,25,11,14,4,3,1,0,0,0,16,10,6
KNOX COUNTY,275,48 Years,40,20,20,24,11,13,4,2,2,1,0,1,11,7,4
KNOX COUNTY,275,49 Years,42,24,18,27,16,11,3,2,1,2,1,1,10,5,5
KNOX COUNTY,275,50 Years,50,28,22,37,22,15,3,1,2,0,0,0,10,5,5
KNOX COUNTY,275,51 Years,55,29,26,42,22,20,1,0,1,0,0,0,12,7,5
KNOX COUNTY,275,52 Years,59,31,28,38,22,16,2,0,2,0,0,0,19,9,10
KNOX COUNTY,275,53 Years,55,31,24,39,21,18,1,0,1,0,0,0,15,10,5
KNOX COUNTY,275,54 Years,48,26,22,32,16,16,2,0,2,0,0,0,14,10,4
KNOX COUNTY,275,55 Years,51,30,21,38,21,17,1,1,0,0,0,0,12,8,4
KNOX COUNTY,275,56 Years,49,28,21,36,20,16,1,1,0,0,0,0,12,7,5
KNOX COUNTY,275,57 Years,46,23,23,30,15,15,2,0,2,2,0,2,12,8,4
KNOX COUNTY,275,58 Years,36,20,16,24,14,10,2,0,2,1,0,1,9,6,3
KNOX COUNTY,275,59 Years,55,29,26,43,24,19,2,0,2,1,0,1,9,5,4
KNOX COUNTY,275,60 Years,38,23,15,29,17,12,2,1,1,1,1,0,6,4,2
KNOX COUNTY,275,61 Years,41,21,20,30,15,15,4,1,3,1,1,0,6,4,2
KNOX COUNTY,275,62 Years,35,16,19,29,14,15,2,1,1,0,0,0,4,1,3
KNOX COUNTY,275,63 Years,36,18,18,24,12,12,3,1,2,0,0,0,9,5,4
KNOX COUNTY,275,64 Years,44,20,24,34,17,17,2,0,2,2,1,1,6,2,4
KNOX COUNTY,275,65 Years,38,21,17,30,18,12,1,0,1,0,0,0,7,3,4
KNOX COUNTY,275,66 Years,38,20,18,30,15,15,2,1,1,1,1,0,5,3,2
KNOX COUNTY,275,67 Years,43,16,27,29,12,17,4,1,3,0,0,0,10,3,7
KNOX COUNTY,275,68 Years,31,12,19,24,10,14,2,1,1,1,0,1,4,1,3
KNOX COUNTY,275,69 Years,31,15,16,27,13,14,1,1,0,0,0,0,3,1,2
KNOX COUNTY,275,70 Years,28,17,11,26,16,10,0,0,0,0,0,0,2,1,1
KNOX COUNTY,275,71 Years,34,14,20,27,12,15,0,0,0,0,0,0,7,2,5
KNOX COUNTY,275,72 Years,34,14,20,25,11,14,1,0,1,0,0,0,8,3,5
KNOX COUNTY,275,73 Years,39,15,24,31,11,20,0,0,0,1,1,0,7,3,4
KNOX COUNTY,275,74 Years,42,18,24,34,13,21,1,1,0,0,0,0,7,4,3
KNOX COUNTY,275,75 Years,42,17,25,35,13,22,2,2,0,0,0,0,5,2,3
KNOX COUNTY,275,76 Years,39,15,24,30,11,19,2,1,1,0,0,0,7,3,4
KNOX COUNTY,275,77 Years,34,15,19,29,14,15,1,0,1,0,0,0,4,1,3
KNOX COUNTY,275,78 Years,29,12,17,25,11,14,0,0,0,1,0,1,3,1,2
KNOX COUNTY,275,79 Years,25,11,14,21,8,13,1,1,0,0,0,0,3,2,1
KNOX COUNTY,275,80 Years,28,13,15,22,11,11,2,0,2,0,0,0,4,2,2
KNOX COUNTY,275,81 Years,26,12,14,21,11,10,2,0,2,0,0,0,3,1,2
KNOX COUNTY,275,82 Years,31,14,17,26,13,13,0,0,0,1,1,0,4,0,4
KNOX COUNTY,275,83 Years,23,11,12,19,9,10,0,0,0,0,0,0,4,2,2
KNOX COUNTY,275,84 Years,20,7,13,17,5,12,1,0,1,0,0,0,2,2,0
KNOX COUNTY,275,85 Years +,119,45,74,107,38,69,1,0,1,0,0,0,11,7,4
LAMAR COUNTY,277,All Ages,50190,24275,25915,37908,18391,19517,6730,3117,3613,2150,1007,1143,3402,1760,1642
LAMAR COUNTY,277,< 1 Year,660,340,320,451,231,220,107,55,52,36,19,17,66,35,31
LAMAR COUNTY,277,1 Years,636,320,316,414,214,200,99,50,49,46,20,26,77,36,41
LAMAR COUNTY,277,2 Years,645,322,323,393,197,196,109,58,51,55,28,27,88,39,49
LAMAR COUNTY,277,3 Years,653,337,316,401,202,199,107,62,45,52,30,22,93,43,50
LAMAR COUNTY,277,4 Years,650,331,319,398,209,189,110,59,51,54,27,27,88,36,52
LAMAR COUNTY,277,5 Years,644,325,319,401,205,196,101,54,47,42,22,20,100,44,56
LAMAR COUNTY,277,6 Years,685,342,343,441,222,219,99,45,54,46,21,25,99,54,45
LAMAR COUNTY,277,7 Years,643,327,316,410,210,200,105,55,50,39,18,21,89,44,45
LAMAR COUNTY,277,8 Years,661,335,326,432,218,214,99,49,50,39,19,20,91,49,42
LAMAR COUNTY,277,9 Years,625,318,307,404,210,194,103,48,55,38,18,20,80,42,38
LAMAR COUNTY,277,10 Years,680,366,314,452,248,204,99,52,47,35,18,17,94,48,46
LAMAR COUNTY,277,11 Years,694,353,341,471,238,233,99,54,45,36,19,17,88,42,46
LAMAR COUNTY,277,12 Years,696,344,352,471,236,235,101,48,53,45,22,23,79,38,41
LAMAR COUNTY,277,13 Years,693,346,347,463,230,233,111,54,57,37,17,20,82,45,37
LAMAR COUNTY,277,14 Years,706,360,346,478,248,230,119,60,59,39,18,21,70,34,36
LAMAR COUNTY,277,15 Years,717,365,352,489,247,242,106,61,45,50,23,27,72,34,38
LAMAR COUNTY,277,16 Years,705,354,351,479,232,247,118,67,51,38,19,19,70,36,34
LAMAR COUNTY,277,17 Years,730,370,360,504,250,254,112,55,57,43,23,20,71,42,29
LAMAR COUNTY,277,18 Years,698,386,312,484,272,212,115,57,58,37,21,16,62,36,26
LAMAR COUNTY,277,19 Years,698,375,323,484,268,216,122,63,59,35,14,21,57,30,27
LAMAR COUNTY,277,20 Years,715,348,367,480,243,237,130,59,71,41,15,26,64,31,33
LAMAR COUNTY,277,21 Years,719,351,368,483,234,249,139,64,75,40,19,21,57,34,23
LAMAR COUNTY,277,22 Years,638,297,341,456,213,243,106,47,59,31,14,17,45,23,22
LAMAR COUNTY,277,23 Years,611,295,316,430,213,217,96,42,54,34,13,21,51,27,24
LAMAR COUNTY,277,24 Years,600,296,304,431,209,222,79,35,44,33,18,15,57,34,23
LAMAR COUNTY,277,25 Years,580,292,288,402,199,203,94,46,48,29,18,11,55,29,26
LAMAR COUNTY,277,26 Years,562,286,276,397,205,192,87,38,49,22,14,8,56,29,27
LAMAR COUNTY,277,27 Years,534,269,265,380,200,180,81,33,48,22,10,12,51,26,25
LAMAR COUNTY,277,28 Years,559,268,291,396,195,201,85,34,51,24,9,15,54,30,24
LAMAR COUNTY,277,29 Years,538,255,283,383,183,200,77,33,44,21,8,13,57,31,26
LAMAR COUNTY,277,30 Years,524,263,261,388,195,193,59,23,36,26,13,13,51,32,19
LAMAR COUNTY,277,31 Years,566,277,289,405,204,201,75,32,43,22,9,13,64,32,32
LAMAR COUNTY,277,32 Years,550,266,284,394,191,203,83,38,45,23,14,9,50,23,27
LAMAR COUNTY,277,33 Years,527,257,270,370,181,189,74,31,43,24,11,13,59,34,25
LAMAR COUNTY,277,34 Years,550,276,274,378,194,184,83,35,48,27,14,13,62,33,29
LAMAR COUNTY,277,35 Years,552,276,276,396,207,189,77,36,41,27,11,16,52,22,30
LAMAR COUNTY,277,36 Years,581,285,296,410,204,206,87,39,48,25,10,15,59,32,27
LAMAR COUNTY,277,37 Years,556,275,281,417,199,218,78,42,36,19,12,7,42,22,20
LAMAR COUNTY,277,38 Years,551,255,296,396,185,211,81,34,47,24,11,13,50,25,25
LAMAR COUNTY,277,39 Years,603,290,313,448,218,230,94,40,54,21,11,10,40,21,19
LAMAR COUNTY,277,40 Years,650,309,341,495,237,258,96,41,55,24,11,13,35,20,15
LAMAR COUNTY,277,41 Years,695,326,369,530,250,280,94,43,51,29,12,17,42,21,21
LAMAR COUNTY,277,42 Years,691,332,359,524,252,272,98,43,55,27,10,17,42,27,15
LAMAR COUNTY,277,43 Years,667,325,342,499,249,250,100,44,56,29,11,18,39,21,18
LAMAR COUNTY,277,44 Years,650,317,333,493,243,250,96,43,53,31,12,19,30,19,11
LAMAR COUNTY,277,45 Years,627,304,323,485,237,248,89,43,46,28,11,17,25,13,12
LAMAR COUNTY,277,46 Years,667,337,330,526,272,254,90,44,46,23,9,14,28,12,16
LAMAR COUNTY,277,47 Years,716,340,376,567,280,287,105,41,64,23,11,12,21,8,13
LAMAR COUNTY,277,48 Years,711,336,375,570,273,297,95,43,52,24,9,15,22,11,11
LAMAR COUNTY,277,49 Years,702,336,366,566,272,294,84,38,46,28,12,16,24,14,10
LAMAR COUNTY,277,50 Years,677,323,354,545,263,282,91,42,49,20,9,11,21,9,12
LAMAR COUNTY,277,51 Years,724,346,378,574,270,304,98,51,47,29,14,15,23,11,12
LAMAR COUNTY,277,52 Years,668,328,340,520,259,261,97,42,55,23,11,12,28,16,12
LAMAR COUNTY,277,53 Years,721,358,363,574,286,288,91,40,51,29,15,14,27,17,10
LAMAR COUNTY,277,54 Years,702,334,368,558,267,291,95,40,55,29,14,15,20,13,7
LAMAR COUNTY,277,55 Years,668,330,338,542,270,272,90,42,48,20,7,13,16,11,5
LAMAR COUNTY,277,56 Years,665,332,333,522,264,258,98,46,52,25,9,16,20,13,7
LAMAR COUNTY,277,57 Years,610,301,309,484,248,236,88,34,54,19,9,10,19,10,9
LAMAR COUNTY,277,58 Years,597,292,305,488,244,244,70,30,40,24,9,15,15,9,6
LAMAR COUNTY,277,59 Years,613,283,330,507,233,274,74,30,44,15,7,8,17,13,4
LAMAR COUNTY,277,60 Years,621,295,326,509,246,263,76,31,45,21,11,10,15,7,8
LAMAR COUNTY,277,61 Years,639,309,330,535,255,280,58,31,27,26,12,14,20,11,9
LAMAR COUNTY,277,62 Years,665,301,364,563,258,305,60,25,35,27,10,17,15,8,7
LAMAR COUNTY,277,63 Years,583,269,314,496,228,268,57,26,31,18,8,10,12,7,5
LAMAR COUNTY,277,64 Years,620,301,319,540,261,279,52,28,24,16,6,10,12,6,6
LAMAR COUNTY,277,65 Years,543,263,280,473,226,247,44,25,19,14,6,8,12,6,6
LAMAR COUNTY,277,66 Years,548,256,292,484,229,255,46,19,27,10,5,5,8,3,5
LAMAR COUNTY,277,67 Years,571,261,310,495,230,265,49,19,30,16,8,8,11,4,7
LAMAR COUNTY,277,68 Years,548,261,287,485,237,248,43,14,29,12,6,6,8,4,4
LAMAR COUNTY,277,69 Years,505,253,252,448,225,223,37,14,23,11,8,3,9,6,3
LAMAR COUNTY,277,70 Years,474,220,254,426,195,231,35,17,18,8,4,4,5,4,1
LAMAR COUNTY,277,71 Years,453,199,254,409,182,227,31,12,19,6,2,4,7,3,4
LAMAR COUNTY,277,72 Years,417,195,222,370,178,192,34,12,22,8,2,6,5,3,2
LAMAR COUNTY,277,73 Years,415,199,216,375,184,191,28,11,17,7,2,5,5,2,3
LAMAR COUNTY,277,74 Years,379,175,204,338,159,179,31,13,18,5,1,4,5,2,3
LAMAR COUNTY,277,75 Years,327,147,180,291,133,158,25,11,14,8,2,6,3,1,2
LAMAR COUNTY,277,76 Years,333,149,184,295,135,160,25,8,17,10,4,6,3,2,1
LAMAR COUNTY,277,77 Years,324,147,177,286,132,154,24,9,15,7,4,3,7,2,5
LAMAR COUNTY,277,78 Years,286,121,165,241,103,138,36,14,22,4,3,1,5,1,4
LAMAR COUNTY,277,79 Years,271,115,156,244,103,141,23,9,14,2,1,1,2,2,0
LAMAR COUNTY,277,80 Years,252,103,149,221,90,131,22,9,13,6,2,4,3,2,1
LAMAR COUNTY,277,81 Years,225,98,127,203,89,114,16,6,10,3,2,1,3,1,2
LAMAR COUNTY,277,82 Years,206,85,121,187,75,112,14,6,8,3,2,1,2,2,0
LAMAR COUNTY,277,83 Years,180,70,110,156,55,101,18,10,8,5,4,1,1,1,0
LAMAR COUNTY,277,84 Years,201,76,125,176,68,108,18,6,12,5,2,3,2,0,2
LAMAR COUNTY,277,85 Years +,1048,325,723,933,287,646,83,25,58,16,8,8,16,5,11
LAMB COUNTY,279,All Ages,14092,7031,7061,5962,2908,3054,564,288,276,174,69,105,7392,3766,3626
LAMB COUNTY,279,< 1 Year,219,112,107,59,31,28,6,3,3,1,1,0,153,77,76
LAMB COUNTY,279,1 Years,233,123,110,55,33,22,7,4,3,4,2,2,167,84,83
LAMB COUNTY,279,2 Years,230,120,110,52,25,27,7,3,4,6,3,3,165,89,76
LAMB COUNTY,279,3 Years,216,112,104,50,22,28,10,4,6,3,1,2,153,85,68
LAMB COUNTY,279,4 Years,233,120,113,62,29,33,10,5,5,5,2,3,156,84,72
LAMB COUNTY,279,5 Years,225,114,111,56,24,32,12,9,3,3,1,2,154,80,74
LAMB COUNTY,279,6 Years,227,110,117,55,25,30,11,7,4,5,2,3,156,76,80
LAMB COUNTY,279,7 Years,221,105,116,57,26,31,9,5,4,4,3,1,151,71,80
LAMB COUNTY,279,8 Years,219,118,101,55,28,27,10,6,4,3,1,2,151,83,68
LAMB COUNTY,279,9 Years,230,121,109,59,29,30,16,9,7,4,1,3,151,82,69
LAMB COUNTY,279,10 Years,220,108,112,64,31,33,16,8,8,2,0,2,138,69,69
LAMB COUNTY,279,11 Years,230,113,117,72,31,41,8,3,5,3,1,2,147,78,69
LAMB COUNTY,279,12 Years,228,116,112,71,31,40,13,7,6,4,2,2,140,76,64
LAMB COUNTY,279,13 Years,223,120,103,73,43,30,12,5,7,2,1,1,136,71,65
LAMB COUNTY,279,14 Years,224,125,99,79,51,28,12,6,6,2,1,1,131,67,64
LAMB COUNTY,279,15 Years,216,123,93,73,45,28,6,4,2,1,0,1,136,74,62
LAMB COUNTY,279,16 Years,228,127,101,75,41,34,5,4,1,4,2,2,144,80,64
LAMB COUNTY,279,17 Years,251,144,107,85,52,33,8,3,5,6,5,1,152,84,68
LAMB COUNTY,279,18 Years,230,128,102,77,43,34,9,4,5,4,3,1,140,78,62
LAMB COUNTY,279,19 Years,206,107,99,62,33,29,10,4,6,3,0,3,131,70,61
LAMB COUNTY,279,20 Years,163,89,74,45,24,21,7,3,4,3,0,3,108,62,46
LAMB COUNTY,279,21 Years,162,85,77,44,23,21,6,3,3,1,0,1,111,59,52
LAMB COUNTY,279,22 Years,154,86,68,46,25,21,2,1,1,2,0,2,104,60,44
LAMB COUNTY,279,23 Years,163,84,79,49,25,24,6,5,1,2,0,2,106,54,52
LAMB COUNTY,279,24 Years,143,70,73,30,15,15,4,2,2,2,0,2,107,53,54
LAMB COUNTY,279,25 Years,145,78,67,42,24,18,5,3,2,2,1,1,96,50,46
LAMB COUNTY,279,26 Years,136,57,79,38,18,20,8,5,3,1,1,0,89,33,56
LAMB COUNTY,279,27 Years,152,73,79,47,28,19,8,3,5,1,1,0,96,41,55
LAMB COUNTY,279,28 Years,179,85,94,69,32,37,8,2,6,0,0,0,102,51,51
LAMB COUNTY,279,29 Years,158,84,74,51,26,25,8,5,3,1,1,0,98,52,46
LAMB COUNTY,279,30 Years,156,84,72,47,24,23,8,5,3,1,0,1,100,55,45
LAMB COUNTY,279,31 Years,175,87,88,55,27,28,7,3,4,2,0,2,111,57,54
LAMB COUNTY,279,32 Years,160,74,86,53,24,29,9,4,5,2,0,2,96,46,50
LAMB COUNTY,279,33 Years,158,73,85,49,22,27,10,4,6,2,0,2,97,47,50
LAMB COUNTY,279,34 Years,158,86,72,63,36,27,5,1,4,1,1,0,89,48,41
LAMB COUNTY,279,35 Years,140,72,68,52,27,25,6,1,5,1,1,0,81,43,38
LAMB COUNTY,279,36 Years,149,74,75,51,26,25,5,2,3,1,1,0,92,45,47
LAMB COUNTY,279,37 Years,133,60,73,50,23,27,6,3,3,1,0,1,76,34,42
LAMB COUNTY,279,38 Years,137,70,67,57,28,29,2,1,1,0,0,0,78,41,37
LAMB COUNTY,279,39 Years,123,59,64,45,25,20,2,0,2,0,0,0,76,34,42
LAMB COUNTY,279,40 Years,146,71,75,55,25,30,2,2,0,1,0,1,88,44,44
LAMB COUNTY,279,41 Years,175,91,84,58,28,30,5,2,3,2,1,1,110,60,50
LAMB COUNTY,279,42 Years,167,84,83,53,29,24,8,5,3,1,1,0,105,49,56
LAMB COUNTY,279,43 Years,174,85,89,61,29,32,5,2,3,4,1,3,104,53,51
LAMB COUNTY,279,44 Years,174,94,80,77,40,37,7,5,2,2,1,1,88,48,40
LAMB COUNTY,279,45 Years,170,87,83,66,36,30,4,2,2,0,0,0,100,49,51
LAMB COUNTY,279,46 Years,162,67,95,59,24,35,7,2,5,1,0,1,95,41,54
LAMB COUNTY,279,47 Years,196,95,101,80,39,41,10,7,3,5,0,5,101,49,52
LAMB COUNTY,279,48 Years,203,93,110,100,43,57,10,6,4,3,0,3,90,44,46
LAMB COUNTY,279,49 Years,192,97,95,90,42,48,9,4,5,2,1,1,91,50,41
LAMB COUNTY,279,50 Years,192,99,93,104,58,46,8,3,5,3,2,1,77,36,41
LAMB COUNTY,279,51 Years,194,94,100,119,61,58,6,4,2,4,2,2,65,27,38
LAMB COUNTY,279,52 Years,183,88,95,96,49,47,13,9,4,2,1,1,72,29,43
LAMB COUNTY,279,53 Years,184,96,88,96,52,44,13,6,7,4,1,3,71,37,34
LAMB COUNTY,279,54 Years,183,101,82,106,58,48,9,5,4,4,1,3,64,37,27
LAMB COUNTY,279,55 Years,202,110,92,106,58,48,7,5,2,6,3,3,83,44,39
LAMB COUNTY,279,56 Years,183,94,89,108,56,52,4,2,2,4,2,2,67,34,33
LAMB COUNTY,279,57 Years,189,100,89,105,52,53,5,2,3,3,2,1,76,44,32
LAMB COUNTY,279,58 Years,171,93,78,96,51,45,6,5,1,3,1,2,66,36,30
LAMB COUNTY,279,59 Years,164,89,75,97,50,47,7,3,4,1,1,0,59,35,24
LAMB COUNTY,279,60 Years,141,81,60,84,48,36,3,2,1,2,1,1,52,30,22
LAMB COUNTY,279,61 Years,142,67,75,78,37,41,3,1,2,1,1,0,60,28,32
LAMB COUNTY,279,62 Years,141,63,78,86,37,49,7,5,2,0,0,0,48,21,27
LAMB COUNTY,279,63 Years,123,58,65,70,31,39,6,4,2,0,0,0,47,23,24
LAMB COUNTY,279,64 Years,122,60,62,73,38,35,5,3,2,1,0,1,43,19,24
LAMB COUNTY,279,65 Years,132,54,78,65,31,34,8,3,5,2,0,2,57,20,37
LAMB COUNTY,279,66 Years,120,52,68,65,27,38,4,1,3,2,1,1,49,23,26
LAMB COUNTY,279,67 Years,123,61,62,75,34,41,3,2,1,1,0,1,44,25,19
LAMB COUNTY,279,68 Years,120,59,61,73,35,38,5,3,2,1,0,1,41,21,20
LAMB COUNTY,279,69 Years,119,54,65,79,33,46,2,1,1,1,0,1,37,20,17
LAMB COUNTY,279,70 Years,111,46,65,75,31,44,4,2,2,2,1,1,30,12,18
LAMB COUNTY,279,71 Years,112,52,60,75,36,39,2,0,2,2,1,1,33,15,18
LAMB COUNTY,279,72 Years,102,53,49,70,37,33,5,2,3,1,1,0,26,13,13
LAMB COUNTY,279,73 Years,106,49,57,71,33,38,5,3,2,0,0,0,30,13,17
LAMB COUNTY,279,74 Years,91,40,51,59,22,37,2,1,1,0,0,0,30,17,13
LAMB COUNTY,279,75 Years,106,48,58,72,33,39,3,1,2,0,0,0,31,14,17
LAMB COUNTY,279,76 Years,109,49,60,82,37,45,1,0,1,1,0,1,25,12,13
LAMB COUNTY,279,77 Years,108,47,61,78,33,45,3,2,1,1,0,1,26,12,14
LAMB COUNTY,279,78 Years,84,38,46,66,30,36,2,1,1,0,0,0,16,7,9
LAMB COUNTY,279,79 Years,85,33,52,61,22,39,2,0,2,1,0,1,21,11,10
LAMB COUNTY,279,80 Years,90,35,55,69,26,43,3,1,2,0,0,0,18,8,10
LAMB COUNTY,279,81 Years,81,29,52,61,23,38,4,1,3,1,0,1,15,5,10
LAMB COUNTY,279,82 Years,73,31,42,53,22,31,4,2,2,2,2,0,14,5,9
LAMB COUNTY,279,83 Years,60,25,35,43,19,24,4,2,2,0,0,0,13,4,9
LAMB COUNTY,279,84 Years,45,20,25,35,14,21,1,1,0,0,0,0,9,5,4
LAMB COUNTY,279,85 Years +,289,103,186,238,84,154,9,4,5,2,1,1,40,14,26
LAMPASAS COUNTY,281,All Ages,19928,9838,10090,14909,7334,7575,588,300,288,841,369,472,3590,1835,1755
LAMPASAS COUNTY,281,< 1 Year,235,122,113,161,84,77,3,1,2,9,4,5,62,33,29
LAMPASAS COUNTY,281,1 Years,233,128,105,140,77,63,3,2,1,17,8,9,73,41,32
LAMPASAS COUNTY,281,2 Years,245,128,117,156,78,78,5,2,3,15,10,5,69,38,31
LAMPASAS COUNTY,281,3 Years,243,125,118,152,72,80,4,2,2,17,11,6,70,40,30
LAMPASAS COUNTY,281,4 Years,262,128,134,164,79,85,4,3,1,18,11,7,76,35,41
LAMPASAS COUNTY,281,5 Years,254,118,136,150,70,80,2,1,1,13,7,6,89,40,49
LAMPASAS COUNTY,281,6 Years,266,132,134,169,83,86,6,4,2,15,9,6,76,36,40
LAMPASAS COUNTY,281,7 Years,248,130,118,173,93,80,5,3,2,14,7,7,56,27,29
LAMPASAS COUNTY,281,8 Years,266,144,122,173,92,81,5,2,3,14,9,5,74,41,33
LAMPASAS COUNTY,281,9 Years,260,132,128,166,87,79,4,2,2,15,8,7,75,35,40
LAMPASAS COUNTY,281,10 Years,255,126,129,173,91,82,2,0,2,15,7,8,65,28,37
LAMPASAS COUNTY,281,11 Years,277,145,132,183,94,89,4,2,2,20,7,13,70,42,28
LAMPASAS COUNTY,281,12 Years,276,146,130,180,95,85,8,5,3,18,9,9,70,37,33
LAMPASAS COUNTY,281,13 Years,271,138,133,186,100,86,9,3,6,13,4,9,63,31,32
LAMPASAS COUNTY,281,14 Years,301,143,158,204,95,109,7,2,5,19,12,7,71,34,37
LAMPASAS COUNTY,281,15 Years,311,163,148,204,109,95,12,4,8,18,12,6,77,38,39
LAMPASAS COUNTY,281,16 Years,337,160,177,226,111,115,17,5,12,17,7,10,77,37,40
LAMPASAS COUNTY,281,17 Years,313,170,143,202,111,91,14,7,7,17,11,6,80,41,39
LAMPASAS COUNTY,281,18 Years,288,144,144,189,96,93,19,8,11,13,7,6,67,33,34
LAMPASAS COUNTY,281,19 Years,261,145,116,165,90,75,11,5,6,15,8,7,70,42,28
LAMPASAS COUNTY,281,20 Years,226,126,100,134,74,60,8,6,2,12,6,6,72,40,32
LAMPASAS COUNTY,281,21 Years,189,102,87,125,69,56,12,4,8,3,1,2,49,28,21
LAMPASAS COUNTY,281,22 Years,179,87,92,125,58,67,7,3,4,3,2,1,44,24,20
LAMPASAS COUNTY,281,23 Years,188,98,90,124,63,61,5,4,1,7,4,3,52,27,25
LAMPASAS COUNTY,281,24 Years,199,99,100,129,67,62,5,4,1,10,3,7,55,25,30
LAMPASAS COUNTY,281,25 Years,210,113,97,140,75,65,5,2,3,9,4,5,56,32,24
LAMPASAS COUNTY,281,26 Years,195,83,112,143,59,84,6,2,4,6,1,5,40,21,19
LAMPASAS COUNTY,281,27 Years,185,90,95,132,62,70,6,3,3,6,2,4,41,23,18
LAMPASAS COUNTY,281,28 Years,198,107,91,139,76,63,3,1,2,6,2,4,50,28,22
LAMPASAS COUNTY,281,29 Years,225,113,112,168,87,81,4,2,2,3,1,2,50,23,27
LAMPASAS COUNTY,281,30 Years,216,107,109,171,84,87,5,2,3,4,2,2,36,19,17
LAMPASAS COUNTY,281,31 Years,215,103,112,162,81,81,3,2,1,8,3,5,42,17,25
LAMPASAS COUNTY,281,32 Years,191,93,98,136,66,70,3,3,0,11,6,5,41,18,23
LAMPASAS COUNTY,281,33 Years,210,99,111,149,71,78,4,1,3,9,3,6,48,24,24
LAMPASAS COUNTY,281,34 Years,213,108,105,154,77,77,4,3,1,9,5,4,46,23,23
LAMPASAS COUNTY,281,35 Years,205,102,103,151,74,77,4,3,1,12,6,6,38,19,19
LAMPASAS COUNTY,281,36 Years,223,103,120,162,77,85,6,3,3,13,5,8,42,18,24
LAMPASAS COUNTY,281,37 Years,242,119,123,181,84,97,7,5,2,11,5,6,43,25,18
LAMPASAS COUNTY,281,38 Years,239,118,121,177,87,90,8,5,3,10,6,4,44,20,24
LAMPASAS COUNTY,281,39 Years,236,117,119,172,82,90,8,5,3,12,6,6,44,24,20
LAMPASAS COUNTY,281,40 Years,252,114,138,189,86,103,11,5,6,12,4,8,40,19,21
LAMPASAS COUNTY,281,41 Years,285,137,148,224,110,114,9,5,4,10,6,4,42,16,26
LAMPASAS COUNTY,281,42 Years,280,137,143,213,109,104,9,5,4,12,3,9,46,20,26
LAMPASAS COUNTY,281,43 Years,252,132,120,185,99,86,11,6,5,10,3,7,46,24,22
LAMPASAS COUNTY,281,44 Years,269,127,142,203,99,104,12,4,8,14,6,8,40,18,22
LAMPASAS COUNTY,281,45 Years,282,133,149,208,94,114,19,12,7,9,4,5,46,23,23
LAMPASAS COUNTY,281,46 Years,323,166,157,246,125,121,17,9,8,8,3,5,52,29,23
LAMPASAS COUNTY,281,47 Years,339,180,159,270,142,128,14,9,5,8,3,5,47,26,21
LAMPASAS COUNTY,281,48 Years,302,152,150,233,114,119,8,5,3,10,6,4,51,27,24
LAMPASAS COUNTY,281,49 Years,323,176,147,236,121,115,10,7,3,12,6,6,65,42,23
LAMPASAS COUNTY,281,50 Years,323,167,156,260,130,130,8,5,3,11,5,6,44,27,17
LAMPASAS COUNTY,281,51 Years,289,146,143,229,116,113,8,4,4,10,5,5,42,21,21
LAMPASAS COUNTY,281,52 Years,318,147,171,249,116,133,11,4,7,13,3,10,45,24,21
LAMPASAS COUNTY,281,53 Years,304,147,157,238,111,127,14,8,6,9,3,6,43,25,18
LAMPASAS COUNTY,281,54 Years,293,156,137,229,123,106,12,4,8,9,3,6,43,26,17
LAMPASAS COUNTY,281,55 Years,291,139,152,227,105,122,12,5,7,12,3,9,40,26,14
LAMPASAS COUNTY,281,56 Years,296,135,161,233,111,122,13,4,9,15,3,12,35,17,18
LAMPASAS COUNTY,281,57 Years,265,120,145,220,101,119,7,3,4,9,4,5,29,12,17
LAMPASAS COUNTY,281,58 Years,276,137,139,222,113,109,13,9,4,8,2,6,33,13,20
LAMPASAS COUNTY,281,59 Years,259,128,131,206,103,103,11,6,5,11,1,10,31,18,13
LAMPASAS COUNTY,281,60 Years,251,113,138,197,91,106,7,4,3,18,6,12,29,12,17
LAMPASAS COUNTY,281,61 Years,271,132,139,222,111,111,8,2,6,15,7,8,26,12,14
LAMPASAS COUNTY,281,62 Years,251,120,131,207,99,108,9,4,5,11,5,6,24,12,12
LAMPASAS COUNTY,281,63 Years,271,137,134,224,118,106,9,5,4,11,3,8,27,11,16
LAMPASAS COUNTY,281,64 Years,261,138,123,219,112,107,8,5,3,6,2,4,28,19,9
LAMPASAS COUNTY,281,65 Years,211,114,97,183,96,87,7,5,2,4,1,3,17,12,5
LAMPASAS COUNTY,281,66 Years,203,101,102,171,86,85,6,3,3,9,3,6,17,9,8
LAMPASAS COUNTY,281,67 Years,214,98,116,187,87,100,6,3,3,11,4,7,10,4,6
LAMPASAS COUNTY,281,68 Years,222,98,124,194,85,109,11,6,5,6,1,5,11,6,5
LAMPASAS COUNTY,281,69 Years,205,96,109,174,80,94,9,6,3,4,1,3,18,9,9
LAMPASAS COUNTY,281,70 Years,184,84,100,161,74,87,5,2,3,3,1,2,15,7,8
LAMPASAS COUNTY,281,71 Years,165,83,82,143,71,72,2,2,0,3,1,2,17,9,8
LAMPASAS COUNTY,281,72 Years,164,76,88,144,69,75,1,1,0,8,2,6,11,4,7
LAMPASAS COUNTY,281,73 Years,145,63,82,128,55,73,2,1,1,8,3,5,7,4,3
LAMPASAS COUNTY,281,74 Years,138,69,69,123,60,63,2,2,0,4,2,2,9,5,4
LAMPASAS COUNTY,281,75 Years,150,66,84,129,59,70,3,1,2,2,1,1,16,5,11
LAMPASAS COUNTY,281,76 Years,131,63,68,115,57,58,2,1,1,4,1,3,10,4,6
LAMPASAS COUNTY,281,77 Years,97,42,55,85,36,49,0,0,0,4,3,1,8,3,5
LAMPASAS COUNTY,281,78 Years,99,50,49,88,46,42,0,0,0,3,1,2,8,3,5
LAMPASAS COUNTY,281,79 Years,102,53,49,90,48,42,1,1,0,2,1,1,9,3,6
LAMPASAS COUNTY,281,80 Years,87,47,40,79,44,35,0,0,0,2,0,2,6,3,3
LAMPASAS COUNTY,281,81 Years,88,42,46,80,38,42,0,0,0,3,1,2,5,3,2
LAMPASAS COUNTY,281,82 Years,85,41,44,75,37,38,1,1,0,1,0,1,8,3,5
LAMPASAS COUNTY,281,83 Years,84,36,48,75,34,41,1,0,1,3,1,2,5,1,4
LAMPASAS COUNTY,281,84 Years,80,31,49,75,29,46,0,0,0,2,0,2,3,2,1
LAMPASAS COUNTY,281,85 Years +,362,115,247,331,104,227,2,0,2,6,1,5,23,10,13
LA SALLE COUNTY,283,All Ages,7071,4198,2873,905,466,439,19,18,1,52,29,23,6095,3685,2410
LA SALLE COUNTY,283,< 1 Year,92,47,45,8,4,4,0,0,0,0,0,0,84,43,41
LA SALLE COUNTY,283,1 Years,88,43,45,6,3,3,0,0,0,0,0,0,82,40,42
LA SALLE COUNTY,283,2 Years,83,31,52,6,2,4,0,0,0,1,0,1,76,29,47
LA SALLE COUNTY,283,3 Years,87,49,38,9,5,4,0,0,0,1,1,0,77,43,34
LA SALLE COUNTY,283,4 Years,80,49,31,7,3,4,0,0,0,0,0,0,73,46,27
LA SALLE COUNTY,283,5 Years,79,40,39,7,3,4,0,0,0,1,1,0,71,36,35
LA SALLE COUNTY,283,6 Years,82,48,34,9,5,4,1,0,1,0,0,0,72,43,29
LA SALLE COUNTY,283,7 Years,81,48,33,8,6,2,1,1,0,0,0,0,72,41,31
LA SALLE COUNTY,283,8 Years,79,34,45,7,4,3,1,1,0,1,0,1,70,29,41
LA SALLE COUNTY,283,9 Years,76,30,46,6,2,4,0,0,0,1,0,1,69,28,41
LA SALLE COUNTY,283,10 Years,76,36,40,8,6,2,0,0,0,0,0,0,68,30,38
LA SALLE COUNTY,283,11 Years,85,40,45,9,5,4,0,0,0,1,1,0,75,34,41
LA SALLE COUNTY,283,12 Years,90,43,47,7,4,3,1,1,0,0,0,0,82,38,44
LA SALLE COUNTY,283,13 Years,84,41,43,5,3,2,0,0,0,0,0,0,79,38,41
LA SALLE COUNTY,283,14 Years,86,42,44,11,6,5,0,0,0,0,0,0,75,36,39
LA SALLE COUNTY,283,15 Years,67,37,30,6,5,1,0,0,0,0,0,0,61,32,29
LA SALLE COUNTY,283,16 Years,90,44,46,7,4,3,0,0,0,0,0,0,83,40,43
LA SALLE COUNTY,283,17 Years,99,57,42,9,6,3,0,0,0,0,0,0,90,51,39
LA SALLE COUNTY,283,18 Years,101,62,39,10,7,3,0,0,0,0,0,0,91,55,36
LA SALLE COUNTY,283,19 Years,115,69,46,9,5,4,1,1,0,1,0,1,104,63,41
LA SALLE COUNTY,283,20 Years,113,79,34,11,5,6,1,1,0,0,0,0,101,73,28
LA SALLE COUNTY,283,21 Years,178,128,50,7,4,3,0,0,0,0,0,0,171,124,47
LA SALLE COUNTY,283,22 Years,159,117,42,9,7,2,1,1,0,0,0,0,149,109,40
LA SALLE COUNTY,283,23 Years,254,219,35,12,5,7,0,0,0,1,1,0,241,213,28
LA SALLE COUNTY,283,24 Years,278,235,43,8,5,3,1,1,0,2,1,1,267,228,39
LA SALLE COUNTY,283,25 Years,203,164,39,7,4,3,1,1,0,2,2,0,193,157,36
LA SALLE COUNTY,283,26 Years,174,139,35,12,8,4,0,0,0,5,5,0,157,126,31
LA SALLE COUNTY,283,27 Years,160,127,33,13,9,4,0,0,0,2,2,0,145,116,29
LA SALLE COUNTY,283,28 Years,124,94,30,7,3,4,0,0,0,0,0,0,117,91,26
LA SALLE COUNTY,283,29 Years,118,90,28,8,5,3,0,0,0,0,0,0,110,85,25
LA SALLE COUNTY,283,30 Years,107,82,25,6,3,3,0,0,0,2,2,0,99,77,22
LA SALLE COUNTY,283,31 Years,83,57,26,6,2,4,0,0,0,1,1,0,76,54,22
LA SALLE COUNTY,283,32 Years,89,57,32,8,3,5,0,0,0,1,1,0,80,53,27
LA SALLE COUNTY,283,33 Years,94,55,39,11,4,7,0,0,0,0,0,0,83,51,32
LA SALLE COUNTY,283,34 Years,81,45,36,8,2,6,0,0,0,0,0,0,73,43,30
LA SALLE COUNTY,283,35 Years,59,32,27,3,1,2,1,1,0,1,1,0,54,29,25
LA SALLE COUNTY,283,36 Years,49,27,22,10,6,4,1,1,0,0,0,0,38,20,18
LA SALLE COUNTY,283,37 Years,62,33,29,9,4,5,0,0,0,0,0,0,53,29,24
LA SALLE COUNTY,283,38 Years,69,48,21,8,6,2,0,0,0,2,1,1,59,41,18
LA SALLE COUNTY,283,39 Years,74,50,24,6,4,2,0,0,0,2,1,1,66,45,21
LA SALLE COUNTY,283,40 Years,76,40,36,11,7,4,0,0,0,1,1,0,64,32,32
LA SALLE COUNTY,283,41 Years,92,51,41,12,7,5,0,0,0,0,0,0,80,44,36
LA SALLE COUNTY,283,42 Years,88,51,37,12,5,7,0,0,0,1,1,0,75,45,30
LA SALLE COUNTY,283,43 Years,91,44,47,15,8,7,0,0,0,1,0,1,75,36,39
LA SALLE COUNTY,283,44 Years,102,58,44,9,4,5,0,0,0,0,0,0,93,54,39
LA SALLE COUNTY,283,45 Years,89,53,36,11,7,4,0,0,0,0,0,0,78,46,32
LA SALLE COUNTY,283,46 Years,77,44,33,8,3,5,1,1,0,0,0,0,68,40,28
LA SALLE COUNTY,283,47 Years,80,47,33,11,5,6,0,0,0,0,0,0,69,42,27
LA SALLE COUNTY,283,48 Years,91,56,35,15,6,9,0,0,0,0,0,0,76,50,26
LA SALLE COUNTY,283,49 Years,70,35,35,14,5,9,0,0,0,0,0,0,56,30,26
LA SALLE COUNTY,283,50 Years,72,34,38,14,8,6,1,1,0,0,0,0,57,25,32
LA SALLE COUNTY,283,51 Years,67,37,30,11,6,5,0,0,0,0,0,0,56,31,25
LA SALLE COUNTY,283,52 Years,83,52,31,16,10,6,2,2,0,1,0,1,64,40,24
LA SALLE COUNTY,283,53 Years,73,32,41,11,6,5,1,1,0,1,0,1,60,25,35
LA SALLE COUNTY,283,54 Years,62,29,33,9,4,5,0,0,0,0,0,0,53,25,28
LA SALLE COUNTY,283,55 Years,57,28,29,12,5,7,0,0,0,0,0,0,45,23,22
LA SALLE COUNTY,283,56 Years,62,25,37,14,7,7,0,0,0,0,0,0,48,18,30
LA SALLE COUNTY,283,57 Years,58,24,34,11,3,8,0,0,0,0,0,0,47,21,26
LA SALLE COUNTY,283,58 Years,68,32,36,9,4,5,0,0,0,1,1,0,58,27,31
LA SALLE COUNTY,283,59 Years,66,39,27,16,8,8,0,0,0,1,1,0,49,30,19
LA SALLE COUNTY,283,60 Years,75,32,43,15,6,9,0,0,0,2,0,2,58,26,32
LA SALLE COUNTY,283,61 Years,73,30,43,12,4,8,0,0,0,2,1,1,59,25,34
LA SALLE COUNTY,283,62 Years,67,37,30,20,11,9,0,0,0,0,0,0,47,26,21
LA SALLE COUNTY,283,63 Years,71,43,28,22,11,11,0,0,0,0,0,0,49,32,17
LA SALLE COUNTY,283,64 Years,85,46,39,26,16,10,1,1,0,0,0,0,58,29,29
LA SALLE COUNTY,283,65 Years,75,31,44,21,9,12,0,0,0,1,0,1,53,22,31
LA SALLE COUNTY,283,66 Years,75,33,42,25,10,15,0,0,0,1,0,1,49,23,26
LA SALLE COUNTY,283,67 Years,67,28,39,19,9,10,0,0,0,0,0,0,48,19,29
LA SALLE COUNTY,283,68 Years,56,30,26,17,9,8,0,0,0,0,0,0,39,21,18
LA SALLE COUNTY,283,69 Years,61,29,32,19,9,10,0,0,0,1,1,0,41,19,22
LA SALLE COUNTY,283,70 Years,49,24,25,12,8,4,0,0,0,3,1,2,34,15,19
LA SALLE COUNTY,283,71 Years,43,23,20,11,8,3,0,0,0,1,0,1,31,15,16
LA SALLE COUNTY,283,72 Years,49,27,22,11,7,4,0,0,0,0,0,0,38,20,18
LA SALLE COUNTY,283,73 Years,42,25,17,10,6,4,0,0,0,0,0,0,32,19,13
LA SALLE COUNTY,283,74 Years,38,23,15,9,5,4,0,0,0,0,0,0,29,18,11
LA SALLE COUNTY,283,75 Years,36,14,22,7,2,5,2,2,0,0,0,0,27,10,17
LA SALLE COUNTY,283,76 Years,35,12,23,5,2,3,0,0,0,0,0,0,30,10,20
LA SALLE COUNTY,283,77 Years,44,22,22,10,6,4,0,0,0,0,0,0,34,16,18
LA SALLE COUNTY,283,78 Years,41,23,18,13,7,6,0,0,0,0,0,0,28,16,12
LA SALLE COUNTY,283,79 Years,27,10,17,6,2,4,0,0,0,1,1,0,20,7,13
LA SALLE COUNTY,283,80 Years,25,12,13,7,4,3,0,0,0,0,0,0,18,8,10
LA SALLE COUNTY,283,81 Years,25,12,13,10,5,5,0,0,0,0,0,0,15,7,8
LA SALLE COUNTY,283,82 Years,23,9,14,7,4,3,0,0,0,2,0,2,14,5,9
LA SALLE COUNTY,283,83 Years,15,5,10,2,1,1,0,0,0,1,0,1,12,4,8
LA SALLE COUNTY,283,84 Years,18,5,13,4,0,4,0,0,0,0,0,0,14,5,9
LA SALLE COUNTY,283,85 Years +,84,34,50,21,9,12,0,0,0,2,0,2,61,25,36
LAVACA COUNTY,285,All Ages,19567,9596,9971,14809,7191,7618,1279,633,646,265,132,133,3214,1640,1574
LAVACA COUNTY,285,< 1 Year,203,105,98,126,64,62,13,7,6,3,2,1,61,32,29
LAVACA COUNTY,285,1 Years,228,111,117,126,62,64,22,9,13,5,4,1,75,36,39
LAVACA COUNTY,285,2 Years,210,101,109,117,53,64,14,5,9,6,3,3,73,40,33
LAVACA COUNTY,285,3 Years,249,129,120,142,74,68,21,11,10,6,3,3,80,41,39
LAVACA COUNTY,285,4 Years,283,140,143,160,84,76,27,12,15,2,1,1,94,43,51
LAVACA COUNTY,285,5 Years,265,128,137,157,76,81,20,12,8,4,2,2,84,38,46
LAVACA COUNTY,285,6 Years,257,128,129,147,68,79,19,10,9,7,5,2,84,45,39
LAVACA COUNTY,285,7 Years,260,143,117,158,80,78,20,10,10,8,6,2,74,47,27
LAVACA COUNTY,285,8 Years,247,119,128,149,69,80,17,11,6,8,4,4,73,35,38
LAVACA COUNTY,285,9 Years,235,121,114,147,78,69,16,8,8,7,3,4,65,32,33
LAVACA COUNTY,285,10 Years,247,121,126,159,76,83,22,10,12,2,2,0,64,33,31
LAVACA COUNTY,285,11 Years,246,134,112,154,85,69,30,15,15,4,1,3,58,33,25
LAVACA COUNTY,285,12 Years,250,131,119,173,93,80,19,9,10,6,2,4,52,27,25
LAVACA COUNTY,285,13 Years,243,124,119,171,87,84,11,8,3,5,3,2,56,26,30
LAVACA COUNTY,285,14 Years,260,140,120,174,91,83,16,9,7,9,5,4,61,35,26
LAVACA COUNTY,285,15 Years,257,121,136,176,81,95,18,8,10,5,3,2,58,29,29
LAVACA COUNTY,285,16 Years,255,127,128,176,84,92,21,14,7,4,1,3,54,28,26
LAVACA COUNTY,285,17 Years,251,141,110,170,93,77,24,14,10,6,5,1,51,29,22
LAVACA COUNTY,285,18 Years,255,137,118,171,89,82,26,17,9,7,5,2,51,26,25
LAVACA COUNTY,285,19 Years,231,130,101,162,85,77,21,13,8,3,2,1,45,30,15
LAVACA COUNTY,285,20 Years,177,99,78,116,65,51,15,8,7,4,1,3,42,25,17
LAVACA COUNTY,285,21 Years,167,95,72,107,58,49,11,7,4,5,4,1,44,26,18
LAVACA COUNTY,285,22 Years,162,75,87,101,48,53,12,5,7,3,2,1,46,20,26
LAVACA COUNTY,285,23 Years,153,72,81,96,48,48,16,8,8,2,0,2,39,16,23
LAVACA COUNTY,285,24 Years,171,85,86,116,59,57,13,6,7,4,1,3,38,19,19
LAVACA COUNTY,285,25 Years,172,86,86,110,56,54,14,5,9,2,1,1,46,24,22
LAVACA COUNTY,285,26 Years,176,85,91,116,54,62,8,5,3,2,2,0,50,24,26
LAVACA COUNTY,285,27 Years,175,87,88,113,56,57,9,4,5,3,1,2,50,26,24
LAVACA COUNTY,285,28 Years,200,107,93,135,75,60,14,8,6,2,1,1,49,23,26
LAVACA COUNTY,285,29 Years,202,117,85,127,74,53,16,10,6,2,1,1,57,32,25
LAVACA COUNTY,285,30 Years,176,86,90,116,51,65,15,9,6,1,0,1,44,26,18
LAVACA COUNTY,285,31 Years,182,92,90,116,60,56,12,7,5,0,0,0,54,25,29
LAVACA COUNTY,285,32 Years,193,100,93,123,61,62,14,9,5,2,1,1,54,29,25
LAVACA COUNTY,285,33 Years,189,94,95,127,65,62,11,4,7,4,3,1,47,22,25
LAVACA COUNTY,285,34 Years,160,77,83,109,53,56,10,4,6,3,2,1,38,18,20
LAVACA COUNTY,285,35 Years,186,93,93,117,56,61,20,14,6,6,2,4,43,21,22
LAVACA COUNTY,285,36 Years,197,106,91,137,73,64,11,7,4,6,1,5,43,25,18
LAVACA COUNTY,285,37 Years,193,94,99,142,62,80,9,7,2,5,2,3,37,23,14
LAVACA COUNTY,285,38 Years,190,87,103,139,60,79,13,8,5,3,1,2,35,18,17
LAVACA COUNTY,285,39 Years,202,101,101,148,74,74,14,7,7,1,1,0,39,19,20
LAVACA COUNTY,285,40 Years,209,101,108,147,70,77,18,9,9,1,1,0,43,21,22
LAVACA COUNTY,285,41 Years,217,106,111,157,73,84,17,10,7,2,1,1,41,22,19
LAVACA COUNTY,285,42 Years,216,104,112,170,82,88,15,7,8,2,1,1,29,14,15
LAVACA COUNTY,285,43 Years,219,107,112,169,83,86,14,8,6,4,2,2,32,14,18
LAVACA COUNTY,285,44 Years,239,125,114,184,95,89,16,8,8,1,0,1,38,22,16
LAVACA COUNTY,285,45 Years,230,121,109,179,94,85,16,9,7,5,1,4,30,17,13
LAVACA COUNTY,285,46 Years,274,150,124,221,124,97,15,7,8,4,2,2,34,17,17
LAVACA COUNTY,285,47 Years,259,143,116,209,112,97,11,6,5,4,2,2,35,23,12
LAVACA COUNTY,285,48 Years,277,134,143,222,106,116,15,7,8,3,1,2,37,20,17
LAVACA COUNTY,285,49 Years,288,135,153,240,111,129,17,8,9,4,3,1,27,13,14
LAVACA COUNTY,285,50 Years,280,146,134,237,124,113,17,7,10,2,2,0,24,13,11
LAVACA COUNTY,285,51 Years,277,139,138,234,119,115,20,10,10,1,1,0,22,9,13
LAVACA COUNTY,285,52 Years,279,151,128,238,131,107,12,8,4,4,2,2,25,10,15
LAVACA COUNTY,285,53 Years,301,140,161,246,118,128,17,6,11,3,1,2,35,15,20
LAVACA COUNTY,285,54 Years,295,128,167,242,109,133,14,2,12,5,2,3,34,15,19
LAVACA COUNTY,285,55 Years,293,150,143,235,122,113,18,8,10,4,2,2,36,18,18
LAVACA COUNTY,285,56 Years,296,153,143,249,130,119,14,6,8,2,1,1,31,16,15
LAVACA COUNTY,285,57 Years,305,142,163,258,116,142,18,12,6,1,1,0,28,13,15
LAVACA COUNTY,285,58 Years,288,138,150,248,122,126,19,8,11,1,0,1,20,8,12
LAVACA COUNTY,285,59 Years,291,143,148,247,123,124,15,7,8,2,1,1,27,12,15
LAVACA COUNTY,285,60 Years,286,139,147,236,119,117,16,6,10,3,0,3,31,14,17
LAVACA COUNTY,285,61 Years,288,147,141,245,122,123,14,8,6,1,0,1,28,17,11
LAVACA COUNTY,285,62 Years,287,146,141,245,120,125,18,10,8,3,2,1,21,14,7
LAVACA COUNTY,285,63 Years,303,148,155,258,125,133,18,8,10,6,3,3,21,12,9
LAVACA COUNTY,285,64 Years,298,143,155,251,118,133,18,9,9,4,2,2,25,14,11
LAVACA COUNTY,285,65 Years,251,116,135,212,100,112,19,8,11,2,1,1,18,7,11
LAVACA COUNTY,285,66 Years,210,109,101,184,97,87,12,5,7,1,0,1,13,7,6
LAVACA COUNTY,285,67 Years,224,105,119,195,94,101,10,3,7,2,1,1,17,7,10
LAVACA COUNTY,285,68 Years,249,114,135,212,98,114,14,7,7,2,1,1,21,8,13
LAVACA COUNTY,285,69 Years,228,113,115,202,99,103,12,6,6,1,1,0,13,7,6
LAVACA COUNTY,285,70 Years,209,100,109,176,87,89,15,5,10,1,0,1,17,8,9
LAVACA COUNTY,285,71 Years,174,87,87,149,78,71,13,3,10,2,1,1,10,5,5
LAVACA COUNTY,285,72 Years,187,97,90,167,90,77,8,3,5,4,1,3,8,3,5
LAVACA COUNTY,285,73 Years,190,88,102,173,82,91,10,3,7,2,1,1,5,2,3
LAVACA COUNTY,285,74 Years,190,80,110,172,74,98,7,2,5,1,0,1,10,4,6
LAVACA COUNTY,285,75 Years,183,86,97,167,77,90,6,5,1,2,0,2,8,4,4
LAVACA COUNTY,285,76 Years,161,70,91,139,60,79,10,5,5,1,1,0,11,4,7
LAVACA COUNTY,285,77 Years,157,73,84,133,62,71,12,7,5,1,0,1,11,4,7
LAVACA COUNTY,285,78 Years,155,68,87,137,61,76,8,4,4,0,0,0,10,3,7
LAVACA COUNTY,285,79 Years,137,54,83,119,45,74,4,2,2,0,0,0,14,7,7
LAVACA COUNTY,285,80 Years,149,68,81,133,61,72,6,1,5,0,0,0,10,6,4
LAVACA COUNTY,285,81 Years,129,53,76,115,48,67,7,2,5,0,0,0,7,3,4
LAVACA COUNTY,285,82 Years,111,49,62,98,43,55,6,4,2,1,0,1,6,2,4
LAVACA COUNTY,285,83 Years,106,46,60,96,43,53,4,2,2,1,0,1,5,1,4
LAVACA COUNTY,285,84 Years,102,48,54,91,41,50,4,2,2,1,1,0,6,4,2
LAVACA COUNTY,285,85 Years +,715,224,491,646,203,443,36,6,30,1,0,1,32,15,17
LEE COUNTY,287,All Ages,16680,8447,8233,10769,5327,5442,1778,945,833,317,159,158,3816,2016,1800
LEE COUNTY,287,< 1 Year,184,94,90,99,49,50,14,7,7,2,2,0,69,36,33
LEE COUNTY,287,1 Years,202,109,93,102,54,48,16,8,8,4,3,1,80,44,36
LEE COUNTY,287,2 Years,211,103,108,100,44,56,19,10,9,5,5,0,87,44,43
LEE COUNTY,287,3 Years,211,102,109,100,47,53,19,10,9,7,4,3,85,41,44
LEE COUNTY,287,4 Years,222,106,116,106,44,62,14,7,7,10,7,3,92,48,44
LEE COUNTY,287,5 Years,218,101,117,101,42,59,11,4,7,12,5,7,94,50,44
LEE COUNTY,287,6 Years,208,102,106,106,53,53,16,7,9,11,5,6,75,37,38
LEE COUNTY,287,7 Years,228,108,120,117,57,60,19,10,9,10,5,5,82,36,46
LEE COUNTY,287,8 Years,220,89,131,116,49,67,21,6,15,7,3,4,76,31,45
LEE COUNTY,287,9 Years,215,102,113,116,59,57,16,5,11,8,4,4,75,34,41
LEE COUNTY,287,10 Years,236,125,111,126,68,58,15,8,7,10,4,6,85,45,40
LEE COUNTY,287,11 Years,236,131,105,122,73,49,20,11,9,9,3,6,85,44,41
LEE COUNTY,287,12 Years,241,128,113,133,70,63,27,17,10,10,5,5,71,36,35
LEE COUNTY,287,13 Years,231,119,112,124,67,57,19,9,10,6,3,3,82,40,42
LEE COUNTY,287,14 Years,245,127,118,129,69,60,21,11,10,8,4,4,87,43,44
LEE COUNTY,287,15 Years,266,146,120,146,78,68,25,17,8,5,3,2,90,48,42
LEE COUNTY,287,16 Years,296,152,144,156,77,79,37,22,15,8,2,6,95,51,44
LEE COUNTY,287,17 Years,309,189,120,149,82,67,46,35,11,8,5,3,106,67,39
LEE COUNTY,287,18 Years,311,193,118,130,73,57,63,45,18,6,4,2,112,71,41
LEE COUNTY,287,19 Years,289,186,103,136,86,50,55,40,15,5,3,2,93,57,36
LEE COUNTY,287,20 Years,197,116,81,94,56,38,28,23,5,3,1,2,72,36,36
LEE COUNTY,287,21 Years,169,99,70,73,47,26,32,21,11,4,2,2,60,29,31
LEE COUNTY,287,22 Years,175,99,76,76,44,32,29,19,10,3,2,1,67,34,33
LEE COUNTY,287,23 Years,172,85,87,93,45,48,17,8,9,4,1,3,58,31,27
LEE COUNTY,287,24 Years,168,90,78,96,45,51,16,9,7,1,1,0,55,35,20
LEE COUNTY,287,25 Years,157,78,79,82,38,44,19,10,9,0,0,0,56,30,26
LEE COUNTY,287,26 Years,174,88,86,111,54,57,17,8,9,2,1,1,44,25,19
LEE COUNTY,287,27 Years,147,77,70,85,43,42,13,6,7,2,0,2,47,28,19
LEE COUNTY,287,28 Years,162,74,88,86,36,50,17,10,7,5,3,2,54,25,29
LEE COUNTY,287,29 Years,174,85,89,106,50,56,18,8,10,2,1,1,48,26,22
LEE COUNTY,287,30 Years,181,91,90,110,52,58,18,11,7,1,1,0,52,27,25
LEE COUNTY,287,31 Years,182,108,74,113,66,47,13,9,4,3,2,1,53,31,22
LEE COUNTY,287,32 Years,193,104,89,122,63,59,10,6,4,3,1,2,58,34,24
LEE COUNTY,287,33 Years,188,93,95,121,57,64,11,7,4,5,2,3,51,27,24
LEE COUNTY,287,34 Years,183,85,98,122,55,67,11,5,6,2,1,1,48,24,24
LEE COUNTY,287,35 Years,170,80,90,111,48,63,13,5,8,2,0,2,44,27,17
LEE COUNTY,287,36 Years,167,85,82,98,50,48,19,9,10,6,3,3,44,23,21
LEE COUNTY,287,37 Years,179,97,82,118,64,54,16,11,5,3,1,2,42,21,21
LEE COUNTY,287,38 Years,185,102,83,123,65,58,16,10,6,0,0,0,46,27,19
LEE COUNTY,287,39 Years,190,97,93,115,60,55,21,11,10,0,0,0,54,26,28
LEE COUNTY,287,40 Years,189,96,93,120,61,59,26,13,13,3,1,2,40,21,19
LEE COUNTY,287,41 Years,207,91,116,129,60,69,30,12,18,4,2,2,44,17,27
LEE COUNTY,287,42 Years,213,99,114,125,58,67,23,11,12,5,1,4,60,29,31
LEE COUNTY,287,43 Years,191,92,99,122,58,64,21,9,12,4,2,2,44,23,21
LEE COUNTY,287,44 Years,202,102,100,136,67,69,20,11,9,2,1,1,44,23,21
LEE COUNTY,287,45 Years,216,108,108,142,75,67,17,8,9,2,1,1,55,24,31
LEE COUNTY,287,46 Years,230,107,123,148,69,79,27,11,16,4,0,4,51,27,24
LEE COUNTY,287,47 Years,223,108,115,157,73,84,27,15,12,4,2,2,35,18,17
LEE COUNTY,287,48 Years,241,112,129,175,79,96,27,12,15,6,4,2,33,17,16
LEE COUNTY,287,49 Years,271,130,141,195,90,105,31,16,15,4,3,1,41,21,20
LEE COUNTY,287,50 Years,280,148,132,187,95,92,38,20,18,3,2,1,52,31,21
LEE COUNTY,287,51 Years,268,131,137,183,89,94,32,15,17,4,1,3,49,26,23
LEE COUNTY,287,52 Years,259,130,129,188,90,98,28,14,14,4,4,0,39,22,17
LEE COUNTY,287,53 Years,268,136,132,192,93,99,27,13,14,4,3,1,45,27,18
LEE COUNTY,287,54 Years,263,141,122,189,96,93,37,22,15,2,1,1,35,22,13
LEE COUNTY,287,55 Years,264,132,132,196,96,100,29,16,13,4,3,1,35,17,18
LEE COUNTY,287,56 Years,271,143,128,215,114,101,24,11,13,2,1,1,30,17,13
LEE COUNTY,287,57 Years,240,130,110,183,99,84,25,13,12,5,1,4,27,17,10
LEE COUNTY,287,58 Years,214,116,98,159,83,76,26,15,11,5,1,4,24,17,7
LEE COUNTY,287,59 Years,205,114,91,158,92,66,27,12,15,3,1,2,17,9,8
LEE COUNTY,287,60 Years,202,107,95,161,84,77,18,9,9,3,2,1,20,12,8
LEE COUNTY,287,61 Years,200,102,98,156,78,78,23,12,11,2,2,0,19,10,9
LEE COUNTY,287,62 Years,193,99,94,157,79,78,19,10,9,3,2,1,14,8,6
LEE COUNTY,287,63 Years,202,96,106,168,81,87,19,6,13,3,2,1,12,7,5
LEE COUNTY,287,64 Years,196,96,100,165,79,86,17,10,7,2,2,0,12,5,7
LEE COUNTY,287,65 Years,159,85,74,131,71,60,15,6,9,1,1,0,12,7,5
LEE COUNTY,287,66 Years,157,85,72,125,65,60,16,10,6,4,3,1,12,7,5
LEE COUNTY,287,67 Years,160,81,79,126,62,64,16,9,7,3,2,1,15,8,7
LEE COUNTY,287,68 Years,164,76,88,132,64,68,17,4,13,3,1,2,12,7,5
LEE COUNTY,287,69 Years,162,81,81,129,60,69,16,10,6,1,1,0,16,10,6
LEE COUNTY,287,70 Years,154,81,73,126,66,60,16,9,7,3,1,2,9,5,4
LEE COUNTY,287,71 Years,139,69,70,118,60,58,12,5,7,1,0,1,8,4,4
LEE COUNTY,287,72 Years,122,53,69,95,42,53,18,8,10,0,0,0,9,3,6
LEE COUNTY,287,73 Years,128,53,75,93,37,56,23,10,13,3,1,2,9,5,4
LEE COUNTY,287,74 Years,118,59,59,94,46,48,14,8,6,2,1,1,8,4,4
LEE COUNTY,287,75 Years,125,54,71,97,44,53,15,6,9,1,0,1,12,4,8
LEE COUNTY,287,76 Years,116,53,63,92,44,48,15,6,9,1,0,1,8,3,5
LEE COUNTY,287,77 Years,92,47,45,77,38,39,12,7,5,0,0,0,3,2,1
LEE COUNTY,287,78 Years,84,40,44,70,36,34,9,3,6,1,0,1,4,1,3
LEE COUNTY,287,79 Years,90,40,50,75,34,41,9,4,5,1,0,1,5,2,3
LEE COUNTY,287,80 Years,82,43,39,69,35,34,9,5,4,1,1,0,3,2,1
LEE COUNTY,287,81 Years,91,35,56,78,30,48,10,5,5,1,0,1,2,0,2
LEE COUNTY,287,82 Years,89,35,54,76,32,44,9,3,6,1,0,1,3,0,3
LEE COUNTY,287,83 Years,59,24,35,49,22,27,6,1,5,0,0,0,4,1,3
LEE COUNTY,287,84 Years,56,21,35,51,20,31,3,1,2,0,0,0,2,0,2
LEE COUNTY,287,85 Years +,333,121,212,291,102,189,33,14,19,0,0,0,9,5,4
LEON COUNTY,289,All Ages,17141,8574,8567,13285,6606,6679,1188,572,616,289,122,167,2379,1274,1105
LEON COUNTY,289,< 1 Year,201,105,96,142,71,71,10,7,3,4,3,1,45,24,21
LEON COUNTY,289,1 Years,208,100,108,149,74,75,8,2,6,5,1,4,46,23,23
LEON COUNTY,289,2 Years,199,111,88,128,72,56,11,6,5,7,4,3,53,29,24
LEON COUNTY,289,3 Years,198,107,91,123,70,53,10,5,5,5,2,3,60,30,30
LEON COUNTY,289,4 Years,204,113,91,135,73,62,7,3,4,3,2,1,59,35,24
LEON COUNTY,289,5 Years,216,108,108,144,71,73,13,7,6,3,1,2,56,29,27
LEON COUNTY,289,6 Years,202,100,102,135,67,68,13,6,7,3,1,2,51,26,25
LEON COUNTY,289,7 Years,198,104,94,127,70,57,9,4,5,6,2,4,56,28,28
LEON COUNTY,289,8 Years,192,82,110,124,52,72,12,8,4,1,0,1,55,22,33
LEON COUNTY,289,9 Years,218,101,117,150,67,83,10,6,4,4,2,2,54,26,28
LEON COUNTY,289,10 Years,206,100,106,131,66,65,20,7,13,4,2,2,51,25,26
LEON COUNTY,289,11 Years,207,103,104,144,72,72,16,9,7,3,1,2,44,21,23
LEON COUNTY,289,12 Years,220,114,106,158,83,75,11,6,5,6,2,4,45,23,22
LEON COUNTY,289,13 Years,232,133,99,164,100,64,17,9,8,5,2,3,46,22,24
LEON COUNTY,289,14 Years,217,120,97,159,88,71,14,9,5,5,1,4,39,22,17
LEON COUNTY,289,15 Years,206,97,109,148,68,80,11,4,7,4,2,2,43,23,20
LEON COUNTY,289,16 Years,228,123,105,157,84,73,15,6,9,5,1,4,51,32,19
LEON COUNTY,289,17 Years,224,119,105,149,78,71,15,7,8,8,2,6,52,32,20
LEON COUNTY,289,18 Years,225,110,115,144,67,77,18,10,8,6,4,2,57,29,28
LEON COUNTY,289,19 Years,200,111,89,129,69,60,14,8,6,5,4,1,52,30,22
LEON COUNTY,289,20 Years,176,91,85,124,62,62,9,4,5,1,0,1,42,25,17
LEON COUNTY,289,21 Years,148,75,73,91,41,50,13,8,5,4,2,2,40,24,16
LEON COUNTY,289,22 Years,140,70,70,90,40,50,8,4,4,3,2,1,39,24,15
LEON COUNTY,289,23 Years,143,75,68,96,50,46,10,4,6,4,2,2,33,19,14
LEON COUNTY,289,24 Years,156,75,81,106,52,54,6,3,3,4,1,3,40,19,21
LEON COUNTY,289,25 Years,174,87,87,123,63,60,12,5,7,2,1,1,37,18,19
LEON COUNTY,289,26 Years,166,82,84,115,52,63,9,6,3,0,0,0,42,24,18
LEON COUNTY,289,27 Years,166,85,81,113,52,61,11,8,3,0,0,0,42,25,17
LEON COUNTY,289,28 Years,155,76,79,103,51,52,12,7,5,2,0,2,38,18,20
LEON COUNTY,289,29 Years,153,80,73,109,57,52,11,6,5,0,0,0,33,17,16
LEON COUNTY,289,30 Years,160,103,57,114,68,46,9,8,1,2,2,0,35,25,10
LEON COUNTY,289,31 Years,187,95,92,125,60,65,8,5,3,5,1,4,49,29,20
LEON COUNTY,289,32 Years,162,73,89,111,48,63,8,4,4,5,1,4,38,20,18
LEON COUNTY,289,33 Years,173,85,88,120,63,57,9,4,5,4,1,3,40,17,23
LEON COUNTY,289,34 Years,180,92,88,137,72,65,13,4,9,1,0,1,29,16,13
LEON COUNTY,289,35 Years,146,72,74,106,55,51,11,3,8,1,1,0,28,13,15
LEON COUNTY,289,36 Years,167,84,83,119,60,59,9,4,5,1,0,1,38,20,18
LEON COUNTY,289,37 Years,164,77,87,118,53,65,15,7,8,1,0,1,30,17,13
LEON COUNTY,289,38 Years,150,73,77,110,52,58,10,6,4,4,1,3,26,14,12
LEON COUNTY,289,39 Years,191,102,89,135,72,63,11,5,6,4,2,2,41,23,18
LEON COUNTY,289,40 Years,186,99,87,141,76,65,10,5,5,6,4,2,29,14,15
LEON COUNTY,289,41 Years,166,75,91,127,53,74,11,7,4,4,3,1,24,12,12
LEON COUNTY,289,42 Years,150,69,81,116,52,64,15,6,9,3,2,1,16,9,7
LEON COUNTY,289,43 Years,170,75,95,129,52,77,16,8,8,2,1,1,23,14,9
LEON COUNTY,289,44 Years,199,93,106,149,66,83,13,8,5,4,3,1,33,16,17
LEON COUNTY,289,45 Years,196,99,97,147,74,73,13,10,3,5,3,2,31,12,19
LEON COUNTY,289,46 Years,256,126,130,191,93,98,18,12,6,6,1,5,41,20,21
LEON COUNTY,289,47 Years,248,122,126,184,91,93,20,9,11,7,4,3,37,18,19
LEON COUNTY,289,48 Years,241,114,127,192,92,100,17,6,11,6,4,2,26,12,14
LEON COUNTY,289,49 Years,250,131,119,200,105,95,21,10,11,3,1,2,26,15,11
LEON COUNTY,289,50 Years,270,147,123,213,115,98,21,13,8,6,3,3,30,16,14
LEON COUNTY,289,51 Years,280,141,139,230,112,118,20,10,10,5,1,4,25,18,7
LEON COUNTY,289,52 Years,251,128,123,213,110,103,17,7,10,3,1,2,18,10,8
LEON COUNTY,289,53 Years,291,152,139,239,124,115,25,15,10,4,2,2,23,11,12
LEON COUNTY,289,54 Years,266,127,139,218,101,117,24,12,12,7,2,5,17,12,5
LEON COUNTY,289,55 Years,234,108,126,190,92,98,20,6,14,4,2,2,20,8,12
LEON COUNTY,289,56 Years,246,140,106,200,116,84,23,12,11,3,0,3,20,12,8
LEON COUNTY,289,57 Years,268,150,118,224,124,100,22,13,9,6,2,4,16,11,5
LEON COUNTY,289,58 Years,248,130,118,214,109,105,16,10,6,4,3,1,14,8,6
LEON COUNTY,289,59 Years,247,120,127,206,101,105,24,9,15,4,2,2,13,8,5
LEON COUNTY,289,60 Years,228,111,117,186,94,92,25,10,15,5,2,3,12,5,7
LEON COUNTY,289,61 Years,244,121,123,207,103,104,21,12,9,8,3,5,8,3,5
LEON COUNTY,289,62 Years,248,114,134,216,102,114,13,5,8,8,1,7,11,6,5
LEON COUNTY,289,63 Years,259,124,135,230,111,119,12,5,7,3,0,3,14,8,6
LEON COUNTY,289,64 Years,264,127,137,236,110,126,14,7,7,3,3,0,11,7,4
LEON COUNTY,289,65 Years,232,116,116,209,104,105,12,5,7,2,1,1,9,6,3
LEON COUNTY,289,66 Years,239,115,124,219,109,110,14,4,10,2,0,2,4,2,2
LEON COUNTY,289,67 Years,263,138,125,237,127,110,15,7,8,2,1,1,9,3,6
LEON COUNTY,289,68 Years,264,138,126,241,121,120,15,11,4,2,2,0,6,4,2
LEON COUNTY,289,69 Years,233,112,121,211,101,110,12,5,7,2,1,1,8,5,3
LEON COUNTY,289,70 Years,220,107,113,198,95,103,16,8,8,1,1,0,5,3,2
LEON COUNTY,289,71 Years,213,108,105,195,98,97,14,7,7,0,0,0,4,3,1
LEON COUNTY,289,72 Years,214,112,102,194,102,92,13,5,8,0,0,0,7,5,2
LEON COUNTY,289,73 Years,182,90,92,165,81,84,12,7,5,1,0,1,4,2,2
LEON COUNTY,289,74 Years,178,84,94,161,75,86,13,7,6,1,0,1,3,2,1
LEON COUNTY,289,75 Years,156,80,76,139,74,65,11,4,7,4,1,3,2,1,1
LEON COUNTY,289,76 Years,160,75,85,143,68,75,13,4,9,2,1,1,2,2,0
LEON COUNTY,289,77 Years,140,70,70,127,65,62,9,3,6,0,0,0,4,2,2
LEON COUNTY,289,78 Years,130,63,67,118,58,60,7,2,5,0,0,0,5,3,2
LEON COUNTY,289,79 Years,111,55,56,101,51,50,7,3,4,0,0,0,3,1,2
LEON COUNTY,289,80 Years,101,46,55,91,42,49,10,4,6,0,0,0,0,0,0
LEON COUNTY,289,81 Years,113,58,55,95,48,47,13,6,7,2,1,1,3,3,0
LEON COUNTY,289,82 Years,103,46,57,85,39,46,13,4,9,3,1,2,2,2,0
LEON COUNTY,289,83 Years,83,37,46,73,34,39,8,3,5,1,0,1,1,0,1
LEON COUNTY,289,84 Years,87,38,49,77,34,43,6,2,4,1,0,1,3,2,1
LEON COUNTY,289,85 Years +,355,130,225,303,117,186,46,10,36,4,3,1,2,0,2
LIBERTY COUNTY,291,All Ages,75923,37350,38573,51924,25356,26568,8097,3819,4278,1707,803,904,14195,7372,6823
LIBERTY COUNTY,291,< 1 Year,1076,552,524,658,339,319,90,46,44,32,16,16,296,151,145
LIBERTY COUNTY,291,1 Years,1007,503,504,605,308,297,84,45,39,34,14,20,284,136,148
LIBERTY COUNTY,291,2 Years,1048,541,507,618,325,293,83,43,40,42,21,21,305,152,153
LIBERTY COUNTY,291,3 Years,1050,538,512,618,324,294,82,32,50,41,21,20,309,161,148
LIBERTY COUNTY,291,4 Years,1045,524,521,585,298,287,93,36,57,46,18,28,321,172,149
LIBERTY COUNTY,291,5 Years,1012,504,508,597,298,299,88,44,44,42,16,26,285,146,139
LIBERTY COUNTY,291,6 Years,991,525,466,570,298,272,92,53,39,36,15,21,293,159,134
LIBERTY COUNTY,291,7 Years,1032,537,495,633,328,305,84,44,40,30,12,18,285,153,132
LIBERTY COUNTY,291,8 Years,1037,510,527,619,299,320,99,51,48,27,11,16,292,149,143
LIBERTY COUNTY,291,9 Years,1008,507,501,614,300,314,94,47,47,29,11,18,271,149,122
LIBERTY COUNTY,291,10 Years,1099,574,525,682,360,322,98,49,49,36,19,17,283,146,137
LIBERTY COUNTY,291,11 Years,1116,578,538,713,378,335,86,43,43,30,14,16,287,143,144
LIBERTY COUNTY,291,12 Years,1112,597,515,697,374,323,95,47,48,32,17,15,288,159,129
LIBERTY COUNTY,291,13 Years,1091,586,505,686,372,314,95,46,49,29,18,11,281,150,131
LIBERTY COUNTY,291,14 Years,1090,524,566,674,317,357,110,59,51,31,14,17,275,134,141
LIBERTY COUNTY,291,15 Years,1115,564,551,707,355,352,112,61,51,33,13,20,263,135,128
LIBERTY COUNTY,291,16 Years,1171,599,572,756,384,372,133,72,61,19,10,9,263,133,130
LIBERTY COUNTY,291,17 Years,1130,598,532,740,406,334,108,50,58,23,10,13,259,132,127
LIBERTY COUNTY,291,18 Years,1121,588,533,736,389,347,114,57,57,23,12,11,248,130,118
LIBERTY COUNTY,291,19 Years,1058,537,521,651,328,323,128,61,67,22,13,9,257,135,122
LIBERTY COUNTY,291,20 Years,1029,536,493,606,309,297,141,71,70,21,10,11,261,146,115
LIBERTY COUNTY,291,21 Years,1055,515,540,636,294,342,136,65,71,19,8,11,264,148,116
LIBERTY COUNTY,291,22 Years,948,478,470,570,278,292,130,62,68,17,11,6,231,127,104
LIBERTY COUNTY,291,23 Years,987,488,499,592,288,304,116,47,69,22,18,4,257,135,122
LIBERTY COUNTY,291,24 Years,983,482,501,571,264,307,129,65,64,20,13,7,263,140,123
LIBERTY COUNTY,291,25 Years,1013,482,531,598,282,316,129,56,73,13,6,7,273,138,135
LIBERTY COUNTY,291,26 Years,1024,510,514,621,301,320,141,73,68,21,9,12,241,127,114
LIBERTY COUNTY,291,27 Years,959,459,500,577,273,304,130,64,66,16,8,8,236,114,122
LIBERTY COUNTY,291,28 Years,993,454,539,600,282,318,132,52,80,12,6,6,249,114,135
LIBERTY COUNTY,291,29 Years,1002,461,541,620,278,342,121,54,67,13,8,5,248,121,127
LIBERTY COUNTY,291,30 Years,1004,497,507,628,298,330,114,55,59,16,10,6,246,134,112
LIBERTY COUNTY,291,31 Years,1054,526,528,639,313,326,142,68,74,24,14,10,249,131,118
LIBERTY COUNTY,291,32 Years,1000,478,522,602,294,308,130,48,82,23,12,11,245,124,121
LIBERTY COUNTY,291,33 Years,976,456,520,619,286,333,119,59,60,14,7,7,224,104,120
LIBERTY COUNTY,291,34 Years,976,482,494,611,295,316,118,69,49,20,10,10,227,108,119
LIBERTY COUNTY,291,35 Years,1047,516,531,678,330,348,118,56,62,18,4,14,233,126,107
LIBERTY COUNTY,291,36 Years,952,462,490,621,295,326,99,53,46,18,7,11,214,107,107
LIBERTY COUNTY,291,37 Years,930,457,473,587,288,299,106,52,54,22,11,11,215,106,109
LIBERTY COUNTY,291,38 Years,975,453,522,636,289,347,100,44,56,17,8,9,222,112,110
LIBERTY COUNTY,291,39 Years,1065,502,563,708,323,385,115,57,58,14,8,6,228,114,114
LIBERTY COUNTY,291,40 Years,1101,555,546,729,378,351,129,55,74,16,7,9,227,115,112
LIBERTY COUNTY,291,41 Years,1111,523,588,768,370,398,103,43,60,20,9,11,220,101,119
LIBERTY COUNTY,291,42 Years,1104,532,572,782,377,405,115,52,63,20,10,10,187,93,94
LIBERTY COUNTY,291,43 Years,980,462,518,685,331,354,108,38,70,16,4,12,171,89,82
LIBERTY COUNTY,291,44 Years,960,449,511,657,315,342,99,33,66,14,6,8,190,95,95
LIBERTY COUNTY,291,45 Years,1050,530,520,703,354,349,135,69,66,22,9,13,190,98,92
LIBERTY COUNTY,291,46 Years,1145,562,583,787,406,381,147,53,94,22,11,11,189,92,97
LIBERTY COUNTY,291,47 Years,1141,561,580,803,396,407,130,54,76,16,7,9,192,104,88
LIBERTY COUNTY,291,48 Years,1125,540,585,813,385,428,117,55,62,28,11,17,167,89,78
LIBERTY COUNTY,291,49 Years,1129,554,575,817,395,422,134,61,73,22,11,11,156,87,69
LIBERTY COUNTY,291,50 Years,1140,565,575,828,405,423,135,60,75,26,11,15,151,89,62
LIBERTY COUNTY,291,51 Years,1202,588,614,879,415,464,149,72,77,23,12,11,151,89,62
LIBERTY COUNTY,291,52 Years,1125,543,582,825,382,443,142,74,68,30,15,15,128,72,56
LIBERTY COUNTY,291,53 Years,1110,573,537,833,426,407,126,63,63,34,18,16,117,66,51
LIBERTY COUNTY,291,54 Years,1060,534,526,800,397,403,113,56,57,37,20,17,110,61,49
LIBERTY COUNTY,291,55 Years,1040,522,518,812,403,409,104,50,54,22,12,10,102,57,45
LIBERTY COUNTY,291,56 Years,1035,508,527,796,396,400,110,49,61,25,9,16,104,54,50
LIBERTY COUNTY,291,57 Years,1010,487,523,788,390,398,106,40,66,23,11,12,93,46,47
LIBERTY COUNTY,291,58 Years,963,492,471,747,384,363,108,49,59,18,7,11,90,52,38
LIBERTY COUNTY,291,59 Years,924,456,468,717,341,376,116,63,53,20,10,10,71,42,29
LIBERTY COUNTY,291,60 Years,875,443,432,672,327,345,101,58,43,21,11,10,81,47,34
LIBERTY COUNTY,291,61 Years,876,438,438,711,356,355,87,39,48,17,7,10,61,36,25
LIBERTY COUNTY,291,62 Years,846,401,445,692,331,361,88,48,40,12,4,8,54,18,36
LIBERTY COUNTY,291,63 Years,826,428,398,687,356,331,71,39,32,15,4,11,53,29,24
LIBERTY COUNTY,291,64 Years,818,406,412,688,342,346,67,32,35,13,3,10,50,29,21
LIBERTY COUNTY,291,65 Years,692,352,340,572,288,284,54,27,27,14,7,7,52,30,22
LIBERTY COUNTY,291,66 Years,634,305,329,524,244,280,45,22,23,18,9,9,47,30,17
LIBERTY COUNTY,291,67 Years,647,306,341,551,262,289,48,22,26,13,5,8,35,17,18
LIBERTY COUNTY,291,68 Years,604,298,306,515,254,261,51,23,28,14,9,5,24,12,12
LIBERTY COUNTY,291,69 Years,580,278,302,493,241,252,49,17,32,17,10,7,21,10,11
LIBERTY COUNTY,291,70 Years,499,243,256,418,200,218,42,21,21,13,7,6,26,15,11
LIBERTY COUNTY,291,71 Years,468,242,226,392,207,185,49,26,23,8,2,6,19,7,12
LIBERTY COUNTY,291,72 Years,426,207,219,359,178,181,36,15,21,7,3,4,24,11,13
LIBERTY COUNTY,291,73 Years,384,190,194,326,155,171,29,15,14,9,5,4,20,15,5
LIBERTY COUNTY,291,74 Years,358,182,176,292,147,145,44,22,22,6,3,3,16,10,6
LIBERTY COUNTY,291,75 Years,334,145,189,282,124,158,31,12,19,5,2,3,16,7,9
LIBERTY COUNTY,291,76 Years,307,138,169,257,122,135,31,8,23,5,1,4,14,7,7
LIBERTY COUNTY,291,77 Years,312,133,179,265,113,152,34,14,20,3,1,2,10,5,5
LIBERTY COUNTY,291,78 Years,319,141,178,270,123,147,32,12,20,6,1,5,11,5,6
LIBERTY COUNTY,291,79 Years,284,125,159,233,100,133,30,15,15,6,3,3,15,7,8
LIBERTY COUNTY,291,80 Years,272,121,151,227,95,132,28,14,14,5,5,0,12,7,5
LIBERTY COUNTY,291,81 Years,247,104,143,199,81,118,33,15,18,3,2,1,12,6,6
LIBERTY COUNTY,291,82 Years,205,87,118,172,72,100,22,9,13,1,0,1,10,6,4
LIBERTY COUNTY,291,83 Years,197,79,118,163,67,96,24,8,16,6,2,4,4,2,2
LIBERTY COUNTY,291,84 Years,185,65,120,160,55,105,18,7,11,4,1,3,3,2,1
LIBERTY COUNTY,291,85 Years +,892,277,615,756,230,526,93,34,59,15,3,12,28,10,18
LIMESTONE COUNTY,293,All Ages,23716,12314,11402,14523,7377,7146,4084,2065,2019,461,227,234,4648,2645,2003
LIMESTONE COUNTY,293,< 1 Year,312,158,154,162,82,80,50,26,24,6,4,2,94,46,48
LIMESTONE COUNTY,293,1 Years,307,164,143,137,70,67,54,28,26,12,8,4,104,58,46
LIMESTONE COUNTY,293,2 Years,303,158,145,141,68,73,48,26,22,10,4,6,104,60,44
LIMESTONE COUNTY,293,3 Years,307,152,155,126,59,67,55,29,26,10,4,6,116,60,56
LIMESTONE COUNTY,293,4 Years,317,162,155,130,67,63,61,30,31,11,6,5,115,59,56
LIMESTONE COUNTY,293,5 Years,308,167,141,137,77,60,51,29,22,14,6,8,106,55,51
LIMESTONE COUNTY,293,6 Years,286,156,130,117,62,55,56,30,26,14,8,6,99,56,43
LIMESTONE COUNTY,293,7 Years,292,150,142,136,70,66,65,31,34,8,4,4,83,45,38
LIMESTONE COUNTY,293,8 Years,287,150,137,127,67,60,58,28,30,6,2,4,96,53,43
LIMESTONE COUNTY,293,9 Years,304,165,139,131,70,61,58,30,28,12,4,8,103,61,42
LIMESTONE COUNTY,293,10 Years,313,163,150,150,80,70,62,27,35,9,4,5,92,52,40
LIMESTONE COUNTY,293,11 Years,322,168,154,142,85,57,61,24,37,11,4,7,108,55,53
LIMESTONE COUNTY,293,12 Years,302,159,143,138,78,60,55,30,25,15,7,8,94,44,50
LIMESTONE COUNTY,293,13 Years,299,175,124,150,85,65,46,30,16,13,7,6,90,53,37
LIMESTONE COUNTY,293,14 Years,318,167,151,163,87,76,52,28,24,16,8,8,87,44,43
LIMESTONE COUNTY,293,15 Years,313,163,150,154,80,74,64,32,32,8,6,2,87,45,42
LIMESTONE COUNTY,293,16 Years,323,174,149,157,80,77,73,40,33,8,4,4,85,50,35
LIMESTONE COUNTY,293,17 Years,330,175,155,169,85,84,61,33,28,6,4,2,94,53,41
LIMESTONE COUNTY,293,18 Years,327,175,152,164,90,74,69,42,27,5,1,4,89,42,47
LIMESTONE COUNTY,293,19 Years,326,180,146,169,92,77,69,40,29,5,2,3,83,46,37
LIMESTONE COUNTY,293,20 Years,290,176,114,133,76,57,57,34,23,7,5,2,93,61,32
LIMESTONE COUNTY,293,21 Years,303,181,122,149,89,60,59,32,27,6,2,4,89,58,31
LIMESTONE COUNTY,293,22 Years,322,183,139,159,89,70,70,38,32,8,4,4,85,52,33
LIMESTONE COUNTY,293,23 Years,312,189,123,145,84,61,66,41,25,7,4,3,94,60,34
LIMESTONE COUNTY,293,24 Years,293,166,127,154,79,75,60,39,21,6,4,2,73,44,29
LIMESTONE COUNTY,293,25 Years,298,176,122,163,93,70,57,35,22,2,1,1,76,47,29
LIMESTONE COUNTY,293,26 Years,278,148,130,142,73,69,52,26,26,4,3,1,80,46,34
LIMESTONE COUNTY,293,27 Years,300,180,120,153,92,61,54,29,25,4,2,2,89,57,32
LIMESTONE COUNTY,293,28 Years,319,196,123,162,102,60,59,32,27,8,5,3,90,57,33
LIMESTONE COUNTY,293,29 Years,291,168,123,148,81,67,50,24,26,5,3,2,88,60,28
LIMESTONE COUNTY,293,30 Years,298,175,123,151,87,64,57,30,27,0,0,0,90,58,32
LIMESTONE COUNTY,293,31 Years,312,169,143,166,91,75,58,31,27,1,0,1,87,47,40
LIMESTONE COUNTY,293,32 Years,297,177,120,165,96,69,46,26,20,2,1,1,84,54,30
LIMESTONE COUNTY,293,33 Years,300,163,137,153,87,66,64,27,37,2,1,1,81,48,33
LIMESTONE COUNTY,293,34 Years,258,144,114,141,74,67,50,27,23,3,2,1,64,41,23
LIMESTONE COUNTY,293,35 Years,288,161,127,145,78,67,64,38,26,6,4,2,73,41,32
LIMESTONE COUNTY,293,36 Years,285,163,122,161,90,71,50,27,23,3,2,1,71,44,27
LIMESTONE COUNTY,293,37 Years,241,130,111,132,66,66,36,23,13,3,2,1,70,39,31
LIMESTONE COUNTY,293,38 Years,281,155,126,154,82,72,50,29,21,4,2,2,73,42,31
LIMESTONE COUNTY,293,39 Years,292,159,133,175,91,84,48,26,22,4,1,3,65,41,24
LIMESTONE COUNTY,293,40 Years,289,156,133,170,90,80,54,27,27,7,4,3,58,35,23
LIMESTONE COUNTY,293,41 Years,282,151,131,175,87,88,47,23,24,7,5,2,53,36,17
LIMESTONE COUNTY,293,42 Years,259,136,123,157,79,78,48,27,21,5,3,2,49,27,22
LIMESTONE COUNTY,293,43 Years,264,138,126,160,85,75,44,21,23,5,2,3,55,30,25
LIMESTONE COUNTY,293,44 Years,273,127,146,164,79,85,53,22,31,3,1,2,53,25,28
LIMESTONE COUNTY,293,45 Years,278,147,131,177,89,88,49,26,23,2,1,1,50,31,19
LIMESTONE COUNTY,293,46 Years,327,161,166,209,95,114,55,28,27,6,4,2,57,34,23
LIMESTONE COUNTY,293,47 Years,331,167,164,222,113,109,55,25,30,10,4,6,44,25,19
LIMESTONE COUNTY,293,48 Years,320,181,139,209,124,85,59,30,29,6,1,5,46,26,20
LIMESTONE COUNTY,293,49 Years,347,190,157,234,131,103,63,34,29,3,2,1,47,23,24
LIMESTONE COUNTY,293,50 Years,324,164,160,219,105,114,60,36,24,3,2,1,42,21,21
LIMESTONE COUNTY,293,51 Years,330,160,170,214,101,113,62,31,31,5,2,3,49,26,23
LIMESTONE COUNTY,293,52 Years,335,152,183,211,95,116,78,31,47,6,1,5,40,25,15
LIMESTONE COUNTY,293,53 Years,320,154,166,219,104,115,60,25,35,3,0,3,38,25,13
LIMESTONE COUNTY,293,54 Years,326,167,159,223,116,107,64,30,34,3,3,0,36,18,18
LIMESTONE COUNTY,293,55 Years,347,175,172,254,122,132,61,32,29,7,4,3,25,17,8
LIMESTONE COUNTY,293,56 Years,350,180,170,242,119,123,69,37,32,8,4,4,31,20,11
LIMESTONE COUNTY,293,57 Years,333,166,167,249,121,128,49,24,25,8,4,4,27,17,10
LIMESTONE COUNTY,293,58 Years,297,139,158,210,100,110,55,26,29,5,1,4,27,12,15
LIMESTONE COUNTY,293,59 Years,311,138,173,225,95,130,50,23,27,6,4,2,30,16,14
LIMESTONE COUNTY,293,60 Years,309,147,162,231,109,122,51,24,27,4,3,1,23,11,12
LIMESTONE COUNTY,293,61 Years,287,145,142,216,108,108,49,27,22,5,4,1,17,6,11
LIMESTONE COUNTY,293,62 Years,276,136,140,223,109,114,39,20,19,2,1,1,12,6,6
LIMESTONE COUNTY,293,63 Years,322,155,167,271,129,142,34,15,19,4,2,2,13,9,4
LIMESTONE COUNTY,293,64 Years,313,164,149,259,136,123,39,18,21,2,1,1,13,9,4
LIMESTONE COUNTY,293,65 Years,256,137,119,205,110,95,33,17,16,3,2,1,15,8,7
LIMESTONE COUNTY,293,66 Years,268,135,133,207,105,102,31,13,18,5,2,3,25,15,10
LIMESTONE COUNTY,293,67 Years,285,146,139,231,121,110,35,15,20,3,0,3,16,10,6
LIMESTONE COUNTY,293,68 Years,246,111,135,199,94,105,30,10,20,4,1,3,13,6,7
LIMESTONE COUNTY,293,69 Years,225,104,121,194,93,101,19,6,13,1,1,0,11,4,7
LIMESTONE COUNTY,293,70 Years,225,107,118,191,91,100,22,10,12,3,1,2,9,5,4
LIMESTONE COUNTY,293,71 Years,200,105,95,171,91,80,20,11,9,4,1,3,5,2,3
LIMESTONE COUNTY,293,72 Years,192,93,99,163,80,83,20,9,11,6,3,3,3,1,2
LIMESTONE COUNTY,293,73 Years,153,71,82,133,60,73,15,8,7,2,1,1,3,2,1
LIMESTONE COUNTY,293,74 Years,158,74,84,127,61,66,24,10,14,2,1,1,5,2,3
LIMESTONE COUNTY,293,75 Years,169,73,96,138,61,77,20,8,12,1,0,1,10,4,6
LIMESTONE COUNTY,293,76 Years,169,79,90,139,67,72,20,7,13,3,2,1,7,3,4
LIMESTONE COUNTY,293,77 Years,129,55,74,111,51,60,13,2,11,1,0,1,4,2,2
LIMESTONE COUNTY,293,78 Years,135,60,75,118,51,67,14,7,7,2,1,1,1,1,0
LIMESTONE COUNTY,293,79 Years,121,56,65,96,44,52,18,9,9,3,1,2,4,2,2
LIMESTONE COUNTY,293,80 Years,116,48,68,95,41,54,13,5,8,3,1,2,5,1,4
LIMESTONE COUNTY,293,81 Years,125,50,75,106,44,62,14,5,9,1,0,1,4,1,3
LIMESTONE COUNTY,293,82 Years,114,47,67,96,42,54,12,4,8,3,0,3,3,1,2
LIMESTONE COUNTY,293,83 Years,99,48,51,83,43,40,11,3,8,1,0,1,4,2,2
LIMESTONE COUNTY,293,84 Years,78,42,36,65,36,29,10,4,6,0,0,0,3,2,1
LIMESTONE COUNTY,293,85 Years +,449,137,312,361,116,245,68,13,55,1,1,0,19,7,12
LIPSCOMB COUNTY,295,All Ages,3351,1701,1650,2221,1109,1112,7,2,5,81,38,43,1042,552,490
LIPSCOMB COUNTY,295,< 1 Year,43,23,20,22,11,11,0,0,0,1,1,0,20,11,9
LIPSCOMB COUNTY,295,1 Years,50,29,21,26,14,12,0,0,0,0,0,0,24,15,9
LIPSCOMB COUNTY,295,2 Years,51,28,23,26,16,10,0,0,0,2,1,1,23,11,12
LIPSCOMB COUNTY,295,3 Years,52,24,28,23,13,10,0,0,0,2,0,2,27,11,16
LIPSCOMB COUNTY,295,4 Years,49,22,27,23,9,14,0,0,0,2,1,1,24,12,12
LIPSCOMB COUNTY,295,5 Years,50,26,24,29,18,11,0,0,0,1,1,0,20,7,13
LIPSCOMB COUNTY,295,6 Years,48,19,29,19,9,10,0,0,0,1,1,0,28,9,19
LIPSCOMB COUNTY,295,7 Years,53,26,27,26,11,15,1,1,0,0,0,0,26,14,12
LIPSCOMB COUNTY,295,8 Years,43,20,23,23,9,14,1,1,0,0,0,0,19,10,9
LIPSCOMB COUNTY,295,9 Years,48,24,24,24,11,13,0,0,0,2,0,2,22,13,9
LIPSCOMB COUNTY,295,10 Years,44,18,26,21,9,12,1,0,1,1,0,1,21,9,12
LIPSCOMB COUNTY,295,11 Years,46,18,28,26,9,17,1,0,1,2,1,1,17,8,9
LIPSCOMB COUNTY,295,12 Years,51,22,29,29,14,15,0,0,0,2,1,1,20,7,13
LIPSCOMB COUNTY,295,13 Years,53,26,27,31,16,15,1,0,1,1,1,0,20,9,11
LIPSCOMB COUNTY,295,14 Years,54,29,25,31,15,16,0,0,0,2,1,1,21,13,8
LIPSCOMB COUNTY,295,15 Years,60,28,32,33,17,16,1,0,1,1,0,1,25,11,14
LIPSCOMB COUNTY,295,16 Years,54,29,25,30,18,12,0,0,0,3,2,1,21,9,12
LIPSCOMB COUNTY,295,17 Years,44,25,19,27,15,12,0,0,0,1,1,0,16,9,7
LIPSCOMB COUNTY,295,18 Years,55,26,29,32,15,17,0,0,0,1,1,0,22,10,12
LIPSCOMB COUNTY,295,19 Years,40,22,18,22,14,8,0,0,0,1,1,0,17,7,10
LIPSCOMB COUNTY,295,20 Years,35,19,16,18,10,8,0,0,0,0,0,0,17,9,8
LIPSCOMB COUNTY,295,21 Years,36,19,17,21,11,10,0,0,0,1,0,1,14,8,6
LIPSCOMB COUNTY,295,22 Years,37,21,16,19,13,6,0,0,0,1,0,1,17,8,9
LIPSCOMB COUNTY,295,23 Years,38,21,17,14,8,6,0,0,0,2,0,2,22,13,9
LIPSCOMB COUNTY,295,24 Years,34,20,14,16,6,10,0,0,0,0,0,0,18,14,4
LIPSCOMB COUNTY,295,25 Years,49,30,19,22,14,8,0,0,0,2,0,2,25,16,9
LIPSCOMB COUNTY,295,26 Years,47,25,22,20,13,7,0,0,0,1,0,1,26,12,14
LIPSCOMB COUNTY,295,27 Years,45,26,19,22,12,10,0,0,0,1,1,0,22,13,9
LIPSCOMB COUNTY,295,28 Years,51,31,20,30,15,15,0,0,0,1,1,0,20,15,5
LIPSCOMB COUNTY,295,29 Years,47,31,16,27,16,11,0,0,0,0,0,0,20,15,5
LIPSCOMB COUNTY,295,30 Years,42,25,17,25,15,10,0,0,0,1,0,1,16,10,6
LIPSCOMB COUNTY,295,31 Years,39,24,15,18,11,7,1,0,1,2,2,0,18,11,7
LIPSCOMB COUNTY,295,32 Years,43,27,16,20,12,8,0,0,0,2,1,1,21,14,7
LIPSCOMB COUNTY,295,33 Years,34,14,20,16,6,10,0,0,0,0,0,0,18,8,10
LIPSCOMB COUNTY,295,34 Years,37,14,23,17,6,11,0,0,0,1,0,1,19,8,11
LIPSCOMB COUNTY,295,35 Years,36,15,21,20,8,12,0,0,0,1,0,1,15,7,8
LIPSCOMB COUNTY,295,36 Years,37,20,17,25,14,11,0,0,0,1,0,1,11,6,5
LIPSCOMB COUNTY,295,37 Years,30,18,12,16,10,6,0,0,0,1,1,0,13,7,6
LIPSCOMB COUNTY,295,38 Years,34,18,16,16,8,8,0,0,0,2,1,1,16,9,7
LIPSCOMB COUNTY,295,39 Years,43,20,23,27,13,14,0,0,0,1,0,1,15,7,8
LIPSCOMB COUNTY,295,40 Years,40,17,23,28,11,17,0,0,0,0,0,0,12,6,6
LIPSCOMB COUNTY,295,41 Years,38,23,15,20,9,11,0,0,0,1,0,1,17,14,3
LIPSCOMB COUNTY,295,42 Years,39,24,15,19,10,9,0,0,0,3,2,1,17,12,5
LIPSCOMB COUNTY,295,43 Years,31,17,14,18,8,10,0,0,0,2,1,1,11,8,3
LIPSCOMB COUNTY,295,44 Years,30,15,15,20,9,11,0,0,0,1,1,0,9,5,4
LIPSCOMB COUNTY,295,45 Years,42,22,20,27,14,13,0,0,0,0,0,0,15,8,7
LIPSCOMB COUNTY,295,46 Years,50,25,25,31,14,17,0,0,0,0,0,0,19,11,8
LIPSCOMB COUNTY,295,47 Years,46,27,19,33,17,16,0,0,0,0,0,0,13,10,3
LIPSCOMB COUNTY,295,48 Years,52,26,26,42,22,20,0,0,0,0,0,0,10,4,6
LIPSCOMB COUNTY,295,49 Years,52,24,28,44,22,22,0,0,0,0,0,0,8,2,6
LIPSCOMB COUNTY,295,50 Years,55,22,33,45,19,26,0,0,0,1,0,1,9,3,6
LIPSCOMB COUNTY,295,51 Years,50,28,22,40,23,17,0,0,0,1,0,1,9,5,4
LIPSCOMB COUNTY,295,52 Years,51,25,26,40,19,21,0,0,0,3,2,1,8,4,4
LIPSCOMB COUNTY,295,53 Years,45,21,24,34,16,18,0,0,0,1,1,0,10,4,6
LIPSCOMB COUNTY,295,54 Years,42,21,21,34,18,16,0,0,0,2,0,2,6,3,3
LIPSCOMB COUNTY,295,55 Years,39,23,16,32,19,13,0,0,0,2,1,1,5,3,2
LIPSCOMB COUNTY,295,56 Years,37,17,20,30,12,18,0,0,0,2,1,1,5,4,1
LIPSCOMB COUNTY,295,57 Years,50,24,26,44,20,24,0,0,0,0,0,0,6,4,2
LIPSCOMB COUNTY,295,58 Years,44,26,18,38,23,15,0,0,0,2,0,2,4,3,1
LIPSCOMB COUNTY,295,59 Years,51,33,18,44,30,14,0,0,0,1,0,1,6,3,3
LIPSCOMB COUNTY,295,60 Years,42,22,20,38,20,18,0,0,0,0,0,0,4,2,2
LIPSCOMB COUNTY,295,61 Years,37,16,21,34,15,19,0,0,0,1,0,1,2,1,1
LIPSCOMB COUNTY,295,62 Years,36,20,16,32,17,15,0,0,0,0,0,0,4,3,1
LIPSCOMB COUNTY,295,63 Years,45,25,20,39,22,17,0,0,0,0,0,0,6,3,3
LIPSCOMB COUNTY,295,64 Years,38,22,16,35,20,15,0,0,0,0,0,0,3,2,1
LIPSCOMB COUNTY,295,65 Years,22,12,10,21,11,10,0,0,0,0,0,0,1,1,0
LIPSCOMB COUNTY,295,66 Years,23,11,12,22,11,11,0,0,0,0,0,0,1,0,1
LIPSCOMB COUNTY,295,67 Years,26,10,16,22,8,14,0,0,0,1,1,0,3,1,2
LIPSCOMB COUNTY,295,68 Years,30,12,18,27,11,16,0,0,0,1,1,0,2,0,2
LIPSCOMB COUNTY,295,69 Years,30,12,18,28,12,16,0,0,0,0,0,0,2,0,2
LIPSCOMB COUNTY,295,70 Years,21,11,10,19,10,9,0,0,0,0,0,0,2,1,1
LIPSCOMB COUNTY,295,71 Years,18,9,9,14,7,7,0,0,0,3,2,1,1,0,1
LIPSCOMB COUNTY,295,72 Years,29,13,16,25,11,14,0,0,0,3,2,1,1,0,1
LIPSCOMB COUNTY,295,73 Years,30,16,14,28,14,14,0,0,0,1,1,0,1,1,0
LIPSCOMB COUNTY,295,74 Years,22,8,14,21,8,13,0,0,0,0,0,0,1,0,1
LIPSCOMB COUNTY,295,75 Years,17,9,8,14,8,6,0,0,0,1,0,1,2,1,1
LIPSCOMB COUNTY,295,76 Years,17,9,8,16,9,7,0,0,0,0,0,0,1,0,1
LIPSCOMB COUNTY,295,77 Years,19,9,10,18,8,10,0,0,0,0,0,0,1,1,0
LIPSCOMB COUNTY,295,78 Years,15,6,9,14,6,8,0,0,0,0,0,0,1,0,1
LIPSCOMB COUNTY,295,79 Years,16,7,9,15,6,9,0,0,0,0,0,0,1,1,0
LIPSCOMB COUNTY,295,80 Years,14,6,8,12,5,7,0,0,0,0,0,0,2,1,1
LIPSCOMB COUNTY,295,81 Years,22,8,14,20,7,13,0,0,0,0,0,0,2,1,1
LIPSCOMB COUNTY,295,82 Years,16,7,9,15,6,9,0,0,0,0,0,0,1,1,0
LIPSCOMB COUNTY,295,83 Years,15,6,9,14,6,8,0,0,0,0,0,0,1,0,1
LIPSCOMB COUNTY,295,84 Years,13,5,8,12,5,7,0,0,0,0,0,0,1,0,1
LIPSCOMB COUNTY,295,85 Years +,72,28,44,71,27,44,0,0,0,1,1,0,0,0,0
LIVE OAK COUNTY,297,All Ages,11721,6300,5421,6855,3514,3341,464,443,21,216,132,84,4186,2211,1975
LIVE OAK COUNTY,297,< 1 Year,117,57,60,45,22,23,0,0,0,2,1,1,70,34,36
LIVE OAK COUNTY,297,1 Years,102,47,55,48,22,26,1,1,0,1,0,1,52,24,28
LIVE OAK COUNTY,297,2 Years,123,59,64,59,27,32,1,1,0,3,1,2,60,30,30
LIVE OAK COUNTY,297,3 Years,118,58,60,48,20,28,1,1,0,2,1,1,67,36,31
LIVE OAK COUNTY,297,4 Years,113,60,53,54,28,26,1,0,1,1,1,0,57,31,26
LIVE OAK COUNTY,297,5 Years,126,67,59,67,33,34,1,1,0,2,1,1,56,32,24
LIVE OAK COUNTY,297,6 Years,120,63,57,60,32,28,2,1,1,2,1,1,56,29,27
LIVE OAK COUNTY,297,7 Years,112,55,57,51,27,24,2,0,2,2,1,1,57,27,30
LIVE OAK COUNTY,297,8 Years,115,62,53,53,26,27,0,0,0,2,2,0,60,34,26
LIVE OAK COUNTY,297,9 Years,145,72,73,70,35,35,1,0,1,1,1,0,73,36,37
LIVE OAK COUNTY,297,10 Years,140,74,66,71,39,32,1,1,0,2,0,2,66,34,32
LIVE OAK COUNTY,297,11 Years,143,71,72,73,38,35,1,1,0,3,0,3,66,32,34
LIVE OAK COUNTY,297,12 Years,133,65,68,67,35,32,0,0,0,3,0,3,63,30,33
LIVE OAK COUNTY,297,13 Years,132,67,65,67,34,33,2,0,2,1,0,1,62,33,29
LIVE OAK COUNTY,297,14 Years,132,64,68,68,36,32,3,1,2,2,0,2,59,27,32
LIVE OAK COUNTY,297,15 Years,142,63,79,67,32,35,0,0,0,2,0,2,73,31,42
LIVE OAK COUNTY,297,16 Years,148,72,76,70,32,38,0,0,0,1,1,0,77,39,38
LIVE OAK COUNTY,297,17 Years,166,84,82,87,42,45,2,2,0,2,1,1,75,39,36
LIVE OAK COUNTY,297,18 Years,164,79,85,90,49,41,1,1,0,2,2,0,71,27,44
LIVE OAK COUNTY,297,19 Years,146,71,75,80,41,39,0,0,0,1,1,0,65,29,36
LIVE OAK COUNTY,297,20 Years,108,55,53,50,25,25,1,1,0,2,1,1,55,28,27
LIVE OAK COUNTY,297,21 Years,109,57,52,48,19,29,3,3,0,3,3,0,55,32,23
LIVE OAK COUNTY,297,22 Years,114,65,49,59,32,27,5,5,0,1,1,0,49,27,22
LIVE OAK COUNTY,297,23 Years,117,62,55,54,24,30,9,8,1,5,3,2,49,27,22
LIVE OAK COUNTY,297,24 Years,108,60,48,48,22,26,10,9,1,4,2,2,46,27,19
LIVE OAK COUNTY,297,25 Years,133,89,44,52,32,20,17,15,2,3,3,0,61,39,22
LIVE OAK COUNTY,297,26 Years,123,74,49,54,31,23,16,15,1,1,1,0,52,27,25
LIVE OAK COUNTY,297,27 Years,132,77,55,56,30,26,22,21,1,1,1,0,53,25,28
LIVE OAK COUNTY,297,28 Years,115,72,43,56,34,22,15,14,1,2,2,0,42,22,20
LIVE OAK COUNTY,297,29 Years,143,94,49,62,39,23,25,24,1,5,5,0,51,26,25
LIVE OAK COUNTY,297,30 Years,154,108,46,68,45,23,20,20,0,5,5,0,61,38,23
LIVE OAK COUNTY,297,31 Years,149,100,49,67,38,29,26,26,0,3,3,0,53,33,20
LIVE OAK COUNTY,297,32 Years,140,92,48,60,31,29,26,26,0,4,4,0,50,31,19
LIVE OAK COUNTY,297,33 Years,135,89,46,51,29,22,25,24,1,3,2,1,56,34,22
LIVE OAK COUNTY,297,34 Years,130,89,41,57,34,23,24,24,0,3,2,1,46,29,17
LIVE OAK COUNTY,297,35 Years,158,95,63,76,38,38,22,22,0,3,3,0,57,32,25
LIVE OAK COUNTY,297,36 Years,150,96,54,73,39,34,17,17,0,2,2,0,58,38,20
LIVE OAK COUNTY,297,37 Years,144,85,59,73,40,33,17,17,0,4,3,1,50,25,25
LIVE OAK COUNTY,297,38 Years,130,79,51,60,34,26,18,18,0,4,4,0,48,23,25
LIVE OAK COUNTY,297,39 Years,140,89,51,70,41,29,13,13,0,8,4,4,49,31,18
LIVE OAK COUNTY,297,40 Years,127,82,45,61,34,27,13,13,0,5,3,2,48,32,16
LIVE OAK COUNTY,297,41 Years,138,87,51,64,36,28,13,12,1,4,3,1,57,36,21
LIVE OAK COUNTY,297,42 Years,136,84,52,72,37,35,8,8,0,4,2,2,52,37,15
LIVE OAK COUNTY,297,43 Years,154,94,60,88,47,41,7,7,0,2,2,0,57,38,19
LIVE OAK COUNTY,297,44 Years,143,88,55,71,42,29,9,9,0,1,1,0,62,36,26
LIVE OAK COUNTY,297,45 Years,161,100,61,83,44,39,14,14,0,3,3,0,61,39,22
LIVE OAK COUNTY,297,46 Years,166,89,77,102,48,54,7,7,0,2,1,1,55,33,22
LIVE OAK COUNTY,297,47 Years,169,83,86,107,48,59,5,5,0,2,1,1,55,29,26
LIVE OAK COUNTY,297,48 Years,198,94,104,128,58,70,7,6,1,4,2,2,59,28,31
LIVE OAK COUNTY,297,49 Years,184,105,79,122,68,54,5,5,0,4,2,2,53,30,23
LIVE OAK COUNTY,297,50 Years,192,111,81,128,70,58,6,6,0,1,1,0,57,34,23
LIVE OAK COUNTY,297,51 Years,191,99,92,128,68,60,3,3,0,3,0,3,57,28,29
LIVE OAK COUNTY,297,52 Years,157,78,79,108,54,54,1,1,0,3,0,3,45,23,22
LIVE OAK COUNTY,297,53 Years,193,106,87,121,61,60,5,5,0,4,3,1,63,37,26
LIVE OAK COUNTY,297,54 Years,183,98,85,121,62,59,3,3,0,5,2,3,54,31,23
LIVE OAK COUNTY,297,55 Years,173,79,94,118,57,61,1,1,0,3,0,3,51,21,30
LIVE OAK COUNTY,297,56 Years,172,91,81,126,68,58,0,0,0,1,0,1,45,23,22
LIVE OAK COUNTY,297,57 Years,179,90,89,119,56,63,0,0,0,2,1,1,58,33,25
LIVE OAK COUNTY,297,58 Years,182,95,87,131,66,65,2,2,0,5,4,1,44,23,21
LIVE OAK COUNTY,297,59 Years,167,82,85,121,59,62,0,0,0,6,4,2,40,19,21
LIVE OAK COUNTY,297,60 Years,152,76,76,106,52,54,0,0,0,4,2,2,42,22,20
LIVE OAK COUNTY,297,61 Years,164,75,89,114,52,62,1,1,0,2,1,1,47,21,26
LIVE OAK COUNTY,297,62 Years,157,78,79,115,55,60,0,0,0,1,1,0,41,22,19
LIVE OAK COUNTY,297,63 Years,141,74,67,101,53,48,1,1,0,1,1,0,38,19,19
LIVE OAK COUNTY,297,64 Years,155,74,81,111,54,57,1,1,0,4,2,2,39,17,22
LIVE OAK COUNTY,297,65 Years,145,73,72,101,57,44,0,0,0,5,1,4,39,15,24
LIVE OAK COUNTY,297,66 Years,140,71,69,104,56,48,0,0,0,3,2,1,33,13,20
LIVE OAK COUNTY,297,67 Years,158,88,70,110,62,48,1,0,1,3,1,2,44,25,19
LIVE OAK COUNTY,297,68 Years,149,88,61,107,60,47,0,0,0,3,2,1,39,26,13
LIVE OAK COUNTY,297,69 Years,140,75,65,104,55,49,0,0,0,4,2,2,32,18,14
LIVE OAK COUNTY,297,70 Years,135,76,59,107,62,45,0,0,0,2,1,1,26,13,13
LIVE OAK COUNTY,297,71 Years,118,62,56,83,45,38,0,0,0,1,1,0,34,16,18
LIVE OAK COUNTY,297,72 Years,110,52,58,80,39,41,0,0,0,0,0,0,30,13,17
LIVE OAK COUNTY,297,73 Years,99,48,51,71,36,35,0,0,0,2,1,1,26,11,15
LIVE OAK COUNTY,297,74 Years,100,46,54,70,32,38,0,0,0,2,1,1,28,13,15
LIVE OAK COUNTY,297,75 Years,106,48,58,73,36,37,0,0,0,0,0,0,33,12,21
LIVE OAK COUNTY,297,76 Years,108,55,53,79,41,38,0,0,0,1,1,0,28,13,15
LIVE OAK COUNTY,297,77 Years,90,45,45,68,33,35,0,0,0,2,2,0,20,10,10
LIVE OAK COUNTY,297,78 Years,85,39,46,59,28,31,0,0,0,1,0,1,25,11,14
LIVE OAK COUNTY,297,79 Years,87,47,40,60,33,27,0,0,0,1,1,0,26,13,13
LIVE OAK COUNTY,297,80 Years,76,34,42,56,25,31,0,0,0,2,0,2,18,9,9
LIVE OAK COUNTY,297,81 Years,69,30,39,54,23,31,0,0,0,1,1,0,14,6,8
LIVE OAK COUNTY,297,82 Years,48,20,28,37,15,22,0,0,0,1,1,0,10,4,6
LIVE OAK COUNTY,297,83 Years,50,22,28,38,16,22,0,0,0,1,1,0,11,5,6
LIVE OAK COUNTY,297,84 Years,54,22,32,42,17,25,0,0,0,0,0,0,12,5,7
LIVE OAK COUNTY,297,85 Years +,251,110,141,197,87,110,0,0,0,2,2,0,52,21,31
LLANO COUNTY,299,All Ages,19501,9424,10077,17451,8441,9010,104,63,41,356,159,197,1590,761,829
LLANO COUNTY,299,< 1 Year,152,80,72,116,60,56,1,1,0,4,2,2,31,17,14
LLANO COUNTY,299,1 Years,147,73,74,108,58,50,1,1,0,5,2,3,33,12,21
LLANO COUNTY,299,2 Years,152,79,73,116,61,55,2,1,1,7,4,3,27,13,14
LLANO COUNTY,299,3 Years,192,98,94,146,73,73,1,1,0,8,4,4,37,20,17
LLANO COUNTY,299,4 Years,173,81,92,127,60,67,1,1,0,5,1,4,40,19,21
LLANO COUNTY,299,5 Years,163,82,81,121,67,54,1,1,0,6,2,4,35,12,23
LLANO COUNTY,299,6 Years,161,84,77,131,73,58,1,1,0,4,0,4,25,10,15
LLANO COUNTY,299,7 Years,161,84,77,130,67,63,1,1,0,3,1,2,27,15,12
LLANO COUNTY,299,8 Years,164,88,76,124,68,56,1,1,0,6,3,3,33,16,17
LLANO COUNTY,299,9 Years,186,96,90,144,73,71,3,1,2,7,6,1,32,16,16
LLANO COUNTY,299,10 Years,187,95,92,141,70,71,2,1,1,8,5,3,36,19,17
LLANO COUNTY,299,11 Years,167,78,89,129,62,67,2,1,1,6,2,4,30,13,17
LLANO COUNTY,299,12 Years,182,90,92,146,72,74,3,1,2,7,4,3,26,13,13
LLANO COUNTY,299,13 Years,182,94,88,144,71,73,4,2,2,6,4,2,28,17,11
LLANO COUNTY,299,14 Years,186,96,90,151,80,71,1,1,0,3,1,2,31,14,17
LLANO COUNTY,299,15 Years,191,93,98,153,74,79,2,2,0,4,3,1,32,14,18
LLANO COUNTY,299,16 Years,176,90,86,142,74,68,3,1,2,4,2,2,27,13,14
LLANO COUNTY,299,17 Years,176,98,78,138,76,62,1,0,1,6,6,0,31,16,15
LLANO COUNTY,299,18 Years,161,80,81,135,64,71,1,1,0,3,3,0,22,12,10
LLANO COUNTY,299,19 Years,153,75,78,125,57,68,0,0,0,3,2,1,25,16,9
LLANO COUNTY,299,20 Years,129,61,68,101,47,54,1,1,0,3,1,2,24,12,12
LLANO COUNTY,299,21 Years,125,57,68,96,44,52,1,0,1,3,2,1,25,11,14
LLANO COUNTY,299,22 Years,109,47,62,82,37,45,1,0,1,2,1,1,24,9,15
LLANO COUNTY,299,23 Years,113,54,59,90,44,46,1,0,1,1,0,1,21,10,11
LLANO COUNTY,299,24 Years,122,68,54,95,49,46,0,0,0,2,1,1,25,18,7
LLANO COUNTY,299,25 Years,136,80,56,113,65,48,0,0,0,2,1,1,21,14,7
LLANO COUNTY,299,26 Years,131,68,63,110,57,53,0,0,0,2,1,1,19,10,9
LLANO COUNTY,299,27 Years,147,81,66,123,67,56,2,1,1,5,3,2,17,10,7
LLANO COUNTY,299,28 Years,137,67,70,115,56,59,2,1,1,2,1,1,18,9,9
LLANO COUNTY,299,29 Years,149,72,77,116,54,62,1,1,0,4,3,1,28,14,14
LLANO COUNTY,299,30 Years,156,82,74,127,65,62,2,2,0,6,5,1,21,10,11
LLANO COUNTY,299,31 Years,149,79,70,122,69,53,2,2,0,5,1,4,20,7,13
LLANO COUNTY,299,32 Years,154,80,74,128,70,58,1,1,0,3,0,3,22,9,13
LLANO COUNTY,299,33 Years,129,65,64,107,56,51,2,1,1,3,0,3,17,8,9
LLANO COUNTY,299,34 Years,141,73,68,120,63,57,2,0,2,3,0,3,16,10,6
LLANO COUNTY,299,35 Years,142,68,74,119,58,61,2,1,1,3,0,3,18,9,9
LLANO COUNTY,299,36 Years,144,76,68,121,65,56,2,1,1,4,1,3,17,9,8
LLANO COUNTY,299,37 Years,133,72,61,115,64,51,1,0,1,4,1,3,13,7,6
LLANO COUNTY,299,38 Years,125,61,64,107,54,53,2,1,1,2,1,1,14,5,9
LLANO COUNTY,299,39 Years,152,74,78,131,64,67,3,1,2,4,3,1,14,6,8
LLANO COUNTY,299,40 Years,189,97,92,164,82,82,1,1,0,2,2,0,22,12,10
LLANO COUNTY,299,41 Years,191,99,92,162,88,74,0,0,0,5,4,1,24,7,17
LLANO COUNTY,299,42 Years,181,87,94,161,77,84,1,1,0,4,3,1,15,6,9
LLANO COUNTY,299,43 Years,158,75,83,137,64,73,0,0,0,6,2,4,15,9,6
LLANO COUNTY,299,44 Years,174,81,93,146,71,75,0,0,0,6,1,5,22,9,13
LLANO COUNTY,299,45 Years,193,97,96,166,84,82,0,0,0,5,1,4,22,12,10
LLANO COUNTY,299,46 Years,203,96,107,169,77,92,3,3,0,8,4,4,23,12,11
LLANO COUNTY,299,47 Years,224,104,120,191,89,102,3,2,1,8,3,5,22,10,12
LLANO COUNTY,299,48 Years,248,123,125,223,112,111,2,1,1,5,2,3,18,8,10
LLANO COUNTY,299,49 Years,248,124,124,225,112,113,1,1,0,3,2,1,19,9,10
LLANO COUNTY,299,50 Years,268,127,141,241,115,126,1,1,0,3,2,1,23,9,14
LLANO COUNTY,299,51 Years,287,127,160,251,108,143,1,0,1,7,4,3,28,15,13
LLANO COUNTY,299,52 Years,292,133,159,263,114,149,3,2,1,5,4,1,21,13,8
LLANO COUNTY,299,53 Years,303,146,157,274,132,142,3,1,2,5,3,2,21,10,11
LLANO COUNTY,299,54 Years,317,157,160,292,143,149,2,2,0,4,3,1,19,9,10
LLANO COUNTY,299,55 Years,331,156,175,311,147,164,2,2,0,3,1,2,15,6,9
LLANO COUNTY,299,56 Years,342,147,195,320,142,178,1,0,1,6,0,6,15,5,10
LLANO COUNTY,299,57 Years,342,162,180,321,152,169,0,0,0,6,2,4,15,8,7
LLANO COUNTY,299,58 Years,343,164,179,324,158,166,1,0,1,7,2,5,11,4,7
LLANO COUNTY,299,59 Years,359,170,189,341,161,180,1,0,1,6,2,4,11,7,4
LLANO COUNTY,299,60 Years,376,182,194,355,173,182,0,0,0,4,1,3,17,8,9
LLANO COUNTY,299,61 Years,400,175,225,387,170,217,0,0,0,5,1,4,8,4,4
LLANO COUNTY,299,62 Years,383,168,215,367,161,206,0,0,0,5,2,3,11,5,6
LLANO COUNTY,299,63 Years,417,203,214,398,193,205,0,0,0,8,4,4,11,6,5
LLANO COUNTY,299,64 Years,439,202,237,413,191,222,1,1,0,12,4,8,13,6,7
LLANO COUNTY,299,65 Years,387,186,201,366,179,187,2,0,2,6,2,4,13,5,8
LLANO COUNTY,299,66 Years,368,167,201,353,161,192,1,0,1,2,0,2,12,6,6
LLANO COUNTY,299,67 Years,392,186,206,378,182,196,1,0,1,2,0,2,11,4,7
LLANO COUNTY,299,68 Years,382,190,192,368,184,184,0,0,0,4,2,2,10,4,6
LLANO COUNTY,299,69 Years,377,197,180,368,194,174,0,0,0,2,1,1,7,2,5
LLANO COUNTY,299,70 Years,333,163,170,323,157,166,0,0,0,2,1,1,8,5,3
LLANO COUNTY,299,71 Years,306,150,156,295,146,149,0,0,0,3,1,2,8,3,5
LLANO COUNTY,299,72 Years,289,147,142,277,142,135,0,0,0,3,1,2,9,4,5
LLANO COUNTY,299,73 Years,313,153,160,301,147,154,1,1,0,2,2,0,9,3,6
LLANO COUNTY,299,74 Years,292,144,148,279,139,140,2,2,0,2,1,1,9,2,7
LLANO COUNTY,299,75 Years,266,132,134,258,130,128,1,1,0,1,0,1,6,1,5
LLANO COUNTY,299,76 Years,253,137,116,241,131,110,2,2,0,2,1,1,8,3,5
LLANO COUNTY,299,77 Years,234,119,115,224,114,110,2,2,0,1,0,1,7,3,4
LLANO COUNTY,299,78 Years,211,95,116,205,94,111,2,1,1,1,0,1,3,0,3
LLANO COUNTY,299,79 Years,227,108,119,221,106,115,1,1,0,2,1,1,3,0,3
LLANO COUNTY,299,80 Years,200,92,108,196,90,106,0,0,0,1,0,1,3,2,1
LLANO COUNTY,299,81 Years,185,88,97,182,87,95,1,0,1,1,0,1,1,1,0
LLANO COUNTY,299,82 Years,164,77,87,157,74,83,0,0,0,1,0,1,6,3,3
LLANO COUNTY,299,83 Years,147,64,83,141,61,80,0,0,0,2,1,1,4,2,2
LLANO COUNTY,299,84 Years,137,60,77,132,57,75,0,0,0,3,1,2,2,2,0
LLANO COUNTY,299,85 Years +,695,248,447,679,242,437,1,1,0,7,2,5,8,3,5
LOVING COUNTY,301,All Ages,83,47,36,60,35,25,0,0,0,5,4,1,18,8,10
LOVING COUNTY,301,< 1 Year,0,0,0,0,0,0,0,0,0,0,0,0,0,0,0
LOVING COUNTY,301,1 Years,1,1,0,0,0,0,0,0,0,0,0,0,1,1,0
LOVING COUNTY,301,2 Years,1,1,0,1,1,0,0,0,0,0,0,0,0,0,0
LOVING COUNTY,301,3 Years,0,0,0,0,0,0,0,0,0,0,0,0,0,0,0
LOVING COUNTY,301,4 Years,1,0,1,1,0,1,0,0,0,0,0,0,0,0,0
LOVING COUNTY,301,5 Years,0,0,0,0,0,0,0,0,0,0,0,0,0,0,0
LOVING COUNTY,301,6 Years,0,0,0,0,0,0,0,0,0,0,0,0,0,0,0
LOVING COUNTY,301,7 Years,0,0,0,0,0,0,0,0,0,0,0,0,0,0,0
LOVING COUNTY,301,8 Years,1,1,0,1,1,0,0,0,0,0,0,0,0,0,0
LOVING COUNTY,301,9 Years,0,0,0,0,0,0,0,0,0,0,0,0,0,0,0
LOVING COUNTY,301,10 Years,1,0,1,1,0,1,0,0,0,0,0,0,0,0,0
LOVING COUNTY,301,11 Years,0,0,0,0,0,0,0,0,0,0,0,0,0,0,0
LOVING COUNTY,301,12 Years,1,0,1,0,0,0,0,0,0,0,0,0,1,0,1
LOVING COUNTY,301,13 Years,0,0,0,0,0,0,0,0,0,0,0,0,0,0,0
LOVING COUNTY,301,14 Years,1,1,0,0,0,0,0,0,0,0,0,0,1,1,0
LOVING COUNTY,301,15 Years,0,0,0,0,0,0,0,0,0,0,0,0,0,0,0
LOVING COUNTY,301,16 Years,0,0,0,0,0,0,0,0,0,0,0,0,0,0,0
LOVING COUNTY,301,17 Years,2,0,2,1,0,1,0,0,0,0,0,0,1,0,1
LOVING COUNTY,301,18 Years,0,0,0,0,0,0,0,0,0,0,0,0,0,0,0
LOVING COUNTY,301,19 Years,0,0,0,0,0,0,0,0,0,0,0,0,0,0,0
LOVING COUNTY,301,20 Years,1,1,0,1,1,0,0,0,0,0,0,0,0,0,0
LOVING COUNTY,301,21 Years,0,0,0,0,0,0,0,0,0,0,0,0,0,0,0
LOVING COUNTY,301,22 Years,1,0,1,1,0,1,0,0,0,0,0,0,0,0,0
LOVING COUNTY,301,23 Years,3,2,1,0,0,0,0,0,0,1,1,0,2,1,1
LOVING COUNTY,301,24 Years,4,3,1,2,2,0,0,0,0,1,1,0,1,0,1
LOVING COUNTY,301,25 Years,2,1,1,1,1,0,0,0,0,0,0,0,1,0,1
LOVING COUNTY,301,26 Years,0,0,0,0,0,0,0,0,0,0,0,0,0,0,0
LOVING COUNTY,301,27 Years,0,0,0,0,0,0,0,0,0,0,0,0,0,0,0
LOVING COUNTY,301,28 Years,1,1,0,0,0,0,0,0,0,0,0,0,1,1,0
LOVING COUNTY,301,29 Years,1,0,1,1,0,1,0,0,0,0,0,0,0,0,0
LOVING COUNTY,301,30 Years,0,0,0,0,0,0,0,0,0,0,0,0,0,0,0
LOVING COUNTY,301,31 Years,1,0,1,1,0,1,0,0,0,0,0,0,0,0,0
LOVING COUNTY,301,32 Years,0,0,0,0,0,0,0,0,0,0,0,0,0,0,0
LOVING COUNTY,301,33 Years,0,0,0,0,0,0,0,0,0,0,0,0,0,0,0
LOVING COUNTY,301,34 Years,0,0,0,0,0,0,0,0,0,0,0,0,0,0,0
LOVING COUNTY,301,35 Years,1,1,0,1,1,0,0,0,0,0,0,0,0,0,0
LOVING COUNTY,301,36 Years,0,0,0,0,0,0,0,0,0,0,0,0,0,0,0
LOVING COUNTY,301,37 Years,0,0,0,0,0,0,0,0,0,0,0,0,0,0,0
LOVING COUNTY,301,38 Years,1,0,1,0,0,0,0,0,0,0,0,0,1,0,1
LOVING COUNTY,301,39 Years,0,0,0,0,0,0,0,0,0,0,0,0,0,0,0
LOVING COUNTY,301,40 Years,0,0,0,0,0,0,0,0,0,0,0,0,0,0,0
LOVING COUNTY,301,41 Years,0,0,0,0,0,0,0,0,0,0,0,0,0,0,0
LOVING COUNTY,301,42 Years,0,0,0,0,0,0,0,0,0,0,0,0,0,0,0
LOVING COUNTY,301,43 Years,4,2,2,3,1,2,0,0,0,0,0,0,1,1,0
LOVING COUNTY,301,44 Years,3,1,2,2,1,1,0,0,0,1,0,1,0,0,0
LOVING COUNTY,301,45 Years,1,1,0,1,1,0,0,0,0,0,0,0,0,0,0
LOVING COUNTY,301,46 Years,2,1,1,0,0,0,0,0,0,0,0,0,2,1,1
LOVING COUNTY,301,47 Years,1,0,1,0,0,0,0,0,0,0,0,0,1,0,1
LOVING COUNTY,301,48 Years,2,1,1,1,1,0,0,0,0,0,0,0,1,0,1
LOVING COUNTY,301,49 Years,1,1,0,1,1,0,0,0,0,0,0,0,0,0,0
LOVING COUNTY,301,50 Years,0,0,0,0,0,0,0,0,0,0,0,0,0,0,0
LOVING COUNTY,301,51 Years,0,0,0,0,0,0,0,0,0,0,0,0,0,0,0
LOVING COUNTY,301,52 Years,0,0,0,0,0,0,0,0,0,0,0,0,0,0,0
LOVING COUNTY,301,53 Years,3,2,1,3,2,1,0,0,0,0,0,0,0,0,0
LOVING COUNTY,301,54 Years,3,2,1,3,2,1,0,0,0,0,0,0,0,0,0
LOVING COUNTY,301,55 Years,2,1,1,1,0,1,0,0,0,0,0,0,1,1,0
LOVING COUNTY,301,56 Years,3,2,1,2,1,1,0,0,0,0,0,0,1,1,0
LOVING COUNTY,301,57 Years,4,3,1,4,3,1,0,0,0,0,0,0,0,0,0
LOVING COUNTY,301,58 Years,3,2,1,3,2,1,0,0,0,0,0,0,0,0,0
LOVING COUNTY,301,59 Years,2,1,1,2,1,1,0,0,0,0,0,0,0,0,0
LOVING COUNTY,301,60 Years,3,1,2,3,1,2,0,0,0,0,0,0,0,0,0
LOVING COUNTY,301,61 Years,1,0,1,1,0,1,0,0,0,0,0,0,0,0,0
LOVING COUNTY,301,62 Years,1,1,0,1,1,0,0,0,0,0,0,0,0,0,0
LOVING COUNTY,301,63 Years,0,0,0,0,0,0,0,0,0,0,0,0,0,0,0
LOVING COUNTY,301,64 Years,4,3,1,3,2,1,0,0,0,1,1,0,0,0,0
LOVING COUNTY,301,65 Years,3,2,1,2,1,1,0,0,0,1,1,0,0,0,0
LOVING COUNTY,301,66 Years,0,0,0,0,0,0,0,0,0,0,0,0,0,0,0
LOVING COUNTY,301,67 Years,0,0,0,0,0,0,0,0,0,0,0,0,0,0,0
LOVING COUNTY,301,68 Years,2,0,2,1,0,1,0,0,0,0,0,0,1,0,1
LOVING COUNTY,301,69 Years,2,1,1,2,1,1,0,0,0,0,0,0,0,0,0
LOVING COUNTY,301,70 Years,2,2,0,2,2,0,0,0,0,0,0,0,0,0,0
LOVING COUNTY,301,71 Years,0,0,0,0,0,0,0,0,0,0,0,0,0,0,0
LOVING COUNTY,301,72 Years,0,0,0,0,0,0,0,0,0,0,0,0,0,0,0
LOVING COUNTY,301,73 Years,1,1,0,1,1,0,0,0,0,0,0,0,0,0,0
LOVING COUNTY,301,74 Years,0,0,0,0,0,0,0,0,0,0,0,0,0,0,0
LOVING COUNTY,301,75 Years,1,1,0,1,1,0,0,0,0,0,0,0,0,0,0
LOVING COUNTY,301,76 Years,0,0,0,0,0,0,0,0,0,0,0,0,0,0,0
LOVING COUNTY,301,77 Years,1,1,0,1,1,0,0,0,0,0,0,0,0,0,0
LOVING COUNTY,301,78 Years,0,0,0,0,0,0,0,0,0,0,0,0,0,0,0
LOVING COUNTY,301,79 Years,0,0,0,0,0,0,0,0,0,0,0,0,0,0,0
LOVING COUNTY,301,80 Years,1,0,1,1,0,1,0,0,0,0,0,0,0,0,0
LOVING COUNTY,301,81 Years,0,0,0,0,0,0,0,0,0,0,0,0,0,0,0
LOVING COUNTY,301,82 Years,0,0,0,0,0,0,0,0,0,0,0,0,0,0,0
LOVING COUNTY,301,83 Years,2,1,1,2,1,1,0,0,0,0,0,0,0,0,0
LOVING COUNTY,301,84 Years,0,0,0,0,0,0,0,0,0,0,0,0,0,0,0
LOVING COUNTY,301,85 Years +,0,0,0,0,0,0,0,0,0,0,0,0,0,0,0
LUBBOCK COUNTY,303,All Ages,283151,140083,143068,160361,78551,81810,20250,10063,10187,10692,5459,5233,91848,46010,45838
LUBBOCK COUNTY,303,< 1 Year,4270,2183,2087,1989,1015,974,324,165,159,158,82,76,1799,921,878
LUBBOCK COUNTY,303,1 Years,4138,2126,2012,1799,929,870,337,173,164,151,85,66,1851,939,912
LUBBOCK COUNTY,303,2 Years,4124,2117,2007,1709,875,834,350,167,183,166,92,74,1899,983,916
LUBBOCK COUNTY,303,3 Years,4185,2133,2052,1707,864,843,341,164,177,185,107,78,1952,998,954
LUBBOCK COUNTY,303,4 Years,4145,2109,2036,1685,842,843,340,165,175,185,98,87,1935,1004,931
LUBBOCK COUNTY,303,5 Years,3864,1964,1900,1539,791,748,330,165,165,175,83,92,1820,925,895
LUBBOCK COUNTY,303,6 Years,3928,2003,1925,1609,812,797,349,186,163,176,82,94,1794,923,871
LUBBOCK COUNTY,303,7 Years,3952,1978,1974,1660,821,839,337,176,161,180,86,94,1775,895,880
LUBBOCK COUNTY,303,8 Years,3784,1964,1820,1582,804,778,342,174,168,147,80,67,1713,906,807
LUBBOCK COUNTY,303,9 Years,3851,1942,1909,1602,784,818,339,177,162,150,84,66,1760,897,863
LUBBOCK COUNTY,303,10 Years,3900,1964,1936,1600,783,817,347,180,167,166,88,78,1787,913,874
LUBBOCK COUNTY,303,11 Years,3810,1922,1888,1570,796,774,330,180,150,157,82,75,1753,864,889
LUBBOCK COUNTY,303,12 Years,3710,1889,1821,1511,767,744,317,164,153,155,82,73,1727,876,851
LUBBOCK COUNTY,303,13 Years,3629,1867,1762,1513,802,711,303,152,151,142,72,70,1671,841,830
LUBBOCK COUNTY,303,14 Years,3563,1810,1753,1543,772,771,276,148,128,137,67,70,1607,823,784
LUBBOCK COUNTY,303,15 Years,3454,1759,1695,1502,767,735,275,147,128,116,60,56,1561,785,776
LUBBOCK COUNTY,303,16 Years,3473,1751,1722,1560,799,761,281,131,150,113,54,59,1519,767,752
LUBBOCK COUNTY,303,17 Years,3517,1826,1691,1512,784,728,337,175,162,126,67,59,1542,800,742
LUBBOCK COUNTY,303,18 Years,4876,2404,2472,2502,1190,1312,429,228,201,177,95,82,1768,891,877
LUBBOCK COUNTY,303,19 Years,7196,3612,3584,4306,2168,2138,494,253,241,275,129,146,2121,1062,1059
LUBBOCK COUNTY,303,20 Years,7734,3951,3783,4898,2492,2406,520,257,263,268,140,128,2048,1062,986
LUBBOCK COUNTY,303,21 Years,7884,4077,3807,4992,2530,2462,526,285,241,284,172,112,2082,1090,992
LUBBOCK COUNTY,303,22 Years,7388,3946,3442,4716,2519,2197,454,251,203,334,188,146,1884,988,896
LUBBOCK COUNTY,303,23 Years,6372,3441,2931,3857,2110,1747,379,208,171,345,187,158,1791,936,855
LUBBOCK COUNTY,303,24 Years,5624,2932,2692,3253,1713,1540,330,176,154,358,203,155,1683,840,843
LUBBOCK COUNTY,303,25 Years,5332,2764,2568,2981,1534,1447,350,186,164,333,203,130,1668,841,827
LUBBOCK COUNTY,303,26 Years,4819,2571,2248,2600,1407,1193,329,172,157,282,170,112,1608,822,786
LUBBOCK COUNTY,303,27 Years,4576,2395,2181,2550,1321,1229,333,183,150,217,130,87,1476,761,715
LUBBOCK COUNTY,303,28 Years,4551,2371,2180,2580,1338,1242,296,151,145,202,114,88,1473,768,705
LUBBOCK COUNTY,303,29 Years,4306,2207,2099,2362,1218,1144,298,148,150,195,97,98,1451,744,707
LUBBOCK COUNTY,303,30 Years,3887,1968,1919,2005,1044,961,277,133,144,165,80,85,1440,711,729
LUBBOCK COUNTY,303,31 Years,3950,1983,1967,2045,1035,1010,274,136,138,158,71,87,1473,741,732
LUBBOCK COUNTY,303,32 Years,3711,1869,1842,1965,996,969,245,126,119,177,81,96,1324,666,658
LUBBOCK COUNTY,303,33 Years,3489,1783,1706,1859,945,914,252,125,127,166,86,80,1212,627,585
LUBBOCK COUNTY,303,34 Years,3305,1655,1650,1741,881,860,215,104,111,162,76,86,1187,594,593
LUBBOCK COUNTY,303,35 Years,3235,1622,1613,1659,835,824,216,104,112,170,86,84,1190,597,593
LUBBOCK COUNTY,303,36 Years,3150,1534,1616,1641,793,848,224,110,114,160,78,82,1125,553,572
LUBBOCK COUNTY,303,37 Years,3006,1509,1497,1563,782,781,225,109,116,142,59,83,1076,559,517
LUBBOCK COUNTY,303,38 Years,2991,1466,1525,1530,780,750,217,99,118,170,65,105,1074,522,552
LUBBOCK COUNTY,303,39 Years,3148,1508,1640,1672,805,867,223,109,114,149,70,79,1104,524,580
LUBBOCK COUNTY,303,40 Years,3198,1536,1662,1729,831,898,227,107,120,146,72,74,1096,526,570
LUBBOCK COUNTY,303,41 Years,3133,1521,1612,1740,871,869,218,96,122,132,64,68,1043,490,553
LUBBOCK COUNTY,303,42 Years,3048,1491,1557,1658,823,835,203,92,111,140,73,67,1047,503,544
LUBBOCK COUNTY,303,43 Years,2981,1478,1503,1665,830,835,211,97,114,103,54,49,1002,497,505
LUBBOCK COUNTY,303,44 Years,2936,1443,1493,1616,797,819,233,111,122,85,39,46,1002,496,506
LUBBOCK COUNTY,303,45 Years,3024,1496,1528,1640,805,835,235,119,116,97,45,52,1052,527,525
LUBBOCK COUNTY,303,46 Years,3253,1594,1659,1776,870,906,268,132,136,111,48,63,1098,544,554
LUBBOCK COUNTY,303,47 Years,3423,1647,1776,1971,930,1041,276,140,136,116,58,58,1060,519,541
LUBBOCK COUNTY,303,48 Years,3498,1679,1819,2023,960,1063,272,131,141,118,64,54,1085,524,561
LUBBOCK COUNTY,303,49 Years,3457,1712,1745,2065,1025,1040,286,142,144,94,45,49,1012,500,512
LUBBOCK COUNTY,303,50 Years,3516,1727,1789,2127,1049,1078,280,133,147,94,42,52,1015,503,512
LUBBOCK COUNTY,303,51 Years,3573,1750,1823,2184,1052,1132,262,131,131,105,49,56,1022,518,504
LUBBOCK COUNTY,303,52 Years,3431,1701,1730,2115,1034,1081,262,132,130,98,55,43,956,480,476
LUBBOCK COUNTY,303,53 Years,3431,1665,1766,2172,1058,1114,265,124,141,98,50,48,896,433,463
LUBBOCK COUNTY,303,54 Years,3426,1671,1755,2199,1072,1127,230,117,113,98,50,48,899,432,467
LUBBOCK COUNTY,303,55 Years,3284,1608,1676,2089,1009,1080,267,134,133,86,41,45,842,424,418
LUBBOCK COUNTY,303,56 Years,3318,1590,1728,2181,1044,1137,224,96,128,85,39,46,828,411,417
LUBBOCK COUNTY,303,57 Years,3218,1542,1676,2100,1008,1092,213,104,109,97,43,54,808,387,421
LUBBOCK COUNTY,303,58 Years,3030,1457,1573,2024,976,1048,220,111,109,99,48,51,687,322,365
LUBBOCK COUNTY,303,59 Years,2945,1453,1492,2011,993,1018,204,109,95,75,37,38,655,314,341
LUBBOCK COUNTY,303,60 Years,2795,1334,1461,1913,912,1001,190,83,107,79,33,46,613,306,307
LUBBOCK COUNTY,303,61 Years,2640,1240,1400,1791,832,959,184,91,93,69,30,39,596,287,309
LUBBOCK COUNTY,303,62 Years,2524,1198,1326,1718,824,894,169,81,88,66,28,38,571,265,306
LUBBOCK COUNTY,303,63 Years,2474,1180,1294,1716,808,908,153,70,83,70,35,35,535,267,268
LUBBOCK COUNTY,303,64 Years,2422,1162,1260,1685,810,875,143,63,80,62,30,32,532,259,273
LUBBOCK COUNTY,303,65 Years,2028,950,1078,1380,655,725,120,57,63,54,24,30,474,214,260
LUBBOCK COUNTY,303,66 Years,1980,931,1049,1406,674,732,110,54,56,38,15,23,426,188,238
LUBBOCK COUNTY,303,67 Years,1866,878,988,1380,650,730,94,42,52,37,15,22,355,171,184
LUBBOCK COUNTY,303,68 Years,1838,854,984,1384,634,750,93,42,51,53,24,29,308,154,154
LUBBOCK COUNTY,303,69 Years,1705,778,927,1266,582,684,102,41,61,40,17,23,297,138,159
LUBBOCK COUNTY,303,70 Years,1597,692,905,1186,518,668,92,37,55,34,14,20,285,123,162
LUBBOCK COUNTY,303,71 Years,1501,668,833,1123,500,623,94,40,54,41,15,26,243,113,130
LUBBOCK COUNTY,303,72 Years,1433,641,792,1094,486,608,81,39,42,34,14,20,224,102,122
LUBBOCK COUNTY,303,73 Years,1431,615,816,1068,458,610,72,32,40,32,14,18,259,111,148
LUBBOCK COUNTY,303,74 Years,1372,618,754,1024,457,567,59,29,30,28,12,16,261,120,141
LUBBOCK COUNTY,303,75 Years,1345,562,783,1008,414,594,63,23,40,28,12,16,246,113,133
LUBBOCK COUNTY,303,76 Years,1350,582,768,1011,424,587,61,26,35,23,12,11,255,120,135
LUBBOCK COUNTY,303,77 Years,1204,531,673,921,391,530,64,31,33,21,10,11,198,99,99
LUBBOCK COUNTY,303,78 Years,1128,487,641,872,375,497,55,22,33,26,11,15,175,79,96
LUBBOCK COUNTY,303,79 Years,1075,426,649,856,337,519,47,19,28,16,8,8,156,62,94
LUBBOCK COUNTY,303,80 Years,1018,433,585,807,344,463,55,24,31,14,7,7,142,58,84
LUBBOCK COUNTY,303,81 Years,956,390,566,768,314,454,45,16,29,18,7,11,125,53,72
LUBBOCK COUNTY,303,82 Years,857,326,531,690,262,428,44,14,30,11,4,7,112,46,66
LUBBOCK COUNTY,303,83 Years,755,313,442,607,244,363,38,15,23,7,3,4,103,51,52
LUBBOCK COUNTY,303,84 Years,740,284,456,603,225,378,37,14,23,8,3,5,92,42,50
LUBBOCK COUNTY,303,85 Years +,4167,1374,2793,3530,1141,2389,168,58,110,32,15,17,437,160,277
LYNN COUNTY,305,All Ages,5923,2958,2965,2962,1428,1534,111,65,46,75,36,39,2775,1429,1346
LYNN COUNTY,305,< 1 Year,77,41,36,31,16,15,1,1,0,0,0,0,45,24,21
LYNN COUNTY,305,1 Years,76,35,41,31,14,17,0,0,0,0,0,0,45,21,24
LYNN COUNTY,305,2 Years,83,49,34,34,19,15,1,1,0,0,0,0,48,29,19
LYNN COUNTY,305,3 Years,91,46,45,38,17,21,1,0,1,3,1,2,49,28,21
LYNN COUNTY,305,4 Years,105,45,60,40,18,22,1,1,0,1,0,1,63,26,37
LYNN COUNTY,305,5 Years,81,40,41,28,15,13,0,0,0,1,1,0,52,24,28
LYNN COUNTY,305,6 Years,85,39,46,33,12,21,0,0,0,1,0,1,51,27,24
LYNN COUNTY,305,7 Years,93,51,42,34,19,15,2,2,0,1,0,1,56,30,26
LYNN COUNTY,305,8 Years,99,54,45,35,21,14,3,3,0,1,0,1,60,30,30
LYNN COUNTY,305,9 Years,84,38,46,30,14,16,1,1,0,5,4,1,48,19,29
LYNN COUNTY,305,10 Years,87,38,49,33,15,18,2,0,2,2,1,1,50,22,28
LYNN COUNTY,305,11 Years,95,53,42,39,20,19,1,0,1,2,1,1,53,32,21
LYNN COUNTY,305,12 Years,94,51,43,28,14,14,1,1,0,3,3,0,62,33,29
LYNN COUNTY,305,13 Years,100,48,52,34,13,21,1,1,0,5,4,1,60,30,30
LYNN COUNTY,305,14 Years,98,44,54,38,13,25,1,0,1,4,2,2,55,29,26
LYNN COUNTY,305,15 Years,81,35,46,26,8,18,1,0,1,5,3,2,49,24,25
LYNN COUNTY,305,16 Years,81,40,41,36,17,19,3,2,1,3,1,2,39,20,19
LYNN COUNTY,305,17 Years,87,42,45,37,18,19,1,1,0,2,0,2,47,23,24
LYNN COUNTY,305,18 Years,102,51,51,42,20,22,5,3,2,1,1,0,54,27,27
LYNN COUNTY,305,19 Years,90,47,43,37,20,17,2,1,1,0,0,0,51,26,25
LYNN COUNTY,305,20 Years,59,34,25,23,14,9,0,0,0,0,0,0,36,20,16
LYNN COUNTY,305,21 Years,62,34,28,21,12,9,0,0,0,3,2,1,38,20,18
LYNN COUNTY,305,22 Years,46,23,23,18,9,9,1,1,0,2,1,1,25,12,13
LYNN COUNTY,305,23 Years,46,21,25,15,5,10,3,2,1,0,0,0,28,14,14
LYNN COUNTY,305,24 Years,52,29,23,24,13,11,2,2,0,0,0,0,26,14,12
LYNN COUNTY,305,25 Years,56,28,28,25,14,11,1,0,1,1,0,1,29,14,15
LYNN COUNTY,305,26 Years,59,32,27,21,10,11,0,0,0,0,0,0,38,22,16
LYNN COUNTY,305,27 Years,65,33,32,32,15,17,2,2,0,0,0,0,31,16,15
LYNN COUNTY,305,28 Years,67,36,31,28,14,14,2,2,0,0,0,0,37,20,17
LYNN COUNTY,305,29 Years,69,35,34,26,14,12,1,0,1,0,0,0,42,21,21
LYNN COUNTY,305,30 Years,65,29,36,24,10,14,3,1,2,1,0,1,37,18,19
LYNN COUNTY,305,31 Years,56,28,28,25,12,13,1,0,1,1,1,0,29,15,14
LYNN COUNTY,305,32 Years,57,26,31,25,11,14,1,1,0,0,0,0,31,14,17
LYNN COUNTY,305,33 Years,65,33,32,33,15,18,1,1,0,0,0,0,31,17,14
LYNN COUNTY,305,34 Years,64,34,30,41,22,19,0,0,0,1,0,1,22,12,10
LYNN COUNTY,305,35 Years,66,35,31,32,18,14,0,0,0,1,1,0,33,16,17
LYNN COUNTY,305,36 Years,64,31,33,30,14,16,1,0,1,2,1,1,31,16,15
LYNN COUNTY,305,37 Years,77,34,43,40,16,24,0,0,0,4,1,3,33,17,16
LYNN COUNTY,305,38 Years,53,33,20,26,15,11,0,0,0,1,1,0,26,17,9
LYNN COUNTY,305,39 Years,53,29,24,26,15,11,1,1,0,0,0,0,26,13,13
LYNN COUNTY,305,40 Years,59,29,30,30,17,13,2,0,2,0,0,0,27,12,15
LYNN COUNTY,305,41 Years,72,34,38,37,20,17,1,0,1,0,0,0,34,14,20
LYNN COUNTY,305,42 Years,72,34,38,33,15,18,1,1,0,0,0,0,38,18,20
LYNN COUNTY,305,43 Years,67,38,29,29,16,13,2,1,1,0,0,0,36,21,15
LYNN COUNTY,305,44 Years,74,43,31,31,16,15,2,2,0,1,0,1,40,25,15
LYNN COUNTY,305,45 Years,78,44,34,33,18,15,1,1,0,1,0,1,43,25,18
LYNN COUNTY,305,46 Years,91,41,50,48,19,29,2,2,0,1,0,1,40,20,20
LYNN COUNTY,305,47 Years,90,37,53,46,19,27,2,2,0,3,0,3,39,16,23
LYNN COUNTY,305,48 Years,96,45,51,54,23,31,2,1,1,2,1,1,38,20,18
LYNN COUNTY,305,49 Years,97,52,45,50,25,25,2,1,1,1,1,0,44,25,19
LYNN COUNTY,305,50 Years,81,43,38,45,24,21,1,1,0,0,0,0,35,18,17
LYNN COUNTY,305,51 Years,88,43,45,44,19,25,0,0,0,0,0,0,44,24,20
LYNN COUNTY,305,52 Years,100,55,45,53,29,24,3,2,1,0,0,0,44,24,20
LYNN COUNTY,305,53 Years,90,52,38,52,32,20,2,2,0,0,0,0,36,18,18
LYNN COUNTY,305,54 Years,88,46,42,51,28,23,1,1,0,0,0,0,36,17,19
LYNN COUNTY,305,55 Years,82,47,35,49,29,20,3,2,1,0,0,0,30,16,14
LYNN COUNTY,305,56 Years,88,46,42,50,26,24,1,1,0,0,0,0,37,19,18
LYNN COUNTY,305,57 Years,83,40,43,49,19,30,2,1,1,0,0,0,32,20,12
LYNN COUNTY,305,58 Years,74,36,38,43,19,24,2,0,2,0,0,0,29,17,12
LYNN COUNTY,305,59 Years,75,44,31,52,27,25,1,0,1,0,0,0,22,17,5
LYNN COUNTY,305,60 Years,74,42,32,45,24,21,0,0,0,0,0,0,29,18,11
LYNN COUNTY,305,61 Years,67,38,29,44,27,17,3,2,1,0,0,0,20,9,11
LYNN COUNTY,305,62 Years,72,40,32,44,27,17,1,0,1,2,1,1,25,12,13
LYNN COUNTY,305,63 Years,56,33,23,35,21,14,2,1,1,0,0,0,19,11,8
LYNN COUNTY,305,64 Years,59,33,26,38,19,19,2,2,0,0,0,0,19,12,7
LYNN COUNTY,305,65 Years,56,27,29,32,13,19,1,1,0,1,0,1,22,13,9
LYNN COUNTY,305,66 Years,53,28,25,31,15,16,1,0,1,1,0,1,20,13,7
LYNN COUNTY,305,67 Years,54,22,32,37,14,23,0,0,0,0,0,0,17,8,9
LYNN COUNTY,305,68 Years,56,27,29,34,15,19,0,0,0,0,0,0,22,12,10
LYNN COUNTY,305,69 Years,56,26,30,41,16,25,0,0,0,1,1,0,14,9,5
LYNN COUNTY,305,70 Years,54,21,33,39,14,25,2,1,1,0,0,0,13,6,7
LYNN COUNTY,305,71 Years,42,17,25,30,12,18,2,1,1,0,0,0,10,4,6
LYNN COUNTY,305,72 Years,53,27,26,39,22,17,1,0,1,1,0,1,12,5,7
LYNN COUNTY,305,73 Years,50,24,26,34,18,16,3,2,1,1,0,1,12,4,8
LYNN COUNTY,305,74 Years,54,20,34,34,16,18,1,0,1,1,1,0,18,3,15
LYNN COUNTY,305,75 Years,41,15,26,25,9,16,1,0,1,0,0,0,15,6,9
LYNN COUNTY,305,76 Years,47,18,29,28,10,18,1,0,1,0,0,0,18,8,10
LYNN COUNTY,305,77 Years,40,19,21,26,14,12,1,0,1,0,0,0,13,5,8
LYNN COUNTY,305,78 Years,34,17,17,22,12,10,2,1,1,0,0,0,10,4,6
LYNN COUNTY,305,79 Years,23,9,14,16,6,10,1,0,1,0,0,0,6,3,3
LYNN COUNTY,305,80 Years,21,11,10,15,6,9,0,0,0,0,0,0,6,5,1
LYNN COUNTY,305,81 Years,32,12,20,24,9,15,0,0,0,0,0,0,8,3,5
LYNN COUNTY,305,82 Years,39,17,22,31,14,17,0,0,0,0,0,0,8,3,5
LYNN COUNTY,305,83 Years,24,12,12,19,8,11,0,0,0,1,1,0,4,3,1
LYNN COUNTY,305,84 Years,27,12,15,22,9,13,1,1,0,0,0,0,4,2,2
LYNN COUNTY,305,85 Years +,104,38,66,79,27,52,4,1,3,0,0,0,21,10,11
MCCULLOCH COUNTY,307,All Ages,8323,4099,4224,5556,2677,2879,133,73,60,108,59,49,2526,1290,1236
MCCULLOCH COUNTY,307,< 1 Year,97,51,46,54,28,26,1,1,0,2,1,1,40,21,19
MCCULLOCH COUNTY,307,1 Years,96,51,45,54,28,26,1,1,0,2,1,1,39,21,18
MCCULLOCH COUNTY,307,2 Years,110,61,49,58,31,27,3,2,1,3,3,0,46,25,21
MCCULLOCH COUNTY,307,3 Years,100,54,46,49,24,25,1,1,0,2,2,0,48,27,21
MCCULLOCH COUNTY,307,4 Years,112,63,49,64,36,28,1,1,0,2,2,0,45,24,21
MCCULLOCH COUNTY,307,5 Years,111,63,48,60,35,25,1,1,0,2,1,1,48,26,22
MCCULLOCH COUNTY,307,6 Years,117,57,60,65,35,30,0,0,0,3,1,2,49,21,28
MCCULLOCH COUNTY,307,7 Years,111,57,54,58,33,25,2,1,1,0,0,0,51,23,28
MCCULLOCH COUNTY,307,8 Years,101,53,48,51,29,22,1,0,1,2,1,1,47,23,24
MCCULLOCH COUNTY,307,9 Years,114,67,47,56,34,22,3,2,1,1,1,0,54,30,24
MCCULLOCH COUNTY,307,10 Years,108,58,50,59,31,28,2,1,1,1,0,1,46,26,20
MCCULLOCH COUNTY,307,11 Years,109,55,54,63,34,29,3,1,2,0,0,0,43,20,23
MCCULLOCH COUNTY,307,12 Years,132,66,66,78,40,38,1,1,0,0,0,0,53,25,28
MCCULLOCH COUNTY,307,13 Years,131,63,68,75,38,37,4,1,3,2,0,2,50,24,26
MCCULLOCH COUNTY,307,14 Years,116,53,63,62,29,33,5,2,3,2,1,1,47,21,26
MCCULLOCH COUNTY,307,15 Years,114,55,59,62,28,34,4,3,1,2,1,1,46,23,23
MCCULLOCH COUNTY,307,16 Years,109,50,59,72,33,39,1,0,1,1,0,1,35,17,18
MCCULLOCH COUNTY,307,17 Years,125,58,67,77,34,43,0,0,0,1,1,0,47,23,24
MCCULLOCH COUNTY,307,18 Years,116,66,50,66,37,29,3,0,3,3,3,0,44,26,18
MCCULLOCH COUNTY,307,19 Years,94,58,36,50,30,20,1,0,1,2,2,0,41,26,15
MCCULLOCH COUNTY,307,20 Years,69,38,31,37,20,17,0,0,0,1,0,1,31,18,13
MCCULLOCH COUNTY,307,21 Years,75,41,34,40,21,19,0,0,0,0,0,0,35,20,15
MCCULLOCH COUNTY,307,22 Years,69,31,38,35,15,20,1,1,0,0,0,0,33,15,18
MCCULLOCH COUNTY,307,23 Years,76,41,35,37,20,17,3,3,0,0,0,0,36,18,18
MCCULLOCH COUNTY,307,24 Years,72,34,38,40,20,20,2,1,1,0,0,0,30,13,17
MCCULLOCH COUNTY,307,25 Years,76,37,39,38,18,20,1,1,0,2,1,1,35,17,18
MCCULLOCH COUNTY,307,26 Years,79,46,33,47,31,16,1,1,0,1,0,1,30,14,16
MCCULLOCH COUNTY,307,27 Years,76,44,32,49,26,23,1,1,0,2,1,1,24,16,8
MCCULLOCH COUNTY,307,28 Years,87,43,44,54,21,33,1,0,1,3,2,1,29,20,9
MCCULLOCH COUNTY,307,29 Years,84,44,40,52,24,28,2,1,1,0,0,0,30,19,11
MCCULLOCH COUNTY,307,30 Years,84,39,45,46,20,26,2,2,0,1,0,1,35,17,18
MCCULLOCH COUNTY,307,31 Years,79,35,44,47,22,25,1,1,0,0,0,0,31,12,19
MCCULLOCH COUNTY,307,32 Years,71,35,36,46,24,22,0,0,0,1,1,0,24,10,14
MCCULLOCH COUNTY,307,33 Years,82,44,38,60,32,28,1,0,1,1,1,0,20,11,9
MCCULLOCH COUNTY,307,34 Years,81,36,45,54,26,28,2,0,2,1,0,1,24,10,14
MCCULLOCH COUNTY,307,35 Years,83,42,41,52,24,28,3,2,1,1,1,0,27,15,12
MCCULLOCH COUNTY,307,36 Years,98,52,46,65,30,35,2,1,1,1,1,0,30,20,10
MCCULLOCH COUNTY,307,37 Years,91,47,44,59,27,32,1,1,0,0,0,0,31,19,12
MCCULLOCH COUNTY,307,38 Years,76,37,39,48,23,25,1,1,0,0,0,0,27,13,14
MCCULLOCH COUNTY,307,39 Years,78,43,35,51,29,22,1,0,1,1,1,0,25,13,12
MCCULLOCH COUNTY,307,40 Years,101,50,51,72,36,36,1,0,1,1,1,0,27,13,14
MCCULLOCH COUNTY,307,41 Years,87,44,43,57,29,28,2,1,1,2,1,1,26,13,13
MCCULLOCH COUNTY,307,42 Years,97,45,52,68,35,33,0,0,0,1,0,1,28,10,18
MCCULLOCH COUNTY,307,43 Years,90,35,55,55,23,32,0,0,0,2,0,2,33,12,21
MCCULLOCH COUNTY,307,44 Years,93,37,56,61,25,36,1,0,1,2,0,2,29,12,17
MCCULLOCH COUNTY,307,45 Years,103,44,59,69,29,40,1,0,1,2,1,1,31,14,17
MCCULLOCH COUNTY,307,46 Years,104,61,43,72,41,31,0,0,0,2,1,1,30,19,11
MCCULLOCH COUNTY,307,47 Years,97,50,47,65,32,33,3,2,1,2,1,1,27,15,12
MCCULLOCH COUNTY,307,48 Years,120,57,63,84,38,46,1,1,0,1,1,0,34,17,17
MCCULLOCH COUNTY,307,49 Years,111,51,60,74,35,39,1,1,0,0,0,0,36,15,21
MCCULLOCH COUNTY,307,50 Years,109,54,55,77,36,41,0,0,0,1,1,0,31,17,14
MCCULLOCH COUNTY,307,51 Years,97,48,49,71,30,41,1,1,0,1,1,0,24,16,8
MCCULLOCH COUNTY,307,52 Years,115,52,63,78,33,45,2,0,2,2,0,2,33,19,14
MCCULLOCH COUNTY,307,53 Years,127,63,64,91,41,50,2,1,1,1,0,1,33,21,12
MCCULLOCH COUNTY,307,54 Years,124,62,62,91,44,47,2,1,1,2,1,1,29,16,13
MCCULLOCH COUNTY,307,55 Years,134,59,75,96,38,58,4,3,1,2,1,1,32,17,15
MCCULLOCH COUNTY,307,56 Years,137,62,75,101,43,58,4,1,3,4,3,1,28,15,13
MCCULLOCH COUNTY,307,57 Years,124,65,59,87,45,42,2,1,1,3,2,1,32,17,15
MCCULLOCH COUNTY,307,58 Years,134,63,71,99,46,53,3,2,1,2,1,1,30,14,16
MCCULLOCH COUNTY,307,59 Years,107,49,58,85,36,49,3,2,1,0,0,0,19,11,8
MCCULLOCH COUNTY,307,60 Years,113,61,52,85,42,43,4,3,1,2,2,0,22,14,8
MCCULLOCH COUNTY,307,61 Years,106,56,50,80,40,40,3,2,1,2,2,0,21,12,9
MCCULLOCH COUNTY,307,62 Years,118,57,61,90,43,47,2,2,0,1,1,0,25,11,14
MCCULLOCH COUNTY,307,63 Years,128,63,65,99,49,50,2,1,1,2,0,2,25,13,12
MCCULLOCH COUNTY,307,64 Years,137,67,70,108,54,54,1,0,1,1,0,1,27,13,14
MCCULLOCH COUNTY,307,65 Years,115,56,59,91,47,44,0,0,0,0,0,0,24,9,15
MCCULLOCH COUNTY,307,66 Years,109,52,57,85,41,44,0,0,0,1,0,1,23,11,12
MCCULLOCH COUNTY,307,67 Years,102,55,47,78,42,36,0,0,0,1,0,1,23,13,10
MCCULLOCH COUNTY,307,68 Years,109,54,55,85,43,42,2,1,1,3,1,2,19,9,10
MCCULLOCH COUNTY,307,69 Years,88,44,44,72,37,35,1,1,0,1,0,1,14,6,8
MCCULLOCH COUNTY,307,70 Years,83,42,41,62,31,31,3,2,1,1,1,0,17,8,9
MCCULLOCH COUNTY,307,71 Years,82,43,39,63,32,31,3,1,2,1,1,0,15,9,6
MCCULLOCH COUNTY,307,72 Years,68,31,37,53,24,29,1,0,1,1,1,0,13,6,7
MCCULLOCH COUNTY,307,73 Years,67,30,37,52,24,28,0,0,0,1,1,0,14,5,9
MCCULLOCH COUNTY,307,74 Years,78,38,40,57,30,27,0,0,0,1,0,1,20,8,12
MCCULLOCH COUNTY,307,75 Years,73,35,38,54,25,29,1,0,1,1,1,0,17,9,8
MCCULLOCH COUNTY,307,76 Years,70,26,44,58,20,38,0,0,0,0,0,0,12,6,6
MCCULLOCH COUNTY,307,77 Years,71,34,37,58,29,29,0,0,0,1,0,1,12,5,7
MCCULLOCH COUNTY,307,78 Years,58,26,32,46,22,24,1,1,0,1,0,1,10,3,7
MCCULLOCH COUNTY,307,79 Years,55,25,30,40,18,22,1,1,0,2,2,0,12,4,8
MCCULLOCH COUNTY,307,80 Years,54,22,32,46,20,26,1,1,0,0,0,0,7,1,6
MCCULLOCH COUNTY,307,81 Years,61,24,37,51,19,32,1,0,1,1,0,1,8,5,3
MCCULLOCH COUNTY,307,82 Years,42,15,27,34,10,24,2,1,1,0,0,0,6,4,2
MCCULLOCH COUNTY,307,83 Years,47,26,21,39,20,19,0,0,0,0,0,0,8,6,2
MCCULLOCH COUNTY,307,84 Years,56,26,30,44,21,23,3,0,3,1,0,1,8,5,3
MCCULLOCH COUNTY,307,85 Years +,213,72,141,183,59,124,4,3,1,0,0,0,26,10,16
MCLENNAN COUNTY,309,All Ages,238338,115982,122356,138389,67045,71344,34400,16038,18362,7587,3471,4116,57962,29428,28534
MCLENNAN COUNTY,309,< 1 Year,3573,1832,1741,1763,900,863,504,259,245,90,46,44,1216,627,589
MCLENNAN COUNTY,309,1 Years,3418,1749,1669,1488,766,722,555,283,272,137,69,68,1238,631,607
MCLENNAN COUNTY,309,2 Years,3298,1708,1590,1360,705,655,502,251,251,158,82,76,1278,670,608
MCLENNAN COUNTY,309,3 Years,3356,1739,1617,1370,715,655,509,255,254,165,85,80,1312,684,628
MCLENNAN COUNTY,309,4 Years,3337,1750,1587,1395,749,646,531,270,261,140,69,71,1271,662,609
MCLENNAN COUNTY,309,5 Years,3356,1766,1590,1428,781,647,559,280,279,130,64,66,1239,641,598
MCLENNAN COUNTY,309,6 Years,3263,1656,1607,1393,729,664,504,253,251,125,57,68,1241,617,624
MCLENNAN COUNTY,309,7 Years,3310,1679,1631,1427,720,707,529,275,254,141,66,75,1213,618,595
MCLENNAN COUNTY,309,8 Years,3316,1648,1668,1432,712,720,522,255,267,153,77,76,1209,604,605
MCLENNAN COUNTY,309,9 Years,3388,1721,1667,1503,767,736,485,235,250,139,65,74,1261,654,607
MCLENNAN COUNTY,309,10 Years,3350,1690,1660,1456,722,734,540,274,266,145,69,76,1209,625,584
MCLENNAN COUNTY,309,11 Years,3309,1700,1609,1474,752,722,550,285,265,142,72,70,1143,591,552
MCLENNAN COUNTY,309,12 Years,3414,1787,1627,1563,823,740,568,301,267,144,69,75,1139,594,545
MCLENNAN COUNTY,309,13 Years,3268,1692,1576,1516,793,723,535,273,262,129,67,62,1088,559,529
MCLENNAN COUNTY,309,14 Years,3225,1657,1568,1536,803,733,519,252,267,127,55,72,1043,547,496
MCLENNAN COUNTY,309,15 Years,3233,1671,1562,1515,801,714,540,293,247,121,51,70,1057,526,531
MCLENNAN COUNTY,309,16 Years,3393,1787,1606,1553,821,732,607,338,269,117,61,56,1116,567,549
MCLENNAN COUNTY,309,17 Years,3591,1886,1705,1733,936,797,650,350,300,104,50,54,1104,550,554
MCLENNAN COUNTY,309,18 Years,4435,2239,2196,2369,1177,1192,665,340,325,209,98,111,1192,624,568
MCLENNAN COUNTY,309,19 Years,5592,2705,2887,3222,1552,1670,675,334,341,333,142,191,1362,677,685
MCLENNAN COUNTY,309,20 Years,5612,2599,3013,3248,1445,1803,736,362,374,301,132,169,1327,660,667
MCLENNAN COUNTY,309,21 Years,5439,2654,2785,3185,1555,1630,723,338,385,316,134,182,1215,627,588
MCLENNAN COUNTY,309,22 Years,4996,2390,2606,2912,1397,1515,656,289,367,226,99,127,1202,605,597
MCLENNAN COUNTY,309,23 Years,4172,2053,2119,2230,1098,1132,591,265,326,207,97,110,1144,593,551
MCLENNAN COUNTY,309,24 Years,4030,2013,2017,2211,1142,1069,545,237,308,160,68,92,1114,566,548
MCLENNAN COUNTY,309,25 Years,3740,1818,1922,2052,997,1055,511,230,281,137,62,75,1040,529,511
MCLENNAN COUNTY,309,26 Years,3237,1667,1570,1640,843,797,508,255,253,110,48,62,979,521,458
MCLENNAN COUNTY,309,27 Years,3226,1635,1591,1688,857,831,479,230,249,105,51,54,954,497,457
MCLENNAN COUNTY,309,28 Years,3140,1572,1568,1614,805,809,459,205,254,94,59,35,973,503,470
MCLENNAN COUNTY,309,29 Years,3012,1463,1549,1546,752,794,433,197,236,93,39,54,940,475,465
MCLENNAN COUNTY,309,30 Years,3060,1522,1538,1641,829,812,437,193,244,82,36,46,900,464,436
MCLENNAN COUNTY,309,31 Years,3069,1497,1572,1549,774,775,501,212,289,83,34,49,936,477,459
MCLENNAN COUNTY,309,32 Years,2865,1401,1464,1512,759,753,459,201,258,85,35,50,809,406,403
MCLENNAN COUNTY,309,33 Years,2781,1401,1380,1484,748,736,420,208,212,79,34,45,798,411,387
MCLENNAN COUNTY,309,34 Years,2661,1317,1344,1408,699,709,397,177,220,72,34,38,784,407,377
MCLENNAN COUNTY,309,35 Years,2656,1297,1359,1373,681,692,418,178,240,85,40,45,780,398,382
MCLENNAN COUNTY,309,36 Years,2693,1310,1383,1426,715,711,404,178,226,83,41,42,780,376,404
MCLENNAN COUNTY,309,37 Years,2613,1270,1343,1415,680,735,405,175,230,76,39,37,717,376,341
MCLENNAN COUNTY,309,38 Years,2571,1230,1341,1414,694,720,381,165,216,73,36,37,703,335,368
MCLENNAN COUNTY,309,39 Years,2746,1324,1422,1542,749,793,390,185,205,75,29,46,739,361,378
MCLENNAN COUNTY,309,40 Years,2792,1344,1448,1628,790,838,410,184,226,82,36,46,672,334,338
MCLENNAN COUNTY,309,41 Years,2805,1382,1423,1642,806,836,409,190,219,81,35,46,673,351,322
MCLENNAN COUNTY,309,42 Years,2658,1278,1380,1580,760,820,386,177,209,75,32,43,617,309,308
MCLENNAN COUNTY,309,43 Years,2614,1258,1356,1530,744,786,369,167,202,76,34,42,639,313,326
MCLENNAN COUNTY,309,44 Years,2645,1244,1401,1545,745,800,385,164,221,74,33,41,641,302,339
MCLENNAN COUNTY,309,45 Years,2685,1289,1396,1603,761,842,405,188,217,62,26,36,615,314,301
MCLENNAN COUNTY,309,46 Years,3049,1443,1606,1876,880,996,457,209,248,76,36,40,640,318,322
MCLENNAN COUNTY,309,47 Years,2968,1464,1504,1857,917,940,414,182,232,70,32,38,627,333,294
MCLENNAN COUNTY,309,48 Years,2914,1439,1475,1832,909,923,414,187,227,65,34,31,603,309,294
MCLENNAN COUNTY,309,49 Years,3055,1556,1499,1929,965,964,436,219,217,73,38,35,617,334,283
MCLENNAN COUNTY,309,50 Years,3054,1495,1559,1922,952,970,445,195,250,78,33,45,609,315,294
MCLENNAN COUNTY,309,51 Years,3107,1522,1585,1982,965,1017,477,230,247,74,32,42,574,295,279
MCLENNAN COUNTY,309,52 Years,3064,1529,1535,1972,979,993,461,222,239,71,36,35,560,292,268
MCLENNAN COUNTY,309,53 Years,2978,1425,1553,1985,958,1027,442,192,250,67,30,37,484,245,239
MCLENNAN COUNTY,309,54 Years,2982,1459,1523,1988,976,1012,466,209,257,65,29,36,463,245,218
MCLENNAN COUNTY,309,55 Years,2987,1441,1546,1984,954,1030,468,210,258,64,31,33,471,246,225
MCLENNAN COUNTY,309,56 Years,2994,1417,1577,2020,966,1054,466,204,262,73,32,41,435,215,220
MCLENNAN COUNTY,309,57 Years,2803,1340,1463,1916,924,992,431,188,243,62,28,34,394,200,194
MCLENNAN COUNTY,309,58 Years,2833,1366,1467,1957,959,998,421,184,237,53,19,34,402,204,198
MCLENNAN COUNTY,309,59 Years,2669,1241,1428,1884,894,990,401,155,246,50,18,32,334,174,160
MCLENNAN COUNTY,309,60 Years,2483,1186,1297,1743,834,909,363,164,199,51,19,32,326,169,157
MCLENNAN COUNTY,309,61 Years,2431,1179,1252,1739,846,893,324,150,174,57,26,31,311,157,154
MCLENNAN COUNTY,309,62 Years,2445,1198,1247,1763,871,892,338,157,181,53,26,27,291,144,147
MCLENNAN COUNTY,309,63 Years,2386,1147,1239,1772,854,918,307,145,162,52,21,31,255,127,128
MCLENNAN COUNTY,309,64 Years,2305,1086,1219,1750,825,925,264,119,145,49,19,30,242,123,119
MCLENNAN COUNTY,309,65 Years,1887,883,1004,1399,659,740,220,95,125,45,16,29,223,113,110
MCLENNAN COUNTY,309,66 Years,1828,860,968,1369,651,718,226,99,127,32,12,20,201,98,103
MCLENNAN COUNTY,309,67 Years,1783,827,956,1341,642,699,206,84,122,29,8,21,207,93,114
MCLENNAN COUNTY,309,68 Years,1704,799,905,1301,619,682,195,84,111,32,15,17,176,81,95
MCLENNAN COUNTY,309,69 Years,1596,726,870,1232,569,663,174,67,107,38,20,18,152,70,82
MCLENNAN COUNTY,309,70 Years,1479,662,817,1139,515,624,166,73,93,29,10,19,145,64,81
MCLENNAN COUNTY,309,71 Years,1426,646,780,1096,502,594,164,72,92,26,9,17,140,63,77
MCLENNAN COUNTY,309,72 Years,1369,623,746,1066,500,566,150,56,94,20,8,12,133,59,74
MCLENNAN COUNTY,309,73 Years,1371,637,734,1053,498,555,163,68,95,24,10,14,131,61,70
MCLENNAN COUNTY,309,74 Years,1226,562,664,938,436,502,152,60,92,21,11,10,115,55,60
MCLENNAN COUNTY,309,75 Years,1227,531,696,951,419,532,137,54,83,20,10,10,119,48,71
MCLENNAN COUNTY,309,76 Years,1191,529,662,946,429,517,123,49,74,13,8,5,109,43,66
MCLENNAN COUNTY,309,77 Years,1135,477,658,898,383,515,116,42,74,13,7,6,108,45,63
MCLENNAN COUNTY,309,78 Years,1057,444,613,830,349,481,124,48,76,10,3,7,93,44,49
MCLENNAN COUNTY,309,79 Years,991,428,563,786,340,446,106,44,62,14,4,10,85,40,45
MCLENNAN COUNTY,309,80 Years,955,404,551,757,316,441,115,52,63,10,3,7,73,33,40
MCLENNAN COUNTY,309,81 Years,943,387,556,754,305,449,110,45,65,7,2,5,72,35,37
MCLENNAN COUNTY,309,82 Years,918,380,538,732,302,430,112,47,65,8,3,5,66,28,38
MCLENNAN COUNTY,309,83 Years,791,309,482,644,250,394,78,29,49,8,3,5,61,27,34
MCLENNAN COUNTY,309,84 Years,721,278,443,601,232,369,66,24,42,9,3,6,45,19,26
MCLENNAN COUNTY,309,85 Years +,4290,1367,2923,3571,1152,2419,436,119,317,35,10,25,248,86,162
MCMULLEN COUNTY,311,All Ages,832,433,399,509,259,250,11,7,4,7,1,6,305,166,139
MCMULLEN COUNTY,311,< 1 Year,8,5,3,4,2,2,0,0,0,0,0,0,4,3,1
MCMULLEN COUNTY,311,1 Years,6,2,4,1,0,1,0,0,0,0,0,0,5,2,3
MCMULLEN COUNTY,311,2 Years,5,2,3,1,0,1,0,0,0,0,0,0,4,2,2
MCMULLEN COUNTY,311,3 Years,7,4,3,5,3,2,0,0,0,0,0,0,2,1,1
MCMULLEN COUNTY,311,4 Years,8,4,4,7,3,4,0,0,0,0,0,0,1,1,0
MCMULLEN COUNTY,311,5 Years,7,5,2,3,2,1,0,0,0,0,0,0,4,3,1
MCMULLEN COUNTY,311,6 Years,9,5,4,5,3,2,0,0,0,0,0,0,4,2,2
MCMULLEN COUNTY,311,7 Years,5,4,1,3,2,1,1,1,0,0,0,0,1,1,0
MCMULLEN COUNTY,311,8 Years,4,1,3,2,1,1,0,0,0,0,0,0,2,0,2
MCMULLEN COUNTY,311,9 Years,8,2,6,2,0,2,0,0,0,0,0,0,6,2,4
MCMULLEN COUNTY,311,10 Years,10,6,4,5,4,1,0,0,0,0,0,0,5,2,3
MCMULLEN COUNTY,311,11 Years,8,5,3,2,2,0,0,0,0,0,0,0,6,3,3
MCMULLEN COUNTY,311,12 Years,14,8,6,4,2,2,0,0,0,0,0,0,10,6,4
MCMULLEN COUNTY,311,13 Years,17,9,8,7,4,3,1,1,0,0,0,0,9,4,5
MCMULLEN COUNTY,311,14 Years,6,2,4,2,1,1,0,0,0,0,0,0,4,1,3
MCMULLEN COUNTY,311,15 Years,6,3,3,1,0,1,0,0,0,0,0,0,5,3,2
MCMULLEN COUNTY,311,16 Years,7,4,3,3,2,1,0,0,0,0,0,0,4,2,2
MCMULLEN COUNTY,311,17 Years,4,3,1,1,1,0,0,0,0,0,0,0,3,2,1
MCMULLEN COUNTY,311,18 Years,8,3,5,5,2,3,0,0,0,0,0,0,3,1,2
MCMULLEN COUNTY,311,19 Years,13,6,7,5,1,4,0,0,0,0,0,0,8,5,3
MCMULLEN COUNTY,311,20 Years,9,6,3,4,1,3,1,1,0,0,0,0,4,4,0
MCMULLEN COUNTY,311,21 Years,11,7,4,3,1,2,0,0,0,0,0,0,8,6,2
MCMULLEN COUNTY,311,22 Years,8,2,6,2,0,2,0,0,0,0,0,0,6,2,4
MCMULLEN COUNTY,311,23 Years,5,2,3,2,0,2,0,0,0,0,0,0,3,2,1
MCMULLEN COUNTY,311,24 Years,8,3,5,2,1,1,0,0,0,0,0,0,6,2,4
MCMULLEN COUNTY,311,25 Years,7,4,3,2,0,2,0,0,0,0,0,0,5,4,1
MCMULLEN COUNTY,311,26 Years,10,7,3,6,3,3,0,0,0,0,0,0,4,4,0
MCMULLEN COUNTY,311,27 Years,9,3,6,8,2,6,0,0,0,0,0,0,1,1,0
MCMULLEN COUNTY,311,28 Years,8,3,5,6,3,3,0,0,0,0,0,0,2,0,2
MCMULLEN COUNTY,311,29 Years,5,3,2,3,2,1,0,0,0,0,0,0,2,1,1
MCMULLEN COUNTY,311,30 Years,6,4,2,2,2,0,0,0,0,0,0,0,4,2,2
MCMULLEN COUNTY,311,31 Years,10,5,5,4,2,2,1,0,1,2,0,2,3,3,0
MCMULLEN COUNTY,311,32 Years,8,5,3,5,3,2,0,0,0,1,0,1,2,2,0
MCMULLEN COUNTY,311,33 Years,8,5,3,4,4,0,0,0,0,0,0,0,4,1,3
MCMULLEN COUNTY,311,34 Years,5,2,3,3,1,2,0,0,0,0,0,0,2,1,1
MCMULLEN COUNTY,311,35 Years,6,3,3,2,1,1,0,0,0,0,0,0,4,2,2
MCMULLEN COUNTY,311,36 Years,5,2,3,3,1,2,0,0,0,0,0,0,2,1,1
MCMULLEN COUNTY,311,37 Years,8,4,4,6,3,3,0,0,0,0,0,0,2,1,1
MCMULLEN COUNTY,311,38 Years,4,1,3,2,1,1,0,0,0,0,0,0,2,0,2
MCMULLEN COUNTY,311,39 Years,8,5,3,4,4,0,0,0,0,0,0,0,4,1,3
MCMULLEN COUNTY,311,40 Years,5,2,3,2,2,0,0,0,0,0,0,0,3,0,3
MCMULLEN COUNTY,311,41 Years,7,2,5,5,1,4,0,0,0,0,0,0,2,1,1
MCMULLEN COUNTY,311,42 Years,12,8,4,5,2,3,0,0,0,0,0,0,7,6,1
MCMULLEN COUNTY,311,43 Years,8,3,5,3,1,2,1,1,0,0,0,0,4,1,3
MCMULLEN COUNTY,311,44 Years,10,5,5,7,4,3,1,1,0,0,0,0,2,0,2
MCMULLEN COUNTY,311,45 Years,14,5,9,8,3,5,0,0,0,2,0,2,4,2,2
MCMULLEN COUNTY,311,46 Years,18,9,9,8,3,5,0,0,0,1,0,1,9,6,3
MCMULLEN COUNTY,311,47 Years,7,4,3,3,2,1,0,0,0,0,0,0,4,2,2
MCMULLEN COUNTY,311,48 Years,7,4,3,5,4,1,0,0,0,0,0,0,2,0,2
MCMULLEN COUNTY,311,49 Years,10,5,5,5,3,2,0,0,0,0,0,0,5,2,3
MCMULLEN COUNTY,311,50 Years,17,6,11,12,4,8,0,0,0,0,0,0,5,2,3
MCMULLEN COUNTY,311,51 Years,11,4,7,8,3,5,0,0,0,0,0,0,3,1,2
MCMULLEN COUNTY,311,52 Years,14,10,4,7,5,2,0,0,0,0,0,0,7,5,2
MCMULLEN COUNTY,311,53 Years,13,9,4,8,6,2,1,0,1,0,0,0,4,3,1
MCMULLEN COUNTY,311,54 Years,11,5,6,4,2,2,1,0,1,0,0,0,6,3,3
MCMULLEN COUNTY,311,55 Years,25,14,11,18,10,8,0,0,0,0,0,0,7,4,3
MCMULLEN COUNTY,311,56 Years,22,12,10,16,9,7,0,0,0,0,0,0,6,3,3
MCMULLEN COUNTY,311,57 Years,14,6,8,10,4,6,0,0,0,0,0,0,4,2,2
MCMULLEN COUNTY,311,58 Years,14,8,6,11,7,4,0,0,0,0,0,0,3,1,2
MCMULLEN COUNTY,311,59 Years,9,4,5,8,3,5,0,0,0,0,0,0,1,1,0
MCMULLEN COUNTY,311,60 Years,11,8,3,8,6,2,0,0,0,0,0,0,3,2,1
MCMULLEN COUNTY,311,61 Years,10,6,4,7,4,3,0,0,0,0,0,0,3,2,1
MCMULLEN COUNTY,311,62 Years,14,7,7,11,5,6,0,0,0,0,0,0,3,2,1
MCMULLEN COUNTY,311,63 Years,8,4,4,8,4,4,0,0,0,0,0,0,0,0,0
MCMULLEN COUNTY,311,64 Years,11,6,5,10,5,5,0,0,0,0,0,0,1,1,0
MCMULLEN COUNTY,311,65 Years,7,1,6,5,1,4,0,0,0,0,0,0,2,0,2
MCMULLEN COUNTY,311,66 Years,16,8,8,10,6,4,0,0,0,0,0,0,6,2,4
MCMULLEN COUNTY,311,67 Years,12,6,6,9,5,4,0,0,0,0,0,0,3,1,2
MCMULLEN COUNTY,311,68 Years,7,2,5,4,2,2,0,0,0,0,0,0,3,0,3
MCMULLEN COUNTY,311,69 Years,16,7,9,11,3,8,0,0,0,0,0,0,5,4,1
MCMULLEN COUNTY,311,70 Years,10,6,4,9,5,4,0,0,0,0,0,0,1,1,0
MCMULLEN COUNTY,311,71 Years,15,14,1,11,10,1,0,0,0,0,0,0,4,4,0
MCMULLEN COUNTY,311,72 Years,9,6,3,5,3,2,0,0,0,0,0,0,4,3,1
MCMULLEN COUNTY,311,73 Years,16,5,11,11,2,9,0,0,0,0,0,0,5,3,2
MCMULLEN COUNTY,311,74 Years,17,7,10,16,6,10,0,0,0,0,0,0,1,1,0
MCMULLEN COUNTY,311,75 Years,12,6,6,11,5,6,1,1,0,0,0,0,0,0,0
MCMULLEN COUNTY,311,76 Years,10,8,2,9,7,2,1,1,0,0,0,0,0,0,0
MCMULLEN COUNTY,311,77 Years,5,4,1,3,3,0,0,0,0,0,0,0,2,1,1
MCMULLEN COUNTY,311,78 Years,12,5,7,10,4,6,0,0,0,0,0,0,2,1,1
MCMULLEN COUNTY,311,79 Years,14,6,8,11,5,6,1,0,1,0,0,0,2,1,1
MCMULLEN COUNTY,311,80 Years,12,7,5,10,5,5,0,0,0,1,1,0,1,1,0
MCMULLEN COUNTY,311,81 Years,7,4,3,6,4,2,0,0,0,0,0,0,1,0,1
MCMULLEN COUNTY,311,82 Years,3,1,2,3,1,2,0,0,0,0,0,0,0,0,0
MCMULLEN COUNTY,311,83 Years,5,4,1,5,4,1,0,0,0,0,0,0,0,0,0
MCMULLEN COUNTY,311,84 Years,5,3,2,3,1,2,0,0,0,0,0,0,2,2,0
MCMULLEN COUNTY,311,85 Years +,12,8,4,9,5,4,0,0,0,0,0,0,3,3,0
MADISON COUNTY,313,All Ages,13745,7918,5827,8042,4247,3795,2690,1750,940,272,138,134,2741,1783,958
MADISON COUNTY,313,< 1 Year,155,79,76,85,42,43,23,12,11,7,4,3,40,21,19
MADISON COUNTY,313,1 Years,162,84,78,84,46,38,24,12,12,10,4,6,44,22,22
MADISON COUNTY,313,2 Years,157,82,75,87,47,40,22,9,13,12,6,6,36,20,16
MADISON COUNTY,313,3 Years,162,83,79,80,42,38,23,11,12,13,4,9,46,26,20
MADISON COUNTY,313,4 Years,166,86,80,82,44,38,34,17,17,9,4,5,41,21,20
MADISON COUNTY,313,5 Years,164,77,87,77,34,43,38,14,24,5,4,1,44,25,19
MADISON COUNTY,313,6 Years,160,86,74,83,45,38,31,13,18,6,4,2,40,24,16
MADISON COUNTY,313,7 Years,155,84,71,88,48,40,26,15,11,7,2,5,34,19,15
MADISON COUNTY,313,8 Years,152,71,81,83,41,42,29,10,19,6,0,6,34,20,14
MADISON COUNTY,313,9 Years,175,91,84,85,48,37,35,19,16,5,3,2,50,21,29
MADISON COUNTY,313,10 Years,167,92,75,87,50,37,30,17,13,5,5,0,45,20,25
MADISON COUNTY,313,11 Years,167,80,87,95,48,47,28,10,18,4,3,1,40,19,21
MADISON COUNTY,313,12 Years,181,90,91,92,49,43,36,10,26,3,2,1,50,29,21
MADISON COUNTY,313,13 Years,184,91,93,104,52,52,35,14,21,4,2,2,41,23,18
MADISON COUNTY,313,14 Years,172,92,80,98,54,44,24,12,12,6,5,1,44,21,23
MADISON COUNTY,313,15 Years,154,82,72,77,41,36,27,13,14,4,3,1,46,25,21
MADISON COUNTY,313,16 Years,161,75,86,92,41,51,18,6,12,3,2,1,48,26,22
MADISON COUNTY,313,17 Years,180,90,90,95,45,50,33,16,17,2,2,0,50,27,23
MADISON COUNTY,313,18 Years,197,109,88,91,48,43,43,25,18,4,2,2,59,34,25
MADISON COUNTY,313,19 Years,216,140,76,88,56,32,52,41,11,2,0,2,74,43,31
MADISON COUNTY,313,20 Years,212,144,68,85,53,32,50,41,9,1,0,1,76,50,26
MADISON COUNTY,313,21 Years,244,180,64,102,70,32,67,56,11,1,1,0,74,53,21
MADISON COUNTY,313,22 Years,256,185,71,92,52,40,82,67,15,2,1,1,80,65,15
MADISON COUNTY,313,23 Years,248,187,61,97,62,35,65,51,14,1,0,1,85,74,11
MADISON COUNTY,313,24 Years,292,226,66,121,79,42,90,80,10,2,2,0,79,65,14
MADISON COUNTY,313,25 Years,271,217,54,94,57,37,90,86,4,3,2,1,84,72,12
MADISON COUNTY,313,26 Years,272,212,60,115,78,37,78,67,11,4,2,2,75,65,10
MADISON COUNTY,313,27 Years,243,168,75,106,63,43,74,61,13,6,3,3,57,41,16
MADISON COUNTY,313,28 Years,246,170,76,91,50,41,67,51,16,3,1,2,85,68,17
MADISON COUNTY,313,29 Years,232,170,62,99,64,35,69,56,13,5,3,2,59,47,12
MADISON COUNTY,313,30 Years,224,166,58,97,61,36,71,61,10,3,2,1,53,42,11
MADISON COUNTY,313,31 Years,238,171,67,112,74,38,53,43,10,3,2,1,70,52,18
MADISON COUNTY,313,32 Years,191,123,68,93,53,40,59,45,14,4,2,2,35,23,12
MADISON COUNTY,313,33 Years,215,150,65,108,64,44,54,43,11,3,1,2,50,42,8
MADISON COUNTY,313,34 Years,189,134,55,89,54,35,60,53,7,5,3,2,35,24,11
MADISON COUNTY,313,35 Years,188,133,55,89,55,34,47,43,4,4,3,1,48,32,16
MADISON COUNTY,313,36 Years,183,122,61,94,61,33,42,32,10,4,2,2,43,27,16
MADISON COUNTY,313,37 Years,191,118,73,86,42,44,57,43,14,1,0,1,47,33,14
MADISON COUNTY,313,38 Years,193,129,64,107,70,37,40,27,13,0,0,0,46,32,14
MADISON COUNTY,313,39 Years,168,99,69,78,37,41,39,31,8,3,1,2,48,30,18
MADISON COUNTY,313,40 Years,178,111,67,104,60,44,26,19,7,6,3,3,42,29,13
MADISON COUNTY,313,41 Years,195,117,78,124,70,54,35,24,11,2,1,1,34,22,12
MADISON COUNTY,313,42 Years,182,107,75,100,55,45,39,24,15,2,2,0,41,26,15
MADISON COUNTY,313,43 Years,171,103,68,92,49,43,35,22,13,5,4,1,39,28,11
MADISON COUNTY,313,44 Years,149,81,68,96,51,45,27,18,9,2,1,1,24,11,13
MADISON COUNTY,313,45 Years,160,90,70,103,53,50,29,18,11,3,2,1,25,17,8
MADISON COUNTY,313,46 Years,150,83,67,86,43,43,30,17,13,1,1,0,33,22,11
MADISON COUNTY,313,47 Years,170,90,80,101,53,48,33,22,11,5,2,3,31,13,18
MADISON COUNTY,313,48 Years,148,84,64,100,59,41,16,5,11,4,2,2,28,18,10
MADISON COUNTY,313,49 Years,148,70,78,104,46,58,19,10,9,2,1,1,23,13,10
MADISON COUNTY,313,50 Years,141,67,74,97,41,56,17,8,9,3,2,1,24,16,8
MADISON COUNTY,313,51 Years,149,74,75,100,45,55,29,17,12,2,1,1,18,11,7
MADISON COUNTY,313,52 Years,160,81,79,120,59,61,22,11,11,3,3,0,15,8,7
MADISON COUNTY,313,53 Years,163,86,77,130,68,62,8,2,6,2,1,1,23,15,8
MADISON COUNTY,313,54 Years,157,79,78,108,57,51,28,11,17,4,2,2,17,9,8
MADISON COUNTY,313,55 Years,151,83,68,109,60,49,25,10,15,2,2,0,15,11,4
MADISON COUNTY,313,56 Years,153,71,82,112,52,60,24,13,11,3,1,2,14,5,9
MADISON COUNTY,313,57 Years,158,74,84,111,55,56,25,10,15,4,1,3,18,8,10
MADISON COUNTY,313,58 Years,145,69,76,103,49,54,24,11,13,1,0,1,17,9,8
MADISON COUNTY,313,59 Years,133,62,71,106,48,58,14,8,6,3,0,3,10,6,4
MADISON COUNTY,313,60 Years,149,71,78,112,49,63,28,19,9,1,0,1,8,3,5
MADISON COUNTY,313,61 Years,145,71,74,117,56,61,16,10,6,2,0,2,10,5,5
MADISON COUNTY,313,62 Years,165,83,82,120,58,62,30,17,13,3,1,2,12,7,5
MADISON COUNTY,313,63 Years,146,67,79,126,59,67,13,5,8,1,0,1,6,3,3
MADISON COUNTY,313,64 Years,147,73,74,122,59,63,9,4,5,6,4,2,10,6,4
MADISON COUNTY,313,65 Years,126,62,64,103,50,53,12,7,5,5,2,3,6,3,3
MADISON COUNTY,313,66 Years,117,52,65,95,42,53,17,8,9,2,1,1,3,1,2
MADISON COUNTY,313,67 Years,121,57,64,105,47,58,10,5,5,1,1,0,5,4,1
MADISON COUNTY,313,68 Years,112,48,64,91,36,55,15,8,7,2,2,0,4,2,2
MADISON COUNTY,313,69 Years,112,56,56,91,47,44,11,5,6,2,0,2,8,4,4
MADISON COUNTY,313,70 Years,113,61,52,101,54,47,5,2,3,2,1,1,5,4,1
MADISON COUNTY,313,71 Years,122,63,59,105,55,50,11,6,5,2,0,2,4,2,2
MADISON COUNTY,313,72 Years,110,59,51,87,49,38,15,6,9,3,1,2,5,3,2
MADISON COUNTY,313,73 Years,93,50,43,78,46,32,8,1,7,1,0,1,6,3,3
MADISON COUNTY,313,74 Years,80,31,49,67,28,39,9,2,7,0,0,0,4,1,3
MADISON COUNTY,313,75 Years,86,40,46,72,34,38,8,4,4,2,0,2,4,2,2
MADISON COUNTY,313,76 Years,76,33,43,65,29,36,10,4,6,0,0,0,1,0,1
MADISON COUNTY,313,77 Years,70,34,36,63,31,32,5,2,3,0,0,0,2,1,1
MADISON COUNTY,313,78 Years,62,33,29,54,30,24,5,2,3,0,0,0,3,1,2
MADISON COUNTY,313,79 Years,62,29,33,48,26,22,13,3,10,0,0,0,1,0,1
MADISON COUNTY,313,80 Years,61,31,30,46,25,21,14,5,9,0,0,0,1,1,0
MADISON COUNTY,313,81 Years,53,29,24,47,25,22,4,2,2,0,0,0,2,2,0
MADISON COUNTY,313,82 Years,51,23,28,48,22,26,3,1,2,0,0,0,0,0,0
MADISON COUNTY,313,83 Years,41,21,20,35,18,17,4,1,3,0,0,0,2,2,0
MADISON COUNTY,313,84 Years,38,14,24,33,13,20,4,0,4,0,0,0,1,1,0
MADISON COUNTY,313,85 Years +,243,77,166,197,66,131,41,8,33,3,1,2,2,2,0
MARION COUNTY,315,All Ages,10596,5215,5381,7588,3816,3772,2335,1058,1277,344,174,170,329,167,162
MARION COUNTY,315,< 1 Year,98,50,48,64,32,32,23,12,11,4,2,2,7,4,3
MARION COUNTY,315,1 Years,110,55,55,60,28,32,33,18,15,9,3,6,8,6,2
MARION COUNTY,315,2 Years,104,56,48,57,27,30,32,20,12,7,3,4,8,6,2
MARION COUNTY,315,3 Years,121,62,59,74,39,35,24,11,13,11,8,3,12,4,8
MARION COUNTY,315,4 Years,105,51,54,67,32,35,24,12,12,5,3,2,9,4,5
MARION COUNTY,315,5 Years,104,55,49,63,34,29,28,15,13,5,3,2,8,3,5
MARION COUNTY,315,6 Years,97,45,52,60,27,33,26,13,13,6,4,2,5,1,4
MARION COUNTY,315,7 Years,91,48,43,57,32,25,24,12,12,4,2,2,6,2,4
MARION COUNTY,315,8 Years,96,50,46,69,34,35,20,13,7,2,1,1,5,2,3
MARION COUNTY,315,9 Years,106,53,53,68,37,31,31,14,17,2,1,1,5,1,4
MARION COUNTY,315,10 Years,105,58,47,68,42,26,27,11,16,6,3,3,4,2,2
MARION COUNTY,315,11 Years,107,54,53,64,34,30,33,14,19,6,4,2,4,2,2
MARION COUNTY,315,12 Years,114,64,50,62,36,26,42,21,21,4,3,1,6,4,2
MARION COUNTY,315,13 Years,133,82,51,82,52,30,37,18,19,6,5,1,8,7,1
MARION COUNTY,315,14 Years,119,65,54,84,49,35,24,9,15,7,5,2,4,2,2
MARION COUNTY,315,15 Years,120,65,55,75,41,34,31,15,16,5,3,2,9,6,3
MARION COUNTY,315,16 Years,122,70,52,64,36,28,41,22,19,5,3,2,12,9,3
MARION COUNTY,315,17 Years,121,61,60,74,35,39,31,14,17,7,4,3,9,8,1
MARION COUNTY,315,18 Years,122,68,54,81,46,35,29,14,15,6,4,2,6,4,2
MARION COUNTY,315,19 Years,119,68,51,81,47,34,29,17,12,4,2,2,5,2,3
MARION COUNTY,315,20 Years,103,55,48,74,42,32,20,8,12,3,2,1,6,3,3
MARION COUNTY,315,21 Years,83,41,42,59,31,28,19,8,11,0,0,0,5,2,3
MARION COUNTY,315,22 Years,78,40,38,44,23,21,27,13,14,3,2,1,4,2,2
MARION COUNTY,315,23 Years,98,50,48,62,34,28,23,10,13,5,3,2,8,3,5
MARION COUNTY,315,24 Years,104,47,57,68,34,34,25,8,17,6,3,3,5,2,3
MARION COUNTY,315,25 Years,101,50,51,75,40,35,20,8,12,4,1,3,2,1,1
MARION COUNTY,315,26 Years,82,36,46,67,31,36,14,4,10,1,1,0,0,0,0
MARION COUNTY,315,27 Years,86,40,46,63,30,33,13,6,7,4,1,3,6,3,3
MARION COUNTY,315,28 Years,100,41,59,55,24,31,31,11,20,7,2,5,7,4,3
MARION COUNTY,315,29 Years,98,45,53,62,29,33,28,12,16,3,2,1,5,2,3
MARION COUNTY,315,30 Years,90,44,46,61,30,31,24,12,12,3,2,1,2,0,2
MARION COUNTY,315,31 Years,103,49,54,69,31,38,28,13,15,5,4,1,1,1,0
MARION COUNTY,315,32 Years,86,42,44,62,29,33,20,10,10,1,1,0,3,2,1
MARION COUNTY,315,33 Years,78,33,45,58,25,33,18,7,11,0,0,0,2,1,1
MARION COUNTY,315,34 Years,99,54,45,68,37,31,21,11,10,6,3,3,4,3,1
MARION COUNTY,315,35 Years,99,50,49,70,39,31,20,9,11,3,1,2,6,1,5
MARION COUNTY,315,36 Years,81,39,42,57,27,30,16,8,8,3,2,1,5,2,3
MARION COUNTY,315,37 Years,88,46,42,65,32,33,17,10,7,3,1,2,3,3,0
MARION COUNTY,315,38 Years,103,48,55,73,39,34,20,5,15,3,1,2,7,3,4
MARION COUNTY,315,39 Years,105,39,66,74,30,44,17,4,13,4,0,4,10,5,5
MARION COUNTY,315,40 Years,120,56,64,84,42,42,24,11,13,7,1,6,5,2,3
MARION COUNTY,315,41 Years,112,58,54,79,43,36,24,13,11,3,1,2,6,1,5
MARION COUNTY,315,42 Years,110,53,57,78,39,39,26,13,13,3,0,3,3,1,2
MARION COUNTY,315,43 Years,113,57,56,86,46,40,22,8,14,3,1,2,2,2,0
MARION COUNTY,315,44 Years,131,66,65,96,49,47,28,12,16,3,2,1,4,3,1
MARION COUNTY,315,45 Years,155,79,76,107,55,52,36,16,20,7,4,3,5,4,1
MARION COUNTY,315,46 Years,153,79,74,111,58,53,34,16,18,5,3,2,3,2,1
MARION COUNTY,315,47 Years,151,79,72,111,58,53,34,18,16,4,2,2,2,1,1
MARION COUNTY,315,48 Years,153,76,77,112,56,56,32,16,16,6,3,3,3,1,2
MARION COUNTY,315,49 Years,175,85,90,130,65,65,37,17,20,4,3,1,4,0,4
MARION COUNTY,315,50 Years,180,80,100,134,68,66,36,10,26,6,2,4,4,0,4
MARION COUNTY,315,51 Years,208,109,99,151,85,66,47,19,28,7,5,2,3,0,3
MARION COUNTY,315,52 Years,203,98,105,145,72,73,50,20,30,4,3,1,4,3,1
MARION COUNTY,315,53 Years,181,82,99,131,63,68,40,14,26,5,2,3,5,3,2
MARION COUNTY,315,54 Years,176,97,79,124,68,56,39,19,20,6,3,3,7,7,0
MARION COUNTY,315,55 Years,169,95,74,123,66,57,35,22,13,7,4,3,4,3,1
MARION COUNTY,315,56 Years,175,87,88,129,65,64,36,18,18,7,3,4,3,1,2
MARION COUNTY,315,57 Years,186,79,107,133,57,76,46,20,26,6,2,4,1,0,1
MARION COUNTY,315,58 Years,167,82,85,119,58,61,42,23,19,4,0,4,2,1,1
MARION COUNTY,315,59 Years,158,78,80,122,60,62,32,15,17,3,2,1,1,1,0
MARION COUNTY,315,60 Years,171,78,93,123,60,63,43,17,26,5,1,4,0,0,0
MARION COUNTY,315,61 Years,191,98,93,135,69,66,50,26,24,5,3,2,1,0,1
MARION COUNTY,315,62 Years,194,103,91,146,79,67,39,18,21,5,3,2,4,3,1
MARION COUNTY,315,63 Years,197,87,110,162,74,88,28,10,18,4,2,2,3,1,2
MARION COUNTY,315,64 Years,207,100,107,170,83,87,31,14,17,4,3,1,2,0,2
MARION COUNTY,315,65 Years,176,81,95,142,66,76,29,13,16,4,2,2,1,0,1
MARION COUNTY,315,66 Years,151,76,75,116,59,57,31,16,15,4,1,3,0,0,0
MARION COUNTY,315,67 Years,146,71,75,121,57,64,23,12,11,2,2,0,0,0,0
MARION COUNTY,315,68 Years,139,68,71,116,55,61,20,11,9,3,2,1,0,0,0
MARION COUNTY,315,69 Years,147,76,71,111,57,54,30,17,13,3,1,2,3,1,2
MARION COUNTY,315,70 Years,157,71,86,124,60,64,29,10,19,3,1,2,1,0,1
MARION COUNTY,315,71 Years,135,71,64,113,62,51,21,9,12,1,0,1,0,0,0
MARION COUNTY,315,72 Years,131,65,66,106,55,51,22,10,12,2,0,2,1,0,1
MARION COUNTY,315,73 Years,120,58,62,96,51,45,19,6,13,4,1,3,1,0,1
MARION COUNTY,315,74 Years,95,38,57,77,32,45,15,6,9,2,0,2,1,0,1
MARION COUNTY,315,75 Years,122,51,71,102,43,59,15,6,9,3,2,1,2,0,2
MARION COUNTY,315,76 Years,88,49,39,65,38,27,17,7,10,2,1,1,4,3,1
MARION COUNTY,315,77 Years,96,47,49,72,37,35,21,8,13,2,1,1,1,1,0
MARION COUNTY,315,78 Years,81,36,45,63,29,34,17,6,11,1,1,0,0,0,0
MARION COUNTY,315,79 Years,80,39,41,66,35,31,14,4,10,0,0,0,0,0,0
MARION COUNTY,315,80 Years,62,30,32,50,24,26,12,6,6,0,0,0,0,0,0
MARION COUNTY,315,81 Years,63,23,40,48,17,31,15,6,9,0,0,0,0,0,0
MARION COUNTY,315,82 Years,60,23,37,51,22,29,9,1,8,0,0,0,0,0,0
MARION COUNTY,315,83 Years,57,26,31,48,23,25,7,2,5,1,1,0,1,0,1
MARION COUNTY,315,84 Years,49,20,29,38,17,21,8,2,6,2,1,1,1,0,1
MARION COUNTY,315,85 Years +,226,86,140,162,62,100,60,23,37,4,1,3,0,0,0
MARTIN COUNTY,317,All Ages,4817,2427,2390,2570,1284,1286,67,34,33,66,37,29,2114,1072,1042
MARTIN COUNTY,317,< 1 Year,74,39,35,33,16,17,1,1,0,0,0,0,40,22,18
MARTIN COUNTY,317,1 Years,85,45,40,37,21,16,3,2,1,0,0,0,45,22,23
MARTIN COUNTY,317,2 Years,79,41,38,31,16,15,4,3,1,2,2,0,42,20,22
MARTIN COUNTY,317,3 Years,73,37,36,28,15,13,3,2,1,1,1,0,41,19,22
MARTIN COUNTY,317,4 Years,76,43,33,31,17,14,2,0,2,2,1,1,41,25,16
MARTIN COUNTY,317,5 Years,75,42,33,29,16,13,2,1,1,1,1,0,43,24,19
MARTIN COUNTY,317,6 Years,79,46,33,33,17,16,2,2,0,0,0,0,44,27,17
MARTIN COUNTY,317,7 Years,78,44,34,34,17,17,3,2,1,0,0,0,41,25,16
MARTIN COUNTY,317,8 Years,80,39,41,35,17,18,1,0,1,1,1,0,43,21,22
MARTIN COUNTY,317,9 Years,69,35,34,30,18,12,0,0,0,3,1,2,36,16,20
MARTIN COUNTY,317,10 Years,81,42,39,36,20,16,1,1,0,1,0,1,43,21,22
MARTIN COUNTY,317,11 Years,81,39,42,38,19,19,1,1,0,2,1,1,40,18,22
MARTIN COUNTY,317,12 Years,79,39,40,34,21,13,2,0,2,3,1,2,40,17,23
MARTIN COUNTY,317,13 Years,82,43,39,40,21,19,1,0,1,1,1,0,40,21,19
MARTIN COUNTY,317,14 Years,82,41,41,45,21,24,0,0,0,0,0,0,37,20,17
MARTIN COUNTY,317,15 Years,81,45,36,42,24,18,0,0,0,1,0,1,38,21,17
MARTIN COUNTY,317,16 Years,79,41,38,40,20,20,0,0,0,1,1,0,38,20,18
MARTIN COUNTY,317,17 Years,79,43,36,35,20,15,0,0,0,2,2,0,42,21,21
MARTIN COUNTY,317,18 Years,96,50,46,49,27,22,1,0,1,1,1,0,45,22,23
MARTIN COUNTY,317,19 Years,79,40,39,32,17,15,0,0,0,4,3,1,43,20,23
MARTIN COUNTY,317,20 Years,59,29,30,28,14,14,2,0,2,1,1,0,28,14,14
MARTIN COUNTY,317,21 Years,62,32,30,21,11,10,3,0,3,1,0,1,37,21,16
MARTIN COUNTY,317,22 Years,56,29,27,20,11,9,1,0,1,1,0,1,34,18,16
MARTIN COUNTY,317,23 Years,47,23,24,22,12,10,1,0,1,0,0,0,24,11,13
MARTIN COUNTY,317,24 Years,60,26,34,22,10,12,2,2,0,0,0,0,36,14,22
MARTIN COUNTY,317,25 Years,60,26,34,25,12,13,3,1,2,0,0,0,32,13,19
MARTIN COUNTY,317,26 Years,67,30,37,29,15,14,2,1,1,0,0,0,36,14,22
MARTIN COUNTY,317,27 Years,67,36,31,33,20,13,1,1,0,1,0,1,32,15,17
MARTIN COUNTY,317,28 Years,58,33,25,32,19,13,1,1,0,1,1,0,24,12,12
MARTIN COUNTY,317,29 Years,51,28,23,31,16,15,0,0,0,0,0,0,20,12,8
MARTIN COUNTY,317,30 Years,38,17,21,23,8,15,0,0,0,0,0,0,15,9,6
MARTIN COUNTY,317,31 Years,52,28,24,28,14,14,1,1,0,0,0,0,23,13,10
MARTIN COUNTY,317,32 Years,58,33,25,26,12,14,0,0,0,0,0,0,32,21,11
MARTIN COUNTY,317,33 Years,50,22,28,24,11,13,0,0,0,0,0,0,26,11,15
MARTIN COUNTY,317,34 Years,49,26,23,22,12,10,0,0,0,0,0,0,27,14,13
MARTIN COUNTY,317,35 Years,50,28,22,23,12,11,0,0,0,0,0,0,27,16,11
MARTIN COUNTY,317,36 Years,50,24,26,28,13,15,1,1,0,0,0,0,21,10,11
MARTIN COUNTY,317,37 Years,58,27,31,27,12,15,1,0,1,0,0,0,30,15,15
MARTIN COUNTY,317,38 Years,62,31,31,32,14,18,1,0,1,0,0,0,29,17,12
MARTIN COUNTY,317,39 Years,67,31,36,32,15,17,1,1,0,1,0,1,33,15,18
MARTIN COUNTY,317,40 Years,63,31,32,35,14,21,2,1,1,0,0,0,26,16,10
MARTIN COUNTY,317,41 Years,57,30,27,38,19,19,0,0,0,1,0,1,18,11,7
MARTIN COUNTY,317,42 Years,60,28,32,29,15,14,0,0,0,1,0,1,30,13,17
MARTIN COUNTY,317,43 Years,66,29,37,29,12,17,0,0,0,0,0,0,37,17,20
MARTIN COUNTY,317,44 Years,54,25,29,22,10,12,0,0,0,0,0,0,32,15,17
MARTIN COUNTY,317,45 Years,64,35,29,29,18,11,0,0,0,2,1,1,33,16,17
MARTIN COUNTY,317,46 Years,61,34,27,35,19,16,0,0,0,1,0,1,25,15,10
MARTIN COUNTY,317,47 Years,75,42,33,44,25,19,0,0,0,1,1,0,30,16,14
MARTIN COUNTY,317,48 Years,69,37,32,35,19,16,0,0,0,2,2,0,32,16,16
MARTIN COUNTY,317,49 Years,71,38,33,44,24,20,2,2,0,1,1,0,24,11,13
MARTIN COUNTY,317,50 Years,64,31,33,44,23,21,1,1,0,2,1,1,17,6,11
MARTIN COUNTY,317,51 Years,74,35,39,44,18,26,0,0,0,1,0,1,29,17,12
MARTIN COUNTY,317,52 Years,56,24,32,37,15,22,0,0,0,0,0,0,19,9,10
MARTIN COUNTY,317,53 Years,66,28,38,45,18,27,0,0,0,0,0,0,21,10,11
MARTIN COUNTY,317,54 Years,68,30,38,45,21,24,1,0,1,0,0,0,22,9,13
MARTIN COUNTY,317,55 Years,62,31,31,39,21,18,1,1,0,1,1,0,21,8,13
MARTIN COUNTY,317,56 Years,60,34,26,36,21,15,0,0,0,3,2,1,21,11,10
MARTIN COUNTY,317,57 Years,61,33,28,43,23,20,0,0,0,1,1,0,17,9,8
MARTIN COUNTY,317,58 Years,55,28,27,40,18,22,0,0,0,2,2,0,13,8,5
MARTIN COUNTY,317,59 Years,50,23,27,33,14,19,1,0,1,2,1,1,14,8,6
MARTIN COUNTY,317,60 Years,47,23,24,28,13,15,1,0,1,2,0,2,16,10,6
MARTIN COUNTY,317,61 Years,52,29,23,36,21,15,0,0,0,1,0,1,15,8,7
MARTIN COUNTY,317,62 Years,50,26,24,33,18,15,1,0,1,1,1,0,15,7,8
MARTIN COUNTY,317,63 Years,47,24,23,30,17,13,0,0,0,2,1,1,15,6,9
MARTIN COUNTY,317,64 Years,48,24,24,30,16,14,2,2,0,2,2,0,14,4,10
MARTIN COUNTY,317,65 Years,43,15,28,23,8,15,1,1,0,0,0,0,19,6,13
MARTIN COUNTY,317,66 Years,49,22,27,30,12,18,0,0,0,0,0,0,19,10,9
MARTIN COUNTY,317,67 Years,48,26,22,30,16,14,1,1,0,2,1,1,15,8,7
MARTIN COUNTY,317,68 Years,39,16,23,22,7,15,1,0,1,0,0,0,16,9,7
MARTIN COUNTY,317,69 Years,31,11,20,22,7,15,0,0,0,0,0,0,9,4,5
MARTIN COUNTY,317,70 Years,28,11,17,18,7,11,1,0,1,0,0,0,9,4,5
MARTIN COUNTY,317,71 Years,27,11,16,18,7,11,0,0,0,1,0,1,8,4,4
MARTIN COUNTY,317,72 Years,30,15,15,22,11,11,0,0,0,0,0,0,8,4,4
MARTIN COUNTY,317,73 Years,25,13,12,18,9,9,0,0,0,0,0,0,7,4,3
MARTIN COUNTY,317,74 Years,28,13,15,18,7,11,0,0,0,0,0,0,10,6,4
MARTIN COUNTY,317,75 Years,27,15,12,18,11,7,0,0,0,0,0,0,9,4,5
MARTIN COUNTY,317,76 Years,26,15,11,18,11,7,0,0,0,0,0,0,8,4,4
MARTIN COUNTY,317,77 Years,24,12,12,20,10,10,0,0,0,0,0,0,4,2,2
MARTIN COUNTY,317,78 Years,21,14,7,16,10,6,0,0,0,0,0,0,5,4,1
MARTIN COUNTY,317,79 Years,13,7,6,11,5,6,0,0,0,0,0,0,2,2,0
MARTIN COUNTY,317,80 Years,17,6,11,14,4,10,0,0,0,1,0,1,2,2,0
MARTIN COUNTY,317,81 Years,20,8,12,17,6,11,1,1,0,0,0,0,2,1,1
MARTIN COUNTY,317,82 Years,18,6,12,15,5,10,0,0,0,0,0,0,3,1,2
MARTIN COUNTY,317,83 Years,18,9,9,15,8,7,1,0,1,0,0,0,2,1,1
MARTIN COUNTY,317,84 Years,13,8,5,11,6,5,0,0,0,0,0,0,2,2,0
MARTIN COUNTY,317,85 Years +,64,29,35,51,22,29,1,0,1,1,0,1,11,7,4
MASON COUNTY,319,All Ages,4055,1995,2060,3120,1504,1616,12,6,6,39,18,21,884,467,417
MASON COUNTY,319,< 1 Year,35,19,16,23,12,11,0,0,0,0,0,0,12,7,5
MASON COUNTY,319,1 Years,32,17,15,20,10,10,0,0,0,0,0,0,12,7,5
MASON COUNTY,319,2 Years,36,19,17,26,13,13,0,0,0,0,0,0,10,6,4
MASON COUNTY,319,3 Years,47,23,24,29,15,14,0,0,0,1,0,1,17,8,9
MASON COUNTY,319,4 Years,44,24,20,30,15,15,0,0,0,1,0,1,13,9,4
MASON COUNTY,319,5 Years,41,24,17,26,15,11,0,0,0,0,0,0,15,9,6
MASON COUNTY,319,6 Years,42,20,22,25,12,13,0,0,0,1,0,1,16,8,8
MASON COUNTY,319,7 Years,42,22,20,33,16,17,1,1,0,0,0,0,8,5,3
MASON COUNTY,319,8 Years,44,23,21,27,15,12,1,0,1,0,0,0,16,8,8
MASON COUNTY,319,9 Years,57,28,29,44,20,24,0,0,0,0,0,0,13,8,5
MASON COUNTY,319,10 Years,40,18,22,29,14,15,0,0,0,1,1,0,10,3,7
MASON COUNTY,319,11 Years,51,27,24,33,18,15,0,0,0,1,1,0,17,8,9
MASON COUNTY,319,12 Years,68,29,39,48,21,27,0,0,0,1,1,0,19,7,12
MASON COUNTY,319,13 Years,54,25,29,40,16,24,0,0,0,2,1,1,12,8,4
MASON COUNTY,319,14 Years,49,23,26,29,11,18,0,0,0,1,1,0,19,11,8
MASON COUNTY,319,15 Years,56,28,28,33,16,17,0,0,0,1,0,1,22,12,10
MASON COUNTY,319,16 Years,55,33,22,34,20,14,0,0,0,1,0,1,20,13,7
MASON COUNTY,319,17 Years,51,26,25,33,18,15,0,0,0,0,0,0,18,8,10
MASON COUNTY,319,18 Years,47,29,18,29,17,12,0,0,0,1,1,0,17,11,6
MASON COUNTY,319,19 Years,44,25,19,27,13,14,2,2,0,0,0,0,15,10,5
MASON COUNTY,319,20 Years,35,21,14,19,10,9,1,1,0,0,0,0,15,10,5
MASON COUNTY,319,21 Years,21,14,7,13,8,5,0,0,0,1,1,0,7,5,2
MASON COUNTY,319,22 Years,25,14,11,13,8,5,1,0,1,1,1,0,10,5,5
MASON COUNTY,319,23 Years,29,17,12,17,11,6,0,0,0,0,0,0,12,6,6
MASON COUNTY,319,24 Years,34,21,13,17,8,9,0,0,0,0,0,0,17,13,4
MASON COUNTY,319,25 Years,22,14,8,13,7,6,0,0,0,0,0,0,9,7,2
MASON COUNTY,319,26 Years,27,12,15,15,6,9,0,0,0,0,0,0,12,6,6
MASON COUNTY,319,27 Years,24,13,11,16,9,7,0,0,0,0,0,0,8,4,4
MASON COUNTY,319,28 Years,19,8,11,11,4,7,1,0,1,0,0,0,7,4,3
MASON COUNTY,319,29 Years,27,11,16,19,8,11,1,0,1,0,0,0,7,3,4
MASON COUNTY,319,30 Years,36,16,20,26,11,15,0,0,0,1,0,1,9,5,4
MASON COUNTY,319,31 Years,29,14,15,21,9,12,0,0,0,1,0,1,7,5,2
MASON COUNTY,319,32 Years,30,13,17,23,10,13,0,0,0,0,0,0,7,3,4
MASON COUNTY,319,33 Years,33,10,23,28,8,20,0,0,0,0,0,0,5,2,3
MASON COUNTY,319,34 Years,41,16,25,31,13,18,0,0,0,0,0,0,10,3,7
MASON COUNTY,319,35 Years,50,25,25,35,20,15,0,0,0,1,0,1,14,5,9
MASON COUNTY,319,36 Years,32,20,12,21,16,5,0,0,0,0,0,0,11,4,7
MASON COUNTY,319,37 Years,31,17,14,22,12,10,0,0,0,0,0,0,9,5,4
MASON COUNTY,319,38 Years,38,20,18,28,14,14,0,0,0,1,1,0,9,5,4
MASON COUNTY,319,39 Years,42,20,22,36,17,19,1,1,0,0,0,0,5,2,3
MASON COUNTY,319,40 Years,41,18,23,27,12,15,0,0,0,1,0,1,13,6,7
MASON COUNTY,319,41 Years,49,25,24,33,17,16,0,0,0,2,2,0,14,6,8
MASON COUNTY,319,42 Years,43,22,21,29,15,14,0,0,0,1,1,0,13,6,7
MASON COUNTY,319,43 Years,39,18,21,28,12,16,0,0,0,0,0,0,11,6,5
MASON COUNTY,319,44 Years,45,19,26,28,14,14,1,0,1,1,0,1,15,5,10
MASON COUNTY,319,45 Years,49,26,23,31,16,15,0,0,0,0,0,0,18,10,8
MASON COUNTY,319,46 Years,42,17,25,26,10,16,0,0,0,0,0,0,16,7,9
MASON COUNTY,319,47 Years,43,19,24,31,14,17,0,0,0,0,0,0,12,5,7
MASON COUNTY,319,48 Years,60,25,35,41,16,25,0,0,0,1,0,1,18,9,9
MASON COUNTY,319,49 Years,64,29,35,47,21,26,1,1,0,1,0,1,15,7,8
MASON COUNTY,319,50 Years,67,36,31,47,24,23,0,0,0,1,0,1,19,12,7
MASON COUNTY,319,51 Years,61,39,22,48,33,15,0,0,0,0,0,0,13,6,7
MASON COUNTY,319,52 Years,52,31,21,43,25,18,0,0,0,0,0,0,9,6,3
MASON COUNTY,319,53 Years,66,32,34,53,27,26,0,0,0,0,0,0,13,5,8
MASON COUNTY,319,54 Years,69,35,34,60,31,29,0,0,0,0,0,0,9,4,5
MASON COUNTY,319,55 Years,61,29,32,42,18,24,0,0,0,0,0,0,19,11,8
MASON COUNTY,319,56 Years,55,27,28,44,20,24,0,0,0,1,1,0,10,6,4
MASON COUNTY,319,57 Years,65,33,32,54,26,28,0,0,0,0,0,0,11,7,4
MASON COUNTY,319,58 Years,66,32,34,56,27,29,0,0,0,0,0,0,10,5,5
MASON COUNTY,319,59 Years,65,32,33,59,28,31,0,0,0,0,0,0,6,4,2
MASON COUNTY,319,60 Years,64,31,33,57,26,31,0,0,0,0,0,0,7,5,2
MASON COUNTY,319,61 Years,68,34,34,64,31,33,0,0,0,0,0,0,4,3,1
MASON COUNTY,319,62 Years,77,32,45,70,27,43,0,0,0,1,1,0,6,4,2
MASON COUNTY,319,63 Years,68,33,35,61,29,32,0,0,0,1,0,1,6,4,2
MASON COUNTY,319,64 Years,88,45,43,78,41,37,0,0,0,0,0,0,10,4,6
MASON COUNTY,319,65 Years,73,35,38,62,33,29,0,0,0,0,0,0,11,2,9
MASON COUNTY,319,66 Years,68,33,35,61,31,30,0,0,0,0,0,0,7,2,5
MASON COUNTY,319,67 Years,69,31,38,61,28,33,0,0,0,1,0,1,7,3,4
MASON COUNTY,319,68 Years,60,24,36,54,22,32,0,0,0,1,0,1,5,2,3
MASON COUNTY,319,69 Years,69,33,36,61,27,34,0,0,0,1,1,0,7,5,2
MASON COUNTY,319,70 Years,61,33,28,55,29,26,0,0,0,1,1,0,5,3,2
MASON COUNTY,319,71 Years,63,29,34,55,23,32,0,0,0,0,0,0,8,6,2
MASON COUNTY,319,72 Years,49,26,23,46,23,23,0,0,0,0,0,0,3,3,0
MASON COUNTY,319,73 Years,42,19,23,38,17,21,0,0,0,0,0,0,4,2,2
MASON COUNTY,319,74 Years,48,25,23,44,23,21,0,0,0,0,0,0,4,2,2
MASON COUNTY,319,75 Years,41,25,16,33,20,13,0,0,0,0,0,0,8,5,3
MASON COUNTY,319,76 Years,43,19,24,38,15,23,0,0,0,1,1,0,4,3,1
MASON COUNTY,319,77 Years,38,22,16,35,19,16,0,0,0,1,1,0,2,2,0
MASON COUNTY,319,78 Years,29,14,15,26,12,14,0,0,0,0,0,0,3,2,1
MASON COUNTY,319,79 Years,32,12,20,29,11,18,0,0,0,0,0,0,3,1,2
MASON COUNTY,319,80 Years,25,12,13,23,12,11,0,0,0,0,0,0,2,0,2
MASON COUNTY,319,81 Years,28,12,16,25,12,13,0,0,0,1,0,1,2,0,2
MASON COUNTY,319,82 Years,24,9,15,21,9,12,0,0,0,2,0,2,1,0,1
MASON COUNTY,319,83 Years,29,11,18,26,10,16,0,0,0,1,0,1,2,1,1
MASON COUNTY,319,84 Years,24,11,13,21,9,12,0,0,0,0,0,0,3,2,1
MASON COUNTY,319,85 Years +,113,43,70,107,43,64,1,0,1,0,0,0,5,0,5
MATAGORDA COUNTY,321,All Ages,36838,18451,18387,17235,8546,8689,4071,1942,2129,1183,606,577,14349,7357,6992
MATAGORDA COUNTY,321,< 1 Year,520,260,260,179,89,90,49,25,24,13,7,6,279,139,140
MATAGORDA COUNTY,321,1 Years,510,245,265,151,80,71,59,24,35,8,3,5,292,138,154
MATAGORDA COUNTY,321,2 Years,494,269,225,141,73,68,48,25,23,22,11,11,283,160,123
MATAGORDA COUNTY,321,3 Years,510,257,253,162,77,85,47,24,23,15,7,8,286,149,137
MATAGORDA COUNTY,321,4 Years,537,280,257,152,75,77,65,35,30,17,10,7,303,160,143
MATAGORDA COUNTY,321,5 Years,515,268,247,149,82,67,49,23,26,19,8,11,298,155,143
MATAGORDA COUNTY,321,6 Years,515,267,248,159,78,81,46,22,24,20,12,8,290,155,135
MATAGORDA COUNTY,321,7 Years,487,250,237,154,73,81,40,22,18,19,10,9,274,145,129
MATAGORDA COUNTY,321,8 Years,539,291,248,189,106,83,48,24,24,23,12,11,279,149,130
MATAGORDA COUNTY,321,9 Years,508,278,230,179,95,84,54,32,22,20,8,12,255,143,112
MATAGORDA COUNTY,321,10 Years,541,289,252,186,95,91,50,32,18,24,13,11,281,149,132
MATAGORDA COUNTY,321,11 Years,551,293,258,178,91,87,53,34,19,24,13,11,296,155,141
MATAGORDA COUNTY,321,12 Years,535,278,257,175,93,82,64,32,32,29,16,13,267,137,130
MATAGORDA COUNTY,321,13 Years,553,293,260,185,94,91,66,39,27,20,11,9,282,149,133
MATAGORDA COUNTY,321,14 Years,535,272,263,183,97,86,69,32,37,18,8,10,265,135,130
MATAGORDA COUNTY,321,15 Years,552,276,276,181,90,91,68,30,38,26,15,11,277,141,136
MATAGORDA COUNTY,321,16 Years,550,297,253,203,109,94,67,31,36,21,13,8,259,144,115
MATAGORDA COUNTY,321,17 Years,557,285,272,196,98,98,73,38,35,22,10,12,266,139,127
MATAGORDA COUNTY,321,18 Years,600,310,290,214,111,103,78,43,35,25,13,12,283,143,140
MATAGORDA COUNTY,321,19 Years,529,274,255,184,88,96,59,36,23,20,11,9,266,139,127
MATAGORDA COUNTY,321,20 Years,465,256,209,153,86,67,55,31,24,17,10,7,240,129,111
MATAGORDA COUNTY,321,21 Years,456,234,222,154,75,79,61,33,28,12,8,4,229,118,111
MATAGORDA COUNTY,321,22 Years,442,213,229,146,76,70,62,26,36,7,5,2,227,106,121
MATAGORDA COUNTY,321,23 Years,451,215,236,158,80,78,50,18,32,14,6,8,229,111,118
MATAGORDA COUNTY,321,24 Years,423,211,212,155,72,83,34,17,17,14,5,9,220,117,103
MATAGORDA COUNTY,321,25 Years,424,217,207,154,77,77,50,25,25,9,4,5,211,111,100
MATAGORDA COUNTY,321,26 Years,443,220,223,191,80,111,40,24,16,11,6,5,201,110,91
MATAGORDA COUNTY,321,27 Years,423,203,220,166,77,89,51,26,25,16,7,9,190,93,97
MATAGORDA COUNTY,321,28 Years,410,203,207,150,69,81,44,19,25,10,5,5,206,110,96
MATAGORDA COUNTY,321,29 Years,419,217,202,170,93,77,34,12,22,9,4,5,206,108,98
MATAGORDA COUNTY,321,30 Years,417,214,203,172,88,84,36,15,21,9,3,6,200,108,92
MATAGORDA COUNTY,321,31 Years,454,239,215,181,98,83,39,13,26,10,5,5,224,123,101
MATAGORDA COUNTY,321,32 Years,406,199,207,146,71,75,35,18,17,12,7,5,213,103,110
MATAGORDA COUNTY,321,33 Years,395,192,203,151,69,82,30,15,15,10,5,5,204,103,101
MATAGORDA COUNTY,321,34 Years,400,198,202,156,77,79,33,15,18,10,4,6,201,102,99
MATAGORDA COUNTY,321,35 Years,393,191,202,154,70,84,42,22,20,10,6,4,187,93,94
MATAGORDA COUNTY,321,36 Years,385,182,203,152,65,87,41,20,21,12,6,6,180,91,89
MATAGORDA COUNTY,321,37 Years,355,162,193,143,62,81,37,14,23,12,6,6,163,80,83
MATAGORDA COUNTY,321,38 Years,380,169,211,152,66,86,31,11,20,13,5,8,184,87,97
MATAGORDA COUNTY,321,39 Years,405,202,203,171,86,85,38,18,20,18,9,9,178,89,89
MATAGORDA COUNTY,321,40 Years,410,202,208,179,92,87,31,17,14,23,11,12,177,82,95
MATAGORDA COUNTY,321,41 Years,411,194,217,193,86,107,33,17,16,13,7,6,172,84,88
MATAGORDA COUNTY,321,42 Years,429,203,226,208,100,108,43,17,26,18,7,11,160,79,81
MATAGORDA COUNTY,321,43 Years,401,195,206,187,91,96,46,18,28,14,6,8,154,80,74
MATAGORDA COUNTY,321,44 Years,432,217,215,180,92,88,55,21,34,17,8,9,180,96,84
MATAGORDA COUNTY,321,45 Years,441,216,225,184,86,98,63,29,34,16,10,6,178,91,87
MATAGORDA COUNTY,321,46 Years,484,248,236,230,113,117,52,24,28,18,10,8,184,101,83
MATAGORDA COUNTY,321,47 Years,545,292,253,261,131,130,61,34,27,24,11,13,199,116,83
MATAGORDA COUNTY,321,48 Years,548,273,275,274,134,140,72,37,35,20,10,10,182,92,90
MATAGORDA COUNTY,321,49 Years,589,274,315,318,157,161,70,25,45,20,12,8,181,80,101
MATAGORDA COUNTY,321,50 Years,546,270,276,298,149,149,65,25,40,17,8,9,166,88,78
MATAGORDA COUNTY,321,51 Years,581,294,287,323,169,154,72,28,44,22,13,9,164,84,80
MATAGORDA COUNTY,321,52 Years,563,288,275,312,162,150,67,29,38,23,12,11,161,85,76
MATAGORDA COUNTY,321,53 Years,566,293,273,327,166,161,72,34,38,26,11,15,141,82,59
MATAGORDA COUNTY,321,54 Years,598,316,282,335,183,152,92,41,51,17,9,8,154,83,71
MATAGORDA COUNTY,321,55 Years,555,287,268,337,175,162,74,33,41,14,8,6,130,71,59
MATAGORDA COUNTY,321,56 Years,540,286,254,313,162,151,64,38,26,18,9,9,145,77,68
MATAGORDA COUNTY,321,57 Years,547,285,262,334,183,151,59,27,32,17,9,8,137,66,71
MATAGORDA COUNTY,321,58 Years,530,256,274,333,163,170,55,21,34,13,7,6,129,65,64
MATAGORDA COUNTY,321,59 Years,493,233,260,298,138,160,57,29,28,15,8,7,123,58,65
MATAGORDA COUNTY,321,60 Years,460,244,216,274,145,129,50,28,22,17,9,8,119,62,57
MATAGORDA COUNTY,321,61 Years,487,277,210,312,175,137,51,31,20,16,9,7,108,62,46
MATAGORDA COUNTY,321,62 Years,447,244,203,281,147,134,46,28,18,16,8,8,104,61,43
MATAGORDA COUNTY,321,63 Years,437,214,223,290,139,151,44,23,21,14,9,5,89,43,46
MATAGORDA COUNTY,321,64 Years,405,198,207,269,138,131,45,19,26,11,7,4,80,34,46
MATAGORDA COUNTY,321,65 Years,361,177,184,232,117,115,44,23,21,7,4,3,78,33,45
MATAGORDA COUNTY,321,66 Years,338,176,162,230,120,110,32,20,12,5,3,2,71,33,38
MATAGORDA COUNTY,321,67 Years,344,167,177,236,112,124,36,18,18,7,6,1,65,31,34
MATAGORDA COUNTY,321,68 Years,336,160,176,230,106,124,37,20,17,7,5,2,62,29,33
MATAGORDA COUNTY,321,69 Years,322,156,166,216,103,113,32,17,15,6,1,5,68,35,33
MATAGORDA COUNTY,321,70 Years,291,145,146,202,103,99,26,14,12,7,5,2,56,23,33
MATAGORDA COUNTY,321,71 Years,277,141,136,194,110,84,24,11,13,4,1,3,55,19,36
MATAGORDA COUNTY,321,72 Years,279,139,140,206,109,97,23,11,12,3,1,2,47,18,29
MATAGORDA COUNTY,321,73 Years,274,143,131,190,106,84,22,12,10,6,2,4,56,23,33
MATAGORDA COUNTY,321,74 Years,264,125,139,183,85,98,32,15,17,4,2,2,45,23,22
MATAGORDA COUNTY,321,75 Years,221,106,115,138,68,70,32,11,21,6,3,3,45,24,21
MATAGORDA COUNTY,321,76 Years,211,93,118,136,64,72,27,9,18,7,2,5,41,18,23
MATAGORDA COUNTY,321,77 Years,192,78,114,128,56,72,25,7,18,7,2,5,32,13,19
MATAGORDA COUNTY,321,78 Years,174,78,96,117,57,60,24,8,16,4,2,2,29,11,18
MATAGORDA COUNTY,321,79 Years,164,76,88,116,57,59,19,6,13,3,2,1,26,11,15
MATAGORDA COUNTY,321,80 Years,163,72,91,113,52,61,25,9,16,4,2,2,21,9,12
MATAGORDA COUNTY,321,81 Years,169,85,84,120,60,60,19,8,11,3,2,1,27,15,12
MATAGORDA COUNTY,321,82 Years,148,67,81,102,49,53,20,7,13,3,1,2,23,10,13
MATAGORDA COUNTY,321,83 Years,131,52,79,97,37,60,16,7,9,1,1,0,17,7,10
MATAGORDA COUNTY,321,84 Years,109,41,68,74,30,44,21,6,15,2,1,1,12,4,8
MATAGORDA COUNTY,321,85 Years +,641,206,435,450,138,312,101,35,66,8,3,5,82,30,52
MAVERICK COUNTY,323,All Ages,55363,27036,28327,1581,857,724,76,44,32,742,373,369,52964,25762,27202
MAVERICK COUNTY,323,< 1 Year,964,500,464,19,10,9,0,0,0,14,7,7,931,483,448
MAVERICK COUNTY,323,1 Years,970,495,475,23,12,11,0,0,0,14,3,11,933,480,453
MAVERICK COUNTY,323,2 Years,914,475,439,25,14,11,2,2,0,11,7,4,876,452,424
MAVERICK COUNTY,323,3 Years,931,481,450,20,12,8,1,1,0,19,10,9,891,458,433
MAVERICK COUNTY,323,4 Years,956,478,478,24,14,10,1,1,0,20,13,7,911,450,461
MAVERICK COUNTY,323,5 Years,1003,503,500,30,16,14,0,0,0,22,14,8,951,473,478
MAVERICK COUNTY,323,6 Years,1020,512,508,27,15,12,1,0,1,25,15,10,967,482,485
MAVERICK COUNTY,323,7 Years,994,495,499,30,12,18,2,0,2,21,12,9,941,471,470
MAVERICK COUNTY,323,8 Years,980,496,484,29,15,14,0,0,0,19,13,6,932,468,464
MAVERICK COUNTY,323,9 Years,1064,544,520,23,10,13,2,0,2,21,11,10,1018,523,495
MAVERICK COUNTY,323,10 Years,1027,538,489,21,9,12,2,0,2,17,7,10,987,522,465
MAVERICK COUNTY,323,11 Years,1029,546,483,14,4,10,1,0,1,11,7,4,1003,535,468
MAVERICK COUNTY,323,12 Years,1066,550,516,19,8,11,2,1,1,8,3,5,1037,538,499
MAVERICK COUNTY,323,13 Years,1033,535,498,15,7,8,0,0,0,14,5,9,1004,523,481
MAVERICK COUNTY,323,14 Years,1039,535,504,13,8,5,1,0,1,17,9,8,1008,518,490
MAVERICK COUNTY,323,15 Years,1099,565,534,15,9,6,2,0,2,9,8,1,1073,548,525
MAVERICK COUNTY,323,16 Years,1082,546,536,22,13,9,1,0,1,11,7,4,1048,526,522
MAVERICK COUNTY,323,17 Years,1098,557,541,23,16,7,0,0,0,15,7,8,1060,534,526
MAVERICK COUNTY,323,18 Years,1118,572,546,21,12,9,0,0,0,10,7,3,1087,553,534
MAVERICK COUNTY,323,19 Years,978,511,467,15,9,6,1,0,1,12,7,5,950,495,455
MAVERICK COUNTY,323,20 Years,884,463,421,17,11,6,1,0,1,10,5,5,856,447,409
MAVERICK COUNTY,323,21 Years,784,402,382,14,8,6,2,1,1,10,7,3,758,386,372
MAVERICK COUNTY,323,22 Years,743,368,375,9,4,5,1,0,1,11,7,4,722,357,365
MAVERICK COUNTY,323,23 Years,754,391,363,16,7,9,0,0,0,15,7,8,723,377,346
MAVERICK COUNTY,323,24 Years,740,422,318,26,17,9,2,1,1,13,7,6,699,397,302
MAVERICK COUNTY,323,25 Years,708,406,302,34,23,11,2,2,0,14,9,5,658,372,286
MAVERICK COUNTY,323,26 Years,667,363,304,37,23,14,2,2,0,13,9,4,615,329,286
MAVERICK COUNTY,323,27 Years,654,340,314,33,16,17,1,0,1,13,7,6,607,317,290
MAVERICK COUNTY,323,28 Years,647,320,327,28,16,12,3,2,1,14,5,9,602,297,305
MAVERICK COUNTY,323,29 Years,618,300,318,29,17,12,3,3,0,13,6,7,573,274,299
MAVERICK COUNTY,323,30 Years,656,315,341,27,16,11,1,1,0,11,6,5,617,292,325
MAVERICK COUNTY,323,31 Years,658,316,342,23,13,10,1,1,0,11,4,7,623,298,325
MAVERICK COUNTY,323,32 Years,630,315,315,25,17,8,1,1,0,10,5,5,594,292,302
MAVERICK COUNTY,323,33 Years,624,304,320,18,10,8,1,1,0,9,5,4,596,288,308
MAVERICK COUNTY,323,34 Years,628,276,352,16,8,8,3,1,2,10,4,6,599,263,336
MAVERICK COUNTY,323,35 Years,672,316,356,22,10,12,1,1,0,11,7,4,638,298,340
MAVERICK COUNTY,323,36 Years,707,319,388,19,8,11,0,0,0,7,3,4,681,308,373
MAVERICK COUNTY,323,37 Years,709,328,381,25,12,13,1,1,0,7,4,3,676,311,365
MAVERICK COUNTY,323,38 Years,728,346,382,18,14,4,1,1,0,8,3,5,701,328,373
MAVERICK COUNTY,323,39 Years,718,324,394,19,10,9,1,1,0,10,5,5,688,308,380
MAVERICK COUNTY,323,40 Years,700,313,387,19,10,9,0,0,0,7,4,3,674,299,375
MAVERICK COUNTY,323,41 Years,687,323,364,18,11,7,1,1,0,7,3,4,661,308,353
MAVERICK COUNTY,323,42 Years,715,348,367,13,6,7,1,1,0,14,4,10,687,337,350
MAVERICK COUNTY,323,43 Years,690,333,357,13,5,8,0,0,0,13,5,8,664,323,341
MAVERICK COUNTY,323,44 Years,659,308,351,16,7,9,1,1,0,12,5,7,630,295,335
MAVERICK COUNTY,323,45 Years,650,302,348,27,14,13,1,1,0,8,4,4,614,283,331
MAVERICK COUNTY,323,46 Years,650,323,327,22,13,9,3,1,2,8,3,5,617,306,311
MAVERICK COUNTY,323,47 Years,660,325,335,19,10,9,1,1,0,9,3,6,631,311,320
MAVERICK COUNTY,323,48 Years,638,302,336,14,8,6,1,1,0,10,7,3,613,286,327
MAVERICK COUNTY,323,49 Years,600,281,319,18,11,7,0,0,0,8,4,4,574,266,308
MAVERICK COUNTY,323,50 Years,617,302,315,18,9,9,0,0,0,11,4,7,588,289,299
MAVERICK COUNTY,323,51 Years,628,312,316,14,7,7,1,1,0,8,4,4,605,300,305
MAVERICK COUNTY,323,52 Years,616,286,330,16,9,7,0,0,0,8,2,6,592,275,317
MAVERICK COUNTY,323,53 Years,584,268,316,13,7,6,2,2,0,6,4,2,563,255,308
MAVERICK COUNTY,323,54 Years,593,253,340,17,6,11,1,1,0,3,1,2,572,245,327
MAVERICK COUNTY,323,55 Years,585,278,307,22,11,11,1,1,0,8,2,6,554,264,290
MAVERICK COUNTY,323,56 Years,617,282,335,24,11,13,2,2,0,5,1,4,586,268,318
MAVERICK COUNTY,323,57 Years,592,262,330,23,11,12,3,2,1,3,1,2,563,248,315
MAVERICK COUNTY,323,58 Years,578,264,314,20,11,9,1,1,0,3,2,1,554,250,304
MAVERICK COUNTY,323,59 Years,542,255,287,20,9,11,1,0,1,5,1,4,516,245,271
MAVERICK COUNTY,323,60 Years,545,255,290,21,8,13,0,0,0,2,1,1,522,246,276
MAVERICK COUNTY,323,61 Years,532,249,283,21,8,13,0,0,0,1,1,0,510,240,270
MAVERICK COUNTY,323,62 Years,460,210,250,23,13,10,0,0,0,4,2,2,433,195,238
MAVERICK COUNTY,323,63 Years,450,192,258,17,8,9,0,0,0,4,2,2,429,182,247
MAVERICK COUNTY,323,64 Years,447,201,246,17,11,6,0,0,0,1,0,1,429,190,239
MAVERICK COUNTY,323,65 Years,423,197,226,16,13,3,0,0,0,7,2,5,400,182,218
MAVERICK COUNTY,323,66 Years,411,184,227,18,10,8,0,0,0,5,2,3,388,172,216
MAVERICK COUNTY,323,67 Years,368,169,199,16,8,8,0,0,0,4,2,2,348,159,189
MAVERICK COUNTY,323,68 Years,360,163,197,18,11,7,1,1,0,2,0,2,339,151,188
MAVERICK COUNTY,323,69 Years,335,129,206,17,10,7,0,0,0,1,0,1,317,119,198
MAVERICK COUNTY,323,70 Years,332,148,184,16,11,5,0,0,0,3,2,1,313,135,178
MAVERICK COUNTY,323,71 Years,312,148,164,14,9,5,1,0,1,1,0,1,296,139,157
MAVERICK COUNTY,323,72 Years,283,123,160,11,7,4,0,0,0,1,0,1,271,116,155
MAVERICK COUNTY,323,73 Years,290,128,162,8,3,5,1,0,1,4,0,4,277,125,152
MAVERICK COUNTY,323,74 Years,286,129,157,8,6,2,1,0,1,2,0,2,275,123,152
MAVERICK COUNTY,323,75 Years,263,124,139,8,6,2,0,0,0,2,1,1,253,117,136
MAVERICK COUNTY,323,76 Years,260,122,138,8,7,1,0,0,0,1,1,0,251,114,137
MAVERICK COUNTY,323,77 Years,246,105,141,8,4,4,0,0,0,0,0,0,238,101,137
MAVERICK COUNTY,323,78 Years,202,86,116,12,4,8,0,0,0,0,0,0,190,82,108
MAVERICK COUNTY,323,79 Years,183,75,108,7,4,3,1,0,1,0,0,0,175,71,104
MAVERICK COUNTY,323,80 Years,194,85,109,8,4,4,1,0,1,0,0,0,185,81,104
MAVERICK COUNTY,323,81 Years,208,91,117,4,2,2,1,0,1,3,2,1,200,87,113
MAVERICK COUNTY,323,82 Years,189,86,103,7,5,2,0,0,0,1,1,0,181,80,101
MAVERICK COUNTY,323,83 Years,160,70,90,3,3,0,0,0,0,2,1,1,155,66,89
MAVERICK COUNTY,323,84 Years,129,50,79,2,1,1,0,0,0,1,0,1,126,49,77
MAVERICK COUNTY,323,85 Years +,600,229,371,24,10,14,1,1,0,4,2,2,571,216,355
MEDINA COUNTY,325,All Ages,46391,23862,22529,21428,10738,10690,901,776,125,825,440,385,23237,11908,11329
MEDINA COUNTY,325,< 1 Year,528,272,256,196,99,97,1,1,0,9,5,4,322,167,155
MEDINA COUNTY,325,1 Years,555,293,262,197,103,94,1,0,1,11,6,5,346,184,162
MEDINA COUNTY,325,2 Years,592,296,296,203,115,88,3,0,3,12,3,9,374,178,196
MEDINA COUNTY,325,3 Years,551,264,287,186,98,88,1,1,0,11,5,6,353,160,193
MEDINA COUNTY,325,4 Years,600,298,302,203,98,105,4,1,3,10,6,4,383,193,190
MEDINA COUNTY,325,5 Years,637,335,302,219,114,105,3,1,2,10,4,6,405,216,189
MEDINA COUNTY,325,6 Years,613,305,308,211,106,105,2,1,1,9,4,5,391,194,197
MEDINA COUNTY,325,7 Years,623,302,321,215,108,107,5,2,3,14,10,4,389,182,207
MEDINA COUNTY,325,8 Years,688,338,350,237,114,123,9,4,5,17,8,9,425,212,213
MEDINA COUNTY,325,9 Years,679,358,321,260,133,127,6,4,2,17,12,5,396,209,187
MEDINA COUNTY,325,10 Years,686,348,338,263,133,130,4,2,2,17,11,6,402,202,200
MEDINA COUNTY,325,11 Years,704,368,336,261,136,125,4,1,3,14,8,6,425,223,202
MEDINA COUNTY,325,12 Years,700,363,337,262,125,137,5,1,4,12,7,5,421,230,191
MEDINA COUNTY,325,13 Years,701,360,341,263,133,130,4,1,3,13,6,7,421,220,201
MEDINA COUNTY,325,14 Years,703,365,338,268,151,117,5,3,2,12,5,7,418,206,212
MEDINA COUNTY,325,15 Years,737,386,351,284,160,124,6,3,3,16,8,8,431,215,216
MEDINA COUNTY,325,16 Years,713,363,350,257,129,128,4,1,3,13,5,8,439,228,211
MEDINA COUNTY,325,17 Years,697,375,322,267,136,131,10,9,1,8,6,2,412,224,188
MEDINA COUNTY,325,18 Years,745,421,324,272,157,115,18,16,2,11,7,4,444,241,203
MEDINA COUNTY,325,19 Years,735,437,298,228,127,101,37,37,0,10,6,4,460,267,193
MEDINA COUNTY,325,20 Years,657,419,238,191,113,78,66,65,1,13,8,5,387,233,154
MEDINA COUNTY,325,21 Years,642,422,220,178,114,64,57,55,2,12,9,3,395,244,151
MEDINA COUNTY,325,22 Years,539,334,205,158,95,63,25,24,1,11,8,3,345,207,138
MEDINA COUNTY,325,23 Years,525,309,216,172,91,81,38,37,1,10,9,1,305,172,133
MEDINA COUNTY,325,24 Years,563,335,228,157,86,71,30,29,1,26,23,3,350,197,153
MEDINA COUNTY,325,25 Years,585,381,204,169,100,69,51,51,0,28,24,4,337,206,131
MEDINA COUNTY,325,26 Years,538,325,213,183,101,82,31,30,1,19,16,3,305,178,127
MEDINA COUNTY,325,27 Years,503,270,233,201,100,101,17,16,1,21,15,6,264,139,125
MEDINA COUNTY,325,28 Years,519,276,243,216,106,110,34,33,1,12,6,6,257,131,126
MEDINA COUNTY,325,29 Years,539,289,250,208,98,110,15,15,0,8,4,4,308,172,136
MEDINA COUNTY,325,30 Years,513,294,219,199,101,98,49,49,0,8,4,4,257,140,117
MEDINA COUNTY,325,31 Years,555,309,246,214,113,101,15,15,0,7,3,4,319,178,141
MEDINA COUNTY,325,32 Years,453,223,230,200,100,100,6,5,1,5,1,4,242,117,125
MEDINA COUNTY,325,33 Years,450,205,245,210,100,110,3,1,2,9,5,4,228,99,129
MEDINA COUNTY,325,34 Years,457,227,230,204,108,96,2,1,1,9,4,5,242,114,128
MEDINA COUNTY,325,35 Years,483,242,241,215,114,101,13,12,1,4,1,3,251,115,136
MEDINA COUNTY,325,36 Years,493,260,233,217,109,108,12,12,0,4,2,2,260,137,123
MEDINA COUNTY,325,37 Years,487,218,269,218,88,130,5,4,1,7,3,4,257,123,134
MEDINA COUNTY,325,38 Years,538,244,294,246,104,142,1,1,0,12,4,8,279,135,144
MEDINA COUNTY,325,39 Years,549,273,276,251,111,140,17,15,2,8,3,5,273,144,129
MEDINA COUNTY,325,40 Years,607,322,285,266,136,130,11,10,1,8,4,4,322,172,150
MEDINA COUNTY,325,41 Years,642,316,326,273,128,145,21,20,1,14,4,10,334,164,170
MEDINA COUNTY,325,42 Years,639,306,333,280,123,157,15,14,1,10,6,4,334,163,171
MEDINA COUNTY,325,43 Years,589,286,303,268,129,139,9,9,0,12,3,9,300,145,155
MEDINA COUNTY,325,44 Years,569,285,284,260,125,135,10,10,0,10,6,4,289,144,145
MEDINA COUNTY,325,45 Years,652,343,309,307,156,151,9,7,2,10,5,5,326,175,151
MEDINA COUNTY,325,46 Years,694,366,328,318,162,156,34,30,4,12,4,8,330,170,160
MEDINA COUNTY,325,47 Years,712,386,326,332,176,156,22,19,3,10,4,6,348,187,161
MEDINA COUNTY,325,48 Years,736,409,327,360,184,176,15,12,3,11,5,6,350,208,142
MEDINA COUNTY,325,49 Years,707,362,345,360,173,187,8,4,4,15,8,7,324,177,147
MEDINA COUNTY,325,50 Years,733,370,363,391,200,191,5,3,2,15,5,10,322,162,160
MEDINA COUNTY,325,51 Years,768,368,400,425,209,216,11,6,5,13,5,8,319,148,171
MEDINA COUNTY,325,52 Years,674,343,331,376,187,189,6,3,3,10,5,5,282,148,134
MEDINA COUNTY,325,53 Years,672,312,360,367,172,195,7,2,5,13,3,10,285,135,150
MEDINA COUNTY,325,54 Years,703,353,350,394,191,203,10,6,4,14,5,9,285,151,134
MEDINA COUNTY,325,55 Years,683,333,350,403,198,205,8,6,2,8,2,6,264,127,137
MEDINA COUNTY,325,56 Years,636,324,312,374,195,179,8,7,1,9,4,5,245,118,127
MEDINA COUNTY,325,57 Years,589,298,291,341,178,163,4,3,1,8,3,5,236,114,122
MEDINA COUNTY,325,58 Years,617,313,304,353,177,176,11,8,3,8,4,4,245,124,121
MEDINA COUNTY,325,59 Years,603,294,309,339,167,172,10,7,3,11,7,4,243,113,130
MEDINA COUNTY,325,60 Years,577,281,296,327,163,164,6,4,2,7,3,4,237,111,126
MEDINA COUNTY,325,61 Years,550,269,281,321,160,161,6,3,3,6,3,3,217,103,114
MEDINA COUNTY,325,62 Years,593,299,294,354,178,176,4,2,2,9,5,4,226,114,112
MEDINA COUNTY,325,63 Years,616,305,311,367,178,189,3,1,2,9,5,4,237,121,116
MEDINA COUNTY,325,64 Years,593,289,304,357,178,179,3,2,1,9,3,6,224,106,118
MEDINA COUNTY,325,65 Years,470,241,229,292,156,136,1,0,1,4,2,2,173,83,90
MEDINA COUNTY,325,66 Years,446,229,217,280,148,132,1,0,1,5,5,0,160,76,84
MEDINA COUNTY,325,67 Years,437,207,230,268,130,138,0,0,0,8,5,3,161,72,89
MEDINA COUNTY,325,68 Years,428,203,225,271,128,143,2,2,0,5,1,4,150,72,78
MEDINA COUNTY,325,69 Years,378,181,197,233,115,118,1,1,0,6,3,3,138,62,76
MEDINA COUNTY,325,70 Years,332,162,170,214,106,108,2,1,1,6,3,3,110,52,58
MEDINA COUNTY,325,71 Years,322,180,142,195,99,96,7,7,0,3,2,1,117,72,45
MEDINA COUNTY,325,72 Years,306,154,152,185,100,85,2,2,0,8,2,6,111,50,61
MEDINA COUNTY,325,73 Years,297,141,156,185,95,90,0,0,0,7,1,6,105,45,60
MEDINA COUNTY,325,74 Years,259,113,146,166,79,87,1,0,1,5,2,3,87,32,55
MEDINA COUNTY,325,75 Years,282,134,148,180,89,91,2,1,1,6,4,2,94,40,54
MEDINA COUNTY,325,76 Years,248,120,128,164,81,83,2,0,2,3,3,0,79,36,43
MEDINA COUNTY,325,77 Years,236,112,124,156,76,80,0,0,0,3,1,2,77,35,42
MEDINA COUNTY,325,78 Years,224,113,111,141,71,70,0,0,0,2,1,1,81,41,40
MEDINA COUNTY,325,79 Years,209,97,112,138,63,75,0,0,0,2,2,0,69,32,37
MEDINA COUNTY,325,80 Years,207,92,115,142,62,80,1,1,0,3,2,1,61,27,34
MEDINA COUNTY,325,81 Years,197,83,114,134,57,77,0,0,0,1,1,0,62,25,37
MEDINA COUNTY,325,82 Years,177,86,91,121,65,56,1,1,0,1,0,1,54,20,34
MEDINA COUNTY,325,83 Years,149,68,81,103,49,54,0,0,0,2,1,1,44,18,26
MEDINA COUNTY,325,84 Years,135,60,75,90,40,50,1,1,0,1,1,0,43,18,25
MEDINA COUNTY,325,85 Years +,723,252,471,498,179,319,2,2,0,4,3,1,219,68,151
MENARD COUNTY,327,All Ages,2270,1150,1120,1442,730,712,8,5,3,16,4,12,804,411,393
MENARD COUNTY,327,< 1 Year,19,9,10,9,4,5,0,0,0,0,0,0,10,5,5
MENARD COUNTY,327,1 Years,19,11,8,7,5,2,0,0,0,0,0,0,12,6,6
MENARD COUNTY,327,2 Years,28,17,11,15,9,6,0,0,0,0,0,0,13,8,5
MENARD COUNTY,327,3 Years,29,13,16,15,8,7,0,0,0,0,0,0,14,5,9
MENARD COUNTY,327,4 Years,23,9,14,11,5,6,0,0,0,0,0,0,12,4,8
MENARD COUNTY,327,5 Years,28,16,12,13,10,3,0,0,0,0,0,0,15,6,9
MENARD COUNTY,327,6 Years,32,23,9,20,16,4,0,0,0,0,0,0,12,7,5
MENARD COUNTY,327,7 Years,21,15,6,9,8,1,0,0,0,0,0,0,12,7,5
MENARD COUNTY,327,8 Years,21,13,8,10,6,4,0,0,0,0,0,0,11,7,4
MENARD COUNTY,327,9 Years,19,9,10,9,4,5,0,0,0,0,0,0,10,5,5
MENARD COUNTY,327,10 Years,19,9,10,8,3,5,0,0,0,0,0,0,11,6,5
MENARD COUNTY,327,11 Years,23,15,8,11,9,2,0,0,0,0,0,0,12,6,6
MENARD COUNTY,327,12 Years,27,12,15,11,6,5,0,0,0,0,0,0,16,6,10
MENARD COUNTY,327,13 Years,29,20,9,17,10,7,0,0,0,0,0,0,12,10,2
MENARD COUNTY,327,14 Years,20,15,5,9,6,3,0,0,0,0,0,0,11,9,2
MENARD COUNTY,327,15 Years,28,14,14,13,8,5,0,0,0,0,0,0,15,6,9
MENARD COUNTY,327,16 Years,29,16,13,11,8,3,0,0,0,0,0,0,18,8,10
MENARD COUNTY,327,17 Years,20,11,9,12,6,6,1,1,0,0,0,0,7,4,3
MENARD COUNTY,327,18 Years,26,14,12,9,5,4,1,1,0,0,0,0,16,8,8
MENARD COUNTY,327,19 Years,25,13,12,9,6,3,0,0,0,1,0,1,15,7,8
MENARD COUNTY,327,20 Years,20,11,9,7,4,3,1,1,0,0,0,0,12,6,6
MENARD COUNTY,327,21 Years,16,10,6,5,3,2,1,0,1,0,0,0,10,7,3
MENARD COUNTY,327,22 Years,17,10,7,3,3,0,1,0,1,0,0,0,13,7,6
MENARD COUNTY,327,23 Years,14,9,5,5,2,3,0,0,0,0,0,0,9,7,2
MENARD COUNTY,327,24 Years,21,11,10,13,7,6,0,0,0,0,0,0,8,4,4
MENARD COUNTY,327,25 Years,19,14,5,11,8,3,0,0,0,0,0,0,8,6,2
MENARD COUNTY,327,26 Years,19,15,4,11,8,3,0,0,0,0,0,0,8,7,1
MENARD COUNTY,327,27 Years,23,12,11,14,6,8,0,0,0,0,0,0,9,6,3
MENARD COUNTY,327,28 Years,21,9,12,11,4,7,0,0,0,1,0,1,9,5,4
MENARD COUNTY,327,29 Years,22,10,12,10,5,5,0,0,0,1,0,1,11,5,6
MENARD COUNTY,327,30 Years,25,11,14,14,5,9,0,0,0,0,0,0,11,6,5
MENARD COUNTY,327,31 Years,20,7,13,9,2,7,0,0,0,0,0,0,11,5,6
MENARD COUNTY,327,32 Years,14,5,9,8,3,5,0,0,0,0,0,0,6,2,4
MENARD COUNTY,327,33 Years,15,9,6,7,4,3,0,0,0,0,0,0,8,5,3
MENARD COUNTY,327,34 Years,14,7,7,7,4,3,0,0,0,0,0,0,7,3,4
MENARD COUNTY,327,35 Years,20,7,13,12,3,9,0,0,0,1,1,0,7,3,4
MENARD COUNTY,327,36 Years,23,11,12,15,6,9,0,0,0,0,0,0,8,5,3
MENARD COUNTY,327,37 Years,15,7,8,11,6,5,0,0,0,0,0,0,4,1,3
MENARD COUNTY,327,38 Years,17,6,11,14,6,8,0,0,0,0,0,0,3,0,3
MENARD COUNTY,327,39 Years,15,5,10,13,4,9,0,0,0,0,0,0,2,1,1
MENARD COUNTY,327,40 Years,15,5,10,10,3,7,0,0,0,0,0,0,5,2,3
MENARD COUNTY,327,41 Years,18,7,11,7,2,5,0,0,0,0,0,0,11,5,6
MENARD COUNTY,327,42 Years,23,9,14,11,5,6,0,0,0,0,0,0,12,4,8
MENARD COUNTY,327,43 Years,24,13,11,13,7,6,0,0,0,0,0,0,11,6,5
MENARD COUNTY,327,44 Years,24,11,13,17,8,9,0,0,0,0,0,0,7,3,4
MENARD COUNTY,327,45 Years,20,8,12,11,4,7,0,0,0,0,0,0,9,4,5
MENARD COUNTY,327,46 Years,18,8,10,8,2,6,0,0,0,0,0,0,10,6,4
MENARD COUNTY,327,47 Years,25,14,11,13,6,7,0,0,0,0,0,0,12,8,4
MENARD COUNTY,327,48 Years,33,11,22,21,7,14,0,0,0,0,0,0,12,4,8
MENARD COUNTY,327,49 Years,39,18,21,25,11,14,0,0,0,0,0,0,14,7,7
MENARD COUNTY,327,50 Years,39,20,19,26,14,12,0,0,0,1,0,1,12,6,6
MENARD COUNTY,327,51 Years,37,18,19,28,14,14,0,0,0,1,0,1,8,4,4
MENARD COUNTY,327,52 Years,44,22,22,29,15,14,0,0,0,0,0,0,15,7,8
MENARD COUNTY,327,53 Years,34,15,19,21,10,11,1,0,1,0,0,0,12,5,7
MENARD COUNTY,327,54 Years,33,14,19,25,10,15,0,0,0,0,0,0,8,4,4
MENARD COUNTY,327,55 Years,36,20,16,23,15,8,0,0,0,0,0,0,13,5,8
MENARD COUNTY,327,56 Years,35,18,17,24,13,11,0,0,0,0,0,0,11,5,6
MENARD COUNTY,327,57 Years,36,17,19,23,9,14,1,1,0,2,1,1,10,6,4
MENARD COUNTY,327,58 Years,35,15,20,25,10,15,0,0,0,2,0,2,8,5,3
MENARD COUNTY,327,59 Years,28,18,10,20,13,7,0,0,0,1,0,1,7,5,2
MENARD COUNTY,327,60 Years,37,18,19,27,13,14,0,0,0,0,0,0,10,5,5
MENARD COUNTY,327,61 Years,38,14,24,29,11,18,0,0,0,0,0,0,9,3,6
MENARD COUNTY,327,62 Years,43,19,24,28,10,18,1,1,0,0,0,0,14,8,6
MENARD COUNTY,327,63 Years,38,22,16,26,14,12,0,0,0,0,0,0,12,8,4
MENARD COUNTY,327,64 Years,37,18,19,27,12,15,0,0,0,0,0,0,10,6,4
MENARD COUNTY,327,65 Years,30,15,15,23,12,11,0,0,0,0,0,0,7,3,4
MENARD COUNTY,327,66 Years,40,23,17,31,19,12,0,0,0,1,0,1,8,4,4
MENARD COUNTY,327,67 Years,51,31,20,39,24,15,0,0,0,1,0,1,11,7,4
MENARD COUNTY,327,68 Years,48,28,20,40,24,16,0,0,0,1,1,0,7,3,4
MENARD COUNTY,327,69 Years,36,22,14,26,17,9,0,0,0,1,1,0,9,4,5
MENARD COUNTY,327,70 Years,28,14,14,19,9,10,0,0,0,0,0,0,9,5,4
MENARD COUNTY,327,71 Years,35,18,17,30,15,15,0,0,0,0,0,0,5,3,2
MENARD COUNTY,327,72 Years,29,16,13,27,14,13,0,0,0,0,0,0,2,2,0
MENARD COUNTY,327,73 Years,24,14,10,17,11,6,0,0,0,0,0,0,7,3,4
MENARD COUNTY,327,74 Years,25,10,15,18,8,10,0,0,0,0,0,0,7,2,5
MENARD COUNTY,327,75 Years,19,8,11,15,7,8,0,0,0,0,0,0,4,1,3
MENARD COUNTY,327,76 Years,13,5,8,10,5,5,0,0,0,0,0,0,3,0,3
MENARD COUNTY,327,77 Years,24,9,15,18,7,11,0,0,0,0,0,0,6,2,4
MENARD COUNTY,327,78 Years,20,9,11,14,6,8,0,0,0,0,0,0,6,3,3
MENARD COUNTY,327,79 Years,20,11,9,18,9,9,0,0,0,0,0,0,2,2,0
MENARD COUNTY,327,80 Years,18,8,10,14,6,8,0,0,0,0,0,0,4,2,2
MENARD COUNTY,327,81 Years,19,11,8,16,10,6,0,0,0,1,0,1,2,1,1
MENARD COUNTY,327,82 Years,21,11,10,18,9,9,0,0,0,0,0,0,3,2,1
MENARD COUNTY,327,83 Years,19,6,13,15,5,10,0,0,0,0,0,0,4,1,3
MENARD COUNTY,327,84 Years,18,9,9,13,6,7,0,0,0,0,0,0,5,3,2
MENARD COUNTY,327,85 Years +,89,40,49,76,34,42,0,0,0,0,0,0,13,6,7
MIDLAND COUNTY,329,All Ages,140462,69110,71352,73402,35945,37457,8837,4283,4554,4001,1999,2002,54222,26883,27339
MIDLAND COUNTY,329,< 1 Year,2284,1170,1114,920,472,448,132,66,66,65,36,29,1167,596,571
MIDLAND COUNTY,329,1 Years,2262,1168,1094,879,463,416,136,64,72,73,37,36,1174,604,570
MIDLAND COUNTY,329,2 Years,2221,1158,1063,846,447,399,141,80,61,82,42,40,1152,589,563
MIDLAND COUNTY,329,3 Years,2266,1160,1106,867,460,407,145,70,75,78,33,45,1176,597,579
MIDLAND COUNTY,329,4 Years,2238,1151,1087,817,422,395,159,76,83,77,36,41,1185,617,568
MIDLAND COUNTY,329,5 Years,2158,1118,1040,808,425,383,155,91,64,74,34,40,1121,568,553
MIDLAND COUNTY,329,6 Years,2136,1099,1037,806,433,373,145,78,67,75,39,36,1110,549,561
MIDLAND COUNTY,329,7 Years,2120,1100,1020,799,420,379,142,72,70,83,47,36,1096,561,535
MIDLAND COUNTY,329,8 Years,2061,1056,1005,779,395,384,144,75,69,57,32,25,1081,554,527
MIDLAND COUNTY,329,9 Years,2060,1056,1004,778,408,370,139,73,66,70,39,31,1073,536,537
MIDLAND COUNTY,329,10 Years,2104,1056,1048,811,403,408,139,64,75,80,43,37,1074,546,528
MIDLAND COUNTY,329,11 Years,2116,1063,1053,834,421,413,149,71,78,69,38,31,1064,533,531
MIDLAND COUNTY,329,12 Years,2076,1076,1000,832,430,402,137,69,68,64,34,30,1043,543,500
MIDLAND COUNTY,329,13 Years,2027,1048,979,805,427,378,115,55,60,61,34,27,1046,532,514
MIDLAND COUNTY,329,14 Years,2013,1048,965,828,437,391,136,69,67,59,28,31,990,514,476
MIDLAND COUNTY,329,15 Years,1999,1035,964,849,429,420,116,57,59,61,32,29,973,517,456
MIDLAND COUNTY,329,16 Years,2056,1035,1021,895,457,438,123,64,59,51,31,20,987,483,504
MIDLAND COUNTY,329,17 Years,2090,1061,1029,923,476,447,122,69,53,66,42,24,979,474,505
MIDLAND COUNTY,329,18 Years,2056,1041,1015,886,462,424,140,78,62,56,34,22,974,467,507
MIDLAND COUNTY,329,19 Years,2017,1011,1006,843,442,401,150,73,77,59,33,26,965,463,502
MIDLAND COUNTY,329,20 Years,2053,1028,1025,817,426,391,180,80,100,65,32,33,991,490,501
MIDLAND COUNTY,329,21 Years,1901,923,978,758,379,379,157,82,75,49,19,30,937,443,494
MIDLAND COUNTY,329,22 Years,1819,871,948,745,355,390,115,65,50,48,24,24,911,427,484
MIDLAND COUNTY,329,23 Years,1856,910,946,768,374,394,117,68,49,54,24,30,917,444,473
MIDLAND COUNTY,329,24 Years,2058,1014,1044,902,438,464,141,72,69,61,29,32,954,475,479
MIDLAND COUNTY,329,25 Years,2180,1066,1114,1025,510,515,159,74,85,55,24,31,941,458,483
MIDLAND COUNTY,329,26 Years,2212,1111,1101,1064,542,522,135,72,63,64,29,35,949,468,481
MIDLAND COUNTY,329,27 Years,2210,1144,1066,1059,538,521,130,71,59,78,32,46,943,503,440
MIDLAND COUNTY,329,28 Years,2257,1141,1116,1099,565,534,122,67,55,82,39,43,954,470,484
MIDLAND COUNTY,329,29 Years,2201,1094,1107,1049,531,518,125,63,62,71,33,38,956,467,489
MIDLAND COUNTY,329,30 Years,2095,1057,1038,1020,519,501,110,50,60,66,34,32,899,454,445
MIDLAND COUNTY,329,31 Years,2112,1095,1017,1048,565,483,129,58,71,58,33,25,877,439,438
MIDLAND COUNTY,329,32 Years,1930,991,939,959,520,439,111,52,59,54,23,31,806,396,410
MIDLAND COUNTY,329,33 Years,1881,933,948,904,461,443,97,50,47,57,19,38,823,403,420
MIDLAND COUNTY,329,34 Years,1767,905,862,828,406,422,102,54,48,53,30,23,784,415,369
MIDLAND COUNTY,329,35 Years,1667,865,802,770,393,377,106,52,54,69,36,33,722,384,338
MIDLAND COUNTY,329,36 Years,1733,872,861,821,402,419,101,45,56,54,30,24,757,395,362
MIDLAND COUNTY,329,37 Years,1658,833,825,777,394,383,84,40,44,56,33,23,741,366,375
MIDLAND COUNTY,329,38 Years,1655,844,811,779,395,384,105,57,48,42,18,24,729,374,355
MIDLAND COUNTY,329,39 Years,1704,856,848,835,419,416,99,53,46,43,17,26,727,367,360
MIDLAND COUNTY,329,40 Years,1695,796,899,850,400,450,100,39,61,64,29,35,681,328,353
MIDLAND COUNTY,329,41 Years,1662,826,836,835,432,403,106,46,60,74,33,41,647,315,332
MIDLAND COUNTY,329,42 Years,1671,816,855,846,414,432,107,52,55,57,23,34,661,327,334
MIDLAND COUNTY,329,43 Years,1587,770,817,784,375,409,109,55,54,43,22,21,651,318,333
MIDLAND COUNTY,329,44 Years,1549,749,800,790,368,422,103,52,51,41,25,16,615,304,311
MIDLAND COUNTY,329,45 Years,1591,787,804,809,395,414,103,52,51,43,28,15,636,312,324
MIDLAND COUNTY,329,46 Years,1664,830,834,853,417,436,115,60,55,43,26,17,653,327,326
MIDLAND COUNTY,329,47 Years,1781,845,936,962,443,519,133,63,70,49,26,23,637,313,324
MIDLAND COUNTY,329,48 Years,1925,928,997,1094,529,565,135,61,74,48,18,30,648,320,328
MIDLAND COUNTY,329,49 Years,1982,945,1037,1205,581,624,122,56,66,39,18,21,616,290,326
MIDLAND COUNTY,329,50 Years,2025,923,1102,1253,563,690,133,60,73,48,23,25,591,277,314
MIDLAND COUNTY,329,51 Years,2112,1017,1095,1339,645,694,127,59,68,60,26,34,586,287,299
MIDLAND COUNTY,329,52 Years,2076,999,1077,1363,651,712,125,59,66,49,23,26,539,266,273
MIDLAND COUNTY,329,53 Years,2068,1015,1053,1383,668,715,123,60,63,43,25,18,519,262,257
MIDLAND COUNTY,329,54 Years,2092,1045,1047,1379,690,689,128,59,69,52,29,23,533,267,266
MIDLAND COUNTY,329,55 Years,2063,993,1070,1364,664,700,122,55,67,45,21,24,532,253,279
MIDLAND COUNTY,329,56 Years,1981,969,1012,1376,674,702,107,45,62,43,21,22,455,229,226
MIDLAND COUNTY,329,57 Years,1889,934,955,1286,637,649,123,62,61,49,26,23,431,209,222
MIDLAND COUNTY,329,58 Years,1771,869,902,1220,617,603,105,52,53,54,28,26,392,172,220
MIDLAND COUNTY,329,59 Years,1637,814,823,1141,572,569,111,52,59,36,19,17,349,171,178
MIDLAND COUNTY,329,60 Years,1536,740,796,1063,524,539,97,44,53,46,21,25,330,151,179
MIDLAND COUNTY,329,61 Years,1458,710,748,984,491,493,83,37,46,45,22,23,346,160,186
MIDLAND COUNTY,329,62 Years,1319,661,658,909,465,444,71,37,34,42,23,19,297,136,161
MIDLAND COUNTY,329,63 Years,1242,616,626,865,446,419,70,26,44,34,15,19,273,129,144
MIDLAND COUNTY,329,64 Years,1236,607,629,888,443,445,64,27,37,37,15,22,247,122,125
MIDLAND COUNTY,329,65 Years,997,511,486,688,357,331,65,35,30,29,16,13,215,103,112
MIDLAND COUNTY,329,66 Years,902,421,481,626,299,327,56,22,34,25,14,11,195,86,109
MIDLAND COUNTY,329,67 Years,901,427,474,641,309,332,55,24,31,17,10,7,188,84,104
MIDLAND COUNTY,329,68 Years,880,419,461,623,304,319,59,30,29,16,7,9,182,78,104
MIDLAND COUNTY,329,69 Years,812,368,444,580,263,317,57,27,30,20,13,7,155,65,90
MIDLAND COUNTY,329,70 Years,718,326,392,496,224,272,52,21,31,16,10,6,154,71,83
MIDLAND COUNTY,329,71 Years,695,294,401,501,211,290,51,21,30,18,10,8,125,52,73
MIDLAND COUNTY,329,72 Years,662,279,383,478,202,276,42,21,21,18,8,10,124,48,76
MIDLAND COUNTY,329,73 Years,697,295,402,522,214,308,41,20,21,13,5,8,121,56,65
MIDLAND COUNTY,329,74 Years,671,294,377,502,215,287,46,17,29,11,4,7,112,58,54
MIDLAND COUNTY,329,75 Years,659,301,358,490,218,272,44,21,23,9,3,6,116,59,57
MIDLAND COUNTY,329,76 Years,661,298,363,492,219,273,42,17,25,9,6,3,118,56,62
MIDLAND COUNTY,329,77 Years,604,265,339,471,214,257,34,11,23,4,2,2,95,38,57
MIDLAND COUNTY,329,78 Years,580,237,343,457,196,261,33,11,22,5,2,3,85,28,57
MIDLAND COUNTY,329,79 Years,568,221,347,447,171,276,35,12,23,6,2,4,80,36,44
MIDLAND COUNTY,329,80 Years,542,213,329,431,163,268,32,12,20,10,4,6,69,34,35
MIDLAND COUNTY,329,81 Years,505,211,294,394,160,234,25,10,15,7,2,5,79,39,40
MIDLAND COUNTY,329,82 Years,498,183,315,391,143,248,24,5,19,7,4,3,76,31,45
MIDLAND COUNTY,329,83 Years,478,187,291,397,158,239,16,5,11,6,2,4,59,22,37
MIDLAND COUNTY,329,84 Years,441,174,267,367,145,222,13,4,9,8,2,6,53,23,30
MIDLAND COUNTY,329,85 Years +,2070,719,1351,1735,595,1140,103,28,75,24,6,18,208,90,118
MILAM COUNTY,331,All Ages,24915,12321,12594,16176,7937,8239,2406,1150,1256,381,199,182,5952,3035,2917
MILAM COUNTY,331,< 1 Year,319,164,155,163,85,78,27,13,14,5,3,2,124,63,61
MILAM COUNTY,331,1 Years,322,166,156,137,79,58,30,15,15,10,6,4,145,66,79
MILAM COUNTY,331,2 Years,340,177,163,150,82,68,30,16,14,9,4,5,151,75,76
MILAM COUNTY,331,3 Years,354,187,167,169,91,78,38,19,19,10,7,3,137,70,67
MILAM COUNTY,331,4 Years,361,177,184,171,85,86,40,20,20,9,7,2,141,65,76
MILAM COUNTY,331,5 Years,327,171,156,170,84,86,33,20,13,9,5,4,115,62,53
MILAM COUNTY,331,6 Years,359,179,180,183,90,93,34,19,15,9,4,5,133,66,67
MILAM COUNTY,331,7 Years,357,181,176,181,94,87,30,15,15,8,5,3,138,67,71
MILAM COUNTY,331,8 Years,332,173,159,162,86,76,34,16,18,7,6,1,129,65,64
MILAM COUNTY,331,9 Years,365,192,173,185,97,88,33,16,17,8,4,4,139,75,64
MILAM COUNTY,331,10 Years,376,189,187,182,93,89,47,25,22,6,2,4,141,69,72
MILAM COUNTY,331,11 Years,367,198,169,180,101,79,45,25,20,6,3,3,136,69,67
MILAM COUNTY,331,12 Years,339,184,155,179,101,78,31,14,17,7,3,4,122,66,56
MILAM COUNTY,331,13 Years,338,178,160,179,102,77,40,16,24,6,5,1,113,55,58
MILAM COUNTY,331,14 Years,381,199,182,209,116,93,43,22,21,8,5,3,121,56,65
MILAM COUNTY,331,15 Years,389,212,177,213,117,96,43,25,18,9,4,5,124,66,58
MILAM COUNTY,331,16 Years,412,225,187,217,114,103,56,32,24,10,6,4,129,73,56
MILAM COUNTY,331,17 Years,423,218,205,214,107,107,59,34,25,10,6,4,140,71,69
MILAM COUNTY,331,18 Years,400,219,181,207,113,94,55,35,20,8,2,6,130,69,61
MILAM COUNTY,331,19 Years,349,183,166,193,100,93,40,20,20,6,3,3,110,60,50
MILAM COUNTY,331,20 Years,272,130,142,144,68,76,29,14,15,4,2,2,95,46,49
MILAM COUNTY,331,21 Years,232,117,115,116,58,58,30,17,13,4,3,1,82,39,43
MILAM COUNTY,331,22 Years,234,113,121,116,51,65,27,16,11,3,1,2,88,45,43
MILAM COUNTY,331,23 Years,233,124,109,137,67,70,22,13,9,2,2,0,72,42,30
MILAM COUNTY,331,24 Years,228,120,108,134,70,64,25,15,10,4,2,2,65,33,32
MILAM COUNTY,331,25 Years,234,121,113,134,63,71,22,13,9,2,2,0,76,43,33
MILAM COUNTY,331,26 Years,244,118,126,133,61,72,23,13,10,4,2,2,84,42,42
MILAM COUNTY,331,27 Years,242,128,114,129,78,51,21,7,14,2,1,1,90,42,48
MILAM COUNTY,331,28 Years,268,137,131,154,82,72,22,9,13,7,3,4,85,43,42
MILAM COUNTY,331,29 Years,243,123,120,141,67,74,22,9,13,3,2,1,77,45,32
MILAM COUNTY,331,30 Years,240,115,125,148,69,79,18,6,12,2,1,1,72,39,33
MILAM COUNTY,331,31 Years,250,117,133,150,68,82,24,9,15,4,2,2,72,38,34
MILAM COUNTY,331,32 Years,244,101,143,153,57,96,19,6,13,3,2,1,69,36,33
MILAM COUNTY,331,33 Years,254,112,142,155,66,89,19,4,15,3,3,0,77,39,38
MILAM COUNTY,331,34 Years,250,117,133,147,70,77,24,8,16,1,1,0,78,38,40
MILAM COUNTY,331,35 Years,283,139,144,157,81,76,33,13,20,4,3,1,89,42,47
MILAM COUNTY,331,36 Years,249,118,131,150,68,82,22,10,12,4,1,3,73,39,34
MILAM COUNTY,331,37 Years,261,119,142,151,70,81,28,9,19,3,1,2,79,39,40
MILAM COUNTY,331,38 Years,252,123,129,164,81,83,21,7,14,2,1,1,65,34,31
MILAM COUNTY,331,39 Years,281,142,139,189,90,99,28,16,12,5,3,2,59,33,26
MILAM COUNTY,331,40 Years,298,164,134,192,109,83,25,13,12,3,1,2,78,41,37
MILAM COUNTY,331,41 Years,293,147,146,183,94,89,27,9,18,6,2,4,77,42,35
MILAM COUNTY,331,42 Years,279,127,152,178,83,95,24,8,16,7,4,3,70,32,38
MILAM COUNTY,331,43 Years,277,139,138,190,96,94,18,8,10,4,3,1,65,32,33
MILAM COUNTY,331,44 Years,297,149,148,197,100,97,34,15,19,4,3,1,62,31,31
MILAM COUNTY,331,45 Years,316,149,167,203,98,105,36,16,20,6,3,3,71,32,39
MILAM COUNTY,331,46 Years,318,165,153,212,108,104,31,17,14,3,0,3,72,40,32
MILAM COUNTY,331,47 Years,331,163,168,228,113,115,34,16,18,1,0,1,68,34,34
MILAM COUNTY,331,48 Years,371,180,191,258,126,132,35,16,19,7,4,3,71,34,37
MILAM COUNTY,331,49 Years,339,163,176,235,110,125,38,17,21,8,3,5,58,33,25
MILAM COUNTY,331,50 Years,356,182,174,244,123,121,43,26,17,5,2,3,64,31,33
MILAM COUNTY,331,51 Years,374,180,194,261,128,133,47,22,25,4,3,1,62,27,35
MILAM COUNTY,331,52 Years,338,173,165,244,118,126,40,21,19,5,4,1,49,30,19
MILAM COUNTY,331,53 Years,352,175,177,249,116,133,30,18,12,6,4,2,67,37,30
MILAM COUNTY,331,54 Years,361,175,186,271,129,142,31,16,15,4,4,0,55,26,29
MILAM COUNTY,331,55 Years,366,188,178,272,134,138,31,17,14,6,3,3,57,34,23
MILAM COUNTY,331,56 Years,352,166,186,264,128,136,33,12,21,6,1,5,49,25,24
MILAM COUNTY,331,57 Years,357,174,183,277,140,137,34,16,18,2,0,2,44,18,26
MILAM COUNTY,331,58 Years,334,158,176,266,122,144,24,10,14,1,1,0,43,25,18
MILAM COUNTY,331,59 Years,330,156,174,262,125,137,22,7,15,4,2,2,42,22,20
MILAM COUNTY,331,60 Years,352,167,185,279,128,151,27,16,11,5,3,2,41,20,21
MILAM COUNTY,331,61 Years,321,158,163,251,126,125,30,16,14,4,1,3,36,15,21
MILAM COUNTY,331,62 Years,306,155,151,234,119,115,29,15,14,5,0,5,38,21,17
MILAM COUNTY,331,63 Years,314,165,149,240,124,116,33,17,16,4,2,2,37,22,15
MILAM COUNTY,331,64 Years,353,178,175,283,139,144,26,14,12,2,1,1,42,24,18
MILAM COUNTY,331,65 Years,280,148,132,226,124,102,21,10,11,2,0,2,31,14,17
MILAM COUNTY,331,66 Years,285,150,135,227,120,107,18,8,10,3,2,1,37,20,17
MILAM COUNTY,331,67 Years,259,130,129,209,105,104,18,8,10,5,3,2,27,14,13
MILAM COUNTY,331,68 Years,254,129,125,213,109,104,19,9,10,4,2,2,18,9,9
MILAM COUNTY,331,69 Years,235,122,113,196,103,93,18,9,9,3,1,2,18,9,9
MILAM COUNTY,331,70 Years,218,110,108,179,95,84,17,6,11,3,1,2,19,8,11
MILAM COUNTY,331,71 Years,203,100,103,165,83,82,14,3,11,2,1,1,22,13,9
MILAM COUNTY,331,72 Years,192,91,101,157,75,82,18,6,12,1,0,1,16,10,6
MILAM COUNTY,331,73 Years,206,96,110,168,80,88,14,7,7,3,0,3,21,9,12
MILAM COUNTY,331,74 Years,206,86,120,167,73,94,19,8,11,3,1,2,17,4,13
MILAM COUNTY,331,75 Years,193,94,99,157,75,82,16,8,8,1,0,1,19,11,8
MILAM COUNTY,331,76 Years,172,86,86,139,64,75,17,11,6,0,0,0,16,11,5
MILAM COUNTY,331,77 Years,174,77,97,142,64,78,19,7,12,1,1,0,12,5,7
MILAM COUNTY,331,78 Years,157,74,83,133,62,71,12,6,6,3,1,2,9,5,4
MILAM COUNTY,331,79 Years,143,60,83,123,51,72,9,5,4,1,0,1,10,4,6
MILAM COUNTY,331,80 Years,148,62,86,122,54,68,16,5,11,1,0,1,9,3,6
MILAM COUNTY,331,81 Years,135,56,79,113,48,65,14,3,11,0,0,0,8,5,3
MILAM COUNTY,331,82 Years,143,62,81,119,53,66,13,5,8,1,0,1,10,4,6
MILAM COUNTY,331,83 Years,119,46,73,98,36,62,10,5,5,1,1,0,10,4,6
MILAM COUNTY,331,84 Years,102,36,66,85,28,57,7,4,3,2,1,1,8,3,5
MILAM COUNTY,331,85 Years +,602,204,398,519,177,342,48,8,40,3,2,1,32,17,15
MILLS COUNTY,333,All Ages,4969,2471,2498,4035,1975,2060,27,14,13,68,40,28,839,442,397
MILLS COUNTY,333,< 1 Year,46,24,22,32,17,15,0,0,0,0,0,0,14,7,7
MILLS COUNTY,333,1 Years,50,27,23,30,13,17,0,0,0,1,1,0,19,13,6
MILLS COUNTY,333,2 Years,55,33,22,36,21,15,0,0,0,2,2,0,17,10,7
MILLS COUNTY,333,3 Years,61,29,32,40,20,20,0,0,0,1,1,0,20,8,12
MILLS COUNTY,333,4 Years,66,29,37,45,23,22,0,0,0,2,1,1,19,5,14
MILLS COUNTY,333,5 Years,65,36,29,48,29,19,1,1,0,0,0,0,16,6,10
MILLS COUNTY,333,6 Years,55,25,30,39,18,21,0,0,0,2,1,1,14,6,8
MILLS COUNTY,333,7 Years,57,32,25,40,22,18,0,0,0,2,2,0,15,8,7
MILLS COUNTY,333,8 Years,53,29,24,39,19,20,1,1,0,2,2,0,11,7,4
MILLS COUNTY,333,9 Years,56,33,23,44,24,20,0,0,0,2,2,0,10,7,3
MILLS COUNTY,333,10 Years,70,39,31,57,32,25,2,0,2,1,1,0,10,6,4
MILLS COUNTY,333,11 Years,77,40,37,60,33,27,4,2,2,0,0,0,13,5,8
MILLS COUNTY,333,12 Years,75,35,40,55,25,30,4,3,1,0,0,0,16,7,9
MILLS COUNTY,333,13 Years,72,30,42,54,25,29,5,1,4,0,0,0,13,4,9
MILLS COUNTY,333,14 Years,78,40,38,58,29,29,3,2,1,0,0,0,17,9,8
MILLS COUNTY,333,15 Years,78,45,33,52,29,23,1,1,0,0,0,0,25,15,10
MILLS COUNTY,333,16 Years,75,39,36,53,26,27,1,1,0,1,0,1,20,12,8
MILLS COUNTY,333,17 Years,83,42,41,58,29,29,1,0,1,3,3,0,21,10,11
MILLS COUNTY,333,18 Years,83,52,31,61,36,25,0,0,0,1,1,0,21,15,6
MILLS COUNTY,333,19 Years,69,41,28,53,30,23,0,0,0,0,0,0,16,11,5
MILLS COUNTY,333,20 Years,42,21,21,31,14,17,0,0,0,0,0,0,11,7,4
MILLS COUNTY,333,21 Years,36,20,16,21,12,9,0,0,0,1,0,1,14,8,6
MILLS COUNTY,333,22 Years,32,17,15,21,10,11,0,0,0,1,0,1,10,7,3
MILLS COUNTY,333,23 Years,36,17,19,21,9,12,0,0,0,0,0,0,15,8,7
MILLS COUNTY,333,24 Years,41,22,19,28,18,10,0,0,0,1,0,1,12,4,8
MILLS COUNTY,333,25 Years,33,19,14,26,16,10,0,0,0,0,0,0,7,3,4
MILLS COUNTY,333,26 Years,37,21,16,30,17,13,0,0,0,0,0,0,7,4,3
MILLS COUNTY,333,27 Years,37,21,16,27,15,12,0,0,0,0,0,0,10,6,4
MILLS COUNTY,333,28 Years,39,16,23,27,9,18,0,0,0,1,0,1,11,7,4
MILLS COUNTY,333,29 Years,42,16,26,34,13,21,0,0,0,0,0,0,8,3,5
MILLS COUNTY,333,30 Years,39,17,22,30,13,17,0,0,0,0,0,0,9,4,5
MILLS COUNTY,333,31 Years,45,25,20,36,20,16,0,0,0,2,2,0,7,3,4
MILLS COUNTY,333,32 Years,46,25,21,32,15,17,0,0,0,1,1,0,13,9,4
MILLS COUNTY,333,33 Years,41,21,20,31,15,16,0,0,0,1,1,0,9,5,4
MILLS COUNTY,333,34 Years,44,24,20,35,19,16,0,0,0,2,2,0,7,3,4
MILLS COUNTY,333,35 Years,45,20,25,34,16,18,1,0,1,2,1,1,8,3,5
MILLS COUNTY,333,36 Years,33,15,18,24,11,13,0,0,0,1,0,1,8,4,4
MILLS COUNTY,333,37 Years,40,21,19,29,16,13,0,0,0,1,1,0,10,4,6
MILLS COUNTY,333,38 Years,44,23,21,34,17,17,0,0,0,0,0,0,10,6,4
MILLS COUNTY,333,39 Years,44,17,27,30,13,17,0,0,0,1,0,1,13,4,9
MILLS COUNTY,333,40 Years,57,21,36,42,16,26,0,0,0,2,1,1,13,4,9
MILLS COUNTY,333,41 Years,65,33,32,51,25,26,0,0,0,1,1,0,13,7,6
MILLS COUNTY,333,42 Years,62,36,26,51,31,20,0,0,0,1,0,1,10,5,5
MILLS COUNTY,333,43 Years,54,27,27,45,21,24,0,0,0,0,0,0,9,6,3
MILLS COUNTY,333,44 Years,64,33,31,54,27,27,0,0,0,0,0,0,10,6,4
MILLS COUNTY,333,45 Years,62,33,29,48,26,22,0,0,0,0,0,0,14,7,7
MILLS COUNTY,333,46 Years,72,40,32,53,26,27,0,0,0,2,2,0,17,12,5
MILLS COUNTY,333,47 Years,60,31,29,48,23,25,0,0,0,1,1,0,11,7,4
MILLS COUNTY,333,48 Years,61,29,32,47,20,27,1,1,0,1,0,1,12,8,4
MILLS COUNTY,333,49 Years,64,32,32,53,24,29,1,1,0,1,0,1,9,7,2
MILLS COUNTY,333,50 Years,74,35,39,60,28,32,1,0,1,1,0,1,12,7,5
MILLS COUNTY,333,51 Years,59,32,27,53,29,24,0,0,0,0,0,0,6,3,3
MILLS COUNTY,333,52 Years,52,25,27,46,23,23,0,0,0,0,0,0,6,2,4
MILLS COUNTY,333,53 Years,64,30,34,56,27,29,0,0,0,2,0,2,6,3,3
MILLS COUNTY,333,54 Years,68,33,35,56,27,29,0,0,0,4,2,2,8,4,4
MILLS COUNTY,333,55 Years,77,36,41,65,29,36,0,0,0,2,1,1,10,6,4
MILLS COUNTY,333,56 Years,77,43,34,65,36,29,0,0,0,1,0,1,11,7,4
MILLS COUNTY,333,57 Years,69,36,33,60,30,30,0,0,0,1,1,0,8,5,3
MILLS COUNTY,333,58 Years,71,34,37,61,29,32,0,0,0,1,0,1,9,5,4
MILLS COUNTY,333,59 Years,68,30,38,58,26,32,0,0,0,0,0,0,10,4,6
MILLS COUNTY,333,60 Years,75,42,33,66,38,28,0,0,0,2,1,1,7,3,4
MILLS COUNTY,333,61 Years,77,37,40,68,33,35,0,0,0,1,1,0,8,3,5
MILLS COUNTY,333,62 Years,79,33,46,69,30,39,0,0,0,1,0,1,9,3,6
MILLS COUNTY,333,63 Years,67,36,31,62,33,29,0,0,0,0,0,0,5,3,2
MILLS COUNTY,333,64 Years,69,36,33,65,33,32,0,0,0,0,0,0,4,3,1
MILLS COUNTY,333,65 Years,68,33,35,65,32,33,0,0,0,1,0,1,2,1,1
MILLS COUNTY,333,66 Years,75,33,42,69,30,39,0,0,0,1,0,1,5,3,2
MILLS COUNTY,333,67 Years,78,41,37,74,39,35,0,0,0,1,1,0,3,1,2
MILLS COUNTY,333,68 Years,78,41,37,72,37,35,0,0,0,1,1,0,5,3,2
MILLS COUNTY,333,69 Years,71,35,36,69,34,35,0,0,0,0,0,0,2,1,1
MILLS COUNTY,333,70 Years,61,35,26,56,33,23,0,0,0,0,0,0,5,2,3
MILLS COUNTY,333,71 Years,51,27,24,46,23,23,0,0,0,1,1,0,4,3,1
MILLS COUNTY,333,72 Years,61,23,38,53,19,34,0,0,0,0,0,0,8,4,4
MILLS COUNTY,333,73 Years,50,23,27,47,21,26,0,0,0,0,0,0,3,2,1
MILLS COUNTY,333,74 Years,45,22,23,44,21,23,0,0,0,1,1,0,0,0,0
MILLS COUNTY,333,75 Years,43,22,21,39,21,18,0,0,0,0,0,0,4,1,3
MILLS COUNTY,333,76 Years,34,18,16,31,16,15,0,0,0,0,0,0,3,2,1
MILLS COUNTY,333,77 Years,42,16,26,38,15,23,0,0,0,0,0,0,4,1,3
MILLS COUNTY,333,78 Years,44,21,23,38,18,20,0,0,0,0,0,0,6,3,3
MILLS COUNTY,333,79 Years,43,21,22,40,20,20,0,0,0,0,0,0,3,1,2
MILLS COUNTY,333,80 Years,42,17,25,39,16,23,0,0,0,0,0,0,3,1,2
MILLS COUNTY,333,81 Years,32,12,20,31,11,20,0,0,0,0,0,0,1,1,0
MILLS COUNTY,333,82 Years,29,10,19,26,9,17,0,0,0,1,0,1,2,1,1
MILLS COUNTY,333,83 Years,32,13,19,29,10,19,0,0,0,0,0,0,3,3,0
MILLS COUNTY,333,84 Years,33,14,19,31,14,17,0,0,0,0,0,0,2,0,2
MILLS COUNTY,333,85 Years +,170,63,107,161,58,103,0,0,0,1,0,1,8,5,3
MITCHELL COUNTY,335,All Ages,9439,5761,3678,4736,2502,2234,1045,921,124,125,71,54,3533,2267,1266
MITCHELL COUNTY,335,< 1 Year,95,51,44,48,26,22,3,1,2,2,2,0,42,22,20
MITCHELL COUNTY,335,1 Years,94,49,45,41,16,25,2,1,1,2,1,1,49,31,18
MITCHELL COUNTY,335,2 Years,99,46,53,47,19,28,3,1,2,1,0,1,48,26,22
MITCHELL COUNTY,335,3 Years,100,50,50,45,23,22,3,1,2,4,2,2,48,24,24
MITCHELL COUNTY,335,4 Years,102,54,48,46,25,21,4,1,3,2,2,0,50,26,24
MITCHELL COUNTY,335,5 Years,95,46,49,45,23,22,3,1,2,1,0,1,46,22,24
MITCHELL COUNTY,335,6 Years,80,47,33,31,19,12,4,3,1,2,1,1,43,24,19
MITCHELL COUNTY,335,7 Years,102,52,50,48,24,24,7,3,4,1,1,0,46,24,22
MITCHELL COUNTY,335,8 Years,97,49,48,41,20,21,7,3,4,2,1,1,47,25,22
MITCHELL COUNTY,335,9 Years,96,48,48,45,23,22,8,6,2,1,0,1,42,19,23
MITCHELL COUNTY,335,10 Years,107,50,57,53,25,28,5,4,1,0,0,0,49,21,28
MITCHELL COUNTY,335,11 Years,109,56,53,53,25,28,3,2,1,1,0,1,52,29,23
MITCHELL COUNTY,335,12 Years,111,59,52,55,33,22,5,2,3,1,1,0,50,23,27
MITCHELL COUNTY,335,13 Years,116,62,54,60,34,26,6,4,2,0,0,0,50,24,26
MITCHELL COUNTY,335,14 Years,92,45,47,52,24,28,4,3,1,1,0,1,35,18,17
MITCHELL COUNTY,335,15 Years,93,44,49,44,20,24,3,3,0,3,1,2,43,20,23
MITCHELL COUNTY,335,16 Years,111,51,60,51,18,33,3,2,1,3,2,1,54,29,25
MITCHELL COUNTY,335,17 Years,115,59,56,52,23,29,6,3,3,0,0,0,57,33,24
MITCHELL COUNTY,335,18 Years,120,74,46,46,25,21,11,7,4,2,2,0,61,40,21
MITCHELL COUNTY,335,19 Years,155,110,45,48,28,20,28,25,3,4,2,2,75,55,20
MITCHELL COUNTY,335,20 Years,171,134,37,52,34,18,32,30,2,1,0,1,86,70,16
MITCHELL COUNTY,335,21 Years,191,154,37,46,32,14,60,57,3,0,0,0,85,65,20
MITCHELL COUNTY,335,22 Years,184,150,34,48,32,16,60,57,3,1,0,1,75,61,14
MITCHELL COUNTY,335,23 Years,181,150,31,44,32,12,48,46,2,2,2,0,87,70,17
MITCHELL COUNTY,335,24 Years,193,157,36,60,42,18,43,42,1,2,1,1,88,72,16
MITCHELL COUNTY,335,25 Years,183,151,32,60,41,19,58,58,0,3,2,1,62,50,12
MITCHELL COUNTY,335,26 Years,194,153,41,52,33,19,45,44,1,3,1,2,94,75,19
MITCHELL COUNTY,335,27 Years,164,127,37,52,35,17,30,30,0,3,1,2,79,61,18
MITCHELL COUNTY,335,28 Years,183,143,40,58,35,23,38,38,0,2,2,0,85,68,17
MITCHELL COUNTY,335,29 Years,167,130,37,61,39,22,28,27,1,0,0,0,78,64,14
MITCHELL COUNTY,335,30 Years,182,136,46,82,53,29,32,32,0,2,2,0,66,49,17
MITCHELL COUNTY,335,31 Years,144,94,50,66,33,33,26,25,1,3,2,1,49,34,15
MITCHELL COUNTY,335,32 Years,167,124,43,72,45,27,23,21,2,3,1,2,69,57,12
MITCHELL COUNTY,335,33 Years,146,110,36,64,39,25,25,23,2,1,0,1,56,48,8
MITCHELL COUNTY,335,34 Years,138,98,40,67,37,30,24,24,0,2,2,0,45,35,10
MITCHELL COUNTY,335,35 Years,132,101,31,48,30,18,19,19,0,0,0,0,65,52,13
MITCHELL COUNTY,335,36 Years,130,97,33,55,34,21,21,21,0,3,3,0,51,39,12
MITCHELL COUNTY,335,37 Years,141,105,36,68,42,26,26,24,2,3,3,0,44,36,8
MITCHELL COUNTY,335,38 Years,124,84,40,56,31,25,20,19,1,1,1,0,47,33,14
MITCHELL COUNTY,335,39 Years,111,73,38,49,29,20,10,10,0,2,2,0,50,32,18
MITCHELL COUNTY,335,40 Years,114,63,51,62,33,29,9,8,1,1,1,0,42,21,21
MITCHELL COUNTY,335,41 Years,144,89,55,63,34,29,18,17,1,1,1,0,62,37,25
MITCHELL COUNTY,335,42 Years,115,76,39,48,24,24,20,18,2,1,1,0,46,33,13
MITCHELL COUNTY,335,43 Years,115,84,31,53,37,16,20,19,1,4,2,2,38,26,12
MITCHELL COUNTY,335,44 Years,120,75,45,57,34,23,12,10,2,3,1,2,48,30,18
MITCHELL COUNTY,335,45 Years,150,107,43,73,48,25,19,16,3,1,1,0,57,42,15
MITCHELL COUNTY,335,46 Years,121,73,48,56,29,27,13,10,3,1,0,1,51,34,17
MITCHELL COUNTY,335,47 Years,102,59,43,51,27,24,10,8,2,1,0,1,40,24,16
MITCHELL COUNTY,335,48 Years,123,78,45,66,37,29,13,13,0,1,1,0,43,27,16
MITCHELL COUNTY,335,49 Years,126,77,49,76,43,33,9,6,3,1,0,1,40,28,12
MITCHELL COUNTY,335,50 Years,98,55,43,52,26,26,4,3,1,0,0,0,42,26,16
MITCHELL COUNTY,335,51 Years,131,80,51,87,51,36,10,9,1,2,2,0,32,18,14
MITCHELL COUNTY,335,52 Years,131,80,51,79,46,33,12,10,2,3,1,2,37,23,14
MITCHELL COUNTY,335,53 Years,124,67,57,75,38,37,11,10,1,1,1,0,37,18,19
MITCHELL COUNTY,335,54 Years,108,59,49,66,30,36,7,6,1,3,2,1,32,21,11
MITCHELL COUNTY,335,55 Years,91,43,48,58,25,33,5,2,3,1,1,0,27,15,12
MITCHELL COUNTY,335,56 Years,116,65,51,81,45,36,3,2,1,3,2,1,29,16,13
MITCHELL COUNTY,335,57 Years,116,58,58,83,40,43,5,4,1,2,1,1,26,13,13
MITCHELL COUNTY,335,58 Years,106,52,54,75,38,37,2,1,1,0,0,0,29,13,16
MITCHELL COUNTY,335,59 Years,119,64,55,77,40,37,7,4,3,2,1,1,33,19,14
MITCHELL COUNTY,335,60 Years,112,47,65,73,34,39,4,2,2,2,0,2,33,11,22
MITCHELL COUNTY,335,61 Years,99,46,53,71,35,36,2,0,2,1,0,1,25,11,14
MITCHELL COUNTY,335,62 Years,85,42,43,54,24,30,1,0,1,1,1,0,29,17,12
MITCHELL COUNTY,335,63 Years,95,50,45,67,35,32,1,1,0,0,0,0,27,14,13
MITCHELL COUNTY,335,64 Years,101,54,47,76,39,37,1,1,0,0,0,0,24,14,10
MITCHELL COUNTY,335,65 Years,87,42,45,63,26,37,1,0,1,2,1,1,21,15,6
MITCHELL COUNTY,335,66 Years,79,36,43,59,28,31,1,0,1,2,0,2,17,8,9
MITCHELL COUNTY,335,67 Years,73,30,43,48,19,29,4,1,3,2,1,1,19,9,10
MITCHELL COUNTY,335,68 Years,71,30,41,49,19,30,3,2,1,1,1,0,18,8,10
MITCHELL COUNTY,335,69 Years,71,40,31,52,34,18,2,1,1,0,0,0,17,5,12
MITCHELL COUNTY,335,70 Years,70,29,41,48,19,29,2,1,1,3,2,1,17,7,10
MITCHELL COUNTY,335,71 Years,46,17,29,32,10,22,1,1,0,1,0,1,12,6,6
MITCHELL COUNTY,335,72 Years,53,24,29,39,18,21,3,2,1,0,0,0,11,4,7
MITCHELL COUNTY,335,73 Years,58,24,34,44,19,25,1,1,0,0,0,0,13,4,9
MITCHELL COUNTY,335,74 Years,61,30,31,46,24,22,2,1,1,0,0,0,13,5,8
MITCHELL COUNTY,335,75 Years,56,31,25,37,21,16,3,2,1,1,1,0,15,7,8
MITCHELL COUNTY,335,76 Years,49,19,30,36,13,23,2,1,1,1,0,1,10,5,5
MITCHELL COUNTY,335,77 Years,38,15,23,29,11,18,0,0,0,0,0,0,9,4,5
MITCHELL COUNTY,335,78 Years,42,18,24,28,15,13,3,1,2,0,0,0,11,2,9
MITCHELL COUNTY,335,79 Years,43,21,22,32,17,15,1,0,1,3,1,2,7,3,4
MITCHELL COUNTY,335,80 Years,51,21,30,39,16,23,3,1,2,3,1,2,6,3,3
MITCHELL COUNTY,335,81 Years,38,13,25,33,11,22,1,0,1,0,0,0,4,2,2
MITCHELL COUNTY,335,82 Years,32,14,18,28,12,16,0,0,0,0,0,0,4,2,2
MITCHELL COUNTY,335,83 Years,41,22,19,34,19,15,0,0,0,0,0,0,7,3,4
MITCHELL COUNTY,335,84 Years,39,15,24,34,13,21,0,0,0,0,0,0,5,2,3
MITCHELL COUNTY,335,85 Years +,164,54,110,136,45,91,8,3,5,0,0,0,20,6,14
MONTAGUE COUNTY,337,All Ages,19795,9711,10084,17330,8495,8835,39,29,10,416,183,233,2010,1004,1006
MONTAGUE COUNTY,337,< 1 Year,233,120,113,190,98,92,0,0,0,6,3,3,37,19,18
MONTAGUE COUNTY,337,1 Years,256,133,123,199,109,90,1,0,1,4,2,2,52,22,30
MONTAGUE COUNTY,337,2 Years,251,127,124,193,99,94,2,1,1,4,2,2,52,25,27
MONTAGUE COUNTY,337,3 Years,259,134,125,205,103,102,0,0,0,8,4,4,46,27,19
MONTAGUE COUNTY,337,4 Years,253,137,116,201,107,94,1,1,0,7,3,4,44,26,18
MONTAGUE COUNTY,337,5 Years,228,123,105,173,93,80,1,0,1,8,5,3,46,25,21
MONTAGUE COUNTY,337,6 Years,246,132,114,189,100,89,1,1,0,8,5,3,48,26,22
MONTAGUE COUNTY,337,7 Years,262,131,131,202,99,103,1,0,1,10,4,6,49,28,21
MONTAGUE COUNTY,337,8 Years,243,128,115,190,100,90,0,0,0,8,3,5,45,25,20
MONTAGUE COUNTY,337,9 Years,259,144,115,198,109,89,1,1,0,9,3,6,51,31,20
MONTAGUE COUNTY,337,10 Years,268,127,141,214,101,113,1,0,1,8,4,4,45,22,23
MONTAGUE COUNTY,337,11 Years,240,106,134,185,88,97,2,1,1,4,2,2,49,15,34
MONTAGUE COUNTY,337,12 Years,260,129,131,204,103,101,0,0,0,9,6,3,47,20,27
MONTAGUE COUNTY,337,13 Years,272,127,145,223,105,118,1,0,1,6,3,3,42,19,23
MONTAGUE COUNTY,337,14 Years,255,114,141,208,96,112,2,1,1,7,4,3,38,13,25
MONTAGUE COUNTY,337,15 Years,242,108,134,195,92,103,1,1,0,8,2,6,38,13,25
MONTAGUE COUNTY,337,16 Years,240,115,125,189,90,99,1,1,0,8,4,4,42,20,22
MONTAGUE COUNTY,337,17 Years,245,124,121,191,98,93,2,2,0,4,2,2,48,22,26
MONTAGUE COUNTY,337,18 Years,252,131,121,198,102,96,1,1,0,11,5,6,42,23,19
MONTAGUE COUNTY,337,19 Years,236,119,117,189,98,91,3,3,0,7,3,4,37,15,22
MONTAGUE COUNTY,337,20 Years,190,102,88,142,82,60,1,1,0,4,2,2,43,17,26
MONTAGUE COUNTY,337,21 Years,202,103,99,167,85,82,0,0,0,1,1,0,34,17,17
MONTAGUE COUNTY,337,22 Years,206,100,106,171,85,86,0,0,0,2,1,1,33,14,19
MONTAGUE COUNTY,337,23 Years,192,84,108,159,68,91,0,0,0,3,1,2,30,15,15
MONTAGUE COUNTY,337,24 Years,185,83,102,150,67,83,0,0,0,4,2,2,31,14,17
MONTAGUE COUNTY,337,25 Years,200,115,85,171,98,73,0,0,0,4,2,2,25,15,10
MONTAGUE COUNTY,337,26 Years,186,103,83,150,82,68,0,0,0,1,0,1,35,21,14
MONTAGUE COUNTY,337,27 Years,195,95,100,154,72,82,1,1,0,3,1,2,37,21,16
MONTAGUE COUNTY,337,28 Years,200,104,96,162,82,80,1,1,0,9,7,2,28,14,14
MONTAGUE COUNTY,337,29 Years,195,97,98,159,77,82,0,0,0,6,5,1,30,15,15
MONTAGUE COUNTY,337,30 Years,206,99,107,179,87,92,0,0,0,6,2,4,21,10,11
MONTAGUE COUNTY,337,31 Years,209,109,100,176,94,82,0,0,0,6,1,5,27,14,13
MONTAGUE COUNTY,337,32 Years,180,94,86,153,80,73,0,0,0,3,0,3,24,14,10
MONTAGUE COUNTY,337,33 Years,197,103,94,168,85,83,0,0,0,5,3,2,24,15,9
MONTAGUE COUNTY,337,34 Years,192,89,103,161,73,88,0,0,0,5,1,4,26,15,11
MONTAGUE COUNTY,337,35 Years,195,94,101,164,79,85,0,0,0,6,2,4,25,13,12
MONTAGUE COUNTY,337,36 Years,208,95,113,174,79,95,0,0,0,2,1,1,32,15,17
MONTAGUE COUNTY,337,37 Years,216,103,113,177,88,89,1,1,0,6,2,4,32,12,20
MONTAGUE COUNTY,337,38 Years,232,131,101,194,115,79,1,1,0,5,1,4,32,14,18
MONTAGUE COUNTY,337,39 Years,213,113,100,187,100,87,1,1,0,3,2,1,22,10,12
MONTAGUE COUNTY,337,40 Years,239,123,116,211,111,100,0,0,0,5,0,5,23,12,11
MONTAGUE COUNTY,337,41 Years,225,112,113,198,98,100,0,0,0,2,0,2,25,14,11
MONTAGUE COUNTY,337,42 Years,245,114,131,204,97,107,1,1,0,8,3,5,32,13,19
MONTAGUE COUNTY,337,43 Years,219,102,117,185,87,98,1,1,0,6,1,5,27,13,14
MONTAGUE COUNTY,337,44 Years,246,128,118,220,115,105,0,0,0,4,2,2,22,11,11
MONTAGUE COUNTY,337,45 Years,279,144,135,247,128,119,0,0,0,6,3,3,26,13,13
MONTAGUE COUNTY,337,46 Years,271,136,135,236,121,115,0,0,0,4,0,4,31,15,16
MONTAGUE COUNTY,337,47 Years,248,118,130,221,110,111,0,0,0,3,0,3,24,8,16
MONTAGUE COUNTY,337,48 Years,270,135,135,241,120,121,0,0,0,6,3,3,23,12,11
MONTAGUE COUNTY,337,49 Years,298,156,142,259,135,124,1,1,0,11,5,6,27,15,12
MONTAGUE COUNTY,337,50 Years,309,150,159,272,130,142,1,1,0,9,3,6,27,16,11
MONTAGUE COUNTY,337,51 Years,319,158,161,287,142,145,0,0,0,7,3,4,25,13,12
MONTAGUE COUNTY,337,52 Years,280,136,144,255,123,132,0,0,0,9,3,6,16,10,6
MONTAGUE COUNTY,337,53 Years,291,145,146,270,133,137,1,0,1,3,2,1,17,10,7
MONTAGUE COUNTY,337,54 Years,303,148,155,274,135,139,1,0,1,9,3,6,19,10,9
MONTAGUE COUNTY,337,55 Years,275,139,136,252,123,129,0,0,0,8,5,3,15,11,4
MONTAGUE COUNTY,337,56 Years,282,136,146,263,127,136,0,0,0,6,2,4,13,7,6
MONTAGUE COUNTY,337,57 Years,275,132,143,259,122,137,1,1,0,5,3,2,10,6,4
MONTAGUE COUNTY,337,58 Years,251,121,130,242,116,126,0,0,0,3,2,1,6,3,3
MONTAGUE COUNTY,337,59 Years,260,132,128,251,127,124,0,0,0,4,2,2,5,3,2
MONTAGUE COUNTY,337,60 Years,258,134,124,249,128,121,1,1,0,2,2,0,6,3,3
MONTAGUE COUNTY,337,61 Years,273,129,144,264,124,140,1,1,0,2,2,0,6,2,4
MONTAGUE COUNTY,337,62 Years,291,130,161,279,126,153,0,0,0,4,2,2,8,2,6
MONTAGUE COUNTY,337,63 Years,302,145,157,288,140,148,0,0,0,5,2,3,9,3,6
MONTAGUE COUNTY,337,64 Years,294,156,138,277,145,132,1,1,0,8,5,3,8,5,3
MONTAGUE COUNTY,337,65 Years,271,137,134,257,129,128,1,1,0,6,3,3,7,4,3
MONTAGUE COUNTY,337,66 Years,248,113,135,240,109,131,0,0,0,3,1,2,5,3,2
MONTAGUE COUNTY,337,67 Years,258,130,128,249,124,125,0,0,0,2,1,1,7,5,2
MONTAGUE COUNTY,337,68 Years,253,124,129,244,117,127,0,0,0,3,2,1,6,5,1
MONTAGUE COUNTY,337,69 Years,236,116,120,226,109,117,0,0,0,3,1,2,7,6,1
MONTAGUE COUNTY,337,70 Years,204,111,93,197,106,91,0,0,0,3,3,0,4,2,2
MONTAGUE COUNTY,337,71 Years,175,91,84,167,86,81,0,0,0,3,2,1,5,3,2
MONTAGUE COUNTY,337,72 Years,187,95,92,183,92,91,0,0,0,1,1,0,3,2,1
MONTAGUE COUNTY,337,73 Years,205,92,113,202,91,111,0,0,0,2,1,1,1,0,1
MONTAGUE COUNTY,337,74 Years,199,92,107,195,90,105,0,0,0,2,0,2,2,2,0
MONTAGUE COUNTY,337,75 Years,182,79,103,173,75,98,0,0,0,4,1,3,5,3,2
MONTAGUE COUNTY,337,76 Years,157,70,87,150,67,83,0,0,0,4,1,3,3,2,1
MONTAGUE COUNTY,337,77 Years,149,73,76,145,72,73,0,0,0,2,1,1,2,0,2
MONTAGUE COUNTY,337,78 Years,150,70,80,146,69,77,0,0,0,2,0,2,2,1,1
MONTAGUE COUNTY,337,79 Years,142,64,78,136,63,73,0,0,0,2,0,2,4,1,3
MONTAGUE COUNTY,337,80 Years,123,58,65,119,56,63,0,0,0,2,1,1,2,1,1
MONTAGUE COUNTY,337,81 Years,109,44,65,106,43,63,0,0,0,0,0,0,3,1,2
MONTAGUE COUNTY,337,82 Years,101,45,56,100,45,55,0,0,0,0,0,0,1,0,1
MONTAGUE COUNTY,337,83 Years,93,42,51,92,41,51,0,0,0,0,0,0,1,1,0
MONTAGUE COUNTY,337,84 Years,84,34,50,82,33,49,0,0,0,1,0,1,1,1,0
MONTAGUE COUNTY,337,85 Years +,467,147,320,463,147,316,0,0,0,4,0,4,0,0,0
MONTGOMERY COUNTY,339,All Ages,471894,234200,237694,331631,163237,168394,19422,9352,10070,19028,9009,10019,101813,52602,49211
MONTGOMERY COUNTY,339,< 1 Year,6246,3256,2990,3622,1904,1718,266,138,128,277,141,136,2081,1073,1008
MONTGOMERY COUNTY,339,1 Years,6299,3293,3006,3640,1915,1725,256,125,131,298,156,142,2105,1097,1008
MONTGOMERY COUNTY,339,2 Years,6456,3354,3102,3711,1949,1762,264,129,135,356,183,173,2125,1093,1032
MONTGOMERY COUNTY,339,3 Years,6755,3480,3275,3913,2046,1867,300,147,153,368,184,184,2174,1103,1071
MONTGOMERY COUNTY,339,4 Years,6919,3528,3391,4024,2056,1968,298,155,143,371,195,176,2226,1122,1104
MONTGOMERY COUNTY,339,5 Years,7015,3619,3396,4089,2133,1956,318,147,171,382,194,188,2226,1145,1081
MONTGOMERY COUNTY,339,6 Years,7103,3603,3500,4174,2117,2057,285,145,140,394,195,199,2250,1146,1104
MONTGOMERY COUNTY,339,7 Years,7249,3725,3524,4341,2230,2111,307,158,149,408,210,198,2193,1127,1066
MONTGOMERY COUNTY,339,8 Years,7392,3799,3593,4481,2303,2178,339,170,169,375,189,186,2197,1137,1060
MONTGOMERY COUNTY,339,9 Years,7438,3785,3653,4499,2300,2199,342,173,169,383,197,186,2214,1115,1099
MONTGOMERY COUNTY,339,10 Years,7576,3848,3728,4566,2317,2249,348,193,155,397,192,205,2265,1146,1119
MONTGOMERY COUNTY,339,11 Years,7595,3856,3739,4679,2401,2278,338,170,168,385,186,199,2193,1099,1094
MONTGOMERY COUNTY,339,12 Years,7459,3832,3627,4628,2378,2250,358,174,184,342,167,175,2131,1113,1018
MONTGOMERY COUNTY,339,13 Years,7327,3751,3576,4617,2353,2264,355,178,177,337,170,167,2018,1050,968
MONTGOMERY COUNTY,339,14 Years,7374,3796,3578,4618,2398,2220,343,170,173,355,176,179,2058,1052,1006
MONTGOMERY COUNTY,339,15 Years,7401,3767,3634,4644,2373,2271,359,177,182,369,191,178,2029,1026,1003
MONTGOMERY COUNTY,339,16 Years,7338,3713,3625,4718,2396,2322,330,165,165,349,169,180,1941,983,958
MONTGOMERY COUNTY,339,17 Years,7249,3677,3572,4649,2335,2314,345,174,171,335,157,178,1920,1011,909
MONTGOMERY COUNTY,339,18 Years,6927,3575,3352,4418,2253,2165,338,179,159,304,147,157,1867,996,871
MONTGOMERY COUNTY,339,19 Years,6041,3149,2892,3796,1975,1821,295,150,145,228,118,110,1722,906,816
MONTGOMERY COUNTY,339,20 Years,5191,2734,2457,3090,1609,1481,259,138,121,204,113,91,1638,874,764
MONTGOMERY COUNTY,339,21 Years,4933,2623,2310,2954,1546,1408,245,121,124,185,88,97,1549,868,681
MONTGOMERY COUNTY,339,22 Years,4831,2539,2292,2918,1507,1411,234,113,121,169,77,92,1510,842,668
MONTGOMERY COUNTY,339,23 Years,4861,2490,2371,3018,1506,1512,215,104,111,196,93,103,1432,787,645
MONTGOMERY COUNTY,339,24 Years,5223,2624,2599,3361,1618,1743,225,101,124,196,95,101,1441,810,631
MONTGOMERY COUNTY,339,25 Years,5352,2681,2671,3406,1648,1758,248,118,130,171,89,82,1527,826,701
MONTGOMERY COUNTY,339,26 Years,5542,2845,2697,3451,1723,1728,278,147,131,191,95,96,1622,880,742
MONTGOMERY COUNTY,339,27 Years,5591,2805,2786,3614,1763,1851,252,123,129,209,96,113,1516,823,693
MONTGOMERY COUNTY,339,28 Years,5872,2934,2938,3763,1841,1922,261,123,138,219,105,114,1629,865,764
MONTGOMERY COUNTY,339,29 Years,6196,3095,3101,3958,1916,2042,267,138,129,235,111,124,1736,930,806
MONTGOMERY COUNTY,339,30 Years,6278,3116,3162,4022,1947,2075,310,162,148,247,103,144,1699,904,795
MONTGOMERY COUNTY,339,31 Years,6410,3187,3223,4145,2014,2131,329,153,176,256,115,141,1680,905,775
MONTGOMERY COUNTY,339,32 Years,6278,3099,3179,4020,1953,2067,294,138,156,262,128,134,1702,880,822
MONTGOMERY COUNTY,339,33 Years,6218,2988,3230,3963,1892,2071,298,146,152,253,102,151,1704,848,856
MONTGOMERY COUNTY,339,34 Years,6304,3110,3194,4025,1993,2032,295,137,158,289,135,154,1695,845,850
MONTGOMERY COUNTY,339,35 Years,6371,3183,3188,4035,2018,2017,291,134,157,270,122,148,1775,909,866
MONTGOMERY COUNTY,339,36 Years,6545,3266,3279,4228,2118,2110,271,132,139,273,109,164,1773,907,866
MONTGOMERY COUNTY,339,37 Years,6445,3148,3297,4148,2043,2105,298,139,159,299,112,187,1700,854,846
MONTGOMERY COUNTY,339,38 Years,6543,3186,3357,4160,2041,2119,312,142,170,312,139,173,1759,864,895
MONTGOMERY COUNTY,339,39 Years,6907,3387,3520,4612,2258,2354,310,155,155,326,139,187,1659,835,824
MONTGOMERY COUNTY,339,40 Years,7272,3599,3673,5001,2474,2527,319,150,169,325,141,184,1627,834,793
MONTGOMERY COUNTY,339,41 Years,7310,3621,3689,5073,2502,2571,311,155,156,339,147,192,1587,817,770
MONTGOMERY COUNTY,339,42 Years,7017,3484,3533,4869,2403,2466,283,136,147,330,152,178,1535,793,742
MONTGOMERY COUNTY,339,43 Years,6802,3397,3405,4719,2345,2374,282,134,148,318,145,173,1483,773,710
MONTGOMERY COUNTY,339,44 Years,6726,3409,3317,4742,2370,2372,265,136,129,288,141,147,1431,762,669
MONTGOMERY COUNTY,339,45 Years,6701,3342,3359,4804,2343,2461,274,129,145,290,137,153,1333,733,600
MONTGOMERY COUNTY,339,46 Years,6978,3439,3539,5063,2476,2587,279,127,152,299,132,167,1337,704,633
MONTGOMERY COUNTY,339,47 Years,7121,3543,3578,5265,2606,2659,280,131,149,292,132,160,1284,674,610
MONTGOMERY COUNTY,339,48 Years,7120,3511,3609,5380,2669,2711,293,119,174,264,114,150,1183,609,574
MONTGOMERY COUNTY,339,49 Years,7145,3540,3605,5489,2723,2766,270,118,152,267,113,154,1119,586,533
MONTGOMERY COUNTY,339,50 Years,7187,3543,3644,5581,2750,2831,269,127,142,262,119,143,1075,547,528
MONTGOMERY COUNTY,339,51 Years,7155,3569,3586,5662,2826,2836,256,120,136,257,131,126,980,492,488
MONTGOMERY COUNTY,339,52 Years,6991,3440,3551,5621,2762,2859,244,112,132,247,127,120,879,439,440
MONTGOMERY COUNTY,339,53 Years,7090,3528,3562,5737,2846,2891,253,112,141,239,118,121,861,452,409
MONTGOMERY COUNTY,339,54 Years,6814,3424,3390,5513,2766,2747,267,124,143,236,108,128,798,426,372
MONTGOMERY COUNTY,339,55 Years,6623,3258,3365,5358,2644,2714,276,132,144,233,104,129,756,378,378
MONTGOMERY COUNTY,339,56 Years,6401,3094,3307,5227,2519,2708,256,122,134,201,97,104,717,356,361
MONTGOMERY COUNTY,339,57 Years,6031,2958,3073,5000,2450,2550,217,101,116,195,92,103,619,315,304
MONTGOMERY COUNTY,339,58 Years,5847,2864,2983,4840,2375,2465,213,96,117,216,95,121,578,298,280
MONTGOMERY COUNTY,339,59 Years,5709,2766,2943,4794,2325,2469,207,90,117,193,87,106,515,264,251
MONTGOMERY COUNTY,339,60 Years,5330,2562,2768,4480,2156,2324,189,81,108,175,81,94,486,244,242
MONTGOMERY COUNTY,339,61 Years,5155,2516,2639,4341,2112,2229,182,86,96,164,80,84,468,238,230
MONTGOMERY COUNTY,339,62 Years,5058,2445,2613,4333,2079,2254,152,75,77,141,72,69,432,219,213
MONTGOMERY COUNTY,339,63 Years,5243,2535,2708,4533,2186,2347,166,94,72,145,65,80,399,190,209
MONTGOMERY COUNTY,339,64 Years,5083,2521,2562,4425,2188,2237,157,81,76,139,74,65,362,178,184
MONTGOMERY COUNTY,339,65 Years,4024,1961,2063,3499,1707,1792,112,54,58,118,56,62,295,144,151
MONTGOMERY COUNTY,339,66 Years,3831,1837,1994,3320,1597,1723,113,58,55,100,39,61,298,143,155
MONTGOMERY COUNTY,339,67 Years,3773,1800,1973,3296,1582,1714,107,47,60,96,46,50,274,125,149
MONTGOMERY COUNTY,339,68 Years,3673,1742,1931,3231,1540,1691,100,45,55,91,43,48,251,114,137
MONTGOMERY COUNTY,339,69 Years,3406,1582,1824,3014,1407,1607,91,40,51,76,33,43,225,102,123
MONTGOMERY COUNTY,339,70 Years,3021,1456,1565,2671,1287,1384,82,38,44,65,31,34,203,100,103
MONTGOMERY COUNTY,339,71 Years,2690,1297,1393,2359,1135,1224,65,28,37,69,34,35,197,100,97
MONTGOMERY COUNTY,339,72 Years,2545,1223,1322,2203,1066,1137,64,31,33,78,36,42,200,90,110
MONTGOMERY COUNTY,339,73 Years,2369,1118,1251,2100,997,1103,54,27,27,50,22,28,165,72,93
MONTGOMERY COUNTY,339,74 Years,2184,1016,1168,1946,911,1035,45,15,30,53,25,28,140,65,75
MONTGOMERY COUNTY,339,75 Years,1954,907,1047,1725,811,914,40,12,28,46,24,22,143,60,83
MONTGOMERY COUNTY,339,76 Years,1861,852,1009,1654,762,892,45,21,24,37,18,19,125,51,74
MONTGOMERY COUNTY,339,77 Years,1744,776,968,1549,704,845,54,19,35,45,11,34,96,42,54
MONTGOMERY COUNTY,339,78 Years,1557,669,888,1396,599,797,53,21,32,35,15,20,73,34,39
MONTGOMERY COUNTY,339,79 Years,1476,672,804,1322,599,723,41,20,21,34,18,16,79,35,44
MONTGOMERY COUNTY,339,80 Years,1365,601,764,1224,539,685,30,14,16,33,14,19,78,34,44
MONTGOMERY COUNTY,339,81 Years,1329,530,799,1186,475,711,38,16,22,27,11,16,78,28,50
MONTGOMERY COUNTY,339,82 Years,1167,479,688,1035,421,614,42,17,25,21,11,10,69,30,39
MONTGOMERY COUNTY,339,83 Years,1083,434,649,973,393,580,33,11,22,22,6,16,55,24,31
MONTGOMERY COUNTY,339,84 Years,937,336,601,851,305,546,24,8,16,21,6,15,41,17,24
MONTGOMERY COUNTY,339,85 Years +,4946,1558,3388,4509,1419,3090,153,41,112,81,23,58,203,75,128
MOORE COUNTY,341,All Ages,21995,11383,10612,8218,4017,4201,285,201,84,1800,1059,741,11692,6106,5586
MOORE COUNTY,341,< 1 Year,393,198,195,107,53,54,4,2,2,46,23,23,236,120,116
MOORE COUNTY,341,1 Years,400,210,190,95,52,43,7,2,5,43,31,12,255,125,130
MOORE COUNTY,341,2 Years,385,202,183,86,40,46,5,2,3,41,24,17,253,136,117
MOORE COUNTY,341,3 Years,412,206,206,76,37,39,4,2,2,50,29,21,282,138,144
MOORE COUNTY,341,4 Years,402,217,185,100,50,50,3,2,1,46,26,20,253,139,114
MOORE COUNTY,341,5 Years,398,208,190,100,51,49,2,1,1,40,22,18,256,134,122
MOORE COUNTY,341,6 Years,408,205,203,99,49,50,3,1,2,38,24,14,268,131,137
MOORE COUNTY,341,7 Years,391,202,189,88,43,45,4,2,2,35,21,14,264,136,128
MOORE COUNTY,341,8 Years,395,204,191,90,46,44,3,3,0,35,20,15,267,135,132
MOORE COUNTY,341,9 Years,385,204,181,96,51,45,4,4,0,39,19,20,246,130,116
MOORE COUNTY,341,10 Years,387,214,173,98,52,46,4,2,2,39,18,21,246,142,104
MOORE COUNTY,341,11 Years,362,198,164,97,59,38,1,0,1,33,17,16,231,122,109
MOORE COUNTY,341,12 Years,370,207,163,106,61,45,1,0,1,35,19,16,228,127,101
MOORE COUNTY,341,13 Years,373,209,164,104,53,51,2,1,1,33,20,13,234,135,99
MOORE COUNTY,341,14 Years,375,199,176,95,49,46,6,2,4,38,22,16,236,126,110
MOORE COUNTY,341,15 Years,372,207,165,92,54,38,3,2,1,30,19,11,247,132,115
MOORE COUNTY,341,16 Years,390,213,177,97,52,45,5,3,2,34,19,15,254,139,115
MOORE COUNTY,341,17 Years,361,187,174,92,44,48,3,3,0,37,22,15,229,118,111
MOORE COUNTY,341,18 Years,362,190,172,97,48,49,5,5,0,25,13,12,235,124,111
MOORE COUNTY,341,19 Years,336,173,163,90,44,46,3,2,1,29,18,11,214,109,105
MOORE COUNTY,341,20 Years,312,164,148,76,35,41,5,3,2,34,24,10,197,102,95
MOORE COUNTY,341,21 Years,317,166,151,64,35,29,4,3,1,41,26,15,208,102,106
MOORE COUNTY,341,22 Years,310,172,138,66,32,34,3,3,0,38,27,11,203,110,93
MOORE COUNTY,341,23 Years,287,173,114,67,35,32,5,5,0,44,35,9,171,98,73
MOORE COUNTY,341,24 Years,292,160,132,72,34,38,6,3,3,40,24,16,174,99,75
MOORE COUNTY,341,25 Years,286,157,129,69,34,35,8,4,4,29,19,10,180,100,80
MOORE COUNTY,341,26 Years,281,157,124,74,36,38,6,5,1,31,21,10,170,95,75
MOORE COUNTY,341,27 Years,313,168,145,85,41,44,7,6,1,31,20,11,190,101,89
MOORE COUNTY,341,28 Years,327,160,167,97,42,55,10,7,3,35,21,14,185,90,95
MOORE COUNTY,341,29 Years,341,169,172,109,55,54,16,13,3,35,21,14,181,80,101
MOORE COUNTY,341,30 Years,302,156,146,91,39,52,18,16,2,30,19,11,163,82,81
MOORE COUNTY,341,31 Years,295,154,141,95,43,52,12,12,0,36,23,13,152,76,76
MOORE COUNTY,341,32 Years,292,156,136,101,50,51,10,10,0,34,17,17,147,79,68
MOORE COUNTY,341,33 Years,313,160,153,100,47,53,12,10,2,35,20,15,166,83,83
MOORE COUNTY,341,34 Years,279,149,130,88,38,50,6,5,1,31,20,11,154,86,68
MOORE COUNTY,341,35 Years,284,148,136,97,52,45,3,1,2,34,17,17,150,78,72
MOORE COUNTY,341,36 Years,298,150,148,90,46,44,3,1,2,32,17,15,173,86,87
MOORE COUNTY,341,37 Years,270,138,132,86,45,41,3,3,0,23,13,10,158,77,81
MOORE COUNTY,341,38 Years,277,147,130,83,43,40,5,4,1,26,16,10,163,84,79
MOORE COUNTY,341,39 Years,262,138,124,92,48,44,3,2,1,26,16,10,141,72,69
MOORE COUNTY,341,40 Years,283,150,133,103,52,51,4,3,1,24,13,11,152,82,70
MOORE COUNTY,341,41 Years,302,159,143,117,59,58,3,2,1,19,11,8,163,87,76
MOORE COUNTY,341,42 Years,288,141,147,113,49,64,3,1,2,15,8,7,157,83,74
MOORE COUNTY,341,43 Years,270,130,140,94,39,55,3,2,1,19,11,8,154,78,76
MOORE COUNTY,341,44 Years,260,133,127,89,45,44,4,2,2,16,10,6,151,76,75
MOORE COUNTY,341,45 Years,266,155,111,98,58,40,5,3,2,12,7,5,151,87,64
MOORE COUNTY,341,46 Years,270,151,119,101,56,45,2,2,0,18,11,7,149,82,67
MOORE COUNTY,341,47 Years,281,144,137,124,63,61,3,1,2,24,13,11,130,67,63
MOORE COUNTY,341,48 Years,301,153,148,123,63,60,3,2,1,14,7,7,161,81,80
MOORE COUNTY,341,49 Years,271,141,130,123,71,52,4,3,1,16,7,9,128,60,68
MOORE COUNTY,341,50 Years,260,138,122,130,66,64,3,3,0,18,9,9,109,60,49
MOORE COUNTY,341,51 Years,275,141,134,140,69,71,5,3,2,19,13,6,111,56,55
MOORE COUNTY,341,52 Years,253,122,131,129,61,68,4,1,3,16,11,5,104,49,55
MOORE COUNTY,341,53 Years,270,141,129,145,73,72,4,3,1,12,7,5,109,58,51
MOORE COUNTY,341,54 Years,260,132,128,138,67,71,2,1,1,10,5,5,110,59,51
MOORE COUNTY,341,55 Years,264,128,136,136,62,74,1,0,1,12,7,5,115,59,56
MOORE COUNTY,341,56 Years,283,149,134,149,74,75,4,3,1,12,7,5,118,65,53
MOORE COUNTY,341,57 Years,251,135,116,142,70,72,2,2,0,11,8,3,96,55,41
MOORE COUNTY,341,58 Years,224,115,109,136,69,67,0,0,0,6,2,4,82,44,38
MOORE COUNTY,341,59 Years,225,109,116,137,69,68,0,0,0,8,2,6,80,38,42
MOORE COUNTY,341,60 Years,206,103,103,128,64,64,0,0,0,8,3,5,70,36,34
MOORE COUNTY,341,61 Years,200,103,97,111,52,59,1,1,0,7,6,1,81,44,37
MOORE COUNTY,341,62 Years,181,91,90,113,52,61,2,2,0,4,3,1,62,34,28
MOORE COUNTY,341,63 Years,175,83,92,108,46,62,0,0,0,7,5,2,60,32,28
MOORE COUNTY,341,64 Years,158,74,84,99,47,52,0,0,0,9,6,3,50,21,29
MOORE COUNTY,341,65 Years,131,66,65,77,40,37,0,0,0,6,2,4,48,24,24
MOORE COUNTY,341,66 Years,124,63,61,81,41,40,2,2,0,3,1,2,38,19,19
MOORE COUNTY,341,67 Years,129,63,66,95,48,47,0,0,0,2,1,1,32,14,18
MOORE COUNTY,341,68 Years,113,55,58,76,36,40,0,0,0,3,2,1,34,17,17
MOORE COUNTY,341,69 Years,115,54,61,83,39,44,1,0,1,2,1,1,29,14,15
MOORE COUNTY,341,70 Years,113,54,59,79,34,45,1,1,0,4,3,1,29,16,13
MOORE COUNTY,341,71 Years,113,61,52,74,37,37,1,1,0,4,3,1,34,20,14
MOORE COUNTY,341,72 Years,103,46,57,77,33,44,0,0,0,1,1,0,25,12,13
MOORE COUNTY,341,73 Years,97,42,55,73,30,43,0,0,0,0,0,0,24,12,12
MOORE COUNTY,341,74 Years,88,36,52,67,29,38,1,0,1,1,0,1,19,7,12
MOORE COUNTY,341,75 Years,88,39,49,65,27,38,0,0,0,1,0,1,22,12,10
MOORE COUNTY,341,76 Years,96,42,54,73,32,41,0,0,0,5,1,4,18,9,9
MOORE COUNTY,341,77 Years,76,38,38,59,29,30,0,0,0,2,0,2,15,9,6
MOORE COUNTY,341,78 Years,78,37,41,62,28,34,0,0,0,0,0,0,16,9,7
MOORE COUNTY,341,79 Years,84,42,42,67,31,36,0,0,0,3,0,3,14,11,3
MOORE COUNTY,341,80 Years,71,31,40,52,22,30,0,0,0,3,1,2,16,8,8
MOORE COUNTY,341,81 Years,74,34,40,57,27,30,0,0,0,3,1,2,14,6,8
MOORE COUNTY,341,82 Years,61,22,39,54,21,33,0,0,0,1,0,1,6,1,5
MOORE COUNTY,341,83 Years,70,26,44,58,24,34,0,0,0,0,0,0,12,2,10
MOORE COUNTY,341,84 Years,47,19,28,40,17,23,0,0,0,1,1,0,6,1,5
MOORE COUNTY,341,85 Years +,252,97,155,216,78,138,0,0,0,8,7,1,28,12,16
MORRIS COUNTY,343,All Ages,12964,6267,6697,8605,4166,4439,2967,1370,1597,345,178,167,1047,553,494
MORRIS COUNTY,343,< 1 Year,162,86,76,102,53,49,37,21,16,2,1,1,21,11,10
MORRIS COUNTY,343,1 Years,171,87,84,100,51,49,38,20,18,10,6,4,23,10,13
MORRIS COUNTY,343,2 Years,162,89,73,87,45,42,32,20,12,14,8,6,29,16,13
MORRIS COUNTY,343,3 Years,152,84,68,83,45,38,33,19,14,11,5,6,25,15,10
MORRIS COUNTY,343,4 Years,171,89,82,98,51,47,33,17,16,11,5,6,29,16,13
MORRIS COUNTY,343,5 Years,175,89,86,106,56,50,26,11,15,8,3,5,35,19,16
MORRIS COUNTY,343,6 Years,143,68,75,79,41,38,36,16,20,4,1,3,24,10,14
MORRIS COUNTY,343,7 Years,178,92,86,105,56,49,38,17,21,10,7,3,25,12,13
MORRIS COUNTY,343,8 Years,161,94,67,86,48,38,41,25,16,7,5,2,27,16,11
MORRIS COUNTY,343,9 Years,135,73,62,79,43,36,27,15,12,9,4,5,20,11,9
MORRIS COUNTY,343,10 Years,149,85,64,92,51,41,37,24,13,5,2,3,15,8,7
MORRIS COUNTY,343,11 Years,158,81,77,89,47,42,36,16,20,10,4,6,23,14,9
MORRIS COUNTY,343,12 Years,168,87,81,89,48,41,35,16,19,13,6,7,31,17,14
MORRIS COUNTY,343,13 Years,182,96,86,109,56,53,41,23,18,7,5,2,25,12,13
MORRIS COUNTY,343,14 Years,175,82,93,98,45,53,45,22,23,8,4,4,24,11,13
MORRIS COUNTY,343,15 Years,190,98,92,101,53,48,60,28,32,7,3,4,22,14,8
MORRIS COUNTY,343,16 Years,189,97,92,103,55,48,63,30,33,3,1,2,20,11,9
MORRIS COUNTY,343,17 Years,178,88,90,88,43,45,58,28,30,4,2,2,28,15,13
MORRIS COUNTY,343,18 Years,177,91,86,88,46,42,56,30,26,6,4,2,27,11,16
MORRIS COUNTY,343,19 Years,180,91,89,97,49,48,53,28,25,4,1,3,26,13,13
MORRIS COUNTY,343,20 Years,150,72,78,81,39,42,42,19,23,6,3,3,21,11,10
MORRIS COUNTY,343,21 Years,132,62,70,74,34,40,44,21,23,1,1,0,13,6,7
MORRIS COUNTY,343,22 Years,142,66,76,79,34,45,40,19,21,5,3,2,18,10,8
MORRIS COUNTY,343,23 Years,134,72,62,82,47,35,33,17,16,5,3,2,14,5,9
MORRIS COUNTY,343,24 Years,120,66,54,76,43,33,31,17,14,3,2,1,10,4,6
MORRIS COUNTY,343,25 Years,121,53,68,77,35,42,30,12,18,2,2,0,12,4,8
MORRIS COUNTY,343,26 Years,124,59,65,83,37,46,26,14,12,2,2,0,13,6,7
MORRIS COUNTY,343,27 Years,133,63,70,91,39,52,23,14,9,2,2,0,17,8,9
MORRIS COUNTY,343,28 Years,149,69,80,98,41,57,29,14,15,5,4,1,17,10,7
MORRIS COUNTY,343,29 Years,150,77,73,94,47,47,38,19,19,5,2,3,13,9,4
MORRIS COUNTY,343,30 Years,156,78,78,98,48,50,40,19,21,5,3,2,13,8,5
MORRIS COUNTY,343,31 Years,140,69,71,93,45,48,32,15,17,3,2,1,12,7,5
MORRIS COUNTY,343,32 Years,145,74,71,93,49,44,39,17,22,2,1,1,11,7,4
MORRIS COUNTY,343,33 Years,137,62,75,88,39,49,36,16,20,2,1,1,11,6,5
MORRIS COUNTY,343,34 Years,119,56,63,79,35,44,25,13,12,1,1,0,14,7,7
MORRIS COUNTY,343,35 Years,132,59,73,83,38,45,34,13,21,1,1,0,14,7,7
MORRIS COUNTY,343,36 Years,158,75,83,93,43,50,39,17,22,5,3,2,21,12,9
MORRIS COUNTY,343,37 Years,145,63,82,96,44,52,30,10,20,2,1,1,17,8,9
MORRIS COUNTY,343,38 Years,149,68,81,96,46,50,31,12,19,3,3,0,19,7,12
MORRIS COUNTY,343,39 Years,146,68,78,95,41,54,35,18,17,3,1,2,13,8,5
MORRIS COUNTY,343,40 Years,150,82,68,96,53,43,38,21,17,3,2,1,13,6,7
MORRIS COUNTY,343,41 Years,161,76,85,104,45,59,36,20,16,4,2,2,17,9,8
MORRIS COUNTY,343,42 Years,136,60,76,83,37,46,34,15,19,1,0,1,18,8,10
MORRIS COUNTY,343,43 Years,129,56,73,79,38,41,30,10,20,7,3,4,13,5,8
MORRIS COUNTY,343,44 Years,123,63,60,73,37,36,29,11,18,7,6,1,14,9,5
MORRIS COUNTY,343,45 Years,133,67,66,89,48,41,28,9,19,5,2,3,11,8,3
MORRIS COUNTY,343,46 Years,154,78,76,107,60,47,37,12,25,3,1,2,7,5,2
MORRIS COUNTY,343,47 Years,160,87,73,113,63,50,35,17,18,5,3,2,7,4,3
MORRIS COUNTY,343,48 Years,164,86,78,115,62,53,33,16,17,2,1,1,14,7,7
MORRIS COUNTY,343,49 Years,172,82,90,117,57,60,44,18,26,4,2,2,7,5,2
MORRIS COUNTY,343,50 Years,193,89,104,131,62,69,49,19,30,5,3,2,8,5,3
MORRIS COUNTY,343,51 Years,198,96,102,139,71,68,51,22,29,2,1,1,6,2,4
MORRIS COUNTY,343,52 Years,219,106,113,140,70,70,62,29,33,3,0,3,14,7,7
MORRIS COUNTY,343,53 Years,195,92,103,126,63,63,61,26,35,2,0,2,6,3,3
MORRIS COUNTY,343,54 Years,193,87,106,135,58,77,49,24,25,3,1,2,6,4,2
MORRIS COUNTY,343,55 Years,204,92,112,142,62,80,43,19,24,6,2,4,13,9,4
MORRIS COUNTY,343,56 Years,198,88,110,149,68,81,39,15,24,2,1,1,8,4,4
MORRIS COUNTY,343,57 Years,181,88,93,136,66,70,37,16,21,2,1,1,6,5,1
MORRIS COUNTY,343,58 Years,191,102,89,134,77,57,44,18,26,3,1,2,10,6,4
MORRIS COUNTY,343,59 Years,191,89,102,136,68,68,46,16,30,3,1,2,6,4,2
MORRIS COUNTY,343,60 Years,166,81,85,121,58,63,36,18,18,2,2,0,7,3,4
MORRIS COUNTY,343,61 Years,155,77,78,117,60,57,32,15,17,1,0,1,5,2,3
MORRIS COUNTY,343,62 Years,181,77,104,134,58,76,37,15,22,6,2,4,4,2,2
MORRIS COUNTY,343,63 Years,181,83,98,131,59,72,44,22,22,4,1,3,2,1,1
MORRIS COUNTY,343,64 Years,161,81,80,120,60,60,34,19,15,4,1,3,3,1,2
MORRIS COUNTY,343,65 Years,138,67,71,103,51,52,29,13,16,2,1,1,4,2,2
MORRIS COUNTY,343,66 Years,143,66,77,117,53,64,21,11,10,2,1,1,3,1,2
MORRIS COUNTY,343,67 Years,141,61,80,113,51,62,25,10,15,2,0,2,1,0,1
MORRIS COUNTY,343,68 Years,142,72,70,114,55,59,26,16,10,1,0,1,1,1,0
MORRIS COUNTY,343,69 Years,141,76,65,112,55,57,24,16,8,3,3,0,2,2,0
MORRIS COUNTY,343,70 Years,141,71,70,114,55,59,19,11,8,3,2,1,5,3,2
MORRIS COUNTY,343,71 Years,122,57,65,93,45,48,23,9,14,5,2,3,1,1,0
MORRIS COUNTY,343,72 Years,121,53,68,99,43,56,20,9,11,2,1,1,0,0,0
MORRIS COUNTY,343,73 Years,126,52,74,100,41,59,23,8,15,3,3,0,0,0,0
MORRIS COUNTY,343,74 Years,135,61,74,115,52,63,17,7,10,1,1,0,2,1,1
MORRIS COUNTY,343,75 Years,122,62,60,104,54,50,17,7,10,0,0,0,1,1,0
MORRIS COUNTY,343,76 Years,115,57,58,90,44,46,19,11,8,4,1,3,2,1,1
MORRIS COUNTY,343,77 Years,100,45,55,78,37,41,18,6,12,2,1,1,2,1,1
MORRIS COUNTY,343,78 Years,90,41,49,72,33,39,16,7,9,1,0,1,1,1,0
MORRIS COUNTY,343,79 Years,90,39,51,74,34,40,15,5,10,1,0,1,0,0,0
MORRIS COUNTY,343,80 Years,78,35,43,66,32,34,11,3,8,1,0,1,0,0,0
MORRIS COUNTY,343,81 Years,78,30,48,64,24,40,12,5,7,2,1,1,0,0,0
MORRIS COUNTY,343,82 Years,72,37,35,52,28,24,17,8,9,1,1,0,2,0,2
MORRIS COUNTY,343,83 Years,77,34,43,63,28,35,12,5,7,0,0,0,2,1,1
MORRIS COUNTY,343,84 Years,58,16,42,46,13,33,11,2,9,0,0,0,1,1,0
MORRIS COUNTY,343,85 Years +,307,92,215,221,72,149,82,17,65,4,3,1,0,0,0
MOTLEY COUNTY,345,All Ages,1185,599,586,984,497,487,27,14,13,9,4,5,165,84,81
MOTLEY COUNTY,345,< 1 Year,9,6,3,6,4,2,0,0,0,0,0,0,3,2,1
MOTLEY COUNTY,345,1 Years,8,6,2,5,4,1,0,0,0,0,0,0,3,2,1
MOTLEY COUNTY,345,2 Years,7,3,4,3,1,2,0,0,0,0,0,0,4,2,2
MOTLEY COUNTY,345,3 Years,15,5,10,9,4,5,0,0,0,0,0,0,6,1,5
MOTLEY COUNTY,345,4 Years,19,6,13,14,5,9,0,0,0,0,0,0,5,1,4
MOTLEY COUNTY,345,5 Years,12,6,6,10,5,5,0,0,0,0,0,0,2,1,1
MOTLEY COUNTY,345,6 Years,14,9,5,9,7,2,2,1,1,0,0,0,3,1,2
MOTLEY COUNTY,345,7 Years,11,7,4,7,5,2,1,0,1,0,0,0,3,2,1
MOTLEY COUNTY,345,8 Years,19,9,10,14,7,7,0,0,0,0,0,0,5,2,3
MOTLEY COUNTY,345,9 Years,16,7,9,13,5,8,0,0,0,1,0,1,2,2,0
MOTLEY COUNTY,345,10 Years,14,7,7,9,5,4,0,0,0,0,0,0,5,2,3
MOTLEY COUNTY,345,11 Years,12,6,6,10,5,5,0,0,0,0,0,0,2,1,1
MOTLEY COUNTY,345,12 Years,16,6,10,12,5,7,0,0,0,0,0,0,4,1,3
MOTLEY COUNTY,345,13 Years,17,9,8,14,8,6,0,0,0,0,0,0,3,1,2
MOTLEY COUNTY,345,14 Years,18,10,8,12,7,5,0,0,0,2,1,1,4,2,2
MOTLEY COUNTY,345,15 Years,15,9,6,10,6,4,0,0,0,0,0,0,5,3,2
MOTLEY COUNTY,345,16 Years,11,7,4,8,5,3,0,0,0,0,0,0,3,2,1
MOTLEY COUNTY,345,17 Years,17,13,4,11,8,3,1,1,0,0,0,0,5,4,1
MOTLEY COUNTY,345,18 Years,16,9,7,12,6,6,1,1,0,0,0,0,3,2,1
MOTLEY COUNTY,345,19 Years,12,7,5,7,4,3,1,1,0,0,0,0,4,2,2
MOTLEY COUNTY,345,20 Years,11,4,7,6,2,4,0,0,0,0,0,0,5,2,3
MOTLEY COUNTY,345,21 Years,8,5,3,5,3,2,0,0,0,0,0,0,3,2,1
MOTLEY COUNTY,345,22 Years,6,4,2,4,3,1,0,0,0,0,0,0,2,1,1
MOTLEY COUNTY,345,23 Years,7,5,2,5,3,2,1,1,0,0,0,0,1,1,0
MOTLEY COUNTY,345,24 Years,14,6,8,12,5,7,1,1,0,0,0,0,1,0,1
MOTLEY COUNTY,345,25 Years,10,4,6,9,4,5,0,0,0,0,0,0,1,0,1
MOTLEY COUNTY,345,26 Years,10,4,6,6,2,4,1,1,0,0,0,0,3,1,2
MOTLEY COUNTY,345,27 Years,8,7,1,5,4,1,0,0,0,0,0,0,3,3,0
MOTLEY COUNTY,345,28 Years,7,6,1,5,4,1,1,1,0,0,0,0,1,1,0
MOTLEY COUNTY,345,29 Years,7,3,4,4,2,2,1,1,0,0,0,0,2,0,2
MOTLEY COUNTY,345,30 Years,12,8,4,10,7,3,0,0,0,0,0,0,2,1,1
MOTLEY COUNTY,345,31 Years,12,7,5,11,6,5,0,0,0,0,0,0,1,1,0
MOTLEY COUNTY,345,32 Years,13,6,7,10,5,5,0,0,0,0,0,0,3,1,2
MOTLEY COUNTY,345,33 Years,12,7,5,10,5,5,0,0,0,0,0,0,2,2,0
MOTLEY COUNTY,345,34 Years,11,3,8,9,3,6,0,0,0,0,0,0,2,0,2
MOTLEY COUNTY,345,35 Years,11,8,3,10,7,3,0,0,0,0,0,0,1,1,0
MOTLEY COUNTY,345,36 Years,16,7,9,12,5,7,0,0,0,1,1,0,3,1,2
MOTLEY COUNTY,345,37 Years,11,5,6,9,4,5,0,0,0,0,0,0,2,1,1
MOTLEY COUNTY,345,38 Years,8,4,4,7,3,4,0,0,0,0,0,0,1,1,0
MOTLEY COUNTY,345,39 Years,11,8,3,10,7,3,0,0,0,0,0,0,1,1,0
MOTLEY COUNTY,345,40 Years,13,7,6,11,6,5,0,0,0,0,0,0,2,1,1
MOTLEY COUNTY,345,41 Years,8,3,5,7,3,4,0,0,0,0,0,0,1,0,1
MOTLEY COUNTY,345,42 Years,9,5,4,6,5,1,0,0,0,0,0,0,3,0,3
MOTLEY COUNTY,345,43 Years,4,3,1,4,3,1,0,0,0,0,0,0,0,0,0
MOTLEY COUNTY,345,44 Years,8,3,5,5,2,3,1,0,1,1,1,0,1,0,1
MOTLEY COUNTY,345,45 Years,11,6,5,8,5,3,0,0,0,3,1,2,0,0,0
MOTLEY COUNTY,345,46 Years,14,6,8,13,5,8,1,1,0,0,0,0,0,0,0
MOTLEY COUNTY,345,47 Years,13,8,5,11,6,5,0,0,0,0,0,0,2,2,0
MOTLEY COUNTY,345,48 Years,17,8,9,14,6,8,0,0,0,0,0,0,3,2,1
MOTLEY COUNTY,345,49 Years,20,10,10,16,9,7,0,0,0,0,0,0,4,1,3
MOTLEY COUNTY,345,50 Years,17,9,8,15,8,7,0,0,0,0,0,0,2,1,1
MOTLEY COUNTY,345,51 Years,14,8,6,14,8,6,0,0,0,0,0,0,0,0,0
MOTLEY COUNTY,345,52 Years,16,11,5,16,11,5,0,0,0,0,0,0,0,0,0
MOTLEY COUNTY,345,53 Years,15,6,9,14,6,8,0,0,0,0,0,0,1,0,1
MOTLEY COUNTY,345,54 Years,13,7,6,12,7,5,0,0,0,0,0,0,1,0,1
MOTLEY COUNTY,345,55 Years,18,9,9,16,7,9,0,0,0,0,0,0,2,2,0
MOTLEY COUNTY,345,56 Years,17,9,8,16,8,8,0,0,0,0,0,0,1,1,0
MOTLEY COUNTY,345,57 Years,12,7,5,11,7,4,0,0,0,0,0,0,1,0,1
MOTLEY COUNTY,345,58 Years,19,10,9,17,10,7,1,0,1,0,0,0,1,0,1
MOTLEY COUNTY,345,59 Years,26,11,15,21,9,12,1,0,1,0,0,0,4,2,2
MOTLEY COUNTY,345,60 Years,18,8,10,15,6,9,0,0,0,0,0,0,3,2,1
MOTLEY COUNTY,345,61 Years,18,11,7,15,8,7,1,1,0,0,0,0,2,2,0
MOTLEY COUNTY,345,62 Years,21,12,9,17,9,8,1,1,0,0,0,0,3,2,1
MOTLEY COUNTY,345,63 Years,14,7,7,12,5,7,0,0,0,0,0,0,2,2,0
MOTLEY COUNTY,345,64 Years,14,6,8,13,6,7,0,0,0,0,0,0,1,0,1
MOTLEY COUNTY,345,65 Years,18,10,8,16,8,8,1,1,0,0,0,0,1,1,0
MOTLEY COUNTY,345,66 Years,20,11,9,18,10,8,0,0,0,0,0,0,2,1,1
MOTLEY COUNTY,345,67 Years,25,12,13,23,11,12,0,0,0,0,0,0,2,1,1
MOTLEY COUNTY,345,68 Years,21,12,9,21,12,9,0,0,0,0,0,0,0,0,0
MOTLEY COUNTY,345,69 Years,22,7,15,20,7,13,2,0,2,0,0,0,0,0,0
MOTLEY COUNTY,345,70 Years,16,6,10,15,6,9,1,0,1,0,0,0,0,0,0
MOTLEY COUNTY,345,71 Years,17,7,10,15,6,9,0,0,0,0,0,0,2,1,1
MOTLEY COUNTY,345,72 Years,14,6,8,13,5,8,0,0,0,0,0,0,1,1,0
MOTLEY COUNTY,345,73 Years,15,7,8,14,7,7,0,0,0,1,0,1,0,0,0
MOTLEY COUNTY,345,74 Years,18,11,7,18,11,7,0,0,0,0,0,0,0,0,0
MOTLEY COUNTY,345,75 Years,13,7,6,13,7,6,0,0,0,0,0,0,0,0,0
MOTLEY COUNTY,345,76 Years,13,5,8,12,4,8,0,0,0,0,0,0,1,1,0
MOTLEY COUNTY,345,77 Years,13,5,8,13,5,8,0,0,0,0,0,0,0,0,0
MOTLEY COUNTY,345,78 Years,12,4,8,12,4,8,0,0,0,0,0,0,0,0,0
MOTLEY COUNTY,345,79 Years,9,4,5,8,4,4,1,0,1,0,0,0,0,0,0
MOTLEY COUNTY,345,80 Years,8,3,5,7,3,4,1,0,1,0,0,0,0,0,0
MOTLEY COUNTY,345,81 Years,13,3,10,13,3,10,0,0,0,0,0,0,0,0,0
MOTLEY COUNTY,345,82 Years,15,6,9,14,6,8,1,0,1,0,0,0,0,0,0
MOTLEY COUNTY,345,83 Years,9,4,5,7,3,4,1,0,1,0,0,0,1,1,0
MOTLEY COUNTY,345,84 Years,11,7,4,10,7,3,1,0,1,0,0,0,0,0,0
MOTLEY COUNTY,345,85 Years +,31,14,17,29,13,16,1,1,0,0,0,0,1,0,1
NACOGDOCHES COUNTY,347,All Ages,65260,31222,34038,39700,18960,20740,11742,5211,6531,1965,937,1028,11853,6114,5739
NACOGDOCHES COUNTY,347,< 1 Year,907,460,447,393,198,195,217,109,108,30,17,13,267,136,131
NACOGDOCHES COUNTY,347,1 Years,957,480,477,432,219,213,207,103,104,43,23,20,275,135,140
NACOGDOCHES COUNTY,347,2 Years,890,442,448,380,178,202,179,92,87,51,31,20,280,141,139
NACOGDOCHES COUNTY,347,3 Years,924,479,445,397,205,192,185,89,96,34,19,15,308,166,142
NACOGDOCHES COUNTY,347,4 Years,866,447,419,399,209,190,157,79,78,35,15,20,275,144,131
NACOGDOCHES COUNTY,347,5 Years,876,459,417,387,202,185,167,89,78,37,18,19,285,150,135
NACOGDOCHES COUNTY,347,6 Years,886,474,412,393,219,174,160,85,75,39,24,15,294,146,148
NACOGDOCHES COUNTY,347,7 Years,869,471,398,420,242,178,141,70,71,45,24,21,263,135,128
NACOGDOCHES COUNTY,347,8 Years,861,445,416,408,211,197,162,89,73,39,19,20,252,126,126
NACOGDOCHES COUNTY,347,9 Years,805,399,406,395,187,208,141,76,65,36,16,20,233,120,113
NACOGDOCHES COUNTY,347,10 Years,834,450,384,407,231,176,149,77,72,30,16,14,248,126,122
NACOGDOCHES COUNTY,347,11 Years,820,423,397,385,198,187,156,80,76,28,13,15,251,132,119
NACOGDOCHES COUNTY,347,12 Years,809,400,409,400,194,206,135,71,64,29,12,17,245,123,122
NACOGDOCHES COUNTY,347,13 Years,828,416,412,435,209,226,136,73,63,26,16,10,231,118,113
NACOGDOCHES COUNTY,347,14 Years,816,410,406,423,212,211,138,71,67,29,15,14,226,112,114
NACOGDOCHES COUNTY,347,15 Years,802,411,391,414,220,194,143,65,78,31,18,13,214,108,106
NACOGDOCHES COUNTY,347,16 Years,836,437,399,443,227,216,158,79,79,26,18,8,209,113,96
NACOGDOCHES COUNTY,347,17 Years,884,428,456,440,216,224,198,85,113,26,13,13,220,114,106
NACOGDOCHES COUNTY,347,18 Years,1577,615,962,798,305,493,437,164,273,56,22,34,286,124,162
NACOGDOCHES COUNTY,347,19 Years,2427,976,1451,1221,485,736,701,272,429,90,32,58,415,187,228
NACOGDOCHES COUNTY,347,20 Years,2299,957,1342,1273,515,758,587,245,342,74,29,45,365,168,197
NACOGDOCHES COUNTY,347,21 Years,2207,1010,1197,1311,581,730,478,208,270,77,45,32,341,176,165
NACOGDOCHES COUNTY,347,22 Years,1922,930,992,1186,565,621,378,174,204,65,31,34,293,160,133
NACOGDOCHES COUNTY,347,23 Years,1394,699,695,856,431,425,255,117,138,43,21,22,240,130,110
NACOGDOCHES COUNTY,347,24 Years,1106,556,550,639,306,333,200,95,105,54,33,21,213,122,91
NACOGDOCHES COUNTY,347,25 Years,900,443,457,491,236,255,166,73,93,45,20,25,198,114,84
NACOGDOCHES COUNTY,347,26 Years,885,449,436,487,254,233,162,74,88,27,12,15,209,109,100
NACOGDOCHES COUNTY,347,27 Years,850,421,429,482,252,230,155,62,93,26,12,14,187,95,92
NACOGDOCHES COUNTY,347,28 Years,771,401,370,438,231,207,119,54,65,26,12,14,188,104,84
NACOGDOCHES COUNTY,347,29 Years,818,404,414,465,227,238,145,65,80,19,5,14,189,107,82
NACOGDOCHES COUNTY,347,30 Years,787,398,389,440,220,220,135,60,75,22,9,13,190,109,81
NACOGDOCHES COUNTY,347,31 Years,757,385,372,449,233,216,120,52,68,12,6,6,176,94,82
NACOGDOCHES COUNTY,347,32 Years,761,368,393,429,217,212,139,57,82,17,6,11,176,88,88
NACOGDOCHES COUNTY,347,33 Years,723,348,375,384,192,192,136,58,78,24,12,12,179,86,93
NACOGDOCHES COUNTY,347,34 Years,667,310,357,365,179,186,105,39,66,20,8,12,177,84,93
NACOGDOCHES COUNTY,347,35 Years,667,327,340,383,189,194,105,44,61,17,8,9,162,86,76
NACOGDOCHES COUNTY,347,36 Years,686,350,336,401,209,192,101,54,47,19,7,12,165,80,85
NACOGDOCHES COUNTY,347,37 Years,604,302,302,348,174,174,91,46,45,20,9,11,145,73,72
NACOGDOCHES COUNTY,347,38 Years,637,302,335,367,174,193,105,48,57,22,9,13,143,71,72
NACOGDOCHES COUNTY,347,39 Years,653,329,324,400,205,195,94,43,51,22,10,12,137,71,66
NACOGDOCHES COUNTY,347,40 Years,698,350,348,432,216,216,115,52,63,20,11,9,131,71,60
NACOGDOCHES COUNTY,347,41 Years,686,331,355,409,195,214,115,52,63,18,7,11,144,77,67
NACOGDOCHES COUNTY,347,42 Years,677,324,353,410,199,211,100,40,60,19,6,13,148,79,69
NACOGDOCHES COUNTY,347,43 Years,655,336,319,399,212,187,108,49,59,20,10,10,128,65,63
NACOGDOCHES COUNTY,347,44 Years,659,322,337,405,201,204,118,52,66,12,8,4,124,61,63
NACOGDOCHES COUNTY,347,45 Years,655,309,346,403,185,218,114,48,66,15,6,9,123,70,53
NACOGDOCHES COUNTY,347,46 Years,718,329,389,443,197,246,126,53,73,20,10,10,129,69,60
NACOGDOCHES COUNTY,347,47 Years,728,334,394,475,219,256,133,51,82,24,12,12,96,52,44
NACOGDOCHES COUNTY,347,48 Years,752,350,402,501,232,269,120,49,71,19,7,12,112,62,50
NACOGDOCHES COUNTY,347,49 Years,758,379,379,504,261,243,124,49,75,19,8,11,111,61,50
NACOGDOCHES COUNTY,347,50 Years,786,373,413,539,259,280,127,49,78,19,7,12,101,58,43
NACOGDOCHES COUNTY,347,51 Years,750,356,394,506,237,269,142,64,78,15,6,9,87,49,38
NACOGDOCHES COUNTY,347,52 Years,745,359,386,512,256,256,129,48,81,19,12,7,85,43,42
NACOGDOCHES COUNTY,347,53 Years,795,380,415,554,266,288,127,48,79,20,11,9,94,55,39
NACOGDOCHES COUNTY,347,54 Years,806,389,417,579,275,304,130,63,67,21,11,10,76,40,36
NACOGDOCHES COUNTY,347,55 Years,721,371,350,508,262,246,131,65,66,22,10,12,60,34,26
NACOGDOCHES COUNTY,347,56 Years,743,364,379,529,261,268,134,62,72,19,2,17,61,39,22
NACOGDOCHES COUNTY,347,57 Years,750,359,391,544,265,279,124,51,73,19,6,13,63,37,26
NACOGDOCHES COUNTY,347,58 Years,746,367,379,555,277,278,119,55,64,19,9,10,53,26,27
NACOGDOCHES COUNTY,347,59 Years,728,352,376,542,262,280,113,52,61,17,8,9,56,30,26
NACOGDOCHES COUNTY,347,60 Years,697,335,362,528,263,265,110,42,68,13,5,8,46,25,21
NACOGDOCHES COUNTY,347,61 Years,691,337,354,529,261,268,106,44,62,9,4,5,47,28,19
NACOGDOCHES COUNTY,347,62 Years,638,309,329,494,242,252,98,41,57,9,4,5,37,22,15
NACOGDOCHES COUNTY,347,63 Years,642,324,318,485,245,240,100,45,55,16,12,4,41,22,19
NACOGDOCHES COUNTY,347,64 Years,636,320,316,505,259,246,89,41,48,14,10,4,28,10,18
NACOGDOCHES COUNTY,347,65 Years,526,242,284,426,198,228,70,33,37,9,5,4,21,6,15
NACOGDOCHES COUNTY,347,66 Years,524,246,278,421,196,225,70,31,39,7,4,3,26,15,11
NACOGDOCHES COUNTY,347,67 Years,519,242,277,418,198,220,71,28,43,9,4,5,21,12,9
NACOGDOCHES COUNTY,347,68 Years,486,225,261,395,186,209,56,23,33,8,4,4,27,12,15
NACOGDOCHES COUNTY,347,69 Years,444,212,232,363,176,187,49,20,29,7,5,2,25,11,14
NACOGDOCHES COUNTY,347,70 Years,407,197,210,324,162,162,55,22,33,4,1,3,24,12,12
NACOGDOCHES COUNTY,347,71 Years,362,163,199,298,136,162,43,17,26,4,2,2,17,8,9
NACOGDOCHES COUNTY,347,72 Years,345,149,196,282,122,160,43,17,26,3,1,2,17,9,8
NACOGDOCHES COUNTY,347,73 Years,376,168,208,299,135,164,45,20,25,7,2,5,25,11,14
NACOGDOCHES COUNTY,347,74 Years,333,144,189,274,121,153,40,15,25,4,1,3,15,7,8
NACOGDOCHES COUNTY,347,75 Years,303,126,177,250,107,143,35,15,20,6,1,5,12,3,9
NACOGDOCHES COUNTY,347,76 Years,315,142,173,263,116,147,34,16,18,8,3,5,10,7,3
NACOGDOCHES COUNTY,347,77 Years,290,119,171,242,102,140,33,11,22,5,2,3,10,4,6
NACOGDOCHES COUNTY,347,78 Years,267,118,149,219,103,116,36,12,24,4,2,2,8,1,7
NACOGDOCHES COUNTY,347,79 Years,264,118,146,220,100,120,35,14,21,3,1,2,6,3,3
NACOGDOCHES COUNTY,347,80 Years,249,103,146,208,88,120,31,10,21,1,0,1,9,5,4
NACOGDOCHES COUNTY,347,81 Years,218,88,130,190,78,112,18,6,12,3,1,2,7,3,4
NACOGDOCHES COUNTY,347,82 Years,207,84,123,179,76,103,21,6,15,2,0,2,5,2,3
NACOGDOCHES COUNTY,347,83 Years,204,76,128,174,65,109,22,7,15,4,2,2,4,2,2
NACOGDOCHES COUNTY,347,84 Years,171,66,105,145,57,88,19,4,15,2,2,0,5,3,2
NACOGDOCHES COUNTY,347,85 Years +,1022,324,698,856,274,582,121,33,88,17,7,10,28,10,18
NAVARRO COUNTY,349,All Ages,48304,23983,24321,28570,13980,14590,6502,3157,3345,1372,685,687,11860,6161,5699
NAVARRO COUNTY,349,< 1 Year,687,346,341,311,154,157,91,45,46,22,12,10,263,135,128
NAVARRO COUNTY,349,1 Years,679,348,331,300,160,140,85,36,49,33,16,17,261,136,125
NAVARRO COUNTY,349,2 Years,681,342,339,283,140,143,99,53,46,42,15,27,257,134,123
NAVARRO COUNTY,349,3 Years,704,352,352,287,143,144,91,45,46,40,15,25,286,149,137
NAVARRO COUNTY,349,4 Years,741,387,354,295,144,151,113,63,50,38,21,17,295,159,136
NAVARRO COUNTY,349,5 Years,700,357,343,285,142,143,100,58,42,32,14,18,283,143,140
NAVARRO COUNTY,349,6 Years,674,346,328,265,137,128,98,56,42,30,15,15,281,138,143
NAVARRO COUNTY,349,7 Years,686,355,331,294,157,137,89,46,43,31,17,14,272,135,137
NAVARRO COUNTY,349,8 Years,709,357,352,308,165,143,84,36,48,26,16,10,291,140,151
NAVARRO COUNTY,349,9 Years,715,365,350,333,166,167,80,38,42,24,14,10,278,147,131
NAVARRO COUNTY,349,10 Years,749,400,349,342,176,166,83,48,35,34,18,16,290,158,132
NAVARRO COUNTY,349,11 Years,750,409,341,341,191,150,96,54,42,35,21,14,278,143,135
NAVARRO COUNTY,349,12 Years,765,414,351,349,188,161,109,59,50,32,12,20,275,155,120
NAVARRO COUNTY,349,13 Years,725,394,331,355,196,159,95,47,48,25,11,14,250,140,110
NAVARRO COUNTY,349,14 Years,753,411,342,364,205,159,92,49,43,24,13,11,273,144,129
NAVARRO COUNTY,349,15 Years,774,391,383,387,210,177,120,60,60,18,8,10,249,113,136
NAVARRO COUNTY,349,16 Years,723,378,345,375,202,173,107,60,47,16,9,7,225,107,118
NAVARRO COUNTY,349,17 Years,741,394,347,370,199,171,116,67,49,24,17,7,231,111,120
NAVARRO COUNTY,349,18 Years,745,422,323,370,206,164,118,72,46,22,12,10,235,132,103
NAVARRO COUNTY,349,19 Years,666,358,308,311,164,147,107,60,47,15,9,6,233,125,108
NAVARRO COUNTY,349,20 Years,687,376,311,318,167,151,128,76,52,24,12,12,217,121,96
NAVARRO COUNTY,349,21 Years,673,363,310,305,162,143,137,72,65,27,14,13,204,115,89
NAVARRO COUNTY,349,22 Years,565,299,266,283,150,133,94,43,51,22,14,8,166,92,74
NAVARRO COUNTY,349,23 Years,563,279,284,294,146,148,94,41,53,13,6,7,162,86,76
NAVARRO COUNTY,349,24 Years,568,277,291,293,148,145,86,40,46,14,5,9,175,84,91
NAVARRO COUNTY,349,25 Years,567,273,294,284,132,152,97,50,47,16,7,9,170,84,86
NAVARRO COUNTY,349,26 Years,533,259,274,256,126,130,98,43,55,16,8,8,163,82,81
NAVARRO COUNTY,349,27 Years,528,266,262,273,137,136,72,32,40,21,11,10,162,86,76
NAVARRO COUNTY,349,28 Years,523,264,259,265,126,139,64,33,31,17,7,10,177,98,79
NAVARRO COUNTY,349,29 Years,537,265,272,282,137,145,65,34,31,22,9,13,168,85,83
NAVARRO COUNTY,349,30 Years,555,269,286,288,144,144,67,30,37,19,8,11,181,87,94
NAVARRO COUNTY,349,31 Years,581,277,304,295,141,154,76,35,41,26,15,11,184,86,98
NAVARRO COUNTY,349,32 Years,543,277,266,280,142,138,73,34,39,17,11,6,173,90,83
NAVARRO COUNTY,349,33 Years,542,275,267,278,143,135,67,27,40,22,11,11,175,94,81
NAVARRO COUNTY,349,34 Years,537,271,266,267,134,133,66,33,33,18,10,8,186,94,92
NAVARRO COUNTY,349,35 Years,537,260,277,274,130,144,58,26,32,16,8,8,189,96,93
NAVARRO COUNTY,349,36 Years,575,276,299,308,146,162,60,23,37,13,7,6,194,100,94
NAVARRO COUNTY,349,37 Years,580,291,289,316,151,165,70,34,36,12,6,6,182,100,82
NAVARRO COUNTY,349,38 Years,616,282,334,331,153,178,81,39,42,22,8,14,182,82,100
NAVARRO COUNTY,349,39 Years,576,279,297,318,159,159,68,29,39,18,8,10,172,83,89
NAVARRO COUNTY,349,40 Years,590,311,279,339,171,168,68,33,35,16,9,7,167,98,69
NAVARRO COUNTY,349,41 Years,616,313,303,357,179,178,74,36,38,12,5,7,173,93,80
NAVARRO COUNTY,349,42 Years,629,311,318,349,168,181,83,45,38,18,8,10,179,90,89
NAVARRO COUNTY,349,43 Years,621,316,305,354,178,176,86,43,43,21,12,9,160,83,77
NAVARRO COUNTY,349,44 Years,557,283,274,323,160,163,81,38,43,17,10,7,136,75,61
NAVARRO COUNTY,349,45 Years,553,271,282,327,154,173,85,40,45,18,11,7,123,66,57
NAVARRO COUNTY,349,46 Years,633,301,332,398,185,213,95,39,56,12,6,6,128,71,57
NAVARRO COUNTY,349,47 Years,645,318,327,418,209,209,89,35,54,17,8,9,121,66,55
NAVARRO COUNTY,349,48 Years,671,328,343,424,217,207,96,39,57,22,9,13,129,63,66
NAVARRO COUNTY,349,49 Years,672,319,353,429,197,232,99,51,48,22,11,11,122,60,62
NAVARRO COUNTY,349,50 Years,682,332,350,445,211,234,100,51,49,14,7,7,123,63,60
NAVARRO COUNTY,349,51 Years,704,362,342,463,233,230,112,53,59,12,6,6,117,70,47
NAVARRO COUNTY,349,52 Years,643,318,325,432,210,222,90,39,51,14,6,8,107,63,44
NAVARRO COUNTY,349,53 Years,660,326,334,453,216,237,91,50,41,18,8,10,98,52,46
NAVARRO COUNTY,349,54 Years,642,325,317,448,231,217,91,39,52,15,8,7,88,47,41
NAVARRO COUNTY,349,55 Years,658,326,332,475,233,242,90,41,49,17,8,9,76,44,32
NAVARRO COUNTY,349,56 Years,622,305,317,448,220,228,98,46,52,6,3,3,70,36,34
NAVARRO COUNTY,349,57 Years,610,300,310,443,216,227,88,45,43,5,1,4,74,38,36
NAVARRO COUNTY,349,58 Years,633,309,324,473,225,248,82,41,41,10,5,5,68,38,30
NAVARRO COUNTY,349,59 Years,571,270,301,423,197,226,87,40,47,10,4,6,51,29,22
NAVARRO COUNTY,349,60 Years,534,260,274,409,197,212,79,42,37,9,4,5,37,17,20
NAVARRO COUNTY,349,61 Years,581,284,297,449,217,232,76,38,38,9,6,3,47,23,24
NAVARRO COUNTY,349,62 Years,591,284,307,454,219,235,68,32,36,17,9,8,52,24,28
NAVARRO COUNTY,349,63 Years,594,291,303,472,228,244,65,31,34,10,6,4,47,26,21
NAVARRO COUNTY,349,64 Years,565,285,280,439,222,217,74,31,43,7,6,1,45,26,19
NAVARRO COUNTY,349,65 Years,472,234,238,374,185,189,60,28,32,6,5,1,32,16,16
NAVARRO COUNTY,349,66 Years,473,227,246,373,177,196,51,25,26,7,3,4,42,22,20
NAVARRO COUNTY,349,67 Years,469,211,258,380,173,207,53,22,31,3,1,2,33,15,18
NAVARRO COUNTY,349,68 Years,455,211,244,375,173,202,44,18,26,3,1,2,33,19,14
NAVARRO COUNTY,349,69 Years,411,195,216,339,161,178,31,14,17,8,4,4,33,16,17
NAVARRO COUNTY,349,70 Years,416,202,214,339,166,173,42,18,24,5,2,3,30,16,14
NAVARRO COUNTY,349,71 Years,391,190,201,332,161,171,34,16,18,4,3,1,21,10,11
NAVARRO COUNTY,349,72 Years,354,170,184,306,145,161,28,17,11,2,1,1,18,7,11
NAVARRO COUNTY,349,73 Years,301,134,167,254,115,139,25,12,13,4,1,3,18,6,12
NAVARRO COUNTY,349,74 Years,299,147,152,255,130,125,26,10,16,2,0,2,16,7,9
NAVARRO COUNTY,349,75 Years,273,126,147,223,100,123,25,11,14,4,2,2,21,13,8
NAVARRO COUNTY,349,76 Years,294,141,153,237,110,127,34,15,19,3,2,1,20,14,6
NAVARRO COUNTY,349,77 Years,257,129,128,206,105,101,30,12,18,1,1,0,20,11,9
NAVARRO COUNTY,349,78 Years,200,93,107,156,76,80,26,9,17,4,1,3,14,7,7
NAVARRO COUNTY,349,79 Years,211,85,126,167,72,95,25,7,18,4,1,3,15,5,10
NAVARRO COUNTY,349,80 Years,225,90,135,185,75,110,22,7,15,9,5,4,9,3,6
NAVARRO COUNTY,349,81 Years,203,77,126,173,66,107,19,6,13,3,2,1,8,3,5
NAVARRO COUNTY,349,82 Years,187,80,107,151,63,88,27,13,14,0,0,0,9,4,5
NAVARRO COUNTY,349,83 Years,160,63,97,127,47,80,21,11,10,3,1,2,9,4,5
NAVARRO COUNTY,349,84 Years,151,56,95,123,47,76,18,6,12,3,0,3,7,3,4
NAVARRO COUNTY,349,85 Years +,872,270,602,718,221,497,120,36,84,8,3,5,26,10,16
NEWTON COUNTY,351,All Ages,14523,7479,7044,10832,5502,5330,2933,1569,1364,343,166,177,415,242,173
NEWTON COUNTY,351,< 1 Year,144,74,70,100,52,48,30,14,16,8,5,3,6,3,3
NEWTON COUNTY,351,1 Years,159,82,77,113,59,54,32,15,17,9,6,3,5,2,3
NEWTON COUNTY,351,2 Years,163,88,75,109,61,48,34,18,16,15,8,7,5,1,4
NEWTON COUNTY,351,3 Years,174,93,81,130,70,60,25,13,12,11,5,6,8,5,3
NEWTON COUNTY,351,4 Years,182,99,83,136,73,63,31,17,14,5,3,2,10,6,4
NEWTON COUNTY,351,5 Years,165,82,83,127,64,63,28,14,14,3,0,3,7,4,3
NEWTON COUNTY,351,6 Years,161,78,83,108,52,56,43,21,22,5,2,3,5,3,2
NEWTON COUNTY,351,7 Years,156,75,81,108,50,58,37,21,16,4,2,2,7,2,5
NEWTON COUNTY,351,8 Years,175,80,95,118,57,61,38,17,21,9,3,6,10,3,7
NEWTON COUNTY,351,9 Years,194,98,96,125,69,56,49,19,30,10,6,4,10,4,6
NEWTON COUNTY,351,10 Years,200,105,95,135,77,58,44,20,24,8,2,6,13,6,7
NEWTON COUNTY,351,11 Years,175,92,83,118,62,56,41,22,19,8,4,4,8,4,4
NEWTON COUNTY,351,12 Years,192,99,93,133,69,64,41,20,21,5,4,1,13,6,7
NEWTON COUNTY,351,13 Years,207,107,100,149,76,73,46,26,20,3,2,1,9,3,6
NEWTON COUNTY,351,14 Years,205,105,100,147,78,69,42,19,23,6,4,2,10,4,6
NEWTON COUNTY,351,15 Years,207,107,100,152,77,75,40,20,20,6,4,2,9,6,3
NEWTON COUNTY,351,16 Years,190,97,93,130,70,60,45,19,26,7,2,5,8,6,2
NEWTON COUNTY,351,17 Years,220,114,106,154,85,69,47,22,25,9,4,5,10,3,7
NEWTON COUNTY,351,18 Years,221,123,98,156,82,74,44,30,14,7,4,3,14,7,7
NEWTON COUNTY,351,19 Years,214,119,95,133,65,68,62,42,20,6,3,3,13,9,4
NEWTON COUNTY,351,20 Years,209,132,77,145,85,60,51,38,13,5,3,2,8,6,2
NEWTON COUNTY,351,21 Years,179,104,75,121,64,57,46,33,13,4,2,2,8,5,3
NEWTON COUNTY,351,22 Years,170,103,67,121,70,51,35,23,12,4,2,2,10,8,2
NEWTON COUNTY,351,23 Years,166,95,71,114,66,48,38,22,16,4,2,2,10,5,5
NEWTON COUNTY,351,24 Years,167,102,65,124,74,50,32,22,10,4,2,2,7,4,3
NEWTON COUNTY,351,25 Years,156,94,62,113,64,49,32,22,10,3,2,1,8,6,2
NEWTON COUNTY,351,26 Years,162,90,72,112,58,54,43,26,17,2,1,1,5,5,0
NEWTON COUNTY,351,27 Years,156,92,64,108,61,47,38,25,13,5,1,4,5,5,0
NEWTON COUNTY,351,28 Years,157,79,78,112,58,54,37,17,20,5,2,3,3,2,1
NEWTON COUNTY,351,29 Years,148,89,59,98,59,39,42,26,16,6,2,4,2,2,0
NEWTON COUNTY,351,30 Years,171,97,74,113,61,52,41,28,13,6,3,3,11,5,6
NEWTON COUNTY,351,31 Years,165,85,80,114,55,59,39,23,16,4,2,2,8,5,3
NEWTON COUNTY,351,32 Years,160,92,68,125,69,56,26,17,9,3,2,1,6,4,2
NEWTON COUNTY,351,33 Years,154,89,65,120,67,53,27,18,9,3,2,1,4,2,2
NEWTON COUNTY,351,34 Years,146,71,75,98,46,52,38,20,18,4,1,3,6,4,2
NEWTON COUNTY,351,35 Years,159,82,77,112,53,59,36,21,15,5,3,2,6,5,1
NEWTON COUNTY,351,36 Years,179,94,85,137,67,70,32,21,11,2,1,1,8,5,3
NEWTON COUNTY,351,37 Years,160,73,87,120,51,69,33,18,15,2,0,2,5,4,1
NEWTON COUNTY,351,38 Years,164,78,86,122,55,67,35,19,16,2,1,1,5,3,2
NEWTON COUNTY,351,39 Years,174,93,81,127,60,67,36,25,11,5,4,1,6,4,2
NEWTON COUNTY,351,40 Years,189,99,90,137,72,65,42,23,19,5,1,4,5,3,2
NEWTON COUNTY,351,41 Years,198,109,89,140,77,63,49,29,20,4,0,4,5,3,2
NEWTON COUNTY,351,42 Years,196,95,101,137,59,78,49,31,18,5,2,3,5,3,2
NEWTON COUNTY,351,43 Years,178,99,79,129,69,60,41,23,18,3,2,1,5,5,0
NEWTON COUNTY,351,44 Years,194,107,87,144,73,71,38,25,13,5,3,2,7,6,1
NEWTON COUNTY,351,45 Years,192,103,89,140,74,66,43,26,17,6,1,5,3,2,1
NEWTON COUNTY,351,46 Years,203,105,98,155,81,74,42,21,21,2,0,2,4,3,1
NEWTON COUNTY,351,47 Years,220,113,107,169,81,88,42,25,17,4,3,1,5,4,1
NEWTON COUNTY,351,48 Years,210,102,108,157,77,80,45,21,24,5,2,3,3,2,1
NEWTON COUNTY,351,49 Years,211,111,100,161,86,75,41,20,21,5,2,3,4,3,1
NEWTON COUNTY,351,50 Years,204,104,100,155,79,76,42,20,22,3,2,1,4,3,1
NEWTON COUNTY,351,51 Years,226,119,107,173,92,81,45,22,23,3,2,1,5,3,2
NEWTON COUNTY,351,52 Years,204,105,99,154,79,75,44,23,21,4,1,3,2,2,0
NEWTON COUNTY,351,53 Years,226,114,112,183,94,89,36,17,19,4,1,3,3,2,1
NEWTON COUNTY,351,54 Years,218,111,107,178,93,85,34,16,18,3,1,2,3,1,2
NEWTON COUNTY,351,55 Years,210,103,107,165,81,84,40,19,21,2,1,1,3,2,1
NEWTON COUNTY,351,56 Years,213,116,97,161,90,71,44,21,23,4,3,1,4,2,2
NEWTON COUNTY,351,57 Years,218,109,109,169,85,84,43,21,22,2,2,0,4,1,3
NEWTON COUNTY,351,58 Years,199,100,99,158,83,75,35,13,22,2,1,1,4,3,1
NEWTON COUNTY,351,59 Years,193,88,105,161,74,87,28,12,16,2,1,1,2,1,1
NEWTON COUNTY,351,60 Years,184,83,101,146,63,83,33,16,17,4,3,1,1,1,0
NEWTON COUNTY,351,61 Years,191,97,94,142,69,73,46,26,20,2,1,1,1,1,0
NEWTON COUNTY,351,62 Years,212,105,107,171,84,87,38,21,17,3,0,3,0,0,0
NEWTON COUNTY,351,63 Years,193,93,100,159,78,81,29,15,14,4,0,4,1,0,1
NEWTON COUNTY,351,64 Years,196,90,106,159,76,83,31,14,17,4,0,4,2,0,2
NEWTON COUNTY,351,65 Years,162,82,80,134,67,67,23,12,11,3,2,1,2,1,1
NEWTON COUNTY,351,66 Years,173,79,94,136,62,74,29,11,18,4,4,0,4,2,2
NEWTON COUNTY,351,67 Years,158,73,85,128,57,71,25,12,13,3,2,1,2,2,0
NEWTON COUNTY,351,68 Years,163,82,81,136,67,69,24,13,11,2,1,1,1,1,0
NEWTON COUNTY,351,69 Years,156,88,68,127,70,57,26,16,10,2,2,0,1,0,1
NEWTON COUNTY,351,70 Years,142,71,71,117,60,57,21,9,12,2,1,1,2,1,1
NEWTON COUNTY,351,71 Years,139,76,63,111,63,48,24,10,14,1,1,0,3,2,1
NEWTON COUNTY,351,72 Years,129,63,66,102,51,51,23,10,13,2,1,1,2,1,1
NEWTON COUNTY,351,73 Years,121,58,63,104,51,53,15,6,9,2,1,1,0,0,0
NEWTON COUNTY,351,74 Years,105,46,59,86,40,46,18,6,12,1,0,1,0,0,0
NEWTON COUNTY,351,75 Years,99,48,51,80,41,39,18,7,11,1,0,1,0,0,0
NEWTON COUNTY,351,76 Years,106,57,49,88,47,41,17,9,8,1,1,0,0,0,0
NEWTON COUNTY,351,77 Years,87,43,44,71,36,35,14,6,8,2,1,1,0,0,0
NEWTON COUNTY,351,78 Years,93,38,55,73,29,44,18,8,10,1,1,0,1,0,1
NEWTON COUNTY,351,79 Years,90,36,54,74,30,44,14,6,8,1,0,1,1,0,1
NEWTON COUNTY,351,80 Years,74,33,41,64,28,36,10,5,5,0,0,0,0,0,0
NEWTON COUNTY,351,81 Years,64,28,36,53,22,31,11,6,5,0,0,0,0,0,0
NEWTON COUNTY,351,82 Years,60,28,32,50,23,27,9,5,4,1,0,1,0,0,0
NEWTON COUNTY,351,83 Years,47,23,24,37,19,18,9,3,6,1,1,0,0,0,0
NEWTON COUNTY,351,84 Years,54,23,31,43,18,25,10,4,6,1,1,0,0,0,0
NEWTON COUNTY,351,85 Years +,217,73,144,178,61,117,39,12,27,0,0,0,0,0,0
NOLAN COUNTY,353,All Ages,15303,7616,7687,9149,4567,4582,672,340,332,259,126,133,5223,2583,2640
NOLAN COUNTY,353,< 1 Year,198,103,95,99,52,47,8,5,3,4,2,2,87,44,43
NOLAN COUNTY,353,1 Years,208,116,92,96,50,46,9,5,4,4,3,1,99,58,41
NOLAN COUNTY,353,2 Years,203,99,104,87,39,48,7,2,5,5,2,3,104,56,48
NOLAN COUNTY,353,3 Years,242,117,125,104,50,54,10,6,4,8,5,3,120,56,64
NOLAN COUNTY,353,4 Years,240,125,115,106,55,51,14,8,6,9,3,6,111,59,52
NOLAN COUNTY,353,5 Years,234,121,113,103,54,49,15,8,7,8,4,4,108,55,53
NOLAN COUNTY,353,6 Years,234,121,113,100,48,52,13,7,6,5,1,4,116,65,51
NOLAN COUNTY,353,7 Years,240,119,121,112,63,49,11,5,6,3,0,3,114,51,63
NOLAN COUNTY,353,8 Years,236,122,114,103,56,47,8,4,4,10,7,3,115,55,60
NOLAN COUNTY,353,9 Years,220,110,110,96,50,46,12,6,6,7,4,3,105,50,55
NOLAN COUNTY,353,10 Years,209,106,103,90,49,41,12,5,7,7,3,4,100,49,51
NOLAN COUNTY,353,11 Years,212,112,100,83,45,38,14,7,7,7,2,5,108,58,50
NOLAN COUNTY,353,12 Years,216,108,108,92,43,49,13,8,5,5,3,2,106,54,52
NOLAN COUNTY,353,13 Years,203,111,92,94,50,44,14,9,5,2,1,1,93,51,42
NOLAN COUNTY,353,14 Years,210,109,101,109,54,55,16,10,6,3,0,3,82,45,37
NOLAN COUNTY,353,15 Years,218,114,104,116,62,54,13,8,5,5,3,2,84,41,43
NOLAN COUNTY,353,16 Years,217,113,104,114,62,52,8,4,4,3,1,2,92,46,46
NOLAN COUNTY,353,17 Years,219,108,111,115,54,61,11,5,6,6,2,4,87,47,40
NOLAN COUNTY,353,18 Years,192,99,93,105,50,55,11,8,3,4,2,2,72,39,33
NOLAN COUNTY,353,19 Years,212,114,98,117,64,53,13,8,5,3,2,1,79,40,39
NOLAN COUNTY,353,20 Years,231,145,86,119,77,42,12,7,5,6,5,1,94,56,38
NOLAN COUNTY,353,21 Years,208,127,81,113,70,43,6,4,2,3,2,1,86,51,35
NOLAN COUNTY,353,22 Years,169,92,77,87,50,37,8,4,4,3,2,1,71,36,35
NOLAN COUNTY,353,23 Years,161,87,74,86,45,41,10,5,5,3,2,1,62,35,27
NOLAN COUNTY,353,24 Years,182,98,84,100,50,50,11,8,3,3,2,1,68,38,30
NOLAN COUNTY,353,25 Years,162,88,74,91,52,39,8,4,4,1,0,1,62,32,30
NOLAN COUNTY,353,26 Years,158,75,83,92,45,47,4,2,2,4,2,2,58,26,32
NOLAN COUNTY,353,27 Years,150,72,78,83,40,43,3,1,2,1,1,0,63,30,33
NOLAN COUNTY,353,28 Years,160,87,73,92,55,37,9,1,8,4,2,2,55,29,26
NOLAN COUNTY,353,29 Years,162,84,78,100,58,42,8,2,6,1,1,0,53,23,30
NOLAN COUNTY,353,30 Years,184,94,90,102,53,49,7,5,2,3,1,2,72,35,37
NOLAN COUNTY,353,31 Years,170,95,75,97,56,41,10,8,2,2,1,1,61,30,31
NOLAN COUNTY,353,32 Years,157,86,71,89,53,36,5,3,2,2,1,1,61,29,32
NOLAN COUNTY,353,33 Years,167,75,92,83,41,42,7,3,4,6,1,5,71,30,41
NOLAN COUNTY,353,34 Years,174,83,91,93,42,51,9,5,4,3,1,2,69,35,34
NOLAN COUNTY,353,35 Years,161,80,81,81,41,40,10,6,4,1,1,0,69,32,37
NOLAN COUNTY,353,36 Years,168,77,91,95,44,51,8,6,2,1,1,0,64,26,38
NOLAN COUNTY,353,37 Years,164,78,86,94,47,47,5,2,3,4,3,1,61,26,35
NOLAN COUNTY,353,38 Years,174,74,100,102,50,52,6,1,5,2,1,1,64,22,42
NOLAN COUNTY,353,39 Years,172,83,89,94,45,49,8,4,4,1,1,0,69,33,36
NOLAN COUNTY,353,40 Years,190,93,97,105,53,52,11,5,6,1,0,1,73,35,38
NOLAN COUNTY,353,41 Years,199,110,89,118,70,48,8,3,5,3,2,1,70,35,35
NOLAN COUNTY,353,42 Years,184,94,90,107,55,52,12,6,6,2,1,1,63,32,31
NOLAN COUNTY,353,43 Years,173,82,91,95,50,45,10,3,7,3,2,1,65,27,38
NOLAN COUNTY,353,44 Years,185,92,93,113,55,58,8,3,5,4,3,1,60,31,29
NOLAN COUNTY,353,45 Years,173,91,82,107,52,55,6,2,4,3,2,1,57,35,22
NOLAN COUNTY,353,46 Years,184,90,94,114,55,59,5,2,3,7,3,4,58,30,28
NOLAN COUNTY,353,47 Years,168,77,91,106,48,58,8,5,3,3,1,2,51,23,28
NOLAN COUNTY,353,48 Years,197,94,103,131,65,66,12,7,5,4,2,2,50,20,30
NOLAN COUNTY,353,49 Years,200,97,103,136,69,67,10,6,4,3,1,2,51,21,30
NOLAN COUNTY,353,50 Years,200,105,95,130,71,59,7,3,4,1,1,0,62,30,32
NOLAN COUNTY,353,51 Years,214,98,116,147,68,79,12,5,7,2,1,1,53,24,29
NOLAN COUNTY,353,52 Years,210,99,111,140,68,72,11,6,5,2,1,1,57,24,33
NOLAN COUNTY,353,53 Years,191,97,94,129,68,61,5,3,2,2,1,1,55,25,30
NOLAN COUNTY,353,54 Years,200,91,109,134,61,73,7,2,5,4,2,2,55,26,29
NOLAN COUNTY,353,55 Years,228,119,109,153,77,76,12,7,5,2,1,1,61,34,27
NOLAN COUNTY,353,56 Years,228,123,105,147,78,69,8,5,3,4,1,3,69,39,30
NOLAN COUNTY,353,57 Years,217,108,109,147,70,77,8,4,4,3,1,2,59,33,26
NOLAN COUNTY,353,58 Years,212,96,116,136,66,70,10,2,8,4,1,3,62,27,35
NOLAN COUNTY,353,59 Years,210,109,101,137,72,65,12,6,6,1,1,0,60,30,30
NOLAN COUNTY,353,60 Years,194,89,105,128,62,66,11,5,6,3,0,3,52,22,30
NOLAN COUNTY,353,61 Years,209,105,104,150,81,69,6,3,3,3,1,2,50,20,30
NOLAN COUNTY,353,62 Years,199,102,97,145,75,70,6,3,3,4,3,1,44,21,23
NOLAN COUNTY,353,63 Years,188,99,89,143,78,65,4,2,2,3,3,0,38,16,22
NOLAN COUNTY,353,64 Years,187,83,104,142,62,80,9,4,5,2,2,0,34,15,19
NOLAN COUNTY,353,65 Years,152,70,82,111,51,60,5,2,3,1,0,1,35,17,18
NOLAN COUNTY,353,66 Years,158,83,75,113,58,55,6,4,2,1,0,1,38,21,17
NOLAN COUNTY,353,67 Years,174,79,95,124,54,70,6,3,3,2,1,1,42,21,21
NOLAN COUNTY,353,68 Years,154,73,81,101,45,56,4,1,3,2,1,1,47,26,21
NOLAN COUNTY,353,69 Years,141,66,75,100,45,55,3,2,1,2,1,1,36,18,18
NOLAN COUNTY,353,70 Years,131,62,69,103,52,51,4,1,3,1,0,1,23,9,14
NOLAN COUNTY,353,71 Years,134,69,65,109,60,49,2,0,2,1,1,0,22,8,14
NOLAN COUNTY,353,72 Years,127,64,63,101,54,47,3,2,1,0,0,0,23,8,15
NOLAN COUNTY,353,73 Years,102,50,52,81,39,42,5,3,2,0,0,0,16,8,8
NOLAN COUNTY,353,74 Years,114,56,58,91,44,47,5,1,4,1,1,0,17,10,7
NOLAN COUNTY,353,75 Years,114,46,68,87,33,54,4,2,2,1,0,1,22,11,11
NOLAN COUNTY,353,76 Years,110,42,68,84,33,51,4,2,2,0,0,0,22,7,15
NOLAN COUNTY,353,77 Years,101,45,56,73,33,40,1,0,1,2,1,1,25,11,14
NOLAN COUNTY,353,78 Years,87,46,41,69,34,35,1,0,1,0,0,0,17,12,5
NOLAN COUNTY,353,79 Years,82,37,45,65,26,39,1,0,1,1,0,1,15,11,4
NOLAN COUNTY,353,80 Years,78,33,45,60,24,36,0,0,0,1,0,1,17,9,8
NOLAN COUNTY,353,81 Years,80,40,40,66,33,33,0,0,0,0,0,0,14,7,7
NOLAN COUNTY,353,82 Years,70,34,36,56,27,29,0,0,0,1,1,0,13,6,7
NOLAN COUNTY,353,83 Years,66,26,40,56,24,32,1,0,1,2,0,2,7,2,5
NOLAN COUNTY,353,84 Years,59,25,34,49,23,26,2,1,1,1,0,1,7,1,6
NOLAN COUNTY,353,85 Years +,332,100,232,276,82,194,11,5,6,4,1,3,41,12,29
NUECES COUNTY,355,All Ages,346340,170075,176265,111696,55712,55984,12308,6304,6004,10396,4782,5614,211940,103277,108663
NUECES COUNTY,355,< 1 Year,4887,2499,2388,1185,610,575,145,74,71,155,79,76,3402,1736,1666
NUECES COUNTY,355,1 Years,4789,2417,2372,1070,541,529,148,74,74,155,75,80,3416,1727,1689
NUECES COUNTY,355,2 Years,4770,2381,2389,997,503,494,155,76,79,156,86,70,3462,1716,1746
NUECES COUNTY,355,3 Years,4856,2472,2384,1009,508,501,175,95,80,150,72,78,3522,1797,1725
NUECES COUNTY,355,4 Years,4804,2503,2301,959,500,459,152,85,67,148,69,79,3545,1849,1696
NUECES COUNTY,355,5 Years,4931,2577,2354,986,529,457,144,81,63,167,86,81,3634,1881,1753
NUECES COUNTY,355,6 Years,4916,2535,2381,974,525,449,156,80,76,166,86,80,3620,1844,1776
NUECES COUNTY,355,7 Years,4853,2437,2416,1046,533,513,142,71,71,151,79,72,3514,1754,1760
NUECES COUNTY,355,8 Years,4851,2448,2403,1016,494,522,135,74,61,136,62,74,3564,1818,1746
NUECES COUNTY,355,9 Years,4965,2556,2409,1016,523,493,159,77,82,143,60,83,3647,1896,1751
NUECES COUNTY,355,10 Years,5125,2651,2474,1105,589,516,156,77,79,149,71,78,3715,1914,1801
NUECES COUNTY,355,11 Years,5194,2609,2585,1107,541,566,169,80,89,165,91,74,3753,1897,1856
NUECES COUNTY,355,12 Years,5035,2562,2473,1080,531,549,169,86,83,157,91,66,3629,1854,1775
NUECES COUNTY,355,13 Years,4949,2528,2421,1073,548,525,169,89,80,153,76,77,3554,1815,1739
NUECES COUNTY,355,14 Years,4838,2420,2418,1068,545,523,179,91,88,151,70,81,3440,1714,1726
NUECES COUNTY,355,15 Years,4910,2489,2421,1107,565,542,180,89,91,147,73,74,3476,1762,1714
NUECES COUNTY,355,16 Years,4995,2566,2429,1132,569,563,199,100,99,151,73,78,3513,1824,1689
NUECES COUNTY,355,17 Years,5076,2656,2420,1207,625,582,204,99,105,152,70,82,3513,1862,1651
NUECES COUNTY,355,18 Years,5125,2639,2486,1296,651,645,202,96,106,153,65,88,3474,1827,1647
NUECES COUNTY,355,19 Years,5436,2716,2720,1440,684,756,214,114,100,160,78,82,3622,1840,1782
NUECES COUNTY,355,20 Years,5143,2595,2548,1311,682,629,225,121,104,176,84,92,3431,1708,1723
NUECES COUNTY,355,21 Years,5215,2549,2666,1455,711,744,218,110,108,196,94,102,3346,1634,1712
NUECES COUNTY,355,22 Years,5015,2467,2548,1417,688,729,217,112,105,180,87,93,3201,1580,1621
NUECES COUNTY,355,23 Years,4998,2492,2506,1510,742,768,190,101,89,189,89,100,3109,1560,1549
NUECES COUNTY,355,24 Years,5208,2695,2513,1701,941,760,180,87,93,168,81,87,3159,1586,1573
NUECES COUNTY,355,25 Years,4936,2409,2527,1583,769,814,183,102,81,168,76,92,3002,1462,1540
NUECES COUNTY,355,26 Years,4921,2513,2408,1527,813,714,203,114,89,162,74,88,3029,1512,1517
NUECES COUNTY,355,27 Years,4929,2504,2425,1604,832,772,194,116,78,147,61,86,2984,1495,1489
NUECES COUNTY,355,28 Years,5027,2537,2490,1525,818,707,193,111,82,146,70,76,3163,1538,1625
NUECES COUNTY,355,29 Years,4942,2515,2427,1437,754,683,177,102,75,148,78,70,3180,1581,1599
NUECES COUNTY,355,30 Years,4890,2436,2454,1434,734,700,171,98,73,151,63,88,3134,1541,1593
NUECES COUNTY,355,31 Years,4757,2388,2369,1436,745,691,152,91,61,149,68,81,3020,1484,1536
NUECES COUNTY,355,32 Years,4444,2227,2217,1347,704,643,165,90,75,129,58,71,2803,1375,1428
NUECES COUNTY,355,33 Years,4284,2109,2175,1247,638,609,157,84,73,139,65,74,2741,1322,1419
NUECES COUNTY,355,34 Years,4185,2034,2151,1148,574,574,139,71,68,144,62,82,2754,1327,1427
NUECES COUNTY,355,35 Years,4171,2019,2152,1115,573,542,146,74,72,159,71,88,2751,1301,1450
NUECES COUNTY,355,36 Years,4134,2048,2086,1109,576,533,147,83,64,163,81,82,2715,1308,1407
NUECES COUNTY,355,37 Years,4055,2017,2038,1111,578,533,144,81,63,169,81,88,2631,1277,1354
NUECES COUNTY,355,38 Years,4117,2047,2070,1140,604,536,153,74,79,151,72,79,2673,1297,1376
NUECES COUNTY,355,39 Years,4322,2095,2227,1220,606,614,145,81,64,185,75,110,2772,1333,1439
NUECES COUNTY,355,40 Years,4459,2180,2279,1320,682,638,144,80,64,188,85,103,2807,1333,1474
NUECES COUNTY,355,41 Years,4423,2195,2228,1354,686,668,150,82,68,152,67,85,2767,1360,1407
NUECES COUNTY,355,42 Years,4076,2017,2059,1300,676,624,131,65,66,135,60,75,2510,1216,1294
NUECES COUNTY,355,43 Years,4065,1969,2096,1264,633,631,128,62,66,143,65,78,2530,1209,1321
NUECES COUNTY,355,44 Years,4118,2025,2093,1289,664,625,138,67,71,123,51,72,2568,1243,1325
NUECES COUNTY,355,45 Years,4004,1997,2007,1317,673,644,129,67,62,108,45,63,2450,1212,1238
NUECES COUNTY,355,46 Years,4505,2230,2275,1485,735,750,184,103,81,142,66,76,2694,1326,1368
NUECES COUNTY,355,47 Years,4739,2296,2443,1703,862,841,173,91,82,140,60,80,2723,1283,1440
NUECES COUNTY,355,48 Years,5000,2395,2605,1816,904,912,184,96,88,131,55,76,2869,1340,1529
NUECES COUNTY,355,49 Years,4832,2392,2440,1794,899,895,181,98,83,126,57,69,2731,1338,1393
NUECES COUNTY,355,50 Years,4858,2380,2478,1888,958,930,173,94,79,147,77,70,2650,1251,1399
NUECES COUNTY,355,51 Years,5048,2481,2567,1953,999,954,188,93,95,148,62,86,2759,1327,1432
NUECES COUNTY,355,52 Years,4838,2377,2461,1934,958,976,180,86,94,123,50,73,2601,1283,1318
NUECES COUNTY,355,53 Years,4816,2366,2450,1922,956,966,170,87,83,122,54,68,2602,1269,1333
NUECES COUNTY,355,54 Years,4896,2372,2524,1974,994,980,197,97,100,136,65,71,2589,1216,1373
NUECES COUNTY,355,55 Years,4937,2431,2506,1996,1027,969,205,112,93,131,56,75,2605,1236,1369
NUECES COUNTY,355,56 Years,4893,2409,2484,2124,1073,1051,190,106,84,142,72,70,2437,1158,1279
NUECES COUNTY,355,57 Years,4711,2308,2403,2085,1045,1040,184,89,95,128,53,75,2314,1121,1193
NUECES COUNTY,355,58 Years,4395,2188,2207,1914,978,936,169,93,76,111,39,72,2201,1078,1123
NUECES COUNTY,355,59 Years,4124,2062,2062,1826,934,892,143,79,64,107,48,59,2048,1001,1047
NUECES COUNTY,355,60 Years,3937,1930,2007,1674,839,835,131,70,61,105,44,61,2027,977,1050
NUECES COUNTY,355,61 Years,3816,1860,1956,1599,816,783,146,71,75,108,48,60,1963,925,1038
NUECES COUNTY,355,62 Years,3742,1830,1912,1557,803,754,137,63,74,103,46,57,1945,918,1027
NUECES COUNTY,355,63 Years,3784,1867,1917,1636,860,776,135,68,67,105,43,62,1908,896,1012
NUECES COUNTY,355,64 Years,3628,1765,1863,1633,834,799,103,49,54,107,43,64,1785,839,946
NUECES COUNTY,355,65 Years,3081,1477,1604,1332,655,677,111,61,50,90,36,54,1548,725,823
NUECES COUNTY,355,66 Years,2949,1428,1521,1249,629,620,101,50,51,77,35,42,1522,714,808
NUECES COUNTY,355,67 Years,2750,1323,1427,1238,615,623,93,48,45,66,26,40,1353,634,719
NUECES COUNTY,355,68 Years,2532,1201,1331,1179,580,599,88,41,47,54,22,32,1211,558,653
NUECES COUNTY,355,69 Years,2376,1140,1236,1060,558,502,93,45,48,52,22,30,1171,515,656
NUECES COUNTY,355,70 Years,2186,1031,1155,988,502,486,72,33,39,53,21,32,1073,475,598
NUECES COUNTY,355,71 Years,1972,925,1047,897,439,458,66,34,32,53,25,28,956,427,529
NUECES COUNTY,355,72 Years,1906,857,1049,879,424,455,68,32,36,39,17,22,920,384,536
NUECES COUNTY,355,73 Years,1838,788,1050,808,379,429,62,25,37,36,18,18,932,366,566
NUECES COUNTY,355,74 Years,1783,781,1002,813,383,430,61,22,39,38,17,21,871,359,512
NUECES COUNTY,355,75 Years,1684,714,970,752,335,417,56,23,33,34,16,18,842,340,502
NUECES COUNTY,355,76 Years,1721,708,1013,791,345,446,64,30,34,26,10,16,840,323,517
NUECES COUNTY,355,77 Years,1543,641,902,717,306,411,52,19,33,30,10,20,744,306,438
NUECES COUNTY,355,78 Years,1424,587,837,668,297,371,52,22,30,32,12,20,672,256,416
NUECES COUNTY,355,79 Years,1413,567,846,672,286,386,45,20,25,31,12,19,665,249,416
NUECES COUNTY,355,80 Years,1419,564,855,695,282,413,36,17,19,41,15,26,647,250,397
NUECES COUNTY,355,81 Years,1315,530,785,660,288,372,42,14,28,27,8,19,586,220,366
NUECES COUNTY,355,82 Years,1161,458,703,590,250,340,34,11,23,17,7,10,520,190,330
NUECES COUNTY,355,83 Years,1106,405,701,569,224,345,38,13,25,12,4,8,487,164,323
NUECES COUNTY,355,84 Years,1021,387,634,527,198,329,34,11,23,11,7,4,449,171,278
NUECES COUNTY,355,85 Years +,5518,1884,3634,3005,1053,1952,196,54,142,82,29,53,2235,748,1487
OCHILTREE COUNTY,357,All Ages,10377,5344,5033,5022,2482,2540,17,8,9,160,80,80,5178,2774,2404
OCHILTREE COUNTY,357,< 1 Year,177,92,85,64,34,30,0,0,0,3,2,1,110,56,54
OCHILTREE COUNTY,357,1 Years,181,91,90,52,31,21,0,0,0,2,2,0,127,58,69
OCHILTREE COUNTY,357,2 Years,182,104,78,56,39,17,0,0,0,1,1,0,125,64,61
OCHILTREE COUNTY,357,3 Years,189,110,79,52,30,22,1,1,0,3,2,1,133,77,56
OCHILTREE COUNTY,357,4 Years,190,100,90,56,24,32,1,1,0,2,0,2,131,75,56
OCHILTREE COUNTY,357,5 Years,203,104,99,65,35,30,1,0,1,1,0,1,136,69,67
OCHILTREE COUNTY,357,6 Years,207,98,109,58,29,29,1,0,1,1,0,1,147,69,78
OCHILTREE COUNTY,357,7 Years,217,99,118,71,29,42,1,0,1,2,1,1,143,69,74
OCHILTREE COUNTY,357,8 Years,191,99,92,58,28,30,1,0,1,5,3,2,127,68,59
OCHILTREE COUNTY,357,9 Years,174,88,86,55,29,26,0,0,0,2,2,0,117,57,60
OCHILTREE COUNTY,357,10 Years,189,102,87,63,39,24,0,0,0,5,3,2,121,60,61
OCHILTREE COUNTY,357,11 Years,177,100,77,56,31,25,1,0,1,4,3,1,116,66,50
OCHILTREE COUNTY,357,12 Years,183,92,91,61,27,34,0,0,0,4,1,3,118,64,54
OCHILTREE COUNTY,357,13 Years,161,90,71,57,29,28,0,0,0,1,0,1,103,61,42
OCHILTREE COUNTY,357,14 Years,165,89,76,68,35,33,0,0,0,2,1,1,95,53,42
OCHILTREE COUNTY,357,15 Years,171,100,71,73,40,33,0,0,0,5,4,1,93,56,37
OCHILTREE COUNTY,357,16 Years,165,96,69,69,35,34,0,0,0,3,1,2,93,60,33
OCHILTREE COUNTY,357,17 Years,160,82,78,63,33,30,0,0,0,4,0,4,93,49,44
OCHILTREE COUNTY,357,18 Years,147,83,64,61,34,27,1,1,0,3,2,1,82,46,36
OCHILTREE COUNTY,357,19 Years,155,85,70,61,32,29,1,0,1,3,1,2,90,52,38
OCHILTREE COUNTY,357,20 Years,121,57,64,44,20,24,0,0,0,2,1,1,75,36,39
OCHILTREE COUNTY,357,21 Years,124,58,66,50,23,27,0,0,0,1,1,0,73,34,39
OCHILTREE COUNTY,357,22 Years,120,60,60,46,22,24,0,0,0,2,1,1,72,37,35
OCHILTREE COUNTY,357,23 Years,131,68,63,50,25,25,0,0,0,3,1,2,78,42,36
OCHILTREE COUNTY,357,24 Years,137,69,68,46,23,23,0,0,0,2,1,1,89,45,44
OCHILTREE COUNTY,357,25 Years,123,62,61,48,19,29,1,1,0,0,0,0,74,42,32
OCHILTREE COUNTY,357,26 Years,162,84,78,67,33,34,0,0,0,4,1,3,91,50,41
OCHILTREE COUNTY,357,27 Years,133,72,61,56,28,28,0,0,0,3,1,2,74,43,31
OCHILTREE COUNTY,357,28 Years,135,72,63,57,27,30,0,0,0,2,2,0,76,43,33
OCHILTREE COUNTY,357,29 Years,153,84,69,67,38,29,1,1,0,1,1,0,84,44,40
OCHILTREE COUNTY,357,30 Years,138,69,69,55,31,24,1,0,1,2,2,0,80,36,44
OCHILTREE COUNTY,357,31 Years,129,77,52,47,29,18,0,0,0,3,1,2,79,47,32
OCHILTREE COUNTY,357,32 Years,154,81,73,56,27,29,1,1,0,2,2,0,95,51,44
OCHILTREE COUNTY,357,33 Years,159,78,81,58,27,31,0,0,0,2,1,1,99,50,49
OCHILTREE COUNTY,357,34 Years,144,77,67,46,21,25,0,0,0,3,2,1,95,54,41
OCHILTREE COUNTY,357,35 Years,139,76,63,47,19,28,0,0,0,2,2,0,90,55,35
OCHILTREE COUNTY,357,36 Years,152,80,72,59,27,32,0,0,0,1,1,0,92,52,40
OCHILTREE COUNTY,357,37 Years,149,84,65,61,35,26,0,0,0,0,0,0,88,49,39
OCHILTREE COUNTY,357,38 Years,128,71,57,50,27,23,0,0,0,0,0,0,78,44,34
OCHILTREE COUNTY,357,39 Years,131,79,52,48,29,19,1,0,1,2,1,1,80,49,31
OCHILTREE COUNTY,357,40 Years,125,64,61,53,25,28,0,0,0,1,0,1,71,39,32
OCHILTREE COUNTY,357,41 Years,124,63,61,57,26,31,0,0,0,0,0,0,67,37,30
OCHILTREE COUNTY,357,42 Years,114,57,57,49,22,27,0,0,0,2,2,0,63,33,30
OCHILTREE COUNTY,357,43 Years,119,59,60,50,23,27,1,1,0,3,1,2,65,34,31
OCHILTREE COUNTY,357,44 Years,112,58,54,57,29,28,0,0,0,2,0,2,53,29,24
OCHILTREE COUNTY,357,45 Years,129,62,67,57,28,29,0,0,0,2,1,1,70,33,37
OCHILTREE COUNTY,357,46 Years,129,64,65,65,33,32,0,0,0,6,3,3,58,28,30
OCHILTREE COUNTY,357,47 Years,130,69,61,74,33,41,0,0,0,3,1,2,53,35,18
OCHILTREE COUNTY,357,48 Years,138,68,70,88,40,48,1,0,1,2,1,1,47,27,20
OCHILTREE COUNTY,357,49 Years,141,68,73,88,46,42,1,1,0,3,2,1,49,19,30
OCHILTREE COUNTY,357,50 Years,150,79,71,90,47,43,0,0,0,2,2,0,58,30,28
OCHILTREE COUNTY,357,51 Years,146,76,70,89,45,44,0,0,0,4,3,1,53,28,25
OCHILTREE COUNTY,357,52 Years,128,64,64,75,40,35,0,0,0,6,3,3,47,21,26
OCHILTREE COUNTY,357,53 Years,123,59,64,76,35,41,0,0,0,4,1,3,43,23,20
OCHILTREE COUNTY,357,54 Years,127,70,57,89,48,41,0,0,0,2,1,1,36,21,15
OCHILTREE COUNTY,357,55 Years,123,62,61,85,43,42,0,0,0,2,1,1,36,18,18
OCHILTREE COUNTY,357,56 Years,129,71,58,89,48,41,0,0,0,1,1,0,39,22,17
OCHILTREE COUNTY,357,57 Years,112,57,55,79,40,39,0,0,0,2,1,1,31,16,15
OCHILTREE COUNTY,357,58 Years,105,47,58,78,34,44,0,0,0,1,0,1,26,13,13
OCHILTREE COUNTY,357,59 Years,108,53,55,87,40,47,0,0,0,0,0,0,21,13,8
OCHILTREE COUNTY,357,60 Years,91,49,42,73,37,36,0,0,0,0,0,0,18,12,6
OCHILTREE COUNTY,357,61 Years,85,46,39,64,34,30,0,0,0,0,0,0,21,12,9
OCHILTREE COUNTY,357,62 Years,88,44,44,69,33,36,0,0,0,1,0,1,18,11,7
OCHILTREE COUNTY,357,63 Years,92,53,39,81,45,36,0,0,0,1,0,1,10,8,2
OCHILTREE COUNTY,357,64 Years,88,52,36,73,42,31,0,0,0,1,0,1,14,10,4
OCHILTREE COUNTY,357,65 Years,72,38,34,53,28,25,0,0,0,2,0,2,17,10,7
OCHILTREE COUNTY,357,66 Years,72,31,41,54,25,29,0,0,0,1,0,1,17,6,11
OCHILTREE COUNTY,357,67 Years,66,32,34,54,26,28,0,0,0,1,0,1,11,6,5
OCHILTREE COUNTY,357,68 Years,65,32,33,53,25,28,0,0,0,0,0,0,12,7,5
OCHILTREE COUNTY,357,69 Years,57,24,33,47,19,28,0,0,0,1,0,1,9,5,4
OCHILTREE COUNTY,357,70 Years,62,23,39,56,21,35,0,0,0,2,1,1,4,1,3
OCHILTREE COUNTY,357,71 Years,57,23,34,50,20,30,0,0,0,1,0,1,6,3,3
OCHILTREE COUNTY,357,72 Years,47,18,29,40,16,24,0,0,0,1,0,1,6,2,4
OCHILTREE COUNTY,357,73 Years,44,24,20,38,21,17,0,0,0,0,0,0,6,3,3
OCHILTREE COUNTY,357,74 Years,39,23,16,27,17,10,0,0,0,1,0,1,11,6,5
OCHILTREE COUNTY,357,75 Years,42,18,24,31,13,18,0,0,0,0,0,0,11,5,6
OCHILTREE COUNTY,357,76 Years,48,20,28,41,17,24,0,0,0,1,0,1,6,3,3
OCHILTREE COUNTY,357,77 Years,42,17,25,36,15,21,0,0,0,0,0,0,6,2,4
OCHILTREE COUNTY,357,78 Years,40,19,21,33,17,16,0,0,0,0,0,0,7,2,5
OCHILTREE COUNTY,357,79 Years,38,16,22,33,13,20,0,0,0,1,1,0,4,2,2
OCHILTREE COUNTY,357,80 Years,48,17,31,43,14,29,0,0,0,1,1,0,4,2,2
OCHILTREE COUNTY,357,81 Years,32,13,19,28,12,16,0,0,0,1,0,1,3,1,2
OCHILTREE COUNTY,357,82 Years,31,11,20,29,10,19,0,0,0,0,0,0,2,1,1
OCHILTREE COUNTY,357,83 Years,28,9,19,27,9,18,0,0,0,0,0,0,1,0,1
OCHILTREE COUNTY,357,84 Years,25,13,12,25,13,12,0,0,0,0,0,0,0,0,0
OCHILTREE COUNTY,357,85 Years +,120,47,73,112,42,70,0,0,0,2,2,0,6,3,3
OLDHAM COUNTY,359,All Ages,2079,1052,1027,1722,883,839,55,26,29,53,19,34,249,124,125
OLDHAM COUNTY,359,< 1 Year,21,12,9,17,10,7,0,0,0,0,0,0,4,2,2
OLDHAM COUNTY,359,1 Years,19,12,7,15,9,6,1,1,0,0,0,0,3,2,1
OLDHAM COUNTY,359,2 Years,22,9,13,16,9,7,1,0,1,1,0,1,4,0,4
OLDHAM COUNTY,359,3 Years,20,11,9,14,9,5,1,1,0,1,0,1,4,1,3
OLDHAM COUNTY,359,4 Years,20,10,10,16,8,8,1,0,1,0,0,0,3,2,1
OLDHAM COUNTY,359,5 Years,20,12,8,17,10,7,1,0,1,0,0,0,2,2,0
OLDHAM COUNTY,359,6 Years,26,14,12,23,14,9,1,0,1,0,0,0,2,0,2
OLDHAM COUNTY,359,7 Years,32,13,19,26,12,14,1,0,1,2,0,2,3,1,2
OLDHAM COUNTY,359,8 Years,31,14,17,25,11,14,0,0,0,1,0,1,5,3,2
OLDHAM COUNTY,359,9 Years,33,16,17,29,15,14,2,0,2,0,0,0,2,1,1
OLDHAM COUNTY,359,10 Years,36,18,18,30,16,14,1,0,1,0,0,0,5,2,3
OLDHAM COUNTY,359,11 Years,33,18,15,29,17,12,1,0,1,0,0,0,3,1,2
OLDHAM COUNTY,359,12 Years,43,31,12,35,25,10,2,2,0,0,0,0,6,4,2
OLDHAM COUNTY,359,13 Years,43,26,17,36,21,15,1,1,0,0,0,0,6,4,2
OLDHAM COUNTY,359,14 Years,55,35,20,38,24,14,5,3,2,1,0,1,11,8,3
OLDHAM COUNTY,359,15 Years,69,45,24,41,28,13,5,3,2,4,1,3,19,13,6
OLDHAM COUNTY,359,16 Years,71,48,23,46,31,15,7,5,2,4,2,2,14,10,4
OLDHAM COUNTY,359,17 Years,70,47,23,51,35,16,8,5,3,1,1,0,10,6,4
OLDHAM COUNTY,359,18 Years,53,34,19,36,24,12,4,2,2,3,2,1,10,6,4
OLDHAM COUNTY,359,19 Years,45,28,17,32,21,11,3,2,1,1,1,0,9,4,5
OLDHAM COUNTY,359,20 Years,21,9,12,16,9,7,1,0,1,1,0,1,3,0,3
OLDHAM COUNTY,359,21 Years,11,5,6,7,4,3,2,0,2,0,0,0,2,1,1
OLDHAM COUNTY,359,22 Years,12,7,5,8,5,3,0,0,0,1,1,0,3,1,2
OLDHAM COUNTY,359,23 Years,12,7,5,9,5,4,0,0,0,0,0,0,3,2,1
OLDHAM COUNTY,359,24 Years,6,4,2,5,3,2,0,0,0,0,0,0,1,1,0
OLDHAM COUNTY,359,25 Years,16,6,10,13,5,8,0,0,0,0,0,0,3,1,2
OLDHAM COUNTY,359,26 Years,21,8,13,17,6,11,0,0,0,0,0,0,4,2,2
OLDHAM COUNTY,359,27 Years,18,7,11,16,6,10,0,0,0,0,0,0,2,1,1
OLDHAM COUNTY,359,28 Years,16,6,10,13,5,8,0,0,0,0,0,0,3,1,2
OLDHAM COUNTY,359,29 Years,20,10,10,17,8,9,0,0,0,0,0,0,3,2,1
OLDHAM COUNTY,359,30 Years,22,4,18,19,3,16,0,0,0,0,0,0,3,1,2
OLDHAM COUNTY,359,31 Years,27,10,17,25,10,15,0,0,0,1,0,1,1,0,1
OLDHAM COUNTY,359,32 Years,31,14,17,30,14,16,1,0,1,0,0,0,0,0,0
OLDHAM COUNTY,359,33 Years,24,12,12,22,11,11,0,0,0,0,0,0,2,1,1
OLDHAM COUNTY,359,34 Years,22,12,10,18,10,8,0,0,0,2,1,1,2,1,1
OLDHAM COUNTY,359,35 Years,20,11,9,16,9,7,0,0,0,2,1,1,2,1,1
OLDHAM COUNTY,359,36 Years,21,10,11,18,8,10,1,1,0,0,0,0,2,1,1
OLDHAM COUNTY,359,37 Years,24,11,13,24,11,13,0,0,0,0,0,0,0,0,0
OLDHAM COUNTY,359,38 Years,22,11,11,19,10,9,1,0,1,0,0,0,2,1,1
OLDHAM COUNTY,359,39 Years,27,15,12,22,13,9,0,0,0,3,1,2,2,1,1
OLDHAM COUNTY,359,40 Years,23,10,13,18,9,9,0,0,0,3,0,3,2,1,1
OLDHAM COUNTY,359,41 Years,25,13,12,21,12,9,0,0,0,1,0,1,3,1,2
OLDHAM COUNTY,359,42 Years,30,12,18,27,11,16,0,0,0,0,0,0,3,1,2
OLDHAM COUNTY,359,43 Years,23,8,15,20,7,13,1,0,1,0,0,0,2,1,1
OLDHAM COUNTY,359,44 Years,13,4,9,12,4,8,0,0,0,0,0,0,1,0,1
OLDHAM COUNTY,359,45 Years,14,6,8,12,5,7,0,0,0,0,0,0,2,1,1
OLDHAM COUNTY,359,46 Years,23,10,13,21,8,13,0,0,0,1,1,0,1,1,0
OLDHAM COUNTY,359,47 Years,33,15,18,30,13,17,0,0,0,0,0,0,3,2,1
OLDHAM COUNTY,359,48 Years,33,21,12,29,18,11,0,0,0,1,1,0,3,2,1
OLDHAM COUNTY,359,49 Years,22,12,10,18,10,8,0,0,0,1,1,0,3,1,2
OLDHAM COUNTY,359,50 Years,27,10,17,23,9,14,0,0,0,0,0,0,4,1,3
OLDHAM COUNTY,359,51 Years,26,11,15,22,10,12,0,0,0,0,0,0,4,1,3
OLDHAM COUNTY,359,52 Years,27,13,14,22,11,11,0,0,0,1,0,1,4,2,2
OLDHAM COUNTY,359,53 Years,33,16,17,28,14,14,0,0,0,1,0,1,4,2,2
OLDHAM COUNTY,359,54 Years,35,13,22,31,13,18,1,0,1,1,0,1,2,0,2
OLDHAM COUNTY,359,55 Years,28,13,15,25,12,13,0,0,0,1,0,1,2,1,1
OLDHAM COUNTY,359,56 Years,39,20,19,33,17,16,0,0,0,1,0,1,5,3,2
OLDHAM COUNTY,359,57 Years,25,11,14,21,10,11,0,0,0,1,0,1,3,1,2
OLDHAM COUNTY,359,58 Years,20,8,12,16,7,9,0,0,0,2,0,2,2,1,1
OLDHAM COUNTY,359,59 Years,24,11,13,23,11,12,1,0,1,0,0,0,0,0,0
OLDHAM COUNTY,359,60 Years,21,8,13,19,7,12,0,0,0,0,0,0,2,1,1
OLDHAM COUNTY,359,61 Years,23,12,11,22,12,10,0,0,0,0,0,0,1,0,1
OLDHAM COUNTY,359,62 Years,28,16,12,25,16,9,0,0,0,1,0,1,2,0,2
OLDHAM COUNTY,359,63 Years,30,13,17,27,13,14,0,0,0,1,0,1,2,0,2
OLDHAM COUNTY,359,64 Years,22,11,11,19,10,9,0,0,0,1,0,1,2,1,1
OLDHAM COUNTY,359,65 Years,21,11,10,17,10,7,0,0,0,1,0,1,3,1,2
OLDHAM COUNTY,359,66 Years,18,9,9,14,7,7,0,0,0,1,1,0,3,1,2
OLDHAM COUNTY,359,67 Years,23,12,11,21,10,11,0,0,0,0,0,0,2,2,0
OLDHAM COUNTY,359,68 Years,16,7,9,14,6,8,0,0,0,1,1,0,1,0,1
OLDHAM COUNTY,359,69 Years,11,4,7,10,3,7,0,0,0,1,1,0,0,0,0
OLDHAM COUNTY,359,70 Years,12,6,6,11,5,6,0,0,0,1,1,0,0,0,0
OLDHAM COUNTY,359,71 Years,15,5,10,15,5,10,0,0,0,0,0,0,0,0,0
OLDHAM COUNTY,359,72 Years,15,4,11,14,4,10,0,0,0,0,0,0,1,0,1
OLDHAM COUNTY,359,73 Years,11,6,5,10,6,4,0,0,0,0,0,0,1,0,1
OLDHAM COUNTY,359,74 Years,16,9,7,13,8,5,0,0,0,0,0,0,3,1,2
OLDHAM COUNTY,359,75 Years,14,9,5,12,7,5,0,0,0,1,1,0,1,1,0
OLDHAM COUNTY,359,76 Years,12,5,7,11,4,7,0,0,0,0,0,0,1,1,0
OLDHAM COUNTY,359,77 Years,11,4,7,11,4,7,0,0,0,0,0,0,0,0,0
OLDHAM COUNTY,359,78 Years,7,4,3,6,3,3,0,0,0,0,0,0,1,1,0
OLDHAM COUNTY,359,79 Years,6,2,4,6,2,4,0,0,0,0,0,0,0,0,0
OLDHAM COUNTY,359,80 Years,9,4,5,9,4,5,0,0,0,0,0,0,0,0,0
OLDHAM COUNTY,359,81 Years,7,4,3,7,4,3,0,0,0,0,0,0,0,0,0
OLDHAM COUNTY,359,82 Years,10,5,5,10,5,5,0,0,0,0,0,0,0,0,0
OLDHAM COUNTY,359,83 Years,6,2,4,6,2,4,0,0,0,0,0,0,0,0,0
OLDHAM COUNTY,359,84 Years,7,1,6,7,1,6,0,0,0,0,0,0,0,0,0
OLDHAM COUNTY,359,85 Years +,30,10,20,28,10,18,0,0,0,0,0,0,2,0,2
ORANGE COUNTY,361,All Ages,82033,40841,41192,67665,33575,34090,7010,3388,3622,2354,1176,1178,5004,2702,2302
ORANGE COUNTY,361,< 1 Year,1060,542,518,839,431,408,94,47,47,41,19,22,86,45,41
ORANGE COUNTY,361,1 Years,1051,530,521,808,408,400,93,50,43,46,21,25,104,51,53
ORANGE COUNTY,361,2 Years,1070,542,528,816,408,408,86,45,41,49,27,22,119,62,57
ORANGE COUNTY,361,3 Years,1097,567,530,814,411,403,118,63,55,54,32,22,111,61,50
ORANGE COUNTY,361,4 Years,1094,563,531,828,439,389,111,51,60,49,24,25,106,49,57
ORANGE COUNTY,361,5 Years,1088,568,520,813,423,390,105,59,46,57,33,24,113,53,60
ORANGE COUNTY,361,6 Years,1089,565,524,831,425,406,107,57,50,39,23,16,112,60,52
ORANGE COUNTY,361,7 Years,1134,601,533,865,450,415,122,67,55,41,24,17,106,60,46
ORANGE COUNTY,361,8 Years,1159,605,554,871,448,423,116,60,56,50,24,26,122,73,49
ORANGE COUNTY,361,9 Years,1113,584,529,847,445,402,103,51,52,47,24,23,116,64,52
ORANGE COUNTY,361,10 Years,1113,585,528,857,451,406,110,56,54,48,26,22,98,52,46
ORANGE COUNTY,361,11 Years,1129,581,548,872,442,430,110,59,51,49,25,24,98,55,43
ORANGE COUNTY,361,12 Years,1159,574,585,906,454,452,110,54,56,45,22,23,98,44,54
ORANGE COUNTY,361,13 Years,1130,590,540,871,458,413,111,52,59,40,22,18,108,58,50
ORANGE COUNTY,361,14 Years,1190,621,569,933,476,457,125,72,53,38,17,21,94,56,38
ORANGE COUNTY,361,15 Years,1214,622,592,926,467,459,144,77,67,39,19,20,105,59,46
ORANGE COUNTY,361,16 Years,1222,662,560,932,501,431,148,84,64,51,27,24,91,50,41
ORANGE COUNTY,361,17 Years,1267,657,610,952,497,455,159,78,81,49,27,22,107,55,52
ORANGE COUNTY,361,18 Years,1233,655,578,935,489,446,157,91,66,48,24,24,93,51,42
ORANGE COUNTY,361,19 Years,1077,591,486,813,439,374,131,75,56,38,20,18,95,57,38
ORANGE COUNTY,361,20 Years,1047,553,494,821,432,389,112,61,51,28,14,14,86,46,40
ORANGE COUNTY,361,21 Years,992,536,456,797,432,365,94,50,44,32,17,15,69,37,32
ORANGE COUNTY,361,22 Years,963,499,464,766,388,378,93,50,43,24,13,11,80,48,32
ORANGE COUNTY,361,23 Years,937,461,476,748,361,387,82,43,39,21,7,14,86,50,36
ORANGE COUNTY,361,24 Years,956,468,488,771,376,395,87,37,50,23,10,13,75,45,30
ORANGE COUNTY,361,25 Years,972,497,475,784,400,384,89,43,46,29,16,13,70,38,32
ORANGE COUNTY,361,26 Years,984,486,498,794,388,406,99,50,49,22,9,13,69,39,30
ORANGE COUNTY,361,27 Years,965,477,488,774,377,397,81,39,42,26,13,13,84,48,36
ORANGE COUNTY,361,28 Years,975,496,479,801,403,398,77,40,37,17,9,8,80,44,36
ORANGE COUNTY,361,29 Years,950,478,472,777,390,387,69,34,35,20,13,7,84,41,43
ORANGE COUNTY,361,30 Years,976,483,493,808,399,409,65,33,32,23,12,11,80,39,41
ORANGE COUNTY,361,31 Years,980,482,498,797,394,403,81,35,46,23,12,11,79,41,38
ORANGE COUNTY,361,32 Years,981,486,495,804,397,407,89,40,49,25,12,13,63,37,26
ORANGE COUNTY,361,33 Years,967,495,472,795,405,390,76,31,45,23,15,8,73,44,29
ORANGE COUNTY,361,34 Years,975,498,477,798,408,390,78,30,48,24,14,10,75,46,29
ORANGE COUNTY,361,35 Years,908,459,449,726,363,363,85,38,47,31,15,16,66,43,23
ORANGE COUNTY,361,36 Years,954,451,503,769,358,411,80,39,41,32,11,21,73,43,30
ORANGE COUNTY,361,37 Years,991,473,518,819,385,434,67,35,32,30,13,17,75,40,35
ORANGE COUNTY,361,38 Years,997,487,510,828,399,429,77,36,41,30,17,13,62,35,27
ORANGE COUNTY,361,39 Years,1055,536,519,876,453,423,83,34,49,30,12,18,66,37,29
ORANGE COUNTY,361,40 Years,1129,580,549,937,496,441,96,41,55,33,12,21,63,31,32
ORANGE COUNTY,361,41 Years,1069,551,518,886,458,428,81,39,42,30,15,15,72,39,33
ORANGE COUNTY,361,42 Years,1002,522,480,831,431,400,81,37,44,33,22,11,57,32,25
ORANGE COUNTY,361,43 Years,1028,529,499,854,444,410,91,41,50,32,20,12,51,24,27
ORANGE COUNTY,361,44 Years,1088,553,535,923,475,448,81,38,43,33,17,16,51,23,28
ORANGE COUNTY,361,45 Years,1107,554,553,920,462,458,100,45,55,31,17,14,56,30,26
ORANGE COUNTY,361,46 Years,1150,560,590,967,469,498,103,46,57,29,15,14,51,30,21
ORANGE COUNTY,361,47 Years,1266,589,677,1085,505,580,90,42,48,30,14,16,61,28,33
ORANGE COUNTY,361,48 Years,1250,627,623,1081,542,539,81,44,37,33,14,19,55,27,28
ORANGE COUNTY,361,49 Years,1254,646,608,1078,560,518,97,49,48,29,11,18,50,26,24
ORANGE COUNTY,361,50 Years,1259,634,625,1076,540,536,98,48,50,36,19,17,49,27,22
ORANGE COUNTY,361,51 Years,1280,650,630,1098,561,537,93,39,54,36,19,17,53,31,22
ORANGE COUNTY,361,52 Years,1280,631,649,1097,546,551,105,48,57,30,12,18,48,25,23
ORANGE COUNTY,361,53 Years,1314,657,657,1129,575,554,108,49,59,29,10,19,48,23,25
ORANGE COUNTY,361,54 Years,1256,622,634,1082,543,539,102,44,58,30,13,17,42,22,20
ORANGE COUNTY,361,55 Years,1163,584,579,999,507,492,98,41,57,34,14,20,32,22,10
ORANGE COUNTY,361,56 Years,1190,577,613,1027,498,529,95,36,59,32,17,15,36,26,10
ORANGE COUNTY,361,57 Years,1158,565,593,1000,485,515,91,46,45,30,13,17,37,21,16
ORANGE COUNTY,361,58 Years,1060,531,529,923,457,466,79,42,37,24,12,12,34,20,14
ORANGE COUNTY,361,59 Years,1053,517,536,918,454,464,74,34,40,27,12,15,34,17,17
ORANGE COUNTY,361,60 Years,1027,506,521,892,439,453,76,35,41,25,13,12,34,19,15
ORANGE COUNTY,361,61 Years,988,476,512,875,419,456,60,29,31,21,10,11,32,18,14
ORANGE COUNTY,361,62 Years,928,457,471,814,405,409,70,30,40,23,11,12,21,11,10
ORANGE COUNTY,361,63 Years,954,475,479,834,416,418,73,36,37,23,10,13,24,13,11
ORANGE COUNTY,361,64 Years,899,433,466,786,379,407,73,35,38,13,3,10,27,16,11
ORANGE COUNTY,361,65 Years,750,367,383,658,321,337,62,32,30,12,5,7,18,9,9
ORANGE COUNTY,361,66 Years,729,346,383,639,305,334,55,26,29,12,4,8,23,11,12
ORANGE COUNTY,361,67 Years,758,359,399,680,321,359,50,24,26,12,7,5,16,7,9
ORANGE COUNTY,361,68 Years,724,353,371,642,311,331,53,26,27,15,9,6,14,7,7
ORANGE COUNTY,361,69 Years,698,354,344,618,313,305,46,26,20,14,7,7,20,8,12
ORANGE COUNTY,361,70 Years,641,286,355,573,260,313,44,17,27,9,1,8,15,8,7
ORANGE COUNTY,361,71 Years,561,250,311,500,228,272,37,12,25,8,4,4,16,6,10
ORANGE COUNTY,361,72 Years,575,263,312,511,230,281,39,18,21,9,8,1,16,7,9
ORANGE COUNTY,361,73 Years,547,231,316,482,203,279,40,15,25,11,8,3,14,5,9
ORANGE COUNTY,361,74 Years,516,244,272,454,219,235,41,16,25,10,6,4,11,3,8
ORANGE COUNTY,361,75 Years,516,234,282,463,210,253,31,13,18,7,3,4,15,8,7
ORANGE COUNTY,361,76 Years,500,241,259,447,222,225,29,9,20,6,2,4,18,8,10
ORANGE COUNTY,361,77 Years,436,205,231,392,189,203,26,7,19,5,1,4,13,8,5
ORANGE COUNTY,361,78 Years,409,194,215,361,170,191,26,12,14,8,4,4,14,8,6
ORANGE COUNTY,361,79 Years,387,163,224,344,143,201,27,11,16,7,4,3,9,5,4
ORANGE COUNTY,361,80 Years,377,159,218,338,141,197,23,8,15,6,3,3,10,7,3
ORANGE COUNTY,361,81 Years,354,146,208,322,131,191,16,7,9,7,4,3,9,4,5
ORANGE COUNTY,361,82 Years,333,129,204,298,115,183,18,7,11,6,2,4,11,5,6
ORANGE COUNTY,361,83 Years,300,130,170,266,116,150,21,8,13,4,1,3,9,5,4
ORANGE COUNTY,361,84 Years,276,114,162,246,98,148,20,9,11,5,3,2,5,4,1
ORANGE COUNTY,361,85 Years +,1280,441,839,1137,393,744,86,25,61,24,11,13,33,12,21
PALO PINTO COUNTY,363,All Ages,28295,13940,14355,21970,10720,11250,595,309,286,577,287,290,5153,2624,2529
PALO PINTO COUNTY,363,< 1 Year,368,191,177,257,135,122,4,2,2,6,3,3,101,51,50
PALO PINTO COUNTY,363,1 Years,385,203,182,245,126,119,10,7,3,5,5,0,125,65,60
PALO PINTO COUNTY,363,2 Years,362,189,173,224,119,105,14,8,6,7,5,2,117,57,60
PALO PINTO COUNTY,363,3 Years,376,195,181,244,131,113,15,6,9,9,3,6,108,55,53
PALO PINTO COUNTY,363,4 Years,404,206,198,265,135,130,10,6,4,12,5,7,117,60,57
PALO PINTO COUNTY,363,5 Years,390,200,190,249,136,113,9,2,7,13,8,5,119,54,65
PALO PINTO COUNTY,363,6 Years,392,201,191,247,129,118,11,6,5,14,6,8,120,60,60
PALO PINTO COUNTY,363,7 Years,357,187,170,228,125,103,10,6,4,10,4,6,109,52,57
PALO PINTO COUNTY,363,8 Years,376,192,184,250,136,114,8,4,4,6,4,2,112,48,64
PALO PINTO COUNTY,363,9 Years,368,179,189,245,122,123,7,4,3,9,4,5,107,49,58
PALO PINTO COUNTY,363,10 Years,393,197,196,254,136,118,12,5,7,13,8,5,114,48,66
PALO PINTO COUNTY,363,11 Years,431,214,217,277,138,139,15,7,8,12,7,5,127,62,65
PALO PINTO COUNTY,363,12 Years,400,200,200,257,126,131,9,6,3,13,7,6,121,61,60
PALO PINTO COUNTY,363,13 Years,404,215,189,256,142,114,12,5,7,11,5,6,125,63,62
PALO PINTO COUNTY,363,14 Years,394,210,184,258,137,121,11,8,3,11,8,3,114,57,57
PALO PINTO COUNTY,363,15 Years,409,219,190,266,135,131,11,8,3,13,8,5,119,68,51
PALO PINTO COUNTY,363,16 Years,396,205,191,253,130,123,10,5,5,10,6,4,123,64,59
PALO PINTO COUNTY,363,17 Years,387,199,188,264,132,132,10,6,4,7,5,2,106,56,50
PALO PINTO COUNTY,363,18 Years,410,222,188,290,156,134,7,5,2,9,4,5,104,57,47
PALO PINTO COUNTY,363,19 Years,354,185,169,249,132,117,8,4,4,7,3,4,90,46,44
PALO PINTO COUNTY,363,20 Years,326,154,172,230,111,119,8,4,4,5,2,3,83,37,46
PALO PINTO COUNTY,363,21 Years,313,151,162,219,104,115,8,6,2,5,2,3,81,39,42
PALO PINTO COUNTY,363,22 Years,295,146,149,210,99,111,6,4,2,5,4,1,74,39,35
PALO PINTO COUNTY,363,23 Years,316,155,161,219,101,118,6,4,2,4,4,0,87,46,41
PALO PINTO COUNTY,363,24 Years,308,161,147,228,118,110,5,3,2,3,3,0,72,37,35
PALO PINTO COUNTY,363,25 Years,308,166,142,228,121,107,9,6,3,2,1,1,69,38,31
PALO PINTO COUNTY,363,26 Years,292,143,149,213,102,111,5,2,3,6,2,4,68,37,31
PALO PINTO COUNTY,363,27 Years,307,170,137,223,123,100,7,4,3,10,5,5,67,38,29
PALO PINTO COUNTY,363,28 Years,313,153,160,222,102,120,7,3,4,9,4,5,75,44,31
PALO PINTO COUNTY,363,29 Years,304,143,161,223,101,122,8,4,4,7,4,3,66,34,32
PALO PINTO COUNTY,363,30 Years,309,152,157,216,101,115,6,3,3,5,3,2,82,45,37
PALO PINTO COUNTY,363,31 Years,302,144,158,226,100,126,8,6,2,7,6,1,61,32,29
PALO PINTO COUNTY,363,32 Years,305,146,159,221,103,118,8,5,3,9,4,5,67,34,33
PALO PINTO COUNTY,363,33 Years,300,144,156,217,102,115,8,4,4,9,4,5,66,34,32
PALO PINTO COUNTY,363,34 Years,304,157,147,225,117,108,7,4,3,6,3,3,66,33,33
PALO PINTO COUNTY,363,35 Years,304,145,159,219,106,113,6,4,2,3,2,1,76,33,43
PALO PINTO COUNTY,363,36 Years,307,140,167,224,104,120,3,1,2,4,3,1,76,32,44
PALO PINTO COUNTY,363,37 Years,323,154,169,234,108,126,7,5,2,10,4,6,72,37,35
PALO PINTO COUNTY,363,38 Years,317,148,169,230,102,128,6,5,1,10,4,6,71,37,34
PALO PINTO COUNTY,363,39 Years,312,152,160,237,113,124,4,3,1,5,1,4,66,35,31
PALO PINTO COUNTY,363,40 Years,330,156,174,252,127,125,4,1,3,7,1,6,67,27,40
PALO PINTO COUNTY,363,41 Years,368,184,184,287,141,146,5,2,3,6,3,3,70,38,32
PALO PINTO COUNTY,363,42 Years,317,164,153,237,117,120,5,3,2,4,3,1,71,41,30
PALO PINTO COUNTY,363,43 Years,330,166,164,263,135,128,7,3,4,2,1,1,58,27,31
PALO PINTO COUNTY,363,44 Years,357,174,183,281,136,145,7,5,2,4,2,2,65,31,34
PALO PINTO COUNTY,363,45 Years,317,156,161,242,123,119,7,5,2,6,2,4,62,26,36
PALO PINTO COUNTY,363,46 Years,382,181,201,304,143,161,8,4,4,8,3,5,62,31,31
PALO PINTO COUNTY,363,47 Years,405,196,209,329,157,172,6,2,4,10,4,6,60,33,27
PALO PINTO COUNTY,363,48 Years,404,188,216,338,153,185,8,2,6,5,2,3,53,31,22
PALO PINTO COUNTY,363,49 Years,424,219,205,346,172,174,13,8,5,7,4,3,58,35,23
PALO PINTO COUNTY,363,50 Years,429,220,209,360,179,181,10,5,5,4,2,2,55,34,21
PALO PINTO COUNTY,363,51 Years,442,209,233,376,176,200,11,5,6,7,3,4,48,25,23
PALO PINTO COUNTY,363,52 Years,407,201,206,343,168,175,6,4,2,7,2,5,51,27,24
PALO PINTO COUNTY,363,53 Years,412,199,213,345,161,184,10,6,4,6,4,2,51,28,23
PALO PINTO COUNTY,363,54 Years,431,207,224,377,178,199,10,4,6,10,6,4,34,19,15
PALO PINTO COUNTY,363,55 Years,451,220,231,393,187,206,14,7,7,10,4,6,34,22,12
PALO PINTO COUNTY,363,56 Years,420,199,221,373,175,198,12,4,8,7,3,4,28,17,11
PALO PINTO COUNTY,363,57 Years,393,199,194,343,173,170,9,1,8,5,3,2,36,22,14
PALO PINTO COUNTY,363,58 Years,379,192,187,327,168,159,5,2,3,8,3,5,39,19,20
PALO PINTO COUNTY,363,59 Years,346,169,177,300,145,155,7,5,2,6,4,2,33,15,18
PALO PINTO COUNTY,363,60 Years,347,175,172,306,153,153,4,3,1,6,3,3,31,16,15
PALO PINTO COUNTY,363,61 Years,387,189,198,338,163,175,7,3,4,8,2,6,34,21,13
PALO PINTO COUNTY,363,62 Years,344,168,176,295,140,155,6,3,3,10,2,8,33,23,10
PALO PINTO COUNTY,363,63 Years,390,188,202,345,165,180,6,3,3,8,4,4,31,16,15
PALO PINTO COUNTY,363,64 Years,405,193,212,370,179,191,10,5,5,6,1,5,19,8,11
PALO PINTO COUNTY,363,65 Years,335,166,169,303,152,151,6,3,3,3,1,2,23,10,13
PALO PINTO COUNTY,363,66 Years,329,168,161,297,151,146,3,3,0,7,4,3,22,10,12
PALO PINTO COUNTY,363,67 Years,339,175,164,308,162,146,3,1,2,10,5,5,18,7,11
PALO PINTO COUNTY,363,68 Years,299,155,144,275,142,133,3,2,1,6,3,3,15,8,7
PALO PINTO COUNTY,363,69 Years,280,138,142,255,124,131,2,2,0,7,3,4,16,9,7
PALO PINTO COUNTY,363,70 Years,272,128,144,248,116,132,2,1,1,5,4,1,17,7,10
PALO PINTO COUNTY,363,71 Years,257,117,140,232,104,128,4,1,3,4,3,1,17,9,8
PALO PINTO COUNTY,363,72 Years,237,131,106,218,121,97,3,1,2,3,2,1,13,7,6
PALO PINTO COUNTY,363,73 Years,238,120,118,221,113,108,3,2,1,4,2,2,10,3,7
PALO PINTO COUNTY,363,74 Years,216,97,119,195,88,107,4,1,3,4,2,2,13,6,7
PALO PINTO COUNTY,363,75 Years,211,91,120,195,83,112,3,0,3,2,1,1,11,7,4
PALO PINTO COUNTY,363,76 Years,196,89,107,185,84,101,3,1,2,3,1,2,5,3,2
PALO PINTO COUNTY,363,77 Years,170,78,92,157,74,83,3,1,2,4,1,3,6,2,4
PALO PINTO COUNTY,363,78 Years,159,71,88,147,68,79,2,1,1,3,0,3,7,2,5
PALO PINTO COUNTY,363,79 Years,159,75,84,142,67,75,2,1,1,4,2,2,11,5,6
PALO PINTO COUNTY,363,80 Years,145,63,82,133,58,75,3,1,2,3,1,2,6,3,3
PALO PINTO COUNTY,363,81 Years,136,58,78,122,54,68,2,0,2,3,1,2,9,3,6
PALO PINTO COUNTY,363,82 Years,127,53,74,119,49,70,1,0,1,1,1,0,6,3,3
PALO PINTO COUNTY,363,83 Years,98,39,59,91,36,55,2,0,2,0,0,0,5,3,2
PALO PINTO COUNTY,363,84 Years,83,31,52,78,27,51,2,1,1,1,1,0,2,2,0
PALO PINTO COUNTY,363,85 Years +,471,152,319,437,137,300,7,1,6,12,5,7,15,9,6
PANOLA COUNTY,365,All Ages,24016,11949,12067,17579,8718,8861,3894,1865,2029,467,233,234,2076,1133,943
PANOLA COUNTY,365,< 1 Year,289,149,140,183,95,88,46,23,23,16,8,8,44,23,21
PANOLA COUNTY,365,1 Years,283,147,136,172,87,85,56,27,29,9,5,4,46,28,18
PANOLA COUNTY,365,2 Years,296,145,151,177,88,89,48,21,27,13,6,7,58,30,28
PANOLA COUNTY,365,3 Years,315,166,149,198,105,93,51,31,20,8,2,6,58,28,30
PANOLA COUNTY,365,4 Years,310,168,142,186,109,77,58,27,31,8,5,3,58,27,31
PANOLA COUNTY,365,5 Years,335,178,157,206,114,92,58,27,31,15,10,5,56,27,29
PANOLA COUNTY,365,6 Years,346,174,172,211,106,105,56,29,27,13,7,6,66,32,34
PANOLA COUNTY,365,7 Years,349,167,182,220,98,122,50,32,18,13,6,7,66,31,35
PANOLA COUNTY,365,8 Years,354,188,166,246,129,117,49,28,21,10,5,5,49,26,23
PANOLA COUNTY,365,9 Years,343,195,148,226,128,98,66,38,28,8,5,3,43,24,19
PANOLA COUNTY,365,10 Years,349,185,164,224,119,105,65,31,34,9,5,4,51,30,21
PANOLA COUNTY,365,11 Years,333,173,160,232,120,112,57,29,28,9,4,5,35,20,15
PANOLA COUNTY,365,12 Years,333,166,167,235,112,123,48,26,22,8,4,4,42,24,18
PANOLA COUNTY,365,13 Years,340,175,165,232,123,109,50,26,24,10,5,5,48,21,27
PANOLA COUNTY,365,14 Years,325,167,158,221,117,104,56,29,27,10,5,5,38,16,22
PANOLA COUNTY,365,15 Years,299,150,149,208,101,107,45,27,18,4,2,2,42,20,22
PANOLA COUNTY,365,16 Years,309,166,143,209,118,91,57,27,30,6,2,4,37,19,18
PANOLA COUNTY,365,17 Years,340,184,156,235,132,103,57,28,29,5,1,4,43,23,20
PANOLA COUNTY,365,18 Years,345,183,162,232,122,110,68,39,29,11,6,5,34,16,18
PANOLA COUNTY,365,19 Years,304,148,156,187,91,96,72,38,34,14,7,7,31,12,19
PANOLA COUNTY,365,20 Years,349,178,171,226,122,104,72,33,39,7,4,3,44,19,25
PANOLA COUNTY,365,21 Years,303,161,142,192,103,89,71,35,36,5,2,3,35,21,14
PANOLA COUNTY,365,22 Years,274,158,116,178,98,80,53,31,22,5,3,2,38,26,12
PANOLA COUNTY,365,23 Years,273,146,127,181,96,85,51,25,26,4,3,1,37,22,15
PANOLA COUNTY,365,24 Years,259,131,128,166,89,77,52,20,32,4,1,3,37,21,16
PANOLA COUNTY,365,25 Years,280,138,142,191,94,97,43,19,24,3,1,2,43,24,19
PANOLA COUNTY,365,26 Years,277,146,131,188,96,92,41,21,20,6,2,4,42,27,15
PANOLA COUNTY,365,27 Years,253,134,119,183,99,84,28,12,16,6,3,3,36,20,16
PANOLA COUNTY,365,28 Years,294,152,142,209,102,107,45,28,17,2,1,1,38,21,17
PANOLA COUNTY,365,29 Years,301,152,149,221,108,113,45,23,22,2,1,1,33,20,13
PANOLA COUNTY,365,30 Years,311,164,147,221,116,105,51,23,28,4,3,1,35,22,13
PANOLA COUNTY,365,31 Years,318,154,164,226,107,119,49,23,26,4,3,1,39,21,18
PANOLA COUNTY,365,32 Years,288,139,149,193,88,105,53,27,26,3,1,2,39,23,16
PANOLA COUNTY,365,33 Years,290,140,150,214,101,113,41,22,19,5,2,3,30,15,15
PANOLA COUNTY,365,34 Years,278,142,136,198,100,98,40,18,22,5,3,2,35,21,14
PANOLA COUNTY,365,35 Years,298,144,154,206,99,107,46,18,28,9,5,4,37,22,15
PANOLA COUNTY,365,36 Years,305,148,157,221,106,115,47,21,26,4,2,2,33,19,14
PANOLA COUNTY,365,37 Years,257,130,127,193,97,96,32,14,18,1,1,0,31,18,13
PANOLA COUNTY,365,38 Years,266,132,134,197,95,102,36,18,18,4,2,2,29,17,12
PANOLA COUNTY,365,39 Years,290,146,144,214,106,108,42,21,21,6,3,3,28,16,12
PANOLA COUNTY,365,40 Years,277,139,138,210,108,102,43,17,26,5,3,2,19,11,8
PANOLA COUNTY,365,41 Years,275,132,143,203,100,103,44,17,27,4,1,3,24,14,10
PANOLA COUNTY,365,42 Years,274,128,146,197,97,100,45,14,31,6,3,3,26,14,12
PANOLA COUNTY,365,43 Years,278,141,137,203,107,96,46,17,29,5,3,2,24,14,10
PANOLA COUNTY,365,44 Years,258,128,130,182,88,94,45,21,24,4,1,3,27,18,9
PANOLA COUNTY,365,45 Years,245,113,132,172,79,93,48,22,26,6,2,4,19,10,9
PANOLA COUNTY,365,46 Years,288,138,150,211,100,111,55,28,27,7,3,4,15,7,8
PANOLA COUNTY,365,47 Years,330,169,161,254,129,125,55,27,28,5,2,3,16,11,5
PANOLA COUNTY,365,48 Years,332,167,165,254,132,122,51,20,31,5,2,3,22,13,9
PANOLA COUNTY,365,49 Years,317,164,153,234,122,112,52,24,28,8,4,4,23,14,9
PANOLA COUNTY,365,50 Years,339,181,158,244,134,110,76,36,40,5,3,2,14,8,6
PANOLA COUNTY,365,51 Years,352,159,193,249,116,133,81,33,48,7,3,4,15,7,8
PANOLA COUNTY,365,52 Years,343,157,186,257,124,133,64,24,40,8,2,6,14,7,7
PANOLA COUNTY,365,53 Years,349,170,179,269,128,141,59,31,28,7,4,3,14,7,7
PANOLA COUNTY,365,54 Years,371,184,187,298,142,156,55,30,25,5,4,1,13,8,5
PANOLA COUNTY,365,55 Years,351,183,168,285,145,140,55,30,25,5,4,1,6,4,2
PANOLA COUNTY,365,56 Years,360,178,182,297,149,148,50,20,30,3,2,1,10,7,3
PANOLA COUNTY,365,57 Years,346,169,177,276,135,141,51,24,27,6,2,4,13,8,5
PANOLA COUNTY,365,58 Years,359,179,180,285,136,149,56,32,24,6,2,4,12,9,3
PANOLA COUNTY,365,59 Years,374,190,184,303,157,146,58,26,32,6,3,3,7,4,3
PANOLA COUNTY,365,60 Years,341,166,175,278,134,144,46,21,25,9,4,5,8,7,1
PANOLA COUNTY,365,61 Years,305,164,141,252,136,116,42,23,19,5,2,3,6,3,3
PANOLA COUNTY,365,62 Years,280,147,133,229,122,107,44,22,22,2,2,0,5,1,4
PANOLA COUNTY,365,63 Years,281,133,148,240,112,128,33,16,17,3,2,1,5,3,2
PANOLA COUNTY,365,64 Years,303,149,154,253,125,128,41,20,21,4,2,2,5,2,3
PANOLA COUNTY,365,65 Years,267,137,130,208,107,101,48,24,24,3,2,1,8,4,4
PANOLA COUNTY,365,66 Years,266,133,133,212,109,103,41,19,22,7,3,4,6,2,4
PANOLA COUNTY,365,67 Years,237,118,119,191,92,99,34,20,14,7,3,4,5,3,2
PANOLA COUNTY,365,68 Years,239,115,124,197,91,106,33,18,15,4,2,2,5,4,1
PANOLA COUNTY,365,69 Years,224,99,125,184,80,104,33,15,18,2,0,2,5,4,1
PANOLA COUNTY,365,70 Years,187,84,103,151,65,86,29,13,16,1,1,0,6,5,1
PANOLA COUNTY,365,71 Years,193,83,110,157,68,89,30,11,19,3,2,1,3,2,1
PANOLA COUNTY,365,72 Years,193,87,106,170,78,92,21,8,13,2,1,1,0,0,0
PANOLA COUNTY,365,73 Years,193,92,101,172,85,87,19,6,13,2,1,1,0,0,0
PANOLA COUNTY,365,74 Years,188,81,107,152,67,85,33,12,21,2,1,1,1,1,0
PANOLA COUNTY,365,75 Years,163,77,86,131,60,71,28,14,14,3,2,1,1,1,0
PANOLA COUNTY,365,76 Years,149,69,80,121,54,67,25,14,11,1,0,1,2,1,1
PANOLA COUNTY,365,77 Years,138,60,78,118,52,66,19,8,11,0,0,0,1,0,1
PANOLA COUNTY,365,78 Years,137,58,79,116,49,67,19,8,11,1,1,0,1,0,1
PANOLA COUNTY,365,79 Years,123,52,71,105,43,62,16,8,8,1,1,0,1,0,1
PANOLA COUNTY,365,80 Years,121,53,68,102,45,57,17,7,10,1,1,0,1,0,1
PANOLA COUNTY,365,81 Years,116,56,60,100,50,50,15,5,10,1,1,0,0,0,0
PANOLA COUNTY,365,82 Years,106,44,62,91,38,53,15,6,9,0,0,0,0,0,0
PANOLA COUNTY,365,83 Years,87,38,49,77,35,42,10,3,7,0,0,0,0,0,0
PANOLA COUNTY,365,84 Years,77,36,41,66,31,35,10,4,6,0,0,0,1,1,0
PANOLA COUNTY,365,85 Years +,423,140,283,365,126,239,53,12,41,2,0,2,3,2,1
PARKER COUNTY,367,All Ages,119530,60503,59027,101128,50350,50778,1890,1372,518,3137,1515,1622,13375,7266,6109
PARKER COUNTY,367,< 1 Year,1390,710,680,1056,534,522,9,5,4,51,27,24,274,144,130
PARKER COUNTY,367,1 Years,1322,692,630,1000,523,477,12,6,6,43,19,24,267,144,123
PARKER COUNTY,367,2 Years,1419,717,702,1085,542,543,17,9,8,45,18,27,272,148,124
PARKER COUNTY,367,3 Years,1507,775,732,1153,590,563,14,8,6,59,31,28,281,146,135
PARKER COUNTY,367,4 Years,1562,806,756,1197,615,582,14,9,5,58,32,26,293,150,143
PARKER COUNTY,367,5 Years,1557,797,760,1209,616,593,17,9,8,58,29,29,273,143,130
PARKER COUNTY,367,6 Years,1616,819,797,1276,647,629,20,10,10,61,30,31,259,132,127
PARKER COUNTY,367,7 Years,1625,817,808,1282,638,644,23,17,6,57,26,31,263,136,127
PARKER COUNTY,367,8 Years,1689,884,805,1336,695,641,17,12,5,48,22,26,288,155,133
PARKER COUNTY,367,9 Years,1717,920,797,1370,726,644,23,13,10,55,28,27,269,153,116
PARKER COUNTY,367,10 Years,1790,925,865,1425,721,704,28,18,10,54,31,23,283,155,128
PARKER COUNTY,367,11 Years,1771,888,883,1409,709,700,23,12,11,53,28,25,286,139,147
PARKER COUNTY,367,12 Years,1835,920,915,1452,723,729,22,8,14,71,39,32,290,150,140
PARKER COUNTY,367,13 Years,1846,939,907,1465,733,732,26,14,12,72,38,34,283,154,129
PARKER COUNTY,367,14 Years,1849,943,906,1473,743,730,20,9,11,67,37,30,289,154,135
PARKER COUNTY,367,15 Years,1893,981,912,1527,797,730,18,8,10,71,33,38,277,143,134
PARKER COUNTY,367,16 Years,1800,943,857,1444,757,687,20,10,10,70,39,31,266,137,129
PARKER COUNTY,367,17 Years,1884,988,896,1505,780,725,23,11,12,71,43,28,285,154,131
PARKER COUNTY,367,18 Years,1850,1012,838,1475,803,672,24,15,9,58,31,27,293,163,130
PARKER COUNTY,367,19 Years,1670,902,768,1267,664,603,59,47,12,59,28,31,285,163,122
PARKER COUNTY,367,20 Years,1601,853,748,1212,618,594,61,41,20,48,30,18,280,164,116
PARKER COUNTY,367,21 Years,1423,777,646,1077,553,524,79,63,16,35,19,16,232,142,90
PARKER COUNTY,367,22 Years,1278,714,564,960,501,459,57,50,7,35,20,15,226,143,83
PARKER COUNTY,367,23 Years,1254,700,554,976,521,455,43,41,2,30,16,14,205,122,83
PARKER COUNTY,367,24 Years,1264,713,551,947,512,435,53,48,5,35,17,18,229,136,93
PARKER COUNTY,367,25 Years,1270,704,566,946,493,453,39,35,4,26,14,12,259,162,97
PARKER COUNTY,367,26 Years,1255,666,589,985,490,495,36,32,4,21,13,8,213,131,82
PARKER COUNTY,367,27 Years,1222,669,553,953,486,467,41,37,4,26,14,12,202,132,70
PARKER COUNTY,367,28 Years,1261,676,585,965,493,472,48,45,3,30,10,20,218,128,90
PARKER COUNTY,367,29 Years,1295,681,614,997,502,495,44,40,4,39,15,24,215,124,91
PARKER COUNTY,367,30 Years,1316,673,643,1024,502,522,42,37,5,34,15,19,216,119,97
PARKER COUNTY,367,31 Years,1386,710,676,1114,555,559,45,38,7,26,12,14,201,105,96
PARKER COUNTY,367,32 Years,1418,733,685,1136,571,565,46,38,8,22,7,15,214,117,97
PARKER COUNTY,367,33 Years,1335,643,692,1089,508,581,33,26,7,23,7,16,190,102,88
PARKER COUNTY,367,34 Years,1333,664,669,1090,524,566,32,25,7,32,14,18,179,101,78
PARKER COUNTY,367,35 Years,1344,684,660,1098,548,550,29,23,6,40,18,22,177,95,82
PARKER COUNTY,367,36 Years,1435,720,715,1183,577,606,16,13,3,36,18,18,200,112,88
PARKER COUNTY,367,37 Years,1478,733,745,1242,607,635,19,17,2,31,12,19,186,97,89
PARKER COUNTY,367,38 Years,1563,789,774,1308,646,662,33,28,5,38,21,17,184,94,90
PARKER COUNTY,367,39 Years,1672,829,843,1397,675,722,33,26,7,40,17,23,202,111,91
PARKER COUNTY,367,40 Years,1730,847,883,1455,702,753,29,20,9,39,16,23,207,109,98
PARKER COUNTY,367,41 Years,1775,854,921,1507,725,782,35,25,10,37,11,26,196,93,103
PARKER COUNTY,367,42 Years,1695,819,876,1441,690,751,34,26,8,42,14,28,178,89,89
PARKER COUNTY,367,43 Years,1668,821,847,1429,692,737,36,29,7,41,16,25,162,84,78
PARKER COUNTY,367,44 Years,1725,864,861,1483,736,747,41,30,11,40,18,22,161,80,81
PARKER COUNTY,367,45 Years,1782,914,868,1512,765,747,31,25,6,48,23,25,191,101,90
PARKER COUNTY,367,46 Years,1797,897,900,1554,772,782,22,17,5,46,21,25,175,87,88
PARKER COUNTY,367,47 Years,2012,1026,986,1755,891,864,29,21,8,64,28,36,164,86,78
PARKER COUNTY,367,48 Years,2044,1025,1019,1776,872,904,31,22,9,57,27,30,180,104,76
PARKER COUNTY,367,49 Years,2067,1070,997,1837,942,895,21,14,7,56,29,27,153,85,68
PARKER COUNTY,367,50 Years,1995,1063,932,1783,947,836,20,10,10,47,24,23,145,82,63
PARKER COUNTY,367,51 Years,2017,1026,991,1796,907,889,23,16,7,53,26,27,145,77,68
PARKER COUNTY,367,52 Years,1931,961,970,1732,861,871,27,17,10,52,24,28,120,59,61
PARKER COUNTY,367,53 Years,1865,918,947,1696,835,861,22,11,11,47,27,20,100,45,55
PARKER COUNTY,367,54 Years,1834,922,912,1675,845,830,18,11,7,43,15,28,98,51,47
PARKER COUNTY,367,55 Years,1725,852,873,1562,768,794,19,10,9,47,21,26,97,53,44
PARKER COUNTY,367,56 Years,1759,889,870,1608,802,806,20,15,5,41,20,21,90,52,38
PARKER COUNTY,367,57 Years,1677,845,832,1538,766,772,15,10,5,45,23,22,79,46,33
PARKER COUNTY,367,58 Years,1612,789,823,1491,727,764,8,5,3,43,21,22,70,36,34
PARKER COUNTY,367,59 Years,1540,741,799,1430,684,746,8,5,3,31,16,15,71,36,35
PARKER COUNTY,367,60 Years,1489,728,761,1366,658,708,19,13,6,30,14,16,74,43,31
PARKER COUNTY,367,61 Years,1428,705,723,1313,639,674,12,9,3,27,12,15,76,45,31
PARKER COUNTY,367,62 Years,1402,682,720,1296,624,672,10,7,3,31,14,17,65,37,28
PARKER COUNTY,367,63 Years,1496,741,755,1397,696,701,9,5,4,29,10,19,61,30,31
PARKER COUNTY,367,64 Years,1450,716,734,1353,668,685,11,5,6,27,10,17,59,33,26
PARKER COUNTY,367,65 Years,1109,556,553,1037,516,521,9,5,4,20,11,9,43,24,19
PARKER COUNTY,367,66 Years,1121,568,553,1050,527,523,6,5,1,24,11,13,41,25,16
PARKER COUNTY,367,67 Years,1121,564,557,1062,537,525,5,3,2,17,7,10,37,17,20
PARKER COUNTY,367,68 Years,1084,544,540,1022,517,505,5,2,3,18,9,9,39,16,23
PARKER COUNTY,367,69 Years,993,485,508,937,459,478,6,3,3,16,6,10,34,17,17
PARKER COUNTY,367,70 Years,847,425,422,795,403,392,4,1,3,17,8,9,31,13,18
PARKER COUNTY,367,71 Years,790,406,384,737,379,358,6,3,3,20,14,6,27,10,17
PARKER COUNTY,367,72 Years,774,392,382,732,369,363,4,3,1,13,7,6,25,13,12
PARKER COUNTY,367,73 Years,713,342,371,676,326,350,5,3,2,13,4,9,19,9,10
PARKER COUNTY,367,74 Years,648,305,343,616,292,324,4,2,2,13,4,9,15,7,8
PARKER COUNTY,367,75 Years,617,301,316,584,286,298,4,1,3,12,6,6,17,8,9
PARKER COUNTY,367,76 Years,572,293,279,540,278,262,3,2,1,7,3,4,22,10,12
PARKER COUNTY,367,77 Years,524,247,277,499,234,265,1,1,0,7,3,4,17,9,8
PARKER COUNTY,367,78 Years,504,238,266,481,224,257,1,1,0,7,4,3,15,9,6
PARKER COUNTY,367,79 Years,476,209,267,455,199,256,1,0,1,7,3,4,13,7,6
PARKER COUNTY,367,80 Years,418,183,235,400,175,225,2,1,1,7,3,4,9,4,5
PARKER COUNTY,367,81 Years,357,158,199,340,149,191,3,2,1,6,4,2,8,3,5
PARKER COUNTY,367,82 Years,336,149,187,323,141,182,3,2,1,2,1,1,8,5,3
PARKER COUNTY,367,83 Years,310,129,181,299,124,175,1,0,1,3,2,1,7,3,4
PARKER COUNTY,367,84 Years,277,117,160,263,111,152,3,1,2,3,1,2,8,4,4
PARKER COUNTY,367,85 Years +,1429,468,961,1390,452,938,6,0,6,14,6,8,19,10,9
PARMER COUNTY,369,All Ages,10338,5303,5035,3873,1926,1947,87,48,39,68,31,37,6310,3298,3012
PARMER COUNTY,369,< 1 Year,149,76,73,35,17,18,1,1,0,0,0,0,113,58,55
PARMER COUNTY,369,1 Years,178,84,94,40,21,19,2,1,1,0,0,0,136,62,74
PARMER COUNTY,369,2 Years,189,98,91,44,22,22,3,1,2,1,0,1,141,75,66
PARMER COUNTY,369,3 Years,174,99,75,37,23,14,2,0,2,0,0,0,135,76,59
PARMER COUNTY,369,4 Years,198,105,93,56,28,28,1,1,0,2,0,2,139,76,63
PARMER COUNTY,369,5 Years,187,101,86,51,27,24,1,0,1,1,0,1,134,74,60
PARMER COUNTY,369,6 Years,181,87,94,45,23,22,1,1,0,1,0,1,134,63,71
PARMER COUNTY,369,7 Years,165,84,81,39,26,13,2,1,1,1,0,1,123,57,66
PARMER COUNTY,369,8 Years,172,93,79,43,26,17,1,0,1,2,1,1,126,66,60
PARMER COUNTY,369,9 Years,183,95,88,42,26,16,0,0,0,0,0,0,141,69,72
PARMER COUNTY,369,10 Years,174,88,86,36,19,17,0,0,0,1,0,1,137,69,68
PARMER COUNTY,369,11 Years,168,82,86,42,24,18,0,0,0,1,0,1,125,58,67
PARMER COUNTY,369,12 Years,168,86,82,45,23,22,1,1,0,0,0,0,122,62,60
PARMER COUNTY,369,13 Years,172,86,86,43,19,24,1,1,0,1,1,0,127,65,62
PARMER COUNTY,369,14 Years,174,84,90,52,24,28,1,1,0,0,0,0,121,59,62
PARMER COUNTY,369,15 Years,173,86,87,54,25,29,1,0,1,1,0,1,117,61,56
PARMER COUNTY,369,16 Years,194,106,88,57,31,26,0,0,0,2,1,1,135,74,61
PARMER COUNTY,369,17 Years,179,92,87,54,27,27,1,1,0,1,0,1,123,64,59
PARMER COUNTY,369,18 Years,187,100,87,52,32,20,1,1,0,1,1,0,133,66,67
PARMER COUNTY,369,19 Years,166,91,75,44,26,18,2,1,1,1,1,0,119,63,56
PARMER COUNTY,369,20 Years,145,75,70,28,17,11,0,0,0,1,0,1,116,58,58
PARMER COUNTY,369,21 Years,137,72,65,28,13,15,2,0,2,2,1,1,105,58,47
PARMER COUNTY,369,22 Years,137,76,61,36,17,19,1,1,0,2,1,1,98,57,41
PARMER COUNTY,369,23 Years,120,68,52,31,16,15,1,0,1,0,0,0,88,52,36
PARMER COUNTY,369,24 Years,143,81,62,31,18,13,1,1,0,1,0,1,110,62,48
PARMER COUNTY,369,25 Years,129,77,52,32,20,12,1,1,0,2,1,1,94,55,39
PARMER COUNTY,369,26 Years,145,80,65,31,17,14,0,0,0,1,0,1,113,63,50
PARMER COUNTY,369,27 Years,142,73,69,40,17,23,2,2,0,1,0,1,99,54,45
PARMER COUNTY,369,28 Years,136,71,65,41,20,21,2,1,1,1,0,1,92,50,42
PARMER COUNTY,369,29 Years,129,66,63,40,19,21,0,0,0,1,1,0,88,46,42
PARMER COUNTY,369,30 Years,129,68,61,37,19,18,1,1,0,1,1,0,90,47,43
PARMER COUNTY,369,31 Years,139,71,68,31,16,15,0,0,0,1,1,0,107,54,53
PARMER COUNTY,369,32 Years,134,74,60,33,14,19,0,0,0,3,2,1,98,58,40
PARMER COUNTY,369,33 Years,113,54,59,36,16,20,0,0,0,1,0,1,76,38,38
PARMER COUNTY,369,34 Years,127,65,62,40,23,17,0,0,0,1,1,0,86,41,45
PARMER COUNTY,369,35 Years,112,62,50,33,17,16,0,0,0,0,0,0,79,45,34
PARMER COUNTY,369,36 Years,126,67,59,32,19,13,1,0,1,1,1,0,92,47,45
PARMER COUNTY,369,37 Years,129,65,64,39,19,20,1,1,0,2,1,1,87,44,43
PARMER COUNTY,369,38 Years,115,65,50,33,17,16,1,1,0,1,1,0,80,46,34
PARMER COUNTY,369,39 Years,118,58,60,38,16,22,0,0,0,1,0,1,79,42,37
PARMER COUNTY,369,40 Years,115,58,57,40,22,18,0,0,0,2,2,0,73,34,39
PARMER COUNTY,369,41 Years,131,73,58,39,23,16,2,0,2,2,1,1,88,49,39
PARMER COUNTY,369,42 Years,120,57,63,38,21,17,0,0,0,1,0,1,81,36,45
PARMER COUNTY,369,43 Years,108,52,56,32,12,20,2,1,1,0,0,0,74,39,35
PARMER COUNTY,369,44 Years,125,70,55,39,19,20,1,1,0,0,0,0,85,50,35
PARMER COUNTY,369,45 Years,138,71,67,49,22,27,0,0,0,2,1,1,87,48,39
PARMER COUNTY,369,46 Years,112,54,58,51,24,27,1,1,0,1,1,0,59,28,31
PARMER COUNTY,369,47 Years,138,65,73,59,23,36,3,1,2,2,2,0,74,39,35
PARMER COUNTY,369,48 Years,155,72,83,73,30,43,2,1,1,2,1,1,78,40,38
PARMER COUNTY,369,49 Years,140,68,72,63,30,33,2,2,0,1,1,0,74,35,39
PARMER COUNTY,369,50 Years,132,67,65,64,28,36,4,4,0,0,0,0,64,35,29
PARMER COUNTY,369,51 Years,134,69,65,72,39,33,1,1,0,1,0,1,60,29,31
PARMER COUNTY,369,52 Years,134,68,66,64,34,30,1,0,1,1,0,1,68,34,34
PARMER COUNTY,369,53 Years,127,67,60,65,33,32,2,1,1,0,0,0,60,33,27
PARMER COUNTY,369,54 Years,135,83,52,66,41,25,1,1,0,0,0,0,68,41,27
PARMER COUNTY,369,55 Years,126,69,57,58,33,25,1,0,1,0,0,0,67,36,31
PARMER COUNTY,369,56 Years,118,60,58,60,31,29,1,0,1,0,0,0,57,29,28
PARMER COUNTY,369,57 Years,106,54,52,51,29,22,1,0,1,0,0,0,54,25,29
PARMER COUNTY,369,58 Years,107,62,45,52,29,23,0,0,0,1,1,0,54,32,22
PARMER COUNTY,369,59 Years,104,49,55,60,25,35,0,0,0,1,0,1,43,24,19
PARMER COUNTY,369,60 Years,94,44,50,52,22,30,1,1,0,1,0,1,40,21,19
PARMER COUNTY,369,61 Years,98,47,51,60,30,30,1,1,0,2,1,1,35,15,20
PARMER COUNTY,369,62 Years,87,44,43,49,25,24,2,1,1,0,0,0,36,18,18
PARMER COUNTY,369,63 Years,97,53,44,55,33,22,2,0,2,1,0,1,39,20,19
PARMER COUNTY,369,64 Years,85,44,41,48,24,24,1,1,0,0,0,0,36,19,17
PARMER COUNTY,369,65 Years,76,41,35,45,23,22,1,1,0,0,0,0,30,17,13
PARMER COUNTY,369,66 Years,74,42,32,48,24,24,0,0,0,0,0,0,26,18,8
PARMER COUNTY,369,67 Years,68,35,33,45,24,21,0,0,0,0,0,0,23,11,12
PARMER COUNTY,369,68 Years,84,41,43,57,27,30,1,0,1,0,0,0,26,14,12
PARMER COUNTY,369,69 Years,65,31,34,47,22,25,1,1,0,1,0,1,16,8,8
PARMER COUNTY,369,70 Years,71,37,34,52,25,27,2,2,0,1,0,1,16,10,6
PARMER COUNTY,369,71 Years,60,29,31,45,21,24,3,3,0,1,1,0,11,4,7
PARMER COUNTY,369,72 Years,65,28,37,48,21,27,2,1,1,0,0,0,15,6,9
PARMER COUNTY,369,73 Years,49,25,24,35,18,17,3,1,2,1,0,1,10,6,4
PARMER COUNTY,369,74 Years,50,25,25,35,15,20,1,0,1,0,0,0,14,10,4
PARMER COUNTY,369,75 Years,62,28,34,43,22,21,0,0,0,0,0,0,19,6,13
PARMER COUNTY,369,76 Years,57,27,30,39,19,20,0,0,0,0,0,0,18,8,10
PARMER COUNTY,369,77 Years,53,22,31,35,15,20,1,0,1,0,0,0,17,7,10
PARMER COUNTY,369,78 Years,35,16,19,25,11,14,1,0,1,0,0,0,9,5,4
PARMER COUNTY,369,79 Years,41,16,25,36,14,22,1,0,1,0,0,0,4,2,2
PARMER COUNTY,369,80 Years,41,21,20,39,20,19,0,0,0,0,0,0,2,1,1
PARMER COUNTY,369,81 Years,32,12,20,25,9,16,0,0,0,0,0,0,7,3,4
PARMER COUNTY,369,82 Years,37,14,23,28,9,19,0,0,0,1,1,0,8,4,4
PARMER COUNTY,369,83 Years,36,16,20,30,12,18,0,0,0,0,0,0,6,4,2
PARMER COUNTY,369,84 Years,32,19,13,27,15,12,0,0,0,0,0,0,5,4,1
PARMER COUNTY,369,85 Years +,148,47,101,129,39,90,2,0,2,1,1,0,16,7,9
PECOS COUNTY,371,All Ages,15520,8738,6782,4287,2530,1757,527,494,33,222,113,109,10484,5601,4883
PECOS COUNTY,371,< 1 Year,232,118,114,39,20,19,0,0,0,5,3,2,188,95,93
PECOS COUNTY,371,1 Years,233,117,116,28,15,13,1,0,1,3,1,2,201,101,100
PECOS COUNTY,371,2 Years,241,118,123,33,17,16,2,2,0,3,1,2,203,98,105
PECOS COUNTY,371,3 Years,235,119,116,35,17,18,2,2,0,3,2,1,195,98,97
PECOS COUNTY,371,4 Years,230,132,98,36,22,14,1,0,1,3,0,3,190,110,80
PECOS COUNTY,371,5 Years,225,115,110,28,16,12,1,0,1,6,3,3,190,96,94
PECOS COUNTY,371,6 Years,226,111,115,29,16,13,1,0,1,4,2,2,192,93,99
PECOS COUNTY,371,7 Years,219,110,109,26,13,13,0,0,0,1,0,1,192,97,95
PECOS COUNTY,371,8 Years,185,90,95,24,10,14,1,0,1,0,0,0,160,80,80
PECOS COUNTY,371,9 Years,195,100,95,26,13,13,2,0,2,0,0,0,167,87,80
PECOS COUNTY,371,10 Years,200,106,94,33,17,16,3,3,0,1,0,1,163,86,77
PECOS COUNTY,371,11 Years,192,92,100,35,10,25,1,1,0,3,0,3,153,81,72
PECOS COUNTY,371,12 Years,208,111,97,32,17,15,1,1,0,2,1,1,173,92,81
PECOS COUNTY,371,13 Years,189,109,80,38,27,11,1,1,0,2,0,2,148,81,67
PECOS COUNTY,371,14 Years,191,96,95,33,17,16,1,0,1,2,0,2,155,79,76
PECOS COUNTY,371,15 Years,182,100,82,34,18,16,1,1,0,3,2,1,144,79,65
PECOS COUNTY,371,16 Years,210,94,116,42,19,23,1,1,0,2,1,1,165,73,92
PECOS COUNTY,371,17 Years,211,97,114,38,19,19,0,0,0,4,2,2,169,76,93
PECOS COUNTY,371,18 Years,217,110,107,46,26,20,2,0,2,1,0,1,168,84,84
PECOS COUNTY,371,19 Years,208,109,99,35,19,16,3,2,1,2,1,1,168,87,81
PECOS COUNTY,371,20 Years,212,132,80,40,24,16,7,7,0,1,1,0,164,100,64
PECOS COUNTY,371,21 Years,183,113,70,39,27,12,8,7,1,2,2,0,134,77,57
PECOS COUNTY,371,22 Years,178,91,87,32,21,11,10,10,0,1,1,0,135,59,76
PECOS COUNTY,371,23 Years,191,106,85,38,28,10,8,7,1,1,1,0,144,70,74
PECOS COUNTY,371,24 Years,188,117,71,33,25,8,15,15,0,6,4,2,134,73,61
PECOS COUNTY,371,25 Years,223,122,101,48,27,21,14,14,0,5,3,2,156,78,78
PECOS COUNTY,371,26 Years,195,111,84,48,31,17,11,10,1,3,1,2,133,69,64
PECOS COUNTY,371,27 Years,217,133,84,44,27,17,18,18,0,4,1,3,151,87,64
PECOS COUNTY,371,28 Years,253,169,84,59,43,16,17,17,0,1,0,1,176,109,67
PECOS COUNTY,371,29 Years,229,140,89,61,43,18,6,6,0,3,0,3,159,91,68
PECOS COUNTY,371,30 Years,246,157,89,67,48,19,11,11,0,4,3,1,164,95,69
PECOS COUNTY,371,31 Years,226,145,81,60,44,16,15,15,0,4,3,1,147,83,64
PECOS COUNTY,371,32 Years,201,123,78,35,19,16,7,6,1,1,1,0,158,97,61
PECOS COUNTY,371,33 Years,211,139,72,53,37,16,12,11,1,2,1,1,144,90,54
PECOS COUNTY,371,34 Years,213,141,72,54,40,14,16,15,1,3,1,2,140,85,55
PECOS COUNTY,371,35 Years,204,131,73,47,32,15,13,13,0,3,1,2,141,85,56
PECOS COUNTY,371,36 Years,222,142,80,44,30,14,15,14,1,6,3,3,157,95,62
PECOS COUNTY,371,37 Years,206,121,85,50,34,16,16,15,1,2,0,2,138,72,66
PECOS COUNTY,371,38 Years,247,153,94,71,51,20,13,13,0,1,0,1,162,89,73
PECOS COUNTY,371,39 Years,232,147,85,67,46,21,19,19,0,1,1,0,145,81,64
PECOS COUNTY,371,40 Years,236,151,85,81,59,22,20,19,1,1,0,1,134,73,61
PECOS COUNTY,371,41 Years,213,133,80,59,45,14,18,17,1,10,8,2,126,63,63
PECOS COUNTY,371,42 Years,198,116,82,60,41,19,8,8,0,6,4,2,124,63,61
PECOS COUNTY,371,43 Years,207,133,74,59,42,17,11,10,1,4,2,2,133,79,54
PECOS COUNTY,371,44 Years,200,130,70,56,42,14,16,15,1,3,3,0,125,70,55
PECOS COUNTY,371,45 Years,207,121,86,61,37,24,7,7,0,4,2,2,135,75,60
PECOS COUNTY,371,46 Years,247,163,84,87,63,24,18,16,2,3,2,1,139,82,57
PECOS COUNTY,371,47 Years,255,153,102,84,51,33,17,17,0,2,2,0,152,83,69
PECOS COUNTY,371,48 Years,233,135,98,95,52,43,14,14,0,2,1,1,122,68,54
PECOS COUNTY,371,49 Years,210,127,83,94,60,34,18,17,1,4,0,4,94,50,44
PECOS COUNTY,371,50 Years,248,156,92,97,59,38,16,16,0,6,2,4,129,79,50
PECOS COUNTY,371,51 Years,227,136,91,90,46,44,9,9,0,4,1,3,124,80,44
PECOS COUNTY,371,52 Years,238,137,101,102,64,38,7,7,0,4,3,1,125,63,62
PECOS COUNTY,371,53 Years,204,120,84,70,41,29,8,7,1,1,1,0,125,71,54
PECOS COUNTY,371,54 Years,231,144,87,90,59,31,8,7,1,2,1,1,131,77,54
PECOS COUNTY,371,55 Years,228,132,96,82,51,31,7,6,1,2,2,0,137,73,64
PECOS COUNTY,371,56 Years,213,111,102,94,56,38,6,6,0,0,0,0,113,49,64
PECOS COUNTY,371,57 Years,187,99,88,72,40,32,9,8,1,1,1,0,105,50,55
PECOS COUNTY,371,58 Years,186,101,85,66,35,31,6,6,0,4,3,1,110,57,53
PECOS COUNTY,371,59 Years,180,96,84,71,38,33,4,3,1,8,5,3,97,50,47
PECOS COUNTY,371,60 Years,174,100,74,63,37,26,2,1,1,4,3,1,105,59,46
PECOS COUNTY,371,61 Years,164,89,75,63,33,30,3,2,1,3,2,1,95,52,43
PECOS COUNTY,371,62 Years,141,73,68,56,33,23,3,3,0,3,1,2,79,36,43
PECOS COUNTY,371,63 Years,152,90,62,57,31,26,6,6,0,3,2,1,86,51,35
PECOS COUNTY,371,64 Years,168,94,74,66,34,32,2,2,0,2,1,1,98,57,41
PECOS COUNTY,371,65 Years,130,62,68,51,22,29,1,1,0,1,1,0,77,38,39
PECOS COUNTY,371,66 Years,128,69,59,46,27,19,0,0,0,1,0,1,81,42,39
PECOS COUNTY,371,67 Years,111,51,60,40,16,24,1,1,0,3,2,1,67,32,35
PECOS COUNTY,371,68 Years,109,53,56,42,21,21,2,2,0,2,2,0,63,28,35
PECOS COUNTY,371,69 Years,111,49,62,43,18,25,1,1,0,6,3,3,61,27,34
PECOS COUNTY,371,70 Years,110,51,59,41,18,23,0,0,0,3,1,2,66,32,34
PECOS COUNTY,371,71 Years,101,50,51,32,17,15,0,0,0,2,0,2,67,33,34
PECOS COUNTY,371,72 Years,94,41,53,29,11,18,2,2,0,2,1,1,61,27,34
PECOS COUNTY,371,73 Years,89,53,36,37,20,17,1,1,0,2,2,0,49,30,19
PECOS COUNTY,371,74 Years,89,55,34,39,25,14,0,0,0,0,0,0,50,30,20
PECOS COUNTY,371,75 Years,86,47,39,34,16,18,0,0,0,0,0,0,52,31,21
PECOS COUNTY,371,76 Years,73,37,36,30,14,16,0,0,0,0,0,0,43,23,20
PECOS COUNTY,371,77 Years,66,29,37,31,14,17,0,0,0,1,0,1,34,15,19
PECOS COUNTY,371,78 Years,74,37,37,32,18,14,0,0,0,2,0,2,40,19,21
PECOS COUNTY,371,79 Years,65,32,33,32,17,15,0,0,0,1,0,1,32,15,17
PECOS COUNTY,371,80 Years,56,23,33,23,9,14,0,0,0,0,0,0,33,14,19
PECOS COUNTY,371,81 Years,54,23,31,22,7,15,0,0,0,0,0,0,32,16,16
PECOS COUNTY,371,82 Years,53,26,27,19,6,13,0,0,0,1,0,1,33,20,13
PECOS COUNTY,371,83 Years,47,25,22,23,14,9,0,0,0,1,0,1,23,11,12
PECOS COUNTY,371,84 Years,44,26,18,24,16,8,0,0,0,0,0,0,20,10,10
PECOS COUNTY,371,85 Years +,177,72,105,82,30,52,0,0,0,4,2,2,91,40,51
POLK COUNTY,373,All Ages,45605,24385,21220,32791,16779,16012,5164,3197,1967,1498,704,794,6152,3705,2447
POLK COUNTY,373,< 1 Year,496,254,242,330,169,161,44,22,22,21,11,10,101,52,49
POLK COUNTY,373,1 Years,509,259,250,309,161,148,66,35,31,27,12,15,107,51,56
POLK COUNTY,373,2 Years,493,252,241,288,147,141,53,30,23,29,11,18,123,64,59
POLK COUNTY,373,3 Years,541,277,264,332,180,152,54,24,30,34,13,21,121,60,61
POLK COUNTY,373,4 Years,544,301,243,339,193,146,52,28,24,27,16,11,126,64,62
POLK COUNTY,373,5 Years,521,269,252,329,168,161,58,33,25,28,13,15,106,55,51
POLK COUNTY,373,6 Years,486,249,237,310,153,157,56,31,25,21,11,10,99,54,45
POLK COUNTY,373,7 Years,514,282,232,338,183,155,50,23,27,23,14,9,103,62,41
POLK COUNTY,373,8 Years,507,266,241,323,171,152,56,29,27,32,16,16,96,50,46
POLK COUNTY,373,9 Years,524,248,276,336,154,182,56,32,24,34,15,19,98,47,51
POLK COUNTY,373,10 Years,540,280,260,346,181,165,70,32,38,28,15,13,96,52,44
POLK COUNTY,373,11 Years,550,280,270,346,180,166,72,35,37,29,16,13,103,49,54
POLK COUNTY,373,12 Years,550,289,261,361,191,170,61,34,27,23,10,13,105,54,51
POLK COUNTY,373,13 Years,547,280,267,349,175,174,63,34,29,31,14,17,104,57,47
POLK COUNTY,373,14 Years,542,266,276,340,163,177,69,34,35,28,12,16,105,57,48
POLK COUNTY,373,15 Years,564,290,274,354,175,179,63,36,27,34,16,18,113,63,50
POLK COUNTY,373,16 Years,554,295,259,357,184,173,64,35,29,30,14,16,103,62,41
POLK COUNTY,373,17 Years,554,278,276,363,176,187,64,39,25,25,14,11,102,49,53
POLK COUNTY,373,18 Years,535,282,253,356,182,174,57,33,24,23,13,10,99,54,45
POLK COUNTY,373,19 Years,541,295,246,335,182,153,64,40,24,26,12,14,116,61,55
POLK COUNTY,373,20 Years,518,280,238,325,176,149,71,40,31,19,9,10,103,55,48
POLK COUNTY,373,21 Years,464,273,191,295,164,131,63,44,19,10,6,4,96,59,37
POLK COUNTY,373,22 Years,481,287,194,279,152,127,70,46,24,17,12,5,115,77,38
POLK COUNTY,373,23 Years,500,293,207,312,163,149,67,49,18,16,7,9,105,74,31
POLK COUNTY,373,24 Years,542,316,226,336,181,155,75,48,27,17,11,6,114,76,38
POLK COUNTY,373,25 Years,502,297,205,301,173,128,78,50,28,18,7,11,105,67,38
POLK COUNTY,373,26 Years,503,302,201,315,176,139,70,51,19,12,7,5,106,68,38
POLK COUNTY,373,27 Years,514,310,204,329,184,145,68,51,17,10,4,6,107,71,36
POLK COUNTY,373,28 Years,505,317,188,311,186,125,79,56,23,12,5,7,103,70,33
POLK COUNTY,373,29 Years,496,287,209,298,160,138,76,53,23,13,7,6,109,67,42
POLK COUNTY,373,30 Years,531,333,198,312,178,134,81,60,21,18,11,7,120,84,36
POLK COUNTY,373,31 Years,569,362,207,346,200,146,98,71,27,16,11,5,109,80,29
POLK COUNTY,373,32 Years,509,297,212,321,168,153,84,60,24,12,5,7,92,64,28
POLK COUNTY,373,33 Years,487,287,200,285,152,133,84,57,27,18,8,10,100,70,30
POLK COUNTY,373,34 Years,495,297,198,290,158,132,94,64,30,18,9,9,93,66,27
POLK COUNTY,373,35 Years,539,332,207,343,195,148,74,53,21,12,6,6,110,78,32
POLK COUNTY,373,36 Years,541,312,229,341,177,164,86,59,27,15,6,9,99,70,29
POLK COUNTY,373,37 Years,530,324,206,308,167,141,92,71,21,19,11,8,111,75,36
POLK COUNTY,373,38 Years,550,353,197,311,174,137,99,78,21,12,5,7,128,96,32
POLK COUNTY,373,39 Years,561,327,234,352,184,168,80,63,17,15,8,7,114,72,42
POLK COUNTY,373,40 Years,598,346,252,396,224,172,95,71,24,18,7,11,89,44,45
POLK COUNTY,373,41 Years,573,355,218,379,217,162,71,54,17,19,9,10,104,75,29
POLK COUNTY,373,42 Years,569,352,217,385,220,165,79,63,16,17,7,10,88,62,26
POLK COUNTY,373,43 Years,560,320,240,371,193,178,88,65,23,15,6,9,86,56,30
POLK COUNTY,373,44 Years,580,330,250,402,216,186,89,67,22,22,10,12,67,37,30
POLK COUNTY,373,45 Years,588,327,261,381,199,182,92,66,26,16,6,10,99,56,43
POLK COUNTY,373,46 Years,659,382,277,464,244,220,80,57,23,16,8,8,99,73,26
POLK COUNTY,373,47 Years,650,362,288,474,249,225,77,48,29,21,9,12,78,56,22
POLK COUNTY,373,48 Years,633,342,291,436,217,219,113,77,36,21,11,10,63,37,26
POLK COUNTY,373,49 Years,634,340,294,464,239,225,91,56,35,17,9,8,62,36,26
POLK COUNTY,373,50 Years,649,340,309,476,242,234,89,55,34,19,7,12,65,36,29
POLK COUNTY,373,51 Years,667,354,313,489,246,243,83,53,30,19,6,13,76,49,27
POLK COUNTY,373,52 Years,671,347,324,496,249,247,80,42,38,18,8,10,77,48,29
POLK COUNTY,373,53 Years,670,353,317,513,260,253,84,49,35,14,7,7,59,37,22
POLK COUNTY,373,54 Years,684,368,316,533,276,257,84,55,29,22,8,14,45,29,16
POLK COUNTY,373,55 Years,685,368,317,523,271,252,76,46,30,25,11,14,61,40,21
POLK COUNTY,373,56 Years,686,358,328,523,261,262,91,57,34,20,8,12,52,32,20
POLK COUNTY,373,57 Years,660,345,315,523,266,257,74,42,32,16,10,6,47,27,20
POLK COUNTY,373,58 Years,624,321,303,497,252,245,50,22,28,18,9,9,59,38,21
POLK COUNTY,373,59 Years,620,305,315,505,250,255,56,27,29,18,8,10,41,20,21
POLK COUNTY,373,60 Years,618,312,306,502,247,255,62,34,28,13,8,5,41,23,18
POLK COUNTY,373,61 Years,611,294,317,498,232,266,63,33,30,16,6,10,34,23,11
POLK COUNTY,373,62 Years,625,315,310,532,263,269,41,20,21,15,8,7,37,24,13
POLK COUNTY,373,63 Years,639,332,307,547,281,266,45,28,17,18,7,11,29,16,13
POLK COUNTY,373,64 Years,632,299,333,553,261,292,36,19,17,16,4,12,27,15,12
POLK COUNTY,373,65 Years,586,271,315,502,233,269,38,15,23,14,6,8,32,17,15
POLK COUNTY,373,66 Years,596,269,327,517,231,286,36,19,17,14,5,9,29,14,15
POLK COUNTY,373,67 Years,598,301,297,525,260,265,29,15,14,15,8,7,29,18,11
POLK COUNTY,373,68 Years,590,303,287,517,265,252,29,14,15,16,8,8,28,16,12
POLK COUNTY,373,69 Years,549,270,279,480,236,244,33,16,17,15,8,7,21,10,11
POLK COUNTY,373,70 Years,519,257,262,453,224,229,31,14,17,15,7,8,20,12,8
POLK COUNTY,373,71 Years,492,241,251,440,215,225,25,12,13,11,5,6,16,9,7
POLK COUNTY,373,72 Years,456,215,241,410,191,219,23,13,10,9,4,5,14,7,7
POLK COUNTY,373,73 Years,463,246,217,409,215,194,29,16,13,11,7,4,14,8,6
POLK COUNTY,373,74 Years,410,196,214,368,178,190,23,12,11,8,3,5,11,3,8
POLK COUNTY,373,75 Years,390,191,199,353,175,178,20,10,10,6,2,4,11,4,7
POLK COUNTY,373,76 Years,357,176,181,332,166,166,15,7,8,3,1,2,7,2,5
POLK COUNTY,373,77 Years,322,160,162,291,146,145,15,6,9,8,4,4,8,4,4
POLK COUNTY,373,78 Years,325,162,163,284,139,145,26,13,13,4,2,2,11,8,3
POLK COUNTY,373,79 Years,289,153,136,255,135,120,16,8,8,8,2,6,10,8,2
POLK COUNTY,373,80 Years,264,119,145,242,109,133,10,5,5,4,0,4,8,5,3
POLK COUNTY,373,81 Years,245,106,139,227,99,128,11,4,7,4,2,2,3,1,2
POLK COUNTY,373,82 Years,211,100,111,190,91,99,14,5,9,4,2,2,3,2,1
POLK COUNTY,373,83 Years,220,104,116,197,93,104,11,7,4,6,2,4,6,2,4
POLK COUNTY,373,84 Years,188,83,105,166,74,92,7,2,5,7,4,3,8,3,5
POLK COUNTY,373,85 Years +,801,317,484,720,293,427,53,15,38,15,2,13,13,7,6
POTTER COUNTY,375,All Ages,122300,62570,59730,58725,28969,29756,11914,6896,5018,7607,3861,3746,44054,22844,21210
POTTER COUNTY,375,< 1 Year,2045,1044,1001,789,405,384,166,84,82,130,67,63,960,488,472
POTTER COUNTY,375,1 Years,2075,1072,1003,723,385,338,190,83,107,144,72,72,1018,532,486
POTTER COUNTY,375,2 Years,2020,1002,1018,673,350,323,184,89,95,163,78,85,1000,485,515
POTTER COUNTY,375,3 Years,2065,1056,1009,679,349,330,204,118,86,177,96,81,1005,493,512
POTTER COUNTY,375,4 Years,2068,1092,976,680,356,324,198,113,85,157,88,69,1033,535,498
POTTER COUNTY,375,5 Years,2038,1016,1022,646,345,301,189,90,99,162,75,87,1041,506,535
POTTER COUNTY,375,6 Years,1999,1023,976,663,341,322,198,98,100,151,73,78,987,511,476
POTTER COUNTY,375,7 Years,1995,1034,961,637,332,305,194,110,84,166,73,93,998,519,479
POTTER COUNTY,375,8 Years,1879,948,931,626,313,313,183,100,83,161,71,90,909,464,445
POTTER COUNTY,375,9 Years,1879,955,924,632,318,314,187,104,83,143,68,75,917,465,452
POTTER COUNTY,375,10 Years,1839,916,923,604,292,312,172,94,78,147,74,73,916,456,460
POTTER COUNTY,375,11 Years,1788,887,901,611,290,321,162,84,78,156,87,69,859,426,433
POTTER COUNTY,375,12 Years,1768,910,858,608,314,294,156,87,69,157,81,76,847,428,419
POTTER COUNTY,375,13 Years,1721,897,824,582,305,277,174,93,81,137,61,76,828,438,390
POTTER COUNTY,375,14 Years,1701,841,860,577,282,295,182,92,90,130,60,70,812,407,405
POTTER COUNTY,375,15 Years,1710,885,825,585,299,286,176,88,88,125,75,50,824,423,401
POTTER COUNTY,375,16 Years,1672,848,824,601,312,289,170,92,78,122,59,63,779,385,394
POTTER COUNTY,375,17 Years,1674,854,820,573,288,285,194,101,93,127,61,66,780,404,376
POTTER COUNTY,375,18 Years,1672,865,807,591,294,297,200,100,100,120,62,58,761,409,352
POTTER COUNTY,375,19 Years,1620,810,810,555,283,272,179,89,90,108,53,55,778,385,393
POTTER COUNTY,375,20 Years,1665,833,832,590,293,297,160,85,75,105,53,52,810,402,408
POTTER COUNTY,375,21 Years,1705,865,840,631,310,321,184,102,82,125,64,61,765,389,376
POTTER COUNTY,375,22 Years,1746,886,860,677,332,345,188,106,82,112,60,52,769,388,381
POTTER COUNTY,375,23 Years,1844,949,895,737,366,371,207,122,85,117,59,58,783,402,381
POTTER COUNTY,375,24 Years,1823,950,873,771,380,391,203,123,80,103,52,51,746,395,351
POTTER COUNTY,375,25 Years,1907,948,959,857,384,473,184,117,67,109,51,58,757,396,361
POTTER COUNTY,375,26 Years,1980,1006,974,897,423,474,192,121,71,126,68,58,765,394,371
POTTER COUNTY,375,27 Years,1915,1000,915,834,403,431,188,113,75,111,61,50,782,423,359
POTTER COUNTY,375,28 Years,1942,1045,897,849,429,420,203,127,76,114,62,52,776,427,349
POTTER COUNTY,375,29 Years,1981,1069,912,890,475,415,206,134,72,114,56,58,771,404,367
POTTER COUNTY,375,30 Years,1940,1022,918,913,473,440,200,132,68,117,56,61,710,361,349
POTTER COUNTY,375,31 Years,1821,962,859,800,402,398,199,132,67,118,56,62,704,372,332
POTTER COUNTY,375,32 Years,1693,926,767,722,365,357,200,138,62,93,40,53,678,383,295
POTTER COUNTY,375,33 Years,1647,871,776,746,368,378,173,125,48,103,50,53,625,328,297
POTTER COUNTY,375,34 Years,1627,911,716,737,407,330,165,111,54,106,53,53,619,340,279
POTTER COUNTY,375,35 Years,1573,850,723,704,371,333,161,105,56,113,63,50,595,311,284
POTTER COUNTY,375,36 Years,1555,837,718,655,337,318,180,123,57,109,56,53,611,321,290
POTTER COUNTY,375,37 Years,1505,838,667,645,328,317,158,107,51,112,58,54,590,345,245
POTTER COUNTY,375,38 Years,1486,803,683,658,327,331,145,104,41,113,65,48,570,307,263
POTTER COUNTY,375,39 Years,1554,844,710,685,352,333,179,120,59,122,71,51,568,301,267
POTTER COUNTY,375,40 Years,1571,862,709,712,378,334,189,130,59,114,61,53,556,293,263
POTTER COUNTY,375,41 Years,1642,892,750,786,415,371,184,131,53,99,44,55,573,302,271
POTTER COUNTY,375,42 Years,1527,810,717,709,356,353,165,110,55,87,43,44,566,301,265
POTTER COUNTY,375,43 Years,1508,814,694,680,337,343,171,119,52,99,52,47,558,306,252
POTTER COUNTY,375,44 Years,1454,814,640,672,367,305,152,99,53,104,55,49,526,293,233
POTTER COUNTY,375,45 Years,1522,851,671,724,372,352,175,121,54,89,47,42,534,311,223
POTTER COUNTY,375,46 Years,1652,911,741,805,425,380,207,135,72,90,48,42,550,303,247
POTTER COUNTY,375,47 Years,1655,909,746,857,467,390,186,112,74,100,52,48,512,278,234
POTTER COUNTY,375,48 Years,1622,873,749,906,497,409,177,95,82,83,44,39,456,237,219
POTTER COUNTY,375,49 Years,1624,841,783,899,449,450,177,107,70,78,38,40,470,247,223
POTTER COUNTY,375,50 Years,1641,876,765,941,494,447,180,112,68,80,40,40,440,230,210
POTTER COUNTY,375,51 Years,1678,894,784,998,517,481,165,93,72,84,47,37,431,237,194
POTTER COUNTY,375,52 Years,1627,869,758,954,497,457,158,97,61,86,43,43,429,232,197
POTTER COUNTY,375,53 Years,1633,870,763,970,488,482,169,113,56,74,39,35,420,230,190
POTTER COUNTY,375,54 Years,1566,785,781,949,463,486,156,88,68,77,41,36,384,193,191
POTTER COUNTY,375,55 Years,1648,891,757,1035,554,481,160,96,64,69,36,33,384,205,179
POTTER COUNTY,375,56 Years,1556,805,751,988,504,484,150,89,61,76,37,39,342,175,167
POTTER COUNTY,375,57 Years,1409,742,667,904,465,439,124,71,53,77,42,35,304,164,140
POTTER COUNTY,375,58 Years,1374,707,667,891,447,444,117,63,54,77,40,37,289,157,132
POTTER COUNTY,375,59 Years,1279,648,631,847,420,427,110,54,56,64,31,33,258,143,115
POTTER COUNTY,375,60 Years,1233,636,597,809,403,406,108,58,50,58,34,24,258,141,117
POTTER COUNTY,375,61 Years,1157,602,555,735,367,368,99,54,45,64,39,25,259,142,117
POTTER COUNTY,375,62 Years,1115,561,554,715,360,355,104,49,55,72,38,34,224,114,110
POTTER COUNTY,375,63 Years,1080,522,558,734,362,372,92,44,48,52,26,26,202,90,112
POTTER COUNTY,375,64 Years,1054,518,536,749,359,390,77,39,38,46,27,19,182,93,89
POTTER COUNTY,375,65 Years,881,409,472,576,259,317,62,32,30,52,30,22,191,88,103
POTTER COUNTY,375,66 Years,809,393,416,537,257,280,68,35,33,49,24,25,155,77,78
POTTER COUNTY,375,67 Years,825,408,417,583,291,292,56,28,28,46,20,26,140,69,71
POTTER COUNTY,375,68 Years,736,347,389,532,255,277,54,19,35,37,18,19,113,55,58
POTTER COUNTY,375,69 Years,706,343,363,516,241,275,53,24,29,31,18,13,106,60,46
POTTER COUNTY,375,70 Years,699,339,360,500,244,256,44,22,22,27,12,15,128,61,67
POTTER COUNTY,375,71 Years,643,287,356,481,217,264,33,13,20,24,12,12,105,45,60
POTTER COUNTY,375,72 Years,607,268,339,459,196,263,34,17,17,24,12,12,90,43,47
POTTER COUNTY,375,73 Years,568,261,307,431,192,239,30,15,15,24,13,11,83,41,42
POTTER COUNTY,375,74 Years,543,217,326,416,163,253,31,13,18,22,9,13,74,32,42
POTTER COUNTY,375,75 Years,518,222,296,385,172,213,36,14,22,19,5,14,78,31,47
POTTER COUNTY,375,76 Years,508,216,292,390,169,221,31,12,19,14,5,9,73,30,43
POTTER COUNTY,375,77 Years,491,211,280,380,167,213,33,11,22,13,6,7,65,27,38
POTTER COUNTY,375,78 Years,458,190,268,367,150,217,25,9,16,12,7,5,54,24,30
POTTER COUNTY,375,79 Years,471,198,273,371,150,221,30,15,15,14,5,9,56,28,28
POTTER COUNTY,375,80 Years,415,164,251,324,127,197,26,9,17,10,3,7,55,25,30
POTTER COUNTY,375,81 Years,401,171,230,311,134,177,22,8,14,12,5,7,56,24,32
POTTER COUNTY,375,82 Years,368,152,216,293,115,178,22,12,10,8,5,3,45,20,25
POTTER COUNTY,375,83 Years,353,141,212,283,106,177,18,8,10,7,5,2,45,22,23
POTTER COUNTY,375,84 Years,360,135,225,290,105,185,26,11,15,6,3,3,38,16,22
POTTER COUNTY,375,85 Years +,1976,625,1351,1698,518,1180,95,34,61,32,12,20,151,61,90
PRESIDIO COUNTY,377,All Ages,7901,3867,4034,1141,604,537,31,22,9,128,68,60,6601,3173,3428
PRESIDIO COUNTY,377,< 1 Year,119,60,59,11,5,6,0,0,0,1,1,0,107,54,53
PRESIDIO COUNTY,377,1 Years,111,58,53,12,5,7,1,1,0,2,1,1,96,51,45
PRESIDIO COUNTY,377,2 Years,108,57,51,13,7,6,1,0,1,3,1,2,91,49,42
PRESIDIO COUNTY,377,3 Years,123,67,56,19,12,7,1,0,1,4,3,1,99,52,47
PRESIDIO COUNTY,377,4 Years,112,56,56,7,5,2,1,1,0,2,1,1,102,49,53
PRESIDIO COUNTY,377,5 Years,112,56,56,14,8,6,0,0,0,1,0,1,97,48,49
PRESIDIO COUNTY,377,6 Years,115,62,53,11,7,4,1,1,0,0,0,0,103,54,49
PRESIDIO COUNTY,377,7 Years,114,67,47,9,5,4,1,1,0,5,2,3,99,59,40
PRESIDIO COUNTY,377,8 Years,119,64,55,14,11,3,0,0,0,6,4,2,99,49,50
PRESIDIO COUNTY,377,9 Years,102,58,44,9,6,3,1,1,0,3,3,0,89,48,41
PRESIDIO COUNTY,377,10 Years,126,72,54,7,5,2,1,1,0,1,1,0,117,65,52
PRESIDIO COUNTY,377,11 Years,128,65,63,4,2,2,1,1,0,3,1,2,120,61,59
PRESIDIO COUNTY,377,12 Years,137,75,62,7,4,3,1,1,0,4,3,1,125,67,58
PRESIDIO COUNTY,377,13 Years,146,79,67,12,5,7,1,1,0,3,2,1,130,71,59
PRESIDIO COUNTY,377,14 Years,132,68,64,9,3,6,1,0,1,3,2,1,119,63,56
PRESIDIO COUNTY,377,15 Years,140,64,76,8,2,6,1,1,0,3,2,1,128,59,69
PRESIDIO COUNTY,377,16 Years,154,78,76,5,4,1,1,1,0,1,1,0,147,72,75
PRESIDIO COUNTY,377,17 Years,142,80,62,3,2,1,0,0,0,4,1,3,135,77,58
PRESIDIO COUNTY,377,18 Years,138,80,58,8,2,6,1,0,1,4,3,1,125,75,50
PRESIDIO COUNTY,377,19 Years,118,69,49,6,4,2,0,0,0,1,0,1,111,65,46
PRESIDIO COUNTY,377,20 Years,103,55,48,1,1,0,0,0,0,1,1,0,101,53,48
PRESIDIO COUNTY,377,21 Years,81,38,43,2,1,1,1,0,1,1,1,0,77,36,41
PRESIDIO COUNTY,377,22 Years,61,34,27,6,3,3,1,0,1,0,0,0,54,31,23
PRESIDIO COUNTY,377,23 Years,63,33,30,10,7,3,0,0,0,0,0,0,53,26,27
PRESIDIO COUNTY,377,24 Years,75,43,32,14,11,3,2,2,0,0,0,0,59,30,29
PRESIDIO COUNTY,377,25 Years,87,37,50,12,6,6,1,1,0,0,0,0,74,30,44
PRESIDIO COUNTY,377,26 Years,78,34,44,22,11,11,0,0,0,0,0,0,56,23,33
PRESIDIO COUNTY,377,27 Years,74,29,45,18,8,10,0,0,0,0,0,0,56,21,35
PRESIDIO COUNTY,377,28 Years,64,24,40,13,6,7,0,0,0,0,0,0,51,18,33
PRESIDIO COUNTY,377,29 Years,69,29,40,15,7,8,1,0,1,1,0,1,52,22,30
PRESIDIO COUNTY,377,30 Years,79,34,45,16,8,8,1,1,0,0,0,0,62,25,37
PRESIDIO COUNTY,377,31 Years,78,36,42,15,9,6,0,0,0,0,0,0,63,27,36
PRESIDIO COUNTY,377,32 Years,70,29,41,10,5,5,0,0,0,3,2,1,57,22,35
PRESIDIO COUNTY,377,33 Years,63,29,34,11,8,3,0,0,0,3,1,2,49,20,29
PRESIDIO COUNTY,377,34 Years,71,32,39,11,6,5,2,2,0,2,0,2,56,24,32
PRESIDIO COUNTY,377,35 Years,85,39,46,11,5,6,1,1,0,3,2,1,70,31,39
PRESIDIO COUNTY,377,36 Years,88,36,52,9,4,5,0,0,0,6,2,4,73,30,43
PRESIDIO COUNTY,377,37 Years,84,31,53,10,6,4,0,0,0,5,1,4,69,24,45
PRESIDIO COUNTY,377,38 Years,87,39,48,17,7,10,0,0,0,2,1,1,68,31,37
PRESIDIO COUNTY,377,39 Years,105,55,50,21,10,11,0,0,0,4,4,0,80,41,39
PRESIDIO COUNTY,377,40 Years,105,44,61,18,8,10,0,0,0,1,1,0,86,35,51
PRESIDIO COUNTY,377,41 Years,104,44,60,19,11,8,0,0,0,4,1,3,81,32,49
PRESIDIO COUNTY,377,42 Years,101,45,56,19,11,8,0,0,0,2,1,1,80,33,47
PRESIDIO COUNTY,377,43 Years,100,46,54,17,9,8,0,0,0,4,2,2,79,35,44
PRESIDIO COUNTY,377,44 Years,87,41,46,10,6,4,1,1,0,1,0,1,75,34,41
PRESIDIO COUNTY,377,45 Years,94,43,51,15,9,6,0,0,0,0,0,0,79,34,45
PRESIDIO COUNTY,377,46 Years,92,44,48,9,5,4,0,0,0,2,2,0,81,37,44
PRESIDIO COUNTY,377,47 Years,101,53,48,9,6,3,0,0,0,0,0,0,92,47,45
PRESIDIO COUNTY,377,48 Years,98,47,51,15,7,8,0,0,0,0,0,0,83,40,43
PRESIDIO COUNTY,377,49 Years,99,45,54,17,9,8,0,0,0,1,0,1,81,36,45
PRESIDIO COUNTY,377,50 Years,99,45,54,12,5,7,0,0,0,2,0,2,85,40,45
PRESIDIO COUNTY,377,51 Years,88,42,46,12,8,4,1,1,0,1,0,1,74,33,41
PRESIDIO COUNTY,377,52 Years,76,36,40,12,6,6,1,1,0,1,1,0,62,28,34
PRESIDIO COUNTY,377,53 Years,83,39,44,17,7,10,0,0,0,1,1,0,65,31,34
PRESIDIO COUNTY,377,54 Years,109,56,53,28,15,13,0,0,0,1,1,0,80,40,40
PRESIDIO COUNTY,377,55 Years,94,41,53,16,9,7,0,0,0,2,0,2,76,32,44
PRESIDIO COUNTY,377,56 Years,86,39,47,20,12,8,1,1,0,1,0,1,64,26,38
PRESIDIO COUNTY,377,57 Years,93,42,51,17,11,6,0,0,0,0,0,0,76,31,45
PRESIDIO COUNTY,377,58 Years,98,46,52,21,10,11,0,0,0,1,1,0,76,35,41
PRESIDIO COUNTY,377,59 Years,100,38,62,20,8,12,0,0,0,1,1,0,79,29,50
PRESIDIO COUNTY,377,60 Years,92,45,47,18,7,11,0,0,0,4,4,0,70,34,36
PRESIDIO COUNTY,377,61 Years,96,51,45,21,11,10,1,0,1,1,1,0,73,39,34
PRESIDIO COUNTY,377,62 Years,102,53,49,29,15,14,1,0,1,1,0,1,71,38,33
PRESIDIO COUNTY,377,63 Years,103,54,49,31,18,13,0,0,0,3,2,1,69,34,35
PRESIDIO COUNTY,377,64 Years,110,56,54,25,15,10,0,0,0,3,1,2,82,40,42
PRESIDIO COUNTY,377,65 Years,78,38,40,22,14,8,0,0,0,0,0,0,56,24,32
PRESIDIO COUNTY,377,66 Years,75,36,39,16,10,6,0,0,0,1,0,1,58,26,32
PRESIDIO COUNTY,377,67 Years,73,41,32,12,7,5,0,0,0,1,0,1,60,34,26
PRESIDIO COUNTY,377,68 Years,89,44,45,19,6,13,0,0,0,1,0,1,69,38,31
PRESIDIO COUNTY,377,69 Years,81,38,43,17,9,8,0,0,0,0,0,0,64,29,35
PRESIDIO COUNTY,377,70 Years,79,28,51,7,4,3,0,0,0,0,0,0,72,24,48
PRESIDIO COUNTY,377,71 Years,66,29,37,8,4,4,0,0,0,1,0,1,57,25,32
PRESIDIO COUNTY,377,72 Years,71,34,37,12,6,6,0,0,0,0,0,0,59,28,31
PRESIDIO COUNTY,377,73 Years,73,40,33,12,8,4,0,0,0,0,0,0,61,32,29
PRESIDIO COUNTY,377,74 Years,64,35,29,11,7,4,0,0,0,0,0,0,53,28,25
PRESIDIO COUNTY,377,75 Years,62,27,35,9,4,5,0,0,0,0,0,0,53,23,30
PRESIDIO COUNTY,377,76 Years,67,37,30,11,6,5,0,0,0,0,0,0,56,31,25
PRESIDIO COUNTY,377,77 Years,60,34,26,14,8,6,0,0,0,0,0,0,46,26,20
PRESIDIO COUNTY,377,78 Years,46,21,25,11,4,7,0,0,0,0,0,0,35,17,18
PRESIDIO COUNTY,377,79 Years,41,20,21,8,4,4,0,0,0,0,0,0,33,16,17
PRESIDIO COUNTY,377,80 Years,46,21,25,6,1,5,0,0,0,1,1,0,39,19,20
PRESIDIO COUNTY,377,81 Years,48,25,23,5,1,4,0,0,0,0,0,0,43,24,19
PRESIDIO COUNTY,377,82 Years,44,20,24,8,2,6,0,0,0,0,0,0,36,18,18
PRESIDIO COUNTY,377,83 Years,45,17,28,9,5,4,0,0,0,0,0,0,36,12,24
PRESIDIO COUNTY,377,84 Years,41,20,21,11,8,3,0,0,0,0,0,0,30,12,18
PRESIDIO COUNTY,377,85 Years +,181,76,105,34,15,19,0,0,0,0,0,0,147,61,86
RAINS COUNTY,379,All Ages,11065,5559,5506,9674,4828,4846,245,132,113,278,137,141,868,462,406
RAINS COUNTY,379,< 1 Year,110,58,52,88,46,42,2,1,1,4,3,1,16,8,8
RAINS COUNTY,379,1 Years,110,59,51,88,45,43,1,0,1,5,2,3,16,12,4
RAINS COUNTY,379,2 Years,110,62,48,85,46,39,4,4,0,6,3,3,15,9,6
RAINS COUNTY,379,3 Years,107,65,42,85,49,36,2,2,0,3,2,1,17,12,5
RAINS COUNTY,379,4 Years,124,62,62,97,47,50,0,0,0,2,0,2,25,15,10
RAINS COUNTY,379,5 Years,118,58,60,94,44,50,1,1,0,3,2,1,20,11,9
RAINS COUNTY,379,6 Years,109,58,51,92,50,42,4,2,2,1,1,0,12,5,7
RAINS COUNTY,379,7 Years,112,62,50,94,51,43,2,2,0,3,2,1,13,7,6
RAINS COUNTY,379,8 Years,115,64,51,85,45,40,1,1,0,7,6,1,22,12,10
RAINS COUNTY,379,9 Years,114,53,61,93,43,50,1,0,1,4,3,1,16,7,9
RAINS COUNTY,379,10 Years,129,63,66,107,52,55,1,1,0,5,3,2,16,7,9
RAINS COUNTY,379,11 Years,133,62,71,98,45,53,4,2,2,6,3,3,25,12,13
RAINS COUNTY,379,12 Years,142,72,70,107,53,54,5,2,3,7,4,3,23,13,10
RAINS COUNTY,379,13 Years,174,89,85,137,70,67,6,3,3,6,3,3,25,13,12
RAINS COUNTY,379,14 Years,163,94,69,135,79,56,5,3,2,6,3,3,17,9,8
RAINS COUNTY,379,15 Years,162,94,68,129,78,51,3,1,2,4,3,1,26,12,14
RAINS COUNTY,379,16 Years,156,91,65,121,73,48,3,1,2,7,4,3,25,13,12
RAINS COUNTY,379,17 Years,151,74,77,119,57,62,4,1,3,8,4,4,20,12,8
RAINS COUNTY,379,18 Years,148,80,68,113,60,53,4,1,3,8,3,5,23,16,7
RAINS COUNTY,379,19 Years,143,80,63,113,64,49,3,1,2,7,4,3,20,11,9
RAINS COUNTY,379,20 Years,111,59,52,90,47,43,2,2,0,3,2,1,16,8,8
RAINS COUNTY,379,21 Years,99,52,47,80,40,40,2,1,1,2,1,1,15,10,5
RAINS COUNTY,379,22 Years,97,56,41,82,49,33,1,0,1,3,1,2,11,6,5
RAINS COUNTY,379,23 Years,93,52,41,77,43,34,1,0,1,2,1,1,13,8,5
RAINS COUNTY,379,24 Years,87,41,46,74,32,42,0,0,0,1,0,1,12,9,3
RAINS COUNTY,379,25 Years,97,47,50,78,35,43,0,0,0,2,0,2,17,12,5
RAINS COUNTY,379,26 Years,100,50,50,80,40,40,0,0,0,4,2,2,16,8,8
RAINS COUNTY,379,27 Years,88,45,43,71,39,32,4,3,1,3,1,2,10,2,8
RAINS COUNTY,379,28 Years,95,42,53,81,34,47,1,1,0,2,1,1,11,6,5
RAINS COUNTY,379,29 Years,105,52,53,86,41,45,2,1,1,2,1,1,15,9,6
RAINS COUNTY,379,30 Years,97,50,47,82,42,40,0,0,0,3,1,2,12,7,5
RAINS COUNTY,379,31 Years,89,47,42,68,35,33,3,3,0,2,1,1,16,8,8
RAINS COUNTY,379,32 Years,99,51,48,86,47,39,3,1,2,0,0,0,10,3,7
RAINS COUNTY,379,33 Years,91,49,42,78,42,36,2,1,1,1,0,1,10,6,4
RAINS COUNTY,379,34 Years,116,58,58,100,50,50,2,2,0,3,1,2,11,5,6
RAINS COUNTY,379,35 Years,115,49,66,96,44,52,5,2,3,4,1,3,10,2,8
RAINS COUNTY,379,36 Years,110,51,59,88,40,48,4,3,1,4,1,3,14,7,7
RAINS COUNTY,379,37 Years,106,52,54,93,46,47,2,1,1,2,1,1,9,4,5
RAINS COUNTY,379,38 Years,112,56,56,96,49,47,4,3,1,2,1,1,10,3,7
RAINS COUNTY,379,39 Years,121,57,64,98,45,53,6,3,3,2,2,0,15,7,8
RAINS COUNTY,379,40 Years,147,69,78,126,58,68,5,1,4,2,1,1,14,9,5
RAINS COUNTY,379,41 Years,135,69,66,120,61,59,1,0,1,4,2,2,10,6,4
RAINS COUNTY,379,42 Years,122,64,58,109,57,52,1,0,1,4,2,2,8,5,3
RAINS COUNTY,379,43 Years,123,59,64,106,51,55,3,2,1,5,1,4,9,5,4
RAINS COUNTY,379,44 Years,148,72,76,128,64,64,4,3,1,4,0,4,12,5,7
RAINS COUNTY,379,45 Years,143,68,75,124,57,67,2,1,1,3,1,2,14,9,5
RAINS COUNTY,379,46 Years,137,68,69,117,56,61,2,1,1,4,3,1,14,8,6
RAINS COUNTY,379,47 Years,143,69,74,130,63,67,2,2,0,1,1,0,10,3,7
RAINS COUNTY,379,48 Years,159,79,80,144,70,74,7,5,2,2,1,1,6,3,3
RAINS COUNTY,379,49 Years,160,85,75,144,79,65,2,2,0,6,2,4,8,2,6
RAINS COUNTY,379,50 Years,161,79,82,148,74,74,3,0,3,4,1,3,6,4,2
RAINS COUNTY,379,51 Years,166,86,80,154,81,73,1,0,1,4,1,3,7,4,3
RAINS COUNTY,379,52 Years,189,94,95,177,85,92,2,2,0,3,1,2,7,6,1
RAINS COUNTY,379,53 Years,185,90,95,166,81,85,5,2,3,6,3,3,8,4,4
RAINS COUNTY,379,54 Years,189,93,96,165,80,85,4,2,2,9,6,3,11,5,6
RAINS COUNTY,379,55 Years,169,80,89,152,72,80,4,2,2,6,4,2,7,2,5
RAINS COUNTY,379,56 Years,142,68,74,128,61,67,4,2,2,4,2,2,6,3,3
RAINS COUNTY,379,57 Years,157,71,86,145,66,79,6,2,4,2,1,1,4,2,2
RAINS COUNTY,379,58 Years,173,84,89,158,76,82,8,4,4,4,3,1,3,1,2
RAINS COUNTY,379,59 Years,169,83,86,154,72,82,6,4,2,5,3,2,4,4,0
RAINS COUNTY,379,60 Years,169,78,91,157,70,87,5,4,1,5,2,3,2,2,0
RAINS COUNTY,379,61 Years,171,86,85,163,80,83,4,4,0,2,1,1,2,1,1
RAINS COUNTY,379,62 Years,188,89,99,175,85,90,6,3,3,2,0,2,5,1,4
RAINS COUNTY,379,63 Years,201,90,111,191,87,104,4,1,3,1,0,1,5,2,3
RAINS COUNTY,379,64 Years,217,110,107,202,100,102,6,5,1,7,3,4,2,2,0
RAINS COUNTY,379,65 Years,161,79,82,149,75,74,5,3,2,4,1,3,3,0,3
RAINS COUNTY,379,66 Years,167,86,81,161,83,78,4,2,2,1,1,0,1,0,1
RAINS COUNTY,379,67 Years,171,89,82,167,88,79,2,1,1,1,0,1,1,0,1
RAINS COUNTY,379,68 Years,171,84,87,166,83,83,1,0,1,1,0,1,3,1,2
RAINS COUNTY,379,69 Years,168,84,84,158,81,77,3,1,2,3,2,1,4,0,4
RAINS COUNTY,379,70 Years,144,80,64,132,72,60,3,0,3,4,4,0,5,4,1
RAINS COUNTY,379,71 Years,128,65,63,122,60,62,3,2,1,1,1,0,2,2,0
RAINS COUNTY,379,72 Years,129,59,70,127,57,70,1,1,0,1,1,0,0,0,0
RAINS COUNTY,379,73 Years,124,53,71,118,50,68,3,2,1,1,0,1,2,1,1
RAINS COUNTY,379,74 Years,108,52,56,101,49,52,4,2,2,1,0,1,2,1,1
RAINS COUNTY,379,75 Years,113,64,49,108,60,48,2,1,1,2,2,0,1,1,0
RAINS COUNTY,379,76 Years,101,59,42,98,56,42,2,2,0,0,0,0,1,1,0
RAINS COUNTY,379,77 Years,83,45,38,80,43,37,1,0,1,0,0,0,2,2,0
RAINS COUNTY,379,78 Years,71,37,34,62,33,29,3,1,2,2,1,1,4,2,2
RAINS COUNTY,379,79 Years,67,32,35,64,32,32,2,0,2,0,0,0,1,0,1
RAINS COUNTY,379,80 Years,65,36,29,63,36,27,1,0,1,0,0,0,1,0,1
RAINS COUNTY,379,81 Years,61,25,36,58,25,33,0,0,0,2,0,2,1,0,1
RAINS COUNTY,379,82 Years,53,23,30,48,20,28,1,1,0,2,1,1,2,1,1
RAINS COUNTY,379,83 Years,45,22,23,43,21,22,1,1,0,0,0,0,1,0,1
RAINS COUNTY,379,84 Years,30,15,15,28,13,15,1,1,0,0,0,0,1,1,0
RAINS COUNTY,379,85 Years +,184,71,113,174,68,106,5,1,4,4,1,3,1,1,0
RANDALL COUNTY,381,All Ages,123899,60372,63527,95726,46153,49573,2853,1597,1256,4118,2085,2033,21202,10537,10665
RANDALL COUNTY,381,< 1 Year,1624,830,794,1137,580,557,37,18,19,54,30,24,396,202,194
RANDALL COUNTY,381,1 Years,1605,829,776,1062,547,515,35,16,19,78,46,32,430,220,210
RANDALL COUNTY,381,2 Years,1687,880,807,1103,579,524,43,19,24,87,48,39,454,234,220
RANDALL COUNTY,381,3 Years,1665,846,819,1073,539,534,43,21,22,102,52,50,447,234,213
RANDALL COUNTY,381,4 Years,1725,872,853,1123,570,553,50,21,29,86,46,40,466,235,231
RANDALL COUNTY,381,5 Years,1729,882,847,1102,559,543,53,28,25,84,38,46,490,257,233
RANDALL COUNTY,381,6 Years,1752,889,863,1136,568,568,49,27,22,83,45,38,484,249,235
RANDALL COUNTY,381,7 Years,1749,868,881,1170,591,579,40,20,20,77,35,42,462,222,240
RANDALL COUNTY,381,8 Years,1739,892,847,1179,616,563,47,22,25,79,40,39,434,214,220
RANDALL COUNTY,381,9 Years,1706,879,827,1156,601,555,45,22,23,69,35,34,436,221,215
RANDALL COUNTY,381,10 Years,1742,898,844,1185,608,577,53,33,20,70,36,34,434,221,213
RANDALL COUNTY,381,11 Years,1740,886,854,1173,584,589,54,28,26,66,31,35,447,243,204
RANDALL COUNTY,381,12 Years,1764,899,865,1176,584,592,61,28,33,64,33,31,463,254,209
RANDALL COUNTY,381,13 Years,1737,873,864,1177,587,590,49,23,26,74,36,38,437,227,210
RANDALL COUNTY,381,14 Years,1764,910,854,1207,627,580,48,23,25,69,34,35,440,226,214
RANDALL COUNTY,381,15 Years,1754,906,848,1203,626,577,48,26,22,83,42,41,420,212,208
RANDALL COUNTY,381,16 Years,1736,913,823,1204,641,563,54,32,22,68,37,31,410,203,207
RANDALL COUNTY,381,17 Years,1692,849,843,1192,602,590,49,25,24,64,32,32,387,190,197
RANDALL COUNTY,381,18 Years,1848,934,914,1260,616,644,75,44,31,69,39,30,444,235,209
RANDALL COUNTY,381,19 Years,2121,1037,1084,1499,710,789,86,53,33,71,40,31,465,234,231
RANDALL COUNTY,381,20 Years,2079,1030,1049,1446,711,735,72,37,35,65,33,32,496,249,247
RANDALL COUNTY,381,21 Years,1984,924,1060,1393,636,757,73,37,36,70,38,32,448,213,235
RANDALL COUNTY,381,22 Years,1851,874,977,1319,614,705,53,33,20,78,40,38,401,187,214
RANDALL COUNTY,381,23 Years,1731,898,833,1221,618,603,60,36,24,71,49,22,379,195,184
RANDALL COUNTY,381,24 Years,1608,843,765,1132,607,525,43,21,22,61,35,26,372,180,192
RANDALL COUNTY,381,25 Years,1707,860,847,1215,603,612,42,22,20,71,38,33,379,197,182
RANDALL COUNTY,381,26 Years,1706,856,850,1220,597,623,53,37,16,64,36,28,369,186,183
RANDALL COUNTY,381,27 Years,1737,882,855,1224,615,609,58,40,18,71,38,33,384,189,195
RANDALL COUNTY,381,28 Years,1724,848,876,1240,613,627,62,37,25,59,28,31,363,170,193
RANDALL COUNTY,381,29 Years,1678,800,878,1219,578,641,50,26,24,53,24,29,356,172,184
RANDALL COUNTY,381,30 Years,1759,829,930,1291,590,701,53,32,21,62,28,34,353,179,174
RANDALL COUNTY,381,31 Years,1784,887,897,1332,663,669,51,29,22,58,28,30,343,167,176
RANDALL COUNTY,381,32 Years,1678,855,823,1253,637,616,47,31,16,50,26,24,328,161,167
RANDALL COUNTY,381,33 Years,1646,821,825,1224,601,623,46,33,13,53,28,25,323,159,164
RANDALL COUNTY,381,34 Years,1606,808,798,1194,599,595,38,23,15,53,31,22,321,155,166
RANDALL COUNTY,381,35 Years,1594,804,790,1190,589,601,43,26,17,56,34,22,305,155,150
RANDALL COUNTY,381,36 Years,1641,833,808,1230,614,616,36,25,11,63,32,31,312,162,150
RANDALL COUNTY,381,37 Years,1450,721,729,1091,533,558,33,16,17,52,22,30,274,150,124
RANDALL COUNTY,381,38 Years,1418,694,724,1060,511,549,34,20,14,50,27,23,274,136,138
RANDALL COUNTY,381,39 Years,1496,711,785,1123,522,601,40,28,12,47,25,22,286,136,150
RANDALL COUNTY,381,40 Years,1598,780,818,1239,603,636,40,29,11,51,22,29,268,126,142
RANDALL COUNTY,381,41 Years,1660,803,857,1295,626,669,44,26,18,52,24,28,269,127,142
RANDALL COUNTY,381,42 Years,1493,728,765,1147,553,594,39,24,15,43,19,24,264,132,132
RANDALL COUNTY,381,43 Years,1456,701,755,1121,532,589,41,26,15,46,19,27,248,124,124
RANDALL COUNTY,381,44 Years,1434,702,732,1123,550,573,33,20,13,43,21,22,235,111,124
RANDALL COUNTY,381,45 Years,1433,704,729,1115,545,570,28,18,10,46,19,27,244,122,122
RANDALL COUNTY,381,46 Years,1574,765,809,1235,592,643,42,27,15,53,28,25,244,118,126
RANDALL COUNTY,381,47 Years,1616,795,821,1291,634,657,38,24,14,55,31,24,232,106,126
RANDALL COUNTY,381,48 Years,1688,798,890,1363,643,720,41,24,17,57,33,24,227,98,129
RANDALL COUNTY,381,49 Years,1730,855,875,1412,695,717,41,27,14,52,29,23,225,104,121
RANDALL COUNTY,381,50 Years,1733,864,869,1462,733,729,35,21,14,43,21,22,193,89,104
RANDALL COUNTY,381,51 Years,1763,852,911,1468,708,760,45,26,19,50,21,29,200,97,103
RANDALL COUNTY,381,52 Years,1744,838,906,1466,697,769,36,20,16,58,32,26,184,89,95
RANDALL COUNTY,381,53 Years,1758,831,927,1494,701,793,31,15,16,45,23,22,188,92,96
RANDALL COUNTY,381,54 Years,1759,805,954,1507,683,824,23,14,9,47,18,29,182,90,92
RANDALL COUNTY,381,55 Years,1700,809,891,1472,696,776,30,20,10,45,19,26,153,74,79
RANDALL COUNTY,381,56 Years,1701,816,885,1475,706,769,29,15,14,47,24,23,150,71,79
RANDALL COUNTY,381,57 Years,1631,774,857,1424,685,739,22,9,13,40,13,27,145,67,78
RANDALL COUNTY,381,58 Years,1614,759,855,1422,667,755,20,9,11,48,21,27,124,62,62
RANDALL COUNTY,381,59 Years,1541,744,797,1372,662,710,21,12,9,34,18,16,114,52,62
RANDALL COUNTY,381,60 Years,1427,678,749,1255,593,662,20,10,10,38,21,17,114,54,60
RANDALL COUNTY,381,61 Years,1392,661,731,1226,582,644,18,5,13,39,21,18,109,53,56
RANDALL COUNTY,381,62 Years,1335,645,690,1194,576,618,15,5,10,32,14,18,94,50,44
RANDALL COUNTY,381,63 Years,1350,688,662,1221,619,602,13,9,4,36,16,20,80,44,36
RANDALL COUNTY,381,64 Years,1334,639,695,1207,581,626,12,7,5,37,16,21,78,35,43
RANDALL COUNTY,381,65 Years,1030,480,550,925,431,494,8,3,5,30,15,15,67,31,36
RANDALL COUNTY,381,66 Years,934,433,501,844,387,457,3,1,2,23,11,12,64,34,30
RANDALL COUNTY,381,67 Years,1012,473,539,918,427,491,9,5,4,22,12,10,63,29,34
RANDALL COUNTY,381,68 Years,1004,473,531,915,432,483,11,5,6,18,10,8,60,26,34
RANDALL COUNTY,381,69 Years,902,407,495,830,374,456,9,4,5,17,9,8,46,20,26
RANDALL COUNTY,381,70 Years,821,370,451,762,347,415,5,2,3,17,8,9,37,13,24
RANDALL COUNTY,381,71 Years,815,360,455,751,335,416,2,1,1,16,7,9,46,17,29
RANDALL COUNTY,381,72 Years,752,316,436,698,295,403,5,1,4,15,7,8,34,13,21
RANDALL COUNTY,381,73 Years,745,315,430,701,293,408,2,1,1,13,7,6,29,14,15
RANDALL COUNTY,381,74 Years,681,288,393,640,271,369,2,1,1,8,3,5,31,13,18
RANDALL COUNTY,381,75 Years,653,302,351,617,283,334,3,1,2,8,5,3,25,13,12
RANDALL COUNTY,381,76 Years,675,304,371,637,280,357,3,2,1,10,8,2,25,14,11
RANDALL COUNTY,381,77 Years,622,276,346,584,259,325,3,1,2,7,4,3,28,12,16
RANDALL COUNTY,381,78 Years,570,251,319,536,239,297,4,1,3,7,3,4,23,8,15
RANDALL COUNTY,381,79 Years,528,234,294,503,226,277,2,0,2,8,1,7,15,7,8
RANDALL COUNTY,381,80 Years,555,246,309,529,236,293,3,1,2,4,2,2,19,7,12
RANDALL COUNTY,381,81 Years,510,217,293,483,203,280,1,0,1,6,2,4,20,12,8
RANDALL COUNTY,381,82 Years,435,179,256,404,166,238,2,2,0,8,2,6,21,9,12
RANDALL COUNTY,381,83 Years,387,155,232,364,145,219,2,1,1,7,1,6,14,8,6
RANDALL COUNTY,381,84 Years,363,145,218,342,136,206,3,1,2,8,3,5,10,5,5
RANDALL COUNTY,381,85 Years +,1685,564,1121,1603,540,1063,8,3,5,25,7,18,49,14,35
REAGAN COUNTY,383,All Ages,3388,1761,1627,1214,598,616,65,40,25,30,17,13,2079,1106,973
REAGAN COUNTY,383,< 1 Year,49,24,25,13,6,7,0,0,0,0,0,0,36,18,18
REAGAN COUNTY,383,1 Years,53,28,25,12,6,6,1,0,1,0,0,0,40,22,18
REAGAN COUNTY,383,2 Years,52,23,29,7,4,3,0,0,0,2,0,2,43,19,24
REAGAN COUNTY,383,3 Years,55,32,23,8,4,4,0,0,0,1,1,0,46,27,19
REAGAN COUNTY,383,4 Years,59,36,23,12,8,4,1,1,0,2,2,0,44,25,19
REAGAN COUNTY,383,5 Years,55,31,24,13,8,5,1,1,0,1,1,0,40,21,19
REAGAN COUNTY,383,6 Years,47,24,23,8,4,4,0,0,0,0,0,0,39,20,19
REAGAN COUNTY,383,7 Years,52,26,26,8,6,2,1,0,1,1,0,1,42,20,22
REAGAN COUNTY,383,8 Years,66,28,38,9,5,4,0,0,0,1,0,1,56,23,33
REAGAN COUNTY,383,9 Years,54,29,25,9,5,4,0,0,0,2,2,0,43,22,21
REAGAN COUNTY,383,10 Years,53,28,25,10,6,4,3,2,1,0,0,0,40,20,20
REAGAN COUNTY,383,11 Years,53,24,29,10,4,6,0,0,0,1,1,0,42,19,23
REAGAN COUNTY,383,12 Years,51,26,25,10,5,5,0,0,0,1,1,0,40,20,20
REAGAN COUNTY,383,13 Years,55,26,29,13,7,6,1,0,1,0,0,0,41,19,22
REAGAN COUNTY,383,14 Years,69,36,33,16,12,4,1,0,1,0,0,0,52,24,28
REAGAN COUNTY,383,15 Years,65,32,33,14,9,5,2,2,0,1,0,1,48,21,27
REAGAN COUNTY,383,16 Years,59,30,29,17,6,11,1,0,1,0,0,0,41,24,17
REAGAN COUNTY,383,17 Years,51,22,29,14,3,11,0,0,0,1,0,1,36,19,17
REAGAN COUNTY,383,18 Years,52,30,22,16,7,9,1,1,0,1,0,1,34,22,12
REAGAN COUNTY,383,19 Years,55,28,27,19,8,11,0,0,0,1,1,0,35,19,16
REAGAN COUNTY,383,20 Years,37,20,17,9,4,5,2,1,1,0,0,0,26,15,11
REAGAN COUNTY,383,21 Years,38,22,16,7,3,4,1,0,1,0,0,0,30,19,11
REAGAN COUNTY,383,22 Years,36,18,18,9,4,5,0,0,0,0,0,0,27,14,13
REAGAN COUNTY,383,23 Years,40,22,18,12,5,7,1,1,0,0,0,0,27,16,11
REAGAN COUNTY,383,24 Years,33,21,12,12,7,5,0,0,0,0,0,0,21,14,7
REAGAN COUNTY,383,25 Years,42,21,21,13,7,6,1,1,0,0,0,0,28,13,15
REAGAN COUNTY,383,26 Years,42,24,18,19,12,7,1,1,0,0,0,0,22,11,11
REAGAN COUNTY,383,27 Years,49,25,24,14,8,6,1,1,0,0,0,0,34,16,18
REAGAN COUNTY,383,28 Years,47,26,21,14,8,6,1,1,0,0,0,0,32,17,15
REAGAN COUNTY,383,29 Years,50,28,22,13,7,6,2,2,0,0,0,0,35,19,16
REAGAN COUNTY,383,30 Years,44,27,17,11,6,5,2,2,0,0,0,0,31,19,12
REAGAN COUNTY,383,31 Years,41,21,20,12,7,5,1,1,0,0,0,0,28,13,15
REAGAN COUNTY,383,32 Years,41,21,20,10,4,6,0,0,0,2,2,0,29,15,14
REAGAN COUNTY,383,33 Years,45,27,18,10,5,5,1,1,0,0,0,0,34,21,13
REAGAN COUNTY,383,34 Years,48,27,21,13,6,7,1,0,1,1,1,0,33,20,13
REAGAN COUNTY,383,35 Years,41,24,17,8,4,4,0,0,0,0,0,0,33,20,13
REAGAN COUNTY,383,36 Years,41,24,17,11,5,6,0,0,0,0,0,0,30,19,11
REAGAN COUNTY,383,37 Years,33,14,19,8,2,6,0,0,0,0,0,0,25,12,13
REAGAN COUNTY,383,38 Years,36,17,19,8,3,5,0,0,0,0,0,0,28,14,14
REAGAN COUNTY,383,39 Years,39,18,21,9,5,4,1,0,1,0,0,0,29,13,16
REAGAN COUNTY,383,40 Years,40,24,16,12,9,3,1,1,0,0,0,0,27,14,13
REAGAN COUNTY,383,41 Years,46,26,20,18,10,8,3,3,0,2,1,1,23,12,11
REAGAN COUNTY,383,42 Years,48,23,25,20,8,12,1,1,0,0,0,0,27,14,13
REAGAN COUNTY,383,43 Years,44,22,22,20,7,13,0,0,0,0,0,0,24,15,9
REAGAN COUNTY,383,44 Years,42,19,23,18,9,9,0,0,0,1,1,0,23,9,14
REAGAN COUNTY,383,45 Years,43,20,23,16,8,8,1,0,1,0,0,0,26,12,14
REAGAN COUNTY,383,46 Years,40,25,15,16,10,6,1,0,1,0,0,0,23,15,8
REAGAN COUNTY,383,47 Years,45,30,15,19,10,9,0,0,0,0,0,0,26,20,6
REAGAN COUNTY,383,48 Years,47,24,23,22,8,14,2,1,1,0,0,0,23,15,8
REAGAN COUNTY,383,49 Years,52,27,25,26,12,14,2,1,1,0,0,0,24,14,10
REAGAN COUNTY,383,50 Years,55,26,29,29,13,16,1,1,0,0,0,0,25,12,13
REAGAN COUNTY,383,51 Years,48,21,27,23,10,13,1,1,0,0,0,0,24,10,14
REAGAN COUNTY,383,52 Years,44,20,24,23,9,14,1,1,0,0,0,0,20,10,10
REAGAN COUNTY,383,53 Years,50,26,24,25,12,13,2,2,0,0,0,0,23,12,11
REAGAN COUNTY,383,54 Years,54,22,32,27,9,18,1,0,1,2,0,2,24,13,11
REAGAN COUNTY,383,55 Years,50,27,23,20,9,11,0,0,0,0,0,0,30,18,12
REAGAN COUNTY,383,56 Years,55,30,25,30,14,16,1,1,0,1,1,0,23,14,9
REAGAN COUNTY,383,57 Years,45,27,18,29,17,12,1,1,0,0,0,0,15,9,6
REAGAN COUNTY,383,58 Years,37,23,14,19,13,6,0,0,0,0,0,0,18,10,8
REAGAN COUNTY,383,59 Years,31,15,16,17,8,9,1,1,0,0,0,0,13,6,7
REAGAN COUNTY,383,60 Years,46,24,22,28,16,12,1,0,1,1,0,1,16,8,8
REAGAN COUNTY,383,61 Years,33,17,16,17,9,8,0,0,0,0,0,0,16,8,8
REAGAN COUNTY,383,62 Years,24,14,10,10,7,3,1,1,0,0,0,0,13,6,7
REAGAN COUNTY,383,63 Years,30,14,16,14,5,9,0,0,0,0,0,0,16,9,7
REAGAN COUNTY,383,64 Years,35,14,21,16,6,10,1,1,0,0,0,0,18,7,11
REAGAN COUNTY,383,65 Years,32,12,20,20,7,13,1,0,1,0,0,0,11,5,6
REAGAN COUNTY,383,66 Years,23,16,7,12,7,5,0,0,0,0,0,0,11,9,2
REAGAN COUNTY,383,67 Years,19,11,8,11,7,4,0,0,0,0,0,0,8,4,4
REAGAN COUNTY,383,68 Years,20,8,12,15,7,8,0,0,0,0,0,0,5,1,4
REAGAN COUNTY,383,69 Years,17,10,7,12,6,6,0,0,0,0,0,0,5,4,1
REAGAN COUNTY,383,70 Years,18,8,10,10,5,5,0,0,0,0,0,0,8,3,5
REAGAN COUNTY,383,71 Years,21,12,9,15,9,6,0,0,0,0,0,0,6,3,3
REAGAN COUNTY,383,72 Years,17,9,8,11,7,4,2,0,2,0,0,0,4,2,2
REAGAN COUNTY,383,73 Years,21,14,7,8,4,4,1,1,0,2,2,0,10,7,3
REAGAN COUNTY,383,74 Years,20,12,8,13,6,7,1,1,0,0,0,0,6,5,1
REAGAN COUNTY,383,75 Years,20,11,9,13,6,7,2,1,1,0,0,0,5,4,1
REAGAN COUNTY,383,76 Years,14,7,7,9,4,5,1,0,1,0,0,0,4,3,1
REAGAN COUNTY,383,77 Years,16,6,10,10,4,6,1,0,1,0,0,0,5,2,3
REAGAN COUNTY,383,78 Years,12,4,8,7,3,4,0,0,0,1,0,1,4,1,3
REAGAN COUNTY,383,79 Years,16,8,8,12,6,6,0,0,0,1,0,1,3,2,1
REAGAN COUNTY,383,80 Years,12,5,7,8,4,4,1,0,1,0,0,0,3,1,2
REAGAN COUNTY,383,81 Years,17,8,9,12,6,6,0,0,0,0,0,0,5,2,3
REAGAN COUNTY,383,82 Years,8,3,5,6,2,4,0,0,0,0,0,0,2,1,1
REAGAN COUNTY,383,83 Years,7,5,2,6,4,2,0,0,0,0,0,0,1,1,0
REAGAN COUNTY,383,84 Years,10,5,5,7,3,4,1,0,1,0,0,0,2,2,0
REAGAN COUNTY,383,85 Years +,36,17,19,23,8,15,2,1,1,0,0,0,11,8,3
REAL COUNTY,385,All Ages,3387,1682,1705,2447,1204,1243,21,9,12,78,36,42,841,433,408
REAL COUNTY,385,< 1 Year,32,18,14,19,11,8,0,0,0,0,0,0,13,7,6
REAL COUNTY,385,1 Years,32,19,13,20,14,6,0,0,0,0,0,0,12,5,7
REAL COUNTY,385,2 Years,34,20,14,15,10,5,0,0,0,0,0,0,19,10,9
REAL COUNTY,385,3 Years,32,17,15,18,9,9,0,0,0,1,0,1,13,8,5
REAL COUNTY,385,4 Years,31,11,20,17,6,11,0,0,0,2,0,2,12,5,7
REAL COUNTY,385,5 Years,34,16,18,19,9,10,0,0,0,1,0,1,14,7,7
REAL COUNTY,385,6 Years,26,12,14,13,6,7,1,0,1,2,1,1,10,5,5
REAL COUNTY,385,7 Years,34,19,15,17,11,6,0,0,0,2,1,1,15,7,8
REAL COUNTY,385,8 Years,34,20,14,19,14,5,0,0,0,1,0,1,14,6,8
REAL COUNTY,385,9 Years,28,14,14,18,9,9,0,0,0,0,0,0,10,5,5
REAL COUNTY,385,10 Years,30,15,15,19,8,11,1,0,1,0,0,0,10,7,3
REAL COUNTY,385,11 Years,27,13,14,18,8,10,1,0,1,0,0,0,8,5,3
REAL COUNTY,385,12 Years,31,16,15,16,6,10,0,0,0,0,0,0,15,10,5
REAL COUNTY,385,13 Years,37,17,20,20,10,10,1,0,1,2,1,1,14,6,8
REAL COUNTY,385,14 Years,50,24,26,24,13,11,0,0,0,1,1,0,25,10,15
REAL COUNTY,385,15 Years,41,17,24,20,10,10,1,0,1,1,0,1,19,7,12
REAL COUNTY,385,16 Years,44,22,22,25,13,12,2,1,1,3,2,1,14,6,8
REAL COUNTY,385,17 Years,63,34,29,39,25,14,5,2,3,1,0,1,18,7,11
REAL COUNTY,385,18 Years,59,29,30,32,15,17,2,0,2,2,2,0,23,12,11
REAL COUNTY,385,19 Years,43,21,22,22,8,14,1,1,0,7,5,2,13,7,6
REAL COUNTY,385,20 Years,36,22,14,22,13,9,1,1,0,2,1,1,11,7,4
REAL COUNTY,385,21 Years,28,16,12,21,12,9,0,0,0,0,0,0,7,4,3
REAL COUNTY,385,22 Years,19,9,10,12,5,7,0,0,0,0,0,0,7,4,3
REAL COUNTY,385,23 Years,22,12,10,13,7,6,0,0,0,1,1,0,8,4,4
REAL COUNTY,385,24 Years,22,11,11,12,6,6,0,0,0,0,0,0,10,5,5
REAL COUNTY,385,25 Years,18,9,9,12,7,5,0,0,0,0,0,0,6,2,4
REAL COUNTY,385,26 Years,23,13,10,13,10,3,0,0,0,0,0,0,10,3,7
REAL COUNTY,385,27 Years,26,7,19,14,5,9,0,0,0,0,0,0,12,2,10
REAL COUNTY,385,28 Years,28,13,15,15,6,9,0,0,0,1,0,1,12,7,5
REAL COUNTY,385,29 Years,27,15,12,16,9,7,0,0,0,1,0,1,10,6,4
REAL COUNTY,385,30 Years,21,12,9,12,6,6,0,0,0,0,0,0,9,6,3
REAL COUNTY,385,31 Years,21,11,10,15,6,9,0,0,0,0,0,0,6,5,1
REAL COUNTY,385,32 Years,21,14,7,14,9,5,0,0,0,0,0,0,7,5,2
REAL COUNTY,385,33 Years,23,12,11,17,9,8,0,0,0,1,0,1,5,3,2
REAL COUNTY,385,34 Years,25,12,13,14,6,8,0,0,0,1,0,1,10,6,4
REAL COUNTY,385,35 Years,28,13,15,19,10,9,0,0,0,1,0,1,8,3,5
REAL COUNTY,385,36 Years,34,17,17,22,11,11,0,0,0,1,0,1,11,6,5
REAL COUNTY,385,37 Years,25,13,12,17,9,8,0,0,0,0,0,0,8,4,4
REAL COUNTY,385,38 Years,30,9,21,21,7,14,0,0,0,0,0,0,9,2,7
REAL COUNTY,385,39 Years,26,13,13,20,10,10,0,0,0,1,1,0,5,2,3
REAL COUNTY,385,40 Years,30,18,12,21,12,9,0,0,0,0,0,0,9,6,3
REAL COUNTY,385,41 Years,37,16,21,25,11,14,0,0,0,3,0,3,9,5,4
REAL COUNTY,385,42 Years,29,18,11,21,13,8,0,0,0,2,1,1,6,4,2
REAL COUNTY,385,43 Years,42,23,19,35,17,18,0,0,0,1,1,0,6,5,1
REAL COUNTY,385,44 Years,40,19,21,28,12,16,0,0,0,1,1,0,11,6,5
REAL COUNTY,385,45 Years,30,12,18,21,7,14,1,1,0,0,0,0,8,4,4
REAL COUNTY,385,46 Years,34,14,20,26,11,15,0,0,0,1,0,1,7,3,4
REAL COUNTY,385,47 Years,42,21,21,27,14,13,0,0,0,1,0,1,14,7,7
REAL COUNTY,385,48 Years,60,26,34,44,15,29,0,0,0,3,3,0,13,8,5
REAL COUNTY,385,49 Years,51,30,21,36,19,17,0,0,0,2,1,1,13,10,3
REAL COUNTY,385,50 Years,44,19,25,35,15,20,0,0,0,1,0,1,8,4,4
REAL COUNTY,385,51 Years,53,25,28,42,20,22,0,0,0,1,1,0,10,4,6
REAL COUNTY,385,52 Years,46,20,26,33,13,20,1,0,1,1,1,0,11,6,5
REAL COUNTY,385,53 Years,49,26,23,37,20,17,0,0,0,3,1,2,9,5,4
REAL COUNTY,385,54 Years,47,32,15,40,27,13,0,0,0,1,0,1,6,5,1
REAL COUNTY,385,55 Years,57,32,25,49,26,23,0,0,0,1,1,0,7,5,2
REAL COUNTY,385,56 Years,66,35,31,55,30,25,0,0,0,0,0,0,11,5,6
REAL COUNTY,385,57 Years,57,24,33,47,20,27,0,0,0,0,0,0,10,4,6
REAL COUNTY,385,58 Years,51,21,30,45,18,27,1,1,0,0,0,0,5,2,3
REAL COUNTY,385,59 Years,44,20,24,38,18,20,0,0,0,0,0,0,6,2,4
REAL COUNTY,385,60 Years,55,23,32,48,20,28,0,0,0,0,0,0,7,3,4
REAL COUNTY,385,61 Years,60,24,36,48,16,32,0,0,0,0,0,0,12,8,4
REAL COUNTY,385,62 Years,69,32,37,53,23,30,0,0,0,2,2,0,14,7,7
REAL COUNTY,385,63 Years,68,30,38,50,22,28,0,0,0,1,0,1,17,8,9
REAL COUNTY,385,64 Years,70,37,33,60,31,29,0,0,0,0,0,0,10,6,4
REAL COUNTY,385,65 Years,58,27,31,50,21,29,1,1,0,1,1,0,6,4,2
REAL COUNTY,385,66 Years,68,37,31,50,27,23,0,0,0,1,1,0,17,9,8
REAL COUNTY,385,67 Years,65,33,32,50,26,24,0,0,0,0,0,0,15,7,8
REAL COUNTY,385,68 Years,57,24,33,48,22,26,0,0,0,3,0,3,6,2,4
REAL COUNTY,385,69 Years,49,26,23,41,24,17,0,0,0,1,0,1,7,2,5
REAL COUNTY,385,70 Years,52,27,25,46,25,21,0,0,0,0,0,0,6,2,4
REAL COUNTY,385,71 Years,48,22,26,40,20,20,0,0,0,0,0,0,8,2,6
REAL COUNTY,385,72 Years,46,22,24,38,18,20,0,0,0,2,1,1,6,3,3
REAL COUNTY,385,73 Years,51,28,23,40,20,20,0,0,0,3,2,1,8,6,2
REAL COUNTY,385,74 Years,46,26,20,37,22,15,0,0,0,1,0,1,8,4,4
REAL COUNTY,385,75 Years,52,31,21,43,25,18,0,0,0,2,1,1,7,5,2
REAL COUNTY,385,76 Years,46,27,19,40,22,18,0,0,0,0,0,0,6,5,1
REAL COUNTY,385,77 Years,37,17,20,31,15,16,0,0,0,0,0,0,6,2,4
REAL COUNTY,385,78 Years,31,15,16,27,13,14,0,0,0,0,0,0,4,2,2
REAL COUNTY,385,79 Years,27,17,10,23,14,9,0,0,0,0,0,0,4,3,1
REAL COUNTY,385,80 Years,25,13,12,20,10,10,0,0,0,0,0,0,5,3,2
REAL COUNTY,385,81 Years,26,11,15,19,6,13,0,0,0,0,0,0,7,5,2
REAL COUNTY,385,82 Years,24,14,10,19,11,8,0,0,0,0,0,0,5,3,2
REAL COUNTY,385,83 Years,16,7,9,14,6,8,0,0,0,0,0,0,2,1,1
REAL COUNTY,385,84 Years,13,5,8,12,5,7,0,0,0,1,0,1,0,0,0
REAL COUNTY,385,85 Years +,74,29,45,64,24,40,1,1,0,2,1,1,7,3,4
RED RIVER COUNTY,387,All Ages,12839,6246,6593,9449,4626,4823,2223,1019,1204,291,138,153,876,463,413
RED RIVER COUNTY,387,< 1 Year,142,73,69,97,51,46,25,12,13,3,1,2,17,9,8
RED RIVER COUNTY,387,1 Years,134,68,66,92,47,45,23,11,12,8,2,6,11,8,3
RED RIVER COUNTY,387,2 Years,140,74,66,85,48,37,28,12,16,11,6,5,16,8,8
RED RIVER COUNTY,387,3 Years,152,79,73,93,50,43,29,15,14,10,6,4,20,8,12
RED RIVER COUNTY,387,4 Years,146,80,66,88,50,38,27,14,13,8,5,3,23,11,12
RED RIVER COUNTY,387,5 Years,150,86,64,95,54,41,27,15,12,5,3,2,23,14,9
RED RIVER COUNTY,387,6 Years,131,72,59,84,48,36,18,8,10,7,4,3,22,12,10
RED RIVER COUNTY,387,7 Years,137,76,61,91,53,38,24,14,10,3,2,1,19,7,12
RED RIVER COUNTY,387,8 Years,153,82,71,93,54,39,34,16,18,3,1,2,23,11,12
RED RIVER COUNTY,387,9 Years,144,80,64,91,52,39,27,15,12,4,2,2,22,11,11
RED RIVER COUNTY,387,10 Years,150,84,66,94,53,41,29,17,12,5,3,2,22,11,11
RED RIVER COUNTY,387,11 Years,155,85,70,100,57,43,33,15,18,8,4,4,14,9,5
RED RIVER COUNTY,387,12 Years,157,89,68,104,55,49,31,20,11,7,3,4,15,11,4
RED RIVER COUNTY,387,13 Years,156,80,76,100,53,47,28,11,17,7,3,4,21,13,8
RED RIVER COUNTY,387,14 Years,155,74,81,104,51,53,28,12,16,6,3,3,17,8,9
RED RIVER COUNTY,387,15 Years,173,88,85,109,56,53,46,24,22,2,0,2,16,8,8
RED RIVER COUNTY,387,16 Years,169,94,75,110,63,47,39,20,19,3,1,2,17,10,7
RED RIVER COUNTY,387,17 Years,171,94,77,105,55,50,37,21,16,6,4,2,23,14,9
RED RIVER COUNTY,387,18 Years,165,87,78,99,55,44,35,16,19,6,3,3,25,13,12
RED RIVER COUNTY,387,19 Years,162,76,86,97,48,49,40,16,24,5,3,2,20,9,11
RED RIVER COUNTY,387,20 Years,132,59,73,86,39,47,24,12,12,6,3,3,16,5,11
RED RIVER COUNTY,387,21 Years,123,59,64,81,40,41,26,11,15,4,3,1,12,5,7
RED RIVER COUNTY,387,22 Years,120,59,61,75,37,38,32,15,17,4,3,1,9,4,5
RED RIVER COUNTY,387,23 Years,124,57,67,77,33,44,30,16,14,3,1,2,14,7,7
RED RIVER COUNTY,387,24 Years,119,59,60,76,38,38,28,13,15,3,1,2,12,7,5
RED RIVER COUNTY,387,25 Years,119,64,55,79,43,36,24,12,12,2,1,1,14,8,6
RED RIVER COUNTY,387,26 Years,119,52,67,80,32,48,21,8,13,4,3,1,14,9,5
RED RIVER COUNTY,387,27 Years,119,62,57,81,41,40,19,10,9,4,4,0,15,7,8
RED RIVER COUNTY,387,28 Years,128,66,62,90,49,41,17,7,10,4,2,2,17,8,9
RED RIVER COUNTY,387,29 Years,129,52,77,92,37,55,19,6,13,2,1,1,16,8,8
RED RIVER COUNTY,387,30 Years,137,67,70,97,50,47,28,10,18,1,1,0,11,6,5
RED RIVER COUNTY,387,31 Years,133,61,72,101,47,54,21,9,12,1,0,1,10,5,5
RED RIVER COUNTY,387,32 Years,113,53,60,83,35,48,19,12,7,4,2,2,7,4,3
RED RIVER COUNTY,387,33 Years,131,56,75,98,42,56,19,7,12,2,0,2,12,7,5
RED RIVER COUNTY,387,34 Years,132,62,70,104,49,55,14,5,9,1,0,1,13,8,5
RED RIVER COUNTY,387,35 Years,115,66,49,85,50,35,16,7,9,3,2,1,11,7,4
RED RIVER COUNTY,387,36 Years,122,60,62,91,45,46,21,10,11,1,0,1,9,5,4
RED RIVER COUNTY,387,37 Years,116,54,62,88,41,47,15,8,7,0,0,0,13,5,8
RED RIVER COUNTY,387,38 Years,130,65,65,94,45,49,25,16,9,1,0,1,10,4,6
RED RIVER COUNTY,387,39 Years,155,75,80,115,54,61,27,13,14,2,1,1,11,7,4
RED RIVER COUNTY,387,40 Years,171,84,87,128,65,63,33,15,18,3,0,3,7,4,3
RED RIVER COUNTY,387,41 Years,150,67,83,99,46,53,31,12,19,3,2,1,17,7,10
RED RIVER COUNTY,387,42 Years,140,76,64,99,60,39,21,5,16,5,3,2,15,8,7
RED RIVER COUNTY,387,43 Years,159,76,83,108,56,52,29,9,20,6,2,4,16,9,7
RED RIVER COUNTY,387,44 Years,160,68,92,111,51,60,33,11,22,4,0,4,12,6,6
RED RIVER COUNTY,387,45 Years,162,74,88,109,52,57,42,17,25,3,0,3,8,5,3
RED RIVER COUNTY,387,46 Years,156,75,81,116,59,57,29,12,17,3,1,2,8,3,5
RED RIVER COUNTY,387,47 Years,166,84,82,126,62,64,29,13,16,3,3,0,8,6,2
RED RIVER COUNTY,387,48 Years,196,95,101,140,71,69,41,15,26,4,2,2,11,7,4
RED RIVER COUNTY,387,49 Years,181,86,95,127,59,68,36,18,18,6,2,4,12,7,5
RED RIVER COUNTY,387,50 Years,176,84,92,128,62,66,33,14,19,5,2,3,10,6,4
RED RIVER COUNTY,387,51 Years,192,97,95,140,75,65,38,15,23,4,1,3,10,6,4
RED RIVER COUNTY,387,52 Years,208,93,115,145,69,76,48,18,30,5,2,3,10,4,6
RED RIVER COUNTY,387,53 Years,205,90,115,145,68,77,48,17,31,4,1,3,8,4,4
RED RIVER COUNTY,387,54 Years,184,84,100,140,65,75,38,16,22,3,1,2,3,2,1
RED RIVER COUNTY,387,55 Years,187,92,95,147,72,75,32,16,16,4,2,2,4,2,2
RED RIVER COUNTY,387,56 Years,196,107,89,158,83,75,30,19,11,2,1,1,6,4,2
RED RIVER COUNTY,387,57 Years,207,111,96,167,93,74,30,15,15,2,0,2,8,3,5
RED RIVER COUNTY,387,58 Years,195,91,104,153,72,81,31,13,18,2,0,2,9,6,3
RED RIVER COUNTY,387,59 Years,179,81,98,141,64,77,29,10,19,2,2,0,7,5,2
RED RIVER COUNTY,387,60 Years,198,102,96,152,80,72,37,17,20,5,4,1,4,1,3
RED RIVER COUNTY,387,61 Years,178,92,86,145,71,74,26,16,10,3,2,1,4,3,1
RED RIVER COUNTY,387,62 Years,171,90,81,137,70,67,28,17,11,2,1,1,4,2,2
RED RIVER COUNTY,387,63 Years,182,81,101,149,66,83,29,12,17,2,2,0,2,1,1
RED RIVER COUNTY,387,64 Years,203,93,110,167,75,92,30,15,15,4,1,3,2,2,0
RED RIVER COUNTY,387,65 Years,176,78,98,147,63,84,23,12,11,2,1,1,4,2,2
RED RIVER COUNTY,387,66 Years,173,86,87,142,68,74,23,12,11,2,2,0,6,4,2
RED RIVER COUNTY,387,67 Years,189,98,91,162,85,77,22,11,11,3,1,2,2,1,1
RED RIVER COUNTY,387,68 Years,169,87,82,139,75,64,24,10,14,5,2,3,1,0,1
RED RIVER COUNTY,387,69 Years,143,71,72,123,62,61,15,6,9,3,2,1,2,1,1
RED RIVER COUNTY,387,70 Years,167,81,86,143,70,73,20,9,11,2,1,1,2,1,1
RED RIVER COUNTY,387,71 Years,142,69,73,119,58,61,19,10,9,1,0,1,3,1,2
RED RIVER COUNTY,387,72 Years,143,66,77,123,58,65,16,7,9,2,0,2,2,1,1
RED RIVER COUNTY,387,73 Years,137,69,68,120,61,59,14,7,7,1,0,1,2,1,1
RED RIVER COUNTY,387,74 Years,123,56,67,108,47,61,13,8,5,1,1,0,1,0,1
RED RIVER COUNTY,387,75 Years,119,52,67,104,45,59,13,7,6,2,0,2,0,0,0
RED RIVER COUNTY,387,76 Years,110,51,59,91,42,49,16,8,8,1,0,1,2,1,1
RED RIVER COUNTY,387,77 Years,105,49,56,90,41,49,13,6,7,1,1,0,1,1,0
RED RIVER COUNTY,387,78 Years,100,42,58,91,37,54,6,2,4,1,1,0,2,2,0
RED RIVER COUNTY,387,79 Years,87,35,52,76,32,44,10,2,8,0,0,0,1,1,0
RED RIVER COUNTY,387,80 Years,77,32,45,66,29,37,10,3,7,1,0,1,0,0,0
RED RIVER COUNTY,387,81 Years,76,26,50,68,23,45,6,3,3,1,0,1,1,0,1
RED RIVER COUNTY,387,82 Years,68,23,45,59,20,39,8,3,5,0,0,0,1,0,1
RED RIVER COUNTY,387,83 Years,74,27,47,64,25,39,9,2,7,0,0,0,1,0,1
RED RIVER COUNTY,387,84 Years,52,21,31,45,19,26,4,1,3,1,0,1,2,1,1
RED RIVER COUNTY,387,85 Years +,349,125,224,288,100,188,55,22,33,3,2,1,3,1,2
REEVES COUNTY,389,All Ages,13832,8316,5516,2673,1776,897,674,578,96,189,113,76,10296,5849,4447
REEVES COUNTY,389,< 1 Year,167,85,82,16,8,8,2,1,1,2,1,1,147,75,72
REEVES COUNTY,389,1 Years,165,86,79,14,8,6,2,1,1,2,2,0,147,75,72
REEVES COUNTY,389,2 Years,180,96,84,14,7,7,2,1,1,2,1,1,162,87,75
REEVES COUNTY,389,3 Years,205,101,104,19,6,13,3,1,2,2,1,1,181,93,88
REEVES COUNTY,389,4 Years,194,95,99,20,9,11,3,2,1,4,2,2,167,82,85
REEVES COUNTY,389,5 Years,163,86,77,17,9,8,1,1,0,4,3,1,141,73,68
REEVES COUNTY,389,6 Years,143,78,65,16,6,10,0,0,0,2,2,0,125,70,55
REEVES COUNTY,389,7 Years,168,94,74,17,6,11,2,2,0,1,1,0,148,85,63
REEVES COUNTY,389,8 Years,171,98,73,16,7,9,2,1,1,3,2,1,150,88,62
REEVES COUNTY,389,9 Years,175,99,76,19,10,9,2,0,2,7,6,1,147,83,64
REEVES COUNTY,389,10 Years,171,93,78,20,10,10,2,1,1,4,3,1,145,79,66
REEVES COUNTY,389,11 Years,165,88,77,10,5,5,3,2,1,2,2,0,150,79,71
REEVES COUNTY,389,12 Years,161,80,81,16,5,11,3,2,1,3,1,2,139,72,67
REEVES COUNTY,389,13 Years,158,84,74,13,7,6,5,3,2,3,2,1,137,72,65
REEVES COUNTY,389,14 Years,166,80,86,13,7,6,4,0,4,2,1,1,147,72,75
REEVES COUNTY,389,15 Years,166,75,91,16,9,7,3,0,3,1,1,0,146,65,81
REEVES COUNTY,389,16 Years,181,85,96,21,13,8,4,2,2,1,1,0,155,69,86
REEVES COUNTY,389,17 Years,198,95,103,22,10,12,2,2,0,1,0,1,173,83,90
REEVES COUNTY,389,18 Years,176,103,73,18,10,8,3,2,1,3,1,2,152,90,62
REEVES COUNTY,389,19 Years,165,95,70,11,6,5,2,1,1,3,1,2,149,87,62
REEVES COUNTY,389,20 Years,186,114,72,25,19,6,11,9,2,3,1,2,147,85,62
REEVES COUNTY,389,21 Years,254,179,75,49,44,5,21,20,1,5,3,2,179,112,67
REEVES COUNTY,389,22 Years,211,142,69,32,28,4,15,15,0,5,4,1,159,95,64
REEVES COUNTY,389,23 Years,163,106,57,24,19,5,6,6,0,2,2,0,131,79,52
REEVES COUNTY,389,24 Years,227,174,53,47,41,6,30,30,0,3,2,1,147,101,46
REEVES COUNTY,389,25 Years,324,267,57,80,72,8,43,42,1,3,3,0,198,150,48
REEVES COUNTY,389,26 Years,262,198,64,63,53,10,23,21,2,8,6,2,168,118,50
REEVES COUNTY,389,27 Years,214,148,66,49,40,9,18,16,2,4,2,2,143,90,53
REEVES COUNTY,389,28 Years,188,118,70,37,26,11,14,13,1,1,1,0,136,78,58
REEVES COUNTY,389,29 Years,204,138,66,43,34,9,12,10,2,0,0,0,149,94,55
REEVES COUNTY,389,30 Years,171,109,62,31,18,13,11,10,1,0,0,0,129,81,48
REEVES COUNTY,389,31 Years,134,77,57,20,11,9,5,4,1,1,1,0,108,61,47
REEVES COUNTY,389,32 Years,337,268,69,89,78,11,41,38,3,7,7,0,200,145,55
REEVES COUNTY,389,33 Years,222,156,66,45,37,8,20,20,0,4,3,1,153,96,57
REEVES COUNTY,389,34 Years,269,207,62,59,50,9,34,31,3,4,3,1,172,123,49
REEVES COUNTY,389,35 Years,166,104,62,27,21,6,11,10,1,1,1,0,127,72,55
REEVES COUNTY,389,36 Years,142,95,47,24,20,4,10,9,1,0,0,0,108,66,42
REEVES COUNTY,389,37 Years,197,136,61,39,32,7,16,14,2,3,1,2,139,89,50
REEVES COUNTY,389,38 Years,257,202,55,56,53,3,24,22,2,2,0,2,175,127,48
REEVES COUNTY,389,39 Years,311,242,69,68,65,3,27,26,1,5,3,2,211,148,63
REEVES COUNTY,389,40 Years,194,134,60,36,32,4,15,13,2,5,3,2,138,86,52
REEVES COUNTY,389,41 Years,162,95,67,22,17,5,10,8,2,2,1,1,128,69,59
REEVES COUNTY,389,42 Years,204,142,62,45,35,10,13,13,0,3,0,3,143,94,49
REEVES COUNTY,389,43 Years,210,150,60,53,39,14,15,15,0,1,1,0,141,95,46
REEVES COUNTY,389,44 Years,173,117,56,34,25,9,9,8,1,1,1,0,129,83,46
REEVES COUNTY,389,45 Years,165,102,63,36,25,11,8,7,1,4,2,2,117,68,49
REEVES COUNTY,389,46 Years,139,65,74,28,15,13,5,3,2,3,2,1,103,45,58
REEVES COUNTY,389,47 Years,220,131,89,47,36,11,12,11,1,3,0,3,158,84,74
REEVES COUNTY,389,48 Years,204,131,73,39,30,9,10,10,0,3,1,2,152,90,62
REEVES COUNTY,389,49 Years,211,149,62,57,43,14,12,12,0,1,1,0,141,93,48
REEVES COUNTY,389,50 Years,267,195,72,71,58,13,23,21,2,3,2,1,170,114,56
REEVES COUNTY,389,51 Years,178,108,70,38,22,16,9,7,2,2,1,1,129,78,51
REEVES COUNTY,389,52 Years,176,113,63,47,31,16,9,8,1,2,1,1,118,73,45
REEVES COUNTY,389,53 Years,193,127,66,52,36,16,10,9,1,3,2,1,128,80,48
REEVES COUNTY,389,54 Years,189,110,79,49,31,18,12,10,2,4,1,3,124,68,56
REEVES COUNTY,389,55 Years,173,89,84,37,22,15,6,4,2,3,1,2,127,62,65
REEVES COUNTY,389,56 Years,150,63,87,36,16,20,5,2,3,3,2,1,106,43,63
REEVES COUNTY,389,57 Years,164,96,68,45,27,18,7,5,2,2,2,0,110,62,48
REEVES COUNTY,389,58 Years,149,84,65,34,22,12,2,1,1,2,2,0,111,59,52
REEVES COUNTY,389,59 Years,136,77,59,33,20,13,3,3,0,1,1,0,99,53,46
REEVES COUNTY,389,60 Years,128,71,57,26,14,12,3,3,0,1,1,0,98,53,45
REEVES COUNTY,389,61 Years,127,71,56,25,15,10,3,2,1,2,1,1,97,53,44
REEVES COUNTY,389,62 Years,124,66,58,28,17,11,1,1,0,1,1,0,94,47,47
REEVES COUNTY,389,63 Years,121,54,67,26,15,11,1,1,0,2,0,2,92,38,54
REEVES COUNTY,389,64 Years,113,48,65,27,11,16,2,1,1,0,0,0,84,36,48
REEVES COUNTY,389,65 Years,101,44,57,25,12,13,1,1,0,0,0,0,75,31,44
REEVES COUNTY,389,66 Years,85,38,47,19,8,11,1,1,0,1,1,0,64,28,36
REEVES COUNTY,389,67 Years,113,55,58,28,15,13,0,0,0,4,1,3,81,39,42
REEVES COUNTY,389,68 Years,108,57,51,24,14,10,1,1,0,2,0,2,81,42,39
REEVES COUNTY,389,69 Years,78,39,39,24,11,13,1,0,1,0,0,0,53,28,25
REEVES COUNTY,389,70 Years,99,39,60,29,9,20,1,0,1,0,0,0,69,30,39
REEVES COUNTY,389,71 Years,93,40,53,23,9,14,1,0,1,3,0,3,66,31,35
REEVES COUNTY,389,72 Years,71,32,39,23,12,11,0,0,0,1,0,1,47,20,27
REEVES COUNTY,389,73 Years,78,34,44,20,8,12,0,0,0,2,2,0,56,24,32
REEVES COUNTY,389,74 Years,74,35,39,24,10,14,1,0,1,1,1,0,48,24,24
REEVES COUNTY,389,75 Years,78,37,41,22,11,11,2,1,1,0,0,0,54,25,29
REEVES COUNTY,389,76 Years,70,27,43,18,4,14,2,0,2,0,0,0,50,23,27
REEVES COUNTY,389,77 Years,67,27,40,14,5,9,2,0,2,1,0,1,50,22,28
REEVES COUNTY,389,78 Years,67,33,34,15,7,8,2,1,1,0,0,0,50,25,25
REEVES COUNTY,389,79 Years,62,27,35,17,8,9,1,0,1,1,0,1,43,19,24
REEVES COUNTY,389,80 Years,60,31,29,19,11,8,0,0,0,1,0,1,40,20,20
REEVES COUNTY,389,81 Years,56,22,34,14,8,6,1,1,0,0,0,0,41,13,28
REEVES COUNTY,389,82 Years,44,19,25,12,4,8,1,0,1,0,0,0,31,15,16
REEVES COUNTY,389,83 Years,40,17,23,13,7,6,2,0,2,0,0,0,25,10,15
REEVES COUNTY,389,84 Years,37,15,22,16,6,10,2,1,1,0,0,0,19,8,11
REEVES COUNTY,389,85 Years +,204,84,120,68,24,44,5,2,3,2,1,1,129,57,72
REFUGIO COUNTY,391,All Ages,7391,3677,3714,3301,1638,1663,452,242,210,111,63,48,3527,1734,1793
REFUGIO COUNTY,391,< 1 Year,93,46,47,30,14,16,5,3,2,0,0,0,58,29,29
REFUGIO COUNTY,391,1 Years,84,43,41,28,12,16,3,2,1,1,1,0,52,28,24
REFUGIO COUNTY,391,2 Years,68,36,32,18,11,7,4,3,1,0,0,0,46,22,24
REFUGIO COUNTY,391,3 Years,95,42,53,23,9,14,6,4,2,2,0,2,64,29,35
REFUGIO COUNTY,391,4 Years,106,54,52,31,17,14,4,2,2,4,3,1,67,32,35
REFUGIO COUNTY,391,5 Years,93,48,45,27,13,14,6,4,2,2,2,0,58,29,29
REFUGIO COUNTY,391,6 Years,91,43,48,33,17,16,6,4,2,2,2,0,50,20,30
REFUGIO COUNTY,391,7 Years,90,45,45,31,17,14,5,4,1,4,2,2,50,22,28
REFUGIO COUNTY,391,8 Years,86,42,44,26,15,11,3,1,2,3,1,2,54,25,29
REFUGIO COUNTY,391,9 Years,87,45,42,30,18,12,5,3,2,2,0,2,50,24,26
REFUGIO COUNTY,391,10 Years,123,59,64,42,20,22,3,2,1,3,2,1,75,35,40
REFUGIO COUNTY,391,11 Years,106,45,61,28,12,16,3,2,1,1,1,0,74,30,44
REFUGIO COUNTY,391,12 Years,105,53,52,30,17,13,7,3,4,1,1,0,67,32,35
REFUGIO COUNTY,391,13 Years,102,57,45,38,21,17,11,7,4,1,1,0,52,28,24
REFUGIO COUNTY,391,14 Years,100,57,43,40,19,21,10,5,5,1,1,0,49,32,17
REFUGIO COUNTY,391,15 Years,100,56,44,36,20,16,9,4,5,2,2,0,53,30,23
REFUGIO COUNTY,391,16 Years,105,55,50,40,23,17,8,4,4,1,1,0,56,27,29
REFUGIO COUNTY,391,17 Years,103,56,47,41,21,20,10,5,5,2,1,1,50,29,21
REFUGIO COUNTY,391,18 Years,119,63,56,42,22,20,8,3,5,2,1,1,67,37,30
REFUGIO COUNTY,391,19 Years,110,60,50,42,22,20,5,3,2,1,1,0,62,34,28
REFUGIO COUNTY,391,20 Years,93,57,36,27,15,12,8,5,3,0,0,0,58,37,21
REFUGIO COUNTY,391,21 Years,101,55,46,30,15,15,7,6,1,3,2,1,61,32,29
REFUGIO COUNTY,391,22 Years,73,34,39,23,12,11,7,3,4,2,1,1,41,18,23
REFUGIO COUNTY,391,23 Years,61,34,27,16,12,4,7,3,4,1,1,0,37,18,19
REFUGIO COUNTY,391,24 Years,74,46,28,31,19,12,7,3,4,1,1,0,35,23,12
REFUGIO COUNTY,391,25 Years,65,28,37,28,14,14,3,0,3,2,2,0,32,12,20
REFUGIO COUNTY,391,26 Years,55,26,29,18,9,9,2,1,1,1,1,0,34,15,19
REFUGIO COUNTY,391,27 Years,58,28,30,21,13,8,3,2,1,1,0,1,33,13,20
REFUGIO COUNTY,391,28 Years,75,42,33,27,15,12,3,3,0,1,1,0,44,23,21
REFUGIO COUNTY,391,29 Years,72,34,38,27,14,13,4,3,1,1,0,1,40,17,23
REFUGIO COUNTY,391,30 Years,73,37,36,23,12,11,7,4,3,0,0,0,43,21,22
REFUGIO COUNTY,391,31 Years,66,32,34,22,11,11,3,2,1,1,1,0,40,18,22
REFUGIO COUNTY,391,32 Years,69,36,33,26,12,14,6,3,3,2,1,1,35,20,15
REFUGIO COUNTY,391,33 Years,75,34,41,31,12,19,6,2,4,1,1,0,37,19,18
REFUGIO COUNTY,391,34 Years,54,25,29,24,13,11,2,0,2,0,0,0,28,12,16
REFUGIO COUNTY,391,35 Years,59,29,30,27,16,11,4,3,1,0,0,0,28,10,18
REFUGIO COUNTY,391,36 Years,62,27,35,23,11,12,4,1,3,1,0,1,34,15,19
REFUGIO COUNTY,391,37 Years,77,34,43,31,13,18,6,3,3,1,1,0,39,17,22
REFUGIO COUNTY,391,38 Years,93,50,43,40,20,20,5,3,2,1,0,1,47,27,20
REFUGIO COUNTY,391,39 Years,78,38,40,30,15,15,2,1,1,1,0,1,45,22,23
REFUGIO COUNTY,391,40 Years,92,48,44,42,23,19,4,3,1,1,0,1,45,22,23
REFUGIO COUNTY,391,41 Years,89,47,42,37,22,15,4,2,2,2,1,1,46,22,24
REFUGIO COUNTY,391,42 Years,90,43,47,34,15,19,4,3,1,2,1,1,50,24,26
REFUGIO COUNTY,391,43 Years,91,39,52,38,18,20,4,2,2,2,1,1,47,18,29
REFUGIO COUNTY,391,44 Years,94,42,52,44,20,24,4,3,1,0,0,0,46,19,27
REFUGIO COUNTY,391,45 Years,87,43,44,39,17,22,5,3,2,1,1,0,42,22,20
REFUGIO COUNTY,391,46 Years,94,48,46,40,21,19,8,6,2,1,0,1,45,21,24
REFUGIO COUNTY,391,47 Years,104,53,51,49,25,24,7,6,1,0,0,0,48,22,26
REFUGIO COUNTY,391,48 Years,108,56,52,54,29,25,7,4,3,2,1,1,45,22,23
REFUGIO COUNTY,391,49 Years,109,54,55,54,25,29,7,3,4,1,0,1,47,26,21
REFUGIO COUNTY,391,50 Years,107,58,49,55,28,27,6,3,3,3,3,0,43,24,19
REFUGIO COUNTY,391,51 Years,105,57,48,49,29,20,11,3,8,4,2,2,41,23,18
REFUGIO COUNTY,391,52 Years,105,57,48,49,27,22,8,4,4,2,1,1,46,25,21
REFUGIO COUNTY,391,53 Years,110,54,56,54,26,28,6,4,2,3,1,2,47,23,24
REFUGIO COUNTY,391,54 Years,110,57,53,67,33,34,5,3,2,0,0,0,38,21,17
REFUGIO COUNTY,391,55 Years,120,59,61,62,29,33,5,2,3,3,1,2,50,27,23
REFUGIO COUNTY,391,56 Years,119,62,57,59,31,28,6,3,3,2,1,1,52,27,25
REFUGIO COUNTY,391,57 Years,101,50,51,54,25,29,7,4,3,1,0,1,39,21,18
REFUGIO COUNTY,391,58 Years,102,62,40,56,33,23,6,4,2,2,2,0,38,23,15
REFUGIO COUNTY,391,59 Years,95,54,41,45,24,21,5,4,1,2,2,0,43,24,19
REFUGIO COUNTY,391,60 Years,86,45,41,43,19,24,4,4,0,2,1,1,37,21,16
REFUGIO COUNTY,391,61 Years,89,42,47,48,21,27,2,1,1,1,0,1,38,20,18
REFUGIO COUNTY,391,62 Years,92,47,45,54,26,28,6,3,3,1,1,0,31,17,14
REFUGIO COUNTY,391,63 Years,112,49,63,60,25,35,7,2,5,2,0,2,43,22,21
REFUGIO COUNTY,391,64 Years,93,37,56,48,17,31,8,3,5,1,0,1,36,17,19
REFUGIO COUNTY,391,65 Years,99,44,55,50,25,25,5,1,4,2,0,2,42,18,24
REFUGIO COUNTY,391,66 Years,92,44,48,46,27,19,9,3,6,1,0,1,36,14,22
REFUGIO COUNTY,391,67 Years,101,52,49,58,26,32,8,5,3,3,2,1,32,19,13
REFUGIO COUNTY,391,68 Years,90,39,51,59,24,35,6,2,4,1,1,0,24,12,12
REFUGIO COUNTY,391,69 Years,73,32,41,40,20,20,5,2,3,1,0,1,27,10,17
REFUGIO COUNTY,391,70 Years,72,37,35,39,21,18,6,3,3,0,0,0,27,13,14
REFUGIO COUNTY,391,71 Years,71,37,34,45,23,22,3,3,0,0,0,0,23,11,12
REFUGIO COUNTY,391,72 Years,83,42,41,52,28,24,3,2,1,0,0,0,28,12,16
REFUGIO COUNTY,391,73 Years,71,36,35,44,23,21,3,0,3,0,0,0,24,13,11
REFUGIO COUNTY,391,74 Years,79,46,33,50,31,19,2,1,1,0,0,0,27,14,13
REFUGIO COUNTY,391,75 Years,69,39,30,44,27,17,2,1,1,0,0,0,23,11,12
REFUGIO COUNTY,391,76 Years,66,28,38,42,19,23,2,0,2,2,1,1,20,8,12
REFUGIO COUNTY,391,77 Years,49,22,27,28,12,16,2,2,0,1,0,1,18,8,10
REFUGIO COUNTY,391,78 Years,47,21,26,25,11,14,4,2,2,1,1,0,17,7,10
REFUGIO COUNTY,391,79 Years,49,16,33,30,9,21,2,1,1,0,0,0,17,6,11
REFUGIO COUNTY,391,80 Years,44,18,26,27,9,18,2,2,0,0,0,0,15,7,8
REFUGIO COUNTY,391,81 Years,38,18,20,24,11,13,4,2,2,1,1,0,9,4,5
REFUGIO COUNTY,391,82 Years,42,18,24,24,10,14,3,2,1,1,1,0,14,5,9
REFUGIO COUNTY,391,83 Years,37,16,21,20,8,12,1,1,0,0,0,0,16,7,9
REFUGIO COUNTY,391,84 Years,31,13,18,19,10,9,3,0,3,0,0,0,9,3,6
REFUGIO COUNTY,391,85 Years +,185,65,120,120,43,77,14,6,8,0,0,0,51,16,35
ROBERTS COUNTY,393,All Ages,934,475,459,848,425,423,0,0,0,14,9,5,72,41,31
ROBERTS COUNTY,393,< 1 Year,10,7,3,9,6,3,0,0,0,0,0,0,1,1,0
ROBERTS COUNTY,393,1 Years,12,7,5,11,6,5,0,0,0,0,0,0,1,1,0
ROBERTS COUNTY,393,2 Years,8,3,5,7,2,5,0,0,0,0,0,0,1,1,0
ROBERTS COUNTY,393,3 Years,17,12,5,13,9,4,0,0,0,0,0,0,4,3,1
ROBERTS COUNTY,393,4 Years,24,16,8,22,14,8,0,0,0,0,0,0,2,2,0
ROBERTS COUNTY,393,5 Years,14,9,5,10,7,3,0,0,0,1,1,0,3,1,2
ROBERTS COUNTY,393,6 Years,12,5,7,9,4,5,0,0,0,0,0,0,3,1,2
ROBERTS COUNTY,393,7 Years,10,5,5,9,4,5,0,0,0,0,0,0,1,1,0
ROBERTS COUNTY,393,8 Years,8,4,4,8,4,4,0,0,0,0,0,0,0,0,0
ROBERTS COUNTY,393,9 Years,10,5,5,10,5,5,0,0,0,0,0,0,0,0,0
ROBERTS COUNTY,393,10 Years,17,8,9,16,8,8,0,0,0,0,0,0,1,0,1
ROBERTS COUNTY,393,11 Years,15,8,7,14,8,6,0,0,0,0,0,0,1,0,1
ROBERTS COUNTY,393,12 Years,15,9,6,13,8,5,0,0,0,0,0,0,2,1,1
ROBERTS COUNTY,393,13 Years,19,11,8,17,10,7,0,0,0,0,0,0,2,1,1
ROBERTS COUNTY,393,14 Years,15,8,7,15,8,7,0,0,0,0,0,0,0,0,0
ROBERTS COUNTY,393,15 Years,13,6,7,13,6,7,0,0,0,0,0,0,0,0,0
ROBERTS COUNTY,393,16 Years,8,2,6,7,2,5,0,0,0,0,0,0,1,0,1
ROBERTS COUNTY,393,17 Years,11,4,7,10,4,6,0,0,0,0,0,0,1,0,1
ROBERTS COUNTY,393,18 Years,9,4,5,6,2,4,0,0,0,1,1,0,2,1,1
ROBERTS COUNTY,393,19 Years,12,5,7,10,3,7,0,0,0,1,1,0,1,1,0
ROBERTS COUNTY,393,20 Years,4,2,2,3,1,2,0,0,0,0,0,0,1,1,0
ROBERTS COUNTY,393,21 Years,7,5,2,7,5,2,0,0,0,0,0,0,0,0,0
ROBERTS COUNTY,393,22 Years,11,4,7,9,4,5,0,0,0,0,0,0,2,0,2
ROBERTS COUNTY,393,23 Years,7,3,4,6,3,3,0,0,0,0,0,0,1,0,1
ROBERTS COUNTY,393,24 Years,10,5,5,9,4,5,0,0,0,0,0,0,1,1,0
ROBERTS COUNTY,393,25 Years,8,2,6,5,1,4,0,0,0,0,0,0,3,1,2
ROBERTS COUNTY,393,26 Years,10,4,6,8,4,4,0,0,0,1,0,1,1,0,1
ROBERTS COUNTY,393,27 Years,11,5,6,9,5,4,0,0,0,1,0,1,1,0,1
ROBERTS COUNTY,393,28 Years,13,7,6,13,7,6,0,0,0,0,0,0,0,0,0
ROBERTS COUNTY,393,29 Years,14,7,7,13,6,7,0,0,0,0,0,0,1,1,0
ROBERTS COUNTY,393,30 Years,17,8,9,15,6,9,0,0,0,0,0,0,2,2,0
ROBERTS COUNTY,393,31 Years,11,4,7,11,4,7,0,0,0,0,0,0,0,0,0
ROBERTS COUNTY,393,32 Years,12,9,3,11,8,3,0,0,0,0,0,0,1,1,0
ROBERTS COUNTY,393,33 Years,11,7,4,11,7,4,0,0,0,0,0,0,0,0,0
ROBERTS COUNTY,393,34 Years,7,5,2,7,5,2,0,0,0,0,0,0,0,0,0
ROBERTS COUNTY,393,35 Years,7,2,5,6,2,4,0,0,0,0,0,0,1,0,1
ROBERTS COUNTY,393,36 Years,8,2,6,7,1,6,0,0,0,0,0,0,1,1,0
ROBERTS COUNTY,393,37 Years,4,1,3,4,1,3,0,0,0,0,0,0,0,0,0
ROBERTS COUNTY,393,38 Years,7,4,3,6,3,3,0,0,0,0,0,0,1,1,0
ROBERTS COUNTY,393,39 Years,7,3,4,6,3,3,0,0,0,0,0,0,1,0,1
ROBERTS COUNTY,393,40 Years,10,3,7,9,3,6,0,0,0,0,0,0,1,0,1
ROBERTS COUNTY,393,41 Years,13,5,8,12,4,8,0,0,0,0,0,0,1,1,0
ROBERTS COUNTY,393,42 Years,15,6,9,13,4,9,0,0,0,0,0,0,2,2,0
ROBERTS COUNTY,393,43 Years,11,6,5,9,5,4,0,0,0,0,0,0,2,1,1
ROBERTS COUNTY,393,44 Years,15,11,4,14,10,4,0,0,0,0,0,0,1,1,0
ROBERTS COUNTY,393,45 Years,12,9,3,12,9,3,0,0,0,0,0,0,0,0,0
ROBERTS COUNTY,393,46 Years,12,9,3,11,8,3,0,0,0,0,0,0,1,1,0
ROBERTS COUNTY,393,47 Years,14,6,8,12,6,6,0,0,0,0,0,0,2,0,2
ROBERTS COUNTY,393,48 Years,13,7,6,11,6,5,0,0,0,0,0,0,2,1,1
ROBERTS COUNTY,393,49 Years,16,10,6,15,9,6,0,0,0,1,1,0,0,0,0
ROBERTS COUNTY,393,50 Years,14,10,4,12,8,4,0,0,0,1,1,0,1,1,0
ROBERTS COUNTY,393,51 Years,17,6,11,15,6,9,0,0,0,0,0,0,2,0,2
ROBERTS COUNTY,393,52 Years,17,8,9,16,8,8,0,0,0,1,0,1,0,0,0
ROBERTS COUNTY,393,53 Years,11,6,5,11,6,5,0,0,0,0,0,0,0,0,0
ROBERTS COUNTY,393,54 Years,14,6,8,13,5,8,0,0,0,0,0,0,1,1,0
ROBERTS COUNTY,393,55 Years,10,4,6,10,4,6,0,0,0,0,0,0,0,0,0
ROBERTS COUNTY,393,56 Years,12,6,6,11,5,6,0,0,0,0,0,0,1,1,0
ROBERTS COUNTY,393,57 Years,17,7,10,16,7,9,0,0,0,0,0,0,1,0,1
ROBERTS COUNTY,393,58 Years,14,8,6,13,8,5,0,0,0,1,0,1,0,0,0
ROBERTS COUNTY,393,59 Years,14,8,6,12,7,5,0,0,0,0,0,0,2,1,1
ROBERTS COUNTY,393,60 Years,12,6,6,11,5,6,0,0,0,0,0,0,1,1,0
ROBERTS COUNTY,393,61 Years,11,7,4,9,5,4,0,0,0,2,2,0,0,0,0
ROBERTS COUNTY,393,62 Years,10,6,4,9,5,4,0,0,0,1,1,0,0,0,0
ROBERTS COUNTY,393,63 Years,14,8,6,14,8,6,0,0,0,0,0,0,0,0,0
ROBERTS COUNTY,393,64 Years,14,10,4,13,9,4,0,0,0,0,0,0,1,1,0
ROBERTS COUNTY,393,65 Years,10,5,5,9,4,5,0,0,0,0,0,0,1,1,0
ROBERTS COUNTY,393,66 Years,12,6,6,11,5,6,0,0,0,0,0,0,1,1,0
ROBERTS COUNTY,393,67 Years,17,9,8,16,8,8,0,0,0,1,1,0,0,0,0
ROBERTS COUNTY,393,68 Years,13,6,7,12,5,7,0,0,0,0,0,0,1,1,0
ROBERTS COUNTY,393,69 Years,11,6,5,10,5,5,0,0,0,0,0,0,1,1,0
ROBERTS COUNTY,393,70 Years,10,7,3,10,7,3,0,0,0,0,0,0,0,0,0
ROBERTS COUNTY,393,71 Years,6,3,3,6,3,3,0,0,0,0,0,0,0,0,0
ROBERTS COUNTY,393,72 Years,6,1,5,6,1,5,0,0,0,0,0,0,0,0,0
ROBERTS COUNTY,393,73 Years,10,4,6,10,4,6,0,0,0,0,0,0,0,0,0
ROBERTS COUNTY,393,74 Years,7,2,5,7,2,5,0,0,0,0,0,0,0,0,0
ROBERTS COUNTY,393,75 Years,5,2,3,5,2,3,0,0,0,0,0,0,0,0,0
ROBERTS COUNTY,393,76 Years,7,5,2,7,5,2,0,0,0,0,0,0,0,0,0
ROBERTS COUNTY,393,77 Years,5,3,2,5,3,2,0,0,0,0,0,0,0,0,0
ROBERTS COUNTY,393,78 Years,3,2,1,2,2,0,0,0,0,1,0,1,0,0,0
ROBERTS COUNTY,393,79 Years,3,2,1,3,2,1,0,0,0,0,0,0,0,0,0
ROBERTS COUNTY,393,80 Years,5,1,4,5,1,4,0,0,0,0,0,0,0,0,0
ROBERTS COUNTY,393,81 Years,5,1,4,5,1,4,0,0,0,0,0,0,0,0,0
ROBERTS COUNTY,393,82 Years,4,1,3,4,1,3,0,0,0,0,0,0,0,0,0
ROBERTS COUNTY,393,83 Years,4,1,3,4,1,3,0,0,0,0,0,0,0,0,0
ROBERTS COUNTY,393,84 Years,4,1,3,4,1,3,0,0,0,0,0,0,0,0,0
ROBERTS COUNTY,393,85 Years +,10,2,8,9,2,7,0,0,0,0,0,0,1,0,1
ROBERTSON COUNTY,395,All Ages,17021,8432,8589,9961,4982,4979,3619,1690,1929,303,154,149,3138,1606,1532
ROBERTSON COUNTY,395,< 1 Year,206,108,98,100,50,50,48,26,22,4,3,1,54,29,25
ROBERTSON COUNTY,395,1 Years,215,111,104,90,48,42,47,25,22,5,3,2,73,35,38
ROBERTSON COUNTY,395,2 Years,211,100,111,86,40,46,46,21,25,8,5,3,71,34,37
ROBERTSON COUNTY,395,3 Years,249,127,122,109,61,48,55,23,32,10,6,4,75,37,38
ROBERTSON COUNTY,395,4 Years,241,116,125,119,57,62,53,24,29,5,3,2,64,32,32
ROBERTSON COUNTY,395,5 Years,249,134,115,115,66,49,54,25,29,3,2,1,77,41,36
ROBERTSON COUNTY,395,6 Years,226,122,104,101,55,46,52,28,24,7,3,4,66,36,30
ROBERTSON COUNTY,395,7 Years,220,113,107,103,60,43,53,26,27,4,0,4,60,27,33
ROBERTSON COUNTY,395,8 Years,212,110,102,99,60,39,43,17,26,3,0,3,67,33,34
ROBERTSON COUNTY,395,9 Years,214,104,110,95,48,47,51,24,27,4,1,3,64,31,33
ROBERTSON COUNTY,395,10 Years,244,116,128,116,53,63,60,32,28,9,4,5,59,27,32
ROBERTSON COUNTY,395,11 Years,263,138,125,134,71,63,56,29,27,10,5,5,63,33,30
ROBERTSON COUNTY,395,12 Years,233,130,103,117,67,50,54,31,23,6,2,4,56,30,26
ROBERTSON COUNTY,395,13 Years,234,113,121,104,54,50,60,29,31,8,3,5,62,27,35
ROBERTSON COUNTY,395,14 Years,239,126,113,115,66,49,58,32,26,7,2,5,59,26,33
ROBERTSON COUNTY,395,15 Years,238,134,104,119,72,47,63,34,29,4,2,2,52,26,26
ROBERTSON COUNTY,395,16 Years,253,147,106,114,66,48,73,45,28,5,4,1,61,32,29
ROBERTSON COUNTY,395,17 Years,273,148,125,123,66,57,81,45,36,8,4,4,61,33,28
ROBERTSON COUNTY,395,18 Years,263,139,124,125,69,56,77,36,41,5,3,2,56,31,25
ROBERTSON COUNTY,395,19 Years,234,124,110,107,60,47,72,38,34,5,4,1,50,22,28
ROBERTSON COUNTY,395,20 Years,206,106,100,89,46,43,64,31,33,2,1,1,51,28,23
ROBERTSON COUNTY,395,21 Years,196,93,103,72,38,34,65,26,39,2,2,0,57,27,30
ROBERTSON COUNTY,395,22 Years,176,84,92,76,39,37,56,22,34,3,2,1,41,21,20
ROBERTSON COUNTY,395,23 Years,176,86,90,82,38,44,43,18,25,2,1,1,49,29,20
ROBERTSON COUNTY,395,24 Years,172,89,83,78,41,37,48,24,24,3,3,0,43,21,22
ROBERTSON COUNTY,395,25 Years,168,75,93,82,42,40,43,19,24,4,1,3,39,13,26
ROBERTSON COUNTY,395,26 Years,191,98,93,96,52,44,39,19,20,5,1,4,51,26,25
ROBERTSON COUNTY,395,27 Years,184,95,89,90,50,40,40,20,20,2,1,1,52,24,28
ROBERTSON COUNTY,395,28 Years,193,88,105,87,40,47,48,23,25,2,1,1,56,24,32
ROBERTSON COUNTY,395,29 Years,187,95,92,106,52,54,34,20,14,3,2,1,44,21,23
ROBERTSON COUNTY,395,30 Years,172,94,78,94,51,43,31,18,13,3,2,1,44,23,21
ROBERTSON COUNTY,395,31 Years,204,112,92,111,60,51,41,20,21,2,1,1,50,31,19
ROBERTSON COUNTY,395,32 Years,196,107,89,101,57,44,35,18,17,4,2,2,56,30,26
ROBERTSON COUNTY,395,33 Years,189,90,99,98,46,52,40,18,22,3,2,1,48,24,24
ROBERTSON COUNTY,395,34 Years,180,91,89,97,50,47,35,17,18,4,2,2,44,22,22
ROBERTSON COUNTY,395,35 Years,168,83,85,82,42,40,42,19,23,3,1,2,41,21,20
ROBERTSON COUNTY,395,36 Years,186,82,104,93,39,54,53,24,29,2,1,1,38,18,20
ROBERTSON COUNTY,395,37 Years,165,81,84,84,42,42,38,15,23,3,3,0,40,21,19
ROBERTSON COUNTY,395,38 Years,167,87,80,93,55,38,34,10,24,2,2,0,38,20,18
ROBERTSON COUNTY,395,39 Years,191,94,97,114,54,60,36,16,20,3,2,1,38,22,16
ROBERTSON COUNTY,395,40 Years,205,83,122,121,47,74,39,13,26,5,2,3,40,21,19
ROBERTSON COUNTY,395,41 Years,189,88,101,111,55,56,39,9,30,6,3,3,33,21,12
ROBERTSON COUNTY,395,42 Years,202,95,107,118,60,58,44,16,28,3,2,1,37,17,20
ROBERTSON COUNTY,395,43 Years,212,95,117,127,59,68,43,18,25,3,1,2,39,17,22
ROBERTSON COUNTY,395,44 Years,220,105,115,122,51,71,54,30,24,5,3,2,39,21,18
ROBERTSON COUNTY,395,45 Years,226,109,117,137,60,77,50,28,22,4,2,2,35,19,16
ROBERTSON COUNTY,395,46 Years,229,120,109,137,73,64,50,27,23,3,1,2,39,19,20
ROBERTSON COUNTY,395,47 Years,234,124,110,144,74,70,50,28,22,5,3,2,35,19,16
ROBERTSON COUNTY,395,48 Years,227,122,105,155,81,74,46,28,18,2,1,1,24,12,12
ROBERTSON COUNTY,395,49 Years,230,108,122,150,71,79,47,18,29,4,2,2,29,17,12
ROBERTSON COUNTY,395,50 Years,217,113,104,131,66,65,44,19,25,6,3,3,36,25,11
ROBERTSON COUNTY,395,51 Years,260,140,120,159,89,70,57,23,34,5,2,3,39,26,13
ROBERTSON COUNTY,395,52 Years,262,127,135,178,86,92,47,20,27,4,2,2,33,19,14
ROBERTSON COUNTY,395,53 Years,252,121,131,158,78,80,59,26,33,6,1,5,29,16,13
ROBERTSON COUNTY,395,54 Years,259,133,126,166,90,76,59,27,32,4,0,4,30,16,14
ROBERTSON COUNTY,395,55 Years,242,133,109,160,88,72,48,26,22,6,4,2,28,15,13
ROBERTSON COUNTY,395,56 Years,235,115,120,169,83,86,38,17,21,7,5,2,21,10,11
ROBERTSON COUNTY,395,57 Years,261,131,130,181,90,91,40,17,23,6,3,3,34,21,13
ROBERTSON COUNTY,395,58 Years,247,113,134,169,75,94,43,18,25,4,2,2,31,18,13
ROBERTSON COUNTY,395,59 Years,207,102,105,141,67,74,43,24,19,2,0,2,21,11,10
ROBERTSON COUNTY,395,60 Years,214,108,106,153,72,81,41,24,17,2,0,2,18,12,6
ROBERTSON COUNTY,395,61 Years,222,107,115,157,75,82,39,19,20,3,1,2,23,12,11
ROBERTSON COUNTY,395,62 Years,238,112,126,169,78,91,43,20,23,2,1,1,24,13,11
ROBERTSON COUNTY,395,63 Years,227,118,109,164,86,78,40,19,21,3,3,0,20,10,10
ROBERTSON COUNTY,395,64 Years,230,122,108,171,94,77,37,15,22,2,2,0,20,11,9
ROBERTSON COUNTY,395,65 Years,196,101,95,138,72,66,37,16,21,2,2,0,19,11,8
ROBERTSON COUNTY,395,66 Years,156,70,86,118,56,62,20,5,15,2,1,1,16,8,8
ROBERTSON COUNTY,395,67 Years,178,87,91,134,72,62,30,10,20,0,0,0,14,5,9
ROBERTSON COUNTY,395,68 Years,173,80,93,130,62,68,26,11,15,3,1,2,14,6,8
ROBERTSON COUNTY,395,69 Years,173,80,93,122,56,66,31,14,17,1,0,1,19,10,9
ROBERTSON COUNTY,395,70 Years,151,68,83,116,51,65,21,8,13,3,2,1,11,7,4
ROBERTSON COUNTY,395,71 Years,144,62,82,117,51,66,17,8,9,2,1,1,8,2,6
ROBERTSON COUNTY,395,72 Years,147,69,78,118,55,63,22,10,12,0,0,0,7,4,3
ROBERTSON COUNTY,395,73 Years,141,72,69,102,51,51,24,12,12,2,1,1,13,8,5
ROBERTSON COUNTY,395,74 Years,141,76,65,104,56,48,19,12,7,1,0,1,17,8,9
ROBERTSON COUNTY,395,75 Years,127,56,71,100,45,55,14,5,9,1,1,0,12,5,7
ROBERTSON COUNTY,395,76 Years,108,47,61,83,36,47,21,9,12,0,0,0,4,2,2
ROBERTSON COUNTY,395,77 Years,100,50,50,75,42,33,22,7,15,0,0,0,3,1,2
ROBERTSON COUNTY,395,78 Years,104,52,52,82,44,38,12,5,7,1,1,0,9,2,7
ROBERTSON COUNTY,395,79 Years,83,36,47,68,28,40,9,5,4,1,1,0,5,2,3
ROBERTSON COUNTY,395,80 Years,80,33,47,63,26,37,10,4,6,0,0,0,7,3,4
ROBERTSON COUNTY,395,81 Years,82,30,52,64,25,39,13,2,11,0,0,0,5,3,2
ROBERTSON COUNTY,395,82 Years,80,34,46,63,29,34,12,3,9,0,0,0,5,2,3
ROBERTSON COUNTY,395,83 Years,75,38,37,61,29,32,9,5,4,0,0,0,5,4,1
ROBERTSON COUNTY,395,84 Years,67,29,38,51,21,30,10,4,6,2,1,1,4,3,1
ROBERTSON COUNTY,395,85 Years +,384,128,256,288,104,184,79,19,60,3,1,2,14,4,10
ROCKWALL COUNTY,397,All Ages,81204,40027,41177,59648,29202,30446,4641,2287,2354,3629,1735,1894,13286,6803,6483
ROCKWALL COUNTY,397,< 1 Year,953,489,464,657,336,321,47,24,23,44,23,21,205,106,99
ROCKWALL COUNTY,397,1 Years,981,490,491,640,318,322,55,30,25,47,21,26,239,121,118
ROCKWALL COUNTY,397,2 Years,1102,566,536,716,371,345,62,29,33,67,39,28,257,127,130
ROCKWALL COUNTY,397,3 Years,1182,601,581,763,396,367,65,32,33,73,39,34,281,134,147
ROCKWALL COUNTY,397,4 Years,1228,620,608,784,398,386,68,38,30,76,37,39,300,147,153
ROCKWALL COUNTY,397,5 Years,1269,655,614,826,428,398,74,41,33,72,38,34,297,148,149
ROCKWALL COUNTY,397,6 Years,1328,669,659,878,444,434,78,36,42,73,37,36,299,152,147
ROCKWALL COUNTY,397,7 Years,1393,707,686,921,462,459,84,38,46,81,39,42,307,168,139
ROCKWALL COUNTY,397,8 Years,1390,702,688,935,463,472,90,44,46,77,38,39,288,157,131
ROCKWALL COUNTY,397,9 Years,1410,733,677,927,466,461,95,49,46,78,47,31,310,171,139
ROCKWALL COUNTY,397,10 Years,1458,752,706,965,492,473,90,47,43,83,41,42,320,172,148
ROCKWALL COUNTY,397,11 Years,1464,737,727,964,480,484,87,40,47,77,41,36,336,176,160
ROCKWALL COUNTY,397,12 Years,1483,738,745,974,477,497,88,42,46,81,38,43,340,181,159
ROCKWALL COUNTY,397,13 Years,1507,778,729,994,516,478,91,50,41,88,40,48,334,172,162
ROCKWALL COUNTY,397,14 Years,1441,746,695,969,505,464,103,53,50,67,31,36,302,157,145
ROCKWALL COUNTY,397,15 Years,1498,769,729,1008,516,492,115,58,57,79,42,37,296,153,143
ROCKWALL COUNTY,397,16 Years,1483,762,721,982,498,484,115,57,58,75,43,32,311,164,147
ROCKWALL COUNTY,397,17 Years,1373,720,653,922,467,455,104,57,47,67,41,26,280,155,125
ROCKWALL COUNTY,397,18 Years,1288,670,618,864,440,424,104,56,48,60,37,23,260,137,123
ROCKWALL COUNTY,397,19 Years,1056,564,492,690,373,317,73,38,35,60,29,31,233,124,109
ROCKWALL COUNTY,397,20 Years,783,423,360,476,249,227,62,35,27,38,18,20,207,121,86
ROCKWALL COUNTY,397,21 Years,720,388,332,432,241,191,64,30,34,34,19,15,190,98,92
ROCKWALL COUNTY,397,22 Years,645,348,297,408,218,190,43,22,21,33,20,13,161,88,73
ROCKWALL COUNTY,397,23 Years,606,323,283,386,204,182,37,20,17,35,19,16,148,80,68
ROCKWALL COUNTY,397,24 Years,623,321,302,418,209,209,32,18,14,30,12,18,143,82,61
ROCKWALL COUNTY,397,25 Years,677,327,350,456,206,250,27,15,12,33,16,17,161,90,71
ROCKWALL COUNTY,397,26 Years,749,367,382,523,249,274,36,17,19,31,17,14,159,84,75
ROCKWALL COUNTY,397,27 Years,787,391,396,546,276,270,36,12,24,37,18,19,168,85,83
ROCKWALL COUNTY,397,28 Years,865,397,468,603,276,327,39,17,22,41,19,22,182,85,97
ROCKWALL COUNTY,397,29 Years,929,448,481,667,325,342,41,20,21,38,15,23,183,88,95
ROCKWALL COUNTY,397,30 Years,995,493,502,702,355,347,39,19,20,41,18,23,213,101,112
ROCKWALL COUNTY,397,31 Years,1038,501,537,735,351,384,55,29,26,36,16,20,212,105,107
ROCKWALL COUNTY,397,32 Years,1082,533,549,746,361,385,64,32,32,33,17,16,239,123,116
ROCKWALL COUNTY,397,33 Years,1117,514,603,771,354,417,63,26,37,41,19,22,242,115,127
ROCKWALL COUNTY,397,34 Years,1087,509,578,741,344,397,64,31,33,53,22,31,229,112,117
ROCKWALL COUNTY,397,35 Years,1155,537,618,793,363,430,79,31,48,52,22,30,231,121,110
ROCKWALL COUNTY,397,36 Years,1172,549,623,812,379,433,70,30,40,62,26,36,228,114,114
ROCKWALL COUNTY,397,37 Years,1209,570,639,847,402,445,70,32,38,61,20,41,231,116,115
ROCKWALL COUNTY,397,38 Years,1188,582,606,847,416,431,71,36,35,51,23,28,219,107,112
ROCKWALL COUNTY,397,39 Years,1261,598,663,893,423,470,86,38,48,56,28,28,226,109,117
ROCKWALL COUNTY,397,40 Years,1398,672,726,1000,483,517,104,48,56,65,33,32,229,108,121
ROCKWALL COUNTY,397,41 Years,1370,669,701,1004,495,509,88,43,45,58,29,29,220,102,118
ROCKWALL COUNTY,397,42 Years,1302,620,682,926,443,483,94,43,51,63,28,35,219,106,113
ROCKWALL COUNTY,397,43 Years,1317,654,663,957,474,483,84,42,42,60,28,32,216,110,106
ROCKWALL COUNTY,397,44 Years,1262,657,605,926,481,445,88,48,40,62,26,36,186,102,84
ROCKWALL COUNTY,397,45 Years,1245,661,584,913,489,424,97,49,48,57,27,30,178,96,82
ROCKWALL COUNTY,397,46 Years,1317,677,640,1004,518,486,99,45,54,44,24,20,170,90,80
ROCKWALL COUNTY,397,47 Years,1372,675,697,1059,508,551,90,49,41,53,25,28,170,93,77
ROCKWALL COUNTY,397,48 Years,1337,653,684,1047,509,538,85,41,44,40,17,23,165,86,79
ROCKWALL COUNTY,397,49 Years,1295,636,659,1030,506,524,76,39,37,46,20,26,143,71,72
ROCKWALL COUNTY,397,50 Years,1349,671,678,1058,524,534,94,55,39,41,19,22,156,73,83
ROCKWALL COUNTY,397,51 Years,1292,637,655,1030,505,525,73,38,35,40,19,21,149,75,74
ROCKWALL COUNTY,397,52 Years,1171,578,593,940,460,480,65,35,30,45,17,28,121,66,55
ROCKWALL COUNTY,397,53 Years,1136,554,582,936,459,477,57,27,30,47,18,29,96,50,46
ROCKWALL COUNTY,397,54 Years,1121,519,602,910,422,488,61,32,29,39,18,21,111,47,64
ROCKWALL COUNTY,397,55 Years,1100,543,557,910,439,471,59,31,28,37,21,16,94,52,42
ROCKWALL COUNTY,397,56 Years,1056,506,550,890,422,468,46,20,26,41,18,23,79,46,33
ROCKWALL COUNTY,397,57 Years,956,465,491,811,402,409,41,16,25,36,10,26,68,37,31
ROCKWALL COUNTY,397,58 Years,922,445,477,780,384,396,40,22,18,42,16,26,60,23,37
ROCKWALL COUNTY,397,59 Years,909,469,440,766,400,366,42,19,23,36,16,20,65,34,31
ROCKWALL COUNTY,397,60 Years,830,414,416,703,351,352,38,19,19,35,14,21,54,30,24
ROCKWALL COUNTY,397,61 Years,790,387,403,678,325,353,33,20,13,30,12,18,49,30,19
ROCKWALL COUNTY,397,62 Years,775,376,399,670,317,353,26,14,12,33,19,14,46,26,20
ROCKWALL COUNTY,397,63 Years,755,362,393,641,305,336,32,18,14,37,18,19,45,21,24
ROCKWALL COUNTY,397,64 Years,769,370,399,668,325,343,24,10,14,32,11,21,45,24,21
ROCKWALL COUNTY,397,65 Years,604,298,306,521,260,261,18,10,8,19,6,13,46,22,24
ROCKWALL COUNTY,397,66 Years,578,262,316,502,234,268,25,9,16,12,3,9,39,16,23
ROCKWALL COUNTY,397,67 Years,601,268,333,534,243,291,23,10,13,19,5,14,25,10,15
ROCKWALL COUNTY,397,68 Years,605,278,327,541,251,290,14,7,7,19,7,12,31,13,18
ROCKWALL COUNTY,397,69 Years,526,259,267,465,229,236,13,6,7,20,11,9,28,13,15
ROCKWALL COUNTY,397,70 Years,482,250,232,424,224,200,19,6,13,15,9,6,24,11,13
ROCKWALL COUNTY,397,71 Years,452,221,231,401,198,203,17,7,10,15,8,7,19,8,11
ROCKWALL COUNTY,397,72 Years,413,192,221,373,173,200,9,5,4,16,8,8,15,6,9
ROCKWALL COUNTY,397,73 Years,349,158,191,315,145,170,7,3,4,12,5,7,15,5,10
ROCKWALL COUNTY,397,74 Years,311,148,163,276,133,143,9,4,5,12,5,7,14,6,8
ROCKWALL COUNTY,397,75 Years,306,152,154,271,133,138,7,3,4,11,7,4,17,9,8
ROCKWALL COUNTY,397,76 Years,291,132,159,269,123,146,6,3,3,6,3,3,10,3,7
ROCKWALL COUNTY,397,77 Years,271,105,166,243,96,147,6,3,3,9,3,6,13,3,10
ROCKWALL COUNTY,397,78 Years,272,121,151,243,112,131,7,1,6,9,4,5,13,4,9
ROCKWALL COUNTY,397,79 Years,232,97,135,202,88,114,7,2,5,11,4,7,12,3,9
ROCKWALL COUNTY,397,80 Years,228,85,143,208,75,133,5,1,4,6,4,2,9,5,4
ROCKWALL COUNTY,397,81 Years,210,80,130,187,72,115,7,3,4,7,2,5,9,3,6
ROCKWALL COUNTY,397,82 Years,183,76,107,165,68,97,6,3,3,5,3,2,7,2,5
ROCKWALL COUNTY,397,83 Years,164,67,97,150,62,88,4,2,2,6,2,4,4,1,3
ROCKWALL COUNTY,397,84 Years,149,59,90,136,53,83,5,2,3,3,1,2,5,3,2
ROCKWALL COUNTY,397,85 Years +,856,262,594,784,237,547,25,5,20,17,7,10,30,13,17
RUNNELS COUNTY,399,All Ages,10569,5238,5331,6834,3336,3498,162,89,73,133,60,73,3440,1753,1687
RUNNELS COUNTY,399,< 1 Year,124,64,60,64,33,31,2,1,1,1,1,0,57,29,28
RUNNELS COUNTY,399,1 Years,123,67,56,60,33,27,1,0,1,1,1,0,61,33,28
RUNNELS COUNTY,399,2 Years,131,69,62,68,37,31,0,0,0,2,0,2,61,32,29
RUNNELS COUNTY,399,3 Years,153,80,73,76,39,37,2,2,0,3,0,3,72,39,33
RUNNELS COUNTY,399,4 Years,150,71,79,67,30,37,4,3,1,3,2,1,76,36,40
RUNNELS COUNTY,399,5 Years,143,81,62,66,35,31,5,4,1,1,1,0,71,41,30
RUNNELS COUNTY,399,6 Years,145,79,66,63,33,30,2,1,1,1,1,0,79,44,35
RUNNELS COUNTY,399,7 Years,148,76,72,74,38,36,3,2,1,1,0,1,70,36,34
RUNNELS COUNTY,399,8 Years,145,76,69,74,40,34,1,1,0,0,0,0,70,35,35
RUNNELS COUNTY,399,9 Years,135,68,67,60,24,36,2,1,1,1,0,1,72,43,29
RUNNELS COUNTY,399,10 Years,138,71,67,75,39,36,2,1,1,1,0,1,60,31,29
RUNNELS COUNTY,399,11 Years,146,75,71,81,43,38,3,2,1,3,3,0,59,27,32
RUNNELS COUNTY,399,12 Years,135,68,67,66,35,31,3,2,1,2,1,1,64,30,34
RUNNELS COUNTY,399,13 Years,169,80,89,86,40,46,3,1,2,3,1,2,77,38,39
RUNNELS COUNTY,399,14 Years,178,88,90,93,46,47,1,0,1,2,0,2,82,42,40
RUNNELS COUNTY,399,15 Years,163,90,73,83,46,37,3,3,0,3,2,1,74,39,35
RUNNELS COUNTY,399,16 Years,149,89,60,72,43,29,2,2,0,2,2,0,73,42,31
RUNNELS COUNTY,399,17 Years,148,79,69,77,36,41,2,1,1,2,2,0,67,40,27
RUNNELS COUNTY,399,18 Years,142,79,63,80,43,37,2,1,1,3,2,1,57,33,24
RUNNELS COUNTY,399,19 Years,134,84,50,75,47,28,4,3,1,3,2,1,52,32,20
RUNNELS COUNTY,399,20 Years,114,60,54,60,30,30,1,1,0,3,2,1,50,27,23
RUNNELS COUNTY,399,21 Years,108,54,54,53,29,24,3,1,2,3,2,1,49,22,27
RUNNELS COUNTY,399,22 Years,109,58,51,52,28,24,4,2,2,3,2,1,50,26,24
RUNNELS COUNTY,399,23 Years,105,50,55,58,25,33,3,3,0,2,1,1,42,21,21
RUNNELS COUNTY,399,24 Years,92,46,46,58,29,29,1,1,0,2,1,1,31,15,16
RUNNELS COUNTY,399,25 Years,96,45,51,56,29,27,5,1,4,1,0,1,34,15,19
RUNNELS COUNTY,399,26 Years,116,59,57,69,38,31,5,2,3,2,1,1,40,18,22
RUNNELS COUNTY,399,27 Years,114,60,54,69,40,29,2,1,1,2,1,1,41,18,23
RUNNELS COUNTY,399,28 Years,115,62,53,63,36,27,1,1,0,2,1,1,49,24,25
RUNNELS COUNTY,399,29 Years,99,41,58,57,22,35,1,1,0,1,0,1,40,18,22
RUNNELS COUNTY,399,30 Years,100,50,50,56,30,26,1,1,0,1,0,1,42,19,23
RUNNELS COUNTY,399,31 Years,106,57,49,66,39,27,1,1,0,1,0,1,38,17,21
RUNNELS COUNTY,399,32 Years,103,61,42,67,41,26,2,2,0,2,1,1,32,17,15
RUNNELS COUNTY,399,33 Years,100,61,39,60,37,23,0,0,0,2,1,1,38,23,15
RUNNELS COUNTY,399,34 Years,87,38,49,47,21,26,1,0,1,3,2,1,36,15,21
RUNNELS COUNTY,399,35 Years,84,39,45,49,22,27,1,0,1,0,0,0,34,17,17
RUNNELS COUNTY,399,36 Years,95,44,51,57,24,33,0,0,0,0,0,0,38,20,18
RUNNELS COUNTY,399,37 Years,108,46,62,64,29,35,1,1,0,3,1,2,40,15,25
RUNNELS COUNTY,399,38 Years,100,49,51,61,32,29,1,1,0,1,0,1,37,16,21
RUNNELS COUNTY,399,39 Years,114,55,59,77,37,40,1,1,0,0,0,0,36,17,19
RUNNELS COUNTY,399,40 Years,120,54,66,75,32,43,2,1,1,0,0,0,43,21,22
RUNNELS COUNTY,399,41 Years,134,61,73,89,40,49,2,0,2,1,0,1,42,21,21
RUNNELS COUNTY,399,42 Years,132,60,72,77,42,35,2,0,2,1,1,0,52,17,35
RUNNELS COUNTY,399,43 Years,112,51,61,72,37,35,1,0,1,1,1,0,38,13,25
RUNNELS COUNTY,399,44 Years,122,57,65,77,36,41,1,1,0,0,0,0,44,20,24
RUNNELS COUNTY,399,45 Years,130,65,65,85,39,46,1,0,1,1,1,0,43,25,18
RUNNELS COUNTY,399,46 Years,142,72,70,91,46,45,1,1,0,2,1,1,48,24,24
RUNNELS COUNTY,399,47 Years,139,70,69,95,47,48,3,2,1,1,0,1,40,21,19
RUNNELS COUNTY,399,48 Years,152,76,76,108,53,55,3,3,0,1,0,1,40,20,20
RUNNELS COUNTY,399,49 Years,161,79,82,109,51,58,3,2,1,1,0,1,48,26,22
RUNNELS COUNTY,399,50 Years,133,73,60,90,48,42,3,2,1,2,0,2,38,23,15
RUNNELS COUNTY,399,51 Years,146,74,72,97,48,49,2,0,2,2,1,1,45,25,20
RUNNELS COUNTY,399,52 Years,149,67,82,106,43,63,2,0,2,0,0,0,41,24,17
RUNNELS COUNTY,399,53 Years,131,61,70,89,40,49,2,0,2,1,0,1,39,21,18
RUNNELS COUNTY,399,54 Years,151,82,69,110,59,51,5,3,2,1,0,1,35,20,15
RUNNELS COUNTY,399,55 Years,169,82,87,122,58,64,3,2,1,4,1,3,40,21,19
RUNNELS COUNTY,399,56 Years,159,80,79,116,58,58,2,1,1,3,1,2,38,20,18
RUNNELS COUNTY,399,57 Years,146,74,72,107,51,56,5,3,2,1,0,1,33,20,13
RUNNELS COUNTY,399,58 Years,138,72,66,107,54,53,3,2,1,2,2,0,26,14,12
RUNNELS COUNTY,399,59 Years,170,95,75,132,73,59,2,1,1,3,3,0,33,18,15
RUNNELS COUNTY,399,60 Years,145,79,66,115,63,52,4,2,2,2,1,1,24,13,11
RUNNELS COUNTY,399,61 Years,140,68,72,100,49,51,2,0,2,2,1,1,36,18,18
RUNNELS COUNTY,399,62 Years,128,63,65,91,42,49,1,0,1,1,1,0,35,20,15
RUNNELS COUNTY,399,63 Years,129,50,79,98,36,62,1,0,1,1,0,1,29,14,15
RUNNELS COUNTY,399,64 Years,145,70,75,118,54,64,2,1,1,0,0,0,25,15,10
RUNNELS COUNTY,399,65 Years,124,62,62,96,47,49,3,1,2,0,0,0,25,14,11
RUNNELS COUNTY,399,66 Years,130,63,67,99,48,51,2,0,2,0,0,0,29,15,14
RUNNELS COUNTY,399,67 Years,128,60,68,98,47,51,3,2,1,1,1,0,26,10,16
RUNNELS COUNTY,399,68 Years,122,56,66,93,41,52,1,1,0,2,2,0,26,12,14
RUNNELS COUNTY,399,69 Years,107,47,60,75,34,41,2,1,1,1,0,1,29,12,17
RUNNELS COUNTY,399,70 Years,109,51,58,85,40,45,2,1,1,1,0,1,21,10,11
RUNNELS COUNTY,399,71 Years,91,46,45,69,31,38,1,1,0,0,0,0,21,14,7
RUNNELS COUNTY,399,72 Years,100,49,51,80,39,41,0,0,0,1,0,1,19,10,9
RUNNELS COUNTY,399,73 Years,101,45,56,81,36,45,0,0,0,6,2,4,14,7,7
RUNNELS COUNTY,399,74 Years,77,33,44,63,30,33,0,0,0,2,0,2,12,3,9
RUNNELS COUNTY,399,75 Years,80,37,43,66,32,34,1,1,0,1,0,1,12,4,8
RUNNELS COUNTY,399,76 Years,74,36,38,60,28,32,1,1,0,2,2,0,11,5,6
RUNNELS COUNTY,399,77 Years,72,31,41,61,26,35,0,0,0,0,0,0,11,5,6
RUNNELS COUNTY,399,78 Years,83,37,46,75,35,40,2,0,2,0,0,0,6,2,4
RUNNELS COUNTY,399,79 Years,70,35,35,62,33,29,1,0,1,0,0,0,7,2,5
RUNNELS COUNTY,399,80 Years,77,28,49,66,24,42,1,0,1,1,0,1,9,4,5
RUNNELS COUNTY,399,81 Years,71,32,39,61,27,34,1,0,1,1,0,1,8,5,3
RUNNELS COUNTY,399,82 Years,62,33,29,51,26,25,1,1,0,0,0,0,10,6,4
RUNNELS COUNTY,399,83 Years,61,24,37,53,20,33,0,0,0,0,0,0,8,4,4
RUNNELS COUNTY,399,84 Years,53,22,31,47,20,27,0,0,0,0,0,0,6,2,4
RUNNELS COUNTY,399,85 Years +,290,107,183,258,95,163,0,0,0,8,1,7,24,11,13
RUSK COUNTY,401,All Ages,53806,28367,25439,35212,17944,17268,9412,5292,4120,1174,579,595,8008,4552,3456
RUSK COUNTY,401,< 1 Year,645,331,314,401,204,197,83,42,41,15,8,7,146,77,69
RUSK COUNTY,401,1 Years,653,327,326,363,180,183,91,50,41,24,14,10,175,83,92
RUSK COUNTY,401,2 Years,676,346,330,374,195,179,94,53,41,33,19,14,175,79,96
RUSK COUNTY,401,3 Years,701,349,352,399,205,194,95,46,49,33,13,20,174,85,89
RUSK COUNTY,401,4 Years,702,350,352,403,210,193,92,43,49,30,12,18,177,85,92
RUSK COUNTY,401,5 Years,697,349,348,400,203,197,94,48,46,32,15,17,171,83,88
RUSK COUNTY,401,6 Years,707,365,342,385,203,182,109,64,45,26,14,12,187,84,103
RUSK COUNTY,401,7 Years,648,334,314,354,180,174,103,61,42,23,13,10,168,80,88
RUSK COUNTY,401,8 Years,664,323,341,376,181,195,110,61,49,29,11,18,149,70,79
RUSK COUNTY,401,9 Years,682,334,348,409,202,207,103,49,54,27,12,15,143,71,72
RUSK COUNTY,401,10 Years,740,365,375,426,216,210,123,56,67,23,12,11,168,81,87
RUSK COUNTY,401,11 Years,732,363,369,418,209,209,123,61,62,25,13,12,166,80,86
RUSK COUNTY,401,12 Years,680,339,341,401,198,203,90,45,45,27,16,11,162,80,82
RUSK COUNTY,401,13 Years,683,346,337,391,203,188,111,52,59,23,11,12,158,80,78
RUSK COUNTY,401,14 Years,663,329,334,385,189,196,110,55,55,22,11,11,146,74,72
RUSK COUNTY,401,15 Years,664,339,325,409,206,203,93,47,46,23,10,13,139,76,63
RUSK COUNTY,401,16 Years,699,362,337,414,216,198,114,51,63,24,11,13,147,84,63
RUSK COUNTY,401,17 Years,744,401,343,440,231,209,129,66,63,20,14,6,155,90,65
RUSK COUNTY,401,18 Years,720,392,328,421,216,205,136,81,55,22,13,9,141,82,59
RUSK COUNTY,401,19 Years,679,386,293,390,213,177,147,93,54,18,10,8,124,70,54
RUSK COUNTY,401,20 Years,675,390,285,378,211,167,149,91,58,14,9,5,134,79,55
RUSK COUNTY,401,21 Years,674,384,290,370,188,182,141,93,48,14,9,5,149,94,55
RUSK COUNTY,401,22 Years,699,416,283,385,208,177,165,116,49,13,6,7,136,86,50
RUSK COUNTY,401,23 Years,694,418,276,394,225,169,144,99,45,12,6,6,144,88,56
RUSK COUNTY,401,24 Years,715,425,290,393,215,178,141,100,41,20,10,10,161,100,61
RUSK COUNTY,401,25 Years,728,446,282,412,228,184,128,94,34,19,12,7,169,112,57
RUSK COUNTY,401,26 Years,718,431,287,413,232,181,129,89,40,12,4,8,164,106,58
RUSK COUNTY,401,27 Years,674,396,278,395,215,180,126,86,40,9,3,6,144,92,52
RUSK COUNTY,401,28 Years,693,397,296,403,218,185,163,102,61,10,5,5,117,72,45
RUSK COUNTY,401,29 Years,745,422,323,437,229,208,145,97,48,14,6,8,149,90,59
RUSK COUNTY,401,30 Years,774,437,337,461,240,221,146,103,43,15,9,6,152,85,67
RUSK COUNTY,401,31 Years,749,426,323,438,241,197,140,88,52,15,6,9,156,91,65
RUSK COUNTY,401,32 Years,711,399,312,435,229,206,127,86,41,13,3,10,136,81,55
RUSK COUNTY,401,33 Years,682,386,296,417,231,186,123,74,49,17,7,10,125,74,51
RUSK COUNTY,401,34 Years,680,402,278,420,237,183,124,78,46,17,7,10,119,80,39
RUSK COUNTY,401,35 Years,694,383,311,417,218,199,130,74,56,15,7,8,132,84,48
RUSK COUNTY,401,36 Years,694,375,319,430,221,209,116,65,51,12,7,5,136,82,54
RUSK COUNTY,401,37 Years,671,383,288,409,232,177,112,65,47,11,3,8,139,83,56
RUSK COUNTY,401,38 Years,644,369,275,397,227,170,108,66,42,14,6,8,125,70,55
RUSK COUNTY,401,39 Years,650,365,285,409,239,170,109,55,54,14,6,8,118,65,53
RUSK COUNTY,401,40 Years,729,397,332,468,254,214,136,72,64,12,5,7,113,66,47
RUSK COUNTY,401,41 Years,775,431,344,504,263,241,134,88,46,12,5,7,125,75,50
RUSK COUNTY,401,42 Years,691,384,307,460,242,218,111,71,40,15,6,9,105,65,40
RUSK COUNTY,401,43 Years,697,391,306,433,227,206,148,89,59,11,4,7,105,71,34
RUSK COUNTY,401,44 Years,730,412,318,445,232,213,154,95,59,12,8,4,119,77,42
RUSK COUNTY,401,45 Years,702,388,314,439,235,204,152,85,67,11,5,6,100,63,37
RUSK COUNTY,401,46 Years,744,421,323,480,269,211,164,89,75,14,6,8,86,57,29
RUSK COUNTY,401,47 Years,788,455,333,523,284,239,166,101,65,11,7,4,88,63,25
RUSK COUNTY,401,48 Years,798,454,344,521,281,240,171,98,73,10,6,4,96,69,27
RUSK COUNTY,401,49 Years,788,412,376,540,265,275,158,94,64,11,7,4,79,46,33
RUSK COUNTY,401,50 Years,814,423,391,585,300,285,140,69,71,13,6,7,76,48,28
RUSK COUNTY,401,51 Years,861,452,409,579,290,289,170,98,72,15,6,9,97,58,39
RUSK COUNTY,401,52 Years,797,445,352,540,289,251,161,100,61,14,6,8,82,50,32
RUSK COUNTY,401,53 Years,808,459,349,574,318,256,151,96,55,16,9,7,67,36,31
RUSK COUNTY,401,54 Years,817,447,370,558,298,260,169,96,73,14,8,6,76,45,31
RUSK COUNTY,401,55 Years,786,406,380,553,282,271,156,83,73,15,7,8,62,34,28
RUSK COUNTY,401,56 Years,752,401,351,538,281,257,151,84,67,12,4,8,51,32,19
RUSK COUNTY,401,57 Years,738,388,350,532,269,263,139,70,69,13,10,3,54,39,15
RUSK COUNTY,401,58 Years,767,389,378,567,279,288,136,74,62,11,4,7,53,32,21
RUSK COUNTY,401,59 Years,696,346,350,521,260,261,124,59,65,10,3,7,41,24,17
RUSK COUNTY,401,60 Years,634,329,305,478,242,236,110,60,50,11,7,4,35,20,15
RUSK COUNTY,401,61 Years,623,323,300,458,228,230,124,68,56,11,6,5,30,21,9
RUSK COUNTY,401,62 Years,612,314,298,468,240,228,110,54,56,9,6,3,25,14,11
RUSK COUNTY,401,63 Years,630,321,309,495,256,239,92,42,50,10,7,3,33,16,17
RUSK COUNTY,401,64 Years,645,314,331,509,245,264,98,48,50,9,4,5,29,17,12
RUSK COUNTY,401,65 Years,536,255,281,419,199,220,90,39,51,7,5,2,20,12,8
RUSK COUNTY,401,66 Years,521,256,265,427,214,213,66,28,38,6,2,4,22,12,10
RUSK COUNTY,401,67 Years,475,230,245,382,185,197,67,31,36,6,2,4,20,12,8
RUSK COUNTY,401,68 Years,465,229,236,369,177,192,75,40,35,6,3,3,15,9,6
RUSK COUNTY,401,69 Years,426,197,229,348,159,189,61,29,32,7,4,3,10,5,5
RUSK COUNTY,401,70 Years,407,183,224,349,155,194,48,23,25,4,3,1,6,2,4
RUSK COUNTY,401,71 Years,402,198,204,334,160,174,51,29,22,4,3,1,13,6,7
RUSK COUNTY,401,72 Years,355,169,186,296,140,156,45,23,22,4,2,2,10,4,6
RUSK COUNTY,401,73 Years,343,167,176,285,138,147,43,21,22,7,3,4,8,5,3
RUSK COUNTY,401,74 Years,299,130,169,241,107,134,43,18,25,5,2,3,10,3,7
RUSK COUNTY,401,75 Years,307,144,163,252,114,138,40,20,20,3,3,0,12,7,5
RUSK COUNTY,401,76 Years,303,141,162,250,116,134,43,20,23,2,2,0,8,3,5
RUSK COUNTY,401,77 Years,264,120,144,220,103,117,34,13,21,4,1,3,6,3,3
RUSK COUNTY,401,78 Years,260,120,140,205,94,111,42,19,23,4,1,3,9,6,3
RUSK COUNTY,401,79 Years,237,105,132,193,87,106,39,15,24,1,1,0,4,2,2
RUSK COUNTY,401,80 Years,243,90,153,191,76,115,45,12,33,4,1,3,3,1,2
RUSK COUNTY,401,81 Years,237,93,144,202,80,122,29,10,19,3,1,2,3,2,1
RUSK COUNTY,401,82 Years,210,87,123,182,75,107,23,11,12,2,0,2,3,1,2
RUSK COUNTY,401,83 Years,191,77,114,167,68,99,17,6,11,2,0,2,5,3,2
RUSK COUNTY,401,84 Years,174,77,97,146,64,82,26,12,14,0,0,0,2,1,1
RUSK COUNTY,401,85 Years +,986,317,669,814,260,554,144,45,99,12,5,7,16,7,9
SABINE COUNTY,403,All Ages,10929,5357,5572,9564,4669,4895,787,396,391,227,113,114,351,179,172
SABINE COUNTY,403,< 1 Year,101,53,48,83,43,40,11,6,5,1,1,0,6,3,3
SABINE COUNTY,403,1 Years,95,42,53,71,29,42,8,4,4,4,3,1,12,6,6
SABINE COUNTY,403,2 Years,99,47,52,75,34,41,8,4,4,7,4,3,9,5,4
SABINE COUNTY,403,3 Years,107,52,55,82,40,42,9,4,5,8,4,4,8,4,4
SABINE COUNTY,403,4 Years,114,60,54,90,50,40,11,5,6,4,2,2,9,3,6
SABINE COUNTY,403,5 Years,120,60,60,92,44,48,13,8,5,4,2,2,11,6,5
SABINE COUNTY,403,6 Years,112,63,49,86,47,39,10,6,4,6,4,2,10,6,4
SABINE COUNTY,403,7 Years,92,48,44,75,39,36,5,3,2,4,2,2,8,4,4
SABINE COUNTY,403,8 Years,97,50,47,78,40,38,7,5,2,5,3,2,7,2,5
SABINE COUNTY,403,9 Years,107,56,51,88,48,40,7,3,4,5,2,3,7,3,4
SABINE COUNTY,403,10 Years,120,62,58,98,52,46,11,5,6,2,0,2,9,5,4
SABINE COUNTY,403,11 Years,131,70,61,107,58,49,10,4,6,5,2,3,9,6,3
SABINE COUNTY,403,12 Years,131,60,71,109,49,60,10,4,6,7,4,3,5,3,2
SABINE COUNTY,403,13 Years,122,52,70,100,42,58,13,5,8,5,3,2,4,2,2
SABINE COUNTY,403,14 Years,123,52,71,101,42,59,14,6,8,2,2,0,6,2,4
SABINE COUNTY,403,15 Years,130,63,67,114,55,59,8,3,5,6,4,2,2,1,1
SABINE COUNTY,403,16 Years,130,61,69,114,54,60,8,4,4,5,2,3,3,1,2
SABINE COUNTY,403,17 Years,140,71,69,120,59,61,10,7,3,4,2,2,6,3,3
SABINE COUNTY,403,18 Years,136,72,64,111,56,55,19,13,6,3,2,1,3,1,2
SABINE COUNTY,403,19 Years,118,64,54,94,50,44,19,10,9,1,1,0,4,3,1
SABINE COUNTY,403,20 Years,90,46,44,73,39,34,10,3,7,3,2,1,4,2,2
SABINE COUNTY,403,21 Years,88,40,48,72,34,38,10,3,7,2,2,0,4,1,3
SABINE COUNTY,403,22 Years,91,41,50,73,36,37,13,4,9,0,0,0,5,1,4
SABINE COUNTY,403,23 Years,86,40,46,71,34,37,10,5,5,1,0,1,4,1,3
SABINE COUNTY,403,24 Years,89,41,48,72,32,40,7,5,2,2,1,1,8,3,5
SABINE COUNTY,403,25 Years,89,51,38,76,42,34,6,5,1,2,1,1,5,3,2
SABINE COUNTY,403,26 Years,78,40,38,65,29,36,7,6,1,2,1,1,4,4,0
SABINE COUNTY,403,27 Years,73,38,35,66,33,33,3,2,1,1,1,0,3,2,1
SABINE COUNTY,403,28 Years,79,42,37,66,35,31,7,3,4,1,1,0,5,3,2
SABINE COUNTY,403,29 Years,79,40,39,64,28,36,5,3,2,1,1,0,9,8,1
SABINE COUNTY,403,30 Years,83,31,52,65,21,44,10,6,4,1,1,0,7,3,4
SABINE COUNTY,403,31 Years,88,33,55,74,28,46,9,3,6,1,0,1,4,2,2
SABINE COUNTY,403,32 Years,87,37,50,75,31,44,6,3,3,3,2,1,3,1,2
SABINE COUNTY,403,33 Years,87,46,41,74,37,37,8,6,2,2,1,1,3,2,1
SABINE COUNTY,403,34 Years,84,43,41,72,35,37,8,5,3,1,0,1,3,3,0
SABINE COUNTY,403,35 Years,79,42,37,70,37,33,4,3,1,1,0,1,4,2,2
SABINE COUNTY,403,36 Years,76,38,38,66,35,31,4,1,3,2,1,1,4,1,3
SABINE COUNTY,403,37 Years,87,43,44,74,34,40,7,5,2,3,1,2,3,3,0
SABINE COUNTY,403,38 Years,89,43,46,72,35,37,11,5,6,1,1,0,5,2,3
SABINE COUNTY,403,39 Years,96,44,52,82,37,45,9,5,4,1,0,1,4,2,2
SABINE COUNTY,403,40 Years,93,47,46,84,41,43,6,4,2,1,1,0,2,1,1
SABINE COUNTY,403,41 Years,113,55,58,96,49,47,8,2,6,4,3,1,5,1,4
SABINE COUNTY,403,42 Years,116,50,66,101,44,57,9,4,5,2,1,1,4,1,3
SABINE COUNTY,403,43 Years,119,54,65,99,47,52,14,4,10,2,1,1,4,2,2
SABINE COUNTY,403,44 Years,108,46,62,84,34,50,18,8,10,3,1,2,3,3,0
SABINE COUNTY,403,45 Years,109,60,49,92,49,43,11,5,6,1,1,0,5,5,0
SABINE COUNTY,403,46 Years,135,69,66,112,58,54,16,7,9,3,2,1,4,2,2
SABINE COUNTY,403,47 Years,134,74,60,117,66,51,10,4,6,4,2,2,3,2,1
SABINE COUNTY,403,48 Years,129,59,70,114,51,63,9,5,4,2,0,2,4,3,1
SABINE COUNTY,403,49 Years,164,82,82,150,75,75,9,5,4,2,0,2,3,2,1
SABINE COUNTY,403,50 Years,170,87,83,153,78,75,12,7,5,2,0,2,3,2,1
SABINE COUNTY,403,51 Years,160,84,76,144,73,71,11,8,3,3,1,2,2,2,0
SABINE COUNTY,403,52 Years,162,79,83,143,69,74,13,7,6,3,1,2,3,2,1
SABINE COUNTY,403,53 Years,171,75,96,144,64,80,21,10,11,3,1,2,3,0,3
SABINE COUNTY,403,54 Years,175,88,87,155,76,79,17,11,6,2,1,1,1,0,1
SABINE COUNTY,403,55 Years,194,100,94,171,86,85,16,9,7,3,2,1,4,3,1
SABINE COUNTY,403,56 Years,161,79,82,144,70,74,12,7,5,3,1,2,2,1,1
SABINE COUNTY,403,57 Years,163,77,86,151,70,81,9,4,5,2,2,0,1,1,0
SABINE COUNTY,403,58 Years,165,74,91,156,70,86,8,4,4,1,0,1,0,0,0
SABINE COUNTY,403,59 Years,165,77,88,153,71,82,10,5,5,0,0,0,2,1,1
SABINE COUNTY,403,60 Years,169,83,86,152,75,77,9,6,3,1,0,1,7,2,5
SABINE COUNTY,403,61 Years,188,89,99,168,78,90,9,7,2,5,2,3,6,2,4
SABINE COUNTY,403,62 Years,183,94,89,163,84,79,11,7,4,3,1,2,6,2,4
SABINE COUNTY,403,63 Years,201,90,111,184,84,100,9,4,5,4,0,4,4,2,2
SABINE COUNTY,403,64 Years,225,112,113,211,104,107,8,5,3,4,2,2,2,1,1
SABINE COUNTY,403,65 Years,210,104,106,192,92,100,11,6,5,6,5,1,1,1,0
SABINE COUNTY,403,66 Years,207,99,108,193,93,100,9,4,5,3,1,2,2,1,1
SABINE COUNTY,403,67 Years,228,109,119,218,106,112,4,1,3,5,1,4,1,1,0
SABINE COUNTY,403,68 Years,206,106,100,193,99,94,9,6,3,2,0,2,2,1,1
SABINE COUNTY,403,69 Years,189,107,82,177,102,75,7,3,4,2,0,2,3,2,1
SABINE COUNTY,403,70 Years,187,102,85,176,97,79,6,3,3,3,1,2,2,1,1
SABINE COUNTY,403,71 Years,176,100,76,162,92,70,5,3,2,4,1,3,5,4,1
SABINE COUNTY,403,72 Years,150,80,70,140,75,65,6,2,4,3,2,1,1,1,0
SABINE COUNTY,403,73 Years,143,72,71,133,67,66,7,4,3,2,1,1,1,0,1
SABINE COUNTY,403,74 Years,127,61,66,118,55,63,7,4,3,1,1,0,1,1,0
SABINE COUNTY,403,75 Years,129,60,69,118,56,62,7,2,5,1,1,0,3,1,2
SABINE COUNTY,403,76 Years,124,61,63,113,56,57,4,2,2,3,2,1,4,1,3
SABINE COUNTY,403,77 Years,103,55,48,98,51,47,2,1,1,2,2,0,1,1,0
SABINE COUNTY,403,78 Years,95,50,45,90,49,41,3,1,2,1,0,1,1,0,1
SABINE COUNTY,403,79 Years,81,44,37,77,43,34,3,1,2,1,0,1,0,0,0
SABINE COUNTY,403,80 Years,77,35,42,71,34,37,3,1,2,0,0,0,3,0,3
SABINE COUNTY,403,81 Years,86,36,50,80,32,48,4,3,1,1,1,0,1,0,1
SABINE COUNTY,403,82 Years,88,33,55,79,30,49,4,1,3,2,1,1,3,1,2
SABINE COUNTY,403,83 Years,69,29,40,62,26,36,6,3,3,1,0,1,0,0,0
SABINE COUNTY,403,84 Years,60,28,32,54,26,28,4,1,3,1,0,1,1,1,0
SABINE COUNTY,403,85 Years +,299,125,174,269,119,150,26,5,21,1,1,0,3,0,3
SAN AUGUSTINE COUNTY,405,All Ages,8909,4396,4513,6185,3084,3101,2040,966,1074,140,64,76,544,282,262
SAN AUGUSTINE COUNTY,405,< 1 Year,98,51,47,57,29,28,26,14,12,2,1,1,13,7,6
SAN AUGUSTINE COUNTY,405,1 Years,80,44,36,46,28,18,22,12,10,1,0,1,11,4,7
SAN AUGUSTINE COUNTY,405,2 Years,97,50,47,51,30,21,31,14,17,2,2,0,13,4,9
SAN AUGUSTINE COUNTY,405,3 Years,99,51,48,54,26,28,30,18,12,1,1,0,14,6,8
SAN AUGUSTINE COUNTY,405,4 Years,101,58,43,56,32,24,28,18,10,3,2,1,14,6,8
SAN AUGUSTINE COUNTY,405,5 Years,97,49,48,52,29,23,23,10,13,3,1,2,19,9,10
SAN AUGUSTINE COUNTY,405,6 Years,102,58,44,53,30,23,30,17,13,4,4,0,15,7,8
SAN AUGUSTINE COUNTY,405,7 Years,97,57,40,52,32,20,29,16,13,4,4,0,12,5,7
SAN AUGUSTINE COUNTY,405,8 Years,102,50,52,59,33,26,25,8,17,4,2,2,14,7,7
SAN AUGUSTINE COUNTY,405,9 Years,103,53,50,58,35,23,34,13,21,1,0,1,10,5,5
SAN AUGUSTINE COUNTY,405,10 Years,109,59,50,58,34,24,32,15,17,2,0,2,17,10,7
SAN AUGUSTINE COUNTY,405,11 Years,100,59,41,57,33,24,25,18,7,3,0,3,15,8,7
SAN AUGUSTINE COUNTY,405,12 Years,117,63,54,76,40,36,26,15,11,2,2,0,13,6,7
SAN AUGUSTINE COUNTY,405,13 Years,115,59,56,71,38,33,31,15,16,2,1,1,11,5,6
SAN AUGUSTINE COUNTY,405,14 Years,101,50,51,62,31,31,29,16,13,3,0,3,7,3,4
SAN AUGUSTINE COUNTY,405,15 Years,99,51,48,56,33,23,29,11,18,2,1,1,12,6,6
SAN AUGUSTINE COUNTY,405,16 Years,117,63,54,75,40,35,30,16,14,3,2,1,9,5,4
SAN AUGUSTINE COUNTY,405,17 Years,104,50,54,71,34,37,25,14,11,1,0,1,7,2,5
SAN AUGUSTINE COUNTY,405,18 Years,112,52,60,71,35,36,27,13,14,7,2,5,7,2,5
SAN AUGUSTINE COUNTY,405,19 Years,98,50,48,61,33,28,23,13,10,5,2,3,9,2,7
SAN AUGUSTINE COUNTY,405,20 Years,96,53,43,64,36,28,25,15,10,1,0,1,6,2,4
SAN AUGUSTINE COUNTY,405,21 Years,91,48,43,50,28,22,33,15,18,2,1,1,6,4,2
SAN AUGUSTINE COUNTY,405,22 Years,83,44,39,52,26,26,24,14,10,2,0,2,5,4,1
SAN AUGUSTINE COUNTY,405,23 Years,94,46,48,63,27,36,26,15,11,1,0,1,4,4,0
SAN AUGUSTINE COUNTY,405,24 Years,85,41,44,49,24,25,28,12,16,1,1,0,7,4,3
SAN AUGUSTINE COUNTY,405,25 Years,93,45,48,57,25,32,22,11,11,3,1,2,11,8,3
SAN AUGUSTINE COUNTY,405,26 Years,86,46,40,49,25,24,21,12,9,2,1,1,14,8,6
SAN AUGUSTINE COUNTY,405,27 Years,70,39,31,39,21,18,19,10,9,0,0,0,12,8,4
SAN AUGUSTINE COUNTY,405,28 Years,76,37,39,46,21,25,16,8,8,2,1,1,12,7,5
SAN AUGUSTINE COUNTY,405,29 Years,71,30,41,39,17,22,24,9,15,2,0,2,6,4,2
SAN AUGUSTINE COUNTY,405,30 Years,61,23,38,35,14,21,18,7,11,2,0,2,6,2,4
SAN AUGUSTINE COUNTY,405,31 Years,78,36,42,45,20,25,21,11,10,0,0,0,12,5,7
SAN AUGUSTINE COUNTY,405,32 Years,82,39,43,52,26,26,21,8,13,0,0,0,9,5,4
SAN AUGUSTINE COUNTY,405,33 Years,92,44,48,56,26,30,19,8,11,1,1,0,16,9,7
SAN AUGUSTINE COUNTY,405,34 Years,71,36,35,36,18,18,23,12,11,2,1,1,10,5,5
SAN AUGUSTINE COUNTY,405,35 Years,77,40,37,47,27,20,24,10,14,1,1,0,5,2,3
SAN AUGUSTINE COUNTY,405,36 Years,71,40,31,45,22,23,16,12,4,1,1,0,9,5,4
SAN AUGUSTINE COUNTY,405,37 Years,73,37,36,55,28,27,11,6,5,0,0,0,7,3,4
SAN AUGUSTINE COUNTY,405,38 Years,86,42,44,66,29,37,14,9,5,1,0,1,5,4,1
SAN AUGUSTINE COUNTY,405,39 Years,91,49,42,67,38,29,19,8,11,3,1,2,2,2,0
SAN AUGUSTINE COUNTY,405,40 Years,99,46,53,72,36,36,19,7,12,2,0,2,6,3,3
SAN AUGUSTINE COUNTY,405,41 Years,94,39,55,64,28,36,25,9,16,0,0,0,5,2,3
SAN AUGUSTINE COUNTY,405,42 Years,84,40,44,54,25,29,27,13,14,0,0,0,3,2,1
SAN AUGUSTINE COUNTY,405,43 Years,90,47,43,54,25,29,27,15,12,2,2,0,7,5,2
SAN AUGUSTINE COUNTY,405,44 Years,104,55,49,65,37,28,30,12,18,4,3,1,5,3,2
SAN AUGUSTINE COUNTY,405,45 Years,111,63,48,66,40,26,35,17,18,3,1,2,7,5,2
SAN AUGUSTINE COUNTY,405,46 Years,120,52,68,80,34,46,30,13,17,4,2,2,6,3,3
SAN AUGUSTINE COUNTY,405,47 Years,120,56,64,82,42,40,29,10,19,1,0,1,8,4,4
SAN AUGUSTINE COUNTY,405,48 Years,145,72,73,99,52,47,39,17,22,2,0,2,5,3,2
SAN AUGUSTINE COUNTY,405,49 Years,125,54,71,82,37,45,34,14,20,3,1,2,6,2,4
SAN AUGUSTINE COUNTY,405,50 Years,137,67,70,101,49,52,28,15,13,1,0,1,7,3,4
SAN AUGUSTINE COUNTY,405,51 Years,129,70,59,95,52,43,29,14,15,1,1,0,4,3,1
SAN AUGUSTINE COUNTY,405,52 Years,146,79,67,103,55,48,35,20,15,3,2,1,5,2,3
SAN AUGUSTINE COUNTY,405,53 Years,153,86,67,104,62,42,40,20,20,4,2,2,5,2,3
SAN AUGUSTINE COUNTY,405,54 Years,142,60,82,108,45,63,31,15,16,1,0,1,2,0,2
SAN AUGUSTINE COUNTY,405,55 Years,123,59,64,89,44,45,32,15,17,1,0,1,1,0,1
SAN AUGUSTINE COUNTY,405,56 Years,116,60,56,87,46,41,24,9,15,0,0,0,5,5,0
SAN AUGUSTINE COUNTY,405,57 Years,122,64,58,90,47,43,22,12,10,1,0,1,9,5,4
SAN AUGUSTINE COUNTY,405,58 Years,139,70,69,101,52,49,32,16,16,2,1,1,4,1,3
SAN AUGUSTINE COUNTY,405,59 Years,142,68,74,104,49,55,34,17,17,2,1,1,2,1,1
SAN AUGUSTINE COUNTY,405,60 Years,131,68,63,102,51,51,24,15,9,2,0,2,3,2,1
SAN AUGUSTINE COUNTY,405,61 Years,135,76,59,106,59,47,23,14,9,1,0,1,5,3,2
SAN AUGUSTINE COUNTY,405,62 Years,125,55,70,100,45,55,23,9,14,0,0,0,2,1,1
SAN AUGUSTINE COUNTY,405,63 Years,133,71,62,103,57,46,28,12,16,0,0,0,2,2,0
SAN AUGUSTINE COUNTY,405,64 Years,163,73,90,131,59,72,29,12,17,2,1,1,1,1,0
SAN AUGUSTINE COUNTY,405,65 Years,129,63,66,108,55,53,19,7,12,1,0,1,1,1,0
SAN AUGUSTINE COUNTY,405,66 Years,131,70,61,111,60,51,17,8,9,1,0,1,2,2,0
SAN AUGUSTINE COUNTY,405,67 Years,133,60,73,114,52,62,17,6,11,0,0,0,2,2,0
SAN AUGUSTINE COUNTY,405,68 Years,142,70,72,124,60,64,16,8,8,0,0,0,2,2,0
SAN AUGUSTINE COUNTY,405,69 Years,121,65,56,104,58,46,16,6,10,0,0,0,1,1,0
SAN AUGUSTINE COUNTY,405,70 Years,110,51,59,91,44,47,16,6,10,1,0,1,2,1,1
SAN AUGUSTINE COUNTY,405,71 Years,116,57,59,94,47,47,20,9,11,0,0,0,2,1,1
SAN AUGUSTINE COUNTY,405,72 Years,109,51,58,92,45,47,16,6,10,1,0,1,0,0,0
SAN AUGUSTINE COUNTY,405,73 Years,96,46,50,83,38,45,9,5,4,4,3,1,0,0,0
SAN AUGUSTINE COUNTY,405,74 Years,72,41,31,62,35,27,9,5,4,1,1,0,0,0,0
SAN AUGUSTINE COUNTY,405,75 Years,88,46,42,72,39,33,16,7,9,0,0,0,0,0,0
SAN AUGUSTINE COUNTY,405,76 Years,82,36,46,71,30,41,9,4,5,0,0,0,2,2,0
SAN AUGUSTINE COUNTY,405,77 Years,73,31,42,58,25,33,14,6,8,0,0,0,1,0,1
SAN AUGUSTINE COUNTY,405,78 Years,69,31,38,56,25,31,11,5,6,1,1,0,1,0,1
SAN AUGUSTINE COUNTY,405,79 Years,62,26,36,50,20,30,11,5,6,0,0,0,1,1,0
SAN AUGUSTINE COUNTY,405,80 Years,70,28,42,57,25,32,11,3,8,1,0,1,1,0,1
SAN AUGUSTINE COUNTY,405,81 Years,68,34,34,54,28,26,11,4,7,2,2,0,1,0,1
SAN AUGUSTINE COUNTY,405,82 Years,60,21,39,47,17,30,13,4,9,0,0,0,0,0,0
SAN AUGUSTINE COUNTY,405,83 Years,54,17,37,45,13,32,8,3,5,1,1,0,0,0,0
SAN AUGUSTINE COUNTY,405,84 Years,50,17,33,40,15,25,9,1,8,1,1,0,0,0,0
SAN AUGUSTINE COUNTY,405,85 Years +,271,93,178,202,72,130,64,18,46,1,1,0,4,2,2
SAN JACINTO COUNTY,407,All Ages,26785,13394,13391,20373,10132,10241,2738,1376,1362,646,339,307,3028,1547,1481
SAN JACINTO COUNTY,407,< 1 Year,267,139,128,195,103,92,28,14,14,6,3,3,38,19,19
SAN JACINTO COUNTY,407,1 Years,315,159,156,217,103,114,29,19,10,6,5,1,63,32,31
SAN JACINTO COUNTY,407,2 Years,296,157,139,197,103,94,31,20,11,12,6,6,56,28,28
SAN JACINTO COUNTY,407,3 Years,326,179,147,214,112,102,30,21,9,11,5,6,71,41,30
SAN JACINTO COUNTY,407,4 Years,338,181,157,227,115,112,29,20,9,14,10,4,68,36,32
SAN JACINTO COUNTY,407,5 Years,325,165,160,214,107,107,33,17,16,13,11,2,65,30,35
SAN JACINTO COUNTY,407,6 Years,330,160,170,223,104,119,38,20,18,12,7,5,57,29,28
SAN JACINTO COUNTY,407,7 Years,336,166,170,228,113,115,32,17,15,13,5,8,63,31,32
SAN JACINTO COUNTY,407,8 Years,340,173,167,223,117,106,29,15,14,16,8,8,72,33,39
SAN JACINTO COUNTY,407,9 Years,345,167,178,224,111,113,30,17,13,15,6,9,76,33,43
SAN JACINTO COUNTY,407,10 Years,371,178,193,246,120,126,33,17,16,12,5,7,80,36,44
SAN JACINTO COUNTY,407,11 Years,373,190,183,257,134,123,36,15,21,6,4,2,74,37,37
SAN JACINTO COUNTY,407,12 Years,363,191,172,251,134,117,42,22,20,11,6,5,59,29,30
SAN JACINTO COUNTY,407,13 Years,391,217,174,259,146,113,42,26,16,11,6,5,79,39,40
SAN JACINTO COUNTY,407,14 Years,376,200,176,243,128,115,38,21,17,12,7,5,83,44,39
SAN JACINTO COUNTY,407,15 Years,403,191,212,264,120,144,53,32,21,13,6,7,73,33,40
SAN JACINTO COUNTY,407,16 Years,398,204,194,268,140,128,49,26,23,13,7,6,68,31,37
SAN JACINTO COUNTY,407,17 Years,377,192,185,259,139,120,43,17,26,12,8,4,63,28,35
SAN JACINTO COUNTY,407,18 Years,380,188,192,255,126,129,46,20,26,18,9,9,61,33,28
SAN JACINTO COUNTY,407,19 Years,334,172,162,234,117,117,40,24,16,12,7,5,48,24,24
SAN JACINTO COUNTY,407,20 Years,314,159,155,217,108,109,35,18,17,8,4,4,54,29,25
SAN JACINTO COUNTY,407,21 Years,285,142,143,189,92,97,32,16,16,10,5,5,54,29,25
SAN JACINTO COUNTY,407,22 Years,269,146,123,185,97,88,27,12,15,4,2,2,53,35,18
SAN JACINTO COUNTY,407,23 Years,277,153,124,184,101,83,28,15,13,5,3,2,60,34,26
SAN JACINTO COUNTY,407,24 Years,264,148,116,171,95,76,31,18,13,9,5,4,53,30,23
SAN JACINTO COUNTY,407,25 Years,232,126,106,167,91,76,31,16,15,3,1,2,31,18,13
SAN JACINTO COUNTY,407,26 Years,237,119,118,173,84,89,29,17,12,3,3,0,32,15,17
SAN JACINTO COUNTY,407,27 Years,259,133,126,191,94,97,24,15,9,5,4,1,39,20,19
SAN JACINTO COUNTY,407,28 Years,252,128,124,170,86,84,33,15,18,7,6,1,42,21,21
SAN JACINTO COUNTY,407,29 Years,245,117,128,176,79,97,24,13,11,5,4,1,40,21,19
SAN JACINTO COUNTY,407,30 Years,246,114,132,174,75,99,21,13,8,7,4,3,44,22,22
SAN JACINTO COUNTY,407,31 Years,270,136,134,194,97,97,26,11,15,9,5,4,41,23,18
SAN JACINTO COUNTY,407,32 Years,261,137,124,190,98,92,29,18,11,3,1,2,39,20,19
SAN JACINTO COUNTY,407,33 Years,274,125,149,203,87,116,32,17,15,4,3,1,35,18,17
SAN JACINTO COUNTY,407,34 Years,247,118,129,182,83,99,25,11,14,6,4,2,34,20,14
SAN JACINTO COUNTY,407,35 Years,272,139,133,196,102,94,24,11,13,2,1,1,50,25,25
SAN JACINTO COUNTY,407,36 Years,268,126,142,204,97,107,21,11,10,4,1,3,39,17,22
SAN JACINTO COUNTY,407,37 Years,283,136,147,217,104,113,26,13,13,3,1,2,37,18,19
SAN JACINTO COUNTY,407,38 Years,311,164,147,237,127,110,32,13,19,5,3,2,37,21,16
SAN JACINTO COUNTY,407,39 Years,325,159,166,248,126,122,31,11,20,3,2,1,43,20,23
SAN JACINTO COUNTY,407,40 Years,292,136,156,225,108,117,33,15,18,6,2,4,28,11,17
SAN JACINTO COUNTY,407,41 Years,321,157,164,240,122,118,39,16,23,7,4,3,35,15,20
SAN JACINTO COUNTY,407,42 Years,314,162,152,236,124,112,30,16,14,6,2,4,42,20,22
SAN JACINTO COUNTY,407,43 Years,288,147,141,210,110,100,31,13,18,7,2,5,40,22,18
SAN JACINTO COUNTY,407,44 Years,277,134,143,216,105,111,24,8,16,6,3,3,31,18,13
SAN JACINTO COUNTY,407,45 Years,317,157,160,249,124,125,32,13,19,8,4,4,28,16,12
SAN JACINTO COUNTY,407,46 Years,325,152,173,239,114,125,40,17,23,8,3,5,38,18,20
SAN JACINTO COUNTY,407,47 Years,364,182,182,273,133,140,43,20,23,10,4,6,38,25,13
SAN JACINTO COUNTY,407,48 Years,404,213,191,312,161,151,48,24,24,10,5,5,34,23,11
SAN JACINTO COUNTY,407,49 Years,406,207,199,318,165,153,41,19,22,16,7,9,31,16,15
SAN JACINTO COUNTY,407,50 Years,403,191,212,314,152,162,46,22,24,13,5,8,30,12,18
SAN JACINTO COUNTY,407,51 Years,442,223,219,350,174,176,52,26,26,13,9,4,27,14,13
SAN JACINTO COUNTY,407,52 Years,449,220,229,357,174,183,52,23,29,14,7,7,26,16,10
SAN JACINTO COUNTY,407,53 Years,432,212,220,343,171,172,51,24,27,10,4,6,28,13,15
SAN JACINTO COUNTY,407,54 Years,459,230,229,371,185,186,46,23,23,7,2,5,35,20,15
SAN JACINTO COUNTY,407,55 Years,451,226,225,373,188,185,42,21,21,8,3,5,28,14,14
SAN JACINTO COUNTY,407,56 Years,441,217,224,350,175,175,60,29,31,8,2,6,23,11,12
SAN JACINTO COUNTY,407,57 Years,398,195,203,317,151,166,51,27,24,8,4,4,22,13,9
SAN JACINTO COUNTY,407,58 Years,401,194,207,333,160,173,38,20,18,7,3,4,23,11,12
SAN JACINTO COUNTY,407,59 Years,406,185,221,332,151,181,37,20,17,9,3,6,28,11,17
SAN JACINTO COUNTY,407,60 Years,391,194,197,311,154,157,45,19,26,12,6,6,23,15,8
SAN JACINTO COUNTY,407,61 Years,433,208,225,361,174,187,44,20,24,13,6,7,15,8,7
SAN JACINTO COUNTY,407,62 Years,416,204,212,356,169,187,34,20,14,12,10,2,14,5,9
SAN JACINTO COUNTY,407,63 Years,388,191,197,336,163,173,32,16,16,8,5,3,12,7,5
SAN JACINTO COUNTY,407,64 Years,401,193,208,341,159,182,34,17,17,9,6,3,17,11,6
SAN JACINTO COUNTY,407,65 Years,339,160,179,281,129,152,31,18,13,9,4,5,18,9,9
SAN JACINTO COUNTY,407,66 Years,347,179,168,294,154,140,34,16,18,7,3,4,12,6,6
SAN JACINTO COUNTY,407,67 Years,344,179,165,294,156,138,32,16,16,5,2,3,13,5,8
SAN JACINTO COUNTY,407,68 Years,353,184,169,306,161,145,31,18,13,5,0,5,11,5,6
SAN JACINTO COUNTY,407,69 Years,340,170,170,299,147,152,29,17,12,3,2,1,9,4,5
SAN JACINTO COUNTY,407,70 Years,303,154,149,271,136,135,21,10,11,3,3,0,8,5,3
SAN JACINTO COUNTY,407,71 Years,287,146,141,254,128,126,22,11,11,3,2,1,8,5,3
SAN JACINTO COUNTY,407,72 Years,250,137,113,218,120,98,20,9,11,5,4,1,7,4,3
SAN JACINTO COUNTY,407,73 Years,221,115,106,191,98,93,19,10,9,3,2,1,8,5,3
SAN JACINTO COUNTY,407,74 Years,209,100,109,179,87,92,21,9,12,3,2,1,6,2,4
SAN JACINTO COUNTY,407,75 Years,215,104,111,188,91,97,18,8,10,4,2,2,5,3,2
SAN JACINTO COUNTY,407,76 Years,214,99,115,190,89,101,15,7,8,2,1,1,7,2,5
SAN JACINTO COUNTY,407,77 Years,190,98,92,167,86,81,16,8,8,1,1,0,6,3,3
SAN JACINTO COUNTY,407,78 Years,162,90,72,138,76,62,12,6,6,2,2,0,10,6,4
SAN JACINTO COUNTY,407,79 Years,146,72,74,128,64,64,10,5,5,2,0,2,6,3,3
SAN JACINTO COUNTY,407,80 Years,121,55,66,105,47,58,10,5,5,2,1,1,4,2,2
SAN JACINTO COUNTY,407,81 Years,112,60,52,101,55,46,8,4,4,0,0,0,3,1,2
SAN JACINTO COUNTY,407,82 Years,98,45,53,87,38,49,9,5,4,0,0,0,2,2,0
SAN JACINTO COUNTY,407,83 Years,111,44,67,96,36,60,8,3,5,1,0,1,6,5,1
SAN JACINTO COUNTY,407,84 Years,85,40,45,75,36,39,6,2,4,1,1,0,3,1,2
SAN JACINTO COUNTY,407,85 Years +,344,139,205,282,117,165,49,17,32,7,3,4,6,2,4
SAN PATRICIO COUNTY,409,All Ages,64974,32274,32700,27066,13545,13521,903,490,413,1358,628,730,35647,17611,18036
SAN PATRICIO COUNTY,409,< 1 Year,993,512,481,316,164,152,8,4,4,17,8,9,652,336,316
SAN PATRICIO COUNTY,409,1 Years,1000,510,490,294,140,154,11,6,5,18,9,9,677,355,322
SAN PATRICIO COUNTY,409,2 Years,960,480,480,268,130,138,12,4,8,23,11,12,657,335,322
SAN PATRICIO COUNTY,409,3 Years,929,467,462,272,148,124,8,1,7,17,7,10,632,311,321
SAN PATRICIO COUNTY,409,4 Years,942,476,466,280,152,128,8,2,6,20,7,13,634,315,319
SAN PATRICIO COUNTY,409,5 Years,931,459,472,260,130,130,8,3,5,24,10,14,639,316,323
SAN PATRICIO COUNTY,409,6 Years,1023,520,503,273,146,127,12,8,4,32,16,16,706,350,356
SAN PATRICIO COUNTY,409,7 Years,1009,521,488,294,162,132,14,9,5,27,16,11,674,334,340
SAN PATRICIO COUNTY,409,8 Years,959,496,463,311,163,148,19,11,8,25,17,8,604,305,299
SAN PATRICIO COUNTY,409,9 Years,998,499,499,327,160,167,14,7,7,28,17,11,629,315,314
SAN PATRICIO COUNTY,409,10 Years,1068,563,505,340,192,148,13,6,7,23,13,10,692,352,340
SAN PATRICIO COUNTY,409,11 Years,1048,551,497,320,171,149,12,5,7,22,11,11,694,364,330
SAN PATRICIO COUNTY,409,12 Years,1012,501,511,326,172,154,15,5,10,26,10,16,645,314,331
SAN PATRICIO COUNTY,409,13 Years,984,517,467,324,179,145,13,7,6,21,9,12,626,322,304
SAN PATRICIO COUNTY,409,14 Years,1015,544,471,335,182,153,11,9,2,30,13,17,639,340,299
SAN PATRICIO COUNTY,409,15 Years,1046,536,510,340,172,168,10,6,4,24,12,12,672,346,326
SAN PATRICIO COUNTY,409,16 Years,1091,580,511,377,201,176,20,10,10,23,12,11,671,357,314
SAN PATRICIO COUNTY,409,17 Years,1103,594,509,386,202,184,16,10,6,32,20,12,669,362,307
SAN PATRICIO COUNTY,409,18 Years,1036,543,493,348,177,171,17,9,8,29,17,12,642,340,302
SAN PATRICIO COUNTY,409,19 Years,958,519,439,301,168,133,14,8,6,18,11,7,625,332,293
SAN PATRICIO COUNTY,409,20 Years,852,450,402,268,145,123,11,7,4,18,9,9,555,289,266
SAN PATRICIO COUNTY,409,21 Years,816,433,383,255,142,113,9,5,4,15,10,5,537,276,261
SAN PATRICIO COUNTY,409,22 Years,755,393,362,243,122,121,11,5,6,12,8,4,489,258,231
SAN PATRICIO COUNTY,409,23 Years,730,373,357,271,140,131,11,8,3,11,5,6,437,220,217
SAN PATRICIO COUNTY,409,24 Years,763,381,382,285,144,141,13,9,4,18,8,10,447,220,227
SAN PATRICIO COUNTY,409,25 Years,714,350,364,265,139,126,7,5,2,18,7,11,424,199,225
SAN PATRICIO COUNTY,409,26 Years,723,378,345,279,158,121,12,8,4,11,5,6,421,207,214
SAN PATRICIO COUNTY,409,27 Years,734,375,359,266,144,122,13,8,5,15,7,8,440,216,224
SAN PATRICIO COUNTY,409,28 Years,773,370,403,303,150,153,15,10,5,14,7,7,441,203,238
SAN PATRICIO COUNTY,409,29 Years,763,369,394,283,133,150,15,7,8,11,7,4,454,222,232
SAN PATRICIO COUNTY,409,30 Years,758,376,382,290,145,145,11,6,5,17,10,7,440,215,225
SAN PATRICIO COUNTY,409,31 Years,796,386,410,301,142,159,10,6,4,14,5,9,471,233,238
SAN PATRICIO COUNTY,409,32 Years,787,396,391,298,146,152,12,9,3,12,7,5,465,234,231
SAN PATRICIO COUNTY,409,33 Years,736,365,371,289,147,142,13,6,7,14,9,5,420,203,217
SAN PATRICIO COUNTY,409,34 Years,739,362,377,296,146,150,11,5,6,21,9,12,411,202,209
SAN PATRICIO COUNTY,409,35 Years,743,379,364,278,145,133,13,9,4,20,10,10,432,215,217
SAN PATRICIO COUNTY,409,36 Years,719,358,361,278,137,141,8,4,4,22,10,12,411,207,204
SAN PATRICIO COUNTY,409,37 Years,692,333,359,272,131,141,7,3,4,18,9,9,395,190,205
SAN PATRICIO COUNTY,409,38 Years,752,360,392,308,149,159,9,5,4,13,7,6,422,199,223
SAN PATRICIO COUNTY,409,39 Years,790,376,414,330,163,167,14,7,7,16,6,10,430,200,230
SAN PATRICIO COUNTY,409,40 Years,843,407,436,344,168,176,17,12,5,14,5,9,468,222,246
SAN PATRICIO COUNTY,409,41 Years,863,407,456,371,166,205,15,9,6,14,7,7,463,225,238
SAN PATRICIO COUNTY,409,42 Years,808,422,386,334,171,163,13,7,6,18,11,7,443,233,210
SAN PATRICIO COUNTY,409,43 Years,793,388,405,313,164,149,10,6,4,25,11,14,445,207,238
SAN PATRICIO COUNTY,409,44 Years,790,392,398,322,169,153,14,8,6,19,7,12,435,208,227
SAN PATRICIO COUNTY,409,45 Years,864,424,440,380,199,181,12,7,5,13,4,9,459,214,245
SAN PATRICIO COUNTY,409,46 Years,925,441,484,416,207,209,14,7,7,19,8,11,476,219,257
SAN PATRICIO COUNTY,409,47 Years,919,450,469,412,205,207,17,10,7,18,6,12,472,229,243
SAN PATRICIO COUNTY,409,48 Years,928,469,459,417,201,216,14,8,6,26,11,15,471,249,222
SAN PATRICIO COUNTY,409,49 Years,945,455,490,441,211,230,16,9,7,26,11,15,462,224,238
SAN PATRICIO COUNTY,409,50 Years,959,482,477,483,249,234,17,10,7,21,9,12,438,214,224
SAN PATRICIO COUNTY,409,51 Years,956,463,493,469,225,244,11,5,6,23,11,12,453,222,231
SAN PATRICIO COUNTY,409,52 Years,911,455,456,465,234,231,10,5,5,23,8,15,413,208,205
SAN PATRICIO COUNTY,409,53 Years,873,426,447,446,220,226,15,8,7,25,9,16,387,189,198
SAN PATRICIO COUNTY,409,54 Years,845,422,423,425,214,211,12,6,6,23,9,14,385,193,192
SAN PATRICIO COUNTY,409,55 Years,855,422,433,414,209,205,13,6,7,18,6,12,410,201,209
SAN PATRICIO COUNTY,409,56 Years,864,451,413,410,217,193,15,8,7,15,6,9,424,220,204
SAN PATRICIO COUNTY,409,57 Years,886,445,441,448,225,223,17,11,6,19,7,12,402,202,200
SAN PATRICIO COUNTY,409,58 Years,837,425,412,421,221,200,11,8,3,17,7,10,388,189,199
SAN PATRICIO COUNTY,409,59 Years,758,385,373,412,212,200,9,5,4,12,5,7,325,163,162
SAN PATRICIO COUNTY,409,60 Years,737,356,381,382,183,199,6,3,3,16,8,8,333,162,171
SAN PATRICIO COUNTY,409,61 Years,737,365,372,385,189,196,9,5,4,12,5,7,331,166,165
SAN PATRICIO COUNTY,409,62 Years,719,348,371,370,176,194,7,4,3,13,7,6,329,161,168
SAN PATRICIO COUNTY,409,63 Years,745,374,371,393,199,194,8,5,3,16,6,10,328,164,164
SAN PATRICIO COUNTY,409,64 Years,743,356,387,406,196,210,10,6,4,11,6,5,316,148,168
SAN PATRICIO COUNTY,409,65 Years,609,296,313,300,145,155,5,2,3,15,4,11,289,145,144
SAN PATRICIO COUNTY,409,66 Years,605,289,316,317,148,169,6,4,2,11,1,10,271,136,135
SAN PATRICIO COUNTY,409,67 Years,599,280,319,323,149,174,6,4,2,12,2,10,258,125,133
SAN PATRICIO COUNTY,409,68 Years,548,245,303,310,142,168,6,3,3,9,2,7,223,98,125
SAN PATRICIO COUNTY,409,69 Years,471,216,255,283,139,144,4,1,3,9,3,6,175,73,102
SAN PATRICIO COUNTY,409,70 Years,466,218,248,283,145,138,4,2,2,5,2,3,174,69,105
SAN PATRICIO COUNTY,409,71 Years,431,210,221,240,119,121,5,1,4,4,1,3,182,89,93
SAN PATRICIO COUNTY,409,72 Years,391,180,211,233,107,126,3,1,2,6,3,3,149,69,80
SAN PATRICIO COUNTY,409,73 Years,422,193,229,257,118,139,7,3,4,6,3,3,152,69,83
SAN PATRICIO COUNTY,409,74 Years,359,178,181,223,113,110,7,3,4,2,2,0,127,60,67
SAN PATRICIO COUNTY,409,75 Years,347,167,180,220,113,107,6,3,3,1,1,0,120,50,70
SAN PATRICIO COUNTY,409,76 Years,371,172,199,224,105,119,6,3,3,3,1,2,138,63,75
SAN PATRICIO COUNTY,409,77 Years,348,169,179,215,109,106,5,3,2,3,3,0,125,54,71
SAN PATRICIO COUNTY,409,78 Years,307,149,158,186,95,91,5,4,1,3,2,1,113,48,65
SAN PATRICIO COUNTY,409,79 Years,302,131,171,180,81,99,3,2,1,5,1,4,114,47,67
SAN PATRICIO COUNTY,409,80 Years,273,108,165,164,67,97,2,0,2,3,1,2,104,40,64
SAN PATRICIO COUNTY,409,81 Years,236,102,134,141,65,76,6,2,4,2,1,1,87,34,53
SAN PATRICIO COUNTY,409,82 Years,214,97,117,135,65,70,6,4,2,1,1,0,72,27,45
SAN PATRICIO COUNTY,409,83 Years,219,92,127,133,62,71,3,2,1,4,1,3,79,27,52
SAN PATRICIO COUNTY,409,84 Years,190,67,123,102,39,63,1,0,1,2,1,1,85,27,58
SAN PATRICIO COUNTY,409,85 Years +,923,334,589,568,210,358,15,3,12,7,1,6,333,120,213
SAN SABA COUNTY,411,All Ages,6176,3388,2788,4136,2142,1994,194,181,13,94,39,55,1752,1026,726
SAN SABA COUNTY,411,< 1 Year,61,31,30,32,16,16,0,0,0,1,1,0,28,14,14
SAN SABA COUNTY,411,1 Years,67,35,32,36,15,21,0,0,0,0,0,0,31,20,11
SAN SABA COUNTY,411,2 Years,71,32,39,35,15,20,1,1,0,0,0,0,35,16,19
SAN SABA COUNTY,411,3 Years,78,31,47,36,13,23,1,1,0,0,0,0,41,17,24
SAN SABA COUNTY,411,4 Years,70,33,37,40,19,21,0,0,0,0,0,0,30,14,16
SAN SABA COUNTY,411,5 Years,66,30,36,37,16,21,0,0,0,2,2,0,27,12,15
SAN SABA COUNTY,411,6 Years,57,27,30,29,14,15,0,0,0,0,0,0,28,13,15
SAN SABA COUNTY,411,7 Years,69,33,36,38,19,19,0,0,0,1,1,0,30,13,17
SAN SABA COUNTY,411,8 Years,65,36,29,39,22,17,0,0,0,1,0,1,25,14,11
SAN SABA COUNTY,411,9 Years,66,36,30,31,18,13,0,0,0,4,0,4,31,18,13
SAN SABA COUNTY,411,10 Years,65,36,29,33,17,16,2,1,1,1,0,1,29,18,11
SAN SABA COUNTY,411,11 Years,64,35,29,40,24,16,1,0,1,0,0,0,23,11,12
SAN SABA COUNTY,411,12 Years,59,27,32,41,19,22,0,0,0,1,0,1,17,8,9
SAN SABA COUNTY,411,13 Years,58,31,27,36,19,17,0,0,0,1,0,1,21,12,9
SAN SABA COUNTY,411,14 Years,89,48,41,47,23,24,1,1,0,3,0,3,38,24,14
SAN SABA COUNTY,411,15 Years,90,55,35,51,32,19,0,0,0,2,1,1,37,22,15
SAN SABA COUNTY,411,16 Years,83,49,34,51,33,18,1,1,0,2,0,2,29,15,14
SAN SABA COUNTY,411,17 Years,85,50,35,50,31,19,4,2,2,0,0,0,31,17,14
SAN SABA COUNTY,411,18 Years,84,44,40,43,22,21,4,1,3,1,1,0,36,20,16
SAN SABA COUNTY,411,19 Years,91,58,33,39,23,16,5,3,2,1,0,1,46,32,14
SAN SABA COUNTY,411,20 Years,83,56,27,40,26,14,8,7,1,1,0,1,34,23,11
SAN SABA COUNTY,411,21 Years,95,67,28,36,21,15,12,12,0,1,0,1,46,34,12
SAN SABA COUNTY,411,22 Years,87,61,26,41,28,13,9,9,0,0,0,0,37,24,13
SAN SABA COUNTY,411,23 Years,98,74,24,39,31,8,8,8,0,0,0,0,51,35,16
SAN SABA COUNTY,411,24 Years,102,79,23,40,28,12,20,20,0,1,0,1,41,31,10
SAN SABA COUNTY,411,25 Years,111,86,25,49,37,12,12,12,0,1,0,1,49,37,12
SAN SABA COUNTY,411,26 Years,103,86,17,49,40,9,12,12,0,0,0,0,42,34,8
SAN SABA COUNTY,411,27 Years,103,77,26,52,33,19,8,8,0,1,1,0,42,35,7
SAN SABA COUNTY,411,28 Years,80,57,23,36,23,13,9,9,0,3,2,1,32,23,9
SAN SABA COUNTY,411,29 Years,87,64,23,45,34,11,10,10,0,3,2,1,29,18,11
SAN SABA COUNTY,411,30 Years,101,72,29,52,34,18,13,13,0,1,1,0,35,24,11
SAN SABA COUNTY,411,31 Years,79,60,19,39,26,13,16,16,0,0,0,0,24,18,6
SAN SABA COUNTY,411,32 Years,73,55,18,41,30,11,8,8,0,1,1,0,23,16,7
SAN SABA COUNTY,411,33 Years,59,38,21,35,18,17,6,6,0,2,2,0,16,12,4
SAN SABA COUNTY,411,34 Years,64,37,27,39,23,16,6,6,0,3,1,2,16,7,9
SAN SABA COUNTY,411,35 Years,50,28,22,29,13,16,7,7,0,0,0,0,14,8,6
SAN SABA COUNTY,411,36 Years,58,30,28,36,16,20,4,4,0,0,0,0,18,10,8
SAN SABA COUNTY,411,37 Years,54,30,24,34,18,16,1,1,0,0,0,0,19,11,8
SAN SABA COUNTY,411,38 Years,52,27,25,31,19,12,1,0,1,0,0,0,20,8,12
SAN SABA COUNTY,411,39 Years,58,25,33,34,17,17,0,0,0,4,1,3,20,7,13
SAN SABA COUNTY,411,40 Years,56,29,27,38,20,18,0,0,0,3,1,2,15,8,7
SAN SABA COUNTY,411,41 Years,67,29,38,45,21,24,0,0,0,1,0,1,21,8,13
SAN SABA COUNTY,411,42 Years,73,38,35,46,23,23,0,0,0,1,1,0,26,14,12
SAN SABA COUNTY,411,43 Years,59,31,28,36,18,18,0,0,0,0,0,0,23,13,10
SAN SABA COUNTY,411,44 Years,50,24,26,31,13,18,0,0,0,0,0,0,19,11,8
SAN SABA COUNTY,411,45 Years,65,41,24,40,26,14,0,0,0,1,1,0,24,14,10
SAN SABA COUNTY,411,46 Years,73,43,30,48,29,19,0,0,0,1,1,0,24,13,11
SAN SABA COUNTY,411,47 Years,76,38,38,60,28,32,0,0,0,1,1,0,15,9,6
SAN SABA COUNTY,411,48 Years,70,35,35,55,24,31,0,0,0,0,0,0,15,11,4
SAN SABA COUNTY,411,49 Years,69,33,36,42,18,24,0,0,0,4,3,1,23,12,11
SAN SABA COUNTY,411,50 Years,75,34,41,49,20,29,0,0,0,3,1,2,23,13,10
SAN SABA COUNTY,411,51 Years,76,40,36,53,26,27,0,0,0,3,1,2,20,13,7
SAN SABA COUNTY,411,52 Years,86,44,42,68,34,34,0,0,0,1,0,1,17,10,7
SAN SABA COUNTY,411,53 Years,82,42,40,64,30,34,0,0,0,2,1,1,16,11,5
SAN SABA COUNTY,411,54 Years,69,29,40,52,21,31,0,0,0,2,0,2,15,8,7
SAN SABA COUNTY,411,55 Years,77,30,47,61,27,34,0,0,0,2,0,2,14,3,11
SAN SABA COUNTY,411,56 Years,73,34,39,60,28,32,1,1,0,2,1,1,10,4,6
SAN SABA COUNTY,411,57 Years,96,50,46,79,42,37,0,0,0,1,0,1,16,8,8
SAN SABA COUNTY,411,58 Years,86,43,43,73,35,38,0,0,0,0,0,0,13,8,5
SAN SABA COUNTY,411,59 Years,87,42,45,73,32,41,1,1,0,1,1,0,12,8,4
SAN SABA COUNTY,411,60 Years,96,50,46,84,44,40,0,0,0,1,1,0,11,5,6
SAN SABA COUNTY,411,61 Years,83,46,37,75,42,33,0,0,0,0,0,0,8,4,4
SAN SABA COUNTY,411,62 Years,77,38,39,66,32,34,0,0,0,3,2,1,8,4,4
SAN SABA COUNTY,411,63 Years,91,38,53,80,35,45,0,0,0,3,0,3,8,3,5
SAN SABA COUNTY,411,64 Years,104,53,51,87,45,42,0,0,0,2,1,1,15,7,8
SAN SABA COUNTY,411,65 Years,90,43,47,73,35,38,0,0,0,1,1,0,16,7,9
SAN SABA COUNTY,411,66 Years,78,43,35,66,36,30,0,0,0,1,1,0,11,6,5
SAN SABA COUNTY,411,67 Years,81,38,43,67,31,36,0,0,0,3,1,2,11,6,5
SAN SABA COUNTY,411,68 Years,71,36,35,61,30,31,0,0,0,2,1,1,8,5,3
SAN SABA COUNTY,411,69 Years,63,33,30,56,29,27,0,0,0,1,0,1,6,4,2
SAN SABA COUNTY,411,70 Years,69,37,32,63,34,29,0,0,0,1,0,1,5,3,2
SAN SABA COUNTY,411,71 Years,56,30,26,49,25,24,0,0,0,0,0,0,7,5,2
SAN SABA COUNTY,411,72 Years,52,28,24,43,23,20,0,0,0,1,0,1,8,5,3
SAN SABA COUNTY,411,73 Years,53,26,27,47,24,23,0,0,0,1,0,1,5,2,3
SAN SABA COUNTY,411,74 Years,47,22,25,42,21,21,0,0,0,1,0,1,4,1,3
SAN SABA COUNTY,411,75 Years,44,24,20,38,21,17,0,0,0,0,0,0,6,3,3
SAN SABA COUNTY,411,76 Years,50,21,29,48,20,28,0,0,0,0,0,0,2,1,1
SAN SABA COUNTY,411,77 Years,44,20,24,40,17,23,0,0,0,0,0,0,4,3,1
SAN SABA COUNTY,411,78 Years,42,18,24,40,18,22,1,0,1,0,0,0,1,0,1
SAN SABA COUNTY,411,79 Years,47,23,24,44,22,22,0,0,0,1,1,0,2,0,2
SAN SABA COUNTY,411,80 Years,40,13,27,36,13,23,0,0,0,0,0,0,4,0,4
SAN SABA COUNTY,411,81 Years,40,17,23,38,17,21,0,0,0,0,0,0,2,0,2
SAN SABA COUNTY,411,82 Years,37,16,21,36,15,21,0,0,0,0,0,0,1,1,0
SAN SABA COUNTY,411,83 Years,27,13,14,27,13,14,0,0,0,0,0,0,0,0,0
SAN SABA COUNTY,411,84 Years,19,8,11,16,7,9,0,0,0,0,0,0,3,1,2
SAN SABA COUNTY,411,85 Years +,175,59,116,160,53,107,1,0,1,0,0,0,14,6,8
SCHLEICHER COUNTY,413,All Ages,3472,1730,1742,1864,925,939,32,17,15,18,5,13,1558,783,775
SCHLEICHER COUNTY,413,< 1 Year,45,23,22,20,10,10,0,0,0,0,0,0,25,13,12
SCHLEICHER COUNTY,413,1 Years,61,34,27,36,21,15,0,0,0,0,0,0,25,13,12
SCHLEICHER COUNTY,413,2 Years,70,37,33,42,23,19,0,0,0,0,0,0,28,14,14
SCHLEICHER COUNTY,413,3 Years,63,29,34,34,15,19,0,0,0,0,0,0,29,14,15
SCHLEICHER COUNTY,413,4 Years,73,40,33,37,23,14,2,2,0,0,0,0,34,15,19
SCHLEICHER COUNTY,413,5 Years,70,44,26,36,24,12,2,1,1,0,0,0,32,19,13
SCHLEICHER COUNTY,413,6 Years,67,42,25,34,24,10,1,0,1,0,0,0,32,18,14
SCHLEICHER COUNTY,413,7 Years,60,34,26,36,22,14,1,1,0,0,0,0,23,11,12
SCHLEICHER COUNTY,413,8 Years,57,31,26,32,17,15,1,1,0,1,1,0,23,12,11
SCHLEICHER COUNTY,413,9 Years,65,28,37,36,16,20,1,1,0,0,0,0,28,11,17
SCHLEICHER COUNTY,413,10 Years,72,34,38,34,18,16,2,1,1,1,0,1,35,15,20
SCHLEICHER COUNTY,413,11 Years,58,30,28,28,15,13,2,1,1,0,0,0,28,14,14
SCHLEICHER COUNTY,413,12 Years,64,29,35,36,19,17,1,0,1,0,0,0,27,10,17
SCHLEICHER COUNTY,413,13 Years,65,35,30,34,19,15,0,0,0,1,0,1,30,16,14
SCHLEICHER COUNTY,413,14 Years,50,21,29,26,12,14,1,0,1,0,0,0,23,9,14
SCHLEICHER COUNTY,413,15 Years,43,19,24,20,10,10,0,0,0,0,0,0,23,9,14
SCHLEICHER COUNTY,413,16 Years,59,32,27,22,10,12,0,0,0,0,0,0,37,22,15
SCHLEICHER COUNTY,413,17 Years,47,25,22,19,9,10,0,0,0,0,0,0,28,16,12
SCHLEICHER COUNTY,413,18 Years,51,27,24,18,11,7,1,1,0,1,1,0,31,14,17
SCHLEICHER COUNTY,413,19 Years,47,24,23,17,10,7,0,0,0,2,1,1,28,13,15
SCHLEICHER COUNTY,413,20 Years,35,17,18,14,7,7,0,0,0,0,0,0,21,10,11
SCHLEICHER COUNTY,413,21 Years,40,18,22,11,4,7,0,0,0,0,0,0,29,14,15
SCHLEICHER COUNTY,413,22 Years,32,14,18,9,4,5,0,0,0,0,0,0,23,10,13
SCHLEICHER COUNTY,413,23 Years,36,14,22,16,4,12,2,1,1,0,0,0,18,9,9
SCHLEICHER COUNTY,413,24 Years,33,17,16,15,7,8,1,0,1,0,0,0,17,10,7
SCHLEICHER COUNTY,413,25 Years,41,20,21,22,10,12,0,0,0,0,0,0,19,10,9
SCHLEICHER COUNTY,413,26 Years,48,25,23,23,11,12,0,0,0,1,0,1,24,14,10
SCHLEICHER COUNTY,413,27 Years,46,20,26,22,9,13,0,0,0,1,0,1,23,11,12
SCHLEICHER COUNTY,413,28 Years,32,15,17,13,7,6,0,0,0,1,0,1,18,8,10
SCHLEICHER COUNTY,413,29 Years,42,23,19,21,11,10,0,0,0,1,0,1,20,12,8
SCHLEICHER COUNTY,413,30 Years,46,24,22,20,9,11,0,0,0,0,0,0,26,15,11
SCHLEICHER COUNTY,413,31 Years,46,20,26,22,8,14,0,0,0,0,0,0,24,12,12
SCHLEICHER COUNTY,413,32 Years,42,22,20,19,10,9,0,0,0,0,0,0,23,12,11
SCHLEICHER COUNTY,413,33 Years,38,20,18,16,8,8,0,0,0,0,0,0,22,12,10
SCHLEICHER COUNTY,413,34 Years,31,14,17,15,7,8,0,0,0,0,0,0,16,7,9
SCHLEICHER COUNTY,413,35 Years,38,18,20,20,8,12,0,0,0,0,0,0,18,10,8
SCHLEICHER COUNTY,413,36 Years,26,12,14,15,6,9,0,0,0,0,0,0,11,6,5
SCHLEICHER COUNTY,413,37 Years,36,18,18,18,9,9,0,0,0,0,0,0,18,9,9
SCHLEICHER COUNTY,413,38 Years,36,16,20,17,8,9,0,0,0,0,0,0,19,8,11
SCHLEICHER COUNTY,413,39 Years,48,24,24,26,13,13,0,0,0,0,0,0,22,11,11
SCHLEICHER COUNTY,413,40 Years,54,30,24,29,16,13,0,0,0,0,0,0,25,14,11
SCHLEICHER COUNTY,413,41 Years,43,19,24,23,9,14,0,0,0,0,0,0,20,10,10
SCHLEICHER COUNTY,413,42 Years,40,14,26,18,7,11,0,0,0,1,0,1,21,7,14
SCHLEICHER COUNTY,413,43 Years,33,17,16,18,11,7,0,0,0,1,0,1,14,6,8
SCHLEICHER COUNTY,413,44 Years,35,15,20,15,4,11,0,0,0,1,0,1,19,11,8
SCHLEICHER COUNTY,413,45 Years,41,21,20,16,6,10,1,0,1,0,0,0,24,15,9
SCHLEICHER COUNTY,413,46 Years,38,20,18,17,8,9,0,0,0,1,1,0,20,11,9
SCHLEICHER COUNTY,413,47 Years,43,20,23,22,11,11,2,1,1,0,0,0,19,8,11
SCHLEICHER COUNTY,413,48 Years,44,19,25,23,11,12,2,1,1,0,0,0,19,7,12
SCHLEICHER COUNTY,413,49 Years,49,25,24,22,11,11,2,1,1,0,0,0,25,13,12
SCHLEICHER COUNTY,413,50 Years,32,16,16,16,8,8,0,0,0,0,0,0,16,8,8
SCHLEICHER COUNTY,413,51 Years,39,19,20,22,9,13,0,0,0,0,0,0,17,10,7
SCHLEICHER COUNTY,413,52 Years,39,20,19,22,10,12,1,1,0,0,0,0,16,9,7
SCHLEICHER COUNTY,413,53 Years,36,20,16,18,10,8,1,1,0,0,0,0,17,9,8
SCHLEICHER COUNTY,413,54 Years,41,21,20,23,12,11,0,0,0,0,0,0,18,9,9
SCHLEICHER COUNTY,413,55 Years,45,23,22,27,14,13,0,0,0,0,0,0,18,9,9
SCHLEICHER COUNTY,413,56 Years,42,19,23,29,13,16,0,0,0,0,0,0,13,6,7
SCHLEICHER COUNTY,413,57 Years,42,22,20,24,13,11,0,0,0,0,0,0,18,9,9
SCHLEICHER COUNTY,413,58 Years,50,28,22,34,20,14,0,0,0,0,0,0,16,8,8
SCHLEICHER COUNTY,413,59 Years,46,24,22,32,15,17,0,0,0,0,0,0,14,9,5
SCHLEICHER COUNTY,413,60 Years,47,28,19,30,17,13,0,0,0,1,0,1,16,11,5
SCHLEICHER COUNTY,413,61 Years,47,26,21,24,13,11,1,1,0,0,0,0,22,12,10
SCHLEICHER COUNTY,413,62 Years,44,19,25,25,11,14,1,0,1,0,0,0,18,8,10
SCHLEICHER COUNTY,413,63 Years,35,19,16,21,10,11,0,0,0,0,0,0,14,9,5
SCHLEICHER COUNTY,413,64 Years,44,21,23,29,15,14,0,0,0,0,0,0,15,6,9
SCHLEICHER COUNTY,413,65 Years,34,16,18,22,12,10,1,0,1,0,0,0,11,4,7
SCHLEICHER COUNTY,413,66 Years,26,12,14,17,8,9,0,0,0,1,0,1,8,4,4
SCHLEICHER COUNTY,413,67 Years,28,15,13,22,11,11,0,0,0,0,0,0,6,4,2
SCHLEICHER COUNTY,413,68 Years,32,15,17,23,9,14,0,0,0,1,0,1,8,6,2
SCHLEICHER COUNTY,413,69 Years,28,16,12,18,11,7,0,0,0,1,1,0,9,4,5
SCHLEICHER COUNTY,413,70 Years,28,11,17,21,9,12,0,0,0,0,0,0,7,2,5
SCHLEICHER COUNTY,413,71 Years,30,15,15,20,9,11,0,0,0,0,0,0,10,6,4
SCHLEICHER COUNTY,413,72 Years,20,10,10,14,6,8,1,1,0,0,0,0,5,3,2
SCHLEICHER COUNTY,413,73 Years,17,4,13,14,3,11,1,0,1,0,0,0,2,1,1
SCHLEICHER COUNTY,413,74 Years,22,11,11,17,9,8,0,0,0,0,0,0,5,2,3
SCHLEICHER COUNTY,413,75 Years,26,12,14,22,11,11,0,0,0,0,0,0,4,1,3
SCHLEICHER COUNTY,413,76 Years,16,9,7,12,7,5,0,0,0,0,0,0,4,2,2
SCHLEICHER COUNTY,413,77 Years,21,8,13,15,5,10,0,0,0,0,0,0,6,3,3
SCHLEICHER COUNTY,413,78 Years,15,6,9,10,4,6,0,0,0,0,0,0,5,2,3
SCHLEICHER COUNTY,413,79 Years,20,11,9,13,6,7,0,0,0,0,0,0,7,5,2
SCHLEICHER COUNTY,413,80 Years,21,12,9,15,9,6,0,0,0,0,0,0,6,3,3
SCHLEICHER COUNTY,413,81 Years,11,8,3,8,6,2,0,0,0,0,0,0,3,2,1
SCHLEICHER COUNTY,413,82 Years,15,6,9,12,5,7,0,0,0,0,0,0,3,1,2
SCHLEICHER COUNTY,413,83 Years,13,6,7,7,3,4,0,0,0,0,0,0,6,3,3
SCHLEICHER COUNTY,413,84 Years,11,3,8,8,2,6,0,0,0,0,0,0,3,1,2
SCHLEICHER COUNTY,413,85 Years +,30,10,20,24,8,16,0,0,0,0,0,0,6,2,4
SCURRY COUNTY,415,All Ages,16983,9062,7921,9691,4950,4741,762,562,200,230,105,125,6300,3445,2855
SCURRY COUNTY,415,< 1 Year,252,133,119,113,59,54,6,4,2,3,2,1,130,68,62
SCURRY COUNTY,415,1 Years,244,125,119,96,52,44,4,1,3,4,1,3,140,71,69
SCURRY COUNTY,415,2 Years,247,134,113,97,52,45,4,1,3,6,4,2,140,77,63
SCURRY COUNTY,415,3 Years,261,138,123,106,58,48,5,1,4,5,2,3,145,77,68
SCURRY COUNTY,415,4 Years,250,137,113,111,64,47,5,4,1,4,2,2,130,67,63
SCURRY COUNTY,415,5 Years,266,142,124,103,52,51,6,4,2,5,2,3,152,84,68
SCURRY COUNTY,415,6 Years,252,139,113,97,50,47,7,5,2,5,3,2,143,81,62
SCURRY COUNTY,415,7 Years,232,122,110,90,52,38,5,4,1,7,3,4,130,63,67
SCURRY COUNTY,415,8 Years,223,108,115,83,40,43,3,3,0,8,2,6,129,63,66
SCURRY COUNTY,415,9 Years,220,107,113,94,44,50,5,3,2,6,1,5,115,59,56
SCURRY COUNTY,415,10 Years,231,115,116,106,55,51,2,2,0,6,2,4,117,56,61
SCURRY COUNTY,415,11 Years,222,107,115,100,47,53,4,2,2,5,2,3,113,56,57
SCURRY COUNTY,415,12 Years,216,108,108,101,54,47,5,2,3,7,2,5,103,50,53
SCURRY COUNTY,415,13 Years,220,118,102,110,63,47,5,1,4,8,4,4,97,50,47
SCURRY COUNTY,415,14 Years,252,126,126,127,69,58,5,1,4,6,4,2,114,52,62
SCURRY COUNTY,415,15 Years,220,112,108,98,49,49,7,4,3,3,2,1,112,57,55
SCURRY COUNTY,415,16 Years,218,115,103,98,57,41,9,6,3,4,2,2,107,50,57
SCURRY COUNTY,415,17 Years,220,110,110,108,49,59,6,3,3,6,2,4,100,56,44
SCURRY COUNTY,415,18 Years,240,127,113,111,54,57,11,8,3,4,2,2,114,63,51
SCURRY COUNTY,415,19 Years,266,147,119,122,70,52,12,11,1,4,1,3,128,65,63
SCURRY COUNTY,415,20 Years,276,162,114,131,81,50,18,14,4,3,0,3,124,67,57
SCURRY COUNTY,415,21 Years,274,172,102,133,73,60,37,29,8,1,0,1,103,70,33
SCURRY COUNTY,415,22 Years,234,137,97,109,59,50,31,25,6,1,0,1,93,53,40
SCURRY COUNTY,415,23 Years,198,114,84,95,49,46,18,15,3,1,1,0,84,49,35
SCURRY COUNTY,415,24 Years,205,117,88,106,59,47,12,9,3,1,1,0,86,48,38
SCURRY COUNTY,415,25 Years,221,125,96,107,58,49,17,12,5,2,2,0,95,53,42
SCURRY COUNTY,415,26 Years,230,146,84,105,62,43,23,22,1,3,1,2,99,61,38
SCURRY COUNTY,415,27 Years,223,125,98,115,56,59,15,15,0,3,2,1,90,52,38
SCURRY COUNTY,415,28 Years,211,107,104,110,53,57,9,8,1,2,2,0,90,44,46
SCURRY COUNTY,415,29 Years,244,138,106,118,63,55,11,9,2,4,2,2,111,64,47
SCURRY COUNTY,415,30 Years,247,143,104,107,55,52,18,16,2,2,0,2,120,72,48
SCURRY COUNTY,415,31 Years,241,143,98,126,72,54,17,14,3,7,4,3,91,53,38
SCURRY COUNTY,415,32 Years,221,122,99,115,62,53,12,11,1,4,1,3,90,48,42
SCURRY COUNTY,415,33 Years,197,110,87,107,57,50,15,13,2,5,2,3,70,38,32
SCURRY COUNTY,415,34 Years,209,131,78,111,68,43,13,11,2,3,1,2,82,51,31
SCURRY COUNTY,415,35 Years,202,118,84,109,63,46,10,8,2,2,1,1,81,46,35
SCURRY COUNTY,415,36 Years,171,92,79,92,47,45,9,8,1,2,1,1,68,36,32
SCURRY COUNTY,415,37 Years,186,105,81,97,52,45,10,8,2,2,1,1,77,44,33
SCURRY COUNTY,415,38 Years,194,116,78,95,52,43,14,11,3,4,4,0,81,49,32
SCURRY COUNTY,415,39 Years,208,120,88,112,68,44,10,8,2,2,1,1,84,43,41
SCURRY COUNTY,415,40 Years,247,152,95,131,75,56,14,12,2,7,2,5,95,63,32
SCURRY COUNTY,415,41 Years,212,125,87,123,71,52,11,10,1,4,1,3,74,43,31
SCURRY COUNTY,415,42 Years,200,116,84,113,59,54,12,10,2,1,0,1,74,47,27
SCURRY COUNTY,415,43 Years,193,107,86,109,59,50,6,5,1,2,0,2,76,43,33
SCURRY COUNTY,415,44 Years,203,124,79,108,66,42,11,8,3,0,0,0,84,50,34
SCURRY COUNTY,415,45 Years,212,122,90,119,69,50,10,7,3,1,1,0,82,45,37
SCURRY COUNTY,415,46 Years,209,112,97,125,62,63,12,10,2,2,1,1,70,39,31
SCURRY COUNTY,415,47 Years,220,130,90,122,65,57,19,16,3,3,2,1,76,47,29
SCURRY COUNTY,415,48 Years,261,151,110,165,89,76,8,7,1,2,1,1,86,54,32
SCURRY COUNTY,415,49 Years,231,134,97,150,80,70,7,7,0,2,2,0,72,45,27
SCURRY COUNTY,415,50 Years,245,137,108,162,89,73,13,10,3,3,1,2,67,37,30
SCURRY COUNTY,415,51 Years,251,134,117,172,89,83,17,14,3,3,2,1,59,29,30
SCURRY COUNTY,415,52 Years,232,120,112,151,71,80,9,7,2,1,0,1,71,42,29
SCURRY COUNTY,415,53 Years,243,138,105,156,83,73,9,7,2,4,4,0,74,44,30
SCURRY COUNTY,415,54 Years,243,133,110,158,84,74,17,12,5,3,2,1,65,35,30
SCURRY COUNTY,415,55 Years,221,123,98,147,80,67,12,8,4,2,2,0,60,33,27
SCURRY COUNTY,415,56 Years,238,139,99,162,90,72,9,4,5,0,0,0,67,45,22
SCURRY COUNTY,415,57 Years,253,136,117,167,86,81,16,11,5,1,0,1,69,39,30
SCURRY COUNTY,415,58 Years,200,101,99,134,67,67,10,8,2,2,0,2,54,26,28
SCURRY COUNTY,415,59 Years,207,111,96,143,76,67,11,8,3,4,3,1,49,24,25
SCURRY COUNTY,415,60 Years,219,118,101,160,82,78,7,5,2,2,1,1,50,30,20
SCURRY COUNTY,415,61 Years,175,84,91,124,54,70,8,4,4,3,1,2,40,25,15
SCURRY COUNTY,415,62 Years,176,97,79,127,63,64,4,3,1,1,0,1,44,31,13
SCURRY COUNTY,415,63 Years,171,86,85,139,72,67,2,0,2,1,0,1,29,14,15
SCURRY COUNTY,415,64 Years,186,88,98,146,67,79,5,2,3,1,1,0,34,18,16
SCURRY COUNTY,415,65 Years,135,71,64,100,52,48,3,2,1,1,0,1,31,17,14
SCURRY COUNTY,415,66 Years,121,59,62,89,44,45,1,0,1,1,0,1,30,15,15
SCURRY COUNTY,415,67 Years,135,65,70,96,49,47,3,3,0,1,0,1,35,13,22
SCURRY COUNTY,415,68 Years,148,73,75,110,53,57,5,4,1,1,1,0,32,15,17
SCURRY COUNTY,415,69 Years,115,54,61,85,41,44,4,1,3,0,0,0,26,12,14
SCURRY COUNTY,415,70 Years,111,48,63,89,39,50,2,0,2,0,0,0,20,9,11
SCURRY COUNTY,415,71 Years,114,48,66,91,37,54,5,3,2,1,1,0,17,7,10
SCURRY COUNTY,415,72 Years,122,57,65,98,42,56,4,4,0,1,1,0,19,10,9
SCURRY COUNTY,415,73 Years,118,52,66,92,38,54,4,1,3,0,0,0,22,13,9
SCURRY COUNTY,415,74 Years,109,42,67,89,33,56,5,1,4,1,0,1,14,8,6
SCURRY COUNTY,415,75 Years,99,39,60,83,34,49,2,0,2,1,0,1,13,5,8
SCURRY COUNTY,415,76 Years,104,52,52,78,45,33,3,0,3,0,0,0,23,7,16
SCURRY COUNTY,415,77 Years,102,46,56,74,37,37,4,1,3,0,0,0,24,8,16
SCURRY COUNTY,415,78 Years,82,37,45,67,30,37,3,1,2,0,0,0,12,6,6
SCURRY COUNTY,415,79 Years,87,44,43,65,30,35,8,4,4,0,0,0,14,10,4
SCURRY COUNTY,415,80 Years,84,32,52,69,24,45,2,1,1,1,1,0,12,6,6
SCURRY COUNTY,415,81 Years,89,31,58,77,24,53,1,1,0,2,1,1,9,5,4
SCURRY COUNTY,415,82 Years,70,21,49,61,17,44,3,1,2,1,0,1,5,3,2
SCURRY COUNTY,415,83 Years,75,24,51,65,20,45,2,1,1,1,0,1,7,3,4
SCURRY COUNTY,415,84 Years,70,31,39,65,27,38,0,0,0,0,0,0,5,4,1
SCURRY COUNTY,415,85 Years +,301,105,196,264,87,177,4,2,2,2,1,1,31,15,16
SHACKELFORD COUNTY,417,All Ages,3383,1644,1739,2963,1428,1535,16,10,6,64,27,37,340,179,161
SHACKELFORD COUNTY,417,< 1 Year,33,17,16,28,15,13,0,0,0,0,0,0,5,2,3
SHACKELFORD COUNTY,417,1 Years,39,21,18,34,18,16,0,0,0,0,0,0,5,3,2
SHACKELFORD COUNTY,417,2 Years,37,14,23,29,10,19,0,0,0,2,1,1,6,3,3
SHACKELFORD COUNTY,417,3 Years,36,19,17,31,17,14,0,0,0,0,0,0,5,2,3
SHACKELFORD COUNTY,417,4 Years,53,26,27,44,21,23,0,0,0,2,1,1,7,4,3
SHACKELFORD COUNTY,417,5 Years,50,28,22,36,20,16,1,0,1,4,1,3,9,7,2
SHACKELFORD COUNTY,417,6 Years,46,23,23,34,16,18,1,1,0,4,2,2,7,4,3
SHACKELFORD COUNTY,417,7 Years,37,17,20,31,16,15,0,0,0,1,0,1,5,1,4
SHACKELFORD COUNTY,417,8 Years,35,19,16,30,17,13,0,0,0,0,0,0,5,2,3
SHACKELFORD COUNTY,417,9 Years,52,26,26,42,21,21,2,2,0,1,1,0,7,2,5
SHACKELFORD COUNTY,417,10 Years,51,27,24,43,22,21,1,1,0,1,1,0,6,3,3
SHACKELFORD COUNTY,417,11 Years,41,21,20,35,18,17,1,0,1,1,1,0,4,2,2
SHACKELFORD COUNTY,417,12 Years,54,22,32,43,17,26,0,0,0,1,1,0,10,4,6
SHACKELFORD COUNTY,417,13 Years,51,29,22,41,23,18,0,0,0,1,1,0,9,5,4
SHACKELFORD COUNTY,417,14 Years,39,20,19,31,16,15,0,0,0,2,1,1,6,3,3
SHACKELFORD COUNTY,417,15 Years,42,14,28,38,12,26,0,0,0,0,0,0,4,2,2
SHACKELFORD COUNTY,417,16 Years,57,26,31,48,20,28,0,0,0,0,0,0,9,6,3
SHACKELFORD COUNTY,417,17 Years,57,28,29,42,22,20,0,0,0,3,1,2,12,5,7
SHACKELFORD COUNTY,417,18 Years,51,23,28,39,18,21,0,0,0,2,0,2,10,5,5
SHACKELFORD COUNTY,417,19 Years,53,24,29,45,20,25,1,1,0,1,0,1,6,3,3
SHACKELFORD COUNTY,417,20 Years,41,22,19,35,18,17,0,0,0,1,0,1,5,4,1
SHACKELFORD COUNTY,417,21 Years,35,23,12,28,16,12,0,0,0,0,0,0,7,7,0
SHACKELFORD COUNTY,417,22 Years,25,14,11,18,10,8,0,0,0,0,0,0,7,4,3
SHACKELFORD COUNTY,417,23 Years,22,11,11,17,8,9,0,0,0,0,0,0,5,3,2
SHACKELFORD COUNTY,417,24 Years,30,18,12,24,13,11,0,0,0,0,0,0,6,5,1
SHACKELFORD COUNTY,417,25 Years,34,20,14,28,16,12,1,1,0,0,0,0,5,3,2
SHACKELFORD COUNTY,417,26 Years,43,23,20,37,20,17,1,1,0,0,0,0,5,2,3
SHACKELFORD COUNTY,417,27 Years,30,15,15,27,14,13,0,0,0,1,0,1,2,1,1
SHACKELFORD COUNTY,417,28 Years,24,9,15,22,8,14,0,0,0,1,1,0,1,0,1
SHACKELFORD COUNTY,417,29 Years,26,14,12,22,11,11,0,0,0,1,1,0,3,2,1
SHACKELFORD COUNTY,417,30 Years,29,16,13,25,13,12,0,0,0,1,1,0,3,2,1
SHACKELFORD COUNTY,417,31 Years,34,15,19,30,13,17,0,0,0,1,1,0,3,1,2
SHACKELFORD COUNTY,417,32 Years,29,17,12,27,16,11,0,0,0,0,0,0,2,1,1
SHACKELFORD COUNTY,417,33 Years,24,14,10,22,13,9,0,0,0,0,0,0,2,1,1
SHACKELFORD COUNTY,417,34 Years,26,14,12,25,14,11,0,0,0,0,0,0,1,0,1
SHACKELFORD COUNTY,417,35 Years,35,13,22,31,13,18,0,0,0,0,0,0,4,0,4
SHACKELFORD COUNTY,417,36 Years,44,20,24,38,18,20,0,0,0,0,0,0,6,2,4
SHACKELFORD COUNTY,417,37 Years,39,20,19,33,19,14,0,0,0,0,0,0,6,1,5
SHACKELFORD COUNTY,417,38 Years,36,16,20,31,14,17,0,0,0,0,0,0,5,2,3
SHACKELFORD COUNTY,417,39 Years,35,19,16,30,15,15,0,0,0,0,0,0,5,4,1
SHACKELFORD COUNTY,417,40 Years,43,17,26,39,16,23,0,0,0,1,0,1,3,1,2
SHACKELFORD COUNTY,417,41 Years,40,20,20,35,17,18,0,0,0,0,0,0,5,3,2
SHACKELFORD COUNTY,417,42 Years,37,22,15,30,19,11,0,0,0,0,0,0,7,3,4
SHACKELFORD COUNTY,417,43 Years,38,20,18,31,16,15,0,0,0,2,2,0,5,2,3
SHACKELFORD COUNTY,417,44 Years,44,22,22,36,16,20,1,1,0,0,0,0,7,5,2
SHACKELFORD COUNTY,417,45 Years,45,20,25,41,17,24,1,1,0,0,0,0,3,2,1
SHACKELFORD COUNTY,417,46 Years,44,24,20,38,21,17,0,0,0,1,1,0,5,2,3
SHACKELFORD COUNTY,417,47 Years,42,18,24,34,14,20,0,0,0,0,0,0,8,4,4
SHACKELFORD COUNTY,417,48 Years,50,18,32,41,14,27,0,0,0,1,0,1,8,4,4
SHACKELFORD COUNTY,417,49 Years,58,25,33,52,22,30,0,0,0,1,0,1,5,3,2
SHACKELFORD COUNTY,417,50 Years,67,39,28,61,35,26,0,0,0,1,1,0,5,3,2
SHACKELFORD COUNTY,417,51 Years,53,29,24,48,25,23,0,0,0,0,0,0,5,4,1
SHACKELFORD COUNTY,417,52 Years,55,27,28,52,26,26,0,0,0,1,0,1,2,1,1
SHACKELFORD COUNTY,417,53 Years,62,37,25,56,33,23,0,0,0,2,1,1,4,3,1
SHACKELFORD COUNTY,417,54 Years,47,24,23,43,21,22,0,0,0,1,1,0,3,2,1
SHACKELFORD COUNTY,417,55 Years,59,28,31,55,26,29,0,0,0,1,0,1,3,2,1
SHACKELFORD COUNTY,417,56 Years,58,27,31,55,27,28,0,0,0,1,0,1,2,0,2
SHACKELFORD COUNTY,417,57 Years,60,29,31,57,27,30,0,0,0,0,0,0,3,2,1
SHACKELFORD COUNTY,417,58 Years,49,24,25,46,22,24,0,0,0,1,1,0,2,1,1
SHACKELFORD COUNTY,417,59 Years,40,16,24,37,15,22,0,0,0,1,0,1,2,1,1
SHACKELFORD COUNTY,417,60 Years,39,12,27,36,12,24,0,0,0,1,0,1,2,0,2
SHACKELFORD COUNTY,417,61 Years,49,21,28,46,21,25,0,0,0,0,0,0,3,0,3
SHACKELFORD COUNTY,417,62 Years,48,23,25,45,21,24,0,0,0,0,0,0,3,2,1
SHACKELFORD COUNTY,417,63 Years,48,24,24,44,21,23,0,0,0,0,0,0,4,3,1
SHACKELFORD COUNTY,417,64 Years,46,26,20,43,24,19,0,0,0,0,0,0,3,2,1
SHACKELFORD COUNTY,417,65 Years,37,19,18,35,18,17,0,0,0,1,0,1,1,1,0
SHACKELFORD COUNTY,417,66 Years,29,17,12,26,16,10,0,0,0,2,1,1,1,0,1
SHACKELFORD COUNTY,417,67 Years,32,21,11,30,20,10,0,0,0,1,1,0,1,0,1
SHACKELFORD COUNTY,417,68 Years,37,19,18,32,17,15,0,0,0,2,0,2,3,2,1
SHACKELFORD COUNTY,417,69 Years,43,15,28,39,14,25,0,0,0,1,0,1,3,1,2
SHACKELFORD COUNTY,417,70 Years,28,11,17,27,10,17,0,0,0,0,0,0,1,1,0
SHACKELFORD COUNTY,417,71 Years,27,15,12,27,15,12,0,0,0,0,0,0,0,0,0
SHACKELFORD COUNTY,417,72 Years,25,16,9,22,13,9,0,0,0,0,0,0,3,3,0
SHACKELFORD COUNTY,417,73 Years,31,15,16,29,13,16,0,0,0,0,0,0,2,2,0
SHACKELFORD COUNTY,417,74 Years,25,12,13,24,11,13,1,1,0,0,0,0,0,0,0
SHACKELFORD COUNTY,417,75 Years,27,13,14,26,13,13,1,0,1,0,0,0,0,0,0
SHACKELFORD COUNTY,417,76 Years,28,13,15,28,13,15,0,0,0,0,0,0,0,0,0
SHACKELFORD COUNTY,417,77 Years,31,12,19,29,12,17,1,0,1,0,0,0,1,0,1
SHACKELFORD COUNTY,417,78 Years,25,11,14,22,10,12,1,0,1,2,1,1,0,0,0
SHACKELFORD COUNTY,417,79 Years,19,10,9,18,10,8,1,0,1,0,0,0,0,0,0
SHACKELFORD COUNTY,417,80 Years,15,5,10,15,5,10,0,0,0,0,0,0,0,0,0
SHACKELFORD COUNTY,417,81 Years,17,5,12,17,5,12,0,0,0,0,0,0,0,0,0
SHACKELFORD COUNTY,417,82 Years,22,5,17,21,5,16,0,0,0,0,0,0,1,0,1
SHACKELFORD COUNTY,417,83 Years,15,6,9,14,6,8,0,0,0,1,0,1,0,0,0
SHACKELFORD COUNTY,417,84 Years,15,9,6,14,8,6,0,0,0,0,0,0,1,1,0
SHACKELFORD COUNTY,417,85 Years +,79,26,53,73,25,48,0,0,0,6,1,5,0,0,0
SHELBY COUNTY,419,All Ages,25787,12783,13004,16587,8152,8435,4483,2112,2371,352,167,185,4365,2352,2013
SHELBY COUNTY,419,< 1 Year,364,185,179,180,91,89,68,35,33,15,8,7,101,51,50
SHELBY COUNTY,419,1 Years,378,182,196,180,93,87,65,29,36,7,2,5,126,58,68
SHELBY COUNTY,419,2 Years,387,204,183,183,97,86,68,35,33,11,5,6,125,67,58
SHELBY COUNTY,419,3 Years,385,189,196,188,85,103,74,40,34,10,5,5,113,59,54
SHELBY COUNTY,419,4 Years,380,193,187,196,92,104,75,44,31,8,5,3,101,52,49
SHELBY COUNTY,419,5 Years,392,210,182,206,110,96,68,38,30,10,4,6,108,58,50
SHELBY COUNTY,419,6 Years,393,204,189,212,117,95,67,29,38,10,4,6,104,54,50
SHELBY COUNTY,419,7 Years,392,204,188,211,109,102,69,38,31,5,3,2,107,54,53
SHELBY COUNTY,419,8 Years,387,204,183,198,101,97,75,39,36,6,3,3,108,61,47
SHELBY COUNTY,419,9 Years,368,196,172,194,110,84,60,30,30,6,3,3,108,53,55
SHELBY COUNTY,419,10 Years,398,206,192,217,111,106,69,34,35,4,3,1,108,58,50
SHELBY COUNTY,419,11 Years,381,197,184,199,109,90,75,37,38,6,4,2,101,47,54
SHELBY COUNTY,419,12 Years,363,186,177,204,109,95,66,31,35,5,3,2,88,43,45
SHELBY COUNTY,419,13 Years,363,177,186,213,107,106,55,25,30,5,1,4,90,44,46
SHELBY COUNTY,419,14 Years,350,183,167,204,104,100,62,38,24,7,5,2,77,36,41
SHELBY COUNTY,419,15 Years,340,169,171,195,97,98,70,37,33,6,4,2,69,31,38
SHELBY COUNTY,419,16 Years,349,176,173,202,104,98,69,36,33,5,4,1,73,32,41
SHELBY COUNTY,419,17 Years,361,168,193,213,99,114,67,36,31,4,1,3,77,32,45
SHELBY COUNTY,419,18 Years,378,209,169,218,114,104,76,48,28,8,3,5,76,44,32
SHELBY COUNTY,419,19 Years,356,170,186,187,83,104,82,39,43,7,4,3,80,44,36
SHELBY COUNTY,419,20 Years,336,164,172,180,92,88,77,28,49,7,2,5,72,42,30
SHELBY COUNTY,419,21 Years,314,155,159,180,94,86,66,26,40,5,1,4,63,34,29
SHELBY COUNTY,419,22 Years,311,145,166,173,82,91,54,21,33,8,4,4,76,38,38
SHELBY COUNTY,419,23 Years,324,169,155,181,93,88,58,29,29,5,3,2,80,44,36
SHELBY COUNTY,419,24 Years,312,157,155,170,85,85,58,24,34,3,2,1,81,46,35
SHELBY COUNTY,419,25 Years,309,159,150,171,89,82,58,27,31,2,1,1,78,42,36
SHELBY COUNTY,419,26 Years,302,160,142,167,87,80,52,27,25,5,2,3,78,44,34
SHELBY COUNTY,419,27 Years,307,161,146,170,85,85,49,21,28,5,2,3,83,53,30
SHELBY COUNTY,419,28 Years,298,156,142,172,88,84,50,24,26,7,4,3,69,40,29
SHELBY COUNTY,419,29 Years,273,143,130,149,77,72,51,23,28,3,1,2,70,42,28
SHELBY COUNTY,419,30 Years,303,161,142,176,87,89,46,23,23,1,0,1,80,51,29
SHELBY COUNTY,419,31 Years,295,145,150,183,82,101,47,24,23,2,0,2,63,39,24
SHELBY COUNTY,419,32 Years,295,147,148,175,87,88,44,19,25,5,1,4,71,40,31
SHELBY COUNTY,419,33 Years,307,146,161,179,91,88,49,19,30,3,1,2,76,35,41
SHELBY COUNTY,419,34 Years,280,144,136,151,76,75,46,21,25,3,1,2,80,46,34
SHELBY COUNTY,419,35 Years,295,132,163,164,75,89,41,14,27,3,1,2,87,42,45
SHELBY COUNTY,419,36 Years,317,157,160,184,91,93,49,23,26,4,3,1,80,40,40
SHELBY COUNTY,419,37 Years,321,151,170,186,81,105,49,21,28,2,2,0,84,47,37
SHELBY COUNTY,419,38 Years,280,142,138,167,87,80,43,15,28,2,1,1,68,39,29
SHELBY COUNTY,419,39 Years,301,139,162,189,85,104,49,17,32,2,1,1,61,36,25
SHELBY COUNTY,419,40 Years,331,161,170,213,102,111,58,25,33,3,0,3,57,34,23
SHELBY COUNTY,419,41 Years,339,178,161,210,109,101,61,27,34,4,2,2,64,40,24
SHELBY COUNTY,419,42 Years,349,173,176,235,120,115,58,22,36,1,1,0,55,30,25
SHELBY COUNTY,419,43 Years,299,158,141,185,99,86,64,27,37,0,0,0,50,32,18
SHELBY COUNTY,419,44 Years,311,145,166,204,93,111,62,28,34,4,3,1,41,21,20
SHELBY COUNTY,419,45 Years,296,143,153,182,80,102,58,34,24,3,1,2,53,28,25
SHELBY COUNTY,419,46 Years,328,160,168,200,93,107,75,39,36,3,2,1,50,26,24
SHELBY COUNTY,419,47 Years,333,172,161,205,105,100,83,39,44,3,2,1,42,26,16
SHELBY COUNTY,419,48 Years,336,181,155,219,114,105,75,42,33,6,3,3,36,22,14
SHELBY COUNTY,419,49 Years,337,178,159,236,130,106,64,28,36,5,3,2,32,17,15
SHELBY COUNTY,419,50 Years,336,165,171,235,119,116,68,28,40,2,1,1,31,17,14
SHELBY COUNTY,419,51 Years,371,193,178,263,131,132,70,35,35,2,0,2,36,27,9
SHELBY COUNTY,419,52 Years,356,174,182,254,113,141,61,36,25,4,1,3,37,24,13
SHELBY COUNTY,419,53 Years,362,179,183,260,126,134,63,33,30,4,3,1,35,17,18
SHELBY COUNTY,419,54 Years,337,163,174,249,119,130,59,24,35,2,1,1,27,19,8
SHELBY COUNTY,419,55 Years,344,174,170,253,126,127,64,33,31,4,1,3,23,14,9
SHELBY COUNTY,419,56 Years,337,177,160,246,134,112,67,31,36,6,2,4,18,10,8
SHELBY COUNTY,419,57 Years,298,148,150,202,105,97,73,34,39,3,2,1,20,7,13
SHELBY COUNTY,419,58 Years,311,147,164,236,115,121,49,19,30,3,2,1,23,11,12
SHELBY COUNTY,419,59 Years,308,145,163,243,114,129,44,18,26,4,2,2,17,11,6
SHELBY COUNTY,419,60 Years,321,169,152,243,125,118,59,34,25,4,1,3,15,9,6
SHELBY COUNTY,419,61 Years,323,159,164,240,116,124,61,30,31,4,1,3,18,12,6
SHELBY COUNTY,419,62 Years,290,151,139,224,117,107,50,25,25,2,1,1,14,8,6
SHELBY COUNTY,419,63 Years,304,155,149,255,127,128,36,18,18,3,2,1,10,8,2
SHELBY COUNTY,419,64 Years,298,152,146,245,130,115,37,15,22,3,0,3,13,7,6
SHELBY COUNTY,419,65 Years,253,125,128,208,102,106,28,14,14,4,1,3,13,8,5
SHELBY COUNTY,419,66 Years,236,111,125,195,88,107,27,18,9,2,1,1,12,4,8
SHELBY COUNTY,419,67 Years,266,129,137,220,105,115,33,15,18,2,1,1,11,8,3
SHELBY COUNTY,419,68 Years,242,118,124,201,96,105,29,14,15,3,3,0,9,5,4
SHELBY COUNTY,419,69 Years,244,114,130,204,95,109,31,14,17,3,2,1,6,3,3
SHELBY COUNTY,419,70 Years,249,123,126,205,100,105,36,17,19,4,3,1,4,3,1
SHELBY COUNTY,419,71 Years,224,102,122,185,88,97,35,11,24,2,1,1,2,2,0
SHELBY COUNTY,419,72 Years,193,79,114,156,66,90,32,10,22,2,1,1,3,2,1
SHELBY COUNTY,419,73 Years,213,96,117,178,82,96,31,12,19,2,1,1,2,1,1
SHELBY COUNTY,419,74 Years,195,98,97,162,82,80,25,13,12,2,1,1,6,2,4
SHELBY COUNTY,419,75 Years,177,95,82,145,79,66,22,12,10,3,1,2,7,3,4
SHELBY COUNTY,419,76 Years,181,90,91,143,75,68,29,12,17,4,2,2,5,1,4
SHELBY COUNTY,419,77 Years,172,74,98,138,65,73,28,7,21,2,1,1,4,1,3
SHELBY COUNTY,419,78 Years,152,60,92,127,50,77,23,10,13,0,0,0,2,0,2
SHELBY COUNTY,419,79 Years,122,53,69,103,43,60,16,8,8,0,0,0,3,2,1
SHELBY COUNTY,419,80 Years,115,57,58,102,52,50,8,3,5,2,1,1,3,1,2
SHELBY COUNTY,419,81 Years,123,48,75,105,42,63,14,4,10,2,1,1,2,1,1
SHELBY COUNTY,419,82 Years,115,38,77,92,31,61,18,5,13,3,0,3,2,2,0
SHELBY COUNTY,419,83 Years,97,40,57,84,36,48,10,2,8,2,1,1,1,1,0
SHELBY COUNTY,419,84 Years,76,33,43,67,30,37,8,2,6,0,0,0,1,1,0
SHELBY COUNTY,419,85 Years +,442,155,287,363,127,236,65,21,44,4,1,3,10,6,4
SHERMAN COUNTY,421,All Ages,3067,1578,1489,1758,890,868,9,7,2,38,23,15,1262,658,604
SHERMAN COUNTY,421,< 1 Year,38,19,19,16,8,8,0,0,0,1,1,0,21,10,11
SHERMAN COUNTY,421,1 Years,32,15,17,12,4,8,0,0,0,0,0,0,20,11,9
SHERMAN COUNTY,421,2 Years,43,17,26,21,8,13,0,0,0,0,0,0,22,9,13
SHERMAN COUNTY,421,3 Years,49,24,25,17,8,9,0,0,0,0,0,0,32,16,16
SHERMAN COUNTY,421,4 Years,43,26,17,14,7,7,0,0,0,1,1,0,28,18,10
SHERMAN COUNTY,421,5 Years,46,29,17,14,8,6,0,0,0,0,0,0,32,21,11
SHERMAN COUNTY,421,6 Years,53,25,28,23,12,11,0,0,0,0,0,0,30,13,17
SHERMAN COUNTY,421,7 Years,55,25,30,27,11,16,0,0,0,1,0,1,27,14,13
SHERMAN COUNTY,421,8 Years,53,25,28,24,10,14,0,0,0,1,1,0,28,14,14
SHERMAN COUNTY,421,9 Years,50,28,22,20,11,9,0,0,0,1,0,1,29,17,12
SHERMAN COUNTY,421,10 Years,52,29,23,18,13,5,0,0,0,2,1,1,32,15,17
SHERMAN COUNTY,421,11 Years,43,22,21,18,11,7,0,0,0,2,1,1,23,10,13
SHERMAN COUNTY,421,12 Years,38,16,22,20,11,9,0,0,0,1,0,1,17,5,12
SHERMAN COUNTY,421,13 Years,54,30,24,24,12,12,1,1,0,0,0,0,29,17,12
SHERMAN COUNTY,421,14 Years,52,31,21,21,14,7,0,0,0,1,1,0,30,16,14
SHERMAN COUNTY,421,15 Years,60,31,29,26,16,10,0,0,0,1,1,0,33,14,19
SHERMAN COUNTY,421,16 Years,63,30,33,26,15,11,1,0,1,1,1,0,35,14,21
SHERMAN COUNTY,421,17 Years,64,31,33,29,17,12,0,0,0,0,0,0,35,14,21
SHERMAN COUNTY,421,18 Years,64,39,25,32,21,11,0,0,0,0,0,0,32,18,14
SHERMAN COUNTY,421,19 Years,48,29,19,23,16,7,0,0,0,0,0,0,25,13,12
SHERMAN COUNTY,421,20 Years,39,22,17,14,8,6,0,0,0,0,0,0,25,14,11
SHERMAN COUNTY,421,21 Years,27,15,12,9,4,5,0,0,0,0,0,0,18,11,7
SHERMAN COUNTY,421,22 Years,24,13,11,9,5,4,0,0,0,0,0,0,15,8,7
SHERMAN COUNTY,421,23 Years,22,14,8,8,6,2,0,0,0,0,0,0,14,8,6
SHERMAN COUNTY,421,24 Years,32,18,14,15,7,8,0,0,0,0,0,0,17,11,6
SHERMAN COUNTY,421,25 Years,26,18,8,13,7,6,0,0,0,0,0,0,13,11,2
SHERMAN COUNTY,421,26 Years,25,14,11,12,6,6,0,0,0,0,0,0,13,8,5
SHERMAN COUNTY,421,27 Years,31,11,20,18,7,11,0,0,0,0,0,0,13,4,9
SHERMAN COUNTY,421,28 Years,37,16,21,20,8,12,0,0,0,0,0,0,17,8,9
SHERMAN COUNTY,421,29 Years,30,14,16,18,9,9,0,0,0,0,0,0,12,5,7
SHERMAN COUNTY,421,30 Years,29,15,14,15,7,8,0,0,0,0,0,0,14,8,6
SHERMAN COUNTY,421,31 Years,28,18,10,16,9,7,0,0,0,0,0,0,12,9,3
SHERMAN COUNTY,421,32 Years,29,15,14,13,6,7,0,0,0,1,1,0,15,8,7
SHERMAN COUNTY,421,33 Years,32,17,15,16,7,9,0,0,0,1,1,0,15,9,6
SHERMAN COUNTY,421,34 Years,30,18,12,11,8,3,0,0,0,1,1,0,18,9,9
SHERMAN COUNTY,421,35 Years,41,25,16,18,10,8,0,0,0,2,2,0,21,13,8
SHERMAN COUNTY,421,36 Years,49,24,25,22,12,10,0,0,0,1,0,1,26,12,14
SHERMAN COUNTY,421,37 Years,34,16,18,14,7,7,0,0,0,1,0,1,19,9,10
SHERMAN COUNTY,421,38 Years,37,16,21,20,9,11,0,0,0,1,1,0,16,6,10
SHERMAN COUNTY,421,39 Years,50,27,23,30,15,15,0,0,0,1,1,0,19,11,8
SHERMAN COUNTY,421,40 Years,46,20,26,29,12,17,0,0,0,0,0,0,17,8,9
SHERMAN COUNTY,421,41 Years,44,22,22,23,11,12,0,0,0,1,1,0,20,10,10
SHERMAN COUNTY,421,42 Years,44,21,23,22,11,11,0,0,0,1,1,0,21,9,12
SHERMAN COUNTY,421,43 Years,36,13,23,17,6,11,0,0,0,0,0,0,19,7,12
SHERMAN COUNTY,421,44 Years,40,19,21,25,9,16,1,1,0,0,0,0,14,9,5
SHERMAN COUNTY,421,45 Years,51,20,31,23,9,14,1,0,1,1,1,0,26,10,16
SHERMAN COUNTY,421,46 Years,53,29,24,27,16,11,0,0,0,1,1,0,25,12,13
SHERMAN COUNTY,421,47 Years,52,31,21,35,21,14,0,0,0,1,0,1,16,10,6
SHERMAN COUNTY,421,48 Years,42,26,16,27,14,13,0,0,0,0,0,0,15,12,3
SHERMAN COUNTY,421,49 Years,47,24,23,28,16,12,0,0,0,1,0,1,18,8,10
SHERMAN COUNTY,421,50 Years,45,22,23,29,12,17,0,0,0,1,1,0,15,9,6
SHERMAN COUNTY,421,51 Years,38,24,14,24,13,11,0,0,0,1,1,0,13,10,3
SHERMAN COUNTY,421,52 Years,43,20,23,29,13,16,0,0,0,1,1,0,13,6,7
SHERMAN COUNTY,421,53 Years,50,25,25,33,16,17,0,0,0,1,1,0,16,8,8
SHERMAN COUNTY,421,54 Years,37,20,17,26,15,11,0,0,0,0,0,0,11,5,6
SHERMAN COUNTY,421,55 Years,41,28,13,26,18,8,1,1,0,0,0,0,14,9,5
SHERMAN COUNTY,421,56 Years,46,25,21,30,17,13,0,0,0,1,0,1,15,8,7
SHERMAN COUNTY,421,57 Years,28,14,14,18,8,10,0,0,0,0,0,0,10,6,4
SHERMAN COUNTY,421,58 Years,23,13,10,18,9,9,0,0,0,0,0,0,5,4,1
SHERMAN COUNTY,421,59 Years,31,17,14,26,14,12,1,1,0,0,0,0,4,2,2
SHERMAN COUNTY,421,60 Years,33,19,14,25,13,12,1,1,0,1,0,1,6,5,1
SHERMAN COUNTY,421,61 Years,29,15,14,22,11,11,0,0,0,1,0,1,6,4,2
SHERMAN COUNTY,421,62 Years,25,14,11,22,12,10,1,1,0,0,0,0,2,1,1
SHERMAN COUNTY,421,63 Years,27,14,13,22,10,12,0,0,0,0,0,0,5,4,1
SHERMAN COUNTY,421,64 Years,42,21,21,39,20,19,0,0,0,0,0,0,3,1,2
SHERMAN COUNTY,421,65 Years,29,14,15,27,14,13,0,0,0,0,0,0,2,0,2
SHERMAN COUNTY,421,66 Years,21,11,10,20,10,10,0,0,0,0,0,0,1,1,0
SHERMAN COUNTY,421,67 Years,23,14,9,19,11,8,0,0,0,0,0,0,4,3,1
SHERMAN COUNTY,421,68 Years,22,10,12,18,7,11,0,0,0,0,0,0,4,3,1
SHERMAN COUNTY,421,69 Years,25,13,12,20,11,9,0,0,0,1,0,1,4,2,2
SHERMAN COUNTY,421,70 Years,32,19,13,29,19,10,0,0,0,1,0,1,2,0,2
SHERMAN COUNTY,421,71 Years,20,10,10,18,10,8,0,0,0,0,0,0,2,0,2
SHERMAN COUNTY,421,72 Years,17,9,8,16,8,8,0,0,0,0,0,0,1,1,0
SHERMAN COUNTY,421,73 Years,16,9,7,15,8,7,0,0,0,0,0,0,1,1,0
SHERMAN COUNTY,421,74 Years,11,6,5,9,4,5,0,0,0,0,0,0,2,2,0
SHERMAN COUNTY,421,75 Years,14,9,5,11,6,5,1,1,0,0,0,0,2,2,0
SHERMAN COUNTY,421,76 Years,17,7,10,15,7,8,0,0,0,0,0,0,2,0,2
SHERMAN COUNTY,421,77 Years,17,7,10,15,6,9,0,0,0,0,0,0,2,1,1
SHERMAN COUNTY,421,78 Years,18,5,13,15,4,11,0,0,0,0,0,0,3,1,2
SHERMAN COUNTY,421,79 Years,14,6,8,12,6,6,0,0,0,0,0,0,2,0,2
SHERMAN COUNTY,421,80 Years,13,9,4,12,8,4,0,0,0,0,0,0,1,1,0
SHERMAN COUNTY,421,81 Years,17,8,9,15,7,8,0,0,0,0,0,0,2,1,1
SHERMAN COUNTY,421,82 Years,10,5,5,10,5,5,0,0,0,0,0,0,0,0,0
SHERMAN COUNTY,421,83 Years,13,3,10,12,3,9,0,0,0,1,0,1,0,0,0
SHERMAN COUNTY,421,84 Years,11,5,6,10,5,5,0,0,0,0,0,0,1,0,1
SHERMAN COUNTY,421,85 Years +,62,16,46,59,15,44,0,0,0,0,0,0,3,1,2
SMITH COUNTY,423,All Ages,213578,103474,110104,130907,63042,67865,37783,17480,20303,6595,3131,3464,38293,19821,18472
SMITH COUNTY,423,< 1 Year,3125,1588,1537,1490,752,738,629,320,309,116,58,58,890,458,432
SMITH COUNTY,423,1 Years,2944,1497,1447,1366,699,667,566,279,287,128,65,63,884,454,430
SMITH COUNTY,423,2 Years,2932,1502,1430,1360,694,666,558,300,258,149,73,76,865,435,430
SMITH COUNTY,423,3 Years,2968,1553,1415,1371,720,651,547,291,256,165,77,88,885,465,420
SMITH COUNTY,423,4 Years,3139,1624,1515,1476,797,679,558,285,273,135,63,72,970,479,491
SMITH COUNTY,423,5 Years,3098,1581,1517,1523,786,737,547,274,273,131,69,62,897,452,445
SMITH COUNTY,423,6 Years,2998,1543,1455,1464,750,714,565,286,279,134,69,65,835,438,397
SMITH COUNTY,423,7 Years,3101,1612,1489,1493,774,719,553,292,261,157,79,78,898,467,431
SMITH COUNTY,423,8 Years,3085,1543,1542,1483,730,753,561,292,269,147,68,79,894,453,441
SMITH COUNTY,423,9 Years,3037,1542,1495,1501,757,744,518,270,248,133,61,72,885,454,431
SMITH COUNTY,423,10 Years,3098,1582,1516,1561,805,756,534,268,266,141,63,78,862,446,416
SMITH COUNTY,423,11 Years,3051,1597,1454,1522,796,726,548,289,259,145,73,72,836,439,397
SMITH COUNTY,423,12 Years,2979,1519,1460,1499,771,728,548,273,275,139,76,63,793,399,394
SMITH COUNTY,423,13 Years,2983,1506,1477,1512,751,761,586,307,279,128,62,66,757,386,371
SMITH COUNTY,423,14 Years,2963,1528,1435,1507,795,712,563,291,272,131,60,71,762,382,380
SMITH COUNTY,423,15 Years,2999,1583,1416,1569,848,721,553,282,271,137,69,68,740,384,356
SMITH COUNTY,423,16 Years,3018,1564,1454,1566,816,750,587,295,292,111,57,54,754,396,358
SMITH COUNTY,423,17 Years,2985,1528,1457,1544,803,741,588,288,300,118,58,60,735,379,356
SMITH COUNTY,423,18 Years,2975,1521,1454,1483,775,708,635,298,337,117,61,56,740,387,353
SMITH COUNTY,423,19 Years,3146,1591,1555,1503,745,758,787,384,403,110,59,51,746,403,343
SMITH COUNTY,423,20 Years,3684,1824,1860,1832,889,943,966,466,500,113,55,58,773,414,359
SMITH COUNTY,423,21 Years,3508,1728,1780,1806,885,921,846,402,444,118,60,58,738,381,357
SMITH COUNTY,423,22 Years,3319,1629,1690,1763,837,926,756,365,391,98,51,47,702,376,326
SMITH COUNTY,423,23 Years,3228,1551,1677,1794,850,944,642,293,349,96,46,50,696,362,334
SMITH COUNTY,423,24 Years,3174,1510,1664,1785,831,954,600,265,335,106,53,53,683,361,322
SMITH COUNTY,423,25 Years,3072,1476,1596,1697,776,921,581,271,310,91,51,40,703,378,325
SMITH COUNTY,423,26 Years,3050,1474,1576,1680,791,889,566,252,314,92,46,46,712,385,327
SMITH COUNTY,423,27 Years,2979,1442,1537,1652,791,861,536,246,290,107,54,53,684,351,333
SMITH COUNTY,423,28 Years,2915,1457,1458,1607,813,794,516,229,287,95,47,48,697,368,329
SMITH COUNTY,423,29 Years,2739,1347,1392,1551,767,784,476,208,268,79,41,38,633,331,302
SMITH COUNTY,423,30 Years,2711,1357,1354,1491,751,740,509,234,275,90,46,44,621,326,295
SMITH COUNTY,423,31 Years,2735,1388,1347,1522,783,739,507,237,270,96,46,50,610,322,288
SMITH COUNTY,423,32 Years,2611,1241,1370,1480,719,761,437,192,245,83,33,50,611,297,314
SMITH COUNTY,423,33 Years,2531,1233,1298,1428,706,722,409,180,229,73,27,46,621,320,301
SMITH COUNTY,423,34 Years,2464,1213,1251,1404,692,712,379,168,211,71,31,40,610,322,288
SMITH COUNTY,423,35 Years,2514,1236,1278,1402,685,717,408,182,226,87,42,45,617,327,290
SMITH COUNTY,423,36 Years,2487,1185,1302,1409,683,726,415,169,246,83,37,46,580,296,284
SMITH COUNTY,423,37 Years,2421,1154,1267,1335,643,692,436,185,251,84,33,51,566,293,273
SMITH COUNTY,423,38 Years,2529,1232,1297,1403,698,705,489,214,275,85,34,51,552,286,266
SMITH COUNTY,423,39 Years,2614,1245,1369,1502,727,775,497,220,277,87,35,52,528,263,265
SMITH COUNTY,423,40 Years,2809,1334,1475,1669,790,879,510,230,280,97,40,57,533,274,259
SMITH COUNTY,423,41 Years,2688,1294,1394,1609,782,827,472,214,258,95,39,56,512,259,253
SMITH COUNTY,423,42 Years,2583,1276,1307,1615,816,799,423,186,237,71,37,34,474,237,237
SMITH COUNTY,423,43 Years,2555,1239,1316,1570,773,797,446,195,251,80,35,45,459,236,223
SMITH COUNTY,423,44 Years,2532,1217,1315,1570,775,795,459,204,255,80,40,40,423,198,225
SMITH COUNTY,423,45 Years,2496,1240,1256,1519,757,762,479,214,265,69,36,33,429,233,196
SMITH COUNTY,423,46 Years,2589,1263,1326,1600,781,819,494,224,270,69,35,34,426,223,203
SMITH COUNTY,423,47 Years,2740,1321,1419,1779,852,927,495,226,269,81,33,48,385,210,175
SMITH COUNTY,423,48 Years,2755,1316,1439,1877,899,978,477,210,267,72,26,46,329,181,148
SMITH COUNTY,423,49 Years,2722,1292,1430,1808,865,943,516,223,293,69,32,37,329,172,157
SMITH COUNTY,423,50 Years,2782,1318,1464,1917,898,1019,470,211,259,76,43,33,319,166,153
SMITH COUNTY,423,51 Years,2839,1378,1461,1924,930,994,511,232,279,73,37,36,331,179,152
SMITH COUNTY,423,52 Years,2744,1328,1416,1882,921,961,481,209,272,67,33,34,314,165,149
SMITH COUNTY,423,53 Years,2773,1308,1465,1923,927,996,488,202,286,60,31,29,302,148,154
SMITH COUNTY,423,54 Years,2750,1321,1429,1902,929,973,507,220,287,64,30,34,277,142,135
SMITH COUNTY,423,55 Years,2775,1338,1437,1943,945,998,500,225,275,60,24,36,272,144,128
SMITH COUNTY,423,56 Years,2748,1275,1473,1936,892,1044,518,231,287,58,24,34,236,128,108
SMITH COUNTY,423,57 Years,2654,1257,1397,1915,908,1007,483,214,269,47,18,29,209,117,92
SMITH COUNTY,423,58 Years,2440,1167,1273,1764,847,917,439,194,245,55,25,30,182,101,81
SMITH COUNTY,423,59 Years,2420,1207,1213,1790,889,901,415,202,213,54,26,28,161,90,71
SMITH COUNTY,423,60 Years,2359,1128,1231,1723,822,901,420,205,215,52,25,27,164,76,88
SMITH COUNTY,423,61 Years,2412,1133,1279,1812,855,957,394,179,215,50,21,29,156,78,78
SMITH COUNTY,423,62 Years,2236,1035,1201,1696,783,913,363,166,197,49,20,29,128,66,62
SMITH COUNTY,423,63 Years,2300,1095,1205,1777,851,926,360,166,194,49,19,30,114,59,55
SMITH COUNTY,423,64 Years,2362,1087,1275,1861,874,987,335,142,193,49,16,33,117,55,62
SMITH COUNTY,423,65 Years,1912,886,1026,1502,705,797,259,106,153,40,19,21,111,56,55
SMITH COUNTY,423,66 Years,1906,870,1036,1498,688,810,260,111,149,36,15,21,112,56,56
SMITH COUNTY,423,67 Years,1847,846,1001,1471,674,797,237,100,137,33,16,17,106,56,50
SMITH COUNTY,423,68 Years,1792,832,960,1439,662,777,243,113,130,28,13,15,82,44,38
SMITH COUNTY,423,69 Years,1670,783,887,1373,631,742,196,93,103,28,16,12,73,43,30
SMITH COUNTY,423,70 Years,1618,728,890,1324,586,738,205,95,110,29,15,14,60,32,28
SMITH COUNTY,423,71 Years,1593,730,863,1301,597,704,201,85,116,28,14,14,63,34,29
SMITH COUNTY,423,72 Years,1432,667,765,1186,551,635,163,74,89,20,9,11,63,33,30
SMITH COUNTY,423,73 Years,1385,656,729,1137,547,590,163,66,97,22,11,11,63,32,31
SMITH COUNTY,423,74 Years,1333,625,708,1100,518,582,162,70,92,18,10,8,53,27,26
SMITH COUNTY,423,75 Years,1306,593,713,1085,494,591,149,64,85,18,8,10,54,27,27
SMITH COUNTY,423,76 Years,1291,533,758,1073,451,622,166,58,108,13,5,8,39,19,20
SMITH COUNTY,423,77 Years,1169,500,669,973,425,548,150,56,94,15,6,9,31,13,18
SMITH COUNTY,423,78 Years,1076,460,616,886,390,496,145,52,93,15,6,9,30,12,18
SMITH COUNTY,423,79 Years,1027,418,609,854,356,498,133,52,81,12,2,10,28,8,20
SMITH COUNTY,423,80 Years,1013,437,576,851,374,477,124,50,74,15,5,10,23,8,15
SMITH COUNTY,423,81 Years,910,376,534,777,319,458,101,43,58,10,3,7,22,11,11
SMITH COUNTY,423,82 Years,846,356,490,724,310,414,92,33,59,13,4,9,17,9,8
SMITH COUNTY,423,83 Years,776,330,446,663,293,370,88,26,62,9,4,5,16,7,9
SMITH COUNTY,423,84 Years,759,292,467,646,255,391,89,31,58,7,1,6,17,5,12
SMITH COUNTY,423,85 Years +,3945,1363,2582,3327,1174,2153,500,136,364,34,16,18,84,37,47
SOMERVELL COUNTY,425,All Ages,8618,4240,4378,6676,3278,3398,57,31,26,218,94,124,1667,837,830
SOMERVELL COUNTY,425,< 1 Year,90,45,45,62,30,32,1,0,1,2,2,0,25,13,12
SOMERVELL COUNTY,425,1 Years,95,46,49,55,27,28,0,0,0,2,1,1,38,18,20
SOMERVELL COUNTY,425,2 Years,82,39,43,55,27,28,1,0,1,1,1,0,25,11,14
SOMERVELL COUNTY,425,3 Years,105,51,54,72,39,33,2,0,2,2,2,0,29,10,19
SOMERVELL COUNTY,425,4 Years,103,52,51,68,37,31,1,1,0,3,1,2,31,13,18
SOMERVELL COUNTY,425,5 Years,105,52,53,68,37,31,1,0,1,8,1,7,28,14,14
SOMERVELL COUNTY,425,6 Years,102,54,48,64,38,26,3,0,3,7,2,5,28,14,14
SOMERVELL COUNTY,425,7 Years,104,46,58,67,32,35,2,0,2,5,3,2,30,11,19
SOMERVELL COUNTY,425,8 Years,124,52,72,76,34,42,1,0,1,5,3,2,42,15,27
SOMERVELL COUNTY,425,9 Years,124,60,64,86,44,42,0,0,0,5,2,3,33,14,19
SOMERVELL COUNTY,425,10 Years,130,59,71,82,37,45,0,0,0,6,1,5,42,21,21
SOMERVELL COUNTY,425,11 Years,132,65,67,78,38,40,3,2,1,6,1,5,45,24,21
SOMERVELL COUNTY,425,12 Years,128,70,58,83,44,39,5,3,2,8,5,3,32,18,14
SOMERVELL COUNTY,425,13 Years,143,78,65,96,51,45,3,2,1,4,2,2,40,23,17
SOMERVELL COUNTY,425,14 Years,163,98,65,111,67,44,3,2,1,3,2,1,46,27,19
SOMERVELL COUNTY,425,15 Years,155,86,69,114,65,49,2,1,1,3,2,1,36,18,18
SOMERVELL COUNTY,425,16 Years,148,81,67,96,55,41,3,2,1,3,1,2,46,23,23
SOMERVELL COUNTY,425,17 Years,144,78,66,100,58,42,6,4,2,4,1,3,34,15,19
SOMERVELL COUNTY,425,18 Years,163,73,90,112,49,63,4,2,2,4,0,4,43,22,21
SOMERVELL COUNTY,425,19 Years,133,62,71,85,38,47,2,0,2,3,2,1,43,22,21
SOMERVELL COUNTY,425,20 Years,99,50,49,61,30,31,1,1,0,5,2,3,32,17,15
SOMERVELL COUNTY,425,21 Years,90,47,43,47,26,21,0,0,0,8,3,5,35,18,17
SOMERVELL COUNTY,425,22 Years,85,47,38,55,31,24,0,0,0,2,1,1,28,15,13
SOMERVELL COUNTY,425,23 Years,81,42,39,62,31,31,0,0,0,1,1,0,18,10,8
SOMERVELL COUNTY,425,24 Years,75,38,37,56,28,28,0,0,0,1,1,0,18,9,9
SOMERVELL COUNTY,425,25 Years,83,42,41,61,29,32,0,0,0,1,0,1,21,13,8
SOMERVELL COUNTY,425,26 Years,74,36,38,52,23,29,0,0,0,1,0,1,21,13,8
SOMERVELL COUNTY,425,27 Years,72,35,37,54,25,29,1,0,1,0,0,0,17,10,7
SOMERVELL COUNTY,425,28 Years,70,37,33,52,28,24,1,0,1,1,0,1,16,9,7
SOMERVELL COUNTY,425,29 Years,83,41,42,51,25,26,1,1,0,3,3,0,28,12,16
SOMERVELL COUNTY,425,30 Years,78,46,32,52,28,24,0,0,0,1,1,0,25,17,8
SOMERVELL COUNTY,425,31 Years,79,45,34,49,23,26,1,1,0,3,1,2,26,20,6
SOMERVELL COUNTY,425,32 Years,95,45,50,59,26,33,1,1,0,1,0,1,34,18,16
SOMERVELL COUNTY,425,33 Years,92,42,50,64,28,36,0,0,0,3,0,3,25,14,11
SOMERVELL COUNTY,425,34 Years,93,42,51,68,30,38,0,0,0,3,1,2,22,11,11
SOMERVELL COUNTY,425,35 Years,100,46,54,67,30,37,0,0,0,2,2,0,31,14,17
SOMERVELL COUNTY,425,36 Years,101,49,52,74,35,39,0,0,0,2,1,1,25,13,12
SOMERVELL COUNTY,425,37 Years,97,41,56,67,31,36,1,1,0,4,2,2,25,7,18
SOMERVELL COUNTY,425,38 Years,103,48,55,75,40,35,1,1,0,4,1,3,23,6,17
SOMERVELL COUNTY,425,39 Years,96,44,52,68,31,37,0,0,0,4,1,3,24,12,12
SOMERVELL COUNTY,425,40 Years,111,56,55,86,42,44,1,1,0,2,1,1,22,12,10
SOMERVELL COUNTY,425,41 Years,124,60,64,103,48,55,0,0,0,1,1,0,20,11,9
SOMERVELL COUNTY,425,42 Years,125,52,73,98,45,53,0,0,0,5,1,4,22,6,16
SOMERVELL COUNTY,425,43 Years,99,43,56,76,35,41,0,0,0,2,1,1,21,7,14
SOMERVELL COUNTY,425,44 Years,117,55,62,87,39,48,0,0,0,2,1,1,28,15,13
SOMERVELL COUNTY,425,45 Years,126,61,65,99,46,53,1,1,0,2,1,1,24,13,11
SOMERVELL COUNTY,425,46 Years,134,70,64,107,53,54,1,1,0,2,1,1,24,15,9
SOMERVELL COUNTY,425,47 Years,142,70,72,116,54,62,0,0,0,1,0,1,25,16,9
SOMERVELL COUNTY,425,48 Years,130,67,63,105,51,54,0,0,0,4,3,1,21,13,8
SOMERVELL COUNTY,425,49 Years,129,70,59,113,64,49,0,0,0,2,1,1,14,5,9
SOMERVELL COUNTY,425,50 Years,148,81,67,126,71,55,1,1,0,4,2,2,17,7,10
SOMERVELL COUNTY,425,51 Years,126,58,68,111,51,60,1,1,0,2,1,1,12,5,7
SOMERVELL COUNTY,425,52 Years,132,59,73,116,51,65,0,0,0,2,1,1,14,7,7
SOMERVELL COUNTY,425,53 Years,128,67,61,113,60,53,0,0,0,1,0,1,14,7,7
SOMERVELL COUNTY,425,54 Years,123,61,62,106,54,52,0,0,0,3,2,1,14,5,9
SOMERVELL COUNTY,425,55 Years,113,63,50,99,55,44,0,0,0,5,3,2,9,5,4
SOMERVELL COUNTY,425,56 Years,112,52,60,100,45,55,0,0,0,4,2,2,8,5,3
SOMERVELL COUNTY,425,57 Years,119,50,69,106,43,63,0,0,0,2,1,1,11,6,5
SOMERVELL COUNTY,425,58 Years,125,54,71,108,45,63,0,0,0,2,1,1,15,8,7
SOMERVELL COUNTY,425,59 Years,125,61,64,110,52,58,0,0,0,2,2,0,13,7,6
SOMERVELL COUNTY,425,60 Years,119,67,52,105,56,49,1,1,0,3,2,1,10,8,2
SOMERVELL COUNTY,425,61 Years,127,64,63,114,59,55,0,0,0,3,0,3,10,5,5
SOMERVELL COUNTY,425,62 Years,130,72,58,116,65,51,0,0,0,3,1,2,11,6,5
SOMERVELL COUNTY,425,63 Years,127,71,56,117,66,51,0,0,0,2,1,1,8,4,4
SOMERVELL COUNTY,425,64 Years,101,46,55,93,44,49,0,0,0,2,0,2,6,2,4
SOMERVELL COUNTY,425,65 Years,87,38,49,80,35,45,0,0,0,1,0,1,6,3,3
SOMERVELL COUNTY,425,66 Years,81,35,46,75,33,42,0,0,0,1,0,1,5,2,3
SOMERVELL COUNTY,425,67 Years,90,46,44,84,43,41,0,0,0,2,0,2,4,3,1
SOMERVELL COUNTY,425,68 Years,83,45,38,73,40,33,0,0,0,4,3,1,6,2,4
SOMERVELL COUNTY,425,69 Years,81,46,35,76,43,33,0,0,0,1,1,0,4,2,2
SOMERVELL COUNTY,425,70 Years,70,34,36,66,32,34,0,0,0,1,1,0,3,1,2
SOMERVELL COUNTY,425,71 Years,61,29,32,58,29,29,0,0,0,1,0,1,2,0,2
SOMERVELL COUNTY,425,72 Years,57,27,30,52,25,27,0,0,0,3,1,2,2,1,1
SOMERVELL COUNTY,425,73 Years,67,26,41,62,24,38,0,0,0,2,0,2,3,2,1
SOMERVELL COUNTY,425,74 Years,70,31,39,63,27,36,0,0,0,0,0,0,7,4,3
SOMERVELL COUNTY,425,75 Years,50,24,26,47,23,24,0,0,0,0,0,0,3,1,2
SOMERVELL COUNTY,425,76 Years,41,24,17,39,23,16,0,0,0,1,0,1,1,1,0
SOMERVELL COUNTY,425,77 Years,55,25,30,51,23,28,0,0,0,0,0,0,4,2,2
SOMERVELL COUNTY,425,78 Years,50,21,29,49,21,28,0,0,0,0,0,0,1,0,1
SOMERVELL COUNTY,425,79 Years,37,19,18,36,19,17,0,0,0,0,0,0,1,0,1
SOMERVELL COUNTY,425,80 Years,31,15,16,27,12,15,0,0,0,1,0,1,3,3,0
SOMERVELL COUNTY,425,81 Years,34,16,18,31,13,18,0,0,0,0,0,0,3,3,0
SOMERVELL COUNTY,425,82 Years,35,19,16,33,17,16,0,0,0,1,1,0,1,1,0
SOMERVELL COUNTY,425,83 Years,34,17,17,32,15,17,0,0,0,1,1,0,1,1,0
SOMERVELL COUNTY,425,84 Years,25,7,18,25,7,18,0,0,0,0,0,0,0,0,0
SOMERVELL COUNTY,425,85 Years +,168,56,112,163,55,108,0,0,0,1,0,1,4,1,3
STARR COUNTY,427,All Ages,61804,29863,31941,2476,1221,1255,16,14,2,170,87,83,59142,28541,30601
STARR COUNTY,427,< 1 Year,1414,712,702,27,14,13,0,0,0,2,1,1,1385,697,688
STARR COUNTY,427,1 Years,1182,601,581,45,20,25,0,0,0,0,0,0,1137,581,556
STARR COUNTY,427,2 Years,1049,517,532,37,18,19,0,0,0,3,3,0,1009,496,513
STARR COUNTY,427,3 Years,1019,510,509,47,22,25,0,0,0,4,1,3,968,487,481
STARR COUNTY,427,4 Years,1076,552,524,51,25,26,0,0,0,3,0,3,1022,527,495
STARR COUNTY,427,5 Years,1100,544,556,48,19,29,0,0,0,3,0,3,1049,525,524
STARR COUNTY,427,6 Years,1085,541,544,43,23,20,0,0,0,5,2,3,1037,516,521
STARR COUNTY,427,7 Years,1062,515,547,29,15,14,0,0,0,4,2,2,1029,498,531
STARR COUNTY,427,8 Years,1082,547,535,36,20,16,0,0,0,2,1,1,1044,526,518
STARR COUNTY,427,9 Years,1137,566,571,50,27,23,0,0,0,3,3,0,1084,536,548
STARR COUNTY,427,10 Years,1170,581,589,43,22,21,0,0,0,2,1,1,1125,558,567
STARR COUNTY,427,11 Years,1215,639,576,48,27,21,0,0,0,3,2,1,1164,610,554
STARR COUNTY,427,12 Years,1152,574,578,48,22,26,0,0,0,1,1,0,1103,551,552
STARR COUNTY,427,13 Years,1170,590,580,50,27,23,1,1,0,3,2,1,1116,560,556
STARR COUNTY,427,14 Years,1143,593,550,36,14,22,1,1,0,2,2,0,1104,576,528
STARR COUNTY,427,15 Years,1237,617,620,47,24,23,1,1,0,2,2,0,1187,590,597
STARR COUNTY,427,16 Years,1183,587,596,36,21,15,2,1,1,4,2,2,1141,563,578
STARR COUNTY,427,17 Years,1178,581,597,37,16,21,2,1,1,2,2,0,1137,562,575
STARR COUNTY,427,18 Years,1170,587,583,42,22,20,0,0,0,3,2,1,1125,563,562
STARR COUNTY,427,19 Years,1102,545,557,36,17,19,0,0,0,4,3,1,1062,525,537
STARR COUNTY,427,20 Years,1037,529,508,46,26,20,1,1,0,1,1,0,989,501,488
STARR COUNTY,427,21 Years,1011,525,486,41,24,17,1,1,0,0,0,0,969,500,469
STARR COUNTY,427,22 Years,901,464,437,43,30,13,0,0,0,0,0,0,858,434,424
STARR COUNTY,427,23 Years,867,443,424,37,21,16,0,0,0,3,2,1,827,420,407
STARR COUNTY,427,24 Years,807,404,403,36,17,19,0,0,0,1,1,0,770,386,384
STARR COUNTY,427,25 Years,820,395,425,26,14,12,1,1,0,0,0,0,793,380,413
STARR COUNTY,427,26 Years,829,403,426,29,14,15,0,0,0,3,1,2,797,388,409
STARR COUNTY,427,27 Years,760,394,366,30,18,12,0,0,0,3,3,0,727,373,354
STARR COUNTY,427,28 Years,753,383,370,36,19,17,1,1,0,3,2,1,713,361,352
STARR COUNTY,427,29 Years,795,397,398,32,17,15,1,1,0,3,1,2,759,378,381
STARR COUNTY,427,30 Years,795,383,412,36,16,20,0,0,0,2,1,1,757,366,391
STARR COUNTY,427,31 Years,813,396,417,28,12,16,1,1,0,1,1,0,783,382,401
STARR COUNTY,427,32 Years,736,356,380,20,8,12,0,0,0,1,1,0,715,347,368
STARR COUNTY,427,33 Years,732,324,408,27,10,17,0,0,0,4,2,2,701,312,389
STARR COUNTY,427,34 Years,713,339,374,27,10,17,0,0,0,4,2,2,682,327,355
STARR COUNTY,427,35 Years,783,362,421,27,11,16,0,0,0,3,1,2,753,350,403
STARR COUNTY,427,36 Years,836,403,433,26,14,12,1,1,0,5,1,4,804,387,417
STARR COUNTY,427,37 Years,783,373,410,19,12,7,1,1,0,4,1,3,759,359,400
STARR COUNTY,427,38 Years,777,379,398,21,9,12,0,0,0,4,1,3,752,369,383
STARR COUNTY,427,39 Years,831,389,442,28,15,13,0,0,0,1,0,1,802,374,428
STARR COUNTY,427,40 Years,824,402,422,38,20,18,0,0,0,4,1,3,782,381,401
STARR COUNTY,427,41 Years,822,402,420,30,15,15,0,0,0,2,1,1,790,386,404
STARR COUNTY,427,42 Years,813,389,424,31,17,14,0,0,0,3,2,1,779,370,409
STARR COUNTY,427,43 Years,785,362,423,31,16,15,0,0,0,3,2,1,751,344,407
STARR COUNTY,427,44 Years,766,330,436,36,16,20,0,0,0,3,2,1,727,312,415
STARR COUNTY,427,45 Years,729,328,401,27,11,16,0,0,0,4,2,2,698,315,383
STARR COUNTY,427,46 Years,688,330,358,32,14,18,0,0,0,5,2,3,651,314,337
STARR COUNTY,427,47 Years,696,334,362,34,17,17,0,0,0,3,1,2,659,316,343
STARR COUNTY,427,48 Years,686,334,352,21,11,10,0,0,0,3,1,2,662,322,340
STARR COUNTY,427,49 Years,644,304,340,24,10,14,0,0,0,1,0,1,619,294,325
STARR COUNTY,427,50 Years,683,327,356,33,11,22,0,0,0,2,1,1,648,315,333
STARR COUNTY,427,51 Years,721,335,386,28,15,13,0,0,0,2,1,1,691,319,372
STARR COUNTY,427,52 Years,644,290,354,22,13,9,0,0,0,2,1,1,620,276,344
STARR COUNTY,427,53 Years,617,286,331,30,17,13,0,0,0,3,2,1,584,267,317
STARR COUNTY,427,54 Years,595,292,303,21,11,10,0,0,0,3,1,2,571,280,291
STARR COUNTY,427,55 Years,579,276,303,22,10,12,0,0,0,3,2,1,554,264,290
STARR COUNTY,427,56 Years,543,251,292,20,10,10,0,0,0,1,0,1,522,241,281
STARR COUNTY,427,57 Years,540,244,296,20,12,8,0,0,0,3,2,1,517,230,287
STARR COUNTY,427,58 Years,516,230,286,29,16,13,0,0,0,3,2,1,484,212,272
STARR COUNTY,427,59 Years,496,216,280,20,7,13,1,1,0,0,0,0,475,208,267
STARR COUNTY,427,60 Years,513,229,284,23,12,11,0,0,0,0,0,0,490,217,273
STARR COUNTY,427,61 Years,543,253,290,17,9,8,0,0,0,1,0,1,525,244,281
STARR COUNTY,427,62 Years,522,226,296,11,6,5,0,0,0,4,2,2,507,218,289
STARR COUNTY,427,63 Years,503,214,289,15,8,7,0,0,0,2,2,0,486,204,282
STARR COUNTY,427,64 Years,486,212,274,21,7,14,0,0,0,3,1,2,462,204,258
STARR COUNTY,427,65 Years,444,199,245,17,4,13,0,0,0,2,0,2,425,195,230
STARR COUNTY,427,66 Years,434,200,234,18,7,11,0,0,0,0,0,0,416,193,223
STARR COUNTY,427,67 Years,389,180,209,17,6,11,0,0,0,0,0,0,372,174,198
STARR COUNTY,427,68 Years,390,188,202,19,8,11,0,0,0,1,0,1,370,180,190
STARR COUNTY,427,69 Years,341,168,173,16,8,8,0,0,0,1,0,1,324,160,164
STARR COUNTY,427,70 Years,378,172,206,15,7,8,0,0,0,0,0,0,363,165,198
STARR COUNTY,427,71 Years,374,175,199,20,10,10,0,0,0,0,0,0,354,165,189
STARR COUNTY,427,72 Years,356,158,198,20,9,11,0,0,0,0,0,0,336,149,187
STARR COUNTY,427,73 Years,327,150,177,17,9,8,0,0,0,2,2,0,308,139,169
STARR COUNTY,427,74 Years,300,129,171,12,6,6,0,0,0,0,0,0,288,123,165
STARR COUNTY,427,75 Years,308,137,171,13,6,7,0,0,0,0,0,0,295,131,164
STARR COUNTY,427,76 Years,291,138,153,16,11,5,0,0,0,0,0,0,275,127,148
STARR COUNTY,427,77 Years,229,112,117,20,11,9,0,0,0,0,0,0,209,101,108
STARR COUNTY,427,78 Years,195,85,110,14,5,9,0,0,0,0,0,0,181,80,101
STARR COUNTY,427,79 Years,210,107,103,15,9,6,0,0,0,0,0,0,195,98,97
STARR COUNTY,427,80 Years,194,87,107,15,6,9,0,0,0,0,0,0,179,81,98
STARR COUNTY,427,81 Years,196,81,115,16,7,9,0,0,0,0,0,0,180,74,106
STARR COUNTY,427,82 Years,161,75,86,13,10,3,0,0,0,0,0,0,148,65,83
STARR COUNTY,427,83 Years,147,57,90,8,5,3,0,0,0,0,0,0,139,52,87
STARR COUNTY,427,84 Years,146,53,93,8,4,4,0,0,0,0,0,0,138,49,89
STARR COUNTY,427,85 Years +,735,276,459,80,30,50,0,0,0,0,0,0,655,246,409
STEPHENS COUNTY,429,All Ages,9627,4970,4657,7245,3627,3618,200,134,66,132,79,53,2050,1130,920
STEPHENS COUNTY,429,< 1 Year,107,54,53,72,36,36,0,0,0,1,1,0,34,17,17
STEPHENS COUNTY,429,1 Years,113,63,50,68,37,31,1,0,1,1,1,0,43,25,18
STEPHENS COUNTY,429,2 Years,116,61,55,67,33,34,3,3,0,3,2,1,43,23,20
STEPHENS COUNTY,429,3 Years,116,59,57,72,37,35,1,1,0,2,1,1,41,20,21
STEPHENS COUNTY,429,4 Years,144,74,70,92,44,48,2,1,1,3,1,2,47,28,19
STEPHENS COUNTY,429,5 Years,135,62,73,86,38,48,1,0,1,1,0,1,47,24,23
STEPHENS COUNTY,429,6 Years,122,59,63,75,35,40,1,0,1,2,1,1,44,23,21
STEPHENS COUNTY,429,7 Years,145,70,75,86,38,48,3,0,3,5,5,0,51,27,24
STEPHENS COUNTY,429,8 Years,122,54,68,76,33,43,2,0,2,2,2,0,42,19,23
STEPHENS COUNTY,429,9 Years,121,65,56,75,43,32,3,1,2,5,3,2,38,18,20
STEPHENS COUNTY,429,10 Years,123,64,59,74,41,33,4,3,1,3,2,1,42,18,24
STEPHENS COUNTY,429,11 Years,120,61,59,68,33,35,3,1,2,3,3,0,46,24,22
STEPHENS COUNTY,429,12 Years,134,72,62,89,44,45,2,1,1,5,5,0,38,22,16
STEPHENS COUNTY,429,13 Years,130,75,55,83,47,36,4,3,1,2,2,0,41,23,18
STEPHENS COUNTY,429,14 Years,127,67,60,87,42,45,4,2,2,3,2,1,33,21,12
STEPHENS COUNTY,429,15 Years,121,64,57,78,41,37,2,1,1,4,4,0,37,18,19
STEPHENS COUNTY,429,16 Years,138,63,75,92,43,49,1,1,0,3,2,1,42,17,25
STEPHENS COUNTY,429,17 Years,126,62,64,83,41,42,0,0,0,2,0,2,41,21,20
STEPHENS COUNTY,429,18 Years,135,75,60,90,48,42,2,2,0,1,0,1,42,25,17
STEPHENS COUNTY,429,19 Years,128,82,46,77,45,32,4,4,0,1,0,1,46,33,13
STEPHENS COUNTY,429,20 Years,131,82,49,78,46,32,5,5,0,2,2,0,46,29,17
STEPHENS COUNTY,429,21 Years,126,85,41,75,50,25,5,4,1,1,1,0,45,30,15
STEPHENS COUNTY,429,22 Years,114,73,41,65,43,22,6,5,1,0,0,0,43,25,18
STEPHENS COUNTY,429,23 Years,122,79,43,71,49,22,3,2,1,1,0,1,47,28,19
STEPHENS COUNTY,429,24 Years,119,71,48,75,45,30,8,8,0,1,1,0,35,17,18
STEPHENS COUNTY,429,25 Years,122,76,46,80,47,33,2,2,0,1,1,0,39,26,13
STEPHENS COUNTY,429,26 Years,107,64,43,65,35,30,6,6,0,1,0,1,35,23,12
STEPHENS COUNTY,429,27 Years,119,66,53,69,33,36,4,3,1,1,1,0,45,29,16
STEPHENS COUNTY,429,28 Years,123,69,54,82,46,36,7,6,1,2,1,1,32,16,16
STEPHENS COUNTY,429,29 Years,124,71,53,92,54,38,3,2,1,0,0,0,29,15,14
STEPHENS COUNTY,429,30 Years,109,62,47,67,39,28,7,7,0,3,0,3,32,16,16
STEPHENS COUNTY,429,31 Years,119,72,47,83,49,34,2,2,0,3,3,0,31,18,13
STEPHENS COUNTY,429,32 Years,102,58,44,67,35,32,2,2,0,2,1,1,31,20,11
STEPHENS COUNTY,429,33 Years,98,55,43,76,44,32,1,0,1,2,0,2,19,11,8
STEPHENS COUNTY,429,34 Years,106,41,65,74,28,46,3,1,2,4,1,3,25,11,14
STEPHENS COUNTY,429,35 Years,105,61,44,69,38,31,2,2,0,3,2,1,31,19,12
STEPHENS COUNTY,429,36 Years,91,50,41,68,38,30,3,1,2,0,0,0,20,11,9
STEPHENS COUNTY,429,37 Years,101,60,41,71,38,33,3,2,1,1,1,0,26,19,7
STEPHENS COUNTY,429,38 Years,109,55,54,76,38,38,3,3,0,0,0,0,30,14,16
STEPHENS COUNTY,429,39 Years,104,56,48,71,38,33,4,4,0,3,0,3,26,14,12
STEPHENS COUNTY,429,40 Years,112,56,56,82,40,42,5,5,0,2,2,0,23,9,14
STEPHENS COUNTY,429,41 Years,107,53,54,79,35,44,1,1,0,1,0,1,26,17,9
STEPHENS COUNTY,429,42 Years,104,57,47,78,42,36,2,2,0,0,0,0,24,13,11
STEPHENS COUNTY,429,43 Years,117,68,49,86,50,36,2,2,0,0,0,0,29,16,13
STEPHENS COUNTY,429,44 Years,102,54,48,74,38,36,2,2,0,1,1,0,25,13,12
STEPHENS COUNTY,429,45 Years,110,72,38,80,50,30,1,0,1,0,0,0,29,22,7
STEPHENS COUNTY,429,46 Years,102,54,48,78,40,38,2,1,1,0,0,0,22,13,9
STEPHENS COUNTY,429,47 Years,111,51,60,88,38,50,0,0,0,0,0,0,23,13,10
STEPHENS COUNTY,429,48 Years,121,65,56,96,53,43,1,0,1,0,0,0,24,12,12
STEPHENS COUNTY,429,49 Years,153,74,79,125,61,64,3,3,0,1,0,1,24,10,14
STEPHENS COUNTY,429,50 Years,156,85,71,119,63,56,1,1,0,2,1,1,34,20,14
STEPHENS COUNTY,429,51 Years,155,72,83,120,53,67,5,2,3,2,2,0,28,15,13
STEPHENS COUNTY,429,52 Years,117,57,60,98,49,49,3,0,3,1,1,0,15,7,8
STEPHENS COUNTY,429,53 Years,119,64,55,98,53,45,5,4,1,3,3,0,13,4,9
STEPHENS COUNTY,429,54 Years,120,54,66,99,43,56,2,1,1,2,2,0,17,8,9
STEPHENS COUNTY,429,55 Years,131,60,71,111,49,62,1,0,1,3,1,2,16,10,6
STEPHENS COUNTY,429,56 Years,137,68,69,113,55,58,4,1,3,2,1,1,18,11,7
STEPHENS COUNTY,429,57 Years,124,62,62,109,52,57,2,2,0,1,1,0,12,7,5
STEPHENS COUNTY,429,58 Years,143,74,69,129,67,62,3,1,2,2,1,1,9,5,4
STEPHENS COUNTY,429,59 Years,143,67,76,129,62,67,2,1,1,2,0,2,10,4,6
STEPHENS COUNTY,429,60 Years,121,52,69,109,50,59,3,1,2,2,0,2,7,1,6
STEPHENS COUNTY,429,61 Years,125,61,64,115,56,59,1,1,0,1,0,1,8,4,4
STEPHENS COUNTY,429,62 Years,122,63,59,107,56,51,2,2,0,1,0,1,12,5,7
STEPHENS COUNTY,429,63 Years,114,59,55,106,54,52,0,0,0,1,1,0,7,4,3
STEPHENS COUNTY,429,64 Years,117,48,69,110,46,64,1,0,1,3,1,2,3,1,2
STEPHENS COUNTY,429,65 Years,100,51,49,89,45,44,2,0,2,1,0,1,8,6,2
STEPHENS COUNTY,429,66 Years,101,52,49,91,44,47,1,1,0,1,1,0,8,6,2
STEPHENS COUNTY,429,67 Years,117,56,61,110,51,59,0,0,0,1,1,0,6,4,2
STEPHENS COUNTY,429,68 Years,101,52,49,92,46,46,2,2,0,3,2,1,4,2,2
STEPHENS COUNTY,429,69 Years,92,46,46,85,42,43,1,1,0,2,1,1,4,2,2
STEPHENS COUNTY,429,70 Years,101,53,48,95,49,46,1,1,0,1,1,0,4,2,2
STEPHENS COUNTY,429,71 Years,101,53,48,93,48,45,1,0,1,0,0,0,7,5,2
STEPHENS COUNTY,429,72 Years,88,43,45,80,38,42,3,2,1,0,0,0,5,3,2
STEPHENS COUNTY,429,73 Years,82,38,44,74,35,39,2,1,1,1,0,1,5,2,3
STEPHENS COUNTY,429,74 Years,80,36,44,74,34,40,2,1,1,1,1,0,3,0,3
STEPHENS COUNTY,429,75 Years,59,24,35,55,23,32,1,0,1,1,1,0,2,0,2
STEPHENS COUNTY,429,76 Years,73,34,39,68,31,37,1,0,1,0,0,0,4,3,1
STEPHENS COUNTY,429,77 Years,67,27,40,64,25,39,1,0,1,0,0,0,2,2,0
STEPHENS COUNTY,429,78 Years,63,23,40,55,21,34,2,0,2,0,0,0,6,2,4
STEPHENS COUNTY,429,79 Years,55,24,31,52,22,30,0,0,0,0,0,0,3,2,1
STEPHENS COUNTY,429,80 Years,57,25,32,55,23,32,0,0,0,0,0,0,2,2,0
STEPHENS COUNTY,429,81 Years,54,26,28,53,25,28,0,0,0,0,0,0,1,1,0
STEPHENS COUNTY,429,82 Years,57,29,28,54,27,27,0,0,0,0,0,0,3,2,1
STEPHENS COUNTY,429,83 Years,40,16,24,38,14,24,0,0,0,0,0,0,2,2,0
STEPHENS COUNTY,429,84 Years,33,12,21,32,11,21,0,0,0,0,0,0,1,1,0
STEPHENS COUNTY,429,85 Years +,249,88,161,234,86,148,4,1,3,4,1,3,7,0,7
STERLING COUNTY,431,All Ages,1158,591,567,744,370,374,16,13,3,30,19,11,368,189,179
STERLING COUNTY,431,< 1 Year,12,7,5,7,4,3,0,0,0,0,0,0,5,3,2
STERLING COUNTY,431,1 Years,14,7,7,8,4,4,1,1,0,1,1,0,4,1,3
STERLING COUNTY,431,2 Years,17,10,7,11,7,4,1,1,0,1,1,0,4,1,3
STERLING COUNTY,431,3 Years,21,11,10,15,8,7,1,1,0,0,0,0,5,2,3
STERLING COUNTY,431,4 Years,20,9,11,13,6,7,1,1,0,0,0,0,6,2,4
STERLING COUNTY,431,5 Years,16,6,10,10,4,6,0,0,0,1,0,1,5,2,3
STERLING COUNTY,431,6 Years,14,9,5,5,2,3,1,1,0,1,1,0,7,5,2
STERLING COUNTY,431,7 Years,16,12,4,7,5,2,1,1,0,1,1,0,7,5,2
STERLING COUNTY,431,8 Years,14,7,7,9,5,4,0,0,0,1,1,0,4,1,3
STERLING COUNTY,431,9 Years,17,8,9,10,6,4,0,0,0,1,0,1,6,2,4
STERLING COUNTY,431,10 Years,16,10,6,8,6,2,0,0,0,1,0,1,7,4,3
STERLING COUNTY,431,11 Years,15,8,7,8,4,4,0,0,0,1,1,0,6,3,3
STERLING COUNTY,431,12 Years,13,8,5,8,6,2,0,0,0,1,0,1,4,2,2
STERLING COUNTY,431,13 Years,14,9,5,9,6,3,0,0,0,0,0,0,5,3,2
STERLING COUNTY,431,14 Years,18,10,8,9,5,4,0,0,0,1,1,0,8,4,4
STERLING COUNTY,431,15 Years,11,4,7,6,2,4,0,0,0,0,0,0,5,2,3
STERLING COUNTY,431,16 Years,14,9,5,8,4,4,0,0,0,1,1,0,5,4,1
STERLING COUNTY,431,17 Years,12,8,4,4,2,2,0,0,0,1,0,1,7,6,1
STERLING COUNTY,431,18 Years,18,14,4,9,7,2,0,0,0,0,0,0,9,7,2
STERLING COUNTY,431,19 Years,15,8,7,5,2,3,0,0,0,0,0,0,10,6,4
STERLING COUNTY,431,20 Years,11,4,7,5,1,4,0,0,0,0,0,0,6,3,3
STERLING COUNTY,431,21 Years,11,6,5,8,4,4,0,0,0,0,0,0,3,2,1
STERLING COUNTY,431,22 Years,13,7,6,5,3,2,0,0,0,0,0,0,8,4,4
STERLING COUNTY,431,23 Years,11,6,5,6,3,3,0,0,0,0,0,0,5,3,2
STERLING COUNTY,431,24 Years,10,7,3,6,5,1,0,0,0,0,0,0,4,2,2
STERLING COUNTY,431,25 Years,17,9,8,11,6,5,0,0,0,1,0,1,5,3,2
STERLING COUNTY,431,26 Years,12,5,7,6,2,4,0,0,0,0,0,0,6,3,3
STERLING COUNTY,431,27 Years,10,6,4,6,4,2,1,1,0,0,0,0,3,1,2
STERLING COUNTY,431,28 Years,14,8,6,8,5,3,1,1,0,1,1,0,4,1,3
STERLING COUNTY,431,29 Years,19,7,12,13,4,9,0,0,0,1,0,1,5,3,2
STERLING COUNTY,431,30 Years,14,6,8,10,5,5,0,0,0,0,0,0,4,1,3
STERLING COUNTY,431,31 Years,15,7,8,10,4,6,0,0,0,0,0,0,5,3,2
STERLING COUNTY,431,32 Years,17,6,11,12,4,8,0,0,0,1,1,0,4,1,3
STERLING COUNTY,431,33 Years,14,4,10,9,2,7,0,0,0,1,1,0,4,1,3
STERLING COUNTY,431,34 Years,14,7,7,8,3,5,0,0,0,0,0,0,6,4,2
STERLING COUNTY,431,35 Years,13,8,5,7,4,3,0,0,0,0,0,0,6,4,2
STERLING COUNTY,431,36 Years,8,4,4,6,3,3,0,0,0,0,0,0,2,1,1
STERLING COUNTY,431,37 Years,6,4,2,5,3,2,0,0,0,0,0,0,1,1,0
STERLING COUNTY,431,38 Years,10,5,5,7,5,2,0,0,0,0,0,0,3,0,3
STERLING COUNTY,431,39 Years,9,4,5,5,2,3,0,0,0,0,0,0,4,2,2
STERLING COUNTY,431,40 Years,9,3,6,5,2,3,0,0,0,0,0,0,4,1,3
STERLING COUNTY,431,41 Years,13,7,6,9,5,4,0,0,0,0,0,0,4,2,2
STERLING COUNTY,431,42 Years,13,6,7,10,5,5,0,0,0,0,0,0,3,1,2
STERLING COUNTY,431,43 Years,15,6,9,8,3,5,2,1,1,0,0,0,5,2,3
STERLING COUNTY,431,44 Years,18,11,7,9,6,3,0,0,0,0,0,0,9,5,4
STERLING COUNTY,431,45 Years,15,5,10,10,3,7,0,0,0,0,0,0,5,2,3
STERLING COUNTY,431,46 Years,15,6,9,10,4,6,0,0,0,1,0,1,4,2,2
STERLING COUNTY,431,47 Years,20,9,11,13,5,8,0,0,0,0,0,0,7,4,3
STERLING COUNTY,431,48 Years,18,9,9,11,6,5,0,0,0,0,0,0,7,3,4
STERLING COUNTY,431,49 Years,17,9,8,10,6,4,0,0,0,1,1,0,6,2,4
STERLING COUNTY,431,50 Years,17,10,7,10,5,5,0,0,0,1,1,0,6,4,2
STERLING COUNTY,431,51 Years,18,12,6,10,8,2,1,1,0,0,0,0,7,3,4
STERLING COUNTY,431,52 Years,20,12,8,14,9,5,1,1,0,0,0,0,5,2,3
STERLING COUNTY,431,53 Years,23,13,10,18,10,8,0,0,0,0,0,0,5,3,2
STERLING COUNTY,431,54 Years,21,9,12,15,5,10,0,0,0,1,0,1,5,4,1
STERLING COUNTY,431,55 Years,16,7,9,12,5,7,0,0,0,1,0,1,3,2,1
STERLING COUNTY,431,56 Years,19,9,10,12,4,8,0,0,0,1,1,0,6,4,2
STERLING COUNTY,431,57 Years,18,7,11,11,4,7,0,0,0,0,0,0,7,3,4
STERLING COUNTY,431,58 Years,10,4,6,8,4,4,0,0,0,0,0,0,2,0,2
STERLING COUNTY,431,59 Years,13,8,5,9,5,4,0,0,0,1,1,0,3,2,1
STERLING COUNTY,431,60 Years,12,4,8,10,3,7,0,0,0,1,1,0,1,0,1
STERLING COUNTY,431,61 Years,15,10,5,12,8,4,0,0,0,0,0,0,3,2,1
STERLING COUNTY,431,62 Years,19,8,11,16,6,10,0,0,0,1,1,0,2,1,1
STERLING COUNTY,431,63 Years,17,11,6,13,8,5,0,0,0,0,0,0,4,3,1
STERLING COUNTY,431,64 Years,19,14,5,14,11,3,0,0,0,0,0,0,5,3,2
STERLING COUNTY,431,65 Years,11,8,3,7,5,2,0,0,0,0,0,0,4,3,1
STERLING COUNTY,431,66 Years,8,4,4,6,3,3,0,0,0,0,0,0,2,1,1
STERLING COUNTY,431,67 Years,12,7,5,10,5,5,0,0,0,1,1,0,1,1,0
STERLING COUNTY,431,68 Years,10,4,6,7,3,4,0,0,0,0,0,0,3,1,2
STERLING COUNTY,431,69 Years,9,4,5,7,3,4,0,0,0,0,0,0,2,1,1
STERLING COUNTY,431,70 Years,10,3,7,8,2,6,1,1,0,0,0,0,1,0,1
STERLING COUNTY,431,71 Years,8,4,4,6,3,3,0,0,0,0,0,0,2,1,1
STERLING COUNTY,431,72 Years,6,3,3,4,2,2,0,0,0,0,0,0,2,1,1
STERLING COUNTY,431,73 Years,5,1,4,3,1,2,0,0,0,0,0,0,2,0,2
STERLING COUNTY,431,74 Years,11,5,6,9,5,4,0,0,0,0,0,0,2,0,2
STERLING COUNTY,431,75 Years,7,2,5,6,2,4,0,0,0,0,0,0,1,0,1
STERLING COUNTY,431,76 Years,12,6,6,10,4,6,0,0,0,0,0,0,2,2,0
STERLING COUNTY,431,77 Years,11,5,6,9,3,6,0,0,0,0,0,0,2,2,0
STERLING COUNTY,431,78 Years,7,5,2,5,3,2,0,0,0,0,0,0,2,2,0
STERLING COUNTY,431,79 Years,8,3,5,6,2,4,1,0,1,0,0,0,1,1,0
STERLING COUNTY,431,80 Years,7,4,3,6,3,3,0,0,0,0,0,0,1,1,0
STERLING COUNTY,431,81 Years,8,3,5,6,2,4,0,0,0,0,0,0,2,1,1
STERLING COUNTY,431,82 Years,5,4,1,3,2,1,0,0,0,0,0,0,2,2,0
STERLING COUNTY,431,83 Years,6,2,4,4,2,2,0,0,0,0,0,0,2,0,2
STERLING COUNTY,431,84 Years,6,3,3,6,3,3,0,0,0,0,0,0,0,0,0
STERLING COUNTY,431,85 Years +,26,8,18,15,5,10,2,1,1,2,1,1,7,1,6
STONEWALL COUNTY,433,All Ages,1475,710,765,1190,574,616,38,22,16,34,14,20,213,100,113
STONEWALL COUNTY,433,< 1 Year,12,7,5,8,5,3,0,0,0,0,0,0,4,2,2
STONEWALL COUNTY,433,1 Years,11,4,7,7,2,5,0,0,0,0,0,0,4,2,2
STONEWALL COUNTY,433,2 Years,20,7,13,10,5,5,2,0,2,2,1,1,6,1,5
STONEWALL COUNTY,433,3 Years,11,5,6,6,3,3,0,0,0,1,0,1,4,2,2
STONEWALL COUNTY,433,4 Years,17,6,11,15,5,10,0,0,0,0,0,0,2,1,1
STONEWALL COUNTY,433,5 Years,20,10,10,13,6,7,0,0,0,0,0,0,7,4,3
STONEWALL COUNTY,433,6 Years,20,12,8,15,8,7,1,1,0,0,0,0,4,3,1
STONEWALL COUNTY,433,7 Years,21,9,12,10,4,6,1,0,1,2,2,0,8,3,5
STONEWALL COUNTY,433,8 Years,24,12,12,15,7,8,0,0,0,4,2,2,5,3,2
STONEWALL COUNTY,433,9 Years,21,12,9,14,7,7,1,0,1,1,0,1,5,5,0
STONEWALL COUNTY,433,10 Years,23,10,13,19,8,11,1,0,1,1,0,1,2,2,0
STONEWALL COUNTY,433,11 Years,15,9,6,11,7,4,0,0,0,0,0,0,4,2,2
STONEWALL COUNTY,433,12 Years,19,6,13,11,4,7,1,1,0,1,0,1,6,1,5
STONEWALL COUNTY,433,13 Years,20,9,11,15,7,8,1,1,0,1,0,1,3,1,2
STONEWALL COUNTY,433,14 Years,18,7,11,15,5,10,1,1,0,1,1,0,1,0,1
STONEWALL COUNTY,433,15 Years,14,4,10,12,4,8,1,0,1,0,0,0,1,0,1
STONEWALL COUNTY,433,16 Years,19,8,11,14,5,9,1,1,0,0,0,0,4,2,2
STONEWALL COUNTY,433,17 Years,21,11,10,13,7,6,0,0,0,0,0,0,8,4,4
STONEWALL COUNTY,433,18 Years,20,11,9,15,9,6,0,0,0,0,0,0,5,2,3
STONEWALL COUNTY,433,19 Years,15,8,7,10,6,4,0,0,0,1,0,1,4,2,2
STONEWALL COUNTY,433,20 Years,10,7,3,6,5,1,1,1,0,0,0,0,3,1,2
STONEWALL COUNTY,433,21 Years,15,10,5,10,7,3,3,2,1,1,1,0,1,0,1
STONEWALL COUNTY,433,22 Years,11,6,5,8,5,3,1,1,0,0,0,0,2,0,2
STONEWALL COUNTY,433,23 Years,7,4,3,5,3,2,0,0,0,0,0,0,2,1,1
STONEWALL COUNTY,433,24 Years,8,5,3,5,4,1,0,0,0,0,0,0,3,1,2
STONEWALL COUNTY,433,25 Years,12,6,6,8,4,4,0,0,0,0,0,0,4,2,2
STONEWALL COUNTY,433,26 Years,11,5,6,8,4,4,0,0,0,0,0,0,3,1,2
STONEWALL COUNTY,433,27 Years,10,4,6,9,4,5,0,0,0,0,0,0,1,0,1
STONEWALL COUNTY,433,28 Years,16,9,7,11,7,4,0,0,0,2,0,2,3,2,1
STONEWALL COUNTY,433,29 Years,18,8,10,14,7,7,0,0,0,1,0,1,3,1,2
STONEWALL COUNTY,433,30 Years,17,8,9,14,7,7,0,0,0,0,0,0,3,1,2
STONEWALL COUNTY,433,31 Years,17,7,10,13,6,7,0,0,0,1,1,0,3,0,3
STONEWALL COUNTY,433,32 Years,15,5,10,12,4,8,1,0,1,0,0,0,2,1,1
STONEWALL COUNTY,433,33 Years,13,4,9,9,3,6,1,0,1,1,0,1,2,1,1
STONEWALL COUNTY,433,34 Years,13,7,6,11,6,5,0,0,0,1,0,1,1,1,0
STONEWALL COUNTY,433,35 Years,12,8,4,10,6,4,1,1,0,0,0,0,1,1,0
STONEWALL COUNTY,433,36 Years,15,6,9,13,6,7,0,0,0,1,0,1,1,0,1
STONEWALL COUNTY,433,37 Years,15,9,6,11,7,4,0,0,0,1,0,1,3,2,1
STONEWALL COUNTY,433,38 Years,13,8,5,11,6,5,0,0,0,1,1,0,1,1,0
STONEWALL COUNTY,433,39 Years,16,6,10,10,4,6,0,0,0,0,0,0,6,2,4
STONEWALL COUNTY,433,40 Years,18,7,11,14,7,7,0,0,0,0,0,0,4,0,4
STONEWALL COUNTY,433,41 Years,14,7,7,12,6,6,0,0,0,0,0,0,2,1,1
STONEWALL COUNTY,433,42 Years,14,10,4,8,6,2,1,1,0,1,1,0,4,2,2
STONEWALL COUNTY,433,43 Years,13,9,4,8,6,2,1,1,0,0,0,0,4,2,2
STONEWALL COUNTY,433,44 Years,16,8,8,14,7,7,0,0,0,0,0,0,2,1,1
STONEWALL COUNTY,433,45 Years,21,10,11,21,10,11,0,0,0,0,0,0,0,0,0
STONEWALL COUNTY,433,46 Years,20,11,9,16,9,7,1,1,0,1,1,0,2,0,2
STONEWALL COUNTY,433,47 Years,23,9,14,20,8,12,1,1,0,0,0,0,2,0,2
STONEWALL COUNTY,433,48 Years,22,11,11,18,10,8,1,0,1,0,0,0,3,1,2
STONEWALL COUNTY,433,49 Years,23,13,10,18,10,8,0,0,0,0,0,0,5,3,2
STONEWALL COUNTY,433,50 Years,20,12,8,17,9,8,0,0,0,0,0,0,3,3,0
STONEWALL COUNTY,433,51 Years,17,10,7,14,7,7,1,1,0,0,0,0,2,2,0
STONEWALL COUNTY,433,52 Years,19,9,10,18,8,10,0,0,0,0,0,0,1,1,0
STONEWALL COUNTY,433,53 Years,23,15,8,20,12,8,0,0,0,0,0,0,3,3,0
STONEWALL COUNTY,433,54 Years,24,12,12,17,8,9,0,0,0,0,0,0,7,4,3
STONEWALL COUNTY,433,55 Years,23,13,10,18,10,8,1,0,1,1,1,0,3,2,1
STONEWALL COUNTY,433,56 Years,22,7,15,20,7,13,1,0,1,0,0,0,1,0,1
STONEWALL COUNTY,433,57 Years,18,10,8,16,9,7,0,0,0,1,1,0,1,0,1
STONEWALL COUNTY,433,58 Years,18,9,9,15,8,7,0,0,0,0,0,0,3,1,2
STONEWALL COUNTY,433,59 Years,21,13,8,19,12,7,0,0,0,1,1,0,1,0,1
STONEWALL COUNTY,433,60 Years,21,12,9,20,11,9,0,0,0,0,0,0,1,1,0
STONEWALL COUNTY,433,61 Years,19,10,9,18,10,8,0,0,0,0,0,0,1,0,1
STONEWALL COUNTY,433,62 Years,26,13,13,24,11,13,0,0,0,0,0,0,2,2,0
STONEWALL COUNTY,433,63 Years,19,9,10,17,8,9,0,0,0,1,0,1,1,1,0
STONEWALL COUNTY,433,64 Years,19,9,10,17,9,8,0,0,0,0,0,0,2,0,2
STONEWALL COUNTY,433,65 Years,19,8,11,18,8,10,0,0,0,0,0,0,1,0,1
STONEWALL COUNTY,433,66 Years,19,8,11,18,8,10,0,0,0,0,0,0,1,0,1
STONEWALL COUNTY,433,67 Years,28,13,15,25,12,13,1,0,1,1,0,1,1,1,0
STONEWALL COUNTY,433,68 Years,13,6,7,11,5,6,0,0,0,0,0,0,2,1,1
STONEWALL COUNTY,433,69 Years,11,4,7,10,3,7,0,0,0,0,0,0,1,1,0
STONEWALL COUNTY,433,70 Years,12,5,7,12,5,7,0,0,0,0,0,0,0,0,0
STONEWALL COUNTY,433,71 Years,13,8,5,12,7,5,1,1,0,0,0,0,0,0,0
STONEWALL COUNTY,433,72 Years,22,8,14,20,7,13,1,1,0,0,0,0,1,0,1
STONEWALL COUNTY,433,73 Years,16,6,10,14,5,9,2,1,1,0,0,0,0,0,0
STONEWALL COUNTY,433,74 Years,13,7,6,12,6,6,1,1,0,0,0,0,0,0,0
STONEWALL COUNTY,433,75 Years,15,7,8,13,6,7,2,1,1,0,0,0,0,0,0
STONEWALL COUNTY,433,76 Years,10,4,6,9,3,6,1,1,0,0,0,0,0,0,0
STONEWALL COUNTY,433,77 Years,15,4,11,14,3,11,0,0,0,0,0,0,1,1,0
STONEWALL COUNTY,433,78 Years,16,6,10,16,6,10,0,0,0,0,0,0,0,0,0
STONEWALL COUNTY,433,79 Years,18,11,7,15,9,6,1,1,0,1,0,1,1,1,0
STONEWALL COUNTY,433,80 Years,14,9,5,12,8,4,0,0,0,0,0,0,2,1,1
STONEWALL COUNTY,433,81 Years,15,7,8,13,6,7,0,0,0,0,0,0,2,1,1
STONEWALL COUNTY,433,82 Years,12,6,6,11,6,5,1,0,1,0,0,0,0,0,0
STONEWALL COUNTY,433,83 Years,9,3,6,9,3,6,0,0,0,0,0,0,0,0,0
STONEWALL COUNTY,433,84 Years,9,4,5,9,4,5,0,0,0,0,0,0,0,0,0
STONEWALL COUNTY,433,85 Years +,58,19,39,52,17,35,0,0,0,1,0,1,5,2,3
SUTTON COUNTY,435,All Ages,4151,2046,2105,1636,790,846,6,6,0,28,17,11,2481,1233,1248
SUTTON COUNTY,435,< 1 Year,53,29,24,15,8,7,0,0,0,0,0,0,38,21,17
SUTTON COUNTY,435,1 Years,64,29,35,17,7,10,0,0,0,0,0,0,47,22,25
SUTTON COUNTY,435,2 Years,72,41,31,24,16,8,0,0,0,1,1,0,47,24,23
SUTTON COUNTY,435,3 Years,66,30,36,17,11,6,0,0,0,0,0,0,49,19,30
SUTTON COUNTY,435,4 Years,58,28,30,13,6,7,0,0,0,0,0,0,45,22,23
SUTTON COUNTY,435,5 Years,49,25,24,9,5,4,0,0,0,0,0,0,40,20,20
SUTTON COUNTY,435,6 Years,49,24,25,10,5,5,0,0,0,1,1,0,38,18,20
SUTTON COUNTY,435,7 Years,62,28,34,14,5,9,0,0,0,1,1,0,47,22,25
SUTTON COUNTY,435,8 Years,60,31,29,17,10,7,0,0,0,1,0,1,42,21,21
SUTTON COUNTY,435,9 Years,58,26,32,21,10,11,0,0,0,1,0,1,36,16,20
SUTTON COUNTY,435,10 Years,65,27,38,25,10,15,0,0,0,1,1,0,39,16,23
SUTTON COUNTY,435,11 Years,70,32,38,18,8,10,0,0,0,2,0,2,50,24,26
SUTTON COUNTY,435,12 Years,75,46,29,26,16,10,0,0,0,1,0,1,48,30,18
SUTTON COUNTY,435,13 Years,53,29,24,20,13,7,0,0,0,0,0,0,33,16,17
SUTTON COUNTY,435,14 Years,59,31,28,19,10,9,0,0,0,1,0,1,39,21,18
SUTTON COUNTY,435,15 Years,61,31,30,18,8,10,0,0,0,0,0,0,43,23,20
SUTTON COUNTY,435,16 Years,62,36,26,20,10,10,0,0,0,0,0,0,42,26,16
SUTTON COUNTY,435,17 Years,64,31,33,24,10,14,0,0,0,0,0,0,40,21,19
SUTTON COUNTY,435,18 Years,77,37,40,23,10,13,1,1,0,1,1,0,52,25,27
SUTTON COUNTY,435,19 Years,67,29,38,17,9,8,1,1,0,0,0,0,49,19,30
SUTTON COUNTY,435,20 Years,49,23,26,10,4,6,1,1,0,0,0,0,38,18,20
SUTTON COUNTY,435,21 Years,39,22,17,3,1,2,0,0,0,1,1,0,35,20,15
SUTTON COUNTY,435,22 Years,38,20,18,6,3,3,0,0,0,1,1,0,31,16,15
SUTTON COUNTY,435,23 Years,40,20,20,11,6,5,0,0,0,0,0,0,29,14,15
SUTTON COUNTY,435,24 Years,39,22,17,11,6,5,0,0,0,0,0,0,28,16,12
SUTTON COUNTY,435,25 Years,34,14,20,13,5,8,0,0,0,0,0,0,21,9,12
SUTTON COUNTY,435,26 Years,36,15,21,14,5,9,0,0,0,0,0,0,22,10,12
SUTTON COUNTY,435,27 Years,44,19,25,16,6,10,0,0,0,0,0,0,28,13,15
SUTTON COUNTY,435,28 Years,43,21,22,17,8,9,0,0,0,0,0,0,26,13,13
SUTTON COUNTY,435,29 Years,48,22,26,19,9,10,0,0,0,1,0,1,28,13,15
SUTTON COUNTY,435,30 Years,46,23,23,14,5,9,0,0,0,0,0,0,32,18,14
SUTTON COUNTY,435,31 Years,56,25,31,14,6,8,1,1,0,0,0,0,41,18,23
SUTTON COUNTY,435,32 Years,49,27,22,16,7,9,0,0,0,1,1,0,32,19,13
SUTTON COUNTY,435,33 Years,46,26,20,18,12,6,0,0,0,0,0,0,28,14,14
SUTTON COUNTY,435,34 Years,33,16,17,9,5,4,0,0,0,0,0,0,24,11,13
SUTTON COUNTY,435,35 Years,43,18,25,13,4,9,0,0,0,0,0,0,30,14,16
SUTTON COUNTY,435,36 Years,46,24,22,13,8,5,1,1,0,1,1,0,31,14,17
SUTTON COUNTY,435,37 Years,46,22,24,15,7,8,0,0,0,0,0,0,31,15,16
SUTTON COUNTY,435,38 Years,49,23,26,14,8,6,0,0,0,0,0,0,35,15,20
SUTTON COUNTY,435,39 Years,49,22,27,19,7,12,0,0,0,0,0,0,30,15,15
SUTTON COUNTY,435,40 Years,52,22,30,24,8,16,0,0,0,0,0,0,28,14,14
SUTTON COUNTY,435,41 Years,62,28,34,20,8,12,0,0,0,0,0,0,42,20,22
SUTTON COUNTY,435,42 Years,57,31,26,19,10,9,1,1,0,0,0,0,37,20,17
SUTTON COUNTY,435,43 Years,50,28,22,23,14,9,0,0,0,0,0,0,27,14,13
SUTTON COUNTY,435,44 Years,51,30,21,17,10,7,0,0,0,0,0,0,34,20,14
SUTTON COUNTY,435,45 Years,51,30,21,20,10,10,0,0,0,1,0,1,30,20,10
SUTTON COUNTY,435,46 Years,47,22,25,22,8,14,0,0,0,1,0,1,24,14,10
SUTTON COUNTY,435,47 Years,57,23,34,26,8,18,0,0,0,0,0,0,31,15,16
SUTTON COUNTY,435,48 Years,59,32,27,28,15,13,0,0,0,0,0,0,31,17,14
SUTTON COUNTY,435,49 Years,68,37,31,32,15,17,0,0,0,0,0,0,36,22,14
SUTTON COUNTY,435,50 Years,59,31,28,31,14,17,0,0,0,1,1,0,27,16,11
SUTTON COUNTY,435,51 Years,64,29,35,29,14,15,0,0,0,1,1,0,34,14,20
SUTTON COUNTY,435,52 Years,59,29,30,27,14,13,0,0,0,1,1,0,31,14,17
SUTTON COUNTY,435,53 Years,60,32,28,26,16,10,0,0,0,0,0,0,34,16,18
SUTTON COUNTY,435,54 Years,56,25,31,27,11,16,0,0,0,0,0,0,29,14,15
SUTTON COUNTY,435,55 Years,69,35,34,40,18,22,0,0,0,0,0,0,29,17,12
SUTTON COUNTY,435,56 Years,63,31,32,33,16,17,0,0,0,0,0,0,30,15,15
SUTTON COUNTY,435,57 Years,70,33,37,37,20,17,0,0,0,1,0,1,32,13,19
SUTTON COUNTY,435,58 Years,63,28,35,32,15,17,0,0,0,0,0,0,31,13,18
SUTTON COUNTY,435,59 Years,55,28,27,25,12,13,0,0,0,0,0,0,30,16,14
SUTTON COUNTY,435,60 Years,58,31,27,28,17,11,0,0,0,0,0,0,30,14,16
SUTTON COUNTY,435,61 Years,45,21,24,25,13,12,0,0,0,0,0,0,20,8,12
SUTTON COUNTY,435,62 Years,49,27,22,22,12,10,0,0,0,0,0,0,27,15,12
SUTTON COUNTY,435,63 Years,50,29,21,25,15,10,0,0,0,0,0,0,25,14,11
SUTTON COUNTY,435,64 Years,51,28,23,32,20,12,0,0,0,0,0,0,19,8,11
SUTTON COUNTY,435,65 Years,46,24,22,26,15,11,0,0,0,0,0,0,20,9,11
SUTTON COUNTY,435,66 Years,37,19,18,21,10,11,0,0,0,1,1,0,15,8,7
SUTTON COUNTY,435,67 Years,41,20,21,21,8,13,0,0,0,1,1,0,19,11,8
SUTTON COUNTY,435,68 Years,38,19,19,24,13,11,0,0,0,1,1,0,13,5,8
SUTTON COUNTY,435,69 Years,34,20,14,22,11,11,0,0,0,1,1,0,11,8,3
SUTTON COUNTY,435,70 Years,28,10,18,16,5,11,0,0,0,1,1,0,11,4,7
SUTTON COUNTY,435,71 Years,23,12,11,15,8,7,0,0,0,0,0,0,8,4,4
SUTTON COUNTY,435,72 Years,23,11,12,13,5,8,0,0,0,0,0,0,10,6,4
SUTTON COUNTY,435,73 Years,21,11,10,13,6,7,0,0,0,0,0,0,8,5,3
SUTTON COUNTY,435,74 Years,29,18,11,14,9,5,0,0,0,0,0,0,15,9,6
SUTTON COUNTY,435,75 Years,35,17,18,19,8,11,0,0,0,0,0,0,16,9,7
SUTTON COUNTY,435,76 Years,23,12,11,12,7,5,0,0,0,0,0,0,11,5,6
SUTTON COUNTY,435,77 Years,17,7,10,12,5,7,0,0,0,0,0,0,5,2,3
SUTTON COUNTY,435,78 Years,24,12,12,16,6,10,0,0,0,0,0,0,8,6,2
SUTTON COUNTY,435,79 Years,26,10,16,12,4,8,0,0,0,0,0,0,14,6,8
SUTTON COUNTY,435,80 Years,24,11,13,12,5,7,0,0,0,0,0,0,12,6,6
SUTTON COUNTY,435,81 Years,28,14,14,13,6,7,0,0,0,0,0,0,15,8,7
SUTTON COUNTY,435,82 Years,20,7,13,10,5,5,0,0,0,0,0,0,10,2,8
SUTTON COUNTY,435,83 Years,15,6,9,7,3,4,0,0,0,0,0,0,8,3,5
SUTTON COUNTY,435,84 Years,14,3,11,6,1,5,0,0,0,0,0,0,8,2,6
SUTTON COUNTY,435,85 Years +,63,19,44,30,8,22,0,0,0,1,0,1,32,11,21
SWISHER COUNTY,437,All Ages,7860,4152,3708,3970,1989,1981,547,381,166,130,60,70,3213,1722,1491
SWISHER COUNTY,437,< 1 Year,121,59,62,38,21,17,3,2,1,3,2,1,77,34,43
SWISHER COUNTY,437,1 Years,123,57,66,38,17,21,3,2,1,4,2,2,78,36,42
SWISHER COUNTY,437,2 Years,128,66,62,37,17,20,8,2,6,5,4,1,78,43,35
SWISHER COUNTY,437,3 Years,116,61,55,42,20,22,5,2,3,5,2,3,64,37,27
SWISHER COUNTY,437,4 Years,121,60,61,38,18,20,9,4,5,7,4,3,67,34,33
SWISHER COUNTY,437,5 Years,117,55,62,42,18,24,12,5,7,4,2,2,59,30,29
SWISHER COUNTY,437,6 Years,126,72,54,50,29,21,11,6,5,4,2,2,61,35,26
SWISHER COUNTY,437,7 Years,115,55,60,42,19,23,10,4,6,4,3,1,59,29,30
SWISHER COUNTY,437,8 Years,107,56,51,43,24,19,6,3,3,4,2,2,54,27,27
SWISHER COUNTY,437,9 Years,101,56,45,40,23,17,7,4,3,2,2,0,52,27,25
SWISHER COUNTY,437,10 Years,122,66,56,48,24,24,5,1,4,2,2,0,67,39,28
SWISHER COUNTY,437,11 Years,116,55,61,51,25,26,8,2,6,4,1,3,53,27,26
SWISHER COUNTY,437,12 Years,114,46,68,48,23,25,7,3,4,1,0,1,58,20,38
SWISHER COUNTY,437,13 Years,98,44,54,36,15,21,2,1,1,2,1,1,58,27,31
SWISHER COUNTY,437,14 Years,113,55,58,40,21,19,10,4,6,2,1,1,61,29,32
SWISHER COUNTY,437,15 Years,105,51,54,48,26,22,8,3,5,1,0,1,48,22,26
SWISHER COUNTY,437,16 Years,95,49,46,35,12,23,4,2,2,1,0,1,55,35,20
SWISHER COUNTY,437,17 Years,106,49,57,32,12,20,4,2,2,3,1,2,67,34,33
SWISHER COUNTY,437,18 Years,111,50,61,43,19,24,6,4,2,3,1,2,59,26,33
SWISHER COUNTY,437,19 Years,111,60,51,36,19,17,8,7,1,1,0,1,66,34,32
SWISHER COUNTY,437,20 Years,102,63,39,36,22,14,10,9,1,1,1,0,55,31,24
SWISHER COUNTY,437,21 Years,91,59,32,32,24,8,7,6,1,1,1,0,51,28,23
SWISHER COUNTY,437,22 Years,101,68,33,30,21,9,20,17,3,0,0,0,51,30,21
SWISHER COUNTY,437,23 Years,102,63,39,27,15,12,11,10,1,3,2,1,61,36,25
SWISHER COUNTY,437,24 Years,116,76,40,39,25,14,8,8,0,2,1,1,67,42,25
SWISHER COUNTY,437,25 Years,110,79,31,30,19,11,21,20,1,3,1,2,56,39,17
SWISHER COUNTY,437,26 Years,112,74,38,44,28,16,13,10,3,1,1,0,54,35,19
SWISHER COUNTY,437,27 Years,101,61,40,31,16,15,23,21,2,2,1,1,45,23,22
SWISHER COUNTY,437,28 Years,99,57,42,37,20,17,18,16,2,2,1,1,42,20,22
SWISHER COUNTY,437,29 Years,103,61,42,42,19,23,10,9,1,1,0,1,50,33,17
SWISHER COUNTY,437,30 Years,108,72,36,46,23,23,13,12,1,0,0,0,49,37,12
SWISHER COUNTY,437,31 Years,96,60,36,43,24,19,11,9,2,0,0,0,42,27,15
SWISHER COUNTY,437,32 Years,107,67,40,46,23,23,16,14,2,1,1,0,44,29,15
SWISHER COUNTY,437,33 Years,85,45,40,34,13,21,10,8,2,0,0,0,41,24,17
SWISHER COUNTY,437,34 Years,88,53,35,42,23,19,6,4,2,0,0,0,40,26,14
SWISHER COUNTY,437,35 Years,96,58,38,48,27,21,15,11,4,1,0,1,32,20,12
SWISHER COUNTY,437,36 Years,91,55,36,41,23,18,8,6,2,1,0,1,41,26,15
SWISHER COUNTY,437,37 Years,69,44,25,29,16,13,9,7,2,3,2,1,28,19,9
SWISHER COUNTY,437,38 Years,72,40,32,35,18,17,11,9,2,1,1,0,25,12,13
SWISHER COUNTY,437,39 Years,68,37,31,30,19,11,5,5,0,1,0,1,32,13,19
SWISHER COUNTY,437,40 Years,81,40,41,36,19,17,7,5,2,1,0,1,37,16,21
SWISHER COUNTY,437,41 Years,85,38,47,45,22,23,4,3,1,0,0,0,36,13,23
SWISHER COUNTY,437,42 Years,105,54,51,38,17,21,12,10,2,1,0,1,54,27,27
SWISHER COUNTY,437,43 Years,79,47,32,41,24,17,6,6,0,1,0,1,31,17,14
SWISHER COUNTY,437,44 Years,84,52,32,39,24,15,4,3,1,2,1,1,39,24,15
SWISHER COUNTY,437,45 Years,101,56,45,47,27,20,11,7,4,1,0,1,42,22,20
SWISHER COUNTY,437,46 Years,104,56,48,53,29,24,8,5,3,1,0,1,42,22,20
SWISHER COUNTY,437,47 Years,114,60,54,48,23,25,12,9,3,2,1,1,52,27,25
SWISHER COUNTY,437,48 Years,105,57,48,51,26,25,5,5,0,0,0,0,49,26,23
SWISHER COUNTY,437,49 Years,92,44,48,49,19,30,5,5,0,0,0,0,38,20,18
SWISHER COUNTY,437,50 Years,113,59,54,59,26,33,12,9,3,1,0,1,41,24,17
SWISHER COUNTY,437,51 Years,97,54,43,57,31,26,8,6,2,1,0,1,31,17,14
SWISHER COUNTY,437,52 Years,93,55,38,61,36,25,5,4,1,1,1,0,26,14,12
SWISHER COUNTY,437,53 Years,94,55,39,48,27,21,3,1,2,1,1,0,42,26,16
SWISHER COUNTY,437,54 Years,99,49,50,61,31,30,6,2,4,0,0,0,32,16,16
SWISHER COUNTY,437,55 Years,91,49,42,61,34,27,1,0,1,0,0,0,29,15,14
SWISHER COUNTY,437,56 Years,92,47,45,60,32,28,2,2,0,1,0,1,29,13,16
SWISHER COUNTY,437,57 Years,91,51,40,65,34,31,4,3,1,1,1,0,21,13,8
SWISHER COUNTY,437,58 Years,97,53,44,70,36,34,3,1,2,0,0,0,24,16,8
SWISHER COUNTY,437,59 Years,100,51,49,68,34,34,7,3,4,0,0,0,25,14,11
SWISHER COUNTY,437,60 Years,94,46,48,69,33,36,4,2,2,2,1,1,19,10,9
SWISHER COUNTY,437,61 Years,82,40,42,56,28,28,3,1,2,3,1,2,20,10,10
SWISHER COUNTY,437,62 Years,80,48,32,55,33,22,4,2,2,1,0,1,20,13,7
SWISHER COUNTY,437,63 Years,84,50,34,58,35,23,2,1,1,3,2,1,21,12,9
SWISHER COUNTY,437,64 Years,75,36,39,57,28,29,1,0,1,3,1,2,14,7,7
SWISHER COUNTY,437,65 Years,72,29,43,55,23,32,2,0,2,1,0,1,14,6,8
SWISHER COUNTY,437,66 Years,63,25,38,43,17,26,3,1,2,1,0,1,16,7,9
SWISHER COUNTY,437,67 Years,84,39,45,58,28,30,2,2,0,2,0,2,22,9,13
SWISHER COUNTY,437,68 Years,74,39,35,50,28,22,3,2,1,1,0,1,20,9,11
SWISHER COUNTY,437,69 Years,61,29,32,42,20,22,2,1,1,0,0,0,17,8,9
SWISHER COUNTY,437,70 Years,61,28,33,44,21,23,0,0,0,2,2,0,15,5,10
SWISHER COUNTY,437,71 Years,63,33,30,45,23,22,1,0,1,1,1,0,16,9,7
SWISHER COUNTY,437,72 Years,67,37,30,44,28,16,3,1,2,1,0,1,19,8,11
SWISHER COUNTY,437,73 Years,62,30,32,38,20,18,3,2,1,1,0,1,20,8,12
SWISHER COUNTY,437,74 Years,51,19,32,38,14,24,1,0,1,0,0,0,12,5,7
SWISHER COUNTY,437,75 Years,59,16,43,53,15,38,1,0,1,0,0,0,5,1,4
SWISHER COUNTY,437,76 Years,48,17,31,40,12,28,0,0,0,0,0,0,8,5,3
SWISHER COUNTY,437,77 Years,51,21,30,41,18,23,1,0,1,0,0,0,9,3,6
SWISHER COUNTY,437,78 Years,54,28,26,46,24,22,1,1,0,0,0,0,7,3,4
SWISHER COUNTY,437,79 Years,51,28,23,40,21,19,1,1,0,0,0,0,10,6,4
SWISHER COUNTY,437,80 Years,45,18,27,41,15,26,0,0,0,0,0,0,4,3,1
SWISHER COUNTY,437,81 Years,63,31,32,58,28,30,0,0,0,0,0,0,5,3,2
SWISHER COUNTY,437,82 Years,50,20,30,44,17,27,0,0,0,2,1,1,4,2,2
SWISHER COUNTY,437,83 Years,35,9,26,32,8,24,0,0,0,0,0,0,3,1,2
SWISHER COUNTY,437,84 Years,35,18,17,31,17,14,1,0,1,0,0,0,3,1,2
SWISHER COUNTY,437,85 Years +,196,77,119,166,64,102,2,1,1,5,1,4,23,11,12
TARRANT COUNTY,439,All Ages,1848382,906843,941539,938158,457462,480696,270902,126934,143968,133500,65060,68440,505822,257387,248435
TARRANT COUNTY,439,< 1 Year,28398,14473,13925,11960,6095,5865,3959,2015,1944,2507,1277,1230,9972,5086,4886
TARRANT COUNTY,439,1 Years,27812,14040,13772,10702,5438,5264,4039,2032,2007,2123,1072,1051,10948,5498,5450
TARRANT COUNTY,439,2 Years,28140,14178,13962,10266,5217,5049,4343,2199,2144,2315,1163,1152,11216,5599,5617
TARRANT COUNTY,439,3 Years,28901,14807,14094,10435,5384,5051,4514,2282,2232,2536,1319,1217,11416,5822,5594
TARRANT COUNTY,439,4 Years,29226,14960,14266,10602,5443,5159,4540,2313,2227,2499,1294,1205,11585,5910,5675
TARRANT COUNTY,439,5 Years,29193,14926,14267,10709,5483,5226,4572,2308,2264,2483,1290,1193,11429,5845,5584
TARRANT COUNTY,439,6 Years,29311,14937,14374,10910,5608,5302,4641,2356,2285,2545,1266,1279,11215,5707,5508
TARRANT COUNTY,439,7 Years,29525,15058,14467,10989,5619,5370,4657,2371,2286,2682,1342,1340,11197,5726,5471
TARRANT COUNTY,439,8 Years,29092,14835,14257,11032,5649,5383,4598,2350,2248,2579,1287,1292,10883,5549,5334
TARRANT COUNTY,439,9 Years,29045,14848,14197,10974,5616,5358,4679,2371,2308,2492,1264,1228,10900,5597,5303
TARRANT COUNTY,439,10 Years,29323,14886,14437,11263,5680,5583,4766,2426,2340,2500,1290,1210,10794,5490,5304
TARRANT COUNTY,439,11 Years,29147,14873,14274,11340,5871,5469,4834,2481,2353,2390,1217,1173,10583,5304,5279
TARRANT COUNTY,439,12 Years,28453,14539,13914,11281,5815,5466,4638,2346,2292,2275,1166,1109,10259,5212,5047
TARRANT COUNTY,439,13 Years,28090,14417,13673,11222,5777,5445,4697,2368,2329,2301,1179,1122,9870,5093,4777
TARRANT COUNTY,439,14 Years,27900,14357,13543,11304,5831,5473,4645,2398,2247,2257,1162,1095,9694,4966,4728
TARRANT COUNTY,439,15 Years,27813,14140,13673,11369,5753,5616,4674,2409,2265,2196,1121,1075,9574,4857,4717
TARRANT COUNTY,439,16 Years,27619,14076,13543,11444,5813,5631,4701,2386,2315,2212,1156,1056,9262,4721,4541
TARRANT COUNTY,439,17 Years,27782,14161,13621,11649,5917,5732,4733,2399,2334,2266,1172,1094,9134,4673,4461
TARRANT COUNTY,439,18 Years,27089,13892,13197,11337,5773,5564,4673,2425,2248,2074,1069,1005,9005,4625,4380
TARRANT COUNTY,439,19 Years,25438,13077,12361,10425,5385,5040,4276,2162,2114,1839,927,912,8898,4603,4295
TARRANT COUNTY,439,20 Years,24411,12367,12044,10116,5116,5000,3965,1917,2048,1808,915,893,8522,4419,4103
TARRANT COUNTY,439,21 Years,24319,12223,12096,10294,5089,5205,3791,1791,2000,1827,920,907,8407,4423,3984
TARRANT COUNTY,439,22 Years,24515,12190,12325,10528,5131,5397,3723,1734,1989,1885,943,942,8379,4382,3997
TARRANT COUNTY,439,23 Years,25179,12514,12665,11091,5335,5756,3727,1688,2039,1923,983,940,8438,4508,3930
TARRANT COUNTY,439,24 Years,26297,13017,13280,11899,5705,6194,3752,1650,2102,2061,1038,1023,8585,4624,3961
TARRANT COUNTY,439,25 Years,26871,13328,13543,12383,6006,6377,3880,1738,2142,2003,1003,1000,8605,4581,4024
TARRANT COUNTY,439,26 Years,27523,13615,13908,12916,6344,6572,3886,1786,2100,2014,983,1031,8707,4502,4205
TARRANT COUNTY,439,27 Years,27295,13521,13774,12733,6287,6446,3875,1757,2118,1976,989,987,8711,4488,4223
TARRANT COUNTY,439,28 Years,28145,13924,14221,13171,6534,6637,4100,1812,2288,2006,984,1022,8868,4594,4274
TARRANT COUNTY,439,29 Years,28287,13866,14421,13228,6515,6713,4129,1813,2316,2048,940,1108,8882,4598,4284
TARRANT COUNTY,439,30 Years,28310,13855,14455,13253,6543,6710,4107,1792,2315,1973,906,1067,8977,4614,4363
TARRANT COUNTY,439,31 Years,28107,13697,14410,13049,6441,6608,4332,1886,2446,1903,877,1026,8823,4493,4330
TARRANT COUNTY,439,32 Years,26482,12910,13572,12146,5985,6161,4189,1844,2345,1831,837,994,8316,4244,4072
TARRANT COUNTY,439,33 Years,26181,12740,13441,11861,5815,6046,4068,1801,2267,1795,832,963,8457,4292,4165
TARRANT COUNTY,439,34 Years,25662,12587,13075,11576,5753,5823,4018,1770,2248,1852,838,1014,8216,4226,3990
TARRANT COUNTY,439,35 Years,25599,12464,13135,11378,5596,5782,3983,1803,2180,2065,946,1119,8173,4119,4054
TARRANT COUNTY,439,36 Years,26002,12681,13321,11546,5701,5845,4048,1813,2235,2128,970,1158,8280,4197,4083
TARRANT COUNTY,439,37 Years,25469,12253,13216,11421,5545,5876,4100,1824,2276,2100,946,1154,7848,3938,3910
TARRANT COUNTY,439,38 Years,25855,12468,13387,11866,5797,6069,4076,1831,2245,2099,954,1145,7814,3886,3928
TARRANT COUNTY,439,39 Years,26970,13149,13821,12716,6408,6308,4213,1851,2362,2225,1024,1201,7816,3866,3950
TARRANT COUNTY,439,40 Years,28275,13816,14459,14074,7046,7028,4379,1987,2392,2270,1055,1215,7552,3728,3824
TARRANT COUNTY,439,41 Years,28501,13972,14529,14389,7166,7223,4358,1954,2404,2298,1068,1230,7456,3784,3672
TARRANT COUNTY,439,42 Years,26912,13148,13764,13667,6738,6929,4054,1861,2193,2132,995,1137,7059,3554,3505
TARRANT COUNTY,439,43 Years,25820,12768,13052,13096,6490,6606,3990,1846,2144,1928,919,1009,6806,3513,3293
TARRANT COUNTY,439,44 Years,25190,12447,12743,12893,6409,6484,3978,1821,2157,1836,852,984,6483,3365,3118
TARRANT COUNTY,439,45 Years,25447,12495,12952,13130,6414,6716,4103,1868,2235,1796,860,936,6418,3353,3065
TARRANT COUNTY,439,46 Years,26684,13135,13549,14292,7026,7266,4195,1932,2263,1831,896,935,6366,3281,3085
TARRANT COUNTY,439,47 Years,26976,13216,13760,15130,7376,7754,4158,1949,2209,1817,887,930,5871,3004,2867
TARRANT COUNTY,439,48 Years,26891,13363,13528,15555,7709,7846,4110,1955,2155,1800,889,911,5426,2810,2616
TARRANT COUNTY,439,49 Years,26594,13115,13479,15847,7803,8044,3970,1839,2131,1673,808,865,5104,2665,2439
TARRANT COUNTY,439,50 Years,26705,13180,13525,16252,8001,8251,3867,1809,2058,1687,808,879,4899,2562,2337
TARRANT COUNTY,439,51 Years,26613,13152,13461,16421,8152,8269,3798,1812,1986,1651,785,866,4743,2403,2340
TARRANT COUNTY,439,52 Years,25348,12654,12694,15845,7951,7894,3635,1752,1883,1553,751,802,4315,2200,2115
TARRANT COUNTY,439,53 Years,24860,12379,12481,15712,7804,7908,3554,1695,1859,1564,781,783,4030,2099,1931
TARRANT COUNTY,439,54 Years,24076,11785,12291,15399,7604,7795,3358,1522,1836,1539,743,796,3780,1916,1864
TARRANT COUNTY,439,55 Years,23092,11207,11885,14766,7256,7510,3261,1464,1797,1508,738,770,3557,1749,1808
TARRANT COUNTY,439,56 Years,22619,11013,11606,14725,7220,7505,3130,1430,1700,1358,676,682,3406,1687,1719
TARRANT COUNTY,439,57 Years,21074,10180,10894,14020,6853,7167,2795,1266,1529,1220,559,661,3039,1502,1537
TARRANT COUNTY,439,58 Years,19888,9572,10316,13433,6472,6961,2520,1156,1364,1204,560,644,2731,1384,1347
TARRANT COUNTY,439,59 Years,18848,9036,9812,12806,6187,6619,2380,1081,1299,1207,556,651,2455,1212,1243
TARRANT COUNTY,439,60 Years,17682,8419,9263,11876,5732,6144,2271,1012,1259,1125,503,622,2410,1172,1238
TARRANT COUNTY,439,61 Years,17343,8239,9104,11759,5621,6138,2124,917,1207,1130,536,594,2330,1165,1165
TARRANT COUNTY,439,62 Years,16716,7932,8784,11546,5507,6039,2039,867,1172,1038,512,526,2093,1046,1047
TARRANT COUNTY,439,63 Years,16721,7950,8771,12005,5763,6242,1866,817,1049,941,439,502,1909,931,978
TARRANT COUNTY,439,64 Years,16383,7828,8555,11991,5801,6190,1705,768,937,863,389,474,1824,870,954
TARRANT COUNTY,439,65 Years,13107,6253,6854,9332,4484,4848,1393,607,786,756,373,383,1626,789,837
TARRANT COUNTY,439,66 Years,11994,5665,6329,8476,4024,4452,1257,549,708,698,337,361,1563,755,808
TARRANT COUNTY,439,67 Years,11767,5486,6281,8482,3999,4483,1222,527,695,665,312,353,1398,648,750
TARRANT COUNTY,439,68 Years,11139,5154,5985,8148,3824,4324,1125,475,650,636,292,344,1230,563,667
TARRANT COUNTY,439,69 Years,9732,4533,5199,7115,3365,3750,1004,398,606,545,269,276,1068,501,567
TARRANT COUNTY,439,70 Years,9008,4084,4924,6536,3012,3524,961,377,584,510,241,269,1001,454,547
TARRANT COUNTY,439,71 Years,8234,3766,4468,6008,2778,3230,836,354,482,444,207,237,946,427,519
TARRANT COUNTY,439,72 Years,7692,3439,4253,5628,2542,3086,787,327,460,416,186,230,861,384,477
TARRANT COUNTY,439,73 Years,7355,3231,4124,5433,2406,3027,741,287,454,409,193,216,772,345,427
TARRANT COUNTY,439,74 Years,6785,2997,3788,5040,2237,2803,683,267,416,337,159,178,725,334,391
TARRANT COUNTY,439,75 Years,6560,2844,3716,4941,2173,2768,640,257,383,299,133,166,680,281,399
TARRANT COUNTY,439,76 Years,6509,2816,3693,4926,2162,2764,651,256,395,264,112,152,668,286,382
TARRANT COUNTY,439,77 Years,5760,2455,3305,4382,1886,2496,564,206,358,257,126,131,557,237,320
TARRANT COUNTY,439,78 Years,5597,2310,3287,4286,1798,2488,518,176,342,254,117,137,539,219,320
TARRANT COUNTY,439,79 Years,5303,2194,3109,4126,1733,2393,473,161,312,209,91,118,495,209,286
TARRANT COUNTY,439,80 Years,5014,2090,2924,3948,1665,2283,424,143,281,213,98,115,429,184,245
TARRANT COUNTY,439,81 Years,4540,1820,2720,3594,1442,2152,416,150,266,176,80,96,354,148,206
TARRANT COUNTY,439,82 Years,4191,1627,2564,3372,1321,2051,352,121,231,129,55,74,338,130,208
TARRANT COUNTY,439,83 Years,3915,1479,2436,3139,1198,1941,331,96,235,123,52,71,322,133,189
TARRANT COUNTY,439,84 Years,3699,1349,2350,3016,1095,1921,293,102,191,112,47,65,278,105,173
TARRANT COUNTY,439,85 Years +,20447,6401,14046,17217,5404,11813,1492,420,1072,486,154,332,1252,423,829
TAYLOR COUNTY,441,All Ages,132380,64491,67889,87568,42238,45330,9261,4784,4477,5475,2574,2901,30076,14895,15181
TAYLOR COUNTY,441,< 1 Year,2072,1044,1028,1089,556,533,155,79,76,146,73,73,682,336,346
TAYLOR COUNTY,441,1 Years,2014,978,1036,1047,509,538,165,80,85,133,65,68,669,324,345
TAYLOR COUNTY,441,2 Years,1947,978,969,977,494,483,158,78,80,124,64,60,688,342,346
TAYLOR COUNTY,441,3 Years,1982,1039,943,1005,517,488,162,83,79,114,61,53,701,378,323
TAYLOR COUNTY,441,4 Years,2019,1068,951,1018,524,494,164,93,71,115,64,51,722,387,335
TAYLOR COUNTY,441,5 Years,1923,993,930,960,480,480,159,87,72,106,64,42,698,362,336
TAYLOR COUNTY,441,6 Years,1874,964,910,940,473,467,157,79,78,98,55,43,679,357,322
TAYLOR COUNTY,441,7 Years,1788,901,887,896,451,445,147,75,72,94,46,48,651,329,322
TAYLOR COUNTY,441,8 Years,1734,890,844,894,457,437,152,75,77,92,46,46,596,312,284
TAYLOR COUNTY,441,9 Years,1703,874,829,888,464,424,141,60,81,103,60,43,571,290,281
TAYLOR COUNTY,441,10 Years,1725,866,859,888,465,423,161,75,86,95,47,48,581,279,302
TAYLOR COUNTY,441,11 Years,1751,887,864,913,467,446,138,70,68,94,40,54,606,310,296
TAYLOR COUNTY,441,12 Years,1659,835,824,891,457,434,132,65,67,90,41,49,546,272,274
TAYLOR COUNTY,441,13 Years,1678,858,820,892,465,427,129,69,60,101,49,52,556,275,281
TAYLOR COUNTY,441,14 Years,1632,832,800,891,462,429,125,65,60,93,41,52,523,264,259
TAYLOR COUNTY,441,15 Years,1646,838,808,897,453,444,146,75,71,88,41,47,515,269,246
TAYLOR COUNTY,441,16 Years,1690,879,811,939,489,450,142,71,71,81,40,41,528,279,249
TAYLOR COUNTY,441,17 Years,1665,841,824,925,463,462,154,82,72,73,31,42,513,265,248
TAYLOR COUNTY,441,18 Years,1831,854,977,1071,488,583,168,85,83,82,38,44,510,243,267
TAYLOR COUNTY,441,19 Years,2431,1212,1219,1524,784,740,220,112,108,105,44,61,582,272,310
TAYLOR COUNTY,441,20 Years,2850,1437,1413,1848,933,915,259,135,124,131,68,63,612,301,311
TAYLOR COUNTY,441,21 Years,2908,1471,1437,1868,937,931,229,124,105,157,81,76,654,329,325
TAYLOR COUNTY,441,22 Years,2804,1362,1442,1766,796,970,246,150,96,158,91,67,634,325,309
TAYLOR COUNTY,441,23 Years,2809,1420,1389,1816,884,932,245,145,100,140,80,60,608,311,297
TAYLOR COUNTY,441,24 Years,2554,1303,1251,1643,832,811,232,131,101,126,67,59,553,273,280
TAYLOR COUNTY,441,25 Years,2438,1261,1177,1595,835,760,185,109,76,114,53,61,544,264,280
TAYLOR COUNTY,441,26 Years,2288,1143,1145,1449,722,727,166,94,72,117,62,55,556,265,291
TAYLOR COUNTY,441,27 Years,2201,1113,1088,1396,711,685,166,85,81,99,58,41,540,259,281
TAYLOR COUNTY,441,28 Years,2029,1017,1012,1302,647,655,147,79,68,70,35,35,510,256,254
TAYLOR COUNTY,441,29 Years,1946,994,952,1220,611,609,139,80,59,87,46,41,500,257,243
TAYLOR COUNTY,441,30 Years,1873,969,904,1162,606,556,141,80,61,77,39,38,493,244,249
TAYLOR COUNTY,441,31 Years,1654,812,842,1042,516,526,132,67,65,59,29,30,421,200,221
TAYLOR COUNTY,441,32 Years,1562,784,778,984,500,484,117,59,58,63,26,37,398,199,199
TAYLOR COUNTY,441,33 Years,1473,732,741,937,469,468,104,51,53,70,24,46,362,188,174
TAYLOR COUNTY,441,34 Years,1450,715,735,909,443,466,105,52,53,78,37,41,358,183,175
TAYLOR COUNTY,441,35 Years,1427,711,716,901,455,446,96,45,51,68,31,37,362,180,182
TAYLOR COUNTY,441,36 Years,1431,720,711,895,465,430,109,58,51,52,24,28,375,173,202
TAYLOR COUNTY,441,37 Years,1385,697,688,862,429,433,100,54,46,56,26,30,367,188,179
TAYLOR COUNTY,441,38 Years,1378,681,697,872,430,442,94,53,41,56,29,27,356,169,187
TAYLOR COUNTY,441,39 Years,1395,677,718,905,448,457,107,56,51,60,26,34,323,147,176
TAYLOR COUNTY,441,40 Years,1415,692,723,935,464,471,111,57,54,58,21,37,311,150,161
TAYLOR COUNTY,441,41 Years,1520,736,784,1019,493,526,115,63,52,51,23,28,335,157,178
TAYLOR COUNTY,441,42 Years,1475,726,749,990,494,496,101,47,54,70,29,41,314,156,158
TAYLOR COUNTY,441,43 Years,1376,679,697,923,454,469,84,40,44,59,24,35,310,161,149
TAYLOR COUNTY,441,44 Years,1407,678,729,933,445,488,99,47,52,59,25,34,316,161,155
TAYLOR COUNTY,441,45 Years,1442,682,760,988,463,525,100,57,43,47,18,29,307,144,163
TAYLOR COUNTY,441,46 Years,1510,754,756,1042,511,531,98,52,46,48,21,27,322,170,152
TAYLOR COUNTY,441,47 Years,1685,816,869,1180,571,609,111,54,57,56,21,35,338,170,168
TAYLOR COUNTY,441,48 Years,1739,848,891,1260,612,648,102,49,53,53,24,29,324,163,161
TAYLOR COUNTY,441,49 Years,1712,844,868,1234,597,637,112,60,52,52,28,24,314,159,155
TAYLOR COUNTY,441,50 Years,1767,870,897,1302,636,666,104,55,49,58,26,32,303,153,150
TAYLOR COUNTY,441,51 Years,1801,881,920,1309,642,667,106,53,53,58,19,39,328,167,161
TAYLOR COUNTY,441,52 Years,1698,804,894,1261,605,656,109,53,56,55,19,36,273,127,146
TAYLOR COUNTY,441,53 Years,1720,815,905,1273,602,671,117,54,63,48,22,26,282,137,145
TAYLOR COUNTY,441,54 Years,1703,836,867,1287,631,656,113,54,59,46,20,26,257,131,126
TAYLOR COUNTY,441,55 Years,1603,794,809,1195,590,605,97,51,46,52,23,29,259,130,129
TAYLOR COUNTY,441,56 Years,1665,810,855,1254,597,657,111,65,46,52,22,30,248,126,122
TAYLOR COUNTY,441,57 Years,1575,755,820,1199,569,630,108,57,51,46,19,27,222,110,112
TAYLOR COUNTY,441,58 Years,1412,667,745,1064,499,565,82,44,38,48,16,32,218,108,110
TAYLOR COUNTY,441,59 Years,1428,680,748,1060,501,559,82,46,36,43,14,29,243,119,124
TAYLOR COUNTY,441,60 Years,1366,650,716,1055,508,547,76,36,40,38,15,23,197,91,106
TAYLOR COUNTY,441,61 Years,1286,585,701,977,447,530,67,33,34,40,16,24,202,89,113
TAYLOR COUNTY,441,62 Years,1297,616,681,999,482,517,61,32,29,45,14,31,192,88,104
TAYLOR COUNTY,441,63 Years,1289,622,667,1017,488,529,59,33,26,37,13,24,176,88,88
TAYLOR COUNTY,441,64 Years,1294,611,683,1008,479,529,55,28,27,40,16,24,191,88,103
TAYLOR COUNTY,441,65 Years,1028,477,551,789,368,421,46,20,26,28,13,15,165,76,89
TAYLOR COUNTY,441,66 Years,957,426,531,756,338,418,54,22,32,21,8,13,126,58,68
TAYLOR COUNTY,441,67 Years,1047,473,574,836,380,456,59,28,31,21,9,12,131,56,75
TAYLOR COUNTY,441,68 Years,1013,468,545,822,383,439,56,23,33,22,8,14,113,54,59
TAYLOR COUNTY,441,69 Years,887,400,487,717,321,396,46,24,22,16,5,11,108,50,58
TAYLOR COUNTY,441,70 Years,841,381,460,690,304,386,39,24,15,20,8,12,92,45,47
TAYLOR COUNTY,441,71 Years,857,362,495,708,303,405,40,19,21,22,9,13,87,31,56
TAYLOR COUNTY,441,72 Years,805,357,448,672,304,368,36,14,22,19,7,12,78,32,46
TAYLOR COUNTY,441,73 Years,783,360,423,660,305,355,28,13,15,18,8,10,77,34,43
TAYLOR COUNTY,441,74 Years,755,345,410,647,300,347,26,12,14,14,4,10,68,29,39
TAYLOR COUNTY,441,75 Years,785,340,445,670,297,373,30,13,17,19,4,15,66,26,40
TAYLOR COUNTY,441,76 Years,764,326,438,662,287,375,25,11,14,13,5,8,64,23,41
TAYLOR COUNTY,441,77 Years,730,297,433,632,261,371,25,9,16,14,9,5,59,18,41
TAYLOR COUNTY,441,78 Years,673,272,401,580,235,345,24,11,13,16,5,11,53,21,32
TAYLOR COUNTY,441,79 Years,624,279,345,547,247,300,15,8,7,12,4,8,50,20,30
TAYLOR COUNTY,441,80 Years,599,252,347,528,225,303,19,9,10,10,3,7,42,15,27
TAYLOR COUNTY,441,81 Years,570,227,343,511,211,300,15,6,9,9,1,8,35,9,26
TAYLOR COUNTY,441,82 Years,512,217,295,449,191,258,15,6,9,9,3,6,39,17,22
TAYLOR COUNTY,441,83 Years,483,185,298,427,163,264,9,2,7,11,2,9,36,18,18
TAYLOR COUNTY,441,84 Years,429,160,269,368,133,235,13,3,10,12,5,7,36,19,17
TAYLOR COUNTY,441,85 Years +,2434,786,1648,2216,715,1501,67,22,45,25,4,21,126,45,81
TERRELL COUNTY,443,All Ages,983,517,466,490,257,233,8,7,1,17,10,7,468,243,225
TERRELL COUNTY,443,< 1 Year,11,5,6,4,1,3,0,0,0,0,0,0,7,4,3
TERRELL COUNTY,443,1 Years,13,5,8,5,1,4,0,0,0,1,0,1,7,4,3
TERRELL COUNTY,443,2 Years,11,5,6,2,0,2,0,0,0,1,0,1,8,5,3
TERRELL COUNTY,443,3 Years,13,4,9,6,2,4,0,0,0,1,0,1,6,2,4
TERRELL COUNTY,443,4 Years,16,8,8,7,4,3,0,0,0,0,0,0,9,4,5
TERRELL COUNTY,443,5 Years,12,7,5,4,3,1,0,0,0,0,0,0,8,4,4
TERRELL COUNTY,443,6 Years,13,5,8,4,2,2,0,0,0,0,0,0,9,3,6
TERRELL COUNTY,443,7 Years,11,6,5,6,3,3,0,0,0,0,0,0,5,3,2
TERRELL COUNTY,443,8 Years,9,6,3,5,2,3,0,0,0,0,0,0,4,4,0
TERRELL COUNTY,443,9 Years,12,7,5,6,4,2,0,0,0,0,0,0,6,3,3
TERRELL COUNTY,443,10 Years,15,9,6,6,3,3,0,0,0,0,0,0,9,6,3
TERRELL COUNTY,443,11 Years,11,7,4,4,2,2,0,0,0,0,0,0,7,5,2
TERRELL COUNTY,443,12 Years,8,5,3,4,3,1,0,0,0,0,0,0,4,2,2
TERRELL COUNTY,443,13 Years,10,6,4,5,3,2,0,0,0,0,0,0,5,3,2
TERRELL COUNTY,443,14 Years,13,7,6,5,2,3,0,0,0,0,0,0,8,5,3
TERRELL COUNTY,443,15 Years,8,6,2,3,3,0,0,0,0,0,0,0,5,3,2
TERRELL COUNTY,443,16 Years,9,8,1,5,5,0,0,0,0,0,0,0,4,3,1
TERRELL COUNTY,443,17 Years,15,11,4,3,3,0,1,1,0,2,2,0,9,5,4
TERRELL COUNTY,443,18 Years,17,8,9,6,3,3,0,0,0,1,1,0,10,4,6
TERRELL COUNTY,443,19 Years,10,6,4,4,3,1,0,0,0,0,0,0,6,3,3
TERRELL COUNTY,443,20 Years,11,5,6,5,1,4,0,0,0,0,0,0,6,4,2
TERRELL COUNTY,443,21 Years,9,5,4,5,3,2,0,0,0,0,0,0,4,2,2
TERRELL COUNTY,443,22 Years,7,3,4,1,1,0,0,0,0,0,0,0,6,2,4
TERRELL COUNTY,443,23 Years,4,2,2,1,1,0,0,0,0,0,0,0,3,1,2
TERRELL COUNTY,443,24 Years,5,2,3,4,2,2,0,0,0,0,0,0,1,0,1
TERRELL COUNTY,443,25 Years,10,6,4,2,1,1,0,0,0,0,0,0,8,5,3
TERRELL COUNTY,443,26 Years,8,5,3,3,2,1,0,0,0,0,0,0,5,3,2
TERRELL COUNTY,443,27 Years,12,4,8,3,1,2,0,0,0,0,0,0,9,3,6
TERRELL COUNTY,443,28 Years,9,5,4,5,4,1,0,0,0,0,0,0,4,1,3
TERRELL COUNTY,443,29 Years,10,6,4,6,3,3,0,0,0,0,0,0,4,3,1
TERRELL COUNTY,443,30 Years,12,4,8,5,2,3,0,0,0,0,0,0,7,2,5
TERRELL COUNTY,443,31 Years,9,5,4,3,1,2,1,1,0,0,0,0,5,3,2
TERRELL COUNTY,443,32 Years,11,6,5,8,4,4,1,1,0,0,0,0,2,1,1
TERRELL COUNTY,443,33 Years,14,10,4,10,6,4,0,0,0,1,1,0,3,3,0
TERRELL COUNTY,443,34 Years,8,5,3,4,2,2,0,0,0,1,1,0,3,2,1
TERRELL COUNTY,443,35 Years,7,3,4,3,1,2,0,0,0,0,0,0,4,2,2
TERRELL COUNTY,443,36 Years,14,8,6,10,6,4,0,0,0,0,0,0,4,2,2
TERRELL COUNTY,443,37 Years,11,5,6,6,2,4,0,0,0,0,0,0,5,3,2
TERRELL COUNTY,443,38 Years,10,7,3,6,4,2,0,0,0,0,0,0,4,3,1
TERRELL COUNTY,443,39 Years,12,5,7,6,3,3,1,0,1,0,0,0,5,2,3
TERRELL COUNTY,443,40 Years,11,7,4,3,2,1,0,0,0,0,0,0,8,5,3
TERRELL COUNTY,443,41 Years,14,7,7,6,2,4,0,0,0,0,0,0,8,5,3
TERRELL COUNTY,443,42 Years,12,6,6,7,4,3,0,0,0,0,0,0,5,2,3
TERRELL COUNTY,443,43 Years,13,8,5,8,5,3,0,0,0,0,0,0,5,3,2
TERRELL COUNTY,443,44 Years,13,6,7,5,2,3,0,0,0,0,0,0,8,4,4
TERRELL COUNTY,443,45 Years,11,3,8,4,1,3,0,0,0,0,0,0,7,2,5
TERRELL COUNTY,443,46 Years,11,6,5,4,2,2,2,2,0,0,0,0,5,2,3
TERRELL COUNTY,443,47 Years,14,11,3,6,4,2,2,2,0,0,0,0,6,5,1
TERRELL COUNTY,443,48 Years,12,7,5,6,3,3,0,0,0,0,0,0,6,4,2
TERRELL COUNTY,443,49 Years,11,7,4,6,5,1,0,0,0,1,1,0,4,1,3
TERRELL COUNTY,443,50 Years,8,4,4,4,3,1,0,0,0,0,0,0,4,1,3
TERRELL COUNTY,443,51 Years,13,7,6,5,2,3,0,0,0,1,1,0,7,4,3
TERRELL COUNTY,443,52 Years,11,3,8,6,2,4,0,0,0,0,0,0,5,1,4
TERRELL COUNTY,443,53 Years,14,8,6,8,5,3,0,0,0,1,1,0,5,2,3
TERRELL COUNTY,443,54 Years,13,5,8,5,2,3,0,0,0,0,0,0,8,3,5
TERRELL COUNTY,443,55 Years,20,10,10,10,5,5,0,0,0,0,0,0,10,5,5
TERRELL COUNTY,443,56 Years,13,7,6,8,5,3,0,0,0,1,0,1,4,2,2
TERRELL COUNTY,443,57 Years,11,6,5,7,3,4,0,0,0,0,0,0,4,3,1
TERRELL COUNTY,443,58 Years,15,10,5,10,6,4,0,0,0,0,0,0,5,4,1
TERRELL COUNTY,443,59 Years,14,5,9,7,2,5,0,0,0,0,0,0,7,3,4
TERRELL COUNTY,443,60 Years,12,5,7,9,3,6,0,0,0,0,0,0,3,2,1
TERRELL COUNTY,443,61 Years,19,10,9,14,8,6,0,0,0,0,0,0,5,2,3
TERRELL COUNTY,443,62 Years,18,9,9,11,5,6,0,0,0,0,0,0,7,4,3
TERRELL COUNTY,443,63 Years,19,10,9,10,6,4,0,0,0,0,0,0,9,4,5
TERRELL COUNTY,443,64 Years,16,10,6,8,6,2,0,0,0,1,0,1,7,4,3
TERRELL COUNTY,443,65 Years,16,7,9,8,3,5,0,0,0,0,0,0,8,4,4
TERRELL COUNTY,443,66 Years,11,6,5,8,4,4,0,0,0,0,0,0,3,2,1
TERRELL COUNTY,443,67 Years,10,5,5,6,2,4,0,0,0,0,0,0,4,3,1
TERRELL COUNTY,443,68 Years,12,6,6,7,3,4,0,0,0,0,0,0,5,3,2
TERRELL COUNTY,443,69 Years,9,5,4,7,4,3,0,0,0,0,0,0,2,1,1
TERRELL COUNTY,443,70 Years,10,5,5,6,3,3,0,0,0,0,0,0,4,2,2
TERRELL COUNTY,443,71 Years,13,6,7,7,4,3,0,0,0,0,0,0,6,2,4
TERRELL COUNTY,443,72 Years,14,10,4,8,6,2,0,0,0,0,0,0,6,4,2
TERRELL COUNTY,443,73 Years,10,6,4,5,3,2,0,0,0,0,0,0,5,3,2
TERRELL COUNTY,443,74 Years,11,6,5,5,4,1,0,0,0,0,0,0,6,2,4
TERRELL COUNTY,443,75 Years,11,6,5,6,5,1,0,0,0,1,0,1,4,1,3
TERRELL COUNTY,443,76 Years,6,2,4,4,1,3,0,0,0,0,0,0,2,1,1
TERRELL COUNTY,443,77 Years,6,3,3,3,1,2,0,0,0,0,0,0,3,2,1
TERRELL COUNTY,443,78 Years,7,5,2,2,1,1,0,0,0,1,1,0,4,3,1
TERRELL COUNTY,443,79 Years,6,3,3,3,2,1,0,0,0,1,1,0,2,0,2
TERRELL COUNTY,443,80 Years,9,5,4,4,2,2,0,0,0,0,0,0,5,3,2
TERRELL COUNTY,443,81 Years,9,3,6,6,2,4,0,0,0,0,0,0,3,1,2
TERRELL COUNTY,443,82 Years,13,4,9,9,3,6,0,0,0,0,0,0,4,1,3
TERRELL COUNTY,443,83 Years,5,1,4,3,1,2,0,0,0,0,0,0,2,0,2
TERRELL COUNTY,443,84 Years,7,3,4,3,2,1,0,0,0,1,0,1,3,1,2
TERRELL COUNTY,443,85 Years +,20,11,9,13,6,7,0,0,0,0,0,0,7,5,2
TERRY COUNTY,445,All Ages,12746,6782,5964,5714,2943,2771,563,376,187,134,75,59,6335,3388,2947
TERRY COUNTY,445,< 1 Year,191,97,94,57,30,27,4,2,2,2,2,0,128,63,65
TERRY COUNTY,445,1 Years,194,104,90,62,34,28,3,2,1,1,1,0,128,67,61
TERRY COUNTY,445,2 Years,210,110,100,61,34,27,6,1,5,4,3,1,139,72,67
TERRY COUNTY,445,3 Years,202,94,108,65,31,34,4,1,3,5,3,2,128,59,69
TERRY COUNTY,445,4 Years,204,100,104,68,38,30,4,2,2,3,1,2,129,59,70
TERRY COUNTY,445,5 Years,192,110,82,56,32,24,6,5,1,2,2,0,128,71,57
TERRY COUNTY,445,6 Years,181,103,78,59,33,26,8,4,4,1,1,0,113,65,48
TERRY COUNTY,445,7 Years,185,87,98,48,24,24,7,1,6,2,2,0,128,60,68
TERRY COUNTY,445,8 Years,180,77,103,57,26,31,7,1,6,3,1,2,113,49,64
TERRY COUNTY,445,9 Years,164,79,85,54,31,23,7,1,6,3,1,2,100,46,54
TERRY COUNTY,445,10 Years,174,87,87,58,28,30,2,0,2,3,2,1,111,57,54
TERRY COUNTY,445,11 Years,196,103,93,74,41,33,7,3,4,3,2,1,112,57,55
TERRY COUNTY,445,12 Years,189,100,89,61,30,31,8,5,3,3,2,1,117,63,54
TERRY COUNTY,445,13 Years,176,92,84,58,28,30,5,4,1,3,2,1,110,58,52
TERRY COUNTY,445,14 Years,171,92,79,63,39,24,4,1,3,1,0,1,103,52,51
TERRY COUNTY,445,15 Years,170,93,77,64,38,26,6,5,1,2,1,1,98,49,49
TERRY COUNTY,445,16 Years,157,79,78,57,28,29,7,4,3,0,0,0,93,47,46
TERRY COUNTY,445,17 Years,168,86,82,53,25,28,7,3,4,1,1,0,107,57,50
TERRY COUNTY,445,18 Years,166,89,77,60,32,28,14,6,8,1,0,1,91,51,40
TERRY COUNTY,445,19 Years,179,90,89,55,28,27,10,4,6,2,1,1,112,57,55
TERRY COUNTY,445,20 Years,190,107,83,62,29,33,22,18,4,2,1,1,104,59,45
TERRY COUNTY,445,21 Years,191,106,85,67,35,32,17,13,4,5,3,2,102,55,47
TERRY COUNTY,445,22 Years,210,119,91,76,39,37,17,14,3,2,2,0,115,64,51
TERRY COUNTY,445,23 Years,202,126,76,69,38,31,15,14,1,2,0,2,116,74,42
TERRY COUNTY,445,24 Years,207,133,74,68,40,28,21,17,4,2,1,1,116,75,41
TERRY COUNTY,445,25 Years,203,129,74,67,43,24,19,16,3,6,2,4,111,68,43
TERRY COUNTY,445,26 Years,201,124,77,68,40,28,16,14,2,5,2,3,112,68,44
TERRY COUNTY,445,27 Years,184,115,69,78,47,31,11,10,1,4,3,1,91,55,36
TERRY COUNTY,445,28 Years,171,104,67,59,32,27,14,12,2,3,2,1,95,58,37
TERRY COUNTY,445,29 Years,213,136,77,68,45,23,21,14,7,2,1,1,122,76,46
TERRY COUNTY,445,30 Years,157,97,60,57,34,23,9,6,3,3,2,1,88,55,33
TERRY COUNTY,445,31 Years,150,88,62,54,31,23,6,4,2,2,1,1,88,52,36
TERRY COUNTY,445,32 Years,168,96,72,62,38,24,5,3,2,1,1,0,100,54,46
TERRY COUNTY,445,33 Years,153,99,54,67,45,22,5,5,0,0,0,0,81,49,32
TERRY COUNTY,445,34 Years,138,81,57,59,34,25,11,8,3,1,1,0,67,38,29
TERRY COUNTY,445,35 Years,126,74,52,62,35,27,7,6,1,1,1,0,56,32,24
TERRY COUNTY,445,36 Years,128,77,51,60,36,24,9,9,0,2,0,2,57,32,25
TERRY COUNTY,445,37 Years,128,68,60,52,23,29,6,6,0,2,1,1,68,38,30
TERRY COUNTY,445,38 Years,138,85,53,56,37,19,8,6,2,2,1,1,72,41,31
TERRY COUNTY,445,39 Years,141,89,52,70,43,27,8,8,0,0,0,0,63,38,25
TERRY COUNTY,445,40 Years,153,86,67,69,38,31,7,6,1,0,0,0,77,42,35
TERRY COUNTY,445,41 Years,154,90,64,61,39,22,7,5,2,3,2,1,83,44,39
TERRY COUNTY,445,42 Years,134,67,67,53,27,26,6,4,2,2,1,1,73,35,38
TERRY COUNTY,445,43 Years,143,75,68,61,31,30,5,5,0,0,0,0,77,39,38
TERRY COUNTY,445,44 Years,158,82,76,73,40,33,4,3,1,2,0,2,79,39,40
TERRY COUNTY,445,45 Years,142,73,69,57,24,33,8,7,1,1,0,1,76,42,34
TERRY COUNTY,445,46 Years,174,98,76,68,36,32,7,5,2,1,1,0,98,56,42
TERRY COUNTY,445,47 Years,178,98,80,71,37,34,7,4,3,1,1,0,99,56,43
TERRY COUNTY,445,48 Years,187,98,89,88,42,46,9,6,3,2,1,1,88,49,39
TERRY COUNTY,445,49 Years,185,103,82,102,55,47,8,5,3,0,0,0,75,43,32
TERRY COUNTY,445,50 Years,161,100,61,82,52,30,6,4,2,0,0,0,73,44,29
TERRY COUNTY,445,51 Years,174,97,77,88,47,41,8,6,2,1,1,0,77,43,34
TERRY COUNTY,445,52 Years,177,85,92,94,48,46,7,4,3,1,1,0,75,32,43
TERRY COUNTY,445,53 Years,185,101,84,99,54,45,10,5,5,1,1,0,75,41,34
TERRY COUNTY,445,54 Years,166,85,81,81,40,41,6,3,3,2,1,1,77,41,36
TERRY COUNTY,445,55 Years,148,75,73,80,40,40,2,1,1,1,1,0,65,33,32
TERRY COUNTY,445,56 Years,178,96,82,105,57,48,6,4,2,0,0,0,67,35,32
TERRY COUNTY,445,57 Years,141,73,68,83,42,41,4,4,0,4,1,3,50,26,24
TERRY COUNTY,445,58 Years,126,60,66,75,33,42,3,2,1,1,0,1,47,25,22
TERRY COUNTY,445,59 Years,139,72,67,82,44,38,4,2,2,1,0,1,52,26,26
TERRY COUNTY,445,60 Years,149,76,73,87,45,42,6,4,2,1,0,1,55,27,28
TERRY COUNTY,445,61 Years,129,68,61,79,37,42,6,5,1,0,0,0,44,26,18
TERRY COUNTY,445,62 Years,123,70,53,69,37,32,2,1,1,1,1,0,51,31,20
TERRY COUNTY,445,63 Years,121,59,62,77,38,39,4,2,2,1,0,1,39,19,20
TERRY COUNTY,445,64 Years,115,51,64,71,35,36,2,0,2,2,1,1,40,15,25
TERRY COUNTY,445,65 Years,108,52,56,62,32,30,4,3,1,1,1,0,41,16,25
TERRY COUNTY,445,66 Years,114,57,57,62,29,33,3,1,2,2,2,0,47,25,22
TERRY COUNTY,445,67 Years,121,61,60,74,35,39,4,2,2,2,2,0,41,22,19
TERRY COUNTY,445,68 Years,100,51,49,65,30,35,5,3,2,0,0,0,30,18,12
TERRY COUNTY,445,69 Years,107,52,55,71,32,39,5,1,4,2,2,0,29,17,12
TERRY COUNTY,445,70 Years,106,50,56,66,30,36,3,1,2,1,0,1,36,19,17
TERRY COUNTY,445,71 Years,84,37,47,57,27,30,1,1,0,1,0,1,25,9,16
TERRY COUNTY,445,72 Years,74,34,40,52,27,25,0,0,0,0,0,0,22,7,15
TERRY COUNTY,445,73 Years,85,40,45,61,29,32,2,2,0,0,0,0,22,9,13
TERRY COUNTY,445,74 Years,84,32,52,57,21,36,2,1,1,0,0,0,25,10,15
TERRY COUNTY,445,75 Years,92,40,52,63,26,37,1,0,1,1,1,0,27,13,14
TERRY COUNTY,445,76 Years,91,33,58,67,26,41,0,0,0,2,0,2,22,7,15
TERRY COUNTY,445,77 Years,73,32,41,50,20,30,2,2,0,0,0,0,21,10,11
TERRY COUNTY,445,78 Years,63,29,34,40,18,22,1,0,1,0,0,0,22,11,11
TERRY COUNTY,445,79 Years,62,26,36,48,20,28,0,0,0,0,0,0,14,6,8
TERRY COUNTY,445,80 Years,64,24,40,50,20,30,1,0,1,0,0,0,13,4,9
TERRY COUNTY,445,81 Years,62,26,36,45,18,27,2,1,1,0,0,0,15,7,8
TERRY COUNTY,445,82 Years,56,24,32,44,16,28,2,1,1,0,0,0,10,7,3
TERRY COUNTY,445,83 Years,47,24,23,38,18,20,1,1,0,0,0,0,8,5,3
TERRY COUNTY,445,84 Years,41,20,21,31,15,16,2,1,1,0,0,0,8,4,4
TERRY COUNTY,445,85 Years +,224,75,149,185,62,123,5,0,5,1,0,1,33,13,20
THROCKMORTON COUNTY,447,All Ages,1623,803,820,1433,720,713,10,2,8,25,11,14,155,70,85
THROCKMORTON COUNTY,447,< 1 Year,13,9,4,12,8,4,0,0,0,0,0,0,1,1,0
THROCKMORTON COUNTY,447,1 Years,14,9,5,11,7,4,0,0,0,0,0,0,3,2,1
THROCKMORTON COUNTY,447,2 Years,19,7,12,14,5,9,2,0,2,0,0,0,3,2,1
THROCKMORTON COUNTY,447,3 Years,18,8,10,13,6,7,0,0,0,0,0,0,5,2,3
THROCKMORTON COUNTY,447,4 Years,22,12,10,18,10,8,0,0,0,0,0,0,4,2,2
THROCKMORTON COUNTY,447,5 Years,18,10,8,16,9,7,0,0,0,0,0,0,2,1,1
THROCKMORTON COUNTY,447,6 Years,18,9,9,15,9,6,0,0,0,0,0,0,3,0,3
THROCKMORTON COUNTY,447,7 Years,14,6,8,11,6,5,1,0,1,0,0,0,2,0,2
THROCKMORTON COUNTY,447,8 Years,20,11,9,15,9,6,1,0,1,1,0,1,3,2,1
THROCKMORTON COUNTY,447,9 Years,14,6,8,11,5,6,0,0,0,0,0,0,3,1,2
THROCKMORTON COUNTY,447,10 Years,18,5,13,13,5,8,0,0,0,1,0,1,4,0,4
THROCKMORTON COUNTY,447,11 Years,19,9,10,15,8,7,0,0,0,0,0,0,4,1,3
THROCKMORTON COUNTY,447,12 Years,25,15,10,20,12,8,0,0,0,0,0,0,5,3,2
THROCKMORTON COUNTY,447,13 Years,14,7,7,11,6,5,0,0,0,0,0,0,3,1,2
THROCKMORTON COUNTY,447,14 Years,20,12,8,16,11,5,0,0,0,1,0,1,3,1,2
THROCKMORTON COUNTY,447,15 Years,26,19,7,20,13,7,0,0,0,1,1,0,5,5,0
THROCKMORTON COUNTY,447,16 Years,28,17,11,25,15,10,0,0,0,1,1,0,2,1,1
THROCKMORTON COUNTY,447,17 Years,25,15,10,22,12,10,1,1,0,1,1,0,1,1,0
THROCKMORTON COUNTY,447,18 Years,27,12,15,23,9,14,0,0,0,1,1,0,3,2,1
THROCKMORTON COUNTY,447,19 Years,20,8,12,16,7,9,1,0,1,0,0,0,3,1,2
THROCKMORTON COUNTY,447,20 Years,13,8,5,11,7,4,0,0,0,0,0,0,2,1,1
THROCKMORTON COUNTY,447,21 Years,10,6,4,9,5,4,0,0,0,0,0,0,1,1,0
THROCKMORTON COUNTY,447,22 Years,11,5,6,9,5,4,0,0,0,0,0,0,2,0,2
THROCKMORTON COUNTY,447,23 Years,14,6,8,12,6,6,0,0,0,0,0,0,2,0,2
THROCKMORTON COUNTY,447,24 Years,16,9,7,15,9,6,0,0,0,0,0,0,1,0,1
THROCKMORTON COUNTY,447,25 Years,11,7,4,11,7,4,0,0,0,0,0,0,0,0,0
THROCKMORTON COUNTY,447,26 Years,8,6,2,8,6,2,0,0,0,0,0,0,0,0,0
THROCKMORTON COUNTY,447,27 Years,15,9,6,14,9,5,0,0,0,0,0,0,1,0,1
THROCKMORTON COUNTY,447,28 Years,21,9,12,17,6,11,0,0,0,1,0,1,3,3,0
THROCKMORTON COUNTY,447,29 Years,20,8,12,17,7,10,0,0,0,0,0,0,3,1,2
THROCKMORTON COUNTY,447,30 Years,13,7,6,12,7,5,0,0,0,0,0,0,1,0,1
THROCKMORTON COUNTY,447,31 Years,15,7,8,12,4,8,0,0,0,0,0,0,3,3,0
THROCKMORTON COUNTY,447,32 Years,9,5,4,8,4,4,0,0,0,0,0,0,1,1,0
THROCKMORTON COUNTY,447,33 Years,17,7,10,14,6,8,0,0,0,0,0,0,3,1,2
THROCKMORTON COUNTY,447,34 Years,17,11,6,13,8,5,0,0,0,0,0,0,4,3,1
THROCKMORTON COUNTY,447,35 Years,14,8,6,11,6,5,0,0,0,0,0,0,3,2,1
THROCKMORTON COUNTY,447,36 Years,11,6,5,9,5,4,0,0,0,0,0,0,2,1,1
THROCKMORTON COUNTY,447,37 Years,16,6,10,14,5,9,0,0,0,0,0,0,2,1,1
THROCKMORTON COUNTY,447,38 Years,17,6,11,13,5,8,0,0,0,0,0,0,4,1,3
THROCKMORTON COUNTY,447,39 Years,18,9,9,14,8,6,1,0,1,1,0,1,2,1,1
THROCKMORTON COUNTY,447,40 Years,18,10,8,17,9,8,0,0,0,0,0,0,1,1,0
THROCKMORTON COUNTY,447,41 Years,16,8,8,15,8,7,0,0,0,0,0,0,1,0,1
THROCKMORTON COUNTY,447,42 Years,16,9,7,15,8,7,0,0,0,0,0,0,1,1,0
THROCKMORTON COUNTY,447,43 Years,19,11,8,16,10,6,1,0,1,0,0,0,2,1,1
THROCKMORTON COUNTY,447,44 Years,19,10,9,18,10,8,1,0,1,0,0,0,0,0,0
THROCKMORTON COUNTY,447,45 Years,14,8,6,13,8,5,0,0,0,0,0,0,1,0,1
THROCKMORTON COUNTY,447,46 Years,24,8,16,22,8,14,0,0,0,0,0,0,2,0,2
THROCKMORTON COUNTY,447,47 Years,25,11,14,22,10,12,0,0,0,0,0,0,3,1,2
THROCKMORTON COUNTY,447,48 Years,29,13,16,26,12,14,0,0,0,0,0,0,3,1,2
THROCKMORTON COUNTY,447,49 Years,30,17,13,25,14,11,0,0,0,1,0,1,4,3,1
THROCKMORTON COUNTY,447,50 Years,24,15,9,22,14,8,0,0,0,1,0,1,1,1,0
THROCKMORTON COUNTY,447,51 Years,20,9,11,18,9,9,0,0,0,0,0,0,2,0,2
THROCKMORTON COUNTY,447,52 Years,26,13,13,24,13,11,0,0,0,0,0,0,2,0,2
THROCKMORTON COUNTY,447,53 Years,27,12,15,24,11,13,0,0,0,0,0,0,3,1,2
THROCKMORTON COUNTY,447,54 Years,23,11,12,22,10,12,0,0,0,0,0,0,1,1,0
THROCKMORTON COUNTY,447,55 Years,15,7,8,14,6,8,0,0,0,1,1,0,0,0,0
THROCKMORTON COUNTY,447,56 Years,21,10,11,19,10,9,0,0,0,1,0,1,1,0,1
THROCKMORTON COUNTY,447,57 Years,24,12,12,23,11,12,0,0,0,1,1,0,0,0,0
THROCKMORTON COUNTY,447,58 Years,17,9,8,16,8,8,0,0,0,1,1,0,0,0,0
THROCKMORTON COUNTY,447,59 Years,19,12,7,17,11,6,0,0,0,0,0,0,2,1,1
THROCKMORTON COUNTY,447,60 Years,20,10,10,18,8,10,0,0,0,0,0,0,2,2,0
THROCKMORTON COUNTY,447,61 Years,24,9,15,23,9,14,0,0,0,0,0,0,1,0,1
THROCKMORTON COUNTY,447,62 Years,23,10,13,22,9,13,0,0,0,1,1,0,0,0,0
THROCKMORTON COUNTY,447,63 Years,23,12,11,22,11,11,0,0,0,0,0,0,1,1,0
THROCKMORTON COUNTY,447,64 Years,26,16,10,24,16,8,0,0,0,0,0,0,2,0,2
THROCKMORTON COUNTY,447,65 Years,16,8,8,15,8,7,0,0,0,0,0,0,1,0,1
THROCKMORTON COUNTY,447,66 Years,18,6,12,15,6,9,0,0,0,2,0,2,1,0,1
THROCKMORTON COUNTY,447,67 Years,24,11,13,22,10,12,0,0,0,1,0,1,1,1,0
THROCKMORTON COUNTY,447,68 Years,17,8,9,17,8,9,0,0,0,0,0,0,0,0,0
THROCKMORTON COUNTY,447,69 Years,17,8,9,17,8,9,0,0,0,0,0,0,0,0,0
THROCKMORTON COUNTY,447,70 Years,28,15,13,24,12,12,1,1,0,1,1,0,2,1,1
THROCKMORTON COUNTY,447,71 Years,24,9,15,20,9,11,0,0,0,1,0,1,3,0,3
THROCKMORTON COUNTY,447,72 Years,19,5,14,16,4,12,0,0,0,1,0,1,2,1,1
THROCKMORTON COUNTY,447,73 Years,23,10,13,21,9,12,0,0,0,0,0,0,2,1,1
THROCKMORTON COUNTY,447,74 Years,23,13,10,23,13,10,0,0,0,0,0,0,0,0,0
THROCKMORTON COUNTY,447,75 Years,19,12,7,19,12,7,0,0,0,0,0,0,0,0,0
THROCKMORTON COUNTY,447,76 Years,17,9,8,17,9,8,0,0,0,0,0,0,0,0,0
THROCKMORTON COUNTY,447,77 Years,21,9,12,19,8,11,0,0,0,1,1,0,1,0,1
THROCKMORTON COUNTY,447,78 Years,15,8,7,15,8,7,0,0,0,0,0,0,0,0,0
THROCKMORTON COUNTY,447,79 Years,13,5,8,13,5,8,0,0,0,0,0,0,0,0,0
THROCKMORTON COUNTY,447,80 Years,13,5,8,12,5,7,0,0,0,1,0,1,0,0,0
THROCKMORTON COUNTY,447,81 Years,13,5,8,12,5,7,0,0,0,0,0,0,1,0,1
THROCKMORTON COUNTY,447,82 Years,11,4,7,10,3,7,0,0,0,1,1,0,0,0,0
THROCKMORTON COUNTY,447,83 Years,8,3,5,8,3,5,0,0,0,0,0,0,0,0,0
THROCKMORTON COUNTY,447,84 Years,9,6,3,8,5,3,0,0,0,0,0,0,1,1,0
THROCKMORTON COUNTY,447,85 Years +,55,21,34,53,20,33,0,0,0,0,0,0,2,1,1
TITUS COUNTY,449,All Ages,32680,16183,16497,15746,7604,8142,3021,1423,1598,655,303,352,13258,6853,6405
TITUS COUNTY,449,< 1 Year,520,265,255,171,87,84,39,20,19,8,5,3,302,153,149
TITUS COUNTY,449,1 Years,570,291,279,172,88,84,38,24,14,16,8,8,344,171,173
TITUS COUNTY,449,2 Years,567,276,291,165,85,80,42,22,20,17,5,12,343,164,179
TITUS COUNTY,449,3 Years,606,289,317,183,91,92,44,23,21,18,3,15,361,172,189
TITUS COUNTY,449,4 Years,597,298,299,197,98,99,45,22,23,17,7,10,338,171,167
TITUS COUNTY,449,5 Years,578,286,292,178,88,90,40,22,18,15,7,8,345,169,176
TITUS COUNTY,449,6 Years,530,269,261,165,86,79,44,21,23,17,7,10,304,155,149
TITUS COUNTY,449,7 Years,545,266,279,175,84,91,47,26,21,16,7,9,307,149,158
TITUS COUNTY,449,8 Years,523,249,274,165,84,81,46,22,24,14,5,9,298,138,160
TITUS COUNTY,449,9 Years,532,279,253,175,94,81,45,22,23,14,7,7,298,156,142
TITUS COUNTY,449,10 Years,553,299,254,180,96,84,47,26,21,19,9,10,307,168,139
TITUS COUNTY,449,11 Years,508,260,248,175,91,84,35,19,16,16,6,10,282,144,138
TITUS COUNTY,449,12 Years,528,287,241,198,109,89,45,19,26,13,4,9,272,155,117
TITUS COUNTY,449,13 Years,520,277,243,192,107,85,45,22,23,11,5,6,272,143,129
TITUS COUNTY,449,14 Years,543,263,280,199,97,102,48,26,22,10,2,8,286,138,148
TITUS COUNTY,449,15 Years,567,284,283,211,107,104,61,27,34,11,6,5,284,144,140
TITUS COUNTY,449,16 Years,544,277,267,202,101,101,51,25,26,7,4,3,284,147,137
TITUS COUNTY,449,17 Years,546,274,272,186,91,95,41,22,19,15,7,8,304,154,150
TITUS COUNTY,449,18 Years,522,276,246,174,89,85,52,28,24,11,7,4,285,152,133
TITUS COUNTY,449,19 Years,462,249,213,155,77,78,51,31,20,4,3,1,252,138,114
TITUS COUNTY,449,20 Years,493,275,218,199,104,95,44,24,20,8,5,3,242,142,100
TITUS COUNTY,449,21 Years,485,253,232,198,99,99,44,25,19,10,3,7,233,126,107
TITUS COUNTY,449,22 Years,477,228,249,170,75,95,55,30,25,10,4,6,242,119,123
TITUS COUNTY,449,23 Years,443,208,235,169,76,93,41,20,21,6,1,5,227,111,116
TITUS COUNTY,449,24 Years,412,201,211,147,65,82,34,17,17,7,3,4,224,116,108
TITUS COUNTY,449,25 Years,419,206,213,169,76,93,34,18,16,4,3,1,212,109,103
TITUS COUNTY,449,26 Years,412,213,199,164,80,84,33,16,17,5,3,2,210,114,96
TITUS COUNTY,449,27 Years,388,201,187,145,73,72,40,20,20,5,1,4,198,107,91
TITUS COUNTY,449,28 Years,415,220,195,166,92,74,38,21,17,4,2,2,207,105,102
TITUS COUNTY,449,29 Years,428,228,200,180,93,87,41,24,17,6,2,4,201,109,92
TITUS COUNTY,449,30 Years,427,205,222,177,84,93,34,19,15,8,3,5,208,99,109
TITUS COUNTY,449,31 Years,419,194,225,173,74,99,33,16,17,13,4,9,200,100,100
TITUS COUNTY,449,32 Years,408,192,216,162,67,95,39,21,18,11,3,8,196,101,95
TITUS COUNTY,449,33 Years,418,208,210,154,71,83,40,19,21,10,6,4,214,112,102
TITUS COUNTY,449,34 Years,417,210,207,166,79,87,35,14,21,12,8,4,204,109,95
TITUS COUNTY,449,35 Years,391,194,197,157,83,74,36,17,19,7,4,3,191,90,101
TITUS COUNTY,449,36 Years,421,220,201,159,87,72,30,15,15,9,5,4,223,113,110
TITUS COUNTY,449,37 Years,405,203,202,157,85,72,40,21,19,5,2,3,203,95,108
TITUS COUNTY,449,38 Years,429,210,219,182,100,82,42,15,27,6,4,2,199,91,108
TITUS COUNTY,449,39 Years,410,200,210,169,84,85,30,8,22,6,5,1,205,103,102
TITUS COUNTY,449,40 Years,415,207,208,193,97,96,38,14,24,9,5,4,175,91,84
TITUS COUNTY,449,41 Years,436,221,215,186,91,95,43,19,24,11,5,6,196,106,90
TITUS COUNTY,449,42 Years,426,221,205,179,87,92,51,22,29,10,6,4,186,106,80
TITUS COUNTY,449,43 Years,399,203,196,167,84,83,47,21,26,7,4,3,178,94,84
TITUS COUNTY,449,44 Years,417,200,217,197,87,110,46,19,27,8,4,4,166,90,76
TITUS COUNTY,449,45 Years,420,207,213,207,91,116,43,20,23,5,4,1,165,92,73
TITUS COUNTY,449,46 Years,409,201,208,214,97,117,39,18,21,7,4,3,149,82,67
TITUS COUNTY,449,47 Years,438,227,211,228,116,112,44,18,26,7,2,5,159,91,68
TITUS COUNTY,449,48 Years,445,224,221,244,126,118,46,20,26,9,3,6,146,75,71
TITUS COUNTY,449,49 Years,411,198,213,235,116,119,45,19,26,8,2,6,123,61,62
TITUS COUNTY,449,50 Years,385,181,204,235,107,128,40,16,24,7,5,2,103,53,50
TITUS COUNTY,449,51 Years,404,197,207,248,122,126,48,22,26,7,2,5,101,51,50
TITUS COUNTY,449,52 Years,369,193,176,227,109,118,44,24,20,5,3,2,93,57,36
TITUS COUNTY,449,53 Years,375,191,184,239,115,124,34,17,17,8,6,2,94,53,41
TITUS COUNTY,449,54 Years,361,183,178,237,115,122,36,19,17,4,3,1,84,46,38
TITUS COUNTY,449,55 Years,351,151,200,232,96,136,42,15,27,8,4,4,69,36,33
TITUS COUNTY,449,56 Years,359,171,188,232,106,126,47,22,25,8,4,4,72,39,33
TITUS COUNTY,449,57 Years,350,180,170,233,120,113,37,16,21,9,4,5,71,40,31
TITUS COUNTY,449,58 Years,337,178,159,232,119,113,37,19,18,10,5,5,58,35,23
TITUS COUNTY,449,59 Years,345,169,176,252,122,130,33,16,17,8,5,3,52,26,26
TITUS COUNTY,449,60 Years,348,171,177,238,114,124,42,19,23,8,4,4,60,34,26
TITUS COUNTY,449,61 Years,329,154,175,252,118,134,34,15,19,5,2,3,38,19,19
TITUS COUNTY,449,62 Years,306,148,158,238,118,120,27,10,17,3,1,2,38,19,19
TITUS COUNTY,449,63 Years,330,159,171,251,119,132,28,10,18,4,0,4,47,30,17
TITUS COUNTY,449,64 Years,310,146,164,248,113,135,26,12,14,3,1,2,33,20,13
TITUS COUNTY,449,65 Years,260,125,135,197,98,99,30,12,18,4,1,3,29,14,15
TITUS COUNTY,449,66 Years,237,117,120,179,88,91,15,5,10,6,4,2,37,20,17
TITUS COUNTY,449,67 Years,251,116,135,198,91,107,23,12,11,4,3,1,26,10,16
TITUS COUNTY,449,68 Years,226,117,109,181,92,89,19,11,8,6,2,4,20,12,8
TITUS COUNTY,449,69 Years,226,108,118,177,86,91,20,8,12,8,4,4,21,10,11
TITUS COUNTY,449,70 Years,239,111,128,188,92,96,26,8,18,4,2,2,21,9,12
TITUS COUNTY,449,71 Years,197,98,99,157,81,76,20,7,13,2,1,1,18,9,9
TITUS COUNTY,449,72 Years,187,92,95,149,72,77,17,6,11,2,1,1,19,13,6
TITUS COUNTY,449,73 Years,174,81,93,142,63,79,15,7,8,2,1,1,15,10,5
TITUS COUNTY,449,74 Years,162,75,87,134,62,72,12,4,8,4,2,2,12,7,5
TITUS COUNTY,449,75 Years,151,70,81,123,58,65,15,5,10,3,2,1,10,5,5
TITUS COUNTY,449,76 Years,147,74,73,114,58,56,19,7,12,2,2,0,12,7,5
TITUS COUNTY,449,77 Years,123,56,67,103,48,55,15,5,10,1,1,0,4,2,2
TITUS COUNTY,449,78 Years,131,61,70,107,50,57,18,7,11,1,1,0,5,3,2
TITUS COUNTY,449,79 Years,120,50,70,103,41,62,9,3,6,1,1,0,7,5,2
TITUS COUNTY,449,80 Years,123,46,77,99,34,65,13,6,7,1,1,0,10,5,5
TITUS COUNTY,449,81 Years,118,53,65,100,46,54,10,4,6,0,0,0,8,3,5
TITUS COUNTY,449,82 Years,98,45,53,85,38,47,8,4,4,0,0,0,5,3,2
TITUS COUNTY,449,83 Years,95,42,53,83,37,46,8,3,5,0,0,0,4,2,2
TITUS COUNTY,449,84 Years,77,30,47,66,27,39,8,2,6,1,0,1,2,1,1
TITUS COUNTY,449,85 Years +,485,152,333,436,140,296,35,6,29,4,1,3,10,5,5
TOM GREEN COUNTY,451,All Ages,111001,54395,56606,63489,30996,32493,4030,2146,1884,3216,1513,1703,40266,19740,20526
TOM GREEN COUNTY,451,< 1 Year,1645,835,810,825,419,406,51,25,26,37,19,18,732,372,360
TOM GREEN COUNTY,451,1 Years,1539,774,765,661,326,335,42,21,21,47,24,23,789,403,386
TOM GREEN COUNTY,451,2 Years,1525,758,767,629,307,322,42,19,23,66,37,29,788,395,393
TOM GREEN COUNTY,451,3 Years,1585,821,764,681,358,323,61,33,28,53,27,26,790,403,387
TOM GREEN COUNTY,451,4 Years,1619,841,778,672,344,328,57,33,24,58,28,30,832,436,396
TOM GREEN COUNTY,451,5 Years,1497,761,736,618,316,302,43,22,21,54,28,26,782,395,387
TOM GREEN COUNTY,451,6 Years,1511,782,729,651,341,310,47,22,25,59,34,25,754,385,369
TOM GREEN COUNTY,451,7 Years,1482,755,727,625,324,301,42,23,19,59,31,28,756,377,379
TOM GREEN COUNTY,451,8 Years,1424,726,698,586,300,286,49,29,20,43,21,22,746,376,370
TOM GREEN COUNTY,451,9 Years,1390,714,676,604,310,294,53,30,23,48,23,25,685,351,334
TOM GREEN COUNTY,451,10 Years,1444,743,701,609,317,292,41,21,20,48,23,25,746,382,364
TOM GREEN COUNTY,451,11 Years,1446,734,712,632,339,293,37,19,18,51,17,34,726,359,367
TOM GREEN COUNTY,451,12 Years,1413,729,684,650,335,315,37,22,15,55,26,29,671,346,325
TOM GREEN COUNTY,451,13 Years,1396,709,687,631,310,321,47,28,19,46,24,22,672,347,325
TOM GREEN COUNTY,451,14 Years,1346,698,648,632,340,292,41,24,17,47,22,25,626,312,314
TOM GREEN COUNTY,451,15 Years,1325,681,644,594,294,300,43,23,20,40,20,20,648,344,304
TOM GREEN COUNTY,451,16 Years,1284,648,636,603,308,295,43,19,24,45,26,19,593,295,298
TOM GREEN COUNTY,451,17 Years,1512,783,729,702,372,330,60,28,32,48,22,26,702,361,341
TOM GREEN COUNTY,451,18 Years,1948,904,1044,973,413,560,103,54,49,43,18,25,829,419,410
TOM GREEN COUNTY,451,19 Years,2554,1362,1192,1298,727,571,180,104,76,80,43,37,996,488,508
TOM GREEN COUNTY,451,20 Years,2399,1239,1160,1282,681,601,163,92,71,103,55,48,851,411,440
TOM GREEN COUNTY,451,21 Years,2286,1187,1099,1270,665,605,117,68,49,90,50,40,809,404,405
TOM GREEN COUNTY,451,22 Years,2158,1087,1071,1241,614,627,109,69,40,78,38,40,730,366,364
TOM GREEN COUNTY,451,23 Years,1902,1042,860,1032,604,428,92,45,47,78,39,39,700,354,346
TOM GREEN COUNTY,451,24 Years,1912,1047,865,1056,606,450,93,56,37,61,36,25,702,349,353
TOM GREEN COUNTY,451,25 Years,1587,831,756,803,414,389,76,43,33,58,36,22,650,338,312
TOM GREEN COUNTY,451,26 Years,1701,895,806,922,482,440,83,46,37,50,29,21,646,338,308
TOM GREEN COUNTY,451,27 Years,1759,906,853,977,498,479,68,37,31,56,34,22,658,337,321
TOM GREEN COUNTY,451,28 Years,1607,782,825,856,413,443,70,37,33,51,29,22,630,303,327
TOM GREEN COUNTY,451,29 Years,1533,760,773,826,406,420,66,39,27,39,21,18,602,294,308
TOM GREEN COUNTY,451,30 Years,1510,759,751,792,392,400,61,36,25,43,25,18,614,306,308
TOM GREEN COUNTY,451,31 Years,1454,755,699,785,415,370,64,38,26,41,26,15,564,276,288
TOM GREEN COUNTY,451,32 Years,1276,616,660,695,353,342,57,33,24,29,17,12,495,213,282
TOM GREEN COUNTY,451,33 Years,1256,615,641,691,347,344,47,32,15,44,26,18,474,210,264
TOM GREEN COUNTY,451,34 Years,1187,601,586,650,328,322,36,20,16,40,22,18,461,231,230
TOM GREEN COUNTY,451,35 Years,1165,586,579,645,324,321,32,22,10,33,18,15,455,222,233
TOM GREEN COUNTY,451,36 Years,1160,571,589,628,327,301,34,19,15,50,18,32,448,207,241
TOM GREEN COUNTY,451,37 Years,1158,552,606,611,292,319,39,22,17,47,19,28,461,219,242
TOM GREEN COUNTY,451,38 Years,1154,544,610,602,280,322,34,21,13,46,18,28,472,225,247
TOM GREEN COUNTY,451,39 Years,1227,608,619,653,328,325,38,20,18,40,18,22,496,242,254
TOM GREEN COUNTY,451,40 Years,1226,606,620,665,332,333,34,15,19,41,18,23,486,241,245
TOM GREEN COUNTY,451,41 Years,1289,628,661,724,353,371,34,18,16,36,15,21,495,242,253
TOM GREEN COUNTY,451,42 Years,1179,593,586,647,336,311,37,22,15,32,15,17,463,220,243
TOM GREEN COUNTY,451,43 Years,1210,600,610,674,353,321,35,15,20,34,13,21,467,219,248
TOM GREEN COUNTY,451,44 Years,1217,581,636,671,321,350,48,26,22,35,12,23,463,222,241
TOM GREEN COUNTY,451,45 Years,1203,562,641,673,300,373,46,26,20,31,15,16,453,221,232
TOM GREEN COUNTY,451,46 Years,1310,622,688,772,372,400,45,25,20,31,12,19,462,213,249
TOM GREEN COUNTY,451,47 Years,1351,633,718,809,378,431,44,27,17,32,12,20,466,216,250
TOM GREEN COUNTY,451,48 Years,1403,669,734,835,393,442,51,26,25,36,16,20,481,234,247
TOM GREEN COUNTY,451,49 Years,1484,720,764,859,418,441,52,21,31,32,14,18,541,267,274
TOM GREEN COUNTY,451,50 Years,1473,703,770,885,420,465,53,25,28,28,8,20,507,250,257
TOM GREEN COUNTY,451,51 Years,1456,694,762,914,419,495,54,28,26,26,12,14,462,235,227
TOM GREEN COUNTY,451,52 Years,1480,714,766,950,453,497,58,33,25,31,16,15,441,212,229
TOM GREEN COUNTY,451,53 Years,1478,681,797,944,434,510,51,29,22,35,12,23,448,206,242
TOM GREEN COUNTY,451,54 Years,1466,673,793,937,426,511,46,22,24,38,13,25,445,212,233
TOM GREEN COUNTY,451,55 Years,1395,688,707,889,444,445,65,34,31,28,11,17,413,199,214
TOM GREEN COUNTY,451,56 Years,1434,695,739,960,470,490,42,19,23,37,16,21,395,190,205
TOM GREEN COUNTY,451,57 Years,1351,646,705,913,437,476,39,20,19,28,11,17,371,178,193
TOM GREEN COUNTY,451,58 Years,1380,660,720,935,453,482,48,24,24,29,11,18,368,172,196
TOM GREEN COUNTY,451,59 Years,1324,632,692,896,436,460,47,23,24,30,12,18,351,161,190
TOM GREEN COUNTY,451,60 Years,1236,593,643,822,400,422,45,23,22,29,11,18,340,159,181
TOM GREEN COUNTY,451,61 Years,1257,615,642,854,427,427,44,25,19,29,8,21,330,155,175
TOM GREEN COUNTY,451,62 Years,1140,557,583,785,375,410,43,23,20,32,13,19,280,146,134
TOM GREEN COUNTY,451,63 Years,1196,574,622,848,407,441,33,16,17,29,12,17,286,139,147
TOM GREEN COUNTY,451,64 Years,1222,575,647,885,419,466,28,14,14,28,9,19,281,133,148
TOM GREEN COUNTY,451,65 Years,958,458,500,685,337,348,24,10,14,22,9,13,227,102,125
TOM GREEN COUNTY,451,66 Years,895,416,479,619,291,328,30,15,15,21,9,12,225,101,124
TOM GREEN COUNTY,451,67 Years,947,441,506,692,326,366,26,11,15,16,6,10,213,98,115
TOM GREEN COUNTY,451,68 Years,847,394,453,622,291,331,23,10,13,15,6,9,187,87,100
TOM GREEN COUNTY,451,69 Years,814,405,409,590,291,299,23,11,12,14,5,9,187,98,89
TOM GREEN COUNTY,451,70 Years,770,370,400,575,276,299,18,9,9,17,7,10,160,78,82
TOM GREEN COUNTY,451,71 Years,755,342,413,593,268,325,15,10,5,17,9,8,130,55,75
TOM GREEN COUNTY,451,72 Years,700,309,391,539,242,297,17,11,6,16,8,8,128,48,80
TOM GREEN COUNTY,451,73 Years,717,312,405,541,243,298,20,11,9,17,6,11,139,52,87
TOM GREEN COUNTY,451,74 Years,661,285,376,500,220,280,22,10,12,8,2,6,131,53,78
TOM GREEN COUNTY,451,75 Years,679,291,388,508,217,291,23,9,14,12,4,8,136,61,75
TOM GREEN COUNTY,451,76 Years,657,291,366,517,234,283,19,9,10,11,2,9,110,46,64
TOM GREEN COUNTY,451,77 Years,644,291,353,496,221,275,16,8,8,13,6,7,119,56,63
TOM GREEN COUNTY,451,78 Years,618,259,359,475,199,276,17,7,10,9,3,6,117,50,67
TOM GREEN COUNTY,451,79 Years,542,238,304,419,181,238,14,4,10,11,4,7,98,49,49
TOM GREEN COUNTY,451,80 Years,528,234,294,414,179,235,11,4,7,13,4,9,90,47,43
TOM GREEN COUNTY,451,81 Years,509,213,296,409,176,233,11,3,8,10,4,6,79,30,49
TOM GREEN COUNTY,451,82 Years,433,194,239,343,154,189,10,3,7,8,3,5,72,34,38
TOM GREEN COUNTY,451,83 Years,401,167,234,313,128,185,12,4,8,8,2,6,68,33,35
TOM GREEN COUNTY,451,84 Years,405,145,260,323,116,207,10,5,5,7,2,5,65,22,43
TOM GREEN COUNTY,451,85 Years +,2085,685,1400,1677,561,1116,49,9,40,50,8,42,309,107,202
TRAVIS COUNTY,453,All Ages,1049785,529779,520006,525004,264491,260513,83923,40539,43384,85262,42142,43120,355596,182607,172989
TRAVIS COUNTY,453,< 1 Year,16874,8569,8305,6791,3453,3338,1198,603,595,1341,681,660,7544,3832,3712
TRAVIS COUNTY,453,1 Years,16018,8193,7825,5755,2997,2758,1151,566,585,1365,686,679,7747,3944,3803
TRAVIS COUNTY,453,2 Years,15315,7849,7466,5246,2712,2534,1124,561,563,1410,720,690,7535,3856,3679
TRAVIS COUNTY,453,3 Years,15318,7823,7495,5177,2700,2477,1174,605,569,1424,710,714,7543,3808,3735
TRAVIS COUNTY,453,4 Years,15176,7700,7476,5172,2674,2498,1215,608,607,1383,707,676,7406,3711,3695
TRAVIS COUNTY,453,5 Years,14938,7603,7335,5160,2637,2523,1201,599,602,1386,703,683,7191,3664,3527
TRAVIS COUNTY,453,6 Years,14722,7463,7259,5020,2536,2484,1172,580,592,1439,705,734,7091,3642,3449
TRAVIS COUNTY,453,7 Years,14444,7332,7112,5065,2620,2445,1128,552,576,1350,667,683,6901,3493,3408
TRAVIS COUNTY,453,8 Years,14374,7333,7041,5145,2672,2473,1143,574,569,1301,645,656,6785,3442,3343
TRAVIS COUNTY,453,9 Years,14064,7214,6850,5019,2585,2434,1215,635,580,1268,615,653,6562,3379,3183
TRAVIS COUNTY,453,10 Years,13802,7049,6753,4847,2511,2336,1245,637,608,1219,588,631,6491,3313,3178
TRAVIS COUNTY,453,11 Years,13539,6942,6597,4772,2490,2282,1259,653,606,1102,537,565,6406,3262,3144
TRAVIS COUNTY,453,12 Years,12941,6640,6301,4618,2349,2269,1247,649,598,1045,540,505,6031,3102,2929
TRAVIS COUNTY,453,13 Years,12575,6517,6058,4549,2348,2201,1231,667,564,1069,535,534,5726,2967,2759
TRAVIS COUNTY,453,14 Years,12321,6301,6020,4578,2329,2249,1258,652,606,1011,487,524,5474,2833,2641
TRAVIS COUNTY,453,15 Years,12176,6213,5963,4617,2357,2260,1247,641,606,934,457,477,5378,2758,2620
TRAVIS COUNTY,453,16 Years,11927,6099,5828,4485,2298,2187,1261,636,625,906,466,440,5275,2699,2576
TRAVIS COUNTY,453,17 Years,11954,6107,5847,4497,2289,2208,1316,667,649,944,471,473,5197,2680,2517
TRAVIS COUNTY,453,18 Years,13627,7036,6591,5128,2650,2478,1408,732,676,1396,713,683,5695,2941,2754
TRAVIS COUNTY,453,19 Years,17545,8764,8781,6961,3393,3568,1581,756,825,2063,1067,996,6940,3548,3392
TRAVIS COUNTY,453,20 Years,19044,9521,9523,8009,3936,4073,1597,709,888,2358,1206,1152,7080,3670,3410
TRAVIS COUNTY,453,21 Years,19364,9652,9712,8392,4094,4298,1567,682,885,2359,1187,1172,7046,3689,3357
TRAVIS COUNTY,453,22 Years,19290,9974,9316,8512,4288,4224,1420,687,733,2128,1103,1025,7230,3896,3334
TRAVIS COUNTY,453,23 Years,18177,9397,8780,7935,4087,3848,1346,632,714,1541,760,781,7355,3918,3437
TRAVIS COUNTY,453,24 Years,18678,9586,9092,8740,4420,4320,1314,627,687,1494,744,750,7130,3795,3335
TRAVIS COUNTY,453,25 Years,19909,10101,9808,9742,4761,4981,1375,656,719,1571,830,741,7221,3854,3367
TRAVIS COUNTY,453,26 Years,20451,10559,9892,10344,5141,5203,1383,698,685,1679,839,840,7045,3881,3164
TRAVIS COUNTY,453,27 Years,20807,10675,10132,10287,5195,5092,1298,630,668,1798,922,876,7424,3928,3496
TRAVIS COUNTY,453,28 Years,20937,10698,10239,10186,5113,5073,1345,663,682,1839,939,900,7567,3983,3584
TRAVIS COUNTY,453,29 Years,20732,10633,10099,10464,5342,5122,1336,647,689,1628,809,819,7304,3835,3469
TRAVIS COUNTY,453,30 Years,20444,10588,9856,10310,5307,5003,1318,652,666,1757,897,860,7059,3732,3327
TRAVIS COUNTY,453,31 Years,19789,10260,9529,10127,5262,4865,1326,672,654,1581,712,869,6755,3614,3141
TRAVIS COUNTY,453,32 Years,19189,9955,9234,9648,5033,4615,1265,633,632,1702,807,895,6574,3482,3092
TRAVIS COUNTY,453,33 Years,18718,9667,9051,9377,4897,4480,1226,599,627,1649,787,862,6466,3384,3082
TRAVIS COUNTY,453,34 Years,18231,9485,8746,9037,4691,4346,1196,580,616,1737,887,850,6261,3327,2934
TRAVIS COUNTY,453,35 Years,17844,9287,8557,8777,4626,4151,1141,531,610,1732,860,872,6194,3270,2924
TRAVIS COUNTY,453,36 Years,17607,9237,8370,8649,4612,4037,1206,601,605,1708,834,874,6044,3190,2854
TRAVIS COUNTY,453,37 Years,16542,8682,7860,8165,4375,3790,1152,595,557,1647,822,825,5578,2890,2688
TRAVIS COUNTY,453,38 Years,16280,8517,7763,7999,4275,3724,1214,585,629,1654,825,829,5413,2832,2581
TRAVIS COUNTY,453,39 Years,16283,8581,7702,8102,4365,3737,1189,560,629,1638,828,810,5354,2828,2526
TRAVIS COUNTY,453,40 Years,16930,8850,8080,8827,4681,4146,1267,605,662,1576,796,780,5260,2768,2492
TRAVIS COUNTY,453,41 Years,16678,8670,8008,8810,4667,4143,1261,615,646,1506,752,754,5101,2636,2465
TRAVIS COUNTY,453,42 Years,15082,7744,7338,8058,4216,3842,1158,562,596,1292,650,642,4574,2316,2258
TRAVIS COUNTY,453,43 Years,14070,7269,6801,7418,3904,3514,1187,600,587,1124,571,553,4341,2194,2147
TRAVIS COUNTY,453,44 Years,13281,6855,6426,7017,3636,3381,1155,556,599,1075,560,515,4034,2103,1931
TRAVIS COUNTY,453,45 Years,13204,6738,6466,6990,3603,3387,1161,526,635,1046,520,526,4007,2089,1918
TRAVIS COUNTY,453,46 Years,13935,7158,6777,7466,3849,3617,1251,610,641,1061,526,535,4157,2173,1984
TRAVIS COUNTY,453,47 Years,13793,7024,6769,7595,3885,3710,1312,628,684,1007,519,488,3879,1992,1887
TRAVIS COUNTY,453,48 Years,13641,6900,6741,7675,3895,3780,1242,603,639,1016,505,511,3708,1897,1811
TRAVIS COUNTY,453,49 Years,13554,6846,6708,7877,3984,3893,1223,606,617,897,436,461,3557,1820,1737
TRAVIS COUNTY,453,50 Years,13268,6661,6607,7822,3944,3878,1205,586,619,831,408,423,3410,1723,1687
TRAVIS COUNTY,453,51 Years,13455,6799,6656,8057,4061,3996,1238,623,615,809,378,431,3351,1737,1614
TRAVIS COUNTY,453,52 Years,12917,6464,6453,7864,3930,3934,1178,581,597,750,362,388,3125,1591,1534
TRAVIS COUNTY,453,53 Years,12691,6297,6394,7850,3908,3942,1169,557,612,726,352,374,2946,1480,1466
TRAVIS COUNTY,453,54 Years,12532,6183,6349,7841,3923,3918,1152,564,588,741,323,418,2798,1373,1425
TRAVIS COUNTY,453,55 Years,11988,5925,6063,7555,3730,3825,1103,551,552,685,312,373,2645,1332,1313
TRAVIS COUNTY,453,56 Years,11793,5821,5972,7580,3754,3826,1043,533,510,664,298,366,2506,1236,1270
TRAVIS COUNTY,453,57 Years,11223,5441,5782,7409,3635,3774,984,452,532,594,278,316,2236,1076,1160
TRAVIS COUNTY,453,58 Years,10784,5180,5604,7295,3546,3749,909,423,486,563,263,300,2017,948,1069
TRAVIS COUNTY,453,59 Years,10242,5029,5213,6978,3445,3533,815,392,423,542,251,291,1907,941,966
TRAVIS COUNTY,453,60 Years,9729,4769,4960,6548,3280,3268,825,381,444,532,247,285,1824,861,963
TRAVIS COUNTY,453,61 Years,9426,4631,4795,6315,3200,3115,809,371,438,526,229,297,1776,831,945
TRAVIS COUNTY,453,62 Years,8720,4262,4458,5875,2929,2946,749,346,403,501,217,284,1595,770,825
TRAVIS COUNTY,453,63 Years,8484,4178,4306,5868,2935,2933,683,319,364,450,205,245,1483,719,764
TRAVIS COUNTY,453,64 Years,8042,3971,4071,5717,2875,2842,572,259,313,418,185,233,1335,652,683
TRAVIS COUNTY,453,65 Years,6512,3211,3301,4506,2277,2229,479,230,249,356,157,199,1171,547,624
TRAVIS COUNTY,453,66 Years,5877,2784,3093,4018,1958,2060,448,197,251,319,141,178,1092,488,604
TRAVIS COUNTY,453,67 Years,5665,2681,2984,3948,1920,2028,426,167,259,296,134,162,995,460,535
TRAVIS COUNTY,453,68 Years,5297,2546,2751,3689,1816,1873,426,191,235,270,128,142,912,411,501
TRAVIS COUNTY,453,69 Years,4763,2297,2466,3285,1615,1670,413,186,227,269,136,133,796,360,436
TRAVIS COUNTY,453,70 Years,4198,1933,2265,2867,1367,1500,340,136,204,246,121,125,745,309,436
TRAVIS COUNTY,453,71 Years,3755,1697,2058,2518,1169,1349,328,126,202,209,102,107,700,300,400
TRAVIS COUNTY,453,72 Years,3464,1562,1902,2332,1072,1260,283,117,166,186,91,95,663,282,381
TRAVIS COUNTY,453,73 Years,3300,1458,1842,2240,1018,1222,276,111,165,200,91,109,584,238,346
TRAVIS COUNTY,453,74 Years,3149,1391,1758,2137,964,1173,280,118,162,188,84,104,544,225,319
TRAVIS COUNTY,453,75 Years,2956,1287,1669,2027,897,1130,268,115,153,160,71,89,501,204,297
TRAVIS COUNTY,453,76 Years,2824,1267,1557,1896,889,1007,268,109,159,126,52,74,534,217,317
TRAVIS COUNTY,453,77 Years,2550,1132,1418,1754,793,961,231,104,127,107,50,57,458,185,273
TRAVIS COUNTY,453,78 Years,2350,1007,1343,1660,732,928,199,73,126,115,48,67,376,154,222
TRAVIS COUNTY,453,79 Years,2326,1003,1323,1652,732,920,210,73,137,99,44,55,365,154,211
TRAVIS COUNTY,453,80 Years,2295,992,1303,1697,750,947,184,68,116,91,38,53,323,136,187
TRAVIS COUNTY,453,81 Years,2160,892,1268,1573,660,913,170,61,109,88,38,50,329,133,196
TRAVIS COUNTY,453,82 Years,1888,757,1131,1387,562,825,143,44,99,75,34,41,283,117,166
TRAVIS COUNTY,453,83 Years,1754,664,1090,1313,501,812,124,45,79,69,28,41,248,90,158
TRAVIS COUNTY,453,84 Years,1618,585,1033,1218,454,764,114,36,78,56,20,36,230,75,155
TRAVIS COUNTY,453,85 Years +,9656,3166,6490,7576,2510,5066,674,171,503,249,93,156,1157,392,765
TRINITY COUNTY,455,All Ages,14667,7143,7524,11866,5760,6106,1390,642,748,267,112,155,1144,629,515
TRINITY COUNTY,455,< 1 Year,148,74,74,112,57,55,16,8,8,2,1,1,18,8,10
TRINITY COUNTY,455,1 Years,152,74,78,107,53,54,20,6,14,6,5,1,19,10,9
TRINITY COUNTY,455,2 Years,168,88,80,116,59,57,17,10,7,7,4,3,28,15,13
TRINITY COUNTY,455,3 Years,154,78,76,110,57,53,12,3,9,5,2,3,27,16,11
TRINITY COUNTY,455,4 Years,162,97,65,114,70,44,20,10,10,5,3,2,23,14,9
TRINITY COUNTY,455,5 Years,171,87,84,105,56,49,27,11,16,5,3,2,34,17,17
TRINITY COUNTY,455,6 Years,150,65,85,94,42,52,25,10,15,10,4,6,21,9,12
TRINITY COUNTY,455,7 Years,142,76,66,97,50,47,16,9,7,4,2,2,25,15,10
TRINITY COUNTY,455,8 Years,161,86,75,114,60,54,16,10,6,3,0,3,28,16,12
TRINITY COUNTY,455,9 Years,166,83,83,118,60,58,17,7,10,6,2,4,25,14,11
TRINITY COUNTY,455,10 Years,169,83,86,117,60,57,21,9,12,2,0,2,29,14,15
TRINITY COUNTY,455,11 Years,184,88,96,130,64,66,19,7,12,5,2,3,30,15,15
TRINITY COUNTY,455,12 Years,181,96,85,134,74,60,17,7,10,6,3,3,24,12,12
TRINITY COUNTY,455,13 Years,176,95,81,133,71,62,15,10,5,7,2,5,21,12,9
TRINITY COUNTY,455,14 Years,171,82,89,137,66,71,12,7,5,4,1,3,18,8,10
TRINITY COUNTY,455,15 Years,187,89,98,145,70,75,16,9,7,5,2,3,21,8,13
TRINITY COUNTY,455,16 Years,169,73,96,120,53,67,22,10,12,7,0,7,20,10,10
TRINITY COUNTY,455,17 Years,190,92,98,137,68,69,26,14,12,8,3,5,19,7,12
TRINITY COUNTY,455,18 Years,169,86,83,121,63,58,25,13,12,2,1,1,21,9,12
TRINITY COUNTY,455,19 Years,161,83,78,115,56,59,22,11,11,1,1,0,23,15,8
TRINITY COUNTY,455,20 Years,150,81,69,110,59,51,17,10,7,4,1,3,19,11,8
TRINITY COUNTY,455,21 Years,126,57,69,97,46,51,11,4,7,3,1,2,15,6,9
TRINITY COUNTY,455,22 Years,123,56,67,92,39,53,14,7,7,1,0,1,16,10,6
TRINITY COUNTY,455,23 Years,140,68,72,108,50,58,17,10,7,0,0,0,15,8,7
TRINITY COUNTY,455,24 Years,124,60,64,93,45,48,20,10,10,0,0,0,11,5,6
TRINITY COUNTY,455,25 Years,140,65,75,109,52,57,15,4,11,3,1,2,13,8,5
TRINITY COUNTY,455,26 Years,132,64,68,100,50,50,14,3,11,1,0,1,17,11,6
TRINITY COUNTY,455,27 Years,138,64,74,100,49,51,17,5,12,1,1,0,20,9,11
TRINITY COUNTY,455,28 Years,123,62,61,91,44,47,12,6,6,3,1,2,17,11,6
TRINITY COUNTY,455,29 Years,143,69,74,110,49,61,15,8,7,4,3,1,14,9,5
TRINITY COUNTY,455,30 Years,145,71,74,106,48,58,16,9,7,3,1,2,20,13,7
TRINITY COUNTY,455,31 Years,141,70,71,100,50,50,21,10,11,1,0,1,19,10,9
TRINITY COUNTY,455,32 Years,132,64,68,105,49,56,12,7,5,4,2,2,11,6,5
TRINITY COUNTY,455,33 Years,132,67,65,105,52,53,13,6,7,4,2,2,10,7,3
TRINITY COUNTY,455,34 Years,129,67,62,94,46,48,16,9,7,1,1,0,18,11,7
TRINITY COUNTY,455,35 Years,111,52,59,83,40,43,14,7,7,1,0,1,13,5,8
TRINITY COUNTY,455,36 Years,123,62,61,92,45,47,12,6,6,2,2,0,17,9,8
TRINITY COUNTY,455,37 Years,129,69,60,106,55,51,7,4,3,0,0,0,16,10,6
TRINITY COUNTY,455,38 Years,155,81,74,120,64,56,12,4,8,1,0,1,22,13,9
TRINITY COUNTY,455,39 Years,147,69,78,113,51,62,13,6,7,1,1,0,20,11,9
TRINITY COUNTY,455,40 Years,160,72,88,126,56,70,16,7,9,2,1,1,16,8,8
TRINITY COUNTY,455,41 Years,164,80,84,131,63,68,12,6,6,4,2,2,17,9,8
TRINITY COUNTY,455,42 Years,158,78,80,123,60,63,12,7,5,2,1,1,21,10,11
TRINITY COUNTY,455,43 Years,143,74,69,111,54,57,13,7,6,1,1,0,18,12,6
TRINITY COUNTY,455,44 Years,161,89,72,129,68,61,13,9,4,4,1,3,15,11,4
TRINITY COUNTY,455,45 Years,168,85,83,131,67,64,22,12,10,3,1,2,12,5,7
TRINITY COUNTY,455,46 Years,179,85,94,143,69,74,22,11,11,1,0,1,13,5,8
TRINITY COUNTY,455,47 Years,198,100,98,168,85,83,17,8,9,2,1,1,11,6,5
TRINITY COUNTY,455,48 Years,203,96,107,172,82,90,21,10,11,2,1,1,8,3,5
TRINITY COUNTY,455,49 Years,227,110,117,189,93,96,21,7,14,5,2,3,12,8,4
TRINITY COUNTY,455,50 Years,225,112,113,186,94,92,25,9,16,5,2,3,9,7,2
TRINITY COUNTY,455,51 Years,216,99,117,173,82,91,27,9,18,7,2,5,9,6,3
TRINITY COUNTY,455,52 Years,218,100,118,177,80,97,24,12,12,5,2,3,12,6,6
TRINITY COUNTY,455,53 Years,218,99,119,179,82,97,23,10,13,7,3,4,9,4,5
TRINITY COUNTY,455,54 Years,228,100,128,193,81,112,20,11,9,3,1,2,12,7,5
TRINITY COUNTY,455,55 Years,251,112,139,201,87,114,27,13,14,7,2,5,16,10,6
TRINITY COUNTY,455,56 Years,233,108,125,188,89,99,28,10,18,5,1,4,12,8,4
TRINITY COUNTY,455,57 Years,239,111,128,202,92,110,21,10,11,4,3,1,12,6,6
TRINITY COUNTY,455,58 Years,238,107,131,201,88,113,22,10,12,5,3,2,10,6,4
TRINITY COUNTY,455,59 Years,238,110,128,201,94,107,28,11,17,3,2,1,6,3,3
TRINITY COUNTY,455,60 Years,243,113,130,214,94,120,18,11,7,4,3,1,7,5,2
TRINITY COUNTY,455,61 Years,235,112,123,207,96,111,18,11,7,4,1,3,6,4,2
TRINITY COUNTY,455,62 Years,251,120,131,216,103,113,24,11,13,4,2,2,7,4,3
TRINITY COUNTY,455,63 Years,252,127,125,216,108,108,27,13,14,2,2,0,7,4,3
TRINITY COUNTY,455,64 Years,243,124,119,216,110,106,18,8,10,3,2,1,6,4,2
TRINITY COUNTY,455,65 Years,211,115,96,190,104,86,13,5,8,3,1,2,5,5,0
TRINITY COUNTY,455,66 Years,211,106,105,189,94,95,15,6,9,2,2,0,5,4,1
TRINITY COUNTY,455,67 Years,213,104,109,195,97,98,9,3,6,3,1,2,6,3,3
TRINITY COUNTY,455,68 Years,222,101,121,196,97,99,16,3,13,5,0,5,5,1,4
TRINITY COUNTY,455,69 Years,222,110,112,200,100,100,16,8,8,2,1,1,4,1,3
TRINITY COUNTY,455,70 Years,203,91,112,190,84,106,8,4,4,2,1,1,3,2,1
TRINITY COUNTY,455,71 Years,185,85,100,170,77,93,9,5,4,4,1,3,2,2,0
TRINITY COUNTY,455,72 Years,178,98,80,167,91,76,7,4,3,1,0,1,3,3,0
TRINITY COUNTY,455,73 Years,162,88,74,149,81,68,8,4,4,0,0,0,5,3,2
TRINITY COUNTY,455,74 Years,147,75,72,134,68,66,9,4,5,1,1,0,3,2,1
TRINITY COUNTY,455,75 Years,138,72,66,122,62,60,9,4,5,1,1,0,6,5,1
TRINITY COUNTY,455,76 Years,142,69,73,127,59,68,9,6,3,1,0,1,5,4,1
TRINITY COUNTY,455,77 Years,120,50,70,110,46,64,5,2,3,2,1,1,3,1,2
TRINITY COUNTY,455,78 Years,130,62,68,118,57,61,10,4,6,0,0,0,2,1,1
TRINITY COUNTY,455,79 Years,112,54,58,105,50,55,5,2,3,0,0,0,2,2,0
TRINITY COUNTY,455,80 Years,101,51,50,92,45,47,5,5,0,3,0,3,1,1,0
TRINITY COUNTY,455,81 Years,107,55,52,99,51,48,6,3,3,2,1,1,0,0,0
TRINITY COUNTY,455,82 Years,97,45,52,92,42,50,5,3,2,0,0,0,0,0,0
TRINITY COUNTY,455,83 Years,94,41,53,88,39,49,5,2,3,0,0,0,1,0,1
TRINITY COUNTY,455,84 Years,73,34,39,67,33,34,5,1,4,0,0,0,1,0,1
TRINITY COUNTY,455,85 Years +,296,121,175,263,114,149,28,5,23,3,1,2,2,1,1
TYLER COUNTY,457,All Ages,21882,11810,10072,17569,8804,8765,2393,1567,826,403,204,199,1517,1235,282
TYLER COUNTY,457,< 1 Year,206,107,99,174,90,84,17,9,8,4,2,2,11,6,5
TYLER COUNTY,457,1 Years,230,118,112,186,98,88,22,10,12,9,4,5,13,6,7
TYLER COUNTY,457,2 Years,211,113,98,163,87,76,23,12,11,8,4,4,17,10,7
TYLER COUNTY,457,3 Years,221,107,114,174,82,92,21,9,12,12,7,5,14,9,5
TYLER COUNTY,457,4 Years,234,117,117,187,94,93,25,11,14,8,4,4,14,8,6
TYLER COUNTY,457,5 Years,237,123,114,192,101,91,24,13,11,8,2,6,13,7,6
TYLER COUNTY,457,6 Years,245,120,125,191,90,101,28,18,10,6,3,3,20,9,11
TYLER COUNTY,457,7 Years,217,103,114,175,80,95,23,13,10,6,3,3,13,7,6
TYLER COUNTY,457,8 Years,213,107,106,173,88,85,24,12,12,3,1,2,13,6,7
TYLER COUNTY,457,9 Years,235,118,117,193,97,96,24,11,13,8,4,4,10,6,4
TYLER COUNTY,457,10 Years,237,126,111,191,102,89,18,9,9,13,6,7,15,9,6
TYLER COUNTY,457,11 Years,254,128,126,211,105,106,21,9,12,11,7,4,11,7,4
TYLER COUNTY,457,12 Years,270,135,135,224,111,113,23,12,11,13,6,7,10,6,4
TYLER COUNTY,457,13 Years,235,121,114,194,101,93,21,12,9,11,4,7,9,4,5
TYLER COUNTY,457,14 Years,247,119,128,212,104,108,18,9,9,6,2,4,11,4,7
TYLER COUNTY,457,15 Years,260,133,127,213,109,104,21,9,12,10,4,6,16,11,5
TYLER COUNTY,457,16 Years,262,129,133,223,107,116,20,10,10,7,3,4,12,9,3
TYLER COUNTY,457,17 Years,272,129,143,229,107,122,27,13,14,5,3,2,11,6,5
TYLER COUNTY,457,18 Years,267,152,115,210,117,93,29,18,11,8,4,4,20,13,7
TYLER COUNTY,457,19 Years,263,157,106,190,106,84,43,28,15,4,3,1,26,20,6
TYLER COUNTY,457,20 Years,246,148,98,174,98,76,39,26,13,6,1,5,27,23,4
TYLER COUNTY,457,21 Years,228,146,82,144,77,67,45,37,8,3,1,2,36,31,5
TYLER COUNTY,457,22 Years,273,189,84,161,89,72,60,53,7,2,1,1,50,46,4
TYLER COUNTY,457,23 Years,291,209,82,167,96,71,67,59,8,2,0,2,55,54,1
TYLER COUNTY,457,24 Years,299,212,87,169,96,73,73,61,12,3,2,1,54,53,1
TYLER COUNTY,457,25 Years,286,201,85,164,92,72,65,55,10,3,2,1,54,52,2
TYLER COUNTY,457,26 Years,317,228,89,178,102,76,66,59,7,5,4,1,68,63,5
TYLER COUNTY,457,27 Years,304,210,94,175,93,82,67,60,7,2,1,1,60,56,4
TYLER COUNTY,457,28 Years,289,196,93,166,91,75,56,48,8,5,1,4,62,56,6
TYLER COUNTY,457,29 Years,307,207,100,181,96,85,62,55,7,5,1,4,59,55,4
TYLER COUNTY,457,30 Years,297,207,90,178,106,72,55,45,10,4,2,2,60,54,6
TYLER COUNTY,457,31 Years,282,194,88,181,107,74,48,38,10,1,1,0,52,48,4
TYLER COUNTY,457,32 Years,268,176,92,175,96,79,51,43,8,2,1,1,40,36,4
TYLER COUNTY,457,33 Years,262,178,84,176,101,75,50,46,4,3,2,1,33,29,4
TYLER COUNTY,457,34 Years,263,167,96,179,94,85,47,40,7,2,2,0,35,31,4
TYLER COUNTY,457,35 Years,260,161,99,187,102,85,42,32,10,1,0,1,30,27,3
TYLER COUNTY,457,36 Years,232,140,92,165,87,78,38,29,9,3,2,1,26,22,4
TYLER COUNTY,457,37 Years,242,139,103,180,89,91,28,22,6,5,2,3,29,26,3
TYLER COUNTY,457,38 Years,251,150,101,183,99,84,29,20,9,7,5,2,32,26,6
TYLER COUNTY,457,39 Years,250,151,99,188,101,87,30,22,8,5,3,2,27,25,2
TYLER COUNTY,457,40 Years,259,152,107,202,108,94,31,24,7,7,3,4,19,17,2
TYLER COUNTY,457,41 Years,266,152,114,202,100,102,30,25,5,5,2,3,29,25,4
TYLER COUNTY,457,42 Years,256,130,126,209,94,115,24,17,7,3,2,1,20,17,3
TYLER COUNTY,457,43 Years,282,145,137,234,112,122,25,16,9,4,3,1,19,14,5
TYLER COUNTY,457,44 Years,286,154,132,234,118,116,29,16,13,5,4,1,18,16,2
TYLER COUNTY,457,45 Years,286,149,137,225,111,114,35,16,19,5,4,1,21,18,3
TYLER COUNTY,457,46 Years,288,155,133,230,115,115,33,22,11,5,2,3,20,16,4
TYLER COUNTY,457,47 Years,265,143,122,218,113,105,28,18,10,5,2,3,14,10,4
TYLER COUNTY,457,48 Years,296,152,144,248,122,126,35,23,12,6,3,3,7,4,3
TYLER COUNTY,457,49 Years,309,150,159,264,123,141,29,15,14,4,3,1,12,9,3
TYLER COUNTY,457,50 Years,318,145,173,276,128,148,31,11,20,7,3,4,4,3,1
TYLER COUNTY,457,51 Years,310,152,158,261,129,132,30,14,16,6,1,5,13,8,5
TYLER COUNTY,457,52 Years,318,165,153,273,139,134,27,14,13,3,1,2,15,11,4
TYLER COUNTY,457,53 Years,308,174,134,269,153,116,24,11,13,3,1,2,12,9,3
TYLER COUNTY,457,54 Years,301,158,143,255,135,120,32,15,17,5,2,3,9,6,3
TYLER COUNTY,457,55 Years,322,164,158,277,138,139,30,16,14,7,3,4,8,7,1
TYLER COUNTY,457,56 Years,322,160,162,283,135,148,28,18,10,6,2,4,5,5,0
TYLER COUNTY,457,57 Years,311,158,153,273,137,136,23,13,10,7,4,3,8,4,4
TYLER COUNTY,457,58 Years,314,166,148,283,150,133,16,7,9,4,2,2,11,7,4
TYLER COUNTY,457,59 Years,295,143,152,266,131,135,18,6,12,7,4,3,4,2,2
TYLER COUNTY,457,60 Years,298,146,152,265,130,135,23,9,14,5,3,2,5,4,1
TYLER COUNTY,457,61 Years,277,130,147,244,113,131,24,13,11,2,1,1,7,3,4
TYLER COUNTY,457,62 Years,263,112,151,240,101,139,15,6,9,4,3,1,4,2,2
TYLER COUNTY,457,63 Years,285,125,160,264,116,148,16,6,10,4,2,2,1,1,0
TYLER COUNTY,457,64 Years,315,151,164,292,137,155,16,9,7,5,3,2,2,2,0
TYLER COUNTY,457,65 Years,271,124,147,246,112,134,13,4,9,6,4,2,6,4,2
TYLER COUNTY,457,66 Years,275,141,134,251,128,123,12,4,8,4,2,2,8,7,1
TYLER COUNTY,457,67 Years,291,143,148,272,137,135,14,3,11,4,2,2,1,1,0
TYLER COUNTY,457,68 Years,272,128,144,256,121,135,11,5,6,2,1,1,3,1,2
TYLER COUNTY,457,69 Years,269,131,138,252,123,129,12,6,6,3,2,1,2,0,2
TYLER COUNTY,457,70 Years,240,119,121,219,107,112,16,8,8,2,2,0,3,2,1
TYLER COUNTY,457,71 Years,231,115,116,207,102,105,18,11,7,3,1,2,3,1,2
TYLER COUNTY,457,72 Years,193,103,90,172,93,79,15,7,8,2,1,1,4,2,2
TYLER COUNTY,457,73 Years,188,96,92,169,88,81,13,4,9,3,2,1,3,2,1
TYLER COUNTY,457,74 Years,191,91,100,167,77,90,17,9,8,3,2,1,4,3,1
TYLER COUNTY,457,75 Years,199,105,94,176,91,85,16,9,7,3,2,1,4,3,1
TYLER COUNTY,457,76 Years,211,104,107,192,93,99,11,5,6,5,4,1,3,2,1
TYLER COUNTY,457,77 Years,178,90,88,161,80,81,12,6,6,1,1,0,4,3,1
TYLER COUNTY,457,78 Years,155,69,86,142,66,76,10,3,7,1,0,1,2,0,2
TYLER COUNTY,457,79 Years,151,75,76,143,70,73,5,3,2,1,0,1,2,2,0
TYLER COUNTY,457,80 Years,129,65,64,123,60,63,4,3,1,0,0,0,2,2,0
TYLER COUNTY,457,81 Years,122,53,69,114,49,65,7,3,4,0,0,0,1,1,0
TYLER COUNTY,457,82 Years,105,37,68,97,35,62,7,2,5,0,0,0,1,0,1
TYLER COUNTY,457,83 Years,93,43,50,87,39,48,5,4,1,0,0,0,1,0,1
TYLER COUNTY,457,84 Years,83,38,45,76,33,43,3,3,0,3,2,1,1,0,1
TYLER COUNTY,457,85 Years +,422,138,284,384,124,260,30,8,22,4,3,1,4,3,1
UPSHUR COUNTY,459,All Ages,39851,19745,20106,32498,16087,16411,3470,1665,1805,1094,536,558,2789,1457,1332
UPSHUR COUNTY,459,< 1 Year,472,239,233,367,185,182,37,19,18,10,5,5,58,30,28
UPSHUR COUNTY,459,1 Years,450,214,236,324,156,168,29,13,16,26,11,15,71,34,37
UPSHUR COUNTY,459,2 Years,484,237,247,351,176,175,36,15,21,27,12,15,70,34,36
UPSHUR COUNTY,459,3 Years,505,277,228,373,207,166,38,20,18,22,12,10,72,38,34
UPSHUR COUNTY,459,4 Years,562,306,256,420,226,194,40,26,14,26,15,11,76,39,37
UPSHUR COUNTY,459,5 Years,552,293,259,409,220,189,32,16,16,29,14,15,82,43,39
UPSHUR COUNTY,459,6 Years,537,275,262,403,204,199,33,16,17,29,15,14,72,40,32
UPSHUR COUNTY,459,7 Years,515,271,244,397,212,185,40,20,20,22,9,13,56,30,26
UPSHUR COUNTY,459,8 Years,541,300,241,390,213,177,51,32,19,32,17,15,68,38,30
UPSHUR COUNTY,459,9 Years,570,297,273,416,210,206,58,33,25,27,15,12,69,39,30
UPSHUR COUNTY,459,10 Years,560,286,274,416,214,202,53,31,22,30,13,17,61,28,33
UPSHUR COUNTY,459,11 Years,579,293,286,442,230,212,57,27,30,29,14,15,51,22,29
UPSHUR COUNTY,459,12 Years,553,288,265,417,221,196,50,22,28,29,15,14,57,30,27
UPSHUR COUNTY,459,13 Years,556,295,261,421,224,197,54,27,27,23,13,10,58,31,27
UPSHUR COUNTY,459,14 Years,579,305,274,430,227,203,58,33,25,25,12,13,66,33,33
UPSHUR COUNTY,459,15 Years,552,295,257,422,221,201,50,27,23,24,11,13,56,36,20
UPSHUR COUNTY,459,16 Years,576,299,277,438,228,210,55,31,24,32,14,18,51,26,25
UPSHUR COUNTY,459,17 Years,591,322,269,450,245,205,52,33,19,30,13,17,59,31,28
UPSHUR COUNTY,459,18 Years,567,299,268,436,228,208,61,36,25,16,6,10,54,29,25
UPSHUR COUNTY,459,19 Years,509,281,228,380,209,171,64,39,25,12,6,6,53,27,26
UPSHUR COUNTY,459,20 Years,462,252,210,351,195,156,48,24,24,13,8,5,50,25,25
UPSHUR COUNTY,459,21 Years,464,233,231,360,188,172,48,19,29,15,10,5,41,16,25
UPSHUR COUNTY,459,22 Years,453,232,221,349,183,166,43,19,24,10,5,5,51,25,26
UPSHUR COUNTY,459,23 Years,392,195,197,309,152,157,29,14,15,8,5,3,46,24,22
UPSHUR COUNTY,459,24 Years,368,187,181,295,150,145,31,18,13,5,2,3,37,17,20
UPSHUR COUNTY,459,25 Years,379,189,190,299,152,147,39,17,22,8,4,4,33,16,17
UPSHUR COUNTY,459,26 Years,365,176,189,285,139,146,31,12,19,5,2,3,44,23,21
UPSHUR COUNTY,459,27 Years,388,195,193,303,149,154,31,17,14,5,4,1,49,25,24
UPSHUR COUNTY,459,28 Years,448,213,235,358,170,188,33,13,20,9,5,4,48,25,23
UPSHUR COUNTY,459,29 Years,455,224,231,359,178,181,33,10,23,9,4,5,54,32,22
UPSHUR COUNTY,459,30 Years,452,223,229,352,169,183,38,20,18,13,7,6,49,27,22
UPSHUR COUNTY,459,31 Years,475,230,245,381,183,198,37,19,18,11,6,5,46,22,24
UPSHUR COUNTY,459,32 Years,454,227,227,363,176,187,37,19,18,7,4,3,47,28,19
UPSHUR COUNTY,459,33 Years,443,213,230,357,166,191,36,19,17,8,5,3,42,23,19
UPSHUR COUNTY,459,34 Years,456,228,228,369,187,182,37,17,20,11,6,5,39,18,21
UPSHUR COUNTY,459,35 Years,475,238,237,382,191,191,38,18,20,20,10,10,35,19,16
UPSHUR COUNTY,459,36 Years,436,221,215,355,178,177,31,17,14,14,8,6,36,18,18
UPSHUR COUNTY,459,37 Years,431,226,205,353,177,176,30,18,12,12,10,2,36,21,15
UPSHUR COUNTY,459,38 Years,445,227,218,375,190,185,28,16,12,12,7,5,30,14,16
UPSHUR COUNTY,459,39 Years,513,250,263,430,213,217,34,11,23,11,4,7,38,22,16
UPSHUR COUNTY,459,40 Years,494,255,239,404,208,196,40,16,24,14,7,7,36,24,12
UPSHUR COUNTY,459,41 Years,482,238,244,398,198,200,42,19,23,9,2,7,33,19,14
UPSHUR COUNTY,459,42 Years,495,242,253,411,205,206,41,17,24,10,2,8,33,18,15
UPSHUR COUNTY,459,43 Years,501,254,247,408,206,202,49,25,24,9,4,5,35,19,16
UPSHUR COUNTY,459,44 Years,474,231,243,387,188,199,45,21,24,12,7,5,30,15,15
UPSHUR COUNTY,459,45 Years,472,237,235,394,202,192,43,19,24,9,5,4,26,11,15
UPSHUR COUNTY,459,46 Years,543,257,286,450,208,242,52,23,29,11,5,6,30,21,9
UPSHUR COUNTY,459,47 Years,567,265,302,472,220,252,54,22,32,14,7,7,27,16,11
UPSHUR COUNTY,459,48 Years,613,288,325,512,243,269,57,26,31,11,6,5,33,13,20
UPSHUR COUNTY,459,49 Years,616,299,317,509,243,266,64,34,30,12,7,5,31,15,16
UPSHUR COUNTY,459,50 Years,594,288,306,502,237,265,58,31,27,13,7,6,21,13,8
UPSHUR COUNTY,459,51 Years,618,286,332,530,242,288,53,21,32,9,3,6,26,20,6
UPSHUR COUNTY,459,52 Years,639,314,325,548,266,282,50,23,27,16,8,8,25,17,8
UPSHUR COUNTY,459,53 Years,623,305,318,534,265,269,49,22,27,18,7,11,22,11,11
UPSHUR COUNTY,459,54 Years,624,298,326,533,256,277,52,23,29,15,8,7,24,11,13
UPSHUR COUNTY,459,55 Years,627,311,316,544,272,272,50,25,25,9,5,4,24,9,15
UPSHUR COUNTY,459,56 Years,630,322,308,532,275,257,60,29,31,16,7,9,22,11,11
UPSHUR COUNTY,459,57 Years,570,268,302,485,232,253,53,22,31,15,7,8,17,7,10
UPSHUR COUNTY,459,58 Years,553,267,286,477,227,250,51,27,24,12,8,4,13,5,8
UPSHUR COUNTY,459,59 Years,542,268,274,479,236,243,41,21,20,11,7,4,11,4,7
UPSHUR COUNTY,459,60 Years,537,274,263,463,238,225,48,24,24,14,4,10,12,8,4
UPSHUR COUNTY,459,61 Years,521,249,272,461,223,238,40,18,22,9,2,7,11,6,5
UPSHUR COUNTY,459,62 Years,493,230,263,431,206,225,41,18,23,9,1,8,12,5,7
UPSHUR COUNTY,459,63 Years,528,267,261,455,229,226,51,27,24,9,5,4,13,6,7
UPSHUR COUNTY,459,64 Years,534,265,269,469,232,237,45,21,24,8,5,3,12,7,5
UPSHUR COUNTY,459,65 Years,412,204,208,357,178,179,38,17,21,8,4,4,9,5,4
UPSHUR COUNTY,459,66 Years,419,208,211,380,187,193,29,16,13,5,2,3,5,3,2
UPSHUR COUNTY,459,67 Years,438,209,229,376,185,191,46,18,28,8,3,5,8,3,5
UPSHUR COUNTY,459,68 Years,422,202,220,371,183,188,38,14,24,6,2,4,7,3,4
UPSHUR COUNTY,459,69 Years,381,185,196,344,165,179,27,14,13,5,2,3,5,4,1
UPSHUR COUNTY,459,70 Years,363,168,195,315,144,171,36,18,18,5,2,3,7,4,3
UPSHUR COUNTY,459,71 Years,320,147,173,280,131,149,28,9,19,6,3,3,6,4,2
UPSHUR COUNTY,459,72 Years,324,145,179,277,124,153,32,16,16,4,0,4,11,5,6
UPSHUR COUNTY,459,73 Years,326,147,179,284,129,155,30,14,16,4,2,2,8,2,6
UPSHUR COUNTY,459,74 Years,292,147,145,256,130,126,26,10,16,5,4,1,5,3,2
UPSHUR COUNTY,459,75 Years,267,128,139,242,114,128,20,9,11,4,4,0,1,1,0
UPSHUR COUNTY,459,76 Years,266,122,144,235,108,127,23,10,13,3,3,0,5,1,4
UPSHUR COUNTY,459,77 Years,223,115,108,195,104,91,22,8,14,5,3,2,1,0,1
UPSHUR COUNTY,459,78 Years,226,103,123,203,92,111,19,8,11,3,2,1,1,1,0
UPSHUR COUNTY,459,79 Years,221,98,123,199,87,112,17,8,9,2,1,1,3,2,1
UPSHUR COUNTY,459,80 Years,200,88,112,179,78,101,18,9,9,1,0,1,2,1,1
UPSHUR COUNTY,459,81 Years,178,82,96,159,75,84,17,6,11,1,0,1,1,1,0
UPSHUR COUNTY,459,82 Years,170,75,95,151,72,79,15,2,13,2,0,2,2,1,1
UPSHUR COUNTY,459,83 Years,154,67,87,136,61,75,12,4,8,4,1,3,2,1,1
UPSHUR COUNTY,459,84 Years,125,55,70,110,50,60,10,2,8,2,2,0,3,1,2
UPSHUR COUNTY,459,85 Years +,670,221,449,574,191,383,78,26,52,11,2,9,7,2,5
UPTON COUNTY,461,All Ages,3366,1681,1685,1604,811,793,46,19,27,49,25,24,1667,826,841
UPTON COUNTY,461,< 1 Year,47,26,21,18,10,8,0,0,0,0,0,0,29,16,13
UPTON COUNTY,461,1 Years,44,21,23,11,5,6,0,0,0,0,0,0,33,16,17
UPTON COUNTY,461,2 Years,57,24,33,11,5,6,0,0,0,1,1,0,45,18,27
UPTON COUNTY,461,3 Years,55,28,27,12,7,5,1,0,1,2,0,2,40,21,19
UPTON COUNTY,461,4 Years,49,24,25,17,8,9,0,0,0,2,0,2,30,16,14
UPTON COUNTY,461,5 Years,43,20,23,16,8,8,1,0,1,0,0,0,26,12,14
UPTON COUNTY,461,6 Years,54,27,27,19,9,10,1,0,1,2,1,1,32,17,15
UPTON COUNTY,461,7 Years,64,36,28,25,11,14,2,0,2,1,0,1,36,25,11
UPTON COUNTY,461,8 Years,58,26,32,23,11,12,1,0,1,1,0,1,33,15,18
UPTON COUNTY,461,9 Years,50,20,30,22,9,13,0,0,0,0,0,0,28,11,17
UPTON COUNTY,461,10 Years,46,21,25,14,7,7,2,1,1,1,0,1,29,13,16
UPTON COUNTY,461,11 Years,41,22,19,17,10,7,0,0,0,2,1,1,22,11,11
UPTON COUNTY,461,12 Years,43,24,19,18,9,9,1,0,1,1,1,0,23,14,9
UPTON COUNTY,461,13 Years,58,34,24,24,13,11,1,0,1,2,2,0,31,19,12
UPTON COUNTY,461,14 Years,60,29,31,25,11,14,0,0,0,1,1,0,34,17,17
UPTON COUNTY,461,15 Years,45,22,23,22,11,11,0,0,0,0,0,0,23,11,12
UPTON COUNTY,461,16 Years,54,28,26,31,19,12,1,1,0,0,0,0,22,8,14
UPTON COUNTY,461,17 Years,47,23,24,22,11,11,0,0,0,0,0,0,25,12,13
UPTON COUNTY,461,18 Years,45,25,20,20,12,8,0,0,0,0,0,0,25,13,12
UPTON COUNTY,461,19 Years,48,29,19,18,12,6,0,0,0,2,2,0,28,15,13
UPTON COUNTY,461,20 Years,38,17,21,10,6,4,0,0,0,1,0,1,27,11,16
UPTON COUNTY,461,21 Years,38,19,19,10,5,5,0,0,0,0,0,0,28,14,14
UPTON COUNTY,461,22 Years,30,15,15,9,5,4,0,0,0,0,0,0,21,10,11
UPTON COUNTY,461,23 Years,27,10,17,7,2,5,0,0,0,2,2,0,18,6,12
UPTON COUNTY,461,24 Years,33,14,19,10,4,6,0,0,0,1,1,0,22,9,13
UPTON COUNTY,461,25 Years,36,19,17,11,7,4,0,0,0,0,0,0,25,12,13
UPTON COUNTY,461,26 Years,41,17,24,18,6,12,0,0,0,1,0,1,22,11,11
UPTON COUNTY,461,27 Years,43,26,17,14,5,9,2,2,0,0,0,0,27,19,8
UPTON COUNTY,461,28 Years,49,33,16,16,10,6,0,0,0,0,0,0,33,23,10
UPTON COUNTY,461,29 Years,50,28,22,20,11,9,1,1,0,2,1,1,27,15,12
UPTON COUNTY,461,30 Years,41,17,24,17,8,9,1,0,1,0,0,0,23,9,14
UPTON COUNTY,461,31 Years,49,22,27,26,12,14,0,0,0,1,1,0,22,9,13
UPTON COUNTY,461,32 Years,43,22,21,24,13,11,0,0,0,0,0,0,19,9,10
UPTON COUNTY,461,33 Years,53,28,25,27,13,14,0,0,0,1,1,0,25,14,11
UPTON COUNTY,461,34 Years,44,23,21,15,9,6,0,0,0,1,0,1,28,14,14
UPTON COUNTY,461,35 Years,49,24,25,19,10,9,2,0,2,1,0,1,27,14,13
UPTON COUNTY,461,36 Years,35,19,16,16,9,7,0,0,0,0,0,0,19,10,9
UPTON COUNTY,461,37 Years,29,15,14,14,7,7,0,0,0,1,0,1,14,8,6
UPTON COUNTY,461,38 Years,34,13,21,15,8,7,0,0,0,1,0,1,18,5,13
UPTON COUNTY,461,39 Years,31,14,17,15,9,6,0,0,0,0,0,0,16,5,11
UPTON COUNTY,461,40 Years,36,16,20,18,7,11,0,0,0,1,1,0,17,8,9
UPTON COUNTY,461,41 Years,34,16,18,17,7,10,0,0,0,0,0,0,17,9,8
UPTON COUNTY,461,42 Years,33,16,17,13,6,7,2,2,0,0,0,0,18,8,10
UPTON COUNTY,461,43 Years,28,11,17,12,4,8,1,0,1,0,0,0,15,7,8
UPTON COUNTY,461,44 Years,37,18,19,17,9,8,1,0,1,0,0,0,19,9,10
UPTON COUNTY,461,45 Years,43,23,20,24,13,11,1,1,0,0,0,0,18,9,9
UPTON COUNTY,461,46 Years,33,17,16,18,11,7,0,0,0,0,0,0,15,6,9
UPTON COUNTY,461,47 Years,44,20,24,24,14,10,0,0,0,1,0,1,19,6,13
UPTON COUNTY,461,48 Years,33,14,19,18,7,11,0,0,0,1,0,1,14,7,7
UPTON COUNTY,461,49 Years,36,17,19,21,9,12,0,0,0,1,0,1,14,8,6
UPTON COUNTY,461,50 Years,41,22,19,23,12,11,0,0,0,1,0,1,17,10,7
UPTON COUNTY,461,51 Years,53,28,25,27,17,10,0,0,0,0,0,0,26,11,15
UPTON COUNTY,461,52 Years,59,34,25,35,22,13,1,1,0,0,0,0,23,11,12
UPTON COUNTY,461,53 Years,65,38,27,40,24,16,1,0,1,1,1,0,23,13,10
UPTON COUNTY,461,54 Years,56,29,27,34,16,18,2,2,0,0,0,0,20,11,9
UPTON COUNTY,461,55 Years,58,32,26,36,19,17,2,2,0,0,0,0,20,11,9
UPTON COUNTY,461,56 Years,52,27,25,31,17,14,3,2,1,1,0,1,17,8,9
UPTON COUNTY,461,57 Years,51,27,24,28,14,14,1,1,0,1,0,1,21,12,9
UPTON COUNTY,461,58 Years,50,29,21,24,15,9,0,0,0,1,0,1,25,14,11
UPTON COUNTY,461,59 Years,38,18,20,21,12,9,0,0,0,0,0,0,17,6,11
UPTON COUNTY,461,60 Years,31,10,21,15,5,10,3,0,3,0,0,0,13,5,8
UPTON COUNTY,461,61 Years,37,14,23,14,6,8,2,0,2,0,0,0,21,8,13
UPTON COUNTY,461,62 Years,39,19,20,21,12,9,0,0,0,1,1,0,17,6,11
UPTON COUNTY,461,63 Years,36,20,16,22,11,11,0,0,0,0,0,0,14,9,5
UPTON COUNTY,461,64 Years,41,23,18,26,12,14,0,0,0,3,2,1,12,9,3
UPTON COUNTY,461,65 Years,28,12,16,18,7,11,1,0,1,0,0,0,9,5,4
UPTON COUNTY,461,66 Years,26,15,11,21,12,9,0,0,0,1,1,0,4,2,2
UPTON COUNTY,461,67 Years,29,18,11,16,12,4,0,0,0,0,0,0,13,6,7
UPTON COUNTY,461,68 Years,28,16,12,16,9,7,0,0,0,0,0,0,12,7,5
UPTON COUNTY,461,69 Years,28,14,14,18,8,10,0,0,0,1,1,0,9,5,4
UPTON COUNTY,461,70 Years,28,14,14,17,9,8,0,0,0,0,0,0,11,5,6
UPTON COUNTY,461,71 Years,24,13,11,18,11,7,0,0,0,0,0,0,6,2,4
UPTON COUNTY,461,72 Years,27,16,11,20,12,8,0,0,0,0,0,0,7,4,3
UPTON COUNTY,461,73 Years,25,15,10,14,7,7,0,0,0,1,1,0,10,7,3
UPTON COUNTY,461,74 Years,27,14,13,16,6,10,0,0,0,1,1,0,10,7,3
UPTON COUNTY,461,75 Years,17,6,11,12,3,9,1,0,1,0,0,0,4,3,1
UPTON COUNTY,461,76 Years,20,9,11,14,5,9,0,0,0,0,0,0,6,4,2
UPTON COUNTY,461,77 Years,22,9,13,16,6,10,0,0,0,1,1,0,5,2,3
UPTON COUNTY,461,78 Years,21,9,12,11,7,4,0,0,0,0,0,0,10,2,8
UPTON COUNTY,461,79 Years,16,5,11,8,3,5,0,0,0,0,0,0,8,2,6
UPTON COUNTY,461,80 Years,17,8,9,13,5,8,1,1,0,0,0,0,3,2,1
UPTON COUNTY,461,81 Years,15,10,5,9,6,3,0,0,0,0,0,0,6,4,2
UPTON COUNTY,461,82 Years,16,10,6,8,7,1,2,1,1,0,0,0,6,2,4
UPTON COUNTY,461,83 Years,11,4,7,5,3,2,2,1,1,0,0,0,4,0,4
UPTON COUNTY,461,84 Years,12,4,8,7,2,5,0,0,0,0,0,0,5,2,3
UPTON COUNTY,461,85 Years +,64,18,46,50,13,37,2,0,2,0,0,0,12,5,7
UVALDE COUNTY,463,All Ages,26466,12944,13522,7571,3691,3880,108,69,39,334,161,173,18453,9023,9430
UVALDE COUNTY,463,< 1 Year,393,197,196,73,38,35,1,1,0,5,2,3,314,156,158
UVALDE COUNTY,463,1 Years,387,188,199,56,28,28,1,1,0,6,3,3,324,156,168
UVALDE COUNTY,463,2 Years,390,197,193,48,23,25,1,0,1,5,3,2,336,171,165
UVALDE COUNTY,463,3 Years,393,198,195,50,23,27,1,1,0,4,3,1,338,171,167
UVALDE COUNTY,463,4 Years,437,223,214,66,37,29,1,0,1,7,3,4,363,183,180
UVALDE COUNTY,463,5 Years,429,230,199,67,38,29,4,1,3,5,3,2,353,188,165
UVALDE COUNTY,463,6 Years,408,202,206,71,31,40,2,1,1,4,3,1,331,167,164
UVALDE COUNTY,463,7 Years,427,224,203,76,32,44,1,0,1,8,3,5,342,189,153
UVALDE COUNTY,463,8 Years,410,205,205,70,33,37,3,3,0,6,1,5,331,168,163
UVALDE COUNTY,463,9 Years,421,207,214,73,33,40,2,2,0,8,4,4,338,168,170
UVALDE COUNTY,463,10 Years,454,222,232,70,37,33,1,0,1,12,5,7,371,180,191
UVALDE COUNTY,463,11 Years,462,228,234,77,37,40,2,0,2,6,2,4,377,189,188
UVALDE COUNTY,463,12 Years,432,212,220,83,36,47,1,0,1,7,4,3,341,172,169
UVALDE COUNTY,463,13 Years,438,219,219,79,35,44,4,3,1,3,1,2,352,180,172
UVALDE COUNTY,463,14 Years,418,230,188,73,37,36,2,0,2,4,2,2,339,191,148
UVALDE COUNTY,463,15 Years,424,213,211,77,38,39,3,0,3,4,3,1,340,172,168
UVALDE COUNTY,463,16 Years,403,192,211,75,34,41,1,0,1,10,3,7,317,155,162
UVALDE COUNTY,463,17 Years,417,208,209,91,46,45,2,1,1,9,3,6,315,158,157
UVALDE COUNTY,463,18 Years,460,224,236,88,45,43,2,1,1,6,2,4,364,176,188
UVALDE COUNTY,463,19 Years,522,275,247,108,66,42,5,4,1,8,5,3,401,200,201
UVALDE COUNTY,463,20 Years,453,228,225,84,45,39,5,4,1,6,2,4,358,177,181
UVALDE COUNTY,463,21 Years,399,210,189,67,44,23,2,1,1,4,1,3,326,164,162
UVALDE COUNTY,463,22 Years,363,175,188,53,32,21,2,1,1,2,2,0,306,140,166
UVALDE COUNTY,463,23 Years,318,153,165,51,31,20,1,1,0,5,4,1,261,117,144
UVALDE COUNTY,463,24 Years,285,153,132,57,33,24,2,2,0,2,1,1,224,117,107
UVALDE COUNTY,463,25 Years,302,154,148,73,37,36,1,1,0,2,0,2,226,116,110
UVALDE COUNTY,463,26 Years,285,146,139,61,28,33,1,1,0,2,2,0,221,115,106
UVALDE COUNTY,463,27 Years,292,148,144,52,28,24,4,3,1,6,3,3,230,114,116
UVALDE COUNTY,463,28 Years,259,125,134,51,22,29,2,1,1,5,3,2,201,99,102
UVALDE COUNTY,463,29 Years,249,116,133,56,28,28,1,1,0,3,1,2,189,86,103
UVALDE COUNTY,463,30 Years,255,122,133,73,35,38,0,0,0,2,2,0,180,85,95
UVALDE COUNTY,463,31 Years,286,133,153,73,37,36,2,1,1,3,0,3,208,95,113
UVALDE COUNTY,463,32 Years,292,144,148,66,35,31,1,1,0,5,1,4,220,107,113
UVALDE COUNTY,463,33 Years,287,139,148,69,36,33,3,2,1,6,4,2,209,97,112
UVALDE COUNTY,463,34 Years,275,135,140,58,28,30,2,2,0,7,4,3,208,101,107
UVALDE COUNTY,463,35 Years,307,145,162,55,24,31,5,4,1,3,2,1,244,115,129
UVALDE COUNTY,463,36 Years,294,140,154,61,32,29,3,3,0,3,1,2,227,104,123
UVALDE COUNTY,463,37 Years,289,147,142,69,34,35,2,2,0,3,1,2,215,110,105
UVALDE COUNTY,463,38 Years,300,145,155,67,28,39,1,0,1,2,0,2,230,117,113
UVALDE COUNTY,463,39 Years,303,137,166,79,35,44,0,0,0,4,1,3,220,101,119
UVALDE COUNTY,463,40 Years,327,148,179,89,41,48,0,0,0,3,2,1,235,105,130
UVALDE COUNTY,463,41 Years,332,162,170,93,47,46,2,0,2,5,2,3,232,113,119
UVALDE COUNTY,463,42 Years,299,139,160,91,37,54,1,0,1,7,3,4,200,99,101
UVALDE COUNTY,463,43 Years,312,167,145,90,42,48,0,0,0,3,2,1,219,123,96
UVALDE COUNTY,463,44 Years,300,148,152,79,45,34,1,1,0,3,1,2,217,101,116
UVALDE COUNTY,463,45 Years,306,161,145,85,47,38,0,0,0,4,2,2,217,112,105
UVALDE COUNTY,463,46 Years,314,164,150,103,53,50,1,1,0,6,4,2,204,106,98
UVALDE COUNTY,463,47 Years,304,150,154,91,41,50,0,0,0,5,3,2,208,106,102
UVALDE COUNTY,463,48 Years,313,159,154,82,38,44,3,2,1,5,2,3,223,117,106
UVALDE COUNTY,463,49 Years,357,167,190,114,56,58,3,2,1,6,2,4,234,107,127
UVALDE COUNTY,463,50 Years,350,164,186,124,63,61,2,2,0,8,4,4,216,95,121
UVALDE COUNTY,463,51 Years,301,137,164,108,50,58,1,1,0,1,1,0,191,85,106
UVALDE COUNTY,463,52 Years,307,158,149,110,53,57,0,0,0,2,1,1,195,104,91
UVALDE COUNTY,463,53 Years,342,170,172,123,59,64,0,0,0,5,3,2,214,108,106
UVALDE COUNTY,463,54 Years,355,174,181,136,64,72,1,1,0,3,2,1,215,107,108
UVALDE COUNTY,463,55 Years,318,170,148,123,71,52,0,0,0,3,3,0,192,96,96
UVALDE COUNTY,463,56 Years,311,158,153,120,65,55,1,1,0,5,2,3,185,90,95
UVALDE COUNTY,463,57 Years,295,149,146,114,62,52,1,0,1,4,1,3,176,86,90
UVALDE COUNTY,463,58 Years,287,135,152,117,53,64,0,0,0,5,3,2,165,79,86
UVALDE COUNTY,463,59 Years,275,125,150,113,51,62,1,0,1,3,2,1,158,72,86
UVALDE COUNTY,463,60 Years,285,135,150,115,58,57,0,0,0,1,0,1,169,77,92
UVALDE COUNTY,463,61 Years,298,144,154,121,61,60,0,0,0,1,0,1,176,83,93
UVALDE COUNTY,463,62 Years,325,142,183,144,64,80,2,2,0,2,2,0,177,74,103
UVALDE COUNTY,463,63 Years,320,157,163,138,64,74,1,1,0,2,2,0,179,90,89
UVALDE COUNTY,463,64 Years,312,144,168,142,64,78,0,0,0,2,1,1,168,79,89
UVALDE COUNTY,463,65 Years,278,130,148,134,65,69,0,0,0,3,2,1,141,63,78
UVALDE COUNTY,463,66 Years,245,117,128,115,57,58,0,0,0,2,0,2,128,60,68
UVALDE COUNTY,463,67 Years,251,129,122,123,65,58,1,1,0,1,1,0,126,62,64
UVALDE COUNTY,463,68 Years,239,118,121,129,63,66,1,1,0,4,3,1,105,51,54
UVALDE COUNTY,463,69 Years,217,96,121,112,54,58,0,0,0,2,1,1,103,41,62
UVALDE COUNTY,463,70 Years,200,90,110,98,45,53,0,0,0,1,0,1,101,45,56
UVALDE COUNTY,463,71 Years,175,82,93,84,41,43,0,0,0,1,0,1,90,41,49
UVALDE COUNTY,463,72 Years,174,88,86,96,52,44,0,0,0,3,2,1,75,34,41
UVALDE COUNTY,463,73 Years,181,94,87,99,54,45,0,0,0,2,0,2,80,40,40
UVALDE COUNTY,463,74 Years,172,80,92,79,38,41,0,0,0,2,1,1,91,41,50
UVALDE COUNTY,463,75 Years,156,79,77,78,45,33,0,0,0,1,1,0,77,33,44
UVALDE COUNTY,463,76 Years,153,69,84,71,33,38,0,0,0,2,1,1,80,35,45
UVALDE COUNTY,463,77 Years,141,62,79,69,31,38,2,2,0,1,1,0,69,28,41
UVALDE COUNTY,463,78 Years,147,62,85,75,31,44,1,1,0,0,0,0,71,30,41
UVALDE COUNTY,463,79 Years,146,65,81,73,30,43,0,0,0,1,1,0,72,34,38
UVALDE COUNTY,463,80 Years,119,53,66,62,30,32,0,0,0,2,1,1,55,22,33
UVALDE COUNTY,463,81 Years,123,59,64,61,27,34,1,0,1,1,1,0,60,31,29
UVALDE COUNTY,463,82 Years,107,50,57,56,26,30,0,0,0,1,0,1,50,24,26
UVALDE COUNTY,463,83 Years,110,48,62,60,27,33,0,0,0,1,0,1,49,21,28
UVALDE COUNTY,463,84 Years,98,45,53,59,29,30,0,0,0,0,0,0,39,16,23
UVALDE COUNTY,463,85 Years +,571,212,359,327,120,207,1,0,1,7,2,5,236,90,146
VAL VERDE COUNTY,465,All Ages,49216,24710,24506,8508,4658,3850,573,341,232,584,290,294,39551,19421,20130
VAL VERDE COUNTY,465,< 1 Year,914,463,451,113,58,55,9,5,4,11,6,5,781,394,387
VAL VERDE COUNTY,465,1 Years,801,410,391,110,57,53,5,3,2,10,6,4,676,344,332
VAL VERDE COUNTY,465,2 Years,834,428,406,107,58,49,9,4,5,14,8,6,704,358,346
VAL VERDE COUNTY,465,3 Years,833,432,401,104,53,51,9,4,5,10,6,4,710,369,341
VAL VERDE COUNTY,465,4 Years,775,378,397,92,46,46,4,2,2,10,5,5,669,325,344
VAL VERDE COUNTY,465,5 Years,820,396,424,91,45,46,7,4,3,11,5,6,711,342,369
VAL VERDE COUNTY,465,6 Years,861,438,423,94,50,44,7,4,3,12,6,6,748,378,370
VAL VERDE COUNTY,465,7 Years,822,438,384,84,45,39,8,3,5,12,6,6,718,384,334
VAL VERDE COUNTY,465,8 Years,780,406,374,82,42,40,8,1,7,12,5,7,678,358,320
VAL VERDE COUNTY,465,9 Years,810,412,398,79,40,39,13,6,7,9,2,7,709,364,345
VAL VERDE COUNTY,465,10 Years,776,391,385,75,39,36,6,3,3,8,3,5,687,346,341
VAL VERDE COUNTY,465,11 Years,812,425,387,61,29,32,4,2,2,9,4,5,738,390,348
VAL VERDE COUNTY,465,12 Years,817,425,392,77,42,35,4,1,3,9,5,4,727,377,350
VAL VERDE COUNTY,465,13 Years,820,420,400,76,41,35,5,3,2,10,8,2,729,368,361
VAL VERDE COUNTY,465,14 Years,781,420,361,71,33,38,5,2,3,7,5,2,698,380,318
VAL VERDE COUNTY,465,15 Years,797,421,376,76,40,36,8,4,4,6,3,3,707,374,333
VAL VERDE COUNTY,465,16 Years,779,391,388,70,34,36,8,4,4,3,1,2,698,352,346
VAL VERDE COUNTY,465,17 Years,797,385,412,70,35,35,11,7,4,5,1,4,711,342,369
VAL VERDE COUNTY,465,18 Years,782,389,393,68,41,27,9,6,3,4,2,2,701,340,361
VAL VERDE COUNTY,465,19 Years,763,418,345,63,34,29,9,7,2,8,6,2,683,371,312
VAL VERDE COUNTY,465,20 Years,674,358,316,75,41,34,13,8,5,4,2,2,582,307,275
VAL VERDE COUNTY,465,21 Years,629,335,294,79,47,32,15,11,4,4,1,3,531,276,255
VAL VERDE COUNTY,465,22 Years,609,328,281,101,63,38,19,11,8,11,5,6,478,249,229
VAL VERDE COUNTY,465,23 Years,711,399,312,183,123,60,17,11,6,20,15,5,491,250,241
VAL VERDE COUNTY,465,24 Years,782,464,318,262,191,71,17,13,4,17,11,6,486,249,237
VAL VERDE COUNTY,465,25 Years,818,481,337,259,188,71,13,8,5,13,7,6,533,278,255
VAL VERDE COUNTY,465,26 Years,723,403,320,211,137,74,12,7,5,10,7,3,490,252,238
VAL VERDE COUNTY,465,27 Years,667,345,322,169,93,76,16,12,4,12,6,6,470,234,236
VAL VERDE COUNTY,465,28 Years,621,333,288,161,90,71,10,6,4,15,8,7,435,229,206
VAL VERDE COUNTY,465,29 Years,662,336,326,142,80,62,7,3,4,14,8,6,499,245,254
VAL VERDE COUNTY,465,30 Years,659,332,327,121,67,54,11,6,5,13,7,6,514,252,262
VAL VERDE COUNTY,465,31 Years,643,334,309,120,66,54,10,5,5,11,7,4,502,256,246
VAL VERDE COUNTY,465,32 Years,590,315,275,115,69,46,10,5,5,5,3,2,460,238,222
VAL VERDE COUNTY,465,33 Years,600,323,277,99,62,37,7,4,3,9,2,7,485,255,230
VAL VERDE COUNTY,465,34 Years,575,292,283,93,56,37,7,2,5,11,3,8,464,231,233
VAL VERDE COUNTY,465,35 Years,584,289,295,83,41,42,6,2,4,8,4,4,487,242,245
VAL VERDE COUNTY,465,36 Years,623,302,321,87,39,48,6,2,4,8,4,4,522,257,265
VAL VERDE COUNTY,465,37 Years,652,312,340,87,43,44,7,4,3,7,3,4,551,262,289
VAL VERDE COUNTY,465,38 Years,656,318,338,82,42,40,5,4,1,11,4,7,558,268,290
VAL VERDE COUNTY,465,39 Years,634,296,338,96,48,48,6,3,3,9,2,7,523,243,280
VAL VERDE COUNTY,465,40 Years,596,287,309,92,50,42,7,3,4,6,3,3,491,231,260
VAL VERDE COUNTY,465,41 Years,614,310,304,95,57,38,5,4,1,6,4,2,508,245,263
VAL VERDE COUNTY,465,42 Years,621,316,305,101,55,46,6,3,3,7,4,3,507,254,253
VAL VERDE COUNTY,465,43 Years,615,307,308,96,45,51,6,4,2,10,4,6,503,254,249
VAL VERDE COUNTY,465,44 Years,599,300,299,113,58,55,6,5,1,7,4,3,473,233,240
VAL VERDE COUNTY,465,45 Years,616,316,300,107,60,47,10,5,5,4,2,2,495,249,246
VAL VERDE COUNTY,465,46 Years,617,304,313,104,55,49,5,1,4,2,1,1,506,247,259
VAL VERDE COUNTY,465,47 Years,593,304,289,95,56,39,6,5,1,3,1,2,489,242,247
VAL VERDE COUNTY,465,48 Years,610,298,312,104,57,47,7,5,2,7,2,5,492,234,258
VAL VERDE COUNTY,465,49 Years,577,278,299,94,49,45,7,5,2,8,3,5,468,221,247
VAL VERDE COUNTY,465,50 Years,563,280,283,99,55,44,8,4,4,5,3,2,451,218,233
VAL VERDE COUNTY,465,51 Years,557,263,294,118,57,61,8,6,2,5,4,1,426,196,230
VAL VERDE COUNTY,465,52 Years,537,257,280,107,59,48,6,6,0,4,1,3,420,191,229
VAL VERDE COUNTY,465,53 Years,540,275,265,114,60,54,8,6,2,8,4,4,410,205,205
VAL VERDE COUNTY,465,54 Years,521,278,243,114,64,50,8,6,2,4,1,3,395,207,188
VAL VERDE COUNTY,465,55 Years,523,251,272,117,60,57,8,4,4,3,2,1,395,185,210
VAL VERDE COUNTY,465,56 Years,487,227,260,89,51,38,11,7,4,7,2,5,380,167,213
VAL VERDE COUNTY,465,57 Years,486,211,275,104,50,54,7,5,2,4,1,3,371,155,216
VAL VERDE COUNTY,465,58 Years,515,232,283,116,60,56,5,4,1,6,3,3,388,165,223
VAL VERDE COUNTY,465,59 Years,485,233,252,119,64,55,4,4,0,4,2,2,358,163,195
VAL VERDE COUNTY,465,60 Years,497,227,270,120,64,56,4,2,2,7,2,5,366,159,207
VAL VERDE COUNTY,465,61 Years,458,209,249,107,56,51,4,3,1,5,1,4,342,149,193
VAL VERDE COUNTY,465,62 Years,475,218,257,103,57,46,8,5,3,4,1,3,360,155,205
VAL VERDE COUNTY,465,63 Years,506,229,277,104,56,48,8,5,3,6,3,3,388,165,223
VAL VERDE COUNTY,465,64 Years,459,227,232,124,68,56,4,3,1,3,1,2,328,155,173
VAL VERDE COUNTY,465,65 Years,429,215,214,109,62,47,4,3,1,5,4,1,311,146,165
VAL VERDE COUNTY,465,66 Years,409,200,209,108,53,55,1,0,1,5,3,2,295,144,151
VAL VERDE COUNTY,465,67 Years,418,197,221,117,55,62,3,3,0,4,2,2,294,137,157
VAL VERDE COUNTY,465,68 Years,347,175,172,84,46,38,2,2,0,4,3,1,257,124,133
VAL VERDE COUNTY,465,69 Years,330,161,169,75,42,33,6,3,3,1,1,0,248,115,133
VAL VERDE COUNTY,465,70 Years,335,161,174,80,37,43,4,2,2,2,1,1,249,121,128
VAL VERDE COUNTY,465,71 Years,323,143,180,82,35,47,1,0,1,2,1,1,238,107,131
VAL VERDE COUNTY,465,72 Years,303,134,169,73,31,42,3,2,1,6,3,3,221,98,123
VAL VERDE COUNTY,465,73 Years,308,149,159,90,46,44,3,2,1,3,2,1,212,99,113
VAL VERDE COUNTY,465,74 Years,291,136,155,78,44,34,3,2,1,2,1,1,208,89,119
VAL VERDE COUNTY,465,75 Years,281,129,152,64,37,27,6,4,2,3,1,2,208,87,121
VAL VERDE COUNTY,465,76 Years,234,112,122,65,39,26,3,3,0,3,1,2,163,69,94
VAL VERDE COUNTY,465,77 Years,225,102,123,58,30,28,0,0,0,4,2,2,163,70,93
VAL VERDE COUNTY,465,78 Years,224,106,118,58,34,24,1,1,0,2,1,1,163,70,93
VAL VERDE COUNTY,465,79 Years,217,105,112,53,28,25,1,1,0,1,1,0,162,75,87
VAL VERDE COUNTY,465,80 Years,204,87,117,50,24,26,1,1,0,1,0,1,152,62,90
VAL VERDE COUNTY,465,81 Years,206,100,106,38,20,18,0,0,0,2,1,1,166,79,87
VAL VERDE COUNTY,465,82 Years,172,80,92,37,19,18,0,0,0,1,0,1,134,61,73
VAL VERDE COUNTY,465,83 Years,146,64,82,32,17,15,0,0,0,1,0,1,113,47,66
VAL VERDE COUNTY,465,84 Years,134,61,73,31,16,15,1,0,1,2,1,1,100,44,56
VAL VERDE COUNTY,465,85 Years +,727,275,452,182,72,110,2,0,2,3,0,3,540,203,337
VAN ZANDT COUNTY,467,All Ages,52814,26016,26798,45089,21922,23167,1408,706,702,1273,628,645,5044,2760,2284
VAN ZANDT COUNTY,467,< 1 Year,576,299,277,462,239,223,13,7,6,12,7,5,89,46,43
VAN ZANDT COUNTY,467,1 Years,602,311,291,470,251,219,16,7,9,22,11,11,94,42,52
VAN ZANDT COUNTY,467,2 Years,610,316,294,462,240,222,13,5,8,26,14,12,109,57,52
VAN ZANDT COUNTY,467,3 Years,642,314,328,473,233,240,20,10,10,22,10,12,127,61,66
VAN ZANDT COUNTY,467,4 Years,637,310,327,489,230,259,19,10,9,17,9,8,112,61,51
VAN ZANDT COUNTY,467,5 Years,653,338,315,496,251,245,16,8,8,22,13,9,119,66,53
VAN ZANDT COUNTY,467,6 Years,660,327,333,500,245,255,15,8,7,29,16,13,116,58,58
VAN ZANDT COUNTY,467,7 Years,678,340,338,521,259,262,24,15,9,23,10,13,110,56,54
VAN ZANDT COUNTY,467,8 Years,699,371,328,536,290,246,22,15,7,21,8,13,120,58,62
VAN ZANDT COUNTY,467,9 Years,685,361,324,536,284,252,20,10,10,20,12,8,109,55,54
VAN ZANDT COUNTY,467,10 Years,733,362,371,561,274,287,24,13,11,31,12,19,117,63,54
VAN ZANDT COUNTY,467,11 Years,765,366,399,586,279,307,20,11,9,31,15,16,128,61,67
VAN ZANDT COUNTY,467,12 Years,755,386,369,596,305,291,16,7,9,31,13,18,112,61,51
VAN ZANDT COUNTY,467,13 Years,759,385,374,592,301,291,20,10,10,33,12,21,114,62,52
VAN ZANDT COUNTY,467,14 Years,749,397,352,586,304,282,23,17,6,23,12,11,117,64,53
VAN ZANDT COUNTY,467,15 Years,750,383,367,601,300,301,31,16,15,24,15,9,94,52,42
VAN ZANDT COUNTY,467,16 Years,776,411,365,632,332,300,22,8,14,30,20,10,92,51,41
VAN ZANDT COUNTY,467,17 Years,780,411,369,631,324,307,20,11,9,19,11,8,110,65,45
VAN ZANDT COUNTY,467,18 Years,762,405,357,592,308,284,31,19,12,22,15,7,117,63,54
VAN ZANDT COUNTY,467,19 Years,674,351,323,529,278,251,23,11,12,21,11,10,101,51,50
VAN ZANDT COUNTY,467,20 Years,603,315,288,469,247,222,21,7,14,12,6,6,101,55,46
VAN ZANDT COUNTY,467,21 Years,529,265,264,410,201,209,16,9,7,11,5,6,92,50,42
VAN ZANDT COUNTY,467,22 Years,516,261,255,405,203,202,14,9,5,10,5,5,87,44,43
VAN ZANDT COUNTY,467,23 Years,501,265,236,399,212,187,9,4,5,8,4,4,85,45,40
VAN ZANDT COUNTY,467,24 Years,485,246,239,391,193,198,11,5,6,7,4,3,76,44,32
VAN ZANDT COUNTY,467,25 Years,498,261,237,394,203,191,13,5,8,13,9,4,78,44,34
VAN ZANDT COUNTY,467,26 Years,505,260,245,405,200,205,16,10,6,12,6,6,72,44,28
VAN ZANDT COUNTY,467,27 Years,486,256,230,397,203,194,18,8,10,10,5,5,61,40,21
VAN ZANDT COUNTY,467,28 Years,541,281,260,435,214,221,17,11,6,13,7,6,76,49,27
VAN ZANDT COUNTY,467,29 Years,534,264,270,425,204,221,19,11,8,14,7,7,76,42,34
VAN ZANDT COUNTY,467,30 Years,533,266,267,449,219,230,10,7,3,11,6,5,63,34,29
VAN ZANDT COUNTY,467,31 Years,525,269,256,432,219,213,11,7,4,10,3,7,72,40,32
VAN ZANDT COUNTY,467,32 Years,517,267,250,420,213,207,10,4,6,8,2,6,79,48,31
VAN ZANDT COUNTY,467,33 Years,550,272,278,441,222,219,15,7,8,18,8,10,76,35,41
VAN ZANDT COUNTY,467,34 Years,561,270,291,461,217,244,13,8,5,19,9,10,68,36,32
VAN ZANDT COUNTY,467,35 Years,583,310,273,478,242,236,20,13,7,12,9,3,73,46,27
VAN ZANDT COUNTY,467,36 Years,557,293,264,460,239,221,16,7,9,11,8,3,70,39,31
VAN ZANDT COUNTY,467,37 Years,554,284,270,454,230,224,18,10,8,16,11,5,66,33,33
VAN ZANDT COUNTY,467,38 Years,599,293,306,503,240,263,17,9,8,16,7,9,63,37,26
VAN ZANDT COUNTY,467,39 Years,640,306,334,542,258,284,12,9,3,20,6,14,66,33,33
VAN ZANDT COUNTY,467,40 Years,664,318,346,559,266,293,21,10,11,15,4,11,69,38,31
VAN ZANDT COUNTY,467,41 Years,695,323,372,583,263,320,21,10,11,13,5,8,78,45,33
VAN ZANDT COUNTY,467,42 Years,665,313,352,574,255,319,11,7,4,11,5,6,69,46,23
VAN ZANDT COUNTY,467,43 Years,634,291,343,548,241,307,11,6,5,16,10,6,59,34,25
VAN ZANDT COUNTY,467,44 Years,634,307,327,548,262,286,13,5,8,15,11,4,58,29,29
VAN ZANDT COUNTY,467,45 Years,664,314,350,577,272,305,13,5,8,17,7,10,57,30,27
VAN ZANDT COUNTY,467,46 Years,749,363,386,658,312,346,21,13,8,15,6,9,55,32,23
VAN ZANDT COUNTY,467,47 Years,758,373,385,649,316,333,26,13,13,22,10,12,61,34,27
VAN ZANDT COUNTY,467,48 Years,807,398,409,709,349,360,25,9,16,23,10,13,50,30,20
VAN ZANDT COUNTY,467,49 Years,752,369,383,672,332,340,23,8,15,20,9,11,37,20,17
VAN ZANDT COUNTY,467,50 Years,743,379,364,661,336,325,23,13,10,15,6,9,44,24,20
VAN ZANDT COUNTY,467,51 Years,805,421,384,714,368,346,28,16,12,16,9,7,47,28,19
VAN ZANDT COUNTY,467,52 Years,790,407,383,698,358,340,22,11,11,22,9,13,48,29,19
VAN ZANDT COUNTY,467,53 Years,758,368,390,670,324,346,23,12,11,17,5,12,48,27,21
VAN ZANDT COUNTY,467,54 Years,787,377,410,698,331,367,20,11,9,19,11,8,50,24,26
VAN ZANDT COUNTY,467,55 Years,780,372,408,692,319,373,23,13,10,19,12,7,46,28,18
VAN ZANDT COUNTY,467,56 Years,753,370,383,678,325,353,24,14,10,13,6,7,38,25,13
VAN ZANDT COUNTY,467,57 Years,751,374,377,671,333,338,27,11,16,14,6,8,39,24,15
VAN ZANDT COUNTY,467,58 Years,752,359,393,681,323,358,22,9,13,13,4,9,36,23,13
VAN ZANDT COUNTY,467,59 Years,708,337,371,644,305,339,19,7,12,15,9,6,30,16,14
VAN ZANDT COUNTY,467,60 Years,716,335,381,656,303,353,20,10,10,11,6,5,29,16,13
VAN ZANDT COUNTY,467,61 Years,715,334,381,659,303,356,16,9,7,16,7,9,24,15,9
VAN ZANDT COUNTY,467,62 Years,693,335,358,638,306,332,22,11,11,12,6,6,21,12,9
VAN ZANDT COUNTY,467,63 Years,765,356,409,703,327,376,22,9,13,11,5,6,29,15,14
VAN ZANDT COUNTY,467,64 Years,788,384,404,726,347,379,18,8,10,15,9,6,29,20,9
VAN ZANDT COUNTY,467,65 Years,643,313,330,598,291,307,10,5,5,13,4,9,22,13,9
VAN ZANDT COUNTY,467,66 Years,600,297,303,556,273,283,11,9,2,9,2,7,24,13,11
VAN ZANDT COUNTY,467,67 Years,633,313,320,598,293,305,9,4,5,10,5,5,16,11,5
VAN ZANDT COUNTY,467,68 Years,608,307,301,574,287,287,9,6,3,15,7,8,10,7,3
VAN ZANDT COUNTY,467,69 Years,565,260,305,536,247,289,10,5,5,12,6,6,7,2,5
VAN ZANDT COUNTY,467,70 Years,578,266,312,544,249,295,12,5,7,10,6,4,12,6,6
VAN ZANDT COUNTY,467,71 Years,525,255,270,491,235,256,10,6,4,11,8,3,13,6,7
VAN ZANDT COUNTY,467,72 Years,493,245,248,469,233,236,6,4,2,9,5,4,9,3,6
VAN ZANDT COUNTY,467,73 Years,490,242,248,466,226,240,7,5,2,7,5,2,10,6,4
VAN ZANDT COUNTY,467,74 Years,461,221,240,439,210,229,7,3,4,6,3,3,9,5,4
VAN ZANDT COUNTY,467,75 Years,448,233,215,429,225,204,8,3,5,5,1,4,6,4,2
VAN ZANDT COUNTY,467,76 Years,417,220,197,398,212,186,8,1,7,5,2,3,6,5,1
VAN ZANDT COUNTY,467,77 Years,377,179,198,356,170,186,12,5,7,3,1,2,6,3,3
VAN ZANDT COUNTY,467,78 Years,300,136,164,281,129,152,9,2,7,5,2,3,5,3,2
VAN ZANDT COUNTY,467,79 Years,316,141,175,300,135,165,11,4,7,3,1,2,2,1,1
VAN ZANDT COUNTY,467,80 Years,295,124,171,283,120,163,7,2,5,4,2,2,1,0,1
VAN ZANDT COUNTY,467,81 Years,263,116,147,251,112,139,7,2,5,1,0,1,4,2,2
VAN ZANDT COUNTY,467,82 Years,247,103,144,237,97,140,4,1,3,2,2,0,4,3,1
VAN ZANDT COUNTY,467,83 Years,241,99,142,229,94,135,6,2,4,4,2,2,2,1,1
VAN ZANDT COUNTY,467,84 Years,206,83,123,198,78,120,2,1,1,2,1,1,4,3,1
VAN ZANDT COUNTY,467,85 Years +,1020,338,682,969,324,645,25,3,22,12,3,9,14,8,6
VICTORIA COUNTY,469,All Ages,87393,42635,44758,41226,19916,21310,5235,2525,2710,1982,955,1027,38950,19239,19711
VICTORIA COUNTY,469,< 1 Year,1258,631,627,482,240,242,64,33,31,26,13,13,686,345,341
VICTORIA COUNTY,469,1 Years,1253,640,613,432,220,212,61,32,29,37,18,19,723,370,353
VICTORIA COUNTY,469,2 Years,1272,667,605,410,223,187,64,35,29,44,19,25,754,390,364
VICTORIA COUNTY,469,3 Years,1335,705,630,402,213,189,74,39,35,38,18,20,821,435,386
VICTORIA COUNTY,469,4 Years,1343,693,650,406,201,205,73,39,34,37,16,21,827,437,390
VICTORIA COUNTY,469,5 Years,1332,676,656,393,190,203,85,40,45,37,19,18,817,427,390
VICTORIA COUNTY,469,6 Years,1309,670,639,417,211,206,74,35,39,36,18,18,782,406,376
VICTORIA COUNTY,469,7 Years,1278,636,642,406,203,203,88,40,48,40,20,20,744,373,371
VICTORIA COUNTY,469,8 Years,1282,647,635,394,206,188,85,42,43,51,23,28,752,376,376
VICTORIA COUNTY,469,9 Years,1266,641,625,416,214,202,84,44,40,46,25,21,720,358,362
VICTORIA COUNTY,469,10 Years,1288,627,661,433,216,217,84,40,44,42,20,22,729,351,378
VICTORIA COUNTY,469,11 Years,1306,668,638,447,231,216,83,44,39,42,19,23,734,374,360
VICTORIA COUNTY,469,12 Years,1290,658,632,467,249,218,83,36,47,31,18,13,709,355,354
VICTORIA COUNTY,469,13 Years,1259,617,642,451,220,231,90,36,54,47,22,25,671,339,332
VICTORIA COUNTY,469,14 Years,1259,640,619,470,241,229,88,39,49,47,24,23,654,336,318
VICTORIA COUNTY,469,15 Years,1263,648,615,480,245,235,91,54,37,47,22,25,645,327,318
VICTORIA COUNTY,469,16 Years,1241,622,619,463,224,239,92,51,41,40,19,21,646,328,318
VICTORIA COUNTY,469,17 Years,1275,664,611,467,241,226,83,44,39,43,23,20,682,356,326
VICTORIA COUNTY,469,18 Years,1317,681,636,489,262,227,82,41,41,36,15,21,710,363,347
VICTORIA COUNTY,469,19 Years,1227,635,592,468,251,217,74,36,38,24,13,11,661,335,326
VICTORIA COUNTY,469,20 Years,1066,538,528,388,196,192,67,32,35,25,13,12,586,297,289
VICTORIA COUNTY,469,21 Years,1111,538,573,415,192,223,61,29,32,23,11,12,612,306,306
VICTORIA COUNTY,469,22 Years,1099,550,549,432,210,222,64,33,31,19,10,9,584,297,287
VICTORIA COUNTY,469,23 Years,1110,544,566,449,220,229,72,33,39,24,13,11,565,278,287
VICTORIA COUNTY,469,24 Years,1110,563,547,451,235,216,67,37,30,20,10,10,572,281,291
VICTORIA COUNTY,469,25 Years,1161,577,584,480,248,232,71,36,35,19,9,10,591,284,307
VICTORIA COUNTY,469,26 Years,1144,519,625,486,211,275,79,33,46,24,12,12,555,263,292
VICTORIA COUNTY,469,27 Years,1105,554,551,473,229,244,72,35,37,26,15,11,534,275,259
VICTORIA COUNTY,469,28 Years,1166,575,591,489,246,243,71,27,44,20,10,10,586,292,294
VICTORIA COUNTY,469,29 Years,1156,584,572,492,258,234,58,27,31,26,17,9,580,282,298
VICTORIA COUNTY,469,30 Years,1207,559,648,552,255,297,75,31,44,26,13,13,554,260,294
VICTORIA COUNTY,469,31 Years,1168,576,592,514,257,257,60,38,22,24,12,12,570,269,301
VICTORIA COUNTY,469,32 Years,1095,532,563,482,232,250,87,42,45,20,9,11,506,249,257
VICTORIA COUNTY,469,33 Years,996,491,505,441,212,229,62,34,28,16,8,8,477,237,240
VICTORIA COUNTY,469,34 Years,977,503,474,397,212,185,55,29,26,25,12,13,500,250,250
VICTORIA COUNTY,469,35 Years,1029,517,512,422,222,200,75,45,30,16,7,9,516,243,273
VICTORIA COUNTY,469,36 Years,1011,514,497,435,230,205,59,32,27,27,9,18,490,243,247
VICTORIA COUNTY,469,37 Years,1004,489,515,444,220,224,61,31,30,33,14,19,466,224,242
VICTORIA COUNTY,469,38 Years,1027,501,526,477,234,243,60,36,24,20,6,14,470,225,245
VICTORIA COUNTY,469,39 Years,1056,535,521,469,235,234,58,36,22,34,12,22,495,252,243
VICTORIA COUNTY,469,40 Years,1036,508,528,464,220,244,65,37,28,28,12,16,479,239,240
VICTORIA COUNTY,469,41 Years,1061,524,537,499,240,259,67,39,28,11,6,5,484,239,245
VICTORIA COUNTY,469,42 Years,987,474,513,459,224,235,56,27,29,19,8,11,453,215,238
VICTORIA COUNTY,469,43 Years,935,446,489,427,211,216,53,26,27,15,7,8,440,202,238
VICTORIA COUNTY,469,44 Years,971,462,509,462,213,249,55,30,25,23,10,13,431,209,222
VICTORIA COUNTY,469,45 Years,1030,521,509,516,257,259,58,37,21,16,7,9,440,220,220
VICTORIA COUNTY,469,46 Years,1118,535,583,562,269,293,76,38,38,19,7,12,461,221,240
VICTORIA COUNTY,469,47 Years,1190,585,605,608,291,317,74,35,39,25,14,11,483,245,238
VICTORIA COUNTY,469,48 Years,1207,580,627,629,286,343,71,31,40,31,18,13,476,245,231
VICTORIA COUNTY,469,49 Years,1227,573,654,659,295,364,73,33,40,28,16,12,467,229,238
VICTORIA COUNTY,469,50 Years,1277,623,654,704,343,361,75,32,43,25,14,11,473,234,239
VICTORIA COUNTY,469,51 Years,1260,620,640,710,360,350,75,33,42,19,10,9,456,217,239
VICTORIA COUNTY,469,52 Years,1272,617,655,728,354,374,75,32,43,22,9,13,447,222,225
VICTORIA COUNTY,469,53 Years,1302,633,669,739,352,387,69,33,36,28,11,17,466,237,229
VICTORIA COUNTY,469,54 Years,1253,624,629,684,327,357,72,37,35,34,15,19,463,245,218
VICTORIA COUNTY,469,55 Years,1184,594,590,682,330,352,68,33,35,22,14,8,412,217,195
VICTORIA COUNTY,469,56 Years,1247,609,638,710,346,364,84,37,47,31,19,12,422,207,215
VICTORIA COUNTY,469,57 Years,1164,555,609,674,324,350,77,37,40,32,18,14,381,176,205
VICTORIA COUNTY,469,58 Years,1093,534,559,630,310,320,75,41,34,24,11,13,364,172,192
VICTORIA COUNTY,469,59 Years,1077,504,573,629,296,333,71,34,37,18,7,11,359,167,192
VICTORIA COUNTY,469,60 Years,1031,515,516,601,299,302,66,28,38,21,10,11,343,178,165
VICTORIA COUNTY,469,61 Years,1021,484,537,595,288,307,57,20,37,20,9,11,349,167,182
VICTORIA COUNTY,469,62 Years,1000,475,525,588,273,315,66,28,38,17,7,10,329,167,162
VICTORIA COUNTY,469,63 Years,982,467,515,590,281,309,68,29,39,19,9,10,305,148,157
VICTORIA COUNTY,469,64 Years,954,443,511,581,276,305,51,21,30,22,11,11,300,135,165
VICTORIA COUNTY,469,65 Years,856,425,431,490,250,240,46,25,21,14,7,7,306,143,163
VICTORIA COUNTY,469,66 Years,772,374,398,456,225,231,39,20,19,14,6,8,263,123,140
VICTORIA COUNTY,469,67 Years,741,329,412,489,217,272,35,15,20,11,5,6,206,92,114
VICTORIA COUNTY,469,68 Years,707,341,366,460,230,230,40,20,20,7,3,4,200,88,112
VICTORIA COUNTY,469,69 Years,675,308,367,458,208,250,36,19,17,6,3,3,175,78,97
VICTORIA COUNTY,469,70 Years,614,278,336,417,192,225,24,11,13,6,4,2,167,71,96
VICTORIA COUNTY,469,71 Years,577,251,326,383,168,215,24,11,13,12,5,7,158,67,91
VICTORIA COUNTY,469,72 Years,567,250,317,357,160,197,30,11,19,11,6,5,169,73,96
VICTORIA COUNTY,469,73 Years,540,258,282,341,163,178,28,12,16,10,6,4,161,77,84
VICTORIA COUNTY,469,74 Years,508,222,286,332,149,183,23,11,12,7,1,6,146,61,85
VICTORIA COUNTY,469,75 Years,479,216,263,315,149,166,25,10,15,4,1,3,135,56,79
VICTORIA COUNTY,469,76 Years,505,225,280,339,143,196,22,7,15,5,1,4,139,74,65
VICTORIA COUNTY,469,77 Years,440,187,253,290,123,167,22,7,15,9,4,5,119,53,66
VICTORIA COUNTY,469,78 Years,442,189,253,306,135,171,21,7,14,3,2,1,112,45,67
VICTORIA COUNTY,469,79 Years,449,196,253,327,147,180,17,7,10,4,2,2,101,40,61
VICTORIA COUNTY,469,80 Years,393,169,224,284,120,164,21,7,14,4,1,3,84,41,43
VICTORIA COUNTY,469,81 Years,356,145,211,261,106,155,14,5,9,5,2,3,76,32,44
VICTORIA COUNTY,469,82 Years,314,138,176,233,105,128,13,4,9,4,1,3,64,28,36
VICTORIA COUNTY,469,83 Years,320,136,184,236,103,133,19,6,13,5,2,3,60,25,35
VICTORIA COUNTY,469,84 Years,272,116,156,204,90,114,13,4,9,3,1,2,52,21,31
VICTORIA COUNTY,469,85 Years +,1536,552,984,1137,413,724,90,22,68,11,7,4,298,110,188
WALKER COUNTY,471,All Ages,68220,40172,28048,39677,22288,17389,15139,9767,5372,1782,904,878,11622,7213,4409
WALKER COUNTY,471,< 1 Year,673,338,335,310,156,154,143,73,70,38,20,18,182,89,93
WALKER COUNTY,471,1 Years,687,360,327,307,158,149,151,74,77,37,19,18,192,109,83
WALKER COUNTY,471,2 Years,661,350,311,308,166,142,150,73,77,29,12,17,174,99,75
WALKER COUNTY,471,3 Years,635,329,306,297,156,141,130,64,66,37,22,15,171,87,84
WALKER COUNTY,471,4 Years,642,321,321,292,147,145,151,80,71,35,20,15,164,74,90
WALKER COUNTY,471,5 Years,640,338,302,282,155,127,152,75,77,43,24,19,163,84,79
WALKER COUNTY,471,6 Years,622,315,307,281,144,137,130,56,74,32,18,14,179,97,82
WALKER COUNTY,471,7 Years,576,287,289,254,124,130,127,58,69,25,15,10,170,90,80
WALKER COUNTY,471,8 Years,621,316,305,310,158,152,131,64,67,25,15,10,155,79,76
WALKER COUNTY,471,9 Years,577,296,281,288,142,146,108,56,52,34,19,15,147,79,68
WALKER COUNTY,471,10 Years,600,307,293,298,142,156,128,69,59,28,16,12,146,80,66
WALKER COUNTY,471,11 Years,601,305,296,279,132,147,141,83,58,25,10,15,156,80,76
WALKER COUNTY,471,12 Years,590,295,295,304,153,151,122,61,61,26,12,14,138,69,69
WALKER COUNTY,471,13 Years,604,311,293,313,165,148,135,64,71,26,12,14,130,70,60
WALKER COUNTY,471,14 Years,597,295,302,328,173,155,123,58,65,23,7,16,123,57,66
WALKER COUNTY,471,15 Years,611,300,311,322,155,167,127,66,61,24,9,15,138,70,68
WALKER COUNTY,471,16 Years,652,332,320,318,168,150,163,71,92,17,7,10,154,86,68
WALKER COUNTY,471,17 Years,740,413,327,350,190,160,206,117,89,22,12,10,162,94,68
WALKER COUNTY,471,18 Years,1242,610,632,626,306,320,300,139,161,29,17,12,287,148,139
WALKER COUNTY,471,19 Years,2103,951,1152,1143,518,625,453,196,257,62,28,34,445,209,236
WALKER COUNTY,471,20 Years,2214,1029,1185,1293,598,695,471,233,238,78,33,45,372,165,207
WALKER COUNTY,471,21 Years,2431,1279,1152,1477,764,713,461,239,222,89,54,35,404,222,182
WALKER COUNTY,471,22 Years,2380,1351,1029,1495,836,659,441,249,192,76,35,41,368,231,137
WALKER COUNTY,471,23 Years,1795,1046,749,1030,589,441,344,201,143,53,29,24,368,227,141
WALKER COUNTY,471,24 Years,1461,882,579,782,452,330,353,219,134,52,27,25,274,184,90
WALKER COUNTY,471,25 Years,1172,707,465,645,354,291,254,174,80,44,28,16,229,151,78
WALKER COUNTY,471,26 Years,1091,700,391,616,384,232,238,165,73,25,17,8,212,134,78
WALKER COUNTY,471,27 Years,983,665,318,465,299,166,241,175,66,32,22,10,245,169,76
WALKER COUNTY,471,28 Years,1031,697,334,511,313,198,249,184,65,43,24,19,228,176,52
WALKER COUNTY,471,29 Years,1013,671,342,513,301,212,267,208,59,15,7,8,218,155,63
WALKER COUNTY,471,30 Years,962,642,320,491,294,197,240,184,56,27,13,14,204,151,53
WALKER COUNTY,471,31 Years,878,564,314,451,262,189,207,155,52,17,8,9,203,139,64
WALKER COUNTY,471,32 Years,885,636,249,448,317,131,233,166,67,14,6,8,190,147,43
WALKER COUNTY,471,33 Years,770,517,253,399,245,154,209,154,55,13,8,5,149,110,39
WALKER COUNTY,471,34 Years,890,605,285,424,262,162,219,172,47,14,9,5,233,162,71
WALKER COUNTY,471,35 Years,884,609,275,404,247,157,267,216,51,20,9,11,193,137,56
WALKER COUNTY,471,36 Years,859,579,280,434,270,164,225,171,54,26,11,15,174,127,47
WALKER COUNTY,471,37 Years,821,569,252,431,290,141,222,164,58,22,8,14,146,107,39
WALKER COUNTY,471,38 Years,853,606,247,421,284,137,242,189,53,14,8,6,176,125,51
WALKER COUNTY,471,39 Years,916,622,294,442,269,173,259,208,51,14,7,7,201,138,63
WALKER COUNTY,471,40 Years,1029,726,303,584,394,190,242,187,55,17,7,10,186,138,48
WALKER COUNTY,471,41 Years,973,677,296,520,351,169,261,199,62,24,12,12,168,115,53
WALKER COUNTY,471,42 Years,951,663,288,539,356,183,215,165,50,17,11,6,180,131,49
WALKER COUNTY,471,43 Years,899,635,264,510,346,164,214,163,51,11,5,6,164,121,43
WALKER COUNTY,471,44 Years,955,693,262,503,332,171,285,236,49,15,8,7,152,117,35
WALKER COUNTY,471,45 Years,953,644,309,494,321,173,264,193,71,13,6,7,182,124,58
WALKER COUNTY,471,46 Years,1089,782,307,603,420,183,331,261,70,12,5,7,143,96,47
WALKER COUNTY,471,47 Years,996,680,316,574,365,209,268,213,55,19,9,10,135,93,42
WALKER COUNTY,471,48 Years,1008,678,330,568,352,216,266,205,61,19,10,9,155,111,44
WALKER COUNTY,471,49 Years,974,657,317,566,360,206,265,199,66,16,10,6,127,88,39
WALKER COUNTY,471,50 Years,1058,717,341,619,393,226,287,219,68,17,11,6,135,94,41
WALKER COUNTY,471,51 Years,1072,714,358,642,405,237,285,216,69,17,8,9,128,85,43
WALKER COUNTY,471,52 Years,1018,686,332,622,392,230,275,219,56,13,5,8,108,70,38
WALKER COUNTY,471,53 Years,923,597,326,569,349,220,225,164,61,13,4,9,116,80,36
WALKER COUNTY,471,54 Years,875,556,319,552,338,214,207,146,61,17,5,12,99,67,32
WALKER COUNTY,471,55 Years,809,516,293,493,286,207,215,163,52,18,8,10,83,59,24
WALKER COUNTY,471,56 Years,844,503,341,556,322,234,169,119,50,13,5,8,106,57,49
WALKER COUNTY,471,57 Years,799,473,326,526,295,231,148,94,54,16,8,8,109,76,33
WALKER COUNTY,471,58 Years,797,448,349,545,273,272,146,98,48,18,9,9,88,68,20
WALKER COUNTY,471,59 Years,733,418,315,497,273,224,158,97,61,15,6,9,63,42,21
WALKER COUNTY,471,60 Years,685,374,311,496,258,238,117,71,46,11,4,7,61,41,20
WALKER COUNTY,471,61 Years,736,413,323,508,276,232,126,79,47,13,8,5,89,50,39
WALKER COUNTY,471,62 Years,666,383,283,484,267,217,108,68,40,11,7,4,63,41,22
WALKER COUNTY,471,63 Years,656,392,264,491,274,217,104,73,31,9,5,4,52,40,12
WALKER COUNTY,471,64 Years,605,346,259,463,256,207,94,62,32,8,4,4,40,24,16
WALKER COUNTY,471,65 Years,482,237,245,354,170,184,78,40,38,11,4,7,39,23,16
WALKER COUNTY,471,66 Years,496,278,218,379,212,167,73,43,30,12,5,7,32,18,14
WALKER COUNTY,471,67 Years,462,248,214,362,190,172,66,37,29,7,4,3,27,17,10
WALKER COUNTY,471,68 Years,501,267,234,392,196,196,67,37,30,10,8,2,32,26,6
WALKER COUNTY,471,69 Years,463,242,221,361,181,180,82,48,34,6,3,3,14,10,4
WALKER COUNTY,471,70 Years,408,203,205,341,175,166,45,16,29,5,3,2,17,9,8
WALKER COUNTY,471,71 Years,408,222,186,324,181,143,56,29,27,7,3,4,21,9,12
WALKER COUNTY,471,72 Years,361,192,169,299,168,131,46,17,29,3,1,2,13,6,7
WALKER COUNTY,471,73 Years,336,178,158,272,142,130,48,28,20,1,1,0,15,7,8
WALKER COUNTY,471,74 Years,296,144,152,241,122,119,35,12,23,2,1,1,18,9,9
WALKER COUNTY,471,75 Years,291,162,129,240,139,101,40,19,21,2,1,1,9,3,6
WALKER COUNTY,471,76 Years,295,140,155,238,117,121,46,17,29,3,1,2,8,5,3
WALKER COUNTY,471,77 Years,250,118,132,206,103,103,34,11,23,1,0,1,9,4,5
WALKER COUNTY,471,78 Years,213,99,114,183,87,96,21,6,15,1,1,0,8,5,3
WALKER COUNTY,471,79 Years,211,87,124,176,76,100,22,7,15,2,0,2,11,4,7
WALKER COUNTY,471,80 Years,213,85,128,181,76,105,19,4,15,4,2,2,9,3,6
WALKER COUNTY,471,81 Years,200,82,118,164,66,98,23,9,14,6,3,3,7,4,3
WALKER COUNTY,471,82 Years,184,75,109,160,68,92,17,5,12,2,1,1,5,1,4
WALKER COUNTY,471,83 Years,171,72,99,146,65,81,18,6,12,3,0,3,4,1,3
WALKER COUNTY,471,84 Years,150,64,86,119,53,66,21,7,14,4,1,3,6,3,3
WALKER COUNTY,471,85 Years +,763,261,502,633,209,424,94,37,57,13,4,9,23,11,12
WALLER COUNTY,473,All Ages,43886,21753,22133,19288,9457,9831,10614,4862,5752,885,434,451,13099,7000,6099
WALLER COUNTY,473,< 1 Year,576,290,286,192,96,96,142,71,71,8,4,4,234,119,115
WALLER COUNTY,473,1 Years,612,322,290,182,96,86,131,67,64,10,5,5,289,154,135
WALLER COUNTY,473,2 Years,625,322,303,188,99,89,122,59,63,18,7,11,297,157,140
WALLER COUNTY,473,3 Years,647,333,314,180,93,87,130,57,73,13,7,6,324,176,148
WALLER COUNTY,473,4 Years,637,316,321,208,93,115,93,46,47,13,9,4,323,168,155
WALLER COUNTY,473,5 Years,600,297,303,200,99,101,95,47,48,11,5,6,294,146,148
WALLER COUNTY,473,6 Years,581,290,291,194,95,99,86,37,49,14,9,5,287,149,138
WALLER COUNTY,473,7 Years,557,267,290,185,79,106,85,40,45,15,7,8,272,141,131
WALLER COUNTY,473,8 Years,576,280,296,195,90,105,97,46,51,12,3,9,272,141,131
WALLER COUNTY,473,9 Years,569,296,273,188,98,90,92,45,47,12,4,8,277,149,128
WALLER COUNTY,473,10 Years,624,336,288,230,117,113,105,54,51,17,10,7,272,155,117
WALLER COUNTY,473,11 Years,596,294,302,217,99,118,96,53,43,16,10,6,267,132,135
WALLER COUNTY,473,12 Years,579,291,288,208,107,101,98,46,52,14,9,5,259,129,130
WALLER COUNTY,473,13 Years,583,310,273,209,114,95,90,45,45,17,6,11,267,145,122
WALLER COUNTY,473,14 Years,589,315,274,232,118,114,92,54,38,22,12,10,243,131,112
WALLER COUNTY,473,15 Years,556,275,281,238,110,128,90,43,47,20,10,10,208,112,96
WALLER COUNTY,473,16 Years,589,313,276,252,134,118,78,35,43,24,12,12,235,132,103
WALLER COUNTY,473,17 Years,676,345,331,259,138,121,142,61,81,15,6,9,260,140,120
WALLER COUNTY,473,18 Years,1225,559,666,234,122,112,695,299,396,23,6,17,273,132,141
WALLER COUNTY,473,19 Years,1681,747,934,202,105,97,1165,487,678,32,13,19,282,142,140
WALLER COUNTY,473,20 Years,1409,623,786,194,101,93,929,376,553,25,11,14,261,135,126
WALLER COUNTY,473,21 Years,1220,589,631,190,97,93,741,340,401,29,14,15,260,138,122
WALLER COUNTY,473,22 Years,966,492,474,199,101,98,496,245,251,21,12,9,250,134,116
WALLER COUNTY,473,23 Years,715,385,330,160,72,88,322,177,145,16,11,5,217,125,92
WALLER COUNTY,473,24 Years,611,351,260,172,84,88,230,139,91,10,8,2,199,120,79
WALLER COUNTY,473,25 Years,462,253,209,152,77,75,125,72,53,10,6,4,175,98,77
WALLER COUNTY,473,26 Years,460,226,234,147,74,73,101,44,57,9,6,3,203,102,101
WALLER COUNTY,473,27 Years,486,253,233,163,83,80,94,51,43,11,6,5,218,113,105
WALLER COUNTY,473,28 Years,464,241,223,159,85,74,84,32,52,10,4,6,211,120,91
WALLER COUNTY,473,29 Years,494,258,236,161,76,85,98,49,49,10,7,3,225,126,99
WALLER COUNTY,473,30 Years,495,244,251,179,83,96,84,36,48,9,6,3,223,119,104
WALLER COUNTY,473,31 Years,492,264,228,182,90,92,90,51,39,8,4,4,212,119,93
WALLER COUNTY,473,32 Years,467,230,237,187,81,106,84,40,44,4,2,2,192,107,85
WALLER COUNTY,473,33 Years,455,230,225,186,93,93,69,34,35,3,2,1,197,101,96
WALLER COUNTY,473,34 Years,431,223,208,181,97,84,59,23,36,4,2,2,187,101,86
WALLER COUNTY,473,35 Years,409,224,185,163,90,73,56,23,33,6,2,4,184,109,75
WALLER COUNTY,473,36 Years,469,250,219,202,103,99,51,25,26,6,4,2,210,118,92
WALLER COUNTY,473,37 Years,487,244,243,218,108,110,58,30,28,5,4,1,206,102,104
WALLER COUNTY,473,38 Years,473,218,255,195,92,103,97,36,61,5,2,3,176,88,88
WALLER COUNTY,473,39 Years,497,228,269,228,101,127,71,30,41,8,4,4,190,93,97
WALLER COUNTY,473,40 Years,510,248,262,259,124,135,63,29,34,6,3,3,182,92,90
WALLER COUNTY,473,41 Years,523,263,260,252,120,132,67,29,38,10,5,5,194,109,85
WALLER COUNTY,473,42 Years,554,280,274,284,136,148,77,35,42,11,7,4,182,102,80
WALLER COUNTY,473,43 Years,525,272,253,262,136,126,82,43,39,12,4,8,169,89,80
WALLER COUNTY,473,44 Years,508,234,274,269,113,156,76,39,37,13,6,7,150,76,74
WALLER COUNTY,473,45 Years,533,262,271,282,137,145,88,37,51,9,3,6,154,85,69
WALLER COUNTY,473,46 Years,565,286,279,297,148,149,91,39,52,11,4,7,166,95,71
WALLER COUNTY,473,47 Years,605,300,305,335,162,173,93,40,53,13,5,8,164,93,71
WALLER COUNTY,473,48 Years,608,306,302,346,162,184,92,47,45,11,6,5,159,91,68
WALLER COUNTY,473,49 Years,566,271,295,322,144,178,95,45,50,10,4,6,139,78,61
WALLER COUNTY,473,50 Years,603,296,307,359,175,184,100,47,53,13,5,8,131,69,62
WALLER COUNTY,473,51 Years,617,300,317,380,176,204,103,50,53,13,7,6,121,67,54
WALLER COUNTY,473,52 Years,612,310,302,386,191,195,102,48,54,11,6,5,113,65,48
WALLER COUNTY,473,53 Years,622,320,302,390,197,193,99,42,57,11,6,5,122,75,47
WALLER COUNTY,473,54 Years,565,278,287,347,175,172,101,38,63,10,6,4,107,59,48
WALLER COUNTY,473,55 Years,530,281,249,336,174,162,87,49,38,6,5,1,101,53,48
WALLER COUNTY,473,56 Years,580,300,280,382,195,187,86,44,42,9,5,4,103,56,47
WALLER COUNTY,473,57 Years,550,261,289,368,171,197,86,40,46,13,6,7,83,44,39
WALLER COUNTY,473,58 Years,543,272,271,370,184,186,74,34,40,11,6,5,88,48,40
WALLER COUNTY,473,59 Years,539,268,271,358,176,182,90,42,48,12,6,6,79,44,35
WALLER COUNTY,473,60 Years,480,242,238,327,166,161,79,31,48,9,5,4,65,40,25
WALLER COUNTY,473,61 Years,451,205,246,311,142,169,75,29,46,8,4,4,57,30,27
WALLER COUNTY,473,62 Years,466,223,243,319,156,163,74,30,44,10,3,7,63,34,29
WALLER COUNTY,473,63 Years,465,237,228,333,176,157,63,27,36,8,2,6,61,32,29
WALLER COUNTY,473,64 Years,428,212,216,300,154,146,60,27,33,11,3,8,57,28,29
WALLER COUNTY,473,65 Years,391,190,201,264,131,133,57,25,32,11,3,8,59,31,28
WALLER COUNTY,473,66 Years,371,184,187,263,129,134,58,28,30,4,2,2,46,25,21
WALLER COUNTY,473,67 Years,366,185,181,263,136,127,51,24,27,8,4,4,44,21,23
WALLER COUNTY,473,68 Years,324,170,154,236,125,111,42,17,25,9,5,4,37,23,14
WALLER COUNTY,473,69 Years,311,161,150,235,124,111,43,19,24,6,4,2,27,14,13
WALLER COUNTY,473,70 Years,283,142,141,207,106,101,43,19,24,7,4,3,26,13,13
WALLER COUNTY,473,71 Years,237,116,121,159,80,79,48,23,25,5,2,3,25,11,14
WALLER COUNTY,473,72 Years,214,97,117,144,61,83,40,21,19,5,2,3,25,13,12
WALLER COUNTY,473,73 Years,217,106,111,153,76,77,40,17,23,2,1,1,22,12,10
WALLER COUNTY,473,74 Years,191,97,94,131,69,62,41,16,25,2,2,0,17,10,7
WALLER COUNTY,473,75 Years,187,81,106,130,58,72,37,12,25,3,2,1,17,9,8
WALLER COUNTY,473,76 Years,165,63,102,111,48,63,37,9,28,2,1,1,15,5,10
WALLER COUNTY,473,77 Years,133,59,74,87,43,44,32,10,22,1,0,1,13,6,7
WALLER COUNTY,473,78 Years,148,73,75,95,46,49,39,20,19,2,1,1,12,6,6
WALLER COUNTY,473,79 Years,154,79,75,101,52,49,41,20,21,2,2,0,10,5,5
WALLER COUNTY,473,80 Years,138,60,78,93,41,52,31,12,19,3,2,1,11,5,6
WALLER COUNTY,473,81 Years,127,50,77,83,31,52,30,13,17,1,0,1,13,6,7
WALLER COUNTY,473,82 Years,108,48,60,76,34,42,25,12,13,2,0,2,5,2,3
WALLER COUNTY,473,83 Years,89,39,50,62,26,36,22,11,11,1,0,1,4,2,2
WALLER COUNTY,473,84 Years,88,37,51,64,27,37,14,7,7,4,1,3,6,2,4
WALLER COUNTY,473,85 Years +,456,165,291,346,134,212,77,21,56,9,3,6,24,7,17
WARD COUNTY,475,All Ages,10804,5219,5585,4945,2335,2610,481,247,234,194,96,98,5184,2541,2643
WARD COUNTY,475,< 1 Year,160,78,82,65,32,33,7,4,3,3,1,2,85,41,44
WARD COUNTY,475,1 Years,149,76,73,53,25,28,12,5,7,2,1,1,82,45,37
WARD COUNTY,475,2 Years,166,87,79,47,22,25,11,4,7,4,2,2,104,59,45
WARD COUNTY,475,3 Years,170,87,83,46,25,21,8,4,4,4,2,2,112,56,56
WARD COUNTY,475,4 Years,160,73,87,55,28,27,10,3,7,3,1,2,92,41,51
WARD COUNTY,475,5 Years,168,70,98,62,29,33,7,2,5,3,1,2,96,38,58
WARD COUNTY,475,6 Years,174,75,99,58,27,31,9,3,6,2,1,1,105,44,61
WARD COUNTY,475,7 Years,171,84,87,56,28,28,8,4,4,7,2,5,100,50,50
WARD COUNTY,475,8 Years,168,79,89,52,27,25,5,4,1,4,1,3,107,47,60
WARD COUNTY,475,9 Years,157,74,83,45,21,24,10,6,4,6,3,3,96,44,52
WARD COUNTY,475,10 Years,156,85,71,39,18,21,8,5,3,5,3,2,104,59,45
WARD COUNTY,475,11 Years,156,78,78,54,28,26,10,3,7,4,1,3,88,46,42
WARD COUNTY,475,12 Years,149,66,83,55,23,32,10,3,7,4,2,2,80,38,42
WARD COUNTY,475,13 Years,151,78,73,44,20,24,10,3,7,2,1,1,95,54,41
WARD COUNTY,475,14 Years,169,87,82,61,30,31,9,4,5,5,4,1,94,49,45
WARD COUNTY,475,15 Years,167,85,82,58,25,33,9,5,4,6,6,0,94,49,45
WARD COUNTY,475,16 Years,160,81,79,60,30,30,10,5,5,3,2,1,87,44,43
WARD COUNTY,475,17 Years,163,78,85,60,31,29,7,4,3,3,2,1,93,41,52
WARD COUNTY,475,18 Years,171,88,83,57,31,26,8,5,3,4,1,3,102,51,51
WARD COUNTY,475,19 Years,160,83,77,62,29,33,6,5,1,1,1,0,91,48,43
WARD COUNTY,475,20 Years,112,54,58,44,22,22,5,1,4,1,0,1,62,31,31
WARD COUNTY,475,21 Years,129,70,59,43,30,13,7,2,5,3,1,2,76,37,39
WARD COUNTY,475,22 Years,148,78,70,52,27,25,8,5,3,4,2,2,84,44,40
WARD COUNTY,475,23 Years,123,56,67,47,17,30,5,3,2,5,3,2,66,33,33
WARD COUNTY,475,24 Years,117,59,58,48,21,27,7,5,2,5,2,3,57,31,26
WARD COUNTY,475,25 Years,119,58,61,47,23,24,5,2,3,4,2,2,63,31,32
WARD COUNTY,475,26 Years,123,60,63,51,26,25,11,5,6,5,4,1,56,25,31
WARD COUNTY,475,27 Years,126,63,63,48,20,28,6,4,2,3,2,1,69,37,32
WARD COUNTY,475,28 Years,138,64,74,63,25,38,4,3,1,2,0,2,69,36,33
WARD COUNTY,475,29 Years,141,70,71,63,31,32,2,0,2,2,0,2,74,39,35
WARD COUNTY,475,30 Years,153,75,78,61,30,31,8,2,6,5,3,2,79,40,39
WARD COUNTY,475,31 Years,144,71,73,51,24,27,10,5,5,3,1,2,80,41,39
WARD COUNTY,475,32 Years,123,69,54,50,25,25,5,4,1,2,1,1,66,39,27
WARD COUNTY,475,33 Years,107,55,52,53,24,29,3,2,1,1,0,1,50,29,21
WARD COUNTY,475,34 Years,114,59,55,55,29,26,3,3,0,2,1,1,54,26,28
WARD COUNTY,475,35 Years,130,60,70,56,26,30,2,1,1,2,1,1,70,32,38
WARD COUNTY,475,36 Years,118,55,63,49,18,31,4,2,2,2,0,2,63,35,28
WARD COUNTY,475,37 Years,105,46,59,46,19,27,4,2,2,1,1,0,54,24,30
WARD COUNTY,475,38 Years,124,50,74,49,22,27,4,1,3,3,2,1,68,25,43
WARD COUNTY,475,39 Years,111,49,62,50,23,27,3,0,3,2,1,1,56,25,31
WARD COUNTY,475,40 Years,129,68,61,65,35,30,6,5,1,2,1,1,56,27,29
WARD COUNTY,475,41 Years,119,63,56,55,31,24,5,3,2,2,2,0,57,27,30
WARD COUNTY,475,42 Years,115,54,61,57,24,33,1,1,0,2,2,0,55,27,28
WARD COUNTY,475,43 Years,124,62,62,59,30,29,6,5,1,0,0,0,59,27,32
WARD COUNTY,475,44 Years,123,67,56,64,36,28,6,3,3,2,2,0,51,26,25
WARD COUNTY,475,45 Years,142,76,66,73,36,37,6,4,2,3,3,0,60,33,27
WARD COUNTY,475,46 Years,151,78,73,73,38,35,9,6,3,2,2,0,67,32,35
WARD COUNTY,475,47 Years,143,61,82,63,26,37,7,4,3,3,2,1,70,29,41
WARD COUNTY,475,48 Years,158,76,82,78,36,42,7,3,4,1,1,0,72,36,36
WARD COUNTY,475,49 Years,147,69,78,79,33,46,9,5,4,0,0,0,59,31,28
WARD COUNTY,475,50 Years,157,82,75,80,44,36,6,2,4,4,1,3,67,35,32
WARD COUNTY,475,51 Years,154,74,80,81,42,39,5,2,3,2,1,1,66,29,37
WARD COUNTY,475,52 Years,162,80,82,85,40,45,9,6,3,0,0,0,68,34,34
WARD COUNTY,475,53 Years,152,75,77,73,36,37,10,7,3,3,1,2,66,31,35
WARD COUNTY,475,54 Years,144,73,71,80,38,42,4,3,1,4,2,2,56,30,26
WARD COUNTY,475,55 Years,150,70,80,88,42,46,6,4,2,2,0,2,54,24,30
WARD COUNTY,475,56 Years,160,77,83,93,44,49,7,4,3,2,0,2,58,29,29
WARD COUNTY,475,57 Years,130,67,63,83,43,40,7,2,5,2,1,1,38,21,17
WARD COUNTY,475,58 Years,125,55,70,74,35,39,5,2,3,3,1,2,43,17,26
WARD COUNTY,475,59 Years,124,66,58,66,35,31,8,5,3,2,1,1,48,25,23
WARD COUNTY,475,60 Years,124,54,70,61,23,38,5,3,2,1,1,0,57,27,30
WARD COUNTY,475,61 Years,132,63,69,76,38,38,3,1,2,2,0,2,51,24,27
WARD COUNTY,475,62 Years,128,66,62,70,38,32,2,1,1,1,0,1,55,27,28
WARD COUNTY,475,63 Years,129,59,70,74,36,38,5,3,2,0,0,0,50,20,30
WARD COUNTY,475,64 Years,120,60,60,71,39,32,7,3,4,0,0,0,42,18,24
WARD COUNTY,475,65 Years,91,43,48,51,27,24,2,1,1,1,0,1,37,15,22
WARD COUNTY,475,66 Years,95,48,47,56,31,25,3,0,3,4,1,3,32,16,16
WARD COUNTY,475,67 Years,101,50,51,54,27,27,2,2,0,3,1,2,42,20,22
WARD COUNTY,475,68 Years,90,44,46,53,26,27,5,3,2,0,0,0,32,15,17
WARD COUNTY,475,69 Years,84,40,44,48,22,26,5,2,3,1,1,0,30,15,15
WARD COUNTY,475,70 Years,72,32,40,39,15,24,2,1,1,3,2,1,28,14,14
WARD COUNTY,475,71 Years,74,33,41,43,16,27,1,1,0,1,0,1,29,16,13
WARD COUNTY,475,72 Years,73,28,45,47,15,32,1,0,1,1,0,1,24,13,11
WARD COUNTY,475,73 Years,68,31,37,42,15,27,2,1,1,1,1,0,23,14,9
WARD COUNTY,475,74 Years,68,25,43,42,15,27,2,0,2,0,0,0,24,10,14
WARD COUNTY,475,75 Years,75,34,41,52,22,30,2,2,0,0,0,0,21,10,11
WARD COUNTY,475,76 Years,73,37,36,48,24,24,1,1,0,0,0,0,24,12,12
WARD COUNTY,475,77 Years,67,32,35,40,19,21,2,1,1,0,0,0,25,12,13
WARD COUNTY,475,78 Years,61,26,35,37,16,21,3,2,1,0,0,0,21,8,13
WARD COUNTY,475,79 Years,64,25,39,41,15,26,3,2,1,0,0,0,20,8,12
WARD COUNTY,475,80 Years,62,28,34,41,19,22,2,1,1,0,0,0,19,8,11
WARD COUNTY,475,81 Years,59,25,34,39,16,23,2,2,0,1,0,1,17,7,10
WARD COUNTY,475,82 Years,50,18,32,32,11,21,2,1,1,0,0,0,16,6,10
WARD COUNTY,475,83 Years,40,13,27,31,9,22,0,0,0,0,0,0,9,4,5
WARD COUNTY,475,84 Years,44,17,27,32,11,21,1,1,0,0,0,0,11,5,6
WARD COUNTY,475,85 Years +,201,82,119,141,55,86,7,3,4,1,1,0,52,23,29
WASHINGTON COUNTY,477,All Ages,33999,16762,17237,22327,10852,11475,5960,2919,3041,840,405,435,4872,2586,2286
WASHINGTON COUNTY,477,< 1 Year,417,215,202,203,107,96,90,42,48,12,7,5,112,59,53
WASHINGTON COUNTY,477,1 Years,399,204,195,198,101,97,77,45,32,11,4,7,113,54,59
WASHINGTON COUNTY,477,2 Years,424,218,206,197,100,97,90,52,38,19,8,11,118,58,60
WASHINGTON COUNTY,477,3 Years,421,206,215,195,91,104,94,50,44,18,9,9,114,56,58
WASHINGTON COUNTY,477,4 Years,388,196,192,180,91,89,80,39,41,17,7,10,111,59,52
WASHINGTON COUNTY,477,5 Years,392,197,195,190,99,91,84,39,45,14,8,6,104,51,53
WASHINGTON COUNTY,477,6 Years,407,226,181,205,116,89,88,48,40,10,4,6,104,58,46
WASHINGTON COUNTY,477,7 Years,401,223,178,203,107,96,76,48,28,12,3,9,110,65,45
WASHINGTON COUNTY,477,8 Years,418,245,173,204,116,88,89,54,35,17,9,8,108,66,42
WASHINGTON COUNTY,477,9 Years,395,232,163,196,115,81,83,49,34,12,5,7,104,63,41
WASHINGTON COUNTY,477,10 Years,426,229,197,209,109,100,78,49,29,13,6,7,126,65,61
WASHINGTON COUNTY,477,11 Years,427,234,193,219,122,97,80,45,35,18,11,7,110,56,54
WASHINGTON COUNTY,477,12 Years,410,204,206,225,116,109,72,36,36,16,7,9,97,45,52
WASHINGTON COUNTY,477,13 Years,421,218,203,243,119,124,74,45,29,18,9,9,86,45,41
WASHINGTON COUNTY,477,14 Years,416,211,205,236,114,122,80,43,37,18,11,7,82,43,39
WASHINGTON COUNTY,477,15 Years,418,199,219,238,118,120,83,38,45,16,7,9,81,36,45
WASHINGTON COUNTY,477,16 Years,422,200,222,249,125,124,78,35,43,13,7,6,82,33,49
WASHINGTON COUNTY,477,17 Years,445,226,219,254,129,125,93,51,42,11,6,5,87,40,47
WASHINGTON COUNTY,477,18 Years,451,233,218,239,119,120,114,60,54,13,7,6,85,47,38
WASHINGTON COUNTY,477,19 Years,585,295,290,283,133,150,181,96,85,19,11,8,102,55,47
WASHINGTON COUNTY,477,20 Years,805,405,400,405,199,206,245,129,116,24,11,13,131,66,65
WASHINGTON COUNTY,477,21 Years,657,358,299,323,169,154,197,114,83,17,7,10,120,68,52
WASHINGTON COUNTY,477,22 Years,431,247,184,221,124,97,116,67,49,11,7,4,83,49,34
WASHINGTON COUNTY,477,23 Years,387,209,178,186,99,87,108,58,50,15,6,9,78,46,32
WASHINGTON COUNTY,477,24 Years,366,190,176,184,94,90,82,39,43,10,2,8,90,55,35
WASHINGTON COUNTY,477,25 Years,357,192,165,181,94,87,76,38,38,6,3,3,94,57,37
WASHINGTON COUNTY,477,26 Years,352,192,160,179,99,80,70,31,39,8,5,3,95,57,38
WASHINGTON COUNTY,477,27 Years,344,170,174,191,98,93,67,27,40,13,6,7,73,39,34
WASHINGTON COUNTY,477,28 Years,353,169,184,197,99,98,62,26,36,16,9,7,78,35,43
WASHINGTON COUNTY,477,29 Years,350,159,191,189,90,99,63,21,42,8,4,4,90,44,46
WASHINGTON COUNTY,477,30 Years,336,154,182,180,87,93,61,19,42,11,5,6,84,43,41
WASHINGTON COUNTY,477,31 Years,341,187,154,192,109,83,60,31,29,9,3,6,80,44,36
WASHINGTON COUNTY,477,32 Years,340,166,174,196,98,98,52,23,29,13,8,5,79,37,42
WASHINGTON COUNTY,477,33 Years,356,175,181,206,100,106,55,25,30,11,4,7,84,46,38
WASHINGTON COUNTY,477,34 Years,331,157,174,194,93,101,60,25,35,5,2,3,72,37,35
WASHINGTON COUNTY,477,35 Years,325,152,173,189,89,100,53,23,30,7,1,6,76,39,37
WASHINGTON COUNTY,477,36 Years,324,152,172,190,86,104,47,20,27,11,6,5,76,40,36
WASHINGTON COUNTY,477,37 Years,321,163,158,183,88,95,58,28,30,11,6,5,69,41,28
WASHINGTON COUNTY,477,38 Years,345,174,171,208,105,103,65,26,39,8,5,3,64,38,26
WASHINGTON COUNTY,477,39 Years,365,186,179,223,112,111,64,30,34,9,4,5,69,40,29
WASHINGTON COUNTY,477,40 Years,370,192,178,235,116,119,58,30,28,10,7,3,67,39,28
WASHINGTON COUNTY,477,41 Years,411,196,215,254,119,135,75,30,45,15,10,5,67,37,30
WASHINGTON COUNTY,477,42 Years,400,195,205,265,125,140,64,30,34,11,6,5,60,34,26
WASHINGTON COUNTY,477,43 Years,365,175,190,232,114,118,63,24,39,13,5,8,57,32,25
WASHINGTON COUNTY,477,44 Years,367,188,179,250,132,118,53,22,31,11,4,7,53,30,23
WASHINGTON COUNTY,477,45 Years,408,209,199,287,144,143,68,37,31,13,7,6,40,21,19
WASHINGTON COUNTY,477,46 Years,434,213,221,309,146,163,73,37,36,9,5,4,43,25,18
WASHINGTON COUNTY,477,47 Years,484,243,241,340,169,171,86,44,42,8,5,3,50,25,25
WASHINGTON COUNTY,477,48 Years,484,257,227,345,181,164,77,39,38,12,7,5,50,30,20
WASHINGTON COUNTY,477,49 Years,460,236,224,328,170,158,79,38,41,9,4,5,44,24,20
WASHINGTON COUNTY,477,50 Years,500,245,255,356,176,180,91,43,48,12,4,8,41,22,19
WASHINGTON COUNTY,477,51 Years,511,252,259,358,170,188,99,54,45,9,4,5,45,24,21
WASHINGTON COUNTY,477,52 Years,486,241,245,350,170,180,96,46,50,7,4,3,33,21,12
WASHINGTON COUNTY,477,53 Years,490,241,249,373,184,189,71,32,39,11,5,6,35,20,15
WASHINGTON COUNTY,477,54 Years,504,249,255,358,173,185,93,48,45,13,7,6,40,21,19
WASHINGTON COUNTY,477,55 Years,479,247,232,341,172,169,90,50,40,9,4,5,39,21,18
WASHINGTON COUNTY,477,56 Years,520,249,271,386,185,201,88,43,45,14,8,6,32,13,19
WASHINGTON COUNTY,477,57 Years,505,249,256,389,190,199,70,37,33,13,5,8,33,17,16
WASHINGTON COUNTY,477,58 Years,485,236,249,381,185,196,63,32,31,6,2,4,35,17,18
WASHINGTON COUNTY,477,59 Years,491,241,250,389,195,194,67,31,36,6,2,4,29,13,16
WASHINGTON COUNTY,477,60 Years,460,219,241,372,177,195,60,28,32,8,4,4,20,10,10
WASHINGTON COUNTY,477,61 Years,454,216,238,356,172,184,67,28,39,13,4,9,18,12,6
WASHINGTON COUNTY,477,62 Years,423,207,216,335,164,171,54,27,27,11,4,7,23,12,11
WASHINGTON COUNTY,477,63 Years,445,213,232,361,179,182,60,23,37,9,3,6,15,8,7
WASHINGTON COUNTY,477,64 Years,459,222,237,377,188,189,52,20,32,7,3,4,23,11,12
WASHINGTON COUNTY,477,65 Years,387,191,196,315,153,162,50,26,24,4,3,1,18,9,9
WASHINGTON COUNTY,477,66 Years,360,182,178,286,145,141,55,23,32,4,4,0,15,10,5
WASHINGTON COUNTY,477,67 Years,382,193,189,312,158,154,49,24,25,3,2,1,18,9,9
WASHINGTON COUNTY,477,68 Years,360,192,168,311,164,147,35,20,15,4,3,1,10,5,5
WASHINGTON COUNTY,477,69 Years,336,156,180,284,133,151,41,17,24,7,4,3,4,2,2
WASHINGTON COUNTY,477,70 Years,329,151,178,280,130,150,38,17,21,4,1,3,7,3,4
WASHINGTON COUNTY,477,71 Years,291,131,160,235,108,127,45,17,28,4,2,2,7,4,3
WASHINGTON COUNTY,477,72 Years,300,134,166,250,114,136,39,13,26,4,2,2,7,5,2
WASHINGTON COUNTY,477,73 Years,278,132,146,236,109,127,31,16,15,3,2,1,8,5,3
WASHINGTON COUNTY,477,74 Years,255,119,136,222,104,118,24,12,12,3,1,2,6,2,4
WASHINGTON COUNTY,477,75 Years,248,107,141,213,95,118,26,9,17,2,1,1,7,2,5
WASHINGTON COUNTY,477,76 Years,241,103,138,210,93,117,27,9,18,0,0,0,4,1,3
WASHINGTON COUNTY,477,77 Years,217,99,118,190,88,102,21,8,13,2,2,0,4,1,3
WASHINGTON COUNTY,477,78 Years,223,97,126,197,87,110,20,8,12,2,1,1,4,1,3
WASHINGTON COUNTY,477,79 Years,203,84,119,182,76,106,16,7,9,0,0,0,5,1,4
WASHINGTON COUNTY,477,80 Years,216,92,124,191,83,108,17,6,11,2,1,1,6,2,4
WASHINGTON COUNTY,477,81 Years,224,92,132,194,82,112,22,6,16,3,1,2,5,3,2
WASHINGTON COUNTY,477,82 Years,187,81,106,167,75,92,17,5,12,1,0,1,2,1,1
WASHINGTON COUNTY,477,83 Years,158,67,91,135,61,74,17,6,11,3,0,3,3,0,3
WASHINGTON COUNTY,477,84 Years,159,62,97,139,55,84,15,6,9,1,0,1,4,1,3
WASHINGTON COUNTY,477,85 Years +,981,298,683,868,264,604,93,27,66,5,2,3,15,5,10
WEBB COUNTY,479,All Ages,259539,126170,133369,8479,4707,3772,492,341,151,1917,966,951,248651,120156,128495
WEBB COUNTY,479,< 1 Year,5351,2736,2615,112,60,52,5,3,2,29,14,15,5205,2659,2546
WEBB COUNTY,479,1 Years,4997,2497,2500,132,69,63,5,4,1,23,10,13,4837,2414,2423
WEBB COUNTY,479,2 Years,4850,2445,2405,140,73,67,5,4,1,30,13,17,4675,2355,2320
WEBB COUNTY,479,3 Years,4973,2521,2452,130,66,64,8,4,4,31,17,14,4804,2434,2370
WEBB COUNTY,479,4 Years,4978,2521,2457,126,59,67,13,9,4,22,11,11,4817,2442,2375
WEBB COUNTY,479,5 Years,4870,2453,2417,126,70,56,7,5,2,29,17,12,4708,2361,2347
WEBB COUNTY,479,6 Years,5004,2596,2408,126,69,57,10,6,4,26,15,11,4842,2506,2336
WEBB COUNTY,479,7 Years,5039,2655,2384,114,66,48,9,7,2,25,11,14,4891,2571,2320
WEBB COUNTY,479,8 Years,5005,2590,2415,115,61,54,8,6,2,27,15,12,4855,2508,2347
WEBB COUNTY,479,9 Years,5170,2656,2514,121,60,61,5,2,3,27,13,14,5017,2581,2436
WEBB COUNTY,479,10 Years,5214,2659,2555,102,52,50,11,6,5,29,13,16,5072,2588,2484
WEBB COUNTY,479,11 Years,5090,2612,2478,111,65,46,10,8,2,29,17,12,4940,2522,2418
WEBB COUNTY,479,12 Years,4980,2525,2455,113,63,50,7,5,2,34,21,13,4826,2436,2390
WEBB COUNTY,479,13 Years,4876,2501,2375,113,58,55,5,2,3,24,13,11,4734,2428,2306
WEBB COUNTY,479,14 Years,4881,2505,2376,112,61,51,6,2,4,21,12,9,4742,2430,2312
WEBB COUNTY,479,15 Years,4870,2487,2383,114,58,56,9,8,1,15,8,7,4732,2413,2319
WEBB COUNTY,479,16 Years,4934,2523,2411,108,47,61,5,3,2,25,10,15,4796,2463,2333
WEBB COUNTY,479,17 Years,4940,2534,2406,109,50,59,5,3,2,31,16,15,4795,2465,2330
WEBB COUNTY,479,18 Years,4861,2454,2407,98,51,47,9,5,4,28,17,11,4726,2381,2345
WEBB COUNTY,479,19 Years,4720,2357,2363,97,45,52,9,4,5,31,18,13,4583,2290,2293
WEBB COUNTY,479,20 Years,4413,2267,2146,100,54,46,3,2,1,22,15,7,4288,2196,2092
WEBB COUNTY,479,21 Years,4130,2059,2071,122,68,54,8,5,3,24,19,5,3976,1967,2009
WEBB COUNTY,479,22 Years,3869,1925,1944,123,72,51,13,10,3,25,17,8,3708,1826,1882
WEBB COUNTY,479,23 Years,3652,1823,1829,113,64,49,10,7,3,30,14,16,3499,1738,1761
WEBB COUNTY,479,24 Years,3608,1784,1824,107,67,40,5,3,2,29,14,15,3467,1700,1767
WEBB COUNTY,479,25 Years,3612,1785,1827,125,66,59,7,5,2,28,14,14,3452,1700,1752
WEBB COUNTY,479,26 Years,3645,1770,1875,138,80,58,7,6,1,39,19,20,3461,1665,1796
WEBB COUNTY,479,27 Years,3610,1740,1870,135,78,57,6,3,3,42,16,26,3427,1643,1784
WEBB COUNTY,479,28 Years,3502,1724,1778,146,89,57,10,5,5,37,13,24,3309,1617,1692
WEBB COUNTY,479,29 Years,3581,1774,1807,140,90,50,9,6,3,34,17,17,3398,1661,1737
WEBB COUNTY,479,30 Years,3646,1753,1893,128,72,56,11,8,3,32,17,15,3475,1656,1819
WEBB COUNTY,479,31 Years,3733,1785,1948,129,72,57,9,7,2,30,16,14,3565,1690,1875
WEBB COUNTY,479,32 Years,3510,1712,1798,122,78,44,7,5,2,33,17,16,3348,1612,1736
WEBB COUNTY,479,33 Years,3405,1642,1763,110,66,44,10,7,3,30,15,15,3255,1554,1701
WEBB COUNTY,479,34 Years,3481,1714,1767,111,71,40,9,6,3,27,14,13,3334,1623,1711
WEBB COUNTY,479,35 Years,3711,1801,1910,110,70,40,8,7,1,40,19,21,3553,1705,1848
WEBB COUNTY,479,36 Years,3750,1764,1986,115,66,49,11,9,2,39,13,26,3585,1676,1909
WEBB COUNTY,479,37 Years,3688,1734,1954,104,57,47,10,7,3,39,16,23,3535,1654,1881
WEBB COUNTY,479,38 Years,3654,1798,1856,119,66,53,11,10,1,25,12,13,3499,1710,1789
WEBB COUNTY,479,39 Years,3666,1751,1915,126,69,57,11,7,4,29,14,15,3500,1661,1839
WEBB COUNTY,479,40 Years,3628,1695,1933,126,84,42,11,9,2,43,18,25,3448,1584,1864
WEBB COUNTY,479,41 Years,3603,1693,1910,129,79,50,8,6,2,45,22,23,3421,1586,1835
WEBB COUNTY,479,42 Years,3447,1664,1783,115,66,49,14,11,3,40,22,18,3278,1565,1713
WEBB COUNTY,479,43 Years,3308,1545,1763,110,61,49,10,6,4,41,26,15,3147,1452,1695
WEBB COUNTY,479,44 Years,3176,1497,1679,127,73,54,5,3,2,32,15,17,3012,1406,1606
WEBB COUNTY,479,45 Years,3105,1469,1636,111,62,49,6,4,2,34,16,18,2954,1387,1567
WEBB COUNTY,479,46 Years,3097,1446,1651,122,71,51,3,3,0,38,19,19,2934,1353,1581
WEBB COUNTY,479,47 Years,2936,1370,1566,115,72,43,5,5,0,33,21,12,2783,1272,1511
WEBB COUNTY,479,48 Years,2916,1406,1510,109,64,45,7,6,1,35,17,18,2765,1319,1446
WEBB COUNTY,479,49 Years,2836,1409,1427,120,67,53,8,6,2,26,11,15,2682,1325,1357
WEBB COUNTY,479,50 Years,2849,1315,1534,140,75,65,8,6,2,21,9,12,2680,1225,1455
WEBB COUNTY,479,51 Years,2830,1376,1454,120,60,60,5,3,2,21,14,7,2684,1299,1385
WEBB COUNTY,479,52 Years,2627,1260,1367,112,61,51,8,6,2,17,7,10,2490,1186,1304
WEBB COUNTY,479,53 Years,2582,1179,1403,116,71,45,9,7,2,20,7,13,2437,1094,1343
WEBB COUNTY,479,54 Years,2568,1160,1408,102,53,49,6,5,1,28,14,14,2432,1088,1344
WEBB COUNTY,479,55 Years,2455,1162,1293,100,56,44,9,5,4,29,15,14,2317,1086,1231
WEBB COUNTY,479,56 Years,2362,1102,1260,101,50,51,6,5,1,25,13,12,2230,1034,1196
WEBB COUNTY,479,57 Years,2203,1017,1186,92,53,39,5,5,0,19,8,11,2087,951,1136
WEBB COUNTY,479,58 Years,2010,945,1065,102,67,35,2,2,0,16,7,9,1890,869,1021
WEBB COUNTY,479,59 Years,1916,858,1058,80,44,36,2,0,2,16,7,9,1818,807,1011
WEBB COUNTY,479,60 Years,1866,851,1015,93,41,52,2,0,2,15,6,9,1756,804,952
WEBB COUNTY,479,61 Years,1852,840,1012,98,49,49,2,0,2,14,6,8,1738,785,953
WEBB COUNTY,479,62 Years,1782,831,951,103,64,39,5,3,2,15,6,9,1659,758,901
WEBB COUNTY,479,63 Years,1829,868,961,103,56,47,3,2,1,19,11,8,1704,799,905
WEBB COUNTY,479,64 Years,1672,762,910,89,46,43,3,2,1,16,9,7,1564,705,859
WEBB COUNTY,479,65 Years,1477,663,814,71,37,34,2,1,1,10,5,5,1394,620,774
WEBB COUNTY,479,66 Years,1448,642,806,77,39,38,1,1,0,14,8,6,1356,594,762
WEBB COUNTY,479,67 Years,1309,569,740,56,33,23,1,1,0,5,3,2,1247,532,715
WEBB COUNTY,479,68 Years,1239,546,693,60,38,22,2,1,1,4,2,2,1173,505,668
WEBB COUNTY,479,69 Years,1205,522,683,60,38,22,1,1,0,7,2,5,1137,481,656
WEBB COUNTY,479,70 Years,1116,509,607,48,29,19,1,1,0,6,4,2,1061,475,586
WEBB COUNTY,479,71 Years,1053,461,592,52,28,24,1,1,0,3,3,0,997,429,568
WEBB COUNTY,479,72 Years,1004,437,567,51,25,26,0,0,0,5,5,0,948,407,541
WEBB COUNTY,479,73 Years,935,401,534,40,24,16,0,0,0,4,4,0,891,373,518
WEBB COUNTY,479,74 Years,847,341,506,37,27,10,1,1,0,4,2,2,805,311,494
WEBB COUNTY,479,75 Years,865,357,508,37,23,14,0,0,0,4,2,2,824,332,492
WEBB COUNTY,479,76 Years,797,329,468,36,23,13,1,0,1,3,0,3,757,306,451
WEBB COUNTY,479,77 Years,694,293,401,26,15,11,0,0,0,1,0,1,667,278,389
WEBB COUNTY,479,78 Years,632,254,378,32,12,20,2,2,0,2,2,0,596,238,358
WEBB COUNTY,479,79 Years,684,269,415,34,17,17,0,0,0,1,1,0,649,251,398
WEBB COUNTY,479,80 Years,625,258,367,26,13,13,0,0,0,0,0,0,599,245,354
WEBB COUNTY,479,81 Years,624,248,376,37,15,22,1,0,1,3,1,2,583,232,351
WEBB COUNTY,479,82 Years,584,222,362,31,17,14,0,0,0,2,1,1,551,204,347
WEBB COUNTY,479,83 Years,522,201,321,32,17,15,0,0,0,3,0,3,487,184,303
WEBB COUNTY,479,84 Years,476,173,303,32,16,16,0,0,0,3,2,1,441,155,286
WEBB COUNTY,479,85 Years +,2479,823,1656,127,58,69,0,0,0,5,1,4,2347,764,1583
WHARTON COUNTY,481,All Ages,41293,20341,20952,19411,9350,10061,5651,2694,2957,498,253,245,15733,8044,7689
WHARTON COUNTY,481,< 1 Year,583,299,284,193,96,97,73,39,34,6,3,3,311,161,150
WHARTON COUNTY,481,1 Years,576,298,278,191,102,89,66,32,34,14,9,5,305,155,150
WHARTON COUNTY,481,2 Years,578,297,281,188,101,87,77,42,35,10,4,6,303,150,153
WHARTON COUNTY,481,3 Years,614,314,300,202,109,93,95,45,50,10,5,5,307,155,152
WHARTON COUNTY,481,4 Years,620,310,310,193,87,106,89,48,41,12,8,4,326,167,159
WHARTON COUNTY,481,5 Years,602,308,294,184,85,99,69,39,30,11,4,7,338,180,158
WHARTON COUNTY,481,6 Years,616,321,295,187,87,100,80,41,39,14,8,6,335,185,150
WHARTON COUNTY,481,7 Years,658,333,325,229,114,115,75,36,39,14,9,5,340,174,166
WHARTON COUNTY,481,8 Years,633,310,323,216,104,112,83,37,46,10,6,4,324,163,161
WHARTON COUNTY,481,9 Years,632,333,299,214,107,107,83,43,40,6,3,3,329,180,149
WHARTON COUNTY,481,10 Years,603,314,289,218,108,110,82,51,31,5,3,2,298,152,146
WHARTON COUNTY,481,11 Years,640,314,326,234,112,122,95,47,48,5,3,2,306,152,154
WHARTON COUNTY,481,12 Years,591,290,301,211,97,114,74,37,37,7,4,3,299,152,147
WHARTON COUNTY,481,13 Years,603,312,291,206,106,100,87,50,37,8,2,6,302,154,148
WHARTON COUNTY,481,14 Years,608,284,324,203,93,110,89,40,49,8,2,6,308,149,159
WHARTON COUNTY,481,15 Years,581,288,293,219,105,114,86,37,49,8,2,6,268,144,124
WHARTON COUNTY,481,16 Years,563,306,257,234,126,108,84,45,39,5,2,3,240,133,107
WHARTON COUNTY,481,17 Years,646,353,293,247,138,109,88,46,42,8,5,3,303,164,139
WHARTON COUNTY,481,18 Years,633,334,299,227,119,108,85,39,46,8,4,4,313,172,141
WHARTON COUNTY,481,19 Years,542,294,248,183,96,87,87,45,42,8,7,1,264,146,118
WHARTON COUNTY,481,20 Years,549,293,256,188,107,81,96,43,53,10,7,3,255,136,119
WHARTON COUNTY,481,21 Years,558,288,270,185,94,91,91,44,47,8,4,4,274,146,128
WHARTON COUNTY,481,22 Years,491,248,243,189,94,95,67,30,37,7,2,5,228,122,106
WHARTON COUNTY,481,23 Years,456,243,213,173,95,78,61,28,33,7,4,3,215,116,99
WHARTON COUNTY,481,24 Years,475,252,223,182,94,88,60,33,27,4,3,1,229,122,107
WHARTON COUNTY,481,25 Years,492,249,243,177,90,87,68,37,31,5,2,3,242,120,122
WHARTON COUNTY,481,26 Years,486,242,244,182,94,88,62,24,38,7,4,3,235,120,115
WHARTON COUNTY,481,27 Years,512,269,243,209,106,103,80,39,41,6,2,4,217,122,95
WHARTON COUNTY,481,28 Years,508,247,261,202,93,109,81,42,39,6,3,3,219,109,110
WHARTON COUNTY,481,29 Years,516,236,280,213,93,120,66,31,35,9,4,5,228,108,120
WHARTON COUNTY,481,30 Years,499,252,247,213,107,106,60,28,32,6,2,4,220,115,105
WHARTON COUNTY,481,31 Years,481,244,237,202,109,93,61,26,35,4,2,2,214,107,107
WHARTON COUNTY,481,32 Years,512,245,267,220,107,113,78,34,44,4,2,2,210,102,108
WHARTON COUNTY,481,33 Years,482,243,239,194,97,97,66,35,31,3,2,1,219,109,110
WHARTON COUNTY,481,34 Years,474,232,242,194,95,99,68,35,33,7,4,3,205,98,107
WHARTON COUNTY,481,35 Years,469,234,235,177,86,91,61,28,33,5,3,2,226,117,109
WHARTON COUNTY,481,36 Years,437,210,227,186,92,94,57,25,32,4,2,2,190,91,99
WHARTON COUNTY,481,37 Years,443,228,215,194,108,86,51,27,24,6,4,2,192,89,103
WHARTON COUNTY,481,38 Years,422,217,205,173,90,83,51,30,21,6,4,2,192,93,99
WHARTON COUNTY,481,39 Years,473,231,242,203,98,105,50,29,21,6,3,3,214,101,113
WHARTON COUNTY,481,40 Years,491,248,243,212,109,103,65,32,33,7,5,2,207,102,105
WHARTON COUNTY,481,41 Years,501,248,253,236,111,125,63,31,32,5,3,2,197,103,94
WHARTON COUNTY,481,42 Years,444,217,227,205,94,111,52,29,23,3,1,2,184,93,91
WHARTON COUNTY,481,43 Years,473,227,246,203,95,108,54,27,27,5,4,1,211,101,110
WHARTON COUNTY,481,44 Years,512,260,252,240,122,118,65,31,34,5,3,2,202,104,98
WHARTON COUNTY,481,45 Years,523,278,245,251,130,121,71,35,36,3,1,2,198,112,86
WHARTON COUNTY,481,46 Years,548,263,285,266,129,137,81,31,50,5,3,2,196,100,96
WHARTON COUNTY,481,47 Years,563,280,283,289,143,146,68,29,39,5,0,5,201,108,93
WHARTON COUNTY,481,48 Years,570,270,300,292,132,160,80,39,41,7,2,5,191,97,94
WHARTON COUNTY,481,49 Years,548,265,283,287,131,156,83,41,42,6,3,3,172,90,82
WHARTON COUNTY,481,50 Years,587,299,288,314,153,161,90,41,49,8,5,3,175,100,75
WHARTON COUNTY,481,51 Years,577,281,296,324,157,167,85,38,47,6,4,2,162,82,80
WHARTON COUNTY,481,52 Years,589,294,295,328,162,166,97,46,51,7,4,3,157,82,75
WHARTON COUNTY,481,53 Years,587,296,291,328,159,169,89,46,43,4,2,2,166,89,77
WHARTON COUNTY,481,54 Years,610,286,324,344,166,178,82,36,46,5,1,4,179,83,96
WHARTON COUNTY,481,55 Years,628,315,313,362,179,183,82,41,41,8,3,5,176,92,84
WHARTON COUNTY,481,56 Years,593,287,306,320,142,178,91,48,43,6,3,3,176,94,82
WHARTON COUNTY,481,57 Years,563,285,278,328,166,162,89,41,48,6,4,2,140,74,66
WHARTON COUNTY,481,58 Years,542,285,257,325,168,157,74,37,37,7,4,3,136,76,60
WHARTON COUNTY,481,59 Years,518,277,241,327,174,153,58,31,27,5,2,3,128,70,58
WHARTON COUNTY,481,60 Years,548,283,265,331,168,163,71,35,36,6,3,3,140,77,63
WHARTON COUNTY,481,61 Years,516,256,260,307,153,154,71,33,38,8,4,4,130,66,64
WHARTON COUNTY,481,62 Years,477,238,239,301,153,148,63,22,41,6,3,3,107,60,47
WHARTON COUNTY,481,63 Years,451,219,232,271,133,138,66,27,39,8,3,5,106,56,50
WHARTON COUNTY,481,64 Years,420,204,216,276,129,147,55,25,30,7,4,3,82,46,36
WHARTON COUNTY,481,65 Years,356,167,189,229,107,122,43,20,23,7,3,4,77,37,40
WHARTON COUNTY,481,66 Years,357,166,191,227,103,124,49,27,22,3,1,2,78,35,43
WHARTON COUNTY,481,67 Years,349,172,177,233,119,114,49,21,28,4,1,3,63,31,32
WHARTON COUNTY,481,68 Years,345,170,175,231,122,109,47,20,27,7,1,6,60,27,33
WHARTON COUNTY,481,69 Years,334,157,177,220,106,114,51,20,31,5,2,3,58,29,29
WHARTON COUNTY,481,70 Years,319,146,173,195,91,104,56,23,33,1,1,0,67,31,36
WHARTON COUNTY,481,71 Years,274,125,149,178,80,98,38,19,19,2,1,1,56,25,31
WHARTON COUNTY,481,72 Years,275,120,155,174,76,98,40,17,23,4,3,1,57,24,33
WHARTON COUNTY,481,73 Years,292,132,160,189,86,103,48,25,23,3,2,1,52,19,33
WHARTON COUNTY,481,74 Years,270,122,148,182,86,96,41,17,24,2,2,0,45,17,28
WHARTON COUNTY,481,75 Years,248,99,149,167,70,97,32,11,21,1,1,0,48,17,31
WHARTON COUNTY,481,76 Years,233,101,132,160,73,87,33,12,21,1,1,0,39,15,24
WHARTON COUNTY,481,77 Years,227,94,133,153,66,87,33,11,22,1,0,1,40,17,23
WHARTON COUNTY,481,78 Years,212,94,118,149,68,81,32,13,19,1,0,1,30,13,17
WHARTON COUNTY,481,79 Years,198,86,112,142,63,79,26,11,15,1,0,1,29,12,17
WHARTON COUNTY,481,80 Years,206,73,133,148,50,98,20,7,13,1,0,1,37,16,21
WHARTON COUNTY,481,81 Years,209,73,136,142,48,94,31,12,19,1,0,1,35,13,22
WHARTON COUNTY,481,82 Years,176,70,106,125,47,78,19,11,8,2,1,1,30,11,19
WHARTON COUNTY,481,83 Years,167,67,100,118,47,71,15,7,8,0,0,0,34,13,21
WHARTON COUNTY,481,84 Years,147,56,91,103,39,64,16,4,12,0,0,0,28,13,15
WHARTON COUNTY,481,85 Years +,863,275,588,644,204,440,105,27,78,6,3,3,108,41,67
WHEELER COUNTY,483,All Ages,5471,2695,2776,3852,1875,1977,121,53,68,104,43,61,1394,724,670
WHEELER COUNTY,483,< 1 Year,63,33,30,38,20,18,2,1,1,0,0,0,23,12,11
WHEELER COUNTY,483,1 Years,76,44,32,37,19,18,1,1,0,2,1,1,36,23,13
WHEELER COUNTY,483,2 Years,78,46,32,35,19,16,1,1,0,3,0,3,39,26,13
WHEELER COUNTY,483,3 Years,77,43,34,33,18,15,1,1,0,3,1,2,40,23,17
WHEELER COUNTY,483,4 Years,77,36,41,28,14,14,1,0,1,2,0,2,46,22,24
WHEELER COUNTY,483,5 Years,83,38,45,32,15,17,2,1,1,3,1,2,46,21,25
WHEELER COUNTY,483,6 Years,89,47,42,43,27,16,5,2,3,3,2,1,38,16,22
WHEELER COUNTY,483,7 Years,78,33,45,39,18,21,3,1,2,3,2,1,33,12,21
WHEELER COUNTY,483,8 Years,80,42,38,40,21,19,3,2,1,1,1,0,36,18,18
WHEELER COUNTY,483,9 Years,72,44,28,33,22,11,3,1,2,0,0,0,36,21,15
WHEELER COUNTY,483,10 Years,61,34,27,33,17,16,2,1,1,1,0,1,25,16,9
WHEELER COUNTY,483,11 Years,74,34,40,44,22,22,2,1,1,1,0,1,27,11,16
WHEELER COUNTY,483,12 Years,73,39,34,40,23,17,1,0,1,1,0,1,31,16,15
WHEELER COUNTY,483,13 Years,77,40,37,40,21,19,2,1,1,2,2,0,33,16,17
WHEELER COUNTY,483,14 Years,76,38,38,43,23,20,4,1,3,2,1,1,27,13,14
WHEELER COUNTY,483,15 Years,81,37,44,52,23,29,3,1,2,1,0,1,25,13,12
WHEELER COUNTY,483,16 Years,71,34,37,42,20,22,1,0,1,0,0,0,28,14,14
WHEELER COUNTY,483,17 Years,73,31,42,49,22,27,0,0,0,3,0,3,21,9,12
WHEELER COUNTY,483,18 Years,82,47,35,52,30,22,3,1,2,1,0,1,26,16,10
WHEELER COUNTY,483,19 Years,80,42,38,50,28,22,3,1,2,2,0,2,25,13,12
WHEELER COUNTY,483,20 Years,59,30,29,29,15,14,3,1,2,3,2,1,24,12,12
WHEELER COUNTY,483,21 Years,41,22,19,26,14,12,2,1,1,1,0,1,12,7,5
WHEELER COUNTY,483,22 Years,39,17,22,23,9,14,1,1,0,0,0,0,15,7,8
WHEELER COUNTY,483,23 Years,46,19,27,27,10,17,2,1,1,0,0,0,17,8,9
WHEELER COUNTY,483,24 Years,61,37,24,36,21,15,4,1,3,1,1,0,20,14,6
WHEELER COUNTY,483,25 Years,63,35,28,36,17,19,1,1,0,1,1,0,25,16,9
WHEELER COUNTY,483,26 Years,67,28,39,45,19,26,1,0,1,0,0,0,21,9,12
WHEELER COUNTY,483,27 Years,68,30,38,47,22,25,3,0,3,0,0,0,18,8,10
WHEELER COUNTY,483,28 Years,67,34,33,44,22,22,2,0,2,2,0,2,19,12,7
WHEELER COUNTY,483,29 Years,63,29,34,36,18,18,1,1,0,3,1,2,23,9,14
WHEELER COUNTY,483,30 Years,59,28,31,37,18,19,1,1,0,0,0,0,21,9,12
WHEELER COUNTY,483,31 Years,70,34,36,41,21,20,1,0,1,1,1,0,27,12,15
WHEELER COUNTY,483,32 Years,57,33,24,34,19,15,3,3,0,1,1,0,19,10,9
WHEELER COUNTY,483,33 Years,46,24,22,26,12,14,1,1,0,1,1,0,18,10,8
WHEELER COUNTY,483,34 Years,57,26,31,30,11,19,2,2,0,1,1,0,24,12,12
WHEELER COUNTY,483,35 Years,65,30,35,31,13,18,0,0,0,1,0,1,33,17,16
WHEELER COUNTY,483,36 Years,76,43,33,46,24,22,0,0,0,1,0,1,29,19,10
WHEELER COUNTY,483,37 Years,66,38,28,40,24,16,2,0,2,1,1,0,23,13,10
WHEELER COUNTY,483,38 Years,64,29,35,44,21,23,2,0,2,1,0,1,17,8,9
WHEELER COUNTY,483,39 Years,59,32,27,34,20,14,3,2,1,0,0,0,22,10,12
WHEELER COUNTY,483,40 Years,68,32,36,46,22,24,1,1,0,0,0,0,21,9,12
WHEELER COUNTY,483,41 Years,61,28,33,40,17,23,0,0,0,0,0,0,21,11,10
WHEELER COUNTY,483,42 Years,61,34,27,40,20,20,0,0,0,0,0,0,21,14,7
WHEELER COUNTY,483,43 Years,56,32,24,35,20,15,2,0,2,0,0,0,19,12,7
WHEELER COUNTY,483,44 Years,57,32,25,46,29,17,1,0,1,0,0,0,10,3,7
WHEELER COUNTY,483,45 Years,49,28,21,33,20,13,3,2,1,0,0,0,13,6,7
WHEELER COUNTY,483,46 Years,55,27,28,37,17,20,1,1,0,1,1,0,16,8,8
WHEELER COUNTY,483,47 Years,60,28,32,41,19,22,2,2,0,1,0,1,16,7,9
WHEELER COUNTY,483,48 Years,67,33,34,53,27,26,2,2,0,1,0,1,11,4,7
WHEELER COUNTY,483,49 Years,74,35,39,58,26,32,3,1,2,2,1,1,11,7,4
WHEELER COUNTY,483,50 Years,75,34,41,56,23,33,2,0,2,3,2,1,14,9,5
WHEELER COUNTY,483,51 Years,72,29,43,62,23,39,2,1,1,1,0,1,7,5,2
WHEELER COUNTY,483,52 Years,77,37,40,67,34,33,1,1,0,0,0,0,9,2,7
WHEELER COUNTY,483,53 Years,81,35,46,71,31,40,1,1,0,1,0,1,8,3,5
WHEELER COUNTY,483,54 Years,87,47,40,74,40,34,2,0,2,1,0,1,10,7,3
WHEELER COUNTY,483,55 Years,89,38,51,80,34,46,1,0,1,1,0,1,7,4,3
WHEELER COUNTY,483,56 Years,91,45,46,82,42,40,1,0,1,1,0,1,7,3,4
WHEELER COUNTY,483,57 Years,78,40,38,66,34,32,0,0,0,3,1,2,9,5,4
WHEELER COUNTY,483,58 Years,69,36,33,55,26,29,2,1,1,4,3,1,8,6,2
WHEELER COUNTY,483,59 Years,72,41,31,64,34,30,1,1,0,2,2,0,5,4,1
WHEELER COUNTY,483,60 Years,71,35,36,61,30,31,1,0,1,2,0,2,7,5,2
WHEELER COUNTY,483,61 Years,65,33,32,56,28,28,1,0,1,1,1,0,7,4,3
WHEELER COUNTY,483,62 Years,63,33,30,57,29,28,0,0,0,1,1,0,5,3,2
WHEELER COUNTY,483,63 Years,70,37,33,62,34,28,2,0,2,1,1,0,5,2,3
WHEELER COUNTY,483,64 Years,71,35,36,63,34,29,0,0,0,2,0,2,6,1,5
WHEELER COUNTY,483,65 Years,61,28,33,54,26,28,0,0,0,2,0,2,5,2,3
WHEELER COUNTY,483,66 Years,59,30,29,51,25,26,0,0,0,2,1,1,6,4,2
WHEELER COUNTY,483,67 Years,64,31,33,55,26,29,0,0,0,1,0,1,8,5,3
WHEELER COUNTY,483,68 Years,66,29,37,58,26,32,2,1,1,2,0,2,4,2,2
WHEELER COUNTY,483,69 Years,60,26,34,54,24,30,2,1,1,2,0,2,2,1,1
WHEELER COUNTY,483,70 Years,60,32,28,56,30,26,1,1,0,1,0,1,2,1,1
WHEELER COUNTY,483,71 Years,50,24,26,45,21,24,1,0,1,2,2,0,2,1,1
WHEELER COUNTY,483,72 Years,56,31,25,49,27,22,0,0,0,4,2,2,3,2,1
WHEELER COUNTY,483,73 Years,47,23,24,42,19,23,0,0,0,3,2,1,2,2,0
WHEELER COUNTY,483,74 Years,45,23,22,44,22,22,0,0,0,1,1,0,0,0,0
WHEELER COUNTY,483,75 Years,44,17,27,41,16,25,0,0,0,0,0,0,3,1,2
WHEELER COUNTY,483,76 Years,43,15,28,40,15,25,1,0,1,0,0,0,2,0,2
WHEELER COUNTY,483,77 Years,39,19,20,37,18,19,1,1,0,0,0,0,1,0,1
WHEELER COUNTY,483,78 Years,38,15,23,37,14,23,0,0,0,0,0,0,1,1,0
WHEELER COUNTY,483,79 Years,36,18,18,32,15,17,0,0,0,0,0,0,4,3,1
WHEELER COUNTY,483,80 Years,31,17,14,28,16,12,1,1,0,0,0,0,2,0,2
WHEELER COUNTY,483,81 Years,32,14,18,30,14,16,0,0,0,0,0,0,2,0,2
WHEELER COUNTY,483,82 Years,36,17,19,34,15,19,0,0,0,1,1,0,1,1,0
WHEELER COUNTY,483,83 Years,29,8,21,28,8,20,1,0,1,0,0,0,0,0,0
WHEELER COUNTY,483,84 Years,22,8,14,21,7,14,0,0,0,0,0,0,1,1,0
WHEELER COUNTY,483,85 Years +,100,26,74,96,26,70,1,0,1,1,0,1,2,0,2
WICHITA COUNTY,485,All Ages,131595,67516,64079,89068,44778,44290,13397,7321,6076,6561,3233,3328,22569,12184,10385
WICHITA COUNTY,485,< 1 Year,1846,950,896,1155,604,551,193,95,98,97,47,50,401,204,197
WICHITA COUNTY,485,1 Years,1797,933,864,1039,547,492,186,83,103,107,59,48,465,244,221
WICHITA COUNTY,485,2 Years,1770,954,816,962,523,439,177,91,86,131,68,63,500,272,228
WICHITA COUNTY,485,3 Years,1786,942,844,1002,540,462,173,74,99,139,78,61,472,250,222
WICHITA COUNTY,485,4 Years,1789,906,883,986,509,477,193,86,107,133,69,64,477,242,235
WICHITA COUNTY,485,5 Years,1814,914,900,1000,501,499,169,74,95,147,81,66,498,258,240
WICHITA COUNTY,485,6 Years,1746,893,853,975,491,484,158,84,74,137,71,66,476,247,229
WICHITA COUNTY,485,7 Years,1700,847,853,948,458,490,168,89,79,127,63,64,457,237,220
WICHITA COUNTY,485,8 Years,1672,820,852,928,444,484,171,86,85,119,67,52,454,223,231
WICHITA COUNTY,485,9 Years,1695,844,851,965,480,485,185,80,105,115,59,56,430,225,205
WICHITA COUNTY,485,10 Years,1643,819,824,917,471,446,168,78,90,109,49,60,449,221,228
WICHITA COUNTY,485,11 Years,1645,843,802,920,485,435,167,80,87,99,50,49,459,228,231
WICHITA COUNTY,485,12 Years,1637,852,785,939,487,452,157,81,76,116,61,55,425,223,202
WICHITA COUNTY,485,13 Years,1655,844,811,953,490,463,169,97,72,107,48,59,426,209,217
WICHITA COUNTY,485,14 Years,1673,853,820,975,498,477,180,94,86,99,46,53,419,215,204
WICHITA COUNTY,485,15 Years,1599,844,755,947,514,433,172,87,85,92,43,49,388,200,188
WICHITA COUNTY,485,16 Years,1552,791,761,935,482,453,166,84,82,82,38,44,369,187,182
WICHITA COUNTY,485,17 Years,1794,918,876,1069,537,532,199,97,102,112,56,56,414,228,186
WICHITA COUNTY,485,18 Years,2154,1210,944,1381,776,605,244,141,103,127,74,53,402,219,183
WICHITA COUNTY,485,19 Years,2925,1766,1159,1880,1164,716,396,239,157,167,107,60,482,256,226
WICHITA COUNTY,485,20 Years,2902,1716,1186,1801,1078,723,400,238,162,171,109,62,530,291,239
WICHITA COUNTY,485,21 Years,2700,1556,1144,1692,1009,683,340,172,168,165,101,64,503,274,229
WICHITA COUNTY,485,22 Years,2560,1398,1162,1562,860,702,343,179,164,176,85,91,479,274,205
WICHITA COUNTY,485,23 Years,2448,1400,1048,1537,855,682,320,200,120,149,79,70,442,266,176
WICHITA COUNTY,485,24 Years,2331,1327,1004,1447,813,634,330,204,126,131,71,60,423,239,184
WICHITA COUNTY,485,25 Years,2150,1168,982,1358,716,642,252,141,111,103,59,44,437,252,185
WICHITA COUNTY,485,26 Years,2089,1156,933,1317,701,616,260,155,105,108,60,48,404,240,164
WICHITA COUNTY,485,27 Years,2025,1090,935,1303,680,623,226,121,105,114,62,52,382,227,155
WICHITA COUNTY,485,28 Years,1893,991,902,1199,596,603,235,144,91,79,32,47,380,219,161
WICHITA COUNTY,485,29 Years,1852,1008,844,1175,604,571,200,125,75,87,47,40,390,232,158
WICHITA COUNTY,485,30 Years,1831,994,837,1163,617,546,206,119,87,97,49,48,365,209,156
WICHITA COUNTY,485,31 Years,1747,933,814,1063,545,518,215,123,92,92,44,48,377,221,156
WICHITA COUNTY,485,32 Years,1753,946,807,1067,534,533,221,142,79,87,43,44,378,227,151
WICHITA COUNTY,485,33 Years,1563,839,724,980,498,482,177,108,69,84,39,45,322,194,128
WICHITA COUNTY,485,34 Years,1573,859,714,958,499,459,200,118,82,84,42,42,331,200,131
WICHITA COUNTY,485,35 Years,1539,830,709,981,512,469,174,115,59,85,37,48,299,166,133
WICHITA COUNTY,485,36 Years,1529,813,716,973,491,482,161,99,62,81,37,44,314,186,128
WICHITA COUNTY,485,37 Years,1436,765,671,917,490,427,187,99,88,75,33,42,257,143,114
WICHITA COUNTY,485,38 Years,1480,788,692,981,508,473,157,95,62,71,30,41,271,155,116
WICHITA COUNTY,485,39 Years,1522,804,718,1001,493,508,177,119,58,76,38,38,268,154,114
WICHITA COUNTY,485,40 Years,1550,786,764,1057,518,539,142,84,58,80,36,44,271,148,123
WICHITA COUNTY,485,41 Years,1548,805,743,1055,546,509,128,68,60,84,38,46,281,153,128
WICHITA COUNTY,485,42 Years,1441,766,675,958,505,453,169,104,65,69,32,37,245,125,120
WICHITA COUNTY,485,43 Years,1411,732,679,930,468,462,167,108,59,59,32,27,255,124,131
WICHITA COUNTY,485,44 Years,1478,792,686,1002,518,484,145,92,53,57,32,25,274,150,124
WICHITA COUNTY,485,45 Years,1534,832,702,1030,538,492,189,123,66,69,32,37,246,139,107
WICHITA COUNTY,485,46 Years,1669,881,788,1161,596,565,181,107,74,73,31,42,254,147,107
WICHITA COUNTY,485,47 Years,1685,889,796,1192,612,580,162,98,64,78,35,43,253,144,109
WICHITA COUNTY,485,48 Years,1735,873,862,1237,597,640,162,99,63,85,34,51,251,143,108
WICHITA COUNTY,485,49 Years,1823,918,905,1318,629,689,200,124,76,78,38,40,227,127,100
WICHITA COUNTY,485,50 Years,1890,1004,886,1395,736,659,195,102,93,69,33,36,231,133,98
WICHITA COUNTY,485,51 Years,1816,965,851,1334,697,637,184,102,82,77,38,39,221,128,93
WICHITA COUNTY,485,52 Years,1749,875,874,1296,647,649,177,90,87,63,27,36,213,111,102
WICHITA COUNTY,485,53 Years,1820,899,921,1372,662,710,165,91,74,68,27,41,215,119,96
WICHITA COUNTY,485,54 Years,1777,870,907,1343,637,706,151,81,70,72,30,42,211,122,89
WICHITA COUNTY,485,55 Years,1680,828,852,1300,633,667,150,71,79,55,22,33,175,102,73
WICHITA COUNTY,485,56 Years,1703,878,825,1308,657,651,164,102,62,63,30,33,168,89,79
WICHITA COUNTY,485,57 Years,1620,820,800,1259,614,645,139,88,51,67,33,34,155,85,70
WICHITA COUNTY,485,58 Years,1561,791,770,1199,599,600,143,70,73,61,33,28,158,89,69
WICHITA COUNTY,485,59 Years,1472,735,737,1136,559,577,126,70,56,53,25,28,157,81,76
WICHITA COUNTY,485,60 Years,1384,653,731,1067,501,566,128,64,64,60,24,36,129,64,65
WICHITA COUNTY,485,61 Years,1337,663,674,1053,527,526,115,59,56,50,18,32,119,59,60
WICHITA COUNTY,485,62 Years,1261,620,641,1007,502,505,92,44,48,47,17,30,115,57,58
WICHITA COUNTY,485,63 Years,1258,629,629,1006,500,506,84,46,38,57,26,31,111,57,54
WICHITA COUNTY,485,64 Years,1256,610,646,1033,503,530,73,31,42,46,22,24,104,54,50
WICHITA COUNTY,485,65 Years,1013,488,525,816,398,418,80,33,47,31,15,16,86,42,44
WICHITA COUNTY,485,66 Years,983,489,494,786,396,390,75,38,37,31,11,20,91,44,47
WICHITA COUNTY,485,67 Years,1008,456,552,810,361,449,67,32,35,38,17,21,93,46,47
WICHITA COUNTY,485,68 Years,959,435,524,802,369,433,52,23,29,28,11,17,77,32,45
WICHITA COUNTY,485,69 Years,901,396,505,750,335,415,54,23,31,27,11,16,70,27,43
WICHITA COUNTY,485,70 Years,888,387,501,725,309,416,64,38,26,27,8,19,72,32,40
WICHITA COUNTY,485,71 Years,795,348,447,656,295,361,54,21,33,17,3,14,68,29,39
WICHITA COUNTY,485,72 Years,779,326,453,652,270,382,63,28,35,17,5,12,47,23,24
WICHITA COUNTY,485,73 Years,786,329,457,651,277,374,58,19,39,23,9,14,54,24,30
WICHITA COUNTY,485,74 Years,751,331,420,629,285,344,42,14,28,26,8,18,54,24,30
WICHITA COUNTY,485,75 Years,738,311,427,615,257,358,47,21,26,22,10,12,54,23,31
WICHITA COUNTY,485,76 Years,762,330,432,649,280,369,39,20,19,19,8,11,55,22,33
WICHITA COUNTY,485,77 Years,731,324,407,628,278,350,43,23,20,18,4,14,42,19,23
WICHITA COUNTY,485,78 Years,677,292,385,577,251,326,45,21,24,23,7,16,32,13,19
WICHITA COUNTY,485,79 Years,660,275,385,573,245,328,40,14,26,15,4,11,32,12,20
WICHITA COUNTY,485,80 Years,600,261,339,517,230,287,46,16,30,13,5,8,24,10,14
WICHITA COUNTY,485,81 Years,548,230,318,476,204,272,33,10,23,12,4,8,27,12,15
WICHITA COUNTY,485,82 Years,490,205,285,424,181,243,27,9,18,11,4,7,28,11,17
WICHITA COUNTY,485,83 Years,468,180,288,414,160,254,29,12,17,7,3,4,18,5,13
WICHITA COUNTY,485,84 Years,423,150,273,373,131,242,26,11,15,8,2,6,16,6,10
WICHITA COUNTY,485,85 Years +,2362,735,1627,2146,665,1481,110,41,69,31,8,23,75,21,54
WILBARGER COUNTY,487,All Ages,13506,6731,6775,8475,4162,4313,1059,561,498,400,199,201,3572,1809,1763
WILBARGER COUNTY,487,< 1 Year,187,95,92,96,49,47,13,6,7,7,3,4,71,37,34
WILBARGER COUNTY,487,1 Years,181,89,92,77,39,38,12,7,5,6,5,1,86,38,48
WILBARGER COUNTY,487,2 Years,198,102,96,90,45,45,14,10,4,5,2,3,89,45,44
WILBARGER COUNTY,487,3 Years,193,95,98,81,42,39,17,9,8,10,7,3,85,37,48
WILBARGER COUNTY,487,4 Years,188,82,106,79,35,44,17,8,9,10,7,3,82,32,50
WILBARGER COUNTY,487,5 Years,195,95,100,88,43,45,14,4,10,10,6,4,83,42,41
WILBARGER COUNTY,487,6 Years,184,93,91,85,45,40,12,4,8,8,3,5,79,41,38
WILBARGER COUNTY,487,7 Years,200,109,91,94,55,39,11,4,7,7,3,4,88,47,41
WILBARGER COUNTY,487,8 Years,195,105,90,87,49,38,25,14,11,9,5,4,74,37,37
WILBARGER COUNTY,487,9 Years,202,104,98,97,51,46,20,12,8,8,5,3,77,36,41
WILBARGER COUNTY,487,10 Years,182,94,88,94,50,44,19,9,10,7,5,2,62,30,32
WILBARGER COUNTY,487,11 Years,181,94,87,93,50,43,15,7,8,6,4,2,67,33,34
WILBARGER COUNTY,487,12 Years,167,94,73,83,46,37,14,9,5,6,6,0,64,33,31
WILBARGER COUNTY,487,13 Years,168,93,75,86,45,41,15,9,6,6,5,1,61,34,27
WILBARGER COUNTY,487,14 Years,180,91,89,100,53,47,17,6,11,5,3,2,58,29,29
WILBARGER COUNTY,487,15 Years,180,90,90,100,54,46,15,6,9,4,2,2,61,28,33
WILBARGER COUNTY,487,16 Years,180,93,87,98,53,45,14,7,7,6,5,1,62,28,34
WILBARGER COUNTY,487,17 Years,214,113,101,117,58,59,16,11,5,7,4,3,74,40,34
WILBARGER COUNTY,487,18 Years,234,131,103,124,67,57,21,14,7,10,5,5,79,45,34
WILBARGER COUNTY,487,19 Years,196,110,86,101,54,47,18,10,8,5,1,4,72,45,27
WILBARGER COUNTY,487,20 Years,192,104,88,110,58,52,13,8,5,5,4,1,64,34,30
WILBARGER COUNTY,487,21 Years,199,107,92,116,63,53,20,14,6,7,4,3,56,26,30
WILBARGER COUNTY,487,22 Years,168,82,86,93,45,48,13,9,4,3,1,2,59,27,32
WILBARGER COUNTY,487,23 Years,164,82,82,83,37,46,14,8,6,2,1,1,65,36,29
WILBARGER COUNTY,487,24 Years,172,81,91,84,35,49,12,6,6,6,3,3,70,37,33
WILBARGER COUNTY,487,25 Years,184,92,92,93,49,44,22,9,13,4,1,3,65,33,32
WILBARGER COUNTY,487,26 Years,180,93,87,94,49,45,22,10,12,4,1,3,60,33,27
WILBARGER COUNTY,487,27 Years,182,95,87,102,48,54,10,6,4,6,3,3,64,38,26
WILBARGER COUNTY,487,28 Years,171,89,82,95,52,43,13,8,5,5,2,3,58,27,31
WILBARGER COUNTY,487,29 Years,158,82,76,89,48,41,11,5,6,7,1,6,51,28,23
WILBARGER COUNTY,487,30 Years,150,69,81,94,41,53,9,4,5,5,1,4,42,23,19
WILBARGER COUNTY,487,31 Years,143,78,65,91,48,43,13,6,7,3,3,0,36,21,15
WILBARGER COUNTY,487,32 Years,156,82,74,99,55,44,13,7,6,6,2,4,38,18,20
WILBARGER COUNTY,487,33 Years,149,80,69,85,52,33,14,7,7,4,1,3,46,20,26
WILBARGER COUNTY,487,34 Years,150,76,74,90,44,46,14,8,6,2,1,1,44,23,21
WILBARGER COUNTY,487,35 Years,139,65,74,78,39,39,13,9,4,4,1,3,44,16,28
WILBARGER COUNTY,487,36 Years,131,66,65,78,38,40,11,8,3,3,2,1,39,18,21
WILBARGER COUNTY,487,37 Years,132,59,73,78,35,43,13,7,6,2,2,0,39,15,24
WILBARGER COUNTY,487,38 Years,152,79,73,91,50,41,13,7,6,4,3,1,44,19,25
WILBARGER COUNTY,487,39 Years,143,72,71,87,44,43,10,5,5,7,2,5,39,21,18
WILBARGER COUNTY,487,40 Years,158,74,84,101,49,52,11,5,6,6,2,4,40,18,22
WILBARGER COUNTY,487,41 Years,143,70,73,82,42,40,13,7,6,7,3,4,41,18,23
WILBARGER COUNTY,487,42 Years,128,57,71,77,33,44,15,7,8,5,1,4,31,16,15
WILBARGER COUNTY,487,43 Years,146,75,71,84,42,42,12,7,5,8,4,4,42,22,20
WILBARGER COUNTY,487,44 Years,158,93,65,101,60,41,14,7,7,5,3,2,38,23,15
WILBARGER COUNTY,487,45 Years,167,92,75,113,62,51,12,5,7,3,2,1,39,23,16
WILBARGER COUNTY,487,46 Years,173,90,83,116,60,56,10,6,4,6,2,4,41,22,19
WILBARGER COUNTY,487,47 Years,173,93,80,116,60,56,11,6,5,6,2,4,40,25,15
WILBARGER COUNTY,487,48 Years,194,93,101,133,57,76,16,10,6,5,1,4,40,25,15
WILBARGER COUNTY,487,49 Years,201,96,105,135,62,73,16,10,6,7,2,5,43,22,21
WILBARGER COUNTY,487,50 Years,215,97,118,145,60,85,14,7,7,9,6,3,47,24,23
WILBARGER COUNTY,487,51 Years,211,114,97,137,74,63,18,9,9,4,4,0,52,27,25
WILBARGER COUNTY,487,52 Years,191,103,88,125,65,60,18,10,8,6,4,2,42,24,18
WILBARGER COUNTY,487,53 Years,197,99,98,142,75,67,17,7,10,5,3,2,33,14,19
WILBARGER COUNTY,487,54 Years,175,82,93,123,59,64,15,8,7,5,1,4,32,14,18
WILBARGER COUNTY,487,55 Years,188,103,85,131,71,60,17,11,6,6,2,4,34,19,15
WILBARGER COUNTY,487,56 Years,194,103,91,138,70,68,22,15,7,7,2,5,27,16,11
WILBARGER COUNTY,487,57 Years,201,102,99,144,72,72,19,10,9,6,4,2,32,16,16
WILBARGER COUNTY,487,58 Years,187,94,93,143,68,75,13,7,6,3,2,1,28,17,11
WILBARGER COUNTY,487,59 Years,172,87,85,132,65,67,11,7,4,5,3,2,24,12,12
WILBARGER COUNTY,487,60 Years,159,81,78,117,57,60,15,9,6,5,2,3,22,13,9
WILBARGER COUNTY,487,61 Years,139,66,73,106,49,57,12,7,5,1,0,1,20,10,10
WILBARGER COUNTY,487,62 Years,139,72,67,102,55,47,10,4,6,6,3,3,21,10,11
WILBARGER COUNTY,487,63 Years,173,79,94,132,60,72,8,3,5,6,2,4,27,14,13
WILBARGER COUNTY,487,64 Years,161,81,80,129,59,70,7,6,1,5,2,3,20,14,6
WILBARGER COUNTY,487,65 Years,142,65,77,106,47,59,10,4,6,2,1,1,24,13,11
WILBARGER COUNTY,487,66 Years,143,70,73,109,52,57,12,6,6,2,1,1,20,11,9
WILBARGER COUNTY,487,67 Years,132,61,71,107,51,56,6,2,4,2,0,2,17,8,9
WILBARGER COUNTY,487,68 Years,116,52,64,102,45,57,5,3,2,0,0,0,9,4,5
WILBARGER COUNTY,487,69 Years,111,53,58,93,48,45,5,1,4,1,0,1,12,4,8
WILBARGER COUNTY,487,70 Years,109,50,59,88,40,48,4,2,2,2,0,2,15,8,7
WILBARGER COUNTY,487,71 Years,106,52,54,90,44,46,7,3,4,0,0,0,9,5,4
WILBARGER COUNTY,487,72 Years,99,54,45,81,45,36,5,2,3,2,1,1,11,6,5
WILBARGER COUNTY,487,73 Years,85,48,37,72,42,30,3,1,2,0,0,0,10,5,5
WILBARGER COUNTY,487,74 Years,81,40,41,67,32,35,1,1,0,3,2,1,10,5,5
WILBARGER COUNTY,487,75 Years,85,37,48,69,31,38,6,2,4,2,0,2,8,4,4
WILBARGER COUNTY,487,76 Years,90,39,51,76,32,44,6,2,4,1,0,1,7,5,2
WILBARGER COUNTY,487,77 Years,81,32,49,66,24,42,6,4,2,1,0,1,8,4,4
WILBARGER COUNTY,487,78 Years,74,29,45,62,23,39,5,3,2,1,0,1,6,3,3
WILBARGER COUNTY,487,79 Years,62,20,42,53,15,38,3,2,1,2,1,1,4,2,2
WILBARGER COUNTY,487,80 Years,64,23,41,53,19,34,4,1,3,1,1,0,6,2,4
WILBARGER COUNTY,487,81 Years,63,24,39,53,20,33,3,1,2,1,0,1,6,3,3
WILBARGER COUNTY,487,82 Years,68,28,40,63,26,37,2,1,1,0,0,0,3,1,2
WILBARGER COUNTY,487,83 Years,54,27,27,44,21,23,4,3,1,2,1,1,4,2,2
WILBARGER COUNTY,487,84 Years,55,24,31,42,18,24,6,3,3,2,1,1,5,2,3
WILBARGER COUNTY,487,85 Years +,323,102,221,275,88,187,18,7,11,5,3,2,25,4,21
WILLACY COUNTY,489,All Ages,22191,12062,10129,2205,1206,999,383,343,40,215,150,65,19388,10363,9025
WILLACY COUNTY,489,< 1 Year,343,178,165,14,8,6,0,0,0,2,2,0,327,168,159
WILLACY COUNTY,489,1 Years,314,154,160,22,8,14,1,0,1,2,0,2,289,146,143
WILLACY COUNTY,489,2 Years,305,158,147,23,11,12,2,2,0,1,1,0,279,144,135
WILLACY COUNTY,489,3 Years,312,161,151,19,11,8,0,0,0,1,0,1,292,150,142
WILLACY COUNTY,489,4 Years,328,168,160,19,8,11,0,0,0,1,1,0,308,159,149
WILLACY COUNTY,489,5 Years,299,151,148,17,10,7,1,0,1,2,0,2,279,141,138
WILLACY COUNTY,489,6 Years,324,167,157,19,12,7,1,0,1,1,1,0,303,154,149
WILLACY COUNTY,489,7 Years,341,172,169,23,13,10,0,0,0,4,3,1,314,156,158
WILLACY COUNTY,489,8 Years,316,173,143,24,16,8,1,1,0,2,1,1,289,155,134
WILLACY COUNTY,489,9 Years,312,156,156,25,12,13,1,0,1,3,2,1,283,142,141
WILLACY COUNTY,489,10 Years,324,169,155,21,12,9,0,0,0,3,1,2,300,156,144
WILLACY COUNTY,489,11 Years,308,160,148,22,13,9,1,0,1,2,1,1,283,146,137
WILLACY COUNTY,489,12 Years,315,158,157,19,9,10,2,1,1,3,2,1,291,146,145
WILLACY COUNTY,489,13 Years,327,177,150,21,11,10,2,2,0,5,5,0,299,159,140
WILLACY COUNTY,489,14 Years,334,170,164,21,10,11,1,0,1,5,2,3,307,158,149
WILLACY COUNTY,489,15 Years,324,172,152,22,15,7,0,0,0,4,2,2,298,155,143
WILLACY COUNTY,489,16 Years,341,167,174,29,14,15,0,0,0,2,1,1,310,152,158
WILLACY COUNTY,489,17 Years,354,185,169,30,14,16,0,0,0,3,1,2,321,170,151
WILLACY COUNTY,489,18 Years,383,216,167,32,21,11,1,1,0,2,2,0,348,192,156
WILLACY COUNTY,489,19 Years,392,233,159,24,16,8,8,7,1,9,8,1,351,202,149
WILLACY COUNTY,489,20 Years,399,250,149,18,9,9,14,13,1,7,7,0,360,221,139
WILLACY COUNTY,489,21 Years,412,270,142,23,15,8,14,14,0,8,7,1,367,234,133
WILLACY COUNTY,489,22 Years,418,277,141,18,11,7,21,21,0,8,6,2,371,239,132
WILLACY COUNTY,489,23 Years,391,256,135,21,14,7,20,18,2,7,5,2,343,219,124
WILLACY COUNTY,489,24 Years,375,243,132,27,20,7,19,18,1,4,3,1,325,202,123
WILLACY COUNTY,489,25 Years,364,229,135,24,18,6,13,12,1,6,4,2,321,195,126
WILLACY COUNTY,489,26 Years,366,235,131,25,16,9,16,16,0,5,3,2,320,200,120
WILLACY COUNTY,489,27 Years,319,209,110,15,9,6,17,17,0,6,5,1,281,178,103
WILLACY COUNTY,489,28 Years,353,230,123,19,11,8,18,17,1,5,5,0,311,197,114
WILLACY COUNTY,489,29 Years,358,236,122,22,16,6,12,10,2,4,3,1,320,207,113
WILLACY COUNTY,489,30 Years,335,216,119,19,13,6,18,15,3,3,3,0,295,185,110
WILLACY COUNTY,489,31 Years,331,204,127,24,13,11,17,14,3,3,3,0,287,174,113
WILLACY COUNTY,489,32 Years,307,190,117,25,14,11,12,11,1,5,5,0,265,160,105
WILLACY COUNTY,489,33 Years,317,182,135,20,12,8,9,9,0,4,4,0,284,157,127
WILLACY COUNTY,489,34 Years,325,190,135,15,10,5,8,8,0,2,1,1,300,171,129
WILLACY COUNTY,489,35 Years,308,174,134,15,10,5,9,8,1,4,3,1,280,153,127
WILLACY COUNTY,489,36 Years,306,187,119,19,13,6,9,9,0,4,3,1,274,162,112
WILLACY COUNTY,489,37 Years,321,197,124,29,19,10,10,8,2,4,3,1,278,167,111
WILLACY COUNTY,489,38 Years,303,190,113,24,14,10,9,7,2,6,4,2,264,165,99
WILLACY COUNTY,489,39 Years,295,162,133,24,13,11,8,8,0,3,2,1,260,139,121
WILLACY COUNTY,489,40 Years,286,164,122,26,17,9,7,7,0,3,3,0,250,137,113
WILLACY COUNTY,489,41 Years,263,148,115,26,16,10,5,5,0,2,2,0,230,125,105
WILLACY COUNTY,489,42 Years,267,153,114,30,17,13,4,4,0,5,3,2,228,129,99
WILLACY COUNTY,489,43 Years,251,138,113,22,15,7,3,3,0,2,1,1,224,119,105
WILLACY COUNTY,489,44 Years,259,141,118,24,17,7,3,3,0,2,2,0,230,119,111
WILLACY COUNTY,489,45 Years,230,133,97,23,13,10,2,2,0,4,3,1,201,115,86
WILLACY COUNTY,489,46 Years,278,138,140,26,15,11,5,5,0,3,2,1,244,116,128
WILLACY COUNTY,489,47 Years,275,144,131,27,17,10,4,4,0,3,1,2,241,122,119
WILLACY COUNTY,489,48 Years,260,130,130,26,13,13,7,7,0,3,2,1,224,108,116
WILLACY COUNTY,489,49 Years,252,122,130,22,13,9,3,3,0,4,4,0,223,102,121
WILLACY COUNTY,489,50 Years,252,131,121,28,16,12,3,3,0,4,2,2,217,110,107
WILLACY COUNTY,489,51 Years,278,153,125,33,16,17,7,6,1,3,2,1,235,129,106
WILLACY COUNTY,489,52 Years,259,147,112,23,13,10,4,4,0,0,0,0,232,130,102
WILLACY COUNTY,489,53 Years,235,126,109,31,16,15,2,2,0,0,0,0,202,108,94
WILLACY COUNTY,489,54 Years,232,113,119,37,18,19,2,2,0,2,0,2,191,93,98
WILLACY COUNTY,489,55 Years,237,126,111,24,13,11,3,3,0,2,1,1,208,109,99
WILLACY COUNTY,489,56 Years,244,105,139,33,14,19,1,1,0,2,0,2,208,90,118
WILLACY COUNTY,489,57 Years,238,106,132,33,14,19,2,1,1,2,1,1,201,90,111
WILLACY COUNTY,489,58 Years,240,112,128,31,14,17,1,1,0,1,0,1,207,97,110
WILLACY COUNTY,489,59 Years,224,97,127,28,14,14,2,1,1,0,0,0,194,82,112
WILLACY COUNTY,489,60 Years,202,95,107,29,16,13,2,1,1,0,0,0,171,78,93
WILLACY COUNTY,489,61 Years,200,98,102,28,12,16,1,0,1,2,2,0,169,84,85
WILLACY COUNTY,489,62 Years,219,114,105,32,14,18,0,0,0,1,0,1,186,100,86
WILLACY COUNTY,489,63 Years,184,89,95,25,15,10,2,2,0,0,0,0,157,72,85
WILLACY COUNTY,489,64 Years,178,76,102,26,16,10,2,2,0,0,0,0,150,58,92
WILLACY COUNTY,489,65 Years,182,90,92,28,14,14,2,1,1,0,0,0,152,75,77
WILLACY COUNTY,489,66 Years,172,96,76,38,24,14,0,0,0,0,0,0,134,72,62
WILLACY COUNTY,489,67 Years,162,87,75,40,20,20,2,1,1,0,0,0,120,66,54
WILLACY COUNTY,489,68 Years,147,70,77,48,22,26,0,0,0,1,0,1,98,48,50
WILLACY COUNTY,489,69 Years,155,73,82,44,22,22,0,0,0,1,1,0,110,50,60
WILLACY COUNTY,489,70 Years,154,68,86,40,22,18,1,0,1,0,0,0,113,46,67
WILLACY COUNTY,489,71 Years,137,58,79,35,20,15,1,1,0,1,0,1,100,37,63
WILLACY COUNTY,489,72 Years,125,57,68,39,20,19,1,1,0,1,0,1,84,36,48
WILLACY COUNTY,489,73 Years,124,64,60,35,21,14,0,0,0,1,1,0,88,42,46
WILLACY COUNTY,489,74 Years,102,55,47,30,19,11,0,0,0,1,1,0,71,35,36
WILLACY COUNTY,489,75 Years,93,38,55,21,11,10,0,0,0,1,0,1,71,27,44
WILLACY COUNTY,489,76 Years,103,45,58,19,9,10,0,0,0,1,0,1,83,36,47
WILLACY COUNTY,489,77 Years,101,47,54,24,12,12,0,0,0,0,0,0,77,35,42
WILLACY COUNTY,489,78 Years,105,41,64,29,11,18,0,0,0,0,0,0,76,30,46
WILLACY COUNTY,489,79 Years,82,28,54,18,8,10,1,0,1,0,0,0,63,20,43
WILLACY COUNTY,489,80 Years,93,31,62,20,8,12,1,0,1,0,0,0,72,23,49
WILLACY COUNTY,489,81 Years,72,34,38,14,8,6,0,0,0,1,1,0,57,25,32
WILLACY COUNTY,489,82 Years,89,32,57,19,9,10,0,0,0,1,0,1,69,23,46
WILLACY COUNTY,489,83 Years,75,25,50,15,6,9,0,0,0,0,0,0,60,19,41
WILLACY COUNTY,489,84 Years,73,35,38,16,8,8,0,0,0,0,0,0,57,27,30
WILLACY COUNTY,489,85 Years +,303,117,186,68,24,44,2,0,2,0,0,0,233,93,140
WILLIAMSON COUNTY,491,All Ages,440932,216957,223975,277549,136019,141530,26066,12795,13271,32515,15612,16903,104802,52531,52271
WILLIAMSON COUNTY,491,< 1 Year,6409,3282,3127,3441,1769,1672,319,165,154,639,330,309,2010,1018,992
WILLIAMSON COUNTY,491,1 Years,6322,3201,3121,3314,1672,1642,328,165,163,633,343,290,2047,1021,1026
WILLIAMSON COUNTY,491,2 Years,6539,3278,3261,3388,1679,1709,344,174,170,679,361,318,2128,1064,1064
WILLIAMSON COUNTY,491,3 Years,6867,3497,3370,3549,1812,1737,377,187,190,744,379,365,2197,1119,1078
WILLIAMSON COUNTY,491,4 Years,6994,3567,3427,3617,1837,1780,375,176,199,760,392,368,2242,1162,1080
WILLIAMSON COUNTY,491,5 Years,7063,3642,3421,3635,1853,1782,400,197,203,754,397,357,2274,1195,1079
WILLIAMSON COUNTY,491,6 Years,7237,3769,3468,3798,1986,1812,387,204,183,766,379,387,2286,1200,1086
WILLIAMSON COUNTY,491,7 Years,7365,3783,3582,3862,2006,1856,439,221,218,759,371,388,2305,1185,1120
WILLIAMSON COUNTY,491,8 Years,7249,3714,3535,3846,2000,1846,477,241,236,703,343,360,2223,1130,1093
WILLIAMSON COUNTY,491,9 Years,7315,3722,3593,3877,1978,1899,486,257,229,659,330,329,2293,1157,1136
WILLIAMSON COUNTY,491,10 Years,7520,3866,3654,3975,2056,1919,485,250,235,674,343,331,2386,1217,1169
WILLIAMSON COUNTY,491,11 Years,7399,3843,3556,3994,2094,1900,498,259,239,609,301,308,2298,1189,1109
WILLIAMSON COUNTY,491,12 Years,7255,3750,3505,3911,2008,1903,496,264,232,582,283,299,2266,1195,1071
WILLIAMSON COUNTY,491,13 Years,7079,3627,3452,3838,1941,1897,494,256,238,560,285,275,2187,1145,1042
WILLIAMSON COUNTY,491,14 Years,6959,3592,3367,3781,1948,1833,474,239,235,582,293,289,2122,1112,1010
WILLIAMSON COUNTY,491,15 Years,6685,3462,3223,3598,1876,1722,507,246,261,556,273,283,2024,1067,957
WILLIAMSON COUNTY,491,16 Years,6521,3356,3165,3525,1828,1697,509,253,256,493,241,252,1994,1034,960
WILLIAMSON COUNTY,491,17 Years,6451,3302,3149,3503,1771,1732,506,269,237,483,241,242,1959,1021,938
WILLIAMSON COUNTY,491,18 Years,6062,3177,2885,3345,1746,1599,483,255,228,409,208,201,1825,968,857
WILLIAMSON COUNTY,491,19 Years,5236,2698,2538,2782,1440,1342,400,216,184,333,158,175,1721,884,837
WILLIAMSON COUNTY,491,20 Years,4545,2319,2226,2355,1192,1163,339,184,155,288,152,136,1563,791,772
WILLIAMSON COUNTY,491,21 Years,4332,2254,2078,2258,1155,1103,339,190,149,257,132,125,1478,777,701
WILLIAMSON COUNTY,491,22 Years,4250,2173,2077,2195,1073,1122,318,170,148,260,129,131,1477,801,676
WILLIAMSON COUNTY,491,23 Years,4425,2213,2212,2388,1130,1258,297,153,144,262,128,134,1478,802,676
WILLIAMSON COUNTY,491,24 Years,4672,2298,2374,2611,1233,1378,300,160,140,256,109,147,1505,796,709
WILLIAMSON COUNTY,491,25 Years,5023,2429,2594,2875,1366,1509,336,172,164,281,117,164,1531,774,757
WILLIAMSON COUNTY,491,26 Years,5365,2596,2769,3159,1519,1640,345,192,153,331,149,182,1530,736,794
WILLIAMSON COUNTY,491,27 Years,5638,2721,2917,3338,1564,1774,332,172,160,362,168,194,1606,817,789
WILLIAMSON COUNTY,491,28 Years,6122,2972,3150,3593,1726,1867,350,168,182,431,202,229,1748,876,872
WILLIAMSON COUNTY,491,29 Years,6394,3051,3343,3840,1818,2022,378,193,185,483,197,286,1693,843,850
WILLIAMSON COUNTY,491,30 Years,6554,3181,3373,3917,1938,1979,372,182,190,513,205,308,1752,856,896
WILLIAMSON COUNTY,491,31 Years,6990,3376,3614,4112,2011,2101,414,210,204,581,240,341,1883,915,968
WILLIAMSON COUNTY,491,32 Years,7051,3356,3695,4198,1997,2201,397,189,208,613,259,354,1843,911,932
WILLIAMSON COUNTY,491,33 Years,7242,3471,3771,4407,2109,2298,412,191,221,636,280,356,1787,891,896
WILLIAMSON COUNTY,491,34 Years,7361,3573,3788,4413,2134,2279,393,184,209,730,341,389,1825,914,911
WILLIAMSON COUNTY,491,35 Years,7284,3520,3764,4330,2116,2214,430,192,238,725,332,393,1799,880,919
WILLIAMSON COUNTY,491,36 Years,7430,3650,3780,4426,2207,2219,412,195,217,762,348,414,1830,900,930
WILLIAMSON COUNTY,491,37 Years,7474,3705,3769,4378,2224,2154,467,211,256,782,372,410,1847,898,949
WILLIAMSON COUNTY,491,38 Years,7427,3640,3787,4465,2250,2215,483,237,246,710,340,370,1769,813,956
WILLIAMSON COUNTY,491,39 Years,7640,3775,3865,4689,2366,2323,479,231,248,714,337,377,1758,841,917
WILLIAMSON COUNTY,491,40 Years,7930,4015,3915,4989,2575,2414,516,245,271,667,335,332,1758,860,898
WILLIAMSON COUNTY,491,41 Years,8028,4009,4019,5084,2574,2510,505,233,272,668,322,346,1771,880,891
WILLIAMSON COUNTY,491,42 Years,7463,3743,3720,4729,2388,2341,491,245,246,610,300,310,1633,810,823
WILLIAMSON COUNTY,491,43 Years,6871,3502,3369,4368,2249,2119,481,244,237,531,273,258,1491,736,755
WILLIAMSON COUNTY,491,44 Years,6462,3250,3212,4179,2136,2043,430,205,225,501,240,261,1352,669,683
WILLIAMSON COUNTY,491,45 Years,6337,3126,3211,4095,2026,2069,445,198,247,445,220,225,1352,682,670
WILLIAMSON COUNTY,491,46 Years,6494,3248,3246,4226,2126,2100,453,205,248,445,215,230,1370,702,668
WILLIAMSON COUNTY,491,47 Years,6609,3279,3330,4379,2178,2201,449,208,241,447,219,228,1334,674,660
WILLIAMSON COUNTY,491,48 Years,6545,3208,3337,4443,2177,2266,432,206,226,439,214,225,1231,611,620
WILLIAMSON COUNTY,491,49 Years,6314,3127,3187,4385,2170,2215,417,203,214,382,187,195,1130,567,563
WILLIAMSON COUNTY,491,50 Years,6139,3034,3105,4324,2141,2183,394,195,199,335,158,177,1086,540,546
WILLIAMSON COUNTY,491,51 Years,6003,2971,3032,4294,2112,2182,383,203,180,332,161,171,994,495,499
WILLIAMSON COUNTY,491,52 Years,5537,2747,2790,3971,1974,1997,372,185,187,305,141,164,889,447,442
WILLIAMSON COUNTY,491,53 Years,5387,2639,2748,3929,1936,1993,309,159,150,285,137,148,864,407,457
WILLIAMSON COUNTY,491,54 Years,5150,2482,2668,3768,1819,1949,309,150,159,252,124,128,821,389,432
WILLIAMSON COUNTY,491,55 Years,4947,2412,2535,3647,1794,1853,318,154,164,242,122,120,740,342,398
WILLIAMSON COUNTY,491,56 Years,4845,2325,2520,3606,1733,1873,308,144,164,234,104,130,697,344,353
WILLIAMSON COUNTY,491,57 Years,4580,2151,2429,3477,1639,1838,237,111,126,211,93,118,655,308,347
WILLIAMSON COUNTY,491,58 Years,4496,2092,2404,3453,1599,1854,221,95,126,215,98,117,607,300,307
WILLIAMSON COUNTY,491,59 Years,4223,1938,2285,3219,1483,1736,218,95,123,208,81,127,578,279,299
WILLIAMSON COUNTY,491,60 Years,4021,1901,2120,3115,1491,1624,214,92,122,190,82,108,502,236,266
WILLIAMSON COUNTY,491,61 Years,3965,1815,2150,3105,1426,1679,192,87,105,198,82,116,470,220,250
WILLIAMSON COUNTY,491,62 Years,3815,1722,2093,2984,1349,1635,176,78,98,190,78,112,465,217,248
WILLIAMSON COUNTY,491,63 Years,3868,1741,2127,3117,1405,1712,156,72,84,182,79,103,413,185,228
WILLIAMSON COUNTY,491,64 Years,3921,1789,2132,3217,1472,1745,149,72,77,175,76,99,380,169,211
WILLIAMSON COUNTY,491,65 Years,3196,1500,1696,2613,1240,1373,104,45,59,144,64,80,335,151,184
WILLIAMSON COUNTY,491,66 Years,2944,1370,1574,2406,1135,1271,94,37,57,132,61,71,312,137,175
WILLIAMSON COUNTY,491,67 Years,2959,1369,1590,2450,1134,1316,90,45,45,126,61,65,293,129,164
WILLIAMSON COUNTY,491,68 Years,2928,1348,1580,2439,1127,1312,97,45,52,120,61,59,272,115,157
WILLIAMSON COUNTY,491,69 Years,2706,1260,1446,2282,1068,1214,82,40,42,94,44,50,248,108,140
WILLIAMSON COUNTY,491,70 Years,2443,1117,1326,2070,965,1105,67,28,39,94,39,55,212,85,127
WILLIAMSON COUNTY,491,71 Years,2164,1017,1147,1801,854,947,55,23,32,98,50,48,210,90,120
WILLIAMSON COUNTY,491,72 Years,2038,959,1079,1710,818,892,49,23,26,87,42,45,192,76,116
WILLIAMSON COUNTY,491,73 Years,1913,890,1023,1608,754,854,52,26,26,73,34,39,180,76,104
WILLIAMSON COUNTY,491,74 Years,1808,837,971,1500,699,801,57,21,36,73,36,37,178,81,97
WILLIAMSON COUNTY,491,75 Years,1604,732,872,1351,623,728,39,11,28,60,30,30,154,68,86
WILLIAMSON COUNTY,491,76 Years,1512,694,818,1278,590,688,33,11,22,52,25,27,149,68,81
WILLIAMSON COUNTY,491,77 Years,1399,641,758,1179,540,639,36,12,24,56,28,28,128,61,67
WILLIAMSON COUNTY,491,78 Years,1308,569,739,1126,499,627,34,11,23,43,18,25,105,41,64
WILLIAMSON COUNTY,491,79 Years,1208,532,676,1046,471,575,29,8,21,35,15,20,98,38,60
WILLIAMSON COUNTY,491,80 Years,1113,497,616,960,441,519,26,7,19,30,14,16,97,35,62
WILLIAMSON COUNTY,491,81 Years,1060,479,581,917,424,493,20,7,13,28,14,14,95,34,61
WILLIAMSON COUNTY,491,82 Years,953,403,550,836,360,476,24,7,17,23,11,12,70,25,45
WILLIAMSON COUNTY,491,83 Years,894,361,533,793,324,469,17,7,10,16,6,10,68,24,44
WILLIAMSON COUNTY,491,84 Years,807,307,500,708,276,432,17,6,11,16,5,11,66,20,46
WILLIAMSON COUNTY,491,85 Years +,4279,1408,2871,3847,1277,2570,92,21,71,72,25,47,268,85,183
WILSON COUNTY,493,All Ages,44538,22185,22353,26030,13007,13023,666,354,312,696,322,374,17146,8502,8644
WILSON COUNTY,493,< 1 Year,447,227,220,241,123,118,4,2,2,7,3,4,195,99,96
WILSON COUNTY,493,1 Years,474,228,246,224,102,122,6,3,3,8,3,5,236,120,116
WILSON COUNTY,493,2 Years,519,261,258,237,110,127,5,4,1,9,4,5,268,143,125
WILSON COUNTY,493,3 Years,528,276,252,256,136,120,4,2,2,9,6,3,259,132,127
WILSON COUNTY,493,4 Years,568,282,286,263,133,130,4,1,3,15,11,4,286,137,149
WILSON COUNTY,493,5 Years,579,297,282,275,141,134,4,2,2,10,6,4,290,148,142
WILSON COUNTY,493,6 Years,608,316,292,285,148,137,4,2,2,15,9,6,304,157,147
WILSON COUNTY,493,7 Years,617,334,283,304,166,138,8,5,3,13,9,4,292,154,138
WILSON COUNTY,493,8 Years,649,327,322,318,156,162,6,4,2,11,6,5,314,161,153
WILSON COUNTY,493,9 Years,672,347,325,339,185,154,5,2,3,9,3,6,319,157,162
WILSON COUNTY,493,10 Years,711,372,339,369,196,173,5,1,4,8,6,2,329,169,160
WILSON COUNTY,493,11 Years,734,386,348,385,199,186,9,4,5,12,8,4,328,175,153
WILSON COUNTY,493,12 Years,721,384,337,369,198,171,8,6,2,7,4,3,337,176,161
WILSON COUNTY,493,13 Years,713,377,336,367,205,162,12,4,8,12,7,5,322,161,161
WILSON COUNTY,493,14 Years,720,360,360,356,181,175,14,7,7,16,9,7,334,163,171
WILSON COUNTY,493,15 Years,743,360,383,382,174,208,11,6,5,16,9,7,334,171,163
WILSON COUNTY,493,16 Years,721,367,354,370,185,185,10,5,5,19,12,7,322,165,157
WILSON COUNTY,493,17 Years,724,369,355,377,205,172,12,6,6,16,7,9,319,151,168
WILSON COUNTY,493,18 Years,707,372,335,363,201,162,14,5,9,15,6,9,315,160,155
WILSON COUNTY,493,19 Years,614,336,278,287,152,135,11,6,5,14,8,6,302,170,132
WILSON COUNTY,493,20 Years,500,268,232,211,116,95,7,4,3,7,3,4,275,145,130
WILSON COUNTY,493,21 Years,454,255,199,192,109,83,8,5,3,10,5,5,244,136,108
WILSON COUNTY,493,22 Years,408,217,191,184,98,86,6,3,3,7,3,4,211,113,98
WILSON COUNTY,493,23 Years,390,198,192,196,99,97,7,3,4,6,2,4,181,94,87
WILSON COUNTY,493,24 Years,393,196,197,208,104,104,6,4,2,5,2,3,174,86,88
WILSON COUNTY,493,25 Years,374,176,198,193,97,96,2,2,0,5,4,1,174,73,101
WILSON COUNTY,493,26 Years,378,172,206,201,97,104,5,2,3,5,2,3,167,71,96
WILSON COUNTY,493,27 Years,426,208,218,234,113,121,7,4,3,7,2,5,178,89,89
WILSON COUNTY,493,28 Years,426,205,221,225,104,121,8,5,3,6,1,5,187,95,92
WILSON COUNTY,493,29 Years,410,202,208,222,101,121,8,5,3,7,4,3,173,92,81
WILSON COUNTY,493,30 Years,444,223,221,251,111,140,3,2,1,7,4,3,183,106,77
WILSON COUNTY,493,31 Years,468,230,238,261,132,129,3,3,0,7,3,4,197,92,105
WILSON COUNTY,493,32 Years,458,219,239,277,137,140,4,3,1,2,0,2,175,79,96
WILSON COUNTY,493,33 Years,454,202,252,272,118,154,5,3,2,7,3,4,170,78,92
WILSON COUNTY,493,34 Years,462,228,234,271,132,139,2,1,1,5,3,2,184,92,92
WILSON COUNTY,493,35 Years,494,227,267,279,138,141,4,3,1,7,4,3,204,82,122
WILSON COUNTY,493,36 Years,546,258,288,326,157,169,4,3,1,4,2,2,212,96,116
WILSON COUNTY,493,37 Years,499,257,242,281,146,135,5,3,2,6,2,4,207,106,101
WILSON COUNTY,493,38 Years,561,280,281,312,155,157,6,2,4,7,3,4,236,120,116
WILSON COUNTY,493,39 Years,631,311,320,377,189,188,7,4,3,5,2,3,242,116,126
WILSON COUNTY,493,40 Years,643,302,341,391,190,201,7,5,2,5,2,3,240,105,135
WILSON COUNTY,493,41 Years,657,308,349,403,199,204,8,3,5,13,6,7,233,100,133
WILSON COUNTY,493,42 Years,645,311,334,381,189,192,6,2,4,10,3,7,248,117,131
WILSON COUNTY,493,43 Years,629,306,323,370,180,190,5,4,1,11,5,6,243,117,126
WILSON COUNTY,493,44 Years,650,329,321,388,194,194,9,5,4,16,7,9,237,123,114
WILSON COUNTY,493,45 Years,697,362,335,407,212,195,12,7,5,11,3,8,267,140,127
WILSON COUNTY,493,46 Years,745,372,373,438,215,223,11,6,5,17,5,12,279,146,133
WILSON COUNTY,493,47 Years,757,369,388,460,223,237,14,7,7,14,6,8,269,133,136
WILSON COUNTY,493,48 Years,764,379,385,467,238,229,13,5,8,10,6,4,274,130,144
WILSON COUNTY,493,49 Years,739,375,364,457,236,221,10,2,8,15,8,7,257,129,128
WILSON COUNTY,493,50 Years,791,390,401,493,241,252,12,6,6,13,5,8,273,138,135
WILSON COUNTY,493,51 Years,769,383,386,508,260,248,17,10,7,13,7,6,231,106,125
WILSON COUNTY,493,52 Years,716,353,363,463,235,228,19,8,11,14,5,9,220,105,115
WILSON COUNTY,493,53 Years,707,342,365,446,217,229,13,8,5,15,6,9,233,111,122
WILSON COUNTY,493,54 Years,682,330,352,454,222,232,13,8,5,11,2,9,204,98,106
WILSON COUNTY,493,55 Years,690,349,341,440,221,219,15,6,9,9,4,5,226,118,108
WILSON COUNTY,493,56 Years,681,331,350,427,211,216,17,7,10,7,3,4,230,110,120
WILSON COUNTY,493,57 Years,671,317,354,432,193,239,13,9,4,7,3,4,219,112,107
WILSON COUNTY,493,58 Years,631,310,321,414,192,222,10,8,2,11,3,8,196,107,89
WILSON COUNTY,493,59 Years,619,280,339,411,187,224,11,6,5,9,3,6,188,84,104
WILSON COUNTY,493,60 Years,589,282,307,387,187,200,14,7,7,9,3,6,179,85,94
WILSON COUNTY,493,61 Years,610,312,298,409,211,198,11,7,4,11,4,7,179,90,89
WILSON COUNTY,493,62 Years,590,294,296,410,199,211,9,6,3,9,2,7,162,87,75
WILSON COUNTY,493,63 Years,552,287,265,396,207,189,12,7,5,7,3,4,137,70,67
WILSON COUNTY,493,64 Years,535,270,265,383,201,182,10,7,3,7,3,4,135,59,76
WILSON COUNTY,493,65 Years,482,245,237,330,167,163,8,2,6,5,2,3,139,74,65
WILSON COUNTY,493,66 Years,438,231,207,286,152,134,7,4,3,3,1,2,142,74,68
WILSON COUNTY,493,67 Years,406,204,202,271,136,135,9,6,3,4,3,1,122,59,63
WILSON COUNTY,493,68 Years,385,192,193,259,137,122,7,5,2,8,3,5,111,47,64
WILSON COUNTY,493,69 Years,350,181,169,233,121,112,7,5,2,8,2,6,102,53,49
WILSON COUNTY,493,70 Years,306,167,139,222,122,100,6,4,2,3,1,2,75,40,35
WILSON COUNTY,493,71 Years,300,154,146,218,109,109,5,3,2,2,2,0,75,40,35
WILSON COUNTY,493,72 Years,283,141,142,209,107,102,7,4,3,5,2,3,62,28,34
WILSON COUNTY,493,73 Years,258,122,136,189,96,93,8,3,5,2,1,1,59,22,37
WILSON COUNTY,493,74 Years,230,114,116,161,84,77,5,2,3,1,1,0,63,27,36
WILSON COUNTY,493,75 Years,206,107,99,142,78,64,3,1,2,1,0,1,60,28,32
WILSON COUNTY,493,76 Years,200,91,109,137,68,69,1,0,1,2,0,2,60,23,37
WILSON COUNTY,493,77 Years,179,79,100,115,52,63,4,2,2,0,0,0,60,25,35
WILSON COUNTY,493,78 Years,190,94,96,129,62,67,5,4,1,0,0,0,56,28,28
WILSON COUNTY,493,79 Years,205,106,99,134,70,64,4,3,1,5,3,2,62,30,32
WILSON COUNTY,493,80 Years,176,88,88,124,65,59,2,1,1,2,1,1,48,21,27
WILSON COUNTY,493,81 Years,156,73,83,114,54,60,3,0,3,1,1,0,38,18,20
WILSON COUNTY,493,82 Years,133,67,66,98,49,49,3,1,2,2,1,1,30,16,14
WILSON COUNTY,493,83 Years,129,59,70,91,39,52,4,2,2,1,0,1,33,18,15
WILSON COUNTY,493,84 Years,125,54,71,82,35,47,2,1,1,0,0,0,41,18,23
WILSON COUNTY,493,85 Years +,697,263,434,511,195,316,12,4,8,4,1,3,170,63,107
WINKLER COUNTY,495,All Ages,7139,3572,3567,3002,1481,1521,129,63,66,132,75,57,3876,1953,1923
WINKLER COUNTY,495,< 1 Year,107,58,49,35,19,16,1,1,0,1,1,0,70,37,33
WINKLER COUNTY,495,1 Years,122,59,63,40,22,18,4,3,1,3,2,1,75,32,43
WINKLER COUNTY,495,2 Years,131,69,62,38,26,12,3,2,1,4,1,3,86,40,46
WINKLER COUNTY,495,3 Years,130,68,62,42,26,16,1,0,1,6,2,4,81,40,41
WINKLER COUNTY,495,4 Years,118,66,52,37,22,15,0,0,0,3,2,1,78,42,36
WINKLER COUNTY,495,5 Years,120,58,62,30,15,15,1,0,1,5,4,1,84,39,45
WINKLER COUNTY,495,6 Years,103,52,51,31,13,18,2,2,0,4,3,1,66,34,32
WINKLER COUNTY,495,7 Years,109,62,47,28,13,15,2,1,1,3,2,1,76,46,30
WINKLER COUNTY,495,8 Years,121,62,59,38,18,20,3,1,2,2,2,0,78,41,37
WINKLER COUNTY,495,9 Years,100,44,56,25,12,13,3,0,3,3,2,1,69,30,39
WINKLER COUNTY,495,10 Years,117,64,53,30,15,15,5,2,3,3,1,2,79,46,33
WINKLER COUNTY,495,11 Years,99,50,49,32,14,18,3,2,1,2,2,0,62,32,30
WINKLER COUNTY,495,12 Years,98,54,44,25,16,9,1,1,0,2,2,0,70,35,35
WINKLER COUNTY,495,13 Years,121,57,64,39,20,19,0,0,0,3,2,1,79,35,44
WINKLER COUNTY,495,14 Years,123,61,62,35,19,16,1,1,0,2,1,1,85,40,45
WINKLER COUNTY,495,15 Years,116,63,53,39,19,20,1,1,0,4,3,1,72,40,32
WINKLER COUNTY,495,16 Years,109,58,51,44,21,23,2,1,1,1,1,0,62,35,27
WINKLER COUNTY,495,17 Years,129,71,58,42,21,21,3,1,2,5,3,2,79,46,33
WINKLER COUNTY,495,18 Years,122,58,64,38,16,22,1,1,0,2,1,1,81,40,41
WINKLER COUNTY,495,19 Years,95,53,42,32,20,12,0,0,0,2,1,1,61,32,29
WINKLER COUNTY,495,20 Years,88,52,36,29,17,12,1,1,0,2,2,0,56,32,24
WINKLER COUNTY,495,21 Years,87,44,43,23,12,11,2,1,1,2,1,1,60,30,30
WINKLER COUNTY,495,22 Years,78,40,38,25,13,12,3,1,2,1,0,1,49,26,23
WINKLER COUNTY,495,23 Years,69,39,30,31,13,18,1,0,1,1,1,0,36,25,11
WINKLER COUNTY,495,24 Years,79,43,36,40,21,19,1,1,0,2,0,2,36,21,15
WINKLER COUNTY,495,25 Years,89,45,44,29,15,14,0,0,0,1,0,1,59,30,29
WINKLER COUNTY,495,26 Years,89,35,54,32,15,17,3,0,3,1,0,1,53,20,33
WINKLER COUNTY,495,27 Years,93,46,47,32,16,16,1,0,1,1,0,1,59,30,29
WINKLER COUNTY,495,28 Years,99,54,45,33,16,17,3,3,0,1,1,0,62,34,28
WINKLER COUNTY,495,29 Years,94,48,46,30,14,16,2,1,1,1,1,0,61,32,29
WINKLER COUNTY,495,30 Years,82,44,38,30,18,12,1,0,1,3,3,0,48,23,25
WINKLER COUNTY,495,31 Years,84,42,42,31,14,17,2,1,1,3,2,1,48,25,23
WINKLER COUNTY,495,32 Years,73,30,43,29,13,16,0,0,0,2,1,1,42,16,26
WINKLER COUNTY,495,33 Years,83,38,45,30,11,19,0,0,0,1,1,0,52,26,26
WINKLER COUNTY,495,34 Years,80,37,43,31,17,14,2,2,0,0,0,0,47,18,29
WINKLER COUNTY,495,35 Years,101,57,44,34,22,12,1,1,0,3,3,0,63,31,32
WINKLER COUNTY,495,36 Years,86,40,46,27,14,13,1,1,0,2,2,0,56,23,33
WINKLER COUNTY,495,37 Years,78,36,42,32,14,18,1,1,0,2,1,1,43,20,23
WINKLER COUNTY,495,38 Years,80,34,46,39,14,25,1,0,1,2,0,2,38,20,18
WINKLER COUNTY,495,39 Years,83,48,35,35,20,15,1,1,0,2,2,0,45,25,20
WINKLER COUNTY,495,40 Years,88,41,47,36,18,18,4,1,3,1,1,0,47,21,26
WINKLER COUNTY,495,41 Years,84,35,49,32,13,19,3,2,1,0,0,0,49,20,29
WINKLER COUNTY,495,42 Years,82,37,45,28,11,17,1,1,0,1,0,1,52,25,27
WINKLER COUNTY,495,43 Years,71,32,39,29,12,17,1,0,1,1,0,1,40,20,20
WINKLER COUNTY,495,44 Years,76,33,43,36,16,20,0,0,0,1,1,0,39,16,23
WINKLER COUNTY,495,45 Years,95,45,50,41,20,21,1,0,1,1,0,1,52,25,27
WINKLER COUNTY,495,46 Years,101,48,53,50,24,26,2,2,0,0,0,0,49,22,27
WINKLER COUNTY,495,47 Years,120,66,54,58,33,25,4,2,2,2,1,1,56,30,26
WINKLER COUNTY,495,48 Years,114,59,55,57,28,29,1,1,0,4,2,2,52,28,24
WINKLER COUNTY,495,49 Years,122,64,58,63,33,30,2,2,0,2,0,2,55,29,26
WINKLER COUNTY,495,50 Years,102,57,45,53,32,21,1,1,0,1,0,1,47,24,23
WINKLER COUNTY,495,51 Years,100,54,46,47,27,20,3,1,2,1,0,1,49,26,23
WINKLER COUNTY,495,52 Years,96,52,44,45,25,20,1,1,0,0,0,0,50,26,24
WINKLER COUNTY,495,53 Years,96,57,39,49,31,18,1,0,1,2,1,1,44,25,19
WINKLER COUNTY,495,54 Years,101,54,47,53,30,23,2,1,1,1,0,1,45,23,22
WINKLER COUNTY,495,55 Years,104,48,56,54,25,29,4,1,3,2,1,1,44,21,23
WINKLER COUNTY,495,56 Years,86,45,41,51,27,24,3,0,3,1,1,0,31,17,14
WINKLER COUNTY,495,57 Years,86,43,43,48,22,26,3,1,2,0,0,0,35,20,15
WINKLER COUNTY,495,58 Years,82,46,36,43,24,19,3,2,1,2,1,1,34,19,15
WINKLER COUNTY,495,59 Years,83,41,42,42,23,19,3,2,1,1,0,1,37,16,21
WINKLER COUNTY,495,60 Years,87,42,45,50,25,25,1,0,1,1,0,1,35,17,18
WINKLER COUNTY,495,61 Years,77,37,40,46,22,24,1,0,1,2,2,0,28,13,15
WINKLER COUNTY,495,62 Years,65,38,27,33,17,16,1,1,0,1,1,0,30,19,11
WINKLER COUNTY,495,63 Years,70,35,35,36,18,18,0,0,0,1,0,1,33,17,16
WINKLER COUNTY,495,64 Years,82,37,45,50,20,30,1,1,0,0,0,0,31,16,15
WINKLER COUNTY,495,65 Years,69,34,35,40,19,21,1,0,1,0,0,0,28,15,13
WINKLER COUNTY,495,66 Years,62,24,38,31,12,19,0,0,0,1,0,1,30,12,18
WINKLER COUNTY,495,67 Years,56,23,33,32,12,20,1,0,1,1,1,0,22,10,12
WINKLER COUNTY,495,68 Years,52,22,30,30,12,18,0,0,0,2,1,1,20,9,11
WINKLER COUNTY,495,69 Years,45,19,26,26,10,16,0,0,0,2,1,1,17,8,9
WINKLER COUNTY,495,70 Years,41,22,19,25,11,14,1,1,0,0,0,0,15,10,5
WINKLER COUNTY,495,71 Years,36,19,17,21,11,10,1,0,1,0,0,0,14,8,6
WINKLER COUNTY,495,72 Years,38,18,20,22,10,12,0,0,0,0,0,0,16,8,8
WINKLER COUNTY,495,73 Years,45,19,26,30,14,16,0,0,0,0,0,0,15,5,10
WINKLER COUNTY,495,74 Years,41,20,21,28,15,13,0,0,0,0,0,0,13,5,8
WINKLER COUNTY,495,75 Years,42,17,25,28,13,15,1,0,1,1,0,1,12,4,8
WINKLER COUNTY,495,76 Years,36,16,20,23,10,13,2,0,2,0,0,0,11,6,5
WINKLER COUNTY,495,77 Years,31,15,16,23,9,14,0,0,0,1,0,1,7,6,1
WINKLER COUNTY,495,78 Years,29,13,16,21,8,13,0,0,0,0,0,0,8,5,3
WINKLER COUNTY,495,79 Years,30,12,18,21,9,12,0,0,0,0,0,0,9,3,6
WINKLER COUNTY,495,80 Years,35,11,24,24,7,17,0,0,0,0,0,0,11,4,7
WINKLER COUNTY,495,81 Years,31,13,18,21,9,12,0,0,0,0,0,0,10,4,6
WINKLER COUNTY,495,82 Years,29,12,17,20,8,12,2,1,1,0,0,0,7,3,4
WINKLER COUNTY,495,83 Years,22,8,14,13,4,9,2,1,1,0,0,0,7,3,4
WINKLER COUNTY,495,84 Years,21,10,11,12,4,8,0,0,0,1,1,0,8,5,3
WINKLER COUNTY,495,85 Years +,93,40,53,59,22,37,7,2,5,1,0,1,26,16,10
WISE COUNTY,497,All Ages,60379,30447,29932,47654,23761,23893,586,402,184,1366,654,712,10773,5630,5143
WISE COUNTY,497,< 1 Year,746,383,363,535,272,263,4,2,2,15,7,8,192,102,90
WISE COUNTY,497,1 Years,746,394,352,494,265,229,6,1,5,29,13,16,217,115,102
WISE COUNTY,497,2 Years,783,382,401,527,255,272,8,4,4,22,12,10,226,111,115
WISE COUNTY,497,3 Years,820,421,399,549,284,265,5,4,1,20,11,9,246,122,124
WISE COUNTY,497,4 Years,823,435,388,543,284,259,8,4,4,26,15,11,246,132,114
WISE COUNTY,497,5 Years,825,437,388,560,296,264,6,3,3,23,16,7,236,122,114
WISE COUNTY,497,6 Years,810,423,387,542,279,263,4,2,2,28,19,9,236,123,113
WISE COUNTY,497,7 Years,834,411,423,568,291,277,3,2,1,28,11,17,235,107,128
WISE COUNTY,497,8 Years,845,413,432,591,296,295,5,2,3,27,12,15,222,103,119
WISE COUNTY,497,9 Years,856,436,420,593,309,284,9,4,5,24,12,12,230,111,119
WISE COUNTY,497,10 Years,924,474,450,646,329,317,10,5,5,21,8,13,247,132,115
WISE COUNTY,497,11 Years,945,476,469,655,341,314,12,6,6,26,8,18,252,121,131
WISE COUNTY,497,12 Years,916,493,423,651,355,296,5,3,2,24,12,12,236,123,113
WISE COUNTY,497,13 Years,939,486,453,684,360,324,4,1,3,25,13,12,226,112,114
WISE COUNTY,497,14 Years,937,472,465,679,349,330,2,1,1,22,13,9,234,109,125
WISE COUNTY,497,15 Years,915,470,445,652,335,317,7,4,3,21,13,8,235,118,117
WISE COUNTY,497,16 Years,914,480,434,666,352,314,9,8,1,31,17,14,208,103,105
WISE COUNTY,497,17 Years,915,489,426,678,363,315,5,5,0,39,21,18,193,100,93
WISE COUNTY,497,18 Years,901,488,413,666,370,296,5,2,3,33,13,20,197,103,94
WISE COUNTY,497,19 Years,801,430,371,572,314,258,6,3,3,26,14,12,197,99,98
WISE COUNTY,497,20 Years,724,377,347,503,268,235,7,4,3,24,14,10,190,91,99
WISE COUNTY,497,21 Years,689,350,339,481,237,244,4,2,2,20,12,8,184,99,85
WISE COUNTY,497,22 Years,661,339,322,462,226,236,6,3,3,15,7,8,178,103,75
WISE COUNTY,497,23 Years,651,332,319,447,219,228,8,6,2,14,5,9,182,102,80
WISE COUNTY,497,24 Years,706,376,330,482,244,238,11,10,1,14,8,6,199,114,85
WISE COUNTY,497,25 Years,708,388,320,499,268,231,13,10,3,15,6,9,181,104,77
WISE COUNTY,497,26 Years,703,373,330,496,251,245,12,9,3,13,7,6,182,106,76
WISE COUNTY,497,27 Years,674,343,331,480,229,251,11,6,5,16,7,9,167,101,66
WISE COUNTY,497,28 Years,676,349,327,463,235,228,12,7,5,12,2,10,189,105,84
WISE COUNTY,497,29 Years,740,361,379,528,246,282,14,8,6,16,5,11,182,102,80
WISE COUNTY,497,30 Years,727,362,365,524,256,268,20,13,7,14,5,9,169,88,81
WISE COUNTY,497,31 Years,701,348,353,510,253,257,16,11,5,12,4,8,163,80,83
WISE COUNTY,497,32 Years,686,346,340,508,250,258,10,8,2,12,4,8,156,84,72
WISE COUNTY,497,33 Years,690,345,345,515,252,263,8,7,1,12,4,8,155,82,73
WISE COUNTY,497,34 Years,667,325,342,471,216,255,21,16,5,11,6,5,164,87,77
WISE COUNTY,497,35 Years,677,365,312,504,260,244,14,13,1,12,8,4,147,84,63
WISE COUNTY,497,36 Years,689,361,328,534,269,265,9,8,1,12,4,8,134,80,54
WISE COUNTY,497,37 Years,718,376,342,519,267,252,9,8,1,21,9,12,169,92,77
WISE COUNTY,497,38 Years,738,363,375,544,262,282,14,10,4,19,9,10,161,82,79
WISE COUNTY,497,39 Years,801,376,425,618,287,331,15,12,3,17,7,10,151,70,81
WISE COUNTY,497,40 Years,863,425,438,674,328,346,13,11,2,21,8,13,155,78,77
WISE COUNTY,497,41 Years,871,430,441,693,340,353,13,8,5,25,14,11,140,68,72
WISE COUNTY,497,42 Years,812,393,419,643,304,339,16,13,3,13,7,6,140,69,71
WISE COUNTY,497,43 Years,828,403,425,657,309,348,7,7,0,19,11,8,145,76,69
WISE COUNTY,497,44 Years,848,417,431,667,323,344,5,3,2,23,12,11,153,79,74
WISE COUNTY,497,45 Years,914,476,438,738,376,362,16,13,3,17,11,6,143,76,67
WISE COUNTY,497,46 Years,924,469,455,756,379,377,16,12,4,17,8,9,135,70,65
WISE COUNTY,497,47 Years,968,468,500,818,390,428,7,4,3,24,10,14,119,64,55
WISE COUNTY,497,48 Years,1031,512,519,865,420,445,6,5,1,32,11,21,128,76,52
WISE COUNTY,497,49 Years,982,482,500,834,401,433,14,12,2,26,9,17,108,60,48
WISE COUNTY,497,50 Years,986,505,481,843,428,415,9,7,2,22,8,14,112,62,50
WISE COUNTY,497,51 Years,998,488,510,860,426,434,8,5,3,20,6,14,110,51,59
WISE COUNTY,497,52 Years,982,497,485,850,431,419,9,7,2,18,8,10,105,51,54
WISE COUNTY,497,53 Years,969,502,467,849,431,418,11,10,1,18,9,9,91,52,39
WISE COUNTY,497,54 Years,936,493,443,825,427,398,5,3,2,16,9,7,90,54,36
WISE COUNTY,497,55 Years,880,441,439,776,385,391,8,6,2,18,10,8,78,40,38
WISE COUNTY,497,56 Years,846,447,399,730,376,354,11,8,3,20,10,10,85,53,32
WISE COUNTY,497,57 Years,795,401,394,683,337,346,5,3,2,24,14,10,83,47,36
WISE COUNTY,497,58 Years,780,381,399,692,337,355,5,2,3,17,11,6,66,31,35
WISE COUNTY,497,59 Years,723,363,360,657,330,327,2,2,0,11,4,7,53,27,26
WISE COUNTY,497,60 Years,696,345,351,622,305,317,5,4,1,9,4,5,60,32,28
WISE COUNTY,497,61 Years,711,352,359,641,313,328,3,2,1,9,4,5,58,33,25
WISE COUNTY,497,62 Years,664,309,355,609,280,329,5,4,1,10,4,6,40,21,19
WISE COUNTY,497,63 Years,712,371,341,661,341,320,6,3,3,6,3,3,39,24,15
WISE COUNTY,497,64 Years,690,355,335,636,328,308,3,2,1,16,9,7,35,16,19
WISE COUNTY,497,65 Years,628,329,299,568,296,272,4,2,2,13,7,6,43,24,19
WISE COUNTY,497,66 Years,572,276,296,527,250,277,2,1,1,6,2,4,37,23,14
WISE COUNTY,497,67 Years,587,298,289,556,284,272,1,1,0,4,1,3,26,12,14
WISE COUNTY,497,68 Years,566,283,283,533,269,264,1,1,0,5,2,3,27,11,16
WISE COUNTY,497,69 Years,516,247,269,481,234,247,1,1,0,9,3,6,25,9,16
WISE COUNTY,497,70 Years,483,238,245,438,219,219,2,1,1,11,4,7,32,14,18
WISE COUNTY,497,71 Years,429,215,214,395,195,200,1,0,1,4,2,2,29,18,11
WISE COUNTY,497,72 Years,390,188,202,361,175,186,2,1,1,3,1,2,24,11,13
WISE COUNTY,497,73 Years,359,187,172,331,177,154,0,0,0,6,1,5,22,9,13
WISE COUNTY,497,74 Years,335,163,172,315,153,162,0,0,0,8,5,3,12,5,7
WISE COUNTY,497,75 Years,303,136,167,288,128,160,0,0,0,3,2,1,12,6,6
WISE COUNTY,497,76 Years,286,133,153,273,127,146,0,0,0,2,1,1,11,5,6
WISE COUNTY,497,77 Years,304,149,155,283,138,145,1,0,1,4,1,3,16,10,6
WISE COUNTY,497,78 Years,264,138,126,247,129,118,2,1,1,4,2,2,11,6,5
WISE COUNTY,497,79 Years,213,111,102,202,104,98,0,0,0,2,2,0,9,5,4
WISE COUNTY,497,80 Years,204,97,107,190,87,103,1,0,1,3,3,0,10,7,3
WISE COUNTY,497,81 Years,192,79,113,178,72,106,1,0,1,3,2,1,10,5,5
WISE COUNTY,497,82 Years,165,69,96,157,65,92,0,0,0,1,0,1,7,4,3
WISE COUNTY,497,83 Years,158,73,85,148,68,80,0,0,0,4,2,2,6,3,3
WISE COUNTY,497,84 Years,149,67,82,138,62,76,2,0,2,2,0,2,7,5,2
WISE COUNTY,497,85 Years +,646,198,448,627,190,437,0,0,0,7,4,3,12,4,8
WOOD COUNTY,499,All Ages,42141,20748,21393,35644,17378,18266,1964,986,978,847,404,443,3686,1980,1706
WOOD COUNTY,499,< 1 Year,422,214,208,318,160,158,30,16,14,7,4,3,67,34,33
WOOD COUNTY,499,1 Years,420,201,219,314,152,162,20,8,12,18,8,10,68,33,35
WOOD COUNTY,499,2 Years,443,227,216,319,171,148,17,7,10,16,7,9,91,42,49
WOOD COUNTY,499,3 Years,432,224,208,311,163,148,20,12,8,20,11,9,81,38,43
WOOD COUNTY,499,4 Years,457,246,211,341,181,160,15,7,8,19,9,10,82,49,33
WOOD COUNTY,499,5 Years,445,231,214,350,176,174,11,8,3,11,5,6,73,42,31
WOOD COUNTY,499,6 Years,434,234,200,330,175,155,14,8,6,13,7,6,77,44,33
WOOD COUNTY,499,7 Years,465,249,216,352,190,162,17,11,6,13,8,5,83,40,43
WOOD COUNTY,499,8 Years,462,231,231,342,171,171,21,11,10,18,9,9,81,40,41
WOOD COUNTY,499,9 Years,465,230,235,351,171,180,18,6,12,20,13,7,76,40,36
WOOD COUNTY,499,10 Years,506,257,249,368,186,182,26,13,13,19,13,6,93,45,48
WOOD COUNTY,499,11 Years,493,250,243,374,186,188,17,9,8,20,9,11,82,46,36
WOOD COUNTY,499,12 Years,519,260,259,395,198,197,14,5,9,20,8,12,90,49,41
WOOD COUNTY,499,13 Years,491,252,239,374,191,183,19,11,8,18,8,10,80,42,38
WOOD COUNTY,499,14 Years,511,245,266,401,192,209,22,11,11,18,8,10,70,34,36
WOOD COUNTY,499,15 Years,517,252,265,403,190,213,22,12,10,15,10,5,77,40,37
WOOD COUNTY,499,16 Years,523,264,259,417,209,208,21,14,7,14,8,6,71,33,38
WOOD COUNTY,499,17 Years,500,249,251,398,197,201,20,11,9,14,7,7,68,34,34
WOOD COUNTY,499,18 Years,482,257,225,356,182,174,40,28,12,12,7,5,74,40,34
WOOD COUNTY,499,19 Years,497,273,224,327,173,154,80,47,33,11,4,7,79,49,30
WOOD COUNTY,499,20 Years,466,252,214,295,156,139,96,53,43,6,3,3,69,40,29
WOOD COUNTY,499,21 Years,453,235,218,273,141,132,102,46,56,8,5,3,70,43,27
WOOD COUNTY,499,22 Years,451,238,213,274,140,134,99,50,49,8,5,3,70,43,27
WOOD COUNTY,499,23 Years,404,206,198,275,144,131,62,26,36,11,6,5,56,30,26
WOOD COUNTY,499,24 Years,379,206,173,271,141,130,39,24,15,7,2,5,62,39,23
WOOD COUNTY,499,25 Years,380,194,186,278,133,145,33,22,11,6,3,3,63,36,27
WOOD COUNTY,499,26 Years,339,167,172,260,121,139,25,15,10,6,3,3,48,28,20
WOOD COUNTY,499,27 Years,347,172,175,274,137,137,19,10,9,4,0,4,50,25,25
WOOD COUNTY,499,28 Years,355,190,165,281,151,130,16,8,8,3,1,2,55,30,25
WOOD COUNTY,499,29 Years,396,219,177,314,173,141,17,12,5,9,4,5,56,30,26
WOOD COUNTY,499,30 Years,386,189,197,314,151,163,15,10,5,6,3,3,51,25,26
WOOD COUNTY,499,31 Years,365,182,183,278,142,136,19,10,9,7,4,3,61,26,35
WOOD COUNTY,499,32 Years,382,195,187,312,158,154,16,7,9,8,4,4,46,26,20
WOOD COUNTY,499,33 Years,351,176,175,275,135,140,14,8,6,8,4,4,54,29,25
WOOD COUNTY,499,34 Years,367,180,187,285,138,147,16,7,9,8,3,5,58,32,26
WOOD COUNTY,499,35 Years,378,193,185,309,160,149,14,5,9,5,1,4,50,27,23
WOOD COUNTY,499,36 Years,374,196,178,311,163,148,9,5,4,5,2,3,49,26,23
WOOD COUNTY,499,37 Years,361,188,173,305,158,147,10,5,5,6,1,5,40,24,16
WOOD COUNTY,499,38 Years,392,177,215,322,142,180,11,5,6,6,1,5,53,29,24
WOOD COUNTY,499,39 Years,424,207,217,360,175,185,10,6,4,6,4,2,48,22,26
WOOD COUNTY,499,40 Years,424,223,201,362,193,169,10,6,4,11,7,4,41,17,24
WOOD COUNTY,499,41 Years,476,245,231,400,206,194,15,6,9,14,5,9,47,28,19
WOOD COUNTY,499,42 Years,463,246,217,387,204,183,12,6,6,9,2,7,55,34,21
WOOD COUNTY,499,43 Years,456,229,227,379,189,190,17,6,11,8,4,4,52,30,22
WOOD COUNTY,499,44 Years,432,212,220,362,170,192,20,11,9,7,2,5,43,29,14
WOOD COUNTY,499,45 Years,476,240,236,395,191,204,21,13,8,9,4,5,51,32,19
WOOD COUNTY,499,46 Years,519,260,259,447,216,231,23,15,8,10,3,7,39,26,13
WOOD COUNTY,499,47 Years,552,261,291,494,231,263,20,9,11,5,1,4,33,20,13
WOOD COUNTY,499,48 Years,524,255,269,453,219,234,22,10,12,8,3,5,41,23,18
WOOD COUNTY,499,49 Years,549,251,298,473,215,258,20,9,11,13,8,5,43,19,24
WOOD COUNTY,499,50 Years,586,293,293,515,262,253,19,12,7,19,8,11,33,11,22
WOOD COUNTY,499,51 Years,623,316,307,540,269,271,28,20,8,14,6,8,41,21,20
WOOD COUNTY,499,52 Years,596,304,292,529,270,259,26,13,13,6,3,3,35,18,17
WOOD COUNTY,499,53 Years,567,288,279,507,256,251,21,7,14,10,5,5,29,20,9
WOOD COUNTY,499,54 Years,640,308,332,566,271,295,36,17,19,9,6,3,29,14,15
WOOD COUNTY,499,55 Years,607,296,311,528,256,272,40,24,16,10,3,7,29,13,16
WOOD COUNTY,499,56 Years,608,281,327,545,251,294,23,12,11,12,3,9,28,15,13
WOOD COUNTY,499,57 Years,629,283,346,560,251,309,29,12,17,12,5,7,28,15,13
WOOD COUNTY,499,58 Years,604,273,331,538,239,299,28,15,13,10,5,5,28,14,14
WOOD COUNTY,499,59 Years,628,294,334,574,269,305,22,10,12,9,3,6,23,12,11
WOOD COUNTY,499,60 Years,638,308,330,581,277,304,20,8,12,14,8,6,23,15,8
WOOD COUNTY,499,61 Years,658,309,349,606,282,324,19,9,10,12,6,6,21,12,9
WOOD COUNTY,499,62 Years,686,336,350,632,306,326,19,10,9,17,9,8,18,11,7
WOOD COUNTY,499,63 Years,738,351,387,688,323,365,22,14,8,14,6,8,14,8,6
WOOD COUNTY,499,64 Years,774,379,395,727,357,370,23,9,14,9,3,6,15,10,5
WOOD COUNTY,499,65 Years,640,308,332,599,292,307,17,5,12,12,6,6,12,5,7
WOOD COUNTY,499,66 Years,668,324,344,635,305,330,9,4,5,11,8,3,13,7,6
WOOD COUNTY,499,67 Years,710,353,357,668,332,336,23,10,13,9,6,3,10,5,5
WOOD COUNTY,499,68 Years,703,346,357,664,325,339,23,12,11,6,2,4,10,7,3
WOOD COUNTY,499,69 Years,687,331,356,650,314,336,19,7,12,7,4,3,11,6,5
WOOD COUNTY,499,70 Years,648,307,341,613,295,318,15,4,11,7,3,4,13,5,8
WOOD COUNTY,499,71 Years,603,281,322,571,266,305,13,7,6,7,3,4,12,5,7
WOOD COUNTY,499,72 Years,569,280,289,535,263,272,18,7,11,7,5,2,9,5,4
WOOD COUNTY,499,73 Years,529,266,263,496,253,243,16,5,11,7,2,5,10,6,4
WOOD COUNTY,499,74 Years,478,251,227,455,240,215,11,6,5,4,2,2,8,3,5
WOOD COUNTY,499,75 Years,445,228,217,427,218,209,9,5,4,3,2,1,6,3,3
WOOD COUNTY,499,76 Years,461,237,224,436,224,212,10,5,5,7,3,4,8,5,3
WOOD COUNTY,499,77 Years,390,188,202,368,176,192,10,7,3,4,3,1,8,2,6
WOOD COUNTY,499,78 Years,352,169,183,330,160,170,11,2,9,4,3,1,7,4,3
WOOD COUNTY,499,79 Years,324,155,169,308,150,158,7,2,5,5,1,4,4,2,2
WOOD COUNTY,499,80 Years,291,134,157,272,127,145,9,3,6,6,2,4,4,2,2
WOOD COUNTY,499,81 Years,290,130,160,277,125,152,7,2,5,1,0,1,5,3,2
WOOD COUNTY,499,82 Years,248,116,132,233,109,124,10,4,6,0,0,0,5,3,2
WOOD COUNTY,499,83 Years,212,95,117,192,87,105,11,4,7,5,1,4,4,3,1
WOOD COUNTY,499,84 Years,203,83,120,190,78,112,6,1,5,3,1,2,4,3,1
WOOD COUNTY,499,85 Years +,1003,317,686,930,293,637,49,12,37,12,7,5,12,5,7
YOAKUM COUNTY,501,All Ages,7947,3942,4005,3053,1489,1564,53,24,29,111,53,58,4730,2376,2354
YOAKUM COUNTY,501,< 1 Year,124,65,59,33,17,16,0,0,0,2,1,1,89,47,42
YOAKUM COUNTY,501,1 Years,137,74,63,27,16,11,1,1,0,1,0,1,108,57,51
YOAKUM COUNTY,501,2 Years,154,71,83,34,17,17,1,1,0,3,0,3,116,53,63
YOAKUM COUNTY,501,3 Years,147,67,80,34,15,19,0,0,0,2,0,2,111,52,59
YOAKUM COUNTY,501,4 Years,139,65,74,41,19,22,0,0,0,4,1,3,94,45,49
YOAKUM COUNTY,501,5 Years,143,67,76,43,23,20,1,0,1,0,0,0,99,44,55
YOAKUM COUNTY,501,6 Years,145,72,73,36,19,17,1,1,0,1,0,1,107,52,55
YOAKUM COUNTY,501,7 Years,150,76,74,41,22,19,1,0,1,2,2,0,106,52,54
YOAKUM COUNTY,501,8 Years,134,63,71,40,21,19,0,0,0,3,2,1,91,40,51
YOAKUM COUNTY,501,9 Years,132,62,70,41,17,24,0,0,0,2,2,0,89,43,46
YOAKUM COUNTY,501,10 Years,138,71,67,37,16,21,0,0,0,1,1,0,100,54,46
YOAKUM COUNTY,501,11 Years,151,77,74,49,26,23,0,0,0,1,0,1,101,51,50
YOAKUM COUNTY,501,12 Years,149,85,64,46,25,21,0,0,0,2,1,1,101,59,42
YOAKUM COUNTY,501,13 Years,120,57,63,37,18,19,0,0,0,1,0,1,82,39,43
YOAKUM COUNTY,501,14 Years,120,55,65,33,18,15,1,1,0,2,1,1,84,35,49
YOAKUM COUNTY,501,15 Years,133,70,63,37,18,19,1,1,0,3,2,1,92,49,43
YOAKUM COUNTY,501,16 Years,121,62,59,35,20,15,1,1,0,1,1,0,84,40,44
YOAKUM COUNTY,501,17 Years,126,60,66,38,18,20,1,0,1,3,1,2,84,41,43
YOAKUM COUNTY,501,18 Years,147,78,69,43,23,20,0,0,0,2,0,2,102,55,47
YOAKUM COUNTY,501,19 Years,114,59,55,35,19,16,2,0,2,3,1,2,74,39,35
YOAKUM COUNTY,501,20 Years,99,52,47,25,15,10,1,0,1,1,0,1,72,37,35
YOAKUM COUNTY,501,21 Years,79,40,39,15,6,9,0,0,0,0,0,0,64,34,30
YOAKUM COUNTY,501,22 Years,81,37,44,15,5,10,0,0,0,2,2,0,64,30,34
YOAKUM COUNTY,501,23 Years,101,46,55,24,10,14,2,2,0,3,3,0,72,31,41
YOAKUM COUNTY,501,24 Years,106,55,51,19,10,9,2,1,1,2,2,0,83,42,41
YOAKUM COUNTY,501,25 Years,94,48,46,21,10,11,1,1,0,0,0,0,72,37,35
YOAKUM COUNTY,501,26 Years,90,50,40,18,8,10,0,0,0,1,0,1,71,42,29
YOAKUM COUNTY,501,27 Years,92,54,38,23,11,12,0,0,0,0,0,0,69,43,26
YOAKUM COUNTY,501,28 Years,101,55,46,34,14,20,1,1,0,0,0,0,66,40,26
YOAKUM COUNTY,501,29 Years,113,60,53,33,15,18,2,1,1,0,0,0,78,44,34
YOAKUM COUNTY,501,30 Years,114,47,67,41,17,24,1,0,1,3,2,1,69,28,41
YOAKUM COUNTY,501,31 Years,98,30,68,29,9,20,1,0,1,1,0,1,67,21,46
YOAKUM COUNTY,501,32 Years,88,41,47,25,14,11,1,0,1,1,0,1,61,27,34
YOAKUM COUNTY,501,33 Years,88,51,37,26,16,10,0,0,0,3,2,1,59,33,26
YOAKUM COUNTY,501,34 Years,101,57,44,30,19,11,0,0,0,2,1,1,69,37,32
YOAKUM COUNTY,501,35 Years,107,60,47,34,19,15,0,0,0,2,2,0,71,39,32
YOAKUM COUNTY,501,36 Years,101,53,48,36,18,18,2,0,2,1,1,0,62,34,28
YOAKUM COUNTY,501,37 Years,90,43,47,28,14,14,0,0,0,1,1,0,61,28,33
YOAKUM COUNTY,501,38 Years,82,42,40,23,14,9,0,0,0,0,0,0,59,28,31
YOAKUM COUNTY,501,39 Years,95,41,54,32,14,18,0,0,0,1,1,0,62,26,36
YOAKUM COUNTY,501,40 Years,87,41,46,27,14,13,0,0,0,1,0,1,59,27,32
YOAKUM COUNTY,501,41 Years,95,46,49,36,19,17,0,0,0,1,0,1,58,27,31
YOAKUM COUNTY,501,42 Years,108,49,59,42,18,24,1,0,1,2,1,1,63,30,33
YOAKUM COUNTY,501,43 Years,89,41,48,29,13,16,0,0,0,1,0,1,59,28,31
YOAKUM COUNTY,501,44 Years,98,49,49,29,15,14,0,0,0,3,1,2,66,33,33
YOAKUM COUNTY,501,45 Years,94,48,46,27,11,16,0,0,0,2,1,1,65,36,29
YOAKUM COUNTY,501,46 Years,103,54,49,31,15,16,0,0,0,1,1,0,71,38,33
YOAKUM COUNTY,501,47 Years,98,54,44,35,20,15,0,0,0,1,1,0,62,33,29
YOAKUM COUNTY,501,48 Years,106,53,53,48,22,26,0,0,0,1,1,0,57,30,27
YOAKUM COUNTY,501,49 Years,112,56,56,51,25,26,3,1,2,1,1,0,57,29,28
YOAKUM COUNTY,501,50 Years,105,57,48,61,28,33,1,1,0,4,3,1,39,25,14
YOAKUM COUNTY,501,51 Years,117,66,51,60,36,24,0,0,0,3,1,2,54,29,25
YOAKUM COUNTY,501,52 Years,113,53,60,54,29,25,3,2,1,1,0,1,55,22,33
YOAKUM COUNTY,501,53 Years,108,54,54,53,29,24,2,1,1,0,0,0,53,24,29
YOAKUM COUNTY,501,54 Years,109,62,47,64,39,25,0,0,0,0,0,0,45,23,22
YOAKUM COUNTY,501,55 Years,103,49,54,59,26,33,3,1,2,1,0,1,40,22,18
YOAKUM COUNTY,501,56 Years,99,49,50,50,23,27,4,2,2,0,0,0,45,24,21
YOAKUM COUNTY,501,57 Years,94,46,48,50,22,28,1,0,1,2,1,1,41,23,18
YOAKUM COUNTY,501,58 Years,75,38,37,43,19,24,0,0,0,1,0,1,31,19,12
YOAKUM COUNTY,501,59 Years,80,39,41,45,20,25,2,1,1,0,0,0,33,18,15
YOAKUM COUNTY,501,60 Years,86,44,42,50,26,24,1,0,1,0,0,0,35,18,17
YOAKUM COUNTY,501,61 Years,75,34,41,39,19,20,1,0,1,2,0,2,33,15,18
YOAKUM COUNTY,501,62 Years,76,34,42,45,18,27,0,0,0,1,0,1,30,16,14
YOAKUM COUNTY,501,63 Years,70,38,32,42,23,19,0,0,0,3,2,1,25,13,12
YOAKUM COUNTY,501,64 Years,73,37,36,48,23,25,0,0,0,2,1,1,23,13,10
YOAKUM COUNTY,501,65 Years,69,29,40,38,14,24,1,1,0,2,1,1,28,13,15
YOAKUM COUNTY,501,66 Years,55,26,29,32,14,18,0,0,0,0,0,0,23,12,11
YOAKUM COUNTY,501,67 Years,67,36,31,43,22,21,0,0,0,2,0,2,22,14,8
YOAKUM COUNTY,501,68 Years,58,31,27,38,20,18,0,0,0,1,0,1,19,11,8
YOAKUM COUNTY,501,69 Years,47,22,25,27,12,15,0,0,0,3,0,3,17,10,7
YOAKUM COUNTY,501,70 Years,45,22,23,27,14,13,0,0,0,2,1,1,16,7,9
YOAKUM COUNTY,501,71 Years,48,25,23,32,16,16,1,1,0,0,0,0,15,8,7
YOAKUM COUNTY,501,72 Years,46,20,26,31,14,17,1,0,1,0,0,0,14,6,8
YOAKUM COUNTY,501,73 Years,38,18,20,25,12,13,0,0,0,1,1,0,12,5,7
YOAKUM COUNTY,501,74 Years,40,17,23,32,14,18,0,0,0,1,1,0,7,2,5
YOAKUM COUNTY,501,75 Years,37,19,18,26,14,12,0,0,0,0,0,0,11,5,6
YOAKUM COUNTY,501,76 Years,44,22,22,32,17,15,1,0,1,0,0,0,11,5,6
YOAKUM COUNTY,501,77 Years,39,18,21,33,15,18,0,0,0,0,0,0,6,3,3
YOAKUM COUNTY,501,78 Years,39,17,22,28,11,17,0,0,0,0,0,0,11,6,5
YOAKUM COUNTY,501,79 Years,30,16,14,21,11,10,0,0,0,0,0,0,9,5,4
YOAKUM COUNTY,501,80 Years,22,11,11,16,8,8,0,0,0,0,0,0,6,3,3
YOAKUM COUNTY,501,81 Years,32,13,19,26,11,15,0,0,0,1,0,1,5,2,3
YOAKUM COUNTY,501,82 Years,23,11,12,18,8,10,1,1,0,0,0,0,4,2,2
YOAKUM COUNTY,501,83 Years,22,10,12,17,6,11,0,0,0,0,0,0,5,4,1
YOAKUM COUNTY,501,84 Years,26,10,16,18,7,11,0,0,0,0,0,0,8,3,5
YOAKUM COUNTY,501,85 Years +,103,40,63,84,32,52,1,0,1,1,1,0,17,7,10
YOUNG COUNTY,503,All Ages,18633,9205,9428,14915,7214,7701,217,118,99,327,146,181,3174,1727,1447
YOUNG COUNTY,503,< 1 Year,228,113,115,160,81,79,1,0,1,4,2,2,63,30,33
YOUNG COUNTY,503,1 Years,236,134,102,153,85,68,3,1,2,7,6,1,73,42,31
YOUNG COUNTY,503,2 Years,251,135,116,153,81,72,3,2,1,7,3,4,88,49,39
YOUNG COUNTY,503,3 Years,235,119,116,150,72,78,3,2,1,10,5,5,72,40,32
YOUNG COUNTY,503,4 Years,245,138,107,154,85,69,6,2,4,9,5,4,76,46,30
YOUNG COUNTY,503,5 Years,244,121,123,148,73,75,3,1,2,11,6,5,82,41,41
YOUNG COUNTY,503,6 Years,234,109,125,141,67,74,2,2,0,8,4,4,83,36,47
YOUNG COUNTY,503,7 Years,255,122,133,174,86,88,2,1,1,5,2,3,74,33,41
YOUNG COUNTY,503,8 Years,260,130,130,177,90,87,3,1,2,7,4,3,73,35,38
YOUNG COUNTY,503,9 Years,262,127,135,189,88,101,1,1,0,7,3,4,65,35,30
YOUNG COUNTY,503,10 Years,265,131,134,188,88,100,4,4,0,3,1,2,70,38,32
YOUNG COUNTY,503,11 Years,271,140,131,188,99,89,3,2,1,4,1,3,76,38,38
YOUNG COUNTY,503,12 Years,259,140,119,190,100,90,4,4,0,4,1,3,61,35,26
YOUNG COUNTY,503,13 Years,251,139,112,179,93,86,4,4,0,6,2,4,62,40,22
YOUNG COUNTY,503,14 Years,226,120,106,168,87,81,1,1,0,4,1,3,53,31,22
YOUNG COUNTY,503,15 Years,252,127,125,185,89,96,1,1,0,5,2,3,61,35,26
YOUNG COUNTY,503,16 Years,237,123,114,180,93,87,2,2,0,4,1,3,51,27,24
YOUNG COUNTY,503,17 Years,240,135,105,184,101,83,2,2,0,5,3,2,49,29,20
YOUNG COUNTY,503,18 Years,243,124,119,189,101,88,3,0,3,6,1,5,45,22,23
YOUNG COUNTY,503,19 Years,233,129,104,173,99,74,2,1,1,8,2,6,50,27,23
YOUNG COUNTY,503,20 Years,190,92,98,130,63,67,4,2,2,4,2,2,52,25,27
YOUNG COUNTY,503,21 Years,192,99,93,131,63,68,2,2,0,4,3,1,55,31,24
YOUNG COUNTY,503,22 Years,182,93,89,124,60,64,3,3,0,7,4,3,48,26,22
YOUNG COUNTY,503,23 Years,186,96,90,116,57,59,5,4,1,6,3,3,59,32,27
YOUNG COUNTY,503,24 Years,187,91,96,126,58,68,2,1,1,4,1,3,55,31,24
YOUNG COUNTY,503,25 Years,223,122,101,151,77,74,2,1,1,6,3,3,64,41,23
YOUNG COUNTY,503,26 Years,220,111,109,154,70,84,5,3,2,7,3,4,54,35,19
YOUNG COUNTY,503,27 Years,199,109,90,147,79,68,4,3,1,2,1,1,46,26,20
YOUNG COUNTY,503,28 Years,224,118,106,161,84,77,3,2,1,2,1,1,58,31,27
YOUNG COUNTY,503,29 Years,205,115,90,141,79,62,4,2,2,3,1,2,57,33,24
YOUNG COUNTY,503,30 Years,211,110,101,158,77,81,2,1,1,5,3,2,46,29,17
YOUNG COUNTY,503,31 Years,183,98,85,136,71,65,1,1,0,3,2,1,43,24,19
YOUNG COUNTY,503,32 Years,184,91,93,140,65,75,0,0,0,2,1,1,42,25,17
YOUNG COUNTY,503,33 Years,199,99,100,153,71,82,2,1,1,2,0,2,42,27,15
YOUNG COUNTY,503,34 Years,178,91,87,126,63,63,4,2,2,2,0,2,46,26,20
YOUNG COUNTY,503,35 Years,175,85,90,128,61,67,2,0,2,2,0,2,43,24,19
YOUNG COUNTY,503,36 Years,196,86,110,146,60,86,2,2,0,3,2,1,45,22,23
YOUNG COUNTY,503,37 Years,219,108,111,164,80,84,2,2,0,5,3,2,48,23,25
YOUNG COUNTY,503,38 Years,213,110,103,171,88,83,2,2,0,3,1,2,37,19,18
YOUNG COUNTY,503,39 Years,209,103,106,168,81,87,2,1,1,1,1,0,38,20,18
YOUNG COUNTY,503,40 Years,207,96,111,173,77,96,2,1,1,1,1,0,31,17,14
YOUNG COUNTY,503,41 Years,212,102,110,171,79,92,3,2,1,3,1,2,35,20,15
YOUNG COUNTY,503,42 Years,214,112,102,168,86,82,3,2,1,6,3,3,37,21,16
YOUNG COUNTY,503,43 Years,218,107,111,168,86,82,1,0,1,7,3,4,42,18,24
YOUNG COUNTY,503,44 Years,207,105,102,165,81,84,3,3,0,4,2,2,35,19,16
YOUNG COUNTY,503,45 Years,213,107,106,166,79,87,3,1,2,1,0,1,43,27,16
YOUNG COUNTY,503,46 Years,252,121,131,208,99,109,4,1,3,2,0,2,38,21,17
YOUNG COUNTY,503,47 Years,254,130,124,216,111,105,5,4,1,2,1,1,31,14,17
YOUNG COUNTY,503,48 Years,257,132,125,204,104,100,4,1,3,4,2,2,45,25,20
YOUNG COUNTY,503,49 Years,273,129,144,226,107,119,4,1,3,4,1,3,39,20,19
YOUNG COUNTY,503,50 Years,275,139,136,239,122,117,2,1,1,2,0,2,32,16,16
YOUNG COUNTY,503,51 Years,295,143,152,249,120,129,4,3,1,4,1,3,38,19,19
YOUNG COUNTY,503,52 Years,292,144,148,241,119,122,4,4,0,5,1,4,42,20,22
YOUNG COUNTY,503,53 Years,287,146,141,243,121,122,2,1,1,4,1,3,38,23,15
YOUNG COUNTY,503,54 Years,288,137,151,252,119,133,4,0,4,3,1,2,29,17,12
YOUNG COUNTY,503,55 Years,295,153,142,257,133,124,5,1,4,3,2,1,30,17,13
YOUNG COUNTY,503,56 Years,262,127,135,235,112,123,4,2,2,2,1,1,21,12,9
YOUNG COUNTY,503,57 Years,243,122,121,216,109,107,3,1,2,5,3,2,19,9,10
YOUNG COUNTY,503,58 Years,270,131,139,246,120,126,2,0,2,3,3,0,19,8,11
YOUNG COUNTY,503,59 Years,299,141,158,264,125,139,2,1,1,5,1,4,28,14,14
YOUNG COUNTY,503,60 Years,247,133,114,224,119,105,0,0,0,5,4,1,18,10,8
YOUNG COUNTY,503,61 Years,239,133,106,216,118,98,1,1,0,4,2,2,18,12,6
YOUNG COUNTY,503,62 Years,209,102,107,194,93,101,2,1,1,0,0,0,13,8,5
YOUNG COUNTY,503,63 Years,230,103,127,213,96,117,3,0,3,4,0,4,10,7,3
YOUNG COUNTY,503,64 Years,239,120,119,221,111,110,2,1,1,3,1,2,13,7,6
YOUNG COUNTY,503,65 Years,192,92,100,174,84,90,4,1,3,3,1,2,11,6,5
YOUNG COUNTY,503,66 Years,194,96,98,177,85,92,3,2,1,4,2,2,10,7,3
YOUNG COUNTY,503,67 Years,200,94,106,187,85,102,2,1,1,2,2,0,9,6,3
YOUNG COUNTY,503,68 Years,181,82,99,169,75,94,2,1,1,4,3,1,6,3,3
YOUNG COUNTY,503,69 Years,186,89,97,176,82,94,0,0,0,2,2,0,8,5,3
YOUNG COUNTY,503,70 Years,182,89,93,169,80,89,0,0,0,3,2,1,10,7,3
YOUNG COUNTY,503,71 Years,150,67,83,144,64,80,1,0,1,2,1,1,3,2,1
YOUNG COUNTY,503,72 Years,151,70,81,142,64,78,2,0,2,2,2,0,5,4,1
YOUNG COUNTY,503,73 Years,129,57,72,122,54,68,4,1,3,1,1,0,2,1,1
YOUNG COUNTY,503,74 Years,151,73,78,144,69,75,4,3,1,1,0,1,2,1,1
YOUNG COUNTY,503,75 Years,145,67,78,134,62,72,0,0,0,3,0,3,8,5,3
YOUNG COUNTY,503,76 Years,152,70,82,138,63,75,3,2,1,3,1,2,8,4,4
YOUNG COUNTY,503,77 Years,140,61,79,128,57,71,3,1,2,1,0,1,8,3,5
YOUNG COUNTY,503,78 Years,131,49,82,120,45,75,2,1,1,1,0,1,8,3,5
YOUNG COUNTY,503,79 Years,127,55,72,119,52,67,1,1,0,1,1,0,6,1,5
YOUNG COUNTY,503,80 Years,119,57,62,116,56,60,0,0,0,1,0,1,2,1,1
YOUNG COUNTY,503,81 Years,100,36,64,98,36,62,0,0,0,1,0,1,1,0,1
YOUNG COUNTY,503,82 Years,112,46,66,106,44,62,2,1,1,1,0,1,3,1,2
YOUNG COUNTY,503,83 Years,102,46,56,99,45,54,1,0,1,1,0,1,1,1,0
YOUNG COUNTY,503,84 Years,92,38,54,91,38,53,0,0,0,0,0,0,1,0,1
YOUNG COUNTY,503,85 Years +,518,173,345,493,163,330,5,1,4,7,3,4,13,6,7
ZAPATA COUNTY,505,All Ages,14245,7147,7098,842,448,394,10,6,4,67,24,43,13326,6669,6657
ZAPATA COUNTY,505,< 1 Year,316,160,156,4,2,2,0,0,0,1,0,1,311,158,153
ZAPATA COUNTY,505,1 Years,307,164,143,6,3,3,0,0,0,0,0,0,301,161,140
ZAPATA COUNTY,505,2 Years,303,164,139,5,3,2,0,0,0,1,1,0,297,160,137
ZAPATA COUNTY,505,3 Years,301,163,138,4,1,3,0,0,0,0,0,0,297,162,135
ZAPATA COUNTY,505,4 Years,288,159,129,7,4,3,0,0,0,0,0,0,281,155,126
ZAPATA COUNTY,505,5 Years,255,148,107,8,6,2,1,0,1,0,0,0,246,142,104
ZAPATA COUNTY,505,6 Years,277,158,119,7,5,2,0,0,0,1,1,0,269,152,117
ZAPATA COUNTY,505,7 Years,261,141,120,9,7,2,0,0,0,3,1,2,249,133,116
ZAPATA COUNTY,505,8 Years,243,126,117,6,3,3,0,0,0,3,1,2,234,122,112
ZAPATA COUNTY,505,9 Years,259,133,126,6,3,3,0,0,0,1,0,1,252,130,122
ZAPATA COUNTY,505,10 Years,243,128,115,3,1,2,0,0,0,1,1,0,239,126,113
ZAPATA COUNTY,505,11 Years,241,121,120,3,2,1,1,1,0,0,0,0,237,118,119
ZAPATA COUNTY,505,12 Years,269,133,136,7,3,4,0,0,0,1,1,0,261,129,132
ZAPATA COUNTY,505,13 Years,254,128,126,6,4,2,0,0,0,1,1,0,247,123,124
ZAPATA COUNTY,505,14 Years,244,133,111,8,7,1,0,0,0,0,0,0,236,126,110
ZAPATA COUNTY,505,15 Years,260,139,121,8,5,3,0,0,0,3,3,0,249,131,118
ZAPATA COUNTY,505,16 Years,247,124,123,6,3,3,0,0,0,3,1,2,238,120,118
ZAPATA COUNTY,505,17 Years,263,145,118,6,3,3,0,0,0,1,0,1,256,142,114
ZAPATA COUNTY,505,18 Years,262,131,131,5,2,3,0,0,0,0,0,0,257,129,128
ZAPATA COUNTY,505,19 Years,250,129,121,5,2,3,0,0,0,2,0,2,243,127,116
ZAPATA COUNTY,505,20 Years,237,121,116,7,4,3,0,0,0,0,0,0,230,117,113
ZAPATA COUNTY,505,21 Years,227,113,114,6,2,4,0,0,0,1,0,1,220,111,109
ZAPATA COUNTY,505,22 Years,214,103,111,7,4,3,0,0,0,1,0,1,206,99,107
ZAPATA COUNTY,505,23 Years,198,106,92,4,1,3,0,0,0,0,0,0,194,105,89
ZAPATA COUNTY,505,24 Years,205,99,106,2,1,1,0,0,0,1,0,1,202,98,104
ZAPATA COUNTY,505,25 Years,224,113,111,5,3,2,0,0,0,1,0,1,218,110,108
ZAPATA COUNTY,505,26 Years,203,92,111,5,2,3,0,0,0,0,0,0,198,90,108
ZAPATA COUNTY,505,27 Years,181,96,85,6,4,2,0,0,0,0,0,0,175,92,83
ZAPATA COUNTY,505,28 Years,193,98,95,6,3,3,0,0,0,0,0,0,187,95,92
ZAPATA COUNTY,505,29 Years,192,90,102,7,4,3,0,0,0,0,0,0,185,86,99
ZAPATA COUNTY,505,30 Years,185,92,93,5,3,2,0,0,0,0,0,0,180,89,91
ZAPATA COUNTY,505,31 Years,184,91,93,2,2,0,1,0,1,0,0,0,181,89,92
ZAPATA COUNTY,505,32 Years,160,81,79,2,0,2,0,0,0,0,0,0,158,81,77
ZAPATA COUNTY,505,33 Years,174,86,88,7,3,4,0,0,0,0,0,0,167,83,84
ZAPATA COUNTY,505,34 Years,188,100,88,7,4,3,0,0,0,1,0,1,180,96,84
ZAPATA COUNTY,505,35 Years,191,93,98,9,4,5,0,0,0,0,0,0,182,89,93
ZAPATA COUNTY,505,36 Years,197,90,107,10,6,4,0,0,0,0,0,0,187,84,103
ZAPATA COUNTY,505,37 Years,176,78,98,9,3,6,0,0,0,0,0,0,167,75,92
ZAPATA COUNTY,505,38 Years,162,79,83,5,2,3,0,0,0,1,1,0,156,76,80
ZAPATA COUNTY,505,39 Years,163,70,93,6,3,3,0,0,0,1,0,1,156,67,89
ZAPATA COUNTY,505,40 Years,165,74,91,2,1,1,0,0,0,2,1,1,161,72,89
ZAPATA COUNTY,505,41 Years,165,83,82,3,2,1,0,0,0,2,2,0,160,79,81
ZAPATA COUNTY,505,42 Years,155,72,83,5,5,0,0,0,0,4,1,3,146,66,80
ZAPATA COUNTY,505,43 Years,152,73,79,5,4,1,1,1,0,2,1,1,144,67,77
ZAPATA COUNTY,505,44 Years,159,74,85,5,3,2,1,1,0,0,0,0,153,70,83
ZAPATA COUNTY,505,45 Years,164,68,96,6,1,5,0,0,0,2,1,1,156,66,90
ZAPATA COUNTY,505,46 Years,152,72,80,8,5,3,0,0,0,0,0,0,144,67,77
ZAPATA COUNTY,505,47 Years,159,73,86,8,4,4,0,0,0,0,0,0,151,69,82
ZAPATA COUNTY,505,48 Years,158,75,83,12,7,5,0,0,0,1,0,1,145,68,77
ZAPATA COUNTY,505,49 Years,150,81,69,9,4,5,0,0,0,0,0,0,141,77,64
ZAPATA COUNTY,505,50 Years,157,81,76,7,3,4,0,0,0,0,0,0,150,78,72
ZAPATA COUNTY,505,51 Years,147,77,70,10,7,3,0,0,0,1,1,0,136,69,67
ZAPATA COUNTY,505,52 Years,139,76,63,6,5,1,0,0,0,0,0,0,133,71,62
ZAPATA COUNTY,505,53 Years,132,68,64,9,7,2,0,0,0,0,0,0,123,61,62
ZAPATA COUNTY,505,54 Years,136,74,62,10,7,3,0,0,0,2,1,1,124,66,58
ZAPATA COUNTY,505,55 Years,118,61,57,6,4,2,1,1,0,0,0,0,111,56,55
ZAPATA COUNTY,505,56 Years,138,72,66,10,6,4,0,0,0,1,1,0,127,65,62
ZAPATA COUNTY,505,57 Years,130,70,60,13,5,8,0,0,0,3,1,2,114,64,50
ZAPATA COUNTY,505,58 Years,126,64,62,12,6,6,1,0,1,1,0,1,112,58,54
ZAPATA COUNTY,505,59 Years,113,50,63,9,5,4,0,0,0,2,0,2,102,45,57
ZAPATA COUNTY,505,60 Years,120,60,60,15,10,5,0,0,0,1,0,1,104,50,54
ZAPATA COUNTY,505,61 Years,118,55,63,12,6,6,0,0,0,2,0,2,104,49,55
ZAPATA COUNTY,505,62 Years,129,55,74,17,7,10,0,0,0,1,0,1,111,48,63
ZAPATA COUNTY,505,63 Years,125,54,71,22,9,13,1,1,0,0,0,0,102,44,58
ZAPATA COUNTY,505,64 Years,118,55,63,18,8,10,0,0,0,2,0,2,98,47,51
ZAPATA COUNTY,505,65 Years,112,53,59,19,8,11,1,1,0,1,1,0,91,43,48
ZAPATA COUNTY,505,66 Years,100,41,59,13,7,6,0,0,0,1,0,1,86,34,52
ZAPATA COUNTY,505,67 Years,92,34,58,17,9,8,0,0,0,0,0,0,75,25,50
ZAPATA COUNTY,505,68 Years,102,47,55,20,11,9,0,0,0,0,0,0,82,36,46
ZAPATA COUNTY,505,69 Years,98,49,49,17,11,6,0,0,0,0,0,0,81,38,43
ZAPATA COUNTY,505,70 Years,95,49,46,20,9,11,0,0,0,0,0,0,75,40,35
ZAPATA COUNTY,505,71 Years,85,43,42,19,7,12,0,0,0,1,0,1,65,36,29
ZAPATA COUNTY,505,72 Years,72,37,35,18,11,7,0,0,0,0,0,0,54,26,28
ZAPATA COUNTY,505,73 Years,80,47,33,26,13,13,0,0,0,0,0,0,54,34,20
ZAPATA COUNTY,505,74 Years,62,35,27,17,8,9,0,0,0,0,0,0,45,27,18
ZAPATA COUNTY,505,75 Years,60,25,35,15,6,9,0,0,0,0,0,0,45,19,26
ZAPATA COUNTY,505,76 Years,60,24,36,15,10,5,1,0,1,1,0,1,43,14,29
ZAPATA COUNTY,505,77 Years,54,26,28,11,8,3,0,0,0,1,0,1,42,18,24
ZAPATA COUNTY,505,78 Years,43,23,20,14,9,5,0,0,0,1,1,0,28,13,15
ZAPATA COUNTY,505,79 Years,38,16,22,13,5,8,0,0,0,0,0,0,25,11,14
ZAPATA COUNTY,505,80 Years,43,18,25,15,7,8,0,0,0,0,0,0,28,11,17
ZAPATA COUNTY,505,81 Years,41,18,23,10,7,3,0,0,0,1,0,1,30,11,19
ZAPATA COUNTY,505,82 Years,34,18,16,8,6,2,0,0,0,1,0,1,25,12,13
ZAPATA COUNTY,505,83 Years,45,23,22,16,10,6,0,0,0,1,0,1,28,13,15
ZAPATA COUNTY,505,84 Years,46,22,24,12,5,7,0,0,0,0,0,0,34,17,17
ZAPATA COUNTY,505,85 Years +,161,64,97,52,23,29,0,0,0,0,0,0,109,41,68
ZAVALA COUNTY,507,All Ages,11794,5818,5976,652,324,328,32,19,13,30,12,18,11080,5463,5617
ZAVALA COUNTY,507,< 1 Year,215,107,108,7,4,3,0,0,0,0,0,0,208,103,105
ZAVALA COUNTY,507,1 Years,209,102,107,5,3,2,0,0,0,0,0,0,204,99,105
ZAVALA COUNTY,507,2 Years,208,102,106,14,3,11,1,0,1,0,0,0,193,99,94
ZAVALA COUNTY,507,3 Years,201,107,94,9,4,5,1,0,1,0,0,0,191,103,88
ZAVALA COUNTY,507,4 Years,198,100,98,9,5,4,0,0,0,0,0,0,189,95,94
ZAVALA COUNTY,507,5 Years,224,121,103,6,4,2,0,0,0,0,0,0,218,117,101
ZAVALA COUNTY,507,6 Years,231,112,119,5,0,5,0,0,0,0,0,0,226,112,114
ZAVALA COUNTY,507,7 Years,198,95,103,7,2,5,1,0,1,0,0,0,190,93,97
ZAVALA COUNTY,507,8 Years,195,100,95,7,3,4,0,0,0,0,0,0,188,97,91
ZAVALA COUNTY,507,9 Years,194,90,104,5,1,4,1,0,1,0,0,0,188,89,99
ZAVALA COUNTY,507,10 Years,184,88,96,4,2,2,2,0,2,1,0,1,177,86,91
ZAVALA COUNTY,507,11 Years,195,99,96,4,3,1,2,1,1,1,1,0,188,94,94
ZAVALA COUNTY,507,12 Years,197,85,112,7,1,6,2,2,0,1,0,1,187,82,105
ZAVALA COUNTY,507,13 Years,194,93,101,6,2,4,2,2,0,1,0,1,185,89,96
ZAVALA COUNTY,507,14 Years,181,87,94,9,6,3,1,1,0,2,1,1,169,79,90
ZAVALA COUNTY,507,15 Years,183,90,93,6,3,3,1,0,1,1,0,1,175,87,88
ZAVALA COUNTY,507,16 Years,203,104,99,5,2,3,0,0,0,0,0,0,198,102,96
ZAVALA COUNTY,507,17 Years,211,99,112,5,4,1,0,0,0,0,0,0,206,95,111
ZAVALA COUNTY,507,18 Years,228,117,111,7,5,2,0,0,0,1,0,1,220,112,108
ZAVALA COUNTY,507,19 Years,209,99,110,8,3,5,0,0,0,1,0,1,200,96,104
ZAVALA COUNTY,507,20 Years,200,115,85,9,6,3,2,1,1,0,0,0,189,108,81
ZAVALA COUNTY,507,21 Years,199,114,85,6,4,2,0,0,0,0,0,0,193,110,83
ZAVALA COUNTY,507,22 Years,170,101,69,6,5,1,0,0,0,1,1,0,163,95,68
ZAVALA COUNTY,507,23 Years,163,95,68,4,2,2,1,1,0,0,0,0,158,92,66
ZAVALA COUNTY,507,24 Years,192,116,76,9,6,3,1,1,0,0,0,0,182,109,73
ZAVALA COUNTY,507,25 Years,172,104,68,8,3,5,0,0,0,0,0,0,164,101,63
ZAVALA COUNTY,507,26 Years,150,83,67,8,5,3,0,0,0,0,0,0,142,78,64
ZAVALA COUNTY,507,27 Years,134,76,58,7,3,4,1,1,0,0,0,0,126,72,54
ZAVALA COUNTY,507,28 Years,150,80,70,8,3,5,1,1,0,0,0,0,141,76,65
ZAVALA COUNTY,507,29 Years,147,77,70,7,4,3,0,0,0,1,0,1,139,73,66
ZAVALA COUNTY,507,30 Years,155,77,78,10,4,6,0,0,0,1,0,1,144,73,71
ZAVALA COUNTY,507,31 Years,150,73,77,11,4,7,0,0,0,0,0,0,139,69,70
ZAVALA COUNTY,507,32 Years,129,60,69,7,3,4,1,0,1,0,0,0,121,57,64
ZAVALA COUNTY,507,33 Years,121,59,62,4,2,2,1,0,1,1,1,0,115,56,59
ZAVALA COUNTY,507,34 Years,117,58,59,7,5,2,0,0,0,0,0,0,110,53,57
ZAVALA COUNTY,507,35 Years,135,64,71,5,3,2,0,0,0,0,0,0,130,61,69
ZAVALA COUNTY,507,36 Years,137,73,64,5,3,2,0,0,0,0,0,0,132,70,62
ZAVALA COUNTY,507,37 Years,120,63,57,5,2,3,0,0,0,0,0,0,115,61,54
ZAVALA COUNTY,507,38 Years,147,71,76,8,5,3,0,0,0,0,0,0,139,66,73
ZAVALA COUNTY,507,39 Years,134,69,65,7,3,4,0,0,0,0,0,0,127,66,61
ZAVALA COUNTY,507,40 Years,126,56,70,6,2,4,0,0,0,0,0,0,120,54,66
ZAVALA COUNTY,507,41 Years,127,64,63,9,4,5,1,1,0,0,0,0,117,59,58
ZAVALA COUNTY,507,42 Years,125,62,63,8,3,5,1,1,0,0,0,0,116,58,58
ZAVALA COUNTY,507,43 Years,132,56,76,6,4,2,1,1,0,0,0,0,125,51,74
ZAVALA COUNTY,507,44 Years,141,72,69,8,5,3,0,0,0,1,1,0,132,66,66
ZAVALA COUNTY,507,45 Years,135,68,67,6,3,3,1,0,1,1,0,1,127,65,62
ZAVALA COUNTY,507,46 Years,124,59,65,9,5,4,0,0,0,0,0,0,115,54,61
ZAVALA COUNTY,507,47 Years,124,56,68,4,2,2,0,0,0,0,0,0,120,54,66
ZAVALA COUNTY,507,48 Years,123,64,59,6,2,4,1,1,0,2,1,1,114,60,54
ZAVALA COUNTY,507,49 Years,125,65,60,11,6,5,0,0,0,1,1,0,113,58,55
ZAVALA COUNTY,507,50 Years,139,71,68,7,3,4,0,0,0,1,0,1,131,68,63
ZAVALA COUNTY,507,51 Years,151,76,75,10,6,4,0,0,0,1,0,1,140,70,70
ZAVALA COUNTY,507,52 Years,139,62,77,6,2,4,0,0,0,0,0,0,133,60,73
ZAVALA COUNTY,507,53 Years,120,56,64,8,2,6,0,0,0,0,0,0,112,54,58
ZAVALA COUNTY,507,54 Years,138,68,70,8,5,3,0,0,0,0,0,0,130,63,67
ZAVALA COUNTY,507,55 Years,133,66,67,8,6,2,1,1,0,0,0,0,124,59,65
ZAVALA COUNTY,507,56 Years,136,65,71,7,4,3,0,0,0,1,0,1,128,61,67
ZAVALA COUNTY,507,57 Years,126,64,62,5,3,2,1,1,0,1,1,0,119,59,60
ZAVALA COUNTY,507,58 Years,134,62,72,8,3,5,0,0,0,0,0,0,126,59,67
ZAVALA COUNTY,507,59 Years,128,63,65,16,7,9,0,0,0,0,0,0,112,56,56
ZAVALA COUNTY,507,60 Years,128,61,67,15,9,6,0,0,0,1,0,1,112,52,60
ZAVALA COUNTY,507,61 Years,135,59,76,13,6,7,1,0,1,1,1,0,120,52,68
ZAVALA COUNTY,507,62 Years,132,53,79,12,6,6,0,0,0,0,0,0,120,47,73
ZAVALA COUNTY,507,63 Years,123,56,67,10,5,5,0,0,0,0,0,0,113,51,62
ZAVALA COUNTY,507,64 Years,102,47,55,11,7,4,0,0,0,0,0,0,91,40,51
ZAVALA COUNTY,507,65 Years,103,46,57,8,5,3,0,0,0,0,0,0,95,41,54
ZAVALA COUNTY,507,66 Years,88,43,45,11,6,5,0,0,0,0,0,0,77,37,40
ZAVALA COUNTY,507,67 Years,100,43,57,11,6,5,0,0,0,1,0,1,88,37,51
ZAVALA COUNTY,507,68 Years,98,46,52,8,5,3,0,0,0,1,0,1,89,41,48
ZAVALA COUNTY,507,69 Years,76,30,46,8,4,4,0,0,0,1,1,0,67,25,42
ZAVALA COUNTY,507,70 Years,70,32,38,6,2,4,0,0,0,0,0,0,64,30,34
ZAVALA COUNTY,507,71 Years,70,36,34,5,3,2,0,0,0,0,0,0,65,33,32
ZAVALA COUNTY,507,72 Years,63,32,31,3,3,0,0,0,0,0,0,0,60,29,31
ZAVALA COUNTY,507,73 Years,58,24,34,5,4,1,0,0,0,0,0,0,53,20,33
ZAVALA COUNTY,507,74 Years,67,31,36,11,3,8,1,1,0,0,0,0,55,27,28
ZAVALA COUNTY,507,75 Years,63,27,36,8,3,5,0,0,0,0,0,0,55,24,31
ZAVALA COUNTY,507,76 Years,52,22,30,3,2,1,0,0,0,1,1,0,48,19,29
ZAVALA COUNTY,507,77 Years,55,24,31,5,2,3,0,0,0,0,0,0,50,22,28
ZAVALA COUNTY,507,78 Years,43,18,25,6,3,3,0,0,0,0,0,0,37,15,22
ZAVALA COUNTY,507,79 Years,47,17,30,5,4,1,0,0,0,0,0,0,42,13,29
ZAVALA COUNTY,507,80 Years,51,15,36,5,3,2,0,0,0,0,0,0,46,12,34
ZAVALA COUNTY,507,81 Years,54,22,32,9,5,4,0,0,0,0,0,0,45,17,28
ZAVALA COUNTY,507,82 Years,46,21,25,6,2,4,0,0,0,0,0,0,40,19,21
ZAVALA COUNTY,507,83 Years,42,18,24,4,2,2,0,0,0,0,0,0,38,16,22
ZAVALA COUNTY,507,84 Years,38,17,21,7,4,3,0,0,0,0,0,0,31,13,18
ZAVALA COUNTY,507,85 Years +,184,78,106,25,8,17,1,1,0,2,1,1,156,68,88
