County,FIPS,Age,Total,Total Male,Total Female,Anglo Total,Anglo Male,Anglo Female,Black Total,Black Male,Black Female,Other Total,Other Male,Other Female,Hispanic Total,Hispanic Male,Hispanic Female
STATE OF TEXAS,000,All Ages,26956959,13401052,13555907,11458442,5671918,5786524,3110393,1503581,1606812,1707710,835990,871720,10680414,5389563,5290851
STATE OF TEXAS,000,< 1 Year,401044,205076,195968,122428,62731,59697,45159,22957,22202,32184,16573,15611,201273,102815,98458
STATE OF TEXAS,000,1 Years,394963,202102,192861,121262,62134,59128,43878,22357,21521,31221,16142,15079,198602,101469,97133
STATE OF TEXAS,000,2 Years,388807,198801,190006,119706,61324,58382,42683,21749,20934,30028,15521,14507,196390,100207,96183
STATE OF TEXAS,000,3 Years,390560,199538,191022,119778,61326,58452,42586,21667,20919,30212,15621,14591,197984,100924,97060
STATE OF TEXAS,000,4 Years,389488,198422,191066,120619,62063,58556,42981,21655,21326,28579,14620,13959,197309,100084,97225
STATE OF TEXAS,000,5 Years,384259,195932,188327,119532,61239,58293,42999,21727,21272,28648,14652,13996,193080,98314,94766
STATE OF TEXAS,000,6 Years,392496,200457,192039,122081,62580,59501,44119,22391,21728,29845,15260,14585,196451,100226,96225
STATE OF TEXAS,000,7 Years,396044,202377,193667,123852,63561,60291,44737,22879,21858,29744,15148,14596,197711,100789,96922
STATE OF TEXAS,000,8 Years,394920,201811,193109,124528,64116,60412,44608,22583,22025,29455,14954,14501,196329,100158,96171
STATE OF TEXAS,000,9 Years,396198,202440,193758,125689,64504,61185,44329,22416,21913,29250,14799,14451,196930,100721,96209
STATE OF TEXAS,000,10 Years,399237,203961,195276,127327,65273,62054,45126,22926,22200,28772,14501,14271,198012,101261,96751
STATE OF TEXAS,000,11 Years,401609,205168,196441,128263,65766,62497,46014,23465,22549,27823,14010,13813,199509,101927,97582
STATE OF TEXAS,000,12 Years,404442,207375,197067,128594,66013,62581,47428,24339,23089,26823,13627,13196,201597,103396,98201
STATE OF TEXAS,000,13 Years,411489,211057,200432,131088,67387,63701,48959,25191,23768,26868,13716,13152,204574,104763,99811
STATE OF TEXAS,000,14 Years,410950,210930,200020,132577,68221,64356,49712,25479,24233,25994,13250,12744,202667,103980,98687
STATE OF TEXAS,000,15 Years,402280,206615,195665,131971,67822,64149,48952,25155,23797,24916,12702,12214,196441,100936,95505
STATE OF TEXAS,000,16 Years,396386,203978,192408,131063,67577,63486,48801,25080,23721,24828,12617,12211,191694,98704,92990
STATE OF TEXAS,000,17 Years,394460,202902,191558,132256,68039,64217,48872,25022,23850,24769,12551,12218,188563,97290,91273
STATE OF TEXAS,000,18 Years,396552,204134,192418,134548,68887,65661,49449,25470,23979,24617,12573,12044,187938,97204,90734
STATE OF TEXAS,000,19 Years,399864,206553,193311,137096,70474,66622,50752,26082,24670,24315,12498,11817,187701,97499,90202
STATE OF TEXAS,000,20 Years,395558,204864,190694,134960,69305,65655,51057,26295,24762,23949,12331,11618,185592,96933,88659
STATE OF TEXAS,000,21 Years,398363,206841,191522,136408,70367,66041,52038,26686,25352,23766,12242,11524,186151,97546,88605
STATE OF TEXAS,000,22 Years,397962,207106,190856,137448,71055,66393,51375,26213,25162,23600,12170,11430,185539,97668,87871
STATE OF TEXAS,000,23 Years,393452,204329,189123,137398,70686,66712,50389,25330,25059,23565,12143,11422,182100,96170,85930
STATE OF TEXAS,000,24 Years,388256,201506,186750,138042,70569,67473,48692,24277,24415,23913,12297,11616,177609,94363,83246
STATE OF TEXAS,000,25 Years,380218,197442,182776,137146,69615,67531,46198,23078,23120,24353,12571,11782,172521,92178,80343
STATE OF TEXAS,000,26 Years,377783,196158,181625,137867,69920,67947,44323,21982,22341,24510,12465,12045,171083,91791,79292
STATE OF TEXAS,000,27 Years,380539,196379,184160,141512,71401,70111,43518,21498,22020,24944,12516,12428,170565,90964,79601
STATE OF TEXAS,000,28 Years,384601,197145,187456,145418,73150,72268,43742,21542,22200,25799,12941,12858,169642,89512,80130
STATE OF TEXAS,000,29 Years,387146,197483,189663,148869,75132,73737,43461,21438,22023,26584,13296,13288,168232,87617,80615
STATE OF TEXAS,000,30 Years,383629,194506,189123,147295,74228,73067,42971,21008,21963,27473,13527,13946,165890,85743,80147
STATE OF TEXAS,000,31 Years,390308,197116,193192,150128,75713,74415,44171,21443,22728,27985,13527,14458,168024,86433,81591
STATE OF TEXAS,000,32 Years,391929,196684,195245,151145,76008,75137,44901,21587,23314,27955,13276,14679,167928,85813,82115
STATE OF TEXAS,000,33 Years,393419,196550,196869,151662,76550,75112,46476,22069,24407,27578,12972,14606,167703,84959,82744
STATE OF TEXAS,000,34 Years,392049,196362,195687,150770,76280,74490,47908,22562,25346,27701,13063,14638,165670,84457,81213
STATE OF TEXAS,000,35 Years,371581,185647,185934,142895,72299,70596,45892,21613,24279,27027,12679,14348,155767,79056,76711
STATE OF TEXAS,000,36 Years,364229,181208,183021,139686,70190,69496,43954,20679,23275,26602,12471,14131,153987,77868,76119
STATE OF TEXAS,000,37 Years,358873,178651,180222,136709,68749,67960,42980,20223,22757,26640,12522,14118,152544,77157,75387
STATE OF TEXAS,000,38 Years,357744,177474,180270,134721,67958,66763,42349,19793,22556,27383,12858,14525,153291,76865,76426
STATE OF TEXAS,000,39 Years,360930,178901,182029,137143,69075,68068,42349,19981,22368,27757,12998,14759,153681,76847,76834
STATE OF TEXAS,000,40 Years,353640,174328,179312,135053,67785,67268,42400,19993,22407,27420,12779,14641,148767,73771,74996
STATE OF TEXAS,000,41 Years,356685,175703,180982,137961,69516,68445,43502,20510,22992,27405,12855,14550,147817,72822,74995
STATE OF TEXAS,000,42 Years,365950,180198,185752,147743,74419,73324,44615,21210,23405,27128,12718,14410,146464,71851,74613
STATE OF TEXAS,000,43 Years,376111,185504,190607,159529,80231,79298,46087,21931,24156,26921,12779,14142,143574,70563,73011
STATE OF TEXAS,000,44 Years,373317,184812,188505,161160,81102,80058,44852,21355,23497,26089,12406,13683,141216,69949,71267
STATE OF TEXAS,000,45 Years,352282,174948,177334,153398,77113,76285,41984,20176,21808,24397,11767,12630,132503,65892,66611
STATE OF TEXAS,000,46 Years,339361,168744,170617,147505,74468,73037,41703,20093,21610,22596,10881,11715,127557,63302,64255
STATE OF TEXAS,000,47 Years,333280,165896,167384,146908,74086,72822,41659,20014,21645,21241,10251,10990,123472,61545,61927
STATE OF TEXAS,000,48 Years,335160,166841,168319,149378,74778,74600,42792,20532,22260,21033,10237,10796,121957,61294,60663
STATE OF TEXAS,000,49 Years,349770,173524,176246,161688,80670,81018,44714,21323,23391,21193,10268,10925,122175,61263,60912
STATE OF TEXAS,000,50 Years,353413,174999,178414,170500,84818,85682,44038,20951,23087,21262,10336,10926,117613,58894,58719
STATE OF TEXAS,000,51 Years,354595,175190,179405,175912,87248,88664,43559,20749,22810,20890,10143,10747,114234,57050,57184
STATE OF TEXAS,000,52 Years,351304,173423,177881,178898,88613,90285,43199,20616,22583,19397,9339,10058,109810,54855,54955
STATE OF TEXAS,000,53 Years,352051,173336,178715,182461,90400,92061,43450,20681,22769,19101,9080,10021,107039,53175,53864
STATE OF TEXAS,000,54 Years,353572,174879,178693,186102,92437,93665,43515,20954,22561,18782,8949,9833,105173,52539,52634
STATE OF TEXAS,000,55 Years,339920,167453,172467,182270,90514,91756,41929,20013,21916,17826,8393,9433,97895,48533,49362
STATE OF TEXAS,000,56 Years,335722,164744,170978,183392,90883,92509,40667,19269,21398,17523,8306,9217,94140,46286,47854
STATE OF TEXAS,000,57 Years,327467,159873,167594,180605,89127,91478,39500,18664,20836,17209,8056,9153,90153,44026,46127
STATE OF TEXAS,000,58 Years,317325,154516,162809,176253,86633,89620,38113,18036,20077,16721,7875,8846,86238,41972,44266
STATE OF TEXAS,000,59 Years,309963,150540,159423,175246,86141,89105,36553,17153,19400,16059,7524,8535,82105,39722,42383
STATE OF TEXAS,000,60 Years,293407,141455,151952,169158,82509,86649,33328,15418,17910,14940,6978,7962,75981,36550,39431
STATE OF TEXAS,000,61 Years,281916,135699,146217,164457,80244,84213,31464,14518,16946,14577,6699,7878,71418,34238,37180
STATE OF TEXAS,000,62 Years,268118,128605,139513,158436,77182,81254,29838,13573,16265,13522,6152,7370,66322,31698,34624
STATE OF TEXAS,000,63 Years,255869,122241,133628,149884,72760,77124,28702,13023,15679,13207,5964,7243,64076,30494,33582
STATE OF TEXAS,000,64 Years,250052,119293,130759,148013,71868,76145,27214,12319,14895,13112,5979,7133,61713,29127,32586
STATE OF TEXAS,000,65 Years,240513,114588,125925,145083,70260,74823,25435,11494,13941,12317,5674,6643,57678,27160,30518
STATE OF TEXAS,000,66 Years,238341,113630,124711,148364,71922,76442,23635,10744,12891,11545,5307,6238,54797,25657,29140
STATE OF TEXAS,000,67 Years,231993,110515,121478,148599,72108,76491,21206,9549,11657,10647,4886,5761,51541,23972,27569
STATE OF TEXAS,000,68 Years,192144,91131,101013,119031,57700,61331,17970,7943,10027,9157,4290,4867,45986,21198,24788
STATE OF TEXAS,000,69 Years,180226,84699,95527,112097,53726,58371,16799,7254,9545,8592,4021,4571,42738,19698,23040
STATE OF TEXAS,000,70 Years,175501,82099,93402,112814,53860,58954,15556,6654,8902,7890,3700,4190,39241,17885,21356
STATE OF TEXAS,000,71 Years,166989,77914,89075,108911,51894,57017,14669,6366,8303,7476,3547,3929,35933,16107,19826
STATE OF TEXAS,000,72 Years,150898,70116,80782,98388,46754,51634,13198,5633,7565,6815,3251,3564,32497,14478,18019
STATE OF TEXAS,000,73 Years,138719,63627,75092,90010,42212,47798,12222,5093,7129,6169,2901,3268,30318,13421,16897
STATE OF TEXAS,000,74 Years,128352,58522,69830,82911,38551,44360,11219,4617,6602,5708,2674,3034,28514,12680,15834
STATE OF TEXAS,000,75 Years,119206,54041,65165,77959,36081,41878,10039,4216,5823,5111,2383,2728,26097,11361,14736
STATE OF TEXAS,000,76 Years,112516,50424,62092,73802,33823,39979,9304,3773,5531,4712,2235,2477,24698,10593,14105
STATE OF TEXAS,000,77 Years,103953,46047,57906,68036,30911,37125,8685,3404,5281,4253,1963,2290,22979,9769,13210
STATE OF TEXAS,000,78 Years,98464,42929,55535,64861,29113,35748,8073,3105,4968,3868,1719,2149,21662,8992,12670
STATE OF TEXAS,000,79 Years,94074,40695,53379,62401,27641,34760,7767,2984,4783,3423,1559,1864,20483,8511,11972
STATE OF TEXAS,000,80 Years,84841,36276,48565,56580,24736,31844,7004,2660,4344,3050,1359,1691,18207,7521,10686
STATE OF TEXAS,000,81 Years,78426,32848,45578,52997,22774,30223,6468,2351,4117,2765,1183,1582,16196,6540,9656
STATE OF TEXAS,000,82 Years,73213,30354,42859,49872,21195,28677,5665,2033,3632,2409,998,1411,15267,6128,9139
STATE OF TEXAS,000,83 Years,68684,28027,40657,47036,19654,27382,5147,1826,3321,2286,922,1364,14215,5625,8590
STATE OF TEXAS,000,84 Years,63996,25420,38576,43784,17793,25991,4855,1660,3195,2092,842,1250,13265,5125,8140
STATE OF TEXAS,000,85 Years +,341043,118425,222618,241516,84378,157138,25212,7261,17951,9899,3662,6237,64416,23124,41292
ANDERSON COUNTY,001,All Ages,58501,35515,22986,34799,19230,15569,12234,8843,3391,1481,711,770,9987,6731,3256
ANDERSON COUNTY,001,< 1 Year,580,301,279,279,145,134,111,54,57,55,30,25,135,72,63
ANDERSON COUNTY,001,1 Years,560,279,281,279,138,141,102,49,53,51,21,30,128,71,57
ANDERSON COUNTY,001,2 Years,579,292,287,289,145,144,103,53,50,47,20,27,140,74,66
ANDERSON COUNTY,001,3 Years,596,301,295,299,153,146,99,52,47,59,25,34,139,71,68
ANDERSON COUNTY,001,4 Years,585,310,275,302,157,145,107,53,54,40,18,22,136,82,54
ANDERSON COUNTY,001,5 Years,627,307,320,343,165,178,101,44,57,39,19,20,144,79,65
ANDERSON COUNTY,001,6 Years,637,311,326,341,165,176,94,40,54,47,24,23,155,82,73
ANDERSON COUNTY,001,7 Years,652,331,321,354,182,172,89,40,49,45,24,21,164,85,79
ANDERSON COUNTY,001,8 Years,644,323,321,360,182,178,95,37,58,38,19,19,151,85,66
ANDERSON COUNTY,001,9 Years,639,334,305,343,170,173,99,53,46,34,17,17,163,94,69
ANDERSON COUNTY,001,10 Years,625,323,302,363,183,180,90,53,37,26,13,13,146,74,72
ANDERSON COUNTY,001,11 Years,659,359,300,366,203,163,97,52,45,31,16,15,165,88,77
ANDERSON COUNTY,001,12 Years,662,367,295,364,207,157,109,48,61,28,18,10,161,94,67
ANDERSON COUNTY,001,13 Years,664,354,310,384,204,180,99,50,49,26,15,11,155,85,70
ANDERSON COUNTY,001,14 Years,664,341,323,396,209,187,86,44,42,28,15,13,154,73,81
ANDERSON COUNTY,001,15 Years,665,337,328,388,197,191,92,54,38,29,13,16,156,73,83
ANDERSON COUNTY,001,16 Years,595,293,302,344,172,172,80,41,39,26,9,17,145,71,74
ANDERSON COUNTY,001,17 Years,611,314,297,360,188,172,94,49,45,29,9,20,128,68,60
ANDERSON COUNTY,001,18 Years,613,316,297,351,179,172,98,54,44,28,12,16,136,71,65
ANDERSON COUNTY,001,19 Years,597,338,259,299,164,135,118,70,48,22,11,11,158,93,65
ANDERSON COUNTY,001,20 Years,647,375,272,341,178,163,117,77,40,14,8,6,175,112,63
ANDERSON COUNTY,001,21 Years,667,410,257,339,190,149,140,100,40,18,8,10,170,112,58
ANDERSON COUNTY,001,22 Years,675,415,260,365,204,161,144,105,39,18,8,10,148,98,50
ANDERSON COUNTY,001,23 Years,730,476,254,384,229,155,171,129,42,12,4,8,163,114,49
ANDERSON COUNTY,001,24 Years,718,456,262,389,220,169,143,103,40,9,5,4,177,128,49
ANDERSON COUNTY,001,25 Years,814,533,281,407,225,182,204,157,47,12,9,3,191,142,49
ANDERSON COUNTY,001,26 Years,827,555,272,403,235,168,204,160,44,9,6,3,211,154,57
ANDERSON COUNTY,001,27 Years,889,625,264,431,264,167,234,187,47,12,6,6,212,168,44
ANDERSON COUNTY,001,28 Years,879,618,261,431,262,169,224,180,44,11,8,3,213,168,45
ANDERSON COUNTY,001,29 Years,858,608,250,418,246,172,225,193,32,11,9,2,204,160,44
ANDERSON COUNTY,001,30 Years,857,631,226,400,253,147,245,205,40,10,6,4,202,167,35
ANDERSON COUNTY,001,31 Years,921,651,270,432,259,173,252,213,39,14,7,7,223,172,51
ANDERSON COUNTY,001,32 Years,925,665,260,413,241,172,250,220,30,13,6,7,249,198,51
ANDERSON COUNTY,001,33 Years,910,634,276,424,246,178,239,202,37,14,4,10,233,182,51
ANDERSON COUNTY,001,34 Years,943,668,275,443,274,169,263,227,36,12,4,8,225,163,62
ANDERSON COUNTY,001,35 Years,894,641,253,403,249,154,253,212,41,13,7,6,225,173,52
ANDERSON COUNTY,001,36 Years,897,649,248,444,280,164,253,218,35,10,4,6,190,147,43
ANDERSON COUNTY,001,37 Years,837,606,231,417,264,153,244,206,38,14,7,7,162,129,33
ANDERSON COUNTY,001,38 Years,838,597,241,406,246,160,246,212,34,19,12,7,167,127,40
ANDERSON COUNTY,001,39 Years,897,651,246,448,293,155,254,216,38,16,10,6,179,132,47
ANDERSON COUNTY,001,40 Years,938,679,259,479,310,169,246,212,34,18,9,9,195,148,47
ANDERSON COUNTY,001,41 Years,891,619,272,451,277,174,236,198,38,21,7,14,183,137,46
ANDERSON COUNTY,001,42 Years,908,624,284,462,284,178,248,208,40,31,13,18,167,119,48
ANDERSON COUNTY,001,43 Years,973,693,280,512,330,182,257,220,37,22,10,12,182,133,49
ANDERSON COUNTY,001,44 Years,962,692,270,509,340,169,261,215,46,15,7,8,177,130,47
ANDERSON COUNTY,001,45 Years,861,602,259,449,272,177,253,215,38,13,4,9,146,111,35
ANDERSON COUNTY,001,46 Years,890,625,265,480,288,192,260,223,37,12,4,8,138,110,28
ANDERSON COUNTY,001,47 Years,940,661,279,517,321,196,255,212,43,11,5,6,157,123,34
ANDERSON COUNTY,001,48 Years,851,572,279,485,296,189,231,180,51,10,6,4,125,90,35
ANDERSON COUNTY,001,49 Years,897,608,289,526,317,209,225,184,41,8,3,5,138,104,34
ANDERSON COUNTY,001,50 Years,984,686,298,584,373,211,246,202,44,13,7,6,141,104,37
ANDERSON COUNTY,001,51 Years,955,641,314,564,346,218,233,182,51,15,8,7,143,105,38
ANDERSON COUNTY,001,52 Years,923,600,323,569,332,237,222,173,49,16,6,10,116,89,27
ANDERSON COUNTY,001,53 Years,918,611,307,580,360,220,232,178,54,16,8,8,90,65,25
ANDERSON COUNTY,001,54 Years,857,540,317,554,323,231,207,151,56,15,7,8,81,59,22
ANDERSON COUNTY,001,55 Years,836,514,322,565,320,245,187,137,50,13,6,7,71,51,20
ANDERSON COUNTY,001,56 Years,845,511,334,589,339,250,174,124,50,15,8,7,67,40,27
ANDERSON COUNTY,001,57 Years,805,468,337,547,299,248,176,124,52,14,4,10,68,41,27
ANDERSON COUNTY,001,58 Years,741,405,336,539,283,256,136,83,53,16,7,9,50,32,18
ANDERSON COUNTY,001,59 Years,761,423,338,555,295,260,142,85,57,13,7,6,51,36,15
ANDERSON COUNTY,001,60 Years,757,422,335,544,282,262,149,102,47,17,10,7,47,28,19
ANDERSON COUNTY,001,61 Years,694,393,301,511,267,244,115,77,38,10,7,3,58,42,16
ANDERSON COUNTY,001,62 Years,728,410,318,543,293,250,122,78,44,4,3,1,59,36,23
ANDERSON COUNTY,001,63 Years,678,375,303,502,271,231,117,73,44,11,4,7,48,27,21
ANDERSON COUNTY,001,64 Years,640,352,288,474,246,228,95,60,35,15,8,7,56,38,18
ANDERSON COUNTY,001,65 Years,627,321,306,494,242,252,80,49,31,11,7,4,42,23,19
ANDERSON COUNTY,001,66 Years,585,303,282,485,248,237,57,31,26,9,5,4,34,19,15
ANDERSON COUNTY,001,67 Years,595,310,285,493,244,249,61,41,20,10,8,2,31,17,14
ANDERSON COUNTY,001,68 Years,488,257,231,403,208,195,49,28,21,11,6,5,25,15,10
ANDERSON COUNTY,001,69 Years,476,245,231,395,202,193,51,26,25,8,5,3,22,12,10
ANDERSON COUNTY,001,70 Years,472,253,219,399,213,186,48,23,25,5,3,2,20,14,6
ANDERSON COUNTY,001,71 Years,487,236,251,405,199,206,47,23,24,7,0,7,28,14,14
ANDERSON COUNTY,001,72 Years,427,211,216,351,173,178,47,22,25,6,3,3,23,13,10
ANDERSON COUNTY,001,73 Years,390,199,191,318,163,155,49,19,30,6,3,3,17,14,3
ANDERSON COUNTY,001,74 Years,372,179,193,310,154,156,40,16,24,9,3,6,13,6,7
ANDERSON COUNTY,001,75 Years,333,164,169,286,141,145,30,14,16,4,0,4,13,9,4
ANDERSON COUNTY,001,76 Years,307,138,169,267,117,150,28,13,15,2,1,1,10,7,3
ANDERSON COUNTY,001,77 Years,273,121,152,227,98,129,31,14,17,2,1,1,13,8,5
ANDERSON COUNTY,001,78 Years,253,119,134,205,95,110,39,18,21,3,1,2,6,5,1
ANDERSON COUNTY,001,79 Years,281,120,161,231,98,133,35,16,19,6,2,4,9,4,5
ANDERSON COUNTY,001,80 Years,240,107,133,192,83,109,34,16,18,4,1,3,10,7,3
ANDERSON COUNTY,001,81 Years,216,96,120,179,81,98,29,10,19,2,1,1,6,4,2
ANDERSON COUNTY,001,82 Years,193,85,108,160,73,87,23,9,14,3,1,2,7,2,5
ANDERSON COUNTY,001,83 Years,177,75,102,146,65,81,21,7,14,3,0,3,7,3,4
ANDERSON COUNTY,001,84 Years,159,62,97,136,56,80,15,5,10,4,1,3,4,0,4
ANDERSON COUNTY,001,85 Years +,840,293,547,685,247,438,127,35,92,13,5,8,15,6,9
ANDREWS COUNTY,003,All Ages,17343,8684,8659,7778,3807,3971,223,113,110,354,168,186,8988,4596,4392
ANDREWS COUNTY,003,< 1 Year,312,161,151,82,42,40,2,1,1,4,2,2,224,116,108
ANDREWS COUNTY,003,1 Years,312,160,152,81,41,40,2,1,1,4,2,2,225,116,109
ANDREWS COUNTY,003,2 Years,289,149,140,78,38,40,2,1,1,2,1,1,207,109,98
ANDREWS COUNTY,003,3 Years,267,137,130,75,37,38,2,1,1,4,2,2,186,97,89
ANDREWS COUNTY,003,4 Years,245,128,117,73,36,37,2,1,1,4,4,0,166,87,79
ANDREWS COUNTY,003,5 Years,267,146,121,96,48,48,5,4,1,6,5,1,160,89,71
ANDREWS COUNTY,003,6 Years,278,153,125,94,49,45,4,2,2,6,4,2,174,98,76
ANDREWS COUNTY,003,7 Years,296,163,133,94,58,36,2,0,2,4,1,3,196,104,92
ANDREWS COUNTY,003,8 Years,285,150,135,90,52,38,3,1,2,7,2,5,185,95,90
ANDREWS COUNTY,003,9 Years,289,152,137,90,50,40,4,3,1,4,1,3,191,98,93
ANDREWS COUNTY,003,10 Years,278,133,145,85,44,41,4,3,1,6,2,4,183,84,99
ANDREWS COUNTY,003,11 Years,265,134,131,89,47,42,3,2,1,8,4,4,165,81,84
ANDREWS COUNTY,003,12 Years,258,134,124,85,44,41,2,2,0,4,3,1,167,85,82
ANDREWS COUNTY,003,13 Years,276,135,141,94,50,44,7,3,4,8,2,6,167,80,87
ANDREWS COUNTY,003,14 Years,257,127,130,87,48,39,7,4,3,6,1,5,157,74,83
ANDREWS COUNTY,003,15 Years,266,143,123,80,42,38,6,3,3,11,4,7,169,94,75
ANDREWS COUNTY,003,16 Years,276,146,130,94,47,47,4,0,4,8,6,2,170,93,77
ANDREWS COUNTY,003,17 Years,280,159,121,96,51,45,3,2,1,4,3,1,177,103,74
ANDREWS COUNTY,003,18 Years,274,147,127,94,54,40,6,3,3,3,1,2,171,89,82
ANDREWS COUNTY,003,19 Years,244,123,121,86,44,42,4,4,0,9,6,3,145,69,76
ANDREWS COUNTY,003,20 Years,252,130,122,85,43,42,3,3,0,8,4,4,156,80,76
ANDREWS COUNTY,003,21 Years,232,136,96,82,48,34,2,2,0,6,4,2,142,82,60
ANDREWS COUNTY,003,22 Years,245,130,115,84,45,39,4,3,1,5,4,1,152,78,74
ANDREWS COUNTY,003,23 Years,214,100,114,70,33,37,3,2,1,5,1,4,136,64,72
ANDREWS COUNTY,003,24 Years,210,115,95,76,40,36,2,1,1,4,2,2,128,72,56
ANDREWS COUNTY,003,25 Years,251,131,120,96,46,50,5,3,2,6,5,1,144,77,67
ANDREWS COUNTY,003,26 Years,229,121,108,98,53,45,3,2,1,2,1,1,126,65,61
ANDREWS COUNTY,003,27 Years,221,120,101,88,48,40,2,1,1,0,0,0,131,71,60
ANDREWS COUNTY,003,28 Years,200,95,105,73,29,44,1,0,1,0,0,0,126,66,60
ANDREWS COUNTY,003,29 Years,220,102,118,84,34,50,1,1,0,3,2,1,132,65,67
ANDREWS COUNTY,003,30 Years,209,99,110,83,39,44,1,0,1,8,4,4,117,56,61
ANDREWS COUNTY,003,31 Years,248,121,127,107,54,53,1,0,1,5,2,3,135,65,70
ANDREWS COUNTY,003,32 Years,243,125,118,97,44,53,1,1,0,6,4,2,139,76,63
ANDREWS COUNTY,003,33 Years,226,110,116,95,42,53,1,0,1,9,8,1,121,60,61
ANDREWS COUNTY,003,34 Years,232,123,109,97,50,47,2,1,1,7,5,2,126,67,59
ANDREWS COUNTY,003,35 Years,226,123,103,100,54,46,1,1,0,4,2,2,121,66,55
ANDREWS COUNTY,003,36 Years,213,102,111,89,43,46,2,0,2,3,2,1,119,57,62
ANDREWS COUNTY,003,37 Years,226,102,124,98,47,51,4,1,3,3,2,1,121,52,69
ANDREWS COUNTY,003,38 Years,214,95,119,92,41,51,3,1,2,4,1,3,115,52,63
ANDREWS COUNTY,003,39 Years,208,106,102,89,39,50,5,3,2,3,1,2,111,63,48
ANDREWS COUNTY,003,40 Years,215,111,104,93,46,47,3,2,1,3,1,2,116,62,54
ANDREWS COUNTY,003,41 Years,203,103,100,95,48,47,4,2,2,2,0,2,102,53,49
ANDREWS COUNTY,003,42 Years,182,94,88,99,49,50,3,2,1,2,0,2,78,43,35
ANDREWS COUNTY,003,43 Years,187,95,92,96,49,47,1,1,0,1,0,1,89,45,44
ANDREWS COUNTY,003,44 Years,191,93,98,90,46,44,2,2,0,3,2,1,96,43,53
ANDREWS COUNTY,003,45 Years,198,83,115,92,43,49,3,0,3,2,1,1,101,39,62
ANDREWS COUNTY,003,46 Years,227,94,133,110,47,63,2,0,2,6,2,4,109,45,64
ANDREWS COUNTY,003,47 Years,204,97,107,89,41,48,3,1,2,6,3,3,106,52,54
ANDREWS COUNTY,003,48 Years,197,110,87,83,45,38,4,1,3,5,2,3,105,62,43
ANDREWS COUNTY,003,49 Years,225,109,116,118,56,62,1,0,1,5,1,4,101,52,49
ANDREWS COUNTY,003,50 Years,247,112,135,125,50,75,3,1,2,4,1,3,115,60,55
ANDREWS COUNTY,003,51 Years,245,121,124,131,64,67,3,1,2,4,2,2,107,54,53
ANDREWS COUNTY,003,52 Years,234,123,111,121,64,57,3,1,2,7,6,1,103,52,51
ANDREWS COUNTY,003,53 Years,256,136,120,149,78,71,3,1,2,6,4,2,98,53,45
ANDREWS COUNTY,003,54 Years,245,135,110,137,74,63,2,2,0,4,0,4,102,59,43
ANDREWS COUNTY,003,55 Years,236,112,124,132,64,68,2,0,2,6,2,4,96,46,50
ANDREWS COUNTY,003,56 Years,234,109,125,129,63,66,4,0,4,7,5,2,94,41,53
ANDREWS COUNTY,003,57 Years,244,121,123,153,78,75,2,1,1,6,3,3,83,39,44
ANDREWS COUNTY,003,58 Years,222,109,113,139,72,67,1,0,1,5,1,4,77,36,41
ANDREWS COUNTY,003,59 Years,207,102,105,132,63,69,4,3,1,2,0,2,69,36,33
ANDREWS COUNTY,003,60 Years,198,96,102,129,61,68,5,2,3,4,1,3,60,32,28
ANDREWS COUNTY,003,61 Years,177,83,94,117,59,58,5,3,2,4,0,4,51,21,30
ANDREWS COUNTY,003,62 Years,164,81,83,101,52,49,2,1,1,5,0,5,56,28,28
ANDREWS COUNTY,003,63 Years,173,95,78,93,49,44,4,1,3,7,3,4,69,42,27
ANDREWS COUNTY,003,64 Years,164,84,80,98,48,50,3,1,2,3,2,1,60,33,27
ANDREWS COUNTY,003,65 Years,161,81,80,101,42,59,2,2,0,5,3,2,53,34,19
ANDREWS COUNTY,003,66 Years,141,65,76,88,35,53,1,1,0,7,4,3,45,25,20
ANDREWS COUNTY,003,67 Years,131,62,69,83,36,47,3,2,1,2,1,1,43,23,20
ANDREWS COUNTY,003,68 Years,104,51,53,62,31,31,2,1,1,3,1,2,37,18,19
ANDREWS COUNTY,003,69 Years,95,49,46,56,30,26,1,1,0,2,0,2,36,18,18
ANDREWS COUNTY,003,70 Years,108,55,53,77,40,37,2,2,0,2,0,2,27,13,14
ANDREWS COUNTY,003,71 Years,102,44,58,68,31,37,2,1,1,3,1,2,29,11,18
ANDREWS COUNTY,003,72 Years,91,47,44,60,29,31,2,1,1,2,1,1,27,16,11
ANDREWS COUNTY,003,73 Years,89,40,49,57,27,30,2,0,2,0,0,0,30,13,17
ANDREWS COUNTY,003,74 Years,81,34,47,63,27,36,0,0,0,2,0,2,16,7,9
ANDREWS COUNTY,003,75 Years,78,29,49,50,18,32,0,0,0,1,0,1,27,11,16
ANDREWS COUNTY,003,76 Years,83,36,47,54,20,34,1,1,0,2,1,1,26,14,12
ANDREWS COUNTY,003,77 Years,71,29,42,45,15,30,1,1,0,1,1,0,24,12,12
ANDREWS COUNTY,003,78 Years,88,33,55,70,27,43,0,0,0,0,0,0,18,6,12
ANDREWS COUNTY,003,79 Years,80,31,49,68,27,41,1,0,1,0,0,0,11,4,7
ANDREWS COUNTY,003,80 Years,67,29,38,49,23,26,0,0,0,2,0,2,16,6,10
ANDREWS COUNTY,003,81 Years,64,34,30,46,25,21,1,1,0,1,0,1,16,8,8
ANDREWS COUNTY,003,82 Years,55,25,30,43,18,25,0,0,0,1,1,0,11,6,5
ANDREWS COUNTY,003,83 Years,56,23,33,40,16,24,2,0,2,1,0,1,13,7,6
ANDREWS COUNTY,003,84 Years,50,20,30,36,14,22,1,0,1,0,0,0,13,6,7
ANDREWS COUNTY,003,85 Years +,240,93,147,185,73,112,6,3,3,5,2,3,44,15,29
ANGELINA COUNTY,005,All Ages,89811,44321,45490,54599,26724,27875,13330,6345,6985,2317,1106,1211,19565,10146,9419
ANGELINA COUNTY,005,< 1 Year,1241,630,611,597,304,293,192,94,98,51,29,22,401,203,198
ANGELINA COUNTY,005,1 Years,1239,630,609,591,300,291,186,93,93,54,31,23,408,206,202
ANGELINA COUNTY,005,2 Years,1277,660,617,607,313,294,195,97,98,53,34,19,422,216,206
ANGELINA COUNTY,005,3 Years,1263,656,607,593,305,288,193,100,93,54,29,25,423,222,201
ANGELINA COUNTY,005,4 Years,1301,662,639,610,309,301,196,88,108,59,30,29,436,235,201
ANGELINA COUNTY,005,5 Years,1281,665,616,603,326,277,197,95,102,64,35,29,417,209,208
ANGELINA COUNTY,005,6 Years,1331,691,640,610,305,305,222,124,98,68,33,35,431,229,202
ANGELINA COUNTY,005,7 Years,1345,678,667,604,298,306,226,123,103,55,22,33,460,235,225
ANGELINA COUNTY,005,8 Years,1402,702,700,677,350,327,212,103,109,48,21,27,465,228,237
ANGELINA COUNTY,005,9 Years,1343,690,653,677,352,325,198,106,92,49,24,25,419,208,211
ANGELINA COUNTY,005,10 Years,1316,670,646,644,331,313,211,108,103,49,21,28,412,210,202
ANGELINA COUNTY,005,11 Years,1308,666,642,642,326,316,205,107,98,55,32,23,406,201,205
ANGELINA COUNTY,005,12 Years,1295,654,641,647,320,327,195,106,89,45,21,24,408,207,201
ANGELINA COUNTY,005,13 Years,1335,700,635,674,353,321,207,103,104,39,19,20,415,225,190
ANGELINA COUNTY,005,14 Years,1346,688,658,684,361,323,204,98,106,38,16,22,420,213,207
ANGELINA COUNTY,005,15 Years,1349,672,677,687,350,337,202,99,103,40,20,20,420,203,217
ANGELINA COUNTY,005,16 Years,1330,678,652,694,358,336,211,111,100,40,17,23,385,192,193
ANGELINA COUNTY,005,17 Years,1338,684,654,715,365,350,213,108,105,41,19,22,369,192,177
ANGELINA COUNTY,005,18 Years,1260,643,617,664,342,322,194,91,103,40,23,17,362,187,175
ANGELINA COUNTY,005,19 Years,1116,585,531,606,320,286,164,77,87,35,17,18,311,171,140
ANGELINA COUNTY,005,20 Years,1099,555,544,566,297,269,182,86,96,29,11,18,322,161,161
ANGELINA COUNTY,005,21 Years,1151,585,566,595,312,283,202,101,101,35,14,21,319,158,161
ANGELINA COUNTY,005,22 Years,1212,585,627,644,310,334,213,93,120,28,15,13,327,167,160
ANGELINA COUNTY,005,23 Years,1272,632,640,679,338,341,225,99,126,30,14,16,338,181,157
ANGELINA COUNTY,005,24 Years,1268,641,627,700,353,347,218,97,121,32,11,21,318,180,138
ANGELINA COUNTY,005,25 Years,1208,602,606,663,329,334,215,95,120,28,13,15,302,165,137
ANGELINA COUNTY,005,26 Years,1150,557,593,641,294,347,192,89,103,23,11,12,294,163,131
ANGELINA COUNTY,005,27 Years,1099,535,564,612,293,319,174,75,99,19,10,9,294,157,137
ANGELINA COUNTY,005,28 Years,1062,527,535,600,296,304,151,67,84,13,5,8,298,159,139
ANGELINA COUNTY,005,29 Years,1023,514,509,553,277,276,165,77,88,25,12,13,280,148,132
ANGELINA COUNTY,005,30 Years,1018,490,528,550,272,278,161,64,97,30,15,15,277,139,138
ANGELINA COUNTY,005,31 Years,1047,509,538,584,293,291,147,60,87,32,16,16,284,140,144
ANGELINA COUNTY,005,32 Years,1067,527,540,583,290,293,153,69,84,28,14,14,303,154,149
ANGELINA COUNTY,005,33 Years,1086,531,555,601,295,306,169,76,93,28,15,13,288,145,143
ANGELINA COUNTY,005,34 Years,1142,558,584,623,299,324,189,84,105,27,15,12,303,160,143
ANGELINA COUNTY,005,35 Years,1097,556,541,588,292,296,188,94,94,33,18,15,288,152,136
ANGELINA COUNTY,005,36 Years,1049,520,529,575,288,287,159,79,80,43,20,23,272,133,139
ANGELINA COUNTY,005,37 Years,1028,518,510,554,277,277,178,95,83,31,15,16,265,131,134
ANGELINA COUNTY,005,38 Years,1015,487,528,555,254,301,165,78,87,22,9,13,273,146,127
ANGELINA COUNTY,005,39 Years,1042,501,541,576,273,303,156,75,81,31,14,17,279,139,140
ANGELINA COUNTY,005,40 Years,1047,501,546,596,291,305,149,64,85,22,9,13,280,137,143
ANGELINA COUNTY,005,41 Years,1088,548,540,629,313,316,154,70,84,23,12,11,282,153,129
ANGELINA COUNTY,005,42 Years,1119,562,557,692,349,343,170,74,96,23,7,16,234,132,102
ANGELINA COUNTY,005,43 Years,1162,577,585,733,367,366,185,83,102,22,8,14,222,119,103
ANGELINA COUNTY,005,44 Years,1166,543,623,722,336,386,181,82,99,22,8,14,241,117,124
ANGELINA COUNTY,005,45 Years,1130,551,579,708,354,354,169,78,91,19,4,15,234,115,119
ANGELINA COUNTY,005,46 Years,1082,530,552,664,329,335,170,75,95,18,4,14,230,122,108
ANGELINA COUNTY,005,47 Years,1108,543,565,692,337,355,173,82,91,20,4,16,223,120,103
ANGELINA COUNTY,005,48 Years,1126,563,563,714,348,366,171,82,89,21,10,11,220,123,97
ANGELINA COUNTY,005,49 Years,1144,576,568,720,359,361,185,90,95,27,16,11,212,111,101
ANGELINA COUNTY,005,50 Years,1177,619,558,788,415,373,172,90,82,25,14,11,192,100,92
ANGELINA COUNTY,005,51 Years,1208,585,623,817,381,436,189,95,94,17,9,8,185,100,85
ANGELINA COUNTY,005,52 Years,1179,580,599,776,363,413,190,99,91,27,17,10,186,101,85
ANGELINA COUNTY,005,53 Years,1176,595,581,790,385,405,177,92,85,25,13,12,184,105,79
ANGELINA COUNTY,005,54 Years,1236,605,631,845,411,434,182,85,97,25,10,15,184,99,85
ANGELINA COUNTY,005,55 Years,1215,599,616,826,409,417,204,88,116,24,11,13,161,91,70
ANGELINA COUNTY,005,56 Years,1213,622,591,826,420,406,200,103,97,30,15,15,157,84,73
ANGELINA COUNTY,005,57 Years,1186,620,566,827,433,394,186,96,90,24,10,14,149,81,68
ANGELINA COUNTY,005,58 Years,1192,609,583,807,405,402,215,108,107,21,8,13,149,88,61
ANGELINA COUNTY,005,59 Years,1179,576,603,798,379,419,218,112,106,22,7,15,141,78,63
ANGELINA COUNTY,005,60 Years,1100,565,535,780,396,384,175,90,85,16,7,9,129,72,57
ANGELINA COUNTY,005,61 Years,1072,561,511,763,395,368,159,80,79,15,9,6,135,77,58
ANGELINA COUNTY,005,62 Years,991,527,464,736,389,347,138,71,67,13,4,9,104,63,41
ANGELINA COUNTY,005,63 Years,962,477,485,719,360,359,131,63,68,18,5,13,94,49,45
ANGELINA COUNTY,005,64 Years,937,441,496,698,318,380,125,62,63,23,11,12,91,50,41
ANGELINA COUNTY,005,65 Years,982,446,536,763,347,416,115,46,69,26,13,13,78,40,38
ANGELINA COUNTY,005,66 Years,950,442,508,754,356,398,105,42,63,21,10,11,70,34,36
ANGELINA COUNTY,005,67 Years,986,474,512,805,388,417,97,44,53,19,12,7,65,30,35
ANGELINA COUNTY,005,68 Years,794,376,418,633,304,329,84,40,44,13,8,5,64,24,40
ANGELINA COUNTY,005,69 Years,754,356,398,612,292,320,84,36,48,10,5,5,48,23,25
ANGELINA COUNTY,005,70 Years,716,354,362,580,282,298,74,42,32,9,4,5,53,26,27
ANGELINA COUNTY,005,71 Years,720,349,371,581,287,294,69,31,38,14,7,7,56,24,32
ANGELINA COUNTY,005,72 Years,667,331,336,542,266,276,65,34,31,13,7,6,47,24,23
ANGELINA COUNTY,005,73 Years,640,299,341,527,243,284,60,28,32,11,7,4,42,21,21
ANGELINA COUNTY,005,74 Years,577,256,321,480,212,268,50,20,30,10,5,5,37,19,18
ANGELINA COUNTY,005,75 Years,558,242,316,464,204,260,49,17,32,10,4,6,35,17,18
ANGELINA COUNTY,005,76 Years,507,222,285,429,190,239,44,20,24,6,3,3,28,9,19
ANGELINA COUNTY,005,77 Years,478,194,284,397,167,230,49,15,34,3,1,2,29,11,18
ANGELINA COUNTY,005,78 Years,470,210,260,397,177,220,51,20,31,4,1,3,18,12,6
ANGELINA COUNTY,005,79 Years,463,205,258,395,177,218,38,11,27,6,4,2,24,13,11
ANGELINA COUNTY,005,80 Years,402,178,224,331,152,179,40,12,28,8,5,3,23,9,14
ANGELINA COUNTY,005,81 Years,370,162,208,315,140,175,33,13,20,4,2,2,18,7,11
ANGELINA COUNTY,005,82 Years,324,135,189,278,113,165,26,12,14,7,3,4,13,7,6
ANGELINA COUNTY,005,83 Years,296,128,168,253,107,146,25,13,12,6,2,4,12,6,6
ANGELINA COUNTY,005,84 Years,286,121,165,236,101,135,29,11,18,7,3,4,14,6,8
ANGELINA COUNTY,005,85 Years +,1525,532,993,1293,457,836,150,40,110,24,8,16,58,27,31
ARANSAS COUNTY,007,All Ages,24961,12338,12623,17091,8329,8762,264,155,109,971,479,492,6635,3375,3260
ARANSAS COUNTY,007,< 1 Year,277,151,126,124,70,54,2,1,1,12,4,8,139,76,63
ARANSAS COUNTY,007,1 Years,264,141,123,117,66,51,1,1,0,12,4,8,134,70,64
ARANSAS COUNTY,007,2 Years,250,130,120,110,57,53,1,1,0,11,3,8,128,69,59
ARANSAS COUNTY,007,3 Years,255,129,126,108,53,55,2,1,1,19,10,9,126,65,61
ARANSAS COUNTY,007,4 Years,236,124,112,109,58,51,1,0,1,12,7,5,114,59,55
ARANSAS COUNTY,007,5 Years,244,126,118,117,61,56,2,0,2,10,5,5,115,60,55
ARANSAS COUNTY,007,6 Years,268,145,123,128,68,60,4,1,3,10,5,5,126,71,55
ARANSAS COUNTY,007,7 Years,248,125,123,110,60,50,3,0,3,13,8,5,122,57,65
ARANSAS COUNTY,007,8 Years,257,131,126,126,65,61,3,1,2,12,7,5,116,58,58
ARANSAS COUNTY,007,9 Years,257,137,120,132,66,66,3,2,1,11,6,5,111,63,48
ARANSAS COUNTY,007,10 Years,266,143,123,132,74,58,5,4,1,9,4,5,120,61,59
ARANSAS COUNTY,007,11 Years,232,119,113,102,54,48,5,3,2,9,3,6,116,59,57
ARANSAS COUNTY,007,12 Years,228,114,114,107,55,52,4,2,2,6,3,3,111,54,57
ARANSAS COUNTY,007,13 Years,251,131,120,129,70,59,7,4,3,13,6,7,102,51,51
ARANSAS COUNTY,007,14 Years,237,123,114,126,66,60,2,1,1,10,5,5,99,51,48
ARANSAS COUNTY,007,15 Years,265,140,125,132,63,69,4,4,0,11,8,3,118,65,53
ARANSAS COUNTY,007,16 Years,290,147,143,144,69,75,4,3,1,14,8,6,128,67,61
ARANSAS COUNTY,007,17 Years,283,147,136,138,69,69,1,0,1,15,10,5,129,68,61
ARANSAS COUNTY,007,18 Years,279,152,127,140,69,71,0,0,0,15,11,4,124,72,52
ARANSAS COUNTY,007,19 Years,266,144,122,130,66,64,2,1,1,12,7,5,122,70,52
ARANSAS COUNTY,007,20 Years,239,141,98,121,69,52,4,2,2,13,6,7,101,64,37
ARANSAS COUNTY,007,21 Years,284,144,140,147,75,72,3,0,3,19,11,8,115,58,57
ARANSAS COUNTY,007,22 Years,275,150,125,135,72,63,4,2,2,16,10,6,120,66,54
ARANSAS COUNTY,007,23 Years,233,133,100,114,62,52,6,5,1,13,9,4,100,57,43
ARANSAS COUNTY,007,24 Years,206,101,105,117,58,59,3,2,1,8,5,3,78,36,42
ARANSAS COUNTY,007,25 Years,203,94,109,117,56,61,3,1,2,4,2,2,79,35,44
ARANSAS COUNTY,007,26 Years,233,120,113,137,68,69,4,2,2,6,4,2,86,46,40
ARANSAS COUNTY,007,27 Years,211,112,99,121,67,54,6,5,1,7,2,5,77,38,39
ARANSAS COUNTY,007,28 Years,201,106,95,112,60,52,4,3,1,8,3,5,77,40,37
ARANSAS COUNTY,007,29 Years,199,102,97,119,57,62,4,3,1,13,7,6,63,35,28
ARANSAS COUNTY,007,30 Years,188,92,96,115,53,62,3,2,1,11,9,2,59,28,31
ARANSAS COUNTY,007,31 Years,198,98,100,115,55,60,1,0,1,9,6,3,73,37,36
ARANSAS COUNTY,007,32 Years,213,100,113,131,59,72,1,0,1,15,6,9,66,35,31
ARANSAS COUNTY,007,33 Years,224,106,118,123,59,64,4,3,1,13,5,8,84,39,45
ARANSAS COUNTY,007,34 Years,202,97,105,121,59,62,4,3,1,9,3,6,68,32,36
ARANSAS COUNTY,007,35 Years,190,91,99,106,52,54,3,2,1,3,0,3,78,37,41
ARANSAS COUNTY,007,36 Years,212,102,110,129,63,66,1,1,0,5,1,4,77,37,40
ARANSAS COUNTY,007,37 Years,221,114,107,135,70,65,1,1,0,8,2,6,77,41,36
ARANSAS COUNTY,007,38 Years,215,106,109,132,64,68,3,3,0,10,5,5,70,34,36
ARANSAS COUNTY,007,39 Years,227,105,122,143,66,77,1,1,0,9,3,6,74,35,39
ARANSAS COUNTY,007,40 Years,209,106,103,123,65,58,0,0,0,13,4,9,73,37,36
ARANSAS COUNTY,007,41 Years,241,123,118,138,69,69,2,1,1,13,5,8,88,48,40
ARANSAS COUNTY,007,42 Years,237,121,116,142,76,66,2,1,1,12,3,9,81,41,40
ARANSAS COUNTY,007,43 Years,265,134,131,177,95,82,0,0,0,8,5,3,80,34,46
ARANSAS COUNTY,007,44 Years,265,130,135,187,90,97,3,3,0,10,6,4,65,31,34
ARANSAS COUNTY,007,45 Years,240,117,123,156,71,85,2,1,1,11,7,4,71,38,33
ARANSAS COUNTY,007,46 Years,250,122,128,163,75,88,2,2,0,10,6,4,75,39,36
ARANSAS COUNTY,007,47 Years,255,127,128,158,77,81,6,4,2,13,7,6,78,39,39
ARANSAS COUNTY,007,48 Years,290,142,148,174,83,91,4,2,2,16,9,7,96,48,48
ARANSAS COUNTY,007,49 Years,310,148,162,215,102,113,6,1,5,12,7,5,77,38,39
ARANSAS COUNTY,007,50 Years,323,158,165,220,107,113,7,4,3,13,6,7,83,41,42
ARANSAS COUNTY,007,51 Years,360,177,183,248,119,129,5,4,1,13,4,9,94,50,44
ARANSAS COUNTY,007,52 Years,348,169,179,253,123,130,2,1,1,15,7,8,78,38,40
ARANSAS COUNTY,007,53 Years,386,184,202,287,129,158,4,4,0,13,7,6,82,44,38
ARANSAS COUNTY,007,54 Years,409,202,207,300,140,160,9,7,2,16,12,4,84,43,41
ARANSAS COUNTY,007,55 Years,391,198,193,297,143,154,7,6,1,14,9,5,73,40,33
ARANSAS COUNTY,007,56 Years,393,190,203,305,145,160,4,3,1,11,5,6,73,37,36
ARANSAS COUNTY,007,57 Years,360,158,202,272,119,153,4,1,3,16,7,9,68,31,37
ARANSAS COUNTY,007,58 Years,397,175,222,302,138,164,5,1,4,21,7,14,69,29,40
ARANSAS COUNTY,007,59 Years,433,189,244,325,142,183,6,2,4,23,9,14,79,36,43
ARANSAS COUNTY,007,60 Years,385,173,212,302,135,167,5,2,3,16,5,11,62,31,31
ARANSAS COUNTY,007,61 Years,391,181,210,309,141,168,3,2,1,12,6,6,67,32,35
ARANSAS COUNTY,007,62 Years,418,208,210,325,153,172,3,2,1,21,13,8,69,40,29
ARANSAS COUNTY,007,63 Years,407,197,210,328,157,171,1,1,0,18,8,10,60,31,29
ARANSAS COUNTY,007,64 Years,456,217,239,376,180,196,2,1,1,16,6,10,62,30,32
ARANSAS COUNTY,007,65 Years,456,222,234,390,188,202,1,1,0,12,3,9,53,30,23
ARANSAS COUNTY,007,66 Years,474,230,244,400,191,209,6,3,3,14,6,8,54,30,24
ARANSAS COUNTY,007,67 Years,469,227,242,402,191,211,2,1,1,15,7,8,50,28,22
ARANSAS COUNTY,007,68 Years,433,198,235,370,167,203,4,3,1,9,6,3,50,22,28
ARANSAS COUNTY,007,69 Years,440,203,237,377,175,202,2,1,1,12,8,4,49,19,30
ARANSAS COUNTY,007,70 Years,450,214,236,391,188,203,2,1,1,11,4,7,46,21,25
ARANSAS COUNTY,007,71 Years,446,217,229,385,188,197,5,5,0,13,4,9,43,20,23
ARANSAS COUNTY,007,72 Years,369,193,176,319,168,151,3,2,1,10,4,6,37,19,18
ARANSAS COUNTY,007,73 Years,380,209,171,335,188,147,3,1,2,11,5,6,31,15,16
ARANSAS COUNTY,007,74 Years,336,163,173,297,148,149,4,1,3,10,3,7,25,11,14
ARANSAS COUNTY,007,75 Years,316,147,169,274,128,146,4,3,1,5,4,1,33,12,21
ARANSAS COUNTY,007,76 Years,290,138,152,245,120,125,1,1,0,7,3,4,37,14,23
ARANSAS COUNTY,007,77 Years,254,122,132,215,106,109,2,1,1,6,2,4,31,13,18
ARANSAS COUNTY,007,78 Years,228,116,112,200,103,97,2,1,1,3,2,1,23,10,13
ARANSAS COUNTY,007,79 Years,226,110,116,197,97,100,1,0,1,9,4,5,19,9,10
ARANSAS COUNTY,007,80 Years,199,109,90,172,95,77,1,0,1,7,5,2,19,9,10
ARANSAS COUNTY,007,81 Years,188,100,88,161,86,75,0,0,0,6,5,1,21,9,12
ARANSAS COUNTY,007,82 Years,163,77,86,141,66,75,0,0,0,3,3,0,19,8,11
ARANSAS COUNTY,007,83 Years,155,76,79,140,68,72,1,0,1,1,1,0,13,7,6
ARANSAS COUNTY,007,84 Years,134,62,72,123,58,65,2,1,1,0,0,0,9,3,6
ARANSAS COUNTY,007,85 Years +,609,246,363,524,213,311,5,2,3,16,7,9,64,24,40
ARCHER COUNTY,009,All Ages,9266,4639,4627,8263,4101,4162,34,23,11,177,81,96,792,434,358
ARCHER COUNTY,009,< 1 Year,82,38,44,66,32,34,0,0,0,0,0,0,16,6,10
ARCHER COUNTY,009,1 Years,82,40,42,61,30,31,0,0,0,7,4,3,14,6,8
ARCHER COUNTY,009,2 Years,73,37,36,53,27,26,0,0,0,7,3,4,13,7,6
ARCHER COUNTY,009,3 Years,77,40,37,56,29,27,0,0,0,7,3,4,14,8,6
ARCHER COUNTY,009,4 Years,92,44,48,73,35,38,0,0,0,3,1,2,16,8,8
ARCHER COUNTY,009,5 Years,97,45,52,79,36,43,0,0,0,4,1,3,14,8,6
ARCHER COUNTY,009,6 Years,92,47,45,81,41,40,0,0,0,3,0,3,8,6,2
ARCHER COUNTY,009,7 Years,102,45,57,86,40,46,0,0,0,4,1,3,12,4,8
ARCHER COUNTY,009,8 Years,112,48,64,89,38,51,0,0,0,4,2,2,19,8,11
ARCHER COUNTY,009,9 Years,122,62,60,102,52,50,1,1,0,3,2,1,16,7,9
ARCHER COUNTY,009,10 Years,129,65,64,109,55,54,2,1,1,2,1,1,16,8,8
ARCHER COUNTY,009,11 Years,128,67,61,107,57,50,0,0,0,2,0,2,19,10,9
ARCHER COUNTY,009,12 Years,136,74,62,110,61,49,1,1,0,2,1,1,23,11,12
ARCHER COUNTY,009,13 Years,134,68,66,111,57,54,2,1,1,2,1,1,19,9,10
ARCHER COUNTY,009,14 Years,150,68,82,125,56,69,0,0,0,2,2,0,23,10,13
ARCHER COUNTY,009,15 Years,156,76,80,133,64,69,3,3,0,1,0,1,19,9,10
ARCHER COUNTY,009,16 Years,145,69,76,129,61,68,2,1,1,2,1,1,12,6,6
ARCHER COUNTY,009,17 Years,150,76,74,133,65,68,1,1,0,1,1,0,15,9,6
ARCHER COUNTY,009,18 Years,145,79,66,125,67,58,0,0,0,2,1,1,18,11,7
ARCHER COUNTY,009,19 Years,130,70,60,108,57,51,1,1,0,2,0,2,19,12,7
ARCHER COUNTY,009,20 Years,124,75,49,101,62,39,3,1,2,3,0,3,17,12,5
ARCHER COUNTY,009,21 Years,118,74,44,99,60,39,3,2,1,0,0,0,16,12,4
ARCHER COUNTY,009,22 Years,136,85,51,109,65,44,1,0,1,3,3,0,23,17,6
ARCHER COUNTY,009,23 Years,110,58,52,87,44,43,0,0,0,4,2,2,19,12,7
ARCHER COUNTY,009,24 Years,104,46,58,90,40,50,1,0,1,2,1,1,11,5,6
ARCHER COUNTY,009,25 Years,113,66,47,98,56,42,0,0,0,2,1,1,13,9,4
ARCHER COUNTY,009,26 Years,87,48,39,75,40,35,0,0,0,1,1,0,11,7,4
ARCHER COUNTY,009,27 Years,78,46,32,64,36,28,0,0,0,0,0,0,14,10,4
ARCHER COUNTY,009,28 Years,73,43,30,64,37,27,0,0,0,2,1,1,7,5,2
ARCHER COUNTY,009,29 Years,72,37,35,66,34,32,0,0,0,2,1,1,4,2,2
ARCHER COUNTY,009,30 Years,78,41,37,68,37,31,0,0,0,0,0,0,10,4,6
ARCHER COUNTY,009,31 Years,71,34,37,57,28,29,0,0,0,1,0,1,13,6,7
ARCHER COUNTY,009,32 Years,63,29,34,55,26,29,0,0,0,1,0,1,7,3,4
ARCHER COUNTY,009,33 Years,74,39,35,66,31,35,0,0,0,2,2,0,6,6,0
ARCHER COUNTY,009,34 Years,92,52,40,83,47,36,0,0,0,1,1,0,8,4,4
ARCHER COUNTY,009,35 Years,91,45,46,75,37,38,0,0,0,2,2,0,14,6,8
ARCHER COUNTY,009,36 Years,97,39,58,80,30,50,0,0,0,1,1,0,16,8,8
ARCHER COUNTY,009,37 Years,111,56,55,97,49,48,0,0,0,2,0,2,12,7,5
ARCHER COUNTY,009,38 Years,106,56,50,94,50,44,0,0,0,2,1,1,10,5,5
ARCHER COUNTY,009,39 Years,97,48,49,86,43,43,1,0,1,2,1,1,8,4,4
ARCHER COUNTY,009,40 Years,110,51,59,99,46,53,1,1,0,2,1,1,8,3,5
ARCHER COUNTY,009,41 Years,114,59,55,103,53,50,1,1,0,1,0,1,9,5,4
ARCHER COUNTY,009,42 Years,116,60,56,104,51,53,0,0,0,1,1,0,11,8,3
ARCHER COUNTY,009,43 Years,125,51,74,113,46,67,0,0,0,2,0,2,10,5,5
ARCHER COUNTY,009,44 Years,123,50,73,110,44,66,0,0,0,3,1,2,10,5,5
ARCHER COUNTY,009,45 Years,124,62,62,109,53,56,0,0,0,3,2,1,12,7,5
ARCHER COUNTY,009,46 Years,120,66,54,102,57,45,0,0,0,2,1,1,16,8,8
ARCHER COUNTY,009,47 Years,127,68,59,113,58,55,1,1,0,2,2,0,11,7,4
ARCHER COUNTY,009,48 Years,120,60,60,111,54,57,1,1,0,1,1,0,7,4,3
ARCHER COUNTY,009,49 Years,148,81,67,142,77,65,1,1,0,0,0,0,5,3,2
ARCHER COUNTY,009,50 Years,151,76,75,145,72,73,1,1,0,0,0,0,5,3,2
ARCHER COUNTY,009,51 Years,172,82,90,160,75,85,2,1,1,1,1,0,9,5,4
ARCHER COUNTY,009,52 Years,151,84,67,140,78,62,0,0,0,2,1,1,9,5,4
ARCHER COUNTY,009,53 Years,173,85,88,163,81,82,0,0,0,3,1,2,7,3,4
ARCHER COUNTY,009,54 Years,166,73,93,155,67,88,0,0,0,4,3,1,7,3,4
ARCHER COUNTY,009,55 Years,153,75,78,142,68,74,0,0,0,2,1,1,9,6,3
ARCHER COUNTY,009,56 Years,176,90,86,165,83,82,0,0,0,3,1,2,8,6,2
ARCHER COUNTY,009,57 Years,167,81,86,159,77,82,0,0,0,1,0,1,7,4,3
ARCHER COUNTY,009,58 Years,148,73,75,140,68,72,0,0,0,3,1,2,5,4,1
ARCHER COUNTY,009,59 Years,144,75,69,136,71,65,0,0,0,3,1,2,5,3,2
ARCHER COUNTY,009,60 Years,135,67,68,129,63,66,0,0,0,3,2,1,3,2,1
ARCHER COUNTY,009,61 Years,117,57,60,114,56,58,0,0,0,1,0,1,2,1,1
ARCHER COUNTY,009,62 Years,130,62,68,124,59,65,0,0,0,5,2,3,1,1,0
ARCHER COUNTY,009,63 Years,108,49,59,105,48,57,0,0,0,2,1,1,1,0,1
ARCHER COUNTY,009,64 Years,120,61,59,112,57,55,1,0,1,3,2,1,4,2,2
ARCHER COUNTY,009,65 Years,109,53,56,104,51,53,0,0,0,3,1,2,2,1,1
ARCHER COUNTY,009,66 Years,101,50,51,97,47,50,0,0,0,1,1,0,3,2,1
ARCHER COUNTY,009,67 Years,115,61,54,107,56,51,1,1,0,2,0,2,5,4,1
ARCHER COUNTY,009,68 Years,81,43,38,76,40,36,1,1,0,3,1,2,1,1,0
ARCHER COUNTY,009,69 Years,86,44,42,81,42,39,0,0,0,3,1,2,2,1,1
ARCHER COUNTY,009,70 Years,77,34,43,74,33,41,0,0,0,2,1,1,1,0,1
ARCHER COUNTY,009,71 Years,75,30,45,71,28,43,0,0,0,1,0,1,3,2,1
ARCHER COUNTY,009,72 Years,96,43,53,89,40,49,1,1,0,1,0,1,5,2,3
ARCHER COUNTY,009,73 Years,94,49,45,90,46,44,0,0,0,1,1,0,3,2,1
ARCHER COUNTY,009,74 Years,84,41,43,78,38,40,0,0,0,2,1,1,4,2,2
ARCHER COUNTY,009,75 Years,68,37,31,64,35,29,0,0,0,1,1,0,3,1,2
ARCHER COUNTY,009,76 Years,72,42,30,67,40,27,0,0,0,3,1,2,2,1,1
ARCHER COUNTY,009,77 Years,63,27,36,62,27,35,0,0,0,1,0,1,0,0,0
ARCHER COUNTY,009,78 Years,57,22,35,56,21,35,0,0,0,0,0,0,1,1,0
ARCHER COUNTY,009,79 Years,62,27,35,60,27,33,0,0,0,1,0,1,1,0,1
ARCHER COUNTY,009,80 Years,52,27,25,51,27,24,0,0,0,0,0,0,1,0,1
ARCHER COUNTY,009,81 Years,52,25,27,50,24,26,0,0,0,0,0,0,2,1,1
ARCHER COUNTY,009,82 Years,42,20,22,40,19,21,0,0,0,0,0,0,2,1,1
ARCHER COUNTY,009,83 Years,33,14,19,32,13,19,0,0,0,1,1,0,0,0,0
ARCHER COUNTY,009,84 Years,35,16,19,33,15,18,0,0,0,1,1,0,1,0,1
ARCHER COUNTY,009,85 Years +,145,61,84,136,58,78,0,0,0,4,1,3,5,2,3
ARMSTRONG COUNTY,011,All Ages,1946,959,987,1771,876,895,11,8,3,42,19,23,122,56,66
ARMSTRONG COUNTY,011,< 1 Year,15,9,6,15,9,6,0,0,0,0,0,0,0,0,0
ARMSTRONG COUNTY,011,1 Years,18,10,8,17,10,7,0,0,0,0,0,0,1,0,1
ARMSTRONG COUNTY,011,2 Years,18,9,9,17,9,8,0,0,0,0,0,0,1,0,1
ARMSTRONG COUNTY,011,3 Years,18,9,9,17,9,8,0,0,0,0,0,0,1,0,1
ARMSTRONG COUNTY,011,4 Years,15,8,7,15,8,7,0,0,0,0,0,0,0,0,0
ARMSTRONG COUNTY,011,5 Years,24,13,11,21,11,10,1,0,1,0,0,0,2,2,0
ARMSTRONG COUNTY,011,6 Years,20,9,11,18,9,9,1,0,1,0,0,0,1,0,1
ARMSTRONG COUNTY,011,7 Years,20,12,8,16,10,6,0,0,0,2,1,1,2,1,1
ARMSTRONG COUNTY,011,8 Years,22,11,11,17,8,9,0,0,0,2,1,1,3,2,1
ARMSTRONG COUNTY,011,9 Years,24,10,14,17,7,10,1,1,0,2,0,2,4,2,2
ARMSTRONG COUNTY,011,10 Years,16,7,9,13,5,8,0,0,0,0,0,0,3,2,1
ARMSTRONG COUNTY,011,11 Years,18,10,8,15,7,8,0,0,0,0,0,0,3,3,0
ARMSTRONG COUNTY,011,12 Years,19,7,12,16,5,11,0,0,0,0,0,0,3,2,1
ARMSTRONG COUNTY,011,13 Years,30,12,18,24,9,15,0,0,0,0,0,0,6,3,3
ARMSTRONG COUNTY,011,14 Years,24,10,14,19,7,12,0,0,0,1,1,0,4,2,2
ARMSTRONG COUNTY,011,15 Years,22,10,12,19,9,10,1,1,0,0,0,0,2,0,2
ARMSTRONG COUNTY,011,16 Years,26,15,11,21,13,8,0,0,0,1,0,1,4,2,2
ARMSTRONG COUNTY,011,17 Years,20,11,9,18,10,8,0,0,0,0,0,0,2,1,1
ARMSTRONG COUNTY,011,18 Years,19,12,7,16,9,7,0,0,0,0,0,0,3,3,0
ARMSTRONG COUNTY,011,19 Years,28,17,11,22,13,9,1,1,0,1,1,0,4,2,2
ARMSTRONG COUNTY,011,20 Years,29,15,14,24,13,11,1,0,1,1,1,0,3,1,2
ARMSTRONG COUNTY,011,21 Years,26,15,11,22,13,9,0,0,0,1,1,0,3,1,2
ARMSTRONG COUNTY,011,22 Years,25,13,12,21,10,11,0,0,0,1,1,0,3,2,1
ARMSTRONG COUNTY,011,23 Years,16,11,5,14,9,5,1,1,0,0,0,0,1,1,0
ARMSTRONG COUNTY,011,24 Years,16,12,4,14,10,4,1,1,0,1,1,0,0,0,0
ARMSTRONG COUNTY,011,25 Years,11,6,5,10,5,5,0,0,0,1,1,0,0,0,0
ARMSTRONG COUNTY,011,26 Years,14,5,9,13,5,8,0,0,0,1,0,1,0,0,0
ARMSTRONG COUNTY,011,27 Years,12,5,7,11,5,6,0,0,0,0,0,0,1,0,1
ARMSTRONG COUNTY,011,28 Years,13,3,10,10,3,7,0,0,0,0,0,0,3,0,3
ARMSTRONG COUNTY,011,29 Years,11,3,8,8,3,5,0,0,0,1,0,1,2,0,2
ARMSTRONG COUNTY,011,30 Years,17,10,7,14,8,6,0,0,0,2,2,0,1,0,1
ARMSTRONG COUNTY,011,31 Years,23,14,9,19,12,7,0,0,0,1,1,0,3,1,2
ARMSTRONG COUNTY,011,32 Years,23,14,9,20,13,7,0,0,0,0,0,0,3,1,2
ARMSTRONG COUNTY,011,33 Years,24,13,11,23,13,10,0,0,0,1,0,1,0,0,0
ARMSTRONG COUNTY,011,34 Years,28,16,12,26,15,11,0,0,0,1,0,1,1,1,0
ARMSTRONG COUNTY,011,35 Years,28,15,13,27,15,12,0,0,0,1,0,1,0,0,0
ARMSTRONG COUNTY,011,36 Years,20,10,10,20,10,10,0,0,0,0,0,0,0,0,0
ARMSTRONG COUNTY,011,37 Years,18,10,8,16,10,6,0,0,0,0,0,0,2,0,2
ARMSTRONG COUNTY,011,38 Years,21,12,9,19,11,8,0,0,0,0,0,0,2,1,1
ARMSTRONG COUNTY,011,39 Years,19,9,10,19,9,10,0,0,0,0,0,0,0,0,0
ARMSTRONG COUNTY,011,40 Years,15,8,7,14,7,7,0,0,0,0,0,0,1,1,0
ARMSTRONG COUNTY,011,41 Years,16,7,9,14,7,7,0,0,0,0,0,0,2,0,2
ARMSTRONG COUNTY,011,42 Years,15,7,8,14,7,7,0,0,0,0,0,0,1,0,1
ARMSTRONG COUNTY,011,43 Years,25,9,16,21,8,13,0,0,0,0,0,0,4,1,3
ARMSTRONG COUNTY,011,44 Years,30,18,12,27,17,10,0,0,0,0,0,0,3,1,2
ARMSTRONG COUNTY,011,45 Years,23,12,11,18,9,9,0,0,0,0,0,0,5,3,2
ARMSTRONG COUNTY,011,46 Years,20,9,11,17,8,9,0,0,0,1,0,1,2,1,1
ARMSTRONG COUNTY,011,47 Years,20,9,11,19,8,11,0,0,0,0,0,0,1,1,0
ARMSTRONG COUNTY,011,48 Years,20,9,11,19,9,10,0,0,0,0,0,0,1,0,1
ARMSTRONG COUNTY,011,49 Years,21,13,8,20,13,7,0,0,0,1,0,1,0,0,0
ARMSTRONG COUNTY,011,50 Years,21,6,15,20,6,14,0,0,0,0,0,0,1,0,1
ARMSTRONG COUNTY,011,51 Years,19,6,13,18,5,13,0,0,0,0,0,0,1,1,0
ARMSTRONG COUNTY,011,52 Years,24,8,16,21,7,14,0,0,0,1,0,1,2,1,1
ARMSTRONG COUNTY,011,53 Years,30,15,15,29,14,15,0,0,0,0,0,0,1,1,0
ARMSTRONG COUNTY,011,54 Years,39,20,19,37,19,18,0,0,0,1,1,0,1,0,1
ARMSTRONG COUNTY,011,55 Years,34,16,18,32,14,18,0,0,0,1,1,0,1,1,0
ARMSTRONG COUNTY,011,56 Years,32,18,14,27,15,12,0,0,0,3,2,1,2,1,1
ARMSTRONG COUNTY,011,57 Years,29,16,13,28,15,13,0,0,0,0,0,0,1,1,0
ARMSTRONG COUNTY,011,58 Years,31,16,15,30,15,15,0,0,0,0,0,0,1,1,0
ARMSTRONG COUNTY,011,59 Years,27,11,16,24,10,14,0,0,0,1,0,1,2,1,1
ARMSTRONG COUNTY,011,60 Years,32,19,13,30,17,13,0,0,0,1,1,0,1,1,0
ARMSTRONG COUNTY,011,61 Years,36,22,14,35,21,14,0,0,0,1,1,0,0,0,0
ARMSTRONG COUNTY,011,62 Years,37,19,18,37,19,18,0,0,0,0,0,0,0,0,0
ARMSTRONG COUNTY,011,63 Years,29,15,14,27,15,12,0,0,0,1,0,1,1,0,1
ARMSTRONG COUNTY,011,64 Years,33,14,19,30,13,17,0,0,0,0,0,0,3,1,2
ARMSTRONG COUNTY,011,65 Years,40,16,24,38,16,22,0,0,0,0,0,0,2,0,2
ARMSTRONG COUNTY,011,66 Years,38,23,15,34,20,14,1,1,0,1,0,1,2,2,0
ARMSTRONG COUNTY,011,67 Years,32,20,12,30,19,11,1,1,0,1,0,1,0,0,0
ARMSTRONG COUNTY,011,68 Years,21,11,10,20,10,10,1,1,0,0,0,0,0,0,0
ARMSTRONG COUNTY,011,69 Years,22,9,13,20,9,11,0,0,0,1,0,1,1,0,1
ARMSTRONG COUNTY,011,70 Years,28,10,18,27,10,17,0,0,0,1,0,1,0,0,0
ARMSTRONG COUNTY,011,71 Years,22,10,12,21,10,11,0,0,0,1,0,1,0,0,0
ARMSTRONG COUNTY,011,72 Years,17,10,7,16,9,7,0,0,0,1,1,0,0,0,0
ARMSTRONG COUNTY,011,73 Years,26,11,15,26,11,15,0,0,0,0,0,0,0,0,0
ARMSTRONG COUNTY,011,74 Years,23,10,13,23,10,13,0,0,0,0,0,0,0,0,0
ARMSTRONG COUNTY,011,75 Years,20,11,9,20,11,9,0,0,0,0,0,0,0,0,0
ARMSTRONG COUNTY,011,76 Years,16,9,7,16,9,7,0,0,0,0,0,0,0,0,0
ARMSTRONG COUNTY,011,77 Years,17,8,9,17,8,9,0,0,0,0,0,0,0,0,0
ARMSTRONG COUNTY,011,78 Years,22,8,14,21,8,13,0,0,0,0,0,0,1,0,1
ARMSTRONG COUNTY,011,79 Years,22,6,16,20,6,14,0,0,0,1,0,1,1,0,1
ARMSTRONG COUNTY,011,80 Years,15,4,11,15,4,11,0,0,0,0,0,0,0,0,0
ARMSTRONG COUNTY,011,81 Years,9,4,5,9,4,5,0,0,0,0,0,0,0,0,0
ARMSTRONG COUNTY,011,82 Years,12,5,7,11,5,6,0,0,0,1,0,1,0,0,0
ARMSTRONG COUNTY,011,83 Years,12,5,7,12,5,7,0,0,0,0,0,0,0,0,0
ARMSTRONG COUNTY,011,84 Years,10,4,6,10,4,6,0,0,0,0,0,0,0,0,0
ARMSTRONG COUNTY,011,85 Years +,54,21,33,54,21,33,0,0,0,0,0,0,0,0,0
ATASCOSA COUNTY,013,All Ages,47828,23437,24391,16759,8032,8727,265,149,116,618,303,315,30186,14953,15233
ATASCOSA COUNTY,013,< 1 Year,661,327,334,189,89,100,2,1,1,12,6,6,458,231,227
ATASCOSA COUNTY,013,1 Years,650,313,337,189,87,102,0,0,0,9,5,4,452,221,231
ATASCOSA COUNTY,013,2 Years,631,312,319,179,88,91,1,1,0,6,3,3,445,220,225
ATASCOSA COUNTY,013,3 Years,632,328,304,179,93,86,1,1,0,6,4,2,446,230,216
ATASCOSA COUNTY,013,4 Years,663,334,329,176,84,92,1,0,1,6,3,3,480,247,233
ATASCOSA COUNTY,013,5 Years,648,331,317,166,81,85,1,1,0,7,2,5,474,247,227
ATASCOSA COUNTY,013,6 Years,673,339,334,173,89,84,2,1,1,8,5,3,490,244,246
ATASCOSA COUNTY,013,7 Years,685,343,342,163,79,84,3,2,1,12,8,4,507,254,253
ATASCOSA COUNTY,013,8 Years,705,364,341,180,98,82,4,3,1,11,9,2,510,254,256
ATASCOSA COUNTY,013,9 Years,747,386,361,186,81,105,5,2,3,9,7,2,547,296,251
ATASCOSA COUNTY,013,10 Years,729,379,350,185,94,91,6,1,5,6,3,3,532,281,251
ATASCOSA COUNTY,013,11 Years,722,371,351,186,98,88,5,1,4,5,2,3,526,270,256
ATASCOSA COUNTY,013,12 Years,788,399,389,196,100,96,6,0,6,7,3,4,579,296,283
ATASCOSA COUNTY,013,13 Years,806,417,389,208,102,106,5,3,2,8,3,5,585,309,276
ATASCOSA COUNTY,013,14 Years,792,396,396,192,97,95,6,3,3,6,4,2,588,292,296
ATASCOSA COUNTY,013,15 Years,799,399,400,203,108,95,8,7,1,4,2,2,584,282,302
ATASCOSA COUNTY,013,16 Years,851,425,426,231,111,120,8,7,1,6,1,5,606,306,300
ATASCOSA COUNTY,013,17 Years,820,417,403,212,103,109,4,3,1,10,3,7,594,308,286
ATASCOSA COUNTY,013,18 Years,788,400,388,196,94,102,7,3,4,6,3,3,579,300,279
ATASCOSA COUNTY,013,19 Years,703,361,342,163,79,84,6,3,3,9,6,3,525,273,252
ATASCOSA COUNTY,013,20 Years,666,332,334,159,79,80,5,2,3,14,8,6,488,243,245
ATASCOSA COUNTY,013,21 Years,639,323,316,144,70,74,8,3,5,9,4,5,478,246,232
ATASCOSA COUNTY,013,22 Years,634,330,304,165,80,85,4,2,2,6,3,3,459,245,214
ATASCOSA COUNTY,013,23 Years,570,297,273,141,71,70,2,1,1,5,0,5,422,225,197
ATASCOSA COUNTY,013,24 Years,527,267,260,153,79,74,1,0,1,5,3,2,368,185,183
ATASCOSA COUNTY,013,25 Years,502,259,243,153,77,76,2,0,2,6,4,2,341,178,163
ATASCOSA COUNTY,013,26 Years,460,225,235,132,63,69,4,3,1,5,3,2,319,156,163
ATASCOSA COUNTY,013,27 Years,458,230,228,117,52,65,4,3,1,5,4,1,332,171,161
ATASCOSA COUNTY,013,28 Years,457,209,248,136,59,77,4,3,1,7,5,2,310,142,168
ATASCOSA COUNTY,013,29 Years,480,235,245,139,63,76,5,4,1,10,5,5,326,163,163
ATASCOSA COUNTY,013,30 Years,471,224,247,143,68,75,6,3,3,6,3,3,316,150,166
ATASCOSA COUNTY,013,31 Years,501,229,272,153,74,79,3,1,2,8,6,2,337,148,189
ATASCOSA COUNTY,013,32 Years,550,260,290,164,82,82,2,2,0,9,5,4,375,171,204
ATASCOSA COUNTY,013,33 Years,608,292,316,200,102,98,3,2,1,9,5,4,396,183,213
ATASCOSA COUNTY,013,34 Years,625,300,325,213,105,108,2,0,2,6,4,2,404,191,213
ATASCOSA COUNTY,013,35 Years,573,264,309,197,94,103,1,0,1,5,2,3,370,168,202
ATASCOSA COUNTY,013,36 Years,535,253,282,193,95,98,1,1,0,4,1,3,337,156,181
ATASCOSA COUNTY,013,37 Years,532,259,273,201,92,109,4,1,3,5,3,2,322,163,159
ATASCOSA COUNTY,013,38 Years,537,270,267,189,97,92,3,2,1,3,2,1,342,169,173
ATASCOSA COUNTY,013,39 Years,556,272,284,198,97,101,1,1,0,6,5,1,351,169,182
ATASCOSA COUNTY,013,40 Years,545,260,285,204,101,103,1,0,1,6,4,2,334,155,179
ATASCOSA COUNTY,013,41 Years,593,261,332,200,93,107,3,1,2,9,4,5,381,163,218
ATASCOSA COUNTY,013,42 Years,637,300,337,229,120,109,2,0,2,11,5,6,395,175,220
ATASCOSA COUNTY,013,43 Years,641,326,315,242,128,114,3,0,3,8,4,4,388,194,194
ATASCOSA COUNTY,013,44 Years,666,335,331,243,125,118,4,3,1,10,1,9,409,206,203
ATASCOSA COUNTY,013,45 Years,611,307,304,238,114,124,5,3,2,7,1,6,361,189,172
ATASCOSA COUNTY,013,46 Years,565,285,280,204,98,106,4,3,1,9,2,7,348,182,166
ATASCOSA COUNTY,013,47 Years,576,299,277,208,110,98,1,1,0,11,6,5,356,182,174
ATASCOSA COUNTY,013,48 Years,593,299,294,215,104,111,4,2,2,8,5,3,366,188,178
ATASCOSA COUNTY,013,49 Years,606,300,306,204,105,99,4,3,1,13,7,6,385,185,200
ATASCOSA COUNTY,013,50 Years,660,303,357,225,103,122,3,2,1,11,4,7,421,194,227
ATASCOSA COUNTY,013,51 Years,698,336,362,263,125,138,3,2,1,9,5,4,423,204,219
ATASCOSA COUNTY,013,52 Years,658,313,345,259,119,140,3,2,1,12,7,5,384,185,199
ATASCOSA COUNTY,013,53 Years,678,332,346,254,116,138,3,1,2,18,8,10,403,207,196
ATASCOSA COUNTY,013,54 Years,635,306,329,231,101,130,4,3,1,13,4,9,387,198,189
ATASCOSA COUNTY,013,55 Years,664,308,356,278,120,158,4,3,1,7,4,3,375,181,194
ATASCOSA COUNTY,013,56 Years,634,319,315,272,130,142,5,4,1,8,3,5,349,182,167
ATASCOSA COUNTY,013,57 Years,624,314,310,273,130,143,3,1,2,11,6,5,337,177,160
ATASCOSA COUNTY,013,58 Years,616,289,327,257,110,147,3,1,2,13,7,6,343,171,172
ATASCOSA COUNTY,013,59 Years,628,308,320,273,124,149,4,2,2,10,5,5,341,177,164
ATASCOSA COUNTY,013,60 Years,611,308,303,280,131,149,4,3,1,9,5,4,318,169,149
ATASCOSA COUNTY,013,61 Years,628,300,328,292,129,163,2,2,0,8,6,2,326,163,163
ATASCOSA COUNTY,013,62 Years,584,275,309,274,123,151,3,2,1,7,4,3,300,146,154
ATASCOSA COUNTY,013,63 Years,545,272,273,261,126,135,1,1,0,8,4,4,275,141,134
ATASCOSA COUNTY,013,64 Years,552,262,290,265,125,140,2,1,1,8,6,2,277,130,147
ATASCOSA COUNTY,013,65 Years,548,261,287,253,123,130,4,3,1,9,4,5,282,131,151
ATASCOSA COUNTY,013,66 Years,510,263,247,241,129,112,3,2,1,10,4,6,256,128,128
ATASCOSA COUNTY,013,67 Years,505,245,260,251,125,126,1,1,0,4,2,2,249,117,132
ATASCOSA COUNTY,013,68 Years,493,230,263,231,110,121,3,3,0,3,0,3,256,117,139
ATASCOSA COUNTY,013,69 Years,445,211,234,206,99,107,2,2,0,3,1,2,234,109,125
ATASCOSA COUNTY,013,70 Years,408,204,204,210,106,104,1,1,0,6,1,5,191,96,95
ATASCOSA COUNTY,013,71 Years,380,180,200,201,92,109,3,2,1,8,1,7,168,85,83
ATASCOSA COUNTY,013,72 Years,344,163,181,175,85,90,1,1,0,5,1,4,163,76,87
ATASCOSA COUNTY,013,73 Years,317,152,165,164,80,84,0,0,0,7,3,4,146,69,77
ATASCOSA COUNTY,013,74 Years,306,145,161,158,81,77,1,0,1,3,1,2,144,63,81
ATASCOSA COUNTY,013,75 Years,266,122,144,133,63,70,2,1,1,4,2,2,127,56,71
ATASCOSA COUNTY,013,76 Years,248,114,134,124,59,65,2,2,0,5,2,3,117,51,66
ATASCOSA COUNTY,013,77 Years,229,104,125,113,50,63,3,1,2,3,1,2,110,52,58
ATASCOSA COUNTY,013,78 Years,212,102,110,115,55,60,2,0,2,3,1,2,92,46,46
ATASCOSA COUNTY,013,79 Years,227,116,111,118,60,58,1,1,0,2,2,0,106,53,53
ATASCOSA COUNTY,013,80 Years,191,98,93,103,54,49,0,0,0,3,2,1,85,42,43
ATASCOSA COUNTY,013,81 Years,178,79,99,102,49,53,3,2,1,2,0,2,71,28,43
ATASCOSA COUNTY,013,82 Years,157,70,87,88,38,50,1,1,0,0,0,0,68,31,37
ATASCOSA COUNTY,013,83 Years,138,55,83,70,29,41,0,0,0,1,0,1,67,26,41
ATASCOSA COUNTY,013,84 Years,140,58,82,71,28,43,0,0,0,1,0,1,68,30,38
ATASCOSA COUNTY,013,85 Years +,764,277,487,446,153,293,8,3,5,6,1,5,304,120,184
AUSTIN COUNTY,015,All Ages,30117,14831,15286,18614,8989,9625,2837,1399,1438,635,298,337,8031,4145,3886
AUSTIN COUNTY,015,< 1 Year,356,173,183,142,67,75,35,16,19,28,15,13,151,75,76
AUSTIN COUNTY,015,1 Years,360,178,182,149,70,79,37,18,19,21,13,8,153,77,76
AUSTIN COUNTY,015,2 Years,349,171,178,145,72,73,32,13,19,16,9,7,156,77,79
AUSTIN COUNTY,015,3 Years,368,192,176,158,82,76,32,17,15,14,7,7,164,86,78
AUSTIN COUNTY,015,4 Years,398,187,211,170,76,94,35,18,17,12,4,8,181,89,92
AUSTIN COUNTY,015,5 Years,363,183,180,173,92,81,33,19,14,9,5,4,148,67,81
AUSTIN COUNTY,015,6 Years,380,194,186,178,91,87,36,21,15,16,10,6,150,72,78
AUSTIN COUNTY,015,7 Years,389,192,197,173,92,81,33,15,18,19,8,11,164,77,87
AUSTIN COUNTY,015,8 Years,389,202,187,168,93,75,39,20,19,20,8,12,162,81,81
AUSTIN COUNTY,015,9 Years,379,206,173,174,102,72,36,20,16,14,7,7,155,77,78
AUSTIN COUNTY,015,10 Years,392,217,175,196,112,84,27,16,11,15,8,7,154,81,73
AUSTIN COUNTY,015,11 Years,442,240,202,215,117,98,45,23,22,15,8,7,167,92,75
AUSTIN COUNTY,015,12 Years,431,238,193,206,117,89,53,29,24,9,4,5,163,88,75
AUSTIN COUNTY,015,13 Years,420,213,207,213,111,102,39,22,17,7,3,4,161,77,84
AUSTIN COUNTY,015,14 Years,443,218,225,211,104,107,48,25,23,12,8,4,172,81,91
AUSTIN COUNTY,015,15 Years,476,230,246,236,105,131,56,30,26,12,7,5,172,88,84
AUSTIN COUNTY,015,16 Years,454,226,228,238,117,121,55,28,27,9,3,6,152,78,74
AUSTIN COUNTY,015,17 Years,410,209,201,218,109,109,46,27,19,11,4,7,135,69,66
AUSTIN COUNTY,015,18 Years,421,222,199,226,117,109,46,25,21,10,5,5,139,75,64
AUSTIN COUNTY,015,19 Years,412,206,206,209,104,105,45,22,23,8,4,4,150,76,74
AUSTIN COUNTY,015,20 Years,394,198,196,188,94,94,51,27,24,13,5,8,142,72,70
AUSTIN COUNTY,015,21 Years,381,197,184,186,99,87,47,20,27,10,5,5,138,73,65
AUSTIN COUNTY,015,22 Years,348,189,159,171,88,83,44,22,22,9,7,2,124,72,52
AUSTIN COUNTY,015,23 Years,326,165,161,158,76,82,33,14,19,6,4,2,129,71,58
AUSTIN COUNTY,015,24 Years,299,141,158,138,66,72,37,15,22,3,0,3,121,60,61
AUSTIN COUNTY,015,25 Years,298,139,159,143,58,85,35,18,17,4,2,2,116,61,55
AUSTIN COUNTY,015,26 Years,278,144,134,135,67,68,32,17,15,1,1,0,110,59,51
AUSTIN COUNTY,015,27 Years,263,134,129,133,69,64,27,11,16,6,3,3,97,51,46
AUSTIN COUNTY,015,28 Years,271,136,135,138,69,69,26,13,13,5,3,2,102,51,51
AUSTIN COUNTY,015,29 Years,292,150,142,128,61,67,34,18,16,6,2,4,124,69,55
AUSTIN COUNTY,015,30 Years,262,140,122,123,60,63,28,15,13,3,1,2,108,64,44
AUSTIN COUNTY,015,31 Years,317,159,158,156,66,90,35,19,16,4,3,1,122,71,51
AUSTIN COUNTY,015,32 Years,337,167,170,173,81,92,31,19,12,5,3,2,128,64,64
AUSTIN COUNTY,015,33 Years,336,169,167,187,89,98,31,18,13,7,3,4,111,59,52
AUSTIN COUNTY,015,34 Years,344,164,180,195,88,107,32,19,13,6,1,5,111,56,55
AUSTIN COUNTY,015,35 Years,359,168,191,198,97,101,40,16,24,4,2,2,117,53,64
AUSTIN COUNTY,015,36 Years,359,178,181,213,110,103,31,13,18,3,1,2,112,54,58
AUSTIN COUNTY,015,37 Years,358,184,174,213,105,108,28,15,13,5,3,2,112,61,51
AUSTIN COUNTY,015,38 Years,332,167,165,191,94,97,26,13,13,1,1,0,114,59,55
AUSTIN COUNTY,015,39 Years,365,179,186,195,91,104,32,18,14,6,1,5,132,69,63
AUSTIN COUNTY,015,40 Years,363,186,177,183,92,91,32,14,18,4,0,4,144,80,64
AUSTIN COUNTY,015,41 Years,347,177,170,186,91,95,27,12,15,5,3,2,129,71,58
AUSTIN COUNTY,015,42 Years,361,166,195,203,88,115,39,18,21,8,3,5,111,57,54
AUSTIN COUNTY,015,43 Years,382,176,206,226,97,129,38,15,23,5,2,3,113,62,51
AUSTIN COUNTY,015,44 Years,374,181,193,228,111,117,36,16,20,4,0,4,106,54,52
AUSTIN COUNTY,015,45 Years,354,175,179,232,115,117,35,16,19,3,1,2,84,43,41
AUSTIN COUNTY,015,46 Years,358,185,173,219,109,110,40,23,17,7,3,4,92,50,42
AUSTIN COUNTY,015,47 Years,367,200,167,218,116,102,39,21,18,12,6,6,98,57,41
AUSTIN COUNTY,015,48 Years,400,211,189,246,130,116,47,22,25,13,6,7,94,53,41
AUSTIN COUNTY,015,49 Years,411,200,211,257,121,136,47,22,25,13,5,8,94,52,42
AUSTIN COUNTY,015,50 Years,414,196,218,264,115,149,44,23,21,10,5,5,96,53,43
AUSTIN COUNTY,015,51 Years,434,202,232,295,131,164,43,18,25,8,6,2,88,47,41
AUSTIN COUNTY,015,52 Years,444,205,239,309,140,169,47,18,29,5,5,0,83,42,41
AUSTIN COUNTY,015,53 Years,461,212,249,310,135,175,52,27,25,13,9,4,86,41,45
AUSTIN COUNTY,015,54 Years,469,228,241,341,156,185,42,24,18,11,5,6,75,43,32
AUSTIN COUNTY,015,55 Years,468,245,223,342,177,165,47,28,19,9,3,6,70,37,33
AUSTIN COUNTY,015,56 Years,480,252,228,337,175,162,49,28,21,9,4,5,85,45,40
AUSTIN COUNTY,015,57 Years,479,252,227,352,180,172,36,23,13,17,8,9,74,41,33
AUSTIN COUNTY,015,58 Years,482,229,253,364,168,196,40,24,16,10,4,6,68,33,35
AUSTIN COUNTY,015,59 Years,432,214,218,323,156,167,34,19,15,5,1,4,70,38,32
AUSTIN COUNTY,015,60 Years,455,217,238,354,165,189,38,17,21,7,3,4,56,32,24
AUSTIN COUNTY,015,61 Years,433,230,203,342,182,160,35,16,19,7,3,4,49,29,20
AUSTIN COUNTY,015,62 Years,419,215,204,335,173,162,35,18,17,6,2,4,43,22,21
AUSTIN COUNTY,015,63 Years,367,180,187,292,144,148,25,12,13,3,1,2,47,23,24
AUSTIN COUNTY,015,64 Years,342,169,173,278,140,138,23,13,10,2,0,2,39,16,23
AUSTIN COUNTY,015,65 Years,362,177,185,293,148,145,27,11,16,5,2,3,37,16,21
AUSTIN COUNTY,015,66 Years,386,183,203,317,149,168,30,14,16,3,2,1,36,18,18
AUSTIN COUNTY,015,67 Years,378,175,203,314,145,169,25,12,13,2,1,1,37,17,20
AUSTIN COUNTY,015,68 Years,318,144,174,256,116,140,27,11,16,1,0,1,34,17,17
AUSTIN COUNTY,015,69 Years,313,159,154,258,132,126,23,10,13,4,3,1,28,14,14
AUSTIN COUNTY,015,70 Years,315,152,163,264,128,136,23,11,12,3,2,1,25,11,14
AUSTIN COUNTY,015,71 Years,323,153,170,274,130,144,20,9,11,4,2,2,25,12,13
AUSTIN COUNTY,015,72 Years,291,144,147,253,127,126,19,7,12,1,1,0,18,9,9
AUSTIN COUNTY,015,73 Years,242,114,128,214,105,109,14,5,9,2,1,1,12,3,9
AUSTIN COUNTY,015,74 Years,210,103,107,169,85,84,17,7,10,3,1,2,21,10,11
AUSTIN COUNTY,015,75 Years,182,84,98,149,68,81,13,7,6,5,1,4,15,8,7
AUSTIN COUNTY,015,76 Years,182,79,103,156,69,87,14,6,8,3,0,3,9,4,5
AUSTIN COUNTY,015,77 Years,169,72,97,141,65,76,14,4,10,2,0,2,12,3,9
AUSTIN COUNTY,015,78 Years,148,69,79,126,62,64,9,2,7,2,0,2,11,5,6
AUSTIN COUNTY,015,79 Years,152,73,79,131,62,69,8,3,5,1,0,1,12,8,4
AUSTIN COUNTY,015,80 Years,139,57,82,113,44,69,14,6,8,1,0,1,11,7,4
AUSTIN COUNTY,015,81 Years,121,51,70,97,44,53,11,2,9,2,0,2,11,5,6
AUSTIN COUNTY,015,82 Years,126,56,70,108,52,56,7,1,6,1,0,1,10,3,7
AUSTIN COUNTY,015,83 Years,126,53,73,105,46,59,8,2,6,2,0,2,11,5,6
AUSTIN COUNTY,015,84 Years,118,46,72,100,39,61,8,4,4,2,1,1,8,2,6
AUSTIN COUNTY,015,85 Years +,669,219,450,580,188,392,48,14,34,6,2,4,35,15,20
BAILEY COUNTY,017,All Ages,7056,3599,3457,2496,1209,1287,65,44,21,77,34,43,4418,2312,2106
BAILEY COUNTY,017,< 1 Year,107,57,50,26,13,13,1,1,0,7,4,3,73,39,34
BAILEY COUNTY,017,1 Years,101,56,45,24,11,13,0,0,0,4,2,2,73,43,30
BAILEY COUNTY,017,2 Years,110,59,51,25,12,13,0,0,0,4,2,2,81,45,36
BAILEY COUNTY,017,3 Years,118,63,55,25,11,14,0,0,0,4,3,1,89,49,40
BAILEY COUNTY,017,4 Years,147,78,69,29,15,14,0,0,0,2,0,2,116,63,53
BAILEY COUNTY,017,5 Years,141,73,68,25,12,13,0,0,0,2,1,1,114,60,54
BAILEY COUNTY,017,6 Years,126,62,64,21,9,12,0,0,0,1,0,1,104,53,51
BAILEY COUNTY,017,7 Years,132,71,61,31,15,16,0,0,0,1,1,0,100,55,45
BAILEY COUNTY,017,8 Years,134,65,69,32,10,22,0,0,0,1,1,0,101,54,47
BAILEY COUNTY,017,9 Years,127,62,65,33,11,22,1,1,0,3,2,1,90,48,42
BAILEY COUNTY,017,10 Years,116,52,64,25,9,16,1,0,1,1,0,1,89,43,46
BAILEY COUNTY,017,11 Years,117,63,54,25,13,12,1,1,0,0,0,0,91,49,42
BAILEY COUNTY,017,12 Years,125,65,60,28,16,12,1,1,0,0,0,0,96,48,48
BAILEY COUNTY,017,13 Years,127,63,64,32,16,16,0,0,0,1,0,1,94,47,47
BAILEY COUNTY,017,14 Years,112,61,51,19,11,8,0,0,0,1,1,0,92,49,43
BAILEY COUNTY,017,15 Years,103,59,44,26,17,9,1,1,0,1,1,0,75,40,35
BAILEY COUNTY,017,16 Years,107,57,50,23,12,11,0,0,0,2,1,1,82,44,38
BAILEY COUNTY,017,17 Years,101,53,48,21,13,8,0,0,0,1,0,1,79,40,39
BAILEY COUNTY,017,18 Years,112,55,57,26,14,12,0,0,0,1,0,1,85,41,44
BAILEY COUNTY,017,19 Years,104,55,49,23,11,12,1,1,0,1,0,1,79,43,36
BAILEY COUNTY,017,20 Years,98,56,42,19,10,9,1,1,0,0,0,0,78,45,33
BAILEY COUNTY,017,21 Years,97,51,46,18,10,8,1,0,1,1,0,1,77,41,36
BAILEY COUNTY,017,22 Years,103,58,45,26,12,14,5,3,2,0,0,0,72,43,29
BAILEY COUNTY,017,23 Years,88,47,41,16,11,5,2,1,1,0,0,0,70,35,35
BAILEY COUNTY,017,24 Years,90,45,45,15,7,8,0,0,0,1,0,1,74,38,36
BAILEY COUNTY,017,25 Years,86,41,45,19,7,12,0,0,0,0,0,0,67,34,33
BAILEY COUNTY,017,26 Years,92,46,46,18,10,8,1,0,1,0,0,0,73,36,37
BAILEY COUNTY,017,27 Years,98,49,49,26,12,14,3,2,1,2,0,2,67,35,32
BAILEY COUNTY,017,28 Years,86,42,44,24,9,15,1,1,0,1,0,1,60,32,28
BAILEY COUNTY,017,29 Years,99,48,51,31,12,19,0,0,0,2,1,1,66,35,31
BAILEY COUNTY,017,30 Years,95,51,44,28,15,13,1,1,0,1,0,1,65,35,30
BAILEY COUNTY,017,31 Years,81,45,36,24,12,12,2,2,0,2,1,1,53,30,23
BAILEY COUNTY,017,32 Years,85,44,41,29,18,11,0,0,0,3,1,2,53,25,28
BAILEY COUNTY,017,33 Years,84,40,44,25,14,11,0,0,0,1,0,1,58,26,32
BAILEY COUNTY,017,34 Years,82,45,37,25,16,9,1,0,1,0,0,0,56,29,27
BAILEY COUNTY,017,35 Years,89,50,39,31,18,13,1,0,1,0,0,0,57,32,25
BAILEY COUNTY,017,36 Years,84,46,38,23,14,9,1,1,0,1,1,0,59,30,29
BAILEY COUNTY,017,37 Years,71,39,32,17,10,7,1,1,0,0,0,0,53,28,25
BAILEY COUNTY,017,38 Years,79,42,37,22,11,11,1,1,0,0,0,0,56,30,26
BAILEY COUNTY,017,39 Years,75,38,37,19,7,12,2,2,0,0,0,0,54,29,25
BAILEY COUNTY,017,40 Years,85,44,41,28,14,14,1,1,0,1,1,0,55,28,27
BAILEY COUNTY,017,41 Years,75,42,33,25,16,9,0,0,0,0,0,0,50,26,24
BAILEY COUNTY,017,42 Years,73,39,34,18,11,7,0,0,0,1,0,1,54,28,26
BAILEY COUNTY,017,43 Years,70,33,37,17,7,10,0,0,0,2,1,1,51,25,26
BAILEY COUNTY,017,44 Years,72,34,38,20,9,11,0,0,0,2,0,2,50,25,25
BAILEY COUNTY,017,45 Years,78,36,42,25,12,13,3,0,3,1,1,0,49,23,26
BAILEY COUNTY,017,46 Years,71,34,37,21,9,12,1,0,1,1,1,0,48,24,24
BAILEY COUNTY,017,47 Years,75,39,36,27,13,14,1,1,0,2,2,0,45,23,22
BAILEY COUNTY,017,48 Years,79,45,34,28,15,13,0,0,0,0,0,0,51,30,21
BAILEY COUNTY,017,49 Years,69,34,35,24,11,13,0,0,0,0,0,0,45,23,22
BAILEY COUNTY,017,50 Years,70,30,40,20,7,13,0,0,0,1,1,0,49,22,27
BAILEY COUNTY,017,51 Years,78,41,37,33,14,19,1,1,0,1,1,0,43,25,18
BAILEY COUNTY,017,52 Years,84,42,42,38,18,20,0,0,0,1,0,1,45,24,21
BAILEY COUNTY,017,53 Years,81,45,36,28,15,13,1,1,0,0,0,0,52,29,23
BAILEY COUNTY,017,54 Years,80,42,38,34,20,14,0,0,0,0,0,0,46,22,24
BAILEY COUNTY,017,55 Years,75,36,39,43,19,24,1,1,0,0,0,0,31,16,15
BAILEY COUNTY,017,56 Years,71,40,31,36,20,16,1,1,0,0,0,0,34,19,15
BAILEY COUNTY,017,57 Years,92,49,43,47,22,25,4,4,0,1,1,0,40,22,18
BAILEY COUNTY,017,58 Years,89,44,45,48,22,26,3,2,1,0,0,0,38,20,18
BAILEY COUNTY,017,59 Years,73,40,33,40,24,16,0,0,0,0,0,0,33,16,17
BAILEY COUNTY,017,60 Years,82,43,39,46,24,22,1,1,0,0,0,0,35,18,17
BAILEY COUNTY,017,61 Years,84,40,44,49,23,26,1,1,0,1,0,1,33,16,17
BAILEY COUNTY,017,62 Years,72,34,38,43,19,24,0,0,0,1,0,1,28,15,13
BAILEY COUNTY,017,63 Years,64,33,31,38,18,20,1,0,1,1,0,1,24,15,9
BAILEY COUNTY,017,64 Years,62,37,25,37,20,17,1,1,0,0,0,0,24,16,8
BAILEY COUNTY,017,65 Years,59,28,31,41,18,23,0,0,0,0,0,0,18,10,8
BAILEY COUNTY,017,66 Years,63,28,35,41,18,23,0,0,0,0,0,0,22,10,12
BAILEY COUNTY,017,67 Years,53,27,26,33,17,16,2,2,0,1,1,0,17,7,10
BAILEY COUNTY,017,68 Years,49,25,24,32,17,15,2,2,0,0,0,0,15,6,9
BAILEY COUNTY,017,69 Years,52,32,20,34,22,12,0,0,0,1,0,1,17,10,7
BAILEY COUNTY,017,70 Years,60,30,30,43,21,22,0,0,0,2,1,1,15,8,7
BAILEY COUNTY,017,71 Years,61,24,37,43,18,25,1,0,1,0,0,0,17,6,11
BAILEY COUNTY,017,72 Years,51,21,30,37,16,21,0,0,0,0,0,0,14,5,9
BAILEY COUNTY,017,73 Years,56,32,24,40,24,16,0,0,0,0,0,0,16,8,8
BAILEY COUNTY,017,74 Years,43,20,23,32,16,16,0,0,0,1,0,1,10,4,6
BAILEY COUNTY,017,75 Years,42,20,22,25,13,12,0,0,0,0,0,0,17,7,10
BAILEY COUNTY,017,76 Years,36,16,20,24,10,14,0,0,0,0,0,0,12,6,6
BAILEY COUNTY,017,77 Years,39,18,21,28,11,17,0,0,0,0,0,0,11,7,4
BAILEY COUNTY,017,78 Years,42,16,26,31,10,21,1,0,1,0,0,0,10,6,4
BAILEY COUNTY,017,79 Years,37,15,22,27,12,15,0,0,0,1,0,1,9,3,6
BAILEY COUNTY,017,80 Years,35,20,15,23,12,11,0,0,0,1,0,1,11,8,3
BAILEY COUNTY,017,81 Years,32,13,19,22,8,14,0,0,0,0,0,0,10,5,5
BAILEY COUNTY,017,82 Years,34,15,19,22,8,14,1,1,0,0,0,0,11,6,5
BAILEY COUNTY,017,83 Years,26,11,15,19,8,11,1,1,0,0,0,0,6,2,4
BAILEY COUNTY,017,84 Years,23,9,14,15,6,9,2,1,1,0,0,0,6,2,4
BAILEY COUNTY,017,85 Years +,130,51,79,97,36,61,3,0,3,0,0,0,30,15,15
BANDERA COUNTY,019,All Ages,21201,10480,10721,16858,8288,8570,86,46,40,432,194,238,3825,1952,1873
BANDERA COUNTY,019,< 1 Year,158,80,78,103,54,49,0,0,0,8,2,6,47,24,23
BANDERA COUNTY,019,1 Years,162,82,80,107,56,51,2,1,1,8,4,4,45,21,24
BANDERA COUNTY,019,2 Years,164,82,82,112,57,55,1,0,1,8,5,3,43,20,23
BANDERA COUNTY,019,3 Years,174,94,80,116,61,55,2,0,2,8,6,2,48,27,21
BANDERA COUNTY,019,4 Years,178,98,80,118,65,53,1,0,1,7,3,4,52,30,22
BANDERA COUNTY,019,5 Years,183,94,89,132,66,66,1,0,1,4,2,2,46,26,20
BANDERA COUNTY,019,6 Years,188,90,98,128,58,70,3,2,1,5,1,4,52,29,23
BANDERA COUNTY,019,7 Years,193,95,98,125,61,64,1,1,0,5,2,3,62,31,31
BANDERA COUNTY,019,8 Years,194,95,99,129,66,63,1,0,1,3,1,2,61,28,33
BANDERA COUNTY,019,9 Years,202,98,104,127,63,64,0,0,0,5,3,2,70,32,38
BANDERA COUNTY,019,10 Years,201,101,100,124,62,62,1,0,1,3,2,1,73,37,36
BANDERA COUNTY,019,11 Years,231,113,118,144,70,74,2,1,1,6,1,5,79,41,38
BANDERA COUNTY,019,12 Years,225,109,116,151,71,80,3,1,2,4,2,2,67,35,32
BANDERA COUNTY,019,13 Years,234,125,109,156,82,74,2,1,1,2,1,1,74,41,33
BANDERA COUNTY,019,14 Years,231,112,119,157,76,81,4,1,3,2,1,1,68,34,34
BANDERA COUNTY,019,15 Years,256,135,121,184,98,86,4,2,2,4,2,2,64,33,31
BANDERA COUNTY,019,16 Years,268,133,135,193,95,98,3,2,1,7,2,5,65,34,31
BANDERA COUNTY,019,17 Years,271,140,131,190,103,87,3,1,2,10,3,7,68,33,35
BANDERA COUNTY,019,18 Years,268,142,126,186,97,89,2,2,0,8,2,6,72,41,31
BANDERA COUNTY,019,19 Years,249,125,124,169,82,87,2,1,1,5,2,3,73,40,33
BANDERA COUNTY,019,20 Years,238,116,122,166,79,87,2,1,1,6,2,4,64,34,30
BANDERA COUNTY,019,21 Years,224,114,110,160,79,81,2,1,1,4,3,1,58,31,27
BANDERA COUNTY,019,22 Years,201,116,85,136,77,59,1,1,0,2,2,0,62,36,26
BANDERA COUNTY,019,23 Years,154,77,77,112,56,56,0,0,0,1,0,1,41,21,20
BANDERA COUNTY,019,24 Years,153,76,77,117,56,61,0,0,0,3,3,0,33,17,16
BANDERA COUNTY,019,25 Years,150,82,68,100,53,47,0,0,0,9,6,3,41,23,18
BANDERA COUNTY,019,26 Years,139,65,74,96,42,54,0,0,0,6,3,3,37,20,17
BANDERA COUNTY,019,27 Years,141,72,69,95,53,42,0,0,0,3,1,2,43,18,25
BANDERA COUNTY,019,28 Years,128,66,62,86,46,40,1,0,1,3,2,1,38,18,20
BANDERA COUNTY,019,29 Years,139,69,70,94,47,47,0,0,0,3,2,1,42,20,22
BANDERA COUNTY,019,30 Years,130,68,62,96,50,46,0,0,0,5,3,2,29,15,14
BANDERA COUNTY,019,31 Years,145,82,63,106,59,47,0,0,0,3,2,1,36,21,15
BANDERA COUNTY,019,32 Years,142,76,66,110,59,51,0,0,0,6,3,3,26,14,12
BANDERA COUNTY,019,33 Years,167,83,84,129,61,68,0,0,0,5,2,3,33,20,13
BANDERA COUNTY,019,34 Years,170,77,93,129,55,74,1,1,0,3,1,2,37,20,17
BANDERA COUNTY,019,35 Years,168,84,84,134,64,70,0,0,0,1,0,1,33,20,13
BANDERA COUNTY,019,36 Years,177,96,81,139,75,64,1,1,0,3,2,1,34,18,16
BANDERA COUNTY,019,37 Years,169,93,76,134,75,59,1,1,0,1,0,1,33,17,16
BANDERA COUNTY,019,38 Years,185,92,93,141,72,69,2,2,0,2,0,2,40,18,22
BANDERA COUNTY,019,39 Years,197,88,109,144,67,77,0,0,0,3,2,1,50,19,31
BANDERA COUNTY,019,40 Years,182,85,97,133,62,71,1,0,1,5,3,2,43,20,23
BANDERA COUNTY,019,41 Years,199,93,106,147,67,80,1,0,1,9,4,5,42,22,20
BANDERA COUNTY,019,42 Years,198,106,92,143,74,69,2,2,0,6,4,2,47,26,21
BANDERA COUNTY,019,43 Years,233,120,113,172,89,83,1,1,0,7,4,3,53,26,27
BANDERA COUNTY,019,44 Years,253,117,136,199,93,106,1,0,1,5,2,3,48,22,26
BANDERA COUNTY,019,45 Years,255,122,133,204,98,106,1,1,0,2,1,1,48,22,26
BANDERA COUNTY,019,46 Years,272,130,142,214,103,111,0,0,0,6,3,3,52,24,28
BANDERA COUNTY,019,47 Years,273,130,143,223,107,116,0,0,0,5,2,3,45,21,24
BANDERA COUNTY,019,48 Years,282,137,145,229,114,115,1,0,1,8,4,4,44,19,25
BANDERA COUNTY,019,49 Years,326,155,171,261,124,137,2,1,1,7,1,6,56,29,27
BANDERA COUNTY,019,50 Years,379,188,191,310,152,158,1,1,0,5,2,3,63,33,30
BANDERA COUNTY,019,51 Years,388,187,201,314,150,164,0,0,0,5,4,1,69,33,36
BANDERA COUNTY,019,52 Years,380,179,201,311,143,168,2,1,1,8,5,3,59,30,29
BANDERA COUNTY,019,53 Years,409,183,226,336,153,183,1,1,0,8,2,6,64,27,37
BANDERA COUNTY,019,54 Years,432,192,240,355,157,198,1,1,0,11,3,8,65,31,34
BANDERA COUNTY,019,55 Years,420,191,229,362,162,200,1,0,1,4,1,3,53,28,25
BANDERA COUNTY,019,56 Years,413,210,203,350,177,173,2,1,1,6,3,3,55,29,26
BANDERA COUNTY,019,57 Years,414,194,220,352,163,189,4,3,1,8,5,3,50,23,27
BANDERA COUNTY,019,58 Years,445,208,237,382,178,204,2,1,1,6,2,4,55,27,28
BANDERA COUNTY,019,59 Years,423,208,215,367,182,185,0,0,0,5,1,4,51,25,26
BANDERA COUNTY,019,60 Years,415,194,221,362,170,192,0,0,0,8,2,6,45,22,23
BANDERA COUNTY,019,61 Years,418,204,214,366,175,191,0,0,0,4,1,3,48,28,20
BANDERA COUNTY,019,62 Years,406,207,199,352,182,170,2,1,1,8,2,6,44,22,22
BANDERA COUNTY,019,63 Years,379,193,186,333,171,162,1,0,1,8,4,4,37,18,19
BANDERA COUNTY,019,64 Years,365,174,191,321,151,170,0,0,0,3,1,2,41,22,19
BANDERA COUNTY,019,65 Years,385,195,190,336,167,169,1,1,0,10,5,5,38,22,16
BANDERA COUNTY,019,66 Years,416,214,202,356,181,175,0,0,0,7,5,2,53,28,25
BANDERA COUNTY,019,67 Years,419,207,212,357,172,185,0,0,0,7,3,4,55,32,23
BANDERA COUNTY,019,68 Years,334,163,171,284,132,152,1,1,0,11,6,5,38,24,14
BANDERA COUNTY,019,69 Years,319,166,153,286,147,139,2,2,0,7,2,5,24,15,9
BANDERA COUNTY,019,70 Years,321,156,165,288,144,144,1,0,1,4,0,4,28,12,16
BANDERA COUNTY,019,71 Years,327,161,166,291,145,146,1,1,0,7,4,3,28,11,17
BANDERA COUNTY,019,72 Years,296,145,151,269,134,135,0,0,0,4,2,2,23,9,14
BANDERA COUNTY,019,73 Years,264,134,130,241,122,119,0,0,0,4,2,2,19,10,9
BANDERA COUNTY,019,74 Years,233,126,107,204,111,93,1,0,1,3,1,2,25,14,11
BANDERA COUNTY,019,75 Years,209,110,99,184,98,86,0,0,0,4,2,2,21,10,11
BANDERA COUNTY,019,76 Years,182,89,93,162,78,84,2,2,0,3,2,1,15,7,8
BANDERA COUNTY,019,77 Years,150,67,83,132,60,72,0,0,0,3,1,2,15,6,9
BANDERA COUNTY,019,78 Years,145,66,79,124,58,66,0,0,0,3,1,2,18,7,11
BANDERA COUNTY,019,79 Years,144,77,67,126,69,57,1,0,1,1,1,0,16,7,9
BANDERA COUNTY,019,80 Years,127,64,63,110,55,55,0,0,0,1,0,1,16,9,7
BANDERA COUNTY,019,81 Years,116,60,56,100,52,48,0,0,0,1,0,1,15,8,7
BANDERA COUNTY,019,82 Years,105,53,52,91,44,47,0,0,0,2,1,1,12,8,4
BANDERA COUNTY,019,83 Years,103,52,51,91,46,45,0,0,0,2,1,1,10,5,5
BANDERA COUNTY,019,84 Years,90,47,43,79,41,38,0,0,0,2,1,1,9,5,4
BANDERA COUNTY,019,85 Years +,410,186,224,374,167,207,0,0,0,5,2,3,31,17,14
BASTROP COUNTY,021,All Ages,80562,40890,39672,42659,20965,21694,5904,3145,2759,2466,1237,1229,29533,15543,13990
BASTROP COUNTY,021,< 1 Year,994,503,491,339,174,165,56,30,26,47,25,22,552,274,278
BASTROP COUNTY,021,1 Years,939,477,462,325,169,156,57,32,25,42,23,19,515,253,262
BASTROP COUNTY,021,2 Years,873,444,429,315,163,152,53,27,26,36,23,13,469,231,238
BASTROP COUNTY,021,3 Years,871,440,431,299,154,145,49,23,26,43,24,19,480,239,241
BASTROP COUNTY,021,4 Years,964,498,466,325,171,154,61,37,24,43,19,24,535,271,264
BASTROP COUNTY,021,5 Years,1036,509,527,367,176,191,62,32,30,49,23,26,558,278,280
BASTROP COUNTY,021,6 Years,1096,573,523,381,194,187,67,32,35,57,30,27,591,317,274
BASTROP COUNTY,021,7 Years,1145,614,531,375,215,160,65,31,34,61,34,27,644,334,310
BASTROP COUNTY,021,8 Years,1128,600,528,386,212,174,59,28,31,61,31,30,622,329,293
BASTROP COUNTY,021,9 Years,1161,619,542,427,230,197,57,31,26,49,23,26,628,335,293
BASTROP COUNTY,021,10 Years,1189,600,589,430,228,202,67,27,40,54,27,27,638,318,320
BASTROP COUNTY,021,11 Years,1219,614,605,442,230,212,73,27,46,61,28,33,643,329,314
BASTROP COUNTY,021,12 Years,1257,651,606,474,250,224,68,29,39,57,29,28,658,343,315
BASTROP COUNTY,021,13 Years,1273,658,615,480,249,231,75,36,39,52,24,28,666,349,317
BASTROP COUNTY,021,14 Years,1312,700,612,504,264,240,88,41,47,52,28,24,668,367,301
BASTROP COUNTY,021,15 Years,1332,696,636,535,273,262,96,47,49,47,22,25,654,354,300
BASTROP COUNTY,021,16 Years,1288,651,637,527,256,271,111,54,57,49,21,28,601,320,281
BASTROP COUNTY,021,17 Years,1270,665,605,529,271,258,124,66,58,51,27,24,566,301,265
BASTROP COUNTY,021,18 Years,1232,663,569,512,260,252,107,63,44,41,24,17,572,316,256
BASTROP COUNTY,021,19 Years,1119,596,523,459,240,219,91,52,39,43,26,17,526,278,248
BASTROP COUNTY,021,20 Years,1035,544,491,392,195,197,95,54,41,30,15,15,518,280,238
BASTROP COUNTY,021,21 Years,1058,553,505,401,201,200,74,43,31,32,18,14,551,291,260
BASTROP COUNTY,021,22 Years,1043,545,498,390,192,198,80,48,32,31,14,17,542,291,251
BASTROP COUNTY,021,23 Years,933,506,427,337,176,161,77,41,36,27,14,13,492,275,217
BASTROP COUNTY,021,24 Years,874,467,407,346,170,176,76,48,28,31,13,18,421,236,185
BASTROP COUNTY,021,25 Years,783,433,350,332,162,170,64,40,24,22,14,8,365,217,148
BASTROP COUNTY,021,26 Years,776,410,366,343,163,180,66,36,30,14,8,6,353,203,150
BASTROP COUNTY,021,27 Years,742,400,342,310,158,152,66,36,30,27,15,12,339,191,148
BASTROP COUNTY,021,28 Years,763,407,356,326,168,158,54,33,21,16,8,8,367,198,169
BASTROP COUNTY,021,29 Years,742,388,354,313,147,166,56,37,19,20,13,7,353,191,162
BASTROP COUNTY,021,30 Years,808,421,387,338,171,167,68,42,26,15,8,7,387,200,187
BASTROP COUNTY,021,31 Years,885,460,425,371,181,190,55,35,20,21,12,9,438,232,206
BASTROP COUNTY,021,32 Years,992,514,478,433,208,225,60,38,22,22,12,10,477,256,221
BASTROP COUNTY,021,33 Years,993,507,486,434,213,221,73,45,28,21,9,12,465,240,225
BASTROP COUNTY,021,34 Years,1023,538,485,446,223,223,70,48,22,27,13,14,480,254,226
BASTROP COUNTY,021,35 Years,1031,530,501,475,226,249,76,52,24,28,14,14,452,238,214
BASTROP COUNTY,021,36 Years,976,508,468,443,217,226,69,45,24,27,13,14,437,233,204
BASTROP COUNTY,021,37 Years,1065,570,495,498,260,238,74,50,24,33,18,15,460,242,218
BASTROP COUNTY,021,38 Years,1045,543,502,467,224,243,88,56,32,35,20,15,455,243,212
BASTROP COUNTY,021,39 Years,1060,549,511,474,233,241,83,54,29,29,15,14,474,247,227
BASTROP COUNTY,021,40 Years,1068,543,525,514,253,261,88,53,35,26,9,17,440,228,212
BASTROP COUNTY,021,41 Years,1030,538,492,504,261,243,85,48,37,21,11,10,420,218,202
BASTROP COUNTY,021,42 Years,1114,581,533,568,287,281,89,54,35,24,15,9,433,225,208
BASTROP COUNTY,021,43 Years,1134,575,559,599,284,315,103,59,44,27,16,11,405,216,189
BASTROP COUNTY,021,44 Years,1157,589,568,599,286,313,96,55,41,32,14,18,430,234,196
BASTROP COUNTY,021,45 Years,1112,560,552,614,303,311,89,51,38,33,13,20,376,193,183
BASTROP COUNTY,021,46 Years,1034,524,510,566,295,271,85,42,43,29,13,16,354,174,180
BASTROP COUNTY,021,47 Years,1054,544,510,568,287,281,104,58,46,35,19,16,347,180,167
BASTROP COUNTY,021,48 Years,1097,573,524,616,311,305,101,54,47,31,16,15,349,192,157
BASTROP COUNTY,021,49 Years,1219,635,584,730,373,357,111,60,51,30,16,14,348,186,162
BASTROP COUNTY,021,50 Years,1186,608,578,718,364,354,108,52,56,31,16,15,329,176,153
BASTROP COUNTY,021,51 Years,1187,615,572,752,375,377,95,55,40,28,16,12,312,169,143
BASTROP COUNTY,021,52 Years,1179,606,573,746,371,375,84,48,36,37,18,19,312,169,143
BASTROP COUNTY,021,53 Years,1225,637,588,790,404,386,101,55,46,40,18,22,294,160,134
BASTROP COUNTY,021,54 Years,1227,617,610,802,388,414,91,47,44,32,14,18,302,168,134
BASTROP COUNTY,021,55 Years,1236,608,628,835,398,437,98,53,45,35,17,18,268,140,128
BASTROP COUNTY,021,56 Years,1227,575,652,844,379,465,91,44,47,26,13,13,266,139,127
BASTROP COUNTY,021,57 Years,1201,592,609,838,399,439,95,51,44,27,12,15,241,130,111
BASTROP COUNTY,021,58 Years,1182,572,610,852,407,445,86,37,49,24,9,15,220,119,101
BASTROP COUNTY,021,59 Years,1122,543,579,814,382,432,72,35,37,28,14,14,208,112,96
BASTROP COUNTY,021,60 Years,1116,561,555,803,393,410,85,46,39,30,14,16,198,108,90
BASTROP COUNTY,021,61 Years,1068,520,548,789,372,417,77,42,35,28,13,15,174,93,81
BASTROP COUNTY,021,62 Years,1038,512,526,774,385,389,69,31,38,32,17,15,163,79,84
BASTROP COUNTY,021,63 Years,1014,509,505,763,387,376,69,30,39,27,14,13,155,78,77
BASTROP COUNTY,021,64 Years,968,501,467,727,372,355,64,34,30,30,16,14,147,79,68
BASTROP COUNTY,021,65 Years,927,448,479,708,336,372,58,29,29,26,13,13,135,70,65
BASTROP COUNTY,021,66 Years,979,473,506,748,362,386,66,28,38,23,11,12,142,72,70
BASTROP COUNTY,021,67 Years,931,453,478,713,355,358,60,26,34,23,10,13,135,62,73
BASTROP COUNTY,021,68 Years,761,379,382,565,280,285,49,21,28,15,6,9,132,72,60
BASTROP COUNTY,021,69 Years,680,330,350,510,246,264,49,24,25,14,6,8,107,54,53
BASTROP COUNTY,021,70 Years,655,313,342,520,246,274,41,19,22,15,8,7,79,40,39
BASTROP COUNTY,021,71 Years,620,289,331,508,243,265,32,12,20,11,3,8,69,31,38
BASTROP COUNTY,021,72 Years,543,260,283,426,205,221,39,16,23,7,2,5,71,37,34
BASTROP COUNTY,021,73 Years,473,223,250,372,179,193,34,15,19,8,3,5,59,26,33
BASTROP COUNTY,021,74 Years,445,206,239,348,163,185,34,18,16,7,3,4,56,22,34
BASTROP COUNTY,021,75 Years,420,200,220,317,148,169,35,19,16,6,3,3,62,30,32
BASTROP COUNTY,021,76 Years,400,189,211,316,151,165,26,11,15,9,4,5,49,23,26
BASTROP COUNTY,021,77 Years,350,166,184,286,135,151,21,8,13,6,4,2,37,19,18
BASTROP COUNTY,021,78 Years,324,142,182,261,115,146,23,9,14,9,5,4,31,13,18
BASTROP COUNTY,021,79 Years,321,140,181,252,110,142,29,11,18,5,2,3,35,17,18
BASTROP COUNTY,021,80 Years,250,110,140,195,88,107,22,10,12,3,1,2,30,11,19
BASTROP COUNTY,021,81 Years,236,106,130,193,90,103,19,7,12,2,0,2,22,9,13
BASTROP COUNTY,021,82 Years,214,95,119,174,80,94,18,7,11,3,0,3,19,8,11
BASTROP COUNTY,021,83 Years,215,97,118,165,76,89,15,7,8,6,3,3,29,11,18
BASTROP COUNTY,021,84 Years,194,86,108,155,66,89,12,6,6,3,2,1,24,12,12
BASTROP COUNTY,021,85 Years +,1104,383,721,902,308,594,76,22,54,19,8,11,107,45,62
BAYLOR COUNTY,023,All Ages,3571,1725,1846,2982,1455,1527,70,34,36,67,30,37,452,206,246
BAYLOR COUNTY,023,< 1 Year,33,16,17,26,14,12,0,0,0,5,1,4,2,1,1
BAYLOR COUNTY,023,1 Years,37,20,17,29,16,13,1,0,1,3,2,1,4,2,2
BAYLOR COUNTY,023,2 Years,32,19,13,26,15,11,1,1,0,4,3,1,1,0,1
BAYLOR COUNTY,023,3 Years,38,18,20,32,15,17,2,1,1,0,0,0,4,2,2
BAYLOR COUNTY,023,4 Years,41,24,17,34,20,14,0,0,0,2,1,1,5,3,2
BAYLOR COUNTY,023,5 Years,42,21,21,28,16,12,2,0,2,2,2,0,10,3,7
BAYLOR COUNTY,023,6 Years,34,21,13,22,14,8,2,1,1,1,1,0,9,5,4
BAYLOR COUNTY,023,7 Years,48,27,21,32,18,14,0,0,0,1,1,0,15,8,7
BAYLOR COUNTY,023,8 Years,51,33,18,35,25,10,1,1,0,2,1,1,13,6,7
BAYLOR COUNTY,023,9 Years,46,23,23,35,17,18,1,1,0,1,1,0,9,4,5
BAYLOR COUNTY,023,10 Years,40,15,25,33,13,20,0,0,0,1,0,1,6,2,4
BAYLOR COUNTY,023,11 Years,36,17,19,27,12,15,1,1,0,1,0,1,7,4,3
BAYLOR COUNTY,023,12 Years,39,20,19,29,14,15,0,0,0,1,1,0,9,5,4
BAYLOR COUNTY,023,13 Years,44,23,21,32,18,14,2,0,2,1,1,0,9,4,5
BAYLOR COUNTY,023,14 Years,44,22,22,32,18,14,1,0,1,1,1,0,10,3,7
BAYLOR COUNTY,023,15 Years,44,21,23,31,15,16,0,0,0,1,1,0,12,5,7
BAYLOR COUNTY,023,16 Years,42,20,22,29,15,14,0,0,0,1,0,1,12,5,7
BAYLOR COUNTY,023,17 Years,39,19,20,23,10,13,2,1,1,1,1,0,13,7,6
BAYLOR COUNTY,023,18 Years,31,17,14,24,13,11,0,0,0,0,0,0,7,4,3
BAYLOR COUNTY,023,19 Years,34,18,16,24,14,10,0,0,0,1,1,0,9,3,6
BAYLOR COUNTY,023,20 Years,32,17,15,27,15,12,0,0,0,0,0,0,5,2,3
BAYLOR COUNTY,023,21 Years,40,21,19,31,17,14,0,0,0,0,0,0,9,4,5
BAYLOR COUNTY,023,22 Years,45,16,29,34,13,21,0,0,0,0,0,0,11,3,8
BAYLOR COUNTY,023,23 Years,47,21,26,36,15,21,1,1,0,0,0,0,10,5,5
BAYLOR COUNTY,023,24 Years,47,22,25,38,17,21,1,0,1,0,0,0,8,5,3
BAYLOR COUNTY,023,25 Years,46,23,23,40,19,21,0,0,0,0,0,0,6,4,2
BAYLOR COUNTY,023,26 Years,37,15,22,32,13,19,0,0,0,0,0,0,5,2,3
BAYLOR COUNTY,023,27 Years,31,14,17,25,12,13,0,0,0,0,0,0,6,2,4
BAYLOR COUNTY,023,28 Years,38,19,19,33,17,16,1,1,0,0,0,0,4,1,3
BAYLOR COUNTY,023,29 Years,44,25,19,39,23,16,0,0,0,0,0,0,5,2,3
BAYLOR COUNTY,023,30 Years,39,19,20,31,16,15,0,0,0,0,0,0,8,3,5
BAYLOR COUNTY,023,31 Years,25,12,13,21,10,11,0,0,0,0,0,0,4,2,2
BAYLOR COUNTY,023,32 Years,26,11,15,22,9,13,0,0,0,0,0,0,4,2,2
BAYLOR COUNTY,023,33 Years,34,17,17,28,16,12,1,1,0,1,0,1,4,0,4
BAYLOR COUNTY,023,34 Years,36,21,15,25,15,10,0,0,0,1,1,0,10,5,5
BAYLOR COUNTY,023,35 Years,33,18,15,23,14,9,0,0,0,1,0,1,9,4,5
BAYLOR COUNTY,023,36 Years,31,17,14,28,16,12,0,0,0,1,0,1,2,1,1
BAYLOR COUNTY,023,37 Years,33,15,18,29,12,17,1,0,1,0,0,0,3,3,0
BAYLOR COUNTY,023,38 Years,30,16,14,25,13,12,0,0,0,0,0,0,5,3,2
BAYLOR COUNTY,023,39 Years,28,13,15,24,12,12,0,0,0,0,0,0,4,1,3
BAYLOR COUNTY,023,40 Years,22,10,12,20,9,11,0,0,0,0,0,0,2,1,1
BAYLOR COUNTY,023,41 Years,32,16,16,26,13,13,1,1,0,0,0,0,5,2,3
BAYLOR COUNTY,023,42 Years,29,15,14,25,13,12,1,1,0,0,0,0,3,1,2
BAYLOR COUNTY,023,43 Years,40,16,24,35,15,20,0,0,0,1,0,1,4,1,3
BAYLOR COUNTY,023,44 Years,36,17,19,31,15,16,0,0,0,0,0,0,5,2,3
BAYLOR COUNTY,023,45 Years,47,26,21,42,22,20,0,0,0,0,0,0,5,4,1
BAYLOR COUNTY,023,46 Years,39,19,20,34,17,17,1,0,1,0,0,0,4,2,2
BAYLOR COUNTY,023,47 Years,36,13,23,30,10,20,1,0,1,0,0,0,5,3,2
BAYLOR COUNTY,023,48 Years,43,16,27,36,13,23,1,0,1,1,0,1,5,3,2
BAYLOR COUNTY,023,49 Years,51,23,28,43,19,24,3,2,1,0,0,0,5,2,3
BAYLOR COUNTY,023,50 Years,55,27,28,48,24,24,2,1,1,0,0,0,5,2,3
BAYLOR COUNTY,023,51 Years,47,25,22,40,20,20,3,2,1,0,0,0,4,3,1
BAYLOR COUNTY,023,52 Years,44,26,18,39,23,16,1,1,0,0,0,0,4,2,2
BAYLOR COUNTY,023,53 Years,49,25,24,43,21,22,1,1,0,0,0,0,5,3,2
BAYLOR COUNTY,023,54 Years,57,34,23,52,32,20,1,0,1,1,1,0,3,1,2
BAYLOR COUNTY,023,55 Years,51,26,25,43,24,19,2,0,2,0,0,0,6,2,4
BAYLOR COUNTY,023,56 Years,64,28,36,54,25,29,2,0,2,2,0,2,6,3,3
BAYLOR COUNTY,023,57 Years,56,25,31,48,21,27,1,1,0,0,0,0,7,3,4
BAYLOR COUNTY,023,58 Years,61,28,33,51,25,26,1,0,1,1,1,0,8,2,6
BAYLOR COUNTY,023,59 Years,52,31,21,41,24,17,1,1,0,1,1,0,9,5,4
BAYLOR COUNTY,023,60 Years,52,28,24,45,25,20,1,1,0,1,0,1,5,2,3
BAYLOR COUNTY,023,61 Years,46,26,20,41,23,18,0,0,0,3,2,1,2,1,1
BAYLOR COUNTY,023,62 Years,49,26,23,43,23,20,1,0,1,2,2,0,3,1,2
BAYLOR COUNTY,023,63 Years,47,24,23,40,19,21,1,1,0,2,1,1,4,3,1
BAYLOR COUNTY,023,64 Years,46,23,23,40,21,19,0,0,0,2,0,2,4,2,2
BAYLOR COUNTY,023,65 Years,45,20,25,39,18,21,0,0,0,2,0,2,4,2,2
BAYLOR COUNTY,023,66 Years,39,15,24,35,14,21,1,1,0,2,0,2,1,0,1
BAYLOR COUNTY,023,67 Years,38,15,23,34,13,21,1,0,1,0,0,0,3,2,1
BAYLOR COUNTY,023,68 Years,47,23,24,43,20,23,0,0,0,1,1,0,3,2,1
BAYLOR COUNTY,023,69 Years,53,24,29,46,21,25,3,1,2,0,0,0,4,2,2
BAYLOR COUNTY,023,70 Years,42,20,22,36,17,19,2,0,2,2,1,1,2,2,0
BAYLOR COUNTY,023,71 Years,55,25,30,51,24,27,1,0,1,0,0,0,3,1,2
BAYLOR COUNTY,023,72 Years,54,28,26,50,26,24,1,1,0,1,0,1,2,1,1
BAYLOR COUNTY,023,73 Years,44,19,25,42,19,23,0,0,0,1,0,1,1,0,1
BAYLOR COUNTY,023,74 Years,38,15,23,36,14,22,1,1,0,0,0,0,1,0,1
BAYLOR COUNTY,023,75 Years,37,15,22,33,13,20,1,1,0,0,0,0,3,1,2
BAYLOR COUNTY,023,76 Years,37,19,18,33,16,17,1,1,0,0,0,0,3,2,1
BAYLOR COUNTY,023,77 Years,39,23,16,35,22,13,1,0,1,1,0,1,2,1,1
BAYLOR COUNTY,023,78 Years,29,15,14,28,14,14,0,0,0,0,0,0,1,1,0
BAYLOR COUNTY,023,79 Years,34,12,22,31,11,20,2,1,1,1,0,1,0,0,0
BAYLOR COUNTY,023,80 Years,37,16,21,33,15,18,2,1,1,0,0,0,2,0,2
BAYLOR COUNTY,023,81 Years,27,12,15,22,10,12,1,1,0,1,0,1,3,1,2
BAYLOR COUNTY,023,82 Years,28,9,19,24,7,17,2,1,1,0,0,0,2,1,1
BAYLOR COUNTY,023,83 Years,20,6,14,18,6,12,1,0,1,0,0,0,1,0,1
BAYLOR COUNTY,023,84 Years,19,8,11,16,8,8,1,0,1,2,0,2,0,0,0
BAYLOR COUNTY,023,85 Years +,141,47,94,133,45,88,1,1,0,2,0,2,5,1,4
BEE COUNTY,025,All Ages,32721,19577,13144,10936,6681,4255,2546,2344,202,514,262,252,18725,10290,8435
BEE COUNTY,025,< 1 Year,382,202,180,73,41,32,10,6,4,7,4,3,292,151,141
BEE COUNTY,025,1 Years,365,194,171,71,36,35,9,6,3,7,2,5,278,150,128
BEE COUNTY,025,2 Years,358,188,170,76,38,38,7,4,3,6,2,4,269,144,125
BEE COUNTY,025,3 Years,338,169,169,67,30,37,7,3,4,9,4,5,255,132,123
BEE COUNTY,025,4 Years,341,155,186,73,26,47,9,6,3,8,3,5,251,120,131
BEE COUNTY,025,5 Years,371,179,192,81,38,43,10,7,3,10,6,4,270,128,142
BEE COUNTY,025,6 Years,375,185,190,79,42,37,10,7,3,12,5,7,274,131,143
BEE COUNTY,025,7 Years,415,206,209,96,51,45,4,3,1,10,5,5,305,147,158
BEE COUNTY,025,8 Years,414,223,191,92,50,42,3,2,1,13,7,6,306,164,142
BEE COUNTY,025,9 Years,395,201,194,90,53,37,5,3,2,10,7,3,290,138,152
BEE COUNTY,025,10 Years,390,197,193,82,43,39,4,1,3,9,7,2,295,146,149
BEE COUNTY,025,11 Years,394,189,205,83,43,40,6,3,3,10,7,3,295,136,159
BEE COUNTY,025,12 Years,373,198,175,76,44,32,6,4,2,5,2,3,286,148,138
BEE COUNTY,025,13 Years,414,215,199,94,61,33,5,5,0,4,3,1,311,146,165
BEE COUNTY,025,14 Years,427,221,206,87,46,41,6,4,2,10,7,3,324,164,160
BEE COUNTY,025,15 Years,400,204,196,85,42,43,7,5,2,4,2,2,304,155,149
BEE COUNTY,025,16 Years,395,202,193,83,46,37,4,2,2,4,2,2,304,152,152
BEE COUNTY,025,17 Years,370,191,179,74,40,34,6,4,2,6,4,2,284,143,141
BEE COUNTY,025,18 Years,426,248,178,81,42,39,20,19,1,4,3,1,321,184,137
BEE COUNTY,025,19 Years,513,330,183,115,75,40,60,57,3,3,1,2,335,197,138
BEE COUNTY,025,20 Years,528,361,167,110,78,32,54,50,4,6,3,3,358,230,128
BEE COUNTY,025,21 Years,568,382,186,112,70,42,70,66,4,11,5,6,375,241,134
BEE COUNTY,025,22 Years,575,369,206,120,68,52,69,62,7,11,5,6,375,234,141
BEE COUNTY,025,23 Years,599,405,194,154,87,67,82,76,6,11,8,3,352,234,118
BEE COUNTY,025,24 Years,593,407,186,173,116,57,72,65,7,9,7,2,339,219,120
BEE COUNTY,025,25 Years,538,374,164,156,104,52,62,57,5,6,3,3,314,210,104
BEE COUNTY,025,26 Years,513,375,138,143,106,37,67,66,1,8,5,3,295,198,97
BEE COUNTY,025,27 Years,538,392,146,142,104,38,68,67,1,11,6,5,317,215,102
BEE COUNTY,025,28 Years,503,355,148,165,119,46,69,66,3,4,2,2,265,168,97
BEE COUNTY,025,29 Years,556,400,156,190,143,47,68,65,3,4,1,3,294,191,103
BEE COUNTY,025,30 Years,521,365,156,153,112,41,53,52,1,5,2,3,310,199,111
BEE COUNTY,025,31 Years,569,417,152,178,138,40,70,68,2,2,1,1,319,210,109
BEE COUNTY,025,32 Years,489,342,147,158,116,42,62,57,5,5,2,3,264,167,97
BEE COUNTY,025,33 Years,505,354,151,155,112,43,69,68,1,8,5,3,273,169,104
BEE COUNTY,025,34 Years,522,371,151,171,123,48,73,70,3,5,3,2,273,175,98
BEE COUNTY,025,35 Years,451,325,126,148,113,35,59,57,2,4,2,2,240,153,87
BEE COUNTY,025,36 Years,479,344,135,157,119,38,59,57,2,9,3,6,254,165,89
BEE COUNTY,025,37 Years,485,334,151,161,121,40,56,55,1,6,2,4,262,156,106
BEE COUNTY,025,38 Years,465,318,147,154,114,40,54,53,1,6,4,2,251,147,104
BEE COUNTY,025,39 Years,469,332,137,174,130,44,65,65,0,5,4,1,225,133,92
BEE COUNTY,025,40 Years,508,364,144,172,127,45,57,56,1,6,3,3,273,178,95
BEE COUNTY,025,41 Years,463,320,143,160,116,44,59,58,1,9,5,4,235,141,94
BEE COUNTY,025,42 Years,475,327,148,166,119,47,64,63,1,10,7,3,235,138,97
BEE COUNTY,025,43 Years,500,351,149,179,129,50,63,61,2,9,6,3,249,155,94
BEE COUNTY,025,44 Years,463,310,153,174,133,41,57,55,2,11,5,6,221,117,104
BEE COUNTY,025,45 Years,437,306,131,155,109,46,71,69,2,5,3,2,206,125,81
BEE COUNTY,025,46 Years,435,297,138,162,115,47,72,70,2,5,3,2,196,109,87
BEE COUNTY,025,47 Years,455,288,167,177,124,53,58,56,2,10,7,3,210,101,109
BEE COUNTY,025,48 Years,431,283,148,170,116,54,50,48,2,6,4,2,205,115,90
BEE COUNTY,025,49 Years,439,280,159,152,111,41,55,51,4,9,3,6,223,115,108
BEE COUNTY,025,50 Years,477,304,173,177,121,56,47,46,1,7,4,3,246,133,113
BEE COUNTY,025,51 Years,445,268,177,190,128,62,38,34,4,4,3,1,213,103,110
BEE COUNTY,025,52 Years,445,266,179,175,112,63,46,43,3,7,3,4,217,108,109
BEE COUNTY,025,53 Years,482,301,181,207,131,76,39,35,4,10,3,7,226,132,94
BEE COUNTY,025,54 Years,414,237,177,190,114,76,26,22,4,4,2,2,194,99,95
BEE COUNTY,025,55 Years,421,233,188,181,107,74,27,23,4,6,2,4,207,101,106
BEE COUNTY,025,56 Years,447,251,196,204,123,81,36,33,3,4,1,3,203,94,109
BEE COUNTY,025,57 Years,403,233,170,188,105,83,31,28,3,8,3,5,176,97,79
BEE COUNTY,025,58 Years,391,198,193,172,80,92,19,17,2,6,2,4,194,99,95
BEE COUNTY,025,59 Years,372,186,186,157,76,81,18,14,4,6,5,1,191,91,100
BEE COUNTY,025,60 Years,326,160,166,146,73,73,11,10,1,4,3,1,165,74,91
BEE COUNTY,025,61 Years,334,170,164,153,80,73,13,10,3,7,2,5,161,78,83
BEE COUNTY,025,62 Years,321,154,167,140,67,73,9,6,3,4,1,3,168,80,88
BEE COUNTY,025,63 Years,314,149,165,143,72,71,6,5,1,3,2,1,162,70,92
BEE COUNTY,025,64 Years,288,140,148,135,67,68,6,6,0,3,1,2,144,66,78
BEE COUNTY,025,65 Years,278,130,148,124,64,60,4,2,2,4,0,4,146,64,82
BEE COUNTY,025,66 Years,318,159,159,157,86,71,7,2,5,4,1,3,150,70,80
BEE COUNTY,025,67 Years,272,131,141,136,69,67,6,2,4,6,3,3,124,57,67
BEE COUNTY,025,68 Years,227,122,105,110,62,48,4,2,2,4,3,1,109,55,54
BEE COUNTY,025,69 Years,226,114,112,113,55,58,4,1,3,4,2,2,105,56,49
BEE COUNTY,025,70 Years,212,102,110,106,55,51,7,4,3,5,1,4,94,42,52
BEE COUNTY,025,71 Years,216,95,121,119,56,63,5,3,2,2,1,1,90,35,55
BEE COUNTY,025,72 Years,173,77,96,98,48,50,4,1,3,2,1,1,69,27,42
BEE COUNTY,025,73 Years,168,81,87,84,43,41,5,1,4,4,2,2,75,35,40
BEE COUNTY,025,74 Years,170,76,94,85,40,45,3,2,1,2,1,1,80,33,47
BEE COUNTY,025,75 Years,149,73,76,82,42,40,2,2,0,1,0,1,64,29,35
BEE COUNTY,025,76 Years,144,71,73,69,35,34,3,2,1,4,2,2,68,32,36
BEE COUNTY,025,77 Years,125,59,66,66,33,33,5,2,3,3,2,1,51,22,29
BEE COUNTY,025,78 Years,134,58,76,61,28,33,1,0,1,2,1,1,70,29,41
BEE COUNTY,025,79 Years,129,57,72,62,27,35,3,3,0,1,0,1,63,27,36
BEE COUNTY,025,80 Years,112,53,59,56,23,33,1,1,0,1,0,1,54,29,25
BEE COUNTY,025,81 Years,108,43,65,49,18,31,1,1,0,2,1,1,56,23,33
BEE COUNTY,025,82 Years,99,37,62,48,19,29,1,1,0,2,1,1,48,16,32
BEE COUNTY,025,83 Years,91,31,60,48,21,27,0,0,0,1,0,1,42,10,32
BEE COUNTY,025,84 Years,92,35,57,54,21,33,0,0,0,1,0,1,37,14,23
BEE COUNTY,025,85 Years +,470,178,292,252,101,151,3,0,3,9,1,8,206,76,130
BELL COUNTY,027,All Ages,329054,163183,165871,159614,79900,79714,65765,32715,33050,27374,12337,15037,76301,38231,38070
BELL COUNTY,027,< 1 Year,5953,3016,2937,2278,1166,1112,1160,573,587,707,370,337,1808,907,901
BELL COUNTY,027,1 Years,5917,2975,2942,2300,1157,1143,1121,561,560,729,361,368,1767,896,871
BELL COUNTY,027,2 Years,5970,3005,2965,2348,1174,1174,1103,561,542,746,365,381,1773,905,868
BELL COUNTY,027,3 Years,6123,3071,3052,2399,1199,1200,1117,557,560,810,393,417,1797,922,875
BELL COUNTY,027,4 Years,5629,2906,2723,2217,1200,1017,1046,543,503,681,337,344,1685,826,859
BELL COUNTY,027,5 Years,5808,2946,2862,2227,1169,1058,1087,549,538,754,363,391,1740,865,875
BELL COUNTY,027,6 Years,5815,2941,2874,2281,1160,1121,1107,566,541,717,348,369,1710,867,843
BELL COUNTY,027,7 Years,5612,2844,2768,2111,1098,1013,1121,576,545,657,315,342,1723,855,868
BELL COUNTY,027,8 Years,5357,2724,2633,2011,1016,995,1120,575,545,592,289,303,1634,844,790
BELL COUNTY,027,9 Years,5092,2583,2509,1937,998,939,1063,527,536,570,285,285,1522,773,749
BELL COUNTY,027,10 Years,4924,2530,2394,1900,988,912,989,495,494,516,252,264,1519,795,724
BELL COUNTY,027,11 Years,4733,2420,2313,1774,894,880,1033,522,511,467,237,230,1459,767,692
BELL COUNTY,027,12 Years,4751,2431,2320,1759,893,866,1092,550,542,448,224,224,1452,764,688
BELL COUNTY,027,13 Years,4687,2378,2309,1727,889,838,1109,556,553,439,222,217,1412,711,701
BELL COUNTY,027,14 Years,4661,2377,2284,1697,874,823,1118,557,561,430,225,205,1416,721,695
BELL COUNTY,027,15 Years,4465,2309,2156,1594,822,772,1108,558,550,397,197,200,1366,732,634
BELL COUNTY,027,16 Years,4392,2277,2115,1574,832,742,1110,601,509,373,171,202,1335,673,662
BELL COUNTY,027,17 Years,4232,2191,2041,1564,818,746,1041,557,484,372,188,184,1255,628,627
BELL COUNTY,027,18 Years,4129,2152,1977,1497,775,722,1013,533,480,374,192,182,1245,652,593
BELL COUNTY,027,19 Years,3986,2039,1947,1436,751,685,990,485,505,338,174,164,1222,629,593
BELL COUNTY,027,20 Years,4162,2108,2054,1510,758,752,1065,547,518,361,173,188,1226,630,596
BELL COUNTY,027,21 Years,4350,2237,2113,1686,877,809,1071,546,525,349,179,170,1244,635,609
BELL COUNTY,027,22 Years,4574,2314,2260,1894,960,934,1051,538,513,384,198,186,1245,618,627
BELL COUNTY,027,23 Years,5633,2904,2729,2624,1378,1246,1076,525,551,460,234,226,1473,767,706
BELL COUNTY,027,24 Years,6599,3324,3275,3284,1650,1634,1125,556,569,535,253,282,1655,865,790
BELL COUNTY,027,25 Years,7285,3694,3591,3884,1982,1902,1175,591,584,588,268,320,1638,853,785
BELL COUNTY,027,26 Years,7582,3884,3698,4147,2157,1990,1223,613,610,581,265,316,1631,849,782
BELL COUNTY,027,27 Years,7461,3881,3580,4064,2185,1879,1274,638,636,554,243,311,1569,815,754
BELL COUNTY,027,28 Years,7142,3712,3430,3807,2052,1755,1348,655,693,523,255,268,1464,750,714
BELL COUNTY,027,29 Years,6700,3532,3168,3456,1892,1564,1280,642,638,498,262,236,1466,736,730
BELL COUNTY,027,30 Years,6031,3147,2884,2994,1637,1357,1181,601,580,454,231,223,1402,678,724
BELL COUNTY,027,31 Years,5682,2894,2788,2695,1433,1262,1109,555,554,469,220,249,1409,686,723
BELL COUNTY,027,32 Years,5379,2682,2697,2474,1290,1184,1093,536,557,473,207,266,1339,649,690
BELL COUNTY,027,33 Years,5130,2556,2574,2344,1221,1123,1052,511,541,459,198,261,1275,626,649
BELL COUNTY,027,34 Years,5040,2567,2473,2253,1194,1059,1108,559,549,449,179,270,1230,635,595
BELL COUNTY,027,35 Years,4587,2311,2276,2082,1093,989,1022,501,521,390,169,221,1093,548,545
BELL COUNTY,027,36 Years,4315,2112,2203,1940,996,944,943,448,495,393,173,220,1039,495,544
BELL COUNTY,027,37 Years,4092,2035,2057,1834,938,896,905,435,470,354,158,196,999,504,495
BELL COUNTY,027,38 Years,3897,1909,1988,1744,877,867,846,395,451,342,165,177,965,472,493
BELL COUNTY,027,39 Years,3935,1897,2038,1780,874,906,867,413,454,325,141,184,963,469,494
BELL COUNTY,027,40 Years,3765,1817,1948,1755,867,888,841,416,425,309,134,175,860,400,460
BELL COUNTY,027,41 Years,3836,1844,1992,1811,873,938,851,430,421,329,140,189,845,401,444
BELL COUNTY,027,42 Years,3944,1946,1998,1921,966,955,880,449,431,288,122,166,855,409,446
BELL COUNTY,027,43 Years,3918,1878,2040,1919,952,967,906,434,472,274,114,160,819,378,441
BELL COUNTY,027,44 Years,3832,1822,2010,1873,896,977,911,449,462,269,114,155,779,363,416
BELL COUNTY,027,45 Years,3572,1703,1869,1731,814,917,868,426,442,245,109,136,728,354,374
BELL COUNTY,027,46 Years,3485,1662,1823,1662,800,862,833,403,430,237,92,145,753,367,386
BELL COUNTY,027,47 Years,3422,1694,1728,1695,853,842,828,404,424,207,80,127,692,357,335
BELL COUNTY,027,48 Years,3502,1736,1766,1743,864,879,861,437,424,215,90,125,683,345,338
BELL COUNTY,027,49 Years,3728,1837,1891,1874,942,932,900,439,461,241,95,146,713,361,352
BELL COUNTY,027,50 Years,3778,1801,1977,1971,960,1011,868,414,454,240,83,157,699,344,355
BELL COUNTY,027,51 Years,3721,1787,1934,1961,935,1026,862,425,437,214,82,132,684,345,339
BELL COUNTY,027,52 Years,3661,1746,1915,1930,924,1006,883,414,469,227,88,139,621,320,301
BELL COUNTY,027,53 Years,3619,1682,1937,1943,901,1042,862,401,461,208,84,124,606,296,310
BELL COUNTY,027,54 Years,3758,1842,1916,2040,1009,1031,852,426,426,222,88,134,644,319,325
BELL COUNTY,027,55 Years,3474,1678,1796,1890,910,980,782,397,385,192,75,117,610,296,314
BELL COUNTY,027,56 Years,3479,1695,1784,1929,951,978,723,381,342,219,68,151,608,295,313
BELL COUNTY,027,57 Years,3463,1670,1793,1937,928,1009,726,387,339,226,71,155,574,284,290
BELL COUNTY,027,58 Years,3276,1529,1747,1873,878,995,672,329,343,195,61,134,536,261,275
BELL COUNTY,027,59 Years,3180,1528,1652,1844,890,954,594,301,293,220,73,147,522,264,258
BELL COUNTY,027,60 Years,2984,1415,1569,1800,826,974,544,295,249,199,71,128,441,223,218
BELL COUNTY,027,61 Years,2776,1339,1437,1711,836,875,491,251,240,196,58,138,378,194,184
BELL COUNTY,027,62 Years,2609,1224,1385,1638,809,829,432,196,236,169,49,120,370,170,200
BELL COUNTY,027,63 Years,2577,1213,1364,1623,796,827,411,194,217,170,48,122,373,175,198
BELL COUNTY,027,64 Years,2579,1212,1367,1679,822,857,390,179,211,179,46,133,331,165,166
BELL COUNTY,027,65 Years,2524,1214,1310,1675,830,845,354,172,182,167,51,116,328,161,167
BELL COUNTY,027,66 Years,2464,1160,1304,1675,794,881,326,171,155,160,52,108,303,143,160
BELL COUNTY,027,67 Years,2446,1168,1278,1734,846,888,285,148,137,135,40,95,292,134,158
BELL COUNTY,027,68 Years,1969,928,1041,1345,655,690,247,115,132,119,37,82,258,121,137
BELL COUNTY,027,69 Years,1810,851,959,1250,600,650,212,103,109,107,35,72,241,113,128
BELL COUNTY,027,70 Years,1741,825,916,1233,598,635,202,99,103,94,32,62,212,96,116
BELL COUNTY,027,71 Years,1628,774,854,1165,575,590,205,95,110,90,31,59,168,73,95
BELL COUNTY,027,72 Years,1548,726,822,1099,527,572,194,96,98,82,29,53,173,74,99
BELL COUNTY,027,73 Years,1459,672,787,1044,488,556,187,82,105,78,29,49,150,73,77
BELL COUNTY,027,74 Years,1309,597,712,941,440,501,162,69,93,69,26,43,137,62,75
BELL COUNTY,027,75 Years,1166,541,625,851,398,453,144,69,75,55,16,39,116,58,58
BELL COUNTY,027,76 Years,1125,499,626,847,386,461,121,53,68,50,15,35,107,45,62
BELL COUNTY,027,77 Years,1070,464,606,808,362,446,108,43,65,49,16,33,105,43,62
BELL COUNTY,027,78 Years,995,441,554,747,339,408,98,45,53,43,15,28,107,42,65
BELL COUNTY,027,79 Years,940,415,525,707,319,388,94,44,50,44,13,31,95,39,56
BELL COUNTY,027,80 Years,878,397,481,670,307,363,84,37,47,36,12,24,88,41,47
BELL COUNTY,027,81 Years,821,353,468,622,278,344,85,33,52,38,11,27,76,31,45
BELL COUNTY,027,82 Years,723,308,415,549,243,306,71,27,44,38,10,28,65,28,37
BELL COUNTY,027,83 Years,650,285,365,507,226,281,61,25,36,28,10,18,54,24,30
BELL COUNTY,027,84 Years,637,256,381,491,200,291,52,23,29,33,9,24,61,24,37
BELL COUNTY,027,85 Years +,3401,1194,2207,2774,970,1804,240,82,158,111,34,77,276,108,168
BEXAR COUNTY,029,All Ages,1846354,910246,936108,516626,258585,258041,127017,63721,63296,86757,41283,45474,1115954,546657,569297
BEXAR COUNTY,029,< 1 Year,28580,14593,13987,5589,2866,2723,1726,886,840,1698,864,834,19567,9977,9590
BEXAR COUNTY,029,1 Years,27979,14317,13662,5511,2849,2662,1665,854,811,1628,837,791,19175,9777,9398
BEXAR COUNTY,029,2 Years,27345,13935,13410,5448,2821,2627,1615,827,788,1527,770,757,18755,9517,9238
BEXAR COUNTY,029,3 Years,27070,13824,13246,5443,2813,2630,1563,802,761,1466,754,712,18598,9455,9143
BEXAR COUNTY,029,4 Years,26590,13602,12988,5309,2701,2608,1553,777,776,1379,738,641,18349,9386,8963
BEXAR COUNTY,029,5 Years,25798,13252,12546,5031,2583,2448,1568,795,773,1392,727,665,17807,9147,8660
BEXAR COUNTY,029,6 Years,26505,13573,12932,5144,2655,2489,1645,836,809,1435,722,713,18281,9360,8921
BEXAR COUNTY,029,7 Years,26722,13643,13079,5200,2646,2554,1638,825,813,1486,758,728,18398,9414,8984
BEXAR COUNTY,029,8 Years,26668,13569,13099,5259,2662,2597,1627,817,810,1466,742,724,18316,9348,8968
BEXAR COUNTY,029,9 Years,26660,13520,13140,5247,2700,2547,1593,798,795,1409,707,702,18411,9315,9096
BEXAR COUNTY,029,10 Years,27092,13681,13411,5284,2670,2614,1664,850,814,1341,675,666,18803,9486,9317
BEXAR COUNTY,029,11 Years,27478,13928,13550,5281,2743,2538,1734,891,843,1314,670,644,19149,9624,9525
BEXAR COUNTY,029,12 Years,27466,14112,13354,5110,2667,2443,1882,985,897,1264,634,630,19210,9826,9384
BEXAR COUNTY,029,13 Years,27896,14271,13625,5095,2645,2450,1928,1026,902,1250,626,624,19623,9974,9649
BEXAR COUNTY,029,14 Years,27944,14346,13598,5104,2607,2497,1873,986,887,1188,591,597,19779,10162,9617
BEXAR COUNTY,029,15 Years,27508,14192,13316,5126,2626,2500,1823,951,872,1229,615,614,19330,10000,9330
BEXAR COUNTY,029,16 Years,26910,13792,13118,5071,2600,2471,1835,957,878,1179,597,582,18825,9638,9187
BEXAR COUNTY,029,17 Years,27438,14228,13210,5507,2912,2595,2006,1073,933,1210,624,586,18715,9619,9096
BEXAR COUNTY,029,18 Years,27467,14292,13175,5541,2970,2571,2071,1129,942,1290,651,639,18565,9542,9023
BEXAR COUNTY,029,19 Years,28931,15257,13674,6133,3382,2751,2299,1237,1062,1434,763,671,19065,9875,9190
BEXAR COUNTY,029,20 Years,28020,14623,13397,5582,3013,2569,2333,1195,1138,1402,739,663,18703,9676,9027
BEXAR COUNTY,029,21 Years,27675,14193,13482,5448,2824,2624,2267,1135,1132,1420,738,682,18540,9496,9044
BEXAR COUNTY,029,22 Years,28834,14823,14011,6340,3319,3021,2309,1175,1134,1552,795,757,18633,9534,9099
BEXAR COUNTY,029,23 Years,29926,15551,14375,7832,4287,3545,2320,1224,1096,1681,833,848,18093,9207,8886
BEXAR COUNTY,029,24 Years,29580,15310,14270,8223,4496,3727,2129,1128,1001,1612,842,770,17616,8844,8772
BEXAR COUNTY,029,25 Years,29197,15195,14002,8642,4816,3826,2032,1057,975,1582,843,739,16941,8479,8462
BEXAR COUNTY,029,26 Years,28874,15117,13757,8615,4751,3864,1963,1074,889,1545,792,753,16751,8500,8251
BEXAR COUNTY,029,27 Years,28592,14672,13920,8399,4496,3903,1900,1022,878,1512,781,731,16781,8373,8408
BEXAR COUNTY,029,28 Years,27847,13991,13856,7699,3991,3708,1848,952,896,1478,721,757,16822,8327,8495
BEXAR COUNTY,029,29 Years,28038,14015,14023,7761,4008,3753,1803,948,855,1496,718,778,16978,8341,8637
BEXAR COUNTY,029,30 Years,27205,13559,13646,7213,3664,3549,1724,899,825,1509,736,773,16759,8260,8499
BEXAR COUNTY,029,31 Years,26941,13405,13536,7093,3550,3543,1675,871,804,1465,687,778,16708,8297,8411
BEXAR COUNTY,029,32 Years,27224,13473,13751,7294,3645,3649,1735,879,856,1475,695,780,16720,8254,8466
BEXAR COUNTY,029,33 Years,27315,13575,13740,7289,3741,3548,1801,929,872,1487,714,773,16738,8191,8547
BEXAR COUNTY,029,34 Years,27043,13609,13434,7168,3740,3428,1841,955,886,1470,738,732,16564,8176,8388
BEXAR COUNTY,029,35 Years,25361,12776,12585,6638,3519,3119,1755,877,878,1474,727,747,15494,7653,7841
BEXAR COUNTY,029,36 Years,24597,12310,12287,6375,3341,3034,1688,851,837,1493,710,783,15041,7408,7633
BEXAR COUNTY,029,37 Years,23978,11811,12167,6084,3079,3005,1624,811,813,1423,673,750,14847,7248,7599
BEXAR COUNTY,029,38 Years,23961,11764,12197,5989,3028,2961,1613,813,800,1398,674,724,14961,7249,7712
BEXAR COUNTY,029,39 Years,23736,11620,12116,5996,3051,2945,1592,773,819,1390,665,725,14758,7131,7627
BEXAR COUNTY,029,40 Years,23299,11311,11988,5806,2949,2857,1572,777,795,1359,622,737,14562,6963,7599
BEXAR COUNTY,029,41 Years,23867,11628,12239,6105,3141,2964,1559,772,787,1295,573,722,14908,7142,7766
BEXAR COUNTY,029,42 Years,24529,11887,12642,6422,3299,3123,1661,823,838,1294,572,722,15152,7193,7959
BEXAR COUNTY,029,43 Years,25137,12206,12931,6910,3482,3428,1775,902,873,1298,600,698,15154,7222,7932
BEXAR COUNTY,029,44 Years,24672,12084,12588,6951,3541,3410,1774,904,870,1215,548,667,14732,7091,7641
BEXAR COUNTY,029,45 Years,23431,11439,11992,6638,3409,3229,1657,838,819,1128,496,632,14008,6696,7312
BEXAR COUNTY,029,46 Years,22392,10930,11462,6354,3259,3095,1682,854,828,1021,437,584,13335,6380,6955
BEXAR COUNTY,029,47 Years,22010,10842,11168,6432,3272,3160,1687,868,819,955,427,528,12936,6275,6661
BEXAR COUNTY,029,48 Years,22450,11103,11347,6589,3335,3254,1772,911,861,987,447,540,13102,6410,6692
BEXAR COUNTY,029,49 Years,23691,11618,12073,7121,3532,3589,1917,973,944,997,448,549,13656,6665,6991
BEXAR COUNTY,029,50 Years,23954,11777,12177,7599,3784,3815,1861,919,942,998,468,530,13496,6606,6890
BEXAR COUNTY,029,51 Years,24068,11844,12224,7783,3904,3879,1869,942,927,1023,482,541,13393,6516,6877
BEXAR COUNTY,029,52 Years,23591,11477,12114,7932,3981,3951,1811,887,924,931,407,524,12917,6202,6715
BEXAR COUNTY,029,53 Years,23614,11452,12162,8020,3957,4063,1873,923,950,903,384,519,12818,6188,6630
BEXAR COUNTY,029,54 Years,23202,11305,11897,7917,3905,4012,1880,966,914,863,385,478,12542,6049,6493
BEXAR COUNTY,029,55 Years,22361,10937,11424,7794,3899,3895,1798,914,884,865,362,503,11904,5762,6142
BEXAR COUNTY,029,56 Years,22031,10689,11342,7906,3908,3998,1725,854,871,841,367,474,11559,5560,5999
BEXAR COUNTY,029,57 Years,21400,10206,11194,7686,3690,3996,1685,832,853,784,319,465,11245,5365,5880
BEXAR COUNTY,029,58 Years,20874,9937,10937,7639,3665,3974,1612,793,819,742,315,427,10881,5164,5717
BEXAR COUNTY,029,59 Years,20246,9452,10794,7536,3562,3974,1564,728,836,705,288,417,10441,4874,5567
BEXAR COUNTY,029,60 Years,19263,8886,10377,7257,3398,3859,1450,689,761,672,243,429,9884,4556,5328
BEXAR COUNTY,029,61 Years,18840,8827,10013,7353,3560,3793,1398,686,712,641,253,388,9448,4328,5120
BEXAR COUNTY,029,62 Years,17766,8377,9389,6904,3337,3567,1284,645,639,603,233,370,8975,4162,4813
BEXAR COUNTY,029,63 Years,17031,7892,9139,6569,3120,3449,1195,567,628,610,240,370,8657,3965,4692
BEXAR COUNTY,029,64 Years,16883,7774,9109,6651,3195,3456,1126,540,586,582,238,344,8524,3801,4723
BEXAR COUNTY,029,65 Years,16330,7636,8694,6495,3159,3336,1102,554,548,581,235,346,8152,3688,4464
BEXAR COUNTY,029,66 Years,15910,7409,8501,6621,3209,3412,1029,497,532,548,207,341,7712,3496,4216
BEXAR COUNTY,029,67 Years,15424,7123,8301,6698,3249,3449,923,427,496,478,182,296,7325,3265,4060
BEXAR COUNTY,029,68 Years,12673,5786,6887,5233,2545,2688,789,344,445,399,151,248,6252,2746,3506
BEXAR COUNTY,029,69 Years,11766,5399,6367,4873,2350,2523,737,333,404,388,151,237,5768,2565,3203
BEXAR COUNTY,029,70 Years,11336,5197,6139,4867,2313,2554,691,308,383,359,142,217,5419,2434,2985
BEXAR COUNTY,029,71 Years,10778,4922,5856,4588,2210,2378,675,298,377,309,125,184,5206,2289,2917
BEXAR COUNTY,029,72 Years,9711,4401,5310,4121,1969,2152,623,271,352,292,110,182,4675,2051,2624
BEXAR COUNTY,029,73 Years,8820,3951,4869,3805,1806,1999,559,237,322,265,104,161,4191,1804,2387
BEXAR COUNTY,029,74 Years,8313,3659,4654,3552,1646,1906,540,216,324,250,98,152,3971,1699,2272
BEXAR COUNTY,029,75 Years,7770,3400,4370,3432,1552,1880,453,195,258,224,83,141,3661,1570,2091
BEXAR COUNTY,029,76 Years,7386,3196,4190,3294,1500,1794,447,188,259,204,78,126,3441,1430,2011
BEXAR COUNTY,029,77 Years,6850,2930,3920,3007,1363,1644,422,174,248,173,71,102,3248,1322,1926
BEXAR COUNTY,029,78 Years,6574,2748,3826,2939,1294,1645,370,154,216,187,74,113,3078,1226,1852
BEXAR COUNTY,029,79 Years,6275,2626,3649,2844,1239,1605,391,159,232,165,63,102,2875,1165,1710
BEXAR COUNTY,029,80 Years,5700,2412,3288,2588,1186,1402,371,155,216,156,45,111,2585,1026,1559
BEXAR COUNTY,029,81 Years,5359,2207,3152,2506,1109,1397,343,141,202,163,43,120,2347,914,1433
BEXAR COUNTY,029,82 Years,5161,2122,3039,2420,1090,1330,319,126,193,127,38,89,2295,868,1427
BEXAR COUNTY,029,83 Years,4812,1944,2868,2343,1034,1309,286,114,172,117,35,82,2066,761,1305
BEXAR COUNTY,029,84 Years,4477,1753,2724,2078,897,1181,253,83,170,110,36,74,2036,737,1299
BEXAR COUNTY,029,85 Years +,24336,8226,16110,12335,4304,8031,1247,370,877,501,172,329,10253,3380,6873
BLANCO COUNTY,031,All Ages,11258,5701,5557,8863,4421,4442,60,44,16,190,86,104,2145,1150,995
BLANCO COUNTY,031,< 1 Year,98,51,47,62,34,28,0,0,0,2,1,1,34,16,18
BLANCO COUNTY,031,1 Years,95,50,45,61,36,25,0,0,0,3,2,1,31,12,19
BLANCO COUNTY,031,2 Years,93,46,47,62,32,30,0,0,0,2,1,1,29,13,16
BLANCO COUNTY,031,3 Years,106,51,55,71,33,38,0,0,0,0,0,0,35,18,17
BLANCO COUNTY,031,4 Years,114,76,38,73,46,27,0,0,0,2,0,2,39,30,9
BLANCO COUNTY,031,5 Years,96,54,42,62,34,28,0,0,0,1,0,1,33,20,13
BLANCO COUNTY,031,6 Years,112,49,63,70,34,36,0,0,0,3,0,3,39,15,24
BLANCO COUNTY,031,7 Years,118,57,61,75,36,39,0,0,0,1,0,1,42,21,21
BLANCO COUNTY,031,8 Years,120,59,61,76,35,41,0,0,0,3,0,3,41,24,17
BLANCO COUNTY,031,9 Years,113,59,54,72,38,34,0,0,0,2,0,2,39,21,18
BLANCO COUNTY,031,10 Years,135,79,56,84,48,36,0,0,0,2,1,1,49,30,19
BLANCO COUNTY,031,11 Years,133,76,57,88,52,36,0,0,0,0,0,0,45,24,21
BLANCO COUNTY,031,12 Years,132,74,58,92,54,38,0,0,0,2,0,2,38,20,18
BLANCO COUNTY,031,13 Years,135,73,62,90,46,44,1,0,1,2,0,2,42,27,15
BLANCO COUNTY,031,14 Years,155,85,70,102,52,50,0,0,0,3,0,3,50,33,17
BLANCO COUNTY,031,15 Years,145,85,60,97,56,41,2,2,0,4,2,2,42,25,17
BLANCO COUNTY,031,16 Years,160,94,66,113,68,45,2,2,0,5,2,3,40,22,18
BLANCO COUNTY,031,17 Years,158,83,75,119,61,58,1,1,0,2,2,0,36,19,17
BLANCO COUNTY,031,18 Years,142,65,77,104,46,58,2,1,1,1,1,0,35,17,18
BLANCO COUNTY,031,19 Years,122,59,63,86,41,45,2,1,1,3,1,2,31,16,15
BLANCO COUNTY,031,20 Years,115,58,57,83,42,41,1,1,0,1,0,1,30,15,15
BLANCO COUNTY,031,21 Years,127,75,52,86,52,34,6,5,1,3,2,1,32,16,16
BLANCO COUNTY,031,22 Years,113,63,50,75,44,31,2,2,0,3,2,1,33,15,18
BLANCO COUNTY,031,23 Years,94,53,41,61,34,27,1,1,0,2,1,1,30,17,13
BLANCO COUNTY,031,24 Years,85,49,36,50,26,24,1,0,1,3,1,2,31,22,9
BLANCO COUNTY,031,25 Years,83,43,40,40,21,19,0,0,0,6,5,1,37,17,20
BLANCO COUNTY,031,26 Years,93,43,50,54,23,31,0,0,0,5,4,1,34,16,18
BLANCO COUNTY,031,27 Years,88,50,38,59,31,28,0,0,0,1,1,0,28,18,10
BLANCO COUNTY,031,28 Years,92,47,45,55,28,27,1,1,0,4,3,1,32,15,17
BLANCO COUNTY,031,29 Years,89,47,42,47,22,25,1,1,0,7,3,4,34,21,13
BLANCO COUNTY,031,30 Years,80,49,31,51,31,20,0,0,0,3,1,2,26,17,9
BLANCO COUNTY,031,31 Years,78,47,31,48,31,17,1,0,1,1,0,1,28,16,12
BLANCO COUNTY,031,32 Years,96,45,51,62,34,28,1,0,1,2,1,1,31,10,21
BLANCO COUNTY,031,33 Years,96,48,48,67,37,30,0,0,0,1,0,1,28,11,17
BLANCO COUNTY,031,34 Years,97,50,47,66,31,35,0,0,0,1,1,0,30,18,12
BLANCO COUNTY,031,35 Years,91,48,43,62,28,34,0,0,0,1,1,0,28,19,9
BLANCO COUNTY,031,36 Years,88,42,46,63,24,39,0,0,0,1,1,0,24,17,7
BLANCO COUNTY,031,37 Years,89,44,45,67,31,36,0,0,0,2,1,1,20,12,8
BLANCO COUNTY,031,38 Years,102,61,41,73,44,29,0,0,0,3,1,2,26,16,10
BLANCO COUNTY,031,39 Years,124,68,56,90,51,39,0,0,0,6,2,4,28,15,13
BLANCO COUNTY,031,40 Years,123,58,65,90,41,49,0,0,0,3,1,2,30,16,14
BLANCO COUNTY,031,41 Years,114,47,67,89,37,52,1,0,1,0,0,0,24,10,14
BLANCO COUNTY,031,42 Years,130,60,70,101,48,53,0,0,0,1,0,1,28,12,16
BLANCO COUNTY,031,43 Years,156,86,70,122,63,59,1,1,0,1,1,0,32,21,11
BLANCO COUNTY,031,44 Years,132,69,63,107,53,54,0,0,0,1,0,1,24,16,8
BLANCO COUNTY,031,45 Years,113,51,62,91,39,52,0,0,0,2,1,1,20,11,9
BLANCO COUNTY,031,46 Years,123,55,68,95,43,52,0,0,0,3,0,3,25,12,13
BLANCO COUNTY,031,47 Years,146,70,76,111,53,58,2,2,0,1,0,1,32,15,17
BLANCO COUNTY,031,48 Years,149,76,73,110,56,54,0,0,0,3,1,2,36,19,17
BLANCO COUNTY,031,49 Years,156,74,82,119,56,63,1,1,0,2,1,1,34,16,18
BLANCO COUNTY,031,50 Years,174,90,84,143,73,70,1,1,0,4,2,2,26,14,12
BLANCO COUNTY,031,51 Years,179,93,86,150,80,70,0,0,0,2,1,1,27,12,15
BLANCO COUNTY,031,52 Years,190,108,82,156,90,66,3,3,0,2,1,1,29,14,15
BLANCO COUNTY,031,53 Years,203,104,99,167,82,85,3,3,0,5,1,4,28,18,10
BLANCO COUNTY,031,54 Years,198,91,107,169,76,93,1,1,0,4,2,2,24,12,12
BLANCO COUNTY,031,55 Years,203,96,107,178,82,96,0,0,0,2,1,1,23,13,10
BLANCO COUNTY,031,56 Years,216,106,110,190,96,94,0,0,0,1,0,1,25,10,15
BLANCO COUNTY,031,57 Years,216,102,114,191,91,100,0,0,0,2,0,2,23,11,12
BLANCO COUNTY,031,58 Years,208,102,106,178,86,92,2,1,1,1,0,1,27,15,12
BLANCO COUNTY,031,59 Years,232,119,113,200,100,100,3,3,0,9,4,5,20,12,8
BLANCO COUNTY,031,60 Years,220,116,104,193,102,91,3,2,1,5,2,3,19,10,9
BLANCO COUNTY,031,61 Years,198,98,100,179,86,93,1,1,0,1,1,0,17,10,7
BLANCO COUNTY,031,62 Years,196,91,105,177,80,97,2,2,0,2,1,1,15,8,7
BLANCO COUNTY,031,63 Years,210,97,113,188,84,104,3,2,1,1,1,0,18,10,8
BLANCO COUNTY,031,64 Years,212,106,106,192,94,98,1,0,1,2,0,2,17,12,5
BLANCO COUNTY,031,65 Years,193,86,107,178,78,100,2,1,1,2,1,1,11,6,5
BLANCO COUNTY,031,66 Years,211,100,111,190,89,101,0,0,0,10,7,3,11,4,7
BLANCO COUNTY,031,67 Years,192,94,98,174,83,91,0,0,0,5,4,1,13,7,6
BLANCO COUNTY,031,68 Years,173,86,87,161,81,80,0,0,0,1,1,0,11,4,7
BLANCO COUNTY,031,69 Years,154,76,78,144,72,72,0,0,0,2,1,1,8,3,5
BLANCO COUNTY,031,70 Years,154,81,73,141,74,67,1,0,1,1,1,0,11,6,5
BLANCO COUNTY,031,71 Years,142,70,72,135,67,68,1,1,0,0,0,0,6,2,4
BLANCO COUNTY,031,72 Years,139,71,68,129,64,65,1,1,0,2,2,0,7,4,3
BLANCO COUNTY,031,73 Years,134,63,71,121,56,65,0,0,0,2,1,1,11,6,5
BLANCO COUNTY,031,74 Years,102,51,51,96,47,49,0,0,0,0,0,0,6,4,2
BLANCO COUNTY,031,75 Years,90,48,42,85,48,37,1,0,1,0,0,0,4,0,4
BLANCO COUNTY,031,76 Years,83,47,36,72,41,31,0,0,0,1,0,1,10,6,4
BLANCO COUNTY,031,77 Years,79,39,40,71,37,34,0,0,0,0,0,0,8,2,6
BLANCO COUNTY,031,78 Years,72,34,38,66,31,35,0,0,0,1,0,1,5,3,2
BLANCO COUNTY,031,79 Years,69,27,42,64,25,39,0,0,0,0,0,0,5,2,3
BLANCO COUNTY,031,80 Years,61,29,32,52,25,27,0,0,0,0,0,0,9,4,5
BLANCO COUNTY,031,81 Years,56,32,24,49,27,22,0,0,0,1,1,0,6,4,2
BLANCO COUNTY,031,82 Years,43,23,20,41,22,19,0,0,0,0,0,0,2,1,1
BLANCO COUNTY,031,83 Years,44,20,24,36,18,18,0,0,0,3,1,2,5,1,4
BLANCO COUNTY,031,84 Years,36,19,17,32,17,15,0,0,0,0,0,0,4,2,2
BLANCO COUNTY,031,85 Years +,232,85,147,222,81,141,1,0,1,0,0,0,9,4,5
BORDEN COUNTY,033,All Ages,655,340,315,554,289,265,0,0,0,4,1,3,97,50,47
BORDEN COUNTY,033,< 1 Year,7,5,2,4,3,1,0,0,0,0,0,0,3,2,1
BORDEN COUNTY,033,1 Years,6,3,3,6,3,3,0,0,0,0,0,0,0,0,0
BORDEN COUNTY,033,2 Years,5,3,2,5,3,2,0,0,0,0,0,0,0,0,0
BORDEN COUNTY,033,3 Years,4,3,1,4,3,1,0,0,0,0,0,0,0,0,0
BORDEN COUNTY,033,4 Years,6,2,4,3,1,2,0,0,0,0,0,0,3,1,2
BORDEN COUNTY,033,5 Years,8,5,3,4,3,1,0,0,0,0,0,0,4,2,2
BORDEN COUNTY,033,6 Years,4,2,2,3,2,1,0,0,0,0,0,0,1,0,1
BORDEN COUNTY,033,7 Years,4,3,1,2,1,1,0,0,0,0,0,0,2,2,0
BORDEN COUNTY,033,8 Years,5,3,2,3,2,1,0,0,0,0,0,0,2,1,1
BORDEN COUNTY,033,9 Years,8,4,4,5,2,3,0,0,0,0,0,0,3,2,1
BORDEN COUNTY,033,10 Years,9,3,6,7,2,5,0,0,0,0,0,0,2,1,1
BORDEN COUNTY,033,11 Years,5,2,3,4,1,3,0,0,0,0,0,0,1,1,0
BORDEN COUNTY,033,12 Years,5,3,2,3,2,1,0,0,0,0,0,0,2,1,1
BORDEN COUNTY,033,13 Years,5,2,3,4,1,3,0,0,0,0,0,0,1,1,0
BORDEN COUNTY,033,14 Years,4,1,3,3,1,2,0,0,0,0,0,0,1,0,1
BORDEN COUNTY,033,15 Years,8,3,5,7,2,5,0,0,0,0,0,0,1,1,0
BORDEN COUNTY,033,16 Years,12,7,5,12,7,5,0,0,0,0,0,0,0,0,0
BORDEN COUNTY,033,17 Years,12,8,4,10,7,3,0,0,0,0,0,0,2,1,1
BORDEN COUNTY,033,18 Years,13,7,6,11,6,5,0,0,0,0,0,0,2,1,1
BORDEN COUNTY,033,19 Years,9,6,3,6,4,2,0,0,0,0,0,0,3,2,1
BORDEN COUNTY,033,20 Years,7,3,4,6,3,3,0,0,0,0,0,0,1,0,1
BORDEN COUNTY,033,21 Years,12,8,4,11,7,4,0,0,0,0,0,0,1,1,0
BORDEN COUNTY,033,22 Years,11,8,3,9,6,3,0,0,0,0,0,0,2,2,0
BORDEN COUNTY,033,23 Years,5,4,1,4,3,1,0,0,0,0,0,0,1,1,0
BORDEN COUNTY,033,24 Years,5,2,3,5,2,3,0,0,0,0,0,0,0,0,0
BORDEN COUNTY,033,25 Years,4,2,2,4,2,2,0,0,0,0,0,0,0,0,0
BORDEN COUNTY,033,26 Years,7,5,2,7,5,2,0,0,0,0,0,0,0,0,0
BORDEN COUNTY,033,27 Years,4,1,3,3,1,2,0,0,0,0,0,0,1,0,1
BORDEN COUNTY,033,28 Years,6,4,2,5,4,1,0,0,0,0,0,0,1,0,1
BORDEN COUNTY,033,29 Years,4,1,3,3,1,2,0,0,0,0,0,0,1,0,1
BORDEN COUNTY,033,30 Years,3,1,2,3,1,2,0,0,0,0,0,0,0,0,0
BORDEN COUNTY,033,31 Years,3,1,2,3,1,2,0,0,0,0,0,0,0,0,0
BORDEN COUNTY,033,32 Years,5,2,3,2,1,1,0,0,0,0,0,0,3,1,2
BORDEN COUNTY,033,33 Years,7,4,3,4,3,1,0,0,0,0,0,0,3,1,2
BORDEN COUNTY,033,34 Years,5,5,0,3,3,0,0,0,0,0,0,0,2,2,0
BORDEN COUNTY,033,35 Years,8,4,4,4,2,2,0,0,0,0,0,0,4,2,2
BORDEN COUNTY,033,36 Years,7,4,3,6,3,3,0,0,0,0,0,0,1,1,0
BORDEN COUNTY,033,37 Years,5,1,4,5,1,4,0,0,0,0,0,0,0,0,0
BORDEN COUNTY,033,38 Years,5,3,2,5,3,2,0,0,0,0,0,0,0,0,0
BORDEN COUNTY,033,39 Years,3,2,1,3,2,1,0,0,0,0,0,0,0,0,0
BORDEN COUNTY,033,40 Years,6,2,4,5,1,4,0,0,0,0,0,0,1,1,0
BORDEN COUNTY,033,41 Years,9,6,3,8,5,3,0,0,0,0,0,0,1,1,0
BORDEN COUNTY,033,42 Years,8,6,2,7,5,2,0,0,0,0,0,0,1,1,0
BORDEN COUNTY,033,43 Years,8,3,5,8,3,5,0,0,0,0,0,0,0,0,0
BORDEN COUNTY,033,44 Years,13,6,7,11,6,5,0,0,0,0,0,0,2,0,2
BORDEN COUNTY,033,45 Years,12,7,5,10,6,4,0,0,0,0,0,0,2,1,1
BORDEN COUNTY,033,46 Years,8,3,5,5,3,2,0,0,0,1,0,1,2,0,2
BORDEN COUNTY,033,47 Years,5,2,3,4,2,2,0,0,0,0,0,0,1,0,1
BORDEN COUNTY,033,48 Years,6,4,2,6,4,2,0,0,0,0,0,0,0,0,0
BORDEN COUNTY,033,49 Years,9,3,6,7,3,4,0,0,0,0,0,0,2,0,2
BORDEN COUNTY,033,50 Years,16,6,10,13,5,8,0,0,0,0,0,0,3,1,2
BORDEN COUNTY,033,51 Years,11,5,6,10,5,5,0,0,0,0,0,0,1,0,1
BORDEN COUNTY,033,52 Years,12,3,9,9,2,7,0,0,0,1,0,1,2,1,1
BORDEN COUNTY,033,53 Years,8,4,4,6,3,3,0,0,0,0,0,0,2,1,1
BORDEN COUNTY,033,54 Years,9,6,3,6,3,3,0,0,0,0,0,0,3,3,0
BORDEN COUNTY,033,55 Years,5,2,3,4,1,3,0,0,0,0,0,0,1,1,0
BORDEN COUNTY,033,56 Years,8,4,4,6,2,4,0,0,0,0,0,0,2,2,0
BORDEN COUNTY,033,57 Years,12,4,8,9,3,6,0,0,0,1,0,1,2,1,1
BORDEN COUNTY,033,58 Years,11,6,5,9,5,4,0,0,0,0,0,0,2,1,1
BORDEN COUNTY,033,59 Years,11,6,5,9,5,4,0,0,0,0,0,0,2,1,1
BORDEN COUNTY,033,60 Years,12,5,7,11,4,7,0,0,0,0,0,0,1,1,0
BORDEN COUNTY,033,61 Years,6,3,3,6,3,3,0,0,0,0,0,0,0,0,0
BORDEN COUNTY,033,62 Years,4,4,0,4,4,0,0,0,0,0,0,0,0,0,0
BORDEN COUNTY,033,63 Years,10,5,5,10,5,5,0,0,0,0,0,0,0,0,0
BORDEN COUNTY,033,64 Years,15,8,7,13,7,6,0,0,0,0,0,0,2,1,1
BORDEN COUNTY,033,65 Years,11,6,5,9,6,3,0,0,0,0,0,0,2,0,2
BORDEN COUNTY,033,66 Years,13,8,5,12,8,4,0,0,0,0,0,0,1,0,1
BORDEN COUNTY,033,67 Years,11,8,3,11,8,3,0,0,0,0,0,0,0,0,0
BORDEN COUNTY,033,68 Years,5,2,3,5,2,3,0,0,0,0,0,0,0,0,0
BORDEN COUNTY,033,69 Years,6,3,3,6,3,3,0,0,0,0,0,0,0,0,0
BORDEN COUNTY,033,70 Years,9,6,3,9,6,3,0,0,0,0,0,0,0,0,0
BORDEN COUNTY,033,71 Years,12,6,6,12,6,6,0,0,0,0,0,0,0,0,0
BORDEN COUNTY,033,72 Years,9,5,4,9,5,4,0,0,0,0,0,0,0,0,0
BORDEN COUNTY,033,73 Years,6,4,2,6,4,2,0,0,0,0,0,0,0,0,0
BORDEN COUNTY,033,74 Years,4,2,2,4,2,2,0,0,0,0,0,0,0,0,0
BORDEN COUNTY,033,75 Years,3,1,2,3,1,2,0,0,0,0,0,0,0,0,0
BORDEN COUNTY,033,76 Years,10,7,3,10,7,3,0,0,0,0,0,0,0,0,0
BORDEN COUNTY,033,77 Years,8,3,5,8,3,5,0,0,0,0,0,0,0,0,0
BORDEN COUNTY,033,78 Years,8,3,5,8,3,5,0,0,0,0,0,0,0,0,0
BORDEN COUNTY,033,79 Years,5,2,3,5,2,3,0,0,0,0,0,0,0,0,0
BORDEN COUNTY,033,80 Years,3,1,2,3,1,2,0,0,0,0,0,0,0,0,0
BORDEN COUNTY,033,81 Years,8,3,5,6,2,4,0,0,0,1,1,0,1,0,1
BORDEN COUNTY,033,82 Years,8,4,4,6,3,3,0,0,0,0,0,0,2,1,1
BORDEN COUNTY,033,83 Years,6,3,3,5,3,2,0,0,0,0,0,0,1,0,1
BORDEN COUNTY,033,84 Years,4,2,2,4,2,2,0,0,0,0,0,0,0,0,0
BORDEN COUNTY,033,85 Years +,17,8,9,16,7,9,0,0,0,0,0,0,1,1,0
BOSQUE COUNTY,035,All Ages,18394,9186,9208,14440,7106,7334,286,153,133,372,165,207,3296,1762,1534
BOSQUE COUNTY,035,< 1 Year,188,99,89,102,52,50,6,3,3,25,14,11,55,30,25
BOSQUE COUNTY,035,1 Years,191,96,95,105,50,55,5,2,3,22,12,10,59,32,27
BOSQUE COUNTY,035,2 Years,193,96,97,107,53,54,6,3,3,15,6,9,65,34,31
BOSQUE COUNTY,035,3 Years,196,99,97,114,57,57,5,3,2,10,3,7,67,36,31
BOSQUE COUNTY,035,4 Years,182,81,101,106,42,64,5,2,3,8,5,3,63,32,31
BOSQUE COUNTY,035,5 Years,200,100,100,124,60,64,5,3,2,6,4,2,65,33,32
BOSQUE COUNTY,035,6 Years,207,117,90,129,69,60,4,2,2,2,2,0,72,44,28
BOSQUE COUNTY,035,7 Years,210,119,91,133,77,56,3,0,3,4,1,3,70,41,29
BOSQUE COUNTY,035,8 Years,208,117,91,127,70,57,4,2,2,5,1,4,72,44,28
BOSQUE COUNTY,035,9 Years,220,109,111,133,62,71,5,5,0,6,2,4,76,40,36
BOSQUE COUNTY,035,10 Years,220,121,99,145,78,67,3,3,0,6,4,2,66,36,30
BOSQUE COUNTY,035,11 Years,225,116,109,159,81,78,1,1,0,5,3,2,60,31,29
BOSQUE COUNTY,035,12 Years,239,124,115,149,74,75,6,3,3,4,1,3,80,46,34
BOSQUE COUNTY,035,13 Years,251,138,113,148,78,70,8,5,3,4,3,1,91,52,39
BOSQUE COUNTY,035,14 Years,262,146,116,166,93,73,5,4,1,3,2,1,88,47,41
BOSQUE COUNTY,035,15 Years,259,131,128,174,93,81,4,1,3,3,0,3,78,37,41
BOSQUE COUNTY,035,16 Years,245,121,124,170,84,86,3,2,1,6,1,5,66,34,32
BOSQUE COUNTY,035,17 Years,233,111,122,154,75,79,3,2,1,9,1,8,67,33,34
BOSQUE COUNTY,035,18 Years,225,107,118,152,69,83,5,3,2,7,3,4,61,32,29
BOSQUE COUNTY,035,19 Years,224,120,104,157,81,76,5,1,4,8,5,3,54,33,21
BOSQUE COUNTY,035,20 Years,228,126,102,156,83,73,3,1,2,7,2,5,62,40,22
BOSQUE COUNTY,035,21 Years,238,116,122,158,78,80,6,3,3,7,3,4,67,32,35
BOSQUE COUNTY,035,22 Years,201,94,107,141,67,74,4,1,3,3,1,2,53,25,28
BOSQUE COUNTY,035,23 Years,178,88,90,123,58,65,2,2,0,3,2,1,50,26,24
BOSQUE COUNTY,035,24 Years,189,102,87,134,71,63,5,3,2,2,1,1,48,27,21
BOSQUE COUNTY,035,25 Years,161,94,67,108,60,48,5,2,3,4,3,1,44,29,15
BOSQUE COUNTY,035,26 Years,152,80,72,103,51,52,5,3,2,3,1,2,41,25,16
BOSQUE COUNTY,035,27 Years,150,85,65,104,57,47,7,5,2,6,3,3,33,20,13
BOSQUE COUNTY,035,28 Years,134,68,66,98,48,50,2,2,0,3,0,3,31,18,13
BOSQUE COUNTY,035,29 Years,143,74,69,98,53,45,5,2,3,2,1,1,38,18,20
BOSQUE COUNTY,035,30 Years,140,66,74,87,45,42,2,1,1,5,2,3,46,18,28
BOSQUE COUNTY,035,31 Years,164,91,73,103,58,45,2,2,0,5,2,3,54,29,25
BOSQUE COUNTY,035,32 Years,172,90,82,114,62,52,4,3,1,3,2,1,51,23,28
BOSQUE COUNTY,035,33 Years,185,87,98,131,61,70,4,3,1,3,1,2,47,22,25
BOSQUE COUNTY,035,34 Years,176,94,82,124,65,59,4,2,2,3,3,0,45,24,21
BOSQUE COUNTY,035,35 Years,173,90,83,123,62,61,2,1,1,2,1,1,46,26,20
BOSQUE COUNTY,035,36 Years,161,75,86,116,55,61,2,1,1,2,1,1,41,18,23
BOSQUE COUNTY,035,37 Years,164,81,83,124,61,63,2,1,1,1,1,0,37,18,19
BOSQUE COUNTY,035,38 Years,181,94,87,137,71,66,1,1,0,2,1,1,41,21,20
BOSQUE COUNTY,035,39 Years,168,81,87,124,59,65,1,0,1,2,1,1,41,21,20
BOSQUE COUNTY,035,40 Years,175,83,92,135,65,70,3,1,2,2,0,2,35,17,18
BOSQUE COUNTY,035,41 Years,197,96,101,156,77,79,3,2,1,2,0,2,36,17,19
BOSQUE COUNTY,035,42 Years,210,103,107,167,84,83,4,3,1,2,0,2,37,16,21
BOSQUE COUNTY,035,43 Years,223,109,114,178,87,91,4,3,1,5,1,4,36,18,18
BOSQUE COUNTY,035,44 Years,225,104,121,174,82,92,5,2,3,3,0,3,43,20,23
BOSQUE COUNTY,035,45 Years,216,107,109,165,82,83,2,1,1,1,0,1,48,24,24
BOSQUE COUNTY,035,46 Years,225,111,114,169,84,85,4,0,4,3,1,2,49,26,23
BOSQUE COUNTY,035,47 Years,224,106,118,179,81,98,3,1,2,5,3,2,37,21,16
BOSQUE COUNTY,035,48 Years,214,105,109,172,85,87,2,0,2,4,2,2,36,18,18
BOSQUE COUNTY,035,49 Years,238,118,120,198,97,101,3,1,2,4,2,2,33,18,15
BOSQUE COUNTY,035,50 Years,247,123,124,204,99,105,4,2,2,2,1,1,37,21,16
BOSQUE COUNTY,035,51 Years,264,129,135,228,105,123,4,4,0,2,1,1,30,19,11
BOSQUE COUNTY,035,52 Years,238,119,119,199,99,100,1,1,0,3,1,2,35,18,17
BOSQUE COUNTY,035,53 Years,262,126,136,223,105,118,2,1,1,5,2,3,32,18,14
BOSQUE COUNTY,035,54 Years,290,143,147,251,121,130,3,2,1,4,1,3,32,19,13
BOSQUE COUNTY,035,55 Years,301,158,143,257,134,123,7,2,5,4,1,3,33,21,12
BOSQUE COUNTY,035,56 Years,284,146,138,248,124,124,3,2,1,6,3,3,27,17,10
BOSQUE COUNTY,035,57 Years,298,143,155,267,126,141,2,1,1,4,1,3,25,15,10
BOSQUE COUNTY,035,58 Years,290,144,146,257,125,132,6,5,1,3,0,3,24,14,10
BOSQUE COUNTY,035,59 Years,276,148,128,246,131,115,5,5,0,5,2,3,20,10,10
BOSQUE COUNTY,035,60 Years,260,132,128,234,118,116,3,1,2,5,2,3,18,11,7
BOSQUE COUNTY,035,61 Years,266,140,126,238,123,115,7,3,4,3,2,1,18,12,6
BOSQUE COUNTY,035,62 Years,276,135,141,248,119,129,5,2,3,5,3,2,18,11,7
BOSQUE COUNTY,035,63 Years,266,140,126,245,128,117,2,1,1,3,1,2,16,10,6
BOSQUE COUNTY,035,64 Years,278,152,126,252,137,115,2,1,1,6,4,2,18,10,8
BOSQUE COUNTY,035,65 Years,290,144,146,251,129,122,6,3,3,4,2,2,29,10,19
BOSQUE COUNTY,035,66 Years,297,144,153,269,130,139,3,2,1,4,2,2,21,10,11
BOSQUE COUNTY,035,67 Years,301,137,164,275,124,151,1,1,0,2,1,1,23,11,12
BOSQUE COUNTY,035,68 Years,263,131,132,237,116,121,2,0,2,2,2,0,22,13,9
BOSQUE COUNTY,035,69 Years,268,130,138,246,120,126,3,0,3,1,1,0,18,9,9
BOSQUE COUNTY,035,70 Years,272,127,145,253,118,135,1,0,1,3,2,1,15,7,8
BOSQUE COUNTY,035,71 Years,242,110,132,227,101,126,1,0,1,3,2,1,11,7,4
BOSQUE COUNTY,035,72 Years,244,120,124,226,111,115,1,0,1,3,1,2,14,8,6
BOSQUE COUNTY,035,73 Years,222,105,117,208,97,111,1,1,0,1,0,1,12,7,5
BOSQUE COUNTY,035,74 Years,206,110,96,193,102,91,1,0,1,1,1,0,11,7,4
BOSQUE COUNTY,035,75 Years,192,95,97,184,91,93,3,1,2,2,1,1,3,2,1
BOSQUE COUNTY,035,76 Years,169,83,86,154,75,79,4,2,2,3,2,1,8,4,4
BOSQUE COUNTY,035,77 Years,156,66,90,146,64,82,1,0,1,2,0,2,7,2,5
BOSQUE COUNTY,035,78 Years,131,58,73,120,52,68,3,3,0,2,1,1,6,2,4
BOSQUE COUNTY,035,79 Years,108,48,60,99,45,54,1,0,1,3,1,2,5,2,3
BOSQUE COUNTY,035,80 Years,96,46,50,89,43,46,3,2,1,1,0,1,3,1,2
BOSQUE COUNTY,035,81 Years,111,56,55,103,51,52,1,1,0,2,1,1,5,3,2
BOSQUE COUNTY,035,82 Years,103,54,49,98,51,47,1,1,0,2,1,1,2,1,1
BOSQUE COUNTY,035,83 Years,87,45,42,81,42,39,0,0,0,2,1,1,4,2,2
BOSQUE COUNTY,035,84 Years,78,35,43,73,34,39,0,0,0,2,0,2,3,1,2
BOSQUE COUNTY,035,85 Years +,479,178,301,458,169,289,1,0,1,10,4,6,10,5,5
BOWIE COUNTY,037,All Ages,95062,48365,46697,60806,30188,30618,23425,11851,11574,3818,1926,1892,7013,4400,2613
BOWIE COUNTY,037,< 1 Year,1177,608,569,590,312,278,335,166,169,132,68,64,120,62,58
BOWIE COUNTY,037,1 Years,1179,609,570,598,317,281,333,165,168,120,63,57,128,64,64
BOWIE COUNTY,037,2 Years,1185,619,566,602,320,282,346,173,173,105,58,47,132,68,64
BOWIE COUNTY,037,3 Years,1211,627,584,613,318,295,338,168,170,110,62,48,150,79,71
BOWIE COUNTY,037,4 Years,1107,577,530,585,314,271,315,164,151,81,34,47,126,65,61
BOWIE COUNTY,037,5 Years,1166,593,573,642,320,322,310,158,152,78,45,33,136,70,66
BOWIE COUNTY,037,6 Years,1237,650,587,671,352,319,338,182,156,80,46,34,148,70,78
BOWIE COUNTY,037,7 Years,1296,662,634,702,354,348,346,175,171,92,53,39,156,80,76
BOWIE COUNTY,037,8 Years,1237,646,591,700,371,329,311,156,155,90,44,46,136,75,61
BOWIE COUNTY,037,9 Years,1261,648,613,700,364,336,345,171,174,90,46,44,126,67,59
BOWIE COUNTY,037,10 Years,1267,656,611,719,362,357,345,176,169,84,48,36,119,70,49
BOWIE COUNTY,037,11 Years,1246,625,621,716,360,356,332,163,169,80,48,32,118,54,64
BOWIE COUNTY,037,12 Years,1267,651,616,720,374,346,349,164,185,85,52,33,113,61,52
BOWIE COUNTY,037,13 Years,1306,660,646,736,369,367,367,188,179,90,47,43,113,56,57
BOWIE COUNTY,037,14 Years,1303,657,646,747,366,381,365,193,172,88,40,48,103,58,45
BOWIE COUNTY,037,15 Years,1311,674,637,757,373,384,376,210,166,78,39,39,100,52,48
BOWIE COUNTY,037,16 Years,1232,632,600,686,344,342,372,199,173,74,40,34,100,49,51
BOWIE COUNTY,037,17 Years,1260,651,609,746,383,363,349,183,166,58,32,26,107,53,54
BOWIE COUNTY,037,18 Years,1265,648,617,728,361,367,369,197,172,55,27,28,113,63,50
BOWIE COUNTY,037,19 Years,1251,656,595,698,366,332,371,185,186,55,24,31,127,81,46
BOWIE COUNTY,037,20 Years,1280,692,588,694,367,327,407,211,196,53,30,23,126,84,42
BOWIE COUNTY,037,21 Years,1306,713,593,700,372,328,419,231,188,49,26,23,138,84,54
BOWIE COUNTY,037,22 Years,1325,724,601,719,388,331,417,225,192,49,20,29,140,91,49
BOWIE COUNTY,037,23 Years,1399,765,634,784,420,364,396,200,196,52,26,26,167,119,48
BOWIE COUNTY,037,24 Years,1324,685,639,784,398,386,354,169,185,41,23,18,145,95,50
BOWIE COUNTY,037,25 Years,1312,720,592,743,375,368,377,205,172,42,28,14,150,112,38
BOWIE COUNTY,037,26 Years,1197,650,547,697,349,348,310,171,139,38,26,12,152,104,48
BOWIE COUNTY,037,27 Years,1273,716,557,711,373,338,359,205,154,39,20,19,164,118,46
BOWIE COUNTY,037,28 Years,1221,643,578,699,351,348,334,161,173,31,19,12,157,112,45
BOWIE COUNTY,037,29 Years,1298,707,591,742,393,349,359,181,178,38,17,21,159,116,43
BOWIE COUNTY,037,30 Years,1364,755,609,794,415,379,372,200,172,33,15,18,165,125,40
BOWIE COUNTY,037,31 Years,1247,720,527,758,409,349,297,179,118,32,15,17,160,117,43
BOWIE COUNTY,037,32 Years,1232,718,514,746,406,340,305,180,125,35,20,15,146,112,34
BOWIE COUNTY,037,33 Years,1204,652,552,715,356,359,324,184,140,34,17,17,131,95,36
BOWIE COUNTY,037,34 Years,1197,640,557,706,353,353,316,172,144,40,18,22,135,97,38
BOWIE COUNTY,037,35 Years,1194,652,542,698,359,339,330,185,145,46,19,27,120,89,31
BOWIE COUNTY,037,36 Years,1175,631,544,680,350,330,329,173,156,51,19,32,115,89,26
BOWIE COUNTY,037,37 Years,1149,600,549,695,341,354,314,175,139,39,14,25,101,70,31
BOWIE COUNTY,037,38 Years,1118,619,499,658,349,309,309,166,143,37,20,17,114,84,30
BOWIE COUNTY,037,39 Years,1148,615,533,679,363,316,338,173,165,40,19,21,91,60,31
BOWIE COUNTY,037,40 Years,1135,578,557,679,331,348,306,158,148,46,23,23,104,66,38
BOWIE COUNTY,037,41 Years,1199,633,566,727,374,353,321,166,155,48,21,27,103,72,31
BOWIE COUNTY,037,42 Years,1214,654,560,772,410,362,308,160,148,39,18,21,95,66,29
BOWIE COUNTY,037,43 Years,1293,682,611,833,430,403,328,170,158,38,19,19,94,63,31
BOWIE COUNTY,037,44 Years,1276,670,606,822,409,413,321,174,147,39,21,18,94,66,28
BOWIE COUNTY,037,45 Years,1177,644,533,762,407,355,281,151,130,49,24,25,85,62,23
BOWIE COUNTY,037,46 Years,1186,628,558,769,396,373,304,159,145,34,14,20,79,59,20
BOWIE COUNTY,037,47 Years,1146,600,546,758,400,358,281,136,145,30,13,17,77,51,26
BOWIE COUNTY,037,48 Years,1178,623,555,780,415,365,286,142,144,33,13,20,79,53,26
BOWIE COUNTY,037,49 Years,1255,627,628,837,417,420,309,145,164,38,19,19,71,46,25
BOWIE COUNTY,037,50 Years,1267,648,619,858,433,425,307,155,152,38,18,20,64,42,22
BOWIE COUNTY,037,51 Years,1344,677,667,941,474,467,299,144,155,38,16,22,66,43,23
BOWIE COUNTY,037,52 Years,1372,700,672,951,475,476,329,179,150,41,14,27,51,32,19
BOWIE COUNTY,037,53 Years,1367,703,664,922,459,463,327,170,157,55,30,25,63,44,19
BOWIE COUNTY,037,54 Years,1367,687,680,945,466,479,306,151,155,58,30,28,58,40,18
BOWIE COUNTY,037,55 Years,1258,630,628,880,446,434,296,143,153,41,17,24,41,24,17
BOWIE COUNTY,037,56 Years,1257,645,612,890,457,433,287,139,148,37,19,18,43,30,13
BOWIE COUNTY,037,57 Years,1269,630,639,925,463,462,268,120,148,39,18,21,37,29,8
BOWIE COUNTY,037,58 Years,1259,620,639,878,424,454,314,158,156,31,12,19,36,26,10
BOWIE COUNTY,037,59 Years,1180,561,619,845,401,444,266,127,139,26,11,15,43,22,21
BOWIE COUNTY,037,60 Years,1162,567,595,838,404,434,260,132,128,29,13,16,35,18,17
BOWIE COUNTY,037,61 Years,1140,539,601,825,386,439,258,124,134,28,14,14,29,15,14
BOWIE COUNTY,037,62 Years,1112,536,576,833,395,438,226,112,114,31,16,15,22,13,9
BOWIE COUNTY,037,63 Years,1110,560,550,824,417,407,233,112,121,30,15,15,23,16,7
BOWIE COUNTY,037,64 Years,1038,517,521,778,393,385,206,96,110,24,13,11,30,15,15
BOWIE COUNTY,037,65 Years,1037,518,519,787,401,386,191,87,104,31,17,14,28,13,15
BOWIE COUNTY,037,66 Years,1090,532,558,821,399,422,215,102,113,32,18,14,22,13,9
BOWIE COUNTY,037,67 Years,1072,516,556,823,392,431,198,97,101,29,15,14,22,12,10
BOWIE COUNTY,037,68 Years,863,415,448,661,320,341,157,67,90,20,10,10,25,18,7
BOWIE COUNTY,037,69 Years,801,360,441,605,275,330,159,67,92,20,9,11,17,9,8
BOWIE COUNTY,037,70 Years,836,370,466,654,291,363,147,65,82,22,9,13,13,5,8
BOWIE COUNTY,037,71 Years,794,356,438,642,288,354,124,57,67,18,8,10,10,3,7
BOWIE COUNTY,037,72 Years,722,337,385,585,275,310,111,46,65,17,10,7,9,6,3
BOWIE COUNTY,037,73 Years,647,311,336,532,263,269,91,38,53,16,7,9,8,3,5
BOWIE COUNTY,037,74 Years,628,273,355,515,232,283,95,33,62,9,4,5,9,4,5
BOWIE COUNTY,037,75 Years,591,278,313,488,233,255,80,36,44,12,4,8,11,5,6
BOWIE COUNTY,037,76 Years,528,240,288,434,205,229,79,28,51,7,4,3,8,3,5
BOWIE COUNTY,037,77 Years,512,228,284,425,194,231,69,26,43,10,4,6,8,4,4
BOWIE COUNTY,037,78 Years,462,203,259,386,171,215,59,23,36,11,6,5,6,3,3
BOWIE COUNTY,037,79 Years,449,184,265,370,154,216,62,23,39,12,4,8,5,3,2
BOWIE COUNTY,037,80 Years,406,173,233,342,147,195,50,19,31,9,5,4,5,2,3
BOWIE COUNTY,037,81 Years,401,154,247,329,130,199,56,18,38,8,3,5,8,3,5
BOWIE COUNTY,037,82 Years,377,143,234,308,119,189,56,20,36,7,3,4,6,1,5
BOWIE COUNTY,037,83 Years,334,126,208,276,107,169,47,15,32,7,4,3,4,0,4
BOWIE COUNTY,037,84 Years,298,112,186,251,93,158,35,14,21,8,4,4,4,1,3
BOWIE COUNTY,037,85 Years +,1926,611,1315,1642,530,1112,239,65,174,29,10,19,16,6,10
BRAZORIA COUNTY,039,All Ages,338464,170665,167799,166622,83333,83289,42762,22058,20704,29349,14316,15033,99731,50958,48773
BRAZORIA COUNTY,039,< 1 Year,4732,2439,2293,1999,1024,975,511,270,241,507,273,234,1715,872,843
BRAZORIA COUNTY,039,1 Years,4662,2385,2277,1990,1001,989,482,251,231,513,276,237,1677,857,820
BRAZORIA COUNTY,039,2 Years,4578,2360,2218,1941,988,953,458,245,213,517,280,237,1662,847,815
BRAZORIA COUNTY,039,3 Years,4750,2467,2283,1983,1010,973,478,256,222,575,303,272,1714,898,816
BRAZORIA COUNTY,039,4 Years,5128,2615,2513,2148,1089,1059,503,261,242,617,316,301,1860,949,911
BRAZORIA COUNTY,039,5 Years,5168,2595,2573,2117,1042,1075,541,267,274,639,326,313,1871,960,911
BRAZORIA COUNTY,039,6 Years,5201,2659,2542,2079,1060,1019,548,270,278,650,339,311,1924,990,934
BRAZORIA COUNTY,039,7 Years,5340,2737,2603,2113,1088,1025,584,277,307,664,349,315,1979,1023,956
BRAZORIA COUNTY,039,8 Years,5172,2686,2486,2077,1107,970,560,283,277,631,350,281,1904,946,958
BRAZORIA COUNTY,039,9 Years,5197,2660,2537,2028,1038,990,565,278,287,659,354,305,1945,990,955
BRAZORIA COUNTY,039,10 Years,5315,2686,2629,2069,1028,1041,631,308,323,615,320,295,2000,1030,970
BRAZORIA COUNTY,039,11 Years,5390,2747,2643,2108,1080,1028,643,321,322,593,299,294,2046,1047,999
BRAZORIA COUNTY,039,12 Years,5467,2758,2709,2166,1107,1059,699,345,354,550,268,282,2052,1038,1014
BRAZORIA COUNTY,039,13 Years,5497,2779,2718,2192,1107,1085,732,386,346,529,257,272,2044,1029,1015
BRAZORIA COUNTY,039,14 Years,5457,2799,2658,2190,1134,1056,739,394,345,490,248,242,2038,1023,1015
BRAZORIA COUNTY,039,15 Years,5121,2637,2484,2056,1064,992,731,383,348,441,233,208,1893,957,936
BRAZORIA COUNTY,039,16 Years,5072,2640,2432,1994,1041,953,731,362,369,446,240,206,1901,997,904
BRAZORIA COUNTY,039,17 Years,5071,2680,2391,1952,1008,944,780,401,379,448,241,207,1891,1030,861
BRAZORIA COUNTY,039,18 Years,4864,2536,2328,1814,927,887,728,386,342,428,230,198,1894,993,901
BRAZORIA COUNTY,039,19 Years,4565,2400,2165,1687,870,817,690,388,302,392,209,183,1796,933,863
BRAZORIA COUNTY,039,20 Years,4306,2280,2026,1593,830,763,652,376,276,346,178,168,1715,896,819
BRAZORIA COUNTY,039,21 Years,4264,2269,1995,1650,850,800,630,341,289,338,169,169,1646,909,737
BRAZORIA COUNTY,039,22 Years,4045,2135,1910,1612,852,760,558,289,269,296,150,146,1579,844,735
BRAZORIA COUNTY,039,23 Years,3813,2000,1813,1626,857,769,493,267,226,242,125,117,1452,751,701
BRAZORIA COUNTY,039,24 Years,3795,1970,1825,1624,835,789,487,257,230,235,124,111,1449,754,695
BRAZORIA COUNTY,039,25 Years,3655,1925,1730,1652,860,792,435,234,201,243,121,122,1325,710,615
BRAZORIA COUNTY,039,26 Years,3624,1891,1733,1655,844,811,420,239,181,235,118,117,1314,690,624
BRAZORIA COUNTY,039,27 Years,3630,1894,1736,1647,844,803,428,248,180,231,117,114,1324,685,639
BRAZORIA COUNTY,039,28 Years,3778,2039,1739,1792,971,821,419,245,174,241,121,120,1326,702,624
BRAZORIA COUNTY,039,29 Years,4070,2144,1926,1943,1034,909,483,270,213,257,131,126,1387,709,678
BRAZORIA COUNTY,039,30 Years,4221,2172,2049,1998,1041,957,493,272,221,270,143,127,1460,716,744
BRAZORIA COUNTY,039,31 Years,4496,2246,2250,2046,993,1053,518,318,200,318,152,166,1614,783,831
BRAZORIA COUNTY,039,32 Years,4698,2273,2425,2140,995,1145,569,326,243,327,133,194,1662,819,843
BRAZORIA COUNTY,039,33 Years,4888,2359,2529,2183,1022,1161,665,342,323,357,137,220,1683,858,825
BRAZORIA COUNTY,039,34 Years,4947,2378,2569,2198,1016,1182,695,366,329,390,157,233,1664,839,825
BRAZORIA COUNTY,039,35 Years,4796,2350,2446,2128,1048,1080,673,352,321,409,156,253,1586,794,792
BRAZORIA COUNTY,039,36 Years,4859,2484,2375,2191,1133,1058,639,331,308,440,199,241,1589,821,768
BRAZORIA COUNTY,039,37 Years,4732,2402,2330,2100,1057,1043,636,341,295,473,226,247,1523,778,745
BRAZORIA COUNTY,039,38 Years,4764,2364,2400,2091,1033,1058,655,335,320,504,234,270,1514,762,752
BRAZORIA COUNTY,039,39 Years,4824,2389,2435,2127,1093,1034,700,318,382,512,219,293,1485,759,726
BRAZORIA COUNTY,039,40 Years,4954,2414,2540,2140,1062,1078,743,356,387,565,232,333,1506,764,742
BRAZORIA COUNTY,039,41 Years,5186,2567,2619,2228,1109,1119,811,418,393,597,262,335,1550,778,772
BRAZORIA COUNTY,039,42 Years,5283,2649,2634,2368,1206,1162,838,442,396,549,248,301,1528,753,775
BRAZORIA COUNTY,039,43 Years,5389,2674,2715,2535,1264,1271,829,432,397,526,241,285,1499,737,762
BRAZORIA COUNTY,039,44 Years,5190,2617,2573,2479,1276,1203,783,383,400,517,249,268,1411,709,702
BRAZORIA COUNTY,039,45 Years,4969,2543,2426,2413,1232,1181,709,372,337,529,260,269,1318,679,639
BRAZORIA COUNTY,039,46 Years,4815,2478,2337,2325,1204,1121,698,378,320,499,246,253,1293,650,643
BRAZORIA COUNTY,039,47 Years,4804,2473,2331,2356,1219,1137,709,383,326,450,224,226,1289,647,642
BRAZORIA COUNTY,039,48 Years,4715,2472,2243,2305,1220,1085,753,395,358,445,226,219,1212,631,581
BRAZORIA COUNTY,039,49 Years,4797,2425,2372,2425,1225,1200,723,360,363,446,217,229,1203,623,580
BRAZORIA COUNTY,039,50 Years,4886,2461,2425,2566,1296,1270,733,370,363,421,198,223,1166,597,569
BRAZORIA COUNTY,039,51 Years,4954,2566,2388,2707,1370,1337,740,394,346,398,209,189,1109,593,516
BRAZORIA COUNTY,039,52 Years,4865,2456,2409,2779,1371,1408,696,358,338,353,178,175,1037,549,488
BRAZORIA COUNTY,039,53 Years,4798,2402,2396,2762,1365,1397,694,355,339,342,158,184,1000,524,476
BRAZORIA COUNTY,039,54 Years,4889,2489,2400,2937,1464,1473,650,351,299,352,157,195,950,517,433
BRAZORIA COUNTY,039,55 Years,4748,2410,2338,2860,1440,1420,628,342,286,324,142,182,936,486,450
BRAZORIA COUNTY,039,56 Years,4634,2350,2284,2849,1435,1414,604,324,280,295,134,161,886,457,429
BRAZORIA COUNTY,039,57 Years,4396,2203,2193,2716,1350,1366,541,276,265,295,143,152,844,434,410
BRAZORIA COUNTY,039,58 Years,4147,2077,2070,2568,1281,1287,500,242,258,282,134,148,797,420,377
BRAZORIA COUNTY,039,59 Years,4090,2062,2028,2592,1303,1289,465,230,235,270,127,143,763,402,361
BRAZORIA COUNTY,039,60 Years,3888,1981,1907,2466,1272,1194,444,208,236,263,123,140,715,378,337
BRAZORIA COUNTY,039,61 Years,3742,1937,1805,2343,1222,1121,467,242,225,251,110,141,681,363,318
BRAZORIA COUNTY,039,62 Years,3465,1754,1711,2195,1125,1070,450,214,236,207,90,117,613,325,288
BRAZORIA COUNTY,039,63 Years,3184,1595,1589,1986,1012,974,430,201,229,213,95,118,555,287,268
BRAZORIA COUNTY,039,64 Years,3145,1570,1575,2041,1026,1015,386,193,193,197,90,107,521,261,260
BRAZORIA COUNTY,039,65 Years,3026,1486,1540,1986,992,994,344,174,170,200,89,111,496,231,265
BRAZORIA COUNTY,039,66 Years,2960,1505,1455,1987,1018,969,315,167,148,190,89,101,468,231,237
BRAZORIA COUNTY,039,67 Years,2834,1435,1399,1955,982,973,284,149,135,175,89,86,420,215,205
BRAZORIA COUNTY,039,68 Years,2246,1101,1145,1504,744,760,229,109,120,160,79,81,353,169,184
BRAZORIA COUNTY,039,69 Years,2182,1050,1132,1434,702,732,236,104,132,153,67,86,359,177,182
BRAZORIA COUNTY,039,70 Years,2206,1042,1164,1508,708,800,224,106,118,132,59,73,342,169,173
BRAZORIA COUNTY,039,71 Years,2042,956,1086,1442,678,764,186,89,97,131,64,67,283,125,158
BRAZORIA COUNTY,039,72 Years,1839,865,974,1285,614,671,157,74,83,130,64,66,267,113,154
BRAZORIA COUNTY,039,73 Years,1698,783,915,1171,546,625,144,66,78,117,51,66,266,120,146
BRAZORIA COUNTY,039,74 Years,1575,731,844,1106,517,589,124,58,66,110,47,63,235,109,126
BRAZORIA COUNTY,039,75 Years,1438,687,751,1031,487,544,103,53,50,98,46,52,206,101,105
BRAZORIA COUNTY,039,76 Years,1322,637,685,963,465,498,88,40,48,86,45,41,185,87,98
BRAZORIA COUNTY,039,77 Years,1136,526,610,838,386,452,71,34,37,66,30,36,161,76,85
BRAZORIA COUNTY,039,78 Years,1097,481,616,818,366,452,67,29,38,62,23,39,150,63,87
BRAZORIA COUNTY,039,79 Years,1070,475,595,792,353,439,56,22,34,66,33,33,156,67,89
BRAZORIA COUNTY,039,80 Years,954,426,528,713,325,388,59,21,38,57,29,28,125,51,74
BRAZORIA COUNTY,039,81 Years,875,373,502,663,287,376,60,20,40,48,23,25,104,43,61
BRAZORIA COUNTY,039,82 Years,752,304,448,562,229,333,62,21,41,35,13,22,93,41,52
BRAZORIA COUNTY,039,83 Years,718,283,435,535,214,321,53,16,37,36,12,24,94,41,53
BRAZORIA COUNTY,039,84 Years,699,277,422,533,211,322,48,19,29,26,11,15,92,36,56
BRAZORIA COUNTY,039,85 Years +,3910,1388,2522,3156,1139,2017,246,69,177,117,39,78,391,141,250
BRAZOS COUNTY,041,All Ages,211617,107430,104187,118091,59602,58489,23265,11233,12032,16476,8782,7694,53785,27813,25972
BRAZOS COUNTY,041,< 1 Year,3615,1811,1804,1470,742,728,516,249,267,389,198,191,1240,622,618
BRAZOS COUNTY,041,1 Years,3494,1758,1736,1443,737,706,488,242,246,365,181,184,1198,598,600
BRAZOS COUNTY,041,2 Years,3404,1711,1693,1443,737,706,487,242,245,334,166,168,1140,566,574
BRAZOS COUNTY,041,3 Years,3455,1752,1703,1473,738,735,484,250,234,348,178,170,1150,586,564
BRAZOS COUNTY,041,4 Years,3426,1702,1724,1456,698,758,483,246,237,324,155,169,1163,603,560
BRAZOS COUNTY,041,5 Years,2577,1291,1286,1048,520,528,358,183,175,219,109,110,952,479,473
BRAZOS COUNTY,041,6 Years,2644,1348,1296,1061,528,533,379,203,176,232,119,113,972,498,474
BRAZOS COUNTY,041,7 Years,2602,1356,1246,1030,536,494,378,194,184,228,110,118,966,516,450
BRAZOS COUNTY,041,8 Years,2441,1233,1208,943,485,458,358,175,183,196,97,99,944,476,468
BRAZOS COUNTY,041,9 Years,2426,1242,1184,966,504,462,335,160,175,188,103,85,937,475,462
BRAZOS COUNTY,041,10 Years,2349,1213,1136,933,492,441,367,186,181,180,90,90,869,445,424
BRAZOS COUNTY,041,11 Years,2333,1201,1132,938,500,438,367,176,191,144,72,72,884,453,431
BRAZOS COUNTY,041,12 Years,2279,1129,1150,904,466,438,366,169,197,125,57,68,884,437,447
BRAZOS COUNTY,041,13 Years,2259,1153,1106,885,462,423,363,184,179,131,55,76,880,452,428
BRAZOS COUNTY,041,14 Years,2181,1104,1077,862,426,436,358,193,165,123,59,64,838,426,412
BRAZOS COUNTY,041,15 Years,2136,1096,1040,910,486,424,335,176,159,114,60,54,777,374,403
BRAZOS COUNTY,041,16 Years,2038,1032,1006,824,431,393,334,169,165,135,75,60,745,357,388
BRAZOS COUNTY,041,17 Years,2087,1056,1031,858,425,433,328,168,160,125,72,53,776,391,385
BRAZOS COUNTY,041,18 Years,4760,2364,2396,2946,1412,1534,417,226,191,284,151,133,1113,575,538
BRAZOS COUNTY,041,19 Years,9642,4852,4790,6629,3299,3330,525,275,250,482,263,219,2006,1015,991
BRAZOS COUNTY,041,20 Years,9758,5005,4753,6795,3404,3391,606,321,285,497,292,205,1860,988,872
BRAZOS COUNTY,041,21 Years,9797,5163,4634,6777,3561,3216,596,300,296,538,301,237,1886,1001,885
BRAZOS COUNTY,041,22 Years,9137,5046,4091,6068,3413,2655,577,271,306,616,346,270,1876,1016,860
BRAZOS COUNTY,041,23 Years,7270,4072,3198,4363,2474,1889,577,303,274,618,383,235,1712,912,800
BRAZOS COUNTY,041,24 Years,5663,3062,2601,3217,1769,1448,458,216,242,607,360,247,1381,717,664
BRAZOS COUNTY,041,25 Years,4720,2494,2226,2552,1302,1250,372,187,185,648,394,254,1148,611,537
BRAZOS COUNTY,041,26 Years,4030,2126,1904,2075,1028,1047,357,166,191,571,354,217,1027,578,449
BRAZOS COUNTY,041,27 Years,3602,1904,1698,1778,911,867,349,177,172,491,280,211,984,536,448
BRAZOS COUNTY,041,28 Years,3618,1915,1703,1760,919,841,359,170,189,452,249,203,1047,577,470
BRAZOS COUNTY,041,29 Years,3665,1970,1695,1862,1003,859,349,157,192,433,236,197,1021,574,447
BRAZOS COUNTY,041,30 Years,3404,1816,1588,1657,880,777,332,162,170,445,250,195,970,524,446
BRAZOS COUNTY,041,31 Years,3222,1746,1476,1542,839,703,339,156,183,390,216,174,951,535,416
BRAZOS COUNTY,041,32 Years,3006,1584,1422,1418,736,682,357,163,194,376,224,152,855,461,394
BRAZOS COUNTY,041,33 Years,2901,1523,1378,1392,732,660,349,171,178,327,183,144,833,437,396
BRAZOS COUNTY,041,34 Years,2774,1460,1314,1369,730,639,318,156,162,294,149,145,793,425,368
BRAZOS COUNTY,041,35 Years,2583,1314,1269,1301,683,618,273,125,148,267,134,133,742,372,370
BRAZOS COUNTY,041,36 Years,2474,1313,1161,1220,652,568,253,132,121,255,133,122,746,396,350
BRAZOS COUNTY,041,37 Years,2341,1186,1155,1134,593,541,263,126,137,251,118,133,693,349,344
BRAZOS COUNTY,041,38 Years,2179,1103,1076,996,517,479,277,126,151,249,126,123,657,334,323
BRAZOS COUNTY,041,39 Years,2051,1056,995,896,468,428,249,112,137,246,128,118,660,348,312
BRAZOS COUNTY,041,40 Years,1996,1029,967,918,476,442,245,115,130,248,136,112,585,302,283
BRAZOS COUNTY,041,41 Years,2003,1009,994,921,462,459,257,124,133,227,119,108,598,304,294
BRAZOS COUNTY,041,42 Years,2012,1004,1008,972,492,480,259,114,145,182,96,86,599,302,297
BRAZOS COUNTY,041,43 Years,2059,977,1082,1060,519,541,270,107,163,164,74,90,565,277,288
BRAZOS COUNTY,041,44 Years,2005,965,1040,1042,504,538,263,114,149,174,75,99,526,272,254
BRAZOS COUNTY,041,45 Years,1882,913,969,971,463,508,266,136,130,152,64,88,493,250,243
BRAZOS COUNTY,041,46 Years,1816,912,904,927,464,463,292,156,136,115,50,65,482,242,240
BRAZOS COUNTY,041,47 Years,1766,867,899,917,451,466,288,132,156,108,53,55,453,231,222
BRAZOS COUNTY,041,48 Years,1798,892,906,952,465,487,284,131,153,111,56,55,451,240,211
BRAZOS COUNTY,041,49 Years,1802,882,920,980,479,501,276,133,143,105,49,56,441,221,220
BRAZOS COUNTY,041,50 Years,1872,925,947,1032,507,525,265,120,145,115,58,57,460,240,220
BRAZOS COUNTY,041,51 Years,1836,899,937,1067,508,559,272,124,148,101,59,42,396,208,188
BRAZOS COUNTY,041,52 Years,1756,841,915,1054,494,560,264,122,142,97,54,43,341,171,170
BRAZOS COUNTY,041,53 Years,1862,890,972,1158,544,614,250,120,130,93,43,50,361,183,178
BRAZOS COUNTY,041,54 Years,1909,918,991,1196,563,633,281,138,143,90,38,52,342,179,163
BRAZOS COUNTY,041,55 Years,1755,854,901,1123,553,570,244,110,134,78,30,48,310,161,149
BRAZOS COUNTY,041,56 Years,1788,876,912,1143,565,578,249,117,132,74,30,44,322,164,158
BRAZOS COUNTY,041,57 Years,1802,873,929,1163,566,597,249,116,133,72,31,41,318,160,158
BRAZOS COUNTY,041,58 Years,1689,801,888,1131,538,593,212,99,113,66,30,36,280,134,146
BRAZOS COUNTY,041,59 Years,1606,766,840,1056,506,550,213,98,115,69,32,37,268,130,138
BRAZOS COUNTY,041,60 Years,1570,757,813,1051,499,552,195,88,107,68,32,36,256,138,118
BRAZOS COUNTY,041,61 Years,1494,738,756,1030,510,520,179,79,100,56,23,33,229,126,103
BRAZOS COUNTY,041,62 Years,1435,701,734,990,467,523,182,85,97,61,32,29,202,117,85
BRAZOS COUNTY,041,63 Years,1319,644,675,912,443,469,161,77,84,61,25,36,185,99,86
BRAZOS COUNTY,041,64 Years,1302,647,655,923,470,453,147,71,76,52,25,27,180,81,99
BRAZOS COUNTY,041,65 Years,1194,579,615,872,420,452,119,57,62,41,24,17,162,78,84
BRAZOS COUNTY,041,66 Years,1267,595,672,938,435,503,119,61,58,39,18,21,171,81,90
BRAZOS COUNTY,041,67 Years,1287,615,672,962,459,503,124,59,65,37,21,16,164,76,88
BRAZOS COUNTY,041,68 Years,1051,498,553,771,372,399,96,42,54,39,18,21,145,66,79
BRAZOS COUNTY,041,69 Years,990,453,537,707,331,376,97,41,56,35,17,18,151,64,87
BRAZOS COUNTY,041,70 Years,917,420,497,675,306,369,91,37,54,31,19,12,120,58,62
BRAZOS COUNTY,041,71 Years,840,398,442,627,301,326,80,32,48,27,14,13,106,51,55
BRAZOS COUNTY,041,72 Years,780,366,414,595,282,313,66,28,38,25,13,12,94,43,51
BRAZOS COUNTY,041,73 Years,739,331,408,564,248,316,69,29,40,25,11,14,81,43,38
BRAZOS COUNTY,041,74 Years,686,293,393,531,228,303,68,26,42,25,10,15,62,29,33
BRAZOS COUNTY,041,75 Years,638,289,349,506,233,273,65,28,37,19,8,11,48,20,28
BRAZOS COUNTY,041,76 Years,641,285,356,503,229,274,61,25,36,22,8,14,55,23,32
BRAZOS COUNTY,041,77 Years,586,260,326,444,200,244,54,20,34,15,6,9,73,34,39
BRAZOS COUNTY,041,78 Years,543,241,302,411,182,229,59,23,36,13,5,8,60,31,29
BRAZOS COUNTY,041,79 Years,509,228,281,390,177,213,53,19,34,17,8,9,49,24,25
BRAZOS COUNTY,041,80 Years,511,223,288,405,178,227,46,16,30,15,6,9,45,23,22
BRAZOS COUNTY,041,81 Years,462,193,269,361,153,208,47,18,29,13,6,7,41,16,25
BRAZOS COUNTY,041,82 Years,439,180,259,355,150,205,38,15,23,9,5,4,37,10,27
BRAZOS COUNTY,041,83 Years,415,166,249,353,144,209,30,11,19,9,4,5,23,7,16
BRAZOS COUNTY,041,84 Years,384,158,226,312,127,185,30,12,18,8,3,5,34,16,18
BRAZOS COUNTY,041,85 Years +,2261,817,1444,1926,701,1225,154,45,109,36,18,18,145,53,92
BREWSTER COUNTY,043,All Ages,9117,4589,4528,4923,2481,2442,73,57,16,250,119,131,3871,1932,1939
BREWSTER COUNTY,043,< 1 Year,115,56,59,47,20,27,1,0,1,10,5,5,57,31,26
BREWSTER COUNTY,043,1 Years,122,61,61,52,26,26,0,0,0,9,4,5,61,31,30
BREWSTER COUNTY,043,2 Years,126,64,62,51,28,23,1,0,1,9,4,5,65,32,33
BREWSTER COUNTY,043,3 Years,127,67,60,52,28,24,1,0,1,8,4,4,66,35,31
BREWSTER COUNTY,043,4 Years,133,64,69,53,29,24,0,0,0,7,2,5,73,33,40
BREWSTER COUNTY,043,5 Years,100,51,49,41,21,20,1,1,0,5,3,2,53,26,27
BREWSTER COUNTY,043,6 Years,88,47,41,35,16,19,0,0,0,3,1,2,50,30,20
BREWSTER COUNTY,043,7 Years,90,48,42,32,14,18,0,0,0,4,2,2,54,32,22
BREWSTER COUNTY,043,8 Years,110,56,54,41,19,22,0,0,0,5,2,3,64,35,29
BREWSTER COUNTY,043,9 Years,96,44,52,31,12,19,1,1,0,5,4,1,59,27,32
BREWSTER COUNTY,043,10 Years,96,54,42,40,23,17,0,0,0,3,2,1,53,29,24
BREWSTER COUNTY,043,11 Years,101,57,44,45,28,17,0,0,0,3,2,1,53,27,26
BREWSTER COUNTY,043,12 Years,104,58,46,41,25,16,3,3,0,5,3,2,55,27,28
BREWSTER COUNTY,043,13 Years,103,50,53,37,13,24,1,1,0,5,4,1,60,32,28
BREWSTER COUNTY,043,14 Years,112,59,53,46,22,24,0,0,0,3,2,1,63,35,28
BREWSTER COUNTY,043,15 Years,96,45,51,37,17,20,1,0,1,4,3,1,54,25,29
BREWSTER COUNTY,043,16 Years,98,46,52,41,23,18,1,0,1,4,1,3,52,22,30
BREWSTER COUNTY,043,17 Years,116,60,56,43,27,16,1,0,1,3,0,3,69,33,36
BREWSTER COUNTY,043,18 Years,135,65,70,55,27,28,0,0,0,4,2,2,76,36,40
BREWSTER COUNTY,043,19 Years,124,67,57,44,23,21,2,1,1,3,2,1,75,41,34
BREWSTER COUNTY,043,20 Years,137,68,69,43,16,27,2,2,0,4,2,2,88,48,40
BREWSTER COUNTY,043,21 Years,157,80,77,64,31,33,4,3,1,2,0,2,87,46,41
BREWSTER COUNTY,043,22 Years,116,64,52,52,27,25,3,3,0,3,3,0,58,31,27
BREWSTER COUNTY,043,23 Years,120,60,60,54,31,23,3,3,0,4,1,3,59,25,34
BREWSTER COUNTY,043,24 Years,93,45,48,42,26,16,4,3,1,2,1,1,45,15,30
BREWSTER COUNTY,043,25 Years,104,55,49,39,18,21,4,4,0,4,3,1,57,30,27
BREWSTER COUNTY,043,26 Years,97,49,48,36,17,19,3,3,0,5,1,4,53,28,25
BREWSTER COUNTY,043,27 Years,100,61,39,43,24,19,1,1,0,4,2,2,52,34,18
BREWSTER COUNTY,043,28 Years,111,46,65,55,19,36,2,2,0,5,1,4,49,24,25
BREWSTER COUNTY,043,29 Years,127,62,65,63,36,27,2,2,0,5,1,4,57,23,34
BREWSTER COUNTY,043,30 Years,119,65,54,67,40,27,0,0,0,3,0,3,49,25,24
BREWSTER COUNTY,043,31 Years,106,59,47,55,31,24,0,0,0,3,2,1,48,26,22
BREWSTER COUNTY,043,32 Years,98,52,46,54,28,26,0,0,0,3,2,1,41,22,19
BREWSTER COUNTY,043,33 Years,105,61,44,53,33,20,1,0,1,1,0,1,50,28,22
BREWSTER COUNTY,043,34 Years,95,58,37,48,30,18,1,0,1,0,0,0,46,28,18
BREWSTER COUNTY,043,35 Years,88,45,43,45,21,24,1,1,0,2,1,1,40,22,18
BREWSTER COUNTY,043,36 Years,100,48,52,51,23,28,2,2,0,3,2,1,44,21,23
BREWSTER COUNTY,043,37 Years,91,45,46,52,26,26,0,0,0,2,2,0,37,17,20
BREWSTER COUNTY,043,38 Years,96,47,49,51,27,24,1,1,0,2,2,0,42,17,25
BREWSTER COUNTY,043,39 Years,113,62,51,57,30,27,2,2,0,3,3,0,51,27,24
BREWSTER COUNTY,043,40 Years,80,46,34,44,28,16,2,1,1,2,1,1,32,16,16
BREWSTER COUNTY,043,41 Years,82,41,41,39,21,18,0,0,0,2,1,1,41,19,22
BREWSTER COUNTY,043,42 Years,101,47,54,52,24,28,0,0,0,1,0,1,48,23,25
BREWSTER COUNTY,043,43 Years,94,47,47,53,28,25,0,0,0,4,3,1,37,16,21
BREWSTER COUNTY,043,44 Years,99,46,53,54,24,30,1,1,0,2,2,0,42,19,23
BREWSTER COUNTY,043,45 Years,98,48,50,51,26,25,1,1,0,2,0,2,44,21,23
BREWSTER COUNTY,043,46 Years,107,49,58,58,29,29,0,0,0,3,1,2,46,19,27
BREWSTER COUNTY,043,47 Years,106,49,57,52,24,28,3,2,1,3,2,1,48,21,27
BREWSTER COUNTY,043,48 Years,97,49,48,52,25,27,2,2,0,4,2,2,39,20,19
BREWSTER COUNTY,043,49 Years,115,51,64,62,29,33,0,0,0,3,0,3,50,22,28
BREWSTER COUNTY,043,50 Years,124,57,67,71,34,37,1,0,1,0,0,0,52,23,29
BREWSTER COUNTY,043,51 Years,126,62,64,76,33,43,0,0,0,0,0,0,50,29,21
BREWSTER COUNTY,043,52 Years,132,58,74,90,42,48,0,0,0,2,0,2,40,16,24
BREWSTER COUNTY,043,53 Years,132,67,65,74,40,34,2,2,0,2,1,1,54,24,30
BREWSTER COUNTY,043,54 Years,131,67,64,79,38,41,1,1,0,3,1,2,48,27,21
BREWSTER COUNTY,043,55 Years,111,56,55,64,33,31,0,0,0,3,2,1,44,21,23
BREWSTER COUNTY,043,56 Years,114,61,53,70,34,36,0,0,0,1,1,0,43,26,17
BREWSTER COUNTY,043,57 Years,133,69,64,89,46,43,0,0,0,1,0,1,43,23,20
BREWSTER COUNTY,043,58 Years,134,65,69,96,47,49,3,1,2,1,0,1,34,17,17
BREWSTER COUNTY,043,59 Years,150,76,74,107,48,59,2,2,0,3,1,2,38,25,13
BREWSTER COUNTY,043,60 Years,152,77,75,105,49,56,1,1,0,1,1,0,45,26,19
BREWSTER COUNTY,043,61 Years,157,80,77,112,56,56,0,0,0,2,0,2,43,24,19
BREWSTER COUNTY,043,62 Years,140,74,66,99,54,45,0,0,0,1,0,1,40,20,20
BREWSTER COUNTY,043,63 Years,128,67,61,85,42,43,1,1,0,5,2,3,37,22,15
BREWSTER COUNTY,043,64 Years,142,63,79,98,42,56,0,0,0,5,2,3,39,19,20
BREWSTER COUNTY,043,65 Years,142,68,74,107,51,56,1,1,0,4,2,2,30,14,16
BREWSTER COUNTY,043,66 Years,136,76,60,104,60,44,0,0,0,4,2,2,28,14,14
BREWSTER COUNTY,043,67 Years,137,77,60,108,60,48,0,0,0,3,2,1,26,15,11
BREWSTER COUNTY,043,68 Years,116,63,53,85,48,37,0,0,0,3,1,2,28,14,14
BREWSTER COUNTY,043,69 Years,105,53,52,70,39,31,0,0,0,3,2,1,32,12,20
BREWSTER COUNTY,043,70 Years,93,45,48,63,33,30,0,0,0,3,1,2,27,11,16
BREWSTER COUNTY,043,71 Years,93,45,48,61,34,27,0,0,0,2,0,2,30,11,19
BREWSTER COUNTY,043,72 Years,86,41,45,64,31,33,0,0,0,1,0,1,21,10,11
BREWSTER COUNTY,043,73 Years,83,42,41,61,32,29,0,0,0,1,1,0,21,9,12
BREWSTER COUNTY,043,74 Years,82,45,37,54,30,24,0,0,0,0,0,0,28,15,13
BREWSTER COUNTY,043,75 Years,87,49,38,57,32,25,0,0,0,3,2,1,27,15,12
BREWSTER COUNTY,043,76 Years,72,40,32,46,26,20,0,0,0,1,1,0,25,13,12
BREWSTER COUNTY,043,77 Years,57,34,23,34,19,15,1,1,0,0,0,0,22,14,8
BREWSTER COUNTY,043,78 Years,47,24,23,29,16,13,1,1,0,0,0,0,17,7,10
BREWSTER COUNTY,043,79 Years,53,21,32,32,15,17,0,0,0,0,0,0,21,6,15
BREWSTER COUNTY,043,80 Years,45,20,25,25,12,13,0,0,0,0,0,0,20,8,12
BREWSTER COUNTY,043,81 Years,39,17,22,24,9,15,0,0,0,0,0,0,15,8,7
BREWSTER COUNTY,043,82 Years,38,16,22,23,9,14,0,0,0,0,0,0,15,7,8
BREWSTER COUNTY,043,83 Years,39,13,26,21,7,14,0,0,0,0,0,0,18,6,12
BREWSTER COUNTY,043,84 Years,37,14,23,21,7,14,0,0,0,1,1,0,15,6,9
BREWSTER COUNTY,043,85 Years +,180,63,117,114,40,74,0,0,0,3,0,3,63,23,40
BRISCOE COUNTY,045,All Ages,1552,776,776,1067,529,538,41,19,22,19,10,9,425,218,207
BRISCOE COUNTY,045,< 1 Year,14,6,8,6,2,4,0,0,0,0,0,0,8,4,4
BRISCOE COUNTY,045,1 Years,14,7,7,5,2,3,0,0,0,0,0,0,9,5,4
BRISCOE COUNTY,045,2 Years,18,8,10,7,4,3,0,0,0,0,0,0,11,4,7
BRISCOE COUNTY,045,3 Years,19,10,9,7,4,3,0,0,0,0,0,0,12,6,6
BRISCOE COUNTY,045,4 Years,28,15,13,8,7,1,2,0,2,1,0,1,17,8,9
BRISCOE COUNTY,045,5 Years,16,7,9,8,3,5,1,0,1,0,0,0,7,4,3
BRISCOE COUNTY,045,6 Years,17,9,8,8,4,4,0,0,0,1,0,1,8,5,3
BRISCOE COUNTY,045,7 Years,22,10,12,9,3,6,0,0,0,1,0,1,12,7,5
BRISCOE COUNTY,045,8 Years,20,11,9,9,6,3,0,0,0,0,0,0,11,5,6
BRISCOE COUNTY,045,9 Years,19,10,9,11,6,5,1,1,0,0,0,0,7,3,4
BRISCOE COUNTY,045,10 Years,14,5,9,8,4,4,0,0,0,0,0,0,6,1,5
BRISCOE COUNTY,045,11 Years,17,10,7,10,7,3,1,0,1,0,0,0,6,3,3
BRISCOE COUNTY,045,12 Years,20,12,8,12,8,4,3,1,2,0,0,0,5,3,2
BRISCOE COUNTY,045,13 Years,16,8,8,8,4,4,1,0,1,1,1,0,6,3,3
BRISCOE COUNTY,045,14 Years,19,8,11,10,2,8,1,1,0,1,1,0,7,4,3
BRISCOE COUNTY,045,15 Years,26,12,14,16,6,10,0,0,0,0,0,0,10,6,4
BRISCOE COUNTY,045,16 Years,14,7,7,10,4,6,0,0,0,0,0,0,4,3,1
BRISCOE COUNTY,045,17 Years,14,6,8,6,2,4,0,0,0,0,0,0,8,4,4
BRISCOE COUNTY,045,18 Years,20,9,11,12,5,7,0,0,0,1,0,1,7,4,3
BRISCOE COUNTY,045,19 Years,17,7,10,11,4,7,0,0,0,1,0,1,5,3,2
BRISCOE COUNTY,045,20 Years,22,12,10,13,8,5,1,1,0,3,1,2,5,2,3
BRISCOE COUNTY,045,21 Years,19,11,8,8,4,4,0,0,0,2,1,1,9,6,3
BRISCOE COUNTY,045,22 Years,18,10,8,9,4,5,0,0,0,0,0,0,9,6,3
BRISCOE COUNTY,045,23 Years,14,8,6,6,3,3,0,0,0,1,1,0,7,4,3
BRISCOE COUNTY,045,24 Years,13,9,4,6,4,2,0,0,0,0,0,0,7,5,2
BRISCOE COUNTY,045,25 Years,12,6,6,5,3,2,0,0,0,0,0,0,7,3,4
BRISCOE COUNTY,045,26 Years,15,8,7,6,3,3,1,1,0,0,0,0,8,4,4
BRISCOE COUNTY,045,27 Years,9,4,5,4,2,2,1,1,0,0,0,0,4,1,3
BRISCOE COUNTY,045,28 Years,14,7,7,7,3,4,2,2,0,0,0,0,5,2,3
BRISCOE COUNTY,045,29 Years,10,5,5,6,3,3,1,1,0,0,0,0,3,1,2
BRISCOE COUNTY,045,30 Years,11,7,4,9,6,3,0,0,0,0,0,0,2,1,1
BRISCOE COUNTY,045,31 Years,11,5,6,6,3,3,1,0,1,0,0,0,4,2,2
BRISCOE COUNTY,045,32 Years,14,7,7,7,3,4,1,0,1,0,0,0,6,4,2
BRISCOE COUNTY,045,33 Years,16,10,6,11,6,5,0,0,0,0,0,0,5,4,1
BRISCOE COUNTY,045,34 Years,15,8,7,10,5,5,0,0,0,0,0,0,5,3,2
BRISCOE COUNTY,045,35 Years,12,3,9,5,1,4,0,0,0,0,0,0,7,2,5
BRISCOE COUNTY,045,36 Years,15,7,8,9,5,4,0,0,0,0,0,0,6,2,4
BRISCOE COUNTY,045,37 Years,20,12,8,10,7,3,2,0,2,0,0,0,8,5,3
BRISCOE COUNTY,045,38 Years,21,10,11,13,6,7,0,0,0,0,0,0,8,4,4
BRISCOE COUNTY,045,39 Years,21,11,10,15,8,7,1,0,1,0,0,0,5,3,2
BRISCOE COUNTY,045,40 Years,15,9,6,8,4,4,0,0,0,1,1,0,6,4,2
BRISCOE COUNTY,045,41 Years,17,9,8,10,5,5,1,0,1,0,0,0,6,4,2
BRISCOE COUNTY,045,42 Years,17,8,9,13,7,6,1,0,1,0,0,0,3,1,2
BRISCOE COUNTY,045,43 Years,15,7,8,13,6,7,0,0,0,0,0,0,2,1,1
BRISCOE COUNTY,045,44 Years,16,8,8,11,6,5,1,1,0,0,0,0,4,1,3
BRISCOE COUNTY,045,45 Years,21,10,11,14,8,6,1,1,0,0,0,0,6,1,5
BRISCOE COUNTY,045,46 Years,11,6,5,6,4,2,0,0,0,0,0,0,5,2,3
BRISCOE COUNTY,045,47 Years,14,9,5,12,7,5,0,0,0,0,0,0,2,2,0
BRISCOE COUNTY,045,48 Years,15,8,7,12,6,6,0,0,0,0,0,0,3,2,1
BRISCOE COUNTY,045,49 Years,25,12,13,22,11,11,0,0,0,0,0,0,3,1,2
BRISCOE COUNTY,045,50 Years,22,8,14,15,7,8,0,0,0,0,0,0,7,1,6
BRISCOE COUNTY,045,51 Years,19,8,11,13,5,8,0,0,0,1,1,0,5,2,3
BRISCOE COUNTY,045,52 Years,27,16,11,19,9,10,0,0,0,0,0,0,8,7,1
BRISCOE COUNTY,045,53 Years,25,17,8,20,13,7,0,0,0,0,0,0,5,4,1
BRISCOE COUNTY,045,54 Years,23,12,11,18,9,9,0,0,0,0,0,0,5,3,2
BRISCOE COUNTY,045,55 Years,21,12,9,16,10,6,0,0,0,0,0,0,5,2,3
BRISCOE COUNTY,045,56 Years,16,6,10,12,5,7,0,0,0,0,0,0,4,1,3
BRISCOE COUNTY,045,57 Years,21,10,11,16,7,9,1,1,0,0,0,0,4,2,2
BRISCOE COUNTY,045,58 Years,22,9,13,19,7,12,1,1,0,0,0,0,2,1,1
BRISCOE COUNTY,045,59 Years,19,9,10,16,6,10,1,1,0,0,0,0,2,2,0
BRISCOE COUNTY,045,60 Years,20,10,10,17,8,9,1,1,0,0,0,0,2,1,1
BRISCOE COUNTY,045,61 Years,22,13,9,20,11,9,0,0,0,1,1,0,1,1,0
BRISCOE COUNTY,045,62 Years,23,14,9,22,13,9,0,0,0,0,0,0,1,1,0
BRISCOE COUNTY,045,63 Years,17,9,8,14,7,7,1,0,1,0,0,0,2,2,0
BRISCOE COUNTY,045,64 Years,18,7,11,15,5,10,0,0,0,1,1,0,2,1,1
BRISCOE COUNTY,045,65 Years,21,9,12,17,8,9,0,0,0,0,0,0,4,1,3
BRISCOE COUNTY,045,66 Years,23,10,13,18,8,10,2,1,1,0,0,0,3,1,2
BRISCOE COUNTY,045,67 Years,29,14,15,25,13,12,2,1,1,0,0,0,2,0,2
BRISCOE COUNTY,045,68 Years,31,17,14,27,15,12,0,0,0,0,0,0,4,2,2
BRISCOE COUNTY,045,69 Years,18,10,8,14,9,5,0,0,0,0,0,0,4,1,3
BRISCOE COUNTY,045,70 Years,20,11,9,15,8,7,1,1,0,0,0,0,4,2,2
BRISCOE COUNTY,045,71 Years,21,10,11,17,8,9,0,0,0,1,0,1,3,2,1
BRISCOE COUNTY,045,72 Years,20,10,10,18,9,9,0,0,0,0,0,0,2,1,1
BRISCOE COUNTY,045,73 Years,14,8,6,13,7,6,0,0,0,0,0,0,1,1,0
BRISCOE COUNTY,045,74 Years,15,8,7,14,7,7,0,0,0,0,0,0,1,1,0
BRISCOE COUNTY,045,75 Years,13,4,9,11,4,7,1,0,1,0,0,0,1,0,1
BRISCOE COUNTY,045,76 Years,16,9,7,14,8,6,0,0,0,0,0,0,2,1,1
BRISCOE COUNTY,045,77 Years,14,8,6,13,7,6,0,0,0,0,0,0,1,1,0
BRISCOE COUNTY,045,78 Years,16,7,9,14,7,7,1,0,1,0,0,0,1,0,1
BRISCOE COUNTY,045,79 Years,18,9,9,16,8,8,0,0,0,0,0,0,2,1,1
BRISCOE COUNTY,045,80 Years,14,8,6,13,7,6,0,0,0,0,0,0,1,1,0
BRISCOE COUNTY,045,81 Years,13,6,7,13,6,7,0,0,0,0,0,0,0,0,0
BRISCOE COUNTY,045,82 Years,17,9,8,15,7,8,0,0,0,0,0,0,2,2,0
BRISCOE COUNTY,045,83 Years,12,5,7,12,5,7,0,0,0,0,0,0,0,0,0
BRISCOE COUNTY,045,84 Years,12,5,7,10,4,6,0,0,0,0,0,0,2,1,1
BRISCOE COUNTY,045,85 Years +,48,16,32,39,14,25,4,1,3,1,1,0,4,0,4
BROOKS COUNTY,047,All Ages,7226,3594,3632,575,281,294,21,13,8,43,18,25,6587,3282,3305
BROOKS COUNTY,047,< 1 Year,112,54,58,9,4,5,0,0,0,1,0,1,102,50,52
BROOKS COUNTY,047,1 Years,110,52,58,10,5,5,0,0,0,0,0,0,100,47,53
BROOKS COUNTY,047,2 Years,120,58,62,10,5,5,0,0,0,1,0,1,109,53,56
BROOKS COUNTY,047,3 Years,116,60,56,9,5,4,0,0,0,1,0,1,106,55,51
BROOKS COUNTY,047,4 Years,120,58,62,7,3,4,0,0,0,0,0,0,113,55,58
BROOKS COUNTY,047,5 Years,110,59,51,6,2,4,0,0,0,1,0,1,103,57,46
BROOKS COUNTY,047,6 Years,110,57,53,10,7,3,0,0,0,2,0,2,98,50,48
BROOKS COUNTY,047,7 Years,125,64,61,7,5,2,0,0,0,1,0,1,117,59,58
BROOKS COUNTY,047,8 Years,117,65,52,9,6,3,0,0,0,0,0,0,108,59,49
BROOKS COUNTY,047,9 Years,105,50,55,6,3,3,0,0,0,0,0,0,99,47,52
BROOKS COUNTY,047,10 Years,101,51,50,4,2,2,1,0,1,2,2,0,94,47,47
BROOKS COUNTY,047,11 Years,87,41,46,4,0,4,0,0,0,1,1,0,82,40,42
BROOKS COUNTY,047,12 Years,114,56,58,8,2,6,0,0,0,0,0,0,106,54,52
BROOKS COUNTY,047,13 Years,104,53,51,5,4,1,1,1,0,0,0,0,98,48,50
BROOKS COUNTY,047,14 Years,106,59,47,6,2,4,1,1,0,1,1,0,98,55,43
BROOKS COUNTY,047,15 Years,104,64,40,6,4,2,1,0,1,0,0,0,97,60,37
BROOKS COUNTY,047,16 Years,104,60,44,7,5,2,0,0,0,0,0,0,97,55,42
BROOKS COUNTY,047,17 Years,99,57,42,5,4,1,0,0,0,0,0,0,94,53,41
BROOKS COUNTY,047,18 Years,105,55,50,4,1,3,0,0,0,1,0,1,100,54,46
BROOKS COUNTY,047,19 Years,92,55,37,3,1,2,0,0,0,1,0,1,88,54,34
BROOKS COUNTY,047,20 Years,93,54,39,3,2,1,0,0,0,1,0,1,89,52,37
BROOKS COUNTY,047,21 Years,115,62,53,5,2,3,0,0,0,0,0,0,110,60,50
BROOKS COUNTY,047,22 Years,117,64,53,4,1,3,0,0,0,0,0,0,113,63,50
BROOKS COUNTY,047,23 Years,105,57,48,3,1,2,0,0,0,2,1,1,100,55,45
BROOKS COUNTY,047,24 Years,106,51,55,5,3,2,0,0,0,3,2,1,98,46,52
BROOKS COUNTY,047,25 Years,87,49,38,4,2,2,1,1,0,0,0,0,82,46,36
BROOKS COUNTY,047,26 Years,94,51,43,7,1,6,0,0,0,0,0,0,87,50,37
BROOKS COUNTY,047,27 Years,85,45,40,5,2,3,1,1,0,2,1,1,77,41,36
BROOKS COUNTY,047,28 Years,79,35,44,5,2,3,0,0,0,3,1,2,71,32,39
BROOKS COUNTY,047,29 Years,71,40,31,5,3,2,0,0,0,1,0,1,65,37,28
BROOKS COUNTY,047,30 Years,75,43,32,5,3,2,1,0,1,0,0,0,69,40,29
BROOKS COUNTY,047,31 Years,81,35,46,6,2,4,1,1,0,1,0,1,73,32,41
BROOKS COUNTY,047,32 Years,77,34,43,6,3,3,3,1,2,0,0,0,68,30,38
BROOKS COUNTY,047,33 Years,87,46,41,6,4,2,1,1,0,0,0,0,80,41,39
BROOKS COUNTY,047,34 Years,73,33,40,5,2,3,1,1,0,0,0,0,67,30,37
BROOKS COUNTY,047,35 Years,58,31,27,4,2,2,0,0,0,0,0,0,54,29,25
BROOKS COUNTY,047,36 Years,64,34,30,2,0,2,0,0,0,0,0,0,62,34,28
BROOKS COUNTY,047,37 Years,58,29,29,5,1,4,0,0,0,0,0,0,53,28,25
BROOKS COUNTY,047,38 Years,62,29,33,6,3,3,0,0,0,1,1,0,55,25,30
BROOKS COUNTY,047,39 Years,64,39,25,4,2,2,1,1,0,2,2,0,57,34,23
BROOKS COUNTY,047,40 Years,52,34,18,5,4,1,0,0,0,1,1,0,46,29,17
BROOKS COUNTY,047,41 Years,74,40,34,11,7,4,0,0,0,1,1,0,62,32,30
BROOKS COUNTY,047,42 Years,69,28,41,8,4,4,1,1,0,2,1,1,58,22,36
BROOKS COUNTY,047,43 Years,64,30,34,7,4,3,0,0,0,0,0,0,57,26,31
BROOKS COUNTY,047,44 Years,56,28,28,6,3,3,0,0,0,0,0,0,50,25,25
BROOKS COUNTY,047,45 Years,61,25,36,3,1,2,1,1,0,0,0,0,57,23,34
BROOKS COUNTY,047,46 Years,63,32,31,1,1,0,1,0,1,2,1,1,59,30,29
BROOKS COUNTY,047,47 Years,77,40,37,4,1,3,0,0,0,1,1,0,72,38,34
BROOKS COUNTY,047,48 Years,80,38,42,5,3,2,0,0,0,0,0,0,75,35,40
BROOKS COUNTY,047,49 Years,88,42,46,6,4,2,0,0,0,0,0,0,82,38,44
BROOKS COUNTY,047,50 Years,83,39,44,5,4,1,1,1,0,0,0,0,77,34,43
BROOKS COUNTY,047,51 Years,94,45,49,7,3,4,1,1,0,0,0,0,86,41,45
BROOKS COUNTY,047,52 Years,105,49,56,8,3,5,0,0,0,0,0,0,97,46,51
BROOKS COUNTY,047,53 Years,93,47,46,8,2,6,0,0,0,0,0,0,85,45,40
BROOKS COUNTY,047,54 Years,97,42,55,4,2,2,0,0,0,0,0,0,93,40,53
BROOKS COUNTY,047,55 Years,88,47,41,6,3,3,0,0,0,0,0,0,82,44,38
BROOKS COUNTY,047,56 Years,85,39,46,6,4,2,0,0,0,1,0,1,78,35,43
BROOKS COUNTY,047,57 Years,95,45,50,7,3,4,0,0,0,1,0,1,87,42,45
BROOKS COUNTY,047,58 Years,95,48,47,10,4,6,0,0,0,0,0,0,85,44,41
BROOKS COUNTY,047,59 Years,99,47,52,10,5,5,0,0,0,1,0,1,88,42,46
BROOKS COUNTY,047,60 Years,96,52,44,12,6,6,0,0,0,1,0,1,83,46,37
BROOKS COUNTY,047,61 Years,93,47,46,11,5,6,0,0,0,0,0,0,82,42,40
BROOKS COUNTY,047,62 Years,84,44,40,8,4,4,0,0,0,0,0,0,76,40,36
BROOKS COUNTY,047,63 Years,90,48,42,7,4,3,0,0,0,0,0,0,83,44,39
BROOKS COUNTY,047,64 Years,89,39,50,10,4,6,0,0,0,0,0,0,79,35,44
BROOKS COUNTY,047,65 Years,84,38,46,8,2,6,0,0,0,0,0,0,76,36,40
BROOKS COUNTY,047,66 Years,83,43,40,10,6,4,0,0,0,0,0,0,73,37,36
BROOKS COUNTY,047,67 Years,88,40,48,9,5,4,0,0,0,0,0,0,79,35,44
BROOKS COUNTY,047,68 Years,81,43,38,7,5,2,0,0,0,0,0,0,74,38,36
BROOKS COUNTY,047,69 Years,90,46,44,10,6,4,0,0,0,0,0,0,80,40,40
BROOKS COUNTY,047,70 Years,68,30,38,4,2,2,0,0,0,0,0,0,64,28,36
BROOKS COUNTY,047,71 Years,65,28,37,9,5,4,0,0,0,0,0,0,56,23,33
BROOKS COUNTY,047,72 Years,61,26,35,9,5,4,0,0,0,1,0,1,51,21,30
BROOKS COUNTY,047,73 Years,50,25,25,6,6,0,0,0,0,0,0,0,44,19,25
BROOKS COUNTY,047,74 Years,59,26,33,8,5,3,0,0,0,1,0,1,50,21,29
BROOKS COUNTY,047,75 Years,59,25,34,6,3,3,0,0,0,0,0,0,53,22,31
BROOKS COUNTY,047,76 Years,51,23,28,6,4,2,0,0,0,0,0,0,45,19,26
BROOKS COUNTY,047,77 Years,51,26,25,5,2,3,0,0,0,0,0,0,46,24,22
BROOKS COUNTY,047,78 Years,50,26,24,11,6,5,0,0,0,0,0,0,39,20,19
BROOKS COUNTY,047,79 Years,44,19,25,6,4,2,0,0,0,0,0,0,38,15,23
BROOKS COUNTY,047,80 Years,39,16,23,6,4,2,0,0,0,0,0,0,33,12,21
BROOKS COUNTY,047,81 Years,29,12,17,3,1,2,0,0,0,0,0,0,26,11,15
BROOKS COUNTY,047,82 Years,28,7,21,3,0,3,0,0,0,0,0,0,25,7,18
BROOKS COUNTY,047,83 Years,39,13,26,5,0,5,0,0,0,0,0,0,34,13,21
BROOKS COUNTY,047,84 Years,47,19,28,9,4,5,1,0,1,0,0,0,37,15,22
BROOKS COUNTY,047,85 Years +,178,59,119,30,7,23,1,0,1,1,1,0,146,51,95
BROWN COUNTY,049,All Ages,39166,19454,19712,28386,13937,14449,1380,756,624,1030,537,493,8370,4224,4146
BROWN COUNTY,049,< 1 Year,438,225,213,269,132,137,18,9,9,20,15,5,131,69,62
BROWN COUNTY,049,1 Years,446,226,220,283,142,141,17,7,10,18,14,4,128,63,65
BROWN COUNTY,049,2 Years,448,219,229,285,137,148,18,10,8,17,12,5,128,60,68
BROWN COUNTY,049,3 Years,455,227,228,273,136,137,18,8,10,21,13,8,143,70,73
BROWN COUNTY,049,4 Years,483,258,225,275,167,108,24,14,10,19,11,8,165,66,99
BROWN COUNTY,049,5 Years,491,270,221,281,156,125,20,13,7,25,15,10,165,86,79
BROWN COUNTY,049,6 Years,484,263,221,264,144,120,16,7,9,28,21,7,176,91,85
BROWN COUNTY,049,7 Years,541,277,264,308,154,154,17,7,10,28,17,11,188,99,89
BROWN COUNTY,049,8 Years,532,266,266,273,144,129,16,7,9,29,17,12,214,98,116
BROWN COUNTY,049,9 Years,518,247,271,282,137,145,13,4,9,30,16,14,193,90,103
BROWN COUNTY,049,10 Years,523,265,258,293,156,137,16,6,10,34,16,18,180,87,93
BROWN COUNTY,049,11 Years,548,302,246,317,183,134,15,5,10,26,11,15,190,103,87
BROWN COUNTY,049,12 Years,538,276,262,319,169,150,14,6,8,22,11,11,183,90,93
BROWN COUNTY,049,13 Years,530,279,251,336,186,150,16,7,9,20,11,9,158,75,83
BROWN COUNTY,049,14 Years,544,279,265,335,175,160,18,7,11,24,14,10,167,83,84
BROWN COUNTY,049,15 Years,531,276,255,321,171,150,15,9,6,21,13,8,174,83,91
BROWN COUNTY,049,16 Years,538,283,255,334,179,155,17,7,10,17,10,7,170,87,83
BROWN COUNTY,049,17 Years,532,277,255,347,191,156,18,8,10,11,5,6,156,73,83
BROWN COUNTY,049,18 Years,520,277,243,336,177,159,19,10,9,9,3,6,156,87,69
BROWN COUNTY,049,19 Years,487,242,245,309,152,157,25,12,13,6,3,3,147,75,72
BROWN COUNTY,049,20 Years,511,267,244,303,153,150,34,15,19,11,6,5,163,93,70
BROWN COUNTY,049,21 Years,497,247,250,286,138,148,43,19,24,13,7,6,155,83,72
BROWN COUNTY,049,22 Years,519,273,246,315,164,151,32,19,13,16,5,11,156,85,71
BROWN COUNTY,049,23 Years,552,298,254,371,197,174,30,18,12,18,8,10,133,75,58
BROWN COUNTY,049,24 Years,559,295,264,376,192,184,33,19,14,14,6,8,136,78,58
BROWN COUNTY,049,25 Years,526,260,266,358,174,184,30,16,14,13,7,6,125,63,62
BROWN COUNTY,049,26 Years,488,235,253,340,164,176,22,13,9,12,5,7,114,53,61
BROWN COUNTY,049,27 Years,439,195,244,294,126,168,24,13,11,12,4,8,109,52,57
BROWN COUNTY,049,28 Years,408,210,198,261,122,139,22,18,4,13,5,8,112,65,47
BROWN COUNTY,049,29 Years,370,191,179,238,121,117,18,12,6,13,7,6,101,51,50
BROWN COUNTY,049,30 Years,397,198,199,261,123,138,16,12,4,7,4,3,113,59,54
BROWN COUNTY,049,31 Years,412,220,192,286,151,135,20,16,4,7,4,3,99,49,50
BROWN COUNTY,049,32 Years,381,185,196,264,130,134,16,11,5,4,2,2,97,42,55
BROWN COUNTY,049,33 Years,397,211,186,266,138,128,24,16,8,5,2,3,102,55,47
BROWN COUNTY,049,34 Years,409,207,202,282,138,144,15,9,6,8,2,6,104,58,46
BROWN COUNTY,049,35 Years,425,217,208,287,150,137,20,12,8,8,4,4,110,51,59
BROWN COUNTY,049,36 Years,416,219,197,286,152,134,18,14,4,5,2,3,107,51,56
BROWN COUNTY,049,37 Years,405,205,200,284,141,143,10,6,4,6,2,4,105,56,49
BROWN COUNTY,049,38 Years,409,194,215,264,118,146,22,17,5,11,6,5,112,53,59
BROWN COUNTY,049,39 Years,416,208,208,271,124,147,20,15,5,13,8,5,112,61,51
BROWN COUNTY,049,40 Years,417,206,211,285,135,150,14,10,4,12,5,7,106,56,50
BROWN COUNTY,049,41 Years,433,222,211,309,161,148,16,9,7,13,5,8,95,47,48
BROWN COUNTY,049,42 Years,472,232,240,349,171,178,14,9,5,7,3,4,102,49,53
BROWN COUNTY,049,43 Years,464,226,238,342,173,169,19,12,7,4,2,2,99,39,60
BROWN COUNTY,049,44 Years,475,256,219,360,190,170,20,15,5,6,4,2,89,47,42
BROWN COUNTY,049,45 Years,441,228,213,318,162,156,24,15,9,13,7,6,86,44,42
BROWN COUNTY,049,46 Years,434,230,204,314,167,147,21,13,8,9,4,5,90,46,44
BROWN COUNTY,049,47 Years,427,214,213,308,154,154,18,11,7,7,5,2,94,44,50
BROWN COUNTY,049,48 Years,446,221,225,331,166,165,12,6,6,9,5,4,94,44,50
BROWN COUNTY,049,49 Years,481,238,243,360,178,182,13,8,5,13,6,7,95,46,49
BROWN COUNTY,049,50 Years,509,270,239,382,194,188,14,8,6,13,8,5,100,60,40
BROWN COUNTY,049,51 Years,564,275,289,433,198,235,16,8,8,11,8,3,104,61,43
BROWN COUNTY,049,52 Years,543,270,273,420,206,214,15,7,8,12,6,6,96,51,45
BROWN COUNTY,049,53 Years,547,273,274,418,200,218,21,15,6,9,2,7,99,56,43
BROWN COUNTY,049,54 Years,568,277,291,445,208,237,20,15,5,11,4,7,92,50,42
BROWN COUNTY,049,55 Years,554,286,268,434,223,211,26,15,11,9,4,5,85,44,41
BROWN COUNTY,049,56 Years,526,257,269,418,201,217,26,13,13,9,5,4,73,38,35
BROWN COUNTY,049,57 Years,548,263,285,438,205,233,26,14,12,9,3,6,75,41,34
BROWN COUNTY,049,58 Years,527,249,278,442,208,234,17,9,8,8,3,5,60,29,31
BROWN COUNTY,049,59 Years,513,240,273,430,199,231,16,9,7,11,4,7,56,28,28
BROWN COUNTY,049,60 Years,500,239,261,407,197,210,15,8,7,14,6,8,64,28,36
BROWN COUNTY,049,61 Years,503,238,265,418,197,221,13,5,8,9,5,4,63,31,32
BROWN COUNTY,049,62 Years,505,242,263,422,197,225,13,7,6,8,3,5,62,35,27
BROWN COUNTY,049,63 Years,504,236,268,433,200,233,9,6,3,6,4,2,56,26,30
BROWN COUNTY,049,64 Years,526,251,275,444,213,231,9,4,5,9,4,5,64,30,34
BROWN COUNTY,049,65 Years,563,280,283,485,242,243,6,1,5,13,8,5,59,29,30
BROWN COUNTY,049,66 Years,544,257,287,472,223,249,12,5,7,13,7,6,47,22,25
BROWN COUNTY,049,67 Years,561,274,287,493,240,253,11,4,7,11,4,7,46,26,20
BROWN COUNTY,049,68 Years,476,244,232,417,212,205,6,4,2,12,7,5,41,21,20
BROWN COUNTY,049,69 Years,451,215,236,399,194,205,10,4,6,12,6,6,30,11,19
BROWN COUNTY,049,70 Years,450,226,224,402,202,200,6,3,3,11,4,7,31,17,14
BROWN COUNTY,049,71 Years,431,216,215,380,193,187,10,3,7,7,3,4,34,17,17
BROWN COUNTY,049,72 Years,393,175,218,350,159,191,6,1,5,6,3,3,31,12,19
BROWN COUNTY,049,73 Years,371,164,207,334,146,188,6,4,2,4,2,2,27,12,15
BROWN COUNTY,049,74 Years,340,159,181,296,137,159,7,2,5,10,5,5,27,15,12
BROWN COUNTY,049,75 Years,303,138,165,268,123,145,5,1,4,6,2,4,24,12,12
BROWN COUNTY,049,76 Years,274,131,143,242,116,126,3,1,2,5,3,2,24,11,13
BROWN COUNTY,049,77 Years,264,127,137,239,117,122,4,1,3,5,2,3,16,7,9
BROWN COUNTY,049,78 Years,271,127,144,243,113,130,6,2,4,8,5,3,14,7,7
BROWN COUNTY,049,79 Years,239,109,130,210,96,114,5,2,3,5,2,3,19,9,10
BROWN COUNTY,049,80 Years,199,90,109,179,80,99,1,0,1,1,1,0,18,9,9
BROWN COUNTY,049,81 Years,189,85,104,164,73,91,4,3,1,2,1,1,19,8,11
BROWN COUNTY,049,82 Years,193,85,108,168,70,98,5,4,1,5,4,1,15,7,8
BROWN COUNTY,049,83 Years,170,65,105,151,58,93,2,1,1,3,1,2,14,5,9
BROWN COUNTY,049,84 Years,164,69,95,143,61,82,6,2,4,2,1,1,13,5,8
BROWN COUNTY,049,85 Years +,830,310,520,758,275,483,13,4,9,14,7,7,45,24,21
BURLESON COUNTY,051,All Ages,17529,8663,8866,11458,5582,5876,2111,1015,1096,270,138,132,3690,1928,1762
BURLESON COUNTY,051,< 1 Year,189,92,97,83,39,44,21,10,11,6,3,3,79,40,39
BURLESON COUNTY,051,1 Years,183,89,94,78,38,40,21,11,10,4,2,2,80,38,42
BURLESON COUNTY,051,2 Years,183,94,89,83,43,40,20,9,11,4,2,2,76,40,36
BURLESON COUNTY,051,3 Years,196,103,93,87,44,43,20,11,9,5,2,3,84,46,38
BURLESON COUNTY,051,4 Years,195,106,89,94,52,42,19,8,11,4,2,2,78,44,34
BURLESON COUNTY,051,5 Years,198,111,87,104,59,45,17,10,7,11,5,6,66,37,29
BURLESON COUNTY,051,6 Years,236,125,111,126,66,60,21,11,10,11,5,6,78,43,35
BURLESON COUNTY,051,7 Years,234,121,113,116,57,59,26,16,10,5,3,2,87,45,42
BURLESON COUNTY,051,8 Years,224,112,112,110,53,57,26,13,13,7,6,1,81,40,41
BURLESON COUNTY,051,9 Years,234,119,115,116,59,57,32,14,18,9,6,3,77,40,37
BURLESON COUNTY,051,10 Years,244,133,111,116,67,49,42,19,23,5,4,1,81,43,38
BURLESON COUNTY,051,11 Years,218,111,107,109,55,54,32,16,16,5,2,3,72,38,34
BURLESON COUNTY,051,12 Years,226,115,111,124,62,62,25,12,13,2,1,1,75,40,35
BURLESON COUNTY,051,13 Years,247,124,123,133,62,71,32,17,15,3,1,2,79,44,35
BURLESON COUNTY,051,14 Years,235,116,119,132,61,71,32,17,15,5,1,4,66,37,29
BURLESON COUNTY,051,15 Years,227,117,110,120,61,59,38,16,22,5,3,2,64,37,27
BURLESON COUNTY,051,16 Years,235,111,124,130,57,73,32,16,16,6,4,2,67,34,33
BURLESON COUNTY,051,17 Years,247,128,119,141,71,70,33,19,14,8,6,2,65,32,33
BURLESON COUNTY,051,18 Years,243,141,102,134,79,55,31,17,14,6,4,2,72,41,31
BURLESON COUNTY,051,19 Years,226,120,106,125,65,60,37,17,20,4,2,2,60,36,24
BURLESON COUNTY,051,20 Years,195,102,93,113,57,56,31,17,14,3,1,2,48,27,21
BURLESON COUNTY,051,21 Years,195,96,99,101,53,48,33,12,21,3,1,2,58,30,28
BURLESON COUNTY,051,22 Years,201,97,104,114,57,57,32,12,20,3,3,0,52,25,27
BURLESON COUNTY,051,23 Years,194,91,103,114,51,63,28,12,16,4,3,1,48,25,23
BURLESON COUNTY,051,24 Years,186,97,89,101,47,54,27,16,11,4,2,2,54,32,22
BURLESON COUNTY,051,25 Years,165,90,75,93,52,41,21,10,11,1,0,1,50,28,22
BURLESON COUNTY,051,26 Years,170,77,93,108,49,59,22,8,14,2,1,1,38,19,19
BURLESON COUNTY,051,27 Years,172,83,89,103,50,53,27,13,14,2,1,1,40,19,21
BURLESON COUNTY,051,28 Years,178,90,88,105,54,51,19,9,10,2,0,2,52,27,25
BURLESON COUNTY,051,29 Years,175,90,85,100,48,52,22,11,11,1,0,1,52,31,21
BURLESON COUNTY,051,30 Years,155,79,76,94,43,51,15,9,6,0,0,0,46,27,19
BURLESON COUNTY,051,31 Years,152,72,80,86,43,43,21,11,10,1,0,1,44,18,26
BURLESON COUNTY,051,32 Years,177,87,90,114,59,55,20,9,11,1,0,1,42,19,23
BURLESON COUNTY,051,33 Years,195,102,93,122,67,55,23,10,13,2,2,0,48,23,25
BURLESON COUNTY,051,34 Years,179,84,95,103,48,55,22,12,10,3,2,1,51,22,29
BURLESON COUNTY,051,35 Years,160,71,89,94,42,52,20,9,11,1,1,0,45,19,26
BURLESON COUNTY,051,36 Years,155,79,76,90,50,40,20,9,11,3,1,2,42,19,23
BURLESON COUNTY,051,37 Years,161,84,77,96,55,41,20,7,13,5,1,4,40,21,19
BURLESON COUNTY,051,38 Years,167,81,86,98,48,50,19,9,10,3,1,2,47,23,24
BURLESON COUNTY,051,39 Years,186,94,92,108,55,53,24,11,13,2,1,1,52,27,25
BURLESON COUNTY,051,40 Years,180,85,95,102,50,52,28,12,16,3,1,2,47,22,25
BURLESON COUNTY,051,41 Years,196,91,105,119,53,66,28,13,15,3,2,1,46,23,23
BURLESON COUNTY,051,42 Years,202,104,98,131,64,67,28,16,12,1,1,0,42,23,19
BURLESON COUNTY,051,43 Years,205,117,88,139,80,59,22,10,12,2,1,1,42,26,16
BURLESON COUNTY,051,44 Years,218,110,108,149,77,72,20,9,11,2,0,2,47,24,23
BURLESON COUNTY,051,45 Years,214,102,112,148,72,76,24,10,14,2,1,1,40,19,21
BURLESON COUNTY,051,46 Years,242,128,114,160,80,80,37,21,16,1,0,1,44,27,17
BURLESON COUNTY,051,47 Years,233,111,122,156,72,84,30,16,14,3,1,2,44,22,22
BURLESON COUNTY,051,48 Years,248,121,127,174,84,90,23,14,9,4,2,2,47,21,26
BURLESON COUNTY,051,49 Years,236,118,118,171,80,91,17,10,7,2,2,0,46,26,20
BURLESON COUNTY,051,50 Years,254,132,122,185,95,90,28,14,14,1,1,0,40,22,18
BURLESON COUNTY,051,51 Years,285,140,145,197,95,102,33,16,17,6,3,3,49,26,23
BURLESON COUNTY,051,52 Years,263,129,134,185,83,102,30,20,10,4,2,2,44,24,20
BURLESON COUNTY,051,53 Years,260,128,132,192,90,102,24,15,9,3,1,2,41,22,19
BURLESON COUNTY,051,54 Years,281,138,143,212,106,106,24,13,11,4,0,4,41,19,22
BURLESON COUNTY,051,55 Years,278,133,145,209,96,113,27,17,10,5,2,3,37,18,19
BURLESON COUNTY,051,56 Years,292,140,152,223,99,124,35,20,15,1,1,0,33,20,13
BURLESON COUNTY,051,57 Years,288,135,153,217,102,115,39,16,23,2,2,0,30,15,15
BURLESON COUNTY,051,58 Years,282,127,155,223,108,115,27,6,21,2,1,1,30,12,18
BURLESON COUNTY,051,59 Years,272,124,148,220,101,119,26,9,17,1,0,1,25,14,11
BURLESON COUNTY,051,60 Years,270,125,145,205,91,114,32,18,14,4,2,2,29,14,15
BURLESON COUNTY,051,61 Years,261,138,123,196,103,93,36,21,15,4,2,2,25,12,13
BURLESON COUNTY,051,62 Years,227,108,119,175,85,90,29,14,15,2,1,1,21,8,13
BURLESON COUNTY,051,63 Years,249,128,121,179,92,87,36,18,18,4,3,1,30,15,15
BURLESON COUNTY,051,64 Years,251,122,129,182,90,92,39,18,21,4,1,3,26,13,13
BURLESON COUNTY,051,65 Years,236,118,118,177,88,89,33,14,19,5,1,4,21,15,6
BURLESON COUNTY,051,66 Years,225,109,116,173,86,87,31,12,19,2,0,2,19,11,8
BURLESON COUNTY,051,67 Years,237,116,121,184,90,94,24,11,13,4,1,3,25,14,11
BURLESON COUNTY,051,68 Years,210,106,104,161,84,77,16,7,9,2,1,1,31,14,17
BURLESON COUNTY,051,69 Years,189,104,85,147,82,65,19,11,8,2,1,1,21,10,11
BURLESON COUNTY,051,70 Years,187,98,89,152,78,74,15,8,7,3,2,1,17,10,7
BURLESON COUNTY,051,71 Years,162,83,79,130,65,65,16,9,7,2,1,1,14,8,6
BURLESON COUNTY,051,72 Years,140,75,65,112,61,51,10,3,7,3,2,1,15,9,6
BURLESON COUNTY,051,73 Years,139,61,78,114,49,65,12,3,9,3,3,0,10,6,4
BURLESON COUNTY,051,74 Years,142,70,72,111,51,60,17,9,8,1,1,0,13,9,4
BURLESON COUNTY,051,75 Years,140,64,76,108,49,59,16,7,9,2,1,1,14,7,7
BURLESON COUNTY,051,76 Years,119,55,64,98,46,52,11,4,7,1,1,0,9,4,5
BURLESON COUNTY,051,77 Years,119,56,63,101,52,49,10,3,7,0,0,0,8,1,7
BURLESON COUNTY,051,78 Years,118,56,62,96,46,50,12,6,6,1,1,0,9,3,6
BURLESON COUNTY,051,79 Years,99,45,54,75,32,43,15,7,8,0,0,0,9,6,3
BURLESON COUNTY,051,80 Years,108,44,64,87,36,51,11,5,6,1,0,1,9,3,6
BURLESON COUNTY,051,81 Years,96,43,53,71,30,41,13,6,7,1,1,0,11,6,5
BURLESON COUNTY,051,82 Years,95,39,56,76,33,43,11,3,8,0,0,0,8,3,5
BURLESON COUNTY,051,83 Years,89,42,47,74,36,38,8,2,6,1,1,0,6,3,3
BURLESON COUNTY,051,84 Years,93,39,54,73,29,44,10,4,6,1,0,1,9,6,3
BURLESON COUNTY,051,85 Years +,461,172,289,371,133,238,56,20,36,4,2,2,30,17,13
BURNET COUNTY,053,All Ages,44975,22040,22935,33250,15995,17255,718,390,328,956,439,517,10051,5216,4835
BURNET COUNTY,053,< 1 Year,502,258,244,268,141,127,4,3,1,19,8,11,211,106,105
BURNET COUNTY,053,1 Years,481,253,228,265,140,125,4,2,2,18,7,11,194,104,90
BURNET COUNTY,053,2 Years,481,248,233,263,138,125,4,2,2,19,8,11,195,100,95
BURNET COUNTY,053,3 Years,482,246,236,264,132,132,3,2,1,19,9,10,196,103,93
BURNET COUNTY,053,4 Years,507,281,226,276,157,119,5,4,1,16,8,8,210,112,98
BURNET COUNTY,053,5 Years,490,266,224,264,142,122,7,5,2,12,7,5,207,112,95
BURNET COUNTY,053,6 Years,495,271,224,283,155,128,8,5,3,14,7,7,190,104,86
BURNET COUNTY,053,7 Years,504,271,233,281,157,124,9,4,5,15,9,6,199,101,98
BURNET COUNTY,053,8 Years,532,274,258,304,158,146,11,5,6,15,9,6,202,102,100
BURNET COUNTY,053,9 Years,555,287,268,328,168,160,6,3,3,18,9,9,203,107,96
BURNET COUNTY,053,10 Years,560,279,281,323,161,162,8,4,4,15,6,9,214,108,106
BURNET COUNTY,053,11 Years,578,285,293,347,175,172,8,5,3,16,6,10,207,99,108
BURNET COUNTY,053,12 Years,627,314,313,380,191,189,9,4,5,21,8,13,217,111,106
BURNET COUNTY,053,13 Years,604,306,298,363,182,181,11,5,6,25,14,11,205,105,100
BURNET COUNTY,053,14 Years,616,321,295,382,199,183,19,10,9,17,10,7,198,102,96
BURNET COUNTY,053,15 Years,642,320,322,395,196,199,16,10,6,18,8,10,213,106,107
BURNET COUNTY,053,16 Years,626,299,327,372,177,195,12,9,3,15,8,7,227,105,122
BURNET COUNTY,053,17 Years,605,299,306,381,190,191,8,4,4,16,8,8,200,97,103
BURNET COUNTY,053,18 Years,586,304,282,376,197,179,10,6,4,16,9,7,184,92,92
BURNET COUNTY,053,19 Years,528,268,260,339,168,171,10,5,5,13,6,7,166,89,77
BURNET COUNTY,053,20 Years,513,260,253,307,147,160,11,7,4,12,5,7,183,101,82
BURNET COUNTY,053,21 Years,554,281,273,350,173,177,16,9,7,13,8,5,175,91,84
BURNET COUNTY,053,22 Years,521,267,254,315,159,156,16,10,6,16,7,9,174,91,83
BURNET COUNTY,053,23 Years,458,238,220,250,116,134,19,14,5,13,8,5,176,100,76
BURNET COUNTY,053,24 Years,454,261,193,251,139,112,15,10,5,12,6,6,176,106,70
BURNET COUNTY,053,25 Years,406,214,192,237,123,114,11,8,3,7,2,5,151,81,70
BURNET COUNTY,053,26 Years,389,209,180,227,115,112,16,12,4,5,1,4,141,81,60
BURNET COUNTY,053,27 Years,390,195,195,230,107,123,14,9,5,10,3,7,136,76,60
BURNET COUNTY,053,28 Years,406,203,203,244,113,131,10,7,3,8,2,6,144,81,63
BURNET COUNTY,053,29 Years,392,205,187,222,116,106,19,8,11,8,4,4,143,77,66
BURNET COUNTY,053,30 Years,427,209,218,249,115,134,20,11,9,8,4,4,150,79,71
BURNET COUNTY,053,31 Years,431,198,233,258,114,144,17,10,7,8,4,4,148,70,78
BURNET COUNTY,053,32 Years,449,220,229,284,136,148,14,8,6,7,4,3,144,72,72
BURNET COUNTY,053,33 Years,483,243,240,321,156,165,14,8,6,11,5,6,137,74,63
BURNET COUNTY,053,34 Years,490,237,253,319,146,173,11,7,4,5,1,4,155,83,72
BURNET COUNTY,053,35 Years,471,228,243,301,140,161,18,11,7,8,3,5,144,74,70
BURNET COUNTY,053,36 Years,453,206,247,283,133,150,17,11,6,8,4,4,145,58,87
BURNET COUNTY,053,37 Years,430,196,234,281,128,153,15,10,5,7,3,4,127,55,72
BURNET COUNTY,053,38 Years,464,241,223,310,155,155,15,10,5,13,8,5,126,68,58
BURNET COUNTY,053,39 Years,442,226,216,308,146,162,11,7,4,8,5,3,115,68,47
BURNET COUNTY,053,40 Years,458,231,227,316,160,156,9,5,4,7,3,4,126,63,63
BURNET COUNTY,053,41 Years,500,245,255,355,178,177,9,3,6,7,3,4,129,61,68
BURNET COUNTY,053,42 Years,556,280,276,395,200,195,8,3,5,12,6,6,141,71,70
BURNET COUNTY,053,43 Years,564,268,296,411,194,217,14,5,9,10,4,6,129,65,64
BURNET COUNTY,053,44 Years,529,256,273,400,190,210,11,3,8,12,3,9,106,60,46
BURNET COUNTY,053,45 Years,518,262,256,386,187,199,9,3,6,9,4,5,114,68,46
BURNET COUNTY,053,46 Years,520,261,259,368,177,191,10,6,4,10,4,6,132,74,58
BURNET COUNTY,053,47 Years,491,243,248,347,164,183,6,3,3,12,6,6,126,70,56
BURNET COUNTY,053,48 Years,503,242,261,376,175,201,9,5,4,11,4,7,107,58,49
BURNET COUNTY,053,49 Years,587,280,307,459,221,238,8,3,5,13,5,8,107,51,56
BURNET COUNTY,053,50 Years,654,308,346,513,238,275,11,7,4,12,6,6,118,57,61
BURNET COUNTY,053,51 Years,660,302,358,523,235,288,12,5,7,12,3,9,113,59,54
BURNET COUNTY,053,52 Years,680,315,365,544,246,298,6,2,4,17,6,11,113,61,52
BURNET COUNTY,053,53 Years,715,335,380,581,274,307,12,3,9,13,6,7,109,52,57
BURNET COUNTY,053,54 Years,715,358,357,582,294,288,12,4,8,16,8,8,105,52,53
BURNET COUNTY,053,55 Years,668,315,353,556,256,300,7,4,3,16,9,7,89,46,43
BURNET COUNTY,053,56 Years,731,341,390,624,290,334,3,2,1,14,5,9,90,44,46
BURNET COUNTY,053,57 Years,700,322,378,596,272,324,4,2,2,13,3,10,87,45,42
BURNET COUNTY,053,58 Years,693,321,372,595,270,325,6,4,2,13,7,6,79,40,39
BURNET COUNTY,053,59 Years,681,319,362,589,267,322,5,4,1,13,7,6,74,41,33
BURNET COUNTY,053,60 Years,660,324,336,575,273,302,5,4,1,14,8,6,66,39,27
BURNET COUNTY,053,61 Years,692,322,370,617,285,332,3,2,1,12,4,8,60,31,29
BURNET COUNTY,053,62 Years,672,312,360,598,274,324,6,2,4,10,3,7,58,33,25
BURNET COUNTY,053,63 Years,678,305,373,598,264,334,5,2,3,11,5,6,64,34,30
BURNET COUNTY,053,64 Years,666,317,349,602,285,317,4,2,2,11,5,6,49,25,24
BURNET COUNTY,053,65 Years,716,349,367,659,321,338,2,2,0,7,2,5,48,24,24
BURNET COUNTY,053,66 Years,741,349,392,676,311,365,3,2,1,11,7,4,51,29,22
BURNET COUNTY,053,67 Years,736,354,382,662,317,345,3,1,2,17,8,9,54,28,26
BURNET COUNTY,053,68 Years,600,308,292,536,274,262,5,0,5,8,3,5,51,31,20
BURNET COUNTY,053,69 Years,567,297,270,520,272,248,4,0,4,6,3,3,37,22,15
BURNET COUNTY,053,70 Years,552,277,275,507,253,254,6,3,3,8,5,3,31,16,15
BURNET COUNTY,053,71 Years,544,276,268,501,250,251,3,2,1,10,7,3,30,17,13
BURNET COUNTY,053,72 Years,479,242,237,446,227,219,2,1,1,6,3,3,25,11,14
BURNET COUNTY,053,73 Years,421,200,221,398,192,206,2,1,1,5,2,3,16,5,11
BURNET COUNTY,053,74 Years,393,177,216,366,166,200,2,0,2,4,3,1,21,8,13
BURNET COUNTY,053,75 Years,391,171,220,363,163,200,4,0,4,4,1,3,20,7,13
BURNET COUNTY,053,76 Years,372,174,198,352,164,188,1,0,1,4,2,2,15,8,7
BURNET COUNTY,053,77 Years,337,166,171,313,154,159,2,2,0,4,2,2,18,8,10
BURNET COUNTY,053,78 Years,288,149,139,268,141,127,2,0,2,4,1,3,14,7,7
BURNET COUNTY,053,79 Years,293,131,162,273,125,148,2,0,2,4,1,3,14,5,9
BURNET COUNTY,053,80 Years,266,117,149,248,111,137,2,0,2,4,1,3,12,5,7
BURNET COUNTY,053,81 Years,251,117,134,235,110,125,1,0,1,3,1,2,12,6,6
BURNET COUNTY,053,82 Years,227,111,116,214,105,109,0,0,0,3,1,2,10,5,5
BURNET COUNTY,053,83 Years,192,89,103,178,80,98,0,0,0,3,2,1,11,7,4
BURNET COUNTY,053,84 Years,186,84,102,172,78,94,2,1,1,3,2,1,9,3,6
BURNET COUNTY,053,85 Years +,908,331,577,856,311,545,5,3,2,14,4,10,33,13,20
CALDWELL COUNTY,055,All Ages,39466,19843,19623,16397,8135,8262,2482,1299,1183,893,451,442,19694,9958,9736
CALDWELL COUNTY,055,< 1 Year,480,247,233,126,65,61,11,6,5,19,12,7,324,164,160
CALDWELL COUNTY,055,1 Years,459,242,217,121,66,55,11,6,5,15,9,6,312,161,151
CALDWELL COUNTY,055,2 Years,456,237,219,125,66,59,14,8,6,11,5,6,306,158,148
CALDWELL COUNTY,055,3 Years,466,239,227,130,66,64,16,10,6,8,1,7,312,162,150
CALDWELL COUNTY,055,4 Years,466,220,246,128,62,66,18,12,6,10,6,4,310,140,170
CALDWELL COUNTY,055,5 Years,495,243,252,142,72,70,22,11,11,12,6,6,319,154,165
CALDWELL COUNTY,055,6 Years,554,282,272,152,78,74,28,13,15,12,5,7,362,186,176
CALDWELL COUNTY,055,7 Years,526,269,257,137,73,64,23,11,12,13,7,6,353,178,175
CALDWELL COUNTY,055,8 Years,535,283,252,144,79,65,23,14,9,10,2,8,358,188,170
CALDWELL COUNTY,055,9 Years,560,302,258,147,82,65,25,13,12,10,3,7,378,204,174
CALDWELL COUNTY,055,10 Years,543,275,268,142,78,64,23,9,14,10,3,7,368,185,183
CALDWELL COUNTY,055,11 Years,538,282,256,142,82,60,17,9,8,16,5,11,363,186,177
CALDWELL COUNTY,055,12 Years,563,277,286,136,66,70,27,11,16,18,10,8,382,190,192
CALDWELL COUNTY,055,13 Years,586,295,291,156,81,75,36,20,16,16,5,11,378,189,189
CALDWELL COUNTY,055,14 Years,584,287,297,162,78,84,29,17,12,17,4,13,376,188,188
CALDWELL COUNTY,055,15 Years,571,311,260,160,91,69,29,18,11,19,8,11,363,194,169
CALDWELL COUNTY,055,16 Years,568,328,240,184,105,79,35,22,13,14,9,5,335,192,143
CALDWELL COUNTY,055,17 Years,605,348,257,188,104,84,46,28,18,28,19,9,343,197,146
CALDWELL COUNTY,055,18 Years,614,330,284,177,92,85,43,24,19,31,17,14,363,197,166
CALDWELL COUNTY,055,19 Years,610,319,291,165,88,77,30,16,14,25,10,15,390,205,185
CALDWELL COUNTY,055,20 Years,661,355,306,175,93,82,50,23,27,37,23,14,399,216,183
CALDWELL COUNTY,055,21 Years,725,390,335,206,99,107,56,30,26,34,22,12,429,239,190
CALDWELL COUNTY,055,22 Years,732,412,320,211,113,98,56,32,24,32,20,12,433,247,186
CALDWELL COUNTY,055,23 Years,740,426,314,244,140,104,72,39,33,33,21,12,391,226,165
CALDWELL COUNTY,055,24 Years,714,408,306,264,151,113,67,42,25,32,20,12,351,195,156
CALDWELL COUNTY,055,25 Years,675,381,294,267,151,116,62,42,20,26,14,12,320,174,146
CALDWELL COUNTY,055,26 Years,632,353,279,228,120,108,54,37,17,18,10,8,332,186,146
CALDWELL COUNTY,055,27 Years,583,320,263,211,109,102,41,25,16,17,11,6,314,175,139
CALDWELL COUNTY,055,28 Years,498,270,228,172,95,77,44,29,15,12,7,5,270,139,131
CALDWELL COUNTY,055,29 Years,472,236,236,184,97,87,35,22,13,14,7,7,239,110,129
CALDWELL COUNTY,055,30 Years,435,217,218,167,87,80,33,22,11,10,6,4,225,102,123
CALDWELL COUNTY,055,31 Years,452,226,226,168,85,83,39,24,15,10,5,5,235,112,123
CALDWELL COUNTY,055,32 Years,458,230,228,176,87,89,32,17,15,7,4,3,243,122,121
CALDWELL COUNTY,055,33 Years,478,239,239,199,97,102,28,14,14,6,5,1,245,123,122
CALDWELL COUNTY,055,34 Years,509,244,265,222,101,121,47,23,24,7,3,4,233,117,116
CALDWELL COUNTY,055,35 Years,512,240,272,217,101,116,36,16,20,6,2,4,253,121,132
CALDWELL COUNTY,055,36 Years,493,230,263,206,89,117,33,18,15,6,1,5,248,122,126
CALDWELL COUNTY,055,37 Years,458,221,237,193,99,94,31,16,15,5,1,4,229,105,124
CALDWELL COUNTY,055,38 Years,454,215,239,166,81,85,21,12,9,4,3,1,263,119,144
CALDWELL COUNTY,055,39 Years,470,233,237,179,92,87,23,11,12,8,5,3,260,125,135
CALDWELL COUNTY,055,40 Years,486,246,240,173,95,78,26,15,11,10,5,5,277,131,146
CALDWELL COUNTY,055,41 Years,494,247,247,197,98,99,28,12,16,5,4,1,264,133,131
CALDWELL COUNTY,055,42 Years,524,260,264,226,113,113,35,19,16,7,2,5,256,126,130
CALDWELL COUNTY,055,43 Years,530,253,277,248,118,130,29,18,11,7,3,4,246,114,132
CALDWELL COUNTY,055,44 Years,510,240,270,234,108,126,27,12,15,10,5,5,239,115,124
CALDWELL COUNTY,055,45 Years,471,227,244,202,95,107,30,15,15,8,5,3,231,112,119
CALDWELL COUNTY,055,46 Years,471,234,237,201,97,104,29,17,12,8,5,3,233,115,118
CALDWELL COUNTY,055,47 Years,474,233,241,203,101,102,27,18,9,9,5,4,235,109,126
CALDWELL COUNTY,055,48 Years,515,266,249,228,118,110,29,12,17,10,7,3,248,129,119
CALDWELL COUNTY,055,49 Years,537,269,268,240,113,127,31,15,16,4,3,1,262,138,124
CALDWELL COUNTY,055,50 Years,502,262,240,224,116,108,39,21,18,5,3,2,234,122,112
CALDWELL COUNTY,055,51 Years,525,266,259,252,126,126,47,20,27,7,4,3,219,116,103
CALDWELL COUNTY,055,52 Years,492,241,251,236,118,118,47,21,26,12,5,7,197,97,100
CALDWELL COUNTY,055,53 Years,500,236,264,259,124,135,40,18,22,11,2,9,190,92,98
CALDWELL COUNTY,055,54 Years,569,291,278,305,160,145,41,21,20,9,2,7,214,108,106
CALDWELL COUNTY,055,55 Years,515,256,259,280,141,139,39,21,18,7,2,5,189,92,97
CALDWELL COUNTY,055,56 Years,501,252,249,265,135,130,43,20,23,10,6,4,183,91,92
CALDWELL COUNTY,055,57 Years,499,241,258,284,138,146,33,15,18,8,3,5,174,85,89
CALDWELL COUNTY,055,58 Years,526,243,283,295,135,160,36,16,20,11,5,6,184,87,97
CALDWELL COUNTY,055,59 Years,508,231,277,275,126,149,30,15,15,6,3,3,197,87,110
CALDWELL COUNTY,055,60 Years,480,227,253,264,127,137,25,12,13,8,4,4,183,84,99
CALDWELL COUNTY,055,61 Years,419,202,217,229,108,121,20,10,10,5,2,3,165,82,83
CALDWELL COUNTY,055,62 Years,426,217,209,257,137,120,23,8,15,4,1,3,142,71,71
CALDWELL COUNTY,055,63 Years,426,217,209,248,132,116,29,10,19,4,3,1,145,72,73
CALDWELL COUNTY,055,64 Years,398,194,204,239,115,124,22,12,10,7,2,5,130,65,65
CALDWELL COUNTY,055,65 Years,382,187,195,227,111,116,19,11,8,5,2,3,131,63,68
CALDWELL COUNTY,055,66 Years,383,190,193,228,108,120,18,11,7,7,2,5,130,69,61
CALDWELL COUNTY,055,67 Years,375,182,193,235,118,117,19,10,9,3,1,2,118,53,65
CALDWELL COUNTY,055,68 Years,320,147,173,188,90,98,17,8,9,1,0,1,114,49,65
CALDWELL COUNTY,055,69 Years,292,130,162,173,77,96,18,8,10,1,0,1,100,45,55
CALDWELL COUNTY,055,70 Years,309,142,167,193,86,107,15,5,10,4,1,3,97,50,47
CALDWELL COUNTY,055,71 Years,304,129,175,188,80,108,16,3,13,4,1,3,96,45,51
CALDWELL COUNTY,055,72 Years,245,105,140,149,65,84,14,4,10,6,2,4,76,34,42
CALDWELL COUNTY,055,73 Years,231,109,122,146,69,77,13,8,5,3,2,1,69,30,39
CALDWELL COUNTY,055,74 Years,222,109,113,143,69,74,16,10,6,3,2,1,60,28,32
CALDWELL COUNTY,055,75 Years,214,99,115,134,64,70,14,9,5,3,2,1,63,24,39
CALDWELL COUNTY,055,76 Years,196,84,112,127,59,68,13,5,8,2,1,1,54,19,35
CALDWELL COUNTY,055,77 Years,167,74,93,101,46,55,12,4,8,3,2,1,51,22,29
CALDWELL COUNTY,055,78 Years,171,75,96,109,49,60,9,3,6,3,0,3,50,23,27
CALDWELL COUNTY,055,79 Years,183,89,94,116,54,62,12,4,8,2,1,1,53,30,23
CALDWELL COUNTY,055,80 Years,150,70,80,96,42,54,13,7,6,1,0,1,40,21,19
CALDWELL COUNTY,055,81 Years,132,55,77,88,37,51,9,5,4,5,1,4,30,12,18
CALDWELL COUNTY,055,82 Years,131,57,74,91,40,51,8,5,3,2,1,1,30,11,19
CALDWELL COUNTY,055,83 Years,123,51,72,83,33,50,9,4,5,1,1,0,30,13,17
CALDWELL COUNTY,055,84 Years,109,43,66,78,31,47,7,1,6,0,0,0,24,11,13
CALDWELL COUNTY,055,85 Years +,599,203,396,421,152,269,40,9,31,4,2,2,134,40,94
CALHOUN COUNTY,057,All Ages,21566,10882,10684,9221,4624,4597,499,251,248,1255,686,569,10591,5321,5270
CALHOUN COUNTY,057,< 1 Year,294,148,146,90,46,44,2,2,0,27,13,14,175,87,88
CALHOUN COUNTY,057,1 Years,278,139,139,83,40,43,3,1,2,25,16,9,167,82,85
CALHOUN COUNTY,057,2 Years,271,129,142,82,39,43,3,1,2,21,12,9,165,77,88
CALHOUN COUNTY,057,3 Years,272,132,140,83,41,42,3,1,2,19,11,8,167,79,88
CALHOUN COUNTY,057,4 Years,321,159,162,97,49,48,3,0,3,19,9,10,202,101,101
CALHOUN COUNTY,057,5 Years,291,149,142,71,32,39,8,4,4,17,8,9,195,105,90
CALHOUN COUNTY,057,6 Years,307,161,146,70,34,36,8,5,3,17,8,9,212,114,98
CALHOUN COUNTY,057,7 Years,314,157,157,80,39,41,7,2,5,14,7,7,213,109,104
CALHOUN COUNTY,057,8 Years,320,162,158,84,47,37,6,1,5,18,8,10,212,106,106
CALHOUN COUNTY,057,9 Years,296,148,148,77,37,40,4,1,3,25,13,12,190,97,93
CALHOUN COUNTY,057,10 Years,323,165,158,85,40,45,6,4,2,24,10,14,208,111,97
CALHOUN COUNTY,057,11 Years,323,172,151,91,52,39,8,5,3,25,9,16,199,106,93
CALHOUN COUNTY,057,12 Years,295,157,138,88,52,36,6,4,2,15,5,10,186,96,90
CALHOUN COUNTY,057,13 Years,291,150,141,80,42,38,4,2,2,12,5,7,195,101,94
CALHOUN COUNTY,057,14 Years,320,161,159,76,43,33,7,3,4,14,6,8,223,109,114
CALHOUN COUNTY,057,15 Years,327,179,148,87,49,38,8,4,4,16,9,7,216,117,99
CALHOUN COUNTY,057,16 Years,321,167,154,84,42,42,5,4,1,12,6,6,220,115,105
CALHOUN COUNTY,057,17 Years,342,174,168,103,54,49,5,2,3,20,10,10,214,108,106
CALHOUN COUNTY,057,18 Years,313,153,160,105,49,56,6,3,3,21,9,12,181,92,89
CALHOUN COUNTY,057,19 Years,287,158,129,83,45,38,4,3,1,22,14,8,178,96,82
CALHOUN COUNTY,057,20 Years,311,162,149,93,44,49,6,2,4,21,16,5,191,100,91
CALHOUN COUNTY,057,21 Years,311,165,146,96,48,48,8,2,6,25,16,9,182,99,83
CALHOUN COUNTY,057,22 Years,299,157,142,102,50,52,9,6,3,20,13,7,168,88,80
CALHOUN COUNTY,057,23 Years,285,134,151,94,43,51,9,3,6,16,9,7,166,79,87
CALHOUN COUNTY,057,24 Years,236,116,120,75,40,35,7,2,5,13,8,5,141,66,75
CALHOUN COUNTY,057,25 Years,250,136,114,101,54,47,2,1,1,10,9,1,137,72,65
CALHOUN COUNTY,057,26 Years,245,131,114,81,43,38,4,1,3,11,8,3,149,79,70
CALHOUN COUNTY,057,27 Years,225,124,101,80,46,34,6,2,4,10,6,4,129,70,59
CALHOUN COUNTY,057,28 Years,229,120,109,76,42,34,8,5,3,13,8,5,132,65,67
CALHOUN COUNTY,057,29 Years,236,124,112,74,43,31,5,3,2,14,7,7,143,71,72
CALHOUN COUNTY,057,30 Years,238,125,113,81,47,34,5,2,3,13,7,6,139,69,70
CALHOUN COUNTY,057,31 Years,235,111,124,82,30,52,3,3,0,17,10,7,133,68,65
CALHOUN COUNTY,057,32 Years,275,124,151,84,30,54,1,1,0,16,11,5,174,82,92
CALHOUN COUNTY,057,33 Years,279,140,139,97,48,49,6,4,2,12,8,4,164,80,84
CALHOUN COUNTY,057,34 Years,275,136,139,96,38,58,3,1,2,14,9,5,162,88,74
CALHOUN COUNTY,057,35 Years,241,117,124,80,42,38,4,1,3,12,6,6,145,68,77
CALHOUN COUNTY,057,36 Years,239,126,113,82,51,31,3,2,1,11,7,4,143,66,77
CALHOUN COUNTY,057,37 Years,230,118,112,88,52,36,2,1,1,12,5,7,128,60,68
CALHOUN COUNTY,057,38 Years,229,122,107,76,44,32,4,2,2,14,5,9,135,71,64
CALHOUN COUNTY,057,39 Years,227,116,111,69,35,34,6,3,3,11,3,8,141,75,66
CALHOUN COUNTY,057,40 Years,217,107,110,78,32,46,10,6,4,8,3,5,121,66,55
CALHOUN COUNTY,057,41 Years,228,112,116,84,41,43,8,3,5,7,4,3,129,64,65
CALHOUN COUNTY,057,42 Years,231,108,123,86,41,45,4,2,2,10,5,5,131,60,71
CALHOUN COUNTY,057,43 Years,241,117,124,99,48,51,7,4,3,12,7,5,123,58,65
CALHOUN COUNTY,057,44 Years,268,134,134,116,59,57,7,4,3,18,8,10,127,63,64
CALHOUN COUNTY,057,45 Years,256,126,130,118,56,62,7,3,4,12,5,7,119,62,57
CALHOUN COUNTY,057,46 Years,239,119,120,106,52,54,7,4,3,11,5,6,115,58,57
CALHOUN COUNTY,057,47 Years,258,122,136,106,48,58,7,4,3,18,6,12,127,64,63
CALHOUN COUNTY,057,48 Years,270,132,138,117,55,62,5,2,3,20,10,10,128,65,63
CALHOUN COUNTY,057,49 Years,307,158,149,143,76,67,10,4,6,16,9,7,138,69,69
CALHOUN COUNTY,057,50 Years,287,154,133,143,81,62,6,5,1,14,9,5,124,59,65
CALHOUN COUNTY,057,51 Years,311,163,148,149,77,72,8,5,3,20,11,9,134,70,64
CALHOUN COUNTY,057,52 Years,296,150,146,147,75,72,10,5,5,17,10,7,122,60,62
CALHOUN COUNTY,057,53 Years,284,143,141,151,76,75,6,3,3,23,10,13,104,54,50
CALHOUN COUNTY,057,54 Years,304,159,145,162,85,77,9,4,5,25,12,13,108,58,50
CALHOUN COUNTY,057,55 Years,311,160,151,162,79,83,8,4,4,21,14,7,120,63,57
CALHOUN COUNTY,057,56 Years,303,158,145,166,84,82,9,6,3,21,14,7,107,54,53
CALHOUN COUNTY,057,57 Years,296,155,141,176,92,84,10,7,3,22,12,10,88,44,44
CALHOUN COUNTY,057,58 Years,294,138,156,172,81,91,9,4,5,18,11,7,95,42,53
CALHOUN COUNTY,057,59 Years,304,156,148,178,89,89,12,6,6,11,8,3,103,53,50
CALHOUN COUNTY,057,60 Years,278,145,133,167,89,78,7,3,4,20,11,9,84,42,42
CALHOUN COUNTY,057,61 Years,275,145,130,156,82,74,8,5,3,24,12,12,87,46,41
CALHOUN COUNTY,057,62 Years,277,145,132,153,77,76,10,8,2,18,8,10,96,52,44
CALHOUN COUNTY,057,63 Years,233,118,115,130,64,66,4,3,1,20,13,7,79,38,41
CALHOUN COUNTY,057,64 Years,229,119,110,124,64,60,6,2,4,25,18,7,74,35,39
CALHOUN COUNTY,057,65 Years,246,123,123,145,71,74,9,3,6,20,10,10,72,39,33
CALHOUN COUNTY,057,66 Years,254,122,132,163,80,83,5,1,4,13,8,5,73,33,40
CALHOUN COUNTY,057,67 Years,231,115,116,154,79,75,2,1,1,9,6,3,66,29,37
CALHOUN COUNTY,057,68 Years,203,107,96,138,74,64,4,3,1,8,7,1,53,23,30
CALHOUN COUNTY,057,69 Years,197,103,94,132,70,62,4,1,3,9,8,1,52,24,28
CALHOUN COUNTY,057,70 Years,199,101,98,138,72,66,5,3,2,5,5,0,51,21,30
CALHOUN COUNTY,057,71 Years,207,104,103,146,75,71,4,2,2,7,4,3,50,23,27
CALHOUN COUNTY,057,72 Years,183,86,97,129,61,68,3,1,2,7,3,4,44,21,23
CALHOUN COUNTY,057,73 Years,165,77,88,115,49,66,5,2,3,7,5,2,38,21,17
CALHOUN COUNTY,057,74 Years,144,69,75,103,49,54,6,3,3,6,3,3,29,14,15
CALHOUN COUNTY,057,75 Years,140,69,71,93,49,44,4,2,2,7,3,4,36,15,21
CALHOUN COUNTY,057,76 Years,136,63,73,91,45,46,6,3,3,3,2,1,36,13,23
CALHOUN COUNTY,057,77 Years,142,68,74,93,46,47,8,4,4,8,5,3,33,13,20
CALHOUN COUNTY,057,78 Years,126,65,61,88,45,43,5,4,1,6,4,2,27,12,15
CALHOUN COUNTY,057,79 Years,113,53,60,74,37,37,4,2,2,5,3,2,30,11,19
CALHOUN COUNTY,057,80 Years,117,49,68,83,35,48,3,2,1,3,1,2,28,11,17
CALHOUN COUNTY,057,81 Years,98,39,59,67,26,41,3,1,2,4,2,2,24,10,14
CALHOUN COUNTY,057,82 Years,92,39,53,60,28,32,3,1,2,5,1,4,24,9,15
CALHOUN COUNTY,057,83 Years,90,39,51,59,25,34,2,1,1,5,1,4,24,12,12
CALHOUN COUNTY,057,84 Years,96,49,47,66,32,34,3,2,1,5,4,1,22,11,11
CALHOUN COUNTY,057,85 Years +,389,175,214,289,131,158,10,4,6,14,7,7,76,33,43
CALLAHAN COUNTY,059,All Ages,14113,6710,7403,12344,5789,6555,148,76,72,392,196,196,1229,649,580
CALLAHAN COUNTY,059,< 1 Year,159,89,70,122,69,53,3,2,1,11,5,6,23,13,10
CALLAHAN COUNTY,059,1 Years,156,87,69,115,62,53,2,1,1,15,8,7,24,16,8
CALLAHAN COUNTY,059,2 Years,141,76,65,106,58,48,2,1,1,12,6,6,21,11,10
CALLAHAN COUNTY,059,3 Years,141,80,61,108,59,49,3,2,1,10,7,3,20,12,8
CALLAHAN COUNTY,059,4 Years,179,101,78,146,82,64,3,0,3,8,6,2,22,13,9
CALLAHAN COUNTY,059,5 Years,152,75,77,123,57,66,3,0,3,5,3,2,21,15,6
CALLAHAN COUNTY,059,6 Years,150,73,77,122,57,65,2,1,1,5,2,3,21,13,8
CALLAHAN COUNTY,059,7 Years,171,89,82,137,71,66,2,1,1,6,3,3,26,14,12
CALLAHAN COUNTY,059,8 Years,184,99,85,146,78,68,3,1,2,9,6,3,26,14,12
CALLAHAN COUNTY,059,9 Years,169,96,73,134,75,59,1,1,0,11,6,5,23,14,9
CALLAHAN COUNTY,059,10 Years,195,100,95,162,79,83,4,3,1,8,6,2,21,12,9
CALLAHAN COUNTY,059,11 Years,198,92,106,162,68,94,1,1,0,7,6,1,28,17,11
CALLAHAN COUNTY,059,12 Years,221,97,124,185,77,108,2,1,1,7,5,2,27,14,13
CALLAHAN COUNTY,059,13 Years,206,92,114,176,79,97,2,1,1,5,3,2,23,9,14
CALLAHAN COUNTY,059,14 Years,195,90,105,150,67,83,2,2,0,6,4,2,37,17,20
CALLAHAN COUNTY,059,15 Years,218,95,123,168,71,97,3,2,1,10,6,4,37,16,21
CALLAHAN COUNTY,059,16 Years,206,91,115,159,70,89,3,1,2,10,4,6,34,16,18
CALLAHAN COUNTY,059,17 Years,204,93,111,160,68,92,3,2,1,14,6,8,27,17,10
CALLAHAN COUNTY,059,18 Years,194,88,106,160,71,89,4,2,2,4,2,2,26,13,13
CALLAHAN COUNTY,059,19 Years,174,77,97,145,65,80,2,1,1,2,0,2,25,11,14
CALLAHAN COUNTY,059,20 Years,165,83,82,135,66,69,5,4,1,4,1,3,21,12,9
CALLAHAN COUNTY,059,21 Years,175,93,82,149,79,70,2,1,1,6,3,3,18,10,8
CALLAHAN COUNTY,059,22 Years,142,72,70,117,58,59,3,2,1,3,2,1,19,10,9
CALLAHAN COUNTY,059,23 Years,138,73,65,118,63,55,2,1,1,3,2,1,15,7,8
CALLAHAN COUNTY,059,24 Years,138,75,63,111,59,52,3,1,2,5,3,2,19,12,7
CALLAHAN COUNTY,059,25 Years,149,78,71,125,63,62,3,1,2,3,1,2,18,13,5
CALLAHAN COUNTY,059,26 Years,138,65,73,122,57,65,0,0,0,5,1,4,11,7,4
CALLAHAN COUNTY,059,27 Years,127,64,63,110,58,52,1,1,0,2,0,2,14,5,9
CALLAHAN COUNTY,059,28 Years,125,62,63,105,54,51,0,0,0,3,1,2,17,7,10
CALLAHAN COUNTY,059,29 Years,122,56,66,107,49,58,1,1,0,2,0,2,12,6,6
CALLAHAN COUNTY,059,30 Years,145,66,79,122,55,67,1,1,0,6,2,4,16,8,8
CALLAHAN COUNTY,059,31 Years,148,77,71,125,64,61,1,0,1,4,1,3,18,12,6
CALLAHAN COUNTY,059,32 Years,147,74,73,126,63,63,1,0,1,3,0,3,17,11,6
CALLAHAN COUNTY,059,33 Years,147,73,74,125,62,63,3,1,2,3,3,0,16,7,9
CALLAHAN COUNTY,059,34 Years,158,75,83,132,61,71,4,1,3,3,1,2,19,12,7
CALLAHAN COUNTY,059,35 Years,144,66,78,124,54,70,1,0,1,3,1,2,16,11,5
CALLAHAN COUNTY,059,36 Years,158,71,87,145,65,80,0,0,0,4,2,2,9,4,5
CALLAHAN COUNTY,059,37 Years,157,73,84,145,68,77,2,2,0,3,0,3,7,3,4
CALLAHAN COUNTY,059,38 Years,148,65,83,136,59,77,2,2,0,1,0,1,9,4,5
CALLAHAN COUNTY,059,39 Years,145,60,85,128,56,72,4,1,3,4,0,4,9,3,6
CALLAHAN COUNTY,059,40 Years,150,64,86,132,59,73,3,1,2,3,1,2,12,3,9
CALLAHAN COUNTY,059,41 Years,142,57,85,131,52,79,3,3,0,2,1,1,6,1,5
CALLAHAN COUNTY,059,42 Years,150,66,84,140,61,79,1,1,0,0,0,0,9,4,5
CALLAHAN COUNTY,059,43 Years,171,68,103,161,64,97,0,0,0,3,1,2,7,3,4
CALLAHAN COUNTY,059,44 Years,164,70,94,148,64,84,1,0,1,4,1,3,11,5,6
CALLAHAN COUNTY,059,45 Years,173,81,92,150,68,82,3,2,1,5,2,3,15,9,6
CALLAHAN COUNTY,059,46 Years,168,82,86,152,74,78,2,2,0,4,1,3,10,5,5
CALLAHAN COUNTY,059,47 Years,167,84,83,147,75,72,1,0,1,4,1,3,15,8,7
CALLAHAN COUNTY,059,48 Years,157,78,79,137,70,67,0,0,0,4,2,2,16,6,10
CALLAHAN COUNTY,059,49 Years,168,83,85,151,76,75,0,0,0,3,2,1,14,5,9
CALLAHAN COUNTY,059,50 Years,201,99,102,181,90,91,1,1,0,2,1,1,17,7,10
CALLAHAN COUNTY,059,51 Years,236,117,119,209,105,104,2,1,1,2,2,0,23,9,14
CALLAHAN COUNTY,059,52 Years,236,111,125,212,98,114,1,1,0,3,2,1,20,10,10
CALLAHAN COUNTY,059,53 Years,217,108,109,190,92,98,3,1,2,10,6,4,14,9,5
CALLAHAN COUNTY,059,54 Years,245,116,129,210,99,111,3,2,1,10,3,7,22,12,10
CALLAHAN COUNTY,059,55 Years,227,110,117,204,97,107,4,3,1,2,1,1,17,9,8
CALLAHAN COUNTY,059,56 Years,205,95,110,187,84,103,1,1,0,3,3,0,14,7,7
CALLAHAN COUNTY,059,57 Years,200,97,103,180,83,97,1,0,1,5,3,2,14,11,3
CALLAHAN COUNTY,059,58 Years,198,89,109,183,80,103,0,0,0,5,2,3,10,7,3
CALLAHAN COUNTY,059,59 Years,213,99,114,191,88,103,3,1,2,9,5,4,10,5,5
CALLAHAN COUNTY,059,60 Years,219,109,110,200,97,103,2,0,2,9,6,3,8,6,2
CALLAHAN COUNTY,059,61 Years,191,98,93,179,92,87,1,0,1,3,1,2,8,5,3
CALLAHAN COUNTY,059,62 Years,185,90,95,170,81,89,1,1,0,5,3,2,9,5,4
CALLAHAN COUNTY,059,63 Years,182,88,94,169,82,87,1,1,0,5,2,3,7,3,4
CALLAHAN COUNTY,059,64 Years,193,84,109,179,78,101,3,1,2,4,2,2,7,3,4
CALLAHAN COUNTY,059,65 Years,202,85,117,193,83,110,1,0,1,2,1,1,6,1,5
CALLAHAN COUNTY,059,66 Years,199,83,116,192,82,110,0,0,0,3,0,3,4,1,3
CALLAHAN COUNTY,059,67 Years,193,92,101,182,88,94,2,2,0,4,1,3,5,1,4
CALLAHAN COUNTY,059,68 Years,154,80,74,142,73,69,1,1,0,3,2,1,8,4,4
CALLAHAN COUNTY,059,69 Years,162,69,93,152,64,88,2,1,1,3,1,2,5,3,2
CALLAHAN COUNTY,059,70 Years,154,82,72,143,73,70,1,1,0,2,2,0,8,6,2
CALLAHAN COUNTY,059,71 Years,142,68,74,135,63,72,1,1,0,1,1,0,5,3,2
CALLAHAN COUNTY,059,72 Years,133,71,62,122,63,59,1,1,0,3,2,1,7,5,2
CALLAHAN COUNTY,059,73 Years,126,60,66,119,56,63,1,0,1,2,2,0,4,2,2
CALLAHAN COUNTY,059,74 Years,132,61,71,126,57,69,0,0,0,2,1,1,4,3,1
CALLAHAN COUNTY,059,75 Years,128,50,78,121,48,73,2,0,2,2,1,1,3,1,2
CALLAHAN COUNTY,059,76 Years,130,54,76,125,54,71,1,0,1,1,0,1,3,0,3
CALLAHAN COUNTY,059,77 Years,121,61,60,111,56,55,0,0,0,4,2,2,6,3,3
CALLAHAN COUNTY,059,78 Years,98,46,52,90,43,47,0,0,0,3,1,2,5,2,3
CALLAHAN COUNTY,059,79 Years,95,46,49,91,45,46,0,0,0,1,0,1,3,1,2
CALLAHAN COUNTY,059,80 Years,70,30,40,66,29,37,1,0,1,1,0,1,2,1,1
CALLAHAN COUNTY,059,81 Years,73,25,48,68,24,44,1,0,1,1,0,1,3,1,2
CALLAHAN COUNTY,059,82 Years,75,31,44,71,29,42,0,0,0,2,1,1,2,1,1
CALLAHAN COUNTY,059,83 Years,77,30,47,70,25,45,0,0,0,2,1,1,5,4,1
CALLAHAN COUNTY,059,84 Years,61,29,32,56,26,30,0,0,0,1,1,0,4,2,2
CALLAHAN COUNTY,059,85 Years +,301,113,188,283,103,180,3,0,3,5,4,1,10,6,4
CAMERON COUNTY,061,All Ages,422386,204468,217918,40900,20670,20230,1293,768,525,4421,2189,2232,375772,180841,194931
CAMERON COUNTY,061,< 1 Year,7655,3927,3728,358,180,178,34,17,17,68,35,33,7195,3695,3500
CAMERON COUNTY,061,1 Years,7706,3957,3749,368,182,186,28,16,12,61,32,29,7249,3727,3522
CAMERON COUNTY,061,2 Years,7829,4016,3813,385,191,194,25,14,11,58,31,27,7361,3780,3581
CAMERON COUNTY,061,3 Years,7979,4097,3882,415,218,197,22,11,11,55,31,24,7487,3837,3650
CAMERON COUNTY,061,4 Years,7519,3825,3694,401,199,202,16,5,11,56,26,30,7046,3595,3451
CAMERON COUNTY,061,5 Years,6664,3384,3280,370,184,186,11,5,6,47,26,21,6236,3169,3067
CAMERON COUNTY,061,6 Years,6827,3465,3362,368,190,178,8,3,5,42,20,22,6409,3252,3157
CAMERON COUNTY,061,7 Years,6859,3552,3307,365,187,178,12,3,9,51,29,22,6431,3333,3098
CAMERON COUNTY,061,8 Years,6945,3567,3378,330,166,164,15,6,9,53,29,24,6547,3366,3181
CAMERON COUNTY,061,9 Years,7195,3630,3565,351,168,183,14,8,6,57,26,31,6773,3428,3345
CAMERON COUNTY,061,10 Years,7390,3781,3609,358,185,173,16,10,6,68,34,34,6948,3552,3396
CAMERON COUNTY,061,11 Years,7651,3921,3730,350,179,171,17,8,9,62,35,27,7222,3699,3523
CAMERON COUNTY,061,12 Years,7956,4025,3931,355,186,169,17,8,9,68,44,24,7516,3787,3729
CAMERON COUNTY,061,13 Years,8105,4172,3933,363,205,158,21,7,14,69,37,32,7652,3923,3729
CAMERON COUNTY,061,14 Years,8088,4190,3898,368,205,163,17,4,13,66,31,35,7637,3950,3687
CAMERON COUNTY,061,15 Years,7866,4094,3772,356,183,173,13,8,5,77,38,39,7420,3865,3555
CAMERON COUNTY,061,16 Years,7758,3959,3799,353,183,170,17,9,8,80,35,45,7308,3732,3576
CAMERON COUNTY,061,17 Years,7581,3913,3668,335,168,167,19,10,9,73,35,38,7154,3700,3454
CAMERON COUNTY,061,18 Years,7387,3870,3517,327,164,163,15,7,8,63,31,32,6982,3668,3314
CAMERON COUNTY,061,19 Years,7069,3661,3408,301,144,157,17,7,10,61,34,27,6690,3476,3214
CAMERON COUNTY,061,20 Years,6925,3581,3344,304,160,144,16,8,8,72,34,38,6533,3379,3154
CAMERON COUNTY,061,21 Years,6901,3564,3337,316,161,155,17,7,10,62,37,25,6506,3359,3147
CAMERON COUNTY,061,22 Years,6540,3356,3184,318,177,141,16,6,10,61,37,24,6145,3136,3009
CAMERON COUNTY,061,23 Years,6081,3073,3008,288,154,134,24,12,12,48,26,22,5721,2881,2840
CAMERON COUNTY,061,24 Years,5703,2858,2845,291,153,138,27,16,11,48,25,23,5337,2664,2673
CAMERON COUNTY,061,25 Years,5288,2647,2641,294,157,137,26,21,5,46,26,20,4922,2443,2479
CAMERON COUNTY,061,26 Years,4943,2467,2476,304,173,131,20,15,5,46,30,16,4573,2249,2324
CAMERON COUNTY,061,27 Years,4649,2268,2381,295,155,140,18,13,5,49,30,19,4287,2070,2217
CAMERON COUNTY,061,28 Years,4539,2222,2317,333,167,166,21,13,8,49,30,19,4136,2012,2124
CAMERON COUNTY,061,29 Years,4598,2230,2368,316,162,154,20,13,7,51,27,24,4211,2028,2183
CAMERON COUNTY,061,30 Years,4624,2238,2386,323,173,150,22,15,7,53,32,21,4226,2018,2208
CAMERON COUNTY,061,31 Years,4828,2327,2501,325,156,169,17,12,5,55,35,20,4431,2124,2307
CAMERON COUNTY,061,32 Years,5098,2383,2715,326,153,173,19,14,5,58,32,26,4695,2184,2511
CAMERON COUNTY,061,33 Years,5366,2476,2890,327,158,169,19,14,5,59,29,30,4961,2275,2686
CAMERON COUNTY,061,34 Years,5238,2454,2784,333,157,176,22,16,6,52,28,24,4831,2253,2578
CAMERON COUNTY,061,35 Years,4946,2284,2662,305,153,152,22,16,6,52,20,32,4567,2095,2472
CAMERON COUNTY,061,36 Years,5048,2375,2673,316,158,158,20,14,6,59,27,32,4653,2176,2477
CAMERON COUNTY,061,37 Years,5315,2485,2830,319,168,151,19,15,4,62,31,31,4915,2271,2644
CAMERON COUNTY,061,38 Years,5465,2532,2933,303,158,145,19,13,6,67,33,34,5076,2328,2748
CAMERON COUNTY,061,39 Years,5545,2619,2926,310,149,161,18,13,5,54,24,30,5163,2433,2730
CAMERON COUNTY,061,40 Years,5416,2535,2881,310,170,140,17,8,9,63,31,32,5026,2326,2700
CAMERON COUNTY,061,41 Years,5305,2410,2895,315,163,152,18,13,5,69,32,37,4903,2202,2701
CAMERON COUNTY,061,42 Years,5273,2390,2883,348,180,168,15,12,3,78,32,46,4832,2166,2666
CAMERON COUNTY,061,43 Years,5402,2399,3003,379,193,186,16,12,4,76,27,49,4931,2167,2764
CAMERON COUNTY,061,44 Years,5388,2445,2943,424,219,205,14,10,4,80,29,51,4870,2187,2683
CAMERON COUNTY,061,45 Years,5056,2344,2712,423,231,192,16,10,6,79,33,46,4538,2070,2468
CAMERON COUNTY,061,46 Years,4829,2217,2612,373,187,186,16,10,6,75,31,44,4365,1989,2376
CAMERON COUNTY,061,47 Years,4781,2201,2580,374,182,192,17,11,6,78,35,43,4312,1973,2339
CAMERON COUNTY,061,48 Years,4567,2130,2437,395,196,199,14,9,5,73,36,37,4085,1889,2196
CAMERON COUNTY,061,49 Years,4659,2183,2476,434,214,220,27,20,7,79,39,40,4119,1910,2209
CAMERON COUNTY,061,50 Years,4609,2104,2505,485,248,237,20,11,9,70,36,34,4034,1809,2225
CAMERON COUNTY,061,51 Years,4594,2118,2476,489,243,246,10,4,6,57,29,28,4038,1842,2196
CAMERON COUNTY,061,52 Years,4486,2095,2391,488,244,244,16,10,6,52,24,28,3930,1817,2113
CAMERON COUNTY,061,53 Years,4563,2092,2471,554,269,285,18,13,5,59,23,36,3932,1787,2145
CAMERON COUNTY,061,54 Years,4563,2153,2410,567,287,280,18,11,7,70,33,37,3908,1822,2086
CAMERON COUNTY,061,55 Years,4424,2100,2324,597,299,298,16,10,6,68,31,37,3743,1760,1983
CAMERON COUNTY,061,56 Years,4362,2045,2317,570,295,275,15,10,5,58,31,27,3719,1709,2010
CAMERON COUNTY,061,57 Years,4317,1968,2349,613,312,301,18,11,7,46,24,22,3640,1621,2019
CAMERON COUNTY,061,58 Years,4239,1911,2328,648,311,337,18,11,7,57,34,23,3516,1555,1961
CAMERON COUNTY,061,59 Years,4123,1826,2297,669,316,353,21,15,6,57,28,29,3376,1467,1909
CAMERON COUNTY,061,60 Years,4029,1834,2195,687,333,354,16,12,4,47,22,25,3279,1467,1812
CAMERON COUNTY,061,61 Years,3974,1859,2115,725,345,380,16,8,8,48,22,26,3185,1484,1701
CAMERON COUNTY,061,62 Years,3729,1718,2011,726,351,375,20,12,8,43,19,24,2940,1336,1604
CAMERON COUNTY,061,63 Years,3687,1682,2005,730,376,354,18,11,7,42,18,24,2897,1277,1620
CAMERON COUNTY,061,64 Years,3655,1715,1940,749,402,347,7,3,4,43,14,29,2856,1296,1560
CAMERON COUNTY,061,65 Years,3522,1675,1847,761,415,346,9,4,5,40,17,23,2712,1239,1473
CAMERON COUNTY,061,66 Years,3553,1656,1897,824,416,408,13,8,5,39,23,16,2677,1209,1468
CAMERON COUNTY,061,67 Years,3421,1629,1792,859,434,425,8,5,3,34,16,18,2520,1174,1346
CAMERON COUNTY,061,68 Years,3092,1474,1618,773,406,367,5,5,0,29,15,14,2285,1048,1237
CAMERON COUNTY,061,69 Years,3006,1416,1590,804,416,388,7,4,3,34,13,21,2161,983,1178
CAMERON COUNTY,061,70 Years,2855,1321,1534,842,441,401,9,5,4,28,10,18,1976,865,1111
CAMERON COUNTY,061,71 Years,2615,1230,1385,817,439,378,7,4,3,29,12,17,1762,775,987
CAMERON COUNTY,061,72 Years,2493,1150,1343,772,400,372,5,2,3,26,13,13,1690,735,955
CAMERON COUNTY,061,73 Years,2391,1086,1305,741,375,366,6,4,2,25,13,12,1619,694,925
CAMERON COUNTY,061,74 Years,2257,1039,1218,686,351,335,5,3,2,19,7,12,1547,678,869
CAMERON COUNTY,061,75 Years,2054,915,1139,621,307,314,5,4,1,19,8,11,1409,596,813
CAMERON COUNTY,061,76 Years,1978,874,1104,595,293,302,5,2,3,23,14,9,1355,565,790
CAMERON COUNTY,061,77 Years,1836,819,1017,552,283,269,4,3,1,19,14,5,1261,519,742
CAMERON COUNTY,061,78 Years,1769,762,1007,554,286,268,2,1,1,17,11,6,1196,464,732
CAMERON COUNTY,061,79 Years,1663,692,971,516,251,265,7,3,4,20,10,10,1120,428,692
CAMERON COUNTY,061,80 Years,1487,636,851,441,222,219,5,3,2,13,7,6,1028,404,624
CAMERON COUNTY,061,81 Years,1375,575,800,409,196,213,5,2,3,12,7,5,949,370,579
CAMERON COUNTY,061,82 Years,1311,531,780,408,191,217,2,2,0,10,3,7,891,335,556
CAMERON COUNTY,061,83 Years,1284,526,758,424,205,219,1,1,0,11,5,6,848,315,533
CAMERON COUNTY,061,84 Years,1163,470,693,357,174,183,1,1,0,11,5,6,794,290,504
CAMERON COUNTY,061,85 Years +,5562,2073,3489,1649,734,915,9,3,6,58,21,37,3846,1315,2531
CAMP COUNTY,063,All Ages,12644,6214,6430,7165,3468,3697,2166,1018,1148,381,183,198,2932,1545,1387
CAMP COUNTY,063,< 1 Year,175,86,89,65,37,28,25,13,12,20,5,15,65,31,34
CAMP COUNTY,063,1 Years,181,92,89,66,35,31,31,16,15,19,7,12,65,34,31
CAMP COUNTY,063,2 Years,162,78,84,61,31,30,29,13,16,16,5,11,56,29,27
CAMP COUNTY,063,3 Years,159,74,85,60,27,33,32,13,19,10,7,3,57,27,30
CAMP COUNTY,063,4 Years,159,87,72,59,35,24,28,16,12,16,6,10,56,30,26
CAMP COUNTY,063,5 Years,167,98,69,61,33,28,26,17,9,13,8,5,67,40,27
CAMP COUNTY,063,6 Years,177,87,90,70,32,38,29,14,15,14,6,8,64,35,29
CAMP COUNTY,063,7 Years,184,87,97,75,36,39,29,20,9,13,4,9,67,27,40
CAMP COUNTY,063,8 Years,178,86,92,78,40,38,26,17,9,12,5,7,62,24,38
CAMP COUNTY,063,9 Years,191,96,95,79,46,33,28,15,13,10,4,6,74,31,43
CAMP COUNTY,063,10 Years,196,94,102,79,38,41,34,19,15,8,5,3,75,32,43
CAMP COUNTY,063,11 Years,184,93,91,78,38,40,32,18,14,9,6,3,65,31,34
CAMP COUNTY,063,12 Years,184,88,96,78,35,43,28,12,16,7,5,2,71,36,35
CAMP COUNTY,063,13 Years,180,87,93,77,38,39,24,10,14,8,4,4,71,35,36
CAMP COUNTY,063,14 Years,188,90,98,88,42,46,28,12,16,8,4,4,64,32,32
CAMP COUNTY,063,15 Years,201,104,97,97,50,47,34,18,16,7,3,4,63,33,30
CAMP COUNTY,063,16 Years,204,116,88,96,58,38,34,17,17,7,3,4,67,38,29
CAMP COUNTY,063,17 Years,197,108,89,86,55,31,31,16,15,7,3,4,73,34,39
CAMP COUNTY,063,18 Years,179,99,80,81,45,36,30,16,14,6,4,2,62,34,28
CAMP COUNTY,063,19 Years,173,95,78,75,43,32,25,13,12,5,2,3,68,37,31
CAMP COUNTY,063,20 Years,166,94,72,70,38,32,31,21,10,6,3,3,59,32,27
CAMP COUNTY,063,21 Years,171,86,85,65,31,34,33,15,18,9,5,4,64,35,29
CAMP COUNTY,063,22 Years,164,76,88,70,30,40,31,13,18,6,2,4,57,31,26
CAMP COUNTY,063,23 Years,158,76,82,79,37,42,22,11,11,2,1,1,55,27,28
CAMP COUNTY,063,24 Years,166,86,80,77,35,42,36,23,13,4,1,3,49,27,22
CAMP COUNTY,063,25 Years,152,75,77,68,29,39,31,15,16,4,2,2,49,29,20
CAMP COUNTY,063,26 Years,132,68,64,63,36,27,19,9,10,4,2,2,46,21,25
CAMP COUNTY,063,27 Years,147,76,71,69,33,36,26,15,11,4,2,2,48,26,22
CAMP COUNTY,063,28 Years,125,58,67,59,26,33,21,8,13,3,2,1,42,22,20
CAMP COUNTY,063,29 Years,129,57,72,61,30,31,27,9,18,3,0,3,38,18,20
CAMP COUNTY,063,30 Years,121,66,55,62,29,33,23,14,9,3,2,1,33,21,12
CAMP COUNTY,063,31 Years,125,69,56,62,34,28,22,14,8,4,2,2,37,19,18
CAMP COUNTY,063,32 Years,130,70,60,60,31,29,24,13,11,5,2,3,41,24,17
CAMP COUNTY,063,33 Years,147,76,71,69,35,34,20,7,13,5,2,3,53,32,21
CAMP COUNTY,063,34 Years,144,67,77,72,33,39,27,9,18,5,3,2,40,22,18
CAMP COUNTY,063,35 Years,144,73,71,78,37,41,27,13,14,2,1,1,37,22,15
CAMP COUNTY,063,36 Years,156,67,89,89,35,54,24,8,16,3,2,1,40,22,18
CAMP COUNTY,063,37 Years,151,72,79,78,33,45,28,13,15,3,1,2,42,25,17
CAMP COUNTY,063,38 Years,132,74,58,73,37,36,19,12,7,3,2,1,37,23,14
CAMP COUNTY,063,39 Years,119,59,60,59,26,33,16,8,8,2,1,1,42,24,18
CAMP COUNTY,063,40 Years,111,55,56,59,24,35,15,6,9,2,1,1,35,24,11
CAMP COUNTY,063,41 Years,121,60,61,70,31,39,15,7,8,4,2,2,32,20,12
CAMP COUNTY,063,42 Years,143,62,81,84,37,47,21,8,13,2,1,1,36,16,20
CAMP COUNTY,063,43 Years,151,70,81,88,42,46,23,9,14,1,1,0,39,18,21
CAMP COUNTY,063,44 Years,146,70,76,79,39,40,27,11,16,3,2,1,37,18,19
CAMP COUNTY,063,45 Years,136,62,74,74,34,40,28,10,18,3,2,1,31,16,15
CAMP COUNTY,063,46 Years,132,56,76,77,36,41,21,6,15,3,1,2,31,13,18
CAMP COUNTY,063,47 Years,129,59,70,75,36,39,26,9,17,1,0,1,27,14,13
CAMP COUNTY,063,48 Years,134,59,75,65,30,35,35,14,21,1,0,1,33,15,18
CAMP COUNTY,063,49 Years,171,72,99,94,35,59,35,16,19,4,2,2,38,19,19
CAMP COUNTY,063,50 Years,152,77,75,90,44,46,30,11,19,4,2,2,28,20,8
CAMP COUNTY,063,51 Years,145,79,66,80,46,34,29,13,16,3,2,1,33,18,15
CAMP COUNTY,063,52 Years,169,90,79,110,62,48,26,11,15,3,1,2,30,16,14
CAMP COUNTY,063,53 Years,173,83,90,117,57,60,27,11,16,3,1,2,26,14,12
CAMP COUNTY,063,54 Years,161,77,84,101,48,53,35,13,22,3,2,1,22,14,8
CAMP COUNTY,063,55 Years,156,85,71,102,54,48,31,14,17,2,2,0,21,15,6
CAMP COUNTY,063,56 Years,164,85,79,110,58,52,34,15,19,2,0,2,18,12,6
CAMP COUNTY,063,57 Years,185,86,99,133,59,74,35,18,17,2,1,1,15,8,7
CAMP COUNTY,063,58 Years,168,78,90,122,54,68,33,16,17,4,3,1,9,5,4
CAMP COUNTY,063,59 Years,192,92,100,131,60,71,42,20,22,4,2,2,15,10,5
CAMP COUNTY,063,60 Years,186,92,94,127,59,68,38,20,18,3,1,2,18,12,6
CAMP COUNTY,063,61 Years,173,90,83,125,60,65,28,17,11,2,2,0,18,11,7
CAMP COUNTY,063,62 Years,158,80,78,116,59,57,28,13,15,3,2,1,11,6,5
CAMP COUNTY,063,63 Years,158,68,90,112,49,63,36,13,23,3,1,2,7,5,2
CAMP COUNTY,063,64 Years,167,76,91,128,58,70,30,13,17,2,2,0,7,3,4
CAMP COUNTY,063,65 Years,167,80,87,135,63,72,22,12,10,2,2,0,8,3,5
CAMP COUNTY,063,66 Years,156,77,79,124,61,63,26,13,13,1,0,1,5,3,2
CAMP COUNTY,063,67 Years,158,77,81,125,62,63,20,7,13,3,2,1,10,6,4
CAMP COUNTY,063,68 Years,135,64,71,109,51,58,16,7,9,1,0,1,9,6,3
CAMP COUNTY,063,69 Years,120,52,68,98,40,58,15,8,7,1,1,0,6,3,3
CAMP COUNTY,063,70 Years,117,54,63,90,40,50,18,10,8,1,1,0,8,3,5
CAMP COUNTY,063,71 Years,115,49,66,92,40,52,15,6,9,1,1,0,7,2,5
CAMP COUNTY,063,72 Years,108,54,54,82,44,38,19,7,12,0,0,0,7,3,4
CAMP COUNTY,063,73 Years,113,57,56,86,44,42,19,9,10,0,0,0,8,4,4
CAMP COUNTY,063,74 Years,112,59,53,88,47,41,20,9,11,2,2,0,2,1,1
CAMP COUNTY,063,75 Years,94,54,40,73,41,32,17,9,8,2,2,0,2,2,0
CAMP COUNTY,063,76 Years,91,48,43,73,37,36,14,8,6,1,0,1,3,3,0
CAMP COUNTY,063,77 Years,88,42,46,72,33,39,14,7,7,0,0,0,2,2,0
CAMP COUNTY,063,78 Years,85,44,41,67,34,33,14,6,8,0,0,0,4,4,0
CAMP COUNTY,063,79 Years,70,34,36,59,30,29,9,3,6,0,0,0,2,1,1
CAMP COUNTY,063,80 Years,63,27,36,55,23,32,7,3,4,0,0,0,1,1,0
CAMP COUNTY,063,81 Years,63,23,40,51,20,31,11,3,8,0,0,0,1,0,1
CAMP COUNTY,063,82 Years,65,26,39,56,24,32,7,1,6,1,1,0,1,0,1
CAMP COUNTY,063,83 Years,57,28,29,48,24,24,9,4,5,0,0,0,0,0,0
CAMP COUNTY,063,84 Years,52,23,29,42,19,23,10,4,6,0,0,0,0,0,0
CAMP COUNTY,063,85 Years +,236,89,147,179,71,108,46,13,33,3,1,2,8,4,4
CARSON COUNTY,065,All Ages,6113,3005,3108,5354,2632,2722,37,15,22,148,79,69,574,279,295
CARSON COUNTY,065,< 1 Year,58,27,31,47,23,24,1,0,1,2,1,1,8,3,5
CARSON COUNTY,065,1 Years,63,32,31,50,26,24,1,0,1,2,1,1,10,5,5
CARSON COUNTY,065,2 Years,64,35,29,51,29,22,1,0,1,2,1,1,10,5,5
CARSON COUNTY,065,3 Years,65,36,29,52,28,24,0,0,0,0,0,0,13,8,5
CARSON COUNTY,065,4 Years,54,27,27,42,21,21,0,0,0,0,0,0,12,6,6
CARSON COUNTY,065,5 Years,71,37,34,55,30,25,2,1,1,1,1,0,13,5,8
CARSON COUNTY,065,6 Years,74,38,36,58,31,27,2,1,1,2,1,1,12,5,7
CARSON COUNTY,065,7 Years,84,45,39,68,36,32,3,2,1,1,1,0,12,6,6
CARSON COUNTY,065,8 Years,84,42,42,66,30,36,0,0,0,3,0,3,15,12,3
CARSON COUNTY,065,9 Years,93,46,47,76,35,41,0,0,0,1,1,0,16,10,6
CARSON COUNTY,065,10 Years,94,51,43,75,40,35,0,0,0,4,3,1,15,8,7
CARSON COUNTY,065,11 Years,92,49,43,80,44,36,0,0,0,3,1,2,9,4,5
CARSON COUNTY,065,12 Years,87,44,43,76,38,38,0,0,0,4,2,2,7,4,3
CARSON COUNTY,065,13 Years,99,46,53,84,38,46,0,0,0,5,3,2,10,5,5
CARSON COUNTY,065,14 Years,95,46,49,79,38,41,1,1,0,4,3,1,11,4,7
CARSON COUNTY,065,15 Years,90,44,46,76,38,38,1,0,1,4,4,0,9,2,7
CARSON COUNTY,065,16 Years,93,37,56,80,33,47,1,0,1,3,1,2,9,3,6
CARSON COUNTY,065,17 Years,103,52,51,84,45,39,2,0,2,2,2,0,15,5,10
CARSON COUNTY,065,18 Years,99,53,46,84,47,37,1,1,0,2,1,1,12,4,8
CARSON COUNTY,065,19 Years,79,42,37,69,36,33,2,1,1,2,2,0,6,3,3
CARSON COUNTY,065,20 Years,79,40,39,65,33,32,1,0,1,4,2,2,9,5,4
CARSON COUNTY,065,21 Years,88,48,40,72,39,33,1,0,1,5,3,2,10,6,4
CARSON COUNTY,065,22 Years,72,37,35,59,28,31,0,0,0,4,3,1,9,6,3
CARSON COUNTY,065,23 Years,51,25,26,42,19,23,0,0,0,1,1,0,8,5,3
CARSON COUNTY,065,24 Years,55,24,31,45,20,25,1,1,0,1,0,1,8,3,5
CARSON COUNTY,065,25 Years,55,23,32,46,17,29,1,0,1,1,1,0,7,5,2
CARSON COUNTY,065,26 Years,49,24,25,41,20,21,1,1,0,0,0,0,7,3,4
CARSON COUNTY,065,27 Years,45,22,23,38,20,18,1,0,1,1,1,0,5,1,4
CARSON COUNTY,065,28 Years,52,27,25,46,23,23,0,0,0,1,1,0,5,3,2
CARSON COUNTY,065,29 Years,58,32,26,49,25,24,0,0,0,1,0,1,8,7,1
CARSON COUNTY,065,30 Years,42,24,18,36,20,16,0,0,0,3,2,1,3,2,1
CARSON COUNTY,065,31 Years,55,29,26,49,26,23,0,0,0,0,0,0,6,3,3
CARSON COUNTY,065,32 Years,64,35,29,56,30,26,0,0,0,0,0,0,8,5,3
CARSON COUNTY,065,33 Years,68,31,37,57,29,28,0,0,0,2,1,1,9,1,8
CARSON COUNTY,065,34 Years,73,34,39,59,30,29,1,1,0,3,1,2,10,2,8
CARSON COUNTY,065,35 Years,65,30,35,59,27,32,0,0,0,2,1,1,4,2,2
CARSON COUNTY,065,36 Years,67,27,40,63,27,36,0,0,0,1,0,1,3,0,3
CARSON COUNTY,065,37 Years,65,33,32,58,30,28,0,0,0,1,1,0,6,2,4
CARSON COUNTY,065,38 Years,55,31,24,49,27,22,0,0,0,1,1,0,5,3,2
CARSON COUNTY,065,39 Years,71,33,38,65,29,36,0,0,0,1,0,1,5,4,1
CARSON COUNTY,065,40 Years,66,35,31,58,30,28,0,0,0,3,1,2,5,4,1
CARSON COUNTY,065,41 Years,66,33,33,59,30,29,0,0,0,2,0,2,5,3,2
CARSON COUNTY,065,42 Years,69,37,32,61,31,30,0,0,0,1,0,1,7,6,1
CARSON COUNTY,065,43 Years,76,37,39,67,32,35,0,0,0,3,2,1,6,3,3
CARSON COUNTY,065,44 Years,69,31,38,62,28,34,0,0,0,2,1,1,5,2,3
CARSON COUNTY,065,45 Years,74,33,41,60,29,31,1,0,1,3,2,1,10,2,8
CARSON COUNTY,065,46 Years,80,40,40,73,37,36,0,0,0,1,1,0,6,2,4
CARSON COUNTY,065,47 Years,73,36,37,65,34,31,1,0,1,3,0,3,4,2,2
CARSON COUNTY,065,48 Years,73,34,39,61,30,31,1,0,1,3,1,2,8,3,5
CARSON COUNTY,065,49 Years,81,36,45,72,33,39,0,0,0,2,0,2,7,3,4
CARSON COUNTY,065,50 Years,88,42,46,81,39,42,0,0,0,0,0,0,7,3,4
CARSON COUNTY,065,51 Years,98,47,51,87,45,42,0,0,0,2,0,2,9,2,7
CARSON COUNTY,065,52 Years,97,53,44,83,45,38,1,1,0,1,0,1,12,7,5
CARSON COUNTY,065,53 Years,89,49,40,76,42,34,2,1,1,1,1,0,10,5,5
CARSON COUNTY,065,54 Years,100,46,54,90,41,49,1,1,0,1,1,0,8,3,5
CARSON COUNTY,065,55 Years,96,47,49,86,42,44,0,0,0,3,2,1,7,3,4
CARSON COUNTY,065,56 Years,104,57,47,90,47,43,0,0,0,4,3,1,10,7,3
CARSON COUNTY,065,57 Years,96,48,48,86,42,44,0,0,0,3,1,2,7,5,2
CARSON COUNTY,065,58 Years,96,46,50,88,41,47,1,1,0,1,1,0,6,3,3
CARSON COUNTY,065,59 Years,97,52,45,91,48,43,0,0,0,0,0,0,6,4,2
CARSON COUNTY,065,60 Years,100,51,49,93,48,45,0,0,0,3,1,2,4,2,2
CARSON COUNTY,065,61 Years,96,52,44,89,47,42,0,0,0,2,2,0,5,3,2
CARSON COUNTY,065,62 Years,91,49,42,87,46,41,0,0,0,1,1,0,3,2,1
CARSON COUNTY,065,63 Years,73,35,38,68,33,35,0,0,0,1,1,0,4,1,3
CARSON COUNTY,065,64 Years,75,35,40,72,34,38,0,0,0,0,0,0,3,1,2
CARSON COUNTY,065,65 Years,84,38,46,75,32,43,1,1,0,4,2,2,4,3,1
CARSON COUNTY,065,66 Years,76,34,42,71,31,40,0,0,0,2,1,1,3,2,1
CARSON COUNTY,065,67 Years,75,32,43,70,29,41,0,0,0,1,1,0,4,2,2
CARSON COUNTY,065,68 Years,52,25,27,47,23,24,0,0,0,2,1,1,3,1,2
CARSON COUNTY,065,69 Years,47,26,21,45,24,21,0,0,0,1,1,0,1,1,0
CARSON COUNTY,065,70 Years,65,32,33,61,32,29,0,0,0,1,0,1,3,0,3
CARSON COUNTY,065,71 Years,54,25,29,48,24,24,0,0,0,1,0,1,5,1,4
CARSON COUNTY,065,72 Years,52,27,25,49,26,23,1,0,1,0,0,0,2,1,1
CARSON COUNTY,065,73 Years,44,20,24,42,19,23,0,0,0,0,0,0,2,1,1
CARSON COUNTY,065,74 Years,50,20,30,49,20,29,1,0,1,0,0,0,0,0,0
CARSON COUNTY,065,75 Years,51,26,25,47,24,23,0,0,0,1,0,1,3,2,1
CARSON COUNTY,065,76 Years,45,22,23,42,20,22,0,0,0,1,1,0,2,1,1
CARSON COUNTY,065,77 Years,41,17,24,39,16,23,0,0,0,0,0,0,2,1,1
CARSON COUNTY,065,78 Years,40,21,19,37,20,17,0,0,0,2,1,1,1,0,1
CARSON COUNTY,065,79 Years,36,20,16,33,19,14,0,0,0,2,1,1,1,0,1
CARSON COUNTY,065,80 Years,28,14,14,26,14,12,0,0,0,1,0,1,1,0,1
CARSON COUNTY,065,81 Years,32,12,20,30,11,19,0,0,0,1,0,1,1,1,0
CARSON COUNTY,065,82 Years,26,11,15,24,10,14,0,0,0,0,0,0,2,1,1
CARSON COUNTY,065,83 Years,33,14,19,31,12,19,0,0,0,0,0,0,2,2,0
CARSON COUNTY,065,84 Years,34,13,21,32,13,19,0,0,0,1,0,1,1,0,1
CARSON COUNTY,065,85 Years +,155,57,98,145,54,91,1,0,1,1,0,1,8,3,5
CASS COUNTY,067,All Ages,30929,15083,15846,23595,11551,12044,5339,2543,2796,685,309,376,1310,680,630
CASS COUNTY,067,< 1 Year,359,186,173,231,119,112,71,40,31,24,9,15,33,18,15
CASS COUNTY,067,1 Years,347,179,168,221,111,110,74,43,31,19,8,11,33,17,16
CASS COUNTY,067,2 Years,340,172,168,215,108,107,65,35,30,19,8,11,41,21,20
CASS COUNTY,067,3 Years,354,179,175,227,111,116,65,35,30,14,8,6,48,25,23
CASS COUNTY,067,4 Years,365,182,183,245,125,120,62,25,37,15,8,7,43,24,19
CASS COUNTY,067,5 Years,350,185,165,223,118,105,68,38,30,17,5,12,42,24,18
CASS COUNTY,067,6 Years,365,194,171,241,130,111,73,41,32,19,8,11,32,15,17
CASS COUNTY,067,7 Years,370,192,178,256,137,119,68,32,36,18,6,12,28,17,11
CASS COUNTY,067,8 Years,388,205,183,264,141,123,74,38,36,18,8,10,32,18,14
CASS COUNTY,067,9 Years,394,196,198,268,134,134,78,36,42,19,9,10,29,17,12
CASS COUNTY,067,10 Years,395,202,193,274,132,142,80,46,34,14,7,7,27,17,10
CASS COUNTY,067,11 Years,394,212,182,284,148,136,68,43,25,13,6,7,29,15,14
CASS COUNTY,067,12 Years,395,209,186,286,154,132,69,37,32,13,8,5,27,10,17
CASS COUNTY,067,13 Years,403,206,197,298,159,139,67,29,38,17,10,7,21,8,13
CASS COUNTY,067,14 Years,428,208,220,313,156,157,71,29,42,17,8,9,27,15,12
CASS COUNTY,067,15 Years,440,229,211,306,162,144,83,42,41,16,7,9,35,18,17
CASS COUNTY,067,16 Years,429,224,205,304,153,151,83,48,35,10,4,6,32,19,13
CASS COUNTY,067,17 Years,418,216,202,294,150,144,84,44,40,11,5,6,29,17,12
CASS COUNTY,067,18 Years,402,232,170,282,169,113,77,43,34,9,4,5,34,16,18
CASS COUNTY,067,19 Years,390,218,172,276,153,123,78,46,32,9,5,4,27,14,13
CASS COUNTY,067,20 Years,380,201,179,265,131,134,80,48,32,9,6,3,26,16,10
CASS COUNTY,067,21 Years,361,189,172,248,120,128,82,50,32,9,6,3,22,13,9
CASS COUNTY,067,22 Years,354,179,175,248,129,119,83,38,45,7,5,2,16,7,9
CASS COUNTY,067,23 Years,312,160,152,227,121,106,61,27,34,6,3,3,18,9,9
CASS COUNTY,067,24 Years,329,158,171,237,114,123,65,31,34,7,3,4,20,10,10
CASS COUNTY,067,25 Years,331,164,167,240,118,122,71,37,34,7,3,4,13,6,7
CASS COUNTY,067,26 Years,284,131,153,204,93,111,64,32,32,6,3,3,10,3,7
CASS COUNTY,067,27 Years,262,117,145,190,83,107,58,27,31,3,2,1,11,5,6
CASS COUNTY,067,28 Years,295,121,174,218,90,128,58,22,36,6,4,2,13,5,8
CASS COUNTY,067,29 Years,289,139,150,209,108,101,57,21,36,7,1,6,16,9,7
CASS COUNTY,067,30 Years,271,128,143,208,102,106,49,20,29,4,1,3,10,5,5
CASS COUNTY,067,31 Years,267,124,143,199,94,105,50,22,28,4,1,3,14,7,7
CASS COUNTY,067,32 Years,289,138,151,219,106,113,51,23,28,4,2,2,15,7,8
CASS COUNTY,067,33 Years,316,142,174,241,112,129,47,19,28,6,1,5,22,10,12
CASS COUNTY,067,34 Years,330,162,168,233,119,114,68,32,36,5,1,4,24,10,14
CASS COUNTY,067,35 Years,330,158,172,237,117,120,66,30,36,9,3,6,18,8,10
CASS COUNTY,067,36 Years,327,158,169,248,120,128,61,29,32,6,2,4,12,7,5
CASS COUNTY,067,37 Years,314,151,163,242,116,126,50,24,26,2,1,1,20,10,10
CASS COUNTY,067,38 Years,286,127,159,203,89,114,58,23,35,3,2,1,22,13,9
CASS COUNTY,067,39 Years,323,156,167,234,121,113,64,26,38,6,1,5,19,8,11
CASS COUNTY,067,40 Years,320,158,162,231,118,113,61,29,32,8,2,6,20,9,11
CASS COUNTY,067,41 Years,343,163,180,269,128,141,49,23,26,10,4,6,15,8,7
CASS COUNTY,067,42 Years,373,177,196,293,138,155,58,29,29,10,5,5,12,5,7
CASS COUNTY,067,43 Years,385,186,199,305,149,156,52,25,27,13,6,7,15,6,9
CASS COUNTY,067,44 Years,386,172,214,306,136,170,57,26,31,8,3,5,15,7,8
CASS COUNTY,067,45 Years,382,180,202,299,140,159,60,29,31,7,3,4,16,8,8
CASS COUNTY,067,46 Years,360,187,173,271,142,129,70,35,35,6,3,3,13,7,6
CASS COUNTY,067,47 Years,365,182,183,282,141,141,65,32,33,6,3,3,12,6,6
CASS COUNTY,067,48 Years,385,189,196,299,148,151,66,28,38,8,6,2,12,7,5
CASS COUNTY,067,49 Years,427,218,209,348,179,169,62,30,32,7,3,4,10,6,4
CASS COUNTY,067,50 Years,437,212,225,345,168,177,74,37,37,10,4,6,8,3,5
CASS COUNTY,067,51 Years,435,198,237,347,157,190,70,32,38,8,4,4,10,5,5
CASS COUNTY,067,52 Years,429,204,225,327,158,169,80,31,49,10,7,3,12,8,4
CASS COUNTY,067,53 Years,439,219,220,338,180,158,86,31,55,6,2,4,9,6,3
CASS COUNTY,067,54 Years,458,223,235,356,178,178,85,38,47,6,3,3,11,4,7
CASS COUNTY,067,55 Years,483,234,249,376,180,196,87,46,41,7,2,5,13,6,7
CASS COUNTY,067,56 Years,485,247,238,384,194,190,78,38,40,5,1,4,18,14,4
CASS COUNTY,067,57 Years,476,227,249,382,186,196,79,33,46,6,1,5,9,7,2
CASS COUNTY,067,58 Years,459,219,240,366,177,189,79,36,43,9,4,5,5,2,3
CASS COUNTY,067,59 Years,480,230,250,388,192,196,79,35,44,8,2,6,5,1,4
CASS COUNTY,067,60 Years,454,211,243,369,176,193,72,29,43,4,2,2,9,4,5
CASS COUNTY,067,61 Years,415,201,214,339,170,169,63,25,38,6,2,4,7,4,3
CASS COUNTY,067,62 Years,403,207,196,337,177,160,57,26,31,4,2,2,5,2,3
CASS COUNTY,067,63 Years,414,212,202,335,176,159,72,33,39,4,2,2,3,1,2
CASS COUNTY,067,64 Years,427,211,216,346,167,179,75,41,34,3,1,2,3,2,1
CASS COUNTY,067,65 Years,424,210,214,341,164,177,74,41,33,6,4,2,3,1,2
CASS COUNTY,067,66 Years,439,228,211,355,183,172,73,38,35,5,2,3,6,5,1
CASS COUNTY,067,67 Years,445,216,229,370,176,194,67,35,32,4,1,3,4,4,0
CASS COUNTY,067,68 Years,388,183,205,317,151,166,59,24,35,8,5,3,4,3,1
CASS COUNTY,067,69 Years,384,176,208,328,154,174,48,18,30,4,2,2,4,2,2
CASS COUNTY,067,70 Years,400,191,209,347,169,178,44,17,27,6,4,2,3,1,2
CASS COUNTY,067,71 Years,387,194,193,322,156,166,56,32,24,5,4,1,4,2,2
CASS COUNTY,067,72 Years,367,187,180,315,160,155,43,22,21,6,3,3,3,2,1
CASS COUNTY,067,73 Years,312,154,158,273,140,133,35,12,23,3,2,1,1,0,1
CASS COUNTY,067,74 Years,302,144,158,257,125,132,42,19,23,2,0,2,1,0,1
CASS COUNTY,067,75 Years,285,125,160,243,104,139,34,18,16,5,3,2,3,0,3
CASS COUNTY,067,76 Years,235,100,135,203,87,116,26,11,15,3,1,2,3,1,2
CASS COUNTY,067,77 Years,219,102,117,184,85,99,29,13,16,2,1,1,4,3,1
CASS COUNTY,067,78 Years,212,96,116,174,85,89,35,9,26,2,1,1,1,1,0
CASS COUNTY,067,79 Years,215,90,125,183,75,108,28,12,16,2,2,0,2,1,1
CASS COUNTY,067,80 Years,186,81,105,161,68,93,21,11,10,2,1,1,2,1,1
CASS COUNTY,067,81 Years,181,81,100,158,72,86,21,8,13,2,1,1,0,0,0
CASS COUNTY,067,82 Years,163,69,94,144,64,80,17,4,13,2,1,1,0,0,0
CASS COUNTY,067,83 Years,138,52,86,122,47,75,15,5,10,1,0,1,0,0,0
CASS COUNTY,067,84 Years,133,55,78,114,48,66,17,7,10,2,0,2,0,0,0
CASS COUNTY,067,85 Years +,718,253,465,588,210,378,118,39,79,7,2,5,5,2,3
CASTRO COUNTY,069,All Ages,7702,3926,3776,2699,1367,1332,146,75,71,80,36,44,4777,2448,2329
CASTRO COUNTY,069,< 1 Year,104,57,47,21,12,9,0,0,0,3,2,1,80,43,37
CASTRO COUNTY,069,1 Years,106,56,50,19,10,9,0,0,0,2,1,1,85,45,40
CASTRO COUNTY,069,2 Years,114,55,59,19,9,10,2,1,1,2,1,1,91,44,47
CASTRO COUNTY,069,3 Years,118,56,62,22,11,11,3,1,2,3,2,1,90,42,48
CASTRO COUNTY,069,4 Years,126,69,57,25,13,12,4,2,2,3,0,3,94,54,40
CASTRO COUNTY,069,5 Years,133,73,60,26,14,12,5,3,2,1,0,1,101,56,45
CASTRO COUNTY,069,6 Years,123,64,59,31,18,13,2,1,1,0,0,0,90,45,45
CASTRO COUNTY,069,7 Years,132,69,63,28,16,12,2,0,2,3,0,3,99,53,46
CASTRO COUNTY,069,8 Years,130,72,58,34,20,14,2,0,2,3,1,2,91,51,40
CASTRO COUNTY,069,9 Years,132,69,63,36,21,15,2,1,1,1,1,0,93,46,47
CASTRO COUNTY,069,10 Years,139,74,65,35,18,17,1,1,0,1,1,0,102,54,48
CASTRO COUNTY,069,11 Years,131,77,54,37,23,14,3,1,2,1,1,0,90,52,38
CASTRO COUNTY,069,12 Years,118,62,56,30,15,15,3,2,1,2,1,1,83,44,39
CASTRO COUNTY,069,13 Years,140,66,74,35,14,21,4,1,3,0,0,0,101,51,50
CASTRO COUNTY,069,14 Years,130,61,69,29,11,18,2,0,2,0,0,0,99,50,49
CASTRO COUNTY,069,15 Years,126,57,69,26,10,16,2,1,1,0,0,0,98,46,52
CASTRO COUNTY,069,16 Years,141,73,68,32,16,16,4,2,2,1,0,1,104,55,49
CASTRO COUNTY,069,17 Years,133,71,62,30,18,12,4,3,1,0,0,0,99,50,49
CASTRO COUNTY,069,18 Years,120,55,65,28,11,17,2,1,1,2,1,1,88,42,46
CASTRO COUNTY,069,19 Years,113,60,53,24,8,16,5,4,1,1,1,0,83,47,36
CASTRO COUNTY,069,20 Years,119,63,56,29,14,15,2,2,0,2,2,0,86,45,41
CASTRO COUNTY,069,21 Years,116,52,64,35,18,17,1,1,0,2,2,0,78,31,47
CASTRO COUNTY,069,22 Years,109,58,51,34,22,12,0,0,0,1,1,0,74,35,39
CASTRO COUNTY,069,23 Years,86,47,39,19,12,7,0,0,0,1,0,1,66,35,31
CASTRO COUNTY,069,24 Years,83,39,44,20,10,10,2,0,2,0,0,0,61,29,32
CASTRO COUNTY,069,25 Years,86,43,43,15,7,8,3,0,3,2,0,2,66,36,30
CASTRO COUNTY,069,26 Years,80,42,38,18,9,9,2,2,0,1,0,1,59,31,28
CASTRO COUNTY,069,27 Years,87,43,44,24,9,15,4,3,1,0,0,0,59,31,28
CASTRO COUNTY,069,28 Years,83,41,42,19,6,13,4,3,1,0,0,0,60,32,28
CASTRO COUNTY,069,29 Years,94,56,38,22,13,9,1,0,1,2,2,0,69,41,28
CASTRO COUNTY,069,30 Years,82,43,39,22,15,7,2,1,1,2,0,2,56,27,29
CASTRO COUNTY,069,31 Years,85,38,47,20,9,11,1,0,1,2,1,1,62,28,34
CASTRO COUNTY,069,32 Years,80,36,44,24,10,14,1,0,1,2,1,1,53,25,28
CASTRO COUNTY,069,33 Years,84,48,36,23,14,9,1,1,0,2,1,1,58,32,26
CASTRO COUNTY,069,34 Years,91,44,47,22,9,13,3,2,1,1,1,0,65,32,33
CASTRO COUNTY,069,35 Years,87,37,50,24,10,14,1,0,1,1,1,0,61,26,35
CASTRO COUNTY,069,36 Years,88,48,40,22,10,12,0,0,0,2,1,1,64,37,27
CASTRO COUNTY,069,37 Years,80,42,38,21,9,12,0,0,0,3,2,1,56,31,25
CASTRO COUNTY,069,38 Years,95,49,46,24,12,12,1,1,0,1,0,1,69,36,33
CASTRO COUNTY,069,39 Years,81,41,40,22,12,10,2,2,0,2,0,2,55,27,28
CASTRO COUNTY,069,40 Years,86,38,48,26,14,12,3,1,2,2,0,2,55,23,32
CASTRO COUNTY,069,41 Years,83,41,42,22,11,11,1,1,0,1,0,1,59,29,30
CASTRO COUNTY,069,42 Years,73,45,28,20,11,9,1,1,0,0,0,0,52,33,19
CASTRO COUNTY,069,43 Years,87,50,37,29,15,14,1,1,0,0,0,0,57,34,23
CASTRO COUNTY,069,44 Years,96,51,45,36,20,16,1,0,1,0,0,0,59,31,28
CASTRO COUNTY,069,45 Years,83,40,43,28,15,13,1,0,1,0,0,0,54,25,29
CASTRO COUNTY,069,46 Years,82,40,42,32,15,17,1,0,1,1,1,0,48,24,24
CASTRO COUNTY,069,47 Years,75,34,41,27,13,14,0,0,0,1,0,1,47,21,26
CASTRO COUNTY,069,48 Years,83,43,40,23,13,10,1,0,1,2,2,0,57,28,29
CASTRO COUNTY,069,49 Years,82,45,37,35,20,15,1,1,0,1,1,0,45,23,22
CASTRO COUNTY,069,50 Years,98,45,53,50,25,25,2,1,1,1,0,1,45,19,26
CASTRO COUNTY,069,51 Years,92,42,50,46,22,24,1,0,1,0,0,0,45,20,25
CASTRO COUNTY,069,52 Years,92,48,44,36,20,16,2,0,2,0,0,0,54,28,26
CASTRO COUNTY,069,53 Years,108,59,49,45,25,20,3,1,2,1,0,1,59,33,26
CASTRO COUNTY,069,54 Years,92,45,47,42,21,21,2,1,1,0,0,0,48,23,25
CASTRO COUNTY,069,55 Years,96,52,44,48,25,23,2,1,1,0,0,0,46,26,20
CASTRO COUNTY,069,56 Years,101,55,46,48,26,22,4,2,2,1,1,0,48,26,22
CASTRO COUNTY,069,57 Years,102,58,44,48,31,17,4,3,1,2,1,1,48,23,25
CASTRO COUNTY,069,58 Years,89,48,41,43,23,20,5,4,1,0,0,0,41,21,20
CASTRO COUNTY,069,59 Years,114,56,58,55,27,28,2,1,1,1,0,1,56,28,28
CASTRO COUNTY,069,60 Years,109,55,54,57,28,29,1,0,1,1,1,0,50,26,24
CASTRO COUNTY,069,61 Years,105,59,46,51,27,24,2,1,1,0,0,0,52,31,21
CASTRO COUNTY,069,62 Years,98,52,46,49,24,25,4,1,3,0,0,0,45,27,18
CASTRO COUNTY,069,63 Years,82,43,39,39,22,17,3,2,1,1,0,1,39,19,20
CASTRO COUNTY,069,64 Years,68,31,37,33,17,16,2,2,0,1,0,1,32,12,20
CASTRO COUNTY,069,65 Years,62,27,35,35,18,17,0,0,0,1,0,1,26,9,17
CASTRO COUNTY,069,66 Years,76,39,37,42,22,20,0,0,0,1,0,1,33,17,16
CASTRO COUNTY,069,67 Years,73,41,32,44,23,21,0,0,0,0,0,0,29,18,11
CASTRO COUNTY,069,68 Years,64,33,31,40,23,17,1,0,1,0,0,0,23,10,13
CASTRO COUNTY,069,69 Years,56,29,27,34,18,16,1,1,0,0,0,0,21,10,11
CASTRO COUNTY,069,70 Years,47,21,26,28,13,15,1,1,0,0,0,0,18,7,11
CASTRO COUNTY,069,71 Years,65,29,36,42,18,24,1,1,0,0,0,0,22,10,12
CASTRO COUNTY,069,72 Years,57,35,22,30,19,11,0,0,0,0,0,0,27,16,11
CASTRO COUNTY,069,73 Years,52,30,22,29,17,12,0,0,0,1,1,0,22,12,10
CASTRO COUNTY,069,74 Years,44,21,23,27,13,14,0,0,0,0,0,0,17,8,9
CASTRO COUNTY,069,75 Years,44,21,23,28,13,15,0,0,0,0,0,0,16,8,8
CASTRO COUNTY,069,76 Years,42,20,22,25,8,17,0,0,0,0,0,0,17,12,5
CASTRO COUNTY,069,77 Years,45,25,20,29,15,14,0,0,0,0,0,0,16,10,6
CASTRO COUNTY,069,78 Years,39,19,20,25,12,13,1,1,0,0,0,0,13,6,7
CASTRO COUNTY,069,79 Years,46,22,24,29,13,16,1,1,0,0,0,0,16,8,8
CASTRO COUNTY,069,80 Years,48,22,26,37,18,19,0,0,0,1,0,1,10,4,6
CASTRO COUNTY,069,81 Years,41,16,25,27,10,17,0,0,0,1,0,1,13,6,7
CASTRO COUNTY,069,82 Years,35,15,20,22,8,14,1,0,1,0,0,0,12,7,5
CASTRO COUNTY,069,83 Years,27,14,13,19,10,9,0,0,0,0,0,0,8,4,4
CASTRO COUNTY,069,84 Years,25,11,14,17,9,8,1,0,1,0,0,0,7,2,5
CASTRO COUNTY,069,85 Years +,133,55,78,96,39,57,5,2,3,0,0,0,32,14,18
CHAMBERS COUNTY,071,All Ages,37801,18938,18863,25491,12614,12877,3028,1541,1487,1013,494,519,8269,4289,3980
CHAMBERS COUNTY,071,< 1 Year,436,229,207,271,138,133,26,14,12,17,9,8,122,68,54
CHAMBERS COUNTY,071,1 Years,428,224,204,266,137,129,24,12,12,13,8,5,125,67,58
CHAMBERS COUNTY,071,2 Years,425,214,211,255,127,128,23,12,11,11,5,6,136,70,66
CHAMBERS COUNTY,071,3 Years,441,219,222,250,123,127,27,15,12,14,7,7,150,74,76
CHAMBERS COUNTY,071,4 Years,460,209,251,255,110,145,29,15,14,16,5,11,160,79,81
CHAMBERS COUNTY,071,5 Years,509,264,245,274,142,132,29,17,12,21,8,13,185,97,88
CHAMBERS COUNTY,071,6 Years,516,268,248,300,156,144,27,12,15,24,11,13,165,89,76
CHAMBERS COUNTY,071,7 Years,520,264,256,306,157,149,33,16,17,25,11,14,156,80,76
CHAMBERS COUNTY,071,8 Years,554,296,258,321,174,147,33,17,16,25,14,11,175,91,84
CHAMBERS COUNTY,071,9 Years,564,287,277,323,167,156,35,16,19,22,10,12,184,94,90
CHAMBERS COUNTY,071,10 Years,593,305,288,360,185,175,35,18,17,22,10,12,176,92,84
CHAMBERS COUNTY,071,11 Years,628,334,294,384,216,168,36,18,18,23,12,11,185,88,97
CHAMBERS COUNTY,071,12 Years,643,349,294,398,219,179,42,21,21,21,11,10,182,98,84
CHAMBERS COUNTY,071,13 Years,688,371,317,437,239,198,46,29,17,23,10,13,182,93,89
CHAMBERS COUNTY,071,14 Years,697,361,336,429,225,204,58,32,26,25,11,14,185,93,92
CHAMBERS COUNTY,071,15 Years,670,341,329,409,210,199,51,25,26,20,12,8,190,94,96
CHAMBERS COUNTY,071,16 Years,677,342,335,408,210,198,49,26,23,25,13,12,195,93,102
CHAMBERS COUNTY,071,17 Years,638,323,315,395,203,192,44,23,21,24,11,13,175,86,89
CHAMBERS COUNTY,071,18 Years,623,316,307,386,194,192,49,27,22,24,12,12,164,83,81
CHAMBERS COUNTY,071,19 Years,563,284,279,341,175,166,48,24,24,18,8,10,156,77,79
CHAMBERS COUNTY,071,20 Years,542,281,261,320,165,155,57,33,24,16,9,7,149,74,75
CHAMBERS COUNTY,071,21 Years,538,288,250,312,169,143,56,33,23,12,6,6,158,80,78
CHAMBERS COUNTY,071,22 Years,512,264,248,291,151,140,59,32,27,14,7,7,148,74,74
CHAMBERS COUNTY,071,23 Years,468,249,219,272,141,131,46,26,20,10,7,3,140,75,65
CHAMBERS COUNTY,071,24 Years,398,201,197,234,115,119,37,19,18,4,3,1,123,64,59
CHAMBERS COUNTY,071,25 Years,361,175,186,204,93,111,34,18,16,5,3,2,118,61,57
CHAMBERS COUNTY,071,26 Years,368,179,189,204,93,111,33,20,13,10,2,8,121,64,57
CHAMBERS COUNTY,071,27 Years,332,171,161,190,96,94,21,13,8,12,6,6,109,56,53
CHAMBERS COUNTY,071,28 Years,355,187,168,200,101,99,21,12,9,13,10,3,121,64,57
CHAMBERS COUNTY,071,29 Years,378,192,186,218,98,120,24,14,10,11,7,4,125,73,52
CHAMBERS COUNTY,071,30 Years,367,170,197,216,89,127,17,9,8,9,5,4,125,67,58
CHAMBERS COUNTY,071,31 Years,412,190,222,241,98,143,23,14,9,8,3,5,140,75,65
CHAMBERS COUNTY,071,32 Years,476,220,256,288,117,171,33,20,13,9,4,5,146,79,67
CHAMBERS COUNTY,071,33 Years,509,246,263,320,149,171,28,14,14,11,4,7,150,79,71
CHAMBERS COUNTY,071,34 Years,530,265,265,347,176,171,35,13,22,13,6,7,135,70,65
CHAMBERS COUNTY,071,35 Years,474,237,237,319,153,166,26,13,13,8,3,5,121,68,53
CHAMBERS COUNTY,071,36 Years,512,243,269,340,155,185,33,18,15,10,4,6,129,66,63
CHAMBERS COUNTY,071,37 Years,542,256,286,358,167,191,41,18,23,8,4,4,135,67,68
CHAMBERS COUNTY,071,38 Years,543,259,284,351,166,185,45,18,27,7,3,4,140,72,68
CHAMBERS COUNTY,071,39 Years,533,250,283,345,160,185,48,21,27,8,3,5,132,66,66
CHAMBERS COUNTY,071,40 Years,555,259,296,361,163,198,47,21,26,9,4,5,138,71,67
CHAMBERS COUNTY,071,41 Years,568,272,296,369,176,193,55,27,28,12,5,7,132,64,68
CHAMBERS COUNTY,071,42 Years,596,271,325,401,183,218,51,26,25,15,3,12,129,59,70
CHAMBERS COUNTY,071,43 Years,627,299,328,427,202,225,65,35,30,19,6,13,116,56,60
CHAMBERS COUNTY,071,44 Years,618,298,320,427,201,226,60,32,28,17,9,8,114,56,58
CHAMBERS COUNTY,071,45 Years,601,293,308,425,199,226,55,31,24,10,5,5,111,58,53
CHAMBERS COUNTY,071,46 Years,554,268,286,391,185,206,47,23,24,12,7,5,104,53,51
CHAMBERS COUNTY,071,47 Years,566,274,292,397,188,209,43,20,23,18,9,9,108,57,51
CHAMBERS COUNTY,071,48 Years,555,275,280,404,195,209,43,26,17,15,8,7,93,46,47
CHAMBERS COUNTY,071,49 Years,543,276,267,403,201,202,44,26,18,15,7,8,81,42,39
CHAMBERS COUNTY,071,50 Years,527,274,253,391,198,193,48,27,21,15,7,8,73,42,31
CHAMBERS COUNTY,071,51 Years,538,288,250,406,215,191,46,25,21,15,8,7,71,40,31
CHAMBERS COUNTY,071,52 Years,541,282,259,410,206,204,50,27,23,16,8,8,65,41,24
CHAMBERS COUNTY,071,53 Years,538,280,258,399,205,194,47,23,24,26,13,13,66,39,27
CHAMBERS COUNTY,071,54 Years,564,294,270,412,221,191,56,24,32,20,11,9,76,38,38
CHAMBERS COUNTY,071,55 Years,520,259,261,393,197,196,46,21,25,12,8,4,69,33,36
CHAMBERS COUNTY,071,56 Years,502,250,252,387,187,200,43,25,18,9,5,4,63,33,30
CHAMBERS COUNTY,071,57 Years,531,282,249,415,227,188,41,21,20,12,6,6,63,28,35
CHAMBERS COUNTY,071,58 Years,505,277,228,394,216,178,37,20,17,10,7,3,64,34,30
CHAMBERS COUNTY,071,59 Years,490,254,236,388,200,188,36,18,18,9,6,3,57,30,27
CHAMBERS COUNTY,071,60 Years,492,242,250,392,188,204,36,20,16,12,6,6,52,28,24
CHAMBERS COUNTY,071,61 Years,497,246,251,394,191,203,46,20,26,6,3,3,51,32,19
CHAMBERS COUNTY,071,62 Years,407,219,188,322,173,149,40,18,22,5,3,2,40,25,15
CHAMBERS COUNTY,071,63 Years,357,192,165,277,146,131,37,20,17,6,4,2,37,22,15
CHAMBERS COUNTY,071,64 Years,354,187,167,278,145,133,38,20,18,11,6,5,27,16,11
CHAMBERS COUNTY,071,65 Years,354,173,181,286,135,151,35,19,16,6,3,3,27,16,11
CHAMBERS COUNTY,071,66 Years,381,190,191,309,154,155,33,16,17,12,4,8,27,16,11
CHAMBERS COUNTY,071,67 Years,378,187,191,303,150,153,36,17,19,11,4,7,28,16,12
CHAMBERS COUNTY,071,68 Years,311,153,158,252,120,132,33,16,17,4,2,2,22,15,7
CHAMBERS COUNTY,071,69 Years,260,125,135,210,102,108,29,15,14,3,0,3,18,8,10
CHAMBERS COUNTY,071,70 Years,244,120,124,198,100,98,26,10,16,5,3,2,15,7,8
CHAMBERS COUNTY,071,71 Years,234,123,111,197,105,92,19,7,12,3,2,1,15,9,6
CHAMBERS COUNTY,071,72 Years,204,94,110,172,83,89,15,3,12,6,4,2,11,4,7
CHAMBERS COUNTY,071,73 Years,195,93,102,158,77,81,20,9,11,4,2,2,13,5,8
CHAMBERS COUNTY,071,74 Years,174,85,89,136,65,71,20,9,11,3,1,2,15,10,5
CHAMBERS COUNTY,071,75 Years,156,77,79,122,60,62,18,7,11,1,0,1,15,10,5
CHAMBERS COUNTY,071,76 Years,129,64,65,107,54,53,13,5,8,2,0,2,7,5,2
CHAMBERS COUNTY,071,77 Years,129,61,68,108,51,57,13,7,6,2,0,2,6,3,3
CHAMBERS COUNTY,071,78 Years,119,62,57,105,56,49,10,3,7,0,0,0,4,3,1
CHAMBERS COUNTY,071,79 Years,112,57,55,93,49,44,13,5,8,2,1,1,4,2,2
CHAMBERS COUNTY,071,80 Years,109,52,57,94,42,52,11,7,4,1,1,0,3,2,1
CHAMBERS COUNTY,071,81 Years,95,47,48,79,40,39,13,6,7,1,0,1,2,1,1
CHAMBERS COUNTY,071,82 Years,75,31,44,67,27,40,7,3,4,0,0,0,1,1,0
CHAMBERS COUNTY,071,83 Years,88,32,56,79,26,53,7,5,2,0,0,0,2,1,1
CHAMBERS COUNTY,071,84 Years,87,30,57,77,26,51,8,3,5,1,1,0,1,0,1
CHAMBERS COUNTY,071,85 Years +,398,148,250,338,125,213,31,6,25,9,5,4,20,12,8
CHEROKEE COUNTY,073,All Ages,52554,26856,25698,31536,15454,16082,7517,4069,3448,1309,608,701,12192,6725,5467
CHEROKEE COUNTY,073,< 1 Year,746,376,370,337,169,168,99,53,46,40,19,21,270,135,135
CHEROKEE COUNTY,073,1 Years,715,369,346,327,163,164,97,53,44,39,19,20,252,134,118
CHEROKEE COUNTY,073,2 Years,710,358,352,325,164,161,96,48,48,38,18,20,251,128,123
CHEROKEE COUNTY,073,3 Years,715,368,347,332,171,161,94,49,45,43,23,20,246,125,121
CHEROKEE COUNTY,073,4 Years,699,359,340,319,158,161,93,54,39,38,17,21,249,130,119
CHEROKEE COUNTY,073,5 Years,740,380,360,322,162,160,107,58,49,38,13,25,273,147,126
CHEROKEE COUNTY,073,6 Years,715,368,347,318,163,155,86,44,42,38,18,20,273,143,130
CHEROKEE COUNTY,073,7 Years,711,365,346,319,166,153,94,49,45,35,18,17,263,132,131
CHEROKEE COUNTY,073,8 Years,754,398,356,346,184,162,94,45,49,36,20,16,278,149,129
CHEROKEE COUNTY,073,9 Years,760,394,366,345,185,160,109,46,63,36,20,16,270,143,127
CHEROKEE COUNTY,073,10 Years,765,388,377,356,191,165,99,41,58,40,20,20,270,136,134
CHEROKEE COUNTY,073,11 Years,786,397,389,348,168,180,113,55,58,45,22,23,280,152,128
CHEROKEE COUNTY,073,12 Years,775,395,380,354,166,188,89,50,39,37,18,19,295,161,134
CHEROKEE COUNTY,073,13 Years,784,408,376,378,186,192,106,63,43,25,10,15,275,149,126
CHEROKEE COUNTY,073,14 Years,781,412,369,367,185,182,107,58,49,35,13,22,272,156,116
CHEROKEE COUNTY,073,15 Years,792,402,390,384,195,189,102,54,48,27,10,17,279,143,136
CHEROKEE COUNTY,073,16 Years,752,384,368,379,191,188,91,49,42,18,6,12,264,138,126
CHEROKEE COUNTY,073,17 Years,752,392,360,374,190,184,114,56,58,18,8,10,246,138,108
CHEROKEE COUNTY,073,18 Years,760,413,347,360,183,177,152,98,54,15,8,7,233,124,109
CHEROKEE COUNTY,073,19 Years,746,434,312,341,180,161,161,122,39,17,10,7,227,122,105
CHEROKEE COUNTY,073,20 Years,744,406,338,343,172,171,145,90,55,17,11,6,239,133,106
CHEROKEE COUNTY,073,21 Years,731,397,334,323,163,160,143,83,60,17,7,10,248,144,104
CHEROKEE COUNTY,073,22 Years,741,381,360,330,157,173,129,70,59,20,9,11,262,145,117
CHEROKEE COUNTY,073,23 Years,817,427,390,372,181,191,154,88,66,19,9,10,272,149,123
CHEROKEE COUNTY,073,24 Years,758,396,362,365,178,187,132,78,54,20,10,10,241,130,111
CHEROKEE COUNTY,073,25 Years,676,360,316,343,171,172,116,74,42,13,5,8,204,110,94
CHEROKEE COUNTY,073,26 Years,667,362,305,338,169,169,118,69,49,10,5,5,201,119,82
CHEROKEE COUNTY,073,27 Years,598,318,280,287,137,150,103,57,46,11,5,6,197,119,78
CHEROKEE COUNTY,073,28 Years,525,288,237,263,127,136,79,48,31,7,3,4,176,110,66
CHEROKEE COUNTY,073,29 Years,526,286,240,280,143,137,77,44,33,6,2,4,163,97,66
CHEROKEE COUNTY,073,30 Years,561,291,270,292,146,146,87,47,40,11,6,5,171,92,79
CHEROKEE COUNTY,073,31 Years,532,264,268,292,147,145,76,40,36,12,7,5,152,70,82
CHEROKEE COUNTY,073,32 Years,530,272,258,288,143,145,74,37,37,10,2,8,158,90,68
CHEROKEE COUNTY,073,33 Years,587,298,289,318,158,160,89,45,44,16,6,10,164,89,75
CHEROKEE COUNTY,073,34 Years,621,305,316,333,156,177,99,50,49,15,6,9,174,93,81
CHEROKEE COUNTY,073,35 Years,577,295,282,311,151,160,76,39,37,11,3,8,179,102,77
CHEROKEE COUNTY,073,36 Years,576,306,270,304,152,152,92,56,36,10,5,5,170,93,77
CHEROKEE COUNTY,073,37 Years,628,341,287,326,161,165,98,58,40,11,5,6,193,117,76
CHEROKEE COUNTY,073,38 Years,579,308,271,322,173,149,83,43,40,10,4,6,164,88,76
CHEROKEE COUNTY,073,39 Years,593,309,284,333,166,167,82,49,33,6,2,4,172,92,80
CHEROKEE COUNTY,073,40 Years,631,325,306,366,175,191,84,46,38,8,3,5,173,101,72
CHEROKEE COUNTY,073,41 Years,631,336,295,369,184,185,83,47,36,7,4,3,172,101,71
CHEROKEE COUNTY,073,42 Years,642,330,312,379,189,190,81,44,37,6,5,1,176,92,84
CHEROKEE COUNTY,073,43 Years,658,344,314,417,214,203,83,42,41,6,3,3,152,85,67
CHEROKEE COUNTY,073,44 Years,615,328,287,384,194,190,82,45,37,6,2,4,143,87,56
CHEROKEE COUNTY,073,45 Years,620,335,285,369,188,181,104,56,48,12,8,4,135,83,52
CHEROKEE COUNTY,073,46 Years,599,312,287,370,180,190,89,54,35,10,5,5,130,73,57
CHEROKEE COUNTY,073,47 Years,597,329,268,349,180,169,107,64,43,10,4,6,131,81,50
CHEROKEE COUNTY,073,48 Years,644,352,292,377,201,176,111,62,49,13,5,8,143,84,59
CHEROKEE COUNTY,073,49 Years,682,390,292,428,247,181,117,76,41,14,5,9,123,62,61
CHEROKEE COUNTY,073,50 Years,669,367,302,441,230,211,100,62,38,13,8,5,115,67,48
CHEROKEE COUNTY,073,51 Years,706,391,315,452,240,212,125,75,50,16,8,8,113,68,45
CHEROKEE COUNTY,073,52 Years,686,365,321,439,214,225,119,71,48,17,8,9,111,72,39
CHEROKEE COUNTY,073,53 Years,669,341,328,428,208,220,113,56,57,18,7,11,110,70,40
CHEROKEE COUNTY,073,54 Years,724,369,355,494,247,247,124,63,61,14,8,6,92,51,41
CHEROKEE COUNTY,073,55 Years,730,372,358,513,251,262,116,62,54,13,5,8,88,54,34
CHEROKEE COUNTY,073,56 Years,689,370,319,488,257,231,103,58,45,15,7,8,83,48,35
CHEROKEE COUNTY,073,57 Years,681,351,330,495,247,248,100,55,45,17,7,10,69,42,27
CHEROKEE COUNTY,073,58 Years,665,335,330,479,231,248,108,57,51,14,6,8,64,41,23
CHEROKEE COUNTY,073,59 Years,676,342,334,501,244,257,107,57,50,10,7,3,58,34,24
CHEROKEE COUNTY,073,60 Years,694,337,357,512,233,279,115,65,50,12,6,6,55,33,22
CHEROKEE COUNTY,073,61 Years,660,314,346,510,238,272,93,46,47,13,6,7,44,24,20
CHEROKEE COUNTY,073,62 Years,640,311,329,495,241,254,86,38,48,9,3,6,50,29,21
CHEROKEE COUNTY,073,63 Years,642,313,329,479,226,253,100,50,50,8,4,4,55,33,22
CHEROKEE COUNTY,073,64 Years,632,327,305,492,244,248,92,51,41,9,6,3,39,26,13
CHEROKEE COUNTY,073,65 Years,609,310,299,486,238,248,78,44,34,7,5,2,38,23,15
CHEROKEE COUNTY,073,66 Years,624,294,330,503,225,278,75,44,31,6,3,3,40,22,18
CHEROKEE COUNTY,073,67 Years,613,281,332,513,227,286,51,28,23,10,3,7,39,23,16
CHEROKEE COUNTY,073,68 Years,516,245,271,440,206,234,44,22,22,5,2,3,27,15,12
CHEROKEE COUNTY,073,69 Years,508,246,262,430,209,221,44,20,24,6,1,5,28,16,12
CHEROKEE COUNTY,073,70 Years,476,229,247,406,198,208,41,13,28,7,5,2,22,13,9
CHEROKEE COUNTY,073,71 Years,475,233,242,408,196,212,42,18,24,3,2,1,22,17,5
CHEROKEE COUNTY,073,72 Years,444,210,234,384,181,203,36,17,19,6,2,4,18,10,8
CHEROKEE COUNTY,073,73 Years,407,194,213,358,174,184,26,11,15,5,2,3,18,7,11
CHEROKEE COUNTY,073,74 Years,380,182,198,325,159,166,29,10,19,7,3,4,19,10,9
CHEROKEE COUNTY,073,75 Years,333,163,170,285,141,144,30,14,16,1,0,1,17,8,9
CHEROKEE COUNTY,073,76 Years,298,147,151,253,127,126,28,11,17,5,3,2,12,6,6
CHEROKEE COUNTY,073,77 Years,309,141,168,265,123,142,28,12,16,4,1,3,12,5,7
CHEROKEE COUNTY,073,78 Years,289,127,162,255,114,141,24,8,16,2,0,2,8,5,3
CHEROKEE COUNTY,073,79 Years,302,139,163,256,121,135,31,10,21,4,2,2,11,6,5
CHEROKEE COUNTY,073,80 Years,272,116,156,226,96,130,33,11,22,2,1,1,11,8,3
CHEROKEE COUNTY,073,81 Years,221,100,121,186,81,105,21,9,12,4,3,1,10,7,3
CHEROKEE COUNTY,073,82 Years,196,85,111,167,75,92,17,5,12,4,2,2,8,3,5
CHEROKEE COUNTY,073,83 Years,168,70,98,144,61,83,16,5,11,4,2,2,4,2,2
CHEROKEE COUNTY,073,84 Years,174,67,107,143,55,88,16,7,9,5,1,4,10,4,6
CHEROKEE COUNTY,073,85 Years +,933,321,612,783,273,510,110,38,72,12,3,9,28,7,21
CHILDRESS COUNTY,075,All Ages,7078,4177,2901,4247,2225,2022,673,545,128,164,88,76,1994,1319,675
CHILDRESS COUNTY,075,< 1 Year,75,38,37,41,20,21,2,1,1,5,2,3,27,15,12
CHILDRESS COUNTY,075,1 Years,79,40,39,41,22,19,2,0,2,9,5,4,27,13,14
CHILDRESS COUNTY,075,2 Years,79,42,37,39,21,18,1,0,1,6,4,2,33,17,16
CHILDRESS COUNTY,075,3 Years,84,47,37,44,24,20,1,0,1,6,4,2,33,19,14
CHILDRESS COUNTY,075,4 Years,81,42,39,42,25,17,2,1,1,5,2,3,32,14,18
CHILDRESS COUNTY,075,5 Years,82,45,37,52,28,24,1,0,1,2,2,0,27,15,12
CHILDRESS COUNTY,075,6 Years,87,45,42,51,27,24,3,2,1,4,2,2,29,14,15
CHILDRESS COUNTY,075,7 Years,89,43,46,53,25,28,6,3,3,2,1,1,28,14,14
CHILDRESS COUNTY,075,8 Years,83,43,40,45,21,24,4,3,1,2,2,0,32,17,15
CHILDRESS COUNTY,075,9 Years,82,41,41,49,23,26,2,2,0,4,2,2,27,14,13
CHILDRESS COUNTY,075,10 Years,71,35,36,43,24,19,3,1,2,5,1,4,20,9,11
CHILDRESS COUNTY,075,11 Years,76,42,34,49,28,21,2,2,0,3,1,2,22,11,11
CHILDRESS COUNTY,075,12 Years,90,48,42,49,25,24,3,1,2,3,2,1,35,20,15
CHILDRESS COUNTY,075,13 Years,78,44,34,44,24,20,2,1,1,2,1,1,30,18,12
CHILDRESS COUNTY,075,14 Years,91,55,36,50,27,23,4,2,2,3,2,1,34,24,10
CHILDRESS COUNTY,075,15 Years,84,49,35,47,26,21,5,3,2,3,2,1,29,18,11
CHILDRESS COUNTY,075,16 Years,83,42,41,46,22,24,5,2,3,3,2,1,29,16,13
CHILDRESS COUNTY,075,17 Years,92,48,44,51,24,27,11,7,4,2,1,1,28,16,12
CHILDRESS COUNTY,075,18 Years,85,46,39,45,21,24,10,8,2,0,0,0,30,17,13
CHILDRESS COUNTY,075,19 Years,113,75,38,55,31,24,17,13,4,2,1,1,39,30,9
CHILDRESS COUNTY,075,20 Years,94,69,25,41,26,15,19,17,2,1,1,0,33,25,8
CHILDRESS COUNTY,075,21 Years,152,116,36,55,38,17,27,23,4,3,0,3,67,55,12
CHILDRESS COUNTY,075,22 Years,173,129,44,62,38,24,35,32,3,2,1,1,74,58,16
CHILDRESS COUNTY,075,23 Years,159,128,31,64,44,20,26,25,1,3,1,2,66,58,8
CHILDRESS COUNTY,075,24 Years,166,142,24,68,52,16,28,28,0,3,1,2,67,61,6
CHILDRESS COUNTY,075,25 Years,162,132,30,61,42,19,40,40,0,3,2,1,58,48,10
CHILDRESS COUNTY,075,26 Years,160,136,24,50,34,16,34,33,1,0,0,0,76,69,7
CHILDRESS COUNTY,075,27 Years,141,119,22,47,31,16,35,35,0,2,2,0,57,51,6
CHILDRESS COUNTY,075,28 Years,143,122,21,57,42,15,28,27,1,0,0,0,58,53,5
CHILDRESS COUNTY,075,29 Years,130,96,34,55,33,22,27,26,1,0,0,0,48,37,11
CHILDRESS COUNTY,075,30 Years,129,93,36,54,32,22,30,26,4,2,2,0,43,33,10
CHILDRESS COUNTY,075,31 Years,116,86,30,58,36,22,19,17,2,2,1,1,37,32,5
CHILDRESS COUNTY,075,32 Years,83,55,28,49,28,21,13,13,0,1,1,0,20,13,7
CHILDRESS COUNTY,075,33 Years,89,59,30,41,21,20,15,15,0,2,1,1,31,22,9
CHILDRESS COUNTY,075,34 Years,101,67,34,44,23,21,14,13,1,1,0,1,42,31,11
CHILDRESS COUNTY,075,35 Years,85,47,38,40,16,24,7,5,2,2,2,0,36,24,12
CHILDRESS COUNTY,075,36 Years,79,37,42,40,17,23,7,5,2,4,1,3,28,14,14
CHILDRESS COUNTY,075,37 Years,79,45,34,41,22,19,11,9,2,4,2,2,23,12,11
CHILDRESS COUNTY,075,38 Years,75,41,34,40,20,20,6,4,2,3,1,2,26,16,10
CHILDRESS COUNTY,075,39 Years,83,56,27,48,28,20,3,3,0,3,2,1,29,23,6
CHILDRESS COUNTY,075,40 Years,81,57,24,45,31,14,11,11,0,2,1,1,23,14,9
CHILDRESS COUNTY,075,41 Years,75,43,32,39,20,19,7,6,1,1,1,0,28,16,12
CHILDRESS COUNTY,075,42 Years,65,34,31,46,24,22,4,3,1,0,0,0,15,7,8
CHILDRESS COUNTY,075,43 Years,72,41,31,54,30,24,7,6,1,1,1,0,10,4,6
CHILDRESS COUNTY,075,44 Years,60,31,29,41,21,20,6,5,1,0,0,0,13,5,8
CHILDRESS COUNTY,075,45 Years,76,43,33,45,25,20,9,5,4,3,1,2,19,12,7
CHILDRESS COUNTY,075,46 Years,63,40,23,36,23,13,6,4,2,1,0,1,20,13,7
CHILDRESS COUNTY,075,47 Years,62,30,32,41,18,23,4,2,2,0,0,0,17,10,7
CHILDRESS COUNTY,075,48 Years,71,38,33,48,26,22,5,2,3,0,0,0,18,10,8
CHILDRESS COUNTY,075,49 Years,80,42,38,60,30,30,7,5,2,2,2,0,11,5,6
CHILDRESS COUNTY,075,50 Years,88,45,43,60,30,30,9,5,4,2,0,2,17,10,7
CHILDRESS COUNTY,075,51 Years,82,51,31,60,40,20,4,2,2,3,0,3,15,9,6
CHILDRESS COUNTY,075,52 Years,65,33,32,51,26,25,4,2,2,1,0,1,9,5,4
CHILDRESS COUNTY,075,53 Years,73,33,40,57,25,32,6,4,2,1,0,1,9,4,5
CHILDRESS COUNTY,075,54 Years,73,34,39,52,25,27,4,1,3,2,1,1,15,7,8
CHILDRESS COUNTY,075,55 Years,77,38,39,57,28,29,3,2,1,2,1,1,15,7,8
CHILDRESS COUNTY,075,56 Years,75,32,43,57,23,34,4,4,0,1,0,1,13,5,8
CHILDRESS COUNTY,075,57 Years,78,35,43,61,27,34,4,2,2,1,1,0,12,5,7
CHILDRESS COUNTY,075,58 Years,80,44,36,60,33,27,5,2,3,2,0,2,13,9,4
CHILDRESS COUNTY,075,59 Years,81,44,37,60,33,27,3,1,2,3,1,2,15,9,6
CHILDRESS COUNTY,075,60 Years,77,35,42,61,29,32,2,1,1,2,1,1,12,4,8
CHILDRESS COUNTY,075,61 Years,85,40,45,68,33,35,1,0,1,2,1,1,14,6,8
CHILDRESS COUNTY,075,62 Years,83,43,40,66,35,31,3,2,1,2,2,0,12,4,8
CHILDRESS COUNTY,075,63 Years,72,41,31,53,30,23,6,4,2,2,2,0,11,5,6
CHILDRESS COUNTY,075,64 Years,64,35,29,48,25,23,4,2,2,3,2,1,9,6,3
CHILDRESS COUNTY,075,65 Years,64,35,29,54,28,26,1,0,1,1,1,0,8,6,2
CHILDRESS COUNTY,075,66 Years,66,31,35,57,25,32,2,1,1,0,0,0,7,5,2
CHILDRESS COUNTY,075,67 Years,76,36,40,61,29,32,2,2,0,1,0,1,12,5,7
CHILDRESS COUNTY,075,68 Years,60,31,29,46,25,21,1,1,0,1,0,1,12,5,7
CHILDRESS COUNTY,075,69 Years,59,27,32,49,23,26,1,0,1,0,0,0,9,4,5
CHILDRESS COUNTY,075,70 Years,67,31,36,59,27,32,2,2,0,1,0,1,5,2,3
CHILDRESS COUNTY,075,71 Years,62,34,28,57,30,27,1,1,0,1,1,0,3,2,1
CHILDRESS COUNTY,075,72 Years,59,27,32,50,23,27,3,0,3,2,2,0,4,2,2
CHILDRESS COUNTY,075,73 Years,55,26,29,46,20,26,2,1,1,1,1,0,6,4,2
CHILDRESS COUNTY,075,74 Years,40,21,19,31,17,14,2,0,2,0,0,0,7,4,3
CHILDRESS COUNTY,075,75 Years,39,16,23,33,13,20,1,0,1,1,1,0,4,2,2
CHILDRESS COUNTY,075,76 Years,40,19,21,35,17,18,1,1,0,1,1,0,3,0,3
CHILDRESS COUNTY,075,77 Years,43,16,27,39,13,26,0,0,0,1,1,0,3,2,1
CHILDRESS COUNTY,075,78 Years,42,19,23,34,13,21,2,1,1,1,1,0,5,4,1
CHILDRESS COUNTY,075,79 Years,38,18,20,33,15,18,3,1,2,0,0,0,2,2,0
CHILDRESS COUNTY,075,80 Years,42,18,24,36,15,21,2,0,2,1,1,0,3,2,1
CHILDRESS COUNTY,075,81 Years,40,18,22,36,16,20,1,1,0,0,0,0,3,1,2
CHILDRESS COUNTY,075,82 Years,31,16,15,26,14,12,1,0,1,0,0,0,4,2,2
CHILDRESS COUNTY,075,83 Years,30,14,16,25,12,13,0,0,0,0,0,0,5,2,3
CHILDRESS COUNTY,075,84 Years,30,11,19,26,9,17,0,0,0,0,0,0,4,2,2
CHILDRESS COUNTY,075,85 Years +,154,46,108,137,40,97,7,2,5,0,0,0,10,4,6
CLAY COUNTY,077,All Ages,10788,5267,5521,9914,4857,5057,49,27,22,321,154,167,504,229,275
CLAY COUNTY,077,< 1 Year,99,48,51,80,41,39,0,0,0,8,2,6,11,5,6
CLAY COUNTY,077,1 Years,104,47,57,88,40,48,0,0,0,6,2,4,10,5,5
CLAY COUNTY,077,2 Years,102,48,54,90,41,49,0,0,0,4,2,2,8,5,3
CLAY COUNTY,077,3 Years,102,49,53,92,43,49,0,0,0,5,3,2,5,3,2
CLAY COUNTY,077,4 Years,143,70,73,127,64,63,0,0,0,5,1,4,11,5,6
CLAY COUNTY,077,5 Years,132,65,67,113,59,54,1,1,0,5,1,4,13,4,9
CLAY COUNTY,077,6 Years,131,68,63,113,58,55,1,1,0,7,3,4,10,6,4
CLAY COUNTY,077,7 Years,119,64,55,104,54,50,2,1,1,4,3,1,9,6,3
CLAY COUNTY,077,8 Years,122,69,53,104,58,46,1,1,0,5,4,1,12,6,6
CLAY COUNTY,077,9 Years,133,63,70,118,58,60,0,0,0,5,2,3,10,3,7
CLAY COUNTY,077,10 Years,134,66,68,122,60,62,0,0,0,4,2,2,8,4,4
CLAY COUNTY,077,11 Years,130,67,63,119,61,58,0,0,0,3,1,2,8,5,3
CLAY COUNTY,077,12 Years,130,68,62,114,60,54,2,1,1,4,2,2,10,5,5
CLAY COUNTY,077,13 Years,137,64,73,122,60,62,1,0,1,3,1,2,11,3,8
CLAY COUNTY,077,14 Years,141,68,73,123,63,60,2,1,1,2,1,1,14,3,11
CLAY COUNTY,077,15 Years,138,65,73,123,62,61,0,0,0,3,1,2,12,2,10
CLAY COUNTY,077,16 Years,146,78,68,133,73,60,0,0,0,5,4,1,8,1,7
CLAY COUNTY,077,17 Years,161,86,75,143,76,67,0,0,0,7,5,2,11,5,6
CLAY COUNTY,077,18 Years,156,76,80,137,69,68,3,2,1,5,2,3,11,3,8
CLAY COUNTY,077,19 Years,136,72,64,116,61,55,0,0,0,5,3,2,15,8,7
CLAY COUNTY,077,20 Years,144,81,63,123,71,52,1,0,1,8,6,2,12,4,8
CLAY COUNTY,077,21 Years,129,66,63,111,54,57,0,0,0,7,6,1,11,6,5
CLAY COUNTY,077,22 Years,127,64,63,115,59,56,2,1,1,3,2,1,7,2,5
CLAY COUNTY,077,23 Years,111,51,60,100,47,53,2,1,1,2,1,1,7,2,5
CLAY COUNTY,077,24 Years,109,47,62,97,43,54,2,1,1,3,1,2,7,2,5
CLAY COUNTY,077,25 Years,88,40,48,80,36,44,0,0,0,2,1,1,6,3,3
CLAY COUNTY,077,26 Years,89,49,40,85,46,39,1,1,0,1,1,0,2,1,1
CLAY COUNTY,077,27 Years,81,41,40,73,36,37,1,1,0,1,1,0,6,3,3
CLAY COUNTY,077,28 Years,74,37,37,70,35,35,0,0,0,1,1,0,3,1,2
CLAY COUNTY,077,29 Years,90,49,41,84,46,38,0,0,0,3,1,2,3,2,1
CLAY COUNTY,077,30 Years,79,34,45,73,30,43,1,1,0,3,2,1,2,1,1
CLAY COUNTY,077,31 Years,87,36,51,79,33,46,0,0,0,4,1,3,4,2,2
CLAY COUNTY,077,32 Years,92,41,51,83,38,45,0,0,0,3,0,3,6,3,3
CLAY COUNTY,077,33 Years,96,49,47,90,48,42,0,0,0,2,0,2,4,1,3
CLAY COUNTY,077,34 Years,110,59,51,102,55,47,0,0,0,2,1,1,6,3,3
CLAY COUNTY,077,35 Years,113,59,54,99,52,47,0,0,0,6,2,4,8,5,3
CLAY COUNTY,077,36 Years,124,57,67,113,51,62,1,1,0,3,1,2,7,4,3
CLAY COUNTY,077,37 Years,121,61,60,110,53,57,0,0,0,4,2,2,7,6,1
CLAY COUNTY,077,38 Years,124,59,65,109,52,57,1,0,1,6,2,4,8,5,3
CLAY COUNTY,077,39 Years,111,48,63,102,45,57,0,0,0,3,1,2,6,2,4
CLAY COUNTY,077,40 Years,116,59,57,101,51,50,3,1,2,3,2,1,9,5,4
CLAY COUNTY,077,41 Years,115,56,59,102,49,53,1,0,1,3,1,2,9,6,3
CLAY COUNTY,077,42 Years,126,55,71,115,51,64,3,2,1,3,0,3,5,2,3
CLAY COUNTY,077,43 Years,137,66,71,126,62,64,1,1,0,6,1,5,4,2,2
CLAY COUNTY,077,44 Years,148,70,78,134,62,72,1,1,0,5,3,2,8,4,4
CLAY COUNTY,077,45 Years,136,70,66,127,66,61,0,0,0,4,3,1,5,1,4
CLAY COUNTY,077,46 Years,138,68,70,125,59,66,0,0,0,7,4,3,6,5,1
CLAY COUNTY,077,47 Years,131,67,64,120,63,57,0,0,0,7,2,5,4,2,2
CLAY COUNTY,077,48 Years,128,61,67,118,57,61,0,0,0,2,1,1,8,3,5
CLAY COUNTY,077,49 Years,149,71,78,137,66,71,1,0,1,6,3,3,5,2,3
CLAY COUNTY,077,50 Years,178,84,94,166,81,85,2,1,1,7,2,5,3,0,3
CLAY COUNTY,077,51 Years,181,90,91,164,83,81,0,0,0,10,3,7,7,4,3
CLAY COUNTY,077,52 Years,175,88,87,159,82,77,1,0,1,5,2,3,10,4,6
CLAY COUNTY,077,53 Years,179,89,90,167,84,83,0,0,0,3,1,2,9,4,5
CLAY COUNTY,077,54 Years,184,94,90,171,87,84,1,0,1,4,3,1,8,4,4
CLAY COUNTY,077,55 Years,183,89,94,171,84,87,1,0,1,4,3,1,7,2,5
CLAY COUNTY,077,56 Years,190,95,95,178,87,91,1,1,0,5,3,2,6,4,2
CLAY COUNTY,077,57 Years,172,89,83,161,81,80,2,1,1,6,6,0,3,1,2
CLAY COUNTY,077,58 Years,187,81,106,182,78,104,1,1,0,2,2,0,2,0,2
CLAY COUNTY,077,59 Years,196,97,99,190,93,97,0,0,0,3,2,1,3,2,1
CLAY COUNTY,077,60 Years,188,96,92,182,92,90,1,1,0,4,2,2,1,1,0
CLAY COUNTY,077,61 Years,182,84,98,172,79,93,1,1,0,3,1,2,6,3,3
CLAY COUNTY,077,62 Years,169,78,91,161,74,87,1,1,0,4,2,2,3,1,2
CLAY COUNTY,077,63 Years,145,71,74,138,69,69,1,0,1,4,1,3,2,1,1
CLAY COUNTY,077,64 Years,140,69,71,134,66,68,1,0,1,2,2,0,3,1,2
CLAY COUNTY,077,65 Years,153,72,81,149,69,80,0,0,0,2,2,0,2,1,1
CLAY COUNTY,077,66 Years,155,75,80,147,70,77,0,0,0,4,2,2,4,3,1
CLAY COUNTY,077,67 Years,151,73,78,142,71,71,0,0,0,5,1,4,4,1,3
CLAY COUNTY,077,68 Years,116,55,61,108,51,57,0,0,0,4,2,2,4,2,2
CLAY COUNTY,077,69 Years,125,61,64,120,58,62,0,0,0,3,1,2,2,2,0
CLAY COUNTY,077,70 Years,132,63,69,131,62,69,0,0,0,0,0,0,1,1,0
CLAY COUNTY,077,71 Years,129,61,68,124,59,65,0,0,0,2,1,1,3,1,2
CLAY COUNTY,077,72 Years,106,56,50,102,53,49,0,0,0,2,2,0,2,1,1
CLAY COUNTY,077,73 Years,91,46,45,87,45,42,0,0,0,2,1,1,2,0,2
CLAY COUNTY,077,74 Years,87,42,45,82,40,42,0,0,0,2,1,1,3,1,2
CLAY COUNTY,077,75 Years,106,46,60,101,45,56,0,0,0,3,1,2,2,0,2
CLAY COUNTY,077,76 Years,96,48,48,91,46,45,0,0,0,4,1,3,1,1,0
CLAY COUNTY,077,77 Years,79,37,42,76,37,39,0,0,0,2,0,2,1,0,1
CLAY COUNTY,077,78 Years,70,36,34,68,36,32,0,0,0,1,0,1,1,0,1
CLAY COUNTY,077,79 Years,62,34,28,59,31,28,0,0,0,1,1,0,2,2,0
CLAY COUNTY,077,80 Years,64,27,37,62,27,35,0,0,0,2,0,2,0,0,0
CLAY COUNTY,077,81 Years,57,25,32,54,23,31,0,0,0,2,1,1,1,1,0
CLAY COUNTY,077,82 Years,52,23,29,51,23,28,0,0,0,1,0,1,0,0,0
CLAY COUNTY,077,83 Years,45,20,25,44,19,25,0,0,0,1,1,0,0,0,0
CLAY COUNTY,077,84 Years,41,15,26,40,15,25,0,0,0,0,0,0,1,0,1
CLAY COUNTY,077,85 Years +,203,86,117,196,80,116,0,0,0,4,3,1,3,3,0
COCHRAN COUNTY,079,All Ages,3134,1569,1565,1305,649,656,104,50,54,31,13,18,1694,857,837
COCHRAN COUNTY,079,< 1 Year,42,23,19,16,9,7,0,0,0,0,0,0,26,14,12
COCHRAN COUNTY,079,1 Years,44,26,18,15,10,5,0,0,0,0,0,0,29,16,13
COCHRAN COUNTY,079,2 Years,50,29,21,15,8,7,0,0,0,1,1,0,34,20,14
COCHRAN COUNTY,079,3 Years,51,28,23,16,8,8,1,1,0,2,1,1,32,18,14
COCHRAN COUNTY,079,4 Years,48,30,18,15,6,9,0,0,0,0,0,0,33,24,9
COCHRAN COUNTY,079,5 Years,51,23,28,10,3,7,0,0,0,0,0,0,41,20,21
COCHRAN COUNTY,079,6 Years,45,26,19,13,7,6,0,0,0,0,0,0,32,19,13
COCHRAN COUNTY,079,7 Years,49,20,29,11,3,8,0,0,0,0,0,0,38,17,21
COCHRAN COUNTY,079,8 Years,46,26,20,14,7,7,1,1,0,0,0,0,31,18,13
COCHRAN COUNTY,079,9 Years,47,24,23,14,9,5,2,1,1,0,0,0,31,14,17
COCHRAN COUNTY,079,10 Years,49,22,27,10,7,3,1,1,0,0,0,0,38,14,24
COCHRAN COUNTY,079,11 Years,53,29,24,10,6,4,0,0,0,0,0,0,43,23,20
COCHRAN COUNTY,079,12 Years,48,22,26,13,8,5,0,0,0,0,0,0,35,14,21
COCHRAN COUNTY,079,13 Years,37,16,21,9,5,4,0,0,0,0,0,0,28,11,17
COCHRAN COUNTY,079,14 Years,38,17,21,12,4,8,0,0,0,0,0,0,26,13,13
COCHRAN COUNTY,079,15 Years,54,30,24,18,9,9,1,1,0,1,0,1,34,20,14
COCHRAN COUNTY,079,16 Years,44,22,22,12,7,5,1,1,0,2,1,1,29,13,16
COCHRAN COUNTY,079,17 Years,48,25,23,15,6,9,3,1,2,2,2,0,28,16,12
COCHRAN COUNTY,079,18 Years,49,22,27,17,7,10,2,1,1,1,1,0,29,13,16
COCHRAN COUNTY,079,19 Years,44,21,23,12,7,5,2,1,1,1,0,1,29,13,16
COCHRAN COUNTY,079,20 Years,53,22,31,17,8,9,4,2,2,0,0,0,32,12,20
COCHRAN COUNTY,079,21 Years,57,27,30,19,9,10,3,1,2,0,0,0,35,17,18
COCHRAN COUNTY,079,22 Years,45,23,22,19,13,6,2,1,1,0,0,0,24,9,15
COCHRAN COUNTY,079,23 Years,51,28,23,21,11,10,3,2,1,1,1,0,26,14,12
COCHRAN COUNTY,079,24 Years,42,22,20,17,9,8,1,1,0,0,0,0,24,12,12
COCHRAN COUNTY,079,25 Years,42,22,20,19,11,8,1,1,0,0,0,0,22,10,12
COCHRAN COUNTY,079,26 Years,36,16,20,12,7,5,1,1,0,0,0,0,23,8,15
COCHRAN COUNTY,079,27 Years,39,20,19,12,5,7,0,0,0,0,0,0,27,15,12
COCHRAN COUNTY,079,28 Years,35,21,14,11,5,6,3,3,0,0,0,0,21,13,8
COCHRAN COUNTY,079,29 Years,38,21,17,16,8,8,1,1,0,0,0,0,21,12,9
COCHRAN COUNTY,079,30 Years,38,18,20,15,8,7,0,0,0,0,0,0,23,10,13
COCHRAN COUNTY,079,31 Years,26,12,14,11,5,6,1,1,0,0,0,0,14,6,8
COCHRAN COUNTY,079,32 Years,34,13,21,14,5,9,2,0,2,0,0,0,18,8,10
COCHRAN COUNTY,079,33 Years,41,23,18,10,6,4,1,0,1,0,0,0,30,17,13
COCHRAN COUNTY,079,34 Years,38,21,17,10,4,6,0,0,0,0,0,0,28,17,11
COCHRAN COUNTY,079,35 Years,27,18,9,9,5,4,1,1,0,0,0,0,17,12,5
COCHRAN COUNTY,079,36 Years,29,13,16,7,5,2,0,0,0,1,0,1,21,8,13
COCHRAN COUNTY,079,37 Years,30,16,14,12,6,6,0,0,0,0,0,0,18,10,8
COCHRAN COUNTY,079,38 Years,20,11,9,8,5,3,0,0,0,0,0,0,12,6,6
COCHRAN COUNTY,079,39 Years,23,10,13,9,4,5,0,0,0,0,0,0,14,6,8
COCHRAN COUNTY,079,40 Years,23,9,14,9,2,7,1,1,0,0,0,0,13,6,7
COCHRAN COUNTY,079,41 Years,26,10,16,14,5,9,1,1,0,0,0,0,11,4,7
COCHRAN COUNTY,079,42 Years,28,15,13,10,5,5,1,1,0,0,0,0,17,9,8
COCHRAN COUNTY,079,43 Years,35,18,17,9,4,5,2,2,0,0,0,0,24,12,12
COCHRAN COUNTY,079,44 Years,35,13,22,10,4,6,2,1,1,1,0,1,22,8,14
COCHRAN COUNTY,079,45 Years,32,14,18,11,3,8,2,1,1,0,0,0,19,10,9
COCHRAN COUNTY,079,46 Years,45,25,20,20,11,9,4,1,3,0,0,0,21,13,8
COCHRAN COUNTY,079,47 Years,33,21,12,14,9,5,2,1,1,0,0,0,17,11,6
COCHRAN COUNTY,079,48 Years,30,16,14,16,7,9,1,0,1,0,0,0,13,9,4
COCHRAN COUNTY,079,49 Years,41,18,23,18,6,12,1,1,0,0,0,0,22,11,11
COCHRAN COUNTY,079,50 Years,40,18,22,14,6,8,1,0,1,1,0,1,24,12,12
COCHRAN COUNTY,079,51 Years,49,26,23,21,12,9,3,0,3,0,0,0,25,14,11
COCHRAN COUNTY,079,52 Years,48,28,20,24,14,10,1,1,0,2,0,2,21,13,8
COCHRAN COUNTY,079,53 Years,42,21,21,23,12,11,2,0,2,1,0,1,16,9,7
COCHRAN COUNTY,079,54 Years,41,23,18,20,12,8,2,1,1,1,0,1,18,10,8
COCHRAN COUNTY,079,55 Years,38,21,17,19,9,10,2,2,0,0,0,0,17,10,7
COCHRAN COUNTY,079,56 Years,32,14,18,18,9,9,2,1,1,1,0,1,11,4,7
COCHRAN COUNTY,079,57 Years,37,14,23,22,10,12,3,1,2,0,0,0,12,3,9
COCHRAN COUNTY,079,58 Years,48,25,23,29,17,12,2,1,1,0,0,0,17,7,10
COCHRAN COUNTY,079,59 Years,47,24,23,30,17,13,1,0,1,1,0,1,15,7,8
COCHRAN COUNTY,079,60 Years,40,22,18,22,13,9,1,1,0,0,0,0,17,8,9
COCHRAN COUNTY,079,61 Years,31,16,15,17,8,9,1,0,1,0,0,0,13,8,5
COCHRAN COUNTY,079,62 Years,33,15,18,18,8,10,1,0,1,1,1,0,13,6,7
COCHRAN COUNTY,079,63 Years,32,18,14,18,10,8,2,1,1,0,0,0,12,7,5
COCHRAN COUNTY,079,64 Years,32,17,15,18,9,9,1,0,1,1,0,1,12,8,4
COCHRAN COUNTY,079,65 Years,34,18,16,13,8,5,1,0,1,1,0,1,19,10,9
COCHRAN COUNTY,079,66 Years,30,14,16,15,8,7,0,0,0,1,0,1,14,6,8
COCHRAN COUNTY,079,67 Years,33,15,18,19,8,11,1,0,1,1,1,0,12,6,6
COCHRAN COUNTY,079,68 Years,27,16,11,13,8,5,0,0,0,1,1,0,13,7,6
COCHRAN COUNTY,079,69 Years,26,13,13,15,6,9,1,1,0,0,0,0,10,6,4
COCHRAN COUNTY,079,70 Years,27,16,11,16,8,8,0,0,0,1,1,0,10,7,3
COCHRAN COUNTY,079,71 Years,22,13,9,12,6,6,0,0,0,1,1,0,9,6,3
COCHRAN COUNTY,079,72 Years,20,8,12,12,4,8,1,0,1,0,0,0,7,4,3
COCHRAN COUNTY,079,73 Years,30,11,19,19,8,11,2,1,1,0,0,0,9,2,7
COCHRAN COUNTY,079,74 Years,21,9,12,13,7,6,1,0,1,0,0,0,7,2,5
COCHRAN COUNTY,079,75 Years,24,10,14,15,7,8,1,0,1,1,0,1,7,3,4
COCHRAN COUNTY,079,76 Years,28,12,16,18,8,10,1,0,1,0,0,0,9,4,5
COCHRAN COUNTY,079,77 Years,25,13,12,17,9,8,1,1,0,0,0,0,7,3,4
COCHRAN COUNTY,079,78 Years,33,15,18,20,9,11,3,2,1,0,0,0,10,4,6
COCHRAN COUNTY,079,79 Years,24,13,11,14,8,6,3,1,2,0,0,0,7,4,3
COCHRAN COUNTY,079,80 Years,20,7,13,12,5,7,3,0,3,1,0,1,4,2,2
COCHRAN COUNTY,079,81 Years,18,5,13,11,3,8,2,0,2,1,1,0,4,1,3
COCHRAN COUNTY,079,82 Years,16,7,9,11,5,6,1,0,1,0,0,0,4,2,2
COCHRAN COUNTY,079,83 Years,17,9,8,13,6,7,1,1,0,0,0,0,3,2,1
COCHRAN COUNTY,079,84 Years,11,5,6,10,5,5,0,0,0,0,0,0,1,0,1
COCHRAN COUNTY,079,85 Years +,49,21,28,38,16,22,1,0,1,0,0,0,10,5,5
COKE COUNTY,081,All Ages,3213,1569,1644,2542,1234,1308,6,3,3,61,24,37,604,308,296
COKE COUNTY,081,< 1 Year,31,18,13,27,16,11,0,0,0,0,0,0,4,2,2
COKE COUNTY,081,1 Years,28,14,14,25,13,12,0,0,0,0,0,0,3,1,2
COKE COUNTY,081,2 Years,28,14,14,24,13,11,0,0,0,0,0,0,4,1,3
COKE COUNTY,081,3 Years,27,13,14,22,11,11,0,0,0,0,0,0,5,2,3
COKE COUNTY,081,4 Years,31,14,17,23,8,15,1,0,1,1,1,0,6,5,1
COKE COUNTY,081,5 Years,27,13,14,18,6,12,1,0,1,0,0,0,8,7,1
COKE COUNTY,081,6 Years,35,18,17,24,13,11,0,0,0,0,0,0,11,5,6
COKE COUNTY,081,7 Years,33,19,14,22,14,8,0,0,0,1,0,1,10,5,5
COKE COUNTY,081,8 Years,36,20,16,24,15,9,0,0,0,1,0,1,11,5,6
COKE COUNTY,081,9 Years,28,17,11,17,10,7,0,0,0,0,0,0,11,7,4
COKE COUNTY,081,10 Years,27,9,18,17,6,11,0,0,0,0,0,0,10,3,7
COKE COUNTY,081,11 Years,36,13,23,24,9,15,0,0,0,0,0,0,12,4,8
COKE COUNTY,081,12 Years,43,18,25,28,12,16,0,0,0,2,1,1,13,5,8
COKE COUNTY,081,13 Years,51,24,27,36,17,19,0,0,0,2,1,1,13,6,7
COKE COUNTY,081,14 Years,49,23,26,36,15,21,0,0,0,0,0,0,13,8,5
COKE COUNTY,081,15 Years,39,21,18,32,17,15,0,0,0,0,0,0,7,4,3
COKE COUNTY,081,16 Years,38,15,23,28,10,18,0,0,0,1,1,0,9,4,5
COKE COUNTY,081,17 Years,41,21,20,28,15,13,0,0,0,2,0,2,11,6,5
COKE COUNTY,081,18 Years,39,21,18,28,15,13,0,0,0,2,1,1,9,5,4
COKE COUNTY,081,19 Years,38,20,18,25,12,13,0,0,0,2,1,1,11,7,4
COKE COUNTY,081,20 Years,34,18,16,23,13,10,0,0,0,1,0,1,10,5,5
COKE COUNTY,081,21 Years,45,28,17,28,19,9,0,0,0,3,2,1,14,7,7
COKE COUNTY,081,22 Years,37,23,14,22,15,7,1,1,0,1,0,1,13,7,6
COKE COUNTY,081,23 Years,27,16,11,16,9,7,0,0,0,1,1,0,10,6,4
COKE COUNTY,081,24 Years,27,15,12,16,8,8,0,0,0,1,1,0,10,6,4
COKE COUNTY,081,25 Years,29,14,15,20,9,11,1,1,0,0,0,0,8,4,4
COKE COUNTY,081,26 Years,21,14,7,15,10,5,0,0,0,1,1,0,5,3,2
COKE COUNTY,081,27 Years,22,14,8,12,7,5,0,0,0,2,1,1,8,6,2
COKE COUNTY,081,28 Years,25,12,13,16,8,8,0,0,0,2,1,1,7,3,4
COKE COUNTY,081,29 Years,26,15,11,18,9,9,0,0,0,1,1,0,7,5,2
COKE COUNTY,081,30 Years,36,21,15,28,16,12,0,0,0,1,1,0,7,4,3
COKE COUNTY,081,31 Years,24,12,12,20,10,10,0,0,0,0,0,0,4,2,2
COKE COUNTY,081,32 Years,27,10,17,23,10,13,0,0,0,2,0,2,2,0,2
COKE COUNTY,081,33 Years,28,15,13,21,10,11,0,0,0,0,0,0,7,5,2
COKE COUNTY,081,34 Years,28,13,15,19,8,11,0,0,0,2,0,2,7,5,2
COKE COUNTY,081,35 Years,29,13,16,23,11,12,0,0,0,1,0,1,5,2,3
COKE COUNTY,081,36 Years,27,12,15,21,10,11,0,0,0,1,0,1,5,2,3
COKE COUNTY,081,37 Years,24,12,12,20,10,10,0,0,0,0,0,0,4,2,2
COKE COUNTY,081,38 Years,26,13,13,19,11,8,0,0,0,1,0,1,6,2,4
COKE COUNTY,081,39 Years,29,15,14,23,13,10,0,0,0,2,1,1,4,1,3
COKE COUNTY,081,40 Years,23,10,13,17,7,10,0,0,0,0,0,0,6,3,3
COKE COUNTY,081,41 Years,27,13,14,20,11,9,0,0,0,1,0,1,6,2,4
COKE COUNTY,081,42 Years,25,8,17,21,7,14,0,0,0,0,0,0,4,1,3
COKE COUNTY,081,43 Years,24,12,12,18,9,9,0,0,0,0,0,0,6,3,3
COKE COUNTY,081,44 Years,31,16,15,24,12,12,0,0,0,0,0,0,7,4,3
COKE COUNTY,081,45 Years,40,20,20,32,16,16,0,0,0,0,0,0,8,4,4
COKE COUNTY,081,46 Years,35,17,18,23,12,11,0,0,0,0,0,0,12,5,7
COKE COUNTY,081,47 Years,39,23,16,28,16,12,0,0,0,0,0,0,11,7,4
COKE COUNTY,081,48 Years,36,18,18,22,10,12,0,0,0,0,0,0,14,8,6
COKE COUNTY,081,49 Years,55,22,33,45,17,28,0,0,0,0,0,0,10,5,5
COKE COUNTY,081,50 Years,50,24,26,38,19,19,0,0,0,2,0,2,10,5,5
COKE COUNTY,081,51 Years,47,22,25,35,16,19,1,0,1,1,0,1,10,6,4
COKE COUNTY,081,52 Years,51,27,24,40,20,20,0,0,0,1,0,1,10,7,3
COKE COUNTY,081,53 Years,52,26,26,43,21,22,0,0,0,1,1,0,8,4,4
COKE COUNTY,081,54 Years,44,21,23,31,15,16,0,0,0,0,0,0,13,6,7
COKE COUNTY,081,55 Years,49,23,26,39,18,21,0,0,0,1,1,0,9,4,5
COKE COUNTY,081,56 Years,47,24,23,39,20,19,1,1,0,1,1,0,6,2,4
COKE COUNTY,081,57 Years,49,25,24,41,21,20,0,0,0,0,0,0,8,4,4
COKE COUNTY,081,58 Years,45,22,23,39,18,21,0,0,0,0,0,0,6,4,2
COKE COUNTY,081,59 Years,44,24,20,39,21,18,0,0,0,0,0,0,5,3,2
COKE COUNTY,081,60 Years,55,27,28,44,22,22,0,0,0,1,1,0,10,4,6
COKE COUNTY,081,61 Years,49,25,24,43,22,21,0,0,0,0,0,0,6,3,3
COKE COUNTY,081,62 Years,44,23,21,40,20,20,0,0,0,0,0,0,4,3,1
COKE COUNTY,081,63 Years,49,27,22,47,25,22,0,0,0,0,0,0,2,2,0
COKE COUNTY,081,64 Years,45,21,24,40,19,21,0,0,0,1,1,0,4,1,3
COKE COUNTY,081,65 Years,52,23,29,43,19,24,0,0,0,1,1,0,8,3,5
COKE COUNTY,081,66 Years,50,21,29,45,19,26,0,0,0,0,0,0,5,2,3
COKE COUNTY,081,67 Years,51,22,29,42,19,23,0,0,0,1,0,1,8,3,5
COKE COUNTY,081,68 Years,34,10,24,28,10,18,0,0,0,2,0,2,4,0,4
COKE COUNTY,081,69 Years,49,21,28,43,19,24,0,0,0,2,1,1,4,1,3
COKE COUNTY,081,70 Years,53,28,25,45,24,21,0,0,0,3,1,2,5,3,2
COKE COUNTY,081,71 Years,49,22,27,43,21,22,0,0,0,1,0,1,5,1,4
COKE COUNTY,081,72 Years,45,19,26,39,16,23,0,0,0,1,0,1,5,3,2
COKE COUNTY,081,73 Years,45,19,26,41,16,25,0,0,0,1,0,1,3,3,0
COKE COUNTY,081,74 Years,42,23,19,40,22,18,0,0,0,0,0,0,2,1,1
COKE COUNTY,081,75 Years,39,22,17,38,22,16,0,0,0,1,0,1,0,0,0
COKE COUNTY,081,76 Years,37,16,21,34,15,19,0,0,0,1,0,1,2,1,1
COKE COUNTY,081,77 Years,36,22,14,33,20,13,0,0,0,0,0,0,3,2,1
COKE COUNTY,081,78 Years,36,18,18,32,17,15,0,0,0,0,0,0,4,1,3
COKE COUNTY,081,79 Years,31,14,17,28,13,15,0,0,0,0,0,0,3,1,2
COKE COUNTY,081,80 Years,28,15,13,25,13,12,0,0,0,0,0,0,3,2,1
COKE COUNTY,081,81 Years,20,11,9,19,10,9,0,0,0,0,0,0,1,1,0
COKE COUNTY,081,82 Years,21,8,13,20,7,13,0,0,0,0,0,0,1,1,0
COKE COUNTY,081,83 Years,29,15,14,24,11,13,0,0,0,0,0,0,5,4,1
COKE COUNTY,081,84 Years,33,14,19,30,12,18,0,0,0,0,0,0,3,2,1
COKE COUNTY,081,85 Years +,102,36,66,91,32,59,0,0,0,0,0,0,11,4,7
COLEMAN COUNTY,083,All Ages,8637,4378,4259,6723,3408,3315,204,103,101,197,88,109,1513,779,734
COLEMAN COUNTY,083,< 1 Year,83,38,45,48,25,23,6,3,3,10,3,7,19,7,12
COLEMAN COUNTY,083,1 Years,92,44,48,54,29,25,6,3,3,10,3,7,22,9,13
COLEMAN COUNTY,083,2 Years,97,45,52,57,27,30,5,2,3,9,3,6,26,13,13
COLEMAN COUNTY,083,3 Years,105,53,52,64,32,32,5,1,4,6,3,3,30,17,13
COLEMAN COUNTY,083,4 Years,106,54,52,68,31,37,5,2,3,3,2,1,30,19,11
COLEMAN COUNTY,083,5 Years,94,42,52,64,28,36,3,1,2,2,0,2,25,13,12
COLEMAN COUNTY,083,6 Years,97,50,47,68,37,31,1,0,1,3,1,2,25,12,13
COLEMAN COUNTY,083,7 Years,110,55,55,67,33,34,2,1,1,4,1,3,37,20,17
COLEMAN COUNTY,083,8 Years,89,43,46,56,28,28,2,1,1,6,3,3,25,11,14
COLEMAN COUNTY,083,9 Years,103,55,48,72,39,33,2,1,1,3,2,1,26,13,13
COLEMAN COUNTY,083,10 Years,106,57,49,73,38,35,3,2,1,3,2,1,27,15,12
COLEMAN COUNTY,083,11 Years,112,56,56,80,41,39,3,0,3,2,1,1,27,14,13
COLEMAN COUNTY,083,12 Years,102,53,49,70,40,30,2,1,1,1,1,0,29,11,18
COLEMAN COUNTY,083,13 Years,104,58,46,77,44,33,1,0,1,1,1,0,25,13,12
COLEMAN COUNTY,083,14 Years,107,62,45,71,44,27,5,2,3,6,5,1,25,11,14
COLEMAN COUNTY,083,15 Years,128,80,48,89,58,31,2,1,1,3,2,1,34,19,15
COLEMAN COUNTY,083,16 Years,113,61,52,78,42,36,0,0,0,4,4,0,31,15,16
COLEMAN COUNTY,083,17 Years,106,55,51,73,35,38,3,3,0,3,3,0,27,14,13
COLEMAN COUNTY,083,18 Years,110,56,54,80,41,39,2,2,0,2,2,0,26,11,15
COLEMAN COUNTY,083,19 Years,83,48,35,55,32,23,1,1,0,1,1,0,26,14,12
COLEMAN COUNTY,083,20 Years,89,49,40,63,34,29,4,2,2,1,1,0,21,12,9
COLEMAN COUNTY,083,21 Years,112,60,52,78,39,39,5,3,2,3,1,2,26,17,9
COLEMAN COUNTY,083,22 Years,111,48,63,81,36,45,3,1,2,0,0,0,27,11,16
COLEMAN COUNTY,083,23 Years,91,47,44,68,34,34,4,3,1,1,0,1,18,10,8
COLEMAN COUNTY,083,24 Years,86,39,47,64,30,34,3,1,2,1,0,1,18,8,10
COLEMAN COUNTY,083,25 Years,80,42,38,55,31,24,2,1,1,1,0,1,22,10,12
COLEMAN COUNTY,083,26 Years,78,41,37,51,25,26,2,1,1,2,1,1,23,14,9
COLEMAN COUNTY,083,27 Years,80,35,45,57,19,38,3,1,2,2,1,1,18,14,4
COLEMAN COUNTY,083,28 Years,83,36,47,58,23,35,1,0,1,2,1,1,22,12,10
COLEMAN COUNTY,083,29 Years,71,35,36,52,24,28,0,0,0,1,0,1,18,11,7
COLEMAN COUNTY,083,30 Years,80,44,36,59,32,27,1,0,1,2,2,0,18,10,8
COLEMAN COUNTY,083,31 Years,74,36,38,52,26,26,1,1,0,3,0,3,18,9,9
COLEMAN COUNTY,083,32 Years,66,34,32,51,27,24,1,0,1,2,0,2,12,7,5
COLEMAN COUNTY,083,33 Years,68,36,32,52,29,23,1,0,1,1,0,1,14,7,7
COLEMAN COUNTY,083,34 Years,65,37,28,43,24,19,1,0,1,2,1,1,19,12,7
COLEMAN COUNTY,083,35 Years,73,41,32,52,28,24,1,1,0,1,0,1,19,12,7
COLEMAN COUNTY,083,36 Years,68,34,34,52,26,26,2,1,1,0,0,0,14,7,7
COLEMAN COUNTY,083,37 Years,84,37,47,66,30,36,1,0,1,2,0,2,15,7,8
COLEMAN COUNTY,083,38 Years,86,40,46,65,31,34,1,0,1,2,0,2,18,9,9
COLEMAN COUNTY,083,39 Years,90,45,45,67,35,32,3,2,1,1,1,0,19,7,12
COLEMAN COUNTY,083,40 Years,92,44,48,71,36,35,2,2,0,2,1,1,17,5,12
COLEMAN COUNTY,083,41 Years,91,41,50,68,31,37,1,1,0,2,1,1,20,8,12
COLEMAN COUNTY,083,42 Years,97,44,53,73,31,42,5,4,1,0,0,0,19,9,10
COLEMAN COUNTY,083,43 Years,113,55,58,90,44,46,3,1,2,2,1,1,18,9,9
COLEMAN COUNTY,083,44 Years,102,50,52,83,40,43,2,1,1,2,0,2,15,9,6
COLEMAN COUNTY,083,45 Years,93,53,40,70,41,29,1,0,1,1,0,1,21,12,9
COLEMAN COUNTY,083,46 Years,100,52,48,72,38,34,3,1,2,5,2,3,20,11,9
COLEMAN COUNTY,083,47 Years,91,53,38,68,41,27,2,0,2,4,0,4,17,12,5
COLEMAN COUNTY,083,48 Years,90,51,39,68,37,31,4,3,1,1,0,1,17,11,6
COLEMAN COUNTY,083,49 Years,94,55,39,70,41,29,3,2,1,2,1,1,19,11,8
COLEMAN COUNTY,083,50 Years,123,65,58,97,51,46,3,1,2,3,1,2,20,12,8
COLEMAN COUNTY,083,51 Years,116,58,58,96,49,47,3,1,2,2,0,2,15,8,7
COLEMAN COUNTY,083,52 Years,127,68,59,105,57,48,3,2,1,2,0,2,17,9,8
COLEMAN COUNTY,083,53 Years,131,69,62,104,56,48,3,2,1,1,0,1,23,11,12
COLEMAN COUNTY,083,54 Years,140,80,60,121,69,52,4,4,0,1,0,1,14,7,7
COLEMAN COUNTY,083,55 Years,142,76,66,123,65,58,4,2,2,3,2,1,12,7,5
COLEMAN COUNTY,083,56 Years,131,67,64,110,57,53,4,0,4,5,2,3,12,8,4
COLEMAN COUNTY,083,57 Years,120,64,56,101,54,47,3,1,2,4,2,2,12,7,5
COLEMAN COUNTY,083,58 Years,146,80,66,129,71,58,3,2,1,4,3,1,10,4,6
COLEMAN COUNTY,083,59 Years,141,75,66,123,68,55,4,2,2,3,2,1,11,3,8
COLEMAN COUNTY,083,60 Years,131,66,65,116,59,57,4,3,1,2,2,0,9,2,7
COLEMAN COUNTY,083,61 Years,119,55,64,105,48,57,2,1,1,1,1,0,11,5,6
COLEMAN COUNTY,083,62 Years,118,54,64,103,46,57,2,1,1,1,0,1,12,7,5
COLEMAN COUNTY,083,63 Years,117,55,62,104,47,57,4,4,0,2,0,2,7,4,3
COLEMAN COUNTY,083,64 Years,125,56,69,107,47,60,2,1,1,1,1,0,15,7,8
COLEMAN COUNTY,083,65 Years,137,69,68,118,59,59,3,2,1,1,0,1,15,8,7
COLEMAN COUNTY,083,66 Years,148,71,77,128,59,69,1,0,1,2,1,1,17,11,6
COLEMAN COUNTY,083,67 Years,127,64,63,110,55,55,2,1,1,1,0,1,14,8,6
COLEMAN COUNTY,083,68 Years,112,64,48,92,52,40,1,1,0,3,2,1,16,9,7
COLEMAN COUNTY,083,69 Years,120,61,59,96,47,49,4,3,1,3,3,0,17,8,9
COLEMAN COUNTY,083,70 Years,112,52,60,93,45,48,2,1,1,3,1,2,14,5,9
COLEMAN COUNTY,083,71 Years,102,58,44,89,53,36,2,1,1,1,0,1,10,4,6
COLEMAN COUNTY,083,72 Years,100,59,41,84,49,35,1,1,0,1,0,1,14,9,5
COLEMAN COUNTY,083,73 Years,95,52,43,79,43,36,1,1,0,0,0,0,15,8,7
COLEMAN COUNTY,083,74 Years,88,42,46,77,38,39,1,1,0,1,0,1,9,3,6
COLEMAN COUNTY,083,75 Years,79,38,41,68,32,36,3,2,1,0,0,0,8,4,4
COLEMAN COUNTY,083,76 Years,84,45,39,75,40,35,3,1,2,1,1,0,5,3,2
COLEMAN COUNTY,083,77 Years,77,41,36,66,34,32,1,0,1,3,2,1,7,5,2
COLEMAN COUNTY,083,78 Years,77,36,41,68,32,36,1,0,1,1,1,0,7,3,4
COLEMAN COUNTY,083,79 Years,74,34,40,67,31,36,1,0,1,1,1,0,5,2,3
COLEMAN COUNTY,083,80 Years,63,29,34,56,26,30,0,0,0,2,1,1,5,2,3
COLEMAN COUNTY,083,81 Years,60,27,33,55,25,30,0,0,0,1,0,1,4,2,2
COLEMAN COUNTY,083,82 Years,59,25,34,56,23,33,0,0,0,0,0,0,3,2,1
COLEMAN COUNTY,083,83 Years,55,21,34,48,19,29,2,1,1,0,0,0,5,1,4
COLEMAN COUNTY,083,84 Years,54,21,33,48,19,29,0,0,0,0,0,0,6,2,4
COLEMAN COUNTY,083,85 Years +,242,102,140,223,96,127,2,0,2,4,1,3,13,5,8
COLLIN COUNTY,085,All Ages,881901,432563,449338,520298,255825,264473,79376,36932,42444,136183,66391,69792,146044,73415,72629
COLLIN COUNTY,085,< 1 Year,10630,5392,5238,5236,2658,2578,952,482,470,2183,1118,1065,2259,1134,1125
COLLIN COUNTY,085,1 Years,10552,5368,5184,5248,2673,2575,935,473,462,2131,1097,1034,2238,1125,1113
COLLIN COUNTY,085,2 Years,10506,5360,5146,5265,2693,2572,920,462,458,2096,1082,1014,2225,1123,1102
COLLIN COUNTY,085,3 Years,10667,5493,5174,5326,2736,2590,928,465,463,2144,1121,1023,2269,1171,1098
COLLIN COUNTY,085,4 Years,11398,5781,5617,5709,2905,2804,1001,480,521,2239,1144,1095,2449,1252,1197
COLLIN COUNTY,085,5 Years,11719,5981,5738,5811,2992,2819,989,484,505,2338,1188,1150,2581,1317,1264
COLLIN COUNTY,085,6 Years,12495,6330,6165,6194,3155,3039,1081,545,536,2539,1266,1273,2681,1364,1317
COLLIN COUNTY,085,7 Years,12980,6611,6369,6488,3323,3165,1139,588,551,2599,1304,1295,2754,1396,1358
COLLIN COUNTY,085,8 Years,13680,6951,6729,6947,3591,3356,1194,610,584,2685,1325,1360,2854,1425,1429
COLLIN COUNTY,085,9 Years,14478,7374,7104,7431,3836,3595,1262,635,627,2760,1366,1394,3025,1537,1488
COLLIN COUNTY,085,10 Years,14911,7640,7271,7682,3975,3707,1298,668,630,2811,1391,1420,3120,1606,1514
COLLIN COUNTY,085,11 Years,15053,7699,7354,7850,4057,3793,1359,715,644,2699,1341,1358,3145,1586,1559
COLLIN COUNTY,085,12 Years,15250,7732,7518,7928,4042,3886,1434,741,693,2710,1358,1352,3178,1591,1587
COLLIN COUNTY,085,13 Years,15435,7827,7608,7961,4065,3896,1513,754,759,2699,1369,1330,3262,1639,1623
COLLIN COUNTY,085,14 Years,15579,7854,7725,8076,4078,3998,1532,743,789,2727,1401,1326,3244,1632,1612
COLLIN COUNTY,085,15 Years,15129,7735,7394,7874,4069,3805,1538,764,774,2596,1333,1263,3121,1569,1552
COLLIN COUNTY,085,16 Years,14646,7533,7113,7613,3935,3678,1528,796,732,2481,1274,1207,3024,1528,1496
COLLIN COUNTY,085,17 Years,14106,7130,6976,7342,3694,3648,1464,728,736,2406,1240,1166,2894,1468,1426
COLLIN COUNTY,085,18 Years,13250,6802,6448,6933,3587,3346,1390,710,680,2157,1082,1075,2770,1423,1347
COLLIN COUNTY,085,19 Years,11919,6190,5729,6079,3174,2905,1369,713,656,1852,941,911,2619,1362,1257
COLLIN COUNTY,085,20 Years,11051,5751,5300,5570,2895,2675,1329,673,656,1632,835,797,2520,1348,1172
COLLIN COUNTY,085,21 Years,10653,5514,5139,5389,2743,2646,1315,658,657,1495,764,731,2454,1349,1105
COLLIN COUNTY,085,22 Years,9974,5216,4758,5041,2610,2431,1225,607,618,1360,691,669,2348,1308,1040
COLLIN COUNTY,085,23 Years,8811,4609,4202,4327,2264,2063,1088,526,562,1183,608,575,2213,1211,1002
COLLIN COUNTY,085,24 Years,8463,4352,4111,4234,2170,2064,992,487,505,1079,535,544,2158,1160,998
COLLIN COUNTY,085,25 Years,8275,4292,3983,4146,2139,2007,947,461,486,1104,561,543,2078,1131,947
COLLIN COUNTY,085,26 Years,8520,4299,4221,4198,2087,2111,934,448,486,1196,569,627,2192,1195,997
COLLIN COUNTY,085,27 Years,9024,4551,4473,4575,2239,2336,945,463,482,1260,583,677,2244,1266,978
COLLIN COUNTY,085,28 Years,9845,4900,4945,5290,2573,2717,918,429,489,1345,638,707,2292,1260,1032
COLLIN COUNTY,085,29 Years,10526,5228,5298,5836,2870,2966,928,423,505,1489,699,790,2273,1236,1037
COLLIN COUNTY,085,30 Years,10994,5412,5582,6146,3006,3140,972,441,531,1616,765,851,2260,1200,1060
COLLIN COUNTY,085,31 Years,11879,5822,6057,6592,3233,3359,1125,505,620,1735,837,898,2427,1247,1180
COLLIN COUNTY,085,32 Years,12398,6009,6389,6866,3346,3520,1154,518,636,1824,839,985,2554,1306,1248
COLLIN COUNTY,085,33 Years,12934,6249,6685,7241,3540,3701,1271,543,728,1864,865,999,2558,1301,1257
COLLIN COUNTY,085,34 Years,13528,6512,7016,7601,3723,3878,1357,574,783,1983,914,1069,2587,1301,1286
COLLIN COUNTY,085,35 Years,13633,6515,7118,7580,3668,3912,1380,585,795,2146,981,1165,2527,1281,1246
COLLIN COUNTY,085,36 Years,14006,6691,7315,7851,3874,3977,1291,522,769,2269,995,1274,2595,1300,1295
COLLIN COUNTY,085,37 Years,14080,6623,7457,7771,3764,4007,1268,543,725,2396,1047,1349,2645,1269,1376
COLLIN COUNTY,085,38 Years,14305,6685,7620,7736,3776,3960,1385,578,807,2533,1093,1440,2651,1238,1413
COLLIN COUNTY,085,39 Years,14872,7007,7865,8043,3913,4130,1493,633,860,2694,1206,1488,2642,1255,1387
COLLIN COUNTY,085,40 Years,14901,7104,7797,8028,3978,4050,1540,655,885,2705,1229,1476,2628,1242,1386
COLLIN COUNTY,085,41 Years,15122,7256,7866,8227,4106,4121,1573,674,899,2748,1262,1486,2574,1214,1360
COLLIN COUNTY,085,42 Years,15657,7535,8122,8839,4437,4402,1607,706,901,2742,1256,1486,2469,1136,1333
COLLIN COUNTY,085,43 Years,16239,7814,8425,9455,4686,4769,1664,730,934,2693,1277,1416,2427,1121,1306
COLLIN COUNTY,085,44 Years,15868,7755,8113,9251,4559,4692,1560,720,840,2726,1360,1366,2331,1116,1215
COLLIN COUNTY,085,45 Years,15138,7501,7637,8946,4464,4482,1441,663,778,2640,1334,1306,2111,1040,1071
COLLIN COUNTY,085,46 Years,14231,7006,7225,8431,4203,4228,1366,602,764,2428,1227,1201,2006,974,1032
COLLIN COUNTY,085,47 Years,13565,6722,6843,8125,4052,4073,1297,575,722,2221,1140,1081,1922,955,967
COLLIN COUNTY,085,48 Years,13438,6626,6812,8095,3945,4150,1276,592,684,2213,1154,1059,1854,935,919
COLLIN COUNTY,085,49 Years,13934,6832,7102,8683,4236,4447,1304,589,715,2158,1121,1037,1789,886,903
COLLIN COUNTY,085,50 Years,14067,7004,7063,9006,4521,4485,1266,570,696,2114,1080,1034,1681,833,848
COLLIN COUNTY,085,51 Years,13772,6823,6949,9029,4497,4532,1247,589,658,1950,992,958,1546,745,801
COLLIN COUNTY,085,52 Years,13186,6567,6619,8840,4429,4411,1208,558,650,1680,868,812,1458,712,746
COLLIN COUNTY,085,53 Years,12699,6324,6375,8676,4356,4320,1158,538,620,1541,786,755,1324,644,680
COLLIN COUNTY,085,54 Years,12182,6121,6061,8451,4271,4180,1094,519,575,1413,711,702,1224,620,604
COLLIN COUNTY,085,55 Years,11482,5722,5760,8051,4083,3968,996,450,546,1308,649,659,1127,540,587
COLLIN COUNTY,085,56 Years,10842,5262,5580,7682,3738,3944,912,397,515,1230,626,604,1018,501,517
COLLIN COUNTY,085,57 Years,10467,5086,5381,7459,3670,3789,866,365,501,1211,591,620,931,460,471
COLLIN COUNTY,085,58 Years,9815,4727,5088,7008,3391,3617,797,366,431,1160,568,592,850,402,448
COLLIN COUNTY,085,59 Years,9406,4495,4911,6804,3237,3567,692,324,368,1077,527,550,833,407,426
COLLIN COUNTY,085,60 Years,8821,4211,4610,6445,3094,3351,626,287,339,990,463,527,760,367,393
COLLIN COUNTY,085,61 Years,8404,3998,4406,6143,2971,3172,591,253,338,980,447,533,690,327,363
COLLIN COUNTY,085,62 Years,7904,3672,4232,5875,2772,3103,530,214,316,903,404,499,596,282,314
COLLIN COUNTY,085,63 Years,7468,3419,4049,5506,2542,2964,524,218,306,899,404,495,539,255,284
COLLIN COUNTY,085,64 Years,7253,3314,3939,5346,2466,2880,485,208,277,892,385,507,530,255,275
COLLIN COUNTY,085,65 Years,7206,3282,3924,5490,2556,2934,441,163,278,805,360,445,470,203,267
COLLIN COUNTY,085,66 Years,7219,3279,3940,5622,2609,3013,417,161,256,759,338,421,421,171,250
COLLIN COUNTY,085,67 Years,7104,3276,3828,5630,2649,2981,370,162,208,709,304,405,395,161,234
COLLIN COUNTY,085,68 Years,5737,2653,3084,4478,2109,2369,305,139,166,593,261,332,361,144,217
COLLIN COUNTY,085,69 Years,5137,2379,2758,4009,1879,2130,253,105,148,548,256,292,327,139,188
COLLIN COUNTY,085,70 Years,4954,2259,2695,3930,1802,2128,225,97,128,496,226,270,303,134,169
COLLIN COUNTY,085,71 Years,4835,2248,2587,3843,1813,2030,205,89,116,495,218,277,292,128,164
COLLIN COUNTY,085,72 Years,4335,2002,2333,3438,1613,1825,178,78,100,458,202,256,261,109,152
COLLIN COUNTY,085,73 Years,3796,1698,2098,2998,1350,1648,161,66,95,415,181,234,222,101,121
COLLIN COUNTY,085,74 Years,3476,1552,1924,2746,1236,1510,132,50,82,411,182,229,187,84,103
COLLIN COUNTY,085,75 Years,3187,1440,1747,2487,1132,1355,106,43,63,403,188,215,191,77,114
COLLIN COUNTY,085,76 Years,2962,1333,1629,2321,1052,1269,104,38,66,345,162,183,192,81,111
COLLIN COUNTY,085,77 Years,2671,1200,1471,2107,956,1151,92,38,54,312,137,175,160,69,91
COLLIN COUNTY,085,78 Years,2506,1101,1405,1990,882,1108,93,32,61,285,128,157,138,59,79
COLLIN COUNTY,085,79 Years,2259,964,1295,1802,764,1038,80,28,52,234,105,129,143,67,76
COLLIN COUNTY,085,80 Years,1993,830,1163,1621,680,941,57,11,46,192,86,106,123,53,70
COLLIN COUNTY,085,81 Years,1834,751,1083,1528,629,899,47,11,36,165,72,93,94,39,55
COLLIN COUNTY,085,82 Years,1671,673,998,1398,569,829,49,15,34,141,59,82,83,30,53
COLLIN COUNTY,085,83 Years,1575,614,961,1323,514,809,34,8,26,136,61,75,82,31,51
COLLIN COUNTY,085,84 Years,1397,542,855,1169,451,718,33,10,23,118,51,67,77,30,47
COLLIN COUNTY,085,85 Years +,8032,2571,5461,6941,2205,4736,231,53,178,486,187,299,374,126,248
COLLINGSWORTH COUNTY,087,All Ages,2905,1413,1492,1764,866,898,117,47,70,85,42,43,939,458,481
COLLINGSWORTH COUNTY,087,< 1 Year,30,13,17,14,7,7,1,0,1,3,1,2,12,5,7
COLLINGSWORTH COUNTY,087,1 Years,33,11,22,15,6,9,3,1,2,1,0,1,14,4,10
COLLINGSWORTH COUNTY,087,2 Years,42,16,26,21,8,13,2,1,1,1,0,1,18,7,11
COLLINGSWORTH COUNTY,087,3 Years,45,21,24,20,9,11,2,1,1,2,1,1,21,10,11
COLLINGSWORTH COUNTY,087,4 Years,50,22,28,20,10,10,2,0,2,3,1,2,25,11,14
COLLINGSWORTH COUNTY,087,5 Years,50,23,27,24,13,11,0,0,0,3,0,3,23,10,13
COLLINGSWORTH COUNTY,087,6 Years,44,19,25,20,7,13,0,0,0,0,0,0,24,12,12
COLLINGSWORTH COUNTY,087,7 Years,49,30,19,25,14,11,0,0,0,0,0,0,24,16,8
COLLINGSWORTH COUNTY,087,8 Years,49,29,20,18,10,8,0,0,0,1,1,0,30,18,12
COLLINGSWORTH COUNTY,087,9 Years,44,24,20,15,9,6,1,0,1,1,1,0,27,14,13
COLLINGSWORTH COUNTY,087,10 Years,35,14,21,14,5,9,1,0,1,2,2,0,18,7,11
COLLINGSWORTH COUNTY,087,11 Years,40,21,19,18,9,9,1,0,1,2,2,0,19,10,9
COLLINGSWORTH COUNTY,087,12 Years,50,23,27,19,9,10,2,1,1,3,2,1,26,11,15
COLLINGSWORTH COUNTY,087,13 Years,45,22,23,15,8,7,2,0,2,3,1,2,25,13,12
COLLINGSWORTH COUNTY,087,14 Years,42,26,16,19,10,9,1,1,0,1,1,0,21,14,7
COLLINGSWORTH COUNTY,087,15 Years,40,24,16,19,9,10,2,1,1,0,0,0,19,14,5
COLLINGSWORTH COUNTY,087,16 Years,39,19,20,24,11,13,2,2,0,2,1,1,11,5,6
COLLINGSWORTH COUNTY,087,17 Years,47,25,22,24,12,12,2,1,1,2,2,0,19,10,9
COLLINGSWORTH COUNTY,087,18 Years,50,24,26,24,11,13,2,1,1,1,1,0,23,11,12
COLLINGSWORTH COUNTY,087,19 Years,36,20,16,17,11,6,1,0,1,0,0,0,18,9,9
COLLINGSWORTH COUNTY,087,20 Years,40,20,20,24,14,10,2,1,1,1,0,1,13,5,8
COLLINGSWORTH COUNTY,087,21 Years,41,22,19,21,12,9,2,1,1,1,1,0,17,8,9
COLLINGSWORTH COUNTY,087,22 Years,43,23,20,20,13,7,3,1,2,2,1,1,18,8,10
COLLINGSWORTH COUNTY,087,23 Years,26,14,12,10,6,4,3,1,2,0,0,0,13,7,6
COLLINGSWORTH COUNTY,087,24 Years,28,16,12,13,7,6,0,0,0,0,0,0,15,9,6
COLLINGSWORTH COUNTY,087,25 Years,25,13,12,12,6,6,1,0,1,2,1,1,10,6,4
COLLINGSWORTH COUNTY,087,26 Years,29,13,16,15,8,7,0,0,0,1,0,1,13,5,8
COLLINGSWORTH COUNTY,087,27 Years,27,16,11,16,9,7,0,0,0,1,1,0,10,6,4
COLLINGSWORTH COUNTY,087,28 Years,34,16,18,20,8,12,3,2,1,0,0,0,11,6,5
COLLINGSWORTH COUNTY,087,29 Years,39,17,22,22,10,12,3,2,1,0,0,0,14,5,9
COLLINGSWORTH COUNTY,087,30 Years,35,17,18,17,11,6,2,1,1,1,1,0,15,4,11
COLLINGSWORTH COUNTY,087,31 Years,30,16,14,15,8,7,1,1,0,1,1,0,13,6,7
COLLINGSWORTH COUNTY,087,32 Years,27,18,9,12,7,5,2,1,1,0,0,0,13,10,3
COLLINGSWORTH COUNTY,087,33 Years,30,19,11,14,9,5,2,2,0,1,0,1,13,8,5
COLLINGSWORTH COUNTY,087,34 Years,37,21,16,20,13,7,1,1,0,1,1,0,15,6,9
COLLINGSWORTH COUNTY,087,35 Years,29,14,15,16,8,8,1,0,1,0,0,0,12,6,6
COLLINGSWORTH COUNTY,087,36 Years,30,17,13,17,10,7,2,1,1,0,0,0,11,6,5
COLLINGSWORTH COUNTY,087,37 Years,30,13,17,19,9,10,1,0,1,0,0,0,10,4,6
COLLINGSWORTH COUNTY,087,38 Years,30,14,16,18,8,10,1,0,1,1,1,0,10,5,5
COLLINGSWORTH COUNTY,087,39 Years,31,16,15,17,11,6,2,1,1,0,0,0,12,4,8
COLLINGSWORTH COUNTY,087,40 Years,25,13,12,18,9,9,1,1,0,0,0,0,6,3,3
COLLINGSWORTH COUNTY,087,41 Years,29,15,14,20,11,9,1,0,1,0,0,0,8,4,4
COLLINGSWORTH COUNTY,087,42 Years,27,14,13,13,6,7,0,0,0,1,1,0,13,7,6
COLLINGSWORTH COUNTY,087,43 Years,27,11,16,14,5,9,0,0,0,1,1,0,12,5,7
COLLINGSWORTH COUNTY,087,44 Years,26,12,14,14,7,7,1,0,1,0,0,0,11,5,6
COLLINGSWORTH COUNTY,087,45 Years,29,15,14,20,8,12,2,2,0,0,0,0,7,5,2
COLLINGSWORTH COUNTY,087,46 Years,28,12,16,18,9,9,3,0,3,2,1,1,5,2,3
COLLINGSWORTH COUNTY,087,47 Years,35,20,15,22,13,9,1,0,1,2,1,1,10,6,4
COLLINGSWORTH COUNTY,087,48 Years,34,16,18,21,11,10,0,0,0,1,0,1,12,5,7
COLLINGSWORTH COUNTY,087,49 Years,42,20,22,24,13,11,1,1,0,1,1,0,16,5,11
COLLINGSWORTH COUNTY,087,50 Years,37,16,21,23,11,12,2,0,2,2,1,1,10,4,6
COLLINGSWORTH COUNTY,087,51 Years,34,16,18,24,12,12,1,0,1,1,0,1,8,4,4
COLLINGSWORTH COUNTY,087,52 Years,35,18,17,21,12,9,3,2,1,1,1,0,10,3,7
COLLINGSWORTH COUNTY,087,53 Years,45,16,29,30,12,18,1,0,1,3,1,2,11,3,8
COLLINGSWORTH COUNTY,087,54 Years,39,21,18,26,14,12,2,1,1,2,1,1,9,5,4
COLLINGSWORTH COUNTY,087,55 Years,41,21,20,29,14,15,2,2,0,1,0,1,9,5,4
COLLINGSWORTH COUNTY,087,56 Years,33,15,18,24,12,12,1,1,0,0,0,0,8,2,6
COLLINGSWORTH COUNTY,087,57 Years,32,16,16,22,11,11,0,0,0,1,0,1,9,5,4
COLLINGSWORTH COUNTY,087,58 Years,45,22,23,32,14,18,3,1,2,2,1,1,8,6,2
COLLINGSWORTH COUNTY,087,59 Years,44,22,22,29,15,14,3,1,2,2,0,2,10,6,4
COLLINGSWORTH COUNTY,087,60 Years,41,24,17,32,20,12,2,1,1,1,0,1,6,3,3
COLLINGSWORTH COUNTY,087,61 Years,33,17,16,24,12,12,1,0,1,1,0,1,7,5,2
COLLINGSWORTH COUNTY,087,62 Years,30,12,18,23,11,12,0,0,0,1,0,1,6,1,5
COLLINGSWORTH COUNTY,087,63 Years,35,13,22,24,10,14,3,3,0,2,0,2,6,0,6
COLLINGSWORTH COUNTY,087,64 Years,31,18,13,22,12,10,2,1,1,2,1,1,5,4,1
COLLINGSWORTH COUNTY,087,65 Years,29,18,11,19,11,8,1,0,1,3,3,0,6,4,2
COLLINGSWORTH COUNTY,087,66 Years,33,13,20,29,11,18,1,0,1,1,1,0,2,1,1
COLLINGSWORTH COUNTY,087,67 Years,39,16,23,34,14,20,2,0,2,0,0,0,3,2,1
COLLINGSWORTH COUNTY,087,68 Years,27,11,16,22,9,13,2,0,2,0,0,0,3,2,1
COLLINGSWORTH COUNTY,087,69 Years,21,11,10,20,10,10,0,0,0,0,0,0,1,1,0
COLLINGSWORTH COUNTY,087,70 Years,30,17,13,26,16,10,1,0,1,0,0,0,3,1,2
COLLINGSWORTH COUNTY,087,71 Years,27,11,16,23,10,13,1,0,1,0,0,0,3,1,2
COLLINGSWORTH COUNTY,087,72 Years,30,14,16,24,11,13,3,2,1,1,0,1,2,1,1
COLLINGSWORTH COUNTY,087,73 Years,30,16,14,25,13,12,2,1,1,1,0,1,2,2,0
COLLINGSWORTH COUNTY,087,74 Years,26,12,14,23,11,12,1,0,1,0,0,0,2,1,1
COLLINGSWORTH COUNTY,087,75 Years,20,8,12,16,7,9,3,1,2,0,0,0,1,0,1
COLLINGSWORTH COUNTY,087,76 Years,19,11,8,18,11,7,0,0,0,0,0,0,1,0,1
COLLINGSWORTH COUNTY,087,77 Years,16,7,9,13,6,7,0,0,0,1,0,1,2,1,1
COLLINGSWORTH COUNTY,087,78 Years,17,5,12,14,5,9,0,0,0,1,0,1,2,0,2
COLLINGSWORTH COUNTY,087,79 Years,19,5,14,16,5,11,1,0,1,0,0,0,2,0,2
COLLINGSWORTH COUNTY,087,80 Years,16,7,9,14,6,8,0,0,0,0,0,0,2,1,1
COLLINGSWORTH COUNTY,087,81 Years,17,9,8,15,7,8,0,0,0,1,1,0,1,1,0
COLLINGSWORTH COUNTY,087,82 Years,18,6,12,14,5,9,1,0,1,1,1,0,2,0,2
COLLINGSWORTH COUNTY,087,83 Years,21,9,12,19,8,11,0,0,0,1,0,1,1,1,0
COLLINGSWORTH COUNTY,087,84 Years,14,6,8,14,6,8,0,0,0,0,0,0,0,0,0
COLLINGSWORTH COUNTY,087,85 Years +,78,25,53,74,25,49,3,0,3,0,0,0,1,0,1
COLORADO COUNTY,089,All Ages,21772,10864,10908,12356,6091,6265,2811,1374,1437,357,154,203,6248,3245,3003
COLORADO COUNTY,089,< 1 Year,266,129,137,86,42,44,35,20,15,11,3,8,134,64,70
COLORADO COUNTY,089,1 Years,258,125,133,84,39,45,29,16,13,13,4,9,132,66,66
COLORADO COUNTY,089,2 Years,246,122,124,81,41,40,29,17,12,11,3,8,125,61,64
COLORADO COUNTY,089,3 Years,259,124,135,84,42,42,34,17,17,17,3,14,124,62,62
COLORADO COUNTY,089,4 Years,296,159,137,100,55,45,41,16,25,8,2,6,147,86,61
COLORADO COUNTY,089,5 Years,263,143,120,91,51,40,33,15,18,7,4,3,132,73,59
COLORADO COUNTY,089,6 Years,274,138,136,100,45,55,31,17,14,10,6,4,133,70,63
COLORADO COUNTY,089,7 Years,274,144,130,95,49,46,37,19,18,10,4,6,132,72,60
COLORADO COUNTY,089,8 Years,270,137,133,97,48,49,33,20,13,11,4,7,129,65,64
COLORADO COUNTY,089,9 Years,260,134,126,98,53,45,30,15,15,11,5,6,121,61,60
COLORADO COUNTY,089,10 Years,272,143,129,103,60,43,34,14,20,7,4,3,128,65,63
COLORADO COUNTY,089,11 Years,279,140,139,113,63,50,39,17,22,6,2,4,121,58,63
COLORADO COUNTY,089,12 Years,274,139,135,106,61,45,35,16,19,9,5,4,124,57,67
COLORADO COUNTY,089,13 Years,299,159,140,115,65,50,52,28,24,5,3,2,127,63,64
COLORADO COUNTY,089,14 Years,300,156,144,120,63,57,57,27,30,4,1,3,119,65,54
COLORADO COUNTY,089,15 Years,291,161,130,126,70,56,50,29,21,5,4,1,110,58,52
COLORADO COUNTY,089,16 Years,299,159,140,132,69,63,46,25,21,5,4,1,116,61,55
COLORADO COUNTY,089,17 Years,300,154,146,134,67,67,46,25,21,5,3,2,115,59,56
COLORADO COUNTY,089,18 Years,273,127,146,132,57,75,38,20,18,6,3,3,97,47,50
COLORADO COUNTY,089,19 Years,258,132,126,125,63,62,34,22,12,6,3,3,93,44,49
COLORADO COUNTY,089,20 Years,284,154,130,132,76,56,46,26,20,5,3,2,101,49,52
COLORADO COUNTY,089,21 Years,278,149,129,133,71,62,44,26,18,5,1,4,96,51,45
COLORADO COUNTY,089,22 Years,277,151,126,123,61,62,48,30,18,3,1,2,103,59,44
COLORADO COUNTY,089,23 Years,251,130,121,109,52,57,36,21,15,3,1,2,103,56,47
COLORADO COUNTY,089,24 Years,202,95,107,80,35,45,23,8,15,3,1,2,96,51,45
COLORADO COUNTY,089,25 Years,193,94,99,75,37,38,37,20,17,2,0,2,79,37,42
COLORADO COUNTY,089,26 Years,207,106,101,78,37,41,42,23,19,3,2,1,84,44,40
COLORADO COUNTY,089,27 Years,229,130,99,101,64,37,36,15,21,3,1,2,89,50,39
COLORADO COUNTY,089,28 Years,202,108,94,90,50,40,26,12,14,2,0,2,84,46,38
COLORADO COUNTY,089,29 Years,195,94,101,103,47,56,19,10,9,2,0,2,71,37,34
COLORADO COUNTY,089,30 Years,187,100,87,89,48,41,33,19,14,1,1,0,64,32,32
COLORADO COUNTY,089,31 Years,193,86,107,70,35,35,36,16,20,3,2,1,84,33,51
COLORADO COUNTY,089,32 Years,201,106,95,86,48,38,27,10,17,2,1,1,86,47,39
COLORADO COUNTY,089,33 Years,240,138,102,112,67,45,26,10,16,4,1,3,98,60,38
COLORADO COUNTY,089,34 Years,226,113,113,103,49,54,26,10,16,4,2,2,93,52,41
COLORADO COUNTY,089,35 Years,213,95,118,101,45,56,33,14,19,3,1,2,76,35,41
COLORADO COUNTY,089,36 Years,199,100,99,103,54,49,25,13,12,2,0,2,69,33,36
COLORADO COUNTY,089,37 Years,213,105,108,109,52,57,26,12,14,0,0,0,78,41,37
COLORADO COUNTY,089,38 Years,200,103,97,99,45,54,26,14,12,2,1,1,73,43,30
COLORADO COUNTY,089,39 Years,194,101,93,91,48,43,21,9,12,3,1,2,79,43,36
COLORADO COUNTY,089,40 Years,187,98,89,91,50,41,26,12,14,3,1,2,67,35,32
COLORADO COUNTY,089,41 Years,205,103,102,114,58,56,24,11,13,2,1,1,65,33,32
COLORADO COUNTY,089,42 Years,228,116,112,117,62,55,31,11,20,5,2,3,75,41,34
COLORADO COUNTY,089,43 Years,213,110,103,118,60,58,28,14,14,5,2,3,62,34,28
COLORADO COUNTY,089,44 Years,229,112,117,138,65,73,25,10,15,5,2,3,61,35,26
COLORADO COUNTY,089,45 Years,249,117,132,144,69,75,34,15,19,4,1,3,67,32,35
COLORADO COUNTY,089,46 Years,250,117,133,157,74,83,25,13,12,5,1,4,63,29,34
COLORADO COUNTY,089,47 Years,248,113,135,147,72,75,27,6,21,5,2,3,69,33,36
COLORADO COUNTY,089,48 Years,239,121,118,141,73,68,26,11,15,4,3,1,68,34,34
COLORADO COUNTY,089,49 Years,275,146,129,165,87,78,39,21,18,1,1,0,70,37,33
COLORADO COUNTY,089,50 Years,292,139,153,173,80,93,39,15,24,4,2,2,76,42,34
COLORADO COUNTY,089,51 Years,304,162,142,182,95,87,45,24,21,3,2,1,74,41,33
COLORADO COUNTY,089,52 Years,294,138,156,180,82,98,42,22,20,3,1,2,69,33,36
COLORADO COUNTY,089,53 Years,339,167,172,219,104,115,48,24,24,6,2,4,66,37,29
COLORADO COUNTY,089,54 Years,371,195,176,243,126,117,49,27,22,8,5,3,71,37,34
COLORADO COUNTY,089,55 Years,345,179,166,226,115,111,46,19,27,4,3,1,69,42,27
COLORADO COUNTY,089,56 Years,345,170,175,220,113,107,49,16,33,2,1,1,74,40,34
COLORADO COUNTY,089,57 Years,358,176,182,241,117,124,45,22,23,4,1,3,68,36,32
COLORADO COUNTY,089,58 Years,342,174,168,230,116,114,45,24,21,3,0,3,64,34,30
COLORADO COUNTY,089,59 Years,328,170,158,229,118,111,47,23,24,2,1,1,50,28,22
COLORADO COUNTY,089,60 Years,354,174,180,244,117,127,52,24,28,4,3,1,54,30,24
COLORADO COUNTY,089,61 Years,372,177,195,262,119,143,47,23,24,4,2,2,59,33,26
COLORADO COUNTY,089,62 Years,343,172,171,254,120,134,39,23,16,4,1,3,46,28,18
COLORADO COUNTY,089,63 Years,326,170,156,250,129,121,33,18,15,4,2,2,39,21,18
COLORADO COUNTY,089,64 Years,320,166,154,250,123,127,29,14,15,4,3,1,37,26,11
COLORADO COUNTY,089,65 Years,314,145,169,233,110,123,31,13,18,2,1,1,48,21,27
COLORADO COUNTY,089,66 Years,292,141,151,212,102,110,43,21,22,1,1,0,36,17,19
COLORADO COUNTY,089,67 Years,280,137,143,209,98,111,35,19,16,3,3,0,33,17,16
COLORADO COUNTY,089,68 Years,250,124,126,183,88,95,26,15,11,7,4,3,34,17,17
COLORADO COUNTY,089,69 Years,245,125,120,180,92,88,26,13,13,5,3,2,34,17,17
COLORADO COUNTY,089,70 Years,244,135,109,190,101,89,28,15,13,2,2,0,24,17,7
COLORADO COUNTY,089,71 Years,246,131,115,200,103,97,22,14,8,2,1,1,22,13,9
COLORADO COUNTY,089,72 Years,218,109,109,179,95,84,18,9,9,0,0,0,21,5,16
COLORADO COUNTY,089,73 Years,217,93,124,173,78,95,20,9,11,1,0,1,23,6,17
COLORADO COUNTY,089,74 Years,208,97,111,159,73,86,23,10,13,0,0,0,26,14,12
COLORADO COUNTY,089,75 Years,179,86,93,131,62,69,24,10,14,0,0,0,24,14,10
COLORADO COUNTY,089,76 Years,171,88,83,127,64,63,22,10,12,0,0,0,22,14,8
COLORADO COUNTY,089,77 Years,161,80,81,125,64,61,17,9,8,1,0,1,18,7,11
COLORADO COUNTY,089,78 Years,162,77,85,124,60,64,18,8,10,1,0,1,19,9,10
COLORADO COUNTY,089,79 Years,135,64,71,101,49,52,16,6,10,0,0,0,18,9,9
COLORADO COUNTY,089,80 Years,123,52,71,102,45,57,7,2,5,2,1,1,12,4,8
COLORADO COUNTY,089,81 Years,124,54,70,101,44,57,12,4,8,2,1,1,9,5,4
COLORADO COUNTY,089,82 Years,131,58,73,106,47,59,14,6,8,0,0,0,11,5,6
COLORADO COUNTY,089,83 Years,115,48,67,94,40,54,12,5,7,1,1,0,8,2,6
COLORADO COUNTY,089,84 Years,108,46,62,87,38,49,9,4,5,2,1,1,10,3,7
COLORADO COUNTY,089,85 Years +,598,209,389,496,170,326,49,17,32,5,0,5,48,22,26
COMAL COUNTY,091,All Ages,123941,61033,62908,87149,42956,44193,1959,1042,917,3292,1520,1772,31541,15515,16026
COMAL COUNTY,091,< 1 Year,1449,756,693,791,406,385,20,9,11,70,36,34,568,305,263
COMAL COUNTY,091,1 Years,1359,708,651,755,384,371,18,9,9,67,35,32,519,280,239
COMAL COUNTY,091,2 Years,1301,662,639,732,370,362,16,7,9,55,28,27,498,257,241
COMAL COUNTY,091,3 Years,1265,637,628,710,357,353,14,7,7,59,26,33,482,247,235
COMAL COUNTY,091,4 Years,1136,561,575,621,309,312,14,3,11,47,20,27,454,229,225
COMAL COUNTY,091,5 Years,1251,626,625,700,333,367,16,8,8,48,25,23,487,260,227
COMAL COUNTY,091,6 Years,1324,668,656,723,365,358,21,10,11,55,28,27,525,265,260
COMAL COUNTY,091,7 Years,1347,676,671,755,379,376,20,9,11,53,31,22,519,257,262
COMAL COUNTY,091,8 Years,1401,688,713,790,387,403,18,9,9,60,34,26,533,258,275
COMAL COUNTY,091,9 Years,1467,733,734,842,431,411,18,8,10,56,29,27,551,265,286
COMAL COUNTY,091,10 Years,1591,856,735,919,513,406,19,7,12,55,28,27,598,308,290
COMAL COUNTY,091,11 Years,1671,895,776,1007,553,454,19,8,11,59,29,30,586,305,281
COMAL COUNTY,091,12 Years,1668,873,795,1003,521,482,22,11,11,48,26,22,595,315,280
COMAL COUNTY,091,13 Years,1804,950,854,1078,568,510,33,20,13,47,26,21,646,336,310
COMAL COUNTY,091,14 Years,1875,1014,861,1140,624,516,35,24,11,53,27,26,647,339,308
COMAL COUNTY,091,15 Years,1802,928,874,1076,570,506,39,25,14,49,22,27,638,311,327
COMAL COUNTY,091,16 Years,1854,958,896,1112,588,524,33,21,12,49,26,23,660,323,337
COMAL COUNTY,091,17 Years,1866,967,899,1155,622,533,31,16,15,49,24,25,631,305,326
COMAL COUNTY,091,18 Years,1728,899,829,1046,553,493,31,15,16,50,26,24,601,305,296
COMAL COUNTY,091,19 Years,1542,791,751,890,455,435,31,15,16,44,22,22,577,299,278
COMAL COUNTY,091,20 Years,1482,744,738,851,422,429,27,14,13,54,31,23,550,277,273
COMAL COUNTY,091,21 Years,1436,736,700,825,413,412,26,17,9,52,33,19,533,273,260
COMAL COUNTY,091,22 Years,1331,709,622,781,403,378,23,16,7,41,26,15,486,264,222
COMAL COUNTY,091,23 Years,1102,574,528,616,322,294,18,7,11,26,15,11,442,230,212
COMAL COUNTY,091,24 Years,1049,536,513,566,279,287,29,17,12,26,11,15,428,229,199
COMAL COUNTY,091,25 Years,1064,534,530,619,314,305,24,13,11,37,13,24,384,194,190
COMAL COUNTY,091,26 Years,1002,507,495,601,304,297,15,8,7,30,11,19,356,184,172
COMAL COUNTY,091,27 Years,1018,518,500,575,278,297,23,15,8,25,12,13,395,213,182
COMAL COUNTY,091,28 Years,1065,548,517,611,298,313,18,11,7,27,12,15,409,227,182
COMAL COUNTY,091,29 Years,1093,554,539,633,313,320,17,11,6,27,13,14,416,217,199
COMAL COUNTY,091,30 Years,1132,584,548,673,334,339,19,12,7,36,19,17,404,219,185
COMAL COUNTY,091,31 Years,1164,561,603,730,353,377,13,6,7,34,19,15,387,183,204
COMAL COUNTY,091,32 Years,1193,569,624,773,371,402,15,9,6,37,18,19,368,171,197
COMAL COUNTY,091,33 Years,1258,603,655,816,385,431,16,9,7,40,15,25,386,194,192
COMAL COUNTY,091,34 Years,1282,606,676,831,398,433,19,9,10,38,13,25,394,186,208
COMAL COUNTY,091,35 Years,1214,542,672,790,356,434,19,7,12,40,14,26,365,165,200
COMAL COUNTY,091,36 Years,1265,627,638,848,413,435,18,10,8,42,20,22,357,184,173
COMAL COUNTY,091,37 Years,1308,642,666,879,415,464,17,13,4,41,22,19,371,192,179
COMAL COUNTY,091,38 Years,1358,656,702,904,439,465,19,13,6,44,19,25,391,185,206
COMAL COUNTY,091,39 Years,1462,691,771,971,470,501,21,10,11,58,23,35,412,188,224
COMAL COUNTY,091,40 Years,1470,704,766,1015,489,526,21,7,14,44,18,26,390,190,200
COMAL COUNTY,091,41 Years,1568,752,816,1067,537,530,35,20,15,44,16,28,422,179,243
COMAL COUNTY,091,42 Years,1647,795,852,1139,556,583,27,15,12,44,16,28,437,208,229
COMAL COUNTY,091,43 Years,1768,852,916,1251,619,632,30,16,14,49,17,32,438,200,238
COMAL COUNTY,091,44 Years,1807,882,925,1308,660,648,33,20,13,50,18,32,416,184,232
COMAL COUNTY,091,45 Years,1733,840,893,1250,626,624,34,17,17,46,19,27,403,178,225
COMAL COUNTY,091,46 Years,1690,820,870,1210,607,603,34,16,18,48,17,31,398,180,218
COMAL COUNTY,091,47 Years,1651,818,833,1200,601,599,38,21,17,38,14,24,375,182,193
COMAL COUNTY,091,48 Years,1767,857,910,1292,622,670,40,24,16,40,17,23,395,194,201
COMAL COUNTY,091,49 Years,1886,923,963,1391,689,702,37,21,16,51,23,28,407,190,217
COMAL COUNTY,091,50 Years,1950,931,1019,1465,710,755,41,20,21,51,22,29,393,179,214
COMAL COUNTY,091,51 Years,1993,960,1033,1515,739,776,39,17,22,46,20,26,393,184,209
COMAL COUNTY,091,52 Years,2023,990,1033,1547,765,782,42,22,20,45,21,24,389,182,207
COMAL COUNTY,091,53 Years,2048,1000,1048,1560,768,792,42,18,24,54,24,30,392,190,202
COMAL COUNTY,091,54 Years,2034,982,1052,1568,761,807,51,25,26,48,21,27,367,175,192
COMAL COUNTY,091,55 Years,2008,984,1024,1579,782,797,41,23,18,42,14,28,346,165,181
COMAL COUNTY,091,56 Years,2037,1016,1021,1605,787,818,40,24,16,29,12,17,363,193,170
COMAL COUNTY,091,57 Years,2087,1012,1075,1646,794,852,36,21,15,46,20,26,359,177,182
COMAL COUNTY,091,58 Years,2014,991,1023,1596,788,808,32,15,17,51,21,30,335,167,168
COMAL COUNTY,091,59 Years,1972,942,1030,1566,750,816,38,17,21,50,21,29,318,154,164
COMAL COUNTY,091,60 Years,1977,936,1041,1586,748,838,34,15,19,38,20,18,319,153,166
COMAL COUNTY,091,61 Years,1931,911,1020,1538,734,804,25,12,13,44,17,27,324,148,176
COMAL COUNTY,091,62 Years,1864,905,959,1512,732,780,26,12,14,45,19,26,281,142,139
COMAL COUNTY,091,63 Years,1834,881,953,1506,727,779,27,14,13,43,17,26,258,123,135
COMAL COUNTY,091,64 Years,1851,896,955,1527,740,787,25,12,13,34,16,18,265,128,137
COMAL COUNTY,091,65 Years,1834,876,958,1528,727,801,27,14,13,29,14,15,250,121,129
COMAL COUNTY,091,66 Years,1870,910,960,1570,772,798,26,17,9,23,8,15,251,113,138
COMAL COUNTY,091,67 Years,1825,885,940,1537,763,774,19,13,6,29,11,18,240,98,142
COMAL COUNTY,091,68 Years,1423,689,734,1194,588,606,15,9,6,21,7,14,193,85,108
COMAL COUNTY,091,69 Years,1366,679,687,1142,572,570,15,8,7,22,8,14,187,91,96
COMAL COUNTY,091,70 Years,1365,680,685,1144,579,565,16,8,8,28,13,15,177,80,97
COMAL COUNTY,091,71 Years,1297,660,637,1107,572,535,13,8,5,26,13,13,151,67,84
COMAL COUNTY,091,72 Years,1131,596,535,959,509,450,13,8,5,24,12,12,135,67,68
COMAL COUNTY,091,73 Years,996,506,490,847,428,419,11,7,4,19,10,9,119,61,58
COMAL COUNTY,091,74 Years,923,450,473,789,378,411,11,7,4,13,8,5,110,57,53
COMAL COUNTY,091,75 Years,843,418,425,715,355,360,12,5,7,12,6,6,104,52,52
COMAL COUNTY,091,76 Years,790,382,408,681,333,348,6,4,2,11,7,4,92,38,54
COMAL COUNTY,091,77 Years,723,347,376,625,306,319,6,4,2,6,3,3,86,34,52
COMAL COUNTY,091,78 Years,670,316,354,575,277,298,4,3,1,8,2,6,83,34,49
COMAL COUNTY,091,79 Years,643,295,348,543,253,290,4,1,3,15,9,6,81,32,49
COMAL COUNTY,091,80 Years,547,238,309,461,209,252,2,1,1,8,4,4,76,24,52
COMAL COUNTY,091,81 Years,535,235,300,460,211,249,2,1,1,8,3,5,65,20,45
COMAL COUNTY,091,82 Years,468,209,259,397,183,214,2,1,1,8,2,6,61,23,38
COMAL COUNTY,091,83 Years,448,204,244,378,177,201,3,3,0,4,2,2,63,22,41
COMAL COUNTY,091,84 Years,414,193,221,357,168,189,4,3,1,4,3,1,49,19,30
COMAL COUNTY,091,85 Years +,2241,798,1443,1963,697,1266,16,5,11,26,8,18,236,88,148
COMANCHE COUNTY,093,All Ages,13955,6937,7018,9765,4776,4989,23,11,12,208,94,114,3959,2056,1903
COMANCHE COUNTY,093,< 1 Year,160,82,78,82,44,38,0,0,0,5,3,2,73,35,38
COMANCHE COUNTY,093,1 Years,152,82,70,78,45,33,0,0,0,3,0,3,71,37,34
COMANCHE COUNTY,093,2 Years,169,84,85,89,47,42,0,0,0,5,2,3,75,35,40
COMANCHE COUNTY,093,3 Years,177,89,88,89,47,42,0,0,0,5,3,2,83,39,44
COMANCHE COUNTY,093,4 Years,206,92,114,105,45,60,0,0,0,2,0,2,99,47,52
COMANCHE COUNTY,093,5 Years,192,96,96,94,40,54,1,1,0,4,1,3,93,54,39
COMANCHE COUNTY,093,6 Years,188,95,93,95,50,45,0,0,0,3,0,3,90,45,45
COMANCHE COUNTY,093,7 Years,195,95,100,95,49,46,0,0,0,3,1,2,97,45,52
COMANCHE COUNTY,093,8 Years,176,81,95,92,43,49,1,0,1,5,1,4,78,37,41
COMANCHE COUNTY,093,9 Years,181,79,102,94,40,54,0,0,0,3,0,3,84,39,45
COMANCHE COUNTY,093,10 Years,164,88,76,88,50,38,0,0,0,1,0,1,75,38,37
COMANCHE COUNTY,093,11 Years,166,82,84,91,49,42,0,0,0,3,3,0,72,30,42
COMANCHE COUNTY,093,12 Years,174,84,90,91,50,41,3,0,3,5,3,2,75,31,44
COMANCHE COUNTY,093,13 Years,170,93,77,90,49,41,1,0,1,4,3,1,75,41,34
COMANCHE COUNTY,093,14 Years,193,90,103,107,52,55,0,0,0,3,2,1,83,36,47
COMANCHE COUNTY,093,15 Years,207,115,92,114,66,48,0,0,0,3,0,3,90,49,41
COMANCHE COUNTY,093,16 Years,204,99,105,112,53,59,0,0,0,1,1,0,91,45,46
COMANCHE COUNTY,093,17 Years,185,81,104,107,42,65,1,0,1,3,3,0,74,36,38
COMANCHE COUNTY,093,18 Years,165,85,80,92,44,48,0,0,0,3,3,0,70,38,32
COMANCHE COUNTY,093,19 Years,174,92,82,87,41,46,1,1,0,3,1,2,83,49,34
COMANCHE COUNTY,093,20 Years,175,94,81,96,46,50,0,0,0,4,2,2,75,46,29
COMANCHE COUNTY,093,21 Years,191,104,87,111,61,50,0,0,0,2,2,0,78,41,37
COMANCHE COUNTY,093,22 Years,172,97,75,100,58,42,1,1,0,1,0,1,70,38,32
COMANCHE COUNTY,093,23 Years,156,76,80,86,41,45,0,0,0,5,0,5,65,35,30
COMANCHE COUNTY,093,24 Years,142,69,73,77,33,44,1,0,1,2,1,1,62,35,27
COMANCHE COUNTY,093,25 Years,143,77,66,87,42,45,1,0,1,1,1,0,54,34,20
COMANCHE COUNTY,093,26 Years,154,91,63,87,49,38,0,0,0,2,1,1,65,41,24
COMANCHE COUNTY,093,27 Years,131,69,62,74,37,37,1,0,1,2,1,1,54,31,23
COMANCHE COUNTY,093,28 Years,138,67,71,77,38,39,0,0,0,1,1,0,60,28,32
COMANCHE COUNTY,093,29 Years,116,63,53,70,38,32,0,0,0,1,1,0,45,24,21
COMANCHE COUNTY,093,30 Years,123,65,58,71,37,34,0,0,0,3,2,1,49,26,23
COMANCHE COUNTY,093,31 Years,121,58,63,70,31,39,0,0,0,1,1,0,50,26,24
COMANCHE COUNTY,093,32 Years,127,66,61,75,39,36,0,0,0,2,1,1,50,26,24
COMANCHE COUNTY,093,33 Years,115,61,54,72,39,33,0,0,0,2,1,1,41,21,20
COMANCHE COUNTY,093,34 Years,120,63,57,70,37,33,0,0,0,2,2,0,48,24,24
COMANCHE COUNTY,093,35 Years,124,64,60,78,39,39,0,0,0,1,1,0,45,24,21
COMANCHE COUNTY,093,36 Years,129,63,66,91,43,48,1,1,0,0,0,0,37,19,18
COMANCHE COUNTY,093,37 Years,134,64,70,87,38,49,1,0,1,0,0,0,46,26,20
COMANCHE COUNTY,093,38 Years,131,68,63,79,38,41,0,0,0,2,0,2,50,30,20
COMANCHE COUNTY,093,39 Years,137,74,63,87,48,39,0,0,0,3,1,2,47,25,22
COMANCHE COUNTY,093,40 Years,141,66,75,91,42,49,0,0,0,2,1,1,48,23,25
COMANCHE COUNTY,093,41 Years,129,56,73,83,35,48,0,0,0,1,0,1,45,21,24
COMANCHE COUNTY,093,42 Years,148,63,85,93,39,54,0,0,0,2,0,2,53,24,29
COMANCHE COUNTY,093,43 Years,162,75,87,106,49,57,0,0,0,2,0,2,54,26,28
COMANCHE COUNTY,093,44 Years,172,89,83,114,64,50,0,0,0,1,0,1,57,25,32
COMANCHE COUNTY,093,45 Years,160,85,75,114,62,52,0,0,0,6,3,3,40,20,20
COMANCHE COUNTY,093,46 Years,165,77,88,116,54,62,0,0,0,3,1,2,46,22,24
COMANCHE COUNTY,093,47 Years,186,92,94,126,57,69,0,0,0,2,2,0,58,33,25
COMANCHE COUNTY,093,48 Years,171,98,73,122,70,52,1,1,0,1,1,0,47,26,21
COMANCHE COUNTY,093,49 Years,186,103,83,132,72,60,1,1,0,3,2,1,50,28,22
COMANCHE COUNTY,093,50 Years,206,105,101,156,74,82,1,1,0,1,0,1,48,30,18
COMANCHE COUNTY,093,51 Years,188,96,92,143,66,77,1,1,0,0,0,0,44,29,15
COMANCHE COUNTY,093,52 Years,197,98,99,156,78,78,0,0,0,2,0,2,39,20,19
COMANCHE COUNTY,093,53 Years,197,101,96,154,78,76,0,0,0,3,2,1,40,21,19
COMANCHE COUNTY,093,54 Years,189,98,91,152,81,71,0,0,0,1,1,0,36,16,20
COMANCHE COUNTY,093,55 Years,192,102,90,151,81,70,0,0,0,2,0,2,39,21,18
COMANCHE COUNTY,093,56 Years,210,111,99,174,91,83,0,0,0,4,2,2,32,18,14
COMANCHE COUNTY,093,57 Years,180,94,86,146,72,74,0,0,0,6,4,2,28,18,10
COMANCHE COUNTY,093,58 Years,198,99,99,161,79,82,1,1,0,6,2,4,30,17,13
COMANCHE COUNTY,093,59 Years,185,82,103,152,68,84,2,0,2,5,1,4,26,13,13
COMANCHE COUNTY,093,60 Years,173,78,95,146,62,84,0,0,0,3,1,2,24,15,9
COMANCHE COUNTY,093,61 Years,177,96,81,148,77,71,0,0,0,3,2,1,26,17,9
COMANCHE COUNTY,093,62 Years,186,99,87,159,84,75,0,0,0,3,1,2,24,14,10
COMANCHE COUNTY,093,63 Years,186,91,95,154,75,79,0,0,0,4,1,3,28,15,13
COMANCHE COUNTY,093,64 Years,187,91,96,150,74,76,0,0,0,3,1,2,34,16,18
COMANCHE COUNTY,093,65 Years,194,89,105,163,76,87,0,0,0,2,0,2,29,13,16
COMANCHE COUNTY,093,66 Years,188,93,95,165,82,83,0,0,0,2,1,1,21,10,11
COMANCHE COUNTY,093,67 Years,204,103,101,171,85,86,0,0,0,5,2,3,28,16,12
COMANCHE COUNTY,093,68 Years,168,82,86,149,72,77,0,0,0,3,1,2,16,9,7
COMANCHE COUNTY,093,69 Years,180,83,97,166,78,88,0,0,0,0,0,0,14,5,9
COMANCHE COUNTY,093,70 Years,192,95,97,174,84,90,0,0,0,0,0,0,18,11,7
COMANCHE COUNTY,093,71 Years,185,90,95,171,83,88,0,0,0,0,0,0,14,7,7
COMANCHE COUNTY,093,72 Years,165,76,89,154,70,84,0,0,0,0,0,0,11,6,5
COMANCHE COUNTY,093,73 Years,143,65,78,136,62,74,0,0,0,1,0,1,6,3,3
COMANCHE COUNTY,093,74 Years,153,73,80,141,67,74,0,0,0,1,0,1,11,6,5
COMANCHE COUNTY,093,75 Years,142,72,70,130,66,64,0,0,0,1,1,0,11,5,6
COMANCHE COUNTY,093,76 Years,120,61,59,108,55,53,0,0,0,2,1,1,10,5,5
COMANCHE COUNTY,093,77 Years,119,56,63,113,54,59,0,0,0,1,0,1,5,2,3
COMANCHE COUNTY,093,78 Years,114,56,58,107,51,56,0,0,0,2,2,0,5,3,2
COMANCHE COUNTY,093,79 Years,118,64,54,107,56,51,0,0,0,3,2,1,8,6,2
COMANCHE COUNTY,093,80 Years,100,48,52,92,45,47,0,0,0,2,0,2,6,3,3
COMANCHE COUNTY,093,81 Years,72,36,36,68,34,34,1,1,0,1,0,1,2,1,1
COMANCHE COUNTY,093,82 Years,76,36,40,67,31,36,1,1,0,1,1,0,7,3,4
COMANCHE COUNTY,093,83 Years,77,32,45,71,29,42,0,0,0,0,0,0,6,3,3
COMANCHE COUNTY,093,84 Years,60,26,34,55,23,32,0,0,0,2,2,0,3,1,2
COMANCHE COUNTY,093,85 Years +,337,119,218,321,111,210,0,0,0,6,4,2,10,4,6
CONCHO COUNTY,095,All Ages,4139,2820,1319,1812,920,892,55,53,2,47,30,17,2225,1817,408
CONCHO COUNTY,095,< 1 Year,29,17,12,17,9,8,0,0,0,0,0,0,12,8,4
CONCHO COUNTY,095,1 Years,25,15,10,14,7,7,0,0,0,0,0,0,11,8,3
CONCHO COUNTY,095,2 Years,32,18,14,18,9,9,0,0,0,0,0,0,14,9,5
CONCHO COUNTY,095,3 Years,31,18,13,18,9,9,0,0,0,0,0,0,13,9,4
CONCHO COUNTY,095,4 Years,27,16,11,16,9,7,0,0,0,0,0,0,11,7,4
CONCHO COUNTY,095,5 Years,33,18,15,16,6,10,1,1,0,0,0,0,16,11,5
CONCHO COUNTY,095,6 Years,39,21,18,22,10,12,1,1,0,0,0,0,16,10,6
CONCHO COUNTY,095,7 Years,37,15,22,21,9,12,0,0,0,0,0,0,16,6,10
CONCHO COUNTY,095,8 Years,29,12,17,15,6,9,1,1,0,0,0,0,13,5,8
CONCHO COUNTY,095,9 Years,42,20,22,18,7,11,0,0,0,0,0,0,24,13,11
CONCHO COUNTY,095,10 Years,30,16,14,13,6,7,0,0,0,0,0,0,17,10,7
CONCHO COUNTY,095,11 Years,31,12,19,17,6,11,0,0,0,1,0,1,13,6,7
CONCHO COUNTY,095,12 Years,31,19,12,17,11,6,0,0,0,1,0,1,13,8,5
CONCHO COUNTY,095,13 Years,28,20,8,17,10,7,0,0,0,0,0,0,11,10,1
CONCHO COUNTY,095,14 Years,36,19,17,21,11,10,0,0,0,0,0,0,15,8,7
CONCHO COUNTY,095,15 Years,39,16,23,25,12,13,0,0,0,0,0,0,14,4,10
CONCHO COUNTY,095,16 Years,31,15,16,18,8,10,1,1,0,0,0,0,12,6,6
CONCHO COUNTY,095,17 Years,26,14,12,16,8,8,0,0,0,0,0,0,10,6,4
CONCHO COUNTY,095,18 Years,30,11,19,16,7,9,0,0,0,1,1,0,13,3,10
CONCHO COUNTY,095,19 Years,39,23,16,12,4,8,0,0,0,1,1,0,26,18,8
CONCHO COUNTY,095,20 Years,41,24,17,16,8,8,1,1,0,1,0,1,23,15,8
CONCHO COUNTY,095,21 Years,38,23,15,16,8,8,1,1,0,1,0,1,20,14,6
CONCHO COUNTY,095,22 Years,76,57,19,22,11,11,1,1,0,4,2,2,49,43,6
CONCHO COUNTY,095,23 Years,54,40,14,26,16,10,3,3,0,2,2,0,23,19,4
CONCHO COUNTY,095,24 Years,38,28,10,9,6,3,1,1,0,1,1,0,27,20,7
CONCHO COUNTY,095,25 Years,81,72,9,10,6,4,3,3,0,4,3,1,64,60,4
CONCHO COUNTY,095,26 Years,60,53,7,10,5,5,1,1,0,0,0,0,49,47,2
CONCHO COUNTY,095,27 Years,68,60,8,11,8,3,2,2,0,0,0,0,55,50,5
CONCHO COUNTY,095,28 Years,65,59,6,16,12,4,1,1,0,1,1,0,47,45,2
CONCHO COUNTY,095,29 Years,36,31,5,7,4,3,0,0,0,0,0,0,29,27,2
CONCHO COUNTY,095,30 Years,76,64,12,14,9,5,0,0,0,1,1,0,61,54,7
CONCHO COUNTY,095,31 Years,54,43,11,12,7,5,1,1,0,0,0,0,41,35,6
CONCHO COUNTY,095,32 Years,51,41,10,11,5,6,1,1,0,1,1,0,38,34,4
CONCHO COUNTY,095,33 Years,77,61,16,17,8,9,0,0,0,2,1,1,58,52,6
CONCHO COUNTY,095,34 Years,84,71,13,15,8,7,2,2,0,1,1,0,66,60,6
CONCHO COUNTY,095,35 Years,88,73,15,24,17,7,3,3,0,1,1,0,60,52,8
CONCHO COUNTY,095,36 Years,74,63,11,16,10,6,2,2,0,0,0,0,56,51,5
CONCHO COUNTY,095,37 Years,37,28,9,9,4,5,0,0,0,2,1,1,26,23,3
CONCHO COUNTY,095,38 Years,72,62,10,14,6,8,0,0,0,1,1,0,57,55,2
CONCHO COUNTY,095,39 Years,99,87,12,20,12,8,3,3,0,0,0,0,76,72,4
CONCHO COUNTY,095,40 Years,66,54,12,16,8,8,1,1,0,0,0,0,49,45,4
CONCHO COUNTY,095,41 Years,101,87,14,19,11,8,4,4,0,1,1,0,77,71,6
CONCHO COUNTY,095,42 Years,104,85,19,30,17,13,1,1,0,1,1,0,72,66,6
CONCHO COUNTY,095,43 Years,65,54,11,13,6,7,0,0,0,0,0,0,52,48,4
CONCHO COUNTY,095,44 Years,77,64,13,24,16,8,2,2,0,3,3,0,48,43,5
CONCHO COUNTY,095,45 Years,73,56,17,14,7,7,3,3,0,1,0,1,55,46,9
CONCHO COUNTY,095,46 Years,83,67,16,12,6,6,3,3,0,1,0,1,67,58,9
CONCHO COUNTY,095,47 Years,74,58,16,13,6,7,2,1,1,0,0,0,59,51,8
CONCHO COUNTY,095,48 Years,63,53,10,17,13,4,0,0,0,0,0,0,46,40,6
CONCHO COUNTY,095,49 Years,84,65,19,32,17,15,0,0,0,1,1,0,51,47,4
CONCHO COUNTY,095,50 Years,74,44,30,37,17,20,0,0,0,1,0,1,36,27,9
CONCHO COUNTY,095,51 Years,53,32,21,26,12,14,0,0,0,1,0,1,26,20,6
CONCHO COUNTY,095,52 Years,36,22,14,19,9,10,1,1,0,0,0,0,16,12,4
CONCHO COUNTY,095,53 Years,45,35,10,18,9,9,0,0,0,0,0,0,27,26,1
CONCHO COUNTY,095,54 Years,49,34,15,28,15,13,0,0,0,0,0,0,21,19,2
CONCHO COUNTY,095,55 Years,76,52,24,27,10,17,2,2,0,1,0,1,46,40,6
CONCHO COUNTY,095,56 Years,49,28,21,27,13,14,0,0,0,2,1,1,20,14,6
CONCHO COUNTY,095,57 Years,45,23,22,32,16,16,0,0,0,1,0,1,12,7,5
CONCHO COUNTY,095,58 Years,60,39,21,43,27,16,0,0,0,1,1,0,16,11,5
CONCHO COUNTY,095,59 Years,52,31,21,31,14,17,3,3,0,0,0,0,18,14,4
CONCHO COUNTY,095,60 Years,59,37,22,35,17,18,1,1,0,0,0,0,23,19,4
CONCHO COUNTY,095,61 Years,44,26,18,22,11,11,0,0,0,0,0,0,22,15,7
CONCHO COUNTY,095,62 Years,33,20,13,24,16,8,0,0,0,0,0,0,9,4,5
CONCHO COUNTY,095,63 Years,41,23,18,31,16,15,0,0,0,0,0,0,10,7,3
CONCHO COUNTY,095,64 Years,45,19,26,34,13,21,0,0,0,1,1,0,10,5,5
CONCHO COUNTY,095,65 Years,58,30,28,44,21,23,2,1,1,1,0,1,11,8,3
CONCHO COUNTY,095,66 Years,66,39,27,56,33,23,0,0,0,0,0,0,10,6,4
CONCHO COUNTY,095,67 Years,49,28,21,35,18,17,0,0,0,1,1,0,13,9,4
CONCHO COUNTY,095,68 Years,38,20,18,32,15,17,0,0,0,0,0,0,6,5,1
CONCHO COUNTY,095,69 Years,40,20,20,32,15,17,0,0,0,1,1,0,7,4,3
CONCHO COUNTY,095,70 Years,32,18,14,28,16,12,0,0,0,0,0,0,4,2,2
CONCHO COUNTY,095,71 Years,37,19,18,30,15,15,0,0,0,0,0,0,7,4,3
CONCHO COUNTY,095,72 Years,28,14,14,25,13,12,0,0,0,0,0,0,3,1,2
CONCHO COUNTY,095,73 Years,27,13,14,20,10,10,0,0,0,0,0,0,7,3,4
CONCHO COUNTY,095,74 Years,30,15,15,24,12,12,0,0,0,0,0,0,6,3,3
CONCHO COUNTY,095,75 Years,27,9,18,21,7,14,0,0,0,0,0,0,6,2,4
CONCHO COUNTY,095,76 Years,26,12,14,18,8,10,0,0,0,0,0,0,8,4,4
CONCHO COUNTY,095,77 Years,24,14,10,19,10,9,0,0,0,0,0,0,5,4,1
CONCHO COUNTY,095,78 Years,29,16,13,24,11,13,0,0,0,1,1,0,4,4,0
CONCHO COUNTY,095,79 Years,21,10,11,19,9,10,0,0,0,0,0,0,2,1,1
CONCHO COUNTY,095,80 Years,16,9,7,15,8,7,0,0,0,0,0,0,1,1,0
CONCHO COUNTY,095,81 Years,21,9,12,16,7,9,0,0,0,0,0,0,5,2,3
CONCHO COUNTY,095,82 Years,19,8,11,15,6,9,0,0,0,0,0,0,4,2,2
CONCHO COUNTY,095,83 Years,10,5,5,9,5,4,0,0,0,0,0,0,1,0,1
CONCHO COUNTY,095,84 Years,10,4,6,9,4,5,0,0,0,0,0,0,1,0,1
CONCHO COUNTY,095,85 Years +,66,25,41,55,21,34,0,0,0,0,0,0,11,4,7
COOKE COUNTY,097,All Ages,39541,19738,19803,30121,14798,15323,1087,590,497,1311,597,714,7022,3753,3269
COOKE COUNTY,097,< 1 Year,519,266,253,316,164,152,19,8,11,27,14,13,157,80,77
COOKE COUNTY,097,1 Years,528,276,252,330,167,163,18,9,9,23,15,8,157,85,72
COOKE COUNTY,097,2 Years,507,256,251,318,157,161,16,8,8,22,13,9,151,78,73
COOKE COUNTY,097,3 Years,506,260,246,316,159,157,15,8,7,25,15,10,150,78,72
COOKE COUNTY,097,4 Years,509,266,243,322,177,145,13,6,7,26,14,12,148,69,79
COOKE COUNTY,097,5 Years,535,281,254,326,179,147,16,9,7,38,17,21,155,76,79
COOKE COUNTY,097,6 Years,560,293,267,345,185,160,11,6,5,39,17,22,165,85,80
COOKE COUNTY,097,7 Years,547,268,279,336,156,180,13,7,6,36,15,21,162,90,72
COOKE COUNTY,097,8 Years,563,282,281,359,179,180,15,7,8,32,15,17,157,81,76
COOKE COUNTY,097,9 Years,536,280,256,333,185,148,17,8,9,34,14,20,152,73,79
COOKE COUNTY,097,10 Years,527,279,248,329,177,152,17,9,8,25,12,13,156,81,75
COOKE COUNTY,097,11 Years,547,282,265,351,168,183,17,8,9,25,11,14,154,95,59
COOKE COUNTY,097,12 Years,546,269,277,352,167,185,16,6,10,24,10,14,154,86,68
COOKE COUNTY,097,13 Years,572,280,292,367,175,192,17,8,9,21,9,12,167,88,79
COOKE COUNTY,097,14 Years,544,266,278,352,171,181,14,5,9,22,7,15,156,83,73
COOKE COUNTY,097,15 Years,519,273,246,341,178,163,8,5,3,22,7,15,148,83,65
COOKE COUNTY,097,16 Years,563,290,273,387,201,186,14,5,9,21,8,13,141,76,65
COOKE COUNTY,097,17 Years,562,292,270,391,200,191,9,4,5,24,12,12,138,76,62
COOKE COUNTY,097,18 Years,545,275,270,367,185,182,11,7,4,22,9,13,145,74,71
COOKE COUNTY,097,19 Years,532,290,242,327,174,153,24,19,5,18,8,10,163,89,74
COOKE COUNTY,097,20 Years,565,339,226,338,185,153,42,38,4,19,11,8,166,105,61
COOKE COUNTY,097,21 Years,561,341,220,330,172,158,57,51,6,22,13,9,152,105,47
COOKE COUNTY,097,22 Years,549,304,245,350,190,160,39,29,10,26,13,13,134,72,62
COOKE COUNTY,097,23 Years,537,266,271,373,182,191,24,15,9,18,7,11,122,62,60
COOKE COUNTY,097,24 Years,526,265,261,382,192,190,20,9,11,12,6,6,112,58,54
COOKE COUNTY,097,25 Years,469,252,217,336,183,153,17,7,10,12,8,4,104,54,50
COOKE COUNTY,097,26 Years,458,237,221,330,174,156,13,5,8,13,8,5,102,50,52
COOKE COUNTY,097,27 Years,427,224,203,317,161,156,10,6,4,7,3,4,93,54,39
COOKE COUNTY,097,28 Years,416,227,189,294,149,145,12,7,5,12,5,7,98,66,32
COOKE COUNTY,097,29 Years,377,194,183,268,137,131,11,5,6,9,4,5,89,48,41
COOKE COUNTY,097,30 Years,381,189,192,265,136,129,10,4,6,10,3,7,96,46,50
COOKE COUNTY,097,31 Years,430,201,229,300,142,158,14,7,7,19,5,14,97,47,50
COOKE COUNTY,097,32 Years,417,204,213,282,131,151,12,7,5,13,4,9,110,62,48
COOKE COUNTY,097,33 Years,424,214,210,299,151,148,10,8,2,20,6,14,95,49,46
COOKE COUNTY,097,34 Years,426,216,210,300,153,147,8,5,3,15,4,11,103,54,49
COOKE COUNTY,097,35 Years,410,216,194,272,142,130,8,5,3,14,7,7,116,62,54
COOKE COUNTY,097,36 Years,409,214,195,282,143,139,11,8,3,14,10,4,102,53,49
COOKE COUNTY,097,37 Years,390,198,192,267,134,133,11,5,6,14,8,6,98,51,47
COOKE COUNTY,097,38 Years,384,191,193,260,128,132,12,8,4,13,6,7,99,49,50
COOKE COUNTY,097,39 Years,414,205,209,289,142,147,15,9,6,18,9,9,92,45,47
COOKE COUNTY,097,40 Years,416,200,216,298,147,151,9,6,3,11,4,7,98,43,55
COOKE COUNTY,097,41 Years,403,199,204,290,141,149,7,5,2,9,3,6,97,50,47
COOKE COUNTY,097,42 Years,422,206,216,306,140,166,12,6,6,14,9,5,90,51,39
COOKE COUNTY,097,43 Years,449,206,243,348,153,195,11,6,5,11,7,4,79,40,39
COOKE COUNTY,097,44 Years,453,213,240,357,162,195,13,7,6,6,2,4,77,42,35
COOKE COUNTY,097,45 Years,452,212,240,353,166,187,13,6,7,11,3,8,75,37,38
COOKE COUNTY,097,46 Years,450,232,218,343,177,166,13,8,5,15,6,9,79,41,38
COOKE COUNTY,097,47 Years,473,236,237,372,188,184,11,4,7,13,4,9,77,40,37
COOKE COUNTY,097,48 Years,473,224,249,380,176,204,10,3,7,15,6,9,68,39,29
COOKE COUNTY,097,49 Years,479,232,247,387,181,206,8,2,6,15,9,6,69,40,29
COOKE COUNTY,097,50 Years,514,245,269,424,201,223,8,3,5,17,7,10,65,34,31
COOKE COUNTY,097,51 Years,574,267,307,479,221,258,9,5,4,19,6,13,67,35,32
COOKE COUNTY,097,52 Years,540,279,261,448,227,221,11,5,6,17,10,7,64,37,27
COOKE COUNTY,097,53 Years,568,287,281,492,238,254,13,9,4,15,11,4,48,29,19
COOKE COUNTY,097,54 Years,586,294,292,495,247,248,16,5,11,16,9,7,59,33,26
COOKE COUNTY,097,55 Years,600,278,322,522,242,280,13,4,9,16,6,10,49,26,23
COOKE COUNTY,097,56 Years,601,292,309,525,256,269,13,6,7,17,3,14,46,27,19
COOKE COUNTY,097,57 Years,553,274,279,482,237,245,15,8,7,17,5,12,39,24,15
COOKE COUNTY,097,58 Years,568,289,279,495,251,244,19,10,9,11,4,7,43,24,19
COOKE COUNTY,097,59 Years,584,303,281,500,257,243,22,13,9,14,5,9,48,28,20
COOKE COUNTY,097,60 Years,591,301,290,526,263,263,14,8,6,11,7,4,40,23,17
COOKE COUNTY,097,61 Years,568,281,287,503,248,255,12,7,5,11,3,8,42,23,19
COOKE COUNTY,097,62 Years,525,265,260,462,230,232,9,5,4,19,11,8,35,19,16
COOKE COUNTY,097,63 Years,494,257,237,441,231,210,9,5,4,13,7,6,31,14,17
COOKE COUNTY,097,64 Years,503,253,250,451,228,223,14,5,9,7,3,4,31,17,14
COOKE COUNTY,097,65 Years,512,241,271,457,216,241,12,3,9,14,7,7,29,15,14
COOKE COUNTY,097,66 Years,473,215,258,430,196,234,6,2,4,11,5,6,26,12,14
COOKE COUNTY,097,67 Years,495,239,256,454,222,232,11,5,6,9,5,4,21,7,14
COOKE COUNTY,097,68 Years,434,216,218,398,197,201,10,5,5,10,6,4,16,8,8
COOKE COUNTY,097,69 Years,408,200,208,378,186,192,8,3,5,10,5,5,12,6,6
COOKE COUNTY,097,70 Years,387,178,209,364,168,196,3,1,2,7,4,3,13,5,8
COOKE COUNTY,097,71 Years,383,194,189,353,177,176,7,4,3,6,3,3,17,10,7
COOKE COUNTY,097,72 Years,330,161,169,303,149,154,7,3,4,7,2,5,13,7,6
COOKE COUNTY,097,73 Years,312,145,167,287,134,153,5,2,3,7,2,5,13,7,6
COOKE COUNTY,097,74 Years,319,153,166,300,144,156,5,1,4,7,3,4,7,5,2
COOKE COUNTY,097,75 Years,284,132,152,262,122,140,5,1,4,6,1,5,11,8,3
COOKE COUNTY,097,76 Years,256,118,138,238,109,129,6,2,4,4,2,2,8,5,3
COOKE COUNTY,097,77 Years,253,110,143,233,103,130,5,1,4,7,3,4,8,3,5
COOKE COUNTY,097,78 Years,241,113,128,231,109,122,2,0,2,4,3,1,4,1,3
COOKE COUNTY,097,79 Years,226,102,124,214,98,116,3,0,3,2,2,0,7,2,5
COOKE COUNTY,097,80 Years,223,96,127,211,89,122,3,2,1,3,2,1,6,3,3
COOKE COUNTY,097,81 Years,196,86,110,182,79,103,3,2,1,5,1,4,6,4,2
COOKE COUNTY,097,82 Years,176,80,96,159,70,89,5,4,1,5,3,2,7,3,4
COOKE COUNTY,097,83 Years,162,69,93,150,65,85,3,1,2,5,2,3,4,1,3
COOKE COUNTY,097,84 Years,142,64,78,132,60,72,4,2,2,2,1,1,4,1,3
COOKE COUNTY,097,85 Years +,753,280,473,707,266,441,14,5,9,14,3,11,18,6,12
CORYELL COUNTY,099,All Ages,77062,37653,39409,46072,22492,23580,11286,5415,5871,6095,2912,3183,13609,6834,6775
CORYELL COUNTY,099,< 1 Year,1012,514,498,552,283,269,109,54,55,120,61,59,231,116,115
CORYELL COUNTY,099,1 Years,1004,517,487,544,281,263,105,55,50,109,60,49,246,121,125
CORYELL COUNTY,099,2 Years,1019,532,487,550,280,270,103,61,42,116,65,51,250,126,124
CORYELL COUNTY,099,3 Years,1070,556,514,536,275,261,103,57,46,147,87,60,284,137,147
CORYELL COUNTY,099,4 Years,1313,630,683,675,328,347,149,63,86,162,82,80,327,157,170
CORYELL COUNTY,099,5 Years,1455,705,750,735,351,384,175,76,99,174,89,85,371,189,182
CORYELL COUNTY,099,6 Years,1430,700,730,714,337,377,169,82,87,181,94,87,366,187,179
CORYELL COUNTY,099,7 Years,1475,753,722,741,384,357,178,85,93,200,110,90,356,174,182
CORYELL COUNTY,099,8 Years,1535,796,739,763,399,364,201,99,102,185,98,87,386,200,186
CORYELL COUNTY,099,9 Years,1377,720,657,665,349,316,183,94,89,156,83,73,373,194,179
CORYELL COUNTY,099,10 Years,1306,677,629,639,324,315,175,88,87,142,72,70,350,193,157
CORYELL COUNTY,099,11 Years,1357,688,669,682,332,350,196,101,95,147,72,75,332,183,149
CORYELL COUNTY,099,12 Years,1244,641,603,662,339,323,159,75,84,124,65,59,299,162,137
CORYELL COUNTY,099,13 Years,1172,605,567,615,311,304,150,79,71,127,65,62,280,150,130
CORYELL COUNTY,099,14 Years,1139,576,563,604,299,305,167,89,78,125,61,64,243,127,116
CORYELL COUNTY,099,15 Years,1113,585,528,585,311,274,159,82,77,125,62,63,244,130,114
CORYELL COUNTY,099,16 Years,1034,508,526,532,265,267,157,75,82,123,60,63,222,108,114
CORYELL COUNTY,099,17 Years,1182,682,500,619,368,251,193,109,84,111,58,53,259,147,112
CORYELL COUNTY,099,18 Years,1115,644,471,590,353,237,175,100,75,97,53,44,253,138,115
CORYELL COUNTY,099,19 Years,1032,580,452,532,308,224,174,88,86,96,54,42,230,130,100
CORYELL COUNTY,099,20 Years,1531,1029,502,839,592,247,282,177,105,119,75,44,291,185,106
CORYELL COUNTY,099,21 Years,1541,1012,529,900,639,261,254,141,113,122,77,45,265,155,110
CORYELL COUNTY,099,22 Years,1571,953,618,946,602,344,254,134,120,104,54,50,267,163,104
CORYELL COUNTY,099,23 Years,1852,1118,734,1158,718,440,277,157,120,112,57,55,305,186,119
CORYELL COUNTY,099,24 Years,1703,920,783,1123,640,483,207,86,121,82,34,48,291,160,131
CORYELL COUNTY,099,25 Years,1214,512,702,733,282,451,176,86,90,85,35,50,220,109,111
CORYELL COUNTY,099,26 Years,1268,524,744,750,287,463,179,95,84,108,51,57,231,91,140
CORYELL COUNTY,099,27 Years,979,372,607,487,169,318,186,73,113,89,44,45,217,86,131
CORYELL COUNTY,099,28 Years,971,351,620,495,158,337,169,75,94,105,45,60,202,73,129
CORYELL COUNTY,099,29 Years,1259,610,649,724,364,360,189,92,97,93,36,57,253,118,135
CORYELL COUNTY,099,30 Years,1172,476,696,634,267,367,196,73,123,99,42,57,243,94,149
CORYELL COUNTY,099,31 Years,1204,547,657,699,314,385,174,83,91,80,47,33,251,103,148
CORYELL COUNTY,099,32 Years,1179,518,661,667,289,378,167,77,90,93,46,47,252,106,146
CORYELL COUNTY,099,33 Years,1158,514,644,652,290,362,190,74,116,86,44,42,230,106,124
CORYELL COUNTY,099,34 Years,1271,616,655,746,364,382,181,93,88,102,54,48,242,105,137
CORYELL COUNTY,099,35 Years,1159,555,604,667,320,347,184,91,93,92,43,49,216,101,115
CORYELL COUNTY,099,36 Years,1128,533,595,648,306,342,207,98,109,76,33,43,197,96,101
CORYELL COUNTY,099,37 Years,1015,471,544,605,279,326,167,74,93,70,35,35,173,83,90
CORYELL COUNTY,099,38 Years,1012,466,546,553,250,303,191,89,102,68,31,37,200,96,104
CORYELL COUNTY,099,39 Years,1065,493,572,597,275,322,189,91,98,75,30,45,204,97,107
CORYELL COUNTY,099,40 Years,1023,471,552,586,264,322,201,92,109,58,23,35,178,92,86
CORYELL COUNTY,099,41 Years,1086,495,591,623,283,340,222,103,119,63,23,40,178,86,92
CORYELL COUNTY,099,42 Years,1072,475,597,652,272,380,206,108,98,60,25,35,154,70,84
CORYELL COUNTY,099,43 Years,1102,492,610,679,304,375,223,90,133,56,26,30,144,72,72
CORYELL COUNTY,099,44 Years,1085,473,612,687,297,390,186,77,109,65,24,41,147,75,72
CORYELL COUNTY,099,45 Years,1011,454,557,641,282,359,196,89,107,53,24,29,121,59,62
CORYELL COUNTY,099,46 Years,995,448,547,604,279,325,215,79,136,48,27,21,128,63,65
CORYELL COUNTY,099,47 Years,924,441,483,573,279,294,177,73,104,48,23,25,126,66,60
CORYELL COUNTY,099,48 Years,876,379,497,567,249,318,152,61,91,45,20,25,112,49,63
CORYELL COUNTY,099,49 Years,932,452,480,596,297,299,166,70,96,57,27,30,113,58,55
CORYELL COUNTY,099,50 Years,941,462,479,600,279,321,173,86,87,41,19,22,127,78,49
CORYELL COUNTY,099,51 Years,869,410,459,585,269,316,152,69,83,34,16,18,98,56,42
CORYELL COUNTY,099,52 Years,880,424,456,580,277,303,166,81,85,32,14,18,102,52,50
CORYELL COUNTY,099,53 Years,835,381,454,523,249,274,161,67,94,46,16,30,105,49,56
CORYELL COUNTY,099,54 Years,787,365,422,525,247,278,138,67,71,49,16,33,75,35,40
CORYELL COUNTY,099,55 Years,763,340,423,497,225,272,137,64,73,48,18,30,81,33,48
CORYELL COUNTY,099,56 Years,763,337,426,508,229,279,133,56,77,47,19,28,75,33,42
CORYELL COUNTY,099,57 Years,753,340,413,525,218,307,118,64,54,41,23,18,69,35,34
CORYELL COUNTY,099,58 Years,670,309,361,479,216,263,93,47,46,41,18,23,57,28,29
CORYELL COUNTY,099,59 Years,647,300,347,461,214,247,90,40,50,39,14,25,57,32,25
CORYELL COUNTY,099,60 Years,618,283,335,426,200,226,83,41,42,47,12,35,62,30,32
CORYELL COUNTY,099,61 Years,569,257,312,428,207,221,64,23,41,40,8,32,37,19,18
CORYELL COUNTY,099,62 Years,563,273,290,420,209,211,63,27,36,31,8,23,49,29,20
CORYELL COUNTY,099,63 Years,541,261,280,392,194,198,57,28,29,37,16,21,55,23,32
CORYELL COUNTY,099,64 Years,480,227,253,368,178,190,49,28,21,26,7,19,37,14,23
CORYELL COUNTY,099,65 Years,486,229,257,388,182,206,37,21,16,23,7,16,38,19,19
CORYELL COUNTY,099,66 Years,513,235,278,398,181,217,43,22,21,25,7,18,47,25,22
CORYELL COUNTY,099,67 Years,526,246,280,419,201,218,43,22,21,25,7,18,39,16,23
CORYELL COUNTY,099,68 Years,400,172,228,315,139,176,33,17,16,16,6,10,36,10,26
CORYELL COUNTY,099,69 Years,387,168,219,296,133,163,44,20,24,19,5,14,28,10,18
CORYELL COUNTY,099,70 Years,387,176,211,310,145,165,41,17,24,18,5,13,18,9,9
CORYELL COUNTY,099,71 Years,366,175,191,292,142,150,29,13,16,17,4,13,28,16,12
CORYELL COUNTY,099,72 Years,334,164,170,274,136,138,22,11,11,16,4,12,22,13,9
CORYELL COUNTY,099,73 Years,314,141,173,262,121,141,20,11,9,14,3,11,18,6,12
CORYELL COUNTY,099,74 Years,280,121,159,226,103,123,21,11,10,15,1,14,18,6,12
CORYELL COUNTY,099,75 Years,272,113,159,210,87,123,23,11,12,16,5,11,23,10,13
CORYELL COUNTY,099,76 Years,283,124,159,233,106,127,19,6,13,14,4,10,17,8,9
CORYELL COUNTY,099,77 Years,271,120,151,229,101,128,13,6,7,12,5,7,17,8,9
CORYELL COUNTY,099,78 Years,221,90,131,184,73,111,11,5,6,11,4,7,15,8,7
CORYELL COUNTY,099,79 Years,198,83,115,167,71,96,9,2,7,8,1,7,14,9,5
CORYELL COUNTY,099,80 Years,173,77,96,147,70,77,7,1,6,11,2,9,8,4,4
CORYELL COUNTY,099,81 Years,159,72,87,132,64,68,7,2,5,13,2,11,7,4,3
CORYELL COUNTY,099,82 Years,160,67,93,132,57,75,8,4,4,7,0,7,13,6,7
CORYELL COUNTY,099,83 Years,149,54,95,121,44,77,7,3,4,8,1,7,13,6,7
CORYELL COUNTY,099,84 Years,133,56,77,109,46,63,7,4,3,6,2,4,11,4,7
CORYELL COUNTY,099,85 Years +,629,222,407,545,191,354,22,5,17,22,7,15,40,19,21
COTTLE COUNTY,101,All Ages,1436,690,746,968,465,503,131,63,68,18,11,7,319,151,168
COTTLE COUNTY,101,< 1 Year,17,8,9,7,4,3,3,2,1,0,0,0,7,2,5
COTTLE COUNTY,101,1 Years,17,11,6,7,5,2,4,3,1,0,0,0,6,3,3
COTTLE COUNTY,101,2 Years,14,7,7,5,3,2,2,1,1,0,0,0,7,3,4
COTTLE COUNTY,101,3 Years,18,9,9,7,4,3,1,0,1,0,0,0,10,5,5
COTTLE COUNTY,101,4 Years,19,7,12,9,2,7,0,0,0,2,0,2,8,5,3
COTTLE COUNTY,101,5 Years,17,9,8,9,6,3,0,0,0,0,0,0,8,3,5
COTTLE COUNTY,101,6 Years,11,8,3,5,4,1,0,0,0,1,1,0,5,3,2
COTTLE COUNTY,101,7 Years,14,7,7,5,3,2,1,0,1,1,1,0,7,3,4
COTTLE COUNTY,101,8 Years,17,7,10,8,4,4,3,0,3,0,0,0,6,3,3
COTTLE COUNTY,101,9 Years,14,6,8,9,4,5,0,0,0,0,0,0,5,2,3
COTTLE COUNTY,101,10 Years,19,8,11,14,6,8,0,0,0,0,0,0,5,2,3
COTTLE COUNTY,101,11 Years,27,13,14,18,8,10,1,1,0,0,0,0,8,4,4
COTTLE COUNTY,101,12 Years,24,15,9,17,10,7,2,2,0,1,1,0,4,2,2
COTTLE COUNTY,101,13 Years,28,16,12,20,11,9,1,1,0,0,0,0,7,4,3
COTTLE COUNTY,101,14 Years,23,14,9,16,11,5,0,0,0,0,0,0,7,3,4
COTTLE COUNTY,101,15 Years,19,11,8,11,7,4,1,0,1,0,0,0,7,4,3
COTTLE COUNTY,101,16 Years,15,8,7,8,3,5,1,1,0,1,1,0,5,3,2
COTTLE COUNTY,101,17 Years,19,11,8,12,6,6,1,1,0,0,0,0,6,4,2
COTTLE COUNTY,101,18 Years,17,10,7,9,5,4,2,1,1,1,1,0,5,3,2
COTTLE COUNTY,101,19 Years,17,9,8,5,3,2,4,1,3,1,1,0,7,4,3
COTTLE COUNTY,101,20 Years,15,8,7,5,3,2,7,3,4,0,0,0,3,2,1
COTTLE COUNTY,101,21 Years,19,10,9,7,3,4,7,5,2,0,0,0,5,2,3
COTTLE COUNTY,101,22 Years,19,11,8,8,6,2,5,4,1,1,1,0,5,0,5
COTTLE COUNTY,101,23 Years,13,7,6,7,4,3,2,1,1,1,0,1,3,2,1
COTTLE COUNTY,101,24 Years,11,5,6,7,2,5,0,0,0,0,0,0,4,3,1
COTTLE COUNTY,101,25 Years,8,3,5,3,1,2,1,0,1,0,0,0,4,2,2
COTTLE COUNTY,101,26 Years,7,3,4,3,2,1,1,0,1,0,0,0,3,1,2
COTTLE COUNTY,101,27 Years,11,7,4,6,3,3,2,2,0,0,0,0,3,2,1
COTTLE COUNTY,101,28 Years,13,5,8,8,4,4,1,0,1,0,0,0,4,1,3
COTTLE COUNTY,101,29 Years,11,7,4,7,4,3,0,0,0,0,0,0,4,3,1
COTTLE COUNTY,101,30 Years,9,6,3,6,4,2,1,0,1,0,0,0,2,2,0
COTTLE COUNTY,101,31 Years,15,7,8,8,5,3,2,1,1,1,0,1,4,1,3
COTTLE COUNTY,101,32 Years,12,6,6,9,6,3,1,0,1,0,0,0,2,0,2
COTTLE COUNTY,101,33 Years,11,4,7,7,3,4,1,0,1,0,0,0,3,1,2
COTTLE COUNTY,101,34 Years,15,6,9,9,5,4,0,0,0,0,0,0,6,1,5
COTTLE COUNTY,101,35 Years,13,6,7,7,3,4,0,0,0,0,0,0,6,3,3
COTTLE COUNTY,101,36 Years,13,6,7,8,4,4,0,0,0,0,0,0,5,2,3
COTTLE COUNTY,101,37 Years,10,3,7,6,2,4,0,0,0,0,0,0,4,1,3
COTTLE COUNTY,101,38 Years,10,2,8,7,2,5,1,0,1,0,0,0,2,0,2
COTTLE COUNTY,101,39 Years,13,4,9,9,3,6,1,1,0,0,0,0,3,0,3
COTTLE COUNTY,101,40 Years,17,4,13,8,2,6,5,1,4,0,0,0,4,1,3
COTTLE COUNTY,101,41 Years,9,6,3,4,2,2,3,2,1,0,0,0,2,2,0
COTTLE COUNTY,101,42 Years,9,5,4,6,3,3,1,1,0,0,0,0,2,1,1
COTTLE COUNTY,101,43 Years,8,4,4,5,3,2,2,0,2,0,0,0,1,1,0
COTTLE COUNTY,101,44 Years,13,8,5,8,5,3,2,1,1,0,0,0,3,2,1
COTTLE COUNTY,101,45 Years,12,4,8,9,3,6,1,0,1,1,0,1,1,1,0
COTTLE COUNTY,101,46 Years,20,8,12,16,6,10,2,1,1,1,0,1,1,1,0
COTTLE COUNTY,101,47 Years,17,10,7,13,8,5,3,1,2,0,0,0,1,1,0
COTTLE COUNTY,101,48 Years,11,5,6,8,4,4,0,0,0,0,0,0,3,1,2
COTTLE COUNTY,101,49 Years,17,8,9,10,6,4,4,1,3,0,0,0,3,1,2
COTTLE COUNTY,101,50 Years,20,9,11,15,8,7,2,0,2,0,0,0,3,1,2
COTTLE COUNTY,101,51 Years,25,13,12,16,8,8,2,1,1,1,1,0,6,3,3
COTTLE COUNTY,101,52 Years,21,11,10,14,6,8,3,3,0,0,0,0,4,2,2
COTTLE COUNTY,101,53 Years,24,12,12,16,8,8,2,1,1,0,0,0,6,3,3
COTTLE COUNTY,101,54 Years,21,12,9,15,8,7,1,1,0,0,0,0,5,3,2
COTTLE COUNTY,101,55 Years,18,13,5,13,9,4,0,0,0,0,0,0,5,4,1
COTTLE COUNTY,101,56 Years,20,10,10,12,6,6,2,1,1,0,0,0,6,3,3
COTTLE COUNTY,101,57 Years,19,9,10,14,6,8,2,1,1,0,0,0,3,2,1
COTTLE COUNTY,101,58 Years,14,8,6,8,4,4,1,1,0,1,0,1,4,3,1
COTTLE COUNTY,101,59 Years,20,8,12,10,4,6,3,1,2,0,0,0,7,3,4
COTTLE COUNTY,101,60 Years,19,8,11,13,6,7,2,1,1,0,0,0,4,1,3
COTTLE COUNTY,101,61 Years,17,5,12,15,5,10,1,0,1,0,0,0,1,0,1
COTTLE COUNTY,101,62 Years,19,8,11,14,6,8,3,1,2,0,0,0,2,1,1
COTTLE COUNTY,101,63 Years,29,15,14,24,12,12,2,1,1,0,0,0,3,2,1
COTTLE COUNTY,101,64 Years,24,16,8,20,13,7,1,1,0,0,0,0,3,2,1
COTTLE COUNTY,101,65 Years,17,8,9,12,5,7,1,1,0,0,0,0,4,2,2
COTTLE COUNTY,101,66 Years,18,9,9,15,7,8,1,1,0,0,0,0,2,1,1
COTTLE COUNTY,101,67 Years,21,8,13,18,6,12,1,1,0,0,0,0,2,1,1
COTTLE COUNTY,101,68 Years,21,10,11,19,9,10,1,1,0,0,0,0,1,0,1
COTTLE COUNTY,101,69 Years,19,11,8,14,9,5,3,1,2,0,0,0,2,1,1
COTTLE COUNTY,101,70 Years,23,11,12,18,8,10,1,0,1,1,1,0,3,2,1
COTTLE COUNTY,101,71 Years,18,8,10,16,7,9,2,1,1,0,0,0,0,0,0
COTTLE COUNTY,101,72 Years,16,6,10,15,6,9,1,0,1,0,0,0,0,0,0
COTTLE COUNTY,101,73 Years,22,8,14,20,7,13,0,0,0,0,0,0,2,1,1
COTTLE COUNTY,101,74 Years,19,6,13,15,4,11,2,1,1,1,1,0,1,0,1
COTTLE COUNTY,101,75 Years,20,11,9,17,10,7,3,1,2,0,0,0,0,0,0
COTTLE COUNTY,101,76 Years,17,8,9,16,8,8,1,0,1,0,0,0,0,0,0
COTTLE COUNTY,101,77 Years,13,4,9,12,4,8,0,0,0,0,0,0,1,0,1
COTTLE COUNTY,101,78 Years,12,6,6,11,5,6,0,0,0,0,0,0,1,1,0
COTTLE COUNTY,101,79 Years,11,7,4,10,6,4,0,0,0,0,0,0,1,1,0
COTTLE COUNTY,101,80 Years,15,6,9,13,5,8,0,0,0,1,1,0,1,0,1
COTTLE COUNTY,101,81 Years,17,6,11,15,6,9,0,0,0,0,0,0,2,0,2
COTTLE COUNTY,101,82 Years,15,6,9,12,5,7,0,0,0,0,0,0,3,1,2
COTTLE COUNTY,101,83 Years,11,4,7,9,3,6,0,0,0,0,0,0,2,1,1
COTTLE COUNTY,101,84 Years,7,3,4,6,2,4,1,1,0,0,0,0,0,0,0
COTTLE COUNTY,101,85 Years +,47,15,32,41,14,27,3,1,2,0,0,0,3,0,3
CRANE COUNTY,103,All Ages,4939,2423,2516,1874,900,974,139,65,74,85,44,41,2841,1414,1427
CRANE COUNTY,103,< 1 Year,76,42,34,14,8,6,3,2,1,0,0,0,59,32,27
CRANE COUNTY,103,1 Years,77,36,41,15,8,7,3,0,3,0,0,0,59,28,31
CRANE COUNTY,103,2 Years,74,36,38,16,9,7,2,0,2,0,0,0,56,27,29
CRANE COUNTY,103,3 Years,68,30,38,12,6,6,4,2,2,0,0,0,52,22,30
CRANE COUNTY,103,4 Years,77,29,48,14,4,10,4,0,4,0,0,0,59,25,34
CRANE COUNTY,103,5 Years,75,37,38,15,6,9,3,2,1,2,2,0,55,27,28
CRANE COUNTY,103,6 Years,69,34,35,18,6,12,0,0,0,1,1,0,50,27,23
CRANE COUNTY,103,7 Years,62,31,31,12,7,5,3,2,1,2,1,1,45,21,24
CRANE COUNTY,103,8 Years,67,35,32,17,9,8,3,2,1,1,1,0,46,23,23
CRANE COUNTY,103,9 Years,81,44,37,24,12,12,0,0,0,0,0,0,57,32,25
CRANE COUNTY,103,10 Years,85,38,47,23,13,10,2,0,2,0,0,0,60,25,35
CRANE COUNTY,103,11 Years,71,39,32,22,15,7,2,1,1,0,0,0,47,23,24
CRANE COUNTY,103,12 Years,70,39,31,21,11,10,4,2,2,2,1,1,43,25,18
CRANE COUNTY,103,13 Years,78,40,38,21,10,11,3,2,1,3,1,2,51,27,24
CRANE COUNTY,103,14 Years,89,45,44,28,12,16,1,0,1,1,1,0,59,32,27
CRANE COUNTY,103,15 Years,80,43,37,24,12,12,2,2,0,0,0,0,54,29,25
CRANE COUNTY,103,16 Years,75,37,38,19,10,9,0,0,0,1,0,1,55,27,28
CRANE COUNTY,103,17 Years,75,33,42,18,8,10,4,2,2,0,0,0,53,23,30
CRANE COUNTY,103,18 Years,77,37,40,21,12,9,4,1,3,0,0,0,52,24,28
CRANE COUNTY,103,19 Years,80,37,43,22,11,11,1,0,1,1,0,1,56,26,30
CRANE COUNTY,103,20 Years,90,42,48,25,10,15,2,0,2,2,1,1,61,31,30
CRANE COUNTY,103,21 Years,83,40,43,23,8,15,3,1,2,2,2,0,55,29,26
CRANE COUNTY,103,22 Years,85,45,40,21,13,8,2,1,1,6,3,3,56,28,28
CRANE COUNTY,103,23 Years,67,39,28,14,7,7,2,2,0,5,4,1,46,26,20
CRANE COUNTY,103,24 Years,50,26,24,11,4,7,2,2,0,2,1,1,35,19,16
CRANE COUNTY,103,25 Years,56,28,28,21,9,12,1,1,0,1,1,0,33,17,16
CRANE COUNTY,103,26 Years,54,29,25,16,10,6,1,1,0,1,1,0,36,17,19
CRANE COUNTY,103,27 Years,44,24,20,10,5,5,5,3,2,1,1,0,28,15,13
CRANE COUNTY,103,28 Years,57,29,28,17,8,9,3,1,2,1,1,0,36,19,17
CRANE COUNTY,103,29 Years,57,26,31,19,8,11,3,1,2,3,3,0,32,14,18
CRANE COUNTY,103,30 Years,56,25,31,13,5,8,1,1,0,2,1,1,40,18,22
CRANE COUNTY,103,31 Years,56,23,33,17,7,10,1,1,0,1,0,1,37,15,22
CRANE COUNTY,103,32 Years,53,22,31,20,7,13,2,1,1,1,0,1,30,14,16
CRANE COUNTY,103,33 Years,63,31,32,25,10,15,2,1,1,1,1,0,35,19,16
CRANE COUNTY,103,34 Years,51,25,26,18,10,8,2,1,1,0,0,0,31,14,17
CRANE COUNTY,103,35 Years,48,27,21,17,12,5,2,1,1,0,0,0,29,14,15
CRANE COUNTY,103,36 Years,61,33,28,20,11,9,3,1,2,1,1,0,37,20,17
CRANE COUNTY,103,37 Years,52,30,22,15,7,8,2,2,0,0,0,0,35,21,14
CRANE COUNTY,103,38 Years,54,29,25,14,9,5,0,0,0,0,0,0,40,20,20
CRANE COUNTY,103,39 Years,55,27,28,13,6,7,0,0,0,1,0,1,41,21,20
CRANE COUNTY,103,40 Years,46,27,19,8,4,4,0,0,0,1,0,1,37,23,14
CRANE COUNTY,103,41 Years,51,24,27,16,6,10,1,1,0,0,0,0,34,17,17
CRANE COUNTY,103,42 Years,62,31,31,18,9,9,0,0,0,0,0,0,44,22,22
CRANE COUNTY,103,43 Years,66,23,43,24,8,16,0,0,0,0,0,0,42,15,27
CRANE COUNTY,103,44 Years,55,25,30,25,12,13,0,0,0,3,3,0,27,10,17
CRANE COUNTY,103,45 Years,63,38,25,24,13,11,1,0,1,2,1,1,36,24,12
CRANE COUNTY,103,46 Years,66,35,31,30,14,16,1,0,1,0,0,0,35,21,14
CRANE COUNTY,103,47 Years,73,35,38,36,17,19,0,0,0,0,0,0,37,18,19
CRANE COUNTY,103,48 Years,75,34,41,34,17,17,0,0,0,0,0,0,41,17,24
CRANE COUNTY,103,49 Years,70,34,36,33,14,19,3,2,1,0,0,0,34,18,16
CRANE COUNTY,103,50 Years,78,34,44,35,13,22,2,0,2,1,0,1,40,21,19
CRANE COUNTY,103,51 Years,82,40,42,45,22,23,1,1,0,0,0,0,36,17,19
CRANE COUNTY,103,52 Years,79,42,37,44,23,21,1,1,0,2,0,2,32,18,14
CRANE COUNTY,103,53 Years,73,37,36,34,16,18,0,0,0,4,1,3,35,20,15
CRANE COUNTY,103,54 Years,74,41,33,36,19,17,1,1,0,3,0,3,34,21,13
CRANE COUNTY,103,55 Years,73,35,38,36,16,20,1,1,0,2,2,0,34,16,18
CRANE COUNTY,103,56 Years,65,35,30,41,22,19,1,0,1,1,1,0,22,12,10
CRANE COUNTY,103,57 Years,62,30,32,30,18,12,2,1,1,3,1,2,27,10,17
CRANE COUNTY,103,58 Years,64,36,28,32,17,15,3,2,1,1,1,0,28,16,12
CRANE COUNTY,103,59 Years,63,29,34,28,11,17,5,2,3,1,0,1,29,16,13
CRANE COUNTY,103,60 Years,57,28,29,32,15,17,1,0,1,1,1,0,23,12,11
CRANE COUNTY,103,61 Years,54,30,24,30,15,15,3,2,1,1,1,0,20,12,8
CRANE COUNTY,103,62 Years,56,30,26,32,17,15,2,1,1,0,0,0,22,12,10
CRANE COUNTY,103,63 Years,45,26,19,27,15,12,2,1,1,0,0,0,16,10,6
CRANE COUNTY,103,64 Years,51,22,29,25,11,14,2,1,1,2,0,2,22,10,12
CRANE COUNTY,103,65 Years,44,22,22,19,11,8,1,1,0,2,0,2,22,10,12
CRANE COUNTY,103,66 Years,42,22,20,30,17,13,3,0,3,2,1,1,7,4,3
CRANE COUNTY,103,67 Years,43,21,22,30,16,14,1,0,1,2,1,1,10,4,6
CRANE COUNTY,103,68 Years,40,18,22,23,11,12,0,0,0,0,0,0,17,7,10
CRANE COUNTY,103,69 Years,33,14,19,17,9,8,2,1,1,0,0,0,14,4,10
CRANE COUNTY,103,70 Years,32,13,19,15,6,9,1,1,0,1,0,1,15,6,9
CRANE COUNTY,103,71 Years,35,16,19,22,10,12,1,1,0,1,0,1,11,5,6
CRANE COUNTY,103,72 Years,26,12,14,18,8,10,0,0,0,0,0,0,8,4,4
CRANE COUNTY,103,73 Years,32,15,17,17,8,9,1,0,1,0,0,0,14,7,7
CRANE COUNTY,103,74 Years,29,14,15,18,9,9,2,0,2,0,0,0,9,5,4
CRANE COUNTY,103,75 Years,29,14,15,20,10,10,1,0,1,0,0,0,8,4,4
CRANE COUNTY,103,76 Years,23,10,13,17,7,10,1,0,1,0,0,0,5,3,2
CRANE COUNTY,103,77 Years,24,11,13,13,7,6,1,0,1,1,0,1,9,4,5
CRANE COUNTY,103,78 Years,24,12,12,14,6,8,1,1,0,0,0,0,9,5,4
CRANE COUNTY,103,79 Years,22,6,16,14,4,10,0,0,0,1,0,1,7,2,5
CRANE COUNTY,103,80 Years,17,6,11,9,4,5,0,0,0,0,0,0,8,2,6
CRANE COUNTY,103,81 Years,18,9,9,12,7,5,0,0,0,0,0,0,6,2,4
CRANE COUNTY,103,82 Years,14,5,9,8,3,5,0,0,0,0,0,0,6,2,4
CRANE COUNTY,103,83 Years,16,5,11,10,3,7,0,0,0,0,0,0,6,2,4
CRANE COUNTY,103,84 Years,17,6,11,12,4,8,0,0,0,1,0,1,4,2,2
CRANE COUNTY,103,85 Years +,78,29,49,56,21,35,3,1,2,1,1,0,18,6,12
CROCKETT COUNTY,105,All Ages,3816,1884,1932,1320,651,669,12,10,2,42,27,15,2442,1196,1246
CROCKETT COUNTY,105,< 1 Year,55,26,29,12,6,6,0,0,0,1,1,0,42,19,23
CROCKETT COUNTY,105,1 Years,54,24,30,15,6,9,0,0,0,0,0,0,39,18,21
CROCKETT COUNTY,105,2 Years,54,28,26,17,7,10,0,0,0,0,0,0,37,21,16
CROCKETT COUNTY,105,3 Years,58,30,28,19,7,12,0,0,0,0,0,0,39,23,16
CROCKETT COUNTY,105,4 Years,54,30,24,18,8,10,0,0,0,0,0,0,36,22,14
CROCKETT COUNTY,105,5 Years,57,29,28,14,6,8,0,0,0,2,1,1,41,22,19
CROCKETT COUNTY,105,6 Years,58,27,31,17,7,10,0,0,0,0,0,0,41,20,21
CROCKETT COUNTY,105,7 Years,64,31,33,17,8,9,0,0,0,0,0,0,47,23,24
CROCKETT COUNTY,105,8 Years,56,22,34,11,5,6,0,0,0,0,0,0,45,17,28
CROCKETT COUNTY,105,9 Years,53,26,27,10,5,5,0,0,0,1,1,0,42,20,22
CROCKETT COUNTY,105,10 Years,57,32,25,11,7,4,0,0,0,0,0,0,46,25,21
CROCKETT COUNTY,105,11 Years,57,30,27,7,5,2,0,0,0,1,1,0,49,24,25
CROCKETT COUNTY,105,12 Years,52,28,24,8,4,4,0,0,0,1,1,0,43,23,20
CROCKETT COUNTY,105,13 Years,45,25,20,7,5,2,0,0,0,1,1,0,37,19,18
CROCKETT COUNTY,105,14 Years,45,25,20,7,5,2,0,0,0,0,0,0,38,20,18
CROCKETT COUNTY,105,15 Years,47,23,24,7,2,5,0,0,0,0,0,0,40,21,19
CROCKETT COUNTY,105,16 Years,54,24,30,13,9,4,0,0,0,0,0,0,41,15,26
CROCKETT COUNTY,105,17 Years,50,22,28,10,4,6,0,0,0,0,0,0,40,18,22
CROCKETT COUNTY,105,18 Years,51,23,28,8,4,4,0,0,0,0,0,0,43,19,24
CROCKETT COUNTY,105,19 Years,45,20,25,7,3,4,0,0,0,0,0,0,38,17,21
CROCKETT COUNTY,105,20 Years,58,27,31,10,4,6,0,0,0,0,0,0,48,23,25
CROCKETT COUNTY,105,21 Years,53,27,26,13,6,7,1,1,0,0,0,0,39,20,19
CROCKETT COUNTY,105,22 Years,51,22,29,14,6,8,0,0,0,1,1,0,36,15,21
CROCKETT COUNTY,105,23 Years,37,17,20,13,5,8,0,0,0,0,0,0,24,12,12
CROCKETT COUNTY,105,24 Years,34,16,18,13,7,6,0,0,0,1,0,1,20,9,11
CROCKETT COUNTY,105,25 Years,22,13,9,8,6,2,0,0,0,0,0,0,14,7,7
CROCKETT COUNTY,105,26 Years,32,19,13,12,9,3,0,0,0,0,0,0,20,10,10
CROCKETT COUNTY,105,27 Years,37,18,19,15,10,5,0,0,0,0,0,0,22,8,14
CROCKETT COUNTY,105,28 Years,34,14,20,10,5,5,0,0,0,0,0,0,24,9,15
CROCKETT COUNTY,105,29 Years,35,18,17,10,4,6,0,0,0,0,0,0,25,14,11
CROCKETT COUNTY,105,30 Years,37,19,18,15,7,8,0,0,0,0,0,0,22,12,10
CROCKETT COUNTY,105,31 Years,38,17,21,15,7,8,0,0,0,0,0,0,23,10,13
CROCKETT COUNTY,105,32 Years,48,26,22,16,9,7,0,0,0,0,0,0,32,17,15
CROCKETT COUNTY,105,33 Years,51,29,22,19,9,10,0,0,0,0,0,0,32,20,12
CROCKETT COUNTY,105,34 Years,53,24,29,18,8,10,0,0,0,1,1,0,34,15,19
CROCKETT COUNTY,105,35 Years,39,17,22,14,7,7,0,0,0,1,1,0,24,9,15
CROCKETT COUNTY,105,36 Years,39,20,19,14,9,5,0,0,0,0,0,0,25,11,14
CROCKETT COUNTY,105,37 Years,41,20,21,10,6,4,0,0,0,0,0,0,31,14,17
CROCKETT COUNTY,105,38 Years,44,19,25,11,4,7,0,0,0,0,0,0,33,15,18
CROCKETT COUNTY,105,39 Years,34,17,17,8,4,4,0,0,0,0,0,0,26,13,13
CROCKETT COUNTY,105,40 Years,35,18,17,10,6,4,0,0,0,1,1,0,24,11,13
CROCKETT COUNTY,105,41 Years,49,23,26,14,6,8,0,0,0,1,0,1,34,17,17
CROCKETT COUNTY,105,42 Years,51,26,25,16,9,7,1,1,0,1,1,0,33,15,18
CROCKETT COUNTY,105,43 Years,48,30,18,13,8,5,0,0,0,1,0,1,34,22,12
CROCKETT COUNTY,105,44 Years,37,20,17,10,4,6,0,0,0,0,0,0,27,16,11
CROCKETT COUNTY,105,45 Years,42,23,19,13,7,6,0,0,0,0,0,0,29,16,13
CROCKETT COUNTY,105,46 Years,41,21,20,12,5,7,1,1,0,0,0,0,28,15,13
CROCKETT COUNTY,105,47 Years,42,19,23,10,6,4,0,0,0,1,0,1,31,13,18
CROCKETT COUNTY,105,48 Years,55,29,26,18,10,8,0,0,0,3,2,1,34,17,17
CROCKETT COUNTY,105,49 Years,50,23,27,22,7,15,2,2,0,2,1,1,24,13,11
CROCKETT COUNTY,105,50 Years,46,18,28,23,10,13,0,0,0,1,0,1,22,8,14
CROCKETT COUNTY,105,51 Years,52,25,27,27,13,14,0,0,0,0,0,0,25,12,13
CROCKETT COUNTY,105,52 Years,49,27,22,18,10,8,0,0,0,2,0,2,29,17,12
CROCKETT COUNTY,105,53 Years,50,28,22,25,14,11,0,0,0,1,1,0,24,13,11
CROCKETT COUNTY,105,54 Years,56,28,28,27,14,13,0,0,0,1,1,0,28,13,15
CROCKETT COUNTY,105,55 Years,57,30,27,31,15,16,0,0,0,1,1,0,25,14,11
CROCKETT COUNTY,105,56 Years,63,31,32,27,11,16,0,0,0,2,2,0,34,18,16
CROCKETT COUNTY,105,57 Years,55,29,26,24,12,12,0,0,0,2,1,1,29,16,13
CROCKETT COUNTY,105,58 Years,68,38,30,36,19,17,0,0,0,1,0,1,31,19,12
CROCKETT COUNTY,105,59 Years,70,36,34,33,15,18,0,0,0,0,0,0,37,21,16
CROCKETT COUNTY,105,60 Years,57,31,26,29,15,14,0,0,0,2,1,1,26,15,11
CROCKETT COUNTY,105,61 Years,57,26,31,22,13,9,0,0,0,0,0,0,35,13,22
CROCKETT COUNTY,105,62 Years,49,25,24,21,14,7,0,0,0,0,0,0,28,11,17
CROCKETT COUNTY,105,63 Years,43,24,19,19,10,9,0,0,0,2,2,0,22,12,10
CROCKETT COUNTY,105,64 Years,49,18,31,18,6,12,0,0,0,2,1,1,29,11,18
CROCKETT COUNTY,105,65 Years,45,22,23,23,11,12,0,0,0,2,1,1,20,10,10
CROCKETT COUNTY,105,66 Years,38,21,17,24,13,11,0,0,0,0,0,0,14,8,6
CROCKETT COUNTY,105,67 Years,46,25,21,25,15,10,0,0,0,1,1,0,20,9,11
CROCKETT COUNTY,105,68 Years,33,15,18,14,7,7,0,0,0,0,0,0,19,8,11
CROCKETT COUNTY,105,69 Years,35,17,18,20,11,9,0,0,0,0,0,0,15,6,9
CROCKETT COUNTY,105,70 Years,49,26,23,16,7,9,0,0,0,1,1,0,32,18,14
CROCKETT COUNTY,105,71 Years,41,22,19,18,9,9,0,0,0,0,0,0,23,13,10
CROCKETT COUNTY,105,72 Years,32,15,17,14,6,8,1,1,0,0,0,0,17,8,9
CROCKETT COUNTY,105,73 Years,31,10,21,15,4,11,1,0,1,0,0,0,15,6,9
CROCKETT COUNTY,105,74 Years,27,11,16,11,3,8,0,0,0,0,0,0,16,8,8
CROCKETT COUNTY,105,75 Years,23,10,13,9,4,5,1,1,0,0,0,0,13,5,8
CROCKETT COUNTY,105,76 Years,26,13,13,9,5,4,1,1,0,0,0,0,16,7,9
CROCKETT COUNTY,105,77 Years,23,12,11,14,8,6,1,1,0,0,0,0,8,3,5
CROCKETT COUNTY,105,78 Years,23,12,11,11,6,5,0,0,0,0,0,0,12,6,6
CROCKETT COUNTY,105,79 Years,23,12,11,9,3,6,0,0,0,0,0,0,14,9,5
CROCKETT COUNTY,105,80 Years,20,11,9,8,5,3,0,0,0,0,0,0,12,6,6
CROCKETT COUNTY,105,81 Years,20,10,10,10,6,4,0,0,0,0,0,0,10,4,6
CROCKETT COUNTY,105,82 Years,21,6,15,9,3,6,0,0,0,0,0,0,12,3,9
CROCKETT COUNTY,105,83 Years,21,9,12,10,5,5,0,0,0,0,0,0,11,4,7
CROCKETT COUNTY,105,84 Years,15,9,6,7,4,3,0,0,0,0,0,0,8,5,3
CROCKETT COUNTY,105,85 Years +,70,26,44,33,12,21,2,1,1,0,0,0,35,13,22
CROSBY COUNTY,107,All Ages,5886,2828,3058,2307,1089,1218,176,81,95,62,34,28,3341,1624,1717
CROSBY COUNTY,107,< 1 Year,79,40,39,15,7,8,1,0,1,1,1,0,62,32,30
CROSBY COUNTY,107,1 Years,72,34,38,14,7,7,0,0,0,1,1,0,57,26,31
CROSBY COUNTY,107,2 Years,67,29,38,14,7,7,0,0,0,2,1,1,51,21,30
CROSBY COUNTY,107,3 Years,79,37,42,14,7,7,1,1,0,0,0,0,64,29,35
CROSBY COUNTY,107,4 Years,97,55,42,16,8,8,2,2,0,1,1,0,78,44,34
CROSBY COUNTY,107,5 Years,83,44,39,23,11,12,2,1,1,0,0,0,58,32,26
CROSBY COUNTY,107,6 Years,94,50,44,23,16,7,5,1,4,1,0,1,65,33,32
CROSBY COUNTY,107,7 Years,103,49,54,26,12,14,6,3,3,2,1,1,69,33,36
CROSBY COUNTY,107,8 Years,103,51,52,27,12,15,4,2,2,2,1,1,70,36,34
CROSBY COUNTY,107,9 Years,87,50,37,21,11,10,2,2,0,1,1,0,63,36,27
CROSBY COUNTY,107,10 Years,94,46,48,25,15,10,2,1,1,1,1,0,66,29,37
CROSBY COUNTY,107,11 Years,87,43,44,25,13,12,2,1,1,0,0,0,60,29,31
CROSBY COUNTY,107,12 Years,91,49,42,23,14,9,3,2,1,1,1,0,64,32,32
CROSBY COUNTY,107,13 Years,89,46,43,24,14,10,1,1,0,2,1,1,62,30,32
CROSBY COUNTY,107,14 Years,94,43,51,25,12,13,2,0,2,1,0,1,66,31,35
CROSBY COUNTY,107,15 Years,93,43,50,27,11,16,2,1,1,0,0,0,64,31,33
CROSBY COUNTY,107,16 Years,98,49,49,29,16,13,4,2,2,0,0,0,65,31,34
CROSBY COUNTY,107,17 Years,97,56,41,26,13,13,7,5,2,1,1,0,63,37,26
CROSBY COUNTY,107,18 Years,87,41,46,23,10,13,2,1,1,0,0,0,62,30,32
CROSBY COUNTY,107,19 Years,85,42,43,21,13,8,2,2,0,1,0,1,61,27,34
CROSBY COUNTY,107,20 Years,93,46,47,28,17,11,2,2,0,1,0,1,62,27,35
CROSBY COUNTY,107,21 Years,101,47,54,29,15,14,2,0,2,3,0,3,67,32,35
CROSBY COUNTY,107,22 Years,88,39,49,24,12,12,1,0,1,1,0,1,62,27,35
CROSBY COUNTY,107,23 Years,62,26,36,11,4,7,1,1,0,0,0,0,50,21,29
CROSBY COUNTY,107,24 Years,58,25,33,12,4,8,1,1,0,1,1,0,44,19,25
CROSBY COUNTY,107,25 Years,65,36,29,16,10,6,3,2,1,2,2,0,44,22,22
CROSBY COUNTY,107,26 Years,53,27,26,9,4,5,1,1,0,1,1,0,42,21,21
CROSBY COUNTY,107,27 Years,52,26,26,13,6,7,2,1,1,2,1,1,35,18,17
CROSBY COUNTY,107,28 Years,42,22,20,14,6,8,2,1,1,0,0,0,26,15,11
CROSBY COUNTY,107,29 Years,52,23,29,20,10,10,1,0,1,0,0,0,31,13,18
CROSBY COUNTY,107,30 Years,59,26,33,19,9,10,3,0,3,0,0,0,37,17,20
CROSBY COUNTY,107,31 Years,59,28,31,20,11,9,1,0,1,0,0,0,38,17,21
CROSBY COUNTY,107,32 Years,63,26,37,22,7,15,1,0,1,0,0,0,40,19,21
CROSBY COUNTY,107,33 Years,66,30,36,20,7,13,4,2,2,0,0,0,42,21,21
CROSBY COUNTY,107,34 Years,69,33,36,22,10,12,2,0,2,0,0,0,45,23,22
CROSBY COUNTY,107,35 Years,69,36,33,25,15,10,3,2,1,0,0,0,41,19,22
CROSBY COUNTY,107,36 Years,77,34,43,25,11,14,4,1,3,2,0,2,46,22,24
CROSBY COUNTY,107,37 Years,79,34,45,28,11,17,1,0,1,1,0,1,49,23,26
CROSBY COUNTY,107,38 Years,64,32,32,24,12,12,0,0,0,0,0,0,40,20,20
CROSBY COUNTY,107,39 Years,59,31,28,20,9,11,1,1,0,2,1,1,36,20,16
CROSBY COUNTY,107,40 Years,53,26,27,20,10,10,1,1,0,1,1,0,31,14,17
CROSBY COUNTY,107,41 Years,68,36,32,25,12,13,1,1,0,2,1,1,40,22,18
CROSBY COUNTY,107,42 Years,63,28,35,25,11,14,0,0,0,1,0,1,37,17,20
CROSBY COUNTY,107,43 Years,68,34,34,27,13,14,2,1,1,0,0,0,39,20,19
CROSBY COUNTY,107,44 Years,62,30,32,23,11,12,3,1,2,0,0,0,36,18,18
CROSBY COUNTY,107,45 Years,57,23,34,19,8,11,0,0,0,1,0,1,37,15,22
CROSBY COUNTY,107,46 Years,67,33,34,31,17,14,0,0,0,0,0,0,36,16,20
CROSBY COUNTY,107,47 Years,62,30,32,20,11,9,2,2,0,1,0,1,39,17,22
CROSBY COUNTY,107,48 Years,70,39,31,21,12,9,4,2,2,1,0,1,44,25,19
CROSBY COUNTY,107,49 Years,70,34,36,32,16,16,2,1,1,1,0,1,35,17,18
CROSBY COUNTY,107,50 Years,58,28,30,29,15,14,1,1,0,0,0,0,28,12,16
CROSBY COUNTY,107,51 Years,64,26,38,32,13,19,1,1,0,2,1,1,29,11,18
CROSBY COUNTY,107,52 Years,70,32,38,30,16,14,3,0,3,1,0,1,36,16,20
CROSBY COUNTY,107,53 Years,70,38,32,34,19,15,1,0,1,1,1,0,34,18,16
CROSBY COUNTY,107,54 Years,88,42,46,43,19,24,3,2,1,0,0,0,42,21,21
CROSBY COUNTY,107,55 Years,70,32,38,36,14,22,1,1,0,0,0,0,33,17,16
CROSBY COUNTY,107,56 Years,76,33,43,38,15,23,3,1,2,1,1,0,34,16,18
CROSBY COUNTY,107,57 Years,81,39,42,39,18,21,2,1,1,1,1,0,39,19,20
CROSBY COUNTY,107,58 Years,84,41,43,46,25,21,2,1,1,1,1,0,35,14,21
CROSBY COUNTY,107,59 Years,65,30,35,34,15,19,1,0,1,1,1,0,29,14,15
CROSBY COUNTY,107,60 Years,71,30,41,36,14,22,1,1,0,0,0,0,34,15,19
CROSBY COUNTY,107,61 Years,69,35,34,37,19,18,3,1,2,2,1,1,27,14,13
CROSBY COUNTY,107,62 Years,71,38,33,36,18,18,3,1,2,1,0,1,31,19,12
CROSBY COUNTY,107,63 Years,69,39,30,40,20,20,1,1,0,0,0,0,28,18,10
CROSBY COUNTY,107,64 Years,56,27,29,37,17,20,0,0,0,0,0,0,19,10,9
CROSBY COUNTY,107,65 Years,67,34,33,39,19,20,3,1,2,0,0,0,25,14,11
CROSBY COUNTY,107,66 Years,70,29,41,39,18,21,2,0,2,1,0,1,28,11,17
CROSBY COUNTY,107,67 Years,48,24,24,26,14,12,3,1,2,0,0,0,19,9,10
CROSBY COUNTY,107,68 Years,54,30,24,27,14,13,3,1,2,1,1,0,23,14,9
CROSBY COUNTY,107,69 Years,66,30,36,32,15,17,2,0,2,3,3,0,29,12,17
CROSBY COUNTY,107,70 Years,58,27,31,36,18,18,0,0,0,2,2,0,20,7,13
CROSBY COUNTY,107,71 Years,64,31,33,37,16,21,3,2,1,1,1,0,23,12,11
CROSBY COUNTY,107,72 Years,55,28,27,36,17,19,3,1,2,0,0,0,16,10,6
CROSBY COUNTY,107,73 Years,51,20,31,33,15,18,2,0,2,0,0,0,16,5,11
CROSBY COUNTY,107,74 Years,51,23,28,34,15,19,1,0,1,0,0,0,16,8,8
CROSBY COUNTY,107,75 Years,45,19,26,33,13,20,2,2,0,0,0,0,10,4,6
CROSBY COUNTY,107,76 Years,38,17,21,28,11,17,1,1,0,1,1,0,8,4,4
CROSBY COUNTY,107,77 Years,44,21,23,27,12,15,2,2,0,0,0,0,15,7,8
CROSBY COUNTY,107,78 Years,37,16,21,22,9,13,0,0,0,0,0,0,15,7,8
CROSBY COUNTY,107,79 Years,36,19,17,26,14,12,2,0,2,0,0,0,8,5,3
CROSBY COUNTY,107,80 Years,33,18,15,19,10,9,3,1,2,0,0,0,11,7,4
CROSBY COUNTY,107,81 Years,28,12,16,16,7,9,3,1,2,0,0,0,9,4,5
CROSBY COUNTY,107,82 Years,34,13,21,21,8,13,4,0,4,0,0,0,9,5,4
CROSBY COUNTY,107,83 Years,28,12,16,18,6,12,2,2,0,0,0,0,8,4,4
CROSBY COUNTY,107,84 Years,25,9,16,16,5,11,1,1,0,0,0,0,8,3,5
CROSBY COUNTY,107,85 Years +,143,49,94,110,36,74,7,1,6,0,0,0,26,12,14
CULBERSON COUNTY,109,All Ages,2336,1140,1196,480,255,225,9,5,4,59,30,29,1788,850,938
CULBERSON COUNTY,109,< 1 Year,39,24,15,6,4,2,0,0,0,1,0,1,32,20,12
CULBERSON COUNTY,109,1 Years,37,22,15,6,4,2,0,0,0,0,0,0,31,18,13
CULBERSON COUNTY,109,2 Years,36,18,18,5,2,3,0,0,0,1,0,1,30,16,14
CULBERSON COUNTY,109,3 Years,32,13,19,5,1,4,0,0,0,1,0,1,26,12,14
CULBERSON COUNTY,109,4 Years,38,13,25,5,3,2,0,0,0,0,0,0,33,10,23
CULBERSON COUNTY,109,5 Years,36,17,19,5,4,1,0,0,0,0,0,0,31,13,18
CULBERSON COUNTY,109,6 Years,40,26,14,4,3,1,0,0,0,0,0,0,36,23,13
CULBERSON COUNTY,109,7 Years,28,17,11,3,1,2,0,0,0,0,0,0,25,16,9
CULBERSON COUNTY,109,8 Years,30,12,18,4,1,3,0,0,0,0,0,0,26,11,15
CULBERSON COUNTY,109,9 Years,30,11,19,3,1,2,0,0,0,0,0,0,27,10,17
CULBERSON COUNTY,109,10 Years,29,17,12,2,1,1,0,0,0,0,0,0,27,16,11
CULBERSON COUNTY,109,11 Years,37,20,17,5,4,1,0,0,0,0,0,0,32,16,16
CULBERSON COUNTY,109,12 Years,32,18,14,4,3,1,1,1,0,0,0,0,27,14,13
CULBERSON COUNTY,109,13 Years,36,20,16,6,4,2,0,0,0,0,0,0,30,16,14
CULBERSON COUNTY,109,14 Years,34,18,16,5,3,2,0,0,0,0,0,0,29,15,14
CULBERSON COUNTY,109,15 Years,31,17,14,4,2,2,0,0,0,1,1,0,26,14,12
CULBERSON COUNTY,109,16 Years,36,19,17,6,3,3,0,0,0,2,2,0,28,14,14
CULBERSON COUNTY,109,17 Years,33,16,17,8,4,4,0,0,0,2,2,0,23,10,13
CULBERSON COUNTY,109,18 Years,36,20,16,5,2,3,0,0,0,1,1,0,30,17,13
CULBERSON COUNTY,109,19 Years,37,17,20,7,2,5,0,0,0,2,1,1,28,14,14
CULBERSON COUNTY,109,20 Years,35,18,17,5,3,2,0,0,0,2,1,1,28,14,14
CULBERSON COUNTY,109,21 Years,35,20,15,2,2,0,0,0,0,2,1,1,31,17,14
CULBERSON COUNTY,109,22 Years,34,14,20,5,3,2,0,0,0,2,1,1,27,10,17
CULBERSON COUNTY,109,23 Years,27,10,17,3,0,3,0,0,0,1,1,0,23,9,14
CULBERSON COUNTY,109,24 Years,32,18,14,3,1,2,0,0,0,2,1,1,27,16,11
CULBERSON COUNTY,109,25 Years,34,16,18,6,3,3,0,0,0,1,1,0,27,12,15
CULBERSON COUNTY,109,26 Years,23,15,8,3,3,0,0,0,0,0,0,0,20,12,8
CULBERSON COUNTY,109,27 Years,25,17,8,5,4,1,1,1,0,1,1,0,18,11,7
CULBERSON COUNTY,109,28 Years,23,9,14,5,1,4,1,1,0,0,0,0,17,7,10
CULBERSON COUNTY,109,29 Years,21,9,12,8,5,3,0,0,0,1,0,1,12,4,8
CULBERSON COUNTY,109,30 Years,17,10,7,5,4,1,0,0,0,0,0,0,12,6,6
CULBERSON COUNTY,109,31 Years,21,8,13,3,2,1,0,0,0,1,0,1,17,6,11
CULBERSON COUNTY,109,32 Years,28,17,11,5,4,1,0,0,0,1,1,0,22,12,10
CULBERSON COUNTY,109,33 Years,26,12,14,6,4,2,0,0,0,2,1,1,18,7,11
CULBERSON COUNTY,109,34 Years,26,11,15,4,2,2,0,0,0,1,0,1,21,9,12
CULBERSON COUNTY,109,35 Years,21,11,10,2,1,1,0,0,0,1,0,1,18,10,8
CULBERSON COUNTY,109,36 Years,23,8,15,5,2,3,0,0,0,1,0,1,17,6,11
CULBERSON COUNTY,109,37 Years,24,13,11,5,2,3,0,0,0,0,0,0,19,11,8
CULBERSON COUNTY,109,38 Years,19,13,6,6,3,3,0,0,0,1,1,0,12,9,3
CULBERSON COUNTY,109,39 Years,20,8,12,3,1,2,0,0,0,1,0,1,16,7,9
CULBERSON COUNTY,109,40 Years,27,8,19,6,2,4,0,0,0,1,0,1,20,6,14
CULBERSON COUNTY,109,41 Years,25,13,12,4,2,2,0,0,0,0,0,0,21,11,10
CULBERSON COUNTY,109,42 Years,28,14,14,5,4,1,0,0,0,0,0,0,23,10,13
CULBERSON COUNTY,109,43 Years,26,13,13,5,3,2,0,0,0,0,0,0,21,10,11
CULBERSON COUNTY,109,44 Years,24,11,13,6,4,2,1,1,0,1,0,1,16,6,10
CULBERSON COUNTY,109,45 Years,24,9,15,3,2,1,1,0,1,0,0,0,20,7,13
CULBERSON COUNTY,109,46 Years,29,13,16,3,2,1,0,0,0,1,0,1,25,11,14
CULBERSON COUNTY,109,47 Years,30,13,17,6,4,2,0,0,0,1,0,1,23,9,14
CULBERSON COUNTY,109,48 Years,30,13,17,7,4,3,0,0,0,0,0,0,23,9,14
CULBERSON COUNTY,109,49 Years,33,16,17,8,3,5,0,0,0,1,1,0,24,12,12
CULBERSON COUNTY,109,50 Years,28,11,17,6,2,4,0,0,0,0,0,0,22,9,13
CULBERSON COUNTY,109,51 Years,25,10,15,6,2,4,0,0,0,0,0,0,19,8,11
CULBERSON COUNTY,109,52 Years,32,17,15,7,4,3,0,0,0,2,1,1,23,12,11
CULBERSON COUNTY,109,53 Years,34,18,16,3,2,1,0,0,0,1,1,0,30,15,15
CULBERSON COUNTY,109,54 Years,27,12,15,5,3,2,0,0,0,0,0,0,22,9,13
CULBERSON COUNTY,109,55 Years,26,14,12,6,3,3,0,0,0,1,1,0,19,10,9
CULBERSON COUNTY,109,56 Years,34,18,16,10,4,6,0,0,0,1,1,0,23,13,10
CULBERSON COUNTY,109,57 Years,32,15,17,7,2,5,0,0,0,2,0,2,23,13,10
CULBERSON COUNTY,109,58 Years,30,14,16,7,4,3,0,0,0,1,0,1,22,10,12
CULBERSON COUNTY,109,59 Years,34,17,17,9,6,3,0,0,0,1,1,0,24,10,14
CULBERSON COUNTY,109,60 Years,26,11,15,8,4,4,0,0,0,1,1,0,17,6,11
CULBERSON COUNTY,109,61 Years,28,12,16,10,5,5,0,0,0,3,2,1,15,5,10
CULBERSON COUNTY,109,62 Years,33,15,18,10,5,5,0,0,0,1,1,0,22,9,13
CULBERSON COUNTY,109,63 Years,29,12,17,7,2,5,0,0,0,1,0,1,21,10,11
CULBERSON COUNTY,109,64 Years,29,14,15,8,3,5,0,0,0,0,0,0,21,11,10
CULBERSON COUNTY,109,65 Years,29,16,13,9,6,3,0,0,0,1,1,0,19,9,10
CULBERSON COUNTY,109,66 Years,27,13,14,7,5,2,0,0,0,0,0,0,20,8,12
CULBERSON COUNTY,109,67 Years,25,8,17,5,3,2,0,0,0,2,1,1,18,4,14
CULBERSON COUNTY,109,68 Years,23,7,16,5,2,3,0,0,0,0,0,0,18,5,13
CULBERSON COUNTY,109,69 Years,23,9,14,6,2,4,0,0,0,0,0,0,17,7,10
CULBERSON COUNTY,109,70 Years,28,18,10,12,7,5,0,0,0,1,1,0,15,10,5
CULBERSON COUNTY,109,71 Years,19,11,8,6,5,1,0,0,0,0,0,0,13,6,7
CULBERSON COUNTY,109,72 Years,18,10,8,5,2,3,0,0,0,0,0,0,13,8,5
CULBERSON COUNTY,109,73 Years,20,9,11,5,1,4,1,0,1,0,0,0,14,8,6
CULBERSON COUNTY,109,74 Years,13,3,10,4,1,3,1,0,1,0,0,0,8,2,6
CULBERSON COUNTY,109,75 Years,17,11,6,6,5,1,1,0,1,0,0,0,10,6,4
CULBERSON COUNTY,109,76 Years,16,7,9,4,2,2,1,1,0,0,0,0,11,4,7
CULBERSON COUNTY,109,77 Years,19,6,13,8,2,6,0,0,0,1,0,1,10,4,6
CULBERSON COUNTY,109,78 Years,16,6,10,7,2,5,0,0,0,1,0,1,8,4,4
CULBERSON COUNTY,109,79 Years,15,9,6,3,2,1,0,0,0,0,0,0,12,7,5
CULBERSON COUNTY,109,80 Years,11,4,7,2,1,1,0,0,0,1,0,1,8,3,5
CULBERSON COUNTY,109,81 Years,8,3,5,4,2,2,0,0,0,0,0,0,4,1,3
CULBERSON COUNTY,109,82 Years,14,7,7,5,4,1,0,0,0,0,0,0,9,3,6
CULBERSON COUNTY,109,83 Years,12,4,8,5,3,2,0,0,0,0,0,0,7,1,6
CULBERSON COUNTY,109,84 Years,12,8,4,6,4,2,0,0,0,0,0,0,6,4,2
CULBERSON COUNTY,109,85 Years +,47,26,21,17,11,6,0,0,0,0,0,0,30,15,15
DALLAM COUNTY,111,All Ages,7035,3683,3352,3730,1924,1806,78,38,40,220,117,103,3007,1604,1403
DALLAM COUNTY,111,< 1 Year,126,67,59,46,24,22,1,0,1,16,9,7,63,34,29
DALLAM COUNTY,111,1 Years,121,62,59,49,25,24,1,0,1,14,8,6,57,29,28
DALLAM COUNTY,111,2 Years,125,65,60,53,28,25,1,1,0,9,4,5,62,32,30
DALLAM COUNTY,111,3 Years,128,64,64,60,28,32,1,1,0,6,4,2,61,31,30
DALLAM COUNTY,111,4 Years,111,57,54,52,27,25,0,0,0,4,2,2,55,28,27
DALLAM COUNTY,111,5 Years,119,64,55,57,31,26,0,0,0,2,0,2,60,33,27
DALLAM COUNTY,111,6 Years,122,67,55,54,27,27,1,0,1,5,3,2,62,37,25
DALLAM COUNTY,111,7 Years,123,62,61,52,26,26,0,0,0,6,3,3,65,33,32
DALLAM COUNTY,111,8 Years,132,67,65,57,29,28,3,2,1,5,3,2,67,33,34
DALLAM COUNTY,111,9 Years,112,61,51,53,30,23,1,1,0,7,3,4,51,27,24
DALLAM COUNTY,111,10 Years,117,66,51,46,26,20,1,0,1,8,5,3,62,35,27
DALLAM COUNTY,111,11 Years,120,67,53,52,30,22,1,0,1,5,3,2,62,34,28
DALLAM COUNTY,111,12 Years,108,62,46,43,25,18,1,0,1,2,2,0,62,35,27
DALLAM COUNTY,111,13 Years,100,52,48,38,20,18,1,0,1,2,0,2,59,32,27
DALLAM COUNTY,111,14 Years,110,52,58,51,22,29,1,0,1,3,1,2,55,29,26
DALLAM COUNTY,111,15 Years,113,55,58,43,23,20,1,0,1,6,2,4,63,30,33
DALLAM COUNTY,111,16 Years,98,52,46,36,19,17,0,0,0,5,2,3,57,31,26
DALLAM COUNTY,111,17 Years,97,53,44,40,19,21,1,1,0,2,2,0,54,31,23
DALLAM COUNTY,111,18 Years,94,49,45,42,20,22,1,0,1,2,1,1,49,28,21
DALLAM COUNTY,111,19 Years,90,46,44,34,18,16,2,0,2,2,1,1,52,27,25
DALLAM COUNTY,111,20 Years,87,43,44,39,21,18,2,2,0,1,1,0,45,19,26
DALLAM COUNTY,111,21 Years,95,47,48,44,22,22,1,1,0,3,2,1,47,22,25
DALLAM COUNTY,111,22 Years,90,46,44,47,24,23,1,0,1,2,1,1,40,21,19
DALLAM COUNTY,111,23 Years,94,49,45,46,22,24,1,0,1,1,0,1,46,27,19
DALLAM COUNTY,111,24 Years,89,48,41,37,19,18,1,0,1,0,0,0,51,29,22
DALLAM COUNTY,111,25 Years,89,55,34,41,23,18,2,1,1,1,1,0,45,30,15
DALLAM COUNTY,111,26 Years,94,53,41,51,27,24,1,0,1,2,2,0,40,24,16
DALLAM COUNTY,111,27 Years,83,42,41,44,22,22,1,0,1,2,1,1,36,19,17
DALLAM COUNTY,111,28 Years,103,51,52,56,26,30,0,0,0,3,1,2,44,24,20
DALLAM COUNTY,111,29 Years,109,60,49,64,34,30,3,1,2,5,4,1,37,21,16
DALLAM COUNTY,111,30 Years,109,60,49,63,33,30,1,1,0,2,2,0,43,24,19
DALLAM COUNTY,111,31 Years,108,61,47,60,33,27,0,0,0,2,2,0,46,26,20
DALLAM COUNTY,111,32 Years,97,58,39,49,28,21,1,1,0,3,1,2,44,28,16
DALLAM COUNTY,111,33 Years,97,57,40,50,30,20,0,0,0,2,1,1,45,26,19
DALLAM COUNTY,111,34 Years,104,64,40,50,34,16,2,1,1,5,2,3,47,27,20
DALLAM COUNTY,111,35 Years,85,46,39,42,23,19,1,1,0,2,0,2,40,22,18
DALLAM COUNTY,111,36 Years,85,41,44,36,17,19,1,0,1,2,1,1,46,23,23
DALLAM COUNTY,111,37 Years,76,34,42,33,12,21,1,1,0,5,2,3,37,19,18
DALLAM COUNTY,111,38 Years,79,40,39,29,14,15,2,1,1,1,0,1,47,25,22
DALLAM COUNTY,111,39 Years,89,49,40,41,24,17,1,0,1,2,0,2,45,25,20
DALLAM COUNTY,111,40 Years,95,41,54,48,21,27,1,0,1,3,1,2,43,19,24
DALLAM COUNTY,111,41 Years,99,52,47,49,28,21,1,0,1,3,3,0,46,21,25
DALLAM COUNTY,111,42 Years,92,42,50,50,23,27,0,0,0,3,1,2,39,18,21
DALLAM COUNTY,111,43 Years,90,43,47,49,21,28,1,0,1,2,1,1,38,21,17
DALLAM COUNTY,111,44 Years,84,46,38,46,25,21,0,0,0,2,1,1,36,20,16
DALLAM COUNTY,111,45 Years,86,54,32,48,28,20,1,1,0,1,1,0,36,24,12
DALLAM COUNTY,111,46 Years,92,47,45,52,28,24,1,1,0,1,1,0,38,17,21
DALLAM COUNTY,111,47 Years,85,41,44,45,24,21,0,0,0,2,1,1,38,16,22
DALLAM COUNTY,111,48 Years,89,46,43,45,21,24,1,0,1,3,3,0,40,22,18
DALLAM COUNTY,111,49 Years,95,53,42,54,28,26,2,2,0,1,1,0,38,22,16
DALLAM COUNTY,111,50 Years,88,49,39,52,26,26,3,3,0,3,2,1,30,18,12
DALLAM COUNTY,111,51 Years,105,58,47,59,31,28,2,2,0,2,1,1,42,24,18
DALLAM COUNTY,111,52 Years,106,56,50,66,36,30,1,0,1,3,1,2,36,19,17
DALLAM COUNTY,111,53 Years,80,37,43,47,22,25,1,0,1,3,1,2,29,14,15
DALLAM COUNTY,111,54 Years,78,41,37,47,23,24,1,0,1,2,1,1,28,17,11
DALLAM COUNTY,111,55 Years,81,40,41,54,31,23,0,0,0,2,1,1,25,8,17
DALLAM COUNTY,111,56 Years,76,42,34,53,32,21,1,1,0,1,0,1,21,9,12
DALLAM COUNTY,111,57 Years,80,35,45,52,23,29,0,0,0,3,2,1,25,10,15
DALLAM COUNTY,111,58 Years,68,35,33,45,23,22,0,0,0,0,0,0,23,12,11
DALLAM COUNTY,111,59 Years,64,36,28,40,21,19,3,3,0,2,2,0,19,10,9
DALLAM COUNTY,111,60 Years,82,45,37,59,30,29,1,1,0,2,0,2,20,14,6
DALLAM COUNTY,111,61 Years,89,54,35,66,40,26,2,1,1,1,0,1,20,13,7
DALLAM COUNTY,111,62 Years,71,42,29,54,31,23,1,1,0,1,0,1,15,10,5
DALLAM COUNTY,111,63 Years,69,39,30,49,28,21,1,1,0,1,0,1,18,10,8
DALLAM COUNTY,111,64 Years,76,41,35,53,30,23,0,0,0,2,1,1,21,10,11
DALLAM COUNTY,111,65 Years,72,36,36,50,27,23,0,0,0,0,0,0,22,9,13
DALLAM COUNTY,111,66 Years,66,32,34,47,23,24,0,0,0,0,0,0,19,9,10
DALLAM COUNTY,111,67 Years,61,35,26,41,22,19,0,0,0,2,1,1,18,12,6
DALLAM COUNTY,111,68 Years,43,23,20,28,14,14,2,1,1,1,1,0,12,7,5
DALLAM COUNTY,111,69 Years,43,21,22,32,16,16,1,0,1,0,0,0,10,5,5
DALLAM COUNTY,111,70 Years,43,20,23,30,15,15,2,0,2,0,0,0,11,5,6
DALLAM COUNTY,111,71 Years,42,17,25,31,12,19,1,0,1,0,0,0,10,5,5
DALLAM COUNTY,111,72 Years,43,24,19,29,15,14,0,0,0,1,1,0,13,8,5
DALLAM COUNTY,111,73 Years,43,24,19,31,17,14,1,1,0,2,2,0,9,4,5
DALLAM COUNTY,111,74 Years,36,19,17,26,14,12,1,0,1,1,1,0,8,4,4
DALLAM COUNTY,111,75 Years,30,15,15,23,10,13,0,0,0,1,1,0,6,4,2
DALLAM COUNTY,111,76 Years,29,11,18,22,7,15,0,0,0,0,0,0,7,4,3
DALLAM COUNTY,111,77 Years,29,11,18,25,10,15,0,0,0,0,0,0,4,1,3
DALLAM COUNTY,111,78 Years,28,10,18,23,9,14,0,0,0,0,0,0,5,1,4
DALLAM COUNTY,111,79 Years,17,11,6,12,9,3,0,0,0,0,0,0,5,2,3
DALLAM COUNTY,111,80 Years,19,12,7,13,7,6,2,2,0,1,1,0,3,2,1
DALLAM COUNTY,111,81 Years,20,10,10,13,6,7,0,0,0,1,1,0,6,3,3
DALLAM COUNTY,111,82 Years,15,7,8,11,5,6,0,0,0,0,0,0,4,2,2
DALLAM COUNTY,111,83 Years,15,6,9,12,5,7,0,0,0,0,0,0,3,1,2
DALLAM COUNTY,111,84 Years,18,6,12,14,5,9,0,0,0,0,0,0,4,1,3
DALLAM COUNTY,111,85 Years +,75,24,51,55,17,38,1,0,1,4,0,4,15,7,8
DALLAS COUNTY,113,All Ages,2513648,1249978,1263670,729093,358725,370368,557575,259400,298175,189901,93931,95970,1037079,537922,499157
DALLAS COUNTY,113,< 1 Year,41702,21390,20312,7937,4094,3843,8595,4384,4211,3971,2042,1929,21199,10870,10329
DALLAS COUNTY,113,1 Years,41155,21210,19945,7706,3997,3709,8491,4357,4134,3875,2007,1868,21083,10849,10234
DALLAS COUNTY,113,2 Years,40683,20966,19717,7510,3882,3628,8411,4325,4086,3728,1948,1780,21034,10811,10223
DALLAS COUNTY,113,3 Years,40967,21045,19922,7462,3839,3623,8479,4352,4127,3621,1909,1712,21405,10945,10460
DALLAS COUNTY,113,4 Years,39618,20245,19373,6989,3630,3359,8179,4202,3977,3198,1664,1534,21252,10749,10503
DALLAS COUNTY,113,5 Years,38105,19454,18651,6560,3358,3202,7969,4045,3924,3057,1559,1498,20519,10492,10027
DALLAS COUNTY,113,6 Years,38871,19948,18923,6534,3314,3220,8169,4199,3970,3125,1587,1538,21043,10848,10195
DALLAS COUNTY,113,7 Years,38883,20017,18866,6407,3323,3084,8247,4256,3991,3068,1537,1531,21161,10901,10260
DALLAS COUNTY,113,8 Years,38316,19637,18679,6184,3216,2968,8247,4204,4043,3046,1547,1499,20839,10670,10169
DALLAS COUNTY,113,9 Years,37697,19306,18391,6079,3155,2924,8079,4105,3974,2999,1540,1459,20540,10506,10034
DALLAS COUNTY,113,10 Years,37173,19040,18133,5960,3084,2876,8115,4088,4027,3003,1559,1444,20095,10309,9786
DALLAS COUNTY,113,11 Years,36670,18794,17876,5779,3016,2763,8193,4145,4048,2854,1460,1394,19844,10173,9671
DALLAS COUNTY,113,12 Years,37115,19059,18056,5789,3007,2782,8497,4336,4161,2608,1324,1284,20221,10392,9829
DALLAS COUNTY,113,13 Years,37277,19213,18064,5944,3130,2814,8660,4473,4187,2513,1270,1243,20160,10340,9820
DALLAS COUNTY,113,14 Years,36686,18787,17899,6018,3123,2895,8830,4481,4349,2286,1159,1127,19552,10024,9528
DALLAS COUNTY,113,15 Years,35584,18150,17434,6065,3145,2920,8618,4376,4242,2153,1092,1061,18748,9537,9211
DALLAS COUNTY,113,16 Years,34915,17910,17005,6107,3172,2935,8568,4395,4173,2124,1085,1039,18116,9258,8858
DALLAS COUNTY,113,17 Years,34676,17771,16905,6355,3284,3071,8505,4297,4208,2077,1043,1034,17739,9147,8592
DALLAS COUNTY,113,18 Years,33760,17373,16387,6128,3153,2975,8208,4222,3986,2038,1039,999,17386,8959,8427
DALLAS COUNTY,113,19 Years,32512,16917,15595,5765,2993,2772,7980,4086,3894,1985,1023,962,16782,8815,7967
DALLAS COUNTY,113,20 Years,32506,16870,15636,5852,3037,2815,7900,3981,3919,2023,1014,1009,16731,8838,7893
DALLAS COUNTY,113,21 Years,33222,17163,16059,6007,3078,2929,8146,4024,4122,1978,982,996,17091,9079,8012
DALLAS COUNTY,113,22 Years,33625,17400,16225,6468,3254,3214,7898,3911,3987,2018,1011,1007,17241,9224,8017
DALLAS COUNTY,113,23 Years,34691,17988,16703,7079,3509,3570,7754,3770,3984,2163,1120,1043,17695,9589,8106
DALLAS COUNTY,113,24 Years,36403,19005,17398,7980,3986,3994,7686,3656,4030,2442,1252,1190,18295,10111,8184
DALLAS COUNTY,113,25 Years,37609,19645,17964,8639,4204,4435,7566,3578,3988,2706,1355,1351,18698,10508,8190
DALLAS COUNTY,113,26 Years,39703,20603,19100,9924,4785,5139,7445,3498,3947,3036,1550,1486,19298,10770,8528
DALLAS COUNTY,113,27 Years,41490,21165,20325,11257,5387,5870,7407,3457,3950,3382,1652,1730,19444,10669,8775
DALLAS COUNTY,113,28 Years,43076,21667,21409,12454,6002,6452,7525,3423,4102,3800,1889,1911,19297,10353,8944
DALLAS COUNTY,113,29 Years,43071,21570,21501,12794,6192,6602,7451,3405,4046,4068,2034,2034,18758,9939,8819
DALLAS COUNTY,113,30 Years,42572,21323,21249,12384,6203,6181,7471,3415,4056,4381,2091,2290,18336,9614,8722
DALLAS COUNTY,113,31 Years,43546,21756,21790,12270,6252,6018,7894,3522,4372,4650,2219,2431,18732,9763,8969
DALLAS COUNTY,113,32 Years,43185,21695,21490,11878,6077,5801,8115,3601,4514,4582,2219,2363,18610,9798,8812
DALLAS COUNTY,113,33 Years,42998,21486,21512,11475,5885,5590,8547,3728,4819,4336,2095,2241,18640,9778,8862
DALLAS COUNTY,113,34 Years,42250,21216,21034,10794,5617,5177,8808,3802,5006,4238,2101,2137,18410,9696,8714
DALLAS COUNTY,113,35 Years,38851,19617,19234,9633,5039,4594,8423,3673,4750,3819,1921,1898,16976,8984,7992
DALLAS COUNTY,113,36 Years,37198,18743,18455,9003,4681,4322,8070,3509,4561,3504,1739,1765,16621,8814,7807
DALLAS COUNTY,113,37 Years,36064,18045,18019,8517,4482,4035,7981,3457,4524,3399,1668,1731,16167,8438,7729
DALLAS COUNTY,113,38 Years,35331,17467,17864,8148,4254,3894,7739,3323,4416,3447,1685,1762,15997,8205,7792
DALLAS COUNTY,113,39 Years,35917,17936,17981,8310,4339,3971,7758,3386,4372,3342,1669,1673,16507,8542,7965
DALLAS COUNTY,113,40 Years,34350,17004,17346,8017,4141,3876,7699,3342,4357,3030,1533,1497,15604,7988,7616
DALLAS COUNTY,113,41 Years,34027,16939,17088,8133,4261,3872,7850,3475,4375,2874,1447,1427,15170,7756,7414
DALLAS COUNTY,113,42 Years,34557,17180,17377,8590,4460,4130,8145,3641,4504,2743,1405,1338,15079,7674,7405
DALLAS COUNTY,113,43 Years,34924,17242,17682,9437,4898,4539,8450,3741,4709,2728,1395,1333,14309,7208,7101
DALLAS COUNTY,113,44 Years,35007,17364,17643,9793,5085,4708,8310,3677,4633,2586,1284,1302,14318,7318,7000
DALLAS COUNTY,113,45 Years,32891,16559,16332,9412,4888,4524,7759,3523,4236,2384,1208,1176,13336,6940,6396
DALLAS COUNTY,113,46 Years,31879,15972,15907,9139,4703,4436,7747,3504,4243,2278,1153,1125,12715,6612,6103
DALLAS COUNTY,113,47 Years,31200,15610,15590,9173,4749,4424,7647,3444,4203,2079,1001,1078,12301,6416,5885
DALLAS COUNTY,113,48 Years,31141,15577,15564,9306,4780,4526,7925,3559,4366,2054,1007,1047,11856,6231,5625
DALLAS COUNTY,113,49 Years,32412,16335,16077,10333,5352,4981,8405,3808,4597,2147,1053,1094,11527,6122,5405
DALLAS COUNTY,113,50 Years,32195,16156,16039,11108,5640,5468,8271,3725,4546,2155,1071,1084,10661,5720,4941
DALLAS COUNTY,113,51 Years,32112,15928,16184,11845,5989,5856,8161,3667,4494,2107,1024,1083,9999,5248,4751
DALLAS COUNTY,113,52 Years,31832,15718,16114,12376,6168,6208,8053,3680,4373,1963,937,1026,9440,4933,4507
DALLAS COUNTY,113,53 Years,31816,15769,16047,12598,6288,6310,8090,3711,4379,1973,952,1021,9155,4818,4337
DALLAS COUNTY,113,54 Years,31916,15895,16021,12930,6446,6484,8135,3784,4351,1990,949,1041,8861,4716,4145
DALLAS COUNTY,113,55 Years,30541,15050,15491,12835,6421,6414,7755,3552,4203,1839,845,994,8112,4232,3880
DALLAS COUNTY,113,56 Years,29742,14604,15138,12955,6476,6479,7526,3457,4069,1846,861,985,7415,3810,3605
DALLAS COUNTY,113,57 Years,28877,14024,14853,12795,6305,6490,7282,3294,3988,1839,864,975,6961,3561,3400
DALLAS COUNTY,113,58 Years,27769,13561,14208,12594,6284,6310,6888,3127,3761,1740,813,927,6547,3337,3210
DALLAS COUNTY,113,59 Years,26760,13052,13708,12519,6204,6315,6507,2952,3555,1639,769,870,6095,3127,2968
DALLAS COUNTY,113,60 Years,24613,11749,12864,11850,5697,6153,5817,2602,3215,1547,721,826,5399,2729,2670
DALLAS COUNTY,113,61 Years,23743,11297,12446,11600,5599,6001,5523,2451,3072,1602,731,871,5018,2516,2502
DALLAS COUNTY,113,62 Years,22534,10575,11959,11078,5293,5785,5356,2312,3044,1459,684,775,4641,2286,2355
DALLAS COUNTY,113,63 Years,21500,10110,11390,10398,4991,5407,5266,2251,3015,1438,668,770,4398,2200,2198
DALLAS COUNTY,113,64 Years,20584,9646,10938,10096,4821,5275,4994,2164,2830,1440,666,774,4054,1995,2059
DALLAS COUNTY,113,65 Years,19584,9185,10399,9739,4630,5109,4768,2083,2685,1310,607,703,3767,1865,1902
DALLAS COUNTY,113,66 Years,19097,8857,10240,9976,4705,5271,4500,1968,2532,1186,552,634,3435,1632,1803
DALLAS COUNTY,113,67 Years,18475,8548,9927,10282,4882,5400,3939,1698,2241,1108,510,598,3146,1458,1688
DALLAS COUNTY,113,68 Years,15096,6947,8149,7953,3744,4209,3363,1428,1935,957,447,510,2823,1328,1495
DALLAS COUNTY,113,69 Years,14006,6341,7665,7258,3329,3929,3238,1326,1912,965,454,511,2545,1232,1313
DALLAS COUNTY,113,70 Years,13443,6134,7309,7202,3385,3817,2957,1231,1726,896,414,482,2388,1104,1284
DALLAS COUNTY,113,71 Years,12732,5740,6992,7059,3248,3811,2755,1143,1612,817,394,423,2101,955,1146
DALLAS COUNTY,113,72 Years,11302,5008,6294,6288,2826,3462,2486,1020,1466,703,324,379,1825,838,987
DALLAS COUNTY,113,73 Years,10493,4608,5885,5830,2611,3219,2287,903,1384,633,291,342,1743,803,940
DALLAS COUNTY,113,74 Years,9682,4211,5471,5401,2387,3014,2051,814,1237,594,276,318,1636,734,902
DALLAS COUNTY,113,75 Years,8989,3915,5074,5158,2287,2871,1822,729,1093,543,255,288,1466,644,822
DALLAS COUNTY,113,76 Years,8380,3655,4725,4904,2177,2727,1641,653,988,484,230,254,1351,595,756
DALLAS COUNTY,113,77 Years,7715,3266,4449,4522,1942,2580,1529,587,942,456,208,248,1208,529,679
DALLAS COUNTY,113,78 Years,7303,3047,4256,4363,1866,2497,1413,516,897,423,184,239,1104,481,623
DALLAS COUNTY,113,79 Years,7087,2871,4216,4347,1762,2585,1351,524,827,364,156,208,1025,429,596
DALLAS COUNTY,113,80 Years,6545,2651,3894,4072,1652,2420,1260,474,786,306,134,172,907,391,516
DALLAS COUNTY,113,81 Years,6041,2390,3651,3837,1542,2295,1159,399,760,277,125,152,768,324,444
DALLAS COUNTY,113,82 Years,5637,2224,3413,3729,1502,2227,950,324,626,259,103,156,699,295,404
DALLAS COUNTY,113,83 Years,5293,2041,3252,3521,1385,2136,866,288,578,240,95,145,666,273,393
DALLAS COUNTY,113,84 Years,4984,1860,3124,3305,1264,2041,840,257,583,227,88,139,612,251,361
DALLAS COUNTY,113,85 Years +,27169,8971,18198,19293,6482,12811,4215,1145,3070,1030,383,647,2631,961,1670
DAWSON COUNTY,115,All Ages,13531,7694,5837,5046,2818,2228,839,625,214,224,124,100,7422,4127,3295
DAWSON COUNTY,115,< 1 Year,170,84,86,41,20,21,7,5,2,19,8,11,103,51,52
DAWSON COUNTY,115,1 Years,167,89,78,43,24,19,7,5,2,14,9,5,103,51,52
DAWSON COUNTY,115,2 Years,171,91,80,47,26,21,6,3,3,12,8,4,106,54,52
DAWSON COUNTY,115,3 Years,169,91,78,47,24,23,8,5,3,8,7,1,106,55,51
DAWSON COUNTY,115,4 Years,190,103,87,50,33,17,7,2,5,5,2,3,128,66,62
DAWSON COUNTY,115,5 Years,200,104,96,64,36,28,7,4,3,4,2,2,125,62,63
DAWSON COUNTY,115,6 Years,200,106,94,52,28,24,5,4,1,3,1,2,140,73,67
DAWSON COUNTY,115,7 Years,199,105,94,43,23,20,6,2,4,2,1,1,148,79,69
DAWSON COUNTY,115,8 Years,194,99,95,54,30,24,3,0,3,3,2,1,134,67,67
DAWSON COUNTY,115,9 Years,178,93,85,52,28,24,6,3,3,5,4,1,115,58,57
DAWSON COUNTY,115,10 Years,171,98,73,44,26,18,5,2,3,4,3,1,118,67,51
DAWSON COUNTY,115,11 Years,178,96,82,42,24,18,6,3,3,3,2,1,127,67,60
DAWSON COUNTY,115,12 Years,174,94,80,45,25,20,5,3,2,5,4,1,119,62,57
DAWSON COUNTY,115,13 Years,185,92,93,45,22,23,6,3,3,3,1,2,131,66,65
DAWSON COUNTY,115,14 Years,185,105,80,53,25,28,9,6,3,3,0,3,120,74,46
DAWSON COUNTY,115,15 Years,179,99,80,51,29,22,15,11,4,1,0,1,112,59,53
DAWSON COUNTY,115,16 Years,159,90,69,40,24,16,9,8,1,1,1,0,109,57,52
DAWSON COUNTY,115,17 Years,162,90,72,40,23,17,9,6,3,1,0,1,112,61,51
DAWSON COUNTY,115,18 Years,183,102,81,47,26,21,11,7,4,2,2,0,123,67,56
DAWSON COUNTY,115,19 Years,201,122,79,42,22,20,16,11,5,5,3,2,138,86,52
DAWSON COUNTY,115,20 Years,200,127,73,39,25,14,13,10,3,2,1,1,146,91,55
DAWSON COUNTY,115,21 Years,238,156,82,56,33,23,30,27,3,3,3,0,149,93,56
DAWSON COUNTY,115,22 Years,251,171,80,66,42,24,32,30,2,3,2,1,150,97,53
DAWSON COUNTY,115,23 Years,219,153,66,60,41,19,26,23,3,4,3,1,129,86,43
DAWSON COUNTY,115,24 Years,238,173,65,64,44,20,28,26,2,3,2,1,143,101,42
DAWSON COUNTY,115,25 Years,273,200,73,95,72,23,35,32,3,4,3,1,139,93,46
DAWSON COUNTY,115,26 Years,221,178,43,76,57,19,29,29,0,4,4,0,112,88,24
DAWSON COUNTY,115,27 Years,230,160,70,75,52,23,27,24,3,3,1,2,125,83,42
DAWSON COUNTY,115,28 Years,252,195,57,94,77,17,33,31,2,3,3,0,122,84,38
DAWSON COUNTY,115,29 Years,271,207,64,103,82,21,26,25,1,2,1,1,140,99,41
DAWSON COUNTY,115,30 Years,249,171,78,90,61,29,23,21,2,3,2,1,133,87,46
DAWSON COUNTY,115,31 Years,229,153,76,88,60,28,21,19,2,2,1,1,118,73,45
DAWSON COUNTY,115,32 Years,224,149,75,85,60,25,19,17,2,3,3,0,117,69,48
DAWSON COUNTY,115,33 Years,197,124,73,70,46,24,9,6,3,3,3,0,115,69,46
DAWSON COUNTY,115,34 Years,163,91,72,63,40,23,5,3,2,5,3,2,90,45,45
DAWSON COUNTY,115,35 Years,183,116,67,59,38,21,12,11,1,1,0,1,111,67,44
DAWSON COUNTY,115,36 Years,178,118,60,49,32,17,13,11,2,2,1,1,114,74,40
DAWSON COUNTY,115,37 Years,179,120,59,60,42,18,8,8,0,2,2,0,109,68,41
DAWSON COUNTY,115,38 Years,155,96,59,56,40,16,5,4,1,2,1,1,92,51,41
DAWSON COUNTY,115,39 Years,150,92,58,56,35,21,13,11,2,2,1,1,79,45,34
DAWSON COUNTY,115,40 Years,163,105,58,53,34,19,15,14,1,1,1,0,94,56,38
DAWSON COUNTY,115,41 Years,146,84,62,47,27,20,19,16,3,1,0,1,79,41,38
DAWSON COUNTY,115,42 Years,117,61,56,52,29,23,9,6,3,4,2,2,52,24,28
DAWSON COUNTY,115,43 Years,150,82,68,62,37,25,2,1,1,5,1,4,81,43,38
DAWSON COUNTY,115,44 Years,145,77,68,55,32,23,9,6,3,3,1,2,78,38,40
DAWSON COUNTY,115,45 Years,130,62,68,54,27,27,6,5,1,1,0,1,69,30,39
DAWSON COUNTY,115,46 Years,144,82,62,56,30,26,9,9,0,0,0,0,79,43,36
DAWSON COUNTY,115,47 Years,137,76,61,39,23,16,13,10,3,3,1,2,82,42,40
DAWSON COUNTY,115,48 Years,125,71,54,30,16,14,8,5,3,2,1,1,85,49,36
DAWSON COUNTY,115,49 Years,156,88,68,54,32,22,15,11,4,1,0,1,86,45,41
DAWSON COUNTY,115,50 Years,151,86,65,60,38,22,10,6,4,1,0,1,80,42,38
DAWSON COUNTY,115,51 Years,159,89,70,62,37,25,5,2,3,1,0,1,91,50,41
DAWSON COUNTY,115,52 Years,184,97,87,69,36,33,14,10,4,0,0,0,101,51,50
DAWSON COUNTY,115,53 Years,170,90,80,69,37,32,7,3,4,1,1,0,93,49,44
DAWSON COUNTY,115,54 Years,156,83,73,70,37,33,4,1,3,1,0,1,81,45,36
DAWSON COUNTY,115,55 Years,144,74,70,70,37,33,7,3,4,1,1,0,66,33,33
DAWSON COUNTY,115,56 Years,139,70,69,61,30,31,7,4,3,4,1,3,67,35,32
DAWSON COUNTY,115,57 Years,161,76,85,70,33,37,8,3,5,3,1,2,80,39,41
DAWSON COUNTY,115,58 Years,142,65,77,71,35,36,6,1,5,1,0,1,64,29,35
DAWSON COUNTY,115,59 Years,156,79,77,75,36,39,10,7,3,1,0,1,70,36,34
DAWSON COUNTY,115,60 Years,138,75,63,70,38,32,6,5,1,2,0,2,60,32,28
DAWSON COUNTY,115,61 Years,143,77,66,71,39,32,9,5,4,2,0,2,61,33,28
DAWSON COUNTY,115,62 Years,129,63,66,64,27,37,8,5,3,2,2,0,55,29,26
DAWSON COUNTY,115,63 Years,134,68,66,65,32,33,4,2,2,1,0,1,64,34,30
DAWSON COUNTY,115,64 Years,114,55,59,60,28,32,4,2,2,2,1,1,48,24,24
DAWSON COUNTY,115,65 Years,110,61,49,59,32,27,3,2,1,1,1,0,47,26,21
DAWSON COUNTY,115,66 Years,121,64,57,71,34,37,4,2,2,2,2,0,44,26,18
DAWSON COUNTY,115,67 Years,124,52,72,67,28,39,2,1,1,1,0,1,54,23,31
DAWSON COUNTY,115,68 Years,109,40,69,52,19,33,3,1,2,1,0,1,53,20,33
DAWSON COUNTY,115,69 Years,103,40,63,51,19,32,4,0,4,1,0,1,47,21,26
DAWSON COUNTY,115,70 Years,112,48,64,54,25,29,5,0,5,4,1,3,49,22,27
DAWSON COUNTY,115,71 Years,101,50,51,59,30,29,2,1,1,1,0,1,39,19,20
DAWSON COUNTY,115,72 Years,93,37,56,57,23,34,3,1,2,0,0,0,33,13,20
DAWSON COUNTY,115,73 Years,82,37,45,52,25,27,4,2,2,1,1,0,25,9,16
DAWSON COUNTY,115,74 Years,82,37,45,45,20,25,4,2,2,1,1,0,32,14,18
DAWSON COUNTY,115,75 Years,81,35,46,45,19,26,3,0,3,0,0,0,33,16,17
DAWSON COUNTY,115,76 Years,79,36,43,48,22,26,2,0,2,0,0,0,29,14,15
DAWSON COUNTY,115,77 Years,71,29,42,46,21,25,1,0,1,2,1,1,22,7,15
DAWSON COUNTY,115,78 Years,80,27,53,54,19,35,1,0,1,0,0,0,25,8,17
DAWSON COUNTY,115,79 Years,83,34,49,55,23,32,1,0,1,2,1,1,25,10,15
DAWSON COUNTY,115,80 Years,70,33,37,45,21,24,2,1,1,1,1,0,22,10,12
DAWSON COUNTY,115,81 Years,62,26,36,43,19,24,1,1,0,0,0,0,18,6,12
DAWSON COUNTY,115,82 Years,65,29,36,49,21,28,2,1,1,0,0,0,14,7,7
DAWSON COUNTY,115,83 Years,53,23,30,37,16,21,2,0,2,0,0,0,14,7,7
DAWSON COUNTY,115,84 Years,51,23,28,34,14,20,3,2,1,0,0,0,14,7,7
DAWSON COUNTY,115,85 Years +,251,95,156,168,64,104,13,5,8,3,1,2,67,25,42
DEAF SMITH COUNTY,117,All Ages,19592,9812,9780,5450,2652,2798,156,67,89,230,108,122,13756,6985,6771
DEAF SMITH COUNTY,117,< 1 Year,338,164,174,42,20,22,2,1,1,1,0,1,293,143,150
DEAF SMITH COUNTY,117,1 Years,339,169,170,48,23,25,2,1,1,1,0,1,288,145,143
DEAF SMITH COUNTY,117,2 Years,356,177,179,51,24,27,2,1,1,1,0,1,302,152,150
DEAF SMITH COUNTY,117,3 Years,350,177,173,50,22,28,3,2,1,2,1,1,295,152,143
DEAF SMITH COUNTY,117,4 Years,352,167,185,55,27,28,1,0,1,1,1,0,295,139,156
DEAF SMITH COUNTY,117,5 Years,343,163,180,54,28,26,1,0,1,5,3,2,283,132,151
DEAF SMITH COUNTY,117,6 Years,372,183,189,56,31,25,0,0,0,7,3,4,309,149,160
DEAF SMITH COUNTY,117,7 Years,369,199,170,44,23,21,2,1,1,5,3,2,318,172,146
DEAF SMITH COUNTY,117,8 Years,342,184,158,54,29,25,1,1,0,3,3,0,284,151,133
DEAF SMITH COUNTY,117,9 Years,337,171,166,57,31,26,1,0,1,5,2,3,274,138,136
DEAF SMITH COUNTY,117,10 Years,350,172,178,51,26,25,5,1,4,8,4,4,286,141,145
DEAF SMITH COUNTY,117,11 Years,346,165,181,61,27,34,2,0,2,3,2,1,280,136,144
DEAF SMITH COUNTY,117,12 Years,338,175,163,68,38,30,0,0,0,4,2,2,266,135,131
DEAF SMITH COUNTY,117,13 Years,333,165,168,69,33,36,1,1,0,5,1,4,258,130,128
DEAF SMITH COUNTY,117,14 Years,340,166,174,63,31,32,0,0,0,4,1,3,273,134,139
DEAF SMITH COUNTY,117,15 Years,336,168,168,77,39,38,1,0,1,4,2,2,254,127,127
DEAF SMITH COUNTY,117,16 Years,331,172,159,69,33,36,2,1,1,3,2,1,257,136,121
DEAF SMITH COUNTY,117,17 Years,306,154,152,59,33,26,2,1,1,2,2,0,243,118,125
DEAF SMITH COUNTY,117,18 Years,301,158,143,66,38,28,3,2,1,3,3,0,229,115,114
DEAF SMITH COUNTY,117,19 Years,287,155,132,57,29,28,2,2,0,1,1,0,227,123,104
DEAF SMITH COUNTY,117,20 Years,289,160,129,50,26,24,1,1,0,3,0,3,235,133,102
DEAF SMITH COUNTY,117,21 Years,289,158,131,57,26,31,3,2,1,3,1,2,226,129,97
DEAF SMITH COUNTY,117,22 Years,306,162,144,60,35,25,2,0,2,4,1,3,240,126,114
DEAF SMITH COUNTY,117,23 Years,279,136,143,42,22,20,1,0,1,4,0,4,232,114,118
DEAF SMITH COUNTY,117,24 Years,255,138,117,38,18,20,2,1,1,3,2,1,212,117,95
DEAF SMITH COUNTY,117,25 Years,258,142,116,44,25,19,0,0,0,2,0,2,212,117,95
DEAF SMITH COUNTY,117,26 Years,272,152,120,55,35,20,2,0,2,4,2,2,211,115,96
DEAF SMITH COUNTY,117,27 Years,233,132,101,47,28,19,2,0,2,2,1,1,182,103,79
DEAF SMITH COUNTY,117,28 Years,236,114,122,46,21,25,4,1,3,2,1,1,184,91,93
DEAF SMITH COUNTY,117,29 Years,237,125,112,53,26,27,3,2,1,4,2,2,177,95,82
DEAF SMITH COUNTY,117,30 Years,252,125,127,58,24,34,1,1,0,2,1,1,191,99,92
DEAF SMITH COUNTY,117,31 Years,246,127,119,49,27,22,1,0,1,7,3,4,189,97,92
DEAF SMITH COUNTY,117,32 Years,240,119,121,42,26,16,2,1,1,4,1,3,192,91,101
DEAF SMITH COUNTY,117,33 Years,240,123,117,53,28,25,0,0,0,1,0,1,186,95,91
DEAF SMITH COUNTY,117,34 Years,270,137,133,56,24,32,3,1,2,7,4,3,204,108,96
DEAF SMITH COUNTY,117,35 Years,251,128,123,52,24,28,2,1,1,3,2,1,194,101,93
DEAF SMITH COUNTY,117,36 Years,235,126,109,45,22,23,1,1,0,2,1,1,187,102,85
DEAF SMITH COUNTY,117,37 Years,243,117,126,49,23,26,3,2,1,4,3,1,187,89,98
DEAF SMITH COUNTY,117,38 Years,242,119,123,54,27,27,4,2,2,2,1,1,182,89,93
DEAF SMITH COUNTY,117,39 Years,231,115,116,51,23,28,3,1,2,1,1,0,176,90,86
DEAF SMITH COUNTY,117,40 Years,203,104,99,46,26,20,1,0,1,2,1,1,154,77,77
DEAF SMITH COUNTY,117,41 Years,202,105,97,49,25,24,1,0,1,3,1,2,149,79,70
DEAF SMITH COUNTY,117,42 Years,226,109,117,54,26,28,2,1,1,6,2,4,164,80,84
DEAF SMITH COUNTY,117,43 Years,233,117,116,68,32,36,3,2,1,5,1,4,157,82,75
DEAF SMITH COUNTY,117,44 Years,237,124,113,74,34,40,6,2,4,1,0,1,156,88,68
DEAF SMITH COUNTY,117,45 Years,234,115,119,62,29,33,2,1,1,3,2,1,167,83,84
DEAF SMITH COUNTY,117,46 Years,203,97,106,49,22,27,0,0,0,3,1,2,151,74,77
DEAF SMITH COUNTY,117,47 Years,221,114,107,64,38,26,2,1,1,3,1,2,152,74,78
DEAF SMITH COUNTY,117,48 Years,221,120,101,64,32,32,2,1,1,1,1,0,154,86,68
DEAF SMITH COUNTY,117,49 Years,242,120,122,73,36,37,4,2,2,5,3,2,160,79,81
DEAF SMITH COUNTY,117,50 Years,218,116,102,71,38,33,3,2,1,2,1,1,142,75,67
DEAF SMITH COUNTY,117,51 Years,214,113,101,68,36,32,3,0,3,2,1,1,141,76,65
DEAF SMITH COUNTY,117,52 Years,220,110,110,79,37,42,2,1,1,2,1,1,137,71,66
DEAF SMITH COUNTY,117,53 Years,239,112,127,90,44,46,3,2,1,5,1,4,141,65,76
DEAF SMITH COUNTY,117,54 Years,213,107,106,79,39,40,2,1,1,2,0,2,130,67,63
DEAF SMITH COUNTY,117,55 Years,215,117,98,82,40,42,4,2,2,1,1,0,128,74,54
DEAF SMITH COUNTY,117,56 Years,245,126,119,102,52,50,3,3,0,1,0,1,139,71,68
DEAF SMITH COUNTY,117,57 Years,234,121,113,107,58,49,2,1,1,0,0,0,125,62,63
DEAF SMITH COUNTY,117,58 Years,218,106,112,99,49,50,1,0,1,0,0,0,118,57,61
DEAF SMITH COUNTY,117,59 Years,212,103,109,93,42,51,2,2,0,0,0,0,117,59,58
DEAF SMITH COUNTY,117,60 Years,217,103,114,99,48,51,4,1,3,3,2,1,111,52,59
DEAF SMITH COUNTY,117,61 Years,200,102,98,100,52,48,2,1,1,4,3,1,94,46,48
DEAF SMITH COUNTY,117,62 Years,196,96,100,96,47,49,2,2,0,5,3,2,93,44,49
DEAF SMITH COUNTY,117,63 Years,188,88,100,87,39,48,2,0,2,3,1,2,96,48,48
DEAF SMITH COUNTY,117,64 Years,182,86,96,93,42,51,2,0,2,1,0,1,86,44,42
DEAF SMITH COUNTY,117,65 Years,175,89,86,89,44,45,1,0,1,3,1,2,82,44,38
DEAF SMITH COUNTY,117,66 Years,156,75,81,81,39,42,1,0,1,4,1,3,70,35,35
DEAF SMITH COUNTY,117,67 Years,140,69,71,80,38,42,0,0,0,4,2,2,56,29,27
DEAF SMITH COUNTY,117,68 Years,113,50,63,63,29,34,1,1,0,3,1,2,46,19,27
DEAF SMITH COUNTY,117,69 Years,118,44,74,54,22,32,3,1,2,2,1,1,59,20,39
DEAF SMITH COUNTY,117,70 Years,126,53,73,66,30,36,3,1,2,1,1,0,56,21,35
DEAF SMITH COUNTY,117,71 Years,115,60,55,56,30,26,2,1,1,3,2,1,54,27,27
DEAF SMITH COUNTY,117,72 Years,97,52,45,54,29,25,0,0,0,2,1,1,41,22,19
DEAF SMITH COUNTY,117,73 Years,101,47,54,60,28,32,1,0,1,0,0,0,40,19,21
DEAF SMITH COUNTY,117,74 Years,99,45,54,60,28,32,1,0,1,1,1,0,37,16,21
DEAF SMITH COUNTY,117,75 Years,90,43,47,50,26,24,1,0,1,1,1,0,38,16,22
DEAF SMITH COUNTY,117,76 Years,90,43,47,55,26,29,0,0,0,1,0,1,34,17,17
DEAF SMITH COUNTY,117,77 Years,90,38,52,50,20,30,0,0,0,2,1,1,38,17,21
DEAF SMITH COUNTY,117,78 Years,79,35,44,50,20,30,2,1,1,1,1,0,26,13,13
DEAF SMITH COUNTY,117,79 Years,72,35,37,47,23,24,1,0,1,0,0,0,24,12,12
DEAF SMITH COUNTY,117,80 Years,75,32,43,52,21,31,0,0,0,0,0,0,23,11,12
DEAF SMITH COUNTY,117,81 Years,66,29,37,45,21,24,2,0,2,0,0,0,19,8,11
DEAF SMITH COUNTY,117,82 Years,62,25,37,42,17,25,2,0,2,0,0,0,18,8,10
DEAF SMITH COUNTY,117,83 Years,61,25,36,44,17,27,0,0,0,0,0,0,17,8,9
DEAF SMITH COUNTY,117,84 Years,59,23,36,42,15,27,0,0,0,1,1,0,16,7,9
DEAF SMITH COUNTY,117,85 Years +,305,110,195,210,71,139,2,2,0,6,3,3,87,34,53
DELTA COUNTY,119,All Ages,5236,2557,2679,4282,2090,2192,383,179,204,236,104,132,335,184,151
DELTA COUNTY,119,< 1 Year,58,31,27,35,20,15,6,3,3,4,1,3,13,7,6
DELTA COUNTY,119,1 Years,59,27,32,35,17,18,8,3,5,4,3,1,12,4,8
DELTA COUNTY,119,2 Years,55,25,30,33,15,18,6,3,3,6,4,2,10,3,7
DELTA COUNTY,119,3 Years,57,26,31,36,16,20,7,3,4,7,6,1,7,1,6
DELTA COUNTY,119,4 Years,60,24,36,40,18,22,7,2,5,5,3,2,8,1,7
DELTA COUNTY,119,5 Years,62,28,34,39,17,22,7,2,5,7,5,2,9,4,5
DELTA COUNTY,119,6 Years,48,25,23,35,16,19,5,4,1,3,2,1,5,3,2
DELTA COUNTY,119,7 Years,62,32,30,46,22,24,7,4,3,3,1,2,6,5,1
DELTA COUNTY,119,8 Years,66,37,29,45,25,20,4,1,3,6,2,4,11,9,2
DELTA COUNTY,119,9 Years,56,28,28,42,21,21,2,0,2,5,2,3,7,5,2
DELTA COUNTY,119,10 Years,55,26,29,40,19,21,3,0,3,4,2,2,8,5,3
DELTA COUNTY,119,11 Years,67,35,32,46,25,21,4,1,3,6,3,3,11,6,5
DELTA COUNTY,119,12 Years,63,36,27,53,31,22,2,1,1,2,1,1,6,3,3
DELTA COUNTY,119,13 Years,60,35,25,47,28,19,4,3,1,6,2,4,3,2,1
DELTA COUNTY,119,14 Years,67,35,32,51,28,23,6,4,2,5,2,3,5,1,4
DELTA COUNTY,119,15 Years,68,28,40,53,23,30,6,2,4,3,1,2,6,2,4
DELTA COUNTY,119,16 Years,58,26,32,45,20,25,3,1,2,4,0,4,6,5,1
DELTA COUNTY,119,17 Years,63,34,29,47,24,23,6,4,2,5,2,3,5,4,1
DELTA COUNTY,119,18 Years,72,42,30,53,30,23,6,4,2,5,3,2,8,5,3
DELTA COUNTY,119,19 Years,72,38,34,49,26,23,10,3,7,4,4,0,9,5,4
DELTA COUNTY,119,20 Years,70,37,33,51,27,24,10,4,6,2,1,1,7,5,2
DELTA COUNTY,119,21 Years,65,35,30,52,28,24,6,3,3,4,2,2,3,2,1
DELTA COUNTY,119,22 Years,63,36,27,44,26,18,9,4,5,6,4,2,4,2,2
DELTA COUNTY,119,23 Years,56,33,23,41,25,16,7,3,4,2,1,1,6,4,2
DELTA COUNTY,119,24 Years,64,34,30,47,25,22,7,4,3,2,1,1,8,4,4
DELTA COUNTY,119,25 Years,60,34,26,51,28,23,4,3,1,2,2,0,3,1,2
DELTA COUNTY,119,26 Years,43,19,24,34,13,21,5,3,2,3,2,1,1,1,0
DELTA COUNTY,119,27 Years,60,28,32,47,24,23,8,2,6,2,1,1,3,1,2
DELTA COUNTY,119,28 Years,52,23,29,40,20,20,7,1,6,0,0,0,5,2,3
DELTA COUNTY,119,29 Years,46,23,23,38,20,18,3,0,3,2,1,1,3,2,1
DELTA COUNTY,119,30 Years,56,28,28,48,24,24,3,1,2,1,0,1,4,3,1
DELTA COUNTY,119,31 Years,58,31,27,46,23,23,4,2,2,2,2,0,6,4,2
DELTA COUNTY,119,32 Years,42,21,21,35,18,17,2,1,1,2,0,2,3,2,1
DELTA COUNTY,119,33 Years,45,17,28,36,14,22,3,1,2,3,1,2,3,1,2
DELTA COUNTY,119,34 Years,62,25,37,52,20,32,3,1,2,3,1,2,4,3,1
DELTA COUNTY,119,35 Years,51,28,23,45,23,22,1,1,0,1,1,0,4,3,1
DELTA COUNTY,119,36 Years,45,25,20,42,22,20,2,2,0,0,0,0,1,1,0
DELTA COUNTY,119,37 Years,49,24,25,40,19,21,2,1,1,2,1,1,5,3,2
DELTA COUNTY,119,38 Years,52,27,25,44,23,21,4,2,2,0,0,0,4,2,2
DELTA COUNTY,119,39 Years,51,26,25,46,24,22,2,1,1,1,0,1,2,1,1
DELTA COUNTY,119,40 Years,64,32,32,48,27,21,6,2,4,5,0,5,5,3,2
DELTA COUNTY,119,41 Years,56,31,25,43,26,17,6,2,4,2,0,2,5,3,2
DELTA COUNTY,119,42 Years,58,27,31,48,25,23,5,1,4,2,0,2,3,1,2
DELTA COUNTY,119,43 Years,59,28,31,50,25,25,4,2,2,1,0,1,4,1,3
DELTA COUNTY,119,44 Years,63,28,35,56,25,31,3,2,1,1,0,1,3,1,2
DELTA COUNTY,119,45 Years,69,32,37,54,25,29,9,4,5,3,1,2,3,2,1
DELTA COUNTY,119,46 Years,63,33,30,51,26,25,7,4,3,4,2,2,1,1,0
DELTA COUNTY,119,47 Years,62,30,32,52,24,28,7,5,2,1,0,1,2,1,1
DELTA COUNTY,119,48 Years,69,30,39,60,24,36,5,4,1,1,0,1,3,2,1
DELTA COUNTY,119,49 Years,75,31,44,65,26,39,4,2,2,2,1,1,4,2,2
DELTA COUNTY,119,50 Years,65,28,37,55,24,31,7,4,3,1,0,1,2,0,2
DELTA COUNTY,119,51 Years,60,28,32,49,24,25,6,1,5,1,0,1,4,3,1
DELTA COUNTY,119,52 Years,62,34,28,56,30,26,2,1,1,2,1,1,2,2,0
DELTA COUNTY,119,53 Years,72,42,30,63,36,27,3,3,0,3,1,2,3,2,1
DELTA COUNTY,119,54 Years,71,39,32,62,33,29,2,2,0,6,3,3,1,1,0
DELTA COUNTY,119,55 Years,82,32,50,66,26,40,7,4,3,3,1,2,6,1,5
DELTA COUNTY,119,56 Years,89,47,42,76,40,36,6,4,2,3,2,1,4,1,3
DELTA COUNTY,119,57 Years,96,47,49,83,40,43,5,3,2,6,3,3,2,1,1
DELTA COUNTY,119,58 Years,93,44,49,74,37,37,6,2,4,8,3,5,5,2,3
DELTA COUNTY,119,59 Years,68,33,35,56,28,28,5,3,2,4,1,3,3,1,2
DELTA COUNTY,119,60 Years,71,33,38,59,27,32,3,2,1,4,1,3,5,3,2
DELTA COUNTY,119,61 Years,79,38,41,72,34,38,3,2,1,3,1,2,1,1,0
DELTA COUNTY,119,62 Years,72,32,40,60,25,35,6,4,2,4,2,2,2,1,1
DELTA COUNTY,119,63 Years,69,32,37,64,29,35,2,1,1,2,1,1,1,1,0
DELTA COUNTY,119,64 Years,78,37,41,67,29,38,6,3,3,2,2,0,3,3,0
DELTA COUNTY,119,65 Years,82,36,46,74,31,43,5,2,3,1,1,0,2,2,0
DELTA COUNTY,119,66 Years,77,38,39,69,35,34,3,1,2,3,0,3,2,2,0
DELTA COUNTY,119,67 Years,78,37,41,71,33,38,2,1,1,3,1,2,2,2,0
DELTA COUNTY,119,68 Years,72,30,42,67,28,39,3,1,2,2,1,1,0,0,0
DELTA COUNTY,119,69 Years,67,31,36,62,29,33,3,1,2,2,1,1,0,0,0
DELTA COUNTY,119,70 Years,69,34,35,63,32,31,4,1,3,2,1,1,0,0,0
DELTA COUNTY,119,71 Years,74,36,38,62,31,31,5,2,3,5,2,3,2,1,1
DELTA COUNTY,119,72 Years,62,31,31,56,29,27,3,1,2,1,0,1,2,1,1
DELTA COUNTY,119,73 Years,56,28,28,50,24,26,3,2,1,2,1,1,1,1,0
DELTA COUNTY,119,74 Years,67,30,37,61,27,34,4,2,2,1,0,1,1,1,0
DELTA COUNTY,119,75 Years,49,26,23,47,24,23,2,2,0,0,0,0,0,0,0
DELTA COUNTY,119,76 Years,41,21,20,37,19,18,3,2,1,0,0,0,1,0,1
DELTA COUNTY,119,77 Years,43,21,22,38,20,18,3,1,2,1,0,1,1,0,1
DELTA COUNTY,119,78 Years,39,18,21,34,16,18,3,2,1,1,0,1,1,0,1
DELTA COUNTY,119,79 Years,36,21,15,31,17,14,3,2,1,0,0,0,2,2,0
DELTA COUNTY,119,80 Years,33,19,14,29,17,12,1,0,1,0,0,0,3,2,1
DELTA COUNTY,119,81 Years,26,13,13,24,13,11,1,0,1,0,0,0,1,0,1
DELTA COUNTY,119,82 Years,22,13,9,19,11,8,1,1,0,1,0,1,1,1,0
DELTA COUNTY,119,83 Years,17,8,9,15,7,8,0,0,0,1,0,1,1,1,0
DELTA COUNTY,119,84 Years,23,8,15,21,7,14,0,0,0,1,0,1,1,1,0
DELTA COUNTY,119,85 Years +,120,38,82,114,38,76,5,0,5,1,0,1,0,0,0
DENTON COUNTY,121,All Ages,745172,366804,378368,447645,220375,227270,64916,30875,34041,79148,38681,40467,153463,76873,76590
DENTON COUNTY,121,< 1 Year,9774,4985,4789,4913,2503,2410,859,451,408,1379,697,682,2623,1334,1289
DENTON COUNTY,121,1 Years,9643,4913,4730,4878,2469,2409,819,436,383,1347,687,660,2599,1321,1278
DENTON COUNTY,121,2 Years,9540,4876,4664,4845,2467,2378,797,420,377,1332,682,650,2566,1307,1259
DENTON COUNTY,121,3 Years,9506,4887,4619,4804,2478,2326,758,393,365,1364,704,660,2580,1312,1268
DENTON COUNTY,121,4 Years,9923,5155,4768,5042,2611,2431,788,424,364,1398,724,674,2695,1396,1299
DENTON COUNTY,121,5 Years,10033,5169,4864,5039,2585,2454,801,425,376,1467,760,707,2726,1399,1327
DENTON COUNTY,121,6 Years,10502,5318,5184,5304,2680,2624,850,430,420,1514,780,734,2834,1428,1406
DENTON COUNTY,121,7 Years,10892,5549,5343,5563,2883,2680,854,422,432,1553,797,756,2922,1447,1475
DENTON COUNTY,121,8 Years,11217,5742,5475,5804,3014,2790,878,446,432,1546,792,754,2989,1490,1499
DENTON COUNTY,121,9 Years,11625,6039,5586,6042,3139,2903,900,480,420,1592,831,761,3091,1589,1502
DENTON COUNTY,121,10 Years,11885,6121,5764,6132,3153,2979,980,518,462,1523,778,745,3250,1672,1578
DENTON COUNTY,121,11 Years,12093,6130,5963,6239,3185,3054,998,512,486,1531,764,767,3325,1669,1656
DENTON COUNTY,121,12 Years,12153,6181,5972,6258,3199,3059,1054,548,506,1502,757,745,3339,1677,1662
DENTON COUNTY,121,13 Years,12269,6327,5942,6289,3220,3069,1114,619,495,1474,754,720,3392,1734,1658
DENTON COUNTY,121,14 Years,12181,6272,5909,6298,3222,3076,1146,600,546,1461,764,697,3276,1686,1590
DENTON COUNTY,121,15 Years,11876,6084,5792,6227,3189,3038,1094,559,535,1388,705,683,3167,1631,1536
DENTON COUNTY,121,16 Years,11457,5891,5566,6027,3117,2910,1048,538,510,1355,678,677,3027,1558,1469
DENTON COUNTY,121,17 Years,11409,5825,5584,5965,3058,2907,1095,556,539,1331,673,658,3018,1538,1480
DENTON COUNTY,121,18 Years,11632,5825,5807,6052,3055,2997,1247,606,641,1273,644,629,3060,1520,1540
DENTON COUNTY,121,19 Years,11708,5860,5848,5862,2938,2924,1441,684,757,1257,596,661,3148,1642,1506
DENTON COUNTY,121,20 Years,11753,5820,5933,5925,2897,3028,1502,679,823,1259,612,647,3067,1632,1435
DENTON COUNTY,121,21 Years,11895,5836,6059,6113,2928,3185,1475,658,817,1245,617,628,3062,1633,1429
DENTON COUNTY,121,22 Years,11831,5795,6036,6298,3051,3247,1461,658,803,1182,566,616,2890,1520,1370
DENTON COUNTY,121,23 Years,11869,5411,6458,6584,3003,3581,1388,601,787,1207,539,668,2690,1268,1422
DENTON COUNTY,121,24 Years,11522,5282,6240,6586,3008,3578,1237,531,706,1191,548,643,2508,1195,1313
DENTON COUNTY,121,25 Years,11034,5266,5768,6258,2973,3285,1129,492,637,1146,555,591,2501,1246,1255
DENTON COUNTY,121,26 Years,10410,5163,5247,5832,2906,2926,1036,481,555,1021,519,502,2521,1257,1264
DENTON COUNTY,121,27 Years,9956,5083,4873,5618,2904,2714,912,406,506,975,492,483,2451,1281,1170
DENTON COUNTY,121,28 Years,10136,5230,4906,5763,2994,2769,987,460,527,1011,525,486,2375,1251,1124
DENTON COUNTY,121,29 Years,10270,5263,5007,5872,3004,2868,1028,490,538,1010,522,488,2360,1247,1113
DENTON COUNTY,121,30 Years,10161,5273,4888,5687,2944,2743,1020,501,519,1025,508,517,2429,1320,1109
DENTON COUNTY,121,31 Years,10467,5379,5088,5812,2995,2817,1056,515,541,1026,489,537,2573,1380,1193
DENTON COUNTY,121,32 Years,10396,5238,5158,5714,2917,2797,1070,514,556,1009,462,547,2603,1345,1258
DENTON COUNTY,121,33 Years,10494,5239,5255,5701,2882,2819,1125,551,574,1036,494,542,2632,1312,1320
DENTON COUNTY,121,34 Years,10739,5336,5403,5784,2922,2862,1141,544,597,1129,527,602,2685,1343,1342
DENTON COUNTY,121,35 Years,10543,5101,5442,5656,2811,2845,1093,492,601,1207,537,670,2587,1261,1326
DENTON COUNTY,121,36 Years,10622,5022,5600,5754,2754,3000,1067,472,595,1227,532,695,2574,1264,1310
DENTON COUNTY,121,37 Years,10880,5163,5717,5945,2847,3098,1066,469,597,1271,566,705,2598,1281,1317
DENTON COUNTY,121,38 Years,11124,5381,5743,6077,2993,3084,1031,452,579,1384,640,744,2632,1296,1336
DENTON COUNTY,121,39 Years,11419,5479,5940,6308,3081,3227,979,446,533,1438,652,786,2694,1300,1394
DENTON COUNTY,121,40 Years,11435,5482,5953,6387,3124,3263,1044,492,552,1460,659,801,2544,1207,1337
DENTON COUNTY,121,41 Years,11710,5767,5943,6576,3287,3289,1136,541,595,1488,710,778,2510,1229,1281
DENTON COUNTY,121,42 Years,12177,6029,6148,7177,3635,3542,1154,546,608,1390,667,723,2456,1181,1275
DENTON COUNTY,121,43 Years,12814,6301,6513,7923,3936,3987,1143,533,610,1417,699,718,2331,1133,1198
DENTON COUNTY,121,44 Years,12647,6241,6406,7965,3945,4020,1071,524,547,1357,670,687,2254,1102,1152
DENTON COUNTY,121,45 Years,11829,5856,5973,7472,3734,3738,994,479,515,1253,626,627,2110,1017,1093
DENTON COUNTY,121,46 Years,11023,5476,5547,6936,3486,3450,954,446,508,1138,574,564,1995,970,1025
DENTON COUNTY,121,47 Years,10653,5292,5361,6762,3422,3340,971,453,518,1045,520,525,1875,897,978
DENTON COUNTY,121,48 Years,10489,5186,5303,6668,3321,3347,1007,482,525,1001,487,514,1813,896,917
DENTON COUNTY,121,49 Years,10939,5398,5541,7134,3527,3607,1021,494,527,1001,485,516,1783,892,891
DENTON COUNTY,121,50 Years,11148,5546,5602,7534,3788,3746,966,441,525,980,485,495,1668,832,836
DENTON COUNTY,121,51 Years,10924,5392,5532,7496,3744,3752,937,430,507,965,460,505,1526,758,768
DENTON COUNTY,121,52 Years,10557,5174,5383,7338,3635,3703,879,400,479,895,423,472,1445,716,729
DENTON COUNTY,121,53 Years,10297,5075,5222,7313,3629,3684,829,384,445,838,413,425,1317,649,668
DENTON COUNTY,121,54 Years,9919,4875,5044,7102,3502,3600,808,377,431,782,383,399,1227,613,614
DENTON COUNTY,121,55 Years,9087,4480,4607,6560,3249,3311,700,325,375,732,363,369,1095,543,552
DENTON COUNTY,121,56 Years,8824,4371,4453,6430,3195,3235,634,299,335,729,370,359,1031,507,524
DENTON COUNTY,121,57 Years,8372,4066,4306,6156,2995,3161,591,285,306,686,335,351,939,451,488
DENTON COUNTY,121,58 Years,7842,3798,4044,5752,2805,2947,551,265,286,679,326,353,860,402,458
DENTON COUNTY,121,59 Years,7539,3699,3840,5598,2772,2826,522,241,281,625,301,324,794,385,409
DENTON COUNTY,121,60 Years,7093,3357,3736,5380,2548,2832,468,211,257,561,270,291,684,328,356
DENTON COUNTY,121,61 Years,6609,3144,3465,5029,2413,2616,423,183,240,529,249,280,628,299,329
DENTON COUNTY,121,62 Years,6215,2994,3221,4722,2313,2409,397,174,223,493,225,268,603,282,321
DENTON COUNTY,121,63 Years,5904,2795,3109,4448,2117,2331,396,176,220,480,220,260,580,282,298
DENTON COUNTY,121,64 Years,5913,2757,3156,4496,2115,2381,386,161,225,489,229,260,542,252,290
DENTON COUNTY,121,65 Years,5718,2707,3011,4419,2128,2291,336,137,199,463,215,248,500,227,273
DENTON COUNTY,121,66 Years,5706,2714,2992,4485,2154,2331,317,139,178,433,200,233,471,221,250
DENTON COUNTY,121,67 Years,5519,2602,2917,4473,2116,2357,249,112,137,365,172,193,432,202,230
DENTON COUNTY,121,68 Years,4377,2047,2330,3468,1624,1844,199,89,110,332,161,171,378,173,205
DENTON COUNTY,121,69 Years,4022,1854,2168,3223,1485,1738,145,62,83,318,155,163,336,152,184
DENTON COUNTY,121,70 Years,3951,1799,2152,3220,1486,1734,142,60,82,285,130,155,304,123,181
DENTON COUNTY,121,71 Years,3739,1716,2023,3066,1419,1647,127,56,71,272,126,146,274,115,159
DENTON COUNTY,121,72 Years,3234,1517,1717,2621,1236,1385,126,57,69,249,116,133,238,108,130
DENTON COUNTY,121,73 Years,2881,1340,1541,2337,1083,1254,104,47,57,218,104,114,222,106,116
DENTON COUNTY,121,74 Years,2581,1164,1417,2067,940,1127,101,38,63,215,104,111,198,82,116
DENTON COUNTY,121,75 Years,2320,1045,1275,1865,860,1005,94,38,56,190,89,101,171,58,113
DENTON COUNTY,121,76 Years,2150,952,1198,1743,777,966,89,38,51,159,69,90,159,68,91
DENTON COUNTY,121,77 Years,1978,866,1112,1596,702,894,84,32,52,155,66,89,143,66,77
DENTON COUNTY,121,78 Years,1800,799,1001,1442,648,794,69,26,43,148,62,86,141,63,78
DENTON COUNTY,121,79 Years,1671,688,983,1361,573,788,67,21,46,128,55,73,115,39,76
DENTON COUNTY,121,80 Years,1521,612,909,1261,509,752,56,17,39,107,48,59,97,38,59
DENTON COUNTY,121,81 Years,1372,573,799,1148,482,666,47,17,30,82,36,46,95,38,57
DENTON COUNTY,121,82 Years,1273,524,749,1083,445,638,37,12,25,72,36,36,81,31,50
DENTON COUNTY,121,83 Years,1162,433,729,991,375,616,27,5,22,73,27,46,71,26,45
DENTON COUNTY,121,84 Years,1072,400,672,929,350,579,26,7,19,62,21,41,55,22,33
DENTON COUNTY,121,85 Years +,6327,1992,4335,5623,1767,3856,168,44,124,223,71,152,313,110,203
DE WITT COUNTY,123,All Ages,20952,10990,9962,11340,5705,5635,1876,1112,764,403,182,221,7333,3991,3342
DE WITT COUNTY,123,< 1 Year,265,134,131,124,58,66,7,4,3,13,7,6,121,65,56
DE WITT COUNTY,123,1 Years,262,133,129,112,53,59,9,5,4,10,7,3,131,68,63
DE WITT COUNTY,123,2 Years,242,129,113,99,50,49,7,4,3,11,8,3,125,67,58
DE WITT COUNTY,123,3 Years,233,125,108,91,46,45,8,4,4,11,10,1,123,65,58
DE WITT COUNTY,123,4 Years,236,117,119,89,45,44,8,5,3,12,8,4,127,59,68
DE WITT COUNTY,123,5 Years,258,138,120,100,58,42,15,8,7,14,6,8,129,66,63
DE WITT COUNTY,123,6 Years,263,141,122,106,62,44,21,8,13,12,4,8,124,67,57
DE WITT COUNTY,123,7 Years,274,145,129,113,66,47,19,11,8,11,5,6,131,63,68
DE WITT COUNTY,123,8 Years,259,129,130,105,59,46,20,10,10,12,4,8,122,56,66
DE WITT COUNTY,123,9 Years,247,123,124,102,54,48,23,12,11,10,3,7,112,54,58
DE WITT COUNTY,123,10 Years,272,144,128,107,56,51,22,13,9,12,5,7,131,70,61
DE WITT COUNTY,123,11 Years,269,138,131,110,56,54,21,10,11,11,6,5,127,66,61
DE WITT COUNTY,123,12 Years,223,112,111,87,47,40,21,8,13,9,4,5,106,53,53
DE WITT COUNTY,123,13 Years,262,147,115,109,57,52,23,13,10,9,7,2,121,70,51
DE WITT COUNTY,123,14 Years,282,152,130,114,63,51,33,17,16,9,5,4,126,67,59
DE WITT COUNTY,123,15 Years,254,132,122,107,58,49,26,14,12,9,4,5,112,56,56
DE WITT COUNTY,123,16 Years,257,139,118,121,65,56,23,15,8,7,2,5,106,57,49
DE WITT COUNTY,123,17 Years,269,142,127,123,67,56,24,15,9,11,4,7,111,56,55
DE WITT COUNTY,123,18 Years,252,131,121,123,64,59,16,8,8,10,4,6,103,55,48
DE WITT COUNTY,123,19 Years,243,130,113,112,60,52,17,10,7,10,5,5,104,55,49
DE WITT COUNTY,123,20 Years,239,121,118,116,56,60,20,11,9,8,4,4,95,50,45
DE WITT COUNTY,123,21 Years,251,125,126,124,64,60,19,7,12,8,2,6,100,52,48
DE WITT COUNTY,123,22 Years,271,140,131,135,66,69,22,8,14,4,2,2,110,64,46
DE WITT COUNTY,123,23 Years,231,124,107,113,61,52,22,11,11,4,3,1,92,49,43
DE WITT COUNTY,123,24 Years,209,111,98,110,56,54,21,11,10,2,1,1,76,43,33
DE WITT COUNTY,123,25 Years,244,148,96,145,86,59,20,12,8,3,1,2,76,49,27
DE WITT COUNTY,123,26 Years,217,123,94,95,55,40,18,13,5,5,2,3,99,53,46
DE WITT COUNTY,123,27 Years,212,110,102,90,47,43,19,12,7,3,1,2,100,50,50
DE WITT COUNTY,123,28 Years,236,133,103,104,55,49,32,25,7,3,1,2,97,52,45
DE WITT COUNTY,123,29 Years,228,121,107,101,53,48,24,15,9,2,0,2,101,53,48
DE WITT COUNTY,123,30 Years,220,129,91,86,46,40,27,19,8,1,0,1,106,64,42
DE WITT COUNTY,123,31 Years,219,133,86,90,49,41,26,20,6,4,3,1,99,61,38
DE WITT COUNTY,123,32 Years,251,156,95,97,52,45,29,23,6,4,3,1,121,78,43
DE WITT COUNTY,123,33 Years,246,146,100,111,59,52,30,20,10,2,2,0,103,65,38
DE WITT COUNTY,123,34 Years,217,124,93,91,42,49,28,18,10,1,0,1,97,64,33
DE WITT COUNTY,123,35 Years,240,144,96,110,62,48,26,19,7,2,1,1,102,62,40
DE WITT COUNTY,123,36 Years,241,148,93,107,63,44,28,21,7,2,0,2,104,64,40
DE WITT COUNTY,123,37 Years,256,153,103,117,66,51,32,25,7,4,2,2,103,60,43
DE WITT COUNTY,123,38 Years,261,155,106,113,62,51,32,27,5,5,4,1,111,62,49
DE WITT COUNTY,123,39 Years,233,141,92,105,59,46,27,25,2,1,0,1,100,57,43
DE WITT COUNTY,123,40 Years,236,143,93,102,53,49,26,23,3,3,0,3,105,67,38
DE WITT COUNTY,123,41 Years,239,149,90,110,61,49,33,25,8,3,1,2,93,62,31
DE WITT COUNTY,123,42 Years,256,153,103,118,66,52,29,20,9,5,4,1,104,63,41
DE WITT COUNTY,123,43 Years,264,147,117,122,61,61,24,13,11,3,2,1,115,71,44
DE WITT COUNTY,123,44 Years,268,148,120,153,78,75,20,11,9,4,1,3,91,58,33
DE WITT COUNTY,123,45 Years,266,146,120,130,60,70,34,21,13,6,2,4,96,63,33
DE WITT COUNTY,123,46 Years,250,143,107,115,61,54,32,19,13,4,1,3,99,62,37
DE WITT COUNTY,123,47 Years,261,151,110,151,93,58,28,17,11,3,1,2,79,40,39
DE WITT COUNTY,123,48 Years,277,153,124,144,75,69,33,24,9,6,1,5,94,53,41
DE WITT COUNTY,123,49 Years,292,175,117,156,89,67,40,30,10,4,1,3,92,55,37
DE WITT COUNTY,123,50 Years,310,180,130,183,100,83,30,23,7,4,1,3,93,56,37
DE WITT COUNTY,123,51 Years,287,154,133,167,86,81,30,18,12,2,1,1,88,49,39
DE WITT COUNTY,123,52 Years,290,158,132,156,79,77,31,21,10,3,0,3,100,58,42
DE WITT COUNTY,123,53 Years,308,181,127,178,98,80,26,20,6,4,2,2,100,61,39
DE WITT COUNTY,123,54 Years,321,167,154,186,93,93,25,17,8,5,3,2,105,54,51
DE WITT COUNTY,123,55 Years,349,191,158,205,113,92,31,21,10,6,2,4,107,55,52
DE WITT COUNTY,123,56 Years,316,164,152,214,107,107,21,11,10,2,1,1,79,45,34
DE WITT COUNTY,123,57 Years,303,143,160,199,86,113,26,13,13,2,0,2,76,44,32
DE WITT COUNTY,123,58 Years,290,146,144,172,84,88,34,18,16,3,0,3,81,44,37
DE WITT COUNTY,123,59 Years,292,161,131,200,115,85,28,13,15,2,2,0,62,31,31
DE WITT COUNTY,123,60 Years,290,149,141,185,94,91,32,18,14,2,1,1,71,36,35
DE WITT COUNTY,123,61 Years,280,146,134,189,95,94,28,14,14,1,1,0,62,36,26
DE WITT COUNTY,123,62 Years,274,136,138,186,88,98,24,13,11,2,1,1,62,34,28
DE WITT COUNTY,123,63 Years,268,135,133,174,81,93,35,21,14,2,1,1,57,32,25
DE WITT COUNTY,123,64 Years,263,135,128,175,84,91,26,16,10,2,1,1,60,34,26
DE WITT COUNTY,123,65 Years,276,132,144,199,97,102,17,8,9,2,0,2,58,27,31
DE WITT COUNTY,123,66 Years,256,124,132,180,88,92,20,11,9,2,0,2,54,25,29
DE WITT COUNTY,123,67 Years,244,118,126,172,87,85,15,6,9,2,0,2,55,25,30
DE WITT COUNTY,123,68 Years,231,107,124,159,78,81,16,7,9,4,1,3,52,21,31
DE WITT COUNTY,123,69 Years,249,113,136,156,71,85,30,13,17,3,1,2,60,28,32
DE WITT COUNTY,123,70 Years,207,95,112,141,64,77,10,3,7,1,0,1,55,28,27
DE WITT COUNTY,123,71 Years,200,92,108,153,68,85,7,4,3,3,1,2,37,19,18
DE WITT COUNTY,123,72 Years,171,69,102,128,51,77,13,5,8,2,0,2,28,13,15
DE WITT COUNTY,123,73 Years,161,76,85,122,60,62,9,3,6,1,0,1,29,13,16
DE WITT COUNTY,123,74 Years,145,69,76,108,53,55,9,4,5,3,1,2,25,11,14
DE WITT COUNTY,123,75 Years,151,69,82,111,54,57,10,2,8,3,1,2,27,12,15
DE WITT COUNTY,123,76 Years,146,66,80,105,45,60,14,7,7,0,0,0,27,14,13
DE WITT COUNTY,123,77 Years,154,71,83,119,55,64,9,6,3,0,0,0,26,10,16
DE WITT COUNTY,123,78 Years,145,64,81,106,48,58,9,3,6,3,2,1,27,11,16
DE WITT COUNTY,123,79 Years,134,60,74,96,45,51,12,4,8,1,1,0,25,10,15
DE WITT COUNTY,123,80 Years,118,56,62,83,40,43,11,6,5,1,1,0,23,9,14
DE WITT COUNTY,123,81 Years,125,48,77,82,32,50,10,4,6,1,0,1,32,12,20
DE WITT COUNTY,123,82 Years,113,49,64,78,37,41,11,3,8,2,1,1,22,8,14
DE WITT COUNTY,123,83 Years,111,41,70,82,30,52,10,3,7,1,0,1,18,8,10
DE WITT COUNTY,123,84 Years,104,39,65,77,27,50,10,4,6,1,1,0,16,7,9
DE WITT COUNTY,123,85 Years +,617,212,405,499,172,327,33,10,23,3,0,3,82,30,52
DICKENS COUNTY,125,All Ages,2251,1273,978,1456,753,703,79,68,11,47,27,20,669,425,244
DICKENS COUNTY,125,< 1 Year,19,10,9,12,7,5,0,0,0,0,0,0,7,3,4
DICKENS COUNTY,125,1 Years,16,8,8,9,4,5,0,0,0,0,0,0,7,4,3
DICKENS COUNTY,125,2 Years,19,11,8,13,7,6,0,0,0,0,0,0,6,4,2
DICKENS COUNTY,125,3 Years,19,11,8,13,6,7,0,0,0,0,0,0,6,5,1
DICKENS COUNTY,125,4 Years,35,22,13,23,12,11,0,0,0,0,0,0,12,10,2
DICKENS COUNTY,125,5 Years,18,13,5,8,4,4,0,0,0,0,0,0,10,9,1
DICKENS COUNTY,125,6 Years,21,9,12,10,3,7,0,0,0,0,0,0,11,6,5
DICKENS COUNTY,125,7 Years,24,13,11,11,4,7,0,0,0,1,1,0,12,8,4
DICKENS COUNTY,125,8 Years,24,10,14,12,4,8,0,0,0,1,0,1,11,6,5
DICKENS COUNTY,125,9 Years,26,15,11,11,6,5,0,0,0,1,0,1,14,9,5
DICKENS COUNTY,125,10 Years,24,12,12,12,5,7,0,0,0,0,0,0,12,7,5
DICKENS COUNTY,125,11 Years,27,14,13,14,8,6,0,0,0,0,0,0,13,6,7
DICKENS COUNTY,125,12 Years,26,13,13,14,9,5,1,0,1,0,0,0,11,4,7
DICKENS COUNTY,125,13 Years,31,18,13,17,12,5,0,0,0,1,0,1,13,6,7
DICKENS COUNTY,125,14 Years,26,11,15,14,7,7,0,0,0,1,1,0,11,3,8
DICKENS COUNTY,125,15 Years,22,15,7,16,12,4,0,0,0,0,0,0,6,3,3
DICKENS COUNTY,125,16 Years,21,13,8,14,9,5,0,0,0,0,0,0,7,4,3
DICKENS COUNTY,125,17 Years,24,15,9,11,8,3,0,0,0,4,2,2,9,5,4
DICKENS COUNTY,125,18 Years,27,15,12,11,7,4,0,0,0,1,0,1,15,8,7
DICKENS COUNTY,125,19 Years,19,11,8,11,5,6,0,0,0,1,1,0,7,5,2
DICKENS COUNTY,125,20 Years,23,14,9,12,6,6,0,0,0,1,1,0,10,7,3
DICKENS COUNTY,125,21 Years,25,18,7,13,8,5,0,0,0,1,1,0,11,9,2
DICKENS COUNTY,125,22 Years,23,14,9,11,7,4,1,1,0,0,0,0,11,6,5
DICKENS COUNTY,125,23 Years,28,20,8,12,7,5,7,7,0,0,0,0,9,6,3
DICKENS COUNTY,125,24 Years,26,17,9,10,4,6,5,5,0,0,0,0,11,8,3
DICKENS COUNTY,125,25 Years,24,18,6,8,4,4,4,4,0,0,0,0,12,10,2
DICKENS COUNTY,125,26 Years,30,23,7,19,13,6,2,2,0,0,0,0,9,8,1
DICKENS COUNTY,125,27 Years,20,12,8,11,7,4,0,0,0,1,0,1,8,5,3
DICKENS COUNTY,125,28 Years,19,13,6,9,7,2,1,1,0,1,0,1,8,5,3
DICKENS COUNTY,125,29 Years,23,17,6,9,7,2,3,3,0,1,1,0,10,6,4
DICKENS COUNTY,125,30 Years,26,20,6,10,9,1,4,3,1,0,0,0,12,8,4
DICKENS COUNTY,125,31 Years,28,21,7,13,10,3,4,3,1,0,0,0,11,8,3
DICKENS COUNTY,125,32 Years,32,21,11,16,10,6,3,2,1,0,0,0,13,9,4
DICKENS COUNTY,125,33 Years,28,22,6,12,7,5,1,1,0,0,0,0,15,14,1
DICKENS COUNTY,125,34 Years,34,25,9,16,9,7,3,3,0,0,0,0,15,13,2
DICKENS COUNTY,125,35 Years,35,24,11,16,12,4,4,3,1,2,0,2,13,9,4
DICKENS COUNTY,125,36 Years,30,23,7,14,9,5,3,3,0,1,0,1,12,11,1
DICKENS COUNTY,125,37 Years,31,24,7,14,9,5,2,2,0,1,1,0,14,12,2
DICKENS COUNTY,125,38 Years,27,17,10,12,6,6,1,1,0,2,1,1,12,9,3
DICKENS COUNTY,125,39 Years,28,16,12,18,8,10,2,2,0,1,1,0,7,5,2
DICKENS COUNTY,125,40 Years,29,17,12,20,10,10,0,0,0,1,1,0,8,6,2
DICKENS COUNTY,125,41 Years,33,21,12,21,13,8,1,1,0,1,1,0,10,6,4
DICKENS COUNTY,125,42 Years,31,19,12,15,8,7,3,3,0,0,0,0,13,8,5
DICKENS COUNTY,125,43 Years,27,17,10,13,7,6,1,1,0,2,1,1,11,8,3
DICKENS COUNTY,125,44 Years,28,19,9,16,12,4,0,0,0,1,0,1,11,7,4
DICKENS COUNTY,125,45 Years,19,13,6,12,8,4,0,0,0,0,0,0,7,5,2
DICKENS COUNTY,125,46 Years,20,12,8,8,4,4,2,1,1,0,0,0,10,7,3
DICKENS COUNTY,125,47 Years,24,15,9,12,6,6,2,2,0,0,0,0,10,7,3
DICKENS COUNTY,125,48 Years,22,11,11,13,6,7,2,2,0,0,0,0,7,3,4
DICKENS COUNTY,125,49 Years,21,10,11,14,6,8,2,2,0,0,0,0,5,2,3
DICKENS COUNTY,125,50 Years,29,16,13,22,11,11,1,1,0,2,2,0,4,2,2
DICKENS COUNTY,125,51 Years,33,17,16,24,11,13,1,1,0,1,1,0,7,4,3
DICKENS COUNTY,125,52 Years,31,17,14,21,9,12,0,0,0,0,0,0,10,8,2
DICKENS COUNTY,125,53 Years,37,20,17,23,11,12,0,0,0,0,0,0,14,9,5
DICKENS COUNTY,125,54 Years,43,22,21,29,12,17,2,2,0,1,1,0,11,7,4
DICKENS COUNTY,125,55 Years,35,20,15,27,15,12,0,0,0,1,1,0,7,4,3
DICKENS COUNTY,125,56 Years,34,15,19,26,13,13,1,0,1,1,0,1,6,2,4
DICKENS COUNTY,125,57 Years,35,18,17,28,13,15,0,0,0,2,2,0,5,3,2
DICKENS COUNTY,125,58 Years,40,20,20,30,14,16,0,0,0,1,0,1,9,6,3
DICKENS COUNTY,125,59 Years,39,23,16,33,20,13,1,1,0,0,0,0,5,2,3
DICKENS COUNTY,125,60 Years,28,18,10,24,15,9,1,1,0,0,0,0,3,2,1
DICKENS COUNTY,125,61 Years,28,14,14,24,11,13,1,0,1,0,0,0,3,3,0
DICKENS COUNTY,125,62 Years,28,15,13,20,9,11,0,0,0,1,1,0,7,5,2
DICKENS COUNTY,125,63 Years,23,9,14,18,8,10,0,0,0,1,0,1,4,1,3
DICKENS COUNTY,125,64 Years,28,10,18,21,8,13,0,0,0,0,0,0,7,2,5
DICKENS COUNTY,125,65 Years,27,10,17,23,9,14,0,0,0,1,0,1,3,1,2
DICKENS COUNTY,125,66 Years,30,14,16,23,9,14,1,1,0,1,1,0,5,3,2
DICKENS COUNTY,125,67 Years,28,10,18,22,8,14,1,1,0,1,1,0,4,0,4
DICKENS COUNTY,125,68 Years,27,12,15,22,10,12,0,0,0,0,0,0,5,2,3
DICKENS COUNTY,125,69 Years,28,15,13,25,14,11,0,0,0,0,0,0,3,1,2
DICKENS COUNTY,125,70 Years,30,13,17,28,12,16,0,0,0,0,0,0,2,1,1
DICKENS COUNTY,125,71 Years,26,11,15,24,9,15,0,0,0,0,0,0,2,2,0
DICKENS COUNTY,125,72 Years,28,15,13,27,14,13,0,0,0,0,0,0,1,1,0
DICKENS COUNTY,125,73 Years,30,14,16,26,12,14,0,0,0,0,0,0,4,2,2
DICKENS COUNTY,125,74 Years,20,10,10,19,10,9,0,0,0,0,0,0,1,0,1
DICKENS COUNTY,125,75 Years,22,12,10,21,11,10,0,0,0,0,0,0,1,1,0
DICKENS COUNTY,125,76 Years,24,10,14,23,9,14,0,0,0,0,0,0,1,1,0
DICKENS COUNTY,125,77 Years,23,11,12,20,10,10,2,1,1,0,0,0,1,0,1
DICKENS COUNTY,125,78 Years,19,8,11,15,8,7,1,0,1,0,0,0,3,0,3
DICKENS COUNTY,125,79 Years,13,7,6,11,6,5,0,0,0,0,0,0,2,1,1
DICKENS COUNTY,125,80 Years,11,7,4,10,6,4,0,0,0,0,0,0,1,1,0
DICKENS COUNTY,125,81 Years,14,8,6,12,7,5,0,0,0,1,1,0,1,0,1
DICKENS COUNTY,125,82 Years,14,6,8,12,4,8,0,0,0,1,1,0,1,1,0
DICKENS COUNTY,125,83 Years,14,5,9,14,5,9,0,0,0,0,0,0,0,0,0
DICKENS COUNTY,125,84 Years,11,6,5,8,5,3,0,0,0,0,0,0,3,1,2
DICKENS COUNTY,125,85 Years +,59,23,36,46,17,29,2,1,1,3,1,2,8,4,4
DIMMIT COUNTY,127,All Ages,10953,5331,5622,1368,714,654,83,44,39,100,46,54,9402,4527,4875
DIMMIT COUNTY,127,< 1 Year,178,91,87,27,14,13,0,0,0,3,2,1,148,75,73
DIMMIT COUNTY,127,1 Years,185,93,92,26,12,14,0,0,0,2,1,1,157,80,77
DIMMIT COUNTY,127,2 Years,178,91,87,28,14,14,0,0,0,3,2,1,147,75,72
DIMMIT COUNTY,127,3 Years,159,81,78,23,12,11,2,1,1,2,1,1,132,67,65
DIMMIT COUNTY,127,4 Years,148,69,79,19,9,10,1,0,1,3,1,2,125,59,66
DIMMIT COUNTY,127,5 Years,165,83,82,17,10,7,1,0,1,1,0,1,146,73,73
DIMMIT COUNTY,127,6 Years,155,79,76,13,9,4,2,1,1,2,1,1,138,68,70
DIMMIT COUNTY,127,7 Years,171,82,89,15,8,7,3,1,2,0,0,0,153,73,80
DIMMIT COUNTY,127,8 Years,185,89,96,16,8,8,3,1,2,0,0,0,166,80,86
DIMMIT COUNTY,127,9 Years,181,90,91,15,7,8,1,1,0,2,1,1,163,81,82
DIMMIT COUNTY,127,10 Years,181,91,90,16,7,9,3,2,1,1,1,0,161,81,80
DIMMIT COUNTY,127,11 Years,159,79,80,15,8,7,2,1,1,1,0,1,141,70,71
DIMMIT COUNTY,127,12 Years,164,88,76,15,9,6,2,1,1,1,0,1,146,78,68
DIMMIT COUNTY,127,13 Years,186,94,92,9,6,3,0,0,0,1,1,0,176,87,89
DIMMIT COUNTY,127,14 Years,166,83,83,11,4,7,0,0,0,2,2,0,153,77,76
DIMMIT COUNTY,127,15 Years,175,85,90,18,8,10,2,1,1,2,2,0,153,74,79
DIMMIT COUNTY,127,16 Years,173,81,92,12,3,9,1,1,0,0,0,0,160,77,83
DIMMIT COUNTY,127,17 Years,175,78,97,10,2,8,1,1,0,2,1,1,162,74,88
DIMMIT COUNTY,127,18 Years,172,83,89,12,4,8,0,0,0,0,0,0,160,79,81
DIMMIT COUNTY,127,19 Years,169,89,80,9,4,5,1,0,1,1,0,1,158,85,73
DIMMIT COUNTY,127,20 Years,179,94,85,10,5,5,2,1,1,1,0,1,166,88,78
DIMMIT COUNTY,127,21 Years,174,93,81,12,6,6,2,1,1,2,0,2,158,86,72
DIMMIT COUNTY,127,22 Years,171,84,87,12,7,5,1,0,1,2,1,1,156,76,80
DIMMIT COUNTY,127,23 Years,119,59,60,13,6,7,1,0,1,1,1,0,104,52,52
DIMMIT COUNTY,127,24 Years,122,61,61,15,6,9,1,0,1,1,1,0,105,54,51
DIMMIT COUNTY,127,25 Years,120,65,55,9,4,5,2,0,2,3,3,0,106,58,48
DIMMIT COUNTY,127,26 Years,142,83,59,17,13,4,0,0,0,2,2,0,123,68,55
DIMMIT COUNTY,127,27 Years,111,61,50,17,11,6,0,0,0,1,1,0,93,49,44
DIMMIT COUNTY,127,28 Years,112,53,59,13,9,4,2,1,1,1,0,1,96,43,53
DIMMIT COUNTY,127,29 Years,96,52,44,12,8,4,1,0,1,0,0,0,83,44,39
DIMMIT COUNTY,127,30 Years,103,60,43,19,13,6,0,0,0,2,1,1,82,46,36
DIMMIT COUNTY,127,31 Years,107,50,57,15,8,7,2,1,1,1,0,1,89,41,48
DIMMIT COUNTY,127,32 Years,109,47,62,15,6,9,1,1,0,3,0,3,90,40,50
DIMMIT COUNTY,127,33 Years,103,46,57,14,7,7,1,0,1,2,0,2,86,39,47
DIMMIT COUNTY,127,34 Years,117,54,63,12,3,9,0,0,0,1,0,1,104,51,53
DIMMIT COUNTY,127,35 Years,99,52,47,14,7,7,1,0,1,0,0,0,84,45,39
DIMMIT COUNTY,127,36 Years,95,43,52,14,10,4,1,0,1,0,0,0,80,33,47
DIMMIT COUNTY,127,37 Years,122,55,67,16,11,5,0,0,0,1,0,1,105,44,61
DIMMIT COUNTY,127,38 Years,138,61,77,21,9,12,1,0,1,0,0,0,116,52,64
DIMMIT COUNTY,127,39 Years,130,66,64,18,11,7,0,0,0,1,0,1,111,55,56
DIMMIT COUNTY,127,40 Years,119,56,63,18,12,6,0,0,0,1,1,0,100,43,57
DIMMIT COUNTY,127,41 Years,93,44,49,11,6,5,0,0,0,1,0,1,81,38,43
DIMMIT COUNTY,127,42 Years,107,50,57,13,6,7,1,1,0,3,1,2,90,42,48
DIMMIT COUNTY,127,43 Years,123,65,58,15,10,5,1,1,0,1,1,0,106,53,53
DIMMIT COUNTY,127,44 Years,146,71,75,17,6,11,1,0,1,0,0,0,128,65,63
DIMMIT COUNTY,127,45 Years,123,61,62,16,8,8,1,1,0,0,0,0,106,52,54
DIMMIT COUNTY,127,46 Years,121,53,68,19,9,10,0,0,0,1,1,0,101,43,58
DIMMIT COUNTY,127,47 Years,126,55,71,20,9,11,1,1,0,2,0,2,103,45,58
DIMMIT COUNTY,127,48 Years,128,62,66,11,6,5,1,1,0,0,0,0,116,55,61
DIMMIT COUNTY,127,49 Years,136,66,70,9,3,6,1,1,0,1,0,1,125,62,63
DIMMIT COUNTY,127,50 Years,136,73,63,18,13,5,1,1,0,2,1,1,115,58,57
DIMMIT COUNTY,127,51 Years,124,67,57,13,9,4,1,1,0,0,0,0,110,57,53
DIMMIT COUNTY,127,52 Years,137,80,57,15,10,5,2,2,0,3,3,0,117,65,52
DIMMIT COUNTY,127,53 Years,146,72,74,24,12,12,1,1,0,1,1,0,120,58,62
DIMMIT COUNTY,127,54 Years,139,73,66,26,19,7,2,2,0,1,1,0,110,51,59
DIMMIT COUNTY,127,55 Years,121,65,56,17,13,4,2,1,1,1,1,0,101,50,51
DIMMIT COUNTY,127,56 Years,132,64,68,21,12,9,1,0,1,2,0,2,108,52,56
DIMMIT COUNTY,127,57 Years,137,69,68,15,7,8,2,2,0,2,1,1,118,59,59
DIMMIT COUNTY,127,58 Years,135,66,69,18,11,7,2,0,2,2,1,1,113,54,59
DIMMIT COUNTY,127,59 Years,136,69,67,17,9,8,2,2,0,4,2,2,113,56,57
DIMMIT COUNTY,127,60 Years,133,62,71,22,9,13,3,2,1,2,0,2,106,51,55
DIMMIT COUNTY,127,61 Years,140,66,74,20,11,9,1,0,1,0,0,0,119,55,64
DIMMIT COUNTY,127,62 Years,139,65,74,17,8,9,2,2,0,1,1,0,119,54,65
DIMMIT COUNTY,127,63 Years,132,66,66,25,14,11,2,2,0,0,0,0,105,50,55
DIMMIT COUNTY,127,64 Years,130,51,79,15,9,6,1,0,1,0,0,0,114,42,72
DIMMIT COUNTY,127,65 Years,150,58,92,21,11,10,1,1,0,2,0,2,126,46,80
DIMMIT COUNTY,127,66 Years,129,60,69,24,12,12,0,0,0,1,0,1,104,48,56
DIMMIT COUNTY,127,67 Years,135,65,70,24,12,12,1,0,1,0,0,0,110,53,57
DIMMIT COUNTY,127,68 Years,115,54,61,20,11,9,0,0,0,1,0,1,94,43,51
DIMMIT COUNTY,127,69 Years,102,47,55,19,8,11,0,0,0,0,0,0,83,39,44
DIMMIT COUNTY,127,70 Years,91,47,44,14,7,7,0,0,0,0,0,0,77,40,37
DIMMIT COUNTY,127,71 Years,88,39,49,15,9,6,0,0,0,0,0,0,73,30,43
DIMMIT COUNTY,127,72 Years,82,35,47,13,7,6,1,1,0,0,0,0,68,27,41
DIMMIT COUNTY,127,73 Years,80,35,45,18,10,8,2,1,1,0,0,0,60,24,36
DIMMIT COUNTY,127,74 Years,68,29,39,14,7,7,0,0,0,1,0,1,53,22,31
DIMMIT COUNTY,127,75 Years,66,30,36,9,5,4,0,0,0,0,0,0,57,25,32
DIMMIT COUNTY,127,76 Years,62,26,36,4,1,3,0,0,0,0,0,0,58,25,33
DIMMIT COUNTY,127,77 Years,58,28,30,4,2,2,0,0,0,1,0,1,53,26,27
DIMMIT COUNTY,127,78 Years,56,24,32,12,7,5,0,0,0,2,1,1,42,16,26
DIMMIT COUNTY,127,79 Years,59,27,32,12,5,7,0,0,0,1,1,0,46,21,25
DIMMIT COUNTY,127,80 Years,63,28,35,10,5,5,0,0,0,0,0,0,53,23,30
DIMMIT COUNTY,127,81 Years,53,28,25,13,6,7,0,0,0,0,0,0,40,22,18
DIMMIT COUNTY,127,82 Years,49,23,26,12,5,7,0,0,0,0,0,0,37,18,19
DIMMIT COUNTY,127,83 Years,48,19,29,8,3,5,0,0,0,0,0,0,40,16,24
DIMMIT COUNTY,127,84 Years,38,17,21,5,3,2,0,0,0,0,0,0,33,14,19
DIMMIT COUNTY,127,85 Years +,228,83,145,51,19,32,2,0,2,6,2,4,169,62,107
DONLEY COUNTY,129,All Ages,3568,1791,1777,3008,1523,1485,177,86,91,66,25,41,317,157,160
DONLEY COUNTY,129,< 1 Year,33,20,13,22,13,9,7,5,2,0,0,0,4,2,2
DONLEY COUNTY,129,1 Years,37,19,18,25,12,13,8,5,3,0,0,0,4,2,2
DONLEY COUNTY,129,2 Years,36,21,15,26,15,11,6,4,2,0,0,0,4,2,2
DONLEY COUNTY,129,3 Years,37,18,19,28,13,15,3,2,1,0,0,0,6,3,3
DONLEY COUNTY,129,4 Years,42,20,22,32,17,15,5,3,2,0,0,0,5,0,5
DONLEY COUNTY,129,5 Years,51,24,27,43,23,20,1,0,1,2,0,2,5,1,4
DONLEY COUNTY,129,6 Years,40,23,17,31,19,12,2,2,0,1,0,1,6,2,4
DONLEY COUNTY,129,7 Years,36,21,15,28,17,11,2,1,1,0,0,0,6,3,3
DONLEY COUNTY,129,8 Years,36,22,14,28,18,10,3,1,2,2,0,2,3,3,0
DONLEY COUNTY,129,9 Years,28,14,14,18,9,9,3,2,1,1,0,1,6,3,3
DONLEY COUNTY,129,10 Years,38,16,22,28,11,17,4,2,2,1,1,0,5,2,3
DONLEY COUNTY,129,11 Years,38,19,19,27,12,15,4,3,1,2,1,1,5,3,2
DONLEY COUNTY,129,12 Years,33,18,15,24,14,10,3,1,2,1,0,1,5,3,2
DONLEY COUNTY,129,13 Years,38,21,17,24,15,9,4,2,2,2,1,1,8,3,5
DONLEY COUNTY,129,14 Years,32,19,13,25,16,9,3,1,2,0,0,0,4,2,2
DONLEY COUNTY,129,15 Years,44,23,21,34,19,15,2,0,2,2,0,2,6,4,2
DONLEY COUNTY,129,16 Years,38,20,18,31,18,13,1,0,1,2,0,2,4,2,2
DONLEY COUNTY,129,17 Years,42,20,22,32,18,14,2,1,1,2,0,2,6,1,5
DONLEY COUNTY,129,18 Years,39,20,19,30,19,11,3,0,3,1,0,1,5,1,4
DONLEY COUNTY,129,19 Years,48,26,22,37,22,15,4,0,4,1,0,1,6,4,2
DONLEY COUNTY,129,20 Years,55,31,24,41,24,17,3,0,3,2,1,1,9,6,3
DONLEY COUNTY,129,21 Years,51,23,28,39,20,19,3,1,2,1,0,1,8,2,6
DONLEY COUNTY,129,22 Years,71,32,39,50,23,27,6,3,3,3,1,2,12,5,7
DONLEY COUNTY,129,23 Years,128,67,61,100,51,49,8,4,4,2,1,1,18,11,7
DONLEY COUNTY,129,24 Years,117,68,49,93,52,41,9,5,4,1,1,0,14,10,4
DONLEY COUNTY,129,25 Years,55,26,29,44,20,24,4,2,2,1,0,1,6,4,2
DONLEY COUNTY,129,26 Years,42,21,21,33,15,18,4,3,1,0,0,0,5,3,2
DONLEY COUNTY,129,27 Years,24,13,11,19,10,9,2,1,1,1,1,0,2,1,1
DONLEY COUNTY,129,28 Years,27,16,11,22,12,10,0,0,0,2,2,0,3,2,1
DONLEY COUNTY,129,29 Years,34,16,18,27,14,13,1,0,1,0,0,0,6,2,4
DONLEY COUNTY,129,30 Years,35,19,16,30,17,13,1,1,0,0,0,0,4,1,3
DONLEY COUNTY,129,31 Years,32,17,15,27,16,11,0,0,0,0,0,0,5,1,4
DONLEY COUNTY,129,32 Years,44,22,22,34,17,17,1,0,1,1,0,1,8,5,3
DONLEY COUNTY,129,33 Years,33,16,17,27,14,13,2,1,1,0,0,0,4,1,3
DONLEY COUNTY,129,34 Years,37,19,18,31,16,15,1,0,1,0,0,0,5,3,2
DONLEY COUNTY,129,35 Years,32,20,12,27,17,10,0,0,0,0,0,0,5,3,2
DONLEY COUNTY,129,36 Years,28,16,12,24,15,9,2,1,1,0,0,0,2,0,2
DONLEY COUNTY,129,37 Years,27,12,15,21,10,11,1,0,1,1,1,0,4,1,3
DONLEY COUNTY,129,38 Years,28,14,14,23,11,12,1,0,1,1,1,0,3,2,1
DONLEY COUNTY,129,39 Years,30,16,14,25,14,11,0,0,0,0,0,0,5,2,3
DONLEY COUNTY,129,40 Years,27,11,16,23,10,13,2,1,1,0,0,0,2,0,2
DONLEY COUNTY,129,41 Years,27,13,14,19,7,12,3,2,1,0,0,0,5,4,1
DONLEY COUNTY,129,42 Years,32,16,16,24,11,13,3,2,1,1,1,0,4,2,2
DONLEY COUNTY,129,43 Years,38,20,18,35,18,17,2,2,0,0,0,0,1,0,1
DONLEY COUNTY,129,44 Years,37,20,17,33,17,16,2,2,0,1,1,0,1,0,1
DONLEY COUNTY,129,45 Years,33,18,15,29,15,14,1,1,0,2,1,1,1,1,0
DONLEY COUNTY,129,46 Years,31,16,15,25,14,11,2,0,2,2,1,1,2,1,1
DONLEY COUNTY,129,47 Years,33,15,18,28,14,14,1,0,1,1,0,1,3,1,2
DONLEY COUNTY,129,48 Years,40,17,23,34,13,21,2,1,1,0,0,0,4,3,1
DONLEY COUNTY,129,49 Years,35,18,17,32,16,16,2,1,1,0,0,0,1,1,0
DONLEY COUNTY,129,50 Years,46,21,25,43,20,23,1,1,0,1,0,1,1,0,1
DONLEY COUNTY,129,51 Years,56,29,27,51,27,24,1,1,0,2,0,2,2,1,1
DONLEY COUNTY,129,52 Years,55,27,28,47,25,22,4,1,3,2,0,2,2,1,1
DONLEY COUNTY,129,53 Years,49,25,24,42,22,20,1,0,1,0,0,0,6,3,3
DONLEY COUNTY,129,54 Years,48,22,26,40,18,22,2,1,1,0,0,0,6,3,3
DONLEY COUNTY,129,55 Years,47,21,26,39,17,22,3,2,1,0,0,0,5,2,3
DONLEY COUNTY,129,56 Years,42,19,23,37,17,20,1,0,1,1,1,0,3,1,2
DONLEY COUNTY,129,57 Years,44,22,22,38,19,19,1,0,1,1,1,0,4,2,2
DONLEY COUNTY,129,58 Years,56,29,27,52,26,26,0,0,0,1,1,0,3,2,1
DONLEY COUNTY,129,59 Years,55,32,23,51,30,21,3,1,2,0,0,0,1,1,0
DONLEY COUNTY,129,60 Years,47,26,21,44,24,20,2,1,1,0,0,0,1,1,0
DONLEY COUNTY,129,61 Years,42,21,21,39,21,18,2,0,2,0,0,0,1,0,1
DONLEY COUNTY,129,62 Years,44,24,20,41,21,20,1,1,0,0,0,0,2,2,0
DONLEY COUNTY,129,63 Years,49,24,25,46,22,24,1,1,0,0,0,0,2,1,1
DONLEY COUNTY,129,64 Years,52,27,25,48,27,21,0,0,0,1,0,1,3,0,3
DONLEY COUNTY,129,65 Years,59,32,27,53,29,24,2,2,0,1,0,1,3,1,2
DONLEY COUNTY,129,66 Years,51,20,31,48,19,29,0,0,0,1,0,1,2,1,1
DONLEY COUNTY,129,67 Years,49,24,25,47,23,24,0,0,0,2,1,1,0,0,0
DONLEY COUNTY,129,68 Years,42,19,23,38,16,22,0,0,0,1,1,0,3,2,1
DONLEY COUNTY,129,69 Years,38,18,20,34,15,19,2,1,1,0,0,0,2,2,0
DONLEY COUNTY,129,70 Years,46,21,25,45,20,25,0,0,0,0,0,0,1,1,0
DONLEY COUNTY,129,71 Years,44,22,22,42,20,22,0,0,0,1,1,0,1,1,0
DONLEY COUNTY,129,72 Years,37,15,22,35,14,21,1,1,0,0,0,0,1,0,1
DONLEY COUNTY,129,73 Years,39,19,20,37,18,19,1,0,1,0,0,0,1,1,0
DONLEY COUNTY,129,74 Years,42,21,21,38,19,19,2,1,1,0,0,0,2,1,1
DONLEY COUNTY,129,75 Years,33,16,17,31,15,16,0,0,0,1,1,0,1,0,1
DONLEY COUNTY,129,76 Years,29,13,16,29,13,16,0,0,0,0,0,0,0,0,0
DONLEY COUNTY,129,77 Years,35,15,20,33,15,18,1,0,1,1,0,1,0,0,0
DONLEY COUNTY,129,78 Years,28,13,15,26,12,14,0,0,0,1,0,1,1,1,0
DONLEY COUNTY,129,79 Years,30,15,15,27,13,14,0,0,0,2,1,1,1,1,0
DONLEY COUNTY,129,80 Years,24,11,13,21,9,12,1,1,0,1,0,1,1,1,0
DONLEY COUNTY,129,81 Years,21,9,12,19,9,10,1,0,1,1,0,1,0,0,0
DONLEY COUNTY,129,82 Years,19,10,9,19,10,9,0,0,0,0,0,0,0,0,0
DONLEY COUNTY,129,83 Years,21,8,13,21,8,13,0,0,0,0,0,0,0,0,0
DONLEY COUNTY,129,84 Years,23,12,11,23,12,11,0,0,0,0,0,0,0,0,0
DONLEY COUNTY,129,85 Years +,97,37,60,92,35,57,4,1,3,1,1,0,0,0,0
DUVAL COUNTY,131,All Ages,11427,5906,5521,1143,646,497,80,76,4,63,27,36,10141,5157,4984
DUVAL COUNTY,131,< 1 Year,164,79,85,7,3,4,0,0,0,0,0,0,157,76,81
DUVAL COUNTY,131,1 Years,163,81,82,8,5,3,0,0,0,0,0,0,155,76,79
DUVAL COUNTY,131,2 Years,160,77,83,9,4,5,0,0,0,0,0,0,151,73,78
DUVAL COUNTY,131,3 Years,164,82,82,9,4,5,0,0,0,1,1,0,154,77,77
DUVAL COUNTY,131,4 Years,163,76,87,9,4,5,1,1,0,1,1,0,152,70,82
DUVAL COUNTY,131,5 Years,167,88,79,13,6,7,1,1,0,0,0,0,153,81,72
DUVAL COUNTY,131,6 Years,162,74,88,13,5,8,1,1,0,2,0,2,146,68,78
DUVAL COUNTY,131,7 Years,153,81,72,9,4,5,0,0,0,1,0,1,143,77,66
DUVAL COUNTY,131,8 Years,140,62,78,9,5,4,0,0,0,1,0,1,130,57,73
DUVAL COUNTY,131,9 Years,168,88,80,17,10,7,0,0,0,1,0,1,150,78,72
DUVAL COUNTY,131,10 Years,155,86,69,13,7,6,0,0,0,1,0,1,141,79,62
DUVAL COUNTY,131,11 Years,155,94,61,14,10,4,0,0,0,0,0,0,141,84,57
DUVAL COUNTY,131,12 Years,147,81,66,12,9,3,0,0,0,1,1,0,134,71,63
DUVAL COUNTY,131,13 Years,139,68,71,9,6,3,0,0,0,1,0,1,129,62,67
DUVAL COUNTY,131,14 Years,179,83,96,19,9,10,0,0,0,1,0,1,159,74,85
DUVAL COUNTY,131,15 Years,151,72,79,14,7,7,0,0,0,0,0,0,137,65,72
DUVAL COUNTY,131,16 Years,154,75,79,12,7,5,0,0,0,1,0,1,141,68,73
DUVAL COUNTY,131,17 Years,161,76,85,8,5,3,0,0,0,0,0,0,153,71,82
DUVAL COUNTY,131,18 Years,170,82,88,15,6,9,0,0,0,1,0,1,154,76,78
DUVAL COUNTY,131,19 Years,185,103,82,11,4,7,1,0,1,1,0,1,172,99,73
DUVAL COUNTY,131,20 Years,195,112,83,19,11,8,0,0,0,1,0,1,175,101,74
DUVAL COUNTY,131,21 Years,183,115,68,10,7,3,1,1,0,0,0,0,172,107,65
DUVAL COUNTY,131,22 Years,171,93,78,14,10,4,0,0,0,1,1,0,156,82,74
DUVAL COUNTY,131,23 Years,173,92,81,15,11,4,5,5,0,0,0,0,153,76,77
DUVAL COUNTY,131,24 Years,143,79,64,15,11,4,1,1,0,0,0,0,127,67,60
DUVAL COUNTY,131,25 Years,146,88,58,18,13,5,1,1,0,2,2,0,125,72,53
DUVAL COUNTY,131,26 Years,150,94,56,14,12,2,3,3,0,1,1,0,132,78,54
DUVAL COUNTY,131,27 Years,137,84,53,9,6,3,2,2,0,0,0,0,126,76,50
DUVAL COUNTY,131,28 Years,139,80,59,8,5,3,1,1,0,2,2,0,128,72,56
DUVAL COUNTY,131,29 Years,123,71,52,10,8,2,0,0,0,1,1,0,112,62,50
DUVAL COUNTY,131,30 Years,116,60,56,15,10,5,1,1,0,0,0,0,100,49,51
DUVAL COUNTY,131,31 Years,116,61,55,16,10,6,1,1,0,1,0,1,98,50,48
DUVAL COUNTY,131,32 Years,109,63,46,11,6,5,3,3,0,0,0,0,95,54,41
DUVAL COUNTY,131,33 Years,128,67,61,9,5,4,2,1,1,1,0,1,116,61,55
DUVAL COUNTY,131,34 Years,131,69,62,10,4,6,1,1,0,0,0,0,120,64,56
DUVAL COUNTY,131,35 Years,117,64,53,15,10,5,1,1,0,1,1,0,100,52,48
DUVAL COUNTY,131,36 Years,120,63,57,16,7,9,0,0,0,1,1,0,103,55,48
DUVAL COUNTY,131,37 Years,131,71,60,17,9,8,1,1,0,2,1,1,111,60,51
DUVAL COUNTY,131,38 Years,120,67,53,16,9,7,2,2,0,0,0,0,102,56,46
DUVAL COUNTY,131,39 Years,108,55,53,10,6,4,2,2,0,2,2,0,94,45,49
DUVAL COUNTY,131,40 Years,135,68,67,15,11,4,1,1,0,0,0,0,119,56,63
DUVAL COUNTY,131,41 Years,130,66,64,13,6,7,2,2,0,2,0,2,113,58,55
DUVAL COUNTY,131,42 Years,133,83,50,16,11,5,2,2,0,2,0,2,113,70,43
DUVAL COUNTY,131,43 Years,137,71,66,12,5,7,2,1,1,0,0,0,123,65,58
DUVAL COUNTY,131,44 Years,119,64,55,9,6,3,4,4,0,0,0,0,106,54,52
DUVAL COUNTY,131,45 Years,134,72,62,15,11,4,3,3,0,0,0,0,116,58,58
DUVAL COUNTY,131,46 Years,136,78,58,18,16,2,4,4,0,1,0,1,113,58,55
DUVAL COUNTY,131,47 Years,132,77,55,14,10,4,4,4,0,1,1,0,113,62,51
DUVAL COUNTY,131,48 Years,135,69,66,11,8,3,3,2,1,3,0,3,118,59,59
DUVAL COUNTY,131,49 Years,136,71,65,13,12,1,2,2,0,2,1,1,119,56,63
DUVAL COUNTY,131,50 Years,142,78,64,13,8,5,2,2,0,1,1,0,126,67,59
DUVAL COUNTY,131,51 Years,156,78,78,15,8,7,2,2,0,1,0,1,138,68,70
DUVAL COUNTY,131,52 Years,160,82,78,12,5,7,0,0,0,2,1,1,146,76,70
DUVAL COUNTY,131,53 Years,182,106,76,20,12,8,0,0,0,1,1,0,161,93,68
DUVAL COUNTY,131,54 Years,161,81,80,15,9,6,1,1,0,2,1,1,143,70,73
DUVAL COUNTY,131,55 Years,148,80,68,19,13,6,3,3,0,1,1,0,125,63,62
DUVAL COUNTY,131,56 Years,155,84,71,20,12,8,3,3,0,1,1,0,131,68,63
DUVAL COUNTY,131,57 Years,145,74,71,16,5,11,2,2,0,0,0,0,127,67,60
DUVAL COUNTY,131,58 Years,128,67,61,16,5,11,3,3,0,0,0,0,109,59,50
DUVAL COUNTY,131,59 Years,131,64,67,18,8,10,1,1,0,0,0,0,112,55,57
DUVAL COUNTY,131,60 Years,128,67,61,11,6,5,0,0,0,0,0,0,117,61,56
DUVAL COUNTY,131,61 Years,127,75,52,15,12,3,1,1,0,1,1,0,110,61,49
DUVAL COUNTY,131,62 Years,114,70,44,17,14,3,1,1,0,0,0,0,96,55,41
DUVAL COUNTY,131,63 Years,116,55,61,11,6,5,1,1,0,0,0,0,104,48,56
DUVAL COUNTY,131,64 Years,117,47,70,17,4,13,1,1,0,1,0,1,98,42,56
DUVAL COUNTY,131,65 Years,118,57,61,14,8,6,0,0,0,1,0,1,103,49,54
DUVAL COUNTY,131,66 Years,117,60,57,14,8,6,0,0,0,2,1,1,101,51,50
DUVAL COUNTY,131,67 Years,118,62,56,14,5,9,0,0,0,1,1,0,103,56,47
DUVAL COUNTY,131,68 Years,124,57,67,16,8,8,0,0,0,0,0,0,108,49,59
DUVAL COUNTY,131,69 Years,142,68,74,17,10,7,0,0,0,1,0,1,124,58,66
DUVAL COUNTY,131,70 Years,128,63,65,16,8,8,0,0,0,1,1,0,111,54,57
DUVAL COUNTY,131,71 Years,106,54,52,8,4,4,0,0,0,0,0,0,98,50,48
DUVAL COUNTY,131,72 Years,90,43,47,9,5,4,0,0,0,0,0,0,81,38,43
DUVAL COUNTY,131,73 Years,87,39,48,11,5,6,0,0,0,1,0,1,75,34,41
DUVAL COUNTY,131,74 Years,82,38,44,12,3,9,0,0,0,3,0,3,67,35,32
DUVAL COUNTY,131,75 Years,98,43,55,16,6,10,0,0,0,1,0,1,81,37,44
DUVAL COUNTY,131,76 Years,68,28,40,14,6,8,0,0,0,0,0,0,54,22,32
DUVAL COUNTY,131,77 Years,63,27,36,11,6,5,0,0,0,0,0,0,52,21,31
DUVAL COUNTY,131,78 Years,77,34,43,11,6,5,0,0,0,0,0,0,66,28,38
DUVAL COUNTY,131,79 Years,72,32,40,11,6,5,0,0,0,0,0,0,61,26,35
DUVAL COUNTY,131,80 Years,53,24,29,9,6,3,0,0,0,0,0,0,44,18,26
DUVAL COUNTY,131,81 Years,64,28,36,10,6,4,0,0,0,0,0,0,54,22,32
DUVAL COUNTY,131,82 Years,67,30,37,11,6,5,0,0,0,0,0,0,56,24,32
DUVAL COUNTY,131,83 Years,67,33,34,11,6,5,0,0,0,0,0,0,56,27,29
DUVAL COUNTY,131,84 Years,48,18,30,9,3,6,0,0,0,0,0,0,39,15,24
DUVAL COUNTY,131,85 Years +,245,85,160,31,12,19,0,0,0,0,0,0,214,73,141
EASTLAND COUNTY,133,All Ages,18691,9168,9523,15115,7311,7804,330,192,138,341,173,168,2905,1492,1413
EASTLAND COUNTY,133,< 1 Year,231,123,108,185,100,85,2,1,1,6,3,3,38,19,19
EASTLAND COUNTY,133,1 Years,220,117,103,175,95,80,2,1,1,7,5,2,36,16,20
EASTLAND COUNTY,133,2 Years,217,113,104,168,88,80,2,1,1,6,4,2,41,20,21
EASTLAND COUNTY,133,3 Years,222,112,110,171,86,85,3,2,1,4,3,1,44,21,23
EASTLAND COUNTY,133,4 Years,247,129,118,183,96,87,2,2,0,4,1,3,58,30,28
EASTLAND COUNTY,133,5 Years,214,109,105,145,76,69,2,1,1,4,2,2,63,30,33
EASTLAND COUNTY,133,6 Years,225,111,114,148,73,75,3,1,2,6,2,4,68,35,33
EASTLAND COUNTY,133,7 Years,218,104,114,147,76,71,2,1,1,6,3,3,63,24,39
EASTLAND COUNTY,133,8 Years,243,111,132,168,80,88,1,1,0,5,3,2,69,27,42
EASTLAND COUNTY,133,9 Years,231,108,123,158,72,86,2,2,0,5,2,3,66,32,34
EASTLAND COUNTY,133,10 Years,236,112,124,159,75,84,3,1,2,6,2,4,68,34,34
EASTLAND COUNTY,133,11 Years,249,133,116,179,98,81,2,0,2,5,3,2,63,32,31
EASTLAND COUNTY,133,12 Years,231,122,109,168,90,78,1,0,1,4,1,3,58,31,27
EASTLAND COUNTY,133,13 Years,219,120,99,156,88,68,3,1,2,4,1,3,56,30,26
EASTLAND COUNTY,133,14 Years,221,120,101,163,93,70,2,1,1,3,1,2,53,25,28
EASTLAND COUNTY,133,15 Years,242,127,115,177,93,84,2,1,1,7,5,2,56,28,28
EASTLAND COUNTY,133,16 Years,219,106,113,156,74,82,3,1,2,3,2,1,57,29,28
EASTLAND COUNTY,133,17 Years,241,121,120,181,84,97,2,1,1,2,1,1,56,35,21
EASTLAND COUNTY,133,18 Years,246,123,123,188,87,101,1,1,0,2,1,1,55,34,21
EASTLAND COUNTY,133,19 Years,215,103,112,152,66,86,3,2,1,4,2,2,56,33,23
EASTLAND COUNTY,133,20 Years,217,111,106,153,75,78,3,3,0,3,3,0,58,30,28
EASTLAND COUNTY,133,21 Years,223,124,99,156,86,70,7,5,2,3,3,0,57,30,27
EASTLAND COUNTY,133,22 Years,287,145,142,190,89,101,22,10,12,3,2,1,72,44,28
EASTLAND COUNTY,133,23 Years,449,255,194,281,163,118,58,36,22,14,10,4,96,46,50
EASTLAND COUNTY,133,24 Years,363,204,159,234,131,103,39,26,13,11,7,4,79,40,39
EASTLAND COUNTY,133,25 Years,246,134,112,164,85,79,27,22,5,5,3,2,50,24,26
EASTLAND COUNTY,133,26 Years,189,98,91,130,63,67,16,11,5,2,1,1,41,23,18
EASTLAND COUNTY,133,27 Years,169,91,78,113,60,53,8,5,3,2,2,0,46,24,22
EASTLAND COUNTY,133,28 Years,174,82,92,127,59,68,4,2,2,1,1,0,42,20,22
EASTLAND COUNTY,133,29 Years,193,86,107,146,62,84,2,1,1,4,2,2,41,21,20
EASTLAND COUNTY,133,30 Years,153,76,77,118,60,58,1,0,1,3,1,2,31,15,16
EASTLAND COUNTY,133,31 Years,189,89,100,138,63,75,3,2,1,3,0,3,45,24,21
EASTLAND COUNTY,133,32 Years,189,99,90,152,76,76,1,1,0,2,1,1,34,21,13
EASTLAND COUNTY,133,33 Years,185,96,89,147,79,68,3,3,0,3,1,2,32,13,19
EASTLAND COUNTY,133,34 Years,193,89,104,152,69,83,2,2,0,4,1,3,35,17,18
EASTLAND COUNTY,133,35 Years,186,95,91,143,69,74,2,1,1,5,3,2,36,22,14
EASTLAND COUNTY,133,36 Years,164,78,86,125,62,63,2,1,1,4,1,3,33,14,19
EASTLAND COUNTY,133,37 Years,173,92,81,135,73,62,1,1,0,3,1,2,34,17,17
EASTLAND COUNTY,133,38 Years,188,99,89,158,78,80,1,1,0,1,1,0,28,19,9
EASTLAND COUNTY,133,39 Years,179,94,85,151,77,74,2,1,1,2,1,1,24,15,9
EASTLAND COUNTY,133,40 Years,159,85,74,132,71,61,1,1,0,4,1,3,22,12,10
EASTLAND COUNTY,133,41 Years,157,68,89,127,58,69,1,1,0,5,2,3,24,7,17
EASTLAND COUNTY,133,42 Years,180,89,91,153,77,76,0,0,0,4,2,2,23,10,13
EASTLAND COUNTY,133,43 Years,178,85,93,147,70,77,0,0,0,5,3,2,26,12,14
EASTLAND COUNTY,133,44 Years,186,93,93,148,76,72,0,0,0,2,1,1,36,16,20
EASTLAND COUNTY,133,45 Years,187,96,91,152,76,76,0,0,0,5,4,1,30,16,14
EASTLAND COUNTY,133,46 Years,177,83,94,149,69,80,2,0,2,5,2,3,21,12,9
EASTLAND COUNTY,133,47 Years,187,83,104,158,67,91,1,1,0,3,1,2,25,14,11
EASTLAND COUNTY,133,48 Years,198,96,102,167,79,88,1,1,0,3,1,2,27,15,12
EASTLAND COUNTY,133,49 Years,220,112,108,190,96,94,1,1,0,3,0,3,26,15,11
EASTLAND COUNTY,133,50 Years,238,113,125,198,95,103,4,2,2,6,2,4,30,14,16
EASTLAND COUNTY,133,51 Years,263,133,130,210,109,101,1,1,0,6,1,5,46,22,24
EASTLAND COUNTY,133,52 Years,287,143,144,249,122,127,4,3,1,5,4,1,29,14,15
EASTLAND COUNTY,133,53 Years,269,133,136,229,107,122,3,2,1,5,4,1,32,20,12
EASTLAND COUNTY,133,54 Years,277,130,147,234,105,129,2,0,2,5,4,1,36,21,15
EASTLAND COUNTY,133,55 Years,304,138,166,265,117,148,3,2,1,5,3,2,31,16,15
EASTLAND COUNTY,133,56 Years,297,145,152,257,124,133,5,1,4,7,5,2,28,15,13
EASTLAND COUNTY,133,57 Years,269,136,133,232,115,117,4,2,2,4,3,1,29,16,13
EASTLAND COUNTY,133,58 Years,260,128,132,227,110,117,4,2,2,3,1,2,26,15,11
EASTLAND COUNTY,133,59 Years,250,128,122,217,109,108,2,1,1,5,0,5,26,18,8
EASTLAND COUNTY,133,60 Years,224,116,108,199,100,99,1,1,0,5,2,3,19,13,6
EASTLAND COUNTY,133,61 Years,236,122,114,202,101,101,4,3,1,4,2,2,26,16,10
EASTLAND COUNTY,133,62 Years,265,132,133,235,116,119,2,1,1,5,3,2,23,12,11
EASTLAND COUNTY,133,63 Years,267,127,140,243,115,128,2,0,2,5,3,2,17,9,8
EASTLAND COUNTY,133,64 Years,258,121,137,240,110,130,4,2,2,1,1,0,13,8,5
EASTLAND COUNTY,133,65 Years,233,107,126,221,102,119,3,2,1,1,0,1,8,3,5
EASTLAND COUNTY,133,66 Years,278,125,153,252,113,139,1,0,1,5,1,4,20,11,9
EASTLAND COUNTY,133,67 Years,289,128,161,264,113,151,1,0,1,5,3,2,19,12,7
EASTLAND COUNTY,133,68 Years,229,104,125,209,94,115,1,0,1,4,2,2,15,8,7
EASTLAND COUNTY,133,69 Years,218,107,111,207,101,106,0,0,0,1,1,0,10,5,5
EASTLAND COUNTY,133,70 Years,216,112,104,202,106,96,3,1,2,2,2,0,9,3,6
EASTLAND COUNTY,133,71 Years,227,102,125,210,95,115,2,1,1,5,3,2,10,3,7
EASTLAND COUNTY,133,72 Years,204,94,110,188,89,99,0,0,0,5,2,3,11,3,8
EASTLAND COUNTY,133,73 Years,174,77,97,165,73,92,0,0,0,1,1,0,8,3,5
EASTLAND COUNTY,133,74 Years,177,82,95,163,77,86,5,2,3,3,2,1,6,1,5
EASTLAND COUNTY,133,75 Years,179,83,96,165,79,86,1,0,1,4,1,3,9,3,6
EASTLAND COUNTY,133,76 Years,155,73,82,145,69,76,1,0,1,3,2,1,6,2,4
EASTLAND COUNTY,133,77 Years,146,64,82,135,58,77,2,0,2,4,2,2,5,4,1
EASTLAND COUNTY,133,78 Years,132,57,75,122,53,69,1,0,1,1,0,1,8,4,4
EASTLAND COUNTY,133,79 Years,130,57,73,122,53,69,0,0,0,2,1,1,6,3,3
EASTLAND COUNTY,133,80 Years,115,52,63,106,49,57,3,1,2,0,0,0,6,2,4
EASTLAND COUNTY,133,81 Years,116,54,62,104,47,57,2,1,1,2,1,1,8,5,3
EASTLAND COUNTY,133,82 Years,110,47,63,101,43,58,2,0,2,2,0,2,5,4,1
EASTLAND COUNTY,133,83 Years,94,39,55,85,38,47,0,0,0,2,0,2,7,1,6
EASTLAND COUNTY,133,84 Years,87,34,53,82,33,49,0,0,0,0,0,0,5,1,4
EASTLAND COUNTY,133,85 Years +,493,174,319,467,163,304,3,0,3,8,2,6,15,9,6
ECTOR COUNTY,135,All Ages,154373,76574,77799,57677,28353,29324,6195,3051,3144,3764,1923,1841,86737,43247,43490
ECTOR COUNTY,135,< 1 Year,3014,1560,1454,715,371,344,103,60,43,133,70,63,2063,1059,1004
ECTOR COUNTY,135,1 Years,2936,1528,1408,708,372,336,106,63,43,125,73,52,1997,1020,977
ECTOR COUNTY,135,2 Years,2693,1388,1305,660,348,312,101,54,47,98,56,42,1834,930,904
ECTOR COUNTY,135,3 Years,2534,1307,1227,627,330,297,105,52,53,92,50,42,1710,875,835
ECTOR COUNTY,135,4 Years,2467,1278,1189,589,322,267,111,52,59,78,43,35,1689,861,828
ECTOR COUNTY,135,5 Years,2588,1306,1282,684,358,326,97,49,48,63,32,31,1744,867,877
ECTOR COUNTY,135,6 Years,2575,1298,1277,670,355,315,116,56,60,68,33,35,1721,854,867
ECTOR COUNTY,135,7 Years,2548,1302,1246,656,327,329,104,49,55,66,34,32,1722,892,830
ECTOR COUNTY,135,8 Years,2396,1233,1163,598,297,301,92,50,42,62,31,31,1644,855,789
ECTOR COUNTY,135,9 Years,2392,1233,1159,579,299,280,92,48,44,69,35,34,1652,851,801
ECTOR COUNTY,135,10 Years,2436,1254,1182,620,319,301,91,50,41,64,36,28,1661,849,812
ECTOR COUNTY,135,11 Years,2471,1250,1221,599,297,302,100,50,50,60,30,30,1712,873,839
ECTOR COUNTY,135,12 Years,2390,1222,1168,590,322,268,96,44,52,53,20,33,1651,836,815
ECTOR COUNTY,135,13 Years,2329,1207,1122,577,305,272,83,42,41,60,31,29,1609,829,780
ECTOR COUNTY,135,14 Years,2334,1215,1119,573,303,270,103,56,47,68,36,32,1590,820,770
ECTOR COUNTY,135,15 Years,2312,1215,1097,593,327,266,101,55,46,66,38,28,1552,795,757
ECTOR COUNTY,135,16 Years,2290,1194,1096,637,335,302,95,48,47,65,38,27,1493,773,720
ECTOR COUNTY,135,17 Years,2203,1145,1058,611,315,296,79,46,33,58,33,25,1455,751,704
ECTOR COUNTY,135,18 Years,2072,1062,1010,580,282,298,86,44,42,41,24,17,1365,712,653
ECTOR COUNTY,135,19 Years,1935,973,962,494,248,246,76,37,39,50,27,23,1315,661,654
ECTOR COUNTY,135,20 Years,1992,998,994,522,272,250,79,44,35,34,17,17,1357,665,692
ECTOR COUNTY,135,21 Years,2169,1063,1106,587,297,290,99,49,50,40,24,16,1443,693,750
ECTOR COUNTY,135,22 Years,2342,1152,1190,693,349,344,100,44,56,54,32,22,1495,727,768
ECTOR COUNTY,135,23 Years,2497,1207,1290,823,387,436,104,51,53,53,29,24,1517,740,777
ECTOR COUNTY,135,24 Years,2569,1261,1308,854,393,461,106,51,55,51,26,25,1558,791,767
ECTOR COUNTY,135,25 Years,2575,1297,1278,833,434,399,111,52,59,48,23,25,1583,788,795
ECTOR COUNTY,135,26 Years,2436,1203,1233,840,427,413,110,46,64,45,20,25,1441,710,731
ECTOR COUNTY,135,27 Years,2468,1234,1234,840,432,408,110,58,52,51,24,27,1467,720,747
ECTOR COUNTY,135,28 Years,2413,1226,1187,833,424,409,100,48,52,53,25,28,1427,729,698
ECTOR COUNTY,135,29 Years,2300,1135,1165,819,404,415,94,47,47,47,20,27,1340,664,676
ECTOR COUNTY,135,30 Years,2214,1121,1093,760,388,372,83,45,38,42,18,24,1329,670,659
ECTOR COUNTY,135,31 Years,2359,1222,1137,810,413,397,84,41,43,46,25,21,1419,743,676
ECTOR COUNTY,135,32 Years,2281,1179,1102,769,382,387,79,46,33,59,31,28,1374,720,654
ECTOR COUNTY,135,33 Years,2206,1132,1074,766,382,384,80,45,35,55,30,25,1305,675,630
ECTOR COUNTY,135,34 Years,2146,1107,1039,777,385,392,73,41,32,54,29,25,1242,652,590
ECTOR COUNTY,135,35 Years,1970,994,976,704,371,333,78,39,39,48,19,29,1140,565,575
ECTOR COUNTY,135,36 Years,1895,943,952,671,356,315,78,37,41,50,20,30,1096,530,566
ECTOR COUNTY,135,37 Years,1893,939,954,641,331,310,65,32,33,46,21,25,1141,555,586
ECTOR COUNTY,135,38 Years,1874,950,924,607,322,285,64,34,30,48,25,23,1155,569,586
ECTOR COUNTY,135,39 Years,1846,933,913,616,318,298,70,40,30,37,19,18,1123,556,567
ECTOR COUNTY,135,40 Years,1751,838,913,597,299,298,67,35,32,37,19,18,1050,485,565
ECTOR COUNTY,135,41 Years,1732,845,887,626,309,317,58,31,27,43,23,20,1005,482,523
ECTOR COUNTY,135,42 Years,1835,886,949,641,310,331,73,35,38,54,28,26,1067,513,554
ECTOR COUNTY,135,43 Years,1891,948,943,689,333,356,71,40,31,59,27,32,1072,548,524
ECTOR COUNTY,135,44 Years,1788,908,880,670,345,325,65,35,30,43,23,20,1010,505,505
ECTOR COUNTY,135,45 Years,1712,831,881,669,323,346,61,29,32,30,18,12,952,461,491
ECTOR COUNTY,135,46 Years,1709,838,871,643,311,332,64,31,33,36,21,15,966,475,491
ECTOR COUNTY,135,47 Years,1657,823,834,616,298,318,68,29,39,32,21,11,941,475,466
ECTOR COUNTY,135,48 Years,1704,841,863,680,332,348,64,35,29,32,20,12,928,454,474
ECTOR COUNTY,135,49 Years,1812,904,908,746,382,364,80,44,36,35,19,16,951,459,492
ECTOR COUNTY,135,50 Years,1829,879,950,806,394,412,90,41,49,34,16,18,899,428,471
ECTOR COUNTY,135,51 Years,1920,929,991,911,427,484,73,35,38,42,23,19,894,444,450
ECTOR COUNTY,135,52 Years,1927,955,972,898,442,456,78,38,40,41,23,18,910,452,458
ECTOR COUNTY,135,53 Years,1966,968,998,931,450,481,95,46,49,43,19,24,897,453,444
ECTOR COUNTY,135,54 Years,1956,966,990,923,456,467,93,50,43,42,20,22,898,440,458
ECTOR COUNTY,135,55 Years,1943,938,1005,990,493,497,88,40,48,40,18,22,825,387,438
ECTOR COUNTY,135,56 Years,1905,923,982,963,473,490,80,38,42,52,22,30,810,390,420
ECTOR COUNTY,135,57 Years,1902,936,966,968,480,488,88,46,42,63,27,36,783,383,400
ECTOR COUNTY,135,58 Years,1888,922,966,996,490,506,83,45,38,46,23,23,763,364,399
ECTOR COUNTY,135,59 Years,1775,875,900,951,468,483,74,35,39,40,21,19,710,351,359
ECTOR COUNTY,135,60 Years,1667,817,850,906,458,448,74,33,41,44,25,19,643,301,342
ECTOR COUNTY,135,61 Years,1621,821,800,884,456,428,63,31,32,38,21,17,636,313,323
ECTOR COUNTY,135,62 Years,1531,753,778,855,412,443,56,27,29,34,19,15,586,295,291
ECTOR COUNTY,135,63 Years,1388,676,712,755,357,398,57,29,28,29,14,15,547,276,271
ECTOR COUNTY,135,64 Years,1401,700,701,768,397,371,56,27,29,32,15,17,545,261,284
ECTOR COUNTY,135,65 Years,1281,637,644,726,374,352,54,24,30,25,10,15,476,229,247
ECTOR COUNTY,135,66 Years,1204,574,630,702,335,367,43,20,23,23,11,12,436,208,228
ECTOR COUNTY,135,67 Years,1168,566,602,701,338,363,35,17,18,24,11,13,408,200,208
ECTOR COUNTY,135,68 Years,1003,478,525,561,273,288,36,16,20,22,13,9,384,176,208
ECTOR COUNTY,135,69 Years,931,458,473,527,259,268,37,16,21,17,7,10,350,176,174
ECTOR COUNTY,135,70 Years,931,453,478,553,266,287,39,16,23,23,13,10,316,158,158
ECTOR COUNTY,135,71 Years,868,373,495,509,221,288,34,14,20,25,9,16,300,129,171
ECTOR COUNTY,135,72 Years,784,335,449,490,218,272,31,12,19,15,8,7,248,97,151
ECTOR COUNTY,135,73 Years,749,327,422,455,197,258,28,11,17,15,10,5,251,109,142
ECTOR COUNTY,135,74 Years,674,304,370,392,173,219,33,13,20,17,7,10,232,111,121
ECTOR COUNTY,135,75 Years,668,304,364,431,191,240,29,11,18,13,7,6,195,95,100
ECTOR COUNTY,135,76 Years,666,300,366,435,188,247,23,10,13,12,7,5,196,95,101
ECTOR COUNTY,135,77 Years,615,295,320,386,173,213,22,9,13,16,9,7,191,104,87
ECTOR COUNTY,135,78 Years,573,247,326,374,158,216,23,8,15,13,5,8,163,76,87
ECTOR COUNTY,135,79 Years,562,222,340,378,145,233,23,9,14,12,6,6,149,62,87
ECTOR COUNTY,135,80 Years,512,199,313,350,134,216,17,5,12,10,2,8,135,58,77
ECTOR COUNTY,135,81 Years,468,182,286,332,131,201,16,5,11,6,1,5,114,45,69
ECTOR COUNTY,135,82 Years,428,178,250,295,121,174,16,6,10,9,4,5,108,47,61
ECTOR COUNTY,135,83 Years,406,156,250,285,109,176,12,5,7,9,2,7,100,40,60
ECTOR COUNTY,135,84 Years,390,141,249,275,100,175,20,5,15,4,1,3,91,35,56
ECTOR COUNTY,135,85 Years +,1922,659,1263,1313,455,858,101,19,82,33,8,25,475,177,298
EDWARDS COUNTY,137,All Ages,1889,959,930,859,416,443,10,6,4,14,7,7,1006,530,476
EDWARDS COUNTY,137,< 1 Year,24,12,12,5,2,3,0,0,0,0,0,0,19,10,9
EDWARDS COUNTY,137,1 Years,23,12,11,5,2,3,0,0,0,0,0,0,18,10,8
EDWARDS COUNTY,137,2 Years,24,13,11,8,4,4,0,0,0,0,0,0,16,9,7
EDWARDS COUNTY,137,3 Years,26,14,12,9,4,5,0,0,0,1,0,1,16,10,6
EDWARDS COUNTY,137,4 Years,25,11,14,8,5,3,0,0,0,0,0,0,17,6,11
EDWARDS COUNTY,137,5 Years,23,10,13,6,2,4,0,0,0,0,0,0,17,8,9
EDWARDS COUNTY,137,6 Years,16,7,9,6,3,3,0,0,0,0,0,0,10,4,6
EDWARDS COUNTY,137,7 Years,17,11,6,6,4,2,0,0,0,0,0,0,11,7,4
EDWARDS COUNTY,137,8 Years,25,14,11,9,4,5,0,0,0,1,1,0,15,9,6
EDWARDS COUNTY,137,9 Years,27,15,12,9,5,4,0,0,0,0,0,0,18,10,8
EDWARDS COUNTY,137,10 Years,23,15,8,9,5,4,0,0,0,0,0,0,14,10,4
EDWARDS COUNTY,137,11 Years,24,13,11,11,4,7,0,0,0,0,0,0,13,9,4
EDWARDS COUNTY,137,12 Years,28,17,11,13,8,5,1,0,1,0,0,0,14,9,5
EDWARDS COUNTY,137,13 Years,22,15,7,8,4,4,0,0,0,0,0,0,14,11,3
EDWARDS COUNTY,137,14 Years,15,6,9,3,1,2,0,0,0,0,0,0,12,5,7
EDWARDS COUNTY,137,15 Years,16,9,7,1,0,1,0,0,0,0,0,0,15,9,6
EDWARDS COUNTY,137,16 Years,16,8,8,1,0,1,0,0,0,0,0,0,15,8,7
EDWARDS COUNTY,137,17 Years,15,8,7,3,0,3,0,0,0,0,0,0,12,8,4
EDWARDS COUNTY,137,18 Years,26,15,11,5,3,2,0,0,0,0,0,0,21,12,9
EDWARDS COUNTY,137,19 Years,21,11,10,5,3,2,0,0,0,0,0,0,16,8,8
EDWARDS COUNTY,137,20 Years,18,9,9,5,3,2,0,0,0,0,0,0,13,6,7
EDWARDS COUNTY,137,21 Years,23,11,12,6,2,4,1,1,0,0,0,0,16,8,8
EDWARDS COUNTY,137,22 Years,27,15,12,7,5,2,1,1,0,0,0,0,19,9,10
EDWARDS COUNTY,137,23 Years,21,10,11,3,2,1,1,0,1,0,0,0,17,8,9
EDWARDS COUNTY,137,24 Years,20,10,10,3,1,2,0,0,0,0,0,0,17,9,8
EDWARDS COUNTY,137,25 Years,14,9,5,2,1,1,0,0,0,0,0,0,12,8,4
EDWARDS COUNTY,137,26 Years,11,6,5,1,0,1,0,0,0,0,0,0,10,6,4
EDWARDS COUNTY,137,27 Years,15,7,8,1,0,1,0,0,0,0,0,0,14,7,7
EDWARDS COUNTY,137,28 Years,24,12,12,6,2,4,0,0,0,0,0,0,18,10,8
EDWARDS COUNTY,137,29 Years,17,7,10,6,2,4,1,1,0,0,0,0,10,4,6
EDWARDS COUNTY,137,30 Years,18,7,11,7,2,5,0,0,0,1,0,1,10,5,5
EDWARDS COUNTY,137,31 Years,16,11,5,5,4,1,0,0,0,0,0,0,11,7,4
EDWARDS COUNTY,137,32 Years,15,9,6,5,3,2,0,0,0,0,0,0,10,6,4
EDWARDS COUNTY,137,33 Years,14,6,8,5,3,2,0,0,0,0,0,0,9,3,6
EDWARDS COUNTY,137,34 Years,19,8,11,4,0,4,0,0,0,0,0,0,15,8,7
EDWARDS COUNTY,137,35 Years,17,6,11,4,2,2,0,0,0,0,0,0,13,4,9
EDWARDS COUNTY,137,36 Years,17,8,9,7,4,3,0,0,0,0,0,0,10,4,6
EDWARDS COUNTY,137,37 Years,12,7,5,7,4,3,0,0,0,0,0,0,5,3,2
EDWARDS COUNTY,137,38 Years,12,5,7,7,2,5,0,0,0,0,0,0,5,3,2
EDWARDS COUNTY,137,39 Years,10,3,7,4,1,3,0,0,0,0,0,0,6,2,4
EDWARDS COUNTY,137,40 Years,15,7,8,4,3,1,0,0,0,0,0,0,11,4,7
EDWARDS COUNTY,137,41 Years,17,6,11,6,2,4,0,0,0,0,0,0,11,4,7
EDWARDS COUNTY,137,42 Years,21,8,13,8,4,4,0,0,0,0,0,0,13,4,9
EDWARDS COUNTY,137,43 Years,19,12,7,7,3,4,0,0,0,1,1,0,11,8,3
EDWARDS COUNTY,137,44 Years,21,10,11,9,2,7,0,0,0,1,1,0,11,7,4
EDWARDS COUNTY,137,45 Years,22,12,10,12,5,7,0,0,0,0,0,0,10,7,3
EDWARDS COUNTY,137,46 Years,19,8,11,10,4,6,0,0,0,0,0,0,9,4,5
EDWARDS COUNTY,137,47 Years,15,3,12,5,1,4,0,0,0,0,0,0,10,2,8
EDWARDS COUNTY,137,48 Years,18,9,9,7,3,4,0,0,0,1,1,0,10,5,5
EDWARDS COUNTY,137,49 Years,23,9,14,12,2,10,0,0,0,0,0,0,11,7,4
EDWARDS COUNTY,137,50 Years,34,20,14,14,8,6,0,0,0,1,0,1,19,12,7
EDWARDS COUNTY,137,51 Years,30,13,17,10,4,6,0,0,0,0,0,0,20,9,11
EDWARDS COUNTY,137,52 Years,27,11,16,9,4,5,0,0,0,0,0,0,18,7,11
EDWARDS COUNTY,137,53 Years,22,10,12,7,2,5,0,0,0,0,0,0,15,8,7
EDWARDS COUNTY,137,54 Years,27,13,14,12,6,6,0,0,0,1,0,1,14,7,7
EDWARDS COUNTY,137,55 Years,24,14,10,13,9,4,1,0,1,1,0,1,9,5,4
EDWARDS COUNTY,137,56 Years,25,14,11,12,6,6,1,0,1,0,0,0,12,8,4
EDWARDS COUNTY,137,57 Years,29,13,16,16,6,10,0,0,0,0,0,0,13,7,6
EDWARDS COUNTY,137,58 Years,26,12,14,16,6,10,1,1,0,0,0,0,9,5,4
EDWARDS COUNTY,137,59 Years,29,15,14,14,8,6,0,0,0,1,1,0,14,6,8
EDWARDS COUNTY,137,60 Years,29,14,15,17,7,10,0,0,0,0,0,0,12,7,5
EDWARDS COUNTY,137,61 Years,38,21,17,25,11,14,0,0,0,2,1,1,11,9,2
EDWARDS COUNTY,137,62 Years,33,16,17,23,10,13,0,0,0,0,0,0,10,6,4
EDWARDS COUNTY,137,63 Years,36,21,15,25,15,10,0,0,0,0,0,0,11,6,5
EDWARDS COUNTY,137,64 Years,29,12,17,16,7,9,0,0,0,0,0,0,13,5,8
EDWARDS COUNTY,137,65 Years,23,11,12,12,5,7,0,0,0,0,0,0,11,6,5
EDWARDS COUNTY,137,66 Years,35,26,9,24,19,5,0,0,0,0,0,0,11,7,4
EDWARDS COUNTY,137,67 Years,33,20,13,20,13,7,0,0,0,1,1,0,12,6,6
EDWARDS COUNTY,137,68 Years,25,14,11,15,9,6,0,0,0,0,0,0,10,5,5
EDWARDS COUNTY,137,69 Years,30,15,15,20,12,8,0,0,0,0,0,0,10,3,7
EDWARDS COUNTY,137,70 Years,34,17,17,25,13,12,0,0,0,0,0,0,9,4,5
EDWARDS COUNTY,137,71 Years,26,13,13,18,10,8,0,0,0,0,0,0,8,3,5
EDWARDS COUNTY,137,72 Years,31,18,13,23,14,9,0,0,0,0,0,0,8,4,4
EDWARDS COUNTY,137,73 Years,26,9,17,18,7,11,0,0,0,1,0,1,7,2,5
EDWARDS COUNTY,137,74 Years,21,10,11,15,7,8,0,0,0,0,0,0,6,3,3
EDWARDS COUNTY,137,75 Years,23,14,9,17,11,6,0,0,0,0,0,0,6,3,3
EDWARDS COUNTY,137,76 Years,17,11,6,12,6,6,0,0,0,0,0,0,5,5,0
EDWARDS COUNTY,137,77 Years,15,8,7,7,4,3,0,0,0,0,0,0,8,4,4
EDWARDS COUNTY,137,78 Years,14,6,8,8,3,5,1,1,0,0,0,0,5,2,3
EDWARDS COUNTY,137,79 Years,15,7,8,12,5,7,0,0,0,0,0,0,3,2,1
EDWARDS COUNTY,137,80 Years,12,7,5,8,4,4,0,0,0,0,0,0,4,3,1
EDWARDS COUNTY,137,81 Years,17,7,10,12,5,7,0,0,0,0,0,0,5,2,3
EDWARDS COUNTY,137,82 Years,15,5,10,11,3,8,0,0,0,0,0,0,4,2,2
EDWARDS COUNTY,137,83 Years,13,6,7,9,4,5,0,0,0,0,0,0,4,2,2
EDWARDS COUNTY,137,84 Years,14,9,5,9,5,4,0,0,0,0,0,0,5,4,1
EDWARDS COUNTY,137,85 Years +,46,21,25,30,13,17,1,1,0,0,0,0,15,7,8
ELLIS COUNTY,139,All Ages,159350,78473,80877,99796,48563,51233,14369,6948,7421,4056,1927,2129,41129,21035,20094
ELLIS COUNTY,139,< 1 Year,2071,1049,1022,1118,562,556,172,87,85,65,32,33,716,368,348
ELLIS COUNTY,139,1 Years,1995,1015,980,1070,552,518,165,81,84,69,35,34,691,347,344
ELLIS COUNTY,139,2 Years,1946,1004,942,1051,548,503,153,77,76,67,34,33,675,345,330
ELLIS COUNTY,139,3 Years,1963,1047,916,1045,562,483,158,83,75,76,43,33,684,359,325
ELLIS COUNTY,139,4 Years,2098,1102,996,1119,587,532,173,87,86,72,37,35,734,391,343
ELLIS COUNTY,139,5 Years,2054,1077,977,1059,555,504,187,94,93,80,44,36,728,384,344
ELLIS COUNTY,139,6 Years,2166,1134,1032,1107,575,532,201,100,101,95,52,43,763,407,356
ELLIS COUNTY,139,7 Years,2259,1174,1085,1153,599,554,204,110,94,94,46,48,808,419,389
ELLIS COUNTY,139,8 Years,2356,1198,1158,1202,591,611,229,118,111,90,36,54,835,453,382
ELLIS COUNTY,139,9 Years,2382,1210,1172,1230,614,616,210,107,103,93,38,55,849,451,398
ELLIS COUNTY,139,10 Years,2428,1229,1199,1246,634,612,211,105,106,87,37,50,884,453,431
ELLIS COUNTY,139,11 Years,2599,1344,1255,1337,699,638,235,110,125,93,44,49,934,491,443
ELLIS COUNTY,139,12 Years,2719,1420,1299,1419,753,666,261,123,138,85,43,42,954,501,453
ELLIS COUNTY,139,13 Years,2737,1421,1316,1431,738,693,280,147,133,86,47,39,940,489,451
ELLIS COUNTY,139,14 Years,2799,1465,1334,1463,755,708,282,143,139,91,42,49,963,525,438
ELLIS COUNTY,139,15 Years,2801,1456,1345,1493,775,718,292,149,143,102,55,47,914,477,437
ELLIS COUNTY,139,16 Years,2821,1470,1351,1500,779,721,285,151,134,105,59,46,931,481,450
ELLIS COUNTY,139,17 Years,2821,1457,1364,1527,781,746,281,148,133,98,52,46,915,476,439
ELLIS COUNTY,139,18 Years,2751,1431,1320,1479,767,712,297,161,136,90,45,45,885,458,427
ELLIS COUNTY,139,19 Years,2490,1268,1222,1319,672,647,259,142,117,77,40,37,835,414,421
ELLIS COUNTY,139,20 Years,2353,1202,1151,1243,631,612,246,139,107,73,35,38,791,397,394
ELLIS COUNTY,139,21 Years,2303,1162,1141,1191,600,591,259,128,131,74,38,36,779,396,383
ELLIS COUNTY,139,22 Years,2168,1092,1076,1125,560,565,251,129,122,67,35,32,725,368,357
ELLIS COUNTY,139,23 Years,2083,1028,1055,1101,550,551,228,116,112,56,27,29,698,335,363
ELLIS COUNTY,139,24 Years,1971,991,980,1032,507,525,202,104,98,54,31,23,683,349,334
ELLIS COUNTY,139,25 Years,1869,980,889,1008,499,509,169,92,77,52,31,21,640,358,282
ELLIS COUNTY,139,26 Years,1758,927,831,1000,495,505,153,92,61,47,25,22,558,315,243
ELLIS COUNTY,139,27 Years,1698,848,850,974,470,504,164,78,86,34,13,21,526,287,239
ELLIS COUNTY,139,28 Years,1721,863,858,1036,499,537,134,67,67,24,12,12,527,285,242
ELLIS COUNTY,139,29 Years,1732,827,905,1029,466,563,140,73,67,26,13,13,537,275,262
ELLIS COUNTY,139,30 Years,1764,833,931,1029,467,562,121,63,58,35,13,22,579,290,289
ELLIS COUNTY,139,31 Years,1835,879,956,1076,497,579,106,50,56,42,20,22,611,312,299
ELLIS COUNTY,139,32 Years,1903,866,1037,1116,498,618,122,50,72,38,18,20,627,300,327
ELLIS COUNTY,139,33 Years,2002,938,1064,1182,550,632,137,64,73,43,19,24,640,305,335
ELLIS COUNTY,139,34 Years,1999,971,1028,1189,577,612,159,70,89,38,21,17,613,303,310
ELLIS COUNTY,139,35 Years,2002,969,1033,1198,562,636,177,79,98,38,16,22,589,312,277
ELLIS COUNTY,139,36 Years,2054,985,1069,1228,579,649,182,85,97,37,12,25,607,309,298
ELLIS COUNTY,139,37 Years,2115,994,1121,1267,604,663,183,86,97,37,18,19,628,286,342
ELLIS COUNTY,139,38 Years,2165,1028,1137,1289,632,657,181,80,101,50,20,30,645,296,349
ELLIS COUNTY,139,39 Years,2180,1027,1153,1317,626,691,181,77,104,49,18,31,633,306,327
ELLIS COUNTY,139,40 Years,2145,976,1169,1287,586,701,212,88,124,48,24,24,598,278,320
ELLIS COUNTY,139,41 Years,2178,1042,1136,1330,638,692,225,97,128,54,24,30,569,283,286
ELLIS COUNTY,139,42 Years,2279,1102,1177,1439,712,727,221,90,131,50,21,29,569,279,290
ELLIS COUNTY,139,43 Years,2463,1235,1228,1584,807,777,235,106,129,53,24,29,591,298,293
ELLIS COUNTY,139,44 Years,2397,1171,1226,1543,758,785,223,103,120,56,25,31,575,285,290
ELLIS COUNTY,139,45 Years,2230,1098,1132,1424,698,726,214,109,105,58,28,30,534,263,271
ELLIS COUNTY,139,46 Years,2164,1078,1086,1342,675,667,209,103,106,64,29,35,549,271,278
ELLIS COUNTY,139,47 Years,2160,1057,1103,1367,676,691,206,93,113,53,23,30,534,265,269
ELLIS COUNTY,139,48 Years,2173,1059,1114,1382,674,708,238,104,134,46,17,29,507,264,243
ELLIS COUNTY,139,49 Years,2211,1103,1108,1464,731,733,228,111,117,50,19,31,469,242,227
ELLIS COUNTY,139,50 Years,2243,1122,1121,1573,784,789,208,107,101,55,25,30,407,206,201
ELLIS COUNTY,139,51 Years,2266,1121,1145,1592,786,806,213,102,111,53,25,28,408,208,200
ELLIS COUNTY,139,52 Years,2333,1117,1216,1662,784,878,205,86,119,42,21,21,424,226,198
ELLIS COUNTY,139,53 Years,2309,1104,1205,1694,798,896,195,90,105,46,20,26,374,196,178
ELLIS COUNTY,139,54 Years,2313,1113,1200,1720,819,901,192,89,103,47,18,29,354,187,167
ELLIS COUNTY,139,55 Years,2141,1037,1104,1589,752,837,195,89,106,43,15,28,314,181,133
ELLIS COUNTY,139,56 Years,2187,1063,1124,1627,783,844,196,94,102,46,19,27,318,167,151
ELLIS COUNTY,139,57 Years,2122,1054,1068,1581,775,806,192,100,92,44,22,22,305,157,148
ELLIS COUNTY,139,58 Years,2073,1061,1012,1555,797,758,191,94,97,37,19,18,290,151,139
ELLIS COUNTY,139,59 Years,1999,1005,994,1492,746,746,196,97,99,32,15,17,279,147,132
ELLIS COUNTY,139,60 Years,1896,931,965,1444,708,736,176,83,93,38,19,19,238,121,117
ELLIS COUNTY,139,61 Years,1739,842,897,1317,629,688,163,77,86,36,17,19,223,119,104
ELLIS COUNTY,139,62 Years,1651,802,849,1252,605,647,156,75,81,35,14,21,208,108,100
ELLIS COUNTY,139,63 Years,1621,770,851,1233,591,642,145,63,82,33,14,19,210,102,108
ELLIS COUNTY,139,64 Years,1559,753,806,1163,565,598,154,68,86,34,14,20,208,106,102
ELLIS COUNTY,139,65 Years,1503,719,784,1164,560,604,135,68,67,23,10,13,181,81,100
ELLIS COUNTY,139,66 Years,1509,718,791,1192,573,619,117,56,61,25,8,17,175,81,94
ELLIS COUNTY,139,67 Years,1484,705,779,1185,558,627,107,50,57,27,11,16,165,86,79
ELLIS COUNTY,139,68 Years,1183,566,617,924,437,487,103,48,55,22,10,12,134,71,63
ELLIS COUNTY,139,69 Years,1113,541,572,863,423,440,99,46,53,20,7,13,131,65,66
ELLIS COUNTY,139,70 Years,1090,534,556,871,424,447,85,43,42,20,9,11,114,58,56
ELLIS COUNTY,139,71 Years,1017,491,526,816,395,421,77,38,39,20,11,9,104,47,57
ELLIS COUNTY,139,72 Years,914,434,480,752,359,393,61,30,31,13,7,6,88,38,50
ELLIS COUNTY,139,73 Years,838,406,432,692,339,353,56,24,32,9,5,4,81,38,43
ELLIS COUNTY,139,74 Years,792,363,429,656,304,352,46,15,31,12,4,8,78,40,38
ELLIS COUNTY,139,75 Years,716,332,384,602,283,319,42,17,25,8,3,5,64,29,35
ELLIS COUNTY,139,76 Years,655,301,354,541,248,293,45,19,26,8,5,3,61,29,32
ELLIS COUNTY,139,77 Years,581,260,321,475,214,261,39,15,24,10,5,5,57,26,31
ELLIS COUNTY,139,78 Years,545,240,305,451,196,255,35,17,18,9,7,2,50,20,30
ELLIS COUNTY,139,79 Years,528,229,299,431,186,245,41,18,23,4,3,1,52,22,30
ELLIS COUNTY,139,80 Years,475,198,277,390,160,230,39,16,23,7,3,4,39,19,20
ELLIS COUNTY,139,81 Years,413,153,260,341,126,215,31,12,19,7,1,6,34,14,20
ELLIS COUNTY,139,82 Years,401,152,249,343,130,213,22,5,17,6,1,5,30,16,14
ELLIS COUNTY,139,83 Years,397,159,238,341,134,207,25,7,18,3,1,2,28,17,11
ELLIS COUNTY,139,84 Years,373,149,224,310,120,190,29,11,18,6,3,3,28,15,13
ELLIS COUNTY,139,85 Years +,2040,626,1414,1802,550,1252,117,30,87,15,6,9,106,40,66
EL PASO COUNTY,141,All Ages,830562,404213,426349,98959,52711,46248,20992,12088,8904,19488,9456,10032,691123,329958,361165
EL PASO COUNTY,141,< 1 Year,13488,6860,6628,1407,725,682,383,191,192,544,284,260,11154,5660,5494
EL PASO COUNTY,141,1 Years,13616,6943,6673,1458,754,704,371,186,185,504,266,238,11283,5737,5546
EL PASO COUNTY,141,2 Years,13774,7009,6765,1502,775,727,359,171,188,485,254,231,11428,5809,5619
EL PASO COUNTY,141,3 Years,13801,7061,6740,1462,756,706,339,163,176,471,250,221,11529,5892,5637
EL PASO COUNTY,141,4 Years,12517,6377,6140,1204,621,583,292,161,131,389,192,197,10632,5403,5229
EL PASO COUNTY,141,5 Years,12248,6204,6044,1171,610,561,275,145,130,372,185,187,10430,5264,5166
EL PASO COUNTY,141,6 Years,12415,6261,6154,1158,584,574,304,174,130,382,193,189,10571,5310,5261
EL PASO COUNTY,141,7 Years,12437,6379,6058,1095,574,521,292,167,125,344,176,168,10706,5462,5244
EL PASO COUNTY,141,8 Years,12551,6428,6123,1019,522,497,288,150,138,330,163,167,10914,5593,5321
EL PASO COUNTY,141,9 Years,12664,6413,6251,1015,515,500,289,147,142,301,149,152,11059,5602,5457
EL PASO COUNTY,141,10 Years,12796,6485,6311,948,472,476,272,129,143,285,143,142,11291,5741,5550
EL PASO COUNTY,141,11 Years,13160,6738,6422,942,467,475,263,121,142,288,137,151,11667,6013,5654
EL PASO COUNTY,141,12 Years,13185,6711,6474,886,428,458,261,122,139,270,137,133,11768,6024,5744
EL PASO COUNTY,141,13 Years,13798,7092,6706,916,482,434,297,143,154,267,134,133,12318,6333,5985
EL PASO COUNTY,141,14 Years,13768,7105,6663,900,461,439,311,158,153,257,127,130,12300,6359,5941
EL PASO COUNTY,141,15 Years,13831,7106,6725,904,454,450,318,158,160,232,113,119,12377,6381,5996
EL PASO COUNTY,141,16 Years,13773,7041,6732,809,409,400,304,162,142,248,116,132,12412,6354,6058
EL PASO COUNTY,141,17 Years,13927,7206,6721,890,481,409,314,170,144,255,115,140,12468,6440,6028
EL PASO COUNTY,141,18 Years,14012,7350,6662,935,509,426,299,163,136,236,118,118,12542,6560,5982
EL PASO COUNTY,141,19 Years,13807,7333,6474,1039,642,397,321,188,133,233,116,117,12214,6387,5827
EL PASO COUNTY,141,20 Years,13984,7371,6613,1185,706,479,360,222,138,249,130,119,12190,6313,5877
EL PASO COUNTY,141,21 Years,14184,7463,6721,1222,725,497,360,219,141,244,133,111,12358,6386,5972
EL PASO COUNTY,141,22 Years,14328,7491,6837,1321,748,573,357,220,137,251,140,111,12399,6383,6016
EL PASO COUNTY,141,23 Years,14726,7610,7116,1638,890,748,371,235,136,315,187,128,12402,6298,6104
EL PASO COUNTY,141,24 Years,14440,7478,6962,1903,1077,826,371,231,140,338,195,143,11828,5975,5853
EL PASO COUNTY,141,25 Years,13698,7199,6499,1945,1180,765,398,248,150,309,169,140,11046,5602,5444
EL PASO COUNTY,141,26 Years,12832,6788,6044,1754,1114,640,402,262,140,319,171,148,10357,5241,5116
EL PASO COUNTY,141,27 Years,12104,6252,5852,1549,945,604,365,238,127,325,178,147,9865,4891,4974
EL PASO COUNTY,141,28 Years,11973,6154,5819,1502,927,575,386,246,140,340,182,158,9745,4799,4946
EL PASO COUNTY,141,29 Years,11520,5807,5713,1458,859,599,294,179,115,343,194,149,9425,4575,4850
EL PASO COUNTY,141,30 Years,10995,5472,5523,1443,802,641,300,170,130,361,180,181,8891,4320,4571
EL PASO COUNTY,141,31 Years,10537,5074,5463,1290,680,610,290,163,127,337,163,174,8620,4068,4552
EL PASO COUNTY,141,32 Years,10453,5019,5434,1293,667,626,276,150,126,321,154,167,8563,4048,4515
EL PASO COUNTY,141,33 Years,10304,4952,5352,1156,605,551,294,164,130,298,137,161,8556,4046,4510
EL PASO COUNTY,141,34 Years,10052,4793,5259,1096,567,529,311,173,138,323,153,170,8322,3900,4422
EL PASO COUNTY,141,35 Years,9528,4468,5060,1043,562,481,287,175,112,303,153,150,7895,3578,4317
EL PASO COUNTY,141,36 Years,9645,4584,5061,1079,574,505,281,170,111,302,137,165,7983,3703,4280
EL PASO COUNTY,141,37 Years,9910,4747,5163,1030,548,482,292,191,101,299,137,162,8289,3871,4418
EL PASO COUNTY,141,38 Years,10096,4755,5341,1010,531,479,273,161,112,272,128,144,8541,3935,4606
EL PASO COUNTY,141,39 Years,10330,4888,5442,1038,574,464,259,161,98,255,126,129,8778,4027,4751
EL PASO COUNTY,141,40 Years,10440,4916,5524,1015,541,474,308,196,112,268,135,133,8849,4044,4805
EL PASO COUNTY,141,41 Years,10777,5016,5761,1035,565,470,299,180,119,270,130,140,9173,4141,5032
EL PASO COUNTY,141,42 Years,10752,5026,5726,1163,645,518,314,198,116,281,140,141,8994,4043,4951
EL PASO COUNTY,141,43 Years,10555,4977,5578,1202,671,531,313,190,123,264,127,137,8776,3989,4787
EL PASO COUNTY,141,44 Years,10552,4990,5562,1175,648,527,332,197,135,230,106,124,8815,4039,4776
EL PASO COUNTY,141,45 Years,10039,4755,5284,1160,653,507,299,179,120,215,101,114,8365,3822,4543
EL PASO COUNTY,141,46 Years,9814,4622,5192,1107,627,480,327,206,121,209,102,107,8171,3687,4484
EL PASO COUNTY,141,47 Years,9692,4508,5184,1163,668,495,316,192,124,190,96,94,8023,3552,4471
EL PASO COUNTY,141,48 Years,9816,4610,5206,1321,738,583,308,191,117,189,103,86,7998,3578,4420
EL PASO COUNTY,141,49 Years,10100,4731,5369,1324,745,579,340,215,125,204,103,101,8232,3668,4564
EL PASO COUNTY,141,50 Years,9981,4684,5297,1357,734,623,305,188,117,198,86,112,8121,3676,4445
EL PASO COUNTY,141,51 Years,10002,4697,5305,1313,709,604,286,174,112,198,90,108,8205,3724,4481
EL PASO COUNTY,141,52 Years,10157,4748,5409,1396,756,640,258,160,98,177,78,99,8326,3754,4572
EL PASO COUNTY,141,53 Years,10136,4713,5423,1420,761,659,231,146,85,163,68,95,8322,3738,4584
EL PASO COUNTY,141,54 Years,10226,4801,5425,1415,745,670,260,159,101,185,88,97,8366,3809,4557
EL PASO COUNTY,141,55 Years,9821,4577,5244,1408,739,669,289,178,111,196,88,108,7928,3572,4356
EL PASO COUNTY,141,56 Years,9711,4534,5177,1448,764,684,259,167,92,202,95,107,7802,3508,4294
EL PASO COUNTY,141,57 Years,9368,4326,5042,1433,751,682,253,164,89,214,102,112,7468,3309,4159
EL PASO COUNTY,141,58 Years,9216,4230,4986,1408,723,685,251,158,93,181,84,97,7376,3265,4111
EL PASO COUNTY,141,59 Years,8816,4048,4768,1392,720,672,234,132,102,205,88,117,6985,3108,3877
EL PASO COUNTY,141,60 Years,8325,3804,4521,1395,720,675,190,113,77,163,69,94,6577,2902,3675
EL PASO COUNTY,141,61 Years,7939,3602,4337,1405,720,685,178,103,75,166,71,95,6190,2708,3482
EL PASO COUNTY,141,62 Years,7456,3476,3980,1346,718,628,162,99,63,151,57,94,5797,2602,3195
EL PASO COUNTY,141,63 Years,7210,3357,3853,1233,659,574,141,86,55,133,55,78,5703,2557,3146
EL PASO COUNTY,141,64 Years,6930,3201,3729,1243,668,575,133,80,53,152,62,90,5402,2391,3011
EL PASO COUNTY,141,65 Years,6636,3040,3596,1208,639,569,119,77,42,152,63,89,5157,2261,2896
EL PASO COUNTY,141,66 Years,6498,3022,3476,1260,696,564,112,68,44,135,59,76,4991,2199,2792
EL PASO COUNTY,141,67 Years,6222,2912,3310,1281,716,565,112,61,51,135,61,74,4694,2074,2620
EL PASO COUNTY,141,68 Years,5352,2458,2894,966,538,428,100,57,43,118,52,66,4168,1811,2357
EL PASO COUNTY,141,69 Years,4992,2245,2747,869,461,408,108,58,50,91,35,56,3924,1691,2233
EL PASO COUNTY,141,70 Years,4769,2108,2661,892,470,422,107,53,54,88,33,55,3682,1552,2130
EL PASO COUNTY,141,71 Years,4609,2033,2576,903,477,426,101,53,48,89,32,57,3516,1471,2045
EL PASO COUNTY,141,72 Years,4266,1855,2411,840,427,413,93,48,45,81,27,54,3252,1353,1899
EL PASO COUNTY,141,73 Years,3997,1673,2324,758,361,397,80,38,42,68,22,46,3091,1252,1839
EL PASO COUNTY,141,74 Years,3881,1645,2236,697,331,366,71,32,39,73,21,52,3040,1261,1779
EL PASO COUNTY,141,75 Years,3664,1534,2130,689,339,350,66,35,31,67,24,43,2842,1136,1706
EL PASO COUNTY,141,76 Years,3496,1489,2007,661,331,330,64,29,35,59,28,31,2712,1101,1611
EL PASO COUNTY,141,77 Years,3300,1378,1922,645,314,331,63,27,36,50,22,28,2542,1015,1527
EL PASO COUNTY,141,78 Years,3180,1312,1868,637,295,342,62,34,28,46,18,28,2435,965,1470
EL PASO COUNTY,141,79 Years,2973,1206,1767,604,282,322,54,24,30,44,15,29,2271,885,1386
EL PASO COUNTY,141,80 Years,2780,1105,1675,584,258,326,65,31,34,40,13,27,2091,803,1288
EL PASO COUNTY,141,81 Years,2584,1016,1568,556,245,311,57,29,28,51,12,39,1920,730,1190
EL PASO COUNTY,141,82 Years,2482,993,1489,514,243,271,59,27,32,48,15,33,1861,708,1153
EL PASO COUNTY,141,83 Years,2374,927,1447,476,218,258,45,22,23,44,10,34,1809,677,1132
EL PASO COUNTY,141,84 Years,2264,830,1434,493,219,274,42,19,23,36,8,28,1693,584,1109
EL PASO COUNTY,141,85 Years +,11205,4016,7189,2534,941,1593,147,68,79,172,47,125,8352,2960,5392
ERATH COUNTY,143,All Ages,40590,20012,20578,30509,14740,15769,471,283,188,993,504,489,8617,4485,4132
ERATH COUNTY,143,< 1 Year,572,298,274,350,184,166,7,4,3,25,11,14,190,99,91
ERATH COUNTY,143,1 Years,590,302,288,360,185,175,10,5,5,24,11,13,196,101,95
ERATH COUNTY,143,2 Years,586,292,294,353,180,173,8,3,5,25,13,12,200,96,104
ERATH COUNTY,143,3 Years,573,291,282,337,171,166,8,3,5,26,13,13,202,104,98
ERATH COUNTY,143,4 Years,576,308,268,350,185,165,7,5,2,18,11,7,201,107,94
ERATH COUNTY,143,5 Years,515,263,252,323,162,161,5,3,2,16,10,6,171,88,83
ERATH COUNTY,143,6 Years,512,272,240,323,169,154,4,3,1,14,9,5,171,91,80
ERATH COUNTY,143,7 Years,507,264,243,310,157,153,3,3,0,15,9,6,179,95,84
ERATH COUNTY,143,8 Years,510,262,248,298,153,145,3,2,1,21,9,12,188,98,90
ERATH COUNTY,143,9 Years,496,265,231,306,170,136,4,1,3,21,10,11,165,84,81
ERATH COUNTY,143,10 Years,511,267,244,308,155,153,6,3,3,23,13,10,174,96,78
ERATH COUNTY,143,11 Years,521,257,264,317,154,163,6,2,4,16,9,7,182,92,90
ERATH COUNTY,143,12 Years,468,234,234,291,147,144,3,1,2,9,6,3,165,80,85
ERATH COUNTY,143,13 Years,483,232,251,322,157,165,4,1,3,10,6,4,147,68,79
ERATH COUNTY,143,14 Years,482,243,239,306,157,149,2,1,1,11,8,3,163,77,86
ERATH COUNTY,143,15 Years,485,255,230,314,166,148,4,4,0,11,5,6,156,80,76
ERATH COUNTY,143,16 Years,444,232,212,290,148,142,4,2,2,11,6,5,139,76,63
ERATH COUNTY,143,17 Years,461,226,235,292,148,144,6,4,2,12,4,8,151,70,81
ERATH COUNTY,143,18 Years,787,356,431,545,246,299,26,13,13,14,7,7,202,90,112
ERATH COUNTY,143,19 Years,1286,580,706,995,440,555,32,16,16,21,10,11,238,114,124
ERATH COUNTY,143,20 Years,1210,548,662,931,410,521,28,12,16,16,6,10,235,120,115
ERATH COUNTY,143,21 Years,1182,543,639,903,392,511,35,22,13,17,8,9,227,121,106
ERATH COUNTY,143,22 Years,1141,550,591,825,378,447,37,28,9,27,14,13,252,130,122
ERATH COUNTY,143,23 Years,954,414,540,683,282,401,28,17,11,17,6,11,226,109,117
ERATH COUNTY,143,24 Years,858,426,432,614,294,320,22,16,6,32,20,12,190,96,94
ERATH COUNTY,143,25 Years,753,396,357,519,271,248,22,18,4,30,16,14,182,91,91
ERATH COUNTY,143,26 Years,685,348,337,500,239,261,20,13,7,20,15,5,145,81,64
ERATH COUNTY,143,27 Years,663,368,295,497,271,226,12,9,3,18,12,6,136,76,60
ERATH COUNTY,143,28 Years,558,301,257,405,212,193,10,6,4,14,7,7,129,76,53
ERATH COUNTY,143,29 Years,569,303,266,418,226,192,6,4,2,9,6,3,136,67,69
ERATH COUNTY,143,30 Years,486,243,243,353,175,178,6,3,3,10,4,6,117,61,56
ERATH COUNTY,143,31 Years,479,241,238,346,176,170,2,1,1,13,4,9,118,60,58
ERATH COUNTY,143,32 Years,467,260,207,330,193,137,4,2,2,6,3,3,127,62,65
ERATH COUNTY,143,33 Years,421,233,188,307,162,145,2,1,1,5,3,2,107,67,40
ERATH COUNTY,143,34 Years,404,202,202,277,137,140,2,1,1,10,4,6,115,60,55
ERATH COUNTY,143,35 Years,339,156,183,240,110,130,6,6,0,12,5,7,81,35,46
ERATH COUNTY,143,36 Years,349,185,164,255,134,121,4,3,1,7,3,4,83,45,38
ERATH COUNTY,143,37 Years,370,205,165,277,155,122,4,3,1,9,3,6,80,44,36
ERATH COUNTY,143,38 Years,368,189,179,271,136,135,2,1,1,10,3,7,85,49,36
ERATH COUNTY,143,39 Years,398,209,189,298,150,148,5,3,2,9,4,5,86,52,34
ERATH COUNTY,143,40 Years,387,196,191,284,144,140,4,2,2,13,4,9,86,46,40
ERATH COUNTY,143,41 Years,388,185,203,287,143,144,4,2,2,12,5,7,85,35,50
ERATH COUNTY,143,42 Years,394,187,207,302,152,150,2,1,1,2,1,1,88,33,55
ERATH COUNTY,143,43 Years,425,205,220,314,153,161,4,2,2,11,8,3,96,42,54
ERATH COUNTY,143,44 Years,447,222,225,327,163,164,2,1,1,10,7,3,108,51,57
ERATH COUNTY,143,45 Years,414,208,206,308,154,154,3,1,2,11,4,7,92,49,43
ERATH COUNTY,143,46 Years,431,222,209,322,158,164,2,2,0,8,3,5,99,59,40
ERATH COUNTY,143,47 Years,397,200,197,296,142,154,3,1,2,9,5,4,89,52,37
ERATH COUNTY,143,48 Years,407,190,217,293,131,162,5,2,3,8,4,4,101,53,48
ERATH COUNTY,143,49 Years,467,236,231,347,165,182,2,1,1,10,7,3,108,63,45
ERATH COUNTY,143,50 Years,479,237,242,371,173,198,4,4,0,10,4,6,94,56,38
ERATH COUNTY,143,51 Years,494,249,245,384,186,198,3,1,2,15,7,8,92,55,37
ERATH COUNTY,143,52 Years,512,256,256,404,199,205,4,2,2,13,6,7,91,49,42
ERATH COUNTY,143,53 Years,495,238,257,403,194,209,3,2,1,10,3,7,79,39,40
ERATH COUNTY,143,54 Years,484,253,231,404,206,198,2,2,0,9,5,4,69,40,29
ERATH COUNTY,143,55 Years,436,227,209,372,188,184,0,0,0,7,4,3,57,35,22
ERATH COUNTY,143,56 Years,424,214,210,354,172,182,0,0,0,9,3,6,61,39,22
ERATH COUNTY,143,57 Years,444,233,211,365,184,181,0,0,0,9,5,4,70,44,26
ERATH COUNTY,143,58 Years,430,216,214,366,177,189,1,1,0,7,5,2,56,33,23
ERATH COUNTY,143,59 Years,426,234,192,367,192,175,0,0,0,13,10,3,46,32,14
ERATH COUNTY,143,60 Years,430,215,215,368,179,189,0,0,0,15,9,6,47,27,20
ERATH COUNTY,143,61 Years,438,191,247,381,164,217,2,1,1,10,6,4,45,20,25
ERATH COUNTY,143,62 Years,419,197,222,373,173,200,3,2,1,9,5,4,34,17,17
ERATH COUNTY,143,63 Years,406,196,210,357,168,189,1,1,0,12,6,6,36,21,15
ERATH COUNTY,143,64 Years,417,202,215,361,172,189,0,0,0,18,7,11,38,23,15
ERATH COUNTY,143,65 Years,396,198,198,352,173,179,0,0,0,12,4,8,32,21,11
ERATH COUNTY,143,66 Years,411,207,204,365,182,183,0,0,0,11,5,6,35,20,15
ERATH COUNTY,143,67 Years,406,193,213,375,176,199,1,1,0,7,4,3,23,12,11
ERATH COUNTY,143,68 Years,340,164,176,302,142,160,1,1,0,8,6,2,29,15,14
ERATH COUNTY,143,69 Years,335,164,171,305,148,157,1,0,1,5,2,3,24,14,10
ERATH COUNTY,143,70 Years,342,171,171,319,158,161,0,0,0,3,1,2,20,12,8
ERATH COUNTY,143,71 Years,312,153,159,289,138,151,1,1,0,5,4,1,17,10,7
ERATH COUNTY,143,72 Years,275,130,145,260,122,138,0,0,0,3,3,0,12,5,7
ERATH COUNTY,143,73 Years,268,131,137,250,122,128,0,0,0,4,1,3,14,8,6
ERATH COUNTY,143,74 Years,236,116,120,223,109,114,0,0,0,6,3,3,7,4,3
ERATH COUNTY,143,75 Years,206,100,106,191,91,100,1,0,1,2,1,1,12,8,4
ERATH COUNTY,143,76 Years,212,98,114,194,89,105,2,1,1,4,2,2,12,6,6
ERATH COUNTY,143,77 Years,188,81,107,173,77,96,0,0,0,2,0,2,13,4,9
ERATH COUNTY,143,78 Years,189,86,103,181,84,97,0,0,0,2,0,2,6,2,4
ERATH COUNTY,143,79 Years,174,78,96,163,74,89,0,0,0,2,1,1,9,3,6
ERATH COUNTY,143,80 Years,161,59,102,152,57,95,0,0,0,3,0,3,6,2,4
ERATH COUNTY,143,81 Years,156,62,94,150,60,90,0,0,0,2,1,1,4,1,3
ERATH COUNTY,143,82 Years,147,63,84,138,58,80,0,0,0,3,2,1,6,3,3
ERATH COUNTY,143,83 Years,136,57,79,130,53,77,0,0,0,2,1,1,4,3,1
ERATH COUNTY,143,84 Years,112,45,67,109,43,66,0,0,0,1,1,0,2,1,1
ERATH COUNTY,143,85 Years +,678,228,450,639,215,424,1,0,1,12,3,9,26,10,16
FALLS COUNTY,145,All Ages,17284,8271,9013,8741,4144,4597,4323,1887,2436,383,202,181,3837,2038,1799
FALLS COUNTY,145,< 1 Year,200,105,95,64,30,34,51,28,23,23,14,9,62,33,29
FALLS COUNTY,145,1 Years,199,105,94,60,30,30,56,28,28,23,13,10,60,34,26
FALLS COUNTY,145,2 Years,196,102,94,62,32,30,56,28,28,23,12,11,55,30,25
FALLS COUNTY,145,3 Years,191,94,97,59,28,31,57,28,29,19,10,9,56,28,28
FALLS COUNTY,145,4 Years,210,106,104,71,33,38,62,35,27,13,3,10,64,35,29
FALLS COUNTY,145,5 Years,185,99,86,65,34,31,58,32,26,8,4,4,54,29,25
FALLS COUNTY,145,6 Years,197,98,99,73,34,39,52,28,24,8,4,4,64,32,32
FALLS COUNTY,145,7 Years,204,112,92,68,36,32,53,27,26,5,3,2,78,46,32
FALLS COUNTY,145,8 Years,217,110,107,80,40,40,50,23,27,6,5,1,81,42,39
FALLS COUNTY,145,9 Years,201,105,96,75,37,38,43,20,23,10,8,2,73,40,33
FALLS COUNTY,145,10 Years,211,119,92,75,46,29,54,26,28,7,6,1,75,41,34
FALLS COUNTY,145,11 Years,199,106,93,81,44,37,45,26,19,5,3,2,68,33,35
FALLS COUNTY,145,12 Years,198,109,89,82,46,36,40,23,17,6,4,2,70,36,34
FALLS COUNTY,145,13 Years,203,104,99,83,50,33,47,18,29,6,3,3,67,33,34
FALLS COUNTY,145,14 Years,212,113,99,89,48,41,49,24,25,5,2,3,69,39,30
FALLS COUNTY,145,15 Years,198,99,99,81,41,40,52,27,25,4,3,1,61,28,33
FALLS COUNTY,145,16 Years,196,106,90,82,45,37,53,28,25,6,5,1,55,28,27
FALLS COUNTY,145,17 Years,195,106,89,79,44,35,47,24,23,7,3,4,62,35,27
FALLS COUNTY,145,18 Years,194,107,87,68,36,32,55,28,27,7,2,5,64,41,23
FALLS COUNTY,145,19 Years,194,106,88,72,37,35,60,31,29,6,4,2,56,34,22
FALLS COUNTY,145,20 Years,199,102,97,74,38,36,62,27,35,7,4,3,56,33,23
FALLS COUNTY,145,21 Years,237,122,115,79,39,40,93,46,47,8,5,3,57,32,25
FALLS COUNTY,145,22 Years,241,126,115,85,42,43,87,42,45,4,2,2,65,40,25
FALLS COUNTY,145,23 Years,267,137,130,88,39,49,87,43,44,3,0,3,89,55,34
FALLS COUNTY,145,24 Years,266,140,126,98,51,47,85,42,43,3,1,2,80,46,34
FALLS COUNTY,145,25 Years,253,123,130,97,50,47,79,29,50,1,1,0,76,43,33
FALLS COUNTY,145,26 Years,237,118,119,85,44,41,83,35,48,1,1,0,68,38,30
FALLS COUNTY,145,27 Years,229,106,123,92,43,49,72,31,41,1,0,1,64,32,32
FALLS COUNTY,145,28 Years,226,107,119,84,34,50,68,34,34,3,2,1,71,37,34
FALLS COUNTY,145,29 Years,227,113,114,87,45,42,62,26,36,3,2,1,75,40,35
FALLS COUNTY,145,30 Years,215,100,115,91,39,52,61,28,33,3,2,1,60,31,29
FALLS COUNTY,145,31 Years,207,91,116,89,36,53,57,23,34,4,1,3,57,31,26
FALLS COUNTY,145,32 Years,211,91,120,91,35,56,65,27,38,1,1,0,54,28,26
FALLS COUNTY,145,33 Years,227,94,133,97,34,63,64,26,38,3,3,0,63,31,32
FALLS COUNTY,145,34 Years,217,93,124,101,41,60,57,20,37,2,2,0,57,30,27
FALLS COUNTY,145,35 Years,220,102,118,103,48,55,52,22,30,2,1,1,63,31,32
FALLS COUNTY,145,36 Years,194,74,120,95,37,58,45,13,32,5,2,3,49,22,27
FALLS COUNTY,145,37 Years,204,82,122,90,37,53,59,20,39,4,1,3,51,24,27
FALLS COUNTY,145,38 Years,195,79,116,86,38,48,43,12,31,4,1,3,62,28,34
FALLS COUNTY,145,39 Years,210,83,127,87,33,54,62,18,44,3,1,2,58,31,27
FALLS COUNTY,145,40 Years,187,75,112,85,36,49,49,15,34,1,0,1,52,24,28
FALLS COUNTY,145,41 Years,195,87,108,96,41,55,48,21,27,2,1,1,49,24,25
FALLS COUNTY,145,42 Years,202,80,122,102,41,61,56,21,35,5,1,4,39,17,22
FALLS COUNTY,145,43 Years,228,98,130,105,43,62,63,23,40,3,2,1,57,30,27
FALLS COUNTY,145,44 Years,231,103,128,115,50,65,61,21,40,2,2,0,53,30,23
FALLS COUNTY,145,45 Years,214,95,119,114,48,66,55,19,36,1,1,0,44,27,17
FALLS COUNTY,145,46 Years,227,95,132,117,50,67,60,19,41,3,1,2,47,25,22
FALLS COUNTY,145,47 Years,244,103,141,118,47,71,72,25,47,3,1,2,51,30,21
FALLS COUNTY,145,48 Years,257,118,139,130,57,73,72,31,41,1,0,1,54,30,24
FALLS COUNTY,145,49 Years,275,127,148,142,67,75,78,33,45,5,3,2,50,24,26
FALLS COUNTY,145,50 Years,269,127,142,148,69,79,77,37,40,3,2,1,41,19,22
FALLS COUNTY,145,51 Years,266,121,145,148,68,80,72,31,41,2,0,2,44,22,22
FALLS COUNTY,145,52 Years,253,118,135,147,70,77,61,22,39,4,2,2,41,24,17
FALLS COUNTY,145,53 Years,232,109,123,152,74,78,44,17,27,3,1,2,33,17,16
FALLS COUNTY,145,54 Years,247,125,122,161,78,83,47,22,25,3,2,1,36,23,13
FALLS COUNTY,145,55 Years,230,104,126,152,71,81,47,17,30,3,1,2,28,15,13
FALLS COUNTY,145,56 Years,252,119,133,163,82,81,51,20,31,3,1,2,35,16,19
FALLS COUNTY,145,57 Years,241,115,126,140,70,70,61,29,32,1,0,1,39,16,23
FALLS COUNTY,145,58 Years,246,120,126,148,75,73,62,31,31,4,3,1,32,11,21
FALLS COUNTY,145,59 Years,242,121,121,152,70,82,51,29,22,4,1,3,35,21,14
FALLS COUNTY,145,60 Years,239,124,115,151,75,76,54,28,26,3,1,2,31,20,11
FALLS COUNTY,145,61 Years,227,114,113,147,77,70,52,22,30,3,0,3,25,15,10
FALLS COUNTY,145,62 Years,208,97,111,144,68,76,42,18,24,0,0,0,22,11,11
FALLS COUNTY,145,63 Years,215,112,103,141,72,69,41,21,20,3,3,0,30,16,14
FALLS COUNTY,145,64 Years,211,107,104,143,70,73,39,20,19,2,1,1,27,16,11
FALLS COUNTY,145,65 Years,204,103,101,143,75,68,36,16,20,3,2,1,22,10,12
FALLS COUNTY,145,66 Years,196,94,102,144,75,69,31,9,22,3,2,1,18,8,10
FALLS COUNTY,145,67 Years,181,87,94,130,65,65,32,12,20,3,1,2,16,9,7
FALLS COUNTY,145,68 Years,166,84,82,109,54,55,33,16,17,2,2,0,22,12,10
FALLS COUNTY,145,69 Years,162,72,90,118,55,63,28,10,18,2,1,1,14,6,8
FALLS COUNTY,145,70 Years,159,78,81,113,58,55,24,8,16,6,3,3,16,9,7
FALLS COUNTY,145,71 Years,154,83,71,109,59,50,26,12,14,5,4,1,14,8,6
FALLS COUNTY,145,72 Years,156,70,86,109,49,60,25,11,14,5,3,2,17,7,10
FALLS COUNTY,145,73 Years,156,69,87,119,51,68,25,13,12,3,0,3,9,5,4
FALLS COUNTY,145,74 Years,121,61,60,83,41,42,26,13,13,2,1,1,10,6,4
FALLS COUNTY,145,75 Years,128,60,68,93,45,48,21,8,13,5,2,3,9,5,4
FALLS COUNTY,145,76 Years,117,53,64,83,36,47,19,9,10,3,1,2,12,7,5
FALLS COUNTY,145,77 Years,110,52,58,80,38,42,16,5,11,2,1,1,12,8,4
FALLS COUNTY,145,78 Years,102,50,52,77,39,38,17,6,11,2,1,1,6,4,2
FALLS COUNTY,145,79 Years,91,41,50,67,33,34,16,6,10,1,0,1,7,2,5
FALLS COUNTY,145,80 Years,92,37,55,63,27,36,19,6,13,1,0,1,9,4,5
FALLS COUNTY,145,81 Years,90,44,46,63,31,32,16,6,10,1,1,0,10,6,4
FALLS COUNTY,145,82 Years,82,39,43,60,29,31,14,5,9,1,1,0,7,4,3
FALLS COUNTY,145,83 Years,78,28,50,55,22,33,18,4,14,0,0,0,5,2,3
FALLS COUNTY,145,84 Years,73,27,46,54,23,31,10,1,9,1,1,0,8,2,6
FALLS COUNTY,145,85 Years +,346,131,215,240,96,144,73,23,50,3,1,2,30,11,19
FANNIN COUNTY,147,All Ages,34428,18279,16149,27322,13899,13423,2269,1550,719,1108,550,558,3729,2280,1449
FANNIN COUNTY,147,< 1 Year,356,190,166,248,125,123,17,8,9,22,15,7,69,42,27
FANNIN COUNTY,147,1 Years,347,181,166,239,120,119,16,7,9,20,12,8,72,42,30
FANNIN COUNTY,147,2 Years,353,179,174,243,123,120,19,8,11,19,7,12,72,41,31
FANNIN COUNTY,147,3 Years,364,181,183,253,126,127,17,8,9,20,9,11,74,38,36
FANNIN COUNTY,147,4 Years,412,216,196,289,158,131,20,8,12,28,17,11,75,33,42
FANNIN COUNTY,147,5 Years,402,208,194,289,154,135,16,6,10,35,17,18,62,31,31
FANNIN COUNTY,147,6 Years,389,196,193,274,137,137,13,8,5,31,14,17,71,37,34
FANNIN COUNTY,147,7 Years,416,222,194,293,151,142,16,11,5,28,18,10,79,42,37
FANNIN COUNTY,147,8 Years,430,220,210,314,161,153,17,9,8,29,14,15,70,36,34
FANNIN COUNTY,147,9 Years,443,228,215,328,170,158,24,12,12,23,10,13,68,36,32
FANNIN COUNTY,147,10 Years,435,227,208,313,164,149,23,14,9,26,12,14,73,37,36
FANNIN COUNTY,147,11 Years,429,221,208,314,162,152,26,12,14,21,9,12,68,38,30
FANNIN COUNTY,147,12 Years,419,213,206,303,148,155,26,14,12,22,10,12,68,41,27
FANNIN COUNTY,147,13 Years,430,221,209,311,157,154,23,12,11,20,10,10,76,42,34
FANNIN COUNTY,147,14 Years,459,240,219,340,173,167,21,11,10,22,12,10,76,44,32
FANNIN COUNTY,147,15 Years,415,212,203,317,159,158,21,13,8,19,12,7,58,28,30
FANNIN COUNTY,147,16 Years,435,215,220,343,172,171,20,8,12,19,9,10,53,26,27
FANNIN COUNTY,147,17 Years,423,211,212,324,165,159,18,8,10,18,9,9,63,29,34
FANNIN COUNTY,147,18 Years,412,219,193,310,166,144,26,15,11,15,7,8,61,31,30
FANNIN COUNTY,147,19 Years,427,246,181,298,161,137,35,27,8,13,8,5,81,50,31
FANNIN COUNTY,147,20 Years,446,258,188,307,163,144,48,37,11,19,12,7,72,46,26
FANNIN COUNTY,147,21 Years,474,303,171,325,193,132,54,45,9,15,9,6,80,56,24
FANNIN COUNTY,147,22 Years,489,301,188,341,195,146,58,48,10,14,5,9,76,53,23
FANNIN COUNTY,147,23 Years,464,291,173,320,191,129,54,43,11,11,6,5,79,51,28
FANNIN COUNTY,147,24 Years,493,313,180,337,195,142,44,35,9,15,10,5,97,73,24
FANNIN COUNTY,147,25 Years,431,253,178,297,154,143,52,44,8,12,5,7,70,50,20
FANNIN COUNTY,147,26 Years,385,233,152,263,141,122,43,37,6,13,6,7,66,49,17
FANNIN COUNTY,147,27 Years,380,253,127,260,161,99,49,44,5,10,4,6,61,44,17
FANNIN COUNTY,147,28 Years,387,241,146,261,147,114,48,42,6,11,6,5,67,46,21
FANNIN COUNTY,147,29 Years,354,208,146,234,123,111,42,31,11,9,4,5,69,50,19
FANNIN COUNTY,147,30 Years,362,217,145,243,129,114,40,31,9,10,5,5,69,52,17
FANNIN COUNTY,147,31 Years,378,220,158,259,130,129,49,40,9,8,6,2,62,44,18
FANNIN COUNTY,147,32 Years,363,216,147,260,147,113,38,27,11,8,4,4,57,38,19
FANNIN COUNTY,147,33 Years,392,228,164,282,150,132,41,34,7,10,6,4,59,38,21
FANNIN COUNTY,147,34 Years,365,199,166,275,139,136,25,19,6,5,4,1,60,37,23
FANNIN COUNTY,147,35 Years,394,221,173,279,145,134,39,31,8,9,2,7,67,43,24
FANNIN COUNTY,147,36 Years,371,207,164,271,137,134,32,25,7,10,4,6,58,41,17
FANNIN COUNTY,147,37 Years,397,229,168,272,140,132,32,24,8,12,4,8,81,61,20
FANNIN COUNTY,147,38 Years,372,211,161,259,127,132,36,31,5,10,7,3,67,46,21
FANNIN COUNTY,147,39 Years,362,207,155,260,135,125,33,27,6,9,7,2,60,38,22
FANNIN COUNTY,147,40 Years,400,217,183,300,152,148,40,34,6,7,2,5,53,29,24
FANNIN COUNTY,147,41 Years,390,212,178,298,157,141,39,31,8,9,3,6,44,21,23
FANNIN COUNTY,147,42 Years,379,202,177,295,150,145,24,18,6,14,6,8,46,28,18
FANNIN COUNTY,147,43 Years,411,223,188,318,167,151,35,27,8,16,6,10,42,23,19
FANNIN COUNTY,147,44 Years,467,248,219,369,189,180,27,17,10,16,7,9,55,35,20
FANNIN COUNTY,147,45 Years,415,207,208,339,161,178,24,13,11,11,5,6,41,28,13
FANNIN COUNTY,147,46 Years,403,201,202,319,147,172,35,25,10,11,4,7,38,25,13
FANNIN COUNTY,147,47 Years,461,263,198,364,194,170,38,29,9,14,7,7,45,33,12
FANNIN COUNTY,147,48 Years,480,261,219,386,194,192,36,26,10,12,6,6,46,35,11
FANNIN COUNTY,147,49 Years,491,279,212,388,202,186,39,31,8,15,9,6,49,37,12
FANNIN COUNTY,147,50 Years,543,304,239,433,229,204,49,36,13,16,8,8,45,31,14
FANNIN COUNTY,147,51 Years,508,254,254,437,215,222,35,23,12,15,4,11,21,12,9
FANNIN COUNTY,147,52 Years,507,254,253,435,217,218,35,20,15,14,6,8,23,11,12
FANNIN COUNTY,147,53 Years,497,238,259,441,206,235,19,12,7,11,6,5,26,14,12
FANNIN COUNTY,147,54 Years,542,269,273,467,225,242,23,14,9,10,5,5,42,25,17
FANNIN COUNTY,147,55 Years,538,273,265,456,223,233,41,27,14,9,4,5,32,19,13
FANNIN COUNTY,147,56 Years,517,263,254,449,226,223,31,17,14,13,5,8,24,15,9
FANNIN COUNTY,147,57 Years,506,260,246,441,222,219,28,17,11,15,7,8,22,14,8
FANNIN COUNTY,147,58 Years,503,276,227,445,240,205,29,22,7,15,10,5,14,4,10
FANNIN COUNTY,147,59 Years,455,251,204,405,220,185,23,16,7,11,6,5,16,9,7
FANNIN COUNTY,147,60 Years,447,232,215,392,202,190,20,8,12,12,7,5,23,15,8
FANNIN COUNTY,147,61 Years,462,244,218,409,213,196,24,15,9,11,6,5,18,10,8
FANNIN COUNTY,147,62 Years,443,217,226,388,186,202,21,12,9,15,8,7,19,11,8
FANNIN COUNTY,147,63 Years,416,203,213,372,181,191,15,7,8,14,7,7,15,8,7
FANNIN COUNTY,147,64 Years,439,221,218,394,197,197,21,10,11,7,4,3,17,10,7
FANNIN COUNTY,147,65 Years,467,229,238,430,209,221,18,10,8,7,3,4,12,7,5
FANNIN COUNTY,147,66 Years,446,227,219,411,208,203,13,9,4,8,3,5,14,7,7
FANNIN COUNTY,147,67 Years,455,253,202,409,225,184,16,10,6,15,9,6,15,9,6
FANNIN COUNTY,147,68 Years,388,203,185,356,185,171,14,8,6,10,6,4,8,4,4
FANNIN COUNTY,147,69 Years,395,184,211,368,171,197,14,8,6,6,3,3,7,2,5
FANNIN COUNTY,147,70 Years,394,196,198,358,175,183,16,10,6,6,2,4,14,9,5
FANNIN COUNTY,147,71 Years,364,179,185,332,163,169,17,9,8,7,3,4,8,4,4
FANNIN COUNTY,147,72 Years,341,168,173,319,156,163,10,4,6,8,5,3,4,3,1
FANNIN COUNTY,147,73 Years,285,142,143,259,125,134,15,9,6,7,5,2,4,3,1
FANNIN COUNTY,147,74 Years,277,128,149,251,115,136,12,7,5,7,3,4,7,3,4
FANNIN COUNTY,147,75 Years,261,125,136,245,117,128,9,5,4,3,1,2,4,2,2
FANNIN COUNTY,147,76 Years,263,133,130,250,125,125,9,6,3,1,1,0,3,1,2
FANNIN COUNTY,147,77 Years,220,105,115,204,95,109,7,4,3,3,2,1,6,4,2
FANNIN COUNTY,147,78 Years,218,105,113,200,98,102,7,2,5,4,1,3,7,4,3
FANNIN COUNTY,147,79 Years,212,107,105,202,103,99,6,4,2,1,0,1,3,0,3
FANNIN COUNTY,147,80 Years,197,91,106,182,85,97,6,3,3,5,2,3,4,1,3
FANNIN COUNTY,147,81 Years,190,85,105,172,79,93,8,2,6,6,1,5,4,3,1
FANNIN COUNTY,147,82 Years,164,75,89,150,72,78,8,2,6,4,0,4,2,1,1
FANNIN COUNTY,147,83 Years,147,64,83,139,63,76,6,1,5,1,0,1,1,0,1
FANNIN COUNTY,147,84 Years,134,57,77,122,54,68,4,1,3,3,0,3,5,2,3
FANNIN COUNTY,147,85 Years +,735,296,439,675,267,408,32,15,17,13,5,8,15,9,6
FAYETTE COUNTY,149,All Ages,25126,12450,12676,17974,8811,9163,1622,799,823,363,176,187,5167,2664,2503
FAYETTE COUNTY,149,< 1 Year,255,130,125,140,75,65,22,14,8,12,5,7,81,36,45
FAYETTE COUNTY,149,1 Years,236,122,114,132,73,59,18,9,9,11,5,6,75,35,40
FAYETTE COUNTY,149,2 Years,238,122,116,136,73,63,18,8,10,11,5,6,73,36,37
FAYETTE COUNTY,149,3 Years,238,122,116,134,68,66,19,7,12,7,3,4,78,44,34
FAYETTE COUNTY,149,4 Years,271,150,121,151,81,70,23,12,11,7,6,1,90,51,39
FAYETTE COUNTY,149,5 Years,280,140,140,135,70,65,23,10,13,8,1,7,114,59,55
FAYETTE COUNTY,149,6 Years,278,145,133,138,72,66,19,9,10,6,4,2,115,60,55
FAYETTE COUNTY,149,7 Years,280,140,140,139,70,69,19,10,9,5,4,1,117,56,61
FAYETTE COUNTY,149,8 Years,280,135,145,140,69,71,21,12,9,3,1,2,116,53,63
FAYETTE COUNTY,149,9 Years,287,155,132,138,78,60,27,11,16,5,4,1,117,62,55
FAYETTE COUNTY,149,10 Years,280,143,137,139,69,70,33,15,18,8,4,4,100,55,45
FAYETTE COUNTY,149,11 Years,315,157,158,178,94,84,29,13,16,11,6,5,97,44,53
FAYETTE COUNTY,149,12 Years,306,144,162,168,79,89,27,14,13,8,4,4,103,47,56
FAYETTE COUNTY,149,13 Years,323,160,163,181,91,90,26,15,11,5,1,4,111,53,58
FAYETTE COUNTY,149,14 Years,319,155,164,186,92,94,24,10,14,9,4,5,100,49,51
FAYETTE COUNTY,149,15 Years,315,144,171,170,78,92,31,16,15,8,2,6,106,48,58
FAYETTE COUNTY,149,16 Years,332,172,160,203,104,99,27,13,14,7,4,3,95,51,44
FAYETTE COUNTY,149,17 Years,339,177,162,219,113,106,27,14,13,6,4,2,87,46,41
FAYETTE COUNTY,149,18 Years,349,191,158,216,118,98,24,14,10,6,2,4,103,57,46
FAYETTE COUNTY,149,19 Years,307,151,156,185,93,92,17,7,10,6,3,3,99,48,51
FAYETTE COUNTY,149,20 Years,269,137,132,168,86,82,20,8,12,4,3,1,77,40,37
FAYETTE COUNTY,149,21 Years,274,133,141,161,76,85,26,15,11,5,2,3,82,40,42
FAYETTE COUNTY,149,22 Years,281,154,127,164,92,72,29,14,15,5,2,3,83,46,37
FAYETTE COUNTY,149,23 Years,231,126,105,128,70,58,20,9,11,7,6,1,76,41,35
FAYETTE COUNTY,149,24 Years,204,105,99,97,51,46,20,11,9,4,2,2,83,41,42
FAYETTE COUNTY,149,25 Years,230,117,113,119,58,61,18,12,6,4,3,1,89,44,45
FAYETTE COUNTY,149,26 Years,197,92,105,108,42,66,14,9,5,3,2,1,72,39,33
FAYETTE COUNTY,149,27 Years,201,99,102,110,47,63,13,9,4,3,1,2,75,42,33
FAYETTE COUNTY,149,28 Years,199,103,96,108,53,55,13,6,7,3,1,2,75,43,32
FAYETTE COUNTY,149,29 Years,209,105,104,109,55,54,15,5,10,7,3,4,78,42,36
FAYETTE COUNTY,149,30 Years,205,101,104,108,50,58,15,6,9,5,3,2,77,42,35
FAYETTE COUNTY,149,31 Years,224,112,112,118,56,62,23,9,14,6,5,1,77,42,35
FAYETTE COUNTY,149,32 Years,236,120,116,131,69,62,20,10,10,3,3,0,82,38,44
FAYETTE COUNTY,149,33 Years,239,116,123,153,75,78,14,7,7,3,2,1,69,32,37
FAYETTE COUNTY,149,34 Years,246,129,117,154,77,77,23,14,9,3,2,1,66,36,30
FAYETTE COUNTY,149,35 Years,232,116,116,155,77,78,15,8,7,3,1,2,59,30,29
FAYETTE COUNTY,149,36 Years,234,121,113,146,72,74,19,13,6,1,0,1,68,36,32
FAYETTE COUNTY,149,37 Years,231,115,116,141,69,72,19,12,7,5,1,4,66,33,33
FAYETTE COUNTY,149,38 Years,250,132,118,151,80,71,14,6,8,2,1,1,83,45,38
FAYETTE COUNTY,149,39 Years,255,137,118,152,77,75,10,6,4,5,3,2,88,51,37
FAYETTE COUNTY,149,40 Years,235,124,111,143,75,68,14,6,8,4,3,1,74,40,34
FAYETTE COUNTY,149,41 Years,271,134,137,170,87,83,23,11,12,4,2,2,74,34,40
FAYETTE COUNTY,149,42 Years,259,142,117,172,94,78,16,11,5,3,2,1,68,35,33
FAYETTE COUNTY,149,43 Years,266,138,128,184,95,89,17,10,7,0,0,0,65,33,32
FAYETTE COUNTY,149,44 Years,266,138,128,192,102,90,11,5,6,2,1,1,61,30,31
FAYETTE COUNTY,149,45 Years,262,127,135,192,91,101,10,5,5,3,1,2,57,30,27
FAYETTE COUNTY,149,46 Years,285,129,156,202,93,109,11,5,6,4,2,2,68,29,39
FAYETTE COUNTY,149,47 Years,258,130,128,188,99,89,11,5,6,4,1,3,55,25,30
FAYETTE COUNTY,149,48 Years,304,155,149,208,102,106,20,10,10,4,1,3,72,42,30
FAYETTE COUNTY,149,49 Years,355,165,190,252,113,139,29,14,15,10,4,6,64,34,30
FAYETTE COUNTY,149,50 Years,367,177,190,281,135,146,24,13,11,5,1,4,57,28,29
FAYETTE COUNTY,149,51 Years,391,188,203,306,148,158,22,12,10,2,0,2,61,28,33
FAYETTE COUNTY,149,52 Years,412,197,215,320,148,172,25,13,12,2,0,2,65,36,29
FAYETTE COUNTY,149,53 Years,413,214,199,329,171,158,28,13,15,1,0,1,55,30,25
FAYETTE COUNTY,149,54 Years,397,203,194,319,159,160,25,14,11,3,1,2,50,29,21
FAYETTE COUNTY,149,55 Years,393,191,202,319,154,165,25,13,12,4,1,3,45,23,22
FAYETTE COUNTY,149,56 Years,392,193,199,315,149,166,24,15,9,3,1,2,50,28,22
FAYETTE COUNTY,149,57 Years,387,198,189,320,160,160,19,13,6,4,2,2,44,23,21
FAYETTE COUNTY,149,58 Years,426,217,209,350,182,168,26,12,14,3,1,2,47,22,25
FAYETTE COUNTY,149,59 Years,447,224,223,361,181,180,28,8,20,6,4,2,52,31,21
FAYETTE COUNTY,149,60 Years,441,212,229,365,169,196,28,14,14,3,1,2,45,28,17
FAYETTE COUNTY,149,61 Years,416,192,224,345,162,183,28,12,16,5,2,3,38,16,22
FAYETTE COUNTY,149,62 Years,389,196,193,326,165,161,27,11,16,3,2,1,33,18,15
FAYETTE COUNTY,149,63 Years,377,199,178,319,168,151,22,9,13,3,2,1,33,20,13
FAYETTE COUNTY,149,64 Years,384,192,192,331,162,169,18,8,10,1,1,0,34,21,13
FAYETTE COUNTY,149,65 Years,396,195,201,353,170,183,15,10,5,2,1,1,26,14,12
FAYETTE COUNTY,149,66 Years,376,196,180,343,178,165,12,5,7,4,3,1,17,10,7
FAYETTE COUNTY,149,67 Years,392,193,199,355,171,184,13,6,7,4,3,1,20,13,7
FAYETTE COUNTY,149,68 Years,343,172,171,304,151,153,13,7,6,3,2,1,23,12,11
FAYETTE COUNTY,149,69 Years,337,170,167,297,149,148,15,8,7,4,1,3,21,12,9
FAYETTE COUNTY,149,70 Years,346,158,188,311,141,170,12,7,5,4,1,3,19,9,10
FAYETTE COUNTY,149,71 Years,324,156,168,286,138,148,12,6,6,5,2,3,21,10,11
FAYETTE COUNTY,149,72 Years,301,167,134,265,147,118,15,8,7,3,1,2,18,11,7
FAYETTE COUNTY,149,73 Years,264,128,136,233,112,121,15,8,7,2,0,2,14,8,6
FAYETTE COUNTY,149,74 Years,254,126,128,230,114,116,13,6,7,1,0,1,10,6,4
FAYETTE COUNTY,149,75 Years,250,128,122,230,113,117,13,10,3,1,1,0,6,4,2
FAYETTE COUNTY,149,76 Years,231,119,112,206,104,102,9,7,2,1,1,0,15,7,8
FAYETTE COUNTY,149,77 Years,212,110,102,190,99,91,7,4,3,0,0,0,15,7,8
FAYETTE COUNTY,149,78 Years,186,93,93,173,86,87,3,2,1,1,0,1,9,5,4
FAYETTE COUNTY,149,79 Years,167,76,91,153,71,82,7,1,6,0,0,0,7,4,3
FAYETTE COUNTY,149,80 Years,155,67,88,138,59,79,10,4,6,1,1,0,6,3,3
FAYETTE COUNTY,149,81 Years,144,63,81,126,54,72,10,3,7,0,0,0,8,6,2
FAYETTE COUNTY,149,82 Years,144,64,80,129,61,68,8,1,7,0,0,0,7,2,5
FAYETTE COUNTY,149,83 Years,129,51,78,116,47,69,10,3,7,0,0,0,3,1,2
FAYETTE COUNTY,149,84 Years,130,55,75,119,50,69,6,1,5,2,2,0,3,2,1
FAYETTE COUNTY,149,85 Years +,777,263,514,699,240,459,39,8,31,9,3,6,30,12,18
FISHER COUNTY,151,All Ages,3891,1922,1969,2676,1305,1371,123,54,69,50,28,22,1042,535,507
FISHER COUNTY,151,< 1 Year,47,24,23,31,15,16,0,0,0,0,0,0,16,9,7
FISHER COUNTY,151,1 Years,42,20,22,26,12,14,0,0,0,0,0,0,16,8,8
FISHER COUNTY,151,2 Years,35,16,19,19,7,12,2,1,1,0,0,0,14,8,6
FISHER COUNTY,151,3 Years,43,23,20,23,11,12,2,1,1,0,0,0,18,11,7
FISHER COUNTY,151,4 Years,46,23,23,24,10,14,0,0,0,1,0,1,21,13,8
FISHER COUNTY,151,5 Years,39,18,21,20,6,14,0,0,0,0,0,0,19,12,7
FISHER COUNTY,151,6 Years,40,23,17,22,14,8,1,0,1,1,0,1,16,9,7
FISHER COUNTY,151,7 Years,46,22,24,27,14,13,1,0,1,1,1,0,17,7,10
FISHER COUNTY,151,8 Years,48,22,26,29,13,16,2,0,2,2,1,1,15,8,7
FISHER COUNTY,151,9 Years,43,22,21,23,10,13,2,2,0,1,1,0,17,9,8
FISHER COUNTY,151,10 Years,42,25,17,23,13,10,2,2,0,1,1,0,16,9,7
FISHER COUNTY,151,11 Years,41,20,21,23,13,10,1,0,1,1,1,0,16,6,10
FISHER COUNTY,151,12 Years,49,25,24,34,18,16,1,0,1,0,0,0,14,7,7
FISHER COUNTY,151,13 Years,42,19,23,30,14,16,0,0,0,0,0,0,12,5,7
FISHER COUNTY,151,14 Years,46,19,27,29,11,18,0,0,0,2,1,1,15,7,8
FISHER COUNTY,151,15 Years,41,24,17,25,14,11,2,2,0,0,0,0,14,8,6
FISHER COUNTY,151,16 Years,51,25,26,29,15,14,4,3,1,0,0,0,18,7,11
FISHER COUNTY,151,17 Years,48,25,23,30,16,14,1,1,0,0,0,0,17,8,9
FISHER COUNTY,151,18 Years,44,27,17,28,16,12,0,0,0,0,0,0,16,11,5
FISHER COUNTY,151,19 Years,54,27,27,30,12,18,3,2,1,0,0,0,21,13,8
FISHER COUNTY,151,20 Years,65,36,29,39,24,15,5,1,4,1,0,1,20,11,9
FISHER COUNTY,151,21 Years,69,33,36,42,23,19,3,0,3,3,1,2,21,9,12
FISHER COUNTY,151,22 Years,56,27,29,33,14,19,4,2,2,1,1,0,18,10,8
FISHER COUNTY,151,23 Years,44,24,20,21,10,11,2,1,1,1,0,1,20,13,7
FISHER COUNTY,151,24 Years,38,23,15,20,12,8,3,3,0,1,0,1,14,8,6
FISHER COUNTY,151,25 Years,34,19,15,21,10,11,1,1,0,1,1,0,11,7,4
FISHER COUNTY,151,26 Years,40,21,19,29,14,15,1,0,1,1,1,0,9,6,3
FISHER COUNTY,151,27 Years,33,20,13,21,10,11,2,2,0,1,1,0,9,7,2
FISHER COUNTY,151,28 Years,27,14,13,21,10,11,1,1,0,0,0,0,5,3,2
FISHER COUNTY,151,29 Years,33,14,19,19,10,9,0,0,0,0,0,0,14,4,10
FISHER COUNTY,151,30 Years,35,15,20,20,10,10,0,0,0,0,0,0,15,5,10
FISHER COUNTY,151,31 Years,39,19,20,25,11,14,0,0,0,0,0,0,14,8,6
FISHER COUNTY,151,32 Years,31,14,17,21,9,12,1,0,1,0,0,0,9,5,4
FISHER COUNTY,151,33 Years,37,15,22,22,10,12,0,0,0,2,0,2,13,5,8
FISHER COUNTY,151,34 Years,25,14,11,19,11,8,0,0,0,0,0,0,6,3,3
FISHER COUNTY,151,35 Years,22,12,10,17,9,8,0,0,0,0,0,0,5,3,2
FISHER COUNTY,151,36 Years,30,14,16,24,10,14,0,0,0,0,0,0,6,4,2
FISHER COUNTY,151,37 Years,33,20,13,21,11,10,0,0,0,0,0,0,12,9,3
FISHER COUNTY,151,38 Years,35,21,14,20,11,9,2,1,1,1,0,1,12,9,3
FISHER COUNTY,151,39 Years,33,13,20,16,7,9,4,2,2,0,0,0,13,4,9
FISHER COUNTY,151,40 Years,37,15,22,24,10,14,3,0,3,0,0,0,10,5,5
FISHER COUNTY,151,41 Years,45,23,22,29,16,13,2,0,2,0,0,0,14,7,7
FISHER COUNTY,151,42 Years,50,28,22,32,18,14,2,1,1,1,1,0,15,8,7
FISHER COUNTY,151,43 Years,58,26,32,42,21,21,1,0,1,0,0,0,15,5,10
FISHER COUNTY,151,44 Years,52,27,25,38,21,17,3,2,1,0,0,0,11,4,7
FISHER COUNTY,151,45 Years,43,20,23,33,15,18,2,1,1,0,0,0,8,4,4
FISHER COUNTY,151,46 Years,41,18,23,25,11,14,1,0,1,1,1,0,14,6,8
FISHER COUNTY,151,47 Years,42,22,20,27,15,12,2,1,1,0,0,0,13,6,7
FISHER COUNTY,151,48 Years,42,19,23,28,11,17,2,2,0,0,0,0,12,6,6
FISHER COUNTY,151,49 Years,46,25,21,27,14,13,5,2,3,1,0,1,13,9,4
FISHER COUNTY,151,50 Years,52,28,24,33,18,15,3,0,3,1,0,1,15,10,5
FISHER COUNTY,151,51 Years,58,29,29,41,23,18,2,0,2,2,1,1,13,5,8
FISHER COUNTY,151,52 Years,58,28,30,44,23,21,1,0,1,0,0,0,13,5,8
FISHER COUNTY,151,53 Years,54,31,23,38,23,15,1,1,0,1,0,1,14,7,7
FISHER COUNTY,151,54 Years,66,38,28,46,26,20,2,2,0,1,1,0,17,9,8
FISHER COUNTY,151,55 Years,60,34,26,45,26,19,2,1,1,1,1,0,12,6,6
FISHER COUNTY,151,56 Years,56,27,29,43,19,24,3,3,0,0,0,0,10,5,5
FISHER COUNTY,151,57 Years,54,22,32,40,16,24,1,1,0,0,0,0,13,5,8
FISHER COUNTY,151,58 Years,65,34,31,48,23,25,0,0,0,1,1,0,16,10,6
FISHER COUNTY,151,59 Years,63,38,25,46,27,19,0,0,0,1,1,0,16,10,6
FISHER COUNTY,151,60 Years,62,30,32,48,22,26,1,0,1,1,1,0,12,7,5
FISHER COUNTY,151,61 Years,52,26,26,38,18,20,1,1,0,0,0,0,13,7,6
FISHER COUNTY,151,62 Years,53,27,26,43,21,22,0,0,0,1,1,0,9,5,4
FISHER COUNTY,151,63 Years,52,26,26,44,22,22,0,0,0,1,1,0,7,3,4
FISHER COUNTY,151,64 Years,56,26,30,40,19,21,1,0,1,2,0,2,13,7,6
FISHER COUNTY,151,65 Years,49,22,27,38,17,21,1,0,1,1,1,0,9,4,5
FISHER COUNTY,151,66 Years,53,24,29,43,22,21,2,0,2,1,1,0,7,1,6
FISHER COUNTY,151,67 Years,52,29,23,41,26,15,3,1,2,1,0,1,7,2,5
FISHER COUNTY,151,68 Years,48,26,22,35,19,16,3,1,2,1,1,0,9,5,4
FISHER COUNTY,151,69 Years,42,24,18,32,16,16,2,1,1,1,1,0,7,6,1
FISHER COUNTY,151,70 Years,46,26,20,36,19,17,1,1,0,1,1,0,8,5,3
FISHER COUNTY,151,71 Years,42,17,25,31,12,19,3,0,3,0,0,0,8,5,3
FISHER COUNTY,151,72 Years,43,17,26,33,12,21,0,0,0,1,0,1,9,5,4
FISHER COUNTY,151,73 Years,42,19,23,38,16,22,1,1,0,0,0,0,3,2,1
FISHER COUNTY,151,74 Years,45,17,28,36,14,22,0,0,0,0,0,0,9,3,6
FISHER COUNTY,151,75 Years,45,20,25,37,15,22,2,2,0,1,1,0,5,2,3
FISHER COUNTY,151,76 Years,40,17,23,30,13,17,2,1,1,1,0,1,7,3,4
FISHER COUNTY,151,77 Years,39,19,20,32,16,16,0,0,0,0,0,0,7,3,4
FISHER COUNTY,151,78 Years,40,19,21,31,16,15,2,0,2,0,0,0,7,3,4
FISHER COUNTY,151,79 Years,37,19,18,30,16,14,0,0,0,0,0,0,7,3,4
FISHER COUNTY,151,80 Years,30,15,15,27,15,12,0,0,0,0,0,0,3,0,3
FISHER COUNTY,151,81 Years,26,14,12,24,13,11,0,0,0,0,0,0,2,1,1
FISHER COUNTY,151,82 Years,23,9,14,16,7,9,1,0,1,0,0,0,6,2,4
FISHER COUNTY,151,83 Years,25,12,13,19,10,9,1,0,1,0,0,0,5,2,3
FISHER COUNTY,151,84 Years,27,10,17,20,8,12,2,0,2,0,0,0,5,2,3
FISHER COUNTY,151,85 Years +,134,43,91,109,35,74,3,0,3,2,1,1,20,7,13
FLOYD COUNTY,153,All Ages,5920,2935,2985,2365,1153,1212,199,102,97,50,20,30,3306,1660,1646
FLOYD COUNTY,153,< 1 Year,70,33,37,9,5,4,2,1,1,1,0,1,58,27,31
FLOYD COUNTY,153,1 Years,75,36,39,10,6,4,2,1,1,1,0,1,62,29,33
FLOYD COUNTY,153,2 Years,80,38,42,13,7,6,1,0,1,3,1,2,63,30,33
FLOYD COUNTY,153,3 Years,87,42,45,16,9,7,2,1,1,2,1,1,67,31,36
FLOYD COUNTY,153,4 Years,91,48,43,17,12,5,2,0,2,2,1,1,70,35,35
FLOYD COUNTY,153,5 Years,78,38,40,18,11,7,2,0,2,1,1,0,57,26,31
FLOYD COUNTY,153,6 Years,93,47,46,19,8,11,2,0,2,1,1,0,71,38,33
FLOYD COUNTY,153,7 Years,86,47,39,16,9,7,4,2,2,0,0,0,66,36,30
FLOYD COUNTY,153,8 Years,91,52,39,20,13,7,2,1,1,1,0,1,68,38,30
FLOYD COUNTY,153,9 Years,94,47,47,15,8,7,3,1,2,1,0,1,75,38,37
FLOYD COUNTY,153,10 Years,88,43,45,21,10,11,3,2,1,1,0,1,63,31,32
FLOYD COUNTY,153,11 Years,93,49,44,25,14,11,4,3,1,1,1,0,63,31,32
FLOYD COUNTY,153,12 Years,93,46,47,24,13,11,4,2,2,1,0,1,64,31,33
FLOYD COUNTY,153,13 Years,85,48,37,18,11,7,2,1,1,1,0,1,64,36,28
FLOYD COUNTY,153,14 Years,91,56,35,23,14,9,3,2,1,0,0,0,65,40,25
FLOYD COUNTY,153,15 Years,99,53,46,23,11,12,5,4,1,0,0,0,71,38,33
FLOYD COUNTY,153,16 Years,98,57,41,24,15,9,2,2,0,1,1,0,71,39,32
FLOYD COUNTY,153,17 Years,99,48,51,29,15,14,1,1,0,2,1,1,67,31,36
FLOYD COUNTY,153,18 Years,85,46,39,26,12,14,2,1,1,0,0,0,57,33,24
FLOYD COUNTY,153,19 Years,88,48,40,26,12,14,4,3,1,0,0,0,58,33,25
FLOYD COUNTY,153,20 Years,93,44,49,27,11,16,3,3,0,0,0,0,63,30,33
FLOYD COUNTY,153,21 Years,98,54,44,24,11,13,5,4,1,2,1,1,67,38,29
FLOYD COUNTY,153,22 Years,85,46,39,27,14,13,2,2,0,0,0,0,56,30,26
FLOYD COUNTY,153,23 Years,59,31,28,13,8,5,3,2,1,2,1,1,41,20,21
FLOYD COUNTY,153,24 Years,57,22,35,13,8,5,3,1,2,1,0,1,40,13,27
FLOYD COUNTY,153,25 Years,59,25,34,18,10,8,2,1,1,1,0,1,38,14,24
FLOYD COUNTY,153,26 Years,61,33,28,17,10,7,1,1,0,1,0,1,42,22,20
FLOYD COUNTY,153,27 Years,55,27,28,19,11,8,0,0,0,1,0,1,35,16,19
FLOYD COUNTY,153,28 Years,60,30,30,21,12,9,1,1,0,1,1,0,37,16,21
FLOYD COUNTY,153,29 Years,62,31,31,23,12,11,2,0,2,0,0,0,37,19,18
FLOYD COUNTY,153,30 Years,52,23,29,19,7,12,2,1,1,0,0,0,31,15,16
FLOYD COUNTY,153,31 Years,61,28,33,20,6,14,3,2,1,0,0,0,38,20,18
FLOYD COUNTY,153,32 Years,57,32,25,20,11,9,4,1,3,0,0,0,33,20,13
FLOYD COUNTY,153,33 Years,65,27,38,17,10,7,3,2,1,1,0,1,44,15,29
FLOYD COUNTY,153,34 Years,62,31,31,18,9,9,2,2,0,1,1,0,41,19,22
FLOYD COUNTY,153,35 Years,52,27,25,18,9,9,0,0,0,0,0,0,34,18,16
FLOYD COUNTY,153,36 Years,56,27,29,23,11,12,2,1,1,0,0,0,31,15,16
FLOYD COUNTY,153,37 Years,57,30,27,20,12,8,1,0,1,1,0,1,35,18,17
FLOYD COUNTY,153,38 Years,65,24,41,19,9,10,0,0,0,1,0,1,45,15,30
FLOYD COUNTY,153,39 Years,58,21,37,19,8,11,2,0,2,0,0,0,37,13,24
FLOYD COUNTY,153,40 Years,57,27,30,21,9,12,2,1,1,0,0,0,34,17,17
FLOYD COUNTY,153,41 Years,58,27,31,18,6,12,2,1,1,0,0,0,38,20,18
FLOYD COUNTY,153,42 Years,62,33,29,20,9,11,1,1,0,0,0,0,41,23,18
FLOYD COUNTY,153,43 Years,77,44,33,25,13,12,2,2,0,1,1,0,49,28,21
FLOYD COUNTY,153,44 Years,73,41,32,22,12,10,2,1,1,1,0,1,48,28,20
FLOYD COUNTY,153,45 Years,64,35,29,24,12,12,1,0,1,0,0,0,39,23,16
FLOYD COUNTY,153,46 Years,60,27,33,28,10,18,2,1,1,0,0,0,30,16,14
FLOYD COUNTY,153,47 Years,73,40,33,35,18,17,3,2,1,1,1,0,34,19,15
FLOYD COUNTY,153,48 Years,67,32,35,26,13,13,4,2,2,1,0,1,36,17,19
FLOYD COUNTY,153,49 Years,68,31,37,30,16,14,4,2,2,0,0,0,34,13,21
FLOYD COUNTY,153,50 Years,75,33,42,38,18,20,4,3,1,0,0,0,33,12,21
FLOYD COUNTY,153,51 Years,68,30,38,35,15,20,2,2,0,0,0,0,31,13,18
FLOYD COUNTY,153,52 Years,76,34,42,37,15,22,1,0,1,0,0,0,38,19,19
FLOYD COUNTY,153,53 Years,84,44,40,42,20,22,3,2,1,0,0,0,39,22,17
FLOYD COUNTY,153,54 Years,86,48,38,50,26,24,2,1,1,0,0,0,34,21,13
FLOYD COUNTY,153,55 Years,84,44,40,48,22,26,2,0,2,1,1,0,33,21,12
FLOYD COUNTY,153,56 Years,76,43,33,43,27,16,3,1,2,1,0,1,29,15,14
FLOYD COUNTY,153,57 Years,68,36,32,32,19,13,2,1,1,1,1,0,33,15,18
FLOYD COUNTY,153,58 Years,73,39,34,37,20,17,2,1,1,0,0,0,34,18,16
FLOYD COUNTY,153,59 Years,83,44,39,44,22,22,2,0,2,1,1,0,36,21,15
FLOYD COUNTY,153,60 Years,73,41,32,38,23,15,3,1,2,1,1,0,31,16,15
FLOYD COUNTY,153,61 Years,81,46,35,45,22,23,5,4,1,1,1,0,30,19,11
FLOYD COUNTY,153,62 Years,82,41,41,48,27,21,3,2,1,1,1,0,30,11,19
FLOYD COUNTY,153,63 Years,70,32,38,39,20,19,2,1,1,0,0,0,29,11,18
FLOYD COUNTY,153,64 Years,62,30,32,39,20,19,2,1,1,0,0,0,21,9,12
FLOYD COUNTY,153,65 Years,59,26,33,35,15,20,1,1,0,0,0,0,23,10,13
FLOYD COUNTY,153,66 Years,55,29,26,28,12,16,2,2,0,0,0,0,25,15,10
FLOYD COUNTY,153,67 Years,49,23,26,27,14,13,2,0,2,0,0,0,20,9,11
FLOYD COUNTY,153,68 Years,55,28,27,35,19,16,1,0,1,0,0,0,19,9,10
FLOYD COUNTY,153,69 Years,51,21,30,30,11,19,1,0,1,0,0,0,20,10,10
FLOYD COUNTY,153,70 Years,49,23,26,30,12,18,2,1,1,0,0,0,17,10,7
FLOYD COUNTY,153,71 Years,58,24,34,39,17,22,1,0,1,0,0,0,18,7,11
FLOYD COUNTY,153,72 Years,56,20,36,34,12,22,2,1,1,2,0,2,18,7,11
FLOYD COUNTY,153,73 Years,54,26,28,35,18,17,3,2,1,2,0,2,14,6,8
FLOYD COUNTY,153,74 Years,50,22,28,34,15,19,1,0,1,1,0,1,14,7,7
FLOYD COUNTY,153,75 Years,49,21,28,31,13,18,1,0,1,0,0,0,17,8,9
FLOYD COUNTY,153,76 Years,42,19,23,27,12,15,1,1,0,0,0,0,14,6,8
FLOYD COUNTY,153,77 Years,40,21,19,24,12,12,2,2,0,0,0,0,14,7,7
FLOYD COUNTY,153,78 Years,43,22,21,33,16,17,3,2,1,0,0,0,7,4,3
FLOYD COUNTY,153,79 Years,38,17,21,29,11,18,1,1,0,0,0,0,8,5,3
FLOYD COUNTY,153,80 Years,31,11,20,19,7,12,2,0,2,0,0,0,10,4,6
FLOYD COUNTY,153,81 Years,36,13,23,18,8,10,5,0,5,0,0,0,13,5,8
FLOYD COUNTY,153,82 Years,28,11,17,21,8,13,2,0,2,0,0,0,5,3,2
FLOYD COUNTY,153,83 Years,33,16,17,24,11,13,1,0,1,0,0,0,8,5,3
FLOYD COUNTY,153,84 Years,38,17,21,28,10,18,2,1,1,0,0,0,8,6,2
FLOYD COUNTY,153,85 Years +,168,68,100,133,52,81,9,3,6,1,0,1,25,13,12
FOARD COUNTY,155,All Ages,1262,604,658,995,475,520,52,23,29,13,5,8,202,101,101
FOARD COUNTY,155,< 1 Year,9,4,5,6,2,4,0,0,0,0,0,0,3,2,1
FOARD COUNTY,155,1 Years,13,6,7,7,3,4,2,1,1,0,0,0,4,2,2
FOARD COUNTY,155,2 Years,16,8,8,9,5,4,2,1,1,0,0,0,5,2,3
FOARD COUNTY,155,3 Years,16,8,8,8,4,4,2,1,1,0,0,0,6,3,3
FOARD COUNTY,155,4 Years,13,4,9,7,2,5,2,1,1,0,0,0,4,1,3
FOARD COUNTY,155,5 Years,12,4,8,8,3,5,1,0,1,1,0,1,2,1,1
FOARD COUNTY,155,6 Years,13,7,6,9,5,4,0,0,0,1,0,1,3,2,1
FOARD COUNTY,155,7 Years,6,1,5,5,1,4,0,0,0,0,0,0,1,0,1
FOARD COUNTY,155,8 Years,11,7,4,9,5,4,0,0,0,0,0,0,2,2,0
FOARD COUNTY,155,9 Years,13,5,8,9,4,5,0,0,0,0,0,0,4,1,3
FOARD COUNTY,155,10 Years,13,6,7,8,4,4,1,0,1,0,0,0,4,2,2
FOARD COUNTY,155,11 Years,11,6,5,6,4,2,1,0,1,1,0,1,3,2,1
FOARD COUNTY,155,12 Years,19,8,11,15,7,8,2,1,1,1,0,1,1,0,1
FOARD COUNTY,155,13 Years,16,6,10,13,5,8,2,1,1,0,0,0,1,0,1
FOARD COUNTY,155,14 Years,14,6,8,12,4,8,1,1,0,0,0,0,1,1,0
FOARD COUNTY,155,15 Years,10,4,6,6,2,4,0,0,0,0,0,0,4,2,2
FOARD COUNTY,155,16 Years,16,7,9,10,5,5,3,0,3,0,0,0,3,2,1
FOARD COUNTY,155,17 Years,14,5,9,8,3,5,2,0,2,0,0,0,4,2,2
FOARD COUNTY,155,18 Years,16,7,9,11,5,6,2,1,1,0,0,0,3,1,2
FOARD COUNTY,155,19 Years,21,11,10,14,9,5,3,1,2,0,0,0,4,1,3
FOARD COUNTY,155,20 Years,20,12,8,13,9,4,1,1,0,0,0,0,6,2,4
FOARD COUNTY,155,21 Years,17,10,7,10,7,3,1,0,1,0,0,0,6,3,3
FOARD COUNTY,155,22 Years,18,8,10,14,6,8,0,0,0,0,0,0,4,2,2
FOARD COUNTY,155,23 Years,15,4,11,12,3,9,0,0,0,0,0,0,3,1,2
FOARD COUNTY,155,24 Years,12,3,9,10,3,7,0,0,0,0,0,0,2,0,2
FOARD COUNTY,155,25 Years,14,9,5,9,6,3,2,1,1,0,0,0,3,2,1
FOARD COUNTY,155,26 Years,9,4,5,6,3,3,0,0,0,0,0,0,3,1,2
FOARD COUNTY,155,27 Years,7,2,5,5,2,3,0,0,0,1,0,1,1,0,1
FOARD COUNTY,155,28 Years,16,8,8,12,6,6,0,0,0,1,0,1,3,2,1
FOARD COUNTY,155,29 Years,12,5,7,8,3,5,0,0,0,0,0,0,4,2,2
FOARD COUNTY,155,30 Years,10,7,3,6,4,2,1,1,0,0,0,0,3,2,1
FOARD COUNTY,155,31 Years,16,12,4,11,8,3,1,1,0,0,0,0,4,3,1
FOARD COUNTY,155,32 Years,12,8,4,11,7,4,0,0,0,0,0,0,1,1,0
FOARD COUNTY,155,33 Years,8,4,4,6,2,4,0,0,0,0,0,0,2,2,0
FOARD COUNTY,155,34 Years,10,4,6,7,4,3,0,0,0,0,0,0,3,0,3
FOARD COUNTY,155,35 Years,8,4,4,5,3,2,0,0,0,1,1,0,2,0,2
FOARD COUNTY,155,36 Years,6,3,3,5,3,2,0,0,0,0,0,0,1,0,1
FOARD COUNTY,155,37 Years,7,3,4,5,2,3,0,0,0,0,0,0,2,1,1
FOARD COUNTY,155,38 Years,13,7,6,12,6,6,0,0,0,0,0,0,1,1,0
FOARD COUNTY,155,39 Years,13,7,6,11,6,5,0,0,0,0,0,0,2,1,1
FOARD COUNTY,155,40 Years,8,5,3,6,3,3,0,0,0,0,0,0,2,2,0
FOARD COUNTY,155,41 Years,8,5,3,6,3,3,1,1,0,0,0,0,1,1,0
FOARD COUNTY,155,42 Years,11,8,3,9,6,3,0,0,0,0,0,0,2,2,0
FOARD COUNTY,155,43 Years,17,8,9,14,6,8,2,1,1,0,0,0,1,1,0
FOARD COUNTY,155,44 Years,18,8,10,15,6,9,1,1,0,0,0,0,2,1,1
FOARD COUNTY,155,45 Years,13,7,6,11,6,5,0,0,0,0,0,0,2,1,1
FOARD COUNTY,155,46 Years,20,11,9,15,9,6,2,1,1,0,0,0,3,1,2
FOARD COUNTY,155,47 Years,15,9,6,11,5,6,1,1,0,0,0,0,3,3,0
FOARD COUNTY,155,48 Years,16,5,11,13,3,10,1,1,0,0,0,0,2,1,1
FOARD COUNTY,155,49 Years,15,8,7,10,5,5,1,1,0,0,0,0,4,2,2
FOARD COUNTY,155,50 Years,25,13,12,21,10,11,0,0,0,0,0,0,4,3,1
FOARD COUNTY,155,51 Years,20,12,8,14,8,6,0,0,0,0,0,0,6,4,2
FOARD COUNTY,155,52 Years,21,11,10,16,8,8,1,1,0,0,0,0,4,2,2
FOARD COUNTY,155,53 Years,23,13,10,18,11,7,1,0,1,0,0,0,4,2,2
FOARD COUNTY,155,54 Years,22,14,8,20,14,6,0,0,0,0,0,0,2,0,2
FOARD COUNTY,155,55 Years,17,11,6,15,9,6,0,0,0,0,0,0,2,2,0
FOARD COUNTY,155,56 Years,15,11,4,11,8,3,0,0,0,2,2,0,2,1,1
FOARD COUNTY,155,57 Years,22,9,13,19,8,11,1,0,1,1,1,0,1,0,1
FOARD COUNTY,155,58 Years,18,6,12,15,4,11,1,0,1,0,0,0,2,2,0
FOARD COUNTY,155,59 Years,10,4,6,7,2,5,0,0,0,0,0,0,3,2,1
FOARD COUNTY,155,60 Years,10,6,4,8,4,4,0,0,0,0,0,0,2,2,0
FOARD COUNTY,155,61 Years,16,8,8,14,7,7,0,0,0,0,0,0,2,1,1
FOARD COUNTY,155,62 Years,19,10,9,17,9,8,0,0,0,1,1,0,1,0,1
FOARD COUNTY,155,63 Years,22,12,10,19,10,9,1,1,0,0,0,0,2,1,1
FOARD COUNTY,155,64 Years,15,7,8,13,6,7,0,0,0,0,0,0,2,1,1
FOARD COUNTY,155,65 Years,18,9,9,16,9,7,0,0,0,0,0,0,2,0,2
FOARD COUNTY,155,66 Years,18,9,9,16,9,7,0,0,0,0,0,0,2,0,2
FOARD COUNTY,155,67 Years,17,6,11,16,6,10,0,0,0,0,0,0,1,0,1
FOARD COUNTY,155,68 Years,17,7,10,16,7,9,0,0,0,0,0,0,1,0,1
FOARD COUNTY,155,69 Years,17,6,11,13,5,8,0,0,0,1,0,1,3,1,2
FOARD COUNTY,155,70 Years,16,7,9,12,4,8,1,1,0,0,0,0,3,2,1
FOARD COUNTY,155,71 Years,16,9,7,14,8,6,0,0,0,0,0,0,2,1,1
FOARD COUNTY,155,72 Years,14,8,6,14,8,6,0,0,0,0,0,0,0,0,0
FOARD COUNTY,155,73 Years,15,9,6,13,8,5,0,0,0,0,0,0,2,1,1
FOARD COUNTY,155,74 Years,17,7,10,16,7,9,0,0,0,0,0,0,1,0,1
FOARD COUNTY,155,75 Years,20,6,14,18,6,12,2,0,2,0,0,0,0,0,0
FOARD COUNTY,155,76 Years,12,3,9,11,3,8,0,0,0,0,0,0,1,0,1
FOARD COUNTY,155,77 Years,15,5,10,13,5,8,1,0,1,1,0,1,0,0,0
FOARD COUNTY,155,78 Years,13,6,7,12,6,6,0,0,0,0,0,0,1,0,1
FOARD COUNTY,155,79 Years,13,6,7,12,6,6,0,0,0,0,0,0,1,0,1
FOARD COUNTY,155,80 Years,9,3,6,9,3,6,0,0,0,0,0,0,0,0,0
FOARD COUNTY,155,81 Years,11,6,5,10,5,5,0,0,0,0,0,0,1,1,0
FOARD COUNTY,155,82 Years,10,3,7,10,3,7,0,0,0,0,0,0,0,0,0
FOARD COUNTY,155,83 Years,6,3,3,5,2,3,0,0,0,0,0,0,1,1,0
FOARD COUNTY,155,84 Years,7,4,3,6,3,3,0,0,0,0,0,0,1,1,0
FOARD COUNTY,155,85 Years +,50,17,33,48,17,31,2,0,2,0,0,0,0,0,0
FORT BEND COUNTY,157,All Ages,686187,335795,350392,227513,112652,114861,145453,68301,77152,140505,69206,71299,172716,85636,87080
FORT BEND COUNTY,157,< 1 Year,8575,4397,4178,2425,1237,1188,1670,853,817,1967,1040,927,2513,1267,1246
FORT BEND COUNTY,157,1 Years,8117,4171,3946,2352,1186,1166,1515,782,733,1824,972,852,2426,1231,1195
FORT BEND COUNTY,157,2 Years,7743,3978,3765,2258,1149,1109,1428,738,690,1704,890,814,2353,1201,1152
FORT BEND COUNTY,157,3 Years,7759,3991,3768,2198,1128,1070,1440,739,701,1694,882,812,2427,1242,1185
FORT BEND COUNTY,157,4 Years,8342,4316,4026,2353,1269,1084,1570,788,782,1788,930,858,2631,1329,1302
FORT BEND COUNTY,157,5 Years,9414,4803,4611,2685,1395,1290,1842,917,925,2031,1055,976,2856,1436,1420
FORT BEND COUNTY,157,6 Years,9999,5077,4922,2794,1417,1377,1996,999,997,2255,1153,1102,2954,1508,1446
FORT BEND COUNTY,157,7 Years,10656,5385,5271,2971,1485,1486,2168,1087,1081,2374,1226,1148,3143,1587,1556
FORT BEND COUNTY,157,8 Years,11236,5759,5477,3230,1651,1579,2286,1174,1112,2424,1252,1172,3296,1682,1614
FORT BEND COUNTY,157,9 Years,11696,5945,5751,3390,1704,1686,2392,1203,1189,2418,1252,1166,3496,1786,1710
FORT BEND COUNTY,157,10 Years,12125,6134,5991,3498,1703,1795,2580,1323,1257,2422,1261,1161,3625,1847,1778
FORT BEND COUNTY,157,11 Years,12286,6246,6040,3467,1687,1780,2690,1425,1265,2364,1231,1133,3765,1903,1862
FORT BEND COUNTY,157,12 Years,12255,6330,5925,3449,1743,1706,2755,1435,1320,2241,1211,1030,3810,1941,1869
FORT BEND COUNTY,157,13 Years,12484,6453,6031,3443,1759,1684,2946,1505,1441,2295,1231,1064,3800,1958,1842
FORT BEND COUNTY,157,14 Years,12577,6505,6072,3481,1819,1662,3018,1542,1476,2285,1180,1105,3793,1964,1829
FORT BEND COUNTY,157,15 Years,12467,6361,6106,3330,1713,1617,3056,1544,1512,2335,1184,1151,3746,1920,1826
FORT BEND COUNTY,157,16 Years,12447,6366,6081,3264,1665,1599,3116,1557,1559,2458,1274,1184,3609,1870,1739
FORT BEND COUNTY,157,17 Years,12281,6361,5920,3320,1713,1607,3087,1583,1504,2448,1289,1159,3426,1776,1650
FORT BEND COUNTY,157,18 Years,11719,6110,5609,3166,1648,1518,2950,1517,1433,2306,1221,1085,3297,1724,1573
FORT BEND COUNTY,157,19 Years,10607,5493,5114,2703,1389,1314,2688,1368,1320,2106,1092,1014,3110,1644,1466
FORT BEND COUNTY,157,20 Years,10082,5219,4863,2553,1296,1257,2544,1327,1217,1985,1024,961,3000,1572,1428
FORT BEND COUNTY,157,21 Years,9677,5110,4567,2448,1277,1171,2486,1321,1165,1878,990,888,2865,1522,1343
FORT BEND COUNTY,157,22 Years,8672,4612,4060,2229,1175,1054,2234,1176,1058,1598,838,760,2611,1423,1188
FORT BEND COUNTY,157,23 Years,7345,3884,3461,1668,855,813,1914,1018,896,1356,688,668,2407,1323,1084
FORT BEND COUNTY,157,24 Years,6767,3527,3240,1467,749,718,1725,899,826,1317,660,657,2258,1219,1039
FORT BEND COUNTY,157,25 Years,6473,3402,3071,1514,788,726,1574,817,757,1269,652,617,2116,1145,971
FORT BEND COUNTY,157,26 Years,6296,3208,3088,1600,806,794,1403,672,731,1263,621,642,2030,1109,921
FORT BEND COUNTY,157,27 Years,6402,3226,3176,1727,844,883,1347,663,684,1284,639,645,2044,1080,964
FORT BEND COUNTY,157,28 Years,6572,3331,3241,1816,929,887,1317,646,671,1341,659,682,2098,1097,1001
FORT BEND COUNTY,157,29 Years,6976,3442,3534,2033,1007,1026,1344,639,705,1448,732,716,2151,1064,1087
FORT BEND COUNTY,157,30 Years,7160,3434,3726,2114,1032,1082,1371,639,732,1465,706,759,2210,1057,1153
FORT BEND COUNTY,157,31 Years,7827,3746,4081,2420,1188,1232,1461,679,782,1479,707,772,2467,1172,1295
FORT BEND COUNTY,157,32 Years,8336,3970,4366,2632,1272,1360,1568,709,859,1522,727,795,2614,1262,1352
FORT BEND COUNTY,157,33 Years,8775,4110,4665,2755,1328,1427,1755,781,974,1560,725,835,2705,1276,1429
FORT BEND COUNTY,157,34 Years,8984,4131,4853,2798,1333,1465,1881,806,1075,1650,729,921,2655,1263,1392
FORT BEND COUNTY,157,35 Years,9020,4136,4884,2778,1329,1449,1872,771,1101,1709,743,966,2661,1293,1368
FORT BEND COUNTY,157,36 Years,9209,4247,4962,2789,1347,1442,1847,771,1076,1806,789,1017,2767,1340,1427
FORT BEND COUNTY,157,37 Years,9409,4262,5147,2834,1344,1490,1856,782,1074,1903,808,1095,2816,1328,1488
FORT BEND COUNTY,157,38 Years,9825,4454,5371,2913,1379,1534,1947,806,1141,2037,879,1158,2928,1390,1538
FORT BEND COUNTY,157,39 Years,10508,4786,5722,3186,1511,1675,2116,887,1229,2213,949,1264,2993,1439,1554
FORT BEND COUNTY,157,40 Years,10789,4920,5869,3269,1583,1686,2337,971,1366,2290,997,1293,2893,1369,1524
FORT BEND COUNTY,157,41 Years,11298,5165,6133,3427,1660,1767,2558,1064,1494,2359,1066,1293,2954,1375,1579
FORT BEND COUNTY,157,42 Years,11683,5330,6353,3689,1781,1908,2675,1122,1553,2359,1053,1306,2960,1374,1586
FORT BEND COUNTY,157,43 Years,11925,5508,6417,3899,1896,2003,2738,1151,1587,2376,1085,1291,2912,1376,1536
FORT BEND COUNTY,157,44 Years,11741,5442,6299,3884,1873,2011,2625,1111,1514,2409,1112,1297,2823,1346,1477
FORT BEND COUNTY,157,45 Years,11145,5229,5916,3654,1769,1885,2495,1096,1399,2405,1119,1286,2591,1245,1346
FORT BEND COUNTY,157,46 Years,10685,5087,5598,3511,1760,1751,2410,1077,1333,2316,1088,1228,2448,1162,1286
FORT BEND COUNTY,157,47 Years,10511,5097,5414,3496,1763,1733,2315,1053,1262,2360,1154,1206,2340,1127,1213
FORT BEND COUNTY,157,48 Years,10399,5036,5363,3427,1709,1718,2257,1024,1233,2377,1174,1203,2338,1129,1209
FORT BEND COUNTY,157,49 Years,10403,5033,5370,3571,1788,1783,2249,1005,1244,2307,1136,1171,2276,1104,1172
FORT BEND COUNTY,157,50 Years,10379,4931,5448,3621,1760,1861,2228,970,1258,2372,1174,1198,2158,1027,1131
FORT BEND COUNTY,157,51 Years,10372,5030,5342,3761,1890,1871,2185,988,1197,2372,1171,1201,2054,981,1073
FORT BEND COUNTY,157,52 Years,10057,4902,5155,3848,1912,1936,2100,969,1131,2169,1075,1094,1940,946,994
FORT BEND COUNTY,157,53 Years,10024,4820,5204,3925,1910,2015,2130,993,1137,2142,1039,1103,1827,878,949
FORT BEND COUNTY,157,54 Years,10190,5000,5190,4176,2085,2091,2126,1002,1124,2093,1019,1074,1795,894,901
FORT BEND COUNTY,157,55 Years,10047,4887,5160,4343,2155,2188,2050,937,1113,1964,961,1003,1690,834,856
FORT BEND COUNTY,157,56 Years,9848,4800,5048,4336,2195,2141,2019,906,1113,1893,932,961,1600,767,833
FORT BEND COUNTY,157,57 Years,9556,4694,4862,4246,2167,2079,1948,887,1061,1854,912,942,1508,728,780
FORT BEND COUNTY,157,58 Years,9140,4553,4587,3946,2032,1914,1887,883,1004,1860,920,940,1447,718,729
FORT BEND COUNTY,157,59 Years,8664,4216,4448,3726,1865,1861,1869,864,1005,1731,851,880,1338,636,702
FORT BEND COUNTY,157,60 Years,7987,3872,4115,3476,1756,1720,1686,739,947,1593,806,787,1232,571,661
FORT BEND COUNTY,157,61 Years,7673,3716,3957,3354,1682,1672,1597,696,901,1581,790,791,1141,548,593
FORT BEND COUNTY,157,62 Years,7307,3505,3802,3266,1680,1586,1517,618,899,1446,681,765,1078,526,552
FORT BEND COUNTY,157,63 Years,6761,3266,3495,2969,1501,1468,1389,609,780,1428,675,753,975,481,494
FORT BEND COUNTY,157,64 Years,6509,3182,3327,2809,1419,1390,1360,620,740,1402,682,720,938,461,477
FORT BEND COUNTY,157,65 Years,6051,2928,3123,2621,1318,1303,1292,569,723,1286,630,656,852,411,441
FORT BEND COUNTY,157,66 Years,5777,2773,3004,2612,1310,1302,1160,515,645,1190,581,609,815,367,448
FORT BEND COUNTY,157,67 Years,5497,2648,2849,2627,1326,1301,991,427,564,1116,551,565,763,344,419
FORT BEND COUNTY,157,68 Years,4472,2143,2329,2000,998,1002,783,345,438,1010,494,516,679,306,373
FORT BEND COUNTY,157,69 Years,4019,1898,2121,1804,883,921,686,290,396,941,460,481,588,265,323
FORT BEND COUNTY,157,70 Years,3768,1785,1983,1774,882,892,628,252,376,845,428,417,521,223,298
FORT BEND COUNTY,157,71 Years,3459,1675,1784,1657,822,835,541,232,309,777,412,365,484,209,275
FORT BEND COUNTY,157,72 Years,3005,1448,1557,1419,691,728,455,196,259,707,361,346,424,200,224
FORT BEND COUNTY,157,73 Years,2754,1279,1475,1256,598,658,423,177,246,660,319,341,415,185,230
FORT BEND COUNTY,157,74 Years,2523,1187,1336,1155,549,606,373,157,216,606,313,293,389,168,221
FORT BEND COUNTY,157,75 Years,2265,1046,1219,1069,501,568,335,140,195,521,272,249,340,133,207
FORT BEND COUNTY,157,76 Years,2051,916,1135,972,444,528,293,106,187,460,233,227,326,133,193
FORT BEND COUNTY,157,77 Years,1818,797,1021,859,399,460,255,90,165,410,199,211,294,109,185
FORT BEND COUNTY,157,78 Years,1716,730,986,830,372,458,232,86,146,378,172,206,276,100,176
FORT BEND COUNTY,157,79 Years,1527,665,862,751,327,424,200,79,121,331,159,172,245,100,145
FORT BEND COUNTY,157,80 Years,1336,572,764,680,287,393,182,67,115,268,137,131,206,81,125
FORT BEND COUNTY,157,81 Years,1282,526,756,680,278,402,166,55,111,240,115,125,196,78,118
FORT BEND COUNTY,157,82 Years,1169,479,690,646,262,384,131,43,88,205,100,105,187,74,113
FORT BEND COUNTY,157,83 Years,1079,420,659,592,233,359,119,37,82,192,85,107,176,65,111
FORT BEND COUNTY,157,84 Years,1016,381,635,568,206,362,112,37,75,167,68,99,169,70,99
FORT BEND COUNTY,157,85 Years +,5410,1860,3550,3261,1126,2135,591,158,433,915,354,561,643,222,421
FRANKLIN COUNTY,159,All Ages,10731,5427,5304,8441,4241,4200,424,207,217,286,115,171,1580,864,716
FRANKLIN COUNTY,159,< 1 Year,113,61,52,69,38,31,6,3,3,8,3,5,30,17,13
FRANKLIN COUNTY,159,1 Years,103,50,53,59,29,30,6,3,3,7,2,5,31,16,15
FRANKLIN COUNTY,159,2 Years,116,57,59,68,32,36,5,3,2,8,2,6,35,20,15
FRANKLIN COUNTY,159,3 Years,113,56,57,65,32,33,4,2,2,7,2,5,37,20,17
FRANKLIN COUNTY,159,4 Years,150,74,76,91,43,48,6,3,3,7,6,1,46,22,24
FRANKLIN COUNTY,159,5 Years,139,73,66,89,50,39,3,2,1,4,2,2,43,19,24
FRANKLIN COUNTY,159,6 Years,140,77,63,85,50,35,6,2,4,5,2,3,44,23,21
FRANKLIN COUNTY,159,7 Years,157,82,75,100,50,50,8,4,4,4,1,3,45,27,18
FRANKLIN COUNTY,159,8 Years,145,73,72,97,49,48,5,1,4,6,2,4,37,21,16
FRANKLIN COUNTY,159,9 Years,175,92,83,115,63,52,7,3,4,11,4,7,42,22,20
FRANKLIN COUNTY,159,10 Years,174,102,72,111,69,42,9,5,4,11,5,6,43,23,20
FRANKLIN COUNTY,159,11 Years,134,76,58,88,53,35,9,6,3,3,1,2,34,16,18
FRANKLIN COUNTY,159,12 Years,157,88,69,112,63,49,8,6,2,4,1,3,33,18,15
FRANKLIN COUNTY,159,13 Years,153,86,67,108,61,47,11,5,6,6,2,4,28,18,10
FRANKLIN COUNTY,159,14 Years,158,82,76,109,61,48,14,6,8,4,2,2,31,13,18
FRANKLIN COUNTY,159,15 Years,149,72,77,106,56,50,7,3,4,3,1,2,33,12,21
FRANKLIN COUNTY,159,16 Years,145,74,71,105,59,46,4,1,3,7,1,6,29,13,16
FRANKLIN COUNTY,159,17 Years,148,80,68,106,59,47,4,1,3,9,3,6,29,17,12
FRANKLIN COUNTY,159,18 Years,135,75,60,100,56,44,4,2,2,3,1,2,28,16,12
FRANKLIN COUNTY,159,19 Years,126,65,61,88,45,43,7,3,4,6,4,2,25,13,12
FRANKLIN COUNTY,159,20 Years,130,69,61,88,49,39,6,2,4,4,1,3,32,17,15
FRANKLIN COUNTY,159,21 Years,137,75,62,90,48,42,8,4,4,3,2,1,36,21,15
FRANKLIN COUNTY,159,22 Years,136,72,64,89,44,45,7,6,1,7,4,3,33,18,15
FRANKLIN COUNTY,159,23 Years,126,67,59,83,41,42,8,6,2,4,2,2,31,18,13
FRANKLIN COUNTY,159,24 Years,131,70,61,89,44,45,7,5,2,3,1,2,32,20,12
FRANKLIN COUNTY,159,25 Years,125,65,60,93,47,46,2,1,1,4,1,3,26,16,10
FRANKLIN COUNTY,159,26 Years,126,65,61,92,44,48,4,2,2,3,1,2,27,18,9
FRANKLIN COUNTY,159,27 Years,117,59,58,82,42,40,3,1,2,2,2,0,30,14,16
FRANKLIN COUNTY,159,28 Years,116,53,63,83,37,46,2,1,1,3,2,1,28,13,15
FRANKLIN COUNTY,159,29 Years,103,49,54,76,36,40,3,0,3,1,1,0,23,12,11
FRANKLIN COUNTY,159,30 Years,91,44,47,68,31,37,6,2,4,0,0,0,17,11,6
FRANKLIN COUNTY,159,31 Years,93,44,49,67,29,38,9,5,4,1,0,1,16,10,6
FRANKLIN COUNTY,159,32 Years,105,49,56,75,34,41,5,2,3,1,0,1,24,13,11
FRANKLIN COUNTY,159,33 Years,93,47,46,74,35,39,1,0,1,1,0,1,17,12,5
FRANKLIN COUNTY,159,34 Years,115,54,61,89,38,51,7,3,4,3,1,2,16,12,4
FRANKLIN COUNTY,159,35 Years,99,50,49,72,36,36,8,4,4,4,1,3,15,9,6
FRANKLIN COUNTY,159,36 Years,99,55,44,69,36,33,6,4,2,3,2,1,21,13,8
FRANKLIN COUNTY,159,37 Years,97,43,54,69,31,38,7,3,4,4,2,2,17,7,10
FRANKLIN COUNTY,159,38 Years,93,49,44,69,34,35,7,5,2,1,1,0,16,9,7
FRANKLIN COUNTY,159,39 Years,102,44,58,79,35,44,5,3,2,2,1,1,16,5,11
FRANKLIN COUNTY,159,40 Years,94,45,49,74,37,37,3,1,2,1,0,1,16,7,9
FRANKLIN COUNTY,159,41 Years,113,58,55,87,44,43,4,1,3,5,2,3,17,11,6
FRANKLIN COUNTY,159,42 Years,118,60,58,90,49,41,3,0,3,2,0,2,23,11,12
FRANKLIN COUNTY,159,43 Years,125,66,59,96,51,45,5,3,2,3,2,1,21,10,11
FRANKLIN COUNTY,159,44 Years,121,69,52,93,53,40,7,4,3,4,2,2,17,10,7
FRANKLIN COUNTY,159,45 Years,135,77,58,114,64,50,6,4,2,5,3,2,10,6,4
FRANKLIN COUNTY,159,46 Years,119,65,54,95,51,44,5,3,2,2,1,1,17,10,7
FRANKLIN COUNTY,159,47 Years,114,55,59,86,42,44,6,2,4,2,0,2,20,11,9
FRANKLIN COUNTY,159,48 Years,129,62,67,105,51,54,5,1,4,3,3,0,16,7,9
FRANKLIN COUNTY,159,49 Years,147,70,77,121,59,62,5,2,3,3,1,2,18,8,10
FRANKLIN COUNTY,159,50 Years,153,70,83,126,52,74,4,4,0,5,2,3,18,12,6
FRANKLIN COUNTY,159,51 Years,160,89,71,134,71,63,5,4,1,3,2,1,18,12,6
FRANKLIN COUNTY,159,52 Years,146,80,66,120,61,59,4,3,1,4,2,2,18,14,4
FRANKLIN COUNTY,159,53 Years,143,73,70,122,60,62,5,3,2,2,1,1,14,9,5
FRANKLIN COUNTY,159,54 Years,146,72,74,121,60,61,5,2,3,5,2,3,15,8,7
FRANKLIN COUNTY,159,55 Years,156,77,79,131,63,68,6,3,3,3,2,1,16,9,7
FRANKLIN COUNTY,159,56 Years,146,74,72,128,63,65,4,2,2,3,2,1,11,7,4
FRANKLIN COUNTY,159,57 Years,150,75,75,128,63,65,7,3,4,3,1,2,12,8,4
FRANKLIN COUNTY,159,58 Years,144,74,70,126,65,61,8,3,5,1,0,1,9,6,3
FRANKLIN COUNTY,159,59 Years,136,75,61,117,63,54,11,7,4,1,0,1,7,5,2
FRANKLIN COUNTY,159,60 Years,128,63,65,117,58,59,2,2,0,1,0,1,8,3,5
FRANKLIN COUNTY,159,61 Years,148,68,80,132,62,70,4,2,2,4,1,3,8,3,5
FRANKLIN COUNTY,159,62 Years,163,71,92,147,67,80,5,2,3,2,0,2,9,2,7
FRANKLIN COUNTY,159,63 Years,152,77,75,136,70,66,3,1,2,3,1,2,10,5,5
FRANKLIN COUNTY,159,64 Years,151,86,65,137,78,59,3,2,1,4,1,3,7,5,2
FRANKLIN COUNTY,159,65 Years,156,85,71,144,79,65,2,1,1,4,1,3,6,4,2
FRANKLIN COUNTY,159,66 Years,152,72,80,143,69,74,3,1,2,4,1,3,2,1,1
FRANKLIN COUNTY,159,67 Years,153,66,87,144,60,84,0,0,0,3,0,3,6,6,0
FRANKLIN COUNTY,159,68 Years,137,66,71,126,58,68,2,1,1,3,1,2,6,6,0
FRANKLIN COUNTY,159,69 Years,110,59,51,103,55,48,1,0,1,2,2,0,4,2,2
FRANKLIN COUNTY,159,70 Years,128,64,64,116,60,56,4,2,2,4,1,3,4,1,3
FRANKLIN COUNTY,159,71 Years,125,60,65,119,58,61,4,2,2,1,0,1,1,0,1
FRANKLIN COUNTY,159,72 Years,112,54,58,109,52,57,1,0,1,1,1,0,1,1,0
FRANKLIN COUNTY,159,73 Years,101,56,45,94,51,43,3,1,2,1,1,0,3,3,0
FRANKLIN COUNTY,159,74 Years,90,50,40,84,47,37,2,1,1,2,1,1,2,1,1
FRANKLIN COUNTY,159,75 Years,97,47,50,93,45,48,3,1,2,1,1,0,0,0,0
FRANKLIN COUNTY,159,76 Years,105,48,57,98,45,53,6,3,3,1,0,1,0,0,0
FRANKLIN COUNTY,159,77 Years,90,38,52,82,37,45,5,1,4,1,0,1,2,0,2
FRANKLIN COUNTY,159,78 Years,73,33,40,65,30,35,3,1,2,1,0,1,4,2,2
FRANKLIN COUNTY,159,79 Years,71,38,33,68,35,33,1,1,0,0,0,0,2,2,0
FRANKLIN COUNTY,159,80 Years,70,34,36,69,33,36,1,1,0,0,0,0,0,0,0
FRANKLIN COUNTY,159,81 Years,58,23,35,56,23,33,1,0,1,0,0,0,1,0,1
FRANKLIN COUNTY,159,82 Years,50,22,28,49,22,27,1,0,1,0,0,0,0,0,0
FRANKLIN COUNTY,159,83 Years,55,28,27,49,26,23,2,0,2,3,1,2,1,1,0
FRANKLIN COUNTY,159,84 Years,43,20,23,40,17,23,1,1,0,1,1,0,1,1,0
FRANKLIN COUNTY,159,85 Years +,254,95,159,240,93,147,9,2,7,2,0,2,3,0,3
FREESTONE COUNTY,161,All Ages,20183,10613,9570,13578,6895,6683,3266,1788,1478,318,167,151,3021,1763,1258
FREESTONE COUNTY,161,< 1 Year,217,110,107,113,61,52,41,18,23,7,3,4,56,28,28
FREESTONE COUNTY,161,1 Years,223,113,110,117,61,56,42,18,24,6,3,3,58,31,27
FREESTONE COUNTY,161,2 Years,237,120,117,124,65,59,44,20,24,5,3,2,64,32,32
FREESTONE COUNTY,161,3 Years,239,116,123,127,64,63,46,18,28,6,4,2,60,30,30
FREESTONE COUNTY,161,4 Years,251,117,134,140,64,76,44,21,23,5,1,4,62,31,31
FREESTONE COUNTY,161,5 Years,237,126,111,132,70,62,39,19,20,5,3,2,61,34,27
FREESTONE COUNTY,161,6 Years,254,142,112,158,92,66,36,21,15,8,3,5,52,26,26
FREESTONE COUNTY,161,7 Years,250,135,115,152,86,66,41,23,18,9,4,5,48,22,26
FREESTONE COUNTY,161,8 Years,243,126,117,141,75,66,37,19,18,9,6,3,56,26,30
FREESTONE COUNTY,161,9 Years,253,123,130,150,70,80,28,13,15,8,4,4,67,36,31
FREESTONE COUNTY,161,10 Years,262,119,143,159,77,82,31,11,20,3,2,1,69,29,40
FREESTONE COUNTY,161,11 Years,271,128,143,168,84,84,33,15,18,5,3,2,65,26,39
FREESTONE COUNTY,161,12 Years,297,155,142,184,95,89,42,27,15,8,5,3,63,28,35
FREESTONE COUNTY,161,13 Years,297,156,141,180,94,86,44,25,19,7,6,1,66,31,35
FREESTONE COUNTY,161,14 Years,279,144,135,173,89,84,46,24,22,3,2,1,57,29,28
FREESTONE COUNTY,161,15 Years,262,143,119,170,90,80,37,21,16,3,1,2,52,31,21
FREESTONE COUNTY,161,16 Years,248,131,117,161,83,78,42,25,17,6,3,3,39,20,19
FREESTONE COUNTY,161,17 Years,252,132,120,164,89,75,41,23,18,4,2,2,43,18,25
FREESTONE COUNTY,161,18 Years,249,135,114,153,83,70,35,19,16,5,4,1,56,29,27
FREESTONE COUNTY,161,19 Years,232,120,112,148,73,75,37,20,17,4,2,2,43,25,18
FREESTONE COUNTY,161,20 Years,238,124,114,149,76,73,36,15,21,4,1,3,49,32,17
FREESTONE COUNTY,161,21 Years,222,122,100,129,69,60,38,18,20,3,0,3,52,35,17
FREESTONE COUNTY,161,22 Years,218,114,104,131,64,67,41,21,20,3,1,2,43,28,15
FREESTONE COUNTY,161,23 Years,186,98,88,113,58,55,27,13,14,2,1,1,44,26,18
FREESTONE COUNTY,161,24 Years,195,106,89,112,62,50,27,15,12,3,1,2,53,28,25
FREESTONE COUNTY,161,25 Years,198,118,80,116,70,46,34,20,14,3,0,3,45,28,17
FREESTONE COUNTY,161,26 Years,203,99,104,121,60,61,36,17,19,4,1,3,42,21,21
FREESTONE COUNTY,161,27 Years,214,115,99,111,53,58,50,28,22,3,2,1,50,32,18
FREESTONE COUNTY,161,28 Years,231,133,98,124,65,59,50,29,21,5,2,3,52,37,15
FREESTONE COUNTY,161,29 Years,212,123,89,127,74,53,34,21,13,5,1,4,46,27,19
FREESTONE COUNTY,161,30 Years,209,124,85,125,68,57,34,25,9,2,1,1,48,30,18
FREESTONE COUNTY,161,31 Years,215,122,93,121,65,56,35,22,13,3,3,0,56,32,24
FREESTONE COUNTY,161,32 Years,241,131,110,131,62,69,41,26,15,4,4,0,65,39,26
FREESTONE COUNTY,161,33 Years,256,145,111,160,82,78,27,15,12,3,2,1,66,46,20
FREESTONE COUNTY,161,34 Years,269,155,114,166,91,75,44,24,20,2,2,0,57,38,19
FREESTONE COUNTY,161,35 Years,251,138,113,147,80,67,46,24,22,1,1,0,57,33,24
FREESTONE COUNTY,161,36 Years,259,152,107,159,86,73,39,21,18,3,1,2,58,44,14
FREESTONE COUNTY,161,37 Years,244,145,99,160,89,71,38,22,16,1,1,0,45,33,12
FREESTONE COUNTY,161,38 Years,251,157,94,158,91,67,42,33,9,2,1,1,49,32,17
FREESTONE COUNTY,161,39 Years,241,145,96,144,78,66,42,31,11,4,2,2,51,34,17
FREESTONE COUNTY,161,40 Years,242,144,98,153,85,68,39,30,9,5,3,2,45,26,19
FREESTONE COUNTY,161,41 Years,231,148,83,149,93,56,30,20,10,4,2,2,48,33,15
FREESTONE COUNTY,161,42 Years,284,162,122,180,99,81,39,24,15,6,3,3,59,36,23
FREESTONE COUNTY,161,43 Years,311,179,132,200,105,95,55,38,17,3,1,2,53,35,18
FREESTONE COUNTY,161,44 Years,279,147,132,193,93,100,41,27,14,3,1,2,42,26,16
FREESTONE COUNTY,161,45 Years,300,183,117,199,111,88,56,40,16,3,2,1,42,30,12
FREESTONE COUNTY,161,46 Years,254,167,87,172,102,70,37,28,9,2,2,0,43,35,8
FREESTONE COUNTY,161,47 Years,239,135,104,158,80,78,51,35,16,2,1,1,28,19,9
FREESTONE COUNTY,161,48 Years,275,159,116,174,91,83,49,32,17,7,4,3,45,32,13
FREESTONE COUNTY,161,49 Years,262,135,127,176,85,91,46,24,22,6,2,4,34,24,10
FREESTONE COUNTY,161,50 Years,264,138,126,191,101,90,42,19,23,2,1,1,29,17,12
FREESTONE COUNTY,161,51 Years,282,169,113,195,109,86,53,37,16,3,1,2,31,22,9
FREESTONE COUNTY,161,52 Years,281,147,134,189,92,97,57,36,21,4,3,1,31,16,15
FREESTONE COUNTY,161,53 Years,266,135,131,193,93,100,51,30,21,4,4,0,18,8,10
FREESTONE COUNTY,161,54 Years,308,172,136,218,117,101,60,35,25,4,4,0,26,16,10
FREESTONE COUNTY,161,55 Years,278,152,126,194,100,94,57,35,22,5,3,2,22,14,8
FREESTONE COUNTY,161,56 Years,267,131,136,201,100,101,46,21,25,4,2,2,16,8,8
FREESTONE COUNTY,161,57 Years,279,152,127,198,104,94,52,30,22,5,3,2,24,15,9
FREESTONE COUNTY,161,58 Years,287,149,138,205,107,98,55,27,28,2,0,2,25,15,10
FREESTONE COUNTY,161,59 Years,295,155,140,214,111,103,57,31,26,2,1,1,22,12,10
FREESTONE COUNTY,161,60 Years,290,159,131,223,116,107,45,28,17,5,3,2,17,12,5
FREESTONE COUNTY,161,61 Years,280,137,143,217,105,112,47,21,26,5,3,2,11,8,3
FREESTONE COUNTY,161,62 Years,255,124,131,199,97,102,43,18,25,2,1,1,11,8,3
FREESTONE COUNTY,161,63 Years,255,135,120,196,97,99,42,24,18,0,0,0,17,14,3
FREESTONE COUNTY,161,64 Years,286,144,142,218,107,111,45,25,20,5,1,4,18,11,7
FREESTONE COUNTY,161,65 Years,272,122,150,220,94,126,35,19,16,3,1,2,14,8,6
FREESTONE COUNTY,161,66 Years,267,124,143,224,99,125,32,19,13,4,2,2,7,4,3
FREESTONE COUNTY,161,67 Years,269,138,131,222,113,109,33,17,16,5,4,1,9,4,5
FREESTONE COUNTY,161,68 Years,217,100,117,169,80,89,37,14,23,3,2,1,8,4,4
FREESTONE COUNTY,161,69 Years,217,96,121,172,78,94,31,11,20,5,2,3,9,5,4
FREESTONE COUNTY,161,70 Years,226,102,124,182,80,102,31,14,17,3,1,2,10,7,3
FREESTONE COUNTY,161,71 Years,220,105,115,181,82,99,29,15,14,3,2,1,7,6,1
FREESTONE COUNTY,161,72 Years,201,96,105,170,78,92,25,12,13,1,1,0,5,5,0
FREESTONE COUNTY,161,73 Years,171,87,84,147,75,72,20,10,10,2,1,1,2,1,1
FREESTONE COUNTY,161,74 Years,161,84,77,136,70,66,21,12,9,2,1,1,2,1,1
FREESTONE COUNTY,161,75 Years,155,76,79,131,66,65,19,9,10,2,1,1,3,0,3
FREESTONE COUNTY,161,76 Years,150,73,77,126,63,63,21,9,12,2,1,1,1,0,1
FREESTONE COUNTY,161,77 Years,134,67,67,111,56,55,21,9,12,1,1,0,1,1,0
FREESTONE COUNTY,161,78 Years,129,57,72,108,48,60,18,8,10,1,0,1,2,1,1
FREESTONE COUNTY,161,79 Years,120,55,65,98,45,53,17,7,10,2,1,1,3,2,1
FREESTONE COUNTY,161,80 Years,104,47,57,85,38,47,16,7,9,1,1,0,2,1,1
FREESTONE COUNTY,161,81 Years,92,33,59,73,26,47,15,6,9,2,0,2,2,1,1
FREESTONE COUNTY,161,82 Years,81,35,46,64,30,34,15,5,10,2,0,2,0,0,0
FREESTONE COUNTY,161,83 Years,84,37,47,68,31,37,12,5,7,1,0,1,3,1,2
FREESTONE COUNTY,161,84 Years,76,31,45,63,27,36,9,3,6,1,0,1,3,1,2
FREESTONE COUNTY,161,85 Years +,381,133,248,305,108,197,67,22,45,3,2,1,6,1,5
FRIO COUNTY,163,All Ages,18406,10738,7668,2900,1551,1349,529,495,34,552,461,91,14425,8231,6194
FRIO COUNTY,163,< 1 Year,249,123,126,31,16,15,2,1,1,3,1,2,213,105,108
FRIO COUNTY,163,1 Years,250,126,124,34,19,15,2,1,1,3,1,2,211,105,106
FRIO COUNTY,163,2 Years,242,122,120,33,17,16,0,0,0,4,2,2,205,103,102
FRIO COUNTY,163,3 Years,234,117,117,28,15,13,0,0,0,2,1,1,204,101,103
FRIO COUNTY,163,4 Years,238,124,114,28,15,13,0,0,0,1,1,0,209,108,101
FRIO COUNTY,163,5 Years,226,117,109,22,11,11,0,0,0,3,0,3,201,106,95
FRIO COUNTY,163,6 Years,239,139,100,22,11,11,0,0,0,1,0,1,216,128,88
FRIO COUNTY,163,7 Years,235,121,114,25,11,14,1,1,0,3,1,2,206,108,98
FRIO COUNTY,163,8 Years,247,128,119,22,12,10,2,0,2,2,1,1,221,115,106
FRIO COUNTY,163,9 Years,233,117,116,20,11,9,1,0,1,3,2,1,209,104,105
FRIO COUNTY,163,10 Years,211,105,106,22,8,14,0,0,0,2,2,0,187,95,92
FRIO COUNTY,163,11 Years,221,113,108,27,9,18,0,0,0,2,2,0,192,102,90
FRIO COUNTY,163,12 Years,252,117,135,28,17,11,1,0,1,2,1,1,221,99,122
FRIO COUNTY,163,13 Years,259,134,125,23,13,10,0,0,0,2,0,2,234,121,113
FRIO COUNTY,163,14 Years,268,136,132,31,16,15,1,1,0,2,2,0,234,117,117
FRIO COUNTY,163,15 Years,242,119,123,26,12,14,0,0,0,3,1,2,213,106,107
FRIO COUNTY,163,16 Years,228,121,107,22,12,10,1,0,1,2,1,1,203,108,95
FRIO COUNTY,163,17 Years,224,122,102,27,14,13,1,1,0,3,1,2,193,106,87
FRIO COUNTY,163,18 Years,226,132,94,25,18,7,7,7,0,5,3,2,189,104,85
FRIO COUNTY,163,19 Years,276,160,116,30,18,12,7,6,1,13,13,0,226,123,103
FRIO COUNTY,163,20 Years,285,167,118,24,14,10,13,13,0,6,5,1,242,135,107
FRIO COUNTY,163,21 Years,333,208,125,30,21,9,27,27,0,9,7,2,267,153,114
FRIO COUNTY,163,22 Years,387,257,130,32,20,12,30,30,0,11,10,1,314,197,117
FRIO COUNTY,163,23 Years,379,259,120,30,20,10,44,44,0,17,14,3,288,181,107
FRIO COUNTY,163,24 Years,347,263,84,31,24,7,35,35,0,18,14,4,263,190,73
FRIO COUNTY,163,25 Years,378,289,89,38,25,13,27,27,0,28,26,2,285,211,74
FRIO COUNTY,163,26 Years,327,249,78,29,20,9,27,27,0,23,23,0,248,179,69
FRIO COUNTY,163,27 Years,375,291,84,43,33,10,25,25,0,26,23,3,281,210,71
FRIO COUNTY,163,28 Years,330,241,89,29,15,14,19,19,0,20,19,1,262,188,74
FRIO COUNTY,163,29 Years,292,207,85,41,31,10,23,23,0,22,21,1,206,132,74
FRIO COUNTY,163,30 Years,331,241,90,38,26,12,26,26,0,22,21,1,245,168,77
FRIO COUNTY,163,31 Years,320,224,96,25,13,12,18,18,0,15,15,0,262,178,84
FRIO COUNTY,163,32 Years,305,224,81,25,15,10,16,15,1,27,26,1,237,168,69
FRIO COUNTY,163,33 Years,267,187,80,28,16,12,10,9,1,12,11,1,217,151,66
FRIO COUNTY,163,34 Years,281,200,81,29,15,14,23,23,0,8,8,0,221,154,67
FRIO COUNTY,163,35 Years,254,175,79,33,21,12,18,17,1,13,11,2,190,126,64
FRIO COUNTY,163,36 Years,222,152,70,25,17,8,10,9,1,14,13,1,173,113,60
FRIO COUNTY,163,37 Years,222,149,73,20,12,8,10,10,0,12,11,1,180,116,64
FRIO COUNTY,163,38 Years,248,176,72,22,13,9,8,8,0,14,13,1,204,142,62
FRIO COUNTY,163,39 Years,237,162,75,26,16,10,5,5,0,15,15,0,191,126,65
FRIO COUNTY,163,40 Years,219,135,84,22,14,8,7,7,0,11,9,2,179,105,74
FRIO COUNTY,163,41 Years,233,149,84,29,20,9,9,8,1,13,11,2,182,110,72
FRIO COUNTY,163,42 Years,218,137,81,19,12,7,3,2,1,11,9,2,185,114,71
FRIO COUNTY,163,43 Years,218,131,87,27,11,16,3,2,1,6,6,0,182,112,70
FRIO COUNTY,163,44 Years,218,136,82,38,19,19,4,3,1,7,4,3,169,110,59
FRIO COUNTY,163,45 Years,204,117,87,27,11,16,6,4,2,4,3,1,167,99,68
FRIO COUNTY,163,46 Years,206,129,77,32,17,15,4,3,1,6,5,1,164,104,60
FRIO COUNTY,163,47 Years,236,141,95,38,19,19,6,4,2,8,7,1,184,111,73
FRIO COUNTY,163,48 Years,241,125,116,30,16,14,7,4,3,7,6,1,197,99,98
FRIO COUNTY,163,49 Years,219,122,97,28,17,11,3,2,1,6,5,1,182,98,84
FRIO COUNTY,163,50 Years,244,123,121,49,21,28,1,0,1,11,8,3,183,94,89
FRIO COUNTY,163,51 Years,215,125,90,47,22,25,3,3,0,8,7,1,157,93,64
FRIO COUNTY,163,52 Years,186,100,86,42,23,19,6,6,0,5,4,1,133,67,66
FRIO COUNTY,163,53 Years,190,103,87,44,28,16,2,2,0,4,3,1,140,70,70
FRIO COUNTY,163,54 Years,208,121,87,45,28,17,4,4,0,6,3,3,153,86,67
FRIO COUNTY,163,55 Years,224,121,103,46,26,20,4,3,1,5,2,3,169,90,79
FRIO COUNTY,163,56 Years,213,108,105,44,21,23,2,1,1,4,3,1,163,83,80
FRIO COUNTY,163,57 Years,208,100,108,47,20,27,0,0,0,2,2,0,159,78,81
FRIO COUNTY,163,58 Years,199,101,98,51,26,25,1,0,1,5,4,1,142,71,71
FRIO COUNTY,163,59 Years,185,96,89,55,30,25,1,0,1,4,3,1,125,63,62
FRIO COUNTY,163,60 Years,175,94,81,54,27,27,1,1,0,2,1,1,118,65,53
FRIO COUNTY,163,61 Years,177,89,88,53,26,27,2,2,0,1,1,0,121,60,61
FRIO COUNTY,163,62 Years,167,74,93,52,25,27,1,0,1,2,2,0,112,47,65
FRIO COUNTY,163,63 Years,178,85,93,49,23,26,0,0,0,3,2,1,126,60,66
FRIO COUNTY,163,64 Years,199,110,89,55,31,24,1,1,0,1,1,0,142,77,65
FRIO COUNTY,163,65 Years,186,90,96,57,28,29,1,1,0,1,1,0,127,60,67
FRIO COUNTY,163,66 Years,166,77,89,53,24,29,2,1,1,1,1,0,110,51,59
FRIO COUNTY,163,67 Years,148,77,71,39,21,18,0,0,0,1,1,0,108,55,53
FRIO COUNTY,163,68 Years,145,68,77,45,26,19,0,0,0,0,0,0,100,42,58
FRIO COUNTY,163,69 Years,146,72,74,45,24,21,0,0,0,1,0,1,100,48,52
FRIO COUNTY,163,70 Years,141,75,66,48,25,23,0,0,0,1,0,1,92,50,42
FRIO COUNTY,163,71 Years,123,56,67,44,21,23,0,0,0,2,0,2,77,35,42
FRIO COUNTY,163,72 Years,103,49,54,34,17,17,0,0,0,1,0,1,68,32,36
FRIO COUNTY,163,73 Years,98,45,53,39,16,23,2,2,0,1,1,0,56,26,30
FRIO COUNTY,163,74 Years,91,46,45,36,16,20,0,0,0,0,0,0,55,30,25
FRIO COUNTY,163,75 Years,82,37,45,33,15,18,1,1,0,1,0,1,47,21,26
FRIO COUNTY,163,76 Years,80,38,42,33,17,16,0,0,0,1,0,1,46,21,25
FRIO COUNTY,163,77 Years,84,38,46,28,15,13,0,0,0,0,0,0,56,23,33
FRIO COUNTY,163,78 Years,78,32,46,25,12,13,0,0,0,0,0,0,53,20,33
FRIO COUNTY,163,79 Years,87,36,51,18,10,8,1,0,1,1,1,0,67,25,42
FRIO COUNTY,163,80 Years,72,29,43,19,9,10,1,0,1,0,0,0,52,20,32
FRIO COUNTY,163,81 Years,55,25,30,17,6,11,0,0,0,0,0,0,38,19,19
FRIO COUNTY,163,82 Years,55,23,32,16,6,10,0,0,0,0,0,0,39,17,22
FRIO COUNTY,163,83 Years,58,22,36,18,5,13,0,0,0,0,0,0,40,17,23
FRIO COUNTY,163,84 Years,49,15,34,13,5,8,0,0,0,0,0,0,36,10,26
FRIO COUNTY,163,85 Years +,259,102,157,93,38,55,0,0,0,5,3,2,161,61,100
GAINES COUNTY,165,All Ages,19285,9649,9636,11766,5800,5966,300,148,152,243,130,113,6976,3571,3405
GAINES COUNTY,165,< 1 Year,373,184,189,213,106,107,7,2,5,4,2,2,149,74,75
GAINES COUNTY,165,1 Years,347,172,175,199,102,97,8,3,5,3,1,2,137,66,71
GAINES COUNTY,165,2 Years,343,174,169,202,105,97,8,4,4,3,1,2,130,64,66
GAINES COUNTY,165,3 Years,341,176,165,201,106,95,11,4,7,2,0,2,127,66,61
GAINES COUNTY,165,4 Years,371,194,177,216,119,97,9,4,5,2,1,1,144,70,74
GAINES COUNTY,165,5 Years,389,197,192,235,116,119,10,5,5,3,2,1,141,74,67
GAINES COUNTY,165,6 Years,401,190,211,252,113,139,5,1,4,6,2,4,138,74,64
GAINES COUNTY,165,7 Years,391,183,208,258,112,146,6,3,3,3,0,3,124,68,56
GAINES COUNTY,165,8 Years,417,206,211,273,134,139,6,4,2,2,1,1,136,67,69
GAINES COUNTY,165,9 Years,424,200,224,276,129,147,3,2,1,5,1,4,140,68,72
GAINES COUNTY,165,10 Years,423,206,217,265,127,138,5,4,1,4,1,3,149,74,75
GAINES COUNTY,165,11 Years,405,206,199,251,128,123,3,2,1,6,2,4,145,74,71
GAINES COUNTY,165,12 Years,368,193,175,232,119,113,2,1,1,3,2,1,131,71,60
GAINES COUNTY,165,13 Years,375,183,192,234,115,119,5,2,3,1,1,0,135,65,70
GAINES COUNTY,165,14 Years,366,172,194,227,108,119,6,4,2,6,3,3,127,57,70
GAINES COUNTY,165,15 Years,354,173,181,219,105,114,4,3,1,6,5,1,125,60,65
GAINES COUNTY,165,16 Years,339,176,163,206,105,101,3,2,1,9,6,3,121,63,58
GAINES COUNTY,165,17 Years,319,164,155,194,97,97,5,1,4,8,6,2,112,60,52
GAINES COUNTY,165,18 Years,323,167,156,186,93,93,4,2,2,8,5,3,125,67,58
GAINES COUNTY,165,19 Years,297,152,145,165,84,81,4,2,2,7,4,3,121,62,59
GAINES COUNTY,165,20 Years,279,147,132,162,87,75,3,2,1,5,4,1,109,54,55
GAINES COUNTY,165,21 Years,300,155,145,168,88,80,7,3,4,11,7,4,114,57,57
GAINES COUNTY,165,22 Years,314,166,148,172,87,85,6,4,2,11,8,3,125,67,58
GAINES COUNTY,165,23 Years,278,153,125,161,85,76,5,4,1,4,3,1,108,61,47
GAINES COUNTY,165,24 Years,251,135,116,147,73,74,4,3,1,5,5,0,95,54,41
GAINES COUNTY,165,25 Years,274,138,136,163,76,87,3,2,1,4,2,2,104,58,46
GAINES COUNTY,165,26 Years,269,132,137,164,82,82,2,1,1,1,0,1,102,49,53
GAINES COUNTY,165,27 Years,244,133,111,145,83,62,3,2,1,0,0,0,96,48,48
GAINES COUNTY,165,28 Years,264,136,128,162,82,80,4,3,1,2,1,1,96,50,46
GAINES COUNTY,165,29 Years,248,117,131,147,73,74,4,3,1,2,1,1,95,40,55
GAINES COUNTY,165,30 Years,264,135,129,159,86,73,2,1,1,3,0,3,100,48,52
GAINES COUNTY,165,31 Years,246,125,121,146,79,67,4,2,2,2,0,2,94,44,50
GAINES COUNTY,165,32 Years,239,126,113,143,78,65,3,2,1,3,2,1,90,44,46
GAINES COUNTY,165,33 Years,253,134,119,147,80,67,3,1,2,3,1,2,100,52,48
GAINES COUNTY,165,34 Years,238,118,120,141,69,72,1,1,0,1,0,1,95,48,47
GAINES COUNTY,165,35 Years,229,115,114,139,70,69,1,1,0,1,0,1,88,44,44
GAINES COUNTY,165,36 Years,218,110,108,127,64,63,2,1,1,2,1,1,87,44,43
GAINES COUNTY,165,37 Years,222,114,108,120,58,62,3,1,2,1,1,0,98,54,44
GAINES COUNTY,165,38 Years,226,116,110,128,59,69,4,2,2,3,2,1,91,53,38
GAINES COUNTY,165,39 Years,199,98,101,117,53,64,2,0,2,3,2,1,77,43,34
GAINES COUNTY,165,40 Years,198,103,95,121,63,58,5,1,4,0,0,0,72,39,33
GAINES COUNTY,165,41 Years,187,94,93,107,54,53,2,0,2,3,1,2,75,39,36
GAINES COUNTY,165,42 Years,211,101,110,130,58,72,3,2,1,4,2,2,74,39,35
GAINES COUNTY,165,43 Years,201,87,114,128,52,76,6,2,4,1,0,1,66,33,33
GAINES COUNTY,165,44 Years,216,105,111,150,68,82,3,0,3,2,0,2,61,37,24
GAINES COUNTY,165,45 Years,209,98,111,132,62,70,2,1,1,1,0,1,74,35,39
GAINES COUNTY,165,46 Years,222,108,114,139,70,69,2,1,1,1,0,1,80,37,43
GAINES COUNTY,165,47 Years,209,105,104,129,65,64,2,1,1,2,1,1,76,38,38
GAINES COUNTY,165,48 Years,206,101,105,128,61,67,3,2,1,2,2,0,73,36,37
GAINES COUNTY,165,49 Years,228,113,115,140,69,71,6,2,4,4,4,0,78,38,40
GAINES COUNTY,165,50 Years,231,121,110,140,77,63,4,1,3,2,2,0,85,41,44
GAINES COUNTY,165,51 Years,231,114,117,144,74,70,5,1,4,2,2,0,80,37,43
GAINES COUNTY,165,52 Years,238,114,124,140,70,70,6,4,2,6,1,5,86,39,47
GAINES COUNTY,165,53 Years,233,114,119,136,60,76,5,4,1,4,2,2,88,48,40
GAINES COUNTY,165,54 Years,241,127,114,148,74,74,6,4,2,5,2,3,82,47,35
GAINES COUNTY,165,55 Years,229,127,102,144,78,66,2,1,1,7,3,4,76,45,31
GAINES COUNTY,165,56 Years,216,120,96,122,67,55,5,2,3,3,2,1,86,49,37
GAINES COUNTY,165,57 Years,201,102,99,122,62,60,4,2,2,5,2,3,70,36,34
GAINES COUNTY,165,58 Years,190,100,90,114,61,53,1,1,0,5,2,3,70,36,34
GAINES COUNTY,165,59 Years,180,92,88,108,53,55,0,0,0,2,1,1,70,38,32
GAINES COUNTY,165,60 Years,165,82,83,102,47,55,2,1,1,3,2,1,58,32,26
GAINES COUNTY,165,61 Years,179,88,91,114,52,62,2,1,1,2,1,1,61,34,27
GAINES COUNTY,165,62 Years,172,87,85,106,54,52,1,1,0,1,0,1,64,32,32
GAINES COUNTY,165,63 Years,138,67,71,88,41,47,0,0,0,1,0,1,49,26,23
GAINES COUNTY,165,64 Years,139,65,74,87,38,49,3,2,1,0,0,0,49,25,24
GAINES COUNTY,165,65 Years,141,77,64,87,44,43,2,2,0,0,0,0,52,31,21
GAINES COUNTY,165,66 Years,133,64,69,80,39,41,0,0,0,1,1,0,52,24,28
GAINES COUNTY,165,67 Years,110,59,51,66,36,30,1,1,0,3,3,0,40,19,21
GAINES COUNTY,165,68 Years,93,51,42,56,30,26,2,1,1,2,1,1,33,19,14
GAINES COUNTY,165,69 Years,98,43,55,65,28,37,1,0,1,1,1,0,31,14,17
GAINES COUNTY,165,70 Years,94,40,54,60,26,34,1,1,0,1,1,0,32,12,20
GAINES COUNTY,165,71 Years,95,49,46,62,29,33,2,1,1,1,0,1,30,19,11
GAINES COUNTY,165,72 Years,87,40,47,54,20,34,4,1,3,1,1,0,28,18,10
GAINES COUNTY,165,73 Years,65,28,37,41,15,26,2,1,1,1,1,0,21,11,10
GAINES COUNTY,165,74 Years,72,30,42,47,18,29,1,0,1,1,1,0,23,11,12
GAINES COUNTY,165,75 Years,71,31,40,50,24,26,1,0,1,0,0,0,20,7,13
GAINES COUNTY,165,76 Years,73,34,39,48,26,22,3,2,1,1,0,1,21,6,15
GAINES COUNTY,165,77 Years,77,33,44,51,20,31,3,1,2,0,0,0,23,12,11
GAINES COUNTY,165,78 Years,72,37,35,47,23,24,1,0,1,1,1,0,23,13,10
GAINES COUNTY,165,79 Years,64,33,31,44,22,22,1,1,0,1,0,1,18,10,8
GAINES COUNTY,165,80 Years,59,26,33,40,16,24,4,2,2,0,0,0,15,8,7
GAINES COUNTY,165,81 Years,50,20,30,37,15,22,3,0,3,0,0,0,10,5,5
GAINES COUNTY,165,82 Years,51,20,31,39,14,25,2,0,2,0,0,0,10,6,4
GAINES COUNTY,165,83 Years,49,24,25,38,18,20,1,0,1,0,0,0,10,6,4
GAINES COUNTY,165,84 Years,45,25,20,38,19,19,1,1,0,0,0,0,6,5,1
GAINES COUNTY,165,85 Years +,195,79,116,135,53,82,4,2,2,2,1,1,54,23,31
GALVESTON COUNTY,167,All Ages,313768,156365,157403,179396,89945,89451,40643,19331,21312,17785,8743,9042,75944,38346,37598
GALVESTON COUNTY,167,< 1 Year,4243,2161,2082,1981,1011,970,613,311,302,286,158,128,1363,681,682
GALVESTON COUNTY,167,1 Years,4158,2098,2060,1951,980,971,588,298,290,296,163,133,1323,657,666
GALVESTON COUNTY,167,2 Years,4123,2094,2029,1891,961,930,565,288,277,325,172,153,1342,673,669
GALVESTON COUNTY,167,3 Years,4171,2109,2062,1886,959,927,557,280,277,336,171,165,1392,699,693
GALVESTON COUNTY,167,4 Years,4184,2109,2075,1887,943,944,561,275,286,332,180,152,1404,711,693
GALVESTON COUNTY,167,5 Years,4175,2154,2021,1891,976,915,576,288,288,326,182,144,1382,708,674
GALVESTON COUNTY,167,6 Years,4270,2219,2051,1915,983,932,593,309,284,323,184,139,1439,743,696
GALVESTON COUNTY,167,7 Years,4295,2208,2087,1962,998,964,584,311,273,312,169,143,1437,730,707
GALVESTON COUNTY,167,8 Years,4225,2155,2070,1952,991,961,599,318,281,316,167,149,1358,679,679
GALVESTON COUNTY,167,9 Years,4208,2158,2050,1979,1019,960,536,292,244,297,147,150,1396,700,696
GALVESTON COUNTY,167,10 Years,4384,2306,2078,2106,1095,1011,574,312,262,298,161,137,1406,738,668
GALVESTON COUNTY,167,11 Years,4425,2258,2167,2081,1052,1029,645,324,321,294,148,146,1405,734,671
GALVESTON COUNTY,167,12 Years,4364,2224,2140,2067,1051,1016,586,281,305,276,141,135,1435,751,684
GALVESTON COUNTY,167,13 Years,4528,2339,2189,2182,1112,1070,587,308,279,307,158,149,1452,761,691
GALVESTON COUNTY,167,14 Years,4567,2357,2210,2186,1149,1037,648,325,323,291,154,137,1442,729,713
GALVESTON COUNTY,167,15 Years,4568,2376,2192,2266,1183,1083,631,347,284,269,149,120,1402,697,705
GALVESTON COUNTY,167,16 Years,4510,2332,2178,2237,1182,1055,632,334,298,262,133,129,1379,683,696
GALVESTON COUNTY,167,17 Years,4319,2195,2124,2129,1099,1030,574,298,276,259,119,140,1357,679,678
GALVESTON COUNTY,167,18 Years,4106,2125,1981,1991,1044,947,532,279,253,247,113,134,1336,689,647
GALVESTON COUNTY,167,19 Years,3870,1986,1884,1795,909,886,545,290,255,217,109,108,1313,678,635
GALVESTON COUNTY,167,20 Years,3915,2030,1885,1804,947,857,579,298,281,225,119,106,1307,666,641
GALVESTON COUNTY,167,21 Years,4033,2073,1960,1847,978,869,667,324,343,233,113,120,1286,658,628
GALVESTON COUNTY,167,22 Years,4108,2148,1960,1939,1033,906,652,317,335,217,112,105,1300,686,614
GALVESTON COUNTY,167,23 Years,4169,2193,1976,2071,1100,971,637,304,333,212,118,94,1249,671,578
GALVESTON COUNTY,167,24 Years,4047,2138,1909,2060,1057,1003,605,319,286,210,113,97,1172,649,523
GALVESTON COUNTY,167,25 Years,3786,1972,1814,1911,965,946,580,298,282,208,110,98,1087,599,488
GALVESTON COUNTY,167,26 Years,3754,1894,1860,1919,976,943,556,243,313,224,111,113,1055,564,491
GALVESTON COUNTY,167,27 Years,3894,1930,1964,2052,1030,1022,531,220,311,245,116,129,1066,564,502
GALVESTON COUNTY,167,28 Years,4036,2063,1973,2177,1119,1058,534,256,278,237,115,122,1088,573,515
GALVESTON COUNTY,167,29 Years,4043,2073,1970,2177,1117,1060,543,277,266,237,115,122,1086,564,522
GALVESTON COUNTY,167,30 Years,3989,1943,2046,2161,1048,1113,526,248,278,234,112,122,1068,535,533
GALVESTON COUNTY,167,31 Years,4055,2009,2046,2186,1063,1123,494,254,240,251,115,136,1124,577,547
GALVESTON COUNTY,167,32 Years,4145,2079,2066,2279,1126,1153,477,260,217,269,118,151,1120,575,545
GALVESTON COUNTY,167,33 Years,4326,2147,2179,2327,1150,1177,562,280,282,264,114,150,1173,603,570
GALVESTON COUNTY,167,34 Years,4473,2244,2229,2385,1210,1175,607,285,322,268,121,147,1213,628,585
GALVESTON COUNTY,167,35 Years,4231,2116,2115,2295,1164,1131,535,248,287,258,122,136,1143,582,561
GALVESTON COUNTY,167,36 Years,4051,2021,2030,2192,1108,1084,500,236,264,239,112,127,1120,565,555
GALVESTON COUNTY,167,37 Years,4024,2010,2014,2142,1100,1042,501,227,274,268,125,143,1113,558,555
GALVESTON COUNTY,167,38 Years,4033,2003,2030,2130,1059,1071,498,231,267,273,139,134,1132,574,558
GALVESTON COUNTY,167,39 Years,4078,2035,2043,2178,1076,1102,469,230,239,280,135,145,1151,594,557
GALVESTON COUNTY,167,40 Years,4048,1974,2074,2199,1082,1117,468,207,261,273,123,150,1108,562,546
GALVESTON COUNTY,167,41 Years,4099,2021,2078,2271,1138,1133,460,208,252,288,127,161,1080,548,532
GALVESTON COUNTY,167,42 Years,4119,2036,2083,2269,1142,1127,453,219,234,321,144,177,1076,531,545
GALVESTON COUNTY,167,43 Years,4457,2188,2269,2638,1317,1321,465,216,249,311,145,166,1043,510,533
GALVESTON COUNTY,167,44 Years,4317,2105,2212,2581,1290,1291,448,216,232,284,132,152,1004,467,537
GALVESTON COUNTY,167,45 Years,4047,2029,2018,2391,1225,1166,414,209,205,267,118,149,975,477,498
GALVESTON COUNTY,167,46 Years,4044,1991,2053,2430,1215,1215,437,207,230,250,109,141,927,460,467
GALVESTON COUNTY,167,47 Years,3993,1988,2005,2389,1196,1193,476,237,239,227,108,119,901,447,454
GALVESTON COUNTY,167,48 Years,4245,2064,2181,2560,1262,1298,539,257,282,254,124,130,892,421,471
GALVESTON COUNTY,167,49 Years,4488,2193,2295,2725,1359,1366,570,250,320,248,115,133,945,469,476
GALVESTON COUNTY,167,50 Years,4546,2239,2307,2863,1423,1440,574,260,314,234,110,124,875,446,429
GALVESTON COUNTY,167,51 Years,4733,2366,2367,3072,1555,1517,558,261,297,220,101,119,883,449,434
GALVESTON COUNTY,167,52 Years,4773,2346,2427,3092,1526,1566,584,283,301,226,110,116,871,427,444
GALVESTON COUNTY,167,53 Years,4925,2447,2478,3246,1628,1618,607,289,318,228,110,118,844,420,424
GALVESTON COUNTY,167,54 Years,5012,2506,2506,3364,1694,1670,614,289,325,223,114,109,811,409,402
GALVESTON COUNTY,167,55 Years,4876,2420,2456,3305,1670,1635,614,276,338,209,98,111,748,376,372
GALVESTON COUNTY,167,56 Years,4794,2399,2395,3255,1649,1606,582,270,312,219,114,105,738,366,372
GALVESTON COUNTY,167,57 Years,4641,2352,2289,3173,1621,1552,572,275,297,209,104,105,687,352,335
GALVESTON COUNTY,167,58 Years,4449,2248,2201,3037,1550,1487,569,275,294,206,100,106,637,323,314
GALVESTON COUNTY,167,59 Years,4327,2149,2178,2974,1522,1452,550,245,305,203,96,107,600,286,314
GALVESTON COUNTY,167,60 Years,4173,2040,2133,2868,1448,1420,548,230,318,172,76,96,585,286,299
GALVESTON COUNTY,167,61 Years,4014,1994,2020,2761,1402,1359,542,231,311,155,79,76,556,282,274
GALVESTON COUNTY,167,62 Years,3832,1892,1940,2669,1349,1320,484,210,274,149,77,72,530,256,274
GALVESTON COUNTY,167,63 Years,3491,1724,1767,2390,1209,1181,448,196,252,139,69,70,514,250,264
GALVESTON COUNTY,167,64 Years,3382,1674,1708,2323,1179,1144,445,198,247,135,66,69,479,231,248
GALVESTON COUNTY,167,65 Years,3199,1556,1643,2213,1099,1114,414,184,230,134,63,71,438,210,228
GALVESTON COUNTY,167,66 Years,3171,1552,1619,2301,1158,1143,379,160,219,102,44,58,389,190,199
GALVESTON COUNTY,167,67 Years,3036,1523,1513,2229,1136,1093,327,162,165,108,54,54,372,171,201
GALVESTON COUNTY,167,68 Years,2436,1216,1220,1735,893,842,292,133,159,93,41,52,316,149,167
GALVESTON COUNTY,167,69 Years,2258,1132,1126,1578,821,757,278,110,168,96,43,53,306,158,148
GALVESTON COUNTY,167,70 Years,2303,1117,1186,1677,843,834,264,98,166,88,43,45,274,133,141
GALVESTON COUNTY,167,71 Years,2149,1020,1129,1564,759,805,238,97,141,79,34,45,268,130,138
GALVESTON COUNTY,167,72 Years,1944,915,1029,1384,666,718,223,94,129,83,38,45,254,117,137
GALVESTON COUNTY,167,73 Years,1767,834,933,1259,608,651,214,87,127,82,36,46,212,103,109
GALVESTON COUNTY,167,74 Years,1615,756,859,1149,558,591,192,74,118,76,36,40,198,88,110
GALVESTON COUNTY,167,75 Years,1476,694,782,1062,516,546,178,73,105,58,29,29,178,76,102
GALVESTON COUNTY,167,76 Years,1389,648,741,996,478,518,172,67,105,60,32,28,161,71,90
GALVESTON COUNTY,167,77 Years,1315,587,728,928,433,495,177,61,116,51,24,27,159,69,90
GALVESTON COUNTY,167,78 Years,1213,531,682,855,391,464,169,57,112,44,18,26,145,65,80
GALVESTON COUNTY,167,79 Years,1136,491,645,816,363,453,143,49,94,38,16,22,139,63,76
GALVESTON COUNTY,167,80 Years,1011,426,585,716,309,407,129,46,83,34,15,19,132,56,76
GALVESTON COUNTY,167,81 Years,941,388,553,664,285,379,123,40,83,28,10,18,126,53,73
GALVESTON COUNTY,167,82 Years,880,359,521,637,268,369,113,38,75,22,9,13,108,44,64
GALVESTON COUNTY,167,83 Years,824,341,483,598,258,340,105,36,69,25,10,15,96,37,59
GALVESTON COUNTY,167,84 Years,770,321,449,555,236,319,94,33,61,22,9,13,99,43,56
GALVESTON COUNTY,167,85 Years +,4227,1489,2738,3068,1093,1975,619,195,424,91,37,54,449,164,285
GARZA COUNTY,169,All Ages,6516,4079,2437,2940,1633,1307,390,265,125,71,22,49,3115,2159,956
GARZA COUNTY,169,< 1 Year,77,36,41,36,17,19,4,3,1,2,1,1,35,15,20
GARZA COUNTY,169,1 Years,67,28,39,31,13,18,5,3,2,4,1,3,27,11,16
GARZA COUNTY,169,2 Years,69,30,39,30,15,15,4,1,3,4,1,3,31,13,18
GARZA COUNTY,169,3 Years,75,34,41,33,15,18,3,1,2,2,0,2,37,18,19
GARZA COUNTY,169,4 Years,91,41,50,38,14,24,4,1,3,2,0,2,47,26,21
GARZA COUNTY,169,5 Years,91,50,41,29,17,12,5,4,1,2,0,2,55,29,26
GARZA COUNTY,169,6 Years,71,37,34,28,15,13,4,2,2,1,1,0,38,19,19
GARZA COUNTY,169,7 Years,74,39,35,29,16,13,4,3,1,2,1,1,39,19,20
GARZA COUNTY,169,8 Years,62,28,34,30,14,16,4,4,0,0,0,0,28,10,18
GARZA COUNTY,169,9 Years,61,24,37,28,14,14,3,1,2,2,0,2,28,9,19
GARZA COUNTY,169,10 Years,66,35,31,29,15,14,3,2,1,1,0,1,33,18,15
GARZA COUNTY,169,11 Years,76,41,35,29,15,14,5,3,2,2,1,1,40,22,18
GARZA COUNTY,169,12 Years,58,26,32,23,12,11,3,1,2,1,0,1,31,13,18
GARZA COUNTY,169,13 Years,61,27,34,22,11,11,4,2,2,2,0,2,33,14,19
GARZA COUNTY,169,14 Years,56,32,24,26,14,12,5,2,3,0,0,0,25,16,9
GARZA COUNTY,169,15 Years,63,36,27,23,14,9,3,2,1,0,0,0,37,20,17
GARZA COUNTY,169,16 Years,68,35,33,27,14,13,4,3,1,0,0,0,37,18,19
GARZA COUNTY,169,17 Years,72,42,30,19,8,11,4,3,1,2,2,0,47,29,18
GARZA COUNTY,169,18 Years,116,87,29,37,26,11,9,8,1,4,2,2,66,51,15
GARZA COUNTY,169,19 Years,106,82,24,35,26,9,11,9,2,2,0,2,58,47,11
GARZA COUNTY,169,20 Years,115,86,29,34,23,11,9,7,2,2,0,2,70,56,14
GARZA COUNTY,169,21 Years,144,109,35,52,34,18,9,7,2,1,0,1,82,68,14
GARZA COUNTY,169,22 Years,205,165,40,56,39,17,14,12,2,2,0,2,133,114,19
GARZA COUNTY,169,23 Years,109,82,27,33,24,9,7,6,1,0,0,0,69,52,17
GARZA COUNTY,169,24 Years,87,57,30,38,26,12,5,2,3,2,0,2,42,29,13
GARZA COUNTY,169,25 Years,138,105,33,26,14,12,23,19,4,0,0,0,89,72,17
GARZA COUNTY,169,26 Years,181,152,29,63,49,14,10,9,1,1,0,1,107,94,13
GARZA COUNTY,169,27 Years,117,88,29,43,28,15,9,8,1,1,0,1,64,52,12
GARZA COUNTY,169,28 Years,98,65,33,30,20,10,9,6,3,0,0,0,59,39,20
GARZA COUNTY,169,29 Years,201,164,37,67,50,17,12,10,2,0,0,0,122,104,18
GARZA COUNTY,169,30 Years,152,117,35,39,24,15,17,14,3,0,0,0,96,79,17
GARZA COUNTY,169,31 Years,107,79,28,34,21,13,11,10,1,0,0,0,62,48,14
GARZA COUNTY,169,32 Years,84,61,23,20,14,6,4,4,0,1,0,1,59,43,16
GARZA COUNTY,169,33 Years,57,37,20,23,13,10,5,4,1,3,2,1,26,18,8
GARZA COUNTY,169,34 Years,103,80,23,32,21,11,10,8,2,0,0,0,61,51,10
GARZA COUNTY,169,35 Years,51,28,23,22,11,11,3,2,1,0,0,0,26,15,11
GARZA COUNTY,169,36 Years,50,30,20,24,14,10,2,1,1,0,0,0,24,15,9
GARZA COUNTY,169,37 Years,35,18,17,16,7,9,4,3,1,0,0,0,15,8,7
GARZA COUNTY,169,38 Years,122,91,31,48,32,16,11,7,4,0,0,0,63,52,11
GARZA COUNTY,169,39 Years,71,39,32,28,13,15,8,3,5,0,0,0,35,23,12
GARZA COUNTY,169,40 Years,66,41,25,23,11,12,4,2,2,0,0,0,39,28,11
GARZA COUNTY,169,41 Years,44,16,28,21,6,15,0,0,0,1,1,0,22,9,13
GARZA COUNTY,169,42 Years,55,27,28,30,14,16,4,2,2,0,0,0,21,11,10
GARZA COUNTY,169,43 Years,147,113,34,62,43,19,6,5,1,0,0,0,79,65,14
GARZA COUNTY,169,44 Years,68,35,33,36,15,21,3,1,2,2,2,0,27,17,10
GARZA COUNTY,169,45 Years,149,103,46,55,31,24,9,6,3,0,0,0,85,66,19
GARZA COUNTY,169,46 Years,100,69,31,34,19,15,5,3,2,0,0,0,61,47,14
GARZA COUNTY,169,47 Years,100,75,25,41,29,12,1,0,1,1,0,1,57,46,11
GARZA COUNTY,169,48 Years,87,64,23,46,30,16,3,3,0,3,3,0,35,28,7
GARZA COUNTY,169,49 Years,71,41,30,43,24,19,2,2,0,1,0,1,25,15,10
GARZA COUNTY,169,50 Years,106,75,31,43,22,21,2,1,1,0,0,0,61,52,9
GARZA COUNTY,169,51 Years,70,38,32,43,22,21,7,4,3,1,0,1,19,12,7
GARZA COUNTY,169,52 Years,87,64,23,44,28,16,3,2,1,1,1,0,39,33,6
GARZA COUNTY,169,53 Years,71,35,36,48,25,23,4,2,2,0,0,0,19,8,11
GARZA COUNTY,169,54 Years,102,59,43,61,35,26,7,3,4,0,0,0,34,21,13
GARZA COUNTY,169,55 Years,77,43,34,46,29,17,2,1,1,3,0,3,26,13,13
GARZA COUNTY,169,56 Years,136,110,26,54,40,14,9,7,2,1,0,1,72,63,9
GARZA COUNTY,169,57 Years,99,71,28,40,23,17,6,5,1,0,0,0,53,43,10
GARZA COUNTY,169,58 Years,71,44,27,47,27,20,8,5,3,0,0,0,16,12,4
GARZA COUNTY,169,59 Years,41,21,20,27,14,13,4,2,2,0,0,0,10,5,5
GARZA COUNTY,169,60 Years,53,31,22,31,17,14,2,1,1,0,0,0,20,13,7
GARZA COUNTY,169,61 Years,76,42,34,42,21,21,3,2,1,1,0,1,30,19,11
GARZA COUNTY,169,62 Years,67,33,34,39,19,20,1,0,1,2,1,1,25,13,12
GARZA COUNTY,169,63 Years,46,22,24,32,14,18,3,1,2,1,1,0,10,6,4
GARZA COUNTY,169,64 Years,48,19,29,34,12,22,3,1,2,0,0,0,11,6,5
GARZA COUNTY,169,65 Years,51,26,25,38,20,18,1,0,1,1,0,1,11,6,5
GARZA COUNTY,169,66 Years,52,27,25,37,21,16,0,0,0,1,0,1,14,6,8
GARZA COUNTY,169,67 Years,57,32,25,41,23,18,3,1,2,2,1,1,11,7,4
GARZA COUNTY,169,68 Years,48,22,26,41,21,20,1,0,1,0,0,0,6,1,5
GARZA COUNTY,169,69 Years,44,19,25,32,17,15,2,1,1,0,0,0,10,1,9
GARZA COUNTY,169,70 Years,43,19,24,27,13,14,1,0,1,0,0,0,15,6,9
GARZA COUNTY,169,71 Years,31,14,17,25,12,13,0,0,0,0,0,0,6,2,4
GARZA COUNTY,169,72 Years,35,12,23,29,10,19,0,0,0,0,0,0,6,2,4
GARZA COUNTY,169,73 Years,34,13,21,25,11,14,1,0,1,0,0,0,8,2,6
GARZA COUNTY,169,74 Years,31,12,19,24,9,15,1,0,1,0,0,0,6,3,3
GARZA COUNTY,169,75 Years,37,13,24,31,12,19,1,0,1,1,0,1,4,1,3
GARZA COUNTY,169,76 Years,34,15,19,30,14,16,0,0,0,0,0,0,4,1,3
GARZA COUNTY,169,77 Years,32,15,17,27,12,15,0,0,0,0,0,0,5,3,2
GARZA COUNTY,169,78 Years,30,14,16,21,10,11,1,0,1,0,0,0,8,4,4
GARZA COUNTY,169,79 Years,30,16,14,25,13,12,0,0,0,0,0,0,5,3,2
GARZA COUNTY,169,80 Years,24,11,13,21,9,12,0,0,0,0,0,0,3,2,1
GARZA COUNTY,169,81 Years,20,9,11,18,8,10,0,0,0,0,0,0,2,1,1
GARZA COUNTY,169,82 Years,20,10,10,15,7,8,1,1,0,0,0,0,4,2,2
GARZA COUNTY,169,83 Years,18,6,12,15,6,9,0,0,0,0,0,0,3,0,3
GARZA COUNTY,169,84 Years,19,9,10,16,9,7,2,0,2,0,0,0,1,0,1
GARZA COUNTY,169,85 Years +,82,31,51,70,24,46,1,1,0,0,0,0,11,6,5
GILLESPIE COUNTY,171,All Ages,26230,12652,13578,20064,9446,10618,62,34,28,382,187,195,5722,2985,2737
GILLESPIE COUNTY,171,< 1 Year,263,138,125,119,63,56,9,7,2,7,5,2,128,63,65
GILLESPIE COUNTY,171,1 Years,263,142,121,120,66,54,7,5,2,9,8,1,127,63,64
GILLESPIE COUNTY,171,2 Years,251,131,120,115,66,49,0,0,0,10,7,3,126,58,68
GILLESPIE COUNTY,171,3 Years,259,127,132,121,63,58,0,0,0,11,8,3,127,56,71
GILLESPIE COUNTY,171,4 Years,233,117,116,107,57,50,2,2,0,7,1,6,117,57,60
GILLESPIE COUNTY,171,5 Years,241,129,112,143,76,67,0,0,0,4,2,2,94,51,43
GILLESPIE COUNTY,171,6 Years,268,143,125,152,79,73,1,0,1,7,5,2,108,59,49
GILLESPIE COUNTY,171,7 Years,251,126,125,143,69,74,1,0,1,3,2,1,104,55,49
GILLESPIE COUNTY,171,8 Years,244,132,112,144,75,69,0,0,0,4,1,3,96,56,40
GILLESPIE COUNTY,171,9 Years,266,147,119,157,87,70,0,0,0,5,1,4,104,59,45
GILLESPIE COUNTY,171,10 Years,299,160,139,173,94,79,2,0,2,8,2,6,116,64,52
GILLESPIE COUNTY,171,11 Years,295,153,142,193,100,93,1,0,1,5,3,2,96,50,46
GILLESPIE COUNTY,171,12 Years,302,155,147,209,108,101,1,0,1,3,2,1,89,45,44
GILLESPIE COUNTY,171,13 Years,308,160,148,213,111,102,0,0,0,6,4,2,89,45,44
GILLESPIE COUNTY,171,14 Years,331,171,160,222,117,105,0,0,0,6,4,2,103,50,53
GILLESPIE COUNTY,171,15 Years,323,158,165,212,104,108,0,0,0,6,2,4,105,52,53
GILLESPIE COUNTY,171,16 Years,340,175,165,216,107,109,0,0,0,6,1,5,118,67,51
GILLESPIE COUNTY,171,17 Years,350,186,164,221,107,114,0,0,0,10,5,5,119,74,45
GILLESPIE COUNTY,171,18 Years,317,154,163,194,88,106,0,0,0,9,4,5,114,62,52
GILLESPIE COUNTY,171,19 Years,291,151,140,171,85,86,1,0,1,7,3,4,112,63,49
GILLESPIE COUNTY,171,20 Years,281,144,137,164,83,81,1,1,0,7,5,2,109,55,54
GILLESPIE COUNTY,171,21 Years,269,135,134,161,77,84,1,1,0,2,2,0,105,55,50
GILLESPIE COUNTY,171,22 Years,256,127,129,154,75,79,0,0,0,3,1,2,99,51,48
GILLESPIE COUNTY,171,23 Years,203,110,93,107,59,48,1,0,1,4,1,3,91,50,41
GILLESPIE COUNTY,171,24 Years,182,97,85,85,48,37,0,0,0,7,1,6,90,48,42
GILLESPIE COUNTY,171,25 Years,188,92,96,102,44,58,3,1,2,4,2,2,79,45,34
GILLESPIE COUNTY,171,26 Years,196,109,87,107,54,53,2,1,1,4,4,0,83,50,33
GILLESPIE COUNTY,171,27 Years,220,117,103,125,55,70,1,1,0,3,3,0,91,58,33
GILLESPIE COUNTY,171,28 Years,183,100,83,107,56,51,2,1,1,3,1,2,71,42,29
GILLESPIE COUNTY,171,29 Years,189,96,93,122,58,64,1,0,1,3,0,3,63,38,25
GILLESPIE COUNTY,171,30 Years,197,96,101,130,61,69,0,0,0,4,1,3,63,34,29
GILLESPIE COUNTY,171,31 Years,208,106,102,132,63,69,0,0,0,3,2,1,73,41,32
GILLESPIE COUNTY,171,32 Years,208,100,108,134,60,74,2,1,1,3,2,1,69,37,32
GILLESPIE COUNTY,171,33 Years,240,125,115,154,78,76,2,1,1,4,2,2,80,44,36
GILLESPIE COUNTY,171,34 Years,240,123,117,156,80,76,1,0,1,4,3,1,79,40,39
GILLESPIE COUNTY,171,35 Years,222,122,100,142,73,69,0,0,0,5,4,1,75,45,30
GILLESPIE COUNTY,171,36 Years,203,104,99,134,65,69,2,2,0,4,3,1,63,34,29
GILLESPIE COUNTY,171,37 Years,197,97,100,130,61,69,0,0,0,4,2,2,63,34,29
GILLESPIE COUNTY,171,38 Years,228,103,125,156,72,84,0,0,0,3,2,1,69,29,40
GILLESPIE COUNTY,171,39 Years,240,104,136,157,70,87,0,0,0,7,2,5,76,32,44
GILLESPIE COUNTY,171,40 Years,254,130,124,172,83,89,0,0,0,4,2,2,78,45,33
GILLESPIE COUNTY,171,41 Years,243,117,126,172,79,93,0,0,0,2,1,1,69,37,32
GILLESPIE COUNTY,171,42 Years,249,114,135,186,87,99,0,0,0,2,1,1,61,26,35
GILLESPIE COUNTY,171,43 Years,278,140,138,208,110,98,0,0,0,3,1,2,67,29,38
GILLESPIE COUNTY,171,44 Years,286,137,149,203,98,105,1,1,0,5,1,4,77,37,40
GILLESPIE COUNTY,171,45 Years,270,129,141,194,87,107,0,0,0,5,2,3,71,40,31
GILLESPIE COUNTY,171,46 Years,276,123,153,198,88,110,0,0,0,3,0,3,75,35,40
GILLESPIE COUNTY,171,47 Years,276,134,142,200,95,105,0,0,0,3,2,1,73,37,36
GILLESPIE COUNTY,171,48 Years,299,160,139,224,116,108,2,2,0,3,0,3,70,42,28
GILLESPIE COUNTY,171,49 Years,320,160,160,234,118,116,1,1,0,5,2,3,80,39,41
GILLESPIE COUNTY,171,50 Years,341,160,181,252,116,136,0,0,0,7,4,3,82,40,42
GILLESPIE COUNTY,171,51 Years,365,159,206,286,120,166,0,0,0,6,3,3,73,36,37
GILLESPIE COUNTY,171,52 Years,404,194,210,325,154,171,1,0,1,4,2,2,74,38,36
GILLESPIE COUNTY,171,53 Years,404,191,213,329,152,177,1,0,1,4,2,2,70,37,33
GILLESPIE COUNTY,171,54 Years,407,199,208,343,162,181,0,0,0,6,3,3,58,34,24
GILLESPIE COUNTY,171,55 Years,397,177,220,335,143,192,1,0,1,8,3,5,53,31,22
GILLESPIE COUNTY,171,56 Years,387,169,218,328,138,190,0,0,0,5,0,5,54,31,23
GILLESPIE COUNTY,171,57 Years,414,172,242,351,147,204,1,1,0,4,1,3,58,23,35
GILLESPIE COUNTY,171,58 Years,400,178,222,348,153,195,1,0,1,2,1,1,49,24,25
GILLESPIE COUNTY,171,59 Years,404,189,215,353,165,188,2,1,1,5,1,4,44,22,22
GILLESPIE COUNTY,171,60 Years,426,191,235,377,171,206,1,1,0,4,1,3,44,18,26
GILLESPIE COUNTY,171,61 Years,456,195,261,408,177,231,1,1,0,6,1,5,41,16,25
GILLESPIE COUNTY,171,62 Years,450,196,254,408,172,236,0,0,0,2,1,1,40,23,17
GILLESPIE COUNTY,171,63 Years,434,193,241,394,174,220,0,0,0,3,2,1,37,17,20
GILLESPIE COUNTY,171,64 Years,421,198,223,390,184,206,0,0,0,4,1,3,27,13,14
GILLESPIE COUNTY,171,65 Years,406,188,218,371,171,200,1,0,1,6,3,3,28,14,14
GILLESPIE COUNTY,171,66 Years,440,218,222,402,197,205,0,0,0,6,4,2,32,17,15
GILLESPIE COUNTY,171,67 Years,483,217,266,454,202,252,0,0,0,2,1,1,27,14,13
GILLESPIE COUNTY,171,68 Years,432,204,228,400,182,218,1,1,0,2,2,0,29,19,10
GILLESPIE COUNTY,171,69 Years,399,188,211,370,174,196,0,0,0,4,2,2,25,12,13
GILLESPIE COUNTY,171,70 Years,403,193,210,376,181,195,0,0,0,5,1,4,22,11,11
GILLESPIE COUNTY,171,71 Years,385,180,205,358,166,192,2,1,1,4,2,2,21,11,10
GILLESPIE COUNTY,171,72 Years,357,176,181,328,156,172,0,0,0,3,2,1,26,18,8
GILLESPIE COUNTY,171,73 Years,358,169,189,329,153,176,0,0,0,2,1,1,27,15,12
GILLESPIE COUNTY,171,74 Years,331,159,172,312,149,163,0,0,0,3,3,0,16,7,9
GILLESPIE COUNTY,171,75 Years,314,158,156,296,149,147,1,0,1,3,3,0,14,6,8
GILLESPIE COUNTY,171,76 Years,291,145,146,277,140,137,0,0,0,2,2,0,12,3,9
GILLESPIE COUNTY,171,77 Years,268,130,138,254,123,131,0,0,0,2,2,0,12,5,7
GILLESPIE COUNTY,171,78 Years,240,118,122,224,111,113,0,0,0,2,1,1,14,6,8
GILLESPIE COUNTY,171,79 Years,241,121,120,226,115,111,0,0,0,2,1,1,13,5,8
GILLESPIE COUNTY,171,80 Years,227,116,111,209,107,102,0,0,0,0,0,0,18,9,9
GILLESPIE COUNTY,171,81 Years,200,94,106,188,88,100,0,0,0,0,0,0,12,6,6
GILLESPIE COUNTY,171,82 Years,178,79,99,168,75,93,0,0,0,1,0,1,9,4,5
GILLESPIE COUNTY,171,83 Years,169,73,96,161,69,92,0,0,0,1,0,1,7,4,3
GILLESPIE COUNTY,171,84 Years,161,67,94,153,65,88,0,0,0,0,0,0,8,2,6
GILLESPIE COUNTY,171,85 Years +,1041,392,649,986,370,616,0,0,0,13,6,7,42,16,26
GLASSCOCK COUNTY,173,All Ages,1277,663,614,852,441,411,16,9,7,9,4,5,400,209,191
GLASSCOCK COUNTY,173,< 1 Year,15,6,9,8,4,4,0,0,0,0,0,0,7,2,5
GLASSCOCK COUNTY,173,1 Years,15,5,10,8,2,6,0,0,0,0,0,0,7,3,4
GLASSCOCK COUNTY,173,2 Years,14,6,8,9,4,5,0,0,0,0,0,0,5,2,3
GLASSCOCK COUNTY,173,3 Years,16,7,9,8,4,4,0,0,0,0,0,0,8,3,5
GLASSCOCK COUNTY,173,4 Years,14,7,7,7,3,4,0,0,0,0,0,0,7,4,3
GLASSCOCK COUNTY,173,5 Years,15,7,8,8,4,4,1,1,0,0,0,0,6,2,4
GLASSCOCK COUNTY,173,6 Years,18,8,10,10,4,6,1,1,0,0,0,0,7,3,4
GLASSCOCK COUNTY,173,7 Years,15,5,10,9,4,5,0,0,0,1,0,1,5,1,4
GLASSCOCK COUNTY,173,8 Years,18,8,10,10,5,5,0,0,0,1,0,1,7,3,4
GLASSCOCK COUNTY,173,9 Years,20,11,9,10,7,3,0,0,0,0,0,0,10,4,6
GLASSCOCK COUNTY,173,10 Years,18,9,9,10,5,5,0,0,0,0,0,0,8,4,4
GLASSCOCK COUNTY,173,11 Years,20,11,9,13,6,7,0,0,0,0,0,0,7,5,2
GLASSCOCK COUNTY,173,12 Years,16,12,4,11,8,3,0,0,0,0,0,0,5,4,1
GLASSCOCK COUNTY,173,13 Years,17,12,5,12,9,3,0,0,0,0,0,0,5,3,2
GLASSCOCK COUNTY,173,14 Years,18,5,13,11,4,7,0,0,0,0,0,0,7,1,6
GLASSCOCK COUNTY,173,15 Years,18,7,11,12,6,6,0,0,0,0,0,0,6,1,5
GLASSCOCK COUNTY,173,16 Years,22,14,8,12,8,4,0,0,0,0,0,0,10,6,4
GLASSCOCK COUNTY,173,17 Years,21,13,8,12,8,4,1,0,1,0,0,0,8,5,3
GLASSCOCK COUNTY,173,18 Years,23,16,7,14,10,4,0,0,0,0,0,0,9,6,3
GLASSCOCK COUNTY,173,19 Years,24,17,7,14,10,4,2,2,0,0,0,0,8,5,3
GLASSCOCK COUNTY,173,20 Years,21,11,10,12,5,7,2,1,1,0,0,0,7,5,2
GLASSCOCK COUNTY,173,21 Years,25,11,14,17,8,9,1,0,1,0,0,0,7,3,4
GLASSCOCK COUNTY,173,22 Years,19,6,13,12,4,8,1,1,0,0,0,0,6,1,5
GLASSCOCK COUNTY,173,23 Years,10,4,6,5,1,4,0,0,0,0,0,0,5,3,2
GLASSCOCK COUNTY,173,24 Years,6,2,4,2,0,2,0,0,0,0,0,0,4,2,2
GLASSCOCK COUNTY,173,25 Years,6,3,3,2,0,2,0,0,0,0,0,0,4,3,1
GLASSCOCK COUNTY,173,26 Years,8,7,1,3,2,1,0,0,0,0,0,0,5,5,0
GLASSCOCK COUNTY,173,27 Years,15,10,5,9,5,4,1,1,0,0,0,0,5,4,1
GLASSCOCK COUNTY,173,28 Years,7,5,2,4,3,1,0,0,0,0,0,0,3,2,1
GLASSCOCK COUNTY,173,29 Years,12,6,6,10,5,5,0,0,0,0,0,0,2,1,1
GLASSCOCK COUNTY,173,30 Years,16,9,7,11,6,5,0,0,0,0,0,0,5,3,2
GLASSCOCK COUNTY,173,31 Years,13,6,7,8,4,4,0,0,0,0,0,0,5,2,3
GLASSCOCK COUNTY,173,32 Years,14,7,7,5,4,1,0,0,0,1,0,1,8,3,5
GLASSCOCK COUNTY,173,33 Years,11,4,7,6,3,3,0,0,0,1,0,1,4,1,3
GLASSCOCK COUNTY,173,34 Years,14,5,9,9,4,5,0,0,0,0,0,0,5,1,4
GLASSCOCK COUNTY,173,35 Years,13,7,6,6,3,3,0,0,0,1,0,1,6,4,2
GLASSCOCK COUNTY,173,36 Years,16,8,8,11,5,6,0,0,0,0,0,0,5,3,2
GLASSCOCK COUNTY,173,37 Years,17,9,8,8,3,5,0,0,0,0,0,0,9,6,3
GLASSCOCK COUNTY,173,38 Years,21,11,10,14,8,6,0,0,0,0,0,0,7,3,4
GLASSCOCK COUNTY,173,39 Years,16,7,9,8,4,4,0,0,0,0,0,0,8,3,5
GLASSCOCK COUNTY,173,40 Years,15,11,4,8,6,2,0,0,0,0,0,0,7,5,2
GLASSCOCK COUNTY,173,41 Years,12,7,5,6,4,2,1,0,1,0,0,0,5,3,2
GLASSCOCK COUNTY,173,42 Years,18,7,11,10,6,4,1,0,1,0,0,0,7,1,6
GLASSCOCK COUNTY,173,43 Years,19,10,9,12,6,6,1,0,1,0,0,0,6,4,2
GLASSCOCK COUNTY,173,44 Years,22,15,7,15,10,5,1,0,1,0,0,0,6,5,1
GLASSCOCK COUNTY,173,45 Years,13,6,7,10,4,6,0,0,0,0,0,0,3,2,1
GLASSCOCK COUNTY,173,46 Years,9,3,6,6,1,5,1,1,0,0,0,0,2,1,1
GLASSCOCK COUNTY,173,47 Years,14,10,4,10,6,4,0,0,0,0,0,0,4,4,0
GLASSCOCK COUNTY,173,48 Years,15,8,7,7,4,3,0,0,0,0,0,0,8,4,4
GLASSCOCK COUNTY,173,49 Years,14,9,5,10,7,3,0,0,0,0,0,0,4,2,2
GLASSCOCK COUNTY,173,50 Years,18,7,11,14,6,8,0,0,0,0,0,0,4,1,3
GLASSCOCK COUNTY,173,51 Years,22,10,12,15,8,7,0,0,0,0,0,0,7,2,5
GLASSCOCK COUNTY,173,52 Years,15,7,8,12,5,7,0,0,0,1,1,0,2,1,1
GLASSCOCK COUNTY,173,53 Years,18,6,12,15,4,11,0,0,0,0,0,0,3,2,1
GLASSCOCK COUNTY,173,54 Years,19,12,7,15,9,6,0,0,0,0,0,0,4,3,1
GLASSCOCK COUNTY,173,55 Years,24,15,9,19,12,7,1,1,0,0,0,0,4,2,2
GLASSCOCK COUNTY,173,56 Years,27,15,12,20,11,9,0,0,0,0,0,0,7,4,3
GLASSCOCK COUNTY,173,57 Years,18,9,9,12,6,6,0,0,0,0,0,0,6,3,3
GLASSCOCK COUNTY,173,58 Years,14,6,8,13,5,8,0,0,0,0,0,0,1,1,0
GLASSCOCK COUNTY,173,59 Years,15,7,8,15,7,8,0,0,0,0,0,0,0,0,0
GLASSCOCK COUNTY,173,60 Years,13,8,5,12,7,5,0,0,0,0,0,0,1,1,0
GLASSCOCK COUNTY,173,61 Years,16,10,6,7,4,3,0,0,0,0,0,0,9,6,3
GLASSCOCK COUNTY,173,62 Years,13,9,4,10,7,3,0,0,0,0,0,0,3,2,1
GLASSCOCK COUNTY,173,63 Years,15,6,9,13,6,7,0,0,0,0,0,0,2,0,2
GLASSCOCK COUNTY,173,64 Years,21,13,8,14,9,5,0,0,0,0,0,0,7,4,3
GLASSCOCK COUNTY,173,65 Years,13,10,3,8,7,1,0,0,0,0,0,0,5,3,2
GLASSCOCK COUNTY,173,66 Years,17,9,8,13,7,6,0,0,0,0,0,0,4,2,2
GLASSCOCK COUNTY,173,67 Years,19,11,8,14,7,7,0,0,0,2,2,0,3,2,1
GLASSCOCK COUNTY,173,68 Years,12,8,4,9,5,4,0,0,0,1,1,0,2,2,0
GLASSCOCK COUNTY,173,69 Years,8,5,3,6,3,3,0,0,0,0,0,0,2,2,0
GLASSCOCK COUNTY,173,70 Years,11,6,5,9,4,5,0,0,0,0,0,0,2,2,0
GLASSCOCK COUNTY,173,71 Years,15,7,8,13,6,7,0,0,0,0,0,0,2,1,1
GLASSCOCK COUNTY,173,72 Years,13,6,7,12,6,6,0,0,0,0,0,0,1,0,1
GLASSCOCK COUNTY,173,73 Years,6,3,3,6,3,3,0,0,0,0,0,0,0,0,0
GLASSCOCK COUNTY,173,74 Years,7,1,6,6,1,5,0,0,0,0,0,0,1,0,1
GLASSCOCK COUNTY,173,75 Years,9,4,5,8,3,5,0,0,0,0,0,0,1,1,0
GLASSCOCK COUNTY,173,76 Years,14,5,9,11,5,6,0,0,0,0,0,0,3,0,3
GLASSCOCK COUNTY,173,77 Years,10,5,5,8,5,3,0,0,0,0,0,0,2,0,2
GLASSCOCK COUNTY,173,78 Years,10,5,5,8,3,5,0,0,0,0,0,0,2,2,0
GLASSCOCK COUNTY,173,79 Years,11,7,4,8,5,3,0,0,0,0,0,0,3,2,1
GLASSCOCK COUNTY,173,80 Years,10,3,7,8,2,6,0,0,0,0,0,0,2,1,1
GLASSCOCK COUNTY,173,81 Years,8,4,4,8,4,4,0,0,0,0,0,0,0,0,0
GLASSCOCK COUNTY,173,82 Years,4,2,2,4,2,2,0,0,0,0,0,0,0,0,0
GLASSCOCK COUNTY,173,83 Years,7,2,5,6,1,5,0,0,0,0,0,0,1,1,0
GLASSCOCK COUNTY,173,84 Years,5,3,2,5,3,2,0,0,0,0,0,0,0,0,0
GLASSCOCK COUNTY,173,85 Years +,12,7,5,12,7,5,0,0,0,0,0,0,0,0,0
GOLIAD COUNTY,175,All Ages,7824,3871,3953,4553,2242,2311,328,165,163,112,60,52,2831,1404,1427
GOLIAD COUNTY,175,< 1 Year,74,41,33,26,14,12,7,5,2,3,2,1,38,20,18
GOLIAD COUNTY,175,1 Years,70,31,39,24,11,13,6,4,2,2,1,1,38,15,23
GOLIAD COUNTY,175,2 Years,64,29,35,21,10,11,6,4,2,2,1,1,35,14,21
GOLIAD COUNTY,175,3 Years,69,31,38,23,11,12,5,2,3,2,1,1,39,17,22
GOLIAD COUNTY,175,4 Years,84,40,44,31,17,14,6,1,5,2,1,1,45,21,24
GOLIAD COUNTY,175,5 Years,79,47,32,34,21,13,4,2,2,3,2,1,38,22,16
GOLIAD COUNTY,175,6 Years,93,51,42,32,19,13,6,3,3,4,2,2,51,27,24
GOLIAD COUNTY,175,7 Years,81,42,39,31,19,12,4,2,2,1,0,1,45,21,24
GOLIAD COUNTY,175,8 Years,76,43,33,31,15,16,3,2,1,0,0,0,42,26,16
GOLIAD COUNTY,175,9 Years,89,47,42,38,16,22,5,3,2,2,0,2,44,28,16
GOLIAD COUNTY,175,10 Years,95,49,46,40,18,22,5,3,2,2,0,2,48,28,20
GOLIAD COUNTY,175,11 Years,97,55,42,44,23,21,4,2,2,0,0,0,49,30,19
GOLIAD COUNTY,175,12 Years,116,64,52,45,24,21,6,4,2,1,1,0,64,35,29
GOLIAD COUNTY,175,13 Years,96,50,46,47,23,24,4,1,3,1,0,1,44,26,18
GOLIAD COUNTY,175,14 Years,100,48,52,46,22,24,2,2,0,1,1,0,51,23,28
GOLIAD COUNTY,175,15 Years,108,53,55,50,28,22,4,2,2,1,0,1,53,23,30
GOLIAD COUNTY,175,16 Years,109,61,48,59,35,24,4,2,2,2,1,1,44,23,21
GOLIAD COUNTY,175,17 Years,105,59,46,51,26,25,6,5,1,3,3,0,45,25,20
GOLIAD COUNTY,175,18 Years,103,58,45,44,22,22,3,1,2,2,1,1,54,34,20
GOLIAD COUNTY,175,19 Years,111,55,56,50,25,25,1,1,0,2,1,1,58,28,30
GOLIAD COUNTY,175,20 Years,107,58,49,51,29,22,5,2,3,2,1,1,49,26,23
GOLIAD COUNTY,175,21 Years,107,51,56,63,31,32,3,1,2,2,2,0,39,17,22
GOLIAD COUNTY,175,22 Years,95,54,41,57,30,27,2,2,0,1,1,0,35,21,14
GOLIAD COUNTY,175,23 Years,91,48,43,43,21,22,5,4,1,2,1,1,41,22,19
GOLIAD COUNTY,175,24 Years,74,41,33,34,21,13,4,1,3,1,0,1,35,19,16
GOLIAD COUNTY,175,25 Years,59,31,28,31,16,15,3,0,3,0,0,0,25,15,10
GOLIAD COUNTY,175,26 Years,53,25,28,27,14,13,2,0,2,1,1,0,23,10,13
GOLIAD COUNTY,175,27 Years,50,23,27,23,12,11,2,1,1,2,0,2,23,10,13
GOLIAD COUNTY,175,28 Years,59,33,26,35,21,14,1,1,0,2,1,1,21,10,11
GOLIAD COUNTY,175,29 Years,55,24,31,34,13,21,1,0,1,1,1,0,19,10,9
GOLIAD COUNTY,175,30 Years,58,27,31,34,13,21,2,1,1,0,0,0,22,13,9
GOLIAD COUNTY,175,31 Years,68,34,34,41,20,21,2,1,1,0,0,0,25,13,12
GOLIAD COUNTY,175,32 Years,65,31,34,37,18,19,0,0,0,1,1,0,27,12,15
GOLIAD COUNTY,175,33 Years,78,35,43,43,21,22,3,2,1,0,0,0,32,12,20
GOLIAD COUNTY,175,34 Years,73,41,32,37,22,15,2,1,1,1,1,0,33,17,16
GOLIAD COUNTY,175,35 Years,69,39,30,38,23,15,4,2,2,2,0,2,25,14,11
GOLIAD COUNTY,175,36 Years,69,30,39,36,14,22,2,2,0,1,1,0,30,13,17
GOLIAD COUNTY,175,37 Years,74,34,40,40,19,21,3,2,1,1,1,0,30,12,18
GOLIAD COUNTY,175,38 Years,67,28,39,38,16,22,4,1,3,1,0,1,24,11,13
GOLIAD COUNTY,175,39 Years,79,36,43,41,16,25,2,1,1,0,0,0,36,19,17
GOLIAD COUNTY,175,40 Years,87,42,45,48,22,26,5,4,1,0,0,0,34,16,18
GOLIAD COUNTY,175,41 Years,88,45,43,43,23,20,4,2,2,3,3,0,38,17,21
GOLIAD COUNTY,175,42 Years,94,48,46,53,26,27,3,2,1,1,1,0,37,19,18
GOLIAD COUNTY,175,43 Years,90,43,47,50,26,24,6,2,4,1,0,1,33,15,18
GOLIAD COUNTY,175,44 Years,98,53,45,61,32,29,4,3,1,0,0,0,33,18,15
GOLIAD COUNTY,175,45 Years,92,54,38,55,33,22,2,2,0,3,2,1,32,17,15
GOLIAD COUNTY,175,46 Years,99,53,46,62,34,28,2,1,1,1,1,0,34,17,17
GOLIAD COUNTY,175,47 Years,101,50,51,61,29,32,4,2,2,3,1,2,33,18,15
GOLIAD COUNTY,175,48 Years,114,48,66,66,26,40,5,3,2,1,0,1,42,19,23
GOLIAD COUNTY,175,49 Years,108,44,64,70,26,44,3,2,1,1,0,1,34,16,18
GOLIAD COUNTY,175,50 Years,113,50,63,72,34,38,2,0,2,5,3,2,34,13,21
GOLIAD COUNTY,175,51 Years,100,44,56,66,32,34,3,1,2,3,1,2,28,10,18
GOLIAD COUNTY,175,52 Years,117,56,61,79,39,40,4,2,2,1,0,1,33,15,18
GOLIAD COUNTY,175,53 Years,128,66,62,83,44,39,4,2,2,1,1,0,40,19,21
GOLIAD COUNTY,175,54 Years,133,68,65,83,41,42,8,4,4,1,1,0,41,22,19
GOLIAD COUNTY,175,55 Years,130,67,63,79,41,38,6,4,2,3,3,0,42,19,23
GOLIAD COUNTY,175,56 Years,138,62,76,85,40,45,8,3,5,1,0,1,44,19,25
GOLIAD COUNTY,175,57 Years,135,68,67,88,42,46,6,2,4,1,0,1,40,24,16
GOLIAD COUNTY,175,58 Years,115,61,54,80,41,39,4,2,2,1,0,1,30,18,12
GOLIAD COUNTY,175,59 Years,137,66,71,92,44,48,6,2,4,1,1,0,38,19,19
GOLIAD COUNTY,175,60 Years,130,57,73,92,40,52,7,2,5,1,1,0,30,14,16
GOLIAD COUNTY,175,61 Years,121,58,63,82,37,45,6,2,4,1,1,0,32,18,14
GOLIAD COUNTY,175,62 Years,140,64,76,105,46,59,5,3,2,1,1,0,29,14,15
GOLIAD COUNTY,175,63 Years,141,70,71,99,47,52,5,3,2,1,1,0,36,19,17
GOLIAD COUNTY,175,64 Years,123,65,58,86,46,40,4,3,1,0,0,0,33,16,17
GOLIAD COUNTY,175,65 Years,124,65,59,90,47,43,7,5,2,2,1,1,25,12,13
GOLIAD COUNTY,175,66 Years,117,61,56,87,46,41,3,1,2,1,1,0,26,13,13
GOLIAD COUNTY,175,67 Years,124,57,67,87,44,43,5,0,5,3,0,3,29,13,16
GOLIAD COUNTY,175,68 Years,100,47,53,66,31,35,3,2,1,2,1,1,29,13,16
GOLIAD COUNTY,175,69 Years,94,43,51,68,31,37,2,1,1,2,1,1,22,10,12
GOLIAD COUNTY,175,70 Years,94,42,52,68,31,37,4,3,1,1,0,1,21,8,13
GOLIAD COUNTY,175,71 Years,92,44,48,66,34,32,3,2,1,0,0,0,23,8,15
GOLIAD COUNTY,175,72 Years,84,34,50,56,26,30,4,2,2,1,0,1,23,6,17
GOLIAD COUNTY,175,73 Years,95,49,46,68,34,34,5,4,1,1,0,1,21,11,10
GOLIAD COUNTY,175,74 Years,84,46,38,62,33,29,3,2,1,1,0,1,18,11,7
GOLIAD COUNTY,175,75 Years,63,29,34,48,22,26,1,1,0,1,0,1,13,6,7
GOLIAD COUNTY,175,76 Years,68,31,37,50,23,27,2,1,1,0,0,0,16,7,9
GOLIAD COUNTY,175,77 Years,54,27,27,39,19,20,1,1,0,0,0,0,14,7,7
GOLIAD COUNTY,175,78 Years,48,26,22,33,18,15,0,0,0,0,0,0,15,8,7
GOLIAD COUNTY,175,79 Years,53,27,26,33,19,14,2,0,2,1,1,0,17,7,10
GOLIAD COUNTY,175,80 Years,49,22,27,25,12,13,2,0,2,1,1,0,21,9,12
GOLIAD COUNTY,175,81 Years,37,14,23,24,8,16,1,0,1,1,1,0,11,5,6
GOLIAD COUNTY,175,82 Years,42,18,24,27,13,14,2,1,1,0,0,0,13,4,9
GOLIAD COUNTY,175,83 Years,35,16,19,19,8,11,2,2,0,0,0,0,14,6,8
GOLIAD COUNTY,175,84 Years,30,12,18,17,6,11,1,0,1,0,0,0,12,6,6
GOLIAD COUNTY,175,85 Years +,196,82,114,130,57,73,16,3,13,1,1,0,49,21,28
GONZALES COUNTY,177,All Ages,20457,10377,10080,8598,4232,4366,1383,723,660,296,128,168,10180,5294,4886
GONZALES COUNTY,177,< 1 Year,327,167,160,91,48,43,16,9,7,7,2,5,213,108,105
GONZALES COUNTY,177,1 Years,302,158,144,87,48,39,14,7,7,8,3,5,193,100,93
GONZALES COUNTY,177,2 Years,291,159,132,79,44,35,13,8,5,7,4,3,192,103,89
GONZALES COUNTY,177,3 Years,294,155,139,82,42,40,16,9,7,7,4,3,189,100,89
GONZALES COUNTY,177,4 Years,301,149,152,75,36,39,17,12,5,9,4,5,200,97,103
GONZALES COUNTY,177,5 Years,297,154,143,69,37,32,16,7,9,8,4,4,204,106,98
GONZALES COUNTY,177,6 Years,303,167,136,77,43,34,16,8,8,7,3,4,203,113,90
GONZALES COUNTY,177,7 Years,301,156,145,80,42,38,15,6,9,8,5,3,198,103,95
GONZALES COUNTY,177,8 Years,302,157,145,79,42,37,16,7,9,7,2,5,200,106,94
GONZALES COUNTY,177,9 Years,294,152,142,65,33,32,16,8,8,4,0,4,209,111,98
GONZALES COUNTY,177,10 Years,304,159,145,75,37,38,15,8,7,4,2,2,210,112,98
GONZALES COUNTY,177,11 Years,331,160,171,83,35,48,15,7,8,8,3,5,225,115,110
GONZALES COUNTY,177,12 Years,312,155,157,80,37,43,16,9,7,7,1,6,209,108,101
GONZALES COUNTY,177,13 Years,311,161,150,82,45,37,24,14,10,6,2,4,199,100,99
GONZALES COUNTY,177,14 Years,300,145,155,98,46,52,22,13,9,6,3,3,174,83,91
GONZALES COUNTY,177,15 Years,308,150,158,96,45,51,20,13,7,5,3,2,187,89,98
GONZALES COUNTY,177,16 Years,294,160,134,102,56,46,18,11,7,5,3,2,169,90,79
GONZALES COUNTY,177,17 Years,287,153,134,110,62,48,19,10,9,4,2,2,154,79,75
GONZALES COUNTY,177,18 Years,270,145,125,101,49,52,19,10,9,3,1,2,147,85,62
GONZALES COUNTY,177,19 Years,244,133,111,79,37,42,16,8,8,3,3,0,146,85,61
GONZALES COUNTY,177,20 Years,265,133,132,84,43,41,13,6,7,6,3,3,162,81,81
GONZALES COUNTY,177,21 Years,270,136,134,85,44,41,21,9,12,5,3,2,159,80,79
GONZALES COUNTY,177,22 Years,285,139,146,86,44,42,22,14,8,7,3,4,170,78,92
GONZALES COUNTY,177,23 Years,254,141,113,75,45,30,23,15,8,3,2,1,153,79,74
GONZALES COUNTY,177,24 Years,255,150,105,75,49,26,23,16,7,3,0,3,154,85,69
GONZALES COUNTY,177,25 Years,257,142,115,89,46,43,23,13,10,2,1,1,143,82,61
GONZALES COUNTY,177,26 Years,247,134,113,77,35,42,21,14,7,1,0,1,148,85,63
GONZALES COUNTY,177,27 Years,226,117,109,71,31,40,19,12,7,2,0,2,134,74,60
GONZALES COUNTY,177,28 Years,244,117,127,69,33,36,24,16,8,3,1,2,148,67,81
GONZALES COUNTY,177,29 Years,240,123,117,68,34,34,26,15,11,4,1,3,142,73,69
GONZALES COUNTY,177,30 Years,217,110,107,68,32,36,16,8,8,1,0,1,132,70,62
GONZALES COUNTY,177,31 Years,250,137,113,80,38,42,21,11,10,0,0,0,149,88,61
GONZALES COUNTY,177,32 Years,220,112,108,67,29,38,17,10,7,3,0,3,133,73,60
GONZALES COUNTY,177,33 Years,201,110,91,64,31,33,15,11,4,2,1,1,120,67,53
GONZALES COUNTY,177,34 Years,237,128,109,78,48,30,13,7,6,2,1,1,144,72,72
GONZALES COUNTY,177,35 Years,226,115,111,77,36,41,12,7,5,5,2,3,132,70,62
GONZALES COUNTY,177,36 Years,222,116,106,62,28,34,15,10,5,6,3,3,139,75,64
GONZALES COUNTY,177,37 Years,215,109,106,67,30,37,14,7,7,5,3,2,129,69,60
GONZALES COUNTY,177,38 Years,215,103,112,72,31,41,10,4,6,4,2,2,129,66,63
GONZALES COUNTY,177,39 Years,235,118,117,80,37,43,16,9,7,3,2,1,136,70,66
GONZALES COUNTY,177,40 Years,220,121,99,78,42,36,15,10,5,4,1,3,123,68,55
GONZALES COUNTY,177,41 Years,209,102,107,83,39,44,14,7,7,5,2,3,107,54,53
GONZALES COUNTY,177,42 Years,228,112,116,96,46,50,9,3,6,3,1,2,120,62,58
GONZALES COUNTY,177,43 Years,229,114,115,107,56,51,10,5,5,2,1,1,110,52,58
GONZALES COUNTY,177,44 Years,243,123,120,97,51,46,13,5,8,2,1,1,131,66,65
GONZALES COUNTY,177,45 Years,251,125,126,104,53,51,9,4,5,5,3,2,133,65,68
GONZALES COUNTY,177,46 Years,221,110,111,92,48,44,8,3,5,3,2,1,118,57,61
GONZALES COUNTY,177,47 Years,211,100,111,86,39,47,13,3,10,4,1,3,108,57,51
GONZALES COUNTY,177,48 Years,234,119,115,103,51,52,15,7,8,2,1,1,114,60,54
GONZALES COUNTY,177,49 Years,249,134,115,113,62,51,17,11,6,3,1,2,116,60,56
GONZALES COUNTY,177,50 Years,265,137,128,118,64,54,23,12,11,2,1,1,122,60,62
GONZALES COUNTY,177,51 Years,290,146,144,138,68,70,23,8,15,4,2,2,125,68,57
GONZALES COUNTY,177,52 Years,294,147,147,148,72,76,21,8,13,1,1,0,124,66,58
GONZALES COUNTY,177,53 Years,276,139,137,137,66,71,28,13,15,1,0,1,110,60,50
GONZALES COUNTY,177,54 Years,299,153,146,157,75,82,26,13,13,3,1,2,113,64,49
GONZALES COUNTY,177,55 Years,306,153,153,154,71,83,24,14,10,1,0,1,127,68,59
GONZALES COUNTY,177,56 Years,300,151,149,163,77,86,18,10,8,3,0,3,116,64,52
GONZALES COUNTY,177,57 Years,289,146,143,164,81,83,21,11,10,4,1,3,100,53,47
GONZALES COUNTY,177,58 Years,283,146,137,159,75,84,26,15,11,5,2,3,93,54,39
GONZALES COUNTY,177,59 Years,272,140,132,149,70,79,26,14,12,2,1,1,95,55,40
GONZALES COUNTY,177,60 Years,261,131,130,149,74,75,22,12,10,3,1,2,87,44,43
GONZALES COUNTY,177,61 Years,249,131,118,150,77,73,25,13,12,1,1,0,73,40,33
GONZALES COUNTY,177,62 Years,240,124,116,141,68,73,26,17,9,2,1,1,71,38,33
GONZALES COUNTY,177,63 Years,209,99,110,118,52,66,18,9,9,2,1,1,71,37,34
GONZALES COUNTY,177,64 Years,205,108,97,124,64,60,14,6,8,1,0,1,66,38,28
GONZALES COUNTY,177,65 Years,247,129,118,167,89,78,14,6,8,3,2,1,63,32,31
GONZALES COUNTY,177,66 Years,229,120,109,153,86,67,12,4,8,2,2,0,62,28,34
GONZALES COUNTY,177,67 Years,243,123,120,170,86,84,12,5,7,1,1,0,60,31,29
GONZALES COUNTY,177,68 Years,192,99,93,122,61,61,8,5,3,2,2,0,60,31,29
GONZALES COUNTY,177,69 Years,164,73,91,93,43,50,7,4,3,4,1,3,60,25,35
GONZALES COUNTY,177,70 Years,175,85,90,117,58,59,6,3,3,6,0,6,46,24,22
GONZALES COUNTY,177,71 Years,172,85,87,123,59,64,7,3,4,2,0,2,40,23,17
GONZALES COUNTY,177,72 Years,176,86,90,130,62,68,9,4,5,0,0,0,37,20,17
GONZALES COUNTY,177,73 Years,159,77,82,111,57,54,13,3,10,0,0,0,35,17,18
GONZALES COUNTY,177,74 Years,154,69,85,104,50,54,8,2,6,1,1,0,41,16,25
GONZALES COUNTY,177,75 Years,153,68,85,105,47,58,14,6,8,1,0,1,33,15,18
GONZALES COUNTY,177,76 Years,130,60,70,88,44,44,12,4,8,0,0,0,30,12,18
GONZALES COUNTY,177,77 Years,127,60,67,84,42,42,9,3,6,1,0,1,33,15,18
GONZALES COUNTY,177,78 Years,116,53,63,76,36,40,8,2,6,1,1,0,31,14,17
GONZALES COUNTY,177,79 Years,122,65,57,77,41,36,10,6,4,3,2,1,32,16,16
GONZALES COUNTY,177,80 Years,93,47,46,59,28,31,10,7,3,1,1,0,23,11,12
GONZALES COUNTY,177,81 Years,96,44,52,64,30,34,8,4,4,0,0,0,24,10,14
GONZALES COUNTY,177,82 Years,87,41,46,60,29,31,6,3,3,0,0,0,21,9,12
GONZALES COUNTY,177,83 Years,71,29,42,51,21,30,6,3,3,0,0,0,14,5,9
GONZALES COUNTY,177,84 Years,77,31,46,57,22,35,6,3,3,1,1,0,13,5,8
GONZALES COUNTY,177,85 Years +,387,137,250,275,92,183,31,12,19,9,5,4,72,28,44
GRAY COUNTY,179,All Ages,23098,12104,10994,15015,7508,7507,1062,778,284,615,302,313,6406,3516,2890
GRAY COUNTY,179,< 1 Year,339,180,159,169,90,79,6,3,3,13,7,6,151,80,71
GRAY COUNTY,179,1 Years,343,177,166,166,86,80,7,4,3,16,9,7,154,78,76
GRAY COUNTY,179,2 Years,343,186,157,167,87,80,6,3,3,21,16,5,149,80,69
GRAY COUNTY,179,3 Years,337,177,160,162,81,81,9,4,5,22,17,5,144,75,69
GRAY COUNTY,179,4 Years,334,169,165,165,85,80,9,2,7,18,11,7,142,71,71
GRAY COUNTY,179,5 Years,331,167,164,168,82,86,8,3,5,13,9,4,142,73,69
GRAY COUNTY,179,6 Years,356,185,171,181,91,90,5,2,3,14,6,8,156,86,70
GRAY COUNTY,179,7 Years,332,162,170,167,85,82,7,4,3,13,4,9,145,69,76
GRAY COUNTY,179,8 Years,338,179,159,169,94,75,4,3,1,16,7,9,149,75,74
GRAY COUNTY,179,9 Years,376,201,175,186,99,87,10,6,4,13,3,10,167,93,74
GRAY COUNTY,179,10 Years,344,167,177,173,84,89,13,5,8,10,1,9,148,77,71
GRAY COUNTY,179,11 Years,325,154,171,164,77,87,14,7,7,9,4,5,138,66,72
GRAY COUNTY,179,12 Years,317,159,158,173,87,86,11,7,4,11,6,5,122,59,63
GRAY COUNTY,179,13 Years,316,160,156,177,89,88,7,4,3,9,6,3,123,61,62
GRAY COUNTY,179,14 Years,315,173,142,166,88,78,8,5,3,7,5,2,134,75,59
GRAY COUNTY,179,15 Years,296,153,143,158,89,69,6,1,5,9,6,3,123,57,66
GRAY COUNTY,179,16 Years,285,133,152,168,86,82,10,5,5,9,3,6,98,39,59
GRAY COUNTY,179,17 Years,290,143,147,162,83,79,6,3,3,7,2,5,115,55,60
GRAY COUNTY,179,18 Years,265,141,124,144,76,68,10,7,3,6,2,4,105,56,49
GRAY COUNTY,179,19 Years,260,134,126,137,71,66,8,4,4,7,4,3,108,55,53
GRAY COUNTY,179,20 Years,278,136,142,159,78,81,11,4,7,7,3,4,101,51,50
GRAY COUNTY,179,21 Years,274,136,138,157,77,80,11,4,7,6,2,4,100,53,47
GRAY COUNTY,179,22 Years,271,139,132,163,82,81,11,5,6,8,4,4,89,48,41
GRAY COUNTY,179,23 Years,248,135,113,130,65,65,12,8,4,4,3,1,102,59,43
GRAY COUNTY,179,24 Years,252,143,109,138,73,65,12,8,4,4,2,2,98,60,38
GRAY COUNTY,179,25 Years,231,115,116,132,61,71,7,3,4,6,3,3,86,48,38
GRAY COUNTY,179,26 Years,267,149,118,152,77,75,19,16,3,5,2,3,91,54,37
GRAY COUNTY,179,27 Years,318,189,129,170,87,83,21,19,2,7,3,4,120,80,40
GRAY COUNTY,179,28 Years,313,186,127,160,88,72,24,21,3,6,4,2,123,73,50
GRAY COUNTY,179,29 Years,304,174,130,177,94,83,26,23,3,3,1,2,98,56,42
GRAY COUNTY,179,30 Years,298,173,125,160,88,72,30,26,4,10,3,7,98,56,42
GRAY COUNTY,179,31 Years,283,166,117,155,92,63,22,19,3,9,3,6,97,52,45
GRAY COUNTY,179,32 Years,307,163,144,182,88,94,16,15,1,7,3,4,102,57,45
GRAY COUNTY,179,33 Years,292,172,120,162,82,80,21,19,2,5,3,2,104,68,36
GRAY COUNTY,179,34 Years,286,153,133,171,83,88,14,12,2,3,2,1,98,56,42
GRAY COUNTY,179,35 Years,284,162,122,173,94,79,13,12,1,6,2,4,92,54,38
GRAY COUNTY,179,36 Years,252,146,106,138,73,65,13,10,3,10,6,4,91,57,34
GRAY COUNTY,179,37 Years,275,145,130,159,74,85,18,15,3,7,4,3,91,52,39
GRAY COUNTY,179,38 Years,271,149,122,162,87,75,16,14,2,5,2,3,88,46,42
GRAY COUNTY,179,39 Years,262,160,102,158,91,67,14,13,1,4,2,2,86,54,32
GRAY COUNTY,179,40 Years,284,171,113,159,84,75,24,22,2,8,4,4,93,61,32
GRAY COUNTY,179,41 Years,284,158,126,165,83,82,13,12,1,4,1,3,102,62,40
GRAY COUNTY,179,42 Years,316,190,126,196,108,88,29,28,1,4,2,2,87,52,35
GRAY COUNTY,179,43 Years,329,196,133,214,118,96,29,28,1,4,2,2,82,48,34
GRAY COUNTY,179,44 Years,308,171,137,192,96,96,20,18,2,7,3,4,89,54,35
GRAY COUNTY,179,45 Years,299,169,130,188,106,82,16,11,5,4,1,3,91,51,40
GRAY COUNTY,179,46 Years,305,180,125,201,119,82,20,15,5,5,2,3,79,44,35
GRAY COUNTY,179,47 Years,282,165,117,179,96,83,28,26,2,4,1,3,71,42,29
GRAY COUNTY,179,48 Years,268,153,115,189,104,85,17,15,2,4,3,1,58,31,27
GRAY COUNTY,179,49 Years,280,173,107,185,103,82,34,32,2,7,5,2,54,33,21
GRAY COUNTY,179,50 Years,306,181,125,201,105,96,33,30,3,6,3,3,66,43,23
GRAY COUNTY,179,51 Years,303,170,133,229,124,105,17,13,4,8,4,4,49,29,20
GRAY COUNTY,179,52 Years,310,167,143,228,115,113,19,16,3,7,3,4,56,33,23
GRAY COUNTY,179,53 Years,326,169,157,244,124,120,14,11,3,10,3,7,58,31,27
GRAY COUNTY,179,54 Years,323,169,154,230,111,119,18,13,5,10,7,3,65,38,27
GRAY COUNTY,179,55 Years,323,173,150,228,110,118,21,18,3,10,5,5,64,40,24
GRAY COUNTY,179,56 Years,298,155,143,226,112,114,17,12,5,10,2,8,45,29,16
GRAY COUNTY,179,57 Years,307,164,143,251,129,122,11,7,4,6,3,3,39,25,14
GRAY COUNTY,179,58 Years,306,162,144,241,122,119,13,11,2,8,4,4,44,25,19
GRAY COUNTY,179,59 Years,294,152,142,221,108,113,15,11,4,9,6,3,49,27,22
GRAY COUNTY,179,60 Years,287,141,146,233,108,125,25,17,8,7,4,3,22,12,10
GRAY COUNTY,179,61 Years,273,132,141,223,106,117,15,7,8,5,2,3,30,17,13
GRAY COUNTY,179,62 Years,255,137,118,203,106,97,11,5,6,6,3,3,35,23,12
GRAY COUNTY,179,63 Years,250,130,120,211,105,106,9,5,4,4,2,2,26,18,8
GRAY COUNTY,179,64 Years,248,129,119,211,114,97,6,1,5,4,3,1,27,11,16
GRAY COUNTY,179,65 Years,234,118,116,194,102,92,6,2,4,6,2,4,28,12,16
GRAY COUNTY,179,66 Years,234,115,119,196,95,101,10,7,3,5,2,3,23,11,12
GRAY COUNTY,179,67 Years,227,107,120,196,91,105,4,3,1,7,4,3,20,9,11
GRAY COUNTY,179,68 Years,201,97,104,162,80,82,7,4,3,9,4,5,23,9,14
GRAY COUNTY,179,69 Years,196,94,102,166,80,86,5,2,3,6,2,4,19,10,9
GRAY COUNTY,179,70 Years,199,97,102,174,82,92,4,4,0,5,2,3,16,9,7
GRAY COUNTY,179,71 Years,194,86,108,164,71,93,7,4,3,6,4,2,17,7,10
GRAY COUNTY,179,72 Years,159,70,89,143,63,80,4,2,2,4,2,2,8,3,5
GRAY COUNTY,179,73 Years,158,75,83,143,69,74,5,2,3,2,1,1,8,3,5
GRAY COUNTY,179,74 Years,161,80,81,140,66,74,5,3,2,2,2,0,14,9,5
GRAY COUNTY,179,75 Years,160,78,82,136,63,73,5,3,2,6,4,2,13,8,5
GRAY COUNTY,179,76 Years,144,57,87,132,53,79,3,1,2,3,1,2,6,2,4
GRAY COUNTY,179,77 Years,136,51,85,125,47,78,1,0,1,3,1,2,7,3,4
GRAY COUNTY,179,78 Years,149,69,80,132,63,69,3,1,2,4,0,4,10,5,5
GRAY COUNTY,179,79 Years,133,56,77,115,52,63,7,1,6,3,1,2,8,2,6
GRAY COUNTY,179,80 Years,115,44,71,106,42,64,2,0,2,2,0,2,5,2,3
GRAY COUNTY,179,81 Years,135,55,80,126,47,79,1,1,0,2,2,0,6,5,1
GRAY COUNTY,179,82 Years,113,45,68,104,39,65,3,3,0,1,0,1,5,3,2
GRAY COUNTY,179,83 Years,110,39,71,100,36,64,2,1,1,3,0,3,5,2,3
GRAY COUNTY,179,84 Years,103,39,64,94,36,58,3,1,2,1,0,1,5,2,3
GRAY COUNTY,179,85 Years +,465,184,281,439,171,268,6,1,5,9,5,4,11,7,4
GRAYSON COUNTY,181,All Ages,123966,60657,63309,94102,45671,48431,7005,3442,3563,6268,2974,3294,16591,8570,8021
GRAYSON COUNTY,181,< 1 Year,1500,758,742,923,476,447,83,41,42,141,63,78,353,178,175
GRAYSON COUNTY,181,1 Years,1490,778,712,920,490,430,85,39,46,133,63,70,352,186,166
GRAYSON COUNTY,181,2 Years,1474,770,704,910,491,419,90,43,47,129,55,74,345,181,164
GRAYSON COUNTY,181,3 Years,1492,778,714,924,485,439,92,45,47,136,69,67,340,179,161
GRAYSON COUNTY,181,4 Years,1533,790,743,960,501,459,98,48,50,116,66,50,359,175,184
GRAYSON COUNTY,181,5 Years,1563,789,774,981,494,487,101,48,53,126,69,57,355,178,177
GRAYSON COUNTY,181,6 Years,1605,815,790,1002,507,495,102,57,45,140,72,68,361,179,182
GRAYSON COUNTY,181,7 Years,1555,796,759,983,503,480,114,68,46,125,62,63,333,163,170
GRAYSON COUNTY,181,8 Years,1643,833,810,1062,535,527,107,55,52,138,70,68,336,173,163
GRAYSON COUNTY,181,9 Years,1669,843,826,1089,554,535,94,39,55,136,66,70,350,184,166
GRAYSON COUNTY,181,10 Years,1617,810,807,1062,540,522,102,51,51,116,56,60,337,163,174
GRAYSON COUNTY,181,11 Years,1589,769,820,1057,529,528,120,52,68,105,51,54,307,137,170
GRAYSON COUNTY,181,12 Years,1668,890,778,1089,590,499,118,57,61,118,61,57,343,182,161
GRAYSON COUNTY,181,13 Years,1723,910,813,1138,602,536,107,60,47,111,57,54,367,191,176
GRAYSON COUNTY,181,14 Years,1735,873,862,1140,584,556,115,57,58,121,64,57,359,168,191
GRAYSON COUNTY,181,15 Years,1732,874,858,1143,588,555,119,59,60,111,61,50,359,166,193
GRAYSON COUNTY,181,16 Years,1672,865,807,1120,588,532,104,60,44,110,52,58,338,165,173
GRAYSON COUNTY,181,17 Years,1686,883,803,1138,604,534,114,68,46,106,48,58,328,163,165
GRAYSON COUNTY,181,18 Years,1573,811,762,1067,552,515,106,57,49,102,50,52,298,152,146
GRAYSON COUNTY,181,19 Years,1432,770,662,955,508,447,91,48,43,101,55,46,285,159,126
GRAYSON COUNTY,181,20 Years,1490,789,701,1010,534,476,94,45,49,101,56,45,285,154,131
GRAYSON COUNTY,181,21 Years,1582,834,748,1057,562,495,102,44,58,101,54,47,322,174,148
GRAYSON COUNTY,181,22 Years,1747,911,836,1151,610,541,113,60,53,133,63,70,350,178,172
GRAYSON COUNTY,181,23 Years,2019,1006,1013,1360,677,683,135,68,67,157,69,88,367,192,175
GRAYSON COUNTY,181,24 Years,1965,950,1015,1323,634,689,137,62,75,134,61,73,371,193,178
GRAYSON COUNTY,181,25 Years,1840,886,954,1258,580,678,123,62,61,126,62,64,333,182,151
GRAYSON COUNTY,181,26 Years,1718,867,851,1182,589,593,103,55,48,94,43,51,339,180,159
GRAYSON COUNTY,181,27 Years,1565,783,782,1065,522,543,99,49,50,77,37,40,324,175,149
GRAYSON COUNTY,181,28 Years,1410,721,689,966,487,479,79,41,38,72,31,41,293,162,131
GRAYSON COUNTY,181,29 Years,1388,699,689,960,467,493,92,51,41,61,25,36,275,156,119
GRAYSON COUNTY,181,30 Years,1276,634,642,875,419,456,86,46,40,70,33,37,245,136,109
GRAYSON COUNTY,181,31 Years,1282,641,641,890,434,456,77,44,33,60,31,29,255,132,123
GRAYSON COUNTY,181,32 Years,1319,677,642,922,473,449,89,48,41,54,27,27,254,129,125
GRAYSON COUNTY,181,33 Years,1384,681,703,958,483,475,98,46,52,61,27,34,267,125,142
GRAYSON COUNTY,181,34 Years,1378,696,682,947,485,462,92,47,45,75,32,43,264,132,132
GRAYSON COUNTY,181,35 Years,1285,656,629,892,453,439,92,46,46,72,31,41,229,126,103
GRAYSON COUNTY,181,36 Years,1292,653,639,893,437,456,82,43,39,68,34,34,249,139,110
GRAYSON COUNTY,181,37 Years,1281,637,644,910,456,454,73,27,46,69,38,31,229,116,113
GRAYSON COUNTY,181,38 Years,1266,620,646,902,443,459,69,30,39,75,32,43,220,115,105
GRAYSON COUNTY,181,39 Years,1371,682,689,979,480,499,70,35,35,81,36,45,241,131,110
GRAYSON COUNTY,181,40 Years,1404,701,703,1021,503,518,74,39,35,68,31,37,241,128,113
GRAYSON COUNTY,181,41 Years,1371,677,694,1011,497,514,81,36,45,60,24,36,219,120,99
GRAYSON COUNTY,181,42 Years,1456,699,757,1091,514,577,77,34,43,69,33,36,219,118,101
GRAYSON COUNTY,181,43 Years,1562,759,803,1197,572,625,73,35,38,76,37,39,216,115,101
GRAYSON COUNTY,181,44 Years,1549,740,809,1181,547,634,79,40,39,71,34,37,218,119,99
GRAYSON COUNTY,181,45 Years,1533,760,773,1188,575,613,70,39,31,60,28,32,215,118,97
GRAYSON COUNTY,181,46 Years,1470,670,800,1138,516,622,75,35,40,64,30,34,193,89,104
GRAYSON COUNTY,181,47 Years,1451,701,750,1131,536,595,84,46,38,68,34,34,168,85,83
GRAYSON COUNTY,181,48 Years,1544,766,778,1217,591,626,76,41,35,69,34,35,182,100,82
GRAYSON COUNTY,181,49 Years,1666,808,858,1333,642,691,93,48,45,76,31,45,164,87,77
GRAYSON COUNTY,181,50 Years,1765,885,880,1445,725,720,105,52,53,69,32,37,146,76,70
GRAYSON COUNTY,181,51 Years,1787,868,919,1471,710,761,110,58,52,63,28,35,143,72,71
GRAYSON COUNTY,181,52 Years,1765,872,893,1446,715,731,106,53,53,72,31,41,141,73,68
GRAYSON COUNTY,181,53 Years,1841,907,934,1510,740,770,112,61,51,77,32,45,142,74,68
GRAYSON COUNTY,181,54 Years,1832,888,944,1533,744,789,107,51,56,71,33,38,121,60,61
GRAYSON COUNTY,181,55 Years,1822,875,947,1547,739,808,109,56,53,61,25,36,105,55,50
GRAYSON COUNTY,181,56 Years,1823,909,914,1543,772,771,109,52,57,71,30,41,100,55,45
GRAYSON COUNTY,181,57 Years,1814,865,949,1526,730,796,122,53,69,70,31,39,96,51,45
GRAYSON COUNTY,181,58 Years,1830,854,976,1568,731,837,106,50,56,65,29,36,91,44,47
GRAYSON COUNTY,181,59 Years,1761,851,910,1521,732,789,100,48,52,60,29,31,80,42,38
GRAYSON COUNTY,181,60 Years,1638,772,866,1427,676,751,82,37,45,60,22,38,69,37,32
GRAYSON COUNTY,181,61 Years,1521,722,799,1342,639,703,75,36,39,42,14,28,62,33,29
GRAYSON COUNTY,181,62 Years,1511,718,793,1328,623,705,73,41,32,48,21,27,62,33,29
GRAYSON COUNTY,181,63 Years,1427,669,758,1240,578,662,79,40,39,47,20,27,61,31,30
GRAYSON COUNTY,181,64 Years,1520,704,816,1328,608,720,84,44,40,43,19,24,65,33,32
GRAYSON COUNTY,181,65 Years,1486,713,773,1325,631,694,76,36,40,34,16,18,51,30,21
GRAYSON COUNTY,181,66 Years,1506,735,771,1369,663,706,59,30,29,36,17,19,42,25,17
GRAYSON COUNTY,181,67 Years,1559,741,818,1409,669,740,69,37,32,38,14,24,43,21,22
GRAYSON COUNTY,181,68 Years,1330,611,719,1205,558,647,54,24,30,38,15,23,33,14,19
GRAYSON COUNTY,181,69 Years,1228,566,662,1107,518,589,43,16,27,41,20,21,37,12,25
GRAYSON COUNTY,181,70 Years,1240,595,645,1124,540,584,48,24,24,37,15,22,31,16,15
GRAYSON COUNTY,181,71 Years,1206,587,619,1110,538,572,40,19,21,30,15,15,26,15,11
GRAYSON COUNTY,181,72 Years,1114,527,587,1020,484,536,33,14,19,25,12,13,36,17,19
GRAYSON COUNTY,181,73 Years,980,432,548,899,398,501,31,12,19,19,8,11,31,14,17
GRAYSON COUNTY,181,74 Years,929,430,499,842,388,454,44,17,27,14,10,4,29,15,14
GRAYSON COUNTY,181,75 Years,870,408,462,799,378,421,30,12,18,19,10,9,22,8,14
GRAYSON COUNTY,181,76 Years,785,366,419,720,334,386,24,10,14,21,12,9,20,10,10
GRAYSON COUNTY,181,77 Years,760,354,406,696,328,368,24,7,17,20,9,11,20,10,10
GRAYSON COUNTY,181,78 Years,671,291,380,617,267,350,22,9,13,19,7,12,13,8,5
GRAYSON COUNTY,181,79 Years,665,284,381,615,261,354,21,8,13,15,8,7,14,7,7
GRAYSON COUNTY,181,80 Years,618,262,356,572,242,330,18,7,11,14,6,8,14,7,7
GRAYSON COUNTY,181,81 Years,595,248,347,556,231,325,14,5,9,13,5,8,12,7,5
GRAYSON COUNTY,181,82 Years,533,220,313,499,207,292,14,5,9,7,2,5,13,6,7
GRAYSON COUNTY,181,83 Years,494,204,290,460,189,271,12,3,9,11,5,6,11,7,4
GRAYSON COUNTY,181,84 Years,490,194,296,447,179,268,19,4,15,10,4,6,14,7,7
GRAYSON COUNTY,181,85 Years +,2435,821,1614,2265,767,1498,82,17,65,45,20,25,43,17,26
GREGG COUNTY,183,All Ages,125688,61911,63777,71871,34805,37066,24414,11525,12889,4574,2262,2312,24829,13319,11510
GREGG COUNTY,183,< 1 Year,1843,957,886,789,406,383,351,180,171,126,57,69,577,314,263
GREGG COUNTY,183,1 Years,1869,962,907,797,409,388,363,185,178,119,57,62,590,311,279
GREGG COUNTY,183,2 Years,1851,940,911,788,398,390,355,181,174,123,55,68,585,306,279
GREGG COUNTY,183,3 Years,1882,962,920,808,417,391,344,179,165,134,64,70,596,302,294
GREGG COUNTY,183,4 Years,1798,945,853,778,407,371,332,176,156,115,65,50,573,297,276
GREGG COUNTY,183,5 Years,1777,933,844,772,415,357,357,185,172,97,50,47,551,283,268
GREGG COUNTY,183,6 Years,1800,921,879,758,395,363,380,192,188,111,48,63,551,286,265
GREGG COUNTY,183,7 Years,1783,899,884,780,400,380,339,174,165,97,48,49,567,277,290
GREGG COUNTY,183,8 Years,1769,924,845,763,415,348,334,176,158,81,42,39,591,291,300
GREGG COUNTY,183,9 Years,1763,878,885,731,378,353,369,184,185,99,40,59,564,276,288
GREGG COUNTY,183,10 Years,1730,871,859,704,372,332,370,187,183,99,44,55,557,268,289
GREGG COUNTY,183,11 Years,1743,884,859,753,397,356,357,175,182,88,49,39,545,263,282
GREGG COUNTY,183,12 Years,1739,907,832,769,397,372,377,206,171,76,43,33,517,261,256
GREGG COUNTY,183,13 Years,1694,888,806,742,389,353,379,193,186,82,47,35,491,259,232
GREGG COUNTY,183,14 Years,1710,901,809,757,400,357,399,195,204,84,44,40,470,262,208
GREGG COUNTY,183,15 Years,1703,902,801,782,413,369,401,192,209,85,46,39,435,251,184
GREGG COUNTY,183,16 Years,1688,868,820,800,396,404,386,198,188,77,43,34,425,231,194
GREGG COUNTY,183,17 Years,1618,836,782,749,371,378,386,204,182,77,43,34,406,218,188
GREGG COUNTY,183,18 Years,1586,810,776,738,378,360,381,193,188,76,38,38,391,201,190
GREGG COUNTY,183,19 Years,1547,796,751,720,377,343,353,180,173,72,34,38,402,205,197
GREGG COUNTY,183,20 Years,1536,783,753,706,354,352,344,169,175,69,29,40,417,231,186
GREGG COUNTY,183,21 Years,1630,826,804,752,377,375,392,191,201,66,30,36,420,228,192
GREGG COUNTY,183,22 Years,1869,976,893,911,471,440,423,220,203,86,46,40,449,239,210
GREGG COUNTY,183,23 Years,2107,1098,1009,1079,547,532,446,232,214,89,51,38,493,268,225
GREGG COUNTY,183,24 Years,2164,1118,1046,1132,575,557,432,216,216,82,43,39,518,284,234
GREGG COUNTY,183,25 Years,2038,1095,943,1116,592,524,357,190,167,81,48,33,484,265,219
GREGG COUNTY,183,26 Years,2013,1041,972,1098,566,532,367,171,196,72,40,32,476,264,212
GREGG COUNTY,183,27 Years,1952,989,963,1069,526,543,347,160,187,68,37,31,468,266,202
GREGG COUNTY,183,28 Years,1819,931,888,990,484,506,323,150,173,62,37,25,444,260,184
GREGG COUNTY,183,29 Years,1786,913,873,935,460,475,313,143,170,66,40,26,472,270,202
GREGG COUNTY,183,30 Years,1754,876,878,898,428,470,302,147,155,62,34,28,492,267,225
GREGG COUNTY,183,31 Years,1754,892,862,888,450,438,334,156,178,53,30,23,479,256,223
GREGG COUNTY,183,32 Years,1726,861,865,854,435,419,337,152,185,53,29,24,482,245,237
GREGG COUNTY,183,33 Years,1695,819,876,871,429,442,329,139,190,57,30,27,438,221,217
GREGG COUNTY,183,34 Years,1675,842,833,848,423,425,339,157,182,67,31,36,421,231,190
GREGG COUNTY,183,35 Years,1582,809,773,789,413,376,337,155,182,63,28,35,393,213,180
GREGG COUNTY,183,36 Years,1602,815,787,808,401,407,355,168,187,55,27,28,384,219,165
GREGG COUNTY,183,37 Years,1562,802,760,788,404,384,337,163,174,52,22,30,385,213,172
GREGG COUNTY,183,38 Years,1466,733,733,762,393,369,289,109,180,48,22,26,367,209,158
GREGG COUNTY,183,39 Years,1441,732,709,752,384,368,274,113,161,49,23,26,366,212,154
GREGG COUNTY,183,40 Years,1445,729,716,760,381,379,296,134,162,50,22,28,339,192,147
GREGG COUNTY,183,41 Years,1385,690,695,724,353,371,302,135,167,45,23,22,314,179,135
GREGG COUNTY,183,42 Years,1437,706,731,766,361,405,316,144,172,44,23,21,311,178,133
GREGG COUNTY,183,43 Years,1578,782,796,851,407,444,350,173,177,55,22,33,322,180,142
GREGG COUNTY,183,44 Years,1593,796,797,920,459,461,327,149,178,47,21,26,299,167,132
GREGG COUNTY,183,45 Years,1491,722,769,895,421,474,300,134,166,36,18,18,260,149,111
GREGG COUNTY,183,46 Years,1391,690,701,797,395,402,298,137,161,43,20,23,253,138,115
GREGG COUNTY,183,47 Years,1378,696,682,793,400,393,287,134,153,47,21,26,251,141,110
GREGG COUNTY,183,48 Years,1386,693,693,826,404,422,270,128,142,46,23,23,244,138,106
GREGG COUNTY,183,49 Years,1512,748,764,936,457,479,297,136,161,39,17,22,240,138,102
GREGG COUNTY,183,50 Years,1548,744,804,972,467,505,298,135,163,38,16,22,240,126,114
GREGG COUNTY,183,51 Years,1572,762,810,975,466,509,317,144,173,54,26,28,226,126,100
GREGG COUNTY,183,52 Years,1671,790,881,1070,506,564,334,140,194,44,19,25,223,125,98
GREGG COUNTY,183,53 Years,1639,782,857,1050,495,555,335,150,185,47,23,24,207,114,93
GREGG COUNTY,183,54 Years,1688,799,889,1098,521,577,357,155,202,44,20,24,189,103,86
GREGG COUNTY,183,55 Years,1638,785,853,1095,514,581,340,162,178,46,18,28,157,91,66
GREGG COUNTY,183,56 Years,1710,834,876,1184,577,607,340,155,185,40,13,27,146,89,57
GREGG COUNTY,183,57 Years,1639,828,811,1145,577,568,333,161,172,36,13,23,125,77,48
GREGG COUNTY,183,58 Years,1572,779,793,1082,538,544,335,160,175,40,15,25,115,66,49
GREGG COUNTY,183,59 Years,1546,765,781,1063,526,537,325,153,172,46,24,22,112,62,50
GREGG COUNTY,183,60 Years,1435,683,752,1017,483,534,286,125,161,39,21,18,93,54,39
GREGG COUNTY,183,61 Years,1445,663,782,1033,468,565,268,119,149,36,19,17,108,57,51
GREGG COUNTY,183,62 Years,1393,691,702,1026,509,517,260,125,135,31,15,16,76,42,34
GREGG COUNTY,183,63 Years,1346,674,672,987,502,485,255,115,140,30,16,14,74,41,33
GREGG COUNTY,183,64 Years,1292,617,675,951,465,486,242,104,138,29,16,13,70,32,38
GREGG COUNTY,183,65 Years,1212,550,662,901,409,492,217,93,124,30,12,18,64,36,28
GREGG COUNTY,183,66 Years,1199,542,657,934,428,506,193,75,118,19,11,8,53,28,25
GREGG COUNTY,183,67 Years,1197,545,652,947,437,510,180,76,104,21,11,10,49,21,28
GREGG COUNTY,183,68 Years,976,456,520,756,349,407,155,72,83,19,9,10,46,26,20
GREGG COUNTY,183,69 Years,872,405,467,686,311,375,128,58,70,18,12,6,40,24,16
GREGG COUNTY,183,70 Years,900,408,492,733,332,401,116,49,67,20,12,8,31,15,16
GREGG COUNTY,183,71 Years,915,412,503,755,337,418,114,53,61,15,8,7,31,14,17
GREGG COUNTY,183,72 Years,795,353,442,639,285,354,116,53,63,16,6,10,24,9,15
GREGG COUNTY,183,73 Years,758,344,414,606,277,329,119,52,67,14,8,6,19,7,12
GREGG COUNTY,183,74 Years,726,314,412,598,259,339,96,38,58,10,6,4,22,11,11
GREGG COUNTY,183,75 Years,708,304,404,569,249,320,97,36,61,13,6,7,29,13,16
GREGG COUNTY,183,76 Years,667,278,389,552,228,324,84,35,49,6,4,2,25,11,14
GREGG COUNTY,183,77 Years,679,278,401,557,223,334,86,38,48,12,6,6,24,11,13
GREGG COUNTY,183,78 Years,651,272,379,544,224,320,78,34,44,10,5,5,19,9,10
GREGG COUNTY,183,79 Years,616,257,359,515,219,296,80,31,49,6,1,5,15,6,9
GREGG COUNTY,183,80 Years,553,230,323,460,195,265,75,29,46,5,0,5,13,6,7
GREGG COUNTY,183,81 Years,553,232,321,470,194,276,58,24,34,11,6,5,14,8,6
GREGG COUNTY,183,82 Years,522,199,323,438,168,270,59,18,41,11,7,4,14,6,8
GREGG COUNTY,183,83 Years,487,183,304,414,160,254,57,15,42,8,5,3,8,3,5
GREGG COUNTY,183,84 Years,461,170,291,389,145,244,51,19,32,8,1,7,13,5,8
GREGG COUNTY,183,85 Years +,2447,796,1651,2068,682,1386,297,84,213,32,8,24,50,22,28
GRIMES COUNTY,185,All Ages,27780,15291,12489,16350,8793,7557,4462,2628,1834,587,290,297,6381,3580,2801
GRIMES COUNTY,185,< 1 Year,337,169,168,151,75,76,44,21,23,34,15,19,108,58,50
GRIMES COUNTY,185,1 Years,323,172,151,146,75,71,43,23,20,33,18,15,101,56,45
GRIMES COUNTY,185,2 Years,308,162,146,142,72,70,41,19,22,32,22,10,93,49,44
GRIMES COUNTY,185,3 Years,307,162,145,156,82,74,40,21,19,18,10,8,93,49,44
GRIMES COUNTY,185,4 Years,296,138,158,144,66,78,40,18,22,11,1,10,101,53,48
GRIMES COUNTY,185,5 Years,298,147,151,132,60,72,40,21,19,12,6,6,114,60,54
GRIMES COUNTY,185,6 Years,318,155,163,157,76,81,33,15,18,7,3,4,121,61,60
GRIMES COUNTY,185,7 Years,338,160,178,157,72,85,50,25,25,12,6,6,119,57,62
GRIMES COUNTY,185,8 Years,326,162,164,140,62,78,54,33,21,13,8,5,119,59,60
GRIMES COUNTY,185,9 Years,331,176,155,141,71,70,49,31,18,16,10,6,125,64,61
GRIMES COUNTY,185,10 Years,344,172,172,149,77,72,59,31,28,9,3,6,127,61,66
GRIMES COUNTY,185,11 Years,347,174,173,167,85,82,46,22,24,7,3,4,127,64,63
GRIMES COUNTY,185,12 Years,337,156,181,144,64,80,58,22,36,6,3,3,129,67,62
GRIMES COUNTY,185,13 Years,365,189,176,167,92,75,59,27,32,12,6,6,127,64,63
GRIMES COUNTY,185,14 Years,358,180,178,171,83,88,60,30,30,10,6,4,117,61,56
GRIMES COUNTY,185,15 Years,337,174,163,166,80,86,47,23,24,7,5,2,117,66,51
GRIMES COUNTY,185,16 Years,349,190,159,175,92,83,52,31,21,7,5,2,115,62,53
GRIMES COUNTY,185,17 Years,368,183,185,189,103,86,50,24,26,10,4,6,119,52,67
GRIMES COUNTY,185,18 Years,374,193,181,178,91,87,55,27,28,14,9,5,127,66,61
GRIMES COUNTY,185,19 Years,360,195,165,171,87,84,58,32,26,11,6,5,120,70,50
GRIMES COUNTY,185,20 Years,352,201,151,157,84,73,57,35,22,6,4,2,132,78,54
GRIMES COUNTY,185,21 Years,365,202,163,162,91,71,68,37,31,8,3,5,127,71,56
GRIMES COUNTY,185,22 Years,361,201,160,164,90,74,73,44,29,9,3,6,115,64,51
GRIMES COUNTY,185,23 Years,372,225,147,187,100,87,75,55,20,7,3,4,103,67,36
GRIMES COUNTY,185,24 Years,368,241,127,191,123,68,77,60,17,4,2,2,96,56,40
GRIMES COUNTY,185,25 Years,368,230,138,184,109,75,81,58,23,1,0,1,102,63,39
GRIMES COUNTY,185,26 Years,337,210,127,161,100,61,77,53,24,3,2,1,96,55,41
GRIMES COUNTY,185,27 Years,351,236,115,175,114,61,71,57,14,5,4,1,100,61,39
GRIMES COUNTY,185,28 Years,358,227,131,171,98,73,71,56,15,8,5,3,108,68,40
GRIMES COUNTY,185,29 Years,350,224,126,181,113,68,64,45,19,6,3,3,99,63,36
GRIMES COUNTY,185,30 Years,354,226,128,185,111,74,69,51,18,4,1,3,96,63,33
GRIMES COUNTY,185,31 Years,334,210,124,175,104,71,67,43,24,2,1,1,90,62,28
GRIMES COUNTY,185,32 Years,312,189,123,157,93,64,58,33,25,3,3,0,94,60,34
GRIMES COUNTY,185,33 Years,323,184,139,170,96,74,68,46,22,2,2,0,83,40,43
GRIMES COUNTY,185,34 Years,299,162,137,155,78,77,65,41,24,4,2,2,75,41,34
GRIMES COUNTY,185,35 Years,317,187,130,163,95,68,61,39,22,6,2,4,87,51,36
GRIMES COUNTY,185,36 Years,290,168,122,157,92,65,52,35,17,3,1,2,78,40,38
GRIMES COUNTY,185,37 Years,316,187,129,158,91,67,60,41,19,2,1,1,96,54,42
GRIMES COUNTY,185,38 Years,340,192,148,179,105,74,45,22,23,3,2,1,113,63,50
GRIMES COUNTY,185,39 Years,329,182,147,180,97,83,56,37,19,3,0,3,90,48,42
GRIMES COUNTY,185,40 Years,332,195,137,178,103,75,56,39,17,3,0,3,95,53,42
GRIMES COUNTY,185,41 Years,335,187,148,194,114,80,42,21,21,7,2,5,92,50,42
GRIMES COUNTY,185,42 Years,361,204,157,220,127,93,53,31,22,7,3,4,81,43,38
GRIMES COUNTY,185,43 Years,394,252,142,227,134,93,69,52,17,3,2,1,95,64,31
GRIMES COUNTY,185,44 Years,349,203,146,211,117,94,45,29,16,5,2,3,88,55,33
GRIMES COUNTY,185,45 Years,363,218,145,209,122,87,57,37,20,4,2,2,93,57,36
GRIMES COUNTY,185,46 Years,368,230,138,207,123,84,65,49,16,6,4,2,90,54,36
GRIMES COUNTY,185,47 Years,348,214,134,204,132,72,60,38,22,5,3,2,79,41,38
GRIMES COUNTY,185,48 Years,400,246,154,212,130,82,94,60,34,8,3,5,86,53,33
GRIMES COUNTY,185,49 Years,397,228,169,231,132,99,84,48,36,8,3,5,74,45,29
GRIMES COUNTY,185,50 Years,408,238,170,253,152,101,75,42,33,9,4,5,71,40,31
GRIMES COUNTY,185,51 Years,427,240,187,270,143,127,87,54,33,6,3,3,64,40,24
GRIMES COUNTY,185,52 Years,407,220,187,273,137,136,74,47,27,4,2,2,56,34,22
GRIMES COUNTY,185,53 Years,438,242,196,298,154,144,79,54,25,4,2,2,57,32,25
GRIMES COUNTY,185,54 Years,457,242,215,311,160,151,71,44,27,9,2,7,66,36,30
GRIMES COUNTY,185,55 Years,465,264,201,304,165,139,88,53,35,6,2,4,67,44,23
GRIMES COUNTY,185,56 Years,434,240,194,296,153,143,80,50,30,7,3,4,51,34,17
GRIMES COUNTY,185,57 Years,427,234,193,295,152,143,68,45,23,7,4,3,57,33,24
GRIMES COUNTY,185,58 Years,442,239,203,303,154,149,71,37,34,8,5,3,60,43,17
GRIMES COUNTY,185,59 Years,436,227,209,310,151,159,58,32,26,7,3,4,61,41,20
GRIMES COUNTY,185,60 Years,446,253,193,328,191,137,64,33,31,6,3,3,48,26,22
GRIMES COUNTY,185,61 Years,400,228,172,293,171,122,56,26,30,8,4,4,43,27,16
GRIMES COUNTY,185,62 Years,365,189,176,263,133,130,60,31,29,5,2,3,37,23,14
GRIMES COUNTY,185,63 Years,374,198,176,268,143,125,53,28,25,6,5,1,47,22,25
GRIMES COUNTY,185,64 Years,347,191,156,257,137,120,50,29,21,5,4,1,35,21,14
GRIMES COUNTY,185,65 Years,315,176,139,222,124,98,52,28,24,6,3,3,35,21,14
GRIMES COUNTY,185,66 Years,333,172,161,248,132,116,43,21,22,5,2,3,37,17,20
GRIMES COUNTY,185,67 Years,325,174,151,252,135,117,36,19,17,4,2,2,33,18,15
GRIMES COUNTY,185,68 Years,289,168,121,220,123,97,34,22,12,1,1,0,34,22,12
GRIMES COUNTY,185,69 Years,287,159,128,219,122,97,28,14,14,3,0,3,37,23,14
GRIMES COUNTY,185,70 Years,295,165,130,231,131,100,21,10,11,7,3,4,36,21,15
GRIMES COUNTY,185,71 Years,282,144,138,226,118,108,22,12,10,6,2,4,28,12,16
GRIMES COUNTY,185,72 Years,213,111,102,175,92,83,16,9,7,3,2,1,19,8,11
GRIMES COUNTY,185,73 Years,207,116,91,161,91,70,25,13,12,2,2,0,19,10,9
GRIMES COUNTY,185,74 Years,192,105,87,150,87,63,21,8,13,4,2,2,17,8,9
GRIMES COUNTY,185,75 Years,165,87,78,136,72,64,16,9,7,2,1,1,11,5,6
GRIMES COUNTY,185,76 Years,149,72,77,116,55,61,20,9,11,1,1,0,12,7,5
GRIMES COUNTY,185,77 Years,137,65,72,107,50,57,19,8,11,2,0,2,9,7,2
GRIMES COUNTY,185,78 Years,132,59,73,107,49,58,17,8,9,3,0,3,5,2,3
GRIMES COUNTY,185,79 Years,127,61,66,99,49,50,17,7,10,1,1,0,10,4,6
GRIMES COUNTY,185,80 Years,109,50,59,87,41,46,11,4,7,1,1,0,10,4,6
GRIMES COUNTY,185,81 Years,94,38,56,76,30,46,12,4,8,0,0,0,6,4,2
GRIMES COUNTY,185,82 Years,101,43,58,79,35,44,13,5,8,3,0,3,6,3,3
GRIMES COUNTY,185,83 Years,86,32,54,68,27,41,12,4,8,3,0,3,3,1,2
GRIMES COUNTY,185,84 Years,86,37,49,66,32,34,16,4,12,2,0,2,2,1,1
GRIMES COUNTY,185,85 Years +,419,142,277,335,119,216,59,17,42,5,2,3,20,4,16
GUADALUPE COUNTY,187,All Ages,147667,72062,75605,77924,37602,40322,9133,4591,4542,5699,2573,3126,54911,27296,27615
GUADALUPE COUNTY,187,< 1 Year,1691,874,817,737,380,357,84,45,39,71,35,36,799,414,385
GUADALUPE COUNTY,187,1 Years,1688,872,816,740,378,362,80,43,37,71,38,33,797,413,384
GUADALUPE COUNTY,187,2 Years,1660,859,801,725,366,359,75,40,35,81,48,33,779,405,374
GUADALUPE COUNTY,187,3 Years,1695,864,831,721,362,359,77,39,38,88,53,35,809,410,399
GUADALUPE COUNTY,187,4 Years,1846,978,868,765,413,352,88,50,38,94,46,48,899,469,430
GUADALUPE COUNTY,187,5 Years,1964,1019,945,788,409,379,93,48,45,105,47,58,978,515,463
GUADALUPE COUNTY,187,6 Years,2043,1053,990,840,430,410,91,47,44,113,59,54,999,517,482
GUADALUPE COUNTY,187,7 Years,2129,1089,1040,888,450,438,99,46,53,104,54,50,1038,539,499
GUADALUPE COUNTY,187,8 Years,2200,1140,1060,910,476,434,90,44,46,117,62,55,1083,558,525
GUADALUPE COUNTY,187,9 Years,2263,1168,1095,966,487,479,88,52,36,121,63,58,1088,566,522
GUADALUPE COUNTY,187,10 Years,2233,1149,1084,974,494,480,106,60,46,106,54,52,1047,541,506
GUADALUPE COUNTY,187,11 Years,2282,1163,1119,994,492,502,125,67,58,103,54,49,1060,550,510
GUADALUPE COUNTY,187,12 Years,2370,1210,1160,1038,521,517,145,76,69,105,56,49,1082,557,525
GUADALUPE COUNTY,187,13 Years,2495,1266,1229,1067,533,534,146,75,71,118,60,58,1164,598,566
GUADALUPE COUNTY,187,14 Years,2502,1267,1235,1070,538,532,158,79,79,116,58,58,1158,592,566
GUADALUPE COUNTY,187,15 Years,2545,1319,1226,1136,589,547,170,85,85,111,52,59,1128,593,535
GUADALUPE COUNTY,187,16 Years,2560,1343,1217,1135,588,547,165,90,75,118,57,61,1142,608,534
GUADALUPE COUNTY,187,17 Years,2490,1280,1210,1080,553,527,174,87,87,121,61,60,1115,579,536
GUADALUPE COUNTY,187,18 Years,2422,1250,1172,1044,520,524,183,90,93,120,60,60,1075,580,495
GUADALUPE COUNTY,187,19 Years,2287,1182,1105,956,473,483,174,91,83,105,56,49,1052,562,490
GUADALUPE COUNTY,187,20 Years,2144,1122,1022,888,461,427,182,97,85,91,47,44,983,517,466
GUADALUPE COUNTY,187,21 Years,2030,1037,993,831,422,409,176,84,92,107,56,51,916,475,441
GUADALUPE COUNTY,187,22 Years,1897,916,981,798,381,417,148,73,75,112,52,60,839,410,429
GUADALUPE COUNTY,187,23 Years,1807,904,903,791,383,408,147,75,72,90,46,44,779,400,379
GUADALUPE COUNTY,187,24 Years,1612,828,784,715,354,361,125,70,55,77,40,37,695,364,331
GUADALUPE COUNTY,187,25 Years,1595,816,779,732,349,383,115,68,47,69,35,34,679,364,315
GUADALUPE COUNTY,187,26 Years,1475,714,761,669,303,366,102,59,43,51,26,25,653,326,327
GUADALUPE COUNTY,187,27 Years,1378,708,670,621,305,316,93,52,41,45,26,19,619,325,294
GUADALUPE COUNTY,187,28 Years,1406,724,682,631,314,317,77,44,33,33,21,12,665,345,320
GUADALUPE COUNTY,187,29 Years,1438,717,721,662,322,340,75,38,37,41,18,23,660,339,321
GUADALUPE COUNTY,187,30 Years,1488,714,774,687,324,363,79,39,40,51,23,28,671,328,343
GUADALUPE COUNTY,187,31 Years,1644,801,843,762,379,383,89,48,41,56,24,32,737,350,387
GUADALUPE COUNTY,187,32 Years,1748,834,914,859,415,444,86,45,41,57,25,32,746,349,397
GUADALUPE COUNTY,187,33 Years,1816,841,975,922,430,492,93,52,41,56,19,37,745,340,405
GUADALUPE COUNTY,187,34 Years,1887,880,1007,964,452,512,94,50,44,67,23,44,762,355,407
GUADALUPE COUNTY,187,35 Years,1889,873,1016,978,455,523,102,40,62,70,28,42,739,350,389
GUADALUPE COUNTY,187,36 Years,1911,862,1049,1015,459,556,100,39,61,73,29,44,723,335,388
GUADALUPE COUNTY,187,37 Years,1905,883,1022,1014,464,550,93,40,53,83,38,45,715,341,374
GUADALUPE COUNTY,187,38 Years,1991,926,1065,1073,495,578,97,44,53,80,33,47,741,354,387
GUADALUPE COUNTY,187,39 Years,2081,953,1128,1138,523,615,108,48,60,83,34,49,752,348,404
GUADALUPE COUNTY,187,40 Years,1999,943,1056,1069,504,565,116,58,58,75,31,44,739,350,389
GUADALUPE COUNTY,187,41 Years,2130,1000,1130,1125,532,593,124,65,59,76,26,50,805,377,428
GUADALUPE COUNTY,187,42 Years,2280,1047,1233,1261,599,662,141,65,76,74,26,48,804,357,447
GUADALUPE COUNTY,187,43 Years,2340,1110,1230,1297,603,694,155,80,75,75,31,44,813,396,417
GUADALUPE COUNTY,187,44 Years,2338,1116,1222,1274,596,678,160,75,85,87,41,46,817,404,413
GUADALUPE COUNTY,187,45 Years,2253,1071,1182,1256,595,661,141,62,79,90,40,50,766,374,392
GUADALUPE COUNTY,187,46 Years,2210,1065,1145,1235,581,654,168,86,82,82,33,49,725,365,360
GUADALUPE COUNTY,187,47 Years,2187,1064,1123,1207,579,628,179,95,84,75,40,35,726,350,376
GUADALUPE COUNTY,187,48 Years,2166,1045,1121,1192,569,623,190,92,98,82,44,38,702,340,362
GUADALUPE COUNTY,187,49 Years,2257,1087,1170,1260,618,642,196,94,102,81,31,50,720,344,376
GUADALUPE COUNTY,187,50 Years,2207,1058,1149,1265,611,654,197,92,105,82,30,52,663,325,338
GUADALUPE COUNTY,187,51 Years,2206,1054,1152,1260,617,643,189,94,95,82,33,49,675,310,365
GUADALUPE COUNTY,187,52 Years,2181,1057,1124,1251,610,641,194,101,93,91,34,57,645,312,333
GUADALUPE COUNTY,187,53 Years,2108,1041,1067,1244,624,620,178,90,88,93,39,54,593,288,305
GUADALUPE COUNTY,187,54 Years,2154,1067,1087,1267,643,624,144,71,73,66,24,42,677,329,348
GUADALUPE COUNTY,187,55 Years,2007,990,1017,1208,596,612,145,73,72,63,26,37,591,295,296
GUADALUPE COUNTY,187,56 Years,1904,925,979,1140,557,583,150,70,80,68,23,45,546,275,271
GUADALUPE COUNTY,187,57 Years,1822,876,946,1126,549,577,145,67,78,67,17,50,484,243,241
GUADALUPE COUNTY,187,58 Years,1843,906,937,1142,550,592,146,85,61,56,18,38,499,253,246
GUADALUPE COUNTY,187,59 Years,1795,854,941,1110,508,602,133,74,59,67,25,42,485,247,238
GUADALUPE COUNTY,187,60 Years,1674,798,876,1045,485,560,114,59,55,63,29,34,452,225,227
GUADALUPE COUNTY,187,61 Years,1604,762,842,1009,486,523,104,53,51,53,18,35,438,205,233
GUADALUPE COUNTY,187,62 Years,1543,738,805,963,447,516,91,52,39,49,16,33,440,223,217
GUADALUPE COUNTY,187,63 Years,1457,677,780,932,435,497,78,41,37,49,12,37,398,189,209
GUADALUPE COUNTY,187,64 Years,1471,681,790,966,464,502,76,38,38,42,11,31,387,168,219
GUADALUPE COUNTY,187,65 Years,1451,675,776,966,453,513,82,40,42,35,15,20,368,167,201
GUADALUPE COUNTY,187,66 Years,1438,684,754,978,473,505,76,38,38,37,13,24,347,160,187
GUADALUPE COUNTY,187,67 Years,1429,679,750,985,471,514,65,29,36,33,11,22,346,168,178
GUADALUPE COUNTY,187,68 Years,1237,598,639,812,396,416,61,28,33,28,8,20,336,166,170
GUADALUPE COUNTY,187,69 Years,1134,523,611,758,356,402,55,23,32,25,10,15,296,134,162
GUADALUPE COUNTY,187,70 Years,1141,554,587,799,392,407,55,26,29,26,12,14,261,124,137
GUADALUPE COUNTY,187,71 Years,1082,512,570,780,385,395,56,25,31,28,13,15,218,89,129
GUADALUPE COUNTY,187,72 Years,980,467,513,698,344,354,53,22,31,25,11,14,204,90,114
GUADALUPE COUNTY,187,73 Years,874,426,448,615,308,307,50,22,28,23,5,18,186,91,95
GUADALUPE COUNTY,187,74 Years,773,364,409,540,254,286,43,23,20,24,9,15,166,78,88
GUADALUPE COUNTY,187,75 Years,745,344,401,562,260,302,29,13,16,17,7,10,137,64,73
GUADALUPE COUNTY,187,76 Years,684,305,379,504,223,281,29,15,14,13,6,7,138,61,77
GUADALUPE COUNTY,187,77 Years,673,305,368,478,216,262,36,22,14,16,7,9,143,60,83
GUADALUPE COUNTY,187,78 Years,653,290,363,464,215,249,28,13,15,16,4,12,145,58,87
GUADALUPE COUNTY,187,79 Years,580,257,323,417,185,232,23,9,14,14,5,9,126,58,68
GUADALUPE COUNTY,187,80 Years,538,232,306,392,169,223,19,9,10,12,4,8,115,50,65
GUADALUPE COUNTY,187,81 Years,477,206,271,348,151,197,16,7,9,10,3,7,103,45,58
GUADALUPE COUNTY,187,82 Years,427,193,234,321,152,169,14,6,8,8,3,5,84,32,52
GUADALUPE COUNTY,187,83 Years,401,189,212,307,151,156,12,5,7,6,2,4,76,31,45
GUADALUPE COUNTY,187,84 Years,357,156,201,268,120,148,11,5,6,6,4,2,72,27,45
GUADALUPE COUNTY,187,85 Years +,1950,673,1277,1504,528,976,74,20,54,29,7,22,343,118,225
HALE COUNTY,189,All Ages,34976,18108,16868,12344,6272,6072,1759,1100,659,577,299,278,20296,10437,9859
HALE COUNTY,189,< 1 Year,528,267,261,124,62,62,16,6,10,18,11,7,370,188,182
HALE COUNTY,189,1 Years,544,267,277,118,60,58,16,7,9,12,5,7,398,195,203
HALE COUNTY,189,2 Years,585,297,288,121,60,61,18,10,8,12,9,3,434,218,216
HALE COUNTY,189,3 Years,617,320,297,127,68,59,19,9,10,16,8,8,455,235,220
HALE COUNTY,189,4 Years,630,287,343,125,62,63,23,9,14,13,8,5,469,208,261
HALE COUNTY,189,5 Years,576,295,281,124,63,61,27,16,11,11,6,5,414,210,204
HALE COUNTY,189,6 Years,567,294,273,113,57,56,25,15,10,12,7,5,417,215,202
HALE COUNTY,189,7 Years,558,283,275,111,61,50,24,14,10,10,4,6,413,204,209
HALE COUNTY,189,8 Years,547,282,265,120,65,55,18,12,6,11,3,8,398,202,196
HALE COUNTY,189,9 Years,545,284,261,127,70,57,15,7,8,6,3,3,397,204,193
HALE COUNTY,189,10 Years,567,279,288,117,55,62,18,7,11,6,3,3,426,214,212
HALE COUNTY,189,11 Years,534,283,251,114,62,52,21,7,14,10,6,4,389,208,181
HALE COUNTY,189,12 Years,559,276,283,140,77,63,18,6,12,13,5,8,388,188,200
HALE COUNTY,189,13 Years,530,251,279,133,67,66,18,11,7,10,4,6,369,169,200
HALE COUNTY,189,14 Years,565,306,259,141,76,65,18,13,5,13,7,6,393,210,183
HALE COUNTY,189,15 Years,534,280,254,124,62,62,20,14,6,7,4,3,383,200,183
HALE COUNTY,189,16 Years,529,275,254,126,65,61,20,11,9,8,5,3,375,194,181
HALE COUNTY,189,17 Years,508,265,243,138,70,68,20,10,10,9,6,3,341,179,162
HALE COUNTY,189,18 Years,543,283,260,142,79,63,17,10,7,8,6,2,376,188,188
HALE COUNTY,189,19 Years,501,275,226,122,70,52,27,20,7,8,5,3,344,180,164
HALE COUNTY,189,20 Years,526,304,222,125,76,49,35,21,14,8,6,2,358,201,157
HALE COUNTY,189,21 Years,540,300,240,135,82,53,41,28,13,9,3,6,355,187,168
HALE COUNTY,189,22 Years,563,321,242,146,87,59,47,33,14,11,5,6,359,196,163
HALE COUNTY,189,23 Years,576,319,257,173,88,85,56,43,13,9,3,6,338,185,153
HALE COUNTY,189,24 Years,554,299,255,200,105,95,53,36,17,12,6,6,289,152,137
HALE COUNTY,189,25 Years,533,302,231,197,114,83,47,35,12,10,6,4,279,147,132
HALE COUNTY,189,26 Years,539,300,239,183,103,80,44,36,8,8,3,5,304,158,146
HALE COUNTY,189,27 Years,518,290,228,178,97,81,46,31,15,11,6,5,283,156,127
HALE COUNTY,189,28 Years,495,289,206,153,89,64,41,27,14,7,3,4,294,170,124
HALE COUNTY,189,29 Years,445,253,192,139,82,57,36,28,8,2,1,1,268,142,126
HALE COUNTY,189,30 Years,437,265,172,127,81,46,31,25,6,2,2,0,277,157,120
HALE COUNTY,189,31 Years,459,263,196,132,75,57,29,23,6,6,4,2,292,161,131
HALE COUNTY,189,32 Years,466,258,208,126,69,57,26,23,3,11,5,6,303,161,142
HALE COUNTY,189,33 Years,458,248,210,132,72,60,20,16,4,9,5,4,297,155,142
HALE COUNTY,189,34 Years,448,243,205,149,79,70,28,21,7,3,2,1,268,141,127
HALE COUNTY,189,35 Years,419,229,190,129,72,57,30,23,7,7,3,4,253,131,122
HALE COUNTY,189,36 Years,396,210,186,119,66,53,23,16,7,7,5,2,247,123,124
HALE COUNTY,189,37 Years,370,199,171,112,59,53,22,15,7,7,4,3,229,121,108
HALE COUNTY,189,38 Years,385,209,176,108,56,52,31,23,8,5,1,4,241,129,112
HALE COUNTY,189,39 Years,382,205,177,106,56,50,31,23,8,4,1,3,241,125,116
HALE COUNTY,189,40 Years,386,188,198,108,53,55,17,11,6,9,5,4,252,119,133
HALE COUNTY,189,41 Years,401,213,188,121,66,55,19,10,9,8,6,2,253,131,122
HALE COUNTY,189,42 Years,424,222,202,129,68,61,18,11,7,10,5,5,267,138,129
HALE COUNTY,189,43 Years,430,217,213,147,78,69,13,7,6,7,3,4,263,129,134
HALE COUNTY,189,44 Years,417,232,185,163,94,69,18,9,9,7,2,5,229,127,102
HALE COUNTY,189,45 Years,401,218,183,147,82,65,21,11,10,6,2,4,227,123,104
HALE COUNTY,189,46 Years,440,229,211,164,89,75,27,17,10,6,2,4,243,121,122
HALE COUNTY,189,47 Years,417,222,195,158,86,72,22,14,8,5,1,4,232,121,111
HALE COUNTY,189,48 Years,424,234,190,150,77,73,26,20,6,6,3,3,242,134,108
HALE COUNTY,189,49 Years,433,228,205,164,81,83,24,16,8,5,3,2,240,128,112
HALE COUNTY,189,50 Years,418,208,210,167,79,88,22,18,4,7,4,3,222,107,115
HALE COUNTY,189,51 Years,429,222,207,173,89,84,20,12,8,8,4,4,228,117,111
HALE COUNTY,189,52 Years,419,211,208,175,86,89,21,10,11,7,4,3,216,111,105
HALE COUNTY,189,53 Years,407,216,191,175,92,83,18,9,9,5,2,3,209,113,96
HALE COUNTY,189,54 Years,444,236,208,190,104,86,23,13,10,6,3,3,225,116,109
HALE COUNTY,189,55 Years,418,216,202,195,93,102,24,15,9,8,4,4,191,104,87
HALE COUNTY,189,56 Years,413,201,212,195,89,106,21,13,8,6,4,2,191,95,96
HALE COUNTY,189,57 Years,419,203,216,192,92,100,27,19,8,4,1,3,196,91,105
HALE COUNTY,189,58 Years,410,198,212,194,93,101,19,11,8,3,2,1,194,92,102
HALE COUNTY,189,59 Years,381,196,185,187,98,89,15,7,8,6,3,3,173,88,85
HALE COUNTY,189,60 Years,379,201,178,194,105,89,18,10,8,4,2,2,163,84,79
HALE COUNTY,189,61 Years,363,179,184,187,93,94,14,10,4,4,2,2,158,74,84
HALE COUNTY,189,62 Years,314,161,153,174,84,90,22,13,9,2,1,1,116,63,53
HALE COUNTY,189,63 Years,293,160,133,160,87,73,7,2,5,5,2,3,121,69,52
HALE COUNTY,189,64 Years,302,151,151,164,78,86,7,4,3,4,3,1,127,66,61
HALE COUNTY,189,65 Years,310,149,161,174,84,90,12,4,8,3,2,1,121,59,62
HALE COUNTY,189,66 Years,286,139,147,157,74,83,12,4,8,3,1,2,114,60,54
HALE COUNTY,189,67 Years,265,132,133,148,71,77,12,5,7,6,3,3,99,53,46
HALE COUNTY,189,68 Years,231,110,121,126,54,72,9,5,4,4,3,1,92,48,44
HALE COUNTY,189,69 Years,218,103,115,113,53,60,9,3,6,6,2,4,90,45,45
HALE COUNTY,189,70 Years,242,119,123,148,71,77,5,1,4,7,3,4,82,44,38
HALE COUNTY,189,71 Years,229,111,118,144,71,73,5,3,2,5,3,2,75,34,41
HALE COUNTY,189,72 Years,229,106,123,142,69,73,14,6,8,3,2,1,70,29,41
HALE COUNTY,189,73 Years,196,88,108,129,58,71,8,4,4,3,2,1,56,24,32
HALE COUNTY,189,74 Years,180,77,103,111,48,63,5,1,4,1,0,1,63,28,35
HALE COUNTY,189,75 Years,164,70,94,102,40,62,4,2,2,1,0,1,57,28,29
HALE COUNTY,189,76 Years,180,74,106,113,46,67,5,2,3,2,0,2,60,26,34
HALE COUNTY,189,77 Years,151,68,83,92,39,53,5,3,2,4,2,2,50,24,26
HALE COUNTY,189,78 Years,135,64,71,93,45,48,3,2,1,2,1,1,37,16,21
HALE COUNTY,189,79 Years,155,74,81,102,47,55,4,2,2,1,1,0,48,24,24
HALE COUNTY,189,80 Years,144,62,82,99,41,58,6,2,4,2,2,0,37,17,20
HALE COUNTY,189,81 Years,145,58,87,100,37,63,3,1,2,2,2,0,40,18,22
HALE COUNTY,189,82 Years,138,65,73,97,42,55,4,3,1,2,2,0,35,18,17
HALE COUNTY,189,83 Years,105,44,61,79,32,47,5,2,3,1,0,1,20,10,10
HALE COUNTY,189,84 Years,104,46,58,72,31,41,6,3,3,1,1,0,25,11,14
HALE COUNTY,189,85 Years +,611,232,379,454,164,290,25,10,15,9,5,4,123,53,70
HALL COUNTY,191,All Ages,3239,1596,1643,1825,874,951,239,134,105,38,10,28,1137,578,559
HALL COUNTY,191,< 1 Year,31,16,15,7,4,3,6,4,2,1,0,1,17,8,9
HALL COUNTY,191,1 Years,35,16,19,7,3,4,4,3,1,0,0,0,24,10,14
HALL COUNTY,191,2 Years,37,14,23,7,4,3,5,2,3,2,1,1,23,7,16
HALL COUNTY,191,3 Years,37,15,22,8,4,4,4,1,3,2,1,1,23,9,14
HALL COUNTY,191,4 Years,42,19,23,9,5,4,4,3,1,0,0,0,29,11,18
HALL COUNTY,191,5 Years,47,21,26,17,6,11,1,1,0,0,0,0,29,14,15
HALL COUNTY,191,6 Years,39,21,18,13,6,7,2,2,0,1,1,0,23,12,11
HALL COUNTY,191,7 Years,40,22,18,12,6,6,6,4,2,0,0,0,22,12,10
HALL COUNTY,191,8 Years,44,21,23,15,5,10,5,2,3,0,0,0,24,14,10
HALL COUNTY,191,9 Years,43,24,19,14,8,6,3,1,2,1,0,1,25,15,10
HALL COUNTY,191,10 Years,38,20,18,19,11,8,2,1,1,1,0,1,16,8,8
HALL COUNTY,191,11 Years,47,26,21,14,9,5,4,2,2,1,0,1,28,15,13
HALL COUNTY,191,12 Years,50,26,24,17,10,7,4,2,2,1,0,1,28,14,14
HALL COUNTY,191,13 Years,56,27,29,20,11,9,2,1,1,1,0,1,33,15,18
HALL COUNTY,191,14 Years,41,18,23,17,7,10,5,2,3,0,0,0,19,9,10
HALL COUNTY,191,15 Years,49,26,23,23,11,12,6,3,3,0,0,0,20,12,8
HALL COUNTY,191,16 Years,44,23,21,23,12,11,5,3,2,0,0,0,16,8,8
HALL COUNTY,191,17 Years,55,26,29,26,11,15,3,1,2,0,0,0,26,14,12
HALL COUNTY,191,18 Years,56,30,26,33,17,16,2,2,0,0,0,0,21,11,10
HALL COUNTY,191,19 Years,39,21,18,19,9,10,4,4,0,0,0,0,16,8,8
HALL COUNTY,191,20 Years,47,29,18,22,13,9,5,4,1,1,1,0,19,11,8
HALL COUNTY,191,21 Years,45,22,23,22,11,11,3,2,1,0,0,0,20,9,11
HALL COUNTY,191,22 Years,48,25,23,18,9,9,6,4,2,2,1,1,22,11,11
HALL COUNTY,191,23 Years,45,28,17,16,10,6,3,2,1,1,0,1,25,16,9
HALL COUNTY,191,24 Years,30,16,14,10,5,5,2,1,1,0,0,0,18,10,8
HALL COUNTY,191,25 Years,27,13,14,11,4,7,3,2,1,0,0,0,13,7,6
HALL COUNTY,191,26 Years,31,13,18,10,3,7,3,2,1,2,0,2,16,8,8
HALL COUNTY,191,27 Years,29,19,10,11,7,4,2,1,1,0,0,0,16,11,5
HALL COUNTY,191,28 Years,21,10,11,5,2,3,1,0,1,0,0,0,15,8,7
HALL COUNTY,191,29 Years,28,11,17,9,5,4,4,1,3,2,0,2,13,5,8
HALL COUNTY,191,30 Years,30,15,15,8,4,4,2,1,1,1,0,1,19,10,9
HALL COUNTY,191,31 Years,32,14,18,19,9,10,2,0,2,1,0,1,10,5,5
HALL COUNTY,191,32 Years,21,11,10,15,8,7,1,1,0,0,0,0,5,2,3
HALL COUNTY,191,33 Years,26,10,16,11,6,5,2,0,2,0,0,0,13,4,9
HALL COUNTY,191,34 Years,28,12,16,12,6,6,1,0,1,0,0,0,15,6,9
HALL COUNTY,191,35 Years,30,15,15,14,8,6,1,0,1,0,0,0,15,7,8
HALL COUNTY,191,36 Years,31,17,14,18,9,9,1,1,0,1,0,1,11,7,4
HALL COUNTY,191,37 Years,32,15,17,19,7,12,4,3,1,1,0,1,8,5,3
HALL COUNTY,191,38 Years,27,13,14,14,7,7,1,1,0,0,0,0,12,5,7
HALL COUNTY,191,39 Years,31,13,18,18,8,10,0,0,0,0,0,0,13,5,8
HALL COUNTY,191,40 Years,28,13,15,14,7,7,1,0,1,0,0,0,13,6,7
HALL COUNTY,191,41 Years,28,15,13,13,6,7,1,0,1,0,0,0,14,9,5
HALL COUNTY,191,42 Years,36,17,19,17,9,8,2,1,1,0,0,0,17,7,10
HALL COUNTY,191,43 Years,35,13,22,18,7,11,2,1,1,0,0,0,15,5,10
HALL COUNTY,191,44 Years,28,14,14,20,9,11,2,2,0,0,0,0,6,3,3
HALL COUNTY,191,45 Years,35,19,16,19,11,8,5,2,3,0,0,0,11,6,5
HALL COUNTY,191,46 Years,31,20,11,16,10,6,5,3,2,0,0,0,10,7,3
HALL COUNTY,191,47 Years,31,17,14,18,12,6,2,1,1,0,0,0,11,4,7
HALL COUNTY,191,48 Years,32,19,13,18,12,6,1,1,0,0,0,0,13,6,7
HALL COUNTY,191,49 Years,38,22,16,24,14,10,1,0,1,1,0,1,12,8,4
HALL COUNTY,191,50 Years,38,22,16,24,12,12,2,1,1,0,0,0,12,9,3
HALL COUNTY,191,51 Years,45,25,20,26,12,14,4,2,2,1,1,0,14,10,4
HALL COUNTY,191,52 Years,46,25,21,28,14,14,3,2,1,1,0,1,14,9,5
HALL COUNTY,191,53 Years,40,22,18,28,15,13,4,2,2,0,0,0,8,5,3
HALL COUNTY,191,54 Years,43,20,23,28,14,14,5,2,3,0,0,0,10,4,6
HALL COUNTY,191,55 Years,49,24,25,28,13,15,5,3,2,0,0,0,16,8,8
HALL COUNTY,191,56 Years,41,23,18,26,12,14,4,3,1,0,0,0,11,8,3
HALL COUNTY,191,57 Years,32,14,18,21,8,13,2,1,1,0,0,0,9,5,4
HALL COUNTY,191,58 Years,51,25,26,33,16,17,3,2,1,0,0,0,15,7,8
HALL COUNTY,191,59 Years,48,24,24,31,15,16,3,2,1,1,1,0,13,6,7
HALL COUNTY,191,60 Years,42,21,21,30,15,15,1,1,0,1,0,1,10,5,5
HALL COUNTY,191,61 Years,33,16,17,24,11,13,1,1,0,1,0,1,7,4,3
HALL COUNTY,191,62 Years,41,15,26,26,11,15,5,2,3,0,0,0,10,2,8
HALL COUNTY,191,63 Years,42,18,24,29,14,15,5,2,3,0,0,0,8,2,6
HALL COUNTY,191,64 Years,39,17,22,32,14,18,1,0,1,0,0,0,6,3,3
HALL COUNTY,191,65 Years,39,15,24,28,9,19,3,1,2,0,0,0,8,5,3
HALL COUNTY,191,66 Years,40,23,17,28,15,13,3,1,2,0,0,0,9,7,2
HALL COUNTY,191,67 Years,48,24,24,34,18,16,4,2,2,0,0,0,10,4,6
HALL COUNTY,191,68 Years,41,22,19,35,17,18,1,1,0,0,0,0,5,4,1
HALL COUNTY,191,69 Years,47,26,21,32,16,16,6,5,1,1,1,0,8,4,4
HALL COUNTY,191,70 Years,38,21,17,31,17,14,3,2,1,0,0,0,4,2,2
HALL COUNTY,191,71 Years,41,20,21,35,17,18,2,1,1,2,1,1,2,1,1
HALL COUNTY,191,72 Years,39,16,23,33,13,20,1,0,1,0,0,0,5,3,2
HALL COUNTY,191,73 Years,38,13,25,32,10,22,2,0,2,2,1,1,2,2,0
HALL COUNTY,191,74 Years,40,19,21,33,15,18,4,3,1,1,0,1,2,1,1
HALL COUNTY,191,75 Years,33,19,14,28,15,13,3,3,0,0,0,0,2,1,1
HALL COUNTY,191,76 Years,32,16,16,27,13,14,1,1,0,0,0,0,4,2,2
HALL COUNTY,191,77 Years,37,18,19,31,15,16,1,1,0,1,0,1,4,2,2
HALL COUNTY,191,78 Years,31,13,18,26,11,15,0,0,0,1,0,1,4,2,2
HALL COUNTY,191,79 Years,28,12,16,24,11,13,1,1,0,0,0,0,3,0,3
HALL COUNTY,191,80 Years,25,10,15,21,9,12,1,0,1,1,0,1,2,1,1
HALL COUNTY,191,81 Years,20,10,10,17,7,10,0,0,0,0,0,0,3,3,0
HALL COUNTY,191,82 Years,17,9,8,15,7,8,1,1,0,0,0,0,1,1,0
HALL COUNTY,191,83 Years,19,9,10,17,8,9,1,1,0,0,0,0,1,0,1
HALL COUNTY,191,84 Years,21,8,13,19,7,12,1,1,0,0,0,0,1,0,1
HALL COUNTY,191,85 Years +,104,40,64,86,31,55,6,2,4,0,0,0,12,7,5
HAMILTON COUNTY,193,All Ages,8382,4179,4203,7278,3584,3694,39,29,10,116,62,54,949,504,445
HAMILTON COUNTY,193,< 1 Year,85,45,40,61,34,27,0,0,0,1,1,0,23,10,13
HAMILTON COUNTY,193,1 Years,86,43,43,63,32,31,0,0,0,0,0,0,23,11,12
HAMILTON COUNTY,193,2 Years,91,47,44,66,33,33,0,0,0,1,1,0,24,13,11
HAMILTON COUNTY,193,3 Years,96,49,47,72,35,37,0,0,0,0,0,0,24,14,10
HAMILTON COUNTY,193,4 Years,86,41,45,64,26,38,0,0,0,0,0,0,22,15,7
HAMILTON COUNTY,193,5 Years,107,55,52,85,44,41,2,0,2,1,0,1,19,11,8
HAMILTON COUNTY,193,6 Years,91,50,41,74,39,35,1,0,1,0,0,0,16,11,5
HAMILTON COUNTY,193,7 Years,86,42,44,70,33,37,0,0,0,0,0,0,16,9,7
HAMILTON COUNTY,193,8 Years,94,50,44,74,37,37,0,0,0,2,1,1,18,12,6
HAMILTON COUNTY,193,9 Years,86,42,44,67,31,36,0,0,0,1,1,0,18,10,8
HAMILTON COUNTY,193,10 Years,90,50,40,71,41,30,0,0,0,0,0,0,19,9,10
HAMILTON COUNTY,193,11 Years,92,49,43,73,42,31,0,0,0,2,0,2,17,7,10
HAMILTON COUNTY,193,12 Years,102,49,53,78,36,42,2,2,0,1,0,1,21,11,10
HAMILTON COUNTY,193,13 Years,99,46,53,76,32,44,2,2,0,3,2,1,18,10,8
HAMILTON COUNTY,193,14 Years,102,51,51,82,40,42,1,1,0,3,2,1,16,8,8
HAMILTON COUNTY,193,15 Years,90,50,40,69,41,28,0,0,0,4,2,2,17,7,10
HAMILTON COUNTY,193,16 Years,118,65,53,99,56,43,0,0,0,4,3,1,15,6,9
HAMILTON COUNTY,193,17 Years,116,60,56,89,47,42,0,0,0,5,3,2,22,10,12
HAMILTON COUNTY,193,18 Years,99,51,48,73,38,35,1,1,0,4,2,2,21,10,11
HAMILTON COUNTY,193,19 Years,88,49,39,68,35,33,2,2,0,1,1,0,17,11,6
HAMILTON COUNTY,193,20 Years,97,49,48,72,36,36,1,1,0,2,2,0,22,10,12
HAMILTON COUNTY,193,21 Years,88,45,43,65,34,31,1,0,1,2,0,2,20,11,9
HAMILTON COUNTY,193,22 Years,106,58,48,80,43,37,1,1,0,4,3,1,21,11,10
HAMILTON COUNTY,193,23 Years,76,38,38,57,28,29,1,1,0,2,2,0,16,7,9
HAMILTON COUNTY,193,24 Years,68,29,39,54,22,32,1,1,0,0,0,0,13,6,7
HAMILTON COUNTY,193,25 Years,71,29,42,58,22,36,1,1,0,0,0,0,12,6,6
HAMILTON COUNTY,193,26 Years,88,47,41,70,38,32,0,0,0,0,0,0,18,9,9
HAMILTON COUNTY,193,27 Years,93,53,40,77,45,32,0,0,0,2,2,0,14,6,8
HAMILTON COUNTY,193,28 Years,62,33,29,56,30,26,0,0,0,1,1,0,5,2,3
HAMILTON COUNTY,193,29 Years,80,46,34,61,34,27,2,1,1,1,0,1,16,11,5
HAMILTON COUNTY,193,30 Years,74,36,38,62,31,31,1,0,1,1,0,1,10,5,5
HAMILTON COUNTY,193,31 Years,92,49,43,81,42,39,0,0,0,0,0,0,11,7,4
HAMILTON COUNTY,193,32 Years,85,50,35,71,43,28,2,1,1,0,0,0,12,6,6
HAMILTON COUNTY,193,33 Years,74,42,32,60,35,25,2,1,1,0,0,0,12,6,6
HAMILTON COUNTY,193,34 Years,81,47,34,70,40,30,0,0,0,1,0,1,10,7,3
HAMILTON COUNTY,193,35 Years,70,39,31,60,33,27,0,0,0,0,0,0,10,6,4
HAMILTON COUNTY,193,36 Years,74,44,30,64,37,27,1,1,0,1,1,0,8,5,3
HAMILTON COUNTY,193,37 Years,80,46,34,68,40,28,0,0,0,1,0,1,11,6,5
HAMILTON COUNTY,193,38 Years,81,38,43,67,30,37,1,1,0,1,0,1,12,7,5
HAMILTON COUNTY,193,39 Years,91,46,45,74,37,37,1,1,0,4,2,2,12,6,6
HAMILTON COUNTY,193,40 Years,76,40,36,65,35,30,1,0,1,3,3,0,7,2,5
HAMILTON COUNTY,193,41 Years,80,38,42,65,28,37,0,0,0,2,2,0,13,8,5
HAMILTON COUNTY,193,42 Years,103,51,52,87,43,44,0,0,0,2,1,1,14,7,7
HAMILTON COUNTY,193,43 Years,93,47,46,77,39,38,1,0,1,3,2,1,12,6,6
HAMILTON COUNTY,193,44 Years,96,51,45,82,42,40,1,1,0,2,2,0,11,6,5
HAMILTON COUNTY,193,45 Years,96,52,44,86,44,42,0,0,0,3,2,1,7,6,1
HAMILTON COUNTY,193,46 Years,83,44,39,76,39,37,0,0,0,0,0,0,7,5,2
HAMILTON COUNTY,193,47 Years,83,40,43,69,35,34,0,0,0,2,2,0,12,3,9
HAMILTON COUNTY,193,48 Years,90,44,46,75,37,38,0,0,0,4,2,2,11,5,6
HAMILTON COUNTY,193,49 Years,99,51,48,83,40,43,0,0,0,1,0,1,15,11,4
HAMILTON COUNTY,193,50 Years,118,62,56,105,55,50,0,0,0,0,0,0,13,7,6
HAMILTON COUNTY,193,51 Years,134,67,67,123,63,60,1,1,0,2,0,2,8,3,5
HAMILTON COUNTY,193,52 Years,124,65,59,111,57,54,2,2,0,2,1,1,9,5,4
HAMILTON COUNTY,193,53 Years,131,69,62,112,59,53,1,1,0,2,2,0,16,7,9
HAMILTON COUNTY,193,54 Years,133,75,58,116,64,52,1,1,0,2,1,1,14,9,5
HAMILTON COUNTY,193,55 Years,119,59,60,111,55,56,0,0,0,1,0,1,7,4,3
HAMILTON COUNTY,193,56 Years,127,66,61,115,59,56,0,0,0,1,1,0,11,6,5
HAMILTON COUNTY,193,57 Years,118,62,56,104,55,49,1,1,0,1,1,0,12,5,7
HAMILTON COUNTY,193,58 Years,109,53,56,99,47,52,1,1,0,0,0,0,9,5,4
HAMILTON COUNTY,193,59 Years,114,48,66,103,42,61,0,0,0,2,0,2,9,6,3
HAMILTON COUNTY,193,60 Years,129,61,68,116,55,61,1,1,0,2,0,2,10,5,5
HAMILTON COUNTY,193,61 Years,112,55,57,103,50,53,0,0,0,3,1,2,6,4,2
HAMILTON COUNTY,193,62 Years,128,54,74,121,49,72,0,0,0,2,1,1,5,4,1
HAMILTON COUNTY,193,63 Years,113,44,69,110,43,67,0,0,0,1,0,1,2,1,1
HAMILTON COUNTY,193,64 Years,109,55,54,104,53,51,0,0,0,1,0,1,4,2,2
HAMILTON COUNTY,193,65 Years,123,67,56,115,63,52,1,1,0,1,0,1,6,3,3
HAMILTON COUNTY,193,66 Years,114,52,62,108,50,58,0,0,0,1,0,1,5,2,3
HAMILTON COUNTY,193,67 Years,121,59,62,114,56,58,0,0,0,1,0,1,6,3,3
HAMILTON COUNTY,193,68 Years,100,42,58,96,40,56,0,0,0,0,0,0,4,2,2
HAMILTON COUNTY,193,69 Years,114,52,62,110,50,60,0,0,0,0,0,0,4,2,2
HAMILTON COUNTY,193,70 Years,114,51,63,109,48,61,0,0,0,1,0,1,4,3,1
HAMILTON COUNTY,193,71 Years,120,59,61,117,58,59,0,0,0,1,0,1,2,1,1
HAMILTON COUNTY,193,72 Years,112,55,57,109,53,56,0,0,0,1,1,0,2,1,1
HAMILTON COUNTY,193,73 Years,107,53,54,105,51,54,0,0,0,1,1,0,1,1,0
HAMILTON COUNTY,193,74 Years,94,46,48,90,44,46,0,0,0,2,1,1,2,1,1
HAMILTON COUNTY,193,75 Years,95,51,44,90,47,43,0,0,0,2,2,0,3,2,1
HAMILTON COUNTY,193,76 Years,88,42,46,85,40,45,0,0,0,0,0,0,3,2,1
HAMILTON COUNTY,193,77 Years,73,34,39,73,34,39,0,0,0,0,0,0,0,0,0
HAMILTON COUNTY,193,78 Years,79,37,42,78,36,42,0,0,0,1,1,0,0,0,0
HAMILTON COUNTY,193,79 Years,87,40,47,85,39,46,0,0,0,0,0,0,2,1,1
HAMILTON COUNTY,193,80 Years,64,29,35,63,29,34,0,0,0,0,0,0,1,0,1
HAMILTON COUNTY,193,81 Years,58,29,29,58,29,29,0,0,0,0,0,0,0,0,0
HAMILTON COUNTY,193,82 Years,53,27,26,52,27,25,0,0,0,0,0,0,1,0,1
HAMILTON COUNTY,193,83 Years,50,24,26,47,24,23,0,0,0,1,0,1,2,0,2
HAMILTON COUNTY,193,84 Years,58,25,33,56,25,31,0,0,0,1,0,1,1,0,1
HAMILTON COUNTY,193,85 Years +,306,104,202,299,101,198,0,0,0,2,0,2,5,3,2
HANSFORD COUNTY,195,All Ages,5518,2808,2710,2851,1395,1456,30,14,16,62,29,33,2575,1370,1205
HANSFORD COUNTY,195,< 1 Year,79,46,33,29,17,12,0,0,0,3,2,1,47,27,20
HANSFORD COUNTY,195,1 Years,78,42,36,28,16,12,0,0,0,1,0,1,49,26,23
HANSFORD COUNTY,195,2 Years,75,40,35,26,14,12,0,0,0,0,0,0,49,26,23
HANSFORD COUNTY,195,3 Years,78,42,36,26,14,12,0,0,0,0,0,0,52,28,24
HANSFORD COUNTY,195,4 Years,87,47,40,33,15,18,0,0,0,2,2,0,52,30,22
HANSFORD COUNTY,195,5 Years,86,41,45,34,15,19,0,0,0,2,1,1,50,25,25
HANSFORD COUNTY,195,6 Years,89,41,48,39,15,24,1,0,1,1,1,0,48,25,23
HANSFORD COUNTY,195,7 Years,89,52,37,32,19,13,3,3,0,1,1,0,53,29,24
HANSFORD COUNTY,195,8 Years,88,51,37,36,21,15,2,2,0,1,1,0,49,27,22
HANSFORD COUNTY,195,9 Years,99,49,50,41,19,22,0,0,0,1,1,0,57,29,28
HANSFORD COUNTY,195,10 Years,95,49,46,36,17,19,0,0,0,0,0,0,59,32,27
HANSFORD COUNTY,195,11 Years,89,43,46,34,18,16,2,0,2,0,0,0,53,25,28
HANSFORD COUNTY,195,12 Years,91,48,43,39,23,16,1,0,1,0,0,0,51,25,26
HANSFORD COUNTY,195,13 Years,101,53,48,37,21,16,0,0,0,1,1,0,63,31,32
HANSFORD COUNTY,195,14 Years,97,51,46,37,19,18,0,0,0,2,2,0,58,30,28
HANSFORD COUNTY,195,15 Years,90,43,47,38,20,18,0,0,0,2,1,1,50,22,28
HANSFORD COUNTY,195,16 Years,80,41,39,35,19,16,0,0,0,1,0,1,44,22,22
HANSFORD COUNTY,195,17 Years,89,48,41,37,19,18,1,0,1,3,2,1,48,27,21
HANSFORD COUNTY,195,18 Years,89,49,40,36,15,21,0,0,0,2,1,1,51,33,18
HANSFORD COUNTY,195,19 Years,83,40,43,34,13,21,0,0,0,2,1,1,47,26,21
HANSFORD COUNTY,195,20 Years,79,37,42,30,13,17,0,0,0,1,0,1,48,24,24
HANSFORD COUNTY,195,21 Years,93,50,43,35,17,18,1,1,0,1,0,1,56,32,24
HANSFORD COUNTY,195,22 Years,89,45,44,27,11,16,1,1,0,0,0,0,61,33,28
HANSFORD COUNTY,195,23 Years,61,32,29,20,10,10,2,1,1,0,0,0,39,21,18
HANSFORD COUNTY,195,24 Years,53,29,24,19,9,10,0,0,0,0,0,0,34,20,14
HANSFORD COUNTY,195,25 Years,44,20,24,21,9,12,1,0,1,0,0,0,22,11,11
HANSFORD COUNTY,195,26 Years,50,27,23,23,9,14,0,0,0,0,0,0,27,18,9
HANSFORD COUNTY,195,27 Years,56,31,25,22,12,10,0,0,0,2,0,2,32,19,13
HANSFORD COUNTY,195,28 Years,57,30,27,21,14,7,0,0,0,2,1,1,34,15,19
HANSFORD COUNTY,195,29 Years,50,26,24,22,11,11,0,0,0,1,1,0,27,14,13
HANSFORD COUNTY,195,30 Years,59,33,26,22,11,11,1,1,0,1,1,0,35,20,15
HANSFORD COUNTY,195,31 Years,76,37,39,32,17,15,1,0,1,0,0,0,43,20,23
HANSFORD COUNTY,195,32 Years,62,24,38,24,9,15,0,0,0,2,0,2,36,15,21
HANSFORD COUNTY,195,33 Years,67,28,39,27,9,18,1,1,0,2,1,1,37,17,20
HANSFORD COUNTY,195,34 Years,64,31,33,28,13,15,0,0,0,0,0,0,36,18,18
HANSFORD COUNTY,195,35 Years,64,30,34,29,13,16,0,0,0,1,0,1,34,17,17
HANSFORD COUNTY,195,36 Years,62,31,31,31,15,16,0,0,0,2,1,1,29,15,14
HANSFORD COUNTY,195,37 Years,67,36,31,31,17,14,0,0,0,1,1,0,35,18,17
HANSFORD COUNTY,195,38 Years,69,35,34,27,14,13,0,0,0,0,0,0,42,21,21
HANSFORD COUNTY,195,39 Years,62,34,28,28,15,13,0,0,0,1,0,1,33,19,14
HANSFORD COUNTY,195,40 Years,67,38,29,32,17,15,0,0,0,1,1,0,34,20,14
HANSFORD COUNTY,195,41 Years,75,39,36,29,15,14,0,0,0,1,0,1,45,24,21
HANSFORD COUNTY,195,42 Years,57,30,27,28,14,14,0,0,0,0,0,0,29,16,13
HANSFORD COUNTY,195,43 Years,67,35,32,32,15,17,0,0,0,0,0,0,35,20,15
HANSFORD COUNTY,195,44 Years,67,32,35,31,13,18,0,0,0,0,0,0,36,19,17
HANSFORD COUNTY,195,45 Years,59,29,30,30,16,14,0,0,0,0,0,0,29,13,16
HANSFORD COUNTY,195,46 Years,65,34,31,38,22,16,1,0,1,0,0,0,26,12,14
HANSFORD COUNTY,195,47 Years,58,29,29,31,15,16,1,0,1,0,0,0,26,14,12
HANSFORD COUNTY,195,48 Years,68,38,30,32,15,17,0,0,0,1,0,1,35,23,12
HANSFORD COUNTY,195,49 Years,69,37,32,37,16,21,0,0,0,1,1,0,31,20,11
HANSFORD COUNTY,195,50 Years,73,37,36,39,19,20,0,0,0,1,0,1,33,18,15
HANSFORD COUNTY,195,51 Years,84,46,38,43,25,18,0,0,0,1,0,1,40,21,19
HANSFORD COUNTY,195,52 Years,74,42,32,42,22,20,1,0,1,0,0,0,31,20,11
HANSFORD COUNTY,195,53 Years,67,36,31,38,18,20,2,2,0,0,0,0,27,16,11
HANSFORD COUNTY,195,54 Years,73,35,38,37,17,20,2,1,1,0,0,0,34,17,17
HANSFORD COUNTY,195,55 Years,68,39,29,47,26,21,1,0,1,0,0,0,20,13,7
HANSFORD COUNTY,195,56 Years,72,36,36,52,26,26,0,0,0,0,0,0,20,10,10
HANSFORD COUNTY,195,57 Years,70,33,37,46,21,25,0,0,0,1,0,1,23,12,11
HANSFORD COUNTY,195,58 Years,74,38,36,49,24,25,0,0,0,2,0,2,23,14,9
HANSFORD COUNTY,195,59 Years,72,34,38,48,23,25,0,0,0,0,0,0,24,11,13
HANSFORD COUNTY,195,60 Years,71,34,37,51,26,25,0,0,0,0,0,0,20,8,12
HANSFORD COUNTY,195,61 Years,63,31,32,52,26,26,0,0,0,0,0,0,11,5,6
HANSFORD COUNTY,195,62 Years,54,26,28,37,20,17,0,0,0,0,0,0,17,6,11
HANSFORD COUNTY,195,63 Years,61,34,27,46,27,19,0,0,0,0,0,0,15,7,8
HANSFORD COUNTY,195,64 Years,54,34,20,40,26,14,0,0,0,0,0,0,14,8,6
HANSFORD COUNTY,195,65 Years,60,28,32,49,21,28,0,0,0,1,0,1,10,7,3
HANSFORD COUNTY,195,66 Years,46,20,26,39,17,22,0,0,0,0,0,0,7,3,4
HANSFORD COUNTY,195,67 Years,60,34,26,43,23,20,0,0,0,2,1,1,15,10,5
HANSFORD COUNTY,195,68 Years,45,22,23,33,15,18,0,0,0,1,0,1,11,7,4
HANSFORD COUNTY,195,69 Years,39,22,17,27,13,14,1,1,0,0,0,0,11,8,3
HANSFORD COUNTY,195,70 Years,38,23,15,29,17,12,0,0,0,0,0,0,9,6,3
HANSFORD COUNTY,195,71 Years,48,24,24,39,21,18,1,0,1,0,0,0,8,3,5
HANSFORD COUNTY,195,72 Years,44,21,23,35,18,17,0,0,0,1,0,1,8,3,5
HANSFORD COUNTY,195,73 Years,35,16,19,31,15,16,0,0,0,1,0,1,3,1,2
HANSFORD COUNTY,195,74 Years,31,17,14,27,14,13,0,0,0,0,0,0,4,3,1
HANSFORD COUNTY,195,75 Years,35,17,18,28,13,15,0,0,0,0,0,0,7,4,3
HANSFORD COUNTY,195,76 Years,32,12,20,28,10,18,0,0,0,0,0,0,4,2,2
HANSFORD COUNTY,195,77 Years,28,9,19,23,8,15,1,0,1,0,0,0,4,1,3
HANSFORD COUNTY,195,78 Years,28,15,13,26,14,12,0,0,0,1,0,1,1,1,0
HANSFORD COUNTY,195,79 Years,25,13,12,23,12,11,0,0,0,0,0,0,2,1,1
HANSFORD COUNTY,195,80 Years,26,11,15,23,10,13,0,0,0,1,1,0,2,0,2
HANSFORD COUNTY,195,81 Years,26,11,15,22,7,15,0,0,0,1,1,0,3,3,0
HANSFORD COUNTY,195,82 Years,19,8,11,16,6,10,0,0,0,0,0,0,3,2,1
HANSFORD COUNTY,195,83 Years,18,5,13,16,5,11,0,0,0,0,0,0,2,0,2
HANSFORD COUNTY,195,84 Years,17,6,11,13,4,9,0,0,0,2,1,1,2,1,1
HANSFORD COUNTY,195,85 Years +,100,36,64,88,31,57,1,0,1,0,0,0,11,5,6
HARDEMAN COUNTY,197,All Ages,3933,1983,1950,2668,1310,1358,208,112,96,104,62,42,953,499,454
HARDEMAN COUNTY,197,< 1 Year,45,27,18,20,13,7,1,1,0,5,2,3,19,11,8
HARDEMAN COUNTY,197,1 Years,41,22,19,20,11,9,1,1,0,2,0,2,18,10,8
HARDEMAN COUNTY,197,2 Years,41,20,21,18,9,9,1,1,0,6,2,4,16,8,8
HARDEMAN COUNTY,197,3 Years,46,21,25,17,8,9,2,1,1,6,2,4,21,10,11
HARDEMAN COUNTY,197,4 Years,62,35,27,25,12,13,3,2,1,5,4,1,29,17,12
HARDEMAN COUNTY,197,5 Years,58,32,26,19,11,8,5,2,3,3,2,1,31,17,14
HARDEMAN COUNTY,197,6 Years,52,27,25,23,12,11,3,2,1,1,1,0,25,12,13
HARDEMAN COUNTY,197,7 Years,51,24,27,23,11,12,2,1,1,3,2,1,23,10,13
HARDEMAN COUNTY,197,8 Years,54,31,23,25,12,13,1,1,0,5,4,1,23,14,9
HARDEMAN COUNTY,197,9 Years,55,38,17,26,17,9,1,1,0,6,6,0,22,14,8
HARDEMAN COUNTY,197,10 Years,60,35,25,27,15,12,3,2,1,3,3,0,27,15,12
HARDEMAN COUNTY,197,11 Years,50,27,23,23,12,11,1,1,0,2,1,1,24,13,11
HARDEMAN COUNTY,197,12 Years,52,26,26,28,14,14,2,2,0,2,1,1,20,9,11
HARDEMAN COUNTY,197,13 Years,58,30,28,35,18,17,3,2,1,0,0,0,20,10,10
HARDEMAN COUNTY,197,14 Years,47,25,22,26,14,12,3,2,1,0,0,0,18,9,9
HARDEMAN COUNTY,197,15 Years,59,29,30,36,17,19,2,1,1,1,0,1,20,11,9
HARDEMAN COUNTY,197,16 Years,59,35,24,36,20,16,2,1,1,0,0,0,21,14,7
HARDEMAN COUNTY,197,17 Years,54,33,21,33,18,15,3,2,1,1,1,0,17,12,5
HARDEMAN COUNTY,197,18 Years,56,30,26,34,19,15,4,2,2,1,1,0,17,8,9
HARDEMAN COUNTY,197,19 Years,47,22,25,23,10,13,6,2,4,2,2,0,16,8,8
HARDEMAN COUNTY,197,20 Years,48,23,25,24,12,12,6,2,4,2,1,1,16,8,8
HARDEMAN COUNTY,197,21 Years,51,24,27,26,11,15,4,1,3,1,1,0,20,11,9
HARDEMAN COUNTY,197,22 Years,49,23,26,28,14,14,2,1,1,0,0,0,19,8,11
HARDEMAN COUNTY,197,23 Years,41,21,20,25,12,13,2,2,0,0,0,0,14,7,7
HARDEMAN COUNTY,197,24 Years,28,18,10,19,12,7,0,0,0,0,0,0,9,6,3
HARDEMAN COUNTY,197,25 Years,27,13,14,16,8,8,2,1,1,1,0,1,8,4,4
HARDEMAN COUNTY,197,26 Years,33,10,23,19,7,12,3,2,1,1,0,1,10,1,9
HARDEMAN COUNTY,197,27 Years,35,15,20,27,12,15,2,2,0,1,0,1,5,1,4
HARDEMAN COUNTY,197,28 Years,41,23,18,26,14,12,2,1,1,3,3,0,10,5,5
HARDEMAN COUNTY,197,29 Years,39,20,19,24,12,12,2,1,1,3,2,1,10,5,5
HARDEMAN COUNTY,197,30 Years,42,22,20,28,15,13,3,1,2,1,1,0,10,5,5
HARDEMAN COUNTY,197,31 Years,40,22,18,23,13,10,2,0,2,0,0,0,15,9,6
HARDEMAN COUNTY,197,32 Years,39,20,19,21,11,10,2,1,1,0,0,0,16,8,8
HARDEMAN COUNTY,197,33 Years,36,17,19,21,11,10,4,2,2,0,0,0,11,4,7
HARDEMAN COUNTY,197,34 Years,40,18,22,24,12,12,3,2,1,0,0,0,13,4,9
HARDEMAN COUNTY,197,35 Years,32,16,16,16,8,8,3,2,1,0,0,0,13,6,7
HARDEMAN COUNTY,197,36 Years,43,21,22,25,9,16,1,1,0,0,0,0,17,11,6
HARDEMAN COUNTY,197,37 Years,44,20,24,29,12,17,2,1,1,1,0,1,12,7,5
HARDEMAN COUNTY,197,38 Years,37,20,17,23,11,12,2,2,0,0,0,0,12,7,5
HARDEMAN COUNTY,197,39 Years,34,21,13,24,14,10,4,3,1,0,0,0,6,4,2
HARDEMAN COUNTY,197,40 Years,41,22,19,29,14,15,3,3,0,1,0,1,8,5,3
HARDEMAN COUNTY,197,41 Years,33,15,18,23,9,14,2,2,0,2,1,1,6,3,3
HARDEMAN COUNTY,197,42 Years,47,27,20,32,18,14,5,3,2,2,2,0,8,4,4
HARDEMAN COUNTY,197,43 Years,46,21,25,37,17,20,3,1,2,0,0,0,6,3,3
HARDEMAN COUNTY,197,44 Years,46,22,24,37,17,20,1,0,1,0,0,0,8,5,3
HARDEMAN COUNTY,197,45 Years,45,21,24,34,16,18,3,0,3,2,2,0,6,3,3
HARDEMAN COUNTY,197,46 Years,42,20,22,31,16,15,2,0,2,1,1,0,8,3,5
HARDEMAN COUNTY,197,47 Years,40,16,24,31,13,18,1,1,0,1,0,1,7,2,5
HARDEMAN COUNTY,197,48 Years,50,26,24,33,19,14,3,1,2,1,0,1,13,6,7
HARDEMAN COUNTY,197,49 Years,57,31,26,34,18,16,4,2,2,2,0,2,17,11,6
HARDEMAN COUNTY,197,50 Years,55,26,29,39,17,22,3,1,2,1,1,0,12,7,5
HARDEMAN COUNTY,197,51 Years,45,21,24,34,15,19,4,2,2,0,0,0,7,4,3
HARDEMAN COUNTY,197,52 Years,44,24,20,32,15,17,4,3,1,1,1,0,7,5,2
HARDEMAN COUNTY,197,53 Years,52,25,27,38,18,20,4,2,2,1,1,0,9,4,5
HARDEMAN COUNTY,197,54 Years,44,27,17,38,23,15,1,1,0,0,0,0,5,3,2
HARDEMAN COUNTY,197,55 Years,49,26,23,38,18,20,3,2,1,1,1,0,7,5,2
HARDEMAN COUNTY,197,56 Years,68,31,37,51,21,30,5,3,2,2,2,0,10,5,5
HARDEMAN COUNTY,197,57 Years,60,36,24,51,29,22,2,2,0,1,1,0,6,4,2
HARDEMAN COUNTY,197,58 Years,60,38,22,43,26,17,3,3,0,1,0,1,13,9,4
HARDEMAN COUNTY,197,59 Years,71,39,32,52,29,23,3,3,0,0,0,0,16,7,9
HARDEMAN COUNTY,197,60 Years,63,31,32,52,24,28,2,1,1,1,1,0,8,5,3
HARDEMAN COUNTY,197,61 Years,52,23,29,45,21,24,1,0,1,1,0,1,5,2,3
HARDEMAN COUNTY,197,62 Years,54,25,29,45,20,25,1,1,0,1,1,0,7,3,4
HARDEMAN COUNTY,197,63 Years,54,30,24,46,26,20,2,1,1,1,0,1,5,3,2
HARDEMAN COUNTY,197,64 Years,47,29,18,40,26,14,3,1,2,1,0,1,3,2,1
HARDEMAN COUNTY,197,65 Years,52,26,26,43,23,20,2,0,2,2,1,1,5,2,3
HARDEMAN COUNTY,197,66 Years,51,22,29,42,17,25,2,2,0,1,1,0,6,2,4
HARDEMAN COUNTY,197,67 Years,53,24,29,44,20,24,1,1,0,1,1,0,7,2,5
HARDEMAN COUNTY,197,68 Years,62,25,37,48,22,26,4,2,2,2,0,2,8,1,7
HARDEMAN COUNTY,197,69 Years,55,25,30,47,22,25,2,1,1,0,0,0,6,2,4
HARDEMAN COUNTY,197,70 Years,53,22,31,46,19,27,3,1,2,0,0,0,4,2,2
HARDEMAN COUNTY,197,71 Years,47,22,25,41,18,23,1,0,1,1,0,1,4,4,0
HARDEMAN COUNTY,197,72 Years,46,25,21,36,19,17,0,0,0,2,1,1,8,5,3
HARDEMAN COUNTY,197,73 Years,41,19,22,36,17,19,2,1,1,0,0,0,3,1,2
HARDEMAN COUNTY,197,74 Years,38,16,22,33,14,19,2,0,2,0,0,0,3,2,1
HARDEMAN COUNTY,197,75 Years,33,17,16,28,14,14,3,1,2,0,0,0,2,2,0
HARDEMAN COUNTY,197,76 Years,23,14,9,21,13,8,2,1,1,0,0,0,0,0,0
HARDEMAN COUNTY,197,77 Years,32,14,18,27,12,15,2,1,1,0,0,0,3,1,2
HARDEMAN COUNTY,197,78 Years,31,12,19,27,10,17,2,1,1,0,0,0,2,1,1
HARDEMAN COUNTY,197,79 Years,26,14,12,25,13,12,1,1,0,0,0,0,0,0,0
HARDEMAN COUNTY,197,80 Years,21,10,11,20,9,11,0,0,0,0,0,0,1,1,0
HARDEMAN COUNTY,197,81 Years,18,7,11,16,6,10,0,0,0,0,0,0,2,1,1
HARDEMAN COUNTY,197,82 Years,16,5,11,14,5,9,1,0,1,0,0,0,1,0,1
HARDEMAN COUNTY,197,83 Years,19,11,8,16,9,7,2,1,1,0,0,0,1,1,0
HARDEMAN COUNTY,197,84 Years,19,11,8,15,9,6,3,1,2,0,0,0,1,1,0
HARDEMAN COUNTY,197,85 Years +,106,34,72,93,31,62,5,0,5,2,1,1,6,2,4
HARDIN COUNTY,199,All Ages,57046,28167,28879,49507,24390,25117,3370,1590,1780,1219,630,589,2950,1557,1393
HARDIN COUNTY,199,< 1 Year,669,347,322,556,285,271,28,15,13,29,16,13,56,31,25
HARDIN COUNTY,199,1 Years,674,357,317,560,295,265,33,17,16,34,20,14,47,25,22
HARDIN COUNTY,199,2 Years,666,355,311,548,288,260,35,18,17,34,22,12,49,27,22
HARDIN COUNTY,199,3 Years,695,369,326,557,292,265,37,20,17,47,29,18,54,28,26
HARDIN COUNTY,199,4 Years,741,376,365,604,300,304,41,23,18,33,19,14,63,34,29
HARDIN COUNTY,199,5 Years,773,411,362,643,346,297,54,26,28,26,15,11,50,24,26
HARDIN COUNTY,199,6 Years,766,396,370,625,323,302,52,25,27,32,17,15,57,31,26
HARDIN COUNTY,199,7 Years,790,417,373,644,336,308,53,30,23,33,17,16,60,34,26
HARDIN COUNTY,199,8 Years,768,407,361,630,334,296,51,27,24,32,16,16,55,30,25
HARDIN COUNTY,199,9 Years,819,420,399,675,343,332,44,25,19,32,14,18,68,38,30
HARDIN COUNTY,199,10 Years,795,409,386,663,341,322,46,24,22,25,10,15,61,34,27
HARDIN COUNTY,199,11 Years,798,407,391,673,345,328,45,23,22,21,8,13,59,31,28
HARDIN COUNTY,199,12 Years,839,443,396,708,376,332,49,28,21,16,7,9,66,32,34
HARDIN COUNTY,199,13 Years,892,466,426,747,385,362,51,26,25,22,14,8,72,41,31
HARDIN COUNTY,199,14 Years,911,489,422,756,400,356,66,35,31,19,13,6,70,41,29
HARDIN COUNTY,199,15 Years,885,463,422,743,387,356,55,26,29,21,15,6,66,35,31
HARDIN COUNTY,199,16 Years,869,450,419,733,381,352,51,24,27,18,10,8,67,35,32
HARDIN COUNTY,199,17 Years,847,446,401,706,370,336,56,24,32,17,10,7,68,42,26
HARDIN COUNTY,199,18 Years,788,428,360,668,359,309,49,24,25,13,7,6,58,38,20
HARDIN COUNTY,199,19 Years,689,356,333,580,289,291,49,28,21,10,5,5,50,34,16
HARDIN COUNTY,199,20 Years,660,338,322,543,264,279,49,32,17,14,9,5,54,33,21
HARDIN COUNTY,199,21 Years,700,366,334,570,295,275,58,34,24,16,10,6,56,27,29
HARDIN COUNTY,199,22 Years,692,350,342,575,292,283,48,25,23,16,8,8,53,25,28
HARDIN COUNTY,199,23 Years,674,350,324,555,294,261,39,12,27,22,14,8,58,30,28
HARDIN COUNTY,199,24 Years,701,355,346,577,297,280,54,21,33,18,10,8,52,27,25
HARDIN COUNTY,199,25 Years,634,314,320,531,267,264,46,20,26,15,6,9,42,21,21
HARDIN COUNTY,199,26 Years,645,320,325,564,281,283,38,17,21,10,5,5,33,17,16
HARDIN COUNTY,199,27 Years,611,309,302,532,275,257,36,14,22,8,5,3,35,15,20
HARDIN COUNTY,199,28 Years,631,312,319,536,261,275,46,22,24,11,6,5,38,23,15
HARDIN COUNTY,199,29 Years,581,280,301,492,233,259,42,23,19,13,6,7,34,18,16
HARDIN COUNTY,199,30 Years,572,265,307,491,224,267,36,18,18,7,3,4,38,20,18
HARDIN COUNTY,199,31 Years,631,310,321,545,267,278,32,17,15,5,3,2,49,23,26
HARDIN COUNTY,199,32 Years,665,323,342,574,280,294,41,20,21,8,5,3,42,18,24
HARDIN COUNTY,199,33 Years,703,337,366,601,289,312,40,21,19,12,5,7,50,22,28
HARDIN COUNTY,199,34 Years,751,366,385,642,313,329,43,22,21,16,8,8,50,23,27
HARDIN COUNTY,199,35 Years,738,360,378,639,309,330,44,21,23,11,6,5,44,24,20
HARDIN COUNTY,199,36 Years,729,347,382,626,298,328,44,20,24,10,4,6,49,25,24
HARDIN COUNTY,199,37 Years,687,326,361,600,283,317,36,17,19,8,4,4,43,22,21
HARDIN COUNTY,199,38 Years,664,319,345,586,282,304,33,14,19,12,3,9,33,20,13
HARDIN COUNTY,199,39 Years,665,332,333,583,296,287,37,15,22,10,4,6,35,17,18
HARDIN COUNTY,199,40 Years,664,307,357,581,273,308,33,10,23,13,6,7,37,18,19
HARDIN COUNTY,199,41 Years,726,332,394,629,296,333,47,14,33,15,7,8,35,15,20
HARDIN COUNTY,199,42 Years,745,348,397,653,314,339,44,17,27,20,8,12,28,9,19
HARDIN COUNTY,199,43 Years,806,397,409,723,356,367,36,16,20,14,8,6,33,17,16
HARDIN COUNTY,199,44 Years,828,430,398,741,380,361,38,20,18,12,5,7,37,25,12
HARDIN COUNTY,199,45 Years,731,360,371,634,311,323,36,18,18,17,10,7,44,21,23
HARDIN COUNTY,199,46 Years,741,366,375,653,327,326,35,15,20,14,8,6,39,16,23
HARDIN COUNTY,199,47 Years,759,377,382,666,327,339,43,21,22,19,12,7,31,17,14
HARDIN COUNTY,199,48 Years,763,377,386,661,322,339,48,22,26,18,10,8,36,23,13
HARDIN COUNTY,199,49 Years,799,388,411,684,330,354,59,26,33,17,9,8,39,23,16
HARDIN COUNTY,199,50 Years,793,389,404,693,339,354,53,26,27,16,8,8,31,16,15
HARDIN COUNTY,199,51 Years,827,423,404,740,383,357,42,20,22,20,8,12,25,12,13
HARDIN COUNTY,199,52 Years,840,398,442,748,360,388,40,15,25,20,10,10,32,13,19
HARDIN COUNTY,199,53 Years,876,433,443,780,391,389,51,22,29,17,11,6,28,9,19
HARDIN COUNTY,199,54 Years,864,425,439,765,378,387,58,26,32,15,9,6,26,12,14
HARDIN COUNTY,199,55 Years,854,406,448,769,371,398,52,20,32,14,5,9,19,10,9
HARDIN COUNTY,199,56 Years,848,401,447,761,359,402,50,23,27,13,6,7,24,13,11
HARDIN COUNTY,199,57 Years,832,410,422,747,367,380,49,22,27,13,6,7,23,15,8
HARDIN COUNTY,199,58 Years,831,418,413,751,375,376,43,25,18,16,5,11,21,13,8
HARDIN COUNTY,199,59 Years,790,408,382,698,361,337,54,26,28,15,7,8,23,14,9
HARDIN COUNTY,199,60 Years,759,388,371,675,344,331,50,25,25,10,4,6,24,15,9
HARDIN COUNTY,199,61 Years,707,326,381,636,295,341,46,17,29,9,3,6,16,11,5
HARDIN COUNTY,199,62 Years,658,299,359,594,270,324,41,16,25,7,2,5,16,11,5
HARDIN COUNTY,199,63 Years,697,341,356,617,303,314,44,18,26,11,4,7,25,16,9
HARDIN COUNTY,199,64 Years,653,325,328,586,290,296,38,19,19,8,5,3,21,11,10
HARDIN COUNTY,199,65 Years,624,298,326,574,274,300,30,16,14,8,4,4,12,4,8
HARDIN COUNTY,199,66 Years,641,308,333,588,284,304,35,16,19,10,4,6,8,4,4
HARDIN COUNTY,199,67 Years,619,306,313,564,276,288,35,18,17,7,4,3,13,8,5
HARDIN COUNTY,199,68 Years,495,248,247,450,223,227,27,16,11,7,3,4,11,6,5
HARDIN COUNTY,199,69 Years,518,251,267,474,230,244,26,16,10,7,2,5,11,3,8
HARDIN COUNTY,199,70 Years,500,231,269,453,211,242,34,15,19,4,2,2,9,3,6
HARDIN COUNTY,199,71 Years,502,235,267,459,216,243,29,12,17,5,4,1,9,3,6
HARDIN COUNTY,199,72 Years,473,224,249,433,203,230,26,12,14,7,4,3,7,5,2
HARDIN COUNTY,199,73 Years,417,189,228,380,178,202,21,5,16,8,3,5,8,3,5
HARDIN COUNTY,199,74 Years,377,170,207,347,158,189,19,9,10,4,2,2,7,1,6
HARDIN COUNTY,199,75 Years,336,149,187,311,134,177,18,11,7,1,1,0,6,3,3
HARDIN COUNTY,199,76 Years,319,146,173,293,135,158,17,9,8,2,1,1,7,1,6
HARDIN COUNTY,199,77 Years,305,135,170,280,127,153,17,5,12,1,1,0,7,2,5
HARDIN COUNTY,199,78 Years,289,121,168,269,110,159,13,6,7,1,1,0,6,4,2
HARDIN COUNTY,199,79 Years,273,120,153,260,116,144,9,3,6,3,0,3,1,1,0
HARDIN COUNTY,199,80 Years,246,109,137,230,101,129,7,3,4,2,1,1,7,4,3
HARDIN COUNTY,199,81 Years,238,113,125,218,104,114,11,5,6,3,1,2,6,3,3
HARDIN COUNTY,199,82 Years,211,92,119,196,86,110,11,5,6,1,0,1,3,1,2
HARDIN COUNTY,199,83 Years,185,81,104,173,76,97,9,3,6,1,1,0,2,1,1
HARDIN COUNTY,199,84 Years,180,59,121,166,55,111,8,1,7,4,1,3,2,2,0
HARDIN COUNTY,199,85 Years +,899,319,580,823,296,527,51,12,39,14,6,8,11,5,6
HARRIS COUNTY,201,All Ages,4443368,2221345,2222023,1329453,663744,665709,804682,377684,426998,378668,186475,192193,1930565,993442,937123
HARRIS COUNTY,201,< 1 Year,72125,36733,35392,15434,7873,7561,12659,6427,6232,6644,3383,3261,37388,19050,18338
HARRIS COUNTY,201,1 Years,70008,35728,34280,15034,7693,7341,12235,6213,6022,6390,3268,3122,36349,18554,17795
HARRIS COUNTY,201,2 Years,68126,34706,33420,14531,7431,7100,11798,5985,5813,5960,3063,2897,35837,18227,17610
HARRIS COUNTY,201,3 Years,67996,34573,33423,14337,7308,7029,11701,5933,5768,5831,2978,2853,36127,18354,17773
HARRIS COUNTY,201,4 Years,69342,35270,34072,14342,7384,6958,11871,5999,5872,5599,2808,2791,37530,19079,18451
HARRIS COUNTY,201,5 Years,67725,34481,33244,13947,7130,6817,11673,5878,5795,5442,2818,2624,36663,18655,18008
HARRIS COUNTY,201,6 Years,67424,34411,33013,13825,7116,6709,11648,5873,5775,5422,2864,2558,36529,18558,17971
HARRIS COUNTY,201,7 Years,66922,34144,32778,13730,7060,6670,11776,6030,5746,5351,2740,2611,36065,18314,17751
HARRIS COUNTY,201,8 Years,65423,33325,32098,13579,6988,6591,11636,5839,5797,5154,2630,2524,35054,17868,17186
HARRIS COUNTY,201,9 Years,64903,33125,31778,13567,6900,6667,11505,5783,5722,5034,2587,2447,34797,17855,16942
HARRIS COUNTY,201,10 Years,65121,33224,31897,13642,6962,6680,11599,5887,5712,5030,2554,2476,34850,17821,17029
HARRIS COUNTY,201,11 Years,65319,33447,31872,13797,7112,6685,11612,5953,5659,5054,2576,2478,34856,17806,17050
HARRIS COUNTY,201,12 Years,65235,33685,31550,13464,6975,6489,11986,6246,5740,4937,2526,2411,34848,17938,16910
HARRIS COUNTY,201,13 Years,66328,34118,32210,13736,7115,6621,12293,6278,6015,5035,2631,2404,35264,18094,17170
HARRIS COUNTY,201,14 Years,66664,34191,32473,14298,7338,6960,12488,6426,6062,4861,2503,2358,35017,17924,17093
HARRIS COUNTY,201,15 Years,64567,33125,31442,14161,7251,6910,12342,6430,5912,4481,2285,2196,33583,17159,16424
HARRIS COUNTY,201,16 Years,63811,32830,30981,14114,7313,6801,12337,6294,6043,4461,2274,2187,32899,16949,15950
HARRIS COUNTY,201,17 Years,62896,32274,30622,14298,7346,6952,12122,6090,6032,4492,2279,2213,31984,16559,15425
HARRIS COUNTY,201,18 Years,60805,31457,29348,13699,7125,6574,11608,5937,5671,4295,2206,2089,31203,16189,15014
HARRIS COUNTY,201,19 Years,58179,30151,28028,12520,6467,6053,11279,5779,5500,4051,2090,1961,30329,15815,14514
HARRIS COUNTY,201,20 Years,58472,30390,28082,12315,6360,5955,11555,5888,5667,4123,2134,1989,30479,16008,14471
HARRIS COUNTY,201,21 Years,60533,31541,28992,12783,6631,6152,12216,6151,6065,4346,2241,2105,31188,16518,14670
HARRIS COUNTY,201,22 Years,61961,32481,29480,12878,6726,6152,12443,6214,6229,4520,2366,2154,32120,17175,14945
HARRIS COUNTY,201,23 Years,62930,32921,30009,12565,6506,6059,12534,6020,6514,4754,2451,2303,33077,17944,15133
HARRIS COUNTY,201,24 Years,64849,33968,30881,13066,6713,6353,12789,6053,6736,5209,2658,2551,33785,18544,15241
HARRIS COUNTY,201,25 Years,66359,34580,31779,13797,6913,6884,12561,5833,6728,5772,2913,2859,34229,18921,15308
HARRIS COUNTY,201,26 Years,69309,36143,33166,15590,7778,7812,12223,5637,6586,6206,3121,3085,35290,19607,15683
HARRIS COUNTY,201,27 Years,72335,37506,34829,17798,8801,8997,12185,5647,6538,6484,3195,3289,35868,19863,16005
HARRIS COUNTY,201,28 Years,75206,38989,36217,19777,9946,9831,12392,5817,6575,7038,3450,3588,35999,19776,16223
HARRIS COUNTY,201,29 Years,76695,39371,37324,20820,10529,10291,12359,5704,6655,7485,3676,3809,36031,19462,16569
HARRIS COUNTY,201,30 Years,77154,39327,37827,21320,10859,10461,12260,5592,6668,7928,3856,4072,35646,19020,16626
HARRIS COUNTY,201,31 Years,78734,40182,38552,21899,11234,10665,12683,5789,6894,8191,3965,4226,35961,19194,16767
HARRIS COUNTY,201,32 Years,78523,39910,38613,21771,11320,10451,12929,5841,7088,8029,3892,4137,35794,18857,16937
HARRIS COUNTY,201,33 Years,77325,39037,38288,20916,10948,9968,13224,5960,7264,7697,3736,3961,35488,18393,17095
HARRIS COUNTY,201,34 Years,75669,38282,37387,20091,10494,9597,13438,6026,7412,7366,3607,3759,34774,18155,16619
HARRIS COUNTY,201,35 Years,70002,35276,34726,18102,9478,8624,12717,5738,6979,6884,3359,3525,32299,16701,15598
HARRIS COUNTY,201,36 Years,67229,33758,33471,16993,8798,8195,11965,5382,6583,6408,3153,3255,31863,16425,15438
HARRIS COUNTY,201,37 Years,65057,32875,32182,16567,8535,8032,11495,5238,6257,5986,2920,3066,31009,16182,14827
HARRIS COUNTY,201,38 Years,63899,32111,31788,16026,8235,7791,11126,5023,6103,6118,2960,3158,30629,15893,14736
HARRIS COUNTY,201,39 Years,63632,31872,31760,16185,8295,7890,10914,5023,5891,6108,2986,3122,30425,15568,14857
HARRIS COUNTY,201,40 Years,61649,30747,30902,15649,7996,7653,10787,4952,5835,6122,2944,3178,29091,14855,14236
HARRIS COUNTY,201,41 Years,61343,30426,30917,15642,8081,7561,11167,5053,6114,6218,2984,3234,28316,14308,14008
HARRIS COUNTY,201,42 Years,62077,30836,31241,16986,8739,8247,11296,5181,6115,6177,2940,3237,27618,13976,13642
HARRIS COUNTY,201,43 Years,63013,31369,31644,18379,9307,9072,11491,5388,6103,6186,2926,3260,26957,13748,13209
HARRIS COUNTY,201,44 Years,61958,30887,31071,18804,9603,9201,11017,5115,5902,5851,2785,3066,26286,13384,12902
HARRIS COUNTY,201,45 Years,57797,28953,28844,17804,9130,8674,10106,4647,5459,5446,2652,2794,24441,12524,11917
HARRIS COUNTY,201,46 Years,55650,27844,27806,17302,8812,8490,9896,4590,5306,4983,2427,2556,23469,12015,11454
HARRIS COUNTY,201,47 Years,54526,27006,27520,17298,8675,8623,10068,4615,5453,4605,2205,2400,22555,11511,11044
HARRIS COUNTY,201,48 Years,54135,26823,27312,17302,8673,8629,10214,4675,5539,4552,2207,2345,22067,11268,10799
HARRIS COUNTY,201,49 Years,55733,27537,28196,18852,9373,9479,10645,4815,5830,4501,2177,2324,21735,11172,10563
HARRIS COUNTY,201,50 Years,55598,27391,28207,19772,9866,9906,10441,4720,5721,4631,2250,2381,20754,10555,10199
HARRIS COUNTY,201,51 Years,55413,27213,28200,20432,10118,10314,10336,4677,5659,4619,2253,2366,20026,10165,9861
HARRIS COUNTY,201,52 Years,54843,26991,27852,21127,10442,10685,10408,4727,5681,4296,2074,2222,19012,9748,9264
HARRIS COUNTY,201,53 Years,55298,27059,28239,21799,10793,11006,10768,4875,5893,4259,2007,2252,18472,9384,9088
HARRIS COUNTY,201,54 Years,56157,27586,28571,22768,11332,11436,10862,4946,5916,4321,2057,2264,18206,9251,8955
HARRIS COUNTY,201,55 Years,54530,26600,27930,22975,11472,11503,10679,4787,5892,4247,2001,2246,16629,8340,8289
HARRIS COUNTY,201,56 Years,54101,26451,27650,23583,11837,11746,10509,4774,5735,4179,1958,2221,15830,7882,7948
HARRIS COUNTY,201,57 Years,52147,25571,26576,23024,11619,11405,10157,4635,5522,4053,1911,2142,14913,7406,7507
HARRIS COUNTY,201,58 Years,50563,24683,25880,22562,11217,11345,9785,4487,5298,4094,1940,2154,14122,7039,7083
HARRIS COUNTY,201,59 Years,49199,24176,25023,22344,11314,11030,9491,4333,5158,4035,1915,2120,13329,6614,6715
HARRIS COUNTY,201,60 Years,46310,22655,23655,21553,10840,10713,8778,3953,4825,3803,1836,1967,12176,6026,6150
HARRIS COUNTY,201,61 Years,44135,21374,22761,20855,10450,10405,8371,3758,4613,3697,1743,1954,11212,5423,5789
HARRIS COUNTY,201,62 Years,41411,19927,21484,19845,9932,9913,8001,3530,4471,3438,1603,1835,10127,4862,5265
HARRIS COUNTY,201,63 Years,38977,18681,20296,18329,9042,9287,7662,3400,4262,3324,1534,1790,9662,4705,4957
HARRIS COUNTY,201,64 Years,37375,17838,19537,17766,8742,9024,7239,3157,4082,3354,1559,1795,9016,4380,4636
HARRIS COUNTY,201,65 Years,35085,16780,18305,17072,8445,8627,6721,2945,3776,3193,1502,1691,8099,3888,4211
HARRIS COUNTY,201,66 Years,34033,16294,17739,17214,8444,8770,6143,2734,3409,3003,1443,1560,7673,3673,4000
HARRIS COUNTY,201,67 Years,32761,15573,17188,17361,8509,8852,5630,2443,3187,2714,1282,1432,7056,3339,3717
HARRIS COUNTY,201,68 Years,26966,12768,14198,13524,6634,6890,4774,2035,2739,2339,1131,1208,6329,2968,3361
HARRIS COUNTY,201,69 Years,24896,11727,13169,12421,6020,6401,4476,1899,2577,2227,1097,1130,5772,2711,3061
HARRIS COUNTY,201,70 Years,23536,10912,12624,12218,5823,6395,4099,1713,2386,1975,978,997,5244,2398,2846
HARRIS COUNTY,201,71 Years,22424,10382,12042,11829,5643,6186,3909,1637,2272,1928,960,968,4758,2142,2616
HARRIS COUNTY,201,72 Years,19799,9164,10635,10378,4962,5416,3464,1438,2026,1775,900,875,4182,1864,2318
HARRIS COUNTY,201,73 Years,17883,8154,9729,9168,4296,4872,3221,1319,1902,1611,809,802,3883,1730,2153
HARRIS COUNTY,201,74 Years,16326,7404,8922,8332,3866,4466,2954,1204,1750,1458,702,756,3582,1632,1950
HARRIS COUNTY,201,75 Years,14782,6665,8117,7751,3569,4182,2577,1053,1524,1269,609,660,3185,1434,1751
HARRIS COUNTY,201,76 Years,14099,6109,7990,7409,3260,4149,2438,945,1493,1208,583,625,3044,1321,1723
HARRIS COUNTY,201,77 Years,12800,5536,7264,6655,2967,3688,2254,852,1402,1104,538,566,2787,1179,1608
HARRIS COUNTY,201,78 Years,12068,5082,6986,6443,2823,3620,2122,773,1349,962,454,508,2541,1032,1509
HARRIS COUNTY,201,79 Years,11533,4863,6670,6301,2695,3606,2019,740,1279,842,434,408,2371,994,1377
HARRIS COUNTY,201,80 Years,10292,4278,6014,5629,2396,3233,1763,651,1112,780,364,416,2120,867,1253
HARRIS COUNTY,201,81 Years,9403,3827,5576,5274,2215,3059,1632,594,1038,678,308,370,1819,710,1109
HARRIS COUNTY,201,82 Years,8790,3501,5289,5058,2051,3007,1431,504,927,598,270,328,1703,676,1027
HARRIS COUNTY,201,83 Years,8273,3263,5010,4855,1982,2873,1288,438,850,572,246,326,1558,597,961
HARRIS COUNTY,201,84 Years,7747,2931,4816,4582,1798,2784,1248,395,853,545,230,315,1372,508,864
HARRIS COUNTY,201,85 Years +,41142,13990,27152,25913,8955,16958,6169,1726,4443,2720,1045,1675,6340,2264,4076
HARRISON COUNTY,203,All Ages,68258,33833,34425,42985,21313,21672,14459,6797,7662,1689,840,849,9125,4883,4242
HARRISON COUNTY,203,< 1 Year,864,429,435,431,217,214,178,83,95,38,18,20,217,111,106
HARRISON COUNTY,203,1 Years,861,441,420,433,224,209,180,90,90,33,15,18,215,112,103
HARRISON COUNTY,203,2 Years,875,456,419,441,239,202,180,89,91,33,14,19,221,114,107
HARRISON COUNTY,203,3 Years,891,465,426,454,239,215,181,92,89,35,18,17,221,116,105
HARRISON COUNTY,203,4 Years,996,517,479,514,268,246,204,106,98,39,27,12,239,116,123
HARRISON COUNTY,203,5 Years,917,488,429,485,265,220,183,88,95,45,27,18,204,108,96
HARRISON COUNTY,203,6 Years,953,510,443,498,274,224,199,107,92,39,17,22,217,112,105
HARRISON COUNTY,203,7 Years,1030,517,513,544,263,281,199,105,94,52,27,25,235,122,113
HARRISON COUNTY,203,8 Years,1031,524,507,560,286,274,197,99,98,53,30,23,221,109,112
HARRISON COUNTY,203,9 Years,1008,543,465,556,295,261,191,102,89,48,29,19,213,117,96
HARRISON COUNTY,203,10 Years,1023,518,505,560,286,274,198,96,102,46,24,22,219,112,107
HARRISON COUNTY,203,11 Years,999,485,514,535,256,279,199,96,103,42,23,19,223,110,113
HARRISON COUNTY,203,12 Years,1000,502,498,551,267,284,200,107,93,38,17,21,211,111,100
HARRISON COUNTY,203,13 Years,1007,521,486,579,296,283,188,100,88,30,15,15,210,110,100
HARRISON COUNTY,203,14 Years,1036,554,482,596,323,273,207,110,97,33,18,15,200,103,97
HARRISON COUNTY,203,15 Years,1001,493,508,567,285,282,224,112,112,24,14,10,186,82,104
HARRISON COUNTY,203,16 Years,1006,524,482,577,303,274,209,114,95,27,14,13,193,93,100
HARRISON COUNTY,203,17 Years,990,526,464,577,308,269,201,113,88,26,12,14,186,93,93
HARRISON COUNTY,203,18 Years,922,491,431,531,288,243,180,93,87,29,15,14,182,95,87
HARRISON COUNTY,203,19 Years,854,453,401,468,252,216,191,85,106,19,13,6,176,103,73
HARRISON COUNTY,203,20 Years,865,469,396,472,252,220,205,109,96,23,12,11,165,96,69
HARRISON COUNTY,203,21 Years,872,473,399,476,265,211,208,109,99,22,13,9,166,86,80
HARRISON COUNTY,203,22 Years,932,489,443,471,255,216,269,128,141,20,12,8,172,94,78
HARRISON COUNTY,203,23 Years,918,468,450,433,222,211,288,138,150,18,10,8,179,98,81
HARRISON COUNTY,203,24 Years,955,459,496,463,229,234,302,131,171,16,8,8,174,91,83
HARRISON COUNTY,203,25 Years,925,461,464,479,252,227,273,121,152,18,7,11,155,81,74
HARRISON COUNTY,203,26 Years,890,432,458,483,242,241,222,85,137,20,10,10,165,95,70
HARRISON COUNTY,203,27 Years,785,391,394,419,203,216,197,92,105,14,8,6,155,88,67
HARRISON COUNTY,203,28 Years,768,392,376,424,218,206,175,85,90,18,10,8,151,79,72
HARRISON COUNTY,203,29 Years,774,387,387,461,228,233,157,74,83,16,6,10,140,79,61
HARRISON COUNTY,203,30 Years,722,362,360,417,198,219,153,73,80,14,6,8,138,85,53
HARRISON COUNTY,203,31 Years,732,369,363,432,210,222,142,66,76,12,6,6,146,87,59
HARRISON COUNTY,203,32 Years,754,391,363,440,223,217,140,68,72,13,7,6,161,93,68
HARRISON COUNTY,203,33 Years,832,418,414,515,259,256,155,69,86,17,8,9,145,82,63
HARRISON COUNTY,203,34 Years,841,400,441,515,244,271,164,65,99,14,4,10,148,87,61
HARRISON COUNTY,203,35 Years,770,378,392,465,219,246,150,66,84,23,12,11,132,81,51
HARRISON COUNTY,203,36 Years,813,391,422,513,239,274,151,68,83,15,7,8,134,77,57
HARRISON COUNTY,203,37 Years,796,381,415,483,234,249,163,71,92,13,5,8,137,71,66
HARRISON COUNTY,203,38 Years,772,392,380,467,246,221,167,76,91,14,5,9,124,65,59
HARRISON COUNTY,203,39 Years,787,416,371,481,258,223,162,79,83,14,5,9,130,74,56
HARRISON COUNTY,203,40 Years,748,385,363,461,231,230,142,74,68,21,7,14,124,73,51
HARRISON COUNTY,203,41 Years,801,390,411,511,244,267,148,73,75,26,13,13,116,60,56
HARRISON COUNTY,203,42 Years,850,430,420,544,268,276,159,82,77,29,12,17,118,68,50
HARRISON COUNTY,203,43 Years,887,432,455,582,291,291,177,74,103,22,9,13,106,58,48
HARRISON COUNTY,203,44 Years,902,446,456,602,301,301,174,79,95,19,8,11,107,58,49
HARRISON COUNTY,203,45 Years,803,391,412,535,267,268,157,64,93,18,10,8,93,50,43
HARRISON COUNTY,203,46 Years,742,363,379,501,251,250,147,60,87,17,10,7,77,42,35
HARRISON COUNTY,203,47 Years,749,362,387,505,246,259,149,68,81,13,4,9,82,44,38
HARRISON COUNTY,203,48 Years,771,361,410,516,240,276,170,76,94,9,3,6,76,42,34
HARRISON COUNTY,203,49 Years,922,432,490,637,300,337,196,83,113,10,3,7,79,46,33
HARRISON COUNTY,203,50 Years,938,428,510,650,297,353,197,83,114,15,5,10,76,43,33
HARRISON COUNTY,203,51 Years,996,480,516,692,336,356,217,99,118,18,9,9,69,36,33
HARRISON COUNTY,203,52 Years,967,491,476,682,351,331,199,92,107,19,11,8,67,37,30
HARRISON COUNTY,203,53 Years,988,512,476,701,368,333,215,105,110,15,6,9,57,33,24
HARRISON COUNTY,203,54 Years,970,487,483,685,348,337,214,96,118,13,8,5,58,35,23
HARRISON COUNTY,203,55 Years,975,496,479,708,354,354,200,102,98,14,6,8,53,34,19
HARRISON COUNTY,203,56 Years,1036,532,504,719,358,361,227,123,104,23,11,12,67,40,27
HARRISON COUNTY,203,57 Years,1004,513,491,719,364,355,215,112,103,25,11,14,45,26,19
HARRISON COUNTY,203,58 Years,951,469,482,672,332,340,215,104,111,21,12,9,43,21,22
HARRISON COUNTY,203,59 Years,938,463,475,668,322,346,205,103,102,24,12,12,41,26,15
HARRISON COUNTY,203,60 Years,889,421,468,644,298,346,191,95,96,19,10,9,35,18,17
HARRISON COUNTY,203,61 Years,873,402,471,627,284,343,194,92,102,17,7,10,35,19,16
HARRISON COUNTY,203,62 Years,839,396,443,604,292,312,187,83,104,22,8,14,26,13,13
HARRISON COUNTY,203,63 Years,812,382,430,586,275,311,185,90,95,17,8,9,24,9,15
HARRISON COUNTY,203,64 Years,830,411,419,609,299,310,182,94,88,16,10,6,23,8,15
HARRISON COUNTY,203,65 Years,823,390,433,613,299,314,171,76,95,18,7,11,21,8,13
HARRISON COUNTY,203,66 Years,845,422,423,637,330,307,171,76,95,16,8,8,21,8,13
HARRISON COUNTY,203,67 Years,804,398,406,613,307,306,147,68,79,21,12,9,23,11,12
HARRISON COUNTY,203,68 Years,677,341,336,513,266,247,132,58,74,12,7,5,20,10,10
HARRISON COUNTY,203,69 Years,615,291,324,455,220,235,134,58,76,10,5,5,16,8,8
HARRISON COUNTY,203,70 Years,557,272,285,419,211,208,118,51,67,7,3,4,13,7,6
HARRISON COUNTY,203,71 Years,560,285,275,423,221,202,116,51,65,7,5,2,14,8,6
HARRISON COUNTY,203,72 Years,510,244,266,387,191,196,103,44,59,11,5,6,9,4,5
HARRISON COUNTY,203,73 Years,453,214,239,351,164,187,89,42,47,5,2,3,8,6,2
HARRISON COUNTY,203,74 Years,441,211,230,344,163,181,85,41,44,6,4,2,6,3,3
HARRISON COUNTY,203,75 Years,406,188,218,317,154,163,74,26,48,8,3,5,7,5,2
HARRISON COUNTY,203,76 Years,375,168,207,302,138,164,61,24,37,5,2,3,7,4,3
HARRISON COUNTY,203,77 Years,348,150,198,268,117,151,66,27,39,5,3,2,9,3,6
HARRISON COUNTY,203,78 Years,336,141,195,266,114,152,59,21,38,2,1,1,9,5,4
HARRISON COUNTY,203,79 Years,308,137,171,242,112,130,57,22,35,3,1,2,6,2,4
HARRISON COUNTY,203,80 Years,277,111,166,225,93,132,48,17,31,2,1,1,2,0,2
HARRISON COUNTY,203,81 Years,273,108,165,218,94,124,49,13,36,2,1,1,4,0,4
HARRISON COUNTY,203,82 Years,240,97,143,190,80,110,43,14,29,4,2,2,3,1,2
HARRISON COUNTY,203,83 Years,231,90,141,176,73,103,49,14,35,2,1,1,4,2,2
HARRISON COUNTY,203,84 Years,212,83,129,165,67,98,42,13,29,2,0,2,3,3,0
HARRISON COUNTY,203,85 Years +,1019,341,678,735,252,483,251,75,176,16,6,10,17,8,9
HARTLEY COUNTY,205,All Ages,6170,3805,2365,4102,2272,1830,420,415,5,96,47,49,1552,1071,481
HARTLEY COUNTY,205,< 1 Year,53,28,25,30,15,15,0,0,0,2,1,1,21,12,9
HARTLEY COUNTY,205,1 Years,56,30,26,33,16,17,0,0,0,1,1,0,22,13,9
HARTLEY COUNTY,205,2 Years,57,30,27,33,16,17,0,0,0,2,1,1,22,13,9
HARTLEY COUNTY,205,3 Years,54,29,25,32,15,17,0,0,0,3,2,1,19,12,7
HARTLEY COUNTY,205,4 Years,54,32,22,31,18,13,1,0,1,1,1,0,21,13,8
HARTLEY COUNTY,205,5 Years,66,38,28,40,23,17,0,0,0,1,1,0,25,14,11
HARTLEY COUNTY,205,6 Years,72,40,32,51,27,24,0,0,0,1,0,1,20,13,7
HARTLEY COUNTY,205,7 Years,78,39,39,53,28,25,0,0,0,1,0,1,24,11,13
HARTLEY COUNTY,205,8 Years,82,38,44,54,26,28,1,1,0,0,0,0,27,11,16
HARTLEY COUNTY,205,9 Years,83,41,42,49,27,22,0,0,0,1,0,1,33,14,19
HARTLEY COUNTY,205,10 Years,81,43,38,51,28,23,0,0,0,1,0,1,29,15,14
HARTLEY COUNTY,205,11 Years,81,47,34,50,30,20,0,0,0,1,1,0,30,16,14
HARTLEY COUNTY,205,12 Years,81,39,42,52,29,23,0,0,0,3,1,2,26,9,17
HARTLEY COUNTY,205,13 Years,72,39,33,47,30,17,0,0,0,1,0,1,24,9,15
HARTLEY COUNTY,205,14 Years,78,38,40,58,29,29,0,0,0,2,2,0,18,7,11
HARTLEY COUNTY,205,15 Years,89,41,48,62,27,35,0,0,0,3,1,2,24,13,11
HARTLEY COUNTY,205,16 Years,76,41,35,52,27,25,1,1,0,1,1,0,22,12,10
HARTLEY COUNTY,205,17 Years,71,40,31,50,26,24,2,2,0,2,2,0,17,10,7
HARTLEY COUNTY,205,18 Years,78,39,39,52,27,25,2,1,1,2,1,1,22,10,12
HARTLEY COUNTY,205,19 Years,59,29,30,39,19,20,1,1,0,2,1,1,17,8,9
HARTLEY COUNTY,205,20 Years,72,33,39,50,23,27,1,1,0,2,1,1,19,8,11
HARTLEY COUNTY,205,21 Years,70,35,35,50,23,27,0,0,0,1,1,0,19,11,8
HARTLEY COUNTY,205,22 Years,54,33,21,37,21,16,0,0,0,2,1,1,15,11,4
HARTLEY COUNTY,205,23 Years,37,23,14,21,12,9,0,0,0,1,1,0,15,10,5
HARTLEY COUNTY,205,24 Years,38,23,15,19,13,6,0,0,0,4,1,3,15,9,6
HARTLEY COUNTY,205,25 Years,32,19,13,19,11,8,0,0,0,1,0,1,12,8,4
HARTLEY COUNTY,205,26 Years,54,39,15,24,16,8,8,8,0,1,1,0,21,14,7
HARTLEY COUNTY,205,27 Years,97,81,16,33,26,7,18,18,0,1,0,1,45,37,8
HARTLEY COUNTY,205,28 Years,87,71,16,49,39,10,7,7,0,3,2,1,28,23,5
HARTLEY COUNTY,205,29 Years,113,89,24,53,36,17,22,22,0,2,1,1,36,30,6
HARTLEY COUNTY,205,30 Years,114,87,27,53,33,20,20,20,0,1,0,1,40,34,6
HARTLEY COUNTY,205,31 Years,87,68,19,43,28,15,17,17,0,3,1,2,24,22,2
HARTLEY COUNTY,205,32 Years,82,66,16,39,27,12,16,16,0,2,1,1,25,22,3
HARTLEY COUNTY,205,33 Years,93,66,27,44,27,17,16,16,0,0,0,0,33,23,10
HARTLEY COUNTY,205,34 Years,93,66,27,42,24,18,14,14,0,3,3,0,34,25,9
HARTLEY COUNTY,205,35 Years,97,69,28,42,24,18,13,12,1,2,1,1,40,32,8
HARTLEY COUNTY,205,36 Years,101,66,35,57,29,28,14,13,1,0,0,0,30,24,6
HARTLEY COUNTY,205,37 Years,100,69,31,60,38,22,11,11,0,1,0,1,28,20,8
HARTLEY COUNTY,205,38 Years,94,63,31,54,33,21,7,7,0,3,1,2,30,22,8
HARTLEY COUNTY,205,39 Years,103,79,24,57,40,17,13,13,0,0,0,0,33,26,7
HARTLEY COUNTY,205,40 Years,115,81,34,66,44,22,11,11,0,1,1,0,37,25,12
HARTLEY COUNTY,205,41 Years,120,79,41,67,38,29,12,12,0,1,1,0,40,28,12
HARTLEY COUNTY,205,42 Years,131,88,43,75,41,34,21,21,0,0,0,0,35,26,9
HARTLEY COUNTY,205,43 Years,132,99,33,71,43,28,23,23,0,0,0,0,38,33,5
HARTLEY COUNTY,205,44 Years,114,82,32,63,39,24,9,9,0,2,2,0,40,32,8
HARTLEY COUNTY,205,45 Years,107,79,28,66,45,21,11,11,0,1,1,0,29,22,7
HARTLEY COUNTY,205,46 Years,105,78,27,57,35,22,13,13,0,1,1,0,34,29,5
HARTLEY COUNTY,205,47 Years,110,81,29,66,40,26,9,9,0,0,0,0,35,32,3
HARTLEY COUNTY,205,48 Years,101,72,29,61,36,25,19,19,0,2,0,2,19,17,2
HARTLEY COUNTY,205,49 Years,98,70,28,53,32,21,13,13,0,2,0,2,30,25,5
HARTLEY COUNTY,205,50 Years,110,81,29,75,50,25,8,8,0,1,0,1,26,23,3
HARTLEY COUNTY,205,51 Years,105,73,32,73,47,26,10,10,0,1,0,1,21,16,5
HARTLEY COUNTY,205,52 Years,90,54,36,67,35,32,7,7,0,1,0,1,15,12,3
HARTLEY COUNTY,205,53 Years,112,72,40,88,52,36,13,13,0,1,0,1,10,7,3
HARTLEY COUNTY,205,54 Years,95,67,28,76,51,25,2,2,0,0,0,0,17,14,3
HARTLEY COUNTY,205,55 Years,71,41,30,60,32,28,2,2,0,0,0,0,9,7,2
HARTLEY COUNTY,205,56 Years,83,52,31,70,44,26,3,3,0,0,0,0,10,5,5
HARTLEY COUNTY,205,57 Years,73,46,27,59,33,26,4,4,0,1,1,0,9,8,1
HARTLEY COUNTY,205,58 Years,72,45,27,63,36,27,3,3,0,1,1,0,5,5,0
HARTLEY COUNTY,205,59 Years,67,39,28,59,31,28,5,5,0,1,1,0,2,2,0
HARTLEY COUNTY,205,60 Years,61,29,32,48,18,30,2,2,0,1,0,1,10,9,1
HARTLEY COUNTY,205,61 Years,66,37,29,48,24,24,5,5,0,2,1,1,11,7,4
HARTLEY COUNTY,205,62 Years,65,37,28,57,33,24,2,1,1,2,1,1,4,2,2
HARTLEY COUNTY,205,63 Years,55,31,24,45,22,23,4,4,0,0,0,0,6,5,1
HARTLEY COUNTY,205,64 Years,54,31,23,48,26,22,1,1,0,0,0,0,5,4,1
HARTLEY COUNTY,205,65 Years,45,23,22,41,22,19,0,0,0,2,0,2,2,1,1
HARTLEY COUNTY,205,66 Years,51,23,28,46,22,24,0,0,0,2,1,1,3,0,3
HARTLEY COUNTY,205,67 Years,61,30,31,55,28,27,0,0,0,1,1,0,5,1,4
HARTLEY COUNTY,205,68 Years,42,20,22,37,16,21,0,0,0,0,0,0,5,4,1
HARTLEY COUNTY,205,69 Years,35,18,17,32,15,17,0,0,0,0,0,0,3,3,0
HARTLEY COUNTY,205,70 Years,38,16,22,35,15,20,0,0,0,1,0,1,2,1,1
HARTLEY COUNTY,205,71 Years,38,15,23,36,14,22,1,1,0,1,0,1,0,0,0
HARTLEY COUNTY,205,72 Years,52,27,25,49,25,24,0,0,0,1,0,1,2,2,0
HARTLEY COUNTY,205,73 Years,49,21,28,46,20,26,0,0,0,0,0,0,3,1,2
HARTLEY COUNTY,205,74 Years,44,23,21,41,20,21,1,1,0,0,0,0,2,2,0
HARTLEY COUNTY,205,75 Years,33,17,16,30,15,15,0,0,0,0,0,0,3,2,1
HARTLEY COUNTY,205,76 Years,33,17,16,32,16,16,0,0,0,0,0,0,1,1,0
HARTLEY COUNTY,205,77 Years,32,13,19,29,12,17,0,0,0,0,0,0,3,1,2
HARTLEY COUNTY,205,78 Years,27,12,15,26,11,15,0,0,0,0,0,0,1,1,0
HARTLEY COUNTY,205,79 Years,24,10,14,23,9,14,1,1,0,0,0,0,0,0,0
HARTLEY COUNTY,205,80 Years,23,10,13,22,9,13,0,0,0,0,0,0,1,1,0
HARTLEY COUNTY,205,81 Years,19,8,11,18,7,11,0,0,0,0,0,0,1,1,0
HARTLEY COUNTY,205,82 Years,22,12,10,19,10,9,0,0,0,0,0,0,3,2,1
HARTLEY COUNTY,205,83 Years,20,12,8,19,11,8,0,0,0,0,0,0,1,1,0
HARTLEY COUNTY,205,84 Years,20,8,12,19,7,12,0,0,0,0,0,0,1,1,0
HARTLEY COUNTY,205,85 Years +,111,40,71,101,35,66,0,0,0,2,1,1,8,4,4
HASKELL COUNTY,207,All Ages,5824,3076,2748,3940,2055,1885,213,126,87,141,81,60,1530,814,716
HASKELL COUNTY,207,< 1 Year,57,26,31,25,12,13,4,1,3,3,1,2,25,12,13
HASKELL COUNTY,207,1 Years,52,22,30,22,10,12,3,1,2,2,0,2,25,11,14
HASKELL COUNTY,207,2 Years,55,27,28,24,13,11,3,1,2,4,2,2,24,11,13
HASKELL COUNTY,207,3 Years,55,27,28,22,12,10,2,1,1,2,1,1,29,13,16
HASKELL COUNTY,207,4 Years,74,33,41,35,14,21,2,0,2,1,0,1,36,19,17
HASKELL COUNTY,207,5 Years,64,31,33,29,12,17,2,1,1,3,2,1,30,16,14
HASKELL COUNTY,207,6 Years,65,34,31,33,18,15,1,1,0,5,3,2,26,12,14
HASKELL COUNTY,207,7 Years,63,33,30,33,17,16,1,1,0,2,2,0,27,13,14
HASKELL COUNTY,207,8 Years,59,36,23,28,16,12,2,2,0,3,3,0,26,15,11
HASKELL COUNTY,207,9 Years,70,37,33,41,22,19,2,1,1,1,1,0,26,13,13
HASKELL COUNTY,207,10 Years,69,36,33,39,23,16,2,1,1,2,0,2,26,12,14
HASKELL COUNTY,207,11 Years,78,38,40,49,28,21,2,1,1,3,0,3,24,9,15
HASKELL COUNTY,207,12 Years,78,41,37,40,19,21,5,3,2,3,2,1,30,17,13
HASKELL COUNTY,207,13 Years,62,35,27,28,17,11,4,1,3,1,1,0,29,16,13
HASKELL COUNTY,207,14 Years,74,42,32,46,27,19,3,0,3,5,4,1,20,11,9
HASKELL COUNTY,207,15 Years,73,39,34,41,23,18,3,1,2,1,1,0,28,14,14
HASKELL COUNTY,207,16 Years,56,34,22,32,19,13,0,0,0,1,1,0,23,14,9
HASKELL COUNTY,207,17 Years,60,35,25,35,20,15,2,2,0,2,1,1,21,12,9
HASKELL COUNTY,207,18 Years,67,37,30,40,25,15,3,1,2,2,2,0,22,9,13
HASKELL COUNTY,207,19 Years,66,35,31,36,20,16,3,1,2,4,3,1,23,11,12
HASKELL COUNTY,207,20 Years,65,31,34,38,20,18,1,0,1,6,3,3,20,8,12
HASKELL COUNTY,207,21 Years,70,31,39,46,24,22,0,0,0,4,0,4,20,7,13
HASKELL COUNTY,207,22 Years,70,34,36,40,21,19,1,0,1,2,1,1,27,12,15
HASKELL COUNTY,207,23 Years,69,38,31,38,21,17,2,1,1,1,1,0,28,15,13
HASKELL COUNTY,207,24 Years,69,41,28,41,22,19,3,3,0,0,0,0,25,16,9
HASKELL COUNTY,207,25 Years,65,41,24,40,27,13,5,3,2,1,1,0,19,10,9
HASKELL COUNTY,207,26 Years,61,43,18,34,24,10,2,2,0,3,1,2,22,16,6
HASKELL COUNTY,207,27 Years,59,40,19,30,20,10,4,2,2,3,2,1,22,16,6
HASKELL COUNTY,207,28 Years,58,37,21,35,23,12,2,1,1,1,0,1,20,13,7
HASKELL COUNTY,207,29 Years,56,31,25,34,18,16,3,2,1,1,1,0,18,10,8
HASKELL COUNTY,207,30 Years,62,33,29,39,19,20,1,1,0,2,2,0,20,11,9
HASKELL COUNTY,207,31 Years,60,40,20,34,20,14,4,4,0,1,1,0,21,15,6
HASKELL COUNTY,207,32 Years,64,40,24,33,17,16,5,4,1,1,1,0,25,18,7
HASKELL COUNTY,207,33 Years,61,41,20,39,24,15,4,3,1,1,1,0,17,13,4
HASKELL COUNTY,207,34 Years,68,40,28,49,29,20,2,1,1,1,1,0,16,9,7
HASKELL COUNTY,207,35 Years,70,42,28,49,29,20,3,2,1,2,1,1,16,10,6
HASKELL COUNTY,207,36 Years,60,36,24,39,21,18,4,3,1,2,1,1,15,11,4
HASKELL COUNTY,207,37 Years,65,42,23,40,27,13,4,4,0,3,2,1,18,9,9
HASKELL COUNTY,207,38 Years,71,41,30,44,25,19,3,3,0,3,2,1,21,11,10
HASKELL COUNTY,207,39 Years,69,38,31,44,25,19,4,3,1,1,0,1,20,10,10
HASKELL COUNTY,207,40 Years,64,38,26,41,24,17,6,5,1,1,0,1,16,9,7
HASKELL COUNTY,207,41 Years,67,42,25,50,31,19,5,4,1,1,1,0,11,6,5
HASKELL COUNTY,207,42 Years,61,36,25,39,23,16,5,4,1,1,1,0,16,8,8
HASKELL COUNTY,207,43 Years,62,34,28,39,23,16,1,1,0,4,3,1,18,7,11
HASKELL COUNTY,207,44 Years,70,36,34,48,27,21,3,1,2,2,1,1,17,7,10
HASKELL COUNTY,207,45 Years,61,37,24,39,26,13,4,2,2,1,1,0,17,8,9
HASKELL COUNTY,207,46 Years,63,36,27,37,19,18,4,2,2,1,1,0,21,14,7
HASKELL COUNTY,207,47 Years,61,37,24,35,22,13,5,3,2,2,1,1,19,11,8
HASKELL COUNTY,207,48 Years,68,39,29,43,26,17,5,3,2,2,2,0,18,8,10
HASKELL COUNTY,207,49 Years,67,35,32,48,26,22,1,0,1,1,1,0,17,8,9
HASKELL COUNTY,207,50 Years,75,40,35,57,28,29,2,2,0,0,0,0,16,10,6
HASKELL COUNTY,207,51 Years,90,48,42,63,34,29,4,1,3,3,1,2,20,12,8
HASKELL COUNTY,207,52 Years,97,50,47,71,37,34,4,3,1,1,0,1,21,10,11
HASKELL COUNTY,207,53 Years,92,45,47,66,30,36,5,3,2,1,0,1,20,12,8
HASKELL COUNTY,207,54 Years,94,44,50,70,30,40,3,1,2,1,1,0,20,12,8
HASKELL COUNTY,207,55 Years,82,42,40,57,31,26,1,0,1,2,1,1,22,10,12
HASKELL COUNTY,207,56 Years,74,44,30,51,30,21,4,3,1,2,1,1,17,10,7
HASKELL COUNTY,207,57 Years,84,46,38,63,33,30,2,2,0,1,1,0,18,10,8
HASKELL COUNTY,207,58 Years,86,38,48,63,24,39,2,1,1,4,2,2,17,11,6
HASKELL COUNTY,207,59 Years,90,46,44,67,30,37,3,2,1,3,2,1,17,12,5
HASKELL COUNTY,207,60 Years,75,44,31,57,31,26,3,2,1,1,1,0,14,10,4
HASKELL COUNTY,207,61 Years,87,52,35,69,42,27,2,1,1,1,0,1,15,9,6
HASKELL COUNTY,207,62 Years,84,50,34,71,42,29,1,1,0,0,0,0,12,7,5
HASKELL COUNTY,207,63 Years,89,49,40,71,38,33,2,2,0,0,0,0,16,9,7
HASKELL COUNTY,207,64 Years,87,45,42,69,35,34,4,3,1,1,1,0,13,6,7
HASKELL COUNTY,207,65 Years,80,42,38,58,31,27,1,0,1,3,1,2,18,10,8
HASKELL COUNTY,207,66 Years,81,36,45,65,30,35,2,1,1,1,0,1,13,5,8
HASKELL COUNTY,207,67 Years,79,35,44,59,24,35,3,2,1,2,1,1,15,8,7
HASKELL COUNTY,207,68 Years,59,29,30,44,20,24,2,1,1,2,1,1,11,7,4
HASKELL COUNTY,207,69 Years,70,37,33,59,30,29,0,0,0,1,1,0,10,6,4
HASKELL COUNTY,207,70 Years,70,31,39,62,26,36,2,1,1,0,0,0,6,4,2
HASKELL COUNTY,207,71 Years,62,22,40,52,18,34,2,1,1,1,0,1,7,3,4
HASKELL COUNTY,207,72 Years,67,33,34,55,30,25,1,0,1,1,0,1,10,3,7
HASKELL COUNTY,207,73 Years,59,31,28,49,27,22,2,0,2,0,0,0,8,4,4
HASKELL COUNTY,207,74 Years,52,21,31,44,18,26,1,0,1,0,0,0,7,3,4
HASKELL COUNTY,207,75 Years,40,20,20,34,16,18,0,0,0,1,1,0,5,3,2
HASKELL COUNTY,207,76 Years,48,26,22,41,23,18,1,1,0,0,0,0,6,2,4
HASKELL COUNTY,207,77 Years,44,19,25,38,16,22,0,0,0,0,0,0,6,3,3
HASKELL COUNTY,207,78 Years,51,25,26,46,22,24,0,0,0,0,0,0,5,3,2
HASKELL COUNTY,207,79 Years,50,23,27,40,19,21,1,1,0,1,0,1,8,3,5
HASKELL COUNTY,207,80 Years,46,20,26,40,19,21,1,1,0,0,0,0,5,0,5
HASKELL COUNTY,207,81 Years,42,20,22,37,18,19,1,0,1,1,1,0,3,1,2
HASKELL COUNTY,207,82 Years,37,15,22,31,11,20,1,1,0,0,0,0,5,3,2
HASKELL COUNTY,207,83 Years,33,13,20,28,12,16,1,0,1,0,0,0,4,1,3
HASKELL COUNTY,207,84 Years,38,16,22,34,15,19,0,0,0,0,0,0,4,1,3
HASKELL COUNTY,207,85 Years +,197,71,126,176,65,111,4,1,3,1,0,1,16,5,11
HAYS COUNTY,209,All Ages,183728,90895,92833,102543,50392,52151,5586,3037,2549,6135,3012,3123,69464,34454,35010
HAYS COUNTY,209,< 1 Year,2831,1479,1352,1186,623,563,59,31,28,161,86,75,1425,739,686
HAYS COUNTY,209,1 Years,2673,1393,1280,1135,592,543,56,29,27,152,89,63,1330,683,647
HAYS COUNTY,209,2 Years,2571,1315,1256,1090,562,528,51,27,24,144,78,66,1286,648,638
HAYS COUNTY,209,3 Years,2588,1305,1283,1105,562,543,51,28,23,131,71,60,1301,644,657
HAYS COUNTY,209,4 Years,2596,1323,1273,1097,554,543,52,35,17,119,60,59,1328,674,654
HAYS COUNTY,209,5 Years,2166,1096,1070,922,469,453,52,26,26,90,41,49,1102,560,542
HAYS COUNTY,209,6 Years,2214,1095,1119,930,468,462,62,28,34,87,46,41,1135,553,582
HAYS COUNTY,209,7 Years,2261,1149,1112,948,502,446,52,29,23,100,51,49,1161,567,594
HAYS COUNTY,209,8 Years,2294,1185,1109,987,522,465,61,33,28,109,53,56,1137,577,560
HAYS COUNTY,209,9 Years,2340,1189,1151,1022,516,506,63,35,28,91,43,48,1164,595,569
HAYS COUNTY,209,10 Years,2439,1204,1235,1083,530,553,56,34,22,93,45,48,1207,595,612
HAYS COUNTY,209,11 Years,2543,1295,1248,1077,562,515,64,33,31,104,49,55,1298,651,647
HAYS COUNTY,209,12 Years,2603,1311,1292,1104,562,542,68,36,32,103,44,59,1328,669,659
HAYS COUNTY,209,13 Years,2720,1360,1360,1143,573,570,75,36,39,109,47,62,1393,704,689
HAYS COUNTY,209,14 Years,2705,1415,1290,1126,598,528,74,39,35,88,43,45,1417,735,682
HAYS COUNTY,209,15 Years,2649,1382,1267,1120,582,538,80,49,31,98,54,44,1351,697,654
HAYS COUNTY,209,16 Years,2590,1334,1256,1123,564,559,75,43,32,100,55,45,1292,672,620
HAYS COUNTY,209,17 Years,2604,1375,1229,1132,580,552,99,59,40,107,61,46,1266,675,591
HAYS COUNTY,209,18 Years,3578,1713,1865,1724,796,928,140,67,73,129,68,61,1585,782,803
HAYS COUNTY,209,19 Years,4869,2237,2632,2478,1094,1384,250,117,133,148,69,79,1993,957,1036
HAYS COUNTY,209,20 Years,5031,2346,2685,2651,1207,1444,233,120,113,137,64,73,2010,955,1055
HAYS COUNTY,209,21 Years,4999,2461,2538,2699,1314,1385,229,109,120,167,89,78,1904,949,955
HAYS COUNTY,209,22 Years,4723,2496,2227,2684,1386,1298,209,100,109,208,106,102,1622,904,718
HAYS COUNTY,209,23 Years,4909,2531,2378,2952,1486,1466,215,105,110,179,87,92,1563,853,710
HAYS COUNTY,209,24 Years,4164,2218,1946,2659,1355,1304,141,93,48,171,91,80,1193,679,514
HAYS COUNTY,209,25 Years,3766,1943,1823,2331,1165,1166,138,95,43,168,88,80,1129,595,534
HAYS COUNTY,209,26 Years,3214,1662,1552,1932,1014,918,100,72,28,138,81,57,1044,495,549
HAYS COUNTY,209,27 Years,2745,1405,1340,1528,823,705,71,44,27,117,63,54,1029,475,554
HAYS COUNTY,209,28 Years,2447,1234,1213,1290,682,608,54,22,32,95,51,44,1008,479,529
HAYS COUNTY,209,29 Years,2253,1213,1040,1145,642,503,84,49,35,72,40,32,952,482,470
HAYS COUNTY,209,30 Years,2086,1117,969,1055,587,468,64,38,26,69,33,36,898,459,439
HAYS COUNTY,209,31 Years,1992,1050,942,994,538,456,51,28,23,65,37,28,882,447,435
HAYS COUNTY,209,32 Years,2009,1055,954,993,522,471,60,38,22,65,35,30,891,460,431
HAYS COUNTY,209,33 Years,2052,1042,1010,1030,532,498,50,27,23,76,36,40,896,447,449
HAYS COUNTY,209,34 Years,2211,1102,1109,1115,564,551,57,30,27,75,31,44,964,477,487
HAYS COUNTY,209,35 Years,2107,1057,1050,1048,527,521,65,33,32,66,31,35,928,466,462
HAYS COUNTY,209,36 Years,2125,1048,1077,1054,521,533,73,42,31,65,26,39,933,459,474
HAYS COUNTY,209,37 Years,2177,1056,1121,1086,532,554,72,44,28,67,30,37,952,450,502
HAYS COUNTY,209,38 Years,2186,1040,1146,1047,516,531,77,41,36,76,32,44,986,451,535
HAYS COUNTY,209,39 Years,2273,1053,1220,1104,513,591,67,35,32,63,26,37,1039,479,560
HAYS COUNTY,209,40 Years,2266,1063,1203,1137,524,613,73,37,36,56,23,33,1000,479,521
HAYS COUNTY,209,41 Years,2312,1120,1192,1197,569,628,82,44,38,73,35,38,960,472,488
HAYS COUNTY,209,42 Years,2386,1114,1272,1313,591,722,68,38,30,70,34,36,935,451,484
HAYS COUNTY,209,43 Years,2483,1194,1289,1422,679,743,75,44,31,76,38,38,910,433,477
HAYS COUNTY,209,44 Years,2361,1187,1174,1324,660,664,70,46,24,85,41,44,882,440,442
HAYS COUNTY,209,45 Years,2200,1104,1096,1217,616,601,67,42,25,71,32,39,845,414,431
HAYS COUNTY,209,46 Years,2144,1092,1052,1203,602,601,76,50,26,56,22,34,809,418,391
HAYS COUNTY,209,47 Years,2096,1045,1051,1191,582,609,68,43,25,53,19,34,784,401,383
HAYS COUNTY,209,48 Years,2113,1039,1074,1179,565,614,72,51,21,60,27,33,802,396,406
HAYS COUNTY,209,49 Years,2230,1083,1147,1333,645,688,61,28,33,59,28,31,777,382,395
HAYS COUNTY,209,50 Years,2200,1044,1156,1328,616,712,66,27,39,56,28,28,750,373,377
HAYS COUNTY,209,51 Years,2177,1056,1121,1342,626,716,66,38,28,62,32,30,707,360,347
HAYS COUNTY,209,52 Years,2219,1067,1152,1425,663,762,70,39,31,51,25,26,673,340,333
HAYS COUNTY,209,53 Years,2188,1031,1157,1449,653,796,70,40,30,52,25,27,617,313,304
HAYS COUNTY,209,54 Years,2187,1091,1096,1451,718,733,88,49,39,53,21,32,595,303,292
HAYS COUNTY,209,55 Years,2022,1019,1003,1355,689,666,65,41,24,50,21,29,552,268,284
HAYS COUNTY,209,56 Years,1999,966,1033,1370,668,702,59,37,22,51,18,33,519,243,276
HAYS COUNTY,209,57 Years,1924,923,1001,1328,639,689,48,29,19,49,19,30,499,236,263
HAYS COUNTY,209,58 Years,1909,901,1008,1326,626,700,60,35,25,42,19,23,481,221,260
HAYS COUNTY,209,59 Years,1981,943,1038,1416,674,742,63,33,30,45,21,24,457,215,242
HAYS COUNTY,209,60 Years,1869,887,982,1355,645,710,56,30,26,43,21,22,415,191,224
HAYS COUNTY,209,61 Years,1852,878,974,1349,650,699,48,26,22,46,21,25,409,181,228
HAYS COUNTY,209,62 Years,1756,858,898,1282,625,657,43,26,17,44,19,25,387,188,199
HAYS COUNTY,209,63 Years,1693,811,882,1243,600,643,45,23,22,42,17,25,363,171,192
HAYS COUNTY,209,64 Years,1646,812,834,1216,610,606,38,20,18,39,21,18,353,161,192
HAYS COUNTY,209,65 Years,1554,766,788,1142,566,576,36,20,16,35,19,16,341,161,180
HAYS COUNTY,209,66 Years,1571,760,811,1172,577,595,19,10,9,36,15,21,344,158,186
HAYS COUNTY,209,67 Years,1574,778,796,1196,603,593,17,6,11,32,16,16,329,153,176
HAYS COUNTY,209,68 Years,1291,635,656,964,487,477,27,9,18,29,11,18,271,128,143
HAYS COUNTY,209,69 Years,1190,568,622,884,433,451,24,9,15,25,12,13,257,114,143
HAYS COUNTY,209,70 Years,1101,510,591,829,395,434,18,6,12,24,11,13,230,98,132
HAYS COUNTY,209,71 Years,1016,478,538,781,384,397,17,8,9,20,9,11,198,77,121
HAYS COUNTY,209,72 Years,887,411,476,675,323,352,18,7,11,18,8,10,176,73,103
HAYS COUNTY,209,73 Years,769,358,411,582,272,310,14,8,6,12,6,6,161,72,89
HAYS COUNTY,209,74 Years,717,321,396,550,245,305,15,9,6,13,5,8,139,62,77
HAYS COUNTY,209,75 Years,690,320,370,532,251,281,16,5,11,10,4,6,132,60,72
HAYS COUNTY,209,76 Years,644,302,342,494,238,256,15,4,11,11,4,7,124,56,68
HAYS COUNTY,209,77 Years,564,251,313,423,193,230,14,6,8,13,7,6,114,45,69
HAYS COUNTY,209,78 Years,526,229,297,395,174,221,13,7,6,12,6,6,106,42,64
HAYS COUNTY,209,79 Years,476,210,266,367,160,207,9,4,5,8,4,4,92,42,50
HAYS COUNTY,209,80 Years,432,187,245,336,149,187,9,3,6,7,3,4,80,32,48
HAYS COUNTY,209,81 Years,391,168,223,298,136,162,8,2,6,8,3,5,77,27,50
HAYS COUNTY,209,82 Years,370,156,214,288,122,166,10,4,6,8,3,5,64,27,37
HAYS COUNTY,209,83 Years,345,146,199,279,119,160,9,5,4,6,2,4,51,20,31
HAYS COUNTY,209,84 Years,334,137,197,268,114,154,6,3,3,5,1,4,55,19,36
HAYS COUNTY,209,85 Years +,1770,592,1178,1408,479,929,25,7,18,17,6,11,320,100,220
HEMPHILL COUNTY,211,All Ages,4089,2096,1993,2764,1378,1386,5,3,2,65,28,37,1255,687,568
HEMPHILL COUNTY,211,< 1 Year,58,30,28,29,15,14,0,0,0,1,0,1,28,15,13
HEMPHILL COUNTY,211,1 Years,55,31,24,29,16,13,0,0,0,0,0,0,26,15,11
HEMPHILL COUNTY,211,2 Years,56,32,24,29,17,12,0,0,0,0,0,0,27,15,12
HEMPHILL COUNTY,211,3 Years,58,34,24,31,19,12,0,0,0,0,0,0,27,15,12
HEMPHILL COUNTY,211,4 Years,45,24,21,21,12,9,0,0,0,0,0,0,24,12,12
HEMPHILL COUNTY,211,5 Years,66,42,24,29,19,10,0,0,0,1,1,0,36,22,14
HEMPHILL COUNTY,211,6 Years,73,38,35,38,23,15,0,0,0,2,1,1,33,14,19
HEMPHILL COUNTY,211,7 Years,76,34,42,40,18,22,0,0,0,1,1,0,35,15,20
HEMPHILL COUNTY,211,8 Years,64,28,36,35,13,22,0,0,0,1,0,1,28,15,13
HEMPHILL COUNTY,211,9 Years,69,33,36,42,20,22,0,0,0,2,0,2,25,13,12
HEMPHILL COUNTY,211,10 Years,70,39,31,37,22,15,0,0,0,1,0,1,32,17,15
HEMPHILL COUNTY,211,11 Years,83,37,46,41,18,23,0,0,0,1,0,1,41,19,22
HEMPHILL COUNTY,211,12 Years,67,32,35,38,17,21,0,0,0,0,0,0,29,15,14
HEMPHILL COUNTY,211,13 Years,64,30,34,39,14,25,0,0,0,1,1,0,24,15,9
HEMPHILL COUNTY,211,14 Years,79,40,39,50,23,27,0,0,0,2,2,0,27,15,12
HEMPHILL COUNTY,211,15 Years,63,31,32,39,19,20,0,0,0,1,1,0,23,11,12
HEMPHILL COUNTY,211,16 Years,60,27,33,35,16,19,0,0,0,0,0,0,25,11,14
HEMPHILL COUNTY,211,17 Years,52,26,26,35,17,18,0,0,0,0,0,0,17,9,8
HEMPHILL COUNTY,211,18 Years,45,30,15,26,18,8,0,0,0,2,1,1,17,11,6
HEMPHILL COUNTY,211,19 Years,57,34,23,32,18,14,0,0,0,1,1,0,24,15,9
HEMPHILL COUNTY,211,20 Years,57,31,26,35,18,17,1,1,0,1,0,1,20,12,8
HEMPHILL COUNTY,211,21 Years,53,28,25,33,17,16,1,1,0,0,0,0,19,10,9
HEMPHILL COUNTY,211,22 Years,43,19,24,24,14,10,0,0,0,0,0,0,19,5,14
HEMPHILL COUNTY,211,23 Years,38,22,16,24,13,11,0,0,0,0,0,0,14,9,5
HEMPHILL COUNTY,211,24 Years,32,20,12,17,9,8,0,0,0,0,0,0,15,11,4
HEMPHILL COUNTY,211,25 Years,32,19,13,18,11,7,0,0,0,1,0,1,13,8,5
HEMPHILL COUNTY,211,26 Years,33,18,15,15,8,7,0,0,0,2,0,2,16,10,6
HEMPHILL COUNTY,211,27 Years,40,23,17,21,12,9,0,0,0,2,1,1,17,10,7
HEMPHILL COUNTY,211,28 Years,46,20,26,32,14,18,0,0,0,1,0,1,13,6,7
HEMPHILL COUNTY,211,29 Years,46,26,20,31,18,13,0,0,0,1,0,1,14,8,6
HEMPHILL COUNTY,211,30 Years,49,31,18,29,21,8,0,0,0,0,0,0,20,10,10
HEMPHILL COUNTY,211,31 Years,51,27,24,26,15,11,0,0,0,1,1,0,24,11,13
HEMPHILL COUNTY,211,32 Years,52,30,22,26,16,10,0,0,0,0,0,0,26,14,12
HEMPHILL COUNTY,211,33 Years,47,28,19,19,13,6,0,0,0,1,0,1,27,15,12
HEMPHILL COUNTY,211,34 Years,57,23,34,27,10,17,1,0,1,2,0,2,27,13,14
HEMPHILL COUNTY,211,35 Years,57,26,31,29,9,20,0,0,0,2,1,1,26,16,10
HEMPHILL COUNTY,211,36 Years,56,27,29,33,11,22,0,0,0,2,2,0,21,14,7
HEMPHILL COUNTY,211,37 Years,51,27,24,32,16,16,0,0,0,2,1,1,17,10,7
HEMPHILL COUNTY,211,38 Years,45,21,24,29,15,14,0,0,0,2,1,1,14,5,9
HEMPHILL COUNTY,211,39 Years,49,25,24,31,17,14,0,0,0,0,0,0,18,8,10
HEMPHILL COUNTY,211,40 Years,54,29,25,38,20,18,0,0,0,0,0,0,16,9,7
HEMPHILL COUNTY,211,41 Years,60,31,29,35,16,19,0,0,0,1,0,1,24,15,9
HEMPHILL COUNTY,211,42 Years,61,32,29,40,18,22,0,0,0,0,0,0,21,14,7
HEMPHILL COUNTY,211,43 Years,61,29,32,41,21,20,1,1,0,0,0,0,19,7,12
HEMPHILL COUNTY,211,44 Years,48,25,23,31,15,16,0,0,0,1,1,0,16,9,7
HEMPHILL COUNTY,211,45 Years,46,24,22,31,16,15,0,0,0,0,0,0,15,8,7
HEMPHILL COUNTY,211,46 Years,55,27,28,37,17,20,1,0,1,1,0,1,16,10,6
HEMPHILL COUNTY,211,47 Years,55,32,23,37,20,17,0,0,0,0,0,0,18,12,6
HEMPHILL COUNTY,211,48 Years,51,28,23,36,19,17,0,0,0,1,1,0,14,8,6
HEMPHILL COUNTY,211,49 Years,48,25,23,33,16,17,0,0,0,2,1,1,13,8,5
HEMPHILL COUNTY,211,50 Years,58,30,28,43,19,24,0,0,0,2,1,1,13,10,3
HEMPHILL COUNTY,211,51 Years,59,32,27,42,22,20,0,0,0,2,1,1,15,9,6
HEMPHILL COUNTY,211,52 Years,55,34,21,40,25,15,0,0,0,2,1,1,13,8,5
HEMPHILL COUNTY,211,53 Years,56,26,30,43,20,23,0,0,0,3,2,1,10,4,6
HEMPHILL COUNTY,211,54 Years,51,26,25,41,21,20,0,0,0,1,0,1,9,5,4
HEMPHILL COUNTY,211,55 Years,43,22,21,35,17,18,0,0,0,0,0,0,8,5,3
HEMPHILL COUNTY,211,56 Years,50,21,29,43,19,24,0,0,0,1,0,1,6,2,4
HEMPHILL COUNTY,211,57 Years,49,26,23,42,22,20,0,0,0,0,0,0,7,4,3
HEMPHILL COUNTY,211,58 Years,43,21,22,34,15,19,0,0,0,1,1,0,8,5,3
HEMPHILL COUNTY,211,59 Years,50,29,21,44,25,19,0,0,0,1,0,1,5,4,1
HEMPHILL COUNTY,211,60 Years,55,32,23,49,28,21,0,0,0,1,1,0,5,3,2
HEMPHILL COUNTY,211,61 Years,54,27,27,45,23,22,0,0,0,1,0,1,8,4,4
HEMPHILL COUNTY,211,62 Years,52,25,27,46,21,25,0,0,0,0,0,0,6,4,2
HEMPHILL COUNTY,211,63 Years,45,20,25,40,17,23,0,0,0,1,0,1,4,3,1
HEMPHILL COUNTY,211,64 Years,45,25,20,41,22,19,0,0,0,0,0,0,4,3,1
HEMPHILL COUNTY,211,65 Years,38,21,17,36,19,17,0,0,0,0,0,0,2,2,0
HEMPHILL COUNTY,211,66 Years,40,21,19,35,18,17,0,0,0,1,0,1,4,3,1
HEMPHILL COUNTY,211,67 Years,49,24,25,44,21,23,0,0,0,0,0,0,5,3,2
HEMPHILL COUNTY,211,68 Years,36,17,19,32,14,18,0,0,0,0,0,0,4,3,1
HEMPHILL COUNTY,211,69 Years,33,14,19,31,13,18,0,0,0,0,0,0,2,1,1
HEMPHILL COUNTY,211,70 Years,31,15,16,31,15,16,0,0,0,0,0,0,0,0,0
HEMPHILL COUNTY,211,71 Years,35,19,16,33,17,16,0,0,0,1,1,0,1,1,0
HEMPHILL COUNTY,211,72 Years,23,11,12,22,11,11,0,0,0,0,0,0,1,0,1
HEMPHILL COUNTY,211,73 Years,33,15,18,30,14,16,0,0,0,1,0,1,2,1,1
HEMPHILL COUNTY,211,74 Years,29,14,15,27,13,14,0,0,0,0,0,0,2,1,1
HEMPHILL COUNTY,211,75 Years,21,10,11,21,10,11,0,0,0,0,0,0,0,0,0
HEMPHILL COUNTY,211,76 Years,17,5,12,16,5,11,0,0,0,0,0,0,1,0,1
HEMPHILL COUNTY,211,77 Years,19,8,11,18,7,11,0,0,0,0,0,0,1,1,0
HEMPHILL COUNTY,211,78 Years,21,10,11,19,9,10,0,0,0,0,0,0,2,1,1
HEMPHILL COUNTY,211,79 Years,16,9,7,16,9,7,0,0,0,0,0,0,0,0,0
HEMPHILL COUNTY,211,80 Years,10,6,4,10,6,4,0,0,0,0,0,0,0,0,0
HEMPHILL COUNTY,211,81 Years,16,8,8,14,8,6,0,0,0,1,0,1,1,0,1
HEMPHILL COUNTY,211,82 Years,20,6,14,18,6,12,0,0,0,1,0,1,1,0,1
HEMPHILL COUNTY,211,83 Years,17,7,10,16,6,10,0,0,0,0,0,0,1,1,0
HEMPHILL COUNTY,211,84 Years,14,6,8,13,5,8,0,0,0,1,1,0,0,0,0
HEMPHILL COUNTY,211,85 Years +,73,29,44,69,27,42,0,0,0,0,0,0,4,2,2
HENDERSON COUNTY,213,All Ages,80426,39463,40963,63249,30720,32529,4911,2419,2492,2165,1073,1092,10101,5251,4850
HENDERSON COUNTY,213,< 1 Year,959,503,456,622,332,290,59,28,31,57,28,29,221,115,106
HENDERSON COUNTY,213,1 Years,960,499,461,623,321,302,59,29,30,57,27,30,221,122,99
HENDERSON COUNTY,213,2 Years,980,506,474,635,323,312,59,29,30,56,29,27,230,125,105
HENDERSON COUNTY,213,3 Years,1002,515,487,646,332,314,63,32,31,59,32,27,234,119,115
HENDERSON COUNTY,213,4 Years,979,495,484,644,329,315,60,36,24,55,27,28,220,103,117
HENDERSON COUNTY,213,5 Years,961,472,489,651,319,332,61,31,30,49,16,33,200,106,94
HENDERSON COUNTY,213,6 Years,970,483,487,642,311,331,60,33,27,52,22,30,216,117,99
HENDERSON COUNTY,213,7 Years,951,484,467,633,311,322,63,41,22,45,25,20,210,107,103
HENDERSON COUNTY,213,8 Years,974,494,480,639,321,318,70,42,28,47,26,21,218,105,113
HENDERSON COUNTY,213,9 Years,1010,520,490,681,364,317,65,30,35,48,22,26,216,104,112
HENDERSON COUNTY,213,10 Years,994,517,477,655,336,319,69,37,32,53,27,26,217,117,100
HENDERSON COUNTY,213,11 Years,1002,536,466,661,357,304,75,41,34,46,20,26,220,118,102
HENDERSON COUNTY,213,12 Years,981,492,489,673,343,330,66,34,32,41,23,18,201,92,109
HENDERSON COUNTY,213,13 Years,1044,541,503,715,368,347,76,42,34,39,23,16,214,108,106
HENDERSON COUNTY,213,14 Years,1081,573,508,749,407,342,77,37,40,33,18,15,222,111,111
HENDERSON COUNTY,213,15 Years,1073,561,512,748,395,353,78,38,40,41,22,19,206,106,100
HENDERSON COUNTY,213,16 Years,1068,566,502,748,390,358,71,38,33,37,24,13,212,114,98
HENDERSON COUNTY,213,17 Years,1061,540,521,733,365,368,65,40,25,35,18,17,228,117,111
HENDERSON COUNTY,213,18 Years,1027,512,515,715,355,360,57,34,23,34,18,16,221,105,116
HENDERSON COUNTY,213,19 Years,905,464,441,625,320,305,67,37,30,23,12,11,190,95,95
HENDERSON COUNTY,213,20 Years,918,474,444,623,323,300,70,36,34,24,12,12,201,103,98
HENDERSON COUNTY,213,21 Years,933,496,437,669,351,318,74,43,31,22,12,10,168,90,78
HENDERSON COUNTY,213,22 Years,991,514,477,687,350,337,92,53,39,21,16,5,191,95,96
HENDERSON COUNTY,213,23 Years,1108,562,546,763,372,391,130,82,48,17,9,8,198,99,99
HENDERSON COUNTY,213,24 Years,1046,552,494,739,371,368,113,70,43,18,9,9,176,102,74
HENDERSON COUNTY,213,25 Years,944,494,450,709,354,355,78,47,31,12,9,3,145,84,61
HENDERSON COUNTY,213,26 Years,890,449,441,668,333,335,63,28,35,14,8,6,145,80,65
HENDERSON COUNTY,213,27 Years,822,407,415,593,285,308,63,27,36,16,7,9,150,88,62
HENDERSON COUNTY,213,28 Years,825,403,422,599,296,303,69,28,41,14,5,9,143,74,69
HENDERSON COUNTY,213,29 Years,836,426,410,619,322,297,68,29,39,17,7,10,132,68,64
HENDERSON COUNTY,213,30 Years,769,389,380,565,286,279,55,26,29,21,11,10,128,66,62
HENDERSON COUNTY,213,31 Years,781,413,368,558,288,270,56,28,28,20,11,9,147,86,61
HENDERSON COUNTY,213,32 Years,759,385,374,532,266,266,58,28,30,22,11,11,147,80,67
HENDERSON COUNTY,213,33 Years,818,402,416,591,295,296,60,24,36,26,8,18,141,75,66
HENDERSON COUNTY,213,34 Years,811,386,425,593,281,312,58,20,38,27,10,17,133,75,58
HENDERSON COUNTY,213,35 Years,815,389,426,595,281,314,55,22,33,27,11,16,138,75,63
HENDERSON COUNTY,213,36 Years,825,413,412,616,304,312,57,25,32,21,8,13,131,76,55
HENDERSON COUNTY,213,37 Years,805,390,415,596,284,312,58,21,37,22,9,13,129,76,53
HENDERSON COUNTY,213,38 Years,820,413,407,622,309,313,44,21,23,20,10,10,134,73,61
HENDERSON COUNTY,213,39 Years,814,414,400,626,320,306,42,17,25,22,15,7,124,62,62
HENDERSON COUNTY,213,40 Years,777,372,405,586,279,307,50,26,24,21,13,8,120,54,66
HENDERSON COUNTY,213,41 Years,826,390,436,630,294,336,60,35,25,19,9,10,117,52,65
HENDERSON COUNTY,213,42 Years,930,454,476,709,336,373,67,41,26,26,14,12,128,63,65
HENDERSON COUNTY,213,43 Years,992,478,514,788,372,416,58,29,29,20,12,8,126,65,61
HENDERSON COUNTY,213,44 Years,954,445,509,746,348,398,65,34,31,17,8,9,126,55,71
HENDERSON COUNTY,213,45 Years,968,478,490,768,380,388,56,29,27,23,7,16,121,62,59
HENDERSON COUNTY,213,46 Years,955,480,475,754,381,373,59,30,29,23,8,15,119,61,58
HENDERSON COUNTY,213,47 Years,933,482,451,736,384,352,52,25,27,26,10,16,119,63,56
HENDERSON COUNTY,213,48 Years,962,497,465,752,388,364,51,20,31,21,11,10,138,78,60
HENDERSON COUNTY,213,49 Years,989,502,487,790,401,389,59,25,34,19,9,10,121,67,54
HENDERSON COUNTY,213,50 Years,1050,525,525,846,413,433,61,31,30,26,14,12,117,67,50
HENDERSON COUNTY,213,51 Years,1127,549,578,933,457,476,74,35,39,25,11,14,95,46,49
HENDERSON COUNTY,213,52 Years,1150,549,601,940,448,492,80,41,39,24,12,12,106,48,58
HENDERSON COUNTY,213,53 Years,1181,556,625,978,450,528,73,38,35,29,13,16,101,55,46
HENDERSON COUNTY,213,54 Years,1182,570,612,1000,479,521,73,33,40,24,10,14,85,48,37
HENDERSON COUNTY,213,55 Years,1153,530,623,975,444,531,71,28,43,34,17,17,73,41,32
HENDERSON COUNTY,213,56 Years,1178,569,609,980,465,515,79,40,39,35,15,20,84,49,35
HENDERSON COUNTY,213,57 Years,1173,583,590,997,486,511,74,36,38,25,12,13,77,49,28
HENDERSON COUNTY,213,58 Years,1109,555,554,960,475,485,68,32,36,18,11,7,63,37,26
HENDERSON COUNTY,213,59 Years,1136,553,583,994,483,511,66,32,34,21,9,12,55,29,26
HENDERSON COUNTY,213,60 Years,1127,543,584,992,477,515,62,27,35,24,14,10,49,25,24
HENDERSON COUNTY,213,61 Years,1129,550,579,998,485,513,62,28,34,20,11,9,49,26,23
HENDERSON COUNTY,213,62 Years,1094,507,587,962,440,522,62,29,33,19,11,8,51,27,24
HENDERSON COUNTY,213,63 Years,1074,505,569,952,446,506,57,28,29,27,13,14,38,18,20
HENDERSON COUNTY,213,64 Years,1117,545,572,988,474,514,52,29,23,34,18,16,43,24,19
HENDERSON COUNTY,213,65 Years,1098,515,583,982,461,521,51,26,25,28,13,15,37,15,22
HENDERSON COUNTY,213,66 Years,1152,528,624,1050,478,572,44,22,22,21,8,13,37,20,17
HENDERSON COUNTY,213,67 Years,1161,525,636,1068,483,585,42,18,24,20,9,11,31,15,16
HENDERSON COUNTY,213,68 Years,968,452,516,883,420,463,36,11,25,13,7,6,36,14,22
HENDERSON COUNTY,213,69 Years,984,460,524,896,423,473,39,12,27,15,8,7,34,17,17
HENDERSON COUNTY,213,70 Years,970,461,509,892,424,468,36,13,23,12,7,5,30,17,13
HENDERSON COUNTY,213,71 Years,975,445,530,892,401,491,35,16,19,18,11,7,30,17,13
HENDERSON COUNTY,213,72 Years,913,416,497,838,382,456,37,16,21,14,7,7,24,11,13
HENDERSON COUNTY,213,73 Years,825,376,449,763,355,408,31,13,18,12,5,7,19,3,16
HENDERSON COUNTY,213,74 Years,774,358,416,717,337,380,27,11,16,9,4,5,21,6,15
HENDERSON COUNTY,213,75 Years,759,372,387,710,351,359,25,11,14,8,4,4,16,6,10
HENDERSON COUNTY,213,76 Years,679,351,328,625,328,297,23,9,14,12,5,7,19,9,10
HENDERSON COUNTY,213,77 Years,590,283,307,541,261,280,23,9,14,10,5,5,16,8,8
HENDERSON COUNTY,213,78 Years,593,287,306,555,267,288,17,8,9,9,5,4,12,7,5
HENDERSON COUNTY,213,79 Years,554,259,295,516,241,275,19,7,12,6,4,2,13,7,6
HENDERSON COUNTY,213,80 Years,490,205,285,455,192,263,18,8,10,3,2,1,14,3,11
HENDERSON COUNTY,213,81 Years,469,204,265,437,190,247,16,7,9,6,5,1,10,2,8
HENDERSON COUNTY,213,82 Years,441,194,247,407,180,227,14,4,10,8,4,4,12,6,6
HENDERSON COUNTY,213,83 Years,389,163,226,357,151,206,14,4,10,5,1,4,13,7,6
HENDERSON COUNTY,213,84 Years,357,160,197,332,151,181,12,4,8,5,1,4,8,4,4
HENDERSON COUNTY,213,85 Years +,1707,638,1069,1578,589,989,78,25,53,21,9,12,30,15,15
HIDALGO COUNTY,215,All Ages,828288,404921,423367,61721,31039,30682,2935,1935,1000,10711,5149,5562,752921,366798,386123
HIDALGO COUNTY,215,< 1 Year,15157,7772,7385,537,281,256,30,14,16,118,61,57,14472,7416,7056
HIDALGO COUNTY,215,1 Years,15259,7857,7402,554,301,253,35,16,19,125,63,62,14545,7477,7068
HIDALGO COUNTY,215,2 Years,15237,7835,7402,624,328,296,39,18,21,127,65,62,14447,7424,7023
HIDALGO COUNTY,215,3 Years,15421,7915,7506,752,383,369,38,15,23,133,70,63,14498,7447,7051
HIDALGO COUNTY,215,4 Years,13799,6942,6857,623,312,311,31,12,19,124,66,58,13021,6552,6469
HIDALGO COUNTY,215,5 Years,14099,7166,6933,612,318,294,42,22,20,138,68,70,13307,6758,6549
HIDALGO COUNTY,215,6 Years,14206,7186,7020,567,282,285,40,26,14,151,80,71,13448,6798,6650
HIDALGO COUNTY,215,7 Years,14252,7142,7110,523,261,262,50,32,18,154,88,66,13525,6761,6764
HIDALGO COUNTY,215,8 Years,14372,7296,7076,492,242,250,50,29,21,151,82,69,13679,6943,6736
HIDALGO COUNTY,215,9 Years,14683,7547,7136,455,217,238,43,25,18,153,77,76,14032,7228,6804
HIDALGO COUNTY,215,10 Years,14837,7618,7219,478,249,229,33,19,14,152,73,79,14174,7277,6897
HIDALGO COUNTY,215,11 Years,15285,7802,7483,516,267,249,29,19,10,165,87,78,14575,7429,7146
HIDALGO COUNTY,215,12 Years,15864,8106,7758,522,268,254,36,23,13,193,108,85,15113,7707,7406
HIDALGO COUNTY,215,13 Years,16473,8390,8083,557,293,264,42,24,18,204,110,94,15670,7963,7707
HIDALGO COUNTY,215,14 Years,16264,8397,7867,517,265,252,39,25,14,210,115,95,15498,7992,7506
HIDALGO COUNTY,215,15 Years,15729,8152,7577,518,275,243,42,23,19,198,94,104,14971,7760,7211
HIDALGO COUNTY,215,16 Years,15197,7880,7317,529,285,244,43,22,21,194,94,100,14431,7479,6952
HIDALGO COUNTY,215,17 Years,15080,7672,7408,556,304,252,42,22,20,195,95,100,14287,7251,7036
HIDALGO COUNTY,215,18 Years,14929,7624,7305,543,296,247,37,19,18,197,92,105,14152,7217,6935
HIDALGO COUNTY,215,19 Years,14545,7465,7080,470,264,206,49,25,24,172,78,94,13854,7098,6756
HIDALGO COUNTY,215,20 Years,14227,7248,6979,493,264,229,55,31,24,155,81,74,13524,6872,6652
HIDALGO COUNTY,215,21 Years,14026,7138,6888,486,272,214,54,38,16,140,76,64,13346,6752,6594
HIDALGO COUNTY,215,22 Years,13671,6870,6801,474,244,230,60,44,16,129,64,65,13008,6518,6490
HIDALGO COUNTY,215,23 Years,12915,6430,6485,487,252,235,48,35,13,148,63,85,12232,6080,6152
HIDALGO COUNTY,215,24 Years,12335,6213,6122,540,271,269,59,40,19,121,55,66,11615,5847,5768
HIDALGO COUNTY,215,25 Years,11705,5891,5814,536,278,258,52,30,22,119,63,56,10998,5520,5478
HIDALGO COUNTY,215,26 Years,11532,5867,5665,522,278,244,58,44,14,114,56,58,10838,5489,5349
HIDALGO COUNTY,215,27 Years,11445,5741,5704,518,273,245,49,39,10,130,65,65,10748,5364,5384
HIDALGO COUNTY,215,28 Years,11109,5512,5597,551,279,272,53,40,13,153,76,77,10352,5117,5235
HIDALGO COUNTY,215,29 Years,10774,5315,5459,523,267,256,56,39,17,146,72,74,10049,4937,5112
HIDALGO COUNTY,215,30 Years,10536,5142,5394,518,286,232,55,42,13,117,59,58,9846,4755,5091
HIDALGO COUNTY,215,31 Years,10713,5189,5524,517,269,248,50,34,16,120,62,58,10026,4824,5202
HIDALGO COUNTY,215,32 Years,11107,5299,5808,538,262,276,49,38,11,132,57,75,10388,4942,5446
HIDALGO COUNTY,215,33 Years,11463,5489,5974,598,315,283,51,41,10,140,60,80,10674,5073,5601
HIDALGO COUNTY,215,34 Years,11322,5480,5842,590,318,272,49,38,11,148,59,89,10535,5065,5470
HIDALGO COUNTY,215,35 Years,10723,5160,5563,565,310,255,50,37,13,130,58,72,9978,4755,5223
HIDALGO COUNTY,215,36 Years,10833,5150,5683,521,268,253,49,41,8,137,60,77,10126,4781,5345
HIDALGO COUNTY,215,37 Years,11104,5292,5812,508,263,245,40,28,12,165,81,84,10391,4920,5471
HIDALGO COUNTY,215,38 Years,11216,5333,5883,513,265,248,41,26,15,147,70,77,10515,4972,5543
HIDALGO COUNTY,215,39 Years,11291,5371,5920,492,252,240,40,27,13,174,73,101,10585,5019,5566
HIDALGO COUNTY,215,40 Years,11054,5283,5771,459,240,219,49,37,12,202,90,112,10344,4916,5428
HIDALGO COUNTY,215,41 Years,11020,5219,5801,474,256,218,53,41,12,219,94,125,10274,4828,5446
HIDALGO COUNTY,215,42 Years,10868,5054,5814,541,291,250,43,29,14,222,102,120,10062,4632,5430
HIDALGO COUNTY,215,43 Years,10803,5098,5705,583,304,279,54,35,19,237,132,105,9929,4627,5302
HIDALGO COUNTY,215,44 Years,10746,5102,5644,604,331,273,53,41,12,229,108,121,9860,4622,5238
HIDALGO COUNTY,215,45 Years,9957,4706,5251,564,312,252,39,31,8,188,83,105,9166,4280,4886
HIDALGO COUNTY,215,46 Years,9560,4475,5085,521,279,242,46,34,12,173,73,100,8820,4089,4731
HIDALGO COUNTY,215,47 Years,9194,4299,4895,525,260,265,44,30,14,150,60,90,8475,3949,4526
HIDALGO COUNTY,215,48 Years,9047,4280,4767,530,291,239,50,33,17,145,57,88,8322,3899,4423
HIDALGO COUNTY,215,49 Years,8824,4190,4634,562,290,272,51,38,13,138,67,71,8073,3795,4278
HIDALGO COUNTY,215,50 Years,8498,4071,4427,593,298,295,55,42,13,133,67,66,7717,3664,4053
HIDALGO COUNTY,215,51 Years,8411,4101,4310,587,315,272,66,49,17,120,64,56,7638,3673,3965
HIDALGO COUNTY,215,52 Years,8251,3991,4260,606,327,279,50,36,14,143,73,70,7452,3555,3897
HIDALGO COUNTY,215,53 Years,8022,3799,4223,644,338,306,41,29,12,147,66,81,7190,3366,3824
HIDALGO COUNTY,215,54 Years,7925,3747,4178,648,330,318,36,24,12,130,64,66,7111,3329,3782
HIDALGO COUNTY,215,55 Years,7534,3532,4002,647,321,326,25,16,9,146,73,73,6716,3122,3594
HIDALGO COUNTY,215,56 Years,7402,3425,3977,666,332,334,24,12,12,155,67,88,6557,3014,3543
HIDALGO COUNTY,215,57 Years,7217,3340,3877,687,337,350,34,23,11,155,72,83,6341,2908,3433
HIDALGO COUNTY,215,58 Years,6963,3190,3773,684,324,360,33,19,14,151,63,88,6095,2784,3311
HIDALGO COUNTY,215,59 Years,6847,3114,3733,772,367,405,23,15,8,134,57,77,5918,2675,3243
HIDALGO COUNTY,215,60 Years,6441,2945,3496,842,402,440,20,15,5,112,50,62,5467,2478,2989
HIDALGO COUNTY,215,61 Years,6415,2923,3492,906,419,487,23,16,7,106,52,54,5380,2436,2944
HIDALGO COUNTY,215,62 Years,6131,2775,3356,972,448,524,18,10,8,100,48,52,5041,2269,2772
HIDALGO COUNTY,215,63 Years,6174,2798,3376,998,469,529,19,14,5,80,35,45,5077,2280,2797
HIDALGO COUNTY,215,64 Years,6214,2817,3397,1071,517,554,24,17,7,84,41,43,5035,2242,2793
HIDALGO COUNTY,215,65 Years,5975,2773,3202,1175,580,595,15,8,7,70,37,33,4715,2148,2567
HIDALGO COUNTY,215,66 Years,5834,2720,3114,1291,651,640,11,6,5,77,41,36,4455,2022,2433
HIDALGO COUNTY,215,67 Years,5689,2640,3049,1291,630,661,17,11,6,70,34,36,4311,1965,2346
HIDALGO COUNTY,215,68 Years,5162,2384,2778,1212,591,621,9,5,4,49,24,25,3892,1764,2128
HIDALGO COUNTY,215,69 Years,4986,2260,2726,1314,629,685,11,8,3,47,23,24,3614,1600,2014
HIDALGO COUNTY,215,70 Years,4830,2230,2600,1394,682,712,10,7,3,38,19,19,3388,1522,1866
HIDALGO COUNTY,215,71 Years,4558,2105,2453,1428,709,719,7,3,4,39,20,19,3084,1373,1711
HIDALGO COUNTY,215,72 Years,4199,1955,2244,1317,669,648,8,5,3,49,20,29,2825,1261,1564
HIDALGO COUNTY,215,73 Years,3926,1796,2130,1232,613,619,6,3,3,42,20,22,2646,1160,1486
HIDALGO COUNTY,215,74 Years,3770,1735,2035,1140,543,597,5,2,3,39,17,22,2586,1173,1413
HIDALGO COUNTY,215,75 Years,3380,1547,1833,1028,479,549,5,3,2,35,14,21,2312,1051,1261
HIDALGO COUNTY,215,76 Years,3150,1388,1762,888,407,481,5,3,2,39,18,21,2218,960,1258
HIDALGO COUNTY,215,77 Years,3007,1327,1680,876,413,463,5,3,2,42,18,24,2084,893,1191
HIDALGO COUNTY,215,78 Years,2861,1251,1610,859,417,442,7,1,6,38,17,21,1957,816,1141
HIDALGO COUNTY,215,79 Years,2757,1214,1543,824,410,414,4,1,3,34,15,19,1895,788,1107
HIDALGO COUNTY,215,80 Years,2473,1119,1354,767,387,380,2,1,1,32,13,19,1672,718,954
HIDALGO COUNTY,215,81 Years,2232,983,1249,748,365,383,4,3,1,28,12,16,1452,603,849
HIDALGO COUNTY,215,82 Years,2106,919,1187,731,348,383,4,3,1,16,7,9,1355,561,794
HIDALGO COUNTY,215,83 Years,2022,873,1149,668,321,347,4,3,1,16,5,11,1334,544,790
HIDALGO COUNTY,215,84 Years,1866,809,1057,612,312,300,2,2,0,17,7,10,1235,488,747
HIDALGO COUNTY,215,85 Years +,9252,3725,5527,2805,1308,1497,13,6,7,76,34,42,6358,2377,3981
HILL COUNTY,217,All Ages,35804,17749,18055,25593,12514,13079,2188,1037,1151,831,418,413,7192,3780,3412
HILL COUNTY,217,< 1 Year,416,217,199,218,118,100,17,8,9,38,20,18,143,71,72
HILL COUNTY,217,1 Years,429,230,199,228,123,105,17,9,8,42,22,20,142,76,66
HILL COUNTY,217,2 Years,441,236,205,236,125,111,19,11,8,33,19,14,153,81,72
HILL COUNTY,217,3 Years,464,244,220,251,131,120,20,12,8,31,14,17,162,87,75
HILL COUNTY,217,4 Years,486,256,230,270,130,140,21,14,7,21,11,10,174,101,73
HILL COUNTY,217,5 Years,439,203,236,243,110,133,28,15,13,20,9,11,148,69,79
HILL COUNTY,217,6 Years,464,223,241,264,132,132,24,12,12,18,8,10,158,71,87
HILL COUNTY,217,7 Years,471,230,241,275,132,143,27,14,13,16,10,6,153,74,79
HILL COUNTY,217,8 Years,466,236,230,282,147,135,28,14,14,18,10,8,138,65,73
HILL COUNTY,217,9 Years,472,262,210,270,149,121,34,18,16,19,13,6,149,82,67
HILL COUNTY,217,10 Years,459,249,210,262,141,121,20,7,13,18,14,4,159,87,72
HILL COUNTY,217,11 Years,450,226,224,257,129,128,22,8,14,14,9,5,157,80,77
HILL COUNTY,217,12 Years,497,252,245,280,134,146,33,16,17,16,9,7,168,93,75
HILL COUNTY,217,13 Years,503,256,247,283,145,138,42,18,24,13,6,7,165,87,78
HILL COUNTY,217,14 Years,493,256,237,297,155,142,35,22,13,11,6,5,150,73,77
HILL COUNTY,217,15 Years,479,251,228,303,157,146,32,20,12,15,9,6,129,65,64
HILL COUNTY,217,16 Years,486,236,250,310,150,160,30,14,16,14,11,3,132,61,71
HILL COUNTY,217,17 Years,509,250,259,325,162,163,42,18,24,14,9,5,128,61,67
HILL COUNTY,217,18 Years,481,255,226,294,154,140,47,22,25,12,7,5,128,72,56
HILL COUNTY,217,19 Years,418,219,199,247,125,122,32,17,15,8,5,3,131,72,59
HILL COUNTY,217,20 Years,404,216,188,235,128,107,28,14,14,9,4,5,132,70,62
HILL COUNTY,217,21 Years,411,206,205,240,121,119,39,17,22,9,4,5,123,64,59
HILL COUNTY,217,22 Years,433,238,195,248,133,115,43,24,19,9,5,4,133,76,57
HILL COUNTY,217,23 Years,489,244,245,286,136,150,42,21,21,11,8,3,150,79,71
HILL COUNTY,217,24 Years,466,205,261,278,120,158,46,17,29,12,8,4,130,60,70
HILL COUNTY,217,25 Years,402,202,200,244,114,130,31,17,14,12,7,5,115,64,51
HILL COUNTY,217,26 Years,403,195,208,240,111,129,36,21,15,10,4,6,117,59,58
HILL COUNTY,217,27 Years,386,197,189,233,113,120,33,18,15,7,4,3,113,62,51
HILL COUNTY,217,28 Years,383,195,188,246,116,130,23,12,11,9,6,3,105,61,44
HILL COUNTY,217,29 Years,347,177,170,227,112,115,17,8,9,5,2,3,98,55,43
HILL COUNTY,217,30 Years,340,166,174,212,100,112,22,9,13,3,1,2,103,56,47
HILL COUNTY,217,31 Years,346,170,176,218,98,120,23,12,11,6,4,2,99,56,43
HILL COUNTY,217,32 Years,347,178,169,222,108,114,17,12,5,7,2,5,101,56,45
HILL COUNTY,217,33 Years,388,201,187,245,122,123,20,10,10,8,3,5,115,66,49
HILL COUNTY,217,34 Years,390,197,193,240,122,118,30,10,20,8,3,5,112,62,50
HILL COUNTY,217,35 Years,354,179,175,230,114,116,27,16,11,7,3,4,90,46,44
HILL COUNTY,217,36 Years,355,184,171,222,121,101,26,13,13,5,1,4,102,49,53
HILL COUNTY,217,37 Years,364,186,178,241,130,111,25,11,14,6,2,4,92,43,49
HILL COUNTY,217,38 Years,348,164,184,237,112,125,22,8,14,5,1,4,84,43,41
HILL COUNTY,217,39 Years,366,177,189,265,130,135,24,10,14,6,3,3,71,34,37
HILL COUNTY,217,40 Years,356,177,179,231,112,119,23,12,11,9,3,6,93,50,43
HILL COUNTY,217,41 Years,366,175,191,244,118,126,23,11,12,7,3,4,92,43,49
HILL COUNTY,217,42 Years,398,186,212,271,127,144,23,12,11,4,1,3,100,46,54
HILL COUNTY,217,43 Years,418,215,203,289,143,146,30,16,14,8,4,4,91,52,39
HILL COUNTY,217,44 Years,431,216,215,309,154,155,27,12,15,10,5,5,85,45,40
HILL COUNTY,217,45 Years,425,211,214,309,148,161,32,16,16,5,3,2,79,44,35
HILL COUNTY,217,46 Years,424,220,204,301,155,146,39,18,21,9,5,4,75,42,33
HILL COUNTY,217,47 Years,386,201,185,278,142,136,32,15,17,7,4,3,69,40,29
HILL COUNTY,217,48 Years,438,220,218,322,168,154,29,14,15,6,1,5,81,37,44
HILL COUNTY,217,49 Years,451,217,234,327,157,170,35,19,16,8,4,4,81,37,44
HILL COUNTY,217,50 Years,449,226,223,341,167,174,34,18,16,6,2,4,68,39,29
HILL COUNTY,217,51 Years,473,238,235,368,183,185,31,12,19,4,2,2,70,41,29
HILL COUNTY,217,52 Years,490,235,255,388,182,206,27,9,18,4,1,3,71,43,28
HILL COUNTY,217,53 Years,514,237,277,400,183,217,33,14,19,9,3,6,72,37,35
HILL COUNTY,217,54 Years,527,271,256,415,218,197,38,17,21,6,2,4,68,34,34
HILL COUNTY,217,55 Years,491,234,257,396,189,207,32,10,22,9,3,6,54,32,22
HILL COUNTY,217,56 Years,502,243,259,410,195,215,32,16,16,6,2,4,54,30,24
HILL COUNTY,217,57 Years,511,248,263,417,199,218,28,14,14,10,4,6,56,31,25
HILL COUNTY,217,58 Years,482,223,259,403,177,226,23,11,12,8,4,4,48,31,17
HILL COUNTY,217,59 Years,517,250,267,441,210,231,27,14,13,7,2,5,42,24,18
HILL COUNTY,217,60 Years,507,250,257,434,216,218,25,12,13,7,2,5,41,20,21
HILL COUNTY,217,61 Years,468,237,231,404,206,198,22,11,11,9,2,7,33,18,15
HILL COUNTY,217,62 Years,464,225,239,400,196,204,29,13,16,9,1,8,26,15,11
HILL COUNTY,217,63 Years,479,226,253,395,188,207,33,13,20,5,1,4,46,24,22
HILL COUNTY,217,64 Years,518,252,266,435,210,225,31,14,17,6,3,3,46,25,21
HILL COUNTY,217,65 Years,493,227,266,421,191,230,22,10,12,6,2,4,44,24,20
HILL COUNTY,217,66 Years,494,240,254,435,209,226,18,9,9,7,3,4,34,19,15
HILL COUNTY,217,67 Years,509,249,260,452,214,238,14,8,6,10,7,3,33,20,13
HILL COUNTY,217,68 Years,411,211,200,357,182,175,19,9,10,5,3,2,30,17,13
HILL COUNTY,217,69 Years,424,201,223,369,177,192,20,7,13,6,3,3,29,14,15
HILL COUNTY,217,70 Years,431,220,211,388,198,190,14,6,8,6,3,3,23,13,10
HILL COUNTY,217,71 Years,412,208,204,379,192,187,12,5,7,5,2,3,16,9,7
HILL COUNTY,217,72 Years,369,196,173,328,175,153,17,8,9,7,4,3,17,9,8
HILL COUNTY,217,73 Years,360,185,175,321,165,156,16,7,9,5,3,2,18,10,8
HILL COUNTY,217,74 Years,350,164,186,303,144,159,19,7,12,7,4,3,21,9,12
HILL COUNTY,217,75 Years,307,151,156,275,139,136,11,3,8,7,3,4,14,6,8
HILL COUNTY,217,76 Years,303,154,149,271,138,133,12,4,8,4,2,2,16,10,6
HILL COUNTY,217,77 Years,261,128,133,235,116,119,12,4,8,2,2,0,12,6,6
HILL COUNTY,217,78 Years,215,109,106,191,95,96,9,4,5,6,3,3,9,7,2
HILL COUNTY,217,79 Years,223,105,118,200,92,108,9,5,4,4,1,3,10,7,3
HILL COUNTY,217,80 Years,230,102,128,204,90,114,13,6,7,2,2,0,11,4,7
HILL COUNTY,217,81 Years,193,88,105,173,81,92,10,3,7,2,2,0,8,2,6
HILL COUNTY,217,82 Years,179,77,102,159,68,91,9,3,6,4,2,2,7,4,3
HILL COUNTY,217,83 Years,166,75,91,151,70,81,8,3,5,1,0,1,6,2,4
HILL COUNTY,217,84 Years,159,76,83,138,67,71,11,4,7,2,1,1,8,4,4
HILL COUNTY,217,85 Years +,785,286,499,711,258,453,31,10,21,10,3,7,33,15,18
HOCKLEY COUNTY,219,All Ages,23528,11747,11781,11525,5708,5817,899,445,454,388,202,186,10716,5392,5324
HOCKLEY COUNTY,219,< 1 Year,338,174,164,106,57,49,15,5,10,10,4,6,207,108,99
HOCKLEY COUNTY,219,1 Years,349,186,163,108,59,49,20,8,12,10,5,5,211,114,97
HOCKLEY COUNTY,219,2 Years,352,191,161,104,58,46,20,12,8,8,6,2,220,115,105
HOCKLEY COUNTY,219,3 Years,363,188,175,104,58,46,20,9,11,11,8,3,228,113,115
HOCKLEY COUNTY,219,4 Years,339,171,168,101,60,41,19,8,11,12,7,5,207,96,111
HOCKLEY COUNTY,219,5 Years,341,168,173,115,64,51,11,5,6,7,4,3,208,95,113
HOCKLEY COUNTY,219,6 Years,362,173,189,129,61,68,11,3,8,9,5,4,213,104,109
HOCKLEY COUNTY,219,7 Years,343,172,171,114,59,55,13,5,8,9,4,5,207,104,103
HOCKLEY COUNTY,219,8 Years,345,175,170,118,67,51,8,2,6,9,4,5,210,102,108
HOCKLEY COUNTY,219,9 Years,338,173,165,124,66,58,9,3,6,7,4,3,198,100,98
HOCKLEY COUNTY,219,10 Years,332,163,169,109,54,55,14,9,5,3,1,2,206,99,107
HOCKLEY COUNTY,219,11 Years,344,176,168,120,56,64,12,6,6,3,1,2,209,113,96
HOCKLEY COUNTY,219,12 Years,339,175,164,135,64,71,10,5,5,6,5,1,188,101,87
HOCKLEY COUNTY,219,13 Years,350,184,166,136,70,66,12,7,5,4,2,2,198,105,93
HOCKLEY COUNTY,219,14 Years,357,181,176,130,68,62,13,8,5,4,3,1,210,102,108
HOCKLEY COUNTY,219,15 Years,366,198,168,139,73,66,14,9,5,8,4,4,205,112,93
HOCKLEY COUNTY,219,16 Years,322,168,154,130,64,66,10,7,3,6,3,3,176,94,82
HOCKLEY COUNTY,219,17 Years,320,150,170,137,66,71,10,6,4,7,3,4,166,75,91
HOCKLEY COUNTY,219,18 Years,298,141,157,124,61,63,8,5,3,7,2,5,159,73,86
HOCKLEY COUNTY,219,19 Years,328,170,158,133,67,66,13,9,4,5,3,2,177,91,86
HOCKLEY COUNTY,219,20 Years,312,167,145,147,81,66,10,6,4,6,4,2,149,76,73
HOCKLEY COUNTY,219,21 Years,352,186,166,161,87,74,11,8,3,5,3,2,175,88,87
HOCKLEY COUNTY,219,22 Years,458,237,221,206,111,95,33,13,20,6,3,3,213,110,103
HOCKLEY COUNTY,219,23 Years,555,278,277,242,127,115,64,30,34,7,3,4,242,118,124
HOCKLEY COUNTY,219,24 Years,545,278,267,249,133,116,55,29,26,11,6,5,230,110,120
HOCKLEY COUNTY,219,25 Years,420,237,183,194,110,84,36,22,14,6,4,2,184,101,83
HOCKLEY COUNTY,219,26 Years,312,164,148,134,68,66,17,10,7,3,3,0,158,83,75
HOCKLEY COUNTY,219,27 Years,297,152,145,136,63,73,10,7,3,5,5,0,146,77,69
HOCKLEY COUNTY,219,28 Years,310,160,150,128,63,65,10,6,4,4,1,3,168,90,78
HOCKLEY COUNTY,219,29 Years,285,150,135,116,64,52,7,3,4,3,0,3,159,83,76
HOCKLEY COUNTY,219,30 Years,297,156,141,110,55,55,13,6,7,2,1,1,172,94,78
HOCKLEY COUNTY,219,31 Years,289,154,135,107,53,54,15,9,6,3,1,2,164,91,73
HOCKLEY COUNTY,219,32 Years,279,147,132,112,57,55,8,5,3,4,1,3,155,84,71
HOCKLEY COUNTY,219,33 Years,274,140,134,119,59,60,5,3,2,7,1,6,143,77,66
HOCKLEY COUNTY,219,34 Years,290,150,140,120,59,61,11,5,6,8,3,5,151,83,68
HOCKLEY COUNTY,219,35 Years,271,132,139,126,61,65,7,5,2,6,4,2,132,62,70
HOCKLEY COUNTY,219,36 Years,244,125,119,111,57,54,7,4,3,3,2,1,123,62,61
HOCKLEY COUNTY,219,37 Years,234,113,121,110,51,59,7,3,4,4,3,1,113,56,57
HOCKLEY COUNTY,219,38 Years,240,118,122,116,59,57,7,2,5,5,3,2,112,54,58
HOCKLEY COUNTY,219,39 Years,233,124,109,119,60,59,6,5,1,5,3,2,103,56,47
HOCKLEY COUNTY,219,40 Years,213,103,110,108,51,57,6,4,2,2,1,1,97,47,50
HOCKLEY COUNTY,219,41 Years,230,106,124,102,45,57,5,1,4,5,4,1,118,56,62
HOCKLEY COUNTY,219,42 Years,257,124,133,137,64,73,2,0,2,3,2,1,115,58,57
HOCKLEY COUNTY,219,43 Years,252,115,137,128,57,71,5,3,2,3,2,1,116,53,63
HOCKLEY COUNTY,219,44 Years,254,122,132,131,67,64,8,3,5,3,1,2,112,51,61
HOCKLEY COUNTY,219,45 Years,241,118,123,132,64,68,4,1,3,3,1,2,102,52,50
HOCKLEY COUNTY,219,46 Years,244,115,129,118,55,63,10,4,6,5,3,2,111,53,58
HOCKLEY COUNTY,219,47 Years,224,101,123,115,51,64,6,4,2,4,1,3,99,45,54
HOCKLEY COUNTY,219,48 Years,264,133,131,142,71,71,9,5,4,6,2,4,107,55,52
HOCKLEY COUNTY,219,49 Years,307,157,150,154,77,77,12,5,7,5,3,2,136,72,64
HOCKLEY COUNTY,219,50 Years,291,142,149,148,74,74,8,4,4,4,1,3,131,63,68
HOCKLEY COUNTY,219,51 Years,311,152,159,159,74,85,10,4,6,3,1,2,139,73,66
HOCKLEY COUNTY,219,52 Years,322,166,156,178,87,91,13,6,7,4,2,2,127,71,56
HOCKLEY COUNTY,219,53 Years,326,138,188,191,88,103,12,3,9,4,2,2,119,45,74
HOCKLEY COUNTY,219,54 Years,324,156,168,198,97,101,11,6,5,2,1,1,113,52,61
HOCKLEY COUNTY,219,55 Years,307,166,141,179,90,89,6,4,2,4,3,1,118,69,49
HOCKLEY COUNTY,219,56 Years,316,163,153,190,93,97,11,3,8,2,2,0,113,65,48
HOCKLEY COUNTY,219,57 Years,292,145,147,167,83,84,15,6,9,3,1,2,107,55,52
HOCKLEY COUNTY,219,58 Years,326,174,152,199,106,93,14,6,8,4,2,2,109,60,49
HOCKLEY COUNTY,219,59 Years,298,160,138,190,99,91,9,6,3,3,1,2,96,54,42
HOCKLEY COUNTY,219,60 Years,293,144,149,182,88,94,10,4,6,3,1,2,98,51,47
HOCKLEY COUNTY,219,61 Years,299,150,149,195,99,96,9,5,4,5,2,3,90,44,46
HOCKLEY COUNTY,219,62 Years,271,138,133,184,93,91,6,3,3,4,3,1,77,39,38
HOCKLEY COUNTY,219,63 Years,250,123,127,158,81,77,9,3,6,3,1,2,80,38,42
HOCKLEY COUNTY,219,64 Years,229,120,109,145,81,64,5,1,4,4,2,2,75,36,39
HOCKLEY COUNTY,219,65 Years,226,108,118,148,76,72,6,2,4,4,2,2,68,28,40
HOCKLEY COUNTY,219,66 Years,218,99,119,141,60,81,4,3,1,4,2,2,69,34,35
HOCKLEY COUNTY,219,67 Years,209,99,110,137,66,71,3,2,1,3,2,1,66,29,37
HOCKLEY COUNTY,219,68 Years,199,94,105,130,65,65,2,1,1,5,2,3,62,26,36
HOCKLEY COUNTY,219,69 Years,184,91,93,116,59,57,3,1,2,3,2,1,62,29,33
HOCKLEY COUNTY,219,70 Years,181,92,89,125,66,59,3,1,2,1,1,0,52,24,28
HOCKLEY COUNTY,219,71 Years,187,88,99,143,69,74,2,1,1,2,0,2,40,18,22
HOCKLEY COUNTY,219,72 Years,165,76,89,120,54,66,3,3,0,3,1,2,39,18,21
HOCKLEY COUNTY,219,73 Years,145,66,79,108,47,61,4,2,2,2,1,1,31,16,15
HOCKLEY COUNTY,219,74 Years,137,65,72,99,49,50,4,2,2,2,2,0,32,12,20
HOCKLEY COUNTY,219,75 Years,121,53,68,86,34,52,5,4,1,1,1,0,29,14,15
HOCKLEY COUNTY,219,76 Years,130,51,79,96,36,60,1,1,0,1,0,1,32,14,18
HOCKLEY COUNTY,219,77 Years,134,62,72,101,46,55,7,3,4,3,1,2,23,12,11
HOCKLEY COUNTY,219,78 Years,131,58,73,97,42,55,6,2,4,5,4,1,23,10,13
HOCKLEY COUNTY,219,79 Years,121,53,68,84,35,49,4,2,2,3,2,1,30,14,16
HOCKLEY COUNTY,219,80 Years,101,48,53,73,36,37,2,1,1,1,0,1,25,11,14
HOCKLEY COUNTY,219,81 Years,96,42,54,74,34,40,0,0,0,2,0,2,20,8,12
HOCKLEY COUNTY,219,82 Years,79,35,44,57,27,30,3,0,3,0,0,0,19,8,11
HOCKLEY COUNTY,219,83 Years,75,31,44,59,25,34,4,2,2,0,0,0,12,4,8
HOCKLEY COUNTY,219,84 Years,69,27,42,52,20,32,3,2,1,2,0,2,12,5,7
HOCKLEY COUNTY,219,85 Years +,356,133,223,270,97,173,14,4,10,2,2,0,70,30,40
HOOD COUNTY,221,All Ages,53544,26362,27182,45986,22383,23603,228,147,81,1258,600,658,6072,3232,2840
HOOD COUNTY,221,< 1 Year,585,312,273,447,241,206,1,1,0,23,11,12,114,59,55
HOOD COUNTY,221,1 Years,554,285,269,428,224,204,3,2,1,18,9,9,105,50,55
HOOD COUNTY,221,2 Years,548,279,269,426,220,206,3,2,1,18,12,6,101,45,56
HOOD COUNTY,221,3 Years,535,282,253,409,217,192,3,2,1,22,16,6,101,47,54
HOOD COUNTY,221,4 Years,527,265,262,404,208,196,0,0,0,20,11,9,103,46,57
HOOD COUNTY,221,5 Years,553,280,273,421,205,216,2,1,1,22,11,11,108,63,45
HOOD COUNTY,221,6 Years,605,291,314,463,221,242,2,1,1,24,10,14,116,59,57
HOOD COUNTY,221,7 Years,619,303,316,474,229,245,1,0,1,24,14,10,120,60,60
HOOD COUNTY,221,8 Years,610,323,287,458,244,214,3,1,2,28,13,15,121,65,56
HOOD COUNTY,221,9 Years,601,323,278,446,235,211,3,2,1,25,12,13,127,74,53
HOOD COUNTY,221,10 Years,610,301,309,453,217,236,1,0,1,21,11,10,135,73,62
HOOD COUNTY,221,11 Years,636,309,327,487,234,253,3,2,1,21,12,9,125,61,64
HOOD COUNTY,221,12 Years,599,304,295,459,237,222,4,2,2,18,7,11,118,58,60
HOOD COUNTY,221,13 Years,610,330,280,460,260,200,2,0,2,22,7,15,126,63,63
HOOD COUNTY,221,14 Years,671,351,320,522,280,242,3,2,1,16,9,7,130,60,70
HOOD COUNTY,221,15 Years,644,334,310,494,261,233,4,2,2,17,6,11,129,65,64
HOOD COUNTY,221,16 Years,639,324,315,496,249,247,3,2,1,20,10,10,120,63,57
HOOD COUNTY,221,17 Years,648,340,308,505,268,237,3,2,1,17,9,8,123,61,62
HOOD COUNTY,221,18 Years,608,336,272,461,258,203,3,2,1,21,11,10,123,65,58
HOOD COUNTY,221,19 Years,574,322,252,436,243,193,6,4,2,14,9,5,118,66,52
HOOD COUNTY,221,20 Years,570,305,265,427,218,209,12,8,4,18,13,5,113,66,47
HOOD COUNTY,221,21 Years,574,301,273,422,214,208,8,6,2,18,9,9,126,72,54
HOOD COUNTY,221,22 Years,549,279,270,402,194,208,4,3,1,19,9,10,124,73,51
HOOD COUNTY,221,23 Years,479,249,230,354,177,177,2,0,2,18,11,7,105,61,44
HOOD COUNTY,221,24 Years,486,248,238,360,171,189,4,2,2,9,5,4,113,70,43
HOOD COUNTY,221,25 Years,480,237,243,359,167,192,4,2,2,11,6,5,106,62,44
HOOD COUNTY,221,26 Years,490,251,239,367,180,187,3,2,1,10,4,6,110,65,45
HOOD COUNTY,221,27 Years,478,239,239,370,175,195,2,2,0,6,2,4,100,60,40
HOOD COUNTY,221,28 Years,431,232,199,328,167,161,2,2,0,12,4,8,89,59,30
HOOD COUNTY,221,29 Years,485,244,241,387,189,198,4,3,1,13,5,8,81,47,34
HOOD COUNTY,221,30 Years,507,251,256,406,197,209,1,1,0,11,5,6,89,48,41
HOOD COUNTY,221,31 Years,526,259,267,426,208,218,3,3,0,13,6,7,84,42,42
HOOD COUNTY,221,32 Years,551,284,267,449,232,217,2,1,1,11,5,6,89,46,43
HOOD COUNTY,221,33 Years,575,293,282,466,235,231,2,0,2,13,6,7,94,52,42
HOOD COUNTY,221,34 Years,545,277,268,431,213,218,1,0,1,11,3,8,102,61,41
HOOD COUNTY,221,35 Years,504,252,252,406,200,206,4,4,0,14,4,10,80,44,36
HOOD COUNTY,221,36 Years,504,270,234,418,219,199,3,3,0,8,4,4,75,44,31
HOOD COUNTY,221,37 Years,505,257,248,420,208,212,3,3,0,10,7,3,72,39,33
HOOD COUNTY,221,38 Years,487,220,267,404,174,230,4,3,1,10,8,2,69,35,34
HOOD COUNTY,221,39 Years,503,239,264,412,195,217,5,3,2,12,7,5,74,34,40
HOOD COUNTY,221,40 Years,508,263,245,432,225,207,2,2,0,7,2,5,67,34,33
HOOD COUNTY,221,41 Years,536,270,266,446,229,217,2,1,1,9,3,6,79,37,42
HOOD COUNTY,221,42 Years,598,273,325,512,234,278,2,1,1,18,7,11,66,31,35
HOOD COUNTY,221,43 Years,608,296,312,534,257,277,4,3,1,13,5,8,57,31,26
HOOD COUNTY,221,44 Years,623,309,314,534,260,274,2,2,0,13,6,7,74,41,33
HOOD COUNTY,221,45 Years,593,279,314,501,231,270,2,2,0,12,8,4,78,38,40
HOOD COUNTY,221,46 Years,575,276,299,486,230,256,1,1,0,9,5,4,79,40,39
HOOD COUNTY,221,47 Years,608,287,321,517,245,272,4,1,3,11,4,7,76,37,39
HOOD COUNTY,221,48 Years,631,317,314,538,275,263,1,0,1,17,6,11,75,36,39
HOOD COUNTY,221,49 Years,696,347,349,601,302,299,2,2,0,18,7,11,75,36,39
HOOD COUNTY,221,50 Years,713,355,358,635,315,320,1,1,0,13,6,7,64,33,31
HOOD COUNTY,221,51 Years,763,374,389,669,327,342,3,3,0,18,9,9,73,35,38
HOOD COUNTY,221,52 Years,780,389,391,688,336,352,3,3,0,26,14,12,63,36,27
HOOD COUNTY,221,53 Years,805,407,398,721,354,367,4,3,1,20,12,8,60,38,22
HOOD COUNTY,221,54 Years,857,407,450,766,360,406,5,1,4,24,12,12,62,34,28
HOOD COUNTY,221,55 Years,842,392,450,762,354,408,3,1,2,20,9,11,57,28,29
HOOD COUNTY,221,56 Years,827,414,413,744,371,373,2,2,0,19,8,11,62,33,29
HOOD COUNTY,221,57 Years,836,397,439,758,356,402,3,2,1,23,8,15,52,31,21
HOOD COUNTY,221,58 Years,861,406,455,774,359,415,6,5,1,25,11,14,56,31,25
HOOD COUNTY,221,59 Years,847,419,428,765,376,389,3,2,1,25,11,14,54,30,24
HOOD COUNTY,221,60 Years,862,434,428,802,406,396,3,2,1,19,10,9,38,16,22
HOOD COUNTY,221,61 Years,859,378,481,805,356,449,5,2,3,18,8,10,31,12,19
HOOD COUNTY,221,62 Years,826,390,436,785,369,416,2,1,1,16,6,10,23,14,9
HOOD COUNTY,221,63 Years,834,394,440,781,364,417,4,2,2,14,4,10,35,24,11
HOOD COUNTY,221,64 Years,904,416,488,852,391,461,4,2,2,14,5,9,34,18,16
HOOD COUNTY,221,65 Years,903,400,503,858,383,475,3,1,2,15,6,9,27,10,17
HOOD COUNTY,221,66 Years,922,435,487,882,414,468,5,3,2,12,6,6,23,12,11
HOOD COUNTY,221,67 Years,918,456,462,882,434,448,4,4,0,9,4,5,23,14,9
HOOD COUNTY,221,68 Years,810,385,425,766,361,405,3,1,2,14,7,7,27,16,11
HOOD COUNTY,221,69 Years,830,397,433,784,376,408,1,0,1,16,7,9,29,14,15
HOOD COUNTY,221,70 Years,810,417,393,774,398,376,1,1,0,14,8,6,21,10,11
HOOD COUNTY,221,71 Years,745,371,374,712,352,360,2,1,1,8,4,4,23,14,9
HOOD COUNTY,221,72 Years,684,331,353,654,311,343,2,1,1,10,6,4,18,13,5
HOOD COUNTY,221,73 Years,650,313,337,620,295,325,1,1,0,11,5,6,18,12,6
HOOD COUNTY,221,74 Years,598,292,306,577,280,297,1,1,0,7,3,4,13,8,5
HOOD COUNTY,221,75 Years,572,288,284,551,274,277,0,0,0,6,3,3,15,11,4
HOOD COUNTY,221,76 Years,519,258,261,501,250,251,0,0,0,7,3,4,11,5,6
HOOD COUNTY,221,77 Years,475,226,249,462,218,244,1,1,0,3,2,1,9,5,4
HOOD COUNTY,221,78 Years,461,220,241,445,210,235,1,1,0,7,4,3,8,5,3
HOOD COUNTY,221,79 Years,410,194,216,400,189,211,0,0,0,4,1,3,6,4,2
HOOD COUNTY,221,80 Years,354,170,184,345,167,178,0,0,0,5,1,4,4,2,2
HOOD COUNTY,221,81 Years,315,143,172,305,140,165,1,1,0,2,1,1,7,1,6
HOOD COUNTY,221,82 Years,279,126,153,269,124,145,0,0,0,4,0,4,6,2,4
HOOD COUNTY,221,83 Years,257,118,139,247,115,132,1,0,1,3,0,3,6,3,3
HOOD COUNTY,221,84 Years,246,112,134,236,107,129,0,0,0,5,2,3,5,3,2
HOOD COUNTY,221,85 Years +,1189,440,749,1145,419,726,2,2,0,17,8,9,25,11,14
HOPKINS COUNTY,223,All Ages,36290,18098,18192,26355,12886,13469,2557,1260,1297,1102,557,545,6276,3395,2881
HOPKINS COUNTY,223,< 1 Year,461,239,222,286,143,143,25,10,15,33,23,10,117,63,54
HOPKINS COUNTY,223,1 Years,471,240,231,296,149,147,25,10,15,39,26,13,111,55,56
HOPKINS COUNTY,223,2 Years,480,247,233,295,148,147,27,11,16,44,32,12,114,56,58
HOPKINS COUNTY,223,3 Years,510,261,249,311,155,156,27,12,15,43,27,16,129,67,62
HOPKINS COUNTY,223,4 Years,518,271,247,317,168,149,30,20,10,34,18,16,137,65,72
HOPKINS COUNTY,223,5 Years,500,266,234,280,154,126,39,21,18,34,14,20,147,77,70
HOPKINS COUNTY,223,6 Years,495,262,233,284,155,129,30,15,15,38,18,20,143,74,69
HOPKINS COUNTY,223,7 Years,522,267,255,298,145,153,31,15,16,35,16,19,158,91,67
HOPKINS COUNTY,223,8 Years,522,260,262,301,151,150,35,20,15,39,16,23,147,73,74
HOPKINS COUNTY,223,9 Years,500,252,248,287,143,144,39,21,18,39,18,21,135,70,65
HOPKINS COUNTY,223,10 Years,534,280,254,317,169,148,38,21,17,35,15,20,144,75,69
HOPKINS COUNTY,223,11 Years,516,251,265,316,150,166,32,20,12,31,12,19,137,69,68
HOPKINS COUNTY,223,12 Years,512,256,256,324,162,162,31,19,12,23,10,13,134,65,69
HOPKINS COUNTY,223,13 Years,533,290,243,344,192,152,40,25,15,19,9,10,130,64,66
HOPKINS COUNTY,223,14 Years,508,280,228,324,170,154,38,24,14,22,14,8,124,72,52
HOPKINS COUNTY,223,15 Years,515,265,250,327,161,166,36,22,14,18,12,6,134,70,64
HOPKINS COUNTY,223,16 Years,494,241,253,320,159,161,35,14,21,16,9,7,123,59,64
HOPKINS COUNTY,223,17 Years,498,262,236,323,180,143,42,19,23,13,2,11,120,61,59
HOPKINS COUNTY,223,18 Years,501,257,244,319,178,141,41,18,23,14,4,10,127,57,70
HOPKINS COUNTY,223,19 Years,481,249,232,298,161,137,35,14,21,13,7,6,135,67,68
HOPKINS COUNTY,223,20 Years,499,262,237,305,156,149,36,18,18,20,13,7,138,75,63
HOPKINS COUNTY,223,21 Years,488,254,234,314,165,149,35,18,17,15,6,9,124,65,59
HOPKINS COUNTY,223,22 Years,475,241,234,299,145,154,46,24,22,16,7,9,114,65,49
HOPKINS COUNTY,223,23 Years,477,244,233,323,157,166,37,20,17,10,6,4,107,61,46
HOPKINS COUNTY,223,24 Years,443,223,220,293,141,152,35,16,19,6,6,0,109,60,49
HOPKINS COUNTY,223,25 Years,428,227,201,289,149,140,23,12,11,5,4,1,111,62,49
HOPKINS COUNTY,223,26 Years,472,241,231,329,157,172,21,12,9,6,4,2,116,68,48
HOPKINS COUNTY,223,27 Years,451,223,228,319,153,166,20,12,8,8,4,4,104,54,50
HOPKINS COUNTY,223,28 Years,435,235,200,308,160,148,22,12,10,14,6,8,91,57,34
HOPKINS COUNTY,223,29 Years,418,219,199,280,139,141,24,13,11,9,5,4,105,62,43
HOPKINS COUNTY,223,30 Years,382,194,188,255,131,124,29,13,16,6,3,3,92,47,45
HOPKINS COUNTY,223,31 Years,392,195,197,265,131,134,29,15,14,9,3,6,89,46,43
HOPKINS COUNTY,223,32 Years,376,198,178,260,129,131,25,13,12,8,4,4,83,52,31
HOPKINS COUNTY,223,33 Years,391,204,187,259,129,130,29,17,12,13,6,7,90,52,38
HOPKINS COUNTY,223,34 Years,403,214,189,270,143,127,28,14,14,13,7,6,92,50,42
HOPKINS COUNTY,223,35 Years,379,189,190,268,128,140,26,12,14,8,5,3,77,44,33
HOPKINS COUNTY,223,36 Years,384,202,182,267,136,131,26,15,11,11,6,5,80,45,35
HOPKINS COUNTY,223,37 Years,389,199,190,267,131,136,23,12,11,11,7,4,88,49,39
HOPKINS COUNTY,223,38 Years,394,194,200,264,133,131,28,10,18,9,7,2,93,44,49
HOPKINS COUNTY,223,39 Years,407,194,213,290,141,149,27,7,20,7,5,2,83,41,42
HOPKINS COUNTY,223,40 Years,432,199,233,302,140,162,28,11,17,5,2,3,97,46,51
HOPKINS COUNTY,223,41 Years,407,198,209,290,140,150,29,17,12,7,2,5,81,39,42
HOPKINS COUNTY,223,42 Years,451,225,226,333,165,168,33,16,17,9,2,7,76,42,34
HOPKINS COUNTY,223,43 Years,454,224,230,340,168,172,38,19,19,11,4,7,65,33,32
HOPKINS COUNTY,223,44 Years,443,223,220,336,165,171,27,14,13,12,7,5,68,37,31
HOPKINS COUNTY,223,45 Years,463,228,235,343,160,183,35,14,21,14,6,8,71,48,23
HOPKINS COUNTY,223,46 Years,467,223,244,357,163,194,35,16,19,11,5,6,64,39,25
HOPKINS COUNTY,223,47 Years,402,203,199,293,147,146,36,21,15,9,3,6,64,32,32
HOPKINS COUNTY,223,48 Years,445,217,228,332,158,174,34,21,13,8,2,6,71,36,35
HOPKINS COUNTY,223,49 Years,490,236,254,373,180,193,30,14,16,8,1,7,79,41,38
HOPKINS COUNTY,223,50 Years,502,255,247,372,183,189,32,15,17,11,4,7,87,53,34
HOPKINS COUNTY,223,51 Years,503,275,228,382,202,180,33,13,20,9,5,4,79,55,24
HOPKINS COUNTY,223,52 Years,526,267,259,415,204,211,35,14,21,8,5,3,68,44,24
HOPKINS COUNTY,223,53 Years,506,245,261,385,186,199,45,18,27,11,6,5,65,35,30
HOPKINS COUNTY,223,54 Years,507,253,254,405,197,208,43,20,23,7,4,3,52,32,20
HOPKINS COUNTY,223,55 Years,491,251,240,388,195,193,41,20,21,8,3,5,54,33,21
HOPKINS COUNTY,223,56 Years,485,246,239,387,186,201,37,24,13,13,5,8,48,31,17
HOPKINS COUNTY,223,57 Years,482,247,235,385,189,196,40,26,14,12,6,6,45,26,19
HOPKINS COUNTY,223,58 Years,504,259,245,406,195,211,38,24,14,11,7,4,49,33,16
HOPKINS COUNTY,223,59 Years,491,243,248,413,197,216,40,22,18,6,4,2,32,20,12
HOPKINS COUNTY,223,60 Years,458,230,228,377,178,199,46,28,18,5,3,2,30,21,9
HOPKINS COUNTY,223,61 Years,439,209,230,349,160,189,45,24,21,10,3,7,35,22,13
HOPKINS COUNTY,223,62 Years,436,213,223,355,172,183,44,23,21,9,4,5,28,14,14
HOPKINS COUNTY,223,63 Years,414,200,214,351,170,181,36,17,19,7,2,5,20,11,9
HOPKINS COUNTY,223,64 Years,420,198,222,353,167,186,34,14,20,7,2,5,26,15,11
HOPKINS COUNTY,223,65 Years,446,206,240,386,179,207,33,14,19,9,3,6,18,10,8
HOPKINS COUNTY,223,66 Years,416,190,226,360,167,193,31,11,20,10,5,5,15,7,8
HOPKINS COUNTY,223,67 Years,411,187,224,357,162,195,33,13,20,8,4,4,13,8,5
HOPKINS COUNTY,223,68 Years,357,178,179,308,151,157,29,15,14,4,2,2,16,10,6
HOPKINS COUNTY,223,69 Years,339,176,163,307,158,149,16,8,8,3,1,2,13,9,4
HOPKINS COUNTY,223,70 Years,341,172,169,309,158,151,14,4,10,4,2,2,14,8,6
HOPKINS COUNTY,223,71 Years,335,166,169,295,147,148,20,9,11,7,5,2,13,5,8
HOPKINS COUNTY,223,72 Years,301,137,164,263,114,149,22,12,10,5,4,1,11,7,4
HOPKINS COUNTY,223,73 Years,304,130,174,269,114,155,20,7,13,3,1,2,12,8,4
HOPKINS COUNTY,223,74 Years,259,122,137,225,109,116,21,7,14,2,0,2,11,6,5
HOPKINS COUNTY,223,75 Years,249,121,128,215,106,109,21,8,13,5,4,1,8,3,5
HOPKINS COUNTY,223,76 Years,223,103,120,199,94,105,17,6,11,3,2,1,4,1,3
HOPKINS COUNTY,223,77 Years,219,103,116,204,98,106,11,2,9,0,0,0,4,3,1
HOPKINS COUNTY,223,78 Years,214,98,116,199,90,109,9,5,4,1,0,1,5,3,2
HOPKINS COUNTY,223,79 Years,211,94,117,190,85,105,15,5,10,3,2,1,3,2,1
HOPKINS COUNTY,223,80 Years,197,84,113,177,76,101,12,4,8,3,2,1,5,2,3
HOPKINS COUNTY,223,81 Years,173,75,98,153,67,86,11,2,9,1,0,1,8,6,2
HOPKINS COUNTY,223,82 Years,150,67,83,133,60,73,12,4,8,0,0,0,5,3,2
HOPKINS COUNTY,223,83 Years,135,59,76,124,53,71,9,5,4,1,0,1,1,1,0
HOPKINS COUNTY,223,84 Years,126,53,73,117,47,70,6,3,3,1,1,0,2,2,0
HOPKINS COUNTY,223,85 Years +,712,262,450,652,237,415,36,15,21,15,6,9,9,4,5
HOUSTON COUNTY,225,All Ages,23335,12568,10767,14216,7260,6956,6069,3432,2637,501,223,278,2549,1653,896
HOUSTON COUNTY,225,< 1 Year,229,118,111,100,48,52,71,37,34,15,9,6,43,24,19
HOUSTON COUNTY,225,1 Years,239,124,115,104,51,53,71,36,35,18,11,7,46,26,20
HOUSTON COUNTY,225,2 Years,242,123,119,100,48,52,73,34,39,19,11,8,50,30,20
HOUSTON COUNTY,225,3 Years,252,119,133,106,51,55,77,31,46,17,8,9,52,29,23
HOUSTON COUNTY,225,4 Years,279,141,138,122,74,48,86,33,53,13,3,10,58,31,27
HOUSTON COUNTY,225,5 Years,285,150,135,130,72,58,82,41,41,13,4,9,60,33,27
HOUSTON COUNTY,225,6 Years,249,126,123,117,58,59,65,33,32,14,4,10,53,31,22
HOUSTON COUNTY,225,7 Years,264,137,127,131,65,66,66,39,27,19,7,12,48,26,22
HOUSTON COUNTY,225,8 Years,281,146,135,138,73,65,73,40,33,20,5,15,50,28,22
HOUSTON COUNTY,225,9 Years,271,146,125,145,73,72,63,38,25,15,6,9,48,29,19
HOUSTON COUNTY,225,10 Years,255,135,120,136,74,62,61,31,30,16,8,8,42,22,20
HOUSTON COUNTY,225,11 Years,235,125,110,125,71,54,56,28,28,14,6,8,40,20,20
HOUSTON COUNTY,225,12 Years,242,125,117,133,70,63,57,33,24,12,3,9,40,19,21
HOUSTON COUNTY,225,13 Years,247,121,126,136,70,66,65,32,33,10,5,5,36,14,22
HOUSTON COUNTY,225,14 Years,255,131,124,137,71,66,66,34,32,9,4,5,43,22,21
HOUSTON COUNTY,225,15 Years,260,134,126,143,72,71,78,43,35,6,2,4,33,17,16
HOUSTON COUNTY,225,16 Years,273,138,135,146,75,71,74,41,33,11,5,6,42,17,25
HOUSTON COUNTY,225,17 Years,237,123,114,134,61,73,66,44,22,7,4,3,30,14,16
HOUSTON COUNTY,225,18 Years,253,147,106,146,81,65,64,40,24,5,2,3,38,24,14
HOUSTON COUNTY,225,19 Years,261,161,100,149,88,61,73,50,23,7,3,4,32,20,12
HOUSTON COUNTY,225,20 Years,274,157,117,147,84,63,85,48,37,6,3,3,36,22,14
HOUSTON COUNTY,225,21 Years,296,158,138,144,76,68,107,58,49,5,2,3,40,22,18
HOUSTON COUNTY,225,22 Years,293,174,119,138,80,58,102,64,38,3,2,1,50,28,22
HOUSTON COUNTY,225,23 Years,287,161,126,123,59,64,105,64,41,4,1,3,55,37,18
HOUSTON COUNTY,225,24 Years,266,158,108,116,65,51,100,53,47,3,2,1,47,38,9
HOUSTON COUNTY,225,25 Years,249,146,103,118,62,56,86,48,38,2,2,0,43,34,9
HOUSTON COUNTY,225,26 Years,246,151,95,118,75,43,82,47,35,5,3,2,41,26,15
HOUSTON COUNTY,225,27 Years,266,162,104,138,84,54,78,46,32,4,3,1,46,29,17
HOUSTON COUNTY,225,28 Years,252,162,90,119,75,44,84,52,32,5,3,2,44,32,12
HOUSTON COUNTY,225,29 Years,232,140,92,114,60,54,77,48,29,5,3,2,36,29,7
HOUSTON COUNTY,225,30 Years,253,152,101,127,65,62,76,46,30,4,2,2,46,39,7
HOUSTON COUNTY,225,31 Years,272,163,109,143,79,64,74,47,27,4,1,3,51,36,15
HOUSTON COUNTY,225,32 Years,277,167,110,154,87,67,76,48,28,2,1,1,45,31,14
HOUSTON COUNTY,225,33 Years,266,167,99,131,75,56,84,55,29,5,3,2,46,34,12
HOUSTON COUNTY,225,34 Years,272,155,117,143,85,58,78,41,37,7,2,5,44,27,17
HOUSTON COUNTY,225,35 Years,245,143,102,133,72,61,65,42,23,6,1,5,41,28,13
HOUSTON COUNTY,225,36 Years,259,153,106,126,64,62,82,52,30,5,1,4,46,36,10
HOUSTON COUNTY,225,37 Years,259,157,102,116,65,51,81,46,35,4,1,3,58,45,13
HOUSTON COUNTY,225,38 Years,255,164,91,122,71,51,82,54,28,4,3,1,47,36,11
HOUSTON COUNTY,225,39 Years,264,166,98,136,75,61,80,56,24,5,2,3,43,33,10
HOUSTON COUNTY,225,40 Years,261,160,101,141,74,67,74,53,21,5,2,3,41,31,10
HOUSTON COUNTY,225,41 Years,261,153,108,146,76,70,69,45,24,4,1,3,42,31,11
HOUSTON COUNTY,225,42 Years,283,165,118,147,75,72,95,62,33,4,3,1,37,25,12
HOUSTON COUNTY,225,43 Years,310,193,117,178,103,75,95,61,34,2,1,1,35,28,7
HOUSTON COUNTY,225,44 Years,290,175,115,152,79,73,96,62,34,2,1,1,40,33,7
HOUSTON COUNTY,225,45 Years,283,169,114,160,86,74,86,57,29,6,3,3,31,23,8
HOUSTON COUNTY,225,46 Years,313,206,107,181,111,70,87,61,26,6,3,3,39,31,8
HOUSTON COUNTY,225,47 Years,298,182,116,173,99,74,92,59,33,2,1,1,31,23,8
HOUSTON COUNTY,225,48 Years,332,198,134,188,107,81,106,64,42,3,2,1,35,25,10
HOUSTON COUNTY,225,49 Years,358,222,136,200,115,85,122,80,42,2,1,1,34,26,8
HOUSTON COUNTY,225,50 Years,348,205,143,190,99,91,120,78,42,4,2,2,34,26,8
HOUSTON COUNTY,225,51 Years,356,204,152,219,114,105,107,68,39,2,2,0,28,20,8
HOUSTON COUNTY,225,52 Years,351,192,159,209,101,108,111,69,42,2,1,1,29,21,8
HOUSTON COUNTY,225,53 Years,366,218,148,232,129,103,96,58,38,5,4,1,33,27,6
HOUSTON COUNTY,225,54 Years,369,210,159,250,134,116,88,56,32,3,1,2,28,19,9
HOUSTON COUNTY,225,55 Years,352,195,157,226,113,113,99,65,34,5,2,3,22,15,7
HOUSTON COUNTY,225,56 Years,352,185,167,240,122,118,80,45,35,8,3,5,24,15,9
HOUSTON COUNTY,225,57 Years,343,169,174,234,119,115,86,41,45,7,2,5,16,7,9
HOUSTON COUNTY,225,58 Years,317,157,160,225,116,109,77,34,43,2,1,1,13,6,7
HOUSTON COUNTY,225,59 Years,330,162,168,229,112,117,85,40,45,1,1,0,15,9,6
HOUSTON COUNTY,225,60 Years,312,140,172,217,97,120,78,36,42,4,0,4,13,7,6
HOUSTON COUNTY,225,61 Years,314,152,162,218,104,114,68,32,36,7,2,5,21,14,7
HOUSTON COUNTY,225,62 Years,324,159,165,243,115,128,67,36,31,4,1,3,10,7,3
HOUSTON COUNTY,225,63 Years,293,136,157,223,107,116,56,21,35,3,1,2,11,7,4
HOUSTON COUNTY,225,64 Years,280,138,142,209,104,105,55,23,32,4,3,1,12,8,4
HOUSTON COUNTY,225,65 Years,296,148,148,231,114,117,56,28,28,4,3,1,5,3,2
HOUSTON COUNTY,225,66 Years,319,145,174,250,111,139,58,30,28,5,0,5,6,4,2
HOUSTON COUNTY,225,67 Years,319,148,171,258,116,142,52,26,26,3,0,3,6,6,0
HOUSTON COUNTY,225,68 Years,296,144,152,237,114,123,49,22,27,1,0,1,9,8,1
HOUSTON COUNTY,225,69 Years,294,140,154,236,111,125,47,22,25,2,1,1,9,6,3
HOUSTON COUNTY,225,70 Years,264,128,136,218,104,114,42,21,21,1,1,0,3,2,1
HOUSTON COUNTY,225,71 Years,264,129,135,216,106,110,41,19,22,2,1,1,5,3,2
HOUSTON COUNTY,225,72 Years,268,124,144,223,106,117,39,17,22,2,0,2,4,1,3
HOUSTON COUNTY,225,73 Years,260,133,127,217,111,106,37,19,18,2,1,1,4,2,2
HOUSTON COUNTY,225,74 Years,233,117,116,197,97,100,32,17,15,1,1,0,3,2,1
HOUSTON COUNTY,225,75 Years,220,99,121,181,79,102,32,17,15,4,3,1,3,0,3
HOUSTON COUNTY,225,76 Years,193,96,97,161,80,81,28,14,14,2,2,0,2,0,2
HOUSTON COUNTY,225,77 Years,174,81,93,142,65,77,25,13,12,4,1,3,3,2,1
HOUSTON COUNTY,225,78 Years,165,76,89,131,58,73,30,16,14,3,1,2,1,1,0
HOUSTON COUNTY,225,79 Years,171,89,82,137,69,68,28,17,11,3,2,1,3,1,2
HOUSTON COUNTY,225,80 Years,144,69,75,109,52,57,28,13,15,2,2,0,5,2,3
HOUSTON COUNTY,225,81 Years,134,68,66,107,54,53,20,9,11,3,2,1,4,3,1
HOUSTON COUNTY,225,82 Years,118,55,63,101,46,55,13,6,7,1,1,0,3,2,1
HOUSTON COUNTY,225,83 Years,105,46,59,87,38,49,15,7,8,1,1,0,2,0,2
HOUSTON COUNTY,225,84 Years,90,40,50,78,34,44,12,6,6,0,0,0,0,0,0
HOUSTON COUNTY,225,85 Years +,620,222,398,485,180,305,119,34,85,10,5,5,6,3,3
HOWARD COUNTY,227,All Ages,36358,20508,15850,18944,10184,8760,2202,1593,609,968,559,409,14244,8172,6072
HOWARD COUNTY,227,< 1 Year,450,236,214,177,93,84,19,10,9,11,6,5,243,127,116
HOWARD COUNTY,227,1 Years,446,236,210,184,97,87,16,9,7,9,5,4,237,125,112
HOWARD COUNTY,227,2 Years,405,201,204,161,81,80,14,6,8,6,2,4,224,112,112
HOWARD COUNTY,227,3 Years,412,211,201,163,84,79,15,9,6,8,3,5,226,115,111
HOWARD COUNTY,227,4 Years,425,203,222,159,73,86,17,10,7,16,8,8,233,112,121
HOWARD COUNTY,227,5 Years,465,234,231,180,80,100,19,10,9,22,11,11,244,133,111
HOWARD COUNTY,227,6 Years,440,219,221,180,84,96,13,6,7,20,8,12,227,121,106
HOWARD COUNTY,227,7 Years,474,242,232,199,100,99,14,8,6,18,7,11,243,127,116
HOWARD COUNTY,227,8 Years,477,249,228,177,88,89,19,8,11,24,13,11,257,140,117
HOWARD COUNTY,227,9 Years,473,244,229,185,97,88,27,13,14,27,13,14,234,121,113
HOWARD COUNTY,227,10 Years,430,227,203,157,86,71,30,16,14,22,11,11,221,114,107
HOWARD COUNTY,227,11 Years,419,223,196,167,83,84,30,18,12,17,10,7,205,112,93
HOWARD COUNTY,227,12 Years,459,244,215,181,97,84,25,16,9,12,7,5,241,124,117
HOWARD COUNTY,227,13 Years,448,228,220,169,81,88,23,15,8,10,5,5,246,127,119
HOWARD COUNTY,227,14 Years,437,223,214,184,86,98,20,12,8,10,5,5,223,120,103
HOWARD COUNTY,227,15 Years,419,213,206,160,76,84,21,10,11,15,6,9,223,121,102
HOWARD COUNTY,227,16 Years,448,214,234,179,86,93,23,12,11,14,5,9,232,111,121
HOWARD COUNTY,227,17 Years,492,292,200,185,106,79,40,28,12,11,3,8,256,155,101
HOWARD COUNTY,227,18 Years,501,290,211,179,96,83,37,25,12,20,15,5,265,154,111
HOWARD COUNTY,227,19 Years,434,230,204,177,93,84,30,22,8,13,9,4,214,106,108
HOWARD COUNTY,227,20 Years,596,395,201,232,142,90,57,51,6,15,10,5,292,192,100
HOWARD COUNTY,227,21 Years,419,224,195,196,103,93,17,9,8,15,8,7,191,104,87
HOWARD COUNTY,227,22 Years,641,413,228,279,158,121,49,39,10,18,13,5,295,203,92
HOWARD COUNTY,227,23 Years,658,383,275,314,182,132,56,40,16,19,16,3,269,145,124
HOWARD COUNTY,227,24 Years,528,299,229,263,140,123,25,13,12,12,8,4,228,138,90
HOWARD COUNTY,227,25 Years,550,319,231,264,157,107,37,31,6,20,10,10,229,121,108
HOWARD COUNTY,227,26 Years,569,361,208,289,174,115,39,33,6,15,14,1,226,140,86
HOWARD COUNTY,227,27 Years,555,313,242,277,148,129,41,35,6,16,12,4,221,118,103
HOWARD COUNTY,227,28 Years,515,297,218,248,135,113,41,36,5,15,8,7,211,118,93
HOWARD COUNTY,227,29 Years,482,293,189,230,132,98,36,31,5,10,7,3,206,123,83
HOWARD COUNTY,227,30 Years,378,204,174,187,105,82,23,14,9,4,2,2,164,83,81
HOWARD COUNTY,227,31 Years,554,391,163,228,149,79,44,39,5,18,14,4,264,189,75
HOWARD COUNTY,227,32 Years,466,293,173,220,142,78,38,30,8,14,8,6,194,113,81
HOWARD COUNTY,227,33 Years,452,266,186,212,123,89,30,19,11,9,4,5,201,120,81
HOWARD COUNTY,227,34 Years,463,262,201,247,136,111,32,26,6,14,9,5,170,91,79
HOWARD COUNTY,227,35 Years,442,263,179,258,149,109,24,18,6,8,5,3,152,91,61
HOWARD COUNTY,227,36 Years,355,203,152,195,112,83,16,11,5,11,7,4,133,73,60
HOWARD COUNTY,227,37 Years,346,183,163,191,99,92,14,9,5,8,1,7,133,74,59
HOWARD COUNTY,227,38 Years,509,326,183,268,161,107,38,31,7,18,8,10,185,126,59
HOWARD COUNTY,227,39 Years,353,200,153,189,110,79,9,4,5,15,9,6,140,77,63
HOWARD COUNTY,227,40 Years,415,219,196,202,102,100,26,20,6,10,8,2,177,89,88
HOWARD COUNTY,227,41 Years,323,161,162,151,71,80,16,11,5,13,5,8,143,74,69
HOWARD COUNTY,227,42 Years,451,288,163,222,137,85,39,32,7,4,2,2,186,117,69
HOWARD COUNTY,227,43 Years,430,257,173,216,127,89,40,32,8,6,6,0,168,92,76
HOWARD COUNTY,227,44 Years,566,373,193,259,165,94,43,32,11,13,9,4,251,167,84
HOWARD COUNTY,227,45 Years,483,297,186,220,125,95,44,38,6,12,7,5,207,127,80
HOWARD COUNTY,227,46 Years,340,173,167,188,96,92,8,3,5,6,2,4,138,72,66
HOWARD COUNTY,227,47 Years,589,429,160,253,172,81,63,56,7,15,11,4,258,190,68
HOWARD COUNTY,227,48 Years,612,404,208,275,167,108,67,57,10,21,10,11,249,170,79
HOWARD COUNTY,227,49 Years,588,373,215,290,161,129,50,37,13,24,17,7,224,158,66
HOWARD COUNTY,227,50 Years,795,596,199,350,232,118,103,95,8,20,15,5,322,254,68
HOWARD COUNTY,227,51 Years,583,348,235,312,159,153,48,34,14,14,11,3,209,144,65
HOWARD COUNTY,227,52 Years,561,354,207,319,186,133,36,29,7,12,8,4,194,131,63
HOWARD COUNTY,227,53 Years,580,374,206,323,187,136,64,53,11,11,8,3,182,126,56
HOWARD COUNTY,227,54 Years,617,393,224,365,207,158,49,42,7,12,10,2,191,134,57
HOWARD COUNTY,227,55 Years,687,455,232,426,262,164,59,51,8,19,13,6,183,129,54
HOWARD COUNTY,227,56 Years,445,234,211,295,154,141,20,12,8,13,8,5,117,60,57
HOWARD COUNTY,227,57 Years,540,330,210,337,193,144,35,29,6,11,6,5,157,102,55
HOWARD COUNTY,227,58 Years,496,260,236,318,162,156,26,15,11,8,4,4,144,79,65
HOWARD COUNTY,227,59 Years,498,296,202,345,209,136,22,16,6,11,7,4,120,64,56
HOWARD COUNTY,227,60 Years,468,234,234,296,156,140,10,6,4,13,8,5,149,64,85
HOWARD COUNTY,227,61 Years,416,219,197,286,153,133,8,1,7,13,8,5,109,57,52
HOWARD COUNTY,227,62 Years,360,183,177,241,123,118,12,5,7,12,6,6,95,49,46
HOWARD COUNTY,227,63 Years,361,167,194,250,113,137,10,5,5,8,4,4,93,45,48
HOWARD COUNTY,227,64 Years,360,194,166,245,130,115,13,8,5,4,1,3,98,55,43
HOWARD COUNTY,227,65 Years,327,173,154,223,119,104,18,12,6,3,1,2,83,41,42
HOWARD COUNTY,227,66 Years,301,149,152,211,106,105,13,6,7,2,1,1,75,36,39
HOWARD COUNTY,227,67 Years,318,166,152,205,106,99,16,10,6,10,8,2,87,42,45
HOWARD COUNTY,227,68 Years,291,169,122,171,96,75,21,15,6,14,9,5,85,49,36
HOWARD COUNTY,227,69 Years,254,124,130,178,87,91,7,4,3,7,3,4,62,30,32
HOWARD COUNTY,227,70 Years,247,121,126,174,85,89,5,3,2,10,5,5,58,28,30
HOWARD COUNTY,227,71 Years,246,113,133,184,83,101,7,4,3,3,1,2,52,25,27
HOWARD COUNTY,227,72 Years,258,129,129,191,95,96,4,1,3,2,1,1,61,32,29
HOWARD COUNTY,227,73 Years,232,113,119,175,86,89,6,2,4,2,1,1,49,24,25
HOWARD COUNTY,227,74 Years,192,80,112,143,61,82,3,0,3,1,0,1,45,19,26
HOWARD COUNTY,227,75 Years,189,81,108,138,60,78,8,3,5,0,0,0,43,18,25
HOWARD COUNTY,227,76 Years,192,87,105,137,64,73,10,4,6,3,1,2,42,18,24
HOWARD COUNTY,227,77 Years,192,84,108,144,63,81,9,3,6,3,0,3,36,18,18
HOWARD COUNTY,227,78 Years,171,75,96,133,59,74,5,3,2,3,0,3,30,13,17
HOWARD COUNTY,227,79 Years,169,78,91,127,57,70,7,3,4,2,0,2,33,18,15
HOWARD COUNTY,227,80 Years,175,76,99,131,54,77,4,2,2,3,2,1,37,18,19
HOWARD COUNTY,227,81 Years,152,55,97,116,42,74,3,1,2,2,1,1,31,11,20
HOWARD COUNTY,227,82 Years,143,62,81,111,52,59,4,3,1,3,0,3,25,7,18
HOWARD COUNTY,227,83 Years,148,76,72,109,55,54,3,2,1,3,1,2,33,18,15
HOWARD COUNTY,227,84 Years,134,63,71,103,47,56,3,2,1,2,1,1,26,13,13
HOWARD COUNTY,227,85 Years +,678,276,402,566,234,332,17,9,8,6,4,2,89,29,60
HUDSPETH COUNTY,229,All Ages,3346,1697,1649,591,320,271,28,21,7,47,24,23,2680,1332,1348
HUDSPETH COUNTY,229,< 1 Year,41,23,18,4,2,2,0,0,0,0,0,0,37,21,16
HUDSPETH COUNTY,229,1 Years,39,19,20,3,2,1,0,0,0,0,0,0,36,17,19
HUDSPETH COUNTY,229,2 Years,46,21,25,3,2,1,0,0,0,0,0,0,43,19,24
HUDSPETH COUNTY,229,3 Years,48,24,24,5,2,3,0,0,0,0,0,0,43,22,21
HUDSPETH COUNTY,229,4 Years,51,25,26,5,3,2,0,0,0,1,1,0,45,21,24
HUDSPETH COUNTY,229,5 Years,42,26,16,4,3,1,0,0,0,2,1,1,36,22,14
HUDSPETH COUNTY,229,6 Years,43,26,17,1,1,0,1,1,0,0,0,0,41,24,17
HUDSPETH COUNTY,229,7 Years,43,27,16,3,2,1,0,0,0,2,2,0,38,23,15
HUDSPETH COUNTY,229,8 Years,43,17,26,5,1,4,0,0,0,1,1,0,37,15,22
HUDSPETH COUNTY,229,9 Years,51,18,33,3,1,2,2,0,2,0,0,0,46,17,29
HUDSPETH COUNTY,229,10 Years,54,23,31,7,1,6,2,2,0,0,0,0,45,20,25
HUDSPETH COUNTY,229,11 Years,50,25,25,6,3,3,0,0,0,0,0,0,44,22,22
HUDSPETH COUNTY,229,12 Years,49,22,27,6,1,5,0,0,0,0,0,0,43,21,22
HUDSPETH COUNTY,229,13 Years,46,24,22,8,4,4,0,0,0,0,0,0,38,20,18
HUDSPETH COUNTY,229,14 Years,53,25,28,5,2,3,0,0,0,0,0,0,48,23,25
HUDSPETH COUNTY,229,15 Years,59,30,29,4,1,3,0,0,0,1,0,1,54,29,25
HUDSPETH COUNTY,229,16 Years,50,23,27,4,3,1,0,0,0,1,0,1,45,20,25
HUDSPETH COUNTY,229,17 Years,56,29,27,4,1,3,0,0,0,0,0,0,52,28,24
HUDSPETH COUNTY,229,18 Years,61,29,32,7,3,4,0,0,0,3,1,2,51,25,26
HUDSPETH COUNTY,229,19 Years,59,30,29,4,3,1,2,2,0,2,1,1,51,24,27
HUDSPETH COUNTY,229,20 Years,69,32,37,3,1,2,2,1,1,1,0,1,63,30,33
HUDSPETH COUNTY,229,21 Years,60,25,35,3,1,2,0,0,0,2,0,2,55,24,31
HUDSPETH COUNTY,229,22 Years,47,32,15,2,2,0,1,1,0,1,1,0,43,28,15
HUDSPETH COUNTY,229,23 Years,49,23,26,1,0,1,0,0,0,0,0,0,48,23,25
HUDSPETH COUNTY,229,24 Years,35,18,17,2,1,1,0,0,0,0,0,0,33,17,16
HUDSPETH COUNTY,229,25 Years,30,17,13,1,1,0,0,0,0,0,0,0,29,16,13
HUDSPETH COUNTY,229,26 Years,35,21,14,3,2,1,0,0,0,1,0,1,31,19,12
HUDSPETH COUNTY,229,27 Years,34,17,17,4,2,2,0,0,0,0,0,0,30,15,15
HUDSPETH COUNTY,229,28 Years,24,14,10,2,1,1,0,0,0,0,0,0,22,13,9
HUDSPETH COUNTY,229,29 Years,35,14,21,4,2,2,0,0,0,1,0,1,30,12,18
HUDSPETH COUNTY,229,30 Years,38,19,19,5,2,3,0,0,0,0,0,0,33,17,16
HUDSPETH COUNTY,229,31 Years,31,18,13,4,2,2,0,0,0,0,0,0,27,16,11
HUDSPETH COUNTY,229,32 Years,33,18,15,4,2,2,0,0,0,1,0,1,28,16,12
HUDSPETH COUNTY,229,33 Years,37,21,16,4,3,1,1,1,0,0,0,0,32,17,15
HUDSPETH COUNTY,229,34 Years,29,16,13,3,2,1,1,1,0,0,0,0,25,13,12
HUDSPETH COUNTY,229,35 Years,32,16,16,5,3,2,0,0,0,1,1,0,26,12,14
HUDSPETH COUNTY,229,36 Years,33,14,19,6,2,4,2,2,0,1,1,0,24,9,15
HUDSPETH COUNTY,229,37 Years,39,14,25,8,2,6,2,2,0,1,0,1,28,10,18
HUDSPETH COUNTY,229,38 Years,28,13,15,4,2,2,0,0,0,1,1,0,23,10,13
HUDSPETH COUNTY,229,39 Years,31,12,19,5,3,2,0,0,0,1,1,0,25,8,17
HUDSPETH COUNTY,229,40 Years,29,15,14,4,3,1,0,0,0,0,0,0,25,12,13
HUDSPETH COUNTY,229,41 Years,31,17,14,6,5,1,0,0,0,1,0,1,24,12,12
HUDSPETH COUNTY,229,42 Years,30,20,10,4,3,1,0,0,0,1,1,0,25,16,9
HUDSPETH COUNTY,229,43 Years,30,13,17,1,0,1,0,0,0,1,1,0,28,12,16
HUDSPETH COUNTY,229,44 Years,40,20,20,5,2,3,1,0,1,0,0,0,34,18,16
HUDSPETH COUNTY,229,45 Years,48,24,24,6,2,4,0,0,0,0,0,0,42,22,20
HUDSPETH COUNTY,229,46 Years,40,19,21,5,2,3,1,1,0,0,0,0,34,16,18
HUDSPETH COUNTY,229,47 Years,44,24,20,9,5,4,1,1,0,1,1,0,33,17,16
HUDSPETH COUNTY,229,48 Years,32,17,15,6,3,3,0,0,0,1,1,0,25,13,12
HUDSPETH COUNTY,229,49 Years,37,16,21,7,3,4,0,0,0,0,0,0,30,13,17
HUDSPETH COUNTY,229,50 Years,40,20,20,5,2,3,2,2,0,1,1,0,32,15,17
HUDSPETH COUNTY,229,51 Years,45,24,21,8,6,2,2,1,1,1,0,1,34,17,17
HUDSPETH COUNTY,229,52 Years,52,29,23,11,8,3,1,0,1,1,1,0,39,20,19
HUDSPETH COUNTY,229,53 Years,53,30,23,13,10,3,0,0,0,1,0,1,39,20,19
HUDSPETH COUNTY,229,54 Years,50,25,25,12,7,5,1,0,1,0,0,0,37,18,19
HUDSPETH COUNTY,229,55 Years,50,26,24,13,5,8,0,0,0,0,0,0,37,21,16
HUDSPETH COUNTY,229,56 Years,51,24,27,16,6,10,0,0,0,1,0,1,34,18,16
HUDSPETH COUNTY,229,57 Years,49,23,26,14,7,7,0,0,0,2,1,1,33,15,18
HUDSPETH COUNTY,229,58 Years,55,25,30,20,10,10,0,0,0,1,1,0,34,14,20
HUDSPETH COUNTY,229,59 Years,46,20,26,18,10,8,0,0,0,0,0,0,28,10,18
HUDSPETH COUNTY,229,60 Years,46,25,21,13,9,4,0,0,0,0,0,0,33,16,17
HUDSPETH COUNTY,229,61 Years,44,20,24,12,7,5,0,0,0,0,0,0,32,13,19
HUDSPETH COUNTY,229,62 Years,37,20,17,11,6,5,0,0,0,1,1,0,25,13,12
HUDSPETH COUNTY,229,63 Years,37,18,19,11,8,3,0,0,0,3,1,2,23,9,14
HUDSPETH COUNTY,229,64 Years,36,18,18,14,8,6,0,0,0,0,0,0,22,10,12
HUDSPETH COUNTY,229,65 Years,37,21,16,9,6,3,1,1,0,0,0,0,27,14,13
HUDSPETH COUNTY,229,66 Years,38,17,21,10,7,3,0,0,0,0,0,0,28,10,18
HUDSPETH COUNTY,229,67 Years,40,22,18,16,10,6,0,0,0,3,1,2,21,11,10
HUDSPETH COUNTY,229,68 Years,32,19,13,11,7,4,0,0,0,1,0,1,20,12,8
HUDSPETH COUNTY,229,69 Years,37,23,14,8,7,1,1,1,0,0,0,0,28,15,13
HUDSPETH COUNTY,229,70 Years,31,18,13,9,4,5,0,0,0,0,0,0,22,14,8
HUDSPETH COUNTY,229,71 Years,27,19,8,9,5,4,0,0,0,0,0,0,18,14,4
HUDSPETH COUNTY,229,72 Years,26,12,14,11,4,7,1,1,0,0,0,0,14,7,7
HUDSPETH COUNTY,229,73 Years,31,17,14,14,8,6,0,0,0,0,0,0,17,9,8
HUDSPETH COUNTY,229,74 Years,33,16,17,15,9,6,0,0,0,0,0,0,18,7,11
HUDSPETH COUNTY,229,75 Years,24,14,10,11,9,2,0,0,0,0,0,0,13,5,8
HUDSPETH COUNTY,229,76 Years,24,14,10,9,7,2,0,0,0,0,0,0,15,7,8
HUDSPETH COUNTY,229,77 Years,19,13,6,5,3,2,0,0,0,0,0,0,14,10,4
HUDSPETH COUNTY,229,78 Years,20,12,8,5,2,3,0,0,0,0,0,0,15,10,5
HUDSPETH COUNTY,229,79 Years,16,6,10,3,0,3,0,0,0,0,0,0,13,6,7
HUDSPETH COUNTY,229,80 Years,13,7,6,4,2,2,0,0,0,1,1,0,8,4,4
HUDSPETH COUNTY,229,81 Years,18,6,12,7,2,5,0,0,0,0,0,0,11,4,7
HUDSPETH COUNTY,229,82 Years,16,9,7,5,2,3,0,0,0,0,0,0,11,7,4
HUDSPETH COUNTY,229,83 Years,12,5,7,3,1,2,0,0,0,0,0,0,9,4,5
HUDSPETH COUNTY,229,84 Years,14,6,8,3,1,2,0,0,0,0,0,0,11,5,6
HUDSPETH COUNTY,229,85 Years +,53,29,24,16,10,6,0,0,0,0,0,0,37,19,18
HUNT COUNTY,231,All Ages,89739,44128,45611,64110,31145,32965,7367,3518,3849,3798,1861,1937,14464,7604,6860
HUNT COUNTY,231,< 1 Year,1089,548,541,607,319,288,88,42,46,88,38,50,306,149,157
HUNT COUNTY,231,1 Years,1088,548,540,616,321,295,94,45,49,86,38,48,292,144,148
HUNT COUNTY,231,2 Years,1078,553,525,615,322,293,92,44,48,85,43,42,286,144,142
HUNT COUNTY,231,3 Years,1101,564,537,632,319,313,97,49,48,81,43,38,291,153,138
HUNT COUNTY,231,4 Years,1100,565,535,629,321,308,102,51,51,73,39,34,296,154,142
HUNT COUNTY,231,5 Years,1104,577,527,654,336,318,90,50,40,67,38,29,293,153,140
HUNT COUNTY,231,6 Years,1197,617,580,687,350,337,105,54,51,76,43,33,329,170,159
HUNT COUNTY,231,7 Years,1205,634,571,721,380,341,94,52,42,71,36,35,319,166,153
HUNT COUNTY,231,8 Years,1252,658,594,754,401,353,106,50,56,64,36,28,328,171,157
HUNT COUNTY,231,9 Years,1207,607,600,715,351,364,106,58,48,64,34,30,322,164,158
HUNT COUNTY,231,10 Years,1230,647,583,749,399,350,100,61,39,59,31,28,322,156,166
HUNT COUNTY,231,11 Years,1289,664,625,784,410,374,114,62,52,59,30,29,332,162,170
HUNT COUNTY,231,12 Years,1350,680,670,826,405,421,117,64,53,63,33,30,344,178,166
HUNT COUNTY,231,13 Years,1332,657,675,813,395,418,104,51,53,64,34,30,351,177,174
HUNT COUNTY,231,14 Years,1339,709,630,816,430,386,118,69,49,74,38,36,331,172,159
HUNT COUNTY,231,15 Years,1326,682,644,826,421,405,102,60,42,72,37,35,326,164,162
HUNT COUNTY,231,16 Years,1299,667,632,825,421,404,105,53,52,68,37,31,301,156,145
HUNT COUNTY,231,17 Years,1368,709,659,839,430,409,145,89,56,67,32,35,317,158,159
HUNT COUNTY,231,18 Years,1446,771,675,863,444,419,193,106,87,72,37,35,318,184,134
HUNT COUNTY,231,19 Years,1517,794,723,905,483,422,226,100,126,76,40,36,310,171,139
HUNT COUNTY,231,20 Years,1353,695,658,851,428,423,161,90,71,62,29,33,279,148,131
HUNT COUNTY,231,21 Years,1398,666,732,870,419,451,175,75,100,70,30,40,283,142,141
HUNT COUNTY,231,22 Years,1479,717,762,923,430,493,168,77,91,102,58,44,286,152,134
HUNT COUNTY,231,23 Years,1375,652,723,891,401,490,134,62,72,110,55,55,240,134,106
HUNT COUNTY,231,24 Years,1383,654,729,842,370,472,180,84,96,124,69,55,237,131,106
HUNT COUNTY,231,25 Years,1235,584,651,789,357,432,146,58,88,73,38,35,227,131,96
HUNT COUNTY,231,26 Years,1072,540,532,668,327,341,123,54,69,69,31,38,212,128,84
HUNT COUNTY,231,27 Years,1030,542,488,657,343,314,110,48,62,57,25,32,206,126,80
HUNT COUNTY,231,28 Years,981,541,440,623,344,279,98,50,48,51,25,26,209,122,87
HUNT COUNTY,231,29 Years,973,516,457,612,321,291,96,52,44,49,23,26,216,120,96
HUNT COUNTY,231,30 Years,938,460,478,617,284,333,82,45,37,33,18,15,206,113,93
HUNT COUNTY,231,31 Years,971,477,494,643,307,336,82,40,42,37,16,21,209,114,95
HUNT COUNTY,231,32 Years,903,434,469,584,274,310,69,38,31,33,14,19,217,108,109
HUNT COUNTY,231,33 Years,999,486,513,675,324,351,73,31,42,27,13,14,224,118,106
HUNT COUNTY,231,34 Years,988,485,503,666,313,353,83,36,47,38,22,16,201,114,87
HUNT COUNTY,231,35 Years,964,453,511,671,314,357,86,33,53,34,18,16,173,88,85
HUNT COUNTY,231,36 Years,965,445,520,676,304,372,75,33,42,40,20,20,174,88,86
HUNT COUNTY,231,37 Years,990,476,514,678,319,359,81,28,53,42,17,25,189,112,77
HUNT COUNTY,231,38 Years,985,493,492,651,316,335,77,37,40,38,19,19,219,121,98
HUNT COUNTY,231,39 Years,997,501,496,644,332,312,83,32,51,52,22,30,218,115,103
HUNT COUNTY,231,40 Years,1017,498,519,678,347,331,86,37,49,38,12,26,215,102,113
HUNT COUNTY,231,41 Years,1079,528,551,754,374,380,85,43,42,41,16,25,199,95,104
HUNT COUNTY,231,42 Years,1095,523,572,796,379,417,91,39,52,36,14,22,172,91,81
HUNT COUNTY,231,43 Years,1098,523,575,805,379,426,87,34,53,37,20,17,169,90,79
HUNT COUNTY,231,44 Years,1135,576,559,826,431,395,90,38,52,36,20,16,183,87,96
HUNT COUNTY,231,45 Years,1116,559,557,849,418,431,65,33,32,28,15,13,174,93,81
HUNT COUNTY,231,46 Years,1102,551,551,832,416,416,69,37,32,33,13,20,168,85,83
HUNT COUNTY,231,47 Years,1110,542,568,833,401,432,84,45,39,39,16,23,154,80,74
HUNT COUNTY,231,48 Years,1162,560,602,873,419,454,98,45,53,40,16,24,151,80,71
HUNT COUNTY,231,49 Years,1262,618,644,963,458,505,114,57,57,46,26,20,139,77,62
HUNT COUNTY,231,50 Years,1314,643,671,1008,480,528,108,57,51,43,22,21,155,84,71
HUNT COUNTY,231,51 Years,1321,629,692,1020,486,534,104,47,57,51,22,29,146,74,72
HUNT COUNTY,231,52 Years,1341,646,695,1069,504,565,82,37,45,48,25,23,142,80,62
HUNT COUNTY,231,53 Years,1346,664,682,1087,537,550,83,35,48,46,20,26,130,72,58
HUNT COUNTY,231,54 Years,1305,660,645,1066,543,523,92,41,51,30,12,18,117,64,53
HUNT COUNTY,231,55 Years,1184,599,585,979,493,486,84,44,40,25,11,14,96,51,45
HUNT COUNTY,231,56 Years,1165,574,591,955,463,492,87,43,44,32,15,17,91,53,38
HUNT COUNTY,231,57 Years,1186,579,607,987,475,512,80,40,40,31,17,14,88,47,41
HUNT COUNTY,231,58 Years,1187,604,583,984,494,490,91,43,48,31,18,13,81,49,32
HUNT COUNTY,231,59 Years,1227,624,603,1020,511,509,88,44,44,28,16,12,91,53,38
HUNT COUNTY,231,60 Years,1164,583,581,990,495,495,75,34,41,30,13,17,69,41,28
HUNT COUNTY,231,61 Years,1080,523,557,919,442,477,76,32,44,28,11,17,57,38,19
HUNT COUNTY,231,62 Years,1002,485,517,838,403,435,76,36,40,23,7,16,65,39,26
HUNT COUNTY,231,63 Years,992,463,529,833,396,437,70,29,41,26,6,20,63,32,31
HUNT COUNTY,231,64 Years,999,483,516,835,411,424,69,29,40,36,16,20,59,27,32
HUNT COUNTY,231,65 Years,985,478,507,830,408,422,63,29,34,35,17,18,57,24,33
HUNT COUNTY,231,66 Years,990,477,513,838,408,430,65,28,37,31,11,20,56,30,26
HUNT COUNTY,231,67 Years,978,481,497,849,424,425,58,25,33,22,8,14,49,24,25
HUNT COUNTY,231,68 Years,823,390,433,701,329,372,59,29,30,22,11,11,41,21,20
HUNT COUNTY,231,69 Years,813,389,424,705,336,369,48,23,25,24,12,12,36,18,18
HUNT COUNTY,231,70 Years,797,384,413,707,342,365,39,19,20,20,10,10,31,13,18
HUNT COUNTY,231,71 Years,782,357,425,684,324,360,44,16,28,23,8,15,31,9,22
HUNT COUNTY,231,72 Years,748,340,408,666,307,359,33,12,21,19,7,12,30,14,16
HUNT COUNTY,231,73 Years,689,312,377,613,272,341,28,14,14,24,13,11,24,13,11
HUNT COUNTY,231,74 Years,615,281,334,554,250,304,24,12,12,18,11,7,19,8,11
HUNT COUNTY,231,75 Years,590,284,306,528,253,275,28,14,14,16,9,7,18,8,10
HUNT COUNTY,231,76 Years,552,263,289,492,233,259,27,11,16,15,10,5,18,9,9
HUNT COUNTY,231,77 Years,510,240,270,455,213,242,25,10,15,10,6,4,20,11,9
HUNT COUNTY,231,78 Years,507,219,288,445,197,248,30,9,21,9,4,5,23,9,14
HUNT COUNTY,231,79 Years,446,185,261,389,163,226,27,9,18,12,6,6,18,7,11
HUNT COUNTY,231,80 Years,391,148,243,352,134,218,22,7,15,7,3,4,10,4,6
HUNT COUNTY,231,81 Years,359,152,207,328,140,188,19,6,13,4,2,2,8,4,4
HUNT COUNTY,231,82 Years,332,143,189,303,135,168,17,5,12,4,1,3,8,2,6
HUNT COUNTY,231,83 Years,305,132,173,276,120,156,15,5,10,7,4,3,7,3,4
HUNT COUNTY,231,84 Years,270,108,162,244,100,144,15,4,11,5,2,3,6,2,4
HUNT COUNTY,231,85 Years +,1372,460,912,1245,417,828,67,19,48,19,8,11,41,16,25
HUTCHINSON COUNTY,233,All Ages,21460,10782,10678,15479,7709,7770,512,277,235,845,422,423,4624,2374,2250
HUTCHINSON COUNTY,233,< 1 Year,282,146,136,172,90,82,9,4,5,21,10,11,80,42,38
HUTCHINSON COUNTY,233,1 Years,291,152,139,183,95,88,7,4,3,17,10,7,84,43,41
HUTCHINSON COUNTY,233,2 Years,295,153,142,181,95,86,4,2,2,17,10,7,93,46,47
HUTCHINSON COUNTY,233,3 Years,287,147,140,175,90,85,5,2,3,20,12,8,87,43,44
HUTCHINSON COUNTY,233,4 Years,299,155,144,184,101,83,4,3,1,18,11,7,93,40,53
HUTCHINSON COUNTY,233,5 Years,311,159,152,192,104,88,5,3,2,18,9,9,96,43,53
HUTCHINSON COUNTY,233,6 Years,336,181,155,208,112,96,4,2,2,13,5,8,111,62,49
HUTCHINSON COUNTY,233,7 Years,313,155,158,186,95,91,6,3,3,17,5,12,104,52,52
HUTCHINSON COUNTY,233,8 Years,296,141,155,159,76,83,6,3,3,21,7,14,110,55,55
HUTCHINSON COUNTY,233,9 Years,329,156,173,197,97,100,5,2,3,19,9,10,108,48,60
HUTCHINSON COUNTY,233,10 Years,306,149,157,170,82,88,3,1,2,19,10,9,114,56,58
HUTCHINSON COUNTY,233,11 Years,311,161,150,172,90,82,4,1,3,17,12,5,118,58,60
HUTCHINSON COUNTY,233,12 Years,315,163,152,194,99,95,6,4,2,16,11,5,99,49,50
HUTCHINSON COUNTY,233,13 Years,322,177,145,199,113,86,10,6,4,14,10,4,99,48,51
HUTCHINSON COUNTY,233,14 Years,313,159,154,193,100,93,10,5,5,10,6,4,100,48,52
HUTCHINSON COUNTY,233,15 Years,314,160,154,202,104,98,8,5,3,14,7,7,90,44,46
HUTCHINSON COUNTY,233,16 Years,300,154,146,197,100,97,5,4,1,13,5,8,85,45,40
HUTCHINSON COUNTY,233,17 Years,308,151,157,199,102,97,9,5,4,13,6,7,87,38,49
HUTCHINSON COUNTY,233,18 Years,301,145,156,197,97,100,9,3,6,15,8,7,80,37,43
HUTCHINSON COUNTY,233,19 Years,297,156,141,189,97,92,7,5,2,12,4,8,89,50,39
HUTCHINSON COUNTY,233,20 Years,255,136,119,161,84,77,7,6,1,10,3,7,77,43,34
HUTCHINSON COUNTY,233,21 Years,263,143,120,168,86,82,11,6,5,9,6,3,75,45,30
HUTCHINSON COUNTY,233,22 Years,256,135,121,170,91,79,7,2,5,12,7,5,67,35,32
HUTCHINSON COUNTY,233,23 Years,247,131,116,159,90,69,10,5,5,7,4,3,71,32,39
HUTCHINSON COUNTY,233,24 Years,234,115,119,146,76,70,9,7,2,9,5,4,70,27,43
HUTCHINSON COUNTY,233,25 Years,227,103,124,143,66,77,5,4,1,12,6,6,67,27,40
HUTCHINSON COUNTY,233,26 Years,227,111,116,159,82,77,6,2,4,7,3,4,55,24,31
HUTCHINSON COUNTY,233,27 Years,211,102,109,144,65,79,6,3,3,6,3,3,55,31,24
HUTCHINSON COUNTY,233,28 Years,227,118,109,156,79,77,4,2,2,9,4,5,58,33,25
HUTCHINSON COUNTY,233,29 Years,226,114,112,148,68,80,7,5,2,9,5,4,62,36,26
HUTCHINSON COUNTY,233,30 Years,226,121,105,152,78,74,8,7,1,9,5,4,57,31,26
HUTCHINSON COUNTY,233,31 Years,268,138,130,184,92,92,6,5,1,8,4,4,70,37,33
HUTCHINSON COUNTY,233,32 Years,246,127,119,158,77,81,6,4,2,10,6,4,72,40,32
HUTCHINSON COUNTY,233,33 Years,236,127,109,155,79,76,6,5,1,8,5,3,67,38,29
HUTCHINSON COUNTY,233,34 Years,253,131,122,176,90,86,6,3,3,6,3,3,65,35,30
HUTCHINSON COUNTY,233,35 Years,265,132,133,181,94,87,6,3,3,9,5,4,69,30,39
HUTCHINSON COUNTY,233,36 Years,270,135,135,183,91,92,9,6,3,13,4,9,65,34,31
HUTCHINSON COUNTY,233,37 Years,268,134,134,182,87,95,9,7,2,8,4,4,69,36,33
HUTCHINSON COUNTY,233,38 Years,248,132,116,173,89,84,5,3,2,9,6,3,61,34,27
HUTCHINSON COUNTY,233,39 Years,264,133,131,182,88,94,8,3,5,8,4,4,66,38,28
HUTCHINSON COUNTY,233,40 Years,249,121,128,170,77,93,7,5,2,5,2,3,67,37,30
HUTCHINSON COUNTY,233,41 Years,268,134,134,185,89,96,7,4,3,7,4,3,69,37,32
HUTCHINSON COUNTY,233,42 Years,256,123,133,181,84,97,10,4,6,9,6,3,56,29,27
HUTCHINSON COUNTY,233,43 Years,248,122,126,176,86,90,6,3,3,8,5,3,58,28,30
HUTCHINSON COUNTY,233,44 Years,254,119,135,193,90,103,3,1,2,6,3,3,52,25,27
HUTCHINSON COUNTY,233,45 Years,243,121,122,170,78,92,6,5,1,10,7,3,57,31,26
HUTCHINSON COUNTY,233,46 Years,234,118,116,170,85,85,3,1,2,9,3,6,52,29,23
HUTCHINSON COUNTY,233,47 Years,234,126,108,170,90,80,6,1,5,7,4,3,51,31,20
HUTCHINSON COUNTY,233,48 Years,219,113,106,162,85,77,5,2,3,10,5,5,42,21,21
HUTCHINSON COUNTY,233,49 Years,230,117,113,174,86,88,9,5,4,6,4,2,41,22,19
HUTCHINSON COUNTY,233,50 Years,273,129,144,204,98,106,4,2,2,12,5,7,53,24,29
HUTCHINSON COUNTY,233,51 Years,280,142,138,210,107,103,6,3,3,12,5,7,52,27,25
HUTCHINSON COUNTY,233,52 Years,304,157,147,243,122,121,7,3,4,9,5,4,45,27,18
HUTCHINSON COUNTY,233,53 Years,321,165,156,257,131,126,5,2,3,15,7,8,44,25,19
HUTCHINSON COUNTY,233,54 Years,311,167,144,243,121,122,10,5,5,12,9,3,46,32,14
HUTCHINSON COUNTY,233,55 Years,318,159,159,258,130,128,9,4,5,9,3,6,42,22,20
HUTCHINSON COUNTY,233,56 Years,331,165,166,270,136,134,8,5,3,7,3,4,46,21,25
HUTCHINSON COUNTY,233,57 Years,353,184,169,285,147,138,9,6,3,7,4,3,52,27,25
HUTCHINSON COUNTY,233,58 Years,320,166,154,262,135,127,13,7,6,10,5,5,35,19,16
HUTCHINSON COUNTY,233,59 Years,334,175,159,281,145,136,14,7,7,11,6,5,28,17,11
HUTCHINSON COUNTY,233,60 Years,323,168,155,268,137,131,11,4,7,12,5,7,32,22,10
HUTCHINSON COUNTY,233,61 Years,316,152,164,261,128,133,7,3,4,15,5,10,33,16,17
HUTCHINSON COUNTY,233,62 Years,282,138,144,236,118,118,6,3,3,10,3,7,30,14,16
HUTCHINSON COUNTY,233,63 Years,298,148,150,251,125,126,4,2,2,10,4,6,33,17,16
HUTCHINSON COUNTY,233,64 Years,257,136,121,218,114,104,5,2,3,7,2,5,27,18,9
HUTCHINSON COUNTY,233,65 Years,231,117,114,197,102,95,8,5,3,4,0,4,22,10,12
HUTCHINSON COUNTY,233,66 Years,245,125,120,207,104,103,7,4,3,5,2,3,26,15,11
HUTCHINSON COUNTY,233,67 Years,208,107,101,183,93,90,5,4,1,3,1,2,17,9,8
HUTCHINSON COUNTY,233,68 Years,184,87,97,160,76,84,4,3,1,3,1,2,17,7,10
HUTCHINSON COUNTY,233,69 Years,181,88,93,157,77,80,4,2,2,5,1,4,15,8,7
HUTCHINSON COUNTY,233,70 Years,183,99,84,156,87,69,1,1,0,8,3,5,18,8,10
HUTCHINSON COUNTY,233,71 Years,161,81,80,141,69,72,2,1,1,5,2,3,13,9,4
HUTCHINSON COUNTY,233,72 Years,157,68,89,138,57,81,8,5,3,1,1,0,10,5,5
HUTCHINSON COUNTY,233,73 Years,138,73,65,121,63,58,4,2,2,2,1,1,11,7,4
HUTCHINSON COUNTY,233,74 Years,147,76,71,122,62,60,3,1,2,11,7,4,11,6,5
HUTCHINSON COUNTY,233,75 Years,135,56,79,119,48,71,2,0,2,7,4,3,7,4,3
HUTCHINSON COUNTY,233,76 Years,114,50,64,103,43,60,1,0,1,5,4,1,5,3,2
HUTCHINSON COUNTY,233,77 Years,125,58,67,113,52,61,1,0,1,6,3,3,5,3,2
HUTCHINSON COUNTY,233,78 Years,120,57,63,104,52,52,2,0,2,7,3,4,7,2,5
HUTCHINSON COUNTY,233,79 Years,105,44,61,94,40,54,0,0,0,4,2,2,7,2,5
HUTCHINSON COUNTY,233,80 Years,103,47,56,91,40,51,1,1,0,4,2,2,7,4,3
HUTCHINSON COUNTY,233,81 Years,110,47,63,95,38,57,2,1,1,4,2,2,9,6,3
HUTCHINSON COUNTY,233,82 Years,102,43,59,90,38,52,2,0,2,3,1,2,7,4,3
HUTCHINSON COUNTY,233,83 Years,92,37,55,83,33,50,2,0,2,3,1,2,4,3,1
HUTCHINSON COUNTY,233,84 Years,90,39,51,84,35,49,0,0,0,3,1,2,3,3,0
HUTCHINSON COUNTY,233,85 Years +,430,180,250,394,165,229,6,3,3,15,7,8,15,5,10
IRION COUNTY,235,All Ages,1711,857,854,1239,617,622,11,5,6,28,16,12,433,219,214
IRION COUNTY,235,< 1 Year,20,6,14,16,5,11,0,0,0,0,0,0,4,1,3
IRION COUNTY,235,1 Years,20,7,13,16,6,10,0,0,0,0,0,0,4,1,3
IRION COUNTY,235,2 Years,24,11,13,19,9,10,0,0,0,0,0,0,5,2,3
IRION COUNTY,235,3 Years,19,10,9,15,9,6,0,0,0,0,0,0,4,1,3
IRION COUNTY,235,4 Years,19,10,9,15,7,8,0,0,0,0,0,0,4,3,1
IRION COUNTY,235,5 Years,16,9,7,11,5,6,0,0,0,1,1,0,4,3,1
IRION COUNTY,235,6 Years,15,8,7,9,6,3,0,0,0,1,0,1,5,2,3
IRION COUNTY,235,7 Years,13,7,6,6,3,3,0,0,0,1,0,1,6,4,2
IRION COUNTY,235,8 Years,12,6,6,8,3,5,0,0,0,0,0,0,4,3,1
IRION COUNTY,235,9 Years,12,7,5,7,3,4,0,0,0,1,1,0,4,3,1
IRION COUNTY,235,10 Years,20,8,12,14,5,9,0,0,0,0,0,0,6,3,3
IRION COUNTY,235,11 Years,19,11,8,9,5,4,1,0,1,1,1,0,8,5,3
IRION COUNTY,235,12 Years,24,15,9,17,11,6,0,0,0,1,0,1,6,4,2
IRION COUNTY,235,13 Years,16,8,8,12,6,6,0,0,0,0,0,0,4,2,2
IRION COUNTY,235,14 Years,23,14,9,16,10,6,0,0,0,1,1,0,6,3,3
IRION COUNTY,235,15 Years,22,10,12,14,6,8,0,0,0,0,0,0,8,4,4
IRION COUNTY,235,16 Years,17,8,9,12,5,7,0,0,0,1,0,1,4,3,1
IRION COUNTY,235,17 Years,29,14,15,18,8,10,0,0,0,0,0,0,11,6,5
IRION COUNTY,235,18 Years,29,16,13,18,11,7,0,0,0,0,0,0,11,5,6
IRION COUNTY,235,19 Years,28,13,15,13,6,7,2,1,1,0,0,0,13,6,7
IRION COUNTY,235,20 Years,26,13,13,15,7,8,1,0,1,0,0,0,10,6,4
IRION COUNTY,235,21 Years,28,15,13,17,8,9,1,1,0,0,0,0,10,6,4
IRION COUNTY,235,22 Years,30,16,14,17,9,8,1,1,0,0,0,0,12,6,6
IRION COUNTY,235,23 Years,21,12,9,11,8,3,0,0,0,1,0,1,9,4,5
IRION COUNTY,235,24 Years,10,7,3,6,5,1,0,0,0,0,0,0,4,2,2
IRION COUNTY,235,25 Years,17,11,6,12,8,4,0,0,0,1,0,1,4,3,1
IRION COUNTY,235,26 Years,10,6,4,7,4,3,0,0,0,0,0,0,3,2,1
IRION COUNTY,235,27 Years,15,7,8,9,5,4,0,0,0,0,0,0,6,2,4
IRION COUNTY,235,28 Years,15,9,6,11,8,3,0,0,0,1,0,1,3,1,2
IRION COUNTY,235,29 Years,18,11,7,13,6,7,0,0,0,0,0,0,5,5,0
IRION COUNTY,235,30 Years,19,9,10,13,6,7,0,0,0,0,0,0,6,3,3
IRION COUNTY,235,31 Years,10,7,3,8,6,2,0,0,0,0,0,0,2,1,1
IRION COUNTY,235,32 Years,9,5,4,7,4,3,0,0,0,0,0,0,2,1,1
IRION COUNTY,235,33 Years,12,7,5,9,5,4,0,0,0,1,1,0,2,1,1
IRION COUNTY,235,34 Years,9,4,5,6,3,3,0,0,0,0,0,0,3,1,2
IRION COUNTY,235,35 Years,11,5,6,8,3,5,0,0,0,0,0,0,3,2,1
IRION COUNTY,235,36 Years,19,8,11,14,6,8,0,0,0,0,0,0,5,2,3
IRION COUNTY,235,37 Years,17,8,9,11,5,6,0,0,0,0,0,0,6,3,3
IRION COUNTY,235,38 Years,13,6,7,7,3,4,0,0,0,0,0,0,6,3,3
IRION COUNTY,235,39 Years,16,9,7,11,7,4,0,0,0,1,1,0,4,1,3
IRION COUNTY,235,40 Years,16,8,8,12,7,5,0,0,0,0,0,0,4,1,3
IRION COUNTY,235,41 Years,19,9,10,16,8,8,0,0,0,0,0,0,3,1,2
IRION COUNTY,235,42 Years,23,13,10,19,12,7,1,0,1,1,0,1,2,1,1
IRION COUNTY,235,43 Years,15,9,6,10,6,4,0,0,0,0,0,0,5,3,2
IRION COUNTY,235,44 Years,24,7,17,19,5,14,0,0,0,0,0,0,5,2,3
IRION COUNTY,235,45 Years,25,8,17,20,6,14,0,0,0,0,0,0,5,2,3
IRION COUNTY,235,46 Years,20,10,10,15,6,9,0,0,0,0,0,0,5,4,1
IRION COUNTY,235,47 Years,21,10,11,14,7,7,0,0,0,0,0,0,7,3,4
IRION COUNTY,235,48 Years,17,10,7,10,6,4,0,0,0,0,0,0,7,4,3
IRION COUNTY,235,49 Years,29,13,16,23,12,11,0,0,0,0,0,0,6,1,5
IRION COUNTY,235,50 Years,29,16,13,21,12,9,0,0,0,1,0,1,7,4,3
IRION COUNTY,235,51 Years,31,18,13,23,12,11,1,1,0,1,1,0,6,4,2
IRION COUNTY,235,52 Years,30,12,18,24,8,16,0,0,0,1,1,0,5,3,2
IRION COUNTY,235,53 Years,30,12,18,23,9,14,0,0,0,2,0,2,5,3,2
IRION COUNTY,235,54 Years,31,20,11,26,17,9,0,0,0,0,0,0,5,3,2
IRION COUNTY,235,55 Years,33,19,14,27,16,11,0,0,0,1,1,0,5,2,3
IRION COUNTY,235,56 Years,33,17,16,27,15,12,0,0,0,1,1,0,5,1,4
IRION COUNTY,235,57 Years,35,15,20,25,13,12,0,0,0,1,1,0,9,1,8
IRION COUNTY,235,58 Years,27,15,12,13,9,4,1,0,1,0,0,0,13,6,7
IRION COUNTY,235,59 Years,19,8,11,13,5,8,0,0,0,0,0,0,6,3,3
IRION COUNTY,235,60 Years,23,10,13,17,5,12,0,0,0,0,0,0,6,5,1
IRION COUNTY,235,61 Years,26,10,16,22,8,14,0,0,0,0,0,0,4,2,2
IRION COUNTY,235,62 Years,20,9,11,17,8,9,0,0,0,0,0,0,3,1,2
IRION COUNTY,235,63 Years,16,10,6,13,8,5,0,0,0,0,0,0,3,2,1
IRION COUNTY,235,64 Years,24,12,12,20,9,11,0,0,0,0,0,0,4,3,1
IRION COUNTY,235,65 Years,23,12,11,19,9,10,0,0,0,0,0,0,4,3,1
IRION COUNTY,235,66 Years,29,19,10,23,15,8,0,0,0,1,1,0,5,3,2
IRION COUNTY,235,67 Years,26,14,12,18,8,10,0,0,0,0,0,0,8,6,2
IRION COUNTY,235,68 Years,16,7,9,9,4,5,0,0,0,1,0,1,6,3,3
IRION COUNTY,235,69 Years,16,4,12,13,3,10,0,0,0,0,0,0,3,1,2
IRION COUNTY,235,70 Years,24,13,11,18,9,9,0,0,0,1,1,0,5,3,2
IRION COUNTY,235,71 Years,20,12,8,16,9,7,1,1,0,1,1,0,2,1,1
IRION COUNTY,235,72 Years,23,14,9,20,13,7,0,0,0,0,0,0,3,1,2
IRION COUNTY,235,73 Years,26,14,12,25,14,11,0,0,0,0,0,0,1,0,1
IRION COUNTY,235,74 Years,15,7,8,14,7,7,0,0,0,0,0,0,1,0,1
IRION COUNTY,235,75 Years,16,6,10,14,6,8,1,0,1,0,0,0,1,0,1
IRION COUNTY,235,76 Years,11,6,5,9,5,4,0,0,0,0,0,0,2,1,1
IRION COUNTY,235,77 Years,9,5,4,4,2,2,0,0,0,0,0,0,5,3,2
IRION COUNTY,235,78 Years,12,5,7,8,3,5,0,0,0,0,0,0,4,2,2
IRION COUNTY,235,79 Years,14,5,9,12,5,7,0,0,0,0,0,0,2,0,2
IRION COUNTY,235,80 Years,13,6,7,9,4,5,0,0,0,0,0,0,4,2,2
IRION COUNTY,235,81 Years,12,8,4,10,7,3,0,0,0,0,0,0,2,1,1
IRION COUNTY,235,82 Years,15,7,8,12,5,7,0,0,0,0,0,0,3,2,1
IRION COUNTY,235,83 Years,10,3,7,8,2,6,0,0,0,0,0,0,2,1,1
IRION COUNTY,235,84 Years,9,2,7,7,1,6,0,0,0,0,0,0,2,1,1
IRION COUNTY,235,85 Years +,34,15,19,25,12,13,0,0,0,2,2,0,7,1,6
JACK COUNTY,237,All Ages,9152,5103,4049,7232,3863,3369,337,295,42,138,72,66,1445,873,572
JACK COUNTY,237,< 1 Year,99,50,49,67,33,34,3,0,3,2,2,0,27,15,12
JACK COUNTY,237,1 Years,94,47,47,66,33,33,2,0,2,2,2,0,24,12,12
JACK COUNTY,237,2 Years,95,46,49,68,34,34,0,0,0,2,1,1,25,11,14
JACK COUNTY,237,3 Years,100,52,48,71,37,34,0,0,0,2,1,1,27,14,13
JACK COUNTY,237,4 Years,99,40,59,64,20,44,3,1,2,2,2,0,30,17,13
JACK COUNTY,237,5 Years,92,44,48,59,24,35,2,1,1,1,1,0,30,18,12
JACK COUNTY,237,6 Years,92,52,40,63,34,29,0,0,0,1,1,0,28,17,11
JACK COUNTY,237,7 Years,102,61,41,71,42,29,2,2,0,3,2,1,26,15,11
JACK COUNTY,237,8 Years,103,58,45,73,42,31,1,1,0,5,4,1,24,11,13
JACK COUNTY,237,9 Years,100,56,44,67,42,25,0,0,0,2,1,1,31,13,18
JACK COUNTY,237,10 Years,101,52,49,72,39,33,3,2,1,0,0,0,26,11,15
JACK COUNTY,237,11 Years,108,50,58,81,38,43,2,1,1,1,0,1,24,11,13
JACK COUNTY,237,12 Years,105,50,55,86,40,46,1,1,0,1,0,1,17,9,8
JACK COUNTY,237,13 Years,111,53,58,90,43,47,1,0,1,1,0,1,19,10,9
JACK COUNTY,237,14 Years,133,71,62,101,53,48,3,2,1,0,0,0,29,16,13
JACK COUNTY,237,15 Years,127,64,63,99,49,50,2,1,1,1,1,0,25,13,12
JACK COUNTY,237,16 Years,118,58,60,92,47,45,0,0,0,2,1,1,24,10,14
JACK COUNTY,237,17 Years,122,59,63,95,46,49,3,1,2,3,1,2,21,11,10
JACK COUNTY,237,18 Years,119,58,61,94,45,49,2,1,1,1,0,1,22,12,10
JACK COUNTY,237,19 Years,126,74,52,87,47,40,9,9,0,3,2,1,27,16,11
JACK COUNTY,237,20 Years,145,97,48,99,65,34,7,7,0,2,2,0,37,23,14
JACK COUNTY,237,21 Years,145,95,50,99,61,38,13,13,0,1,1,0,32,20,12
JACK COUNTY,237,22 Years,143,95,48,97,59,38,11,11,0,2,2,0,33,23,10
JACK COUNTY,237,23 Years,139,92,47,89,53,36,13,13,0,2,1,1,35,25,10
JACK COUNTY,237,24 Years,126,86,40,88,57,31,5,5,0,0,0,0,33,24,9
JACK COUNTY,237,25 Years,134,94,40,81,52,29,10,10,0,2,1,1,41,31,10
JACK COUNTY,237,26 Years,149,94,55,95,54,41,6,6,0,4,2,2,44,32,12
JACK COUNTY,237,27 Years,132,94,38,95,64,31,13,13,0,2,1,1,22,16,6
JACK COUNTY,237,28 Years,128,85,43,92,59,33,6,6,0,1,1,0,29,19,10
JACK COUNTY,237,29 Years,129,90,39,85,56,29,16,16,0,1,0,1,27,18,9
JACK COUNTY,237,30 Years,120,87,33,85,58,27,9,9,0,2,2,0,24,18,6
JACK COUNTY,237,31 Years,97,65,32,72,46,26,8,6,2,1,1,0,16,12,4
JACK COUNTY,237,32 Years,109,73,36,71,45,26,11,10,1,1,0,1,26,18,8
JACK COUNTY,237,33 Years,105,64,41,71,40,31,12,12,0,1,0,1,21,12,9
JACK COUNTY,237,34 Years,99,63,36,66,41,25,8,7,1,2,1,1,23,14,9
JACK COUNTY,237,35 Years,89,55,34,68,40,28,4,3,1,0,0,0,17,12,5
JACK COUNTY,237,36 Years,98,59,39,68,41,27,9,8,1,1,0,1,20,10,10
JACK COUNTY,237,37 Years,107,65,42,81,46,35,5,5,0,2,1,1,19,13,6
JACK COUNTY,237,38 Years,98,60,38,77,45,32,3,3,0,1,0,1,17,12,5
JACK COUNTY,237,39 Years,107,56,51,73,31,42,6,6,0,2,1,1,26,18,8
JACK COUNTY,237,40 Years,108,60,48,78,40,38,5,5,0,0,0,0,25,15,10
JACK COUNTY,237,41 Years,123,69,54,85,44,41,10,9,1,2,1,1,26,15,11
JACK COUNTY,237,42 Years,121,74,47,84,44,40,8,8,0,2,2,0,27,20,7
JACK COUNTY,237,43 Years,115,66,49,87,47,40,8,7,1,3,1,2,17,11,6
JACK COUNTY,237,44 Years,131,78,53,105,64,41,4,3,1,3,2,1,19,9,10
JACK COUNTY,237,45 Years,123,72,51,94,52,42,6,6,0,4,2,2,19,12,7
JACK COUNTY,237,46 Years,144,85,59,112,64,48,7,7,0,1,0,1,24,14,10
JACK COUNTY,237,47 Years,128,82,46,100,60,40,7,7,0,0,0,0,21,15,6
JACK COUNTY,237,48 Years,116,68,48,98,54,44,6,5,1,2,2,0,10,7,3
JACK COUNTY,237,49 Years,131,75,56,109,59,50,4,4,0,2,0,2,16,12,4
JACK COUNTY,237,50 Years,137,81,56,115,66,49,4,4,0,2,0,2,16,11,5
JACK COUNTY,237,51 Years,134,79,55,113,62,51,6,6,0,1,0,1,14,11,3
JACK COUNTY,237,52 Years,145,84,61,116,66,50,6,6,0,3,0,3,20,12,8
JACK COUNTY,237,53 Years,149,81,68,127,71,56,4,3,1,3,1,2,15,6,9
JACK COUNTY,237,54 Years,136,71,65,116,58,58,5,4,1,2,2,0,13,7,6
JACK COUNTY,237,55 Years,127,67,60,111,57,54,2,2,0,3,2,1,11,6,5
JACK COUNTY,237,56 Years,126,71,55,112,62,50,2,2,0,1,0,1,11,7,4
JACK COUNTY,237,57 Years,122,65,57,108,57,51,2,0,2,3,2,1,9,6,3
JACK COUNTY,237,58 Years,133,68,65,122,63,59,3,2,1,3,1,2,5,2,3
JACK COUNTY,237,59 Years,120,63,57,109,57,52,0,0,0,3,0,3,8,6,2
JACK COUNTY,237,60 Years,108,56,52,99,50,49,2,0,2,1,1,0,6,5,1
JACK COUNTY,237,61 Years,137,71,66,126,64,62,2,2,0,2,1,1,7,4,3
JACK COUNTY,237,62 Years,118,58,60,105,51,54,3,2,1,4,2,2,6,3,3
JACK COUNTY,237,63 Years,89,45,44,81,41,40,5,3,2,2,1,1,1,0,1
JACK COUNTY,237,64 Years,87,42,45,83,41,42,1,0,1,1,0,1,2,1,1
JACK COUNTY,237,65 Years,103,48,55,99,45,54,1,0,1,1,1,0,2,2,0
JACK COUNTY,237,66 Years,104,52,52,101,49,52,2,2,0,0,0,0,1,1,0
JACK COUNTY,237,67 Years,106,51,55,103,50,53,2,1,1,0,0,0,1,0,1
JACK COUNTY,237,68 Years,91,49,42,86,48,38,0,0,0,2,1,1,3,0,3
JACK COUNTY,237,69 Years,90,45,45,83,41,42,1,1,0,2,1,1,4,2,2
JACK COUNTY,237,70 Years,82,39,43,78,37,41,0,0,0,2,1,1,2,1,1
JACK COUNTY,237,71 Years,74,30,44,70,29,41,0,0,0,1,0,1,3,1,2
JACK COUNTY,237,72 Years,77,41,36,70,37,33,2,1,1,1,0,1,4,3,1
JACK COUNTY,237,73 Years,81,41,40,74,37,37,0,0,0,4,1,3,3,3,0
JACK COUNTY,237,74 Years,73,36,37,68,33,35,0,0,0,2,1,1,3,2,1
JACK COUNTY,237,75 Years,64,33,31,59,30,29,1,1,0,0,0,0,4,2,2
JACK COUNTY,237,76 Years,64,35,29,62,34,28,0,0,0,0,0,0,2,1,1
JACK COUNTY,237,77 Years,46,18,28,44,18,26,0,0,0,0,0,0,2,0,2
JACK COUNTY,237,78 Years,57,29,28,53,25,28,0,0,0,3,3,0,1,1,0
JACK COUNTY,237,79 Years,57,25,32,53,24,29,0,0,0,2,1,1,2,0,2
JACK COUNTY,237,80 Years,42,18,24,41,18,23,0,0,0,0,0,0,1,0,1
JACK COUNTY,237,81 Years,43,22,21,42,21,21,0,0,0,0,0,0,1,1,0
JACK COUNTY,237,82 Years,36,16,20,30,13,17,1,0,1,0,0,0,5,3,2
JACK COUNTY,237,83 Years,31,13,18,29,12,17,0,0,0,0,0,0,2,1,1
JACK COUNTY,237,84 Years,36,15,21,35,15,20,0,0,0,0,0,0,1,0,1
JACK COUNTY,237,85 Years +,142,52,90,139,52,87,1,0,1,0,0,0,2,0,2
JACKSON COUNTY,239,All Ages,14698,7268,7430,8889,4345,4544,1021,482,539,225,110,115,4563,2331,2232
JACKSON COUNTY,239,< 1 Year,211,100,111,92,45,47,16,7,9,5,2,3,98,46,52
JACKSON COUNTY,239,1 Years,208,100,108,93,43,50,19,9,10,6,3,3,90,45,45
JACKSON COUNTY,239,2 Years,198,92,106,87,37,50,17,7,10,5,3,2,89,45,44
JACKSON COUNTY,239,3 Years,202,95,107,86,38,48,19,9,10,7,5,2,90,43,47
JACKSON COUNTY,239,4 Years,220,122,98,99,57,42,21,6,15,6,2,4,94,57,37
JACKSON COUNTY,239,5 Years,211,100,111,94,49,45,16,6,10,7,4,3,94,41,53
JACKSON COUNTY,239,6 Years,212,98,114,86,42,44,21,15,6,8,4,4,97,37,60
JACKSON COUNTY,239,7 Years,203,89,114,83,39,44,17,11,6,4,1,3,99,38,61
JACKSON COUNTY,239,8 Years,214,98,116,96,42,54,15,8,7,4,1,3,99,47,52
JACKSON COUNTY,239,9 Years,202,96,106,92,45,47,15,7,8,4,1,3,91,43,48
JACKSON COUNTY,239,10 Years,203,104,99,96,46,50,14,7,7,5,2,3,88,49,39
JACKSON COUNTY,239,11 Years,197,96,101,91,43,48,18,11,7,2,1,1,86,41,45
JACKSON COUNTY,239,12 Years,185,93,92,97,47,50,18,10,8,1,1,0,69,35,34
JACKSON COUNTY,239,13 Years,205,113,92,100,55,45,13,8,5,1,1,0,91,49,42
JACKSON COUNTY,239,14 Years,218,120,98,103,56,47,13,6,7,3,1,2,99,57,42
JACKSON COUNTY,239,15 Years,180,94,86,100,52,48,10,3,7,1,0,1,69,39,30
JACKSON COUNTY,239,16 Years,201,115,86,111,62,49,16,9,7,2,2,0,72,42,30
JACKSON COUNTY,239,17 Years,222,120,102,116,65,51,18,10,8,2,1,1,86,44,42
JACKSON COUNTY,239,18 Years,197,101,96,102,55,47,14,7,7,2,1,1,79,38,41
JACKSON COUNTY,239,19 Years,170,93,77,88,52,36,14,7,7,5,1,4,63,33,30
JACKSON COUNTY,239,20 Years,165,90,75,84,44,40,18,12,6,4,3,1,59,31,28
JACKSON COUNTY,239,21 Years,190,106,84,99,59,40,20,11,9,3,2,1,68,34,34
JACKSON COUNTY,239,22 Years,204,105,99,110,52,58,18,10,8,3,2,1,73,41,32
JACKSON COUNTY,239,23 Years,195,90,105,108,44,64,16,8,8,6,5,1,65,33,32
JACKSON COUNTY,239,24 Years,164,75,89,83,32,51,12,8,4,4,2,2,65,33,32
JACKSON COUNTY,239,25 Years,153,87,66,87,51,36,10,6,4,3,1,2,53,29,24
JACKSON COUNTY,239,26 Years,156,82,74,85,48,37,11,4,7,4,3,1,56,27,29
JACKSON COUNTY,239,27 Years,156,79,77,90,52,38,9,1,8,2,1,1,55,25,30
JACKSON COUNTY,239,28 Years,171,91,80,95,48,47,9,5,4,1,0,1,66,38,28
JACKSON COUNTY,239,29 Years,160,85,75,86,46,40,7,4,3,2,1,1,65,34,31
JACKSON COUNTY,239,30 Years,160,81,79,96,49,47,9,5,4,2,1,1,53,26,27
JACKSON COUNTY,239,31 Years,186,96,90,107,56,51,13,5,8,2,0,2,64,35,29
JACKSON COUNTY,239,32 Years,173,89,84,101,56,45,12,2,10,3,0,3,57,31,26
JACKSON COUNTY,239,33 Years,175,86,89,97,50,47,11,4,7,1,0,1,66,32,34
JACKSON COUNTY,239,34 Years,168,83,85,92,45,47,9,6,3,0,0,0,67,32,35
JACKSON COUNTY,239,35 Years,175,91,84,103,54,49,13,7,6,1,0,1,58,30,28
JACKSON COUNTY,239,36 Years,165,78,87,100,46,54,12,4,8,2,0,2,51,28,23
JACKSON COUNTY,239,37 Years,145,74,71,83,41,42,9,3,6,1,0,1,52,30,22
JACKSON COUNTY,239,38 Years,133,64,69,82,41,41,6,4,2,0,0,0,45,19,26
JACKSON COUNTY,239,39 Years,153,84,69,90,47,43,6,4,2,2,0,2,55,33,22
JACKSON COUNTY,239,40 Years,149,70,79,81,38,43,9,4,5,0,0,0,59,28,31
JACKSON COUNTY,239,41 Years,167,80,87,98,43,55,8,5,3,3,2,1,58,30,28
JACKSON COUNTY,239,42 Years,171,80,91,110,48,62,7,4,3,2,2,0,52,26,26
JACKSON COUNTY,239,43 Years,157,79,78,102,50,52,10,7,3,2,1,1,43,21,22
JACKSON COUNTY,239,44 Years,146,77,69,89,47,42,8,3,5,4,3,1,45,24,21
JACKSON COUNTY,239,45 Years,154,81,73,95,49,46,8,3,5,2,1,1,49,28,21
JACKSON COUNTY,239,46 Years,159,83,76,99,50,49,11,4,7,3,2,1,46,27,19
JACKSON COUNTY,239,47 Years,145,75,70,95,48,47,11,6,5,1,1,0,38,20,18
JACKSON COUNTY,239,48 Years,177,90,87,113,61,52,9,4,5,3,2,1,52,23,29
JACKSON COUNTY,239,49 Years,200,97,103,119,59,60,11,3,8,3,3,0,67,32,35
JACKSON COUNTY,239,50 Years,206,93,113,127,56,71,19,9,10,4,2,2,56,26,30
JACKSON COUNTY,239,51 Years,202,104,98,130,65,65,16,8,8,2,1,1,54,30,24
JACKSON COUNTY,239,52 Years,206,98,108,137,65,72,9,3,6,2,2,0,58,28,30
JACKSON COUNTY,239,53 Years,223,114,109,150,78,72,13,5,8,4,3,1,56,28,28
JACKSON COUNTY,239,54 Years,200,105,95,137,73,64,12,6,6,2,0,2,49,26,23
JACKSON COUNTY,239,55 Years,206,105,101,148,76,72,16,5,11,0,0,0,42,24,18
JACKSON COUNTY,239,56 Years,226,108,118,157,73,84,15,5,10,3,2,1,51,28,23
JACKSON COUNTY,239,57 Years,204,104,100,133,65,68,13,7,6,4,2,2,54,30,24
JACKSON COUNTY,239,58 Years,215,98,117,151,66,85,12,7,5,1,0,1,51,25,26
JACKSON COUNTY,239,59 Years,225,107,118,159,69,90,17,10,7,1,0,1,48,28,20
JACKSON COUNTY,239,60 Years,214,100,114,150,64,86,16,7,9,3,1,2,45,28,17
JACKSON COUNTY,239,61 Years,206,105,101,146,76,70,14,5,9,3,2,1,43,22,21
JACKSON COUNTY,239,62 Years,195,106,89,137,74,63,16,9,7,3,2,1,39,21,18
JACKSON COUNTY,239,63 Years,199,105,94,135,68,67,19,9,10,5,4,1,40,24,16
JACKSON COUNTY,239,64 Years,177,91,86,125,65,60,15,6,9,3,1,2,34,19,15
JACKSON COUNTY,239,65 Years,146,69,77,99,47,52,16,8,8,4,2,2,27,12,15
JACKSON COUNTY,239,66 Years,148,77,71,112,56,56,8,4,4,3,1,2,25,16,9
JACKSON COUNTY,239,67 Years,152,72,80,117,50,67,10,5,5,4,2,2,21,15,6
JACKSON COUNTY,239,68 Years,152,76,76,113,54,59,9,5,4,1,0,1,29,17,12
JACKSON COUNTY,239,69 Years,132,67,65,99,49,50,8,5,3,2,2,0,23,11,12
JACKSON COUNTY,239,70 Years,140,70,70,103,49,54,10,6,4,0,0,0,27,15,12
JACKSON COUNTY,239,71 Years,143,60,83,111,47,64,7,3,4,0,0,0,25,10,15
JACKSON COUNTY,239,72 Years,133,61,72,112,51,61,3,1,2,3,2,1,15,7,8
JACKSON COUNTY,239,73 Years,128,61,67,105,50,55,5,2,3,2,0,2,16,9,7
JACKSON COUNTY,239,74 Years,113,54,59,88,42,46,8,4,4,0,0,0,17,8,9
JACKSON COUNTY,239,75 Years,105,53,52,79,42,37,6,2,4,3,0,3,17,9,8
JACKSON COUNTY,239,76 Years,103,54,49,80,40,40,3,1,2,2,1,1,18,12,6
JACKSON COUNTY,239,77 Years,90,34,56,72,27,45,2,0,2,1,0,1,15,7,8
JACKSON COUNTY,239,78 Years,96,40,56,75,30,45,4,2,2,0,0,0,17,8,9
JACKSON COUNTY,239,79 Years,82,42,40,61,32,29,5,3,2,2,1,1,14,6,8
JACKSON COUNTY,239,80 Years,81,33,48,59,26,33,7,3,4,2,1,1,13,3,10
JACKSON COUNTY,239,81 Years,86,30,56,66,25,41,7,1,6,2,1,1,11,3,8
JACKSON COUNTY,239,82 Years,77,29,48,62,25,37,4,0,4,2,0,2,9,4,5
JACKSON COUNTY,239,83 Years,76,31,45,62,27,35,5,1,4,1,0,1,8,3,5
JACKSON COUNTY,239,84 Years,62,25,37,46,20,26,3,1,2,1,0,1,12,4,8
JACKSON COUNTY,239,85 Years +,318,120,198,255,99,156,23,5,18,1,0,1,39,16,23
JASPER COUNTY,241,All Ages,35921,17713,18208,26667,13061,13606,5988,2898,3090,998,479,519,2268,1275,993
JASPER COUNTY,241,< 1 Year,436,221,215,280,142,138,74,34,40,37,22,15,45,23,22
JASPER COUNTY,241,1 Years,423,219,204,266,139,127,80,39,41,35,19,16,42,22,20
JASPER COUNTY,241,2 Years,451,233,218,294,147,147,82,41,41,29,18,11,46,27,19
JASPER COUNTY,241,3 Years,462,239,223,301,151,150,89,45,44,30,18,12,42,25,17
JASPER COUNTY,241,4 Years,508,235,273,336,157,179,94,39,55,28,11,17,50,28,22
JASPER COUNTY,241,5 Years,481,232,249,307,146,161,92,48,44,32,12,20,50,26,24
JASPER COUNTY,241,6 Years,489,232,257,322,152,170,93,45,48,31,13,18,43,22,21
JASPER COUNTY,241,7 Years,505,252,253,332,170,162,94,47,47,31,11,20,48,24,24
JASPER COUNTY,241,8 Years,483,247,236,321,170,151,84,42,42,28,11,17,50,24,26
JASPER COUNTY,241,9 Years,510,266,244,331,174,157,91,48,43,33,15,18,55,29,26
JASPER COUNTY,241,10 Years,534,279,255,342,184,158,106,53,53,31,12,19,55,30,25
JASPER COUNTY,241,11 Years,494,253,241,329,174,155,87,42,45,26,11,15,52,26,26
JASPER COUNTY,241,12 Years,482,260,222,322,171,151,90,51,39,23,12,11,47,26,21
JASPER COUNTY,241,13 Years,495,254,241,320,169,151,97,53,44,21,10,11,57,22,35
JASPER COUNTY,241,14 Years,488,241,247,334,169,165,81,46,35,21,7,14,52,19,33
JASPER COUNTY,241,15 Years,464,226,238,319,155,164,96,53,43,12,4,8,37,14,23
JASPER COUNTY,241,16 Years,451,240,211,316,169,147,86,43,43,17,8,9,32,20,12
JASPER COUNTY,241,17 Years,482,255,227,329,176,153,99,53,46,17,7,10,37,19,18
JASPER COUNTY,241,18 Years,469,228,241,306,151,155,104,55,49,20,7,13,39,15,24
JASPER COUNTY,241,19 Years,462,246,216,296,152,144,100,54,46,20,11,9,46,29,17
JASPER COUNTY,241,20 Years,429,229,200,273,146,127,99,50,49,17,8,9,40,25,15
JASPER COUNTY,241,21 Years,455,247,208,300,160,140,105,63,42,12,4,8,38,20,18
JASPER COUNTY,241,22 Years,437,223,214,276,138,138,110,54,56,13,6,7,38,25,13
JASPER COUNTY,241,23 Years,394,194,200,256,120,136,96,52,44,10,4,6,32,18,14
JASPER COUNTY,241,24 Years,408,209,199,277,132,145,89,53,36,8,3,5,34,21,13
JASPER COUNTY,241,25 Years,389,219,170,268,134,134,81,56,25,5,3,2,35,26,9
JASPER COUNTY,241,26 Years,389,203,186,275,137,138,75,40,35,8,7,1,31,19,12
JASPER COUNTY,241,27 Years,379,190,189,262,124,138,69,33,36,4,2,2,44,31,13
JASPER COUNTY,241,28 Years,346,163,183,240,108,132,62,27,35,8,4,4,36,24,12
JASPER COUNTY,241,29 Years,374,178,196,265,127,138,65,25,40,6,2,4,38,24,14
JASPER COUNTY,241,30 Years,369,189,180,254,128,126,69,29,40,4,4,0,42,28,14
JASPER COUNTY,241,31 Years,391,203,188,279,142,137,64,30,34,12,7,5,36,24,12
JASPER COUNTY,241,32 Years,387,199,188,272,141,131,67,31,36,8,4,4,40,23,17
JASPER COUNTY,241,33 Years,403,188,215,283,134,149,74,32,42,6,1,5,40,21,19
JASPER COUNTY,241,34 Years,413,207,206,302,149,153,70,36,34,9,5,4,32,17,15
JASPER COUNTY,241,35 Years,371,193,178,274,140,134,59,35,24,5,2,3,33,16,17
JASPER COUNTY,241,36 Years,366,179,187,252,119,133,73,37,36,5,3,2,36,20,16
JASPER COUNTY,241,37 Years,375,193,182,253,133,120,81,38,43,10,3,7,31,19,12
JASPER COUNTY,241,38 Years,375,198,177,263,144,119,70,31,39,9,2,7,33,21,12
JASPER COUNTY,241,39 Years,375,189,186,265,127,138,62,34,28,11,5,6,37,23,14
JASPER COUNTY,241,40 Years,390,216,174,280,149,131,59,35,24,9,5,4,42,27,15
JASPER COUNTY,241,41 Years,353,184,169,260,133,127,61,32,29,5,4,1,27,15,12
JASPER COUNTY,241,42 Years,397,186,211,304,144,160,57,24,33,9,4,5,27,14,13
JASPER COUNTY,241,43 Years,443,237,206,333,172,161,58,30,28,19,10,9,33,25,8
JASPER COUNTY,241,44 Years,415,197,218,316,146,170,63,28,35,14,9,5,22,14,8
JASPER COUNTY,241,45 Years,434,217,217,339,162,177,63,32,31,10,7,3,22,16,6
JASPER COUNTY,241,46 Years,453,245,208,348,188,160,73,36,37,10,7,3,22,14,8
JASPER COUNTY,241,47 Years,426,205,221,322,156,166,69,30,39,10,5,5,25,14,11
JASPER COUNTY,241,48 Years,427,200,227,329,158,171,68,27,41,10,5,5,20,10,10
JASPER COUNTY,241,49 Years,482,228,254,373,169,204,80,41,39,11,6,5,18,12,6
JASPER COUNTY,241,50 Years,482,230,252,373,170,203,76,41,35,9,4,5,24,15,9
JASPER COUNTY,241,51 Years,510,236,274,400,183,217,81,37,44,8,2,6,21,14,7
JASPER COUNTY,241,52 Years,548,278,270,424,214,210,89,41,48,9,5,4,26,18,8
JASPER COUNTY,241,53 Years,543,272,271,420,216,204,97,39,58,5,3,2,21,14,7
JASPER COUNTY,241,54 Years,525,251,274,410,201,209,94,37,57,5,3,2,16,10,6
JASPER COUNTY,241,55 Years,508,264,244,389,201,188,99,51,48,6,4,2,14,8,6
JASPER COUNTY,241,56 Years,548,255,293,443,207,236,84,36,48,7,4,3,14,8,6
JASPER COUNTY,241,57 Years,573,282,291,443,221,222,104,46,58,11,7,4,15,8,7
JASPER COUNTY,241,58 Years,511,260,251,385,198,187,100,48,52,9,7,2,17,7,10
JASPER COUNTY,241,59 Years,521,256,265,408,205,203,86,36,50,6,4,2,21,11,10
JASPER COUNTY,241,60 Years,540,265,275,437,215,222,84,38,46,5,3,2,14,9,5
JASPER COUNTY,241,61 Years,487,233,254,406,193,213,65,32,33,6,3,3,10,5,5
JASPER COUNTY,241,62 Years,448,222,226,373,184,189,58,29,29,6,3,3,11,6,5
JASPER COUNTY,241,63 Years,467,218,249,392,186,206,56,24,32,9,4,5,10,4,6
JASPER COUNTY,241,64 Years,491,233,258,410,196,214,65,31,34,7,2,5,9,4,5
JASPER COUNTY,241,65 Years,475,215,260,394,174,220,65,32,33,7,3,4,9,6,3
JASPER COUNTY,241,66 Years,468,217,251,392,179,213,60,31,29,8,5,3,8,2,6
JASPER COUNTY,241,67 Years,456,229,227,384,200,184,53,20,33,13,7,6,6,2,4
JASPER COUNTY,241,68 Years,379,186,193,321,162,159,44,17,27,6,3,3,8,4,4
JASPER COUNTY,241,69 Years,383,180,203,329,159,170,42,16,26,3,2,1,9,3,6
JASPER COUNTY,241,70 Years,381,174,207,327,152,175,39,17,22,7,3,4,8,2,6
JASPER COUNTY,241,71 Years,384,192,192,325,161,164,44,23,21,9,4,5,6,4,2
JASPER COUNTY,241,72 Years,327,151,176,286,132,154,36,17,19,3,1,2,2,1,1
JASPER COUNTY,241,73 Years,291,136,155,249,114,135,33,15,18,2,1,1,7,6,1
JASPER COUNTY,241,74 Years,311,141,170,268,123,145,37,14,23,2,1,1,4,3,1
JASPER COUNTY,241,75 Years,298,122,176,254,107,147,38,13,25,3,1,2,3,1,2
JASPER COUNTY,241,76 Years,251,105,146,216,93,123,30,11,19,2,0,2,3,1,2
JASPER COUNTY,241,77 Years,226,105,121,193,88,105,24,9,15,2,2,0,7,6,1
JASPER COUNTY,241,78 Years,232,105,127,205,93,112,21,7,14,2,2,0,4,3,1
JASPER COUNTY,241,79 Years,231,101,130,206,91,115,19,7,12,3,1,2,3,2,1
JASPER COUNTY,241,80 Years,213,98,115,182,89,93,28,9,19,2,0,2,1,0,1
JASPER COUNTY,241,81 Years,188,89,99,168,84,84,17,5,12,1,0,1,2,0,2
JASPER COUNTY,241,82 Years,155,69,86,138,65,73,12,4,8,1,0,1,4,0,4
JASPER COUNTY,241,83 Years,155,71,84,133,63,70,15,5,10,1,1,0,6,2,4
JASPER COUNTY,241,84 Years,147,62,85,128,53,75,12,5,7,3,1,2,4,3,1
JASPER COUNTY,241,85 Years +,654,244,410,560,211,349,71,23,48,11,3,8,12,7,5
JEFF DAVIS COUNTY,243,All Ages,2222,1114,1108,1357,674,683,8,5,3,51,30,21,806,405,401
JEFF DAVIS COUNTY,243,< 1 Year,21,8,13,3,0,3,0,0,0,0,0,0,18,8,10
JEFF DAVIS COUNTY,243,1 Years,19,8,11,3,0,3,0,0,0,0,0,0,16,8,8
JEFF DAVIS COUNTY,243,2 Years,24,12,12,3,0,3,0,0,0,0,0,0,21,12,9
JEFF DAVIS COUNTY,243,3 Years,28,14,14,3,0,3,0,0,0,0,0,0,25,14,11
JEFF DAVIS COUNTY,243,4 Years,21,12,9,2,2,0,2,2,0,1,1,0,16,7,9
JEFF DAVIS COUNTY,243,5 Years,17,8,9,5,2,3,0,0,0,0,0,0,12,6,6
JEFF DAVIS COUNTY,243,6 Years,16,7,9,4,1,3,0,0,0,0,0,0,12,6,6
JEFF DAVIS COUNTY,243,7 Years,18,7,11,8,5,3,0,0,0,0,0,0,10,2,8
JEFF DAVIS COUNTY,243,8 Years,17,8,9,8,5,3,0,0,0,0,0,0,9,3,6
JEFF DAVIS COUNTY,243,9 Years,16,10,6,7,6,1,0,0,0,0,0,0,9,4,5
JEFF DAVIS COUNTY,243,10 Years,20,10,10,12,6,6,0,0,0,1,0,1,7,4,3
JEFF DAVIS COUNTY,243,11 Years,19,11,8,7,3,4,0,0,0,0,0,0,12,8,4
JEFF DAVIS COUNTY,243,12 Years,23,11,12,8,5,3,0,0,0,1,0,1,14,6,8
JEFF DAVIS COUNTY,243,13 Years,20,12,8,11,8,3,0,0,0,1,0,1,8,4,4
JEFF DAVIS COUNTY,243,14 Years,20,11,9,12,6,6,0,0,0,0,0,0,8,5,3
JEFF DAVIS COUNTY,243,15 Years,22,9,13,11,4,7,0,0,0,1,1,0,10,4,6
JEFF DAVIS COUNTY,243,16 Years,20,9,11,9,5,4,0,0,0,1,1,0,10,3,7
JEFF DAVIS COUNTY,243,17 Years,20,9,11,8,3,5,0,0,0,0,0,0,12,6,6
JEFF DAVIS COUNTY,243,18 Years,25,13,12,16,8,8,0,0,0,0,0,0,9,5,4
JEFF DAVIS COUNTY,243,19 Years,27,13,14,13,7,6,2,0,2,1,0,1,11,6,5
JEFF DAVIS COUNTY,243,20 Years,35,18,17,18,11,7,1,0,1,2,0,2,14,7,7
JEFF DAVIS COUNTY,243,21 Years,52,31,21,32,19,13,1,1,0,4,2,2,15,9,6
JEFF DAVIS COUNTY,243,22 Years,35,21,14,22,14,8,0,0,0,2,1,1,11,6,5
JEFF DAVIS COUNTY,243,23 Years,14,8,6,7,5,2,0,0,0,0,0,0,7,3,4
JEFF DAVIS COUNTY,243,24 Years,12,8,4,6,5,1,0,0,0,0,0,0,6,3,3
JEFF DAVIS COUNTY,243,25 Years,13,8,5,7,4,3,0,0,0,0,0,0,6,4,2
JEFF DAVIS COUNTY,243,26 Years,15,10,5,6,5,1,0,0,0,0,0,0,9,5,4
JEFF DAVIS COUNTY,243,27 Years,13,7,6,5,3,2,0,0,0,0,0,0,8,4,4
JEFF DAVIS COUNTY,243,28 Years,11,7,4,3,2,1,0,0,0,0,0,0,8,5,3
JEFF DAVIS COUNTY,243,29 Years,10,6,4,3,2,1,0,0,0,0,0,0,7,4,3
JEFF DAVIS COUNTY,243,30 Years,12,6,6,5,2,3,0,0,0,0,0,0,7,4,3
JEFF DAVIS COUNTY,243,31 Years,16,7,9,7,4,3,0,0,0,1,1,0,8,2,6
JEFF DAVIS COUNTY,243,32 Years,16,6,10,6,2,4,0,0,0,1,1,0,9,3,6
JEFF DAVIS COUNTY,243,33 Years,15,6,9,5,2,3,0,0,0,0,0,0,10,4,6
JEFF DAVIS COUNTY,243,34 Years,14,7,7,4,2,2,0,0,0,0,0,0,10,5,5
JEFF DAVIS COUNTY,243,35 Years,14,9,5,4,2,2,1,1,0,0,0,0,9,6,3
JEFF DAVIS COUNTY,243,36 Years,14,8,6,6,3,3,0,0,0,1,0,1,7,5,2
JEFF DAVIS COUNTY,243,37 Years,14,8,6,9,6,3,0,0,0,1,0,1,4,2,2
JEFF DAVIS COUNTY,243,38 Years,15,7,8,10,4,6,0,0,0,0,0,0,5,3,2
JEFF DAVIS COUNTY,243,39 Years,13,5,8,7,3,4,0,0,0,0,0,0,6,2,4
JEFF DAVIS COUNTY,243,40 Years,12,5,7,9,4,5,0,0,0,0,0,0,3,1,2
JEFF DAVIS COUNTY,243,41 Years,20,6,14,12,4,8,0,0,0,0,0,0,8,2,6
JEFF DAVIS COUNTY,243,42 Years,20,8,12,10,4,6,0,0,0,0,0,0,10,4,6
JEFF DAVIS COUNTY,243,43 Years,13,5,8,6,1,5,0,0,0,0,0,0,7,4,3
JEFF DAVIS COUNTY,243,44 Years,24,13,11,11,4,7,0,0,0,1,1,0,12,8,4
JEFF DAVIS COUNTY,243,45 Years,20,7,13,9,2,7,0,0,0,2,1,1,9,4,5
JEFF DAVIS COUNTY,243,46 Years,20,11,9,10,5,5,0,0,0,1,1,0,9,5,4
JEFF DAVIS COUNTY,243,47 Years,17,8,9,9,5,4,0,0,0,1,1,0,7,2,5
JEFF DAVIS COUNTY,243,48 Years,23,11,12,17,7,10,0,0,0,0,0,0,6,4,2
JEFF DAVIS COUNTY,243,49 Years,30,15,15,17,8,9,0,0,0,2,2,0,11,5,6
JEFF DAVIS COUNTY,243,50 Years,34,17,17,22,11,11,0,0,0,1,1,0,11,5,6
JEFF DAVIS COUNTY,243,51 Years,35,17,18,22,11,11,0,0,0,2,0,2,11,6,5
JEFF DAVIS COUNTY,243,52 Years,28,13,15,19,10,9,0,0,0,1,0,1,8,3,5
JEFF DAVIS COUNTY,243,53 Years,35,17,18,19,8,11,0,0,0,1,0,1,15,9,6
JEFF DAVIS COUNTY,243,54 Years,35,19,16,21,12,9,0,0,0,2,1,1,12,6,6
JEFF DAVIS COUNTY,243,55 Years,32,15,17,22,10,12,0,0,0,1,0,1,9,5,4
JEFF DAVIS COUNTY,243,56 Years,38,17,21,26,13,13,0,0,0,1,0,1,11,4,7
JEFF DAVIS COUNTY,243,57 Years,42,22,20,29,14,15,0,0,0,1,1,0,12,7,5
JEFF DAVIS COUNTY,243,58 Years,41,19,22,31,14,17,0,0,0,0,0,0,10,5,5
JEFF DAVIS COUNTY,243,59 Years,49,23,26,41,19,22,0,0,0,1,1,0,7,3,4
JEFF DAVIS COUNTY,243,60 Years,47,21,26,38,17,21,1,1,0,1,1,0,7,2,5
JEFF DAVIS COUNTY,243,61 Years,48,21,27,37,16,21,0,0,0,0,0,0,11,5,6
JEFF DAVIS COUNTY,243,62 Years,53,24,29,42,18,24,0,0,0,2,1,1,9,5,4
JEFF DAVIS COUNTY,243,63 Years,48,26,22,37,20,17,0,0,0,0,0,0,11,6,5
JEFF DAVIS COUNTY,243,64 Years,40,20,20,33,15,18,0,0,0,0,0,0,7,5,2
JEFF DAVIS COUNTY,243,65 Years,52,30,22,43,25,18,0,0,0,1,1,0,8,4,4
JEFF DAVIS COUNTY,243,66 Years,55,30,25,40,21,19,0,0,0,1,1,0,14,8,6
JEFF DAVIS COUNTY,243,67 Years,47,25,22,35,18,17,0,0,0,1,1,0,11,6,5
JEFF DAVIS COUNTY,243,68 Years,36,19,17,27,15,12,0,0,0,0,0,0,9,4,5
JEFF DAVIS COUNTY,243,69 Years,45,23,22,37,19,18,0,0,0,0,0,0,8,4,4
JEFF DAVIS COUNTY,243,70 Years,51,27,24,41,19,22,0,0,0,2,2,0,8,6,2
JEFF DAVIS COUNTY,243,71 Years,36,23,13,26,15,11,0,0,0,1,1,0,9,7,2
JEFF DAVIS COUNTY,243,72 Years,31,13,18,26,9,17,0,0,0,1,0,1,4,4,0
JEFF DAVIS COUNTY,243,73 Years,33,18,15,23,11,12,0,0,0,2,2,0,8,5,3
JEFF DAVIS COUNTY,243,74 Years,34,19,15,26,15,11,0,0,0,1,1,0,7,3,4
JEFF DAVIS COUNTY,243,75 Years,23,13,10,14,8,6,0,0,0,0,0,0,9,5,4
JEFF DAVIS COUNTY,243,76 Years,23,13,10,14,9,5,0,0,0,0,0,0,9,4,5
JEFF DAVIS COUNTY,243,77 Years,23,14,9,16,10,6,0,0,0,0,0,0,7,4,3
JEFF DAVIS COUNTY,243,78 Years,18,6,12,13,4,9,0,0,0,0,0,0,5,2,3
JEFF DAVIS COUNTY,243,79 Years,17,9,8,11,5,6,0,0,0,1,1,0,5,3,2
JEFF DAVIS COUNTY,243,80 Years,16,9,7,12,7,5,0,0,0,0,0,0,4,2,2
JEFF DAVIS COUNTY,243,81 Years,13,7,6,12,7,5,0,0,0,0,0,0,1,0,1
JEFF DAVIS COUNTY,243,82 Years,16,6,10,12,6,6,0,0,0,0,0,0,4,0,4
JEFF DAVIS COUNTY,243,83 Years,16,7,9,11,5,6,0,0,0,0,0,0,5,2,3
JEFF DAVIS COUNTY,243,84 Years,9,7,2,7,5,2,0,0,0,0,0,0,2,2,0
JEFF DAVIS COUNTY,243,85 Years +,58,21,37,37,13,24,0,0,0,0,0,0,21,8,13
JEFFERSON COUNTY,245,All Ages,251640,129355,122285,103777,52391,51386,84119,41603,42516,14167,7411,6756,49577,27950,21627
JEFFERSON COUNTY,245,< 1 Year,3552,1820,1732,982,497,485,1261,650,611,271,138,133,1038,535,503
JEFFERSON COUNTY,245,1 Years,3440,1759,1681,971,496,475,1212,614,598,266,138,128,991,511,480
JEFFERSON COUNTY,245,2 Years,3385,1710,1675,961,485,476,1173,581,592,274,139,135,977,505,472
JEFFERSON COUNTY,245,3 Years,3424,1741,1683,991,506,485,1177,581,596,288,152,136,968,502,466
JEFFERSON COUNTY,245,4 Years,3416,1776,1640,993,542,451,1200,600,600,255,129,126,968,505,463
JEFFERSON COUNTY,245,5 Years,3380,1731,1649,968,515,453,1226,616,610,234,120,114,952,480,472
JEFFERSON COUNTY,245,6 Years,3400,1694,1706,942,478,464,1231,595,636,247,124,123,980,497,483
JEFFERSON COUNTY,245,7 Years,3451,1769,1682,1004,519,485,1234,630,604,235,116,119,978,504,474
JEFFERSON COUNTY,245,8 Years,3302,1673,1629,956,490,466,1210,591,619,234,113,121,902,479,423
JEFFERSON COUNTY,245,9 Years,3256,1673,1583,911,481,430,1190,569,621,240,120,120,915,503,412
JEFFERSON COUNTY,245,10 Years,3161,1612,1549,914,483,431,1151,544,607,225,116,109,871,469,402
JEFFERSON COUNTY,245,11 Years,3214,1636,1578,924,465,459,1190,603,587,205,102,103,895,466,429
JEFFERSON COUNTY,245,12 Years,3127,1605,1522,884,439,445,1166,613,553,211,107,104,866,446,420
JEFFERSON COUNTY,245,13 Years,3250,1692,1558,940,466,474,1215,647,568,215,106,109,880,473,407
JEFFERSON COUNTY,245,14 Years,3300,1656,1644,969,468,501,1246,627,619,207,104,103,878,457,421
JEFFERSON COUNTY,245,15 Years,3222,1602,1620,1024,510,514,1202,606,596,192,91,101,804,395,409
JEFFERSON COUNTY,245,16 Years,3252,1614,1638,1047,526,521,1161,564,597,228,113,115,816,411,405
JEFFERSON COUNTY,245,17 Years,3410,1694,1716,1153,567,586,1226,583,643,233,129,104,798,415,383
JEFFERSON COUNTY,245,18 Years,3509,1807,1702,1123,568,555,1349,675,674,227,116,111,810,448,362
JEFFERSON COUNTY,245,19 Years,3831,2021,1810,1224,620,604,1558,825,733,215,110,105,834,466,368
JEFFERSON COUNTY,245,20 Years,3995,2179,1816,1238,662,576,1647,865,782,219,119,100,891,533,358
JEFFERSON COUNTY,245,21 Years,3943,2182,1761,1271,677,594,1595,880,715,205,106,99,872,519,353
JEFFERSON COUNTY,245,22 Years,4074,2140,1934,1361,693,668,1537,780,757,275,150,125,901,517,384
JEFFERSON COUNTY,245,23 Years,4168,2177,1991,1425,702,723,1489,760,729,308,152,156,946,563,383
JEFFERSON COUNTY,245,24 Years,3961,2100,1861,1380,707,673,1388,724,664,277,144,133,916,525,391
JEFFERSON COUNTY,245,25 Years,3901,2117,1784,1411,741,670,1197,602,595,291,164,127,1002,610,392
JEFFERSON COUNTY,245,26 Years,3854,2142,1712,1409,761,648,1165,596,569,270,152,118,1010,633,377
JEFFERSON COUNTY,245,27 Years,3803,2086,1717,1450,805,645,1097,536,561,263,152,111,993,593,400
JEFFERSON COUNTY,245,28 Years,3753,2092,1661,1409,773,636,1069,559,510,237,126,111,1038,634,404
JEFFERSON COUNTY,245,29 Years,3672,2081,1591,1413,799,614,1030,545,485,242,145,97,987,592,395
JEFFERSON COUNTY,245,30 Years,3533,1964,1569,1324,713,611,1035,544,491,198,114,84,976,593,383
JEFFERSON COUNTY,245,31 Years,3606,1999,1607,1398,756,642,1057,560,497,194,112,82,957,571,386
JEFFERSON COUNTY,245,32 Years,3442,1931,1511,1285,714,571,1074,589,485,165,91,74,918,537,381
JEFFERSON COUNTY,245,33 Years,3500,1936,1564,1310,728,582,1113,584,529,175,90,85,902,534,368
JEFFERSON COUNTY,245,34 Years,3513,1907,1606,1309,695,614,1129,583,546,202,104,98,873,525,348
JEFFERSON COUNTY,245,35 Years,3266,1803,1463,1163,627,536,1086,566,520,178,99,79,839,511,328
JEFFERSON COUNTY,245,36 Years,3159,1720,1439,1133,620,513,1083,561,522,182,99,83,761,440,321
JEFFERSON COUNTY,245,37 Years,3057,1674,1383,1104,619,485,1038,523,515,195,104,91,720,428,292
JEFFERSON COUNTY,245,38 Years,3016,1676,1340,1081,601,480,1026,547,479,170,86,84,739,442,297
JEFFERSON COUNTY,245,39 Years,2999,1653,1346,1068,585,483,1024,546,478,171,92,79,736,430,306
JEFFERSON COUNTY,245,40 Years,2954,1593,1361,1105,590,515,940,486,454,200,107,93,709,410,299
JEFFERSON COUNTY,245,41 Years,2917,1586,1331,1088,606,482,906,459,447,203,103,100,720,418,302
JEFFERSON COUNTY,245,42 Years,3062,1662,1400,1187,647,540,1010,526,484,188,88,100,677,401,276
JEFFERSON COUNTY,245,43 Years,3091,1680,1411,1228,681,547,1039,517,522,185,91,94,639,391,248
JEFFERSON COUNTY,245,44 Years,3031,1672,1359,1230,677,553,1022,538,484,193,98,95,586,359,227
JEFFERSON COUNTY,245,45 Years,2963,1618,1345,1248,663,585,986,517,469,206,114,92,523,324,199
JEFFERSON COUNTY,245,46 Years,2915,1558,1357,1212,643,569,999,497,502,182,97,85,522,321,201
JEFFERSON COUNTY,245,47 Years,2922,1599,1323,1229,660,569,1025,529,496,157,89,68,511,321,190
JEFFERSON COUNTY,245,48 Years,3025,1610,1415,1283,676,607,1087,560,527,144,77,67,511,297,214
JEFFERSON COUNTY,245,49 Years,3269,1656,1613,1477,754,723,1094,516,578,162,82,80,536,304,232
JEFFERSON COUNTY,245,50 Years,3343,1726,1617,1545,791,754,1112,547,565,164,90,74,522,298,224
JEFFERSON COUNTY,245,51 Years,3367,1718,1649,1592,811,781,1113,530,583,179,100,79,483,277,206
JEFFERSON COUNTY,245,52 Years,3550,1832,1718,1722,876,846,1174,568,606,182,100,82,472,288,184
JEFFERSON COUNTY,245,53 Years,3619,1859,1760,1762,894,868,1241,600,641,172,98,74,444,267,177
JEFFERSON COUNTY,245,54 Years,3665,1904,1761,1864,951,913,1188,589,599,178,94,84,435,270,165
JEFFERSON COUNTY,245,55 Years,3552,1865,1687,1812,937,875,1210,616,594,154,80,74,376,232,144
JEFFERSON COUNTY,245,56 Years,3507,1796,1711,1802,926,876,1174,557,617,156,89,67,375,224,151
JEFFERSON COUNTY,245,57 Years,3521,1748,1773,1781,855,926,1188,565,623,160,88,72,392,240,152
JEFFERSON COUNTY,245,58 Years,3336,1629,1707,1710,842,868,1156,531,625,152,83,69,318,173,145
JEFFERSON COUNTY,245,59 Years,3375,1658,1717,1798,906,892,1125,513,612,144,72,72,308,167,141
JEFFERSON COUNTY,245,60 Years,3169,1579,1590,1718,852,866,997,464,533,143,77,66,311,186,125
JEFFERSON COUNTY,245,61 Years,2995,1528,1467,1607,825,782,1000,478,522,131,72,59,257,153,104
JEFFERSON COUNTY,245,62 Years,2736,1386,1350,1474,757,717,909,444,465,116,60,56,237,125,112
JEFFERSON COUNTY,245,63 Years,2621,1318,1303,1444,748,696,845,403,442,109,50,59,223,117,106
JEFFERSON COUNTY,245,64 Years,2625,1292,1333,1404,702,702,875,405,470,112,47,65,234,138,96
JEFFERSON COUNTY,245,65 Years,2404,1213,1191,1308,668,640,808,388,420,86,50,36,202,107,95
JEFFERSON COUNTY,245,66 Years,2409,1210,1199,1366,695,671,778,372,406,79,45,34,186,98,88
JEFFERSON COUNTY,245,67 Years,2196,1069,1127,1292,637,655,675,311,364,72,37,35,157,84,73
JEFFERSON COUNTY,245,68 Years,1823,865,958,1045,495,550,570,256,314,65,33,32,143,81,62
JEFFERSON COUNTY,245,69 Years,1683,781,902,978,479,499,525,220,305,59,25,34,121,57,64
JEFFERSON COUNTY,245,70 Years,1701,781,920,1025,480,545,494,200,294,60,30,30,122,71,51
JEFFERSON COUNTY,245,71 Years,1638,747,891,968,443,525,492,213,279,55,27,28,123,64,59
JEFFERSON COUNTY,245,72 Years,1470,660,810,882,403,479,429,184,245,47,23,24,112,50,62
JEFFERSON COUNTY,245,73 Years,1364,617,747,813,372,441,409,176,233,39,22,17,103,47,56
JEFFERSON COUNTY,245,74 Years,1331,558,773,819,349,470,392,156,236,40,20,20,80,33,47
JEFFERSON COUNTY,245,75 Years,1263,541,722,794,327,467,350,152,198,39,20,19,80,42,38
JEFFERSON COUNTY,245,76 Years,1196,529,667,776,340,436,323,139,184,31,17,14,66,33,33
JEFFERSON COUNTY,245,77 Years,1148,490,658,727,314,413,322,127,195,32,15,17,67,34,33
JEFFERSON COUNTY,245,78 Years,1102,478,624,704,311,393,301,117,184,32,16,16,65,34,31
JEFFERSON COUNTY,245,79 Years,1124,467,657,711,300,411,316,127,189,36,14,22,61,26,35
JEFFERSON COUNTY,245,80 Years,1038,431,607,684,282,402,261,111,150,28,12,16,65,26,39
JEFFERSON COUNTY,245,81 Years,979,386,593,654,257,397,241,93,148,24,12,12,60,24,36
JEFFERSON COUNTY,245,82 Years,927,368,559,647,256,391,208,80,128,21,10,11,51,22,29
JEFFERSON COUNTY,245,83 Years,897,364,533,625,250,375,205,81,124,22,11,11,45,22,23
JEFFERSON COUNTY,245,84 Years,841,315,526,585,220,365,195,69,126,20,9,11,41,17,24
JEFFERSON COUNTY,245,85 Years +,4479,1569,2910,3229,1144,2085,953,312,641,89,33,56,208,80,128
JIM HOGG COUNTY,247,All Ages,5247,2611,2636,337,180,157,14,13,1,41,21,20,4855,2397,2458
JIM HOGG COUNTY,247,< 1 Year,83,45,38,4,3,1,0,0,0,1,1,0,78,41,37
JIM HOGG COUNTY,247,1 Years,83,43,40,5,3,2,0,0,0,0,0,0,78,40,38
JIM HOGG COUNTY,247,2 Years,84,42,42,5,3,2,0,0,0,0,0,0,79,39,40
JIM HOGG COUNTY,247,3 Years,82,43,39,4,3,1,0,0,0,0,0,0,78,40,38
JIM HOGG COUNTY,247,4 Years,77,40,37,3,3,0,0,0,0,0,0,0,74,37,37
JIM HOGG COUNTY,247,5 Years,75,38,37,4,2,2,0,0,0,1,1,0,70,35,35
JIM HOGG COUNTY,247,6 Years,94,45,49,6,3,3,0,0,0,0,0,0,88,42,46
JIM HOGG COUNTY,247,7 Years,78,33,45,6,4,2,0,0,0,1,0,1,71,29,42
JIM HOGG COUNTY,247,8 Years,95,46,49,6,3,3,1,1,0,1,1,0,87,41,46
JIM HOGG COUNTY,247,9 Years,75,39,36,3,1,2,0,0,0,2,1,1,70,37,33
JIM HOGG COUNTY,247,10 Years,85,39,46,2,1,1,1,1,0,2,1,1,80,36,44
JIM HOGG COUNTY,247,11 Years,87,49,38,2,1,1,0,0,0,0,0,0,85,48,37
JIM HOGG COUNTY,247,12 Years,78,40,38,2,1,1,0,0,0,1,1,0,75,38,37
JIM HOGG COUNTY,247,13 Years,70,34,36,1,0,1,0,0,0,1,1,0,68,33,35
JIM HOGG COUNTY,247,14 Years,66,36,30,1,1,0,0,0,0,1,0,1,64,35,29
JIM HOGG COUNTY,247,15 Years,88,49,39,3,2,1,0,0,0,1,1,0,84,46,38
JIM HOGG COUNTY,247,16 Years,84,42,42,3,1,2,0,0,0,1,1,0,80,40,40
JIM HOGG COUNTY,247,17 Years,82,42,40,2,1,1,0,0,0,1,0,1,79,41,38
JIM HOGG COUNTY,247,18 Years,80,36,44,2,2,0,0,0,0,1,0,1,77,34,43
JIM HOGG COUNTY,247,19 Years,55,28,27,2,2,0,1,1,0,0,0,0,52,25,27
JIM HOGG COUNTY,247,20 Years,67,39,28,0,0,0,1,1,0,1,1,0,65,37,28
JIM HOGG COUNTY,247,21 Years,92,48,44,1,1,0,0,0,0,2,1,1,89,46,43
JIM HOGG COUNTY,247,22 Years,68,33,35,5,2,3,0,0,0,1,0,1,62,31,31
JIM HOGG COUNTY,247,23 Years,54,24,30,2,1,1,0,0,0,0,0,0,52,23,29
JIM HOGG COUNTY,247,24 Years,59,25,34,1,0,1,0,0,0,0,0,0,58,25,33
JIM HOGG COUNTY,247,25 Years,55,29,26,2,0,2,0,0,0,0,0,0,53,29,24
JIM HOGG COUNTY,247,26 Years,62,38,24,2,1,1,1,1,0,0,0,0,59,36,23
JIM HOGG COUNTY,247,27 Years,70,40,30,2,0,2,0,0,0,0,0,0,68,40,28
JIM HOGG COUNTY,247,28 Years,65,32,33,4,3,1,0,0,0,0,0,0,61,29,32
JIM HOGG COUNTY,247,29 Years,61,29,32,4,4,0,0,0,0,1,0,1,56,25,31
JIM HOGG COUNTY,247,30 Years,57,32,25,5,3,2,0,0,0,1,0,1,51,29,22
JIM HOGG COUNTY,247,31 Years,63,33,30,3,2,1,0,0,0,1,0,1,59,31,28
JIM HOGG COUNTY,247,32 Years,62,36,26,5,2,3,0,0,0,1,1,0,56,33,23
JIM HOGG COUNTY,247,33 Years,64,36,28,9,6,3,0,0,0,1,0,1,54,30,24
JIM HOGG COUNTY,247,34 Years,58,30,28,7,4,3,0,0,0,0,0,0,51,26,25
JIM HOGG COUNTY,247,35 Years,54,28,26,3,2,1,0,0,0,1,1,0,50,25,25
JIM HOGG COUNTY,247,36 Years,68,35,33,7,3,4,1,1,0,0,0,0,60,31,29
JIM HOGG COUNTY,247,37 Years,54,30,24,2,1,1,0,0,0,0,0,0,52,29,23
JIM HOGG COUNTY,247,38 Years,54,24,30,2,1,1,0,0,0,0,0,0,52,23,29
JIM HOGG COUNTY,247,39 Years,66,30,36,5,2,3,1,1,0,0,0,0,60,27,33
JIM HOGG COUNTY,247,40 Years,58,29,29,4,1,3,1,1,0,0,0,0,53,27,26
JIM HOGG COUNTY,247,41 Years,56,27,29,3,2,1,0,0,0,0,0,0,53,25,28
JIM HOGG COUNTY,247,42 Years,54,29,25,4,2,2,0,0,0,0,0,0,50,27,23
JIM HOGG COUNTY,247,43 Years,52,26,26,3,2,1,0,0,0,1,0,1,48,24,24
JIM HOGG COUNTY,247,44 Years,58,26,32,2,1,1,0,0,0,0,0,0,56,25,31
JIM HOGG COUNTY,247,45 Years,53,25,28,6,3,3,0,0,0,2,2,0,45,20,25
JIM HOGG COUNTY,247,46 Years,58,34,24,4,3,1,1,1,0,1,1,0,52,29,23
JIM HOGG COUNTY,247,47 Years,53,27,26,3,1,2,1,1,0,0,0,0,49,25,24
JIM HOGG COUNTY,247,48 Years,73,40,33,5,4,1,0,0,0,0,0,0,68,36,32
JIM HOGG COUNTY,247,49 Years,62,34,28,4,3,1,0,0,0,0,0,0,58,31,27
JIM HOGG COUNTY,247,50 Years,61,31,30,3,1,2,0,0,0,0,0,0,58,30,28
JIM HOGG COUNTY,247,51 Years,71,34,37,5,3,2,0,0,0,0,0,0,66,31,35
JIM HOGG COUNTY,247,52 Years,52,26,26,3,1,2,0,0,0,0,0,0,49,25,24
JIM HOGG COUNTY,247,53 Years,66,32,34,3,1,2,0,0,0,2,0,2,61,31,30
JIM HOGG COUNTY,247,54 Years,65,29,36,5,3,2,0,0,0,1,0,1,59,26,33
JIM HOGG COUNTY,247,55 Years,54,35,19,4,3,1,0,0,0,0,0,0,50,32,18
JIM HOGG COUNTY,247,56 Years,62,39,23,6,3,3,0,0,0,1,0,1,55,36,19
JIM HOGG COUNTY,247,57 Years,66,33,33,6,3,3,0,0,0,1,0,1,59,30,29
JIM HOGG COUNTY,247,58 Years,55,29,26,6,4,2,0,0,0,0,0,0,49,25,24
JIM HOGG COUNTY,247,59 Years,54,25,29,4,1,3,1,1,0,0,0,0,49,23,26
JIM HOGG COUNTY,247,60 Years,54,22,32,3,1,2,0,0,0,1,1,0,50,20,30
JIM HOGG COUNTY,247,61 Years,72,33,39,8,3,5,0,0,0,1,0,1,63,30,33
JIM HOGG COUNTY,247,62 Years,60,28,32,6,2,4,0,0,0,1,1,0,53,25,28
JIM HOGG COUNTY,247,63 Years,49,20,29,3,0,3,0,0,0,1,1,0,45,19,26
JIM HOGG COUNTY,247,64 Years,60,25,35,5,4,1,0,0,0,0,0,0,55,21,34
JIM HOGG COUNTY,247,65 Years,63,25,38,5,3,2,0,0,0,0,0,0,58,22,36
JIM HOGG COUNTY,247,66 Years,56,28,28,5,4,1,0,0,0,0,0,0,51,24,27
JIM HOGG COUNTY,247,67 Years,70,33,37,7,4,3,2,1,1,0,0,0,61,28,33
JIM HOGG COUNTY,247,68 Years,68,38,30,8,4,4,1,1,0,1,1,0,58,32,26
JIM HOGG COUNTY,247,69 Years,60,29,31,4,1,3,0,0,0,1,0,1,55,28,27
JIM HOGG COUNTY,247,70 Years,47,25,22,2,1,1,0,0,0,0,0,0,45,24,21
JIM HOGG COUNTY,247,71 Years,45,24,21,7,2,5,0,0,0,0,0,0,38,22,16
JIM HOGG COUNTY,247,72 Years,38,17,21,5,1,4,0,0,0,0,0,0,33,16,17
JIM HOGG COUNTY,247,73 Years,41,23,18,5,4,1,0,0,0,1,1,0,35,18,17
JIM HOGG COUNTY,247,74 Years,40,20,20,3,3,0,0,0,0,0,0,0,37,17,20
JIM HOGG COUNTY,247,75 Years,42,17,25,3,1,2,0,0,0,0,0,0,39,16,23
JIM HOGG COUNTY,247,76 Years,39,18,21,6,4,2,0,0,0,0,0,0,33,14,19
JIM HOGG COUNTY,247,77 Years,35,14,21,3,1,2,0,0,0,0,0,0,32,13,19
JIM HOGG COUNTY,247,78 Years,33,14,19,2,0,2,0,0,0,0,0,0,31,14,17
JIM HOGG COUNTY,247,79 Years,29,13,16,2,1,1,0,0,0,0,0,0,27,12,15
JIM HOGG COUNTY,247,80 Years,25,11,14,1,1,0,0,0,0,0,0,0,24,10,14
JIM HOGG COUNTY,247,81 Years,27,8,19,4,2,2,0,0,0,0,0,0,23,6,17
JIM HOGG COUNTY,247,82 Years,27,12,15,8,5,3,0,0,0,0,0,0,19,7,12
JIM HOGG COUNTY,247,83 Years,25,8,17,4,2,2,0,0,0,0,0,0,21,6,15
JIM HOGG COUNTY,247,84 Years,15,5,10,1,0,1,0,0,0,0,0,0,14,5,9
JIM HOGG COUNTY,247,85 Years +,90,31,59,7,3,4,0,0,0,0,0,0,83,28,55
JIM WELLS COUNTY,249,All Ages,41672,20641,21031,7718,3832,3886,160,92,68,387,192,195,33407,16525,16882
JIM WELLS COUNTY,249,< 1 Year,771,388,383,88,46,42,1,1,0,5,3,2,677,338,339
JIM WELLS COUNTY,249,1 Years,764,379,385,87,44,43,2,2,0,4,3,1,671,330,341
JIM WELLS COUNTY,249,2 Years,723,364,359,84,39,45,1,1,0,6,2,4,632,322,310
JIM WELLS COUNTY,249,3 Years,725,359,366,88,42,46,1,1,0,8,3,5,628,313,315
JIM WELLS COUNTY,249,4 Years,739,384,355,89,41,48,1,1,0,9,6,3,640,336,304
JIM WELLS COUNTY,249,5 Years,592,309,283,80,47,33,3,3,0,7,4,3,502,255,247
JIM WELLS COUNTY,249,6 Years,682,354,328,83,45,38,3,3,0,4,1,3,592,305,287
JIM WELLS COUNTY,249,7 Years,674,336,338,88,40,48,4,1,3,4,1,3,578,294,284
JIM WELLS COUNTY,249,8 Years,642,325,317,90,47,43,5,1,4,3,1,2,544,276,268
JIM WELLS COUNTY,249,9 Years,600,311,289,96,51,45,2,1,1,4,2,2,498,257,241
JIM WELLS COUNTY,249,10 Years,587,319,268,77,41,36,3,2,1,7,4,3,500,272,228
JIM WELLS COUNTY,249,11 Years,594,318,276,76,44,32,4,2,2,4,2,2,510,270,240
JIM WELLS COUNTY,249,12 Years,561,296,265,75,41,34,1,1,0,5,4,1,480,250,230
JIM WELLS COUNTY,249,13 Years,630,340,290,87,45,42,3,2,1,8,3,5,532,290,242
JIM WELLS COUNTY,249,14 Years,671,362,309,89,43,46,2,1,1,7,3,4,573,315,258
JIM WELLS COUNTY,249,15 Years,671,349,322,111,54,57,3,1,2,4,2,2,553,292,261
JIM WELLS COUNTY,249,16 Years,656,312,344,110,46,64,4,1,3,6,5,1,536,260,276
JIM WELLS COUNTY,249,17 Years,649,343,306,97,46,51,2,0,2,3,3,0,547,294,253
JIM WELLS COUNTY,249,18 Years,656,349,307,100,52,48,1,0,1,3,0,3,552,297,255
JIM WELLS COUNTY,249,19 Years,622,316,306,96,44,52,1,0,1,2,0,2,523,272,251
JIM WELLS COUNTY,249,20 Years,597,311,286,90,44,46,1,0,1,2,1,1,504,266,238
JIM WELLS COUNTY,249,21 Years,596,301,295,78,38,40,3,1,2,9,6,3,506,256,250
JIM WELLS COUNTY,249,22 Years,619,316,303,85,48,37,2,1,1,6,2,4,526,265,261
JIM WELLS COUNTY,249,23 Years,571,275,296,80,44,36,2,0,2,4,1,3,485,230,255
JIM WELLS COUNTY,249,24 Years,525,278,247,71,40,31,3,2,1,8,5,3,443,231,212
JIM WELLS COUNTY,249,25 Years,512,254,258,73,34,39,3,2,1,6,4,2,430,214,216
JIM WELLS COUNTY,249,26 Years,467,250,217,59,33,26,3,2,1,4,2,2,401,213,188
JIM WELLS COUNTY,249,27 Years,486,250,236,69,30,39,4,3,1,2,1,1,411,216,195
JIM WELLS COUNTY,249,28 Years,483,244,239,75,39,36,1,1,0,6,3,3,401,201,200
JIM WELLS COUNTY,249,29 Years,454,218,236,74,37,37,0,0,0,4,2,2,376,179,197
JIM WELLS COUNTY,249,30 Years,448,225,223,74,36,38,4,2,2,6,1,5,364,186,178
JIM WELLS COUNTY,249,31 Years,510,243,267,78,45,33,4,2,2,9,3,6,419,193,226
JIM WELLS COUNTY,249,32 Years,523,274,249,86,46,40,3,2,1,7,2,5,427,224,203
JIM WELLS COUNTY,249,33 Years,477,241,236,86,43,43,3,2,1,6,2,4,382,194,188
JIM WELLS COUNTY,249,34 Years,471,235,236,84,36,48,1,1,0,7,4,3,379,194,185
JIM WELLS COUNTY,249,35 Years,449,219,230,84,38,46,3,3,0,6,4,2,356,174,182
JIM WELLS COUNTY,249,36 Years,473,238,235,88,44,44,4,4,0,5,3,2,376,187,189
JIM WELLS COUNTY,249,37 Years,443,237,206,76,41,35,2,2,0,5,2,3,360,192,168
JIM WELLS COUNTY,249,38 Years,432,205,227,70,29,41,1,1,0,4,1,3,357,174,183
JIM WELLS COUNTY,249,39 Years,459,208,251,75,41,34,2,0,2,1,0,1,381,167,214
JIM WELLS COUNTY,249,40 Years,436,216,220,84,45,39,0,0,0,1,0,1,351,171,180
JIM WELLS COUNTY,249,41 Years,466,243,223,86,47,39,0,0,0,3,2,1,377,194,183
JIM WELLS COUNTY,249,42 Years,492,250,242,90,39,51,2,0,2,3,2,1,397,209,188
JIM WELLS COUNTY,249,43 Years,509,255,254,91,48,43,1,1,0,4,2,2,413,204,209
JIM WELLS COUNTY,249,44 Years,511,240,271,86,46,40,1,1,0,5,2,3,419,191,228
JIM WELLS COUNTY,249,45 Years,465,212,253,76,33,43,2,2,0,3,1,2,384,176,208
JIM WELLS COUNTY,249,46 Years,428,191,237,68,27,41,2,1,1,1,0,1,357,163,194
JIM WELLS COUNTY,249,47 Years,451,208,243,74,34,40,1,0,1,4,2,2,372,172,200
JIM WELLS COUNTY,249,48 Years,496,244,252,89,42,47,2,2,0,5,2,3,400,198,202
JIM WELLS COUNTY,249,49 Years,511,254,257,90,42,48,1,0,1,2,1,1,418,211,207
JIM WELLS COUNTY,249,50 Years,513,248,265,115,49,66,1,0,1,6,4,2,391,195,196
JIM WELLS COUNTY,249,51 Years,514,242,272,124,61,63,1,0,1,5,4,1,384,177,207
JIM WELLS COUNTY,249,52 Years,498,244,254,113,61,52,2,1,1,4,2,2,379,180,199
JIM WELLS COUNTY,249,53 Years,536,260,276,113,56,57,3,3,0,5,3,2,415,198,217
JIM WELLS COUNTY,249,54 Years,547,280,267,134,68,66,2,2,0,6,4,2,405,206,199
JIM WELLS COUNTY,249,55 Years,568,265,303,143,70,73,2,1,1,5,3,2,418,191,227
JIM WELLS COUNTY,249,56 Years,542,269,273,143,77,66,2,1,1,7,4,3,390,187,203
JIM WELLS COUNTY,249,57 Years,578,287,291,148,73,75,2,0,2,7,3,4,421,211,210
JIM WELLS COUNTY,249,58 Years,519,250,269,138,66,72,2,0,2,6,3,3,373,181,192
JIM WELLS COUNTY,249,59 Years,512,229,283,127,63,64,3,3,0,8,4,4,374,159,215
JIM WELLS COUNTY,249,60 Years,497,233,264,129,68,61,3,1,2,4,1,3,361,163,198
JIM WELLS COUNTY,249,61 Years,485,242,243,136,75,61,5,3,2,10,6,4,334,158,176
JIM WELLS COUNTY,249,62 Years,459,222,237,123,59,64,2,2,0,5,3,2,329,158,171
JIM WELLS COUNTY,249,63 Years,444,220,224,117,57,60,1,0,1,5,3,2,321,160,161
JIM WELLS COUNTY,249,64 Years,455,248,207,129,71,58,1,1,0,4,2,2,321,174,147
JIM WELLS COUNTY,249,65 Years,441,225,216,104,52,52,2,1,1,4,2,2,331,170,161
JIM WELLS COUNTY,249,66 Years,420,195,225,89,42,47,2,1,1,6,2,4,323,150,173
JIM WELLS COUNTY,249,67 Years,419,210,209,97,56,41,2,1,1,6,4,2,314,149,165
JIM WELLS COUNTY,249,68 Years,378,188,190,82,43,39,0,0,0,7,5,2,289,140,149
JIM WELLS COUNTY,249,69 Years,360,184,176,78,40,38,0,0,0,4,2,2,278,142,136
JIM WELLS COUNTY,249,70 Years,328,150,178,70,36,34,1,0,1,3,2,1,254,112,142
JIM WELLS COUNTY,249,71 Years,294,127,167,73,39,34,1,0,1,2,1,1,218,87,131
JIM WELLS COUNTY,249,72 Years,262,118,144,76,39,37,0,0,0,2,1,1,184,78,106
JIM WELLS COUNTY,249,73 Years,260,128,132,76,40,36,1,1,0,1,1,0,182,86,96
JIM WELLS COUNTY,249,74 Years,242,125,117,69,38,31,0,0,0,0,0,0,173,87,86
JIM WELLS COUNTY,249,75 Years,241,110,131,73,31,42,3,2,1,2,1,1,163,76,87
JIM WELLS COUNTY,249,76 Years,245,109,136,71,30,41,1,1,0,2,0,2,171,78,93
JIM WELLS COUNTY,249,77 Years,226,94,132,61,23,38,0,0,0,2,0,2,163,71,92
JIM WELLS COUNTY,249,78 Years,214,96,118,53,24,29,0,0,0,2,0,2,159,72,87
JIM WELLS COUNTY,249,79 Years,212,93,119,63,30,33,0,0,0,2,0,2,147,63,84
JIM WELLS COUNTY,249,80 Years,177,78,99,51,24,27,0,0,0,2,1,1,124,53,71
JIM WELLS COUNTY,249,81 Years,159,66,93,49,21,28,0,0,0,0,0,0,110,45,65
JIM WELLS COUNTY,249,82 Years,162,73,89,59,28,31,1,1,0,2,0,2,100,44,56
JIM WELLS COUNTY,249,83 Years,145,68,77,45,21,24,1,1,0,0,0,0,99,46,53
JIM WELLS COUNTY,249,84 Years,147,59,88,45,23,22,1,1,0,0,0,0,101,35,66
JIM WELLS COUNTY,249,85 Years +,704,258,446,222,91,131,4,1,3,10,6,4,468,160,308
JOHNSON COUNTY,251,All Ages,159291,79547,79744,116337,57093,59244,4399,2405,1994,5373,2729,2644,33182,17320,15862
JOHNSON COUNTY,251,< 1 Year,2054,1062,992,1296,670,626,53,22,31,111,61,50,594,309,285
JOHNSON COUNTY,251,1 Years,2031,1030,1001,1288,654,634,52,22,30,106,60,46,585,294,291
JOHNSON COUNTY,251,2 Years,2014,1032,982,1273,651,622,45,22,23,102,61,41,594,298,296
JOHNSON COUNTY,251,3 Years,2053,1067,986,1285,668,617,47,27,20,109,66,43,612,306,306
JOHNSON COUNTY,251,4 Years,2199,1144,1055,1393,728,665,52,27,25,104,61,43,650,328,322
JOHNSON COUNTY,251,5 Years,2183,1144,1039,1369,712,657,59,31,28,103,53,50,652,348,304
JOHNSON COUNTY,251,6 Years,2183,1125,1058,1380,706,674,55,28,27,97,52,45,651,339,312
JOHNSON COUNTY,251,7 Years,2244,1147,1097,1429,733,696,54,26,28,100,56,44,661,332,329
JOHNSON COUNTY,251,8 Years,2350,1187,1163,1513,773,740,58,29,29,111,51,60,668,334,334
JOHNSON COUNTY,251,9 Years,2456,1261,1195,1577,814,763,58,29,29,130,63,67,691,355,336
JOHNSON COUNTY,251,10 Years,2445,1269,1176,1579,808,771,65,33,32,113,52,61,688,376,312
JOHNSON COUNTY,251,11 Years,2432,1237,1195,1554,783,771,59,30,29,103,44,59,716,380,336
JOHNSON COUNTY,251,12 Years,2449,1263,1186,1564,812,752,59,27,32,101,49,52,725,375,350
JOHNSON COUNTY,251,13 Years,2546,1304,1242,1624,823,801,76,41,35,105,54,51,741,386,355
JOHNSON COUNTY,251,14 Years,2538,1323,1215,1641,857,784,79,42,37,105,60,45,713,364,349
JOHNSON COUNTY,251,15 Years,2525,1285,1240,1646,834,812,65,29,36,105,62,43,709,360,349
JOHNSON COUNTY,251,16 Years,2585,1323,1262,1668,848,820,72,33,39,114,63,51,731,379,352
JOHNSON COUNTY,251,17 Years,2509,1287,1222,1605,819,786,73,37,36,115,62,53,716,369,347
JOHNSON COUNTY,251,18 Years,2370,1226,1144,1513,774,739,76,41,35,118,66,52,663,345,318
JOHNSON COUNTY,251,19 Years,2198,1149,1049,1402,735,667,71,38,33,105,61,44,620,315,305
JOHNSON COUNTY,251,20 Years,2069,1104,965,1291,690,601,73,40,33,100,54,46,605,320,285
JOHNSON COUNTY,251,21 Years,2113,1109,1004,1321,690,631,69,37,32,84,51,33,639,331,308
JOHNSON COUNTY,251,22 Years,2087,1086,1001,1295,654,641,77,44,33,93,54,39,622,334,288
JOHNSON COUNTY,251,23 Years,1986,1047,939,1196,627,569,88,48,40,90,43,47,612,329,283
JOHNSON COUNTY,251,24 Years,1967,1010,957,1202,588,614,82,39,43,98,48,50,585,335,250
JOHNSON COUNTY,251,25 Years,1801,956,845,1161,578,583,75,44,31,64,34,30,501,300,201
JOHNSON COUNTY,251,26 Years,1755,893,862,1152,549,603,62,41,21,61,32,29,480,271,209
JOHNSON COUNTY,251,27 Years,1766,892,874,1133,544,589,65,39,26,66,31,35,502,278,224
JOHNSON COUNTY,251,28 Years,1781,909,872,1173,575,598,65,38,27,68,35,33,475,261,214
JOHNSON COUNTY,251,29 Years,1792,882,910,1209,579,630,57,35,22,62,31,31,464,237,227
JOHNSON COUNTY,251,30 Years,1881,960,921,1296,636,660,59,40,19,65,38,27,461,246,215
JOHNSON COUNTY,251,31 Years,1956,990,966,1333,645,688,61,42,19,76,39,37,486,264,222
JOHNSON COUNTY,251,32 Years,1981,1001,980,1348,655,693,65,48,17,61,29,32,507,269,238
JOHNSON COUNTY,251,33 Years,2091,1055,1036,1416,691,725,68,45,23,66,33,33,541,286,255
JOHNSON COUNTY,251,34 Years,2093,1057,1036,1430,703,727,68,41,27,76,32,44,519,281,238
JOHNSON COUNTY,251,35 Years,1998,1024,974,1377,688,689,52,33,19,68,27,41,501,276,225
JOHNSON COUNTY,251,36 Years,1946,957,989,1346,659,687,40,24,16,67,30,37,493,244,249
JOHNSON COUNTY,251,37 Years,1934,927,1007,1339,647,692,52,29,23,61,28,33,482,223,259
JOHNSON COUNTY,251,38 Years,1934,967,967,1349,684,665,42,24,18,68,28,40,475,231,244
JOHNSON COUNTY,251,39 Years,1962,954,1008,1375,665,710,44,23,21,68,29,39,475,237,238
JOHNSON COUNTY,251,40 Years,1918,951,967,1341,652,689,76,42,34,54,25,29,447,232,215
JOHNSON COUNTY,251,41 Years,2009,1002,1007,1448,712,736,72,42,30,54,24,30,435,224,211
JOHNSON COUNTY,251,42 Years,2149,1060,1089,1594,770,824,60,34,26,58,27,31,437,229,208
JOHNSON COUNTY,251,43 Years,2270,1125,1145,1651,803,848,77,49,28,61,30,31,481,243,238
JOHNSON COUNTY,251,44 Years,2289,1138,1151,1700,839,861,59,36,23,54,24,30,476,239,237
JOHNSON COUNTY,251,45 Years,2178,1084,1094,1641,800,841,55,32,23,67,32,35,415,220,195
JOHNSON COUNTY,251,46 Years,2108,1079,1029,1570,796,774,67,38,29,63,29,34,408,216,192
JOHNSON COUNTY,251,47 Years,2151,1105,1046,1613,819,794,70,45,25,58,28,30,410,213,197
JOHNSON COUNTY,251,48 Years,2186,1137,1049,1675,862,813,72,50,22,56,28,28,383,197,186
JOHNSON COUNTY,251,49 Years,2278,1182,1096,1763,900,863,64,42,22,50,27,23,401,213,188
JOHNSON COUNTY,251,50 Years,2316,1173,1143,1833,920,913,61,37,24,53,29,24,369,187,182
JOHNSON COUNTY,251,51 Years,2299,1151,1148,1842,911,931,67,33,34,65,35,30,325,172,153
JOHNSON COUNTY,251,52 Years,2293,1138,1155,1849,903,946,68,34,34,55,24,31,321,177,144
JOHNSON COUNTY,251,53 Years,2335,1172,1163,1904,940,964,57,31,26,60,28,32,314,173,141
JOHNSON COUNTY,251,54 Years,2405,1232,1173,1954,983,971,68,41,27,67,29,38,316,179,137
JOHNSON COUNTY,251,55 Years,2214,1126,1088,1833,909,924,61,37,24,56,25,31,264,155,109
JOHNSON COUNTY,251,56 Years,2205,1094,1111,1853,905,948,61,32,29,56,23,33,235,134,101
JOHNSON COUNTY,251,57 Years,2057,1028,1029,1729,854,875,60,31,29,57,24,33,211,119,92
JOHNSON COUNTY,251,58 Years,2049,992,1057,1729,827,902,59,31,28,55,21,34,206,113,93
JOHNSON COUNTY,251,59 Years,1994,985,1009,1680,819,861,52,25,27,52,27,25,210,114,96
JOHNSON COUNTY,251,60 Years,1901,940,961,1610,789,821,47,23,24,53,23,30,191,105,86
JOHNSON COUNTY,251,61 Years,1785,875,910,1511,734,777,54,26,28,45,22,23,175,93,82
JOHNSON COUNTY,251,62 Years,1770,855,915,1520,722,798,49,29,20,40,22,18,161,82,79
JOHNSON COUNTY,251,63 Years,1606,769,837,1376,653,723,43,23,20,35,19,16,152,74,78
JOHNSON COUNTY,251,64 Years,1568,750,818,1349,652,697,45,20,25,38,17,21,136,61,75
JOHNSON COUNTY,251,65 Years,1628,767,861,1406,666,740,42,17,25,42,20,22,138,64,74
JOHNSON COUNTY,251,66 Years,1681,798,883,1460,688,772,37,20,17,38,20,18,146,70,76
JOHNSON COUNTY,251,67 Years,1641,772,869,1443,667,776,34,18,16,35,21,14,129,66,63
JOHNSON COUNTY,251,68 Years,1342,641,701,1163,542,621,29,18,11,29,19,10,121,62,59
JOHNSON COUNTY,251,69 Years,1266,617,649,1090,523,567,28,13,15,22,15,7,126,66,60
JOHNSON COUNTY,251,70 Years,1249,596,653,1096,515,581,18,7,11,23,12,11,112,62,50
JOHNSON COUNTY,251,71 Years,1216,576,640,1093,515,578,17,7,10,22,12,10,84,42,42
JOHNSON COUNTY,251,72 Years,1067,497,570,955,440,515,17,7,10,28,16,12,67,34,33
JOHNSON COUNTY,251,73 Years,979,468,511,880,419,461,14,9,5,19,9,10,66,31,35
JOHNSON COUNTY,251,74 Years,910,437,473,818,393,425,15,10,5,14,4,10,63,30,33
JOHNSON COUNTY,251,75 Years,872,408,464,784,366,418,17,7,10,15,7,8,56,28,28
JOHNSON COUNTY,251,76 Years,814,376,438,740,341,399,12,3,9,14,9,5,48,23,25
JOHNSON COUNTY,251,77 Years,752,350,402,679,318,361,11,5,6,13,6,7,49,21,28
JOHNSON COUNTY,251,78 Years,721,325,396,659,297,362,6,2,4,10,4,6,46,22,24
JOHNSON COUNTY,251,79 Years,635,276,359,589,256,333,6,3,3,9,4,5,31,13,18
JOHNSON COUNTY,251,80 Years,591,264,327,543,243,300,12,5,7,12,6,6,24,10,14
JOHNSON COUNTY,251,81 Years,537,232,305,495,210,285,8,4,4,9,6,3,25,12,13
JOHNSON COUNTY,251,82 Years,481,192,289,445,177,268,7,3,4,6,3,3,23,9,14
JOHNSON COUNTY,251,83 Years,461,195,266,428,183,245,7,3,4,5,2,3,21,7,14
JOHNSON COUNTY,251,84 Years,447,174,273,419,166,253,8,3,5,4,1,3,16,4,12
JOHNSON COUNTY,251,85 Years +,2411,798,1613,2243,745,1498,38,10,28,23,8,15,107,35,72
JONES COUNTY,253,All Ages,20031,12387,7644,12094,6576,5518,2192,1898,294,380,184,196,5365,3729,1636
JONES COUNTY,253,< 1 Year,169,83,86,95,44,51,4,2,2,8,5,3,62,32,30
JONES COUNTY,253,1 Years,183,99,84,104,55,49,6,3,3,6,3,3,67,38,29
JONES COUNTY,253,2 Years,178,98,80,102,55,47,6,3,3,7,3,4,63,37,26
JONES COUNTY,253,3 Years,175,95,80,101,54,47,6,3,3,6,3,3,62,35,27
JONES COUNTY,253,4 Years,204,100,104,120,63,57,6,2,4,6,3,3,72,32,40
JONES COUNTY,253,5 Years,183,98,85,109,60,49,8,4,4,3,2,1,63,32,31
JONES COUNTY,253,6 Years,172,98,74,100,54,46,6,3,3,6,4,2,60,37,23
JONES COUNTY,253,7 Years,181,100,81,111,61,50,4,2,2,6,3,3,60,34,26
JONES COUNTY,253,8 Years,196,101,95,105,55,50,4,1,3,10,7,3,77,38,39
JONES COUNTY,253,9 Years,199,96,103,110,51,59,7,4,3,10,6,4,72,35,37
JONES COUNTY,253,10 Years,201,104,97,117,59,58,7,4,3,12,6,6,65,35,30
JONES COUNTY,253,11 Years,214,109,105,119,63,56,12,3,9,10,4,6,73,39,34
JONES COUNTY,253,12 Years,209,108,101,114,57,57,8,2,6,7,2,5,80,47,33
JONES COUNTY,253,13 Years,216,111,105,124,58,66,13,7,6,10,3,7,69,43,26
JONES COUNTY,253,14 Years,233,134,99,140,80,60,8,4,4,7,2,5,78,48,30
JONES COUNTY,253,15 Years,238,131,107,136,77,59,12,6,6,9,3,6,81,45,36
JONES COUNTY,253,16 Years,217,115,102,120,58,62,13,7,6,9,2,7,75,48,27
JONES COUNTY,253,17 Years,217,112,105,133,63,70,7,3,4,7,2,5,70,44,26
JONES COUNTY,253,18 Years,234,135,99,147,81,66,10,5,5,10,6,4,67,43,24
JONES COUNTY,253,19 Years,252,171,81,135,82,53,30,28,2,6,3,3,81,58,23
JONES COUNTY,253,20 Years,284,192,92,148,81,67,38,36,2,3,2,1,95,73,22
JONES COUNTY,253,21 Years,300,203,97,139,75,64,44,40,4,6,4,2,111,84,27
JONES COUNTY,253,22 Years,321,230,91,152,94,58,60,53,7,3,2,1,106,81,25
JONES COUNTY,253,23 Years,306,230,76,138,86,52,63,58,5,2,1,1,103,85,18
JONES COUNTY,253,24 Years,343,266,77,135,83,52,72,71,1,2,1,1,134,111,23
JONES COUNTY,253,25 Years,311,245,66,142,92,50,67,66,1,3,2,1,99,85,14
JONES COUNTY,253,26 Years,307,232,75,131,84,47,76,71,5,1,0,1,99,77,22
JONES COUNTY,253,27 Years,334,269,65,126,88,38,81,77,4,6,4,2,121,100,21
JONES COUNTY,253,28 Years,318,252,66,137,92,45,68,64,4,2,1,1,111,95,16
JONES COUNTY,253,29 Years,300,222,78,124,70,54,51,49,2,3,2,1,122,101,21
JONES COUNTY,253,30 Years,306,234,72,137,90,47,68,65,3,2,2,0,99,77,22
JONES COUNTY,253,31 Years,313,241,72,143,97,46,68,64,4,1,0,1,101,80,21
JONES COUNTY,253,32 Years,299,223,76,141,87,54,55,53,2,4,1,3,99,82,17
JONES COUNTY,253,33 Years,313,226,87,155,90,65,48,47,1,5,2,3,105,87,18
JONES COUNTY,253,34 Years,321,235,86,151,92,59,55,52,3,1,0,1,114,91,23
JONES COUNTY,253,35 Years,290,223,67,139,91,48,54,51,3,3,2,1,94,79,15
JONES COUNTY,253,36 Years,303,234,69,151,101,50,57,53,4,5,4,1,90,76,14
JONES COUNTY,253,37 Years,280,213,67,132,82,50,61,58,3,2,2,0,85,71,14
JONES COUNTY,253,38 Years,278,198,80,135,78,57,52,48,4,3,3,0,88,69,19
JONES COUNTY,253,39 Years,297,203,94,143,77,66,58,55,3,4,1,3,92,70,22
JONES COUNTY,253,40 Years,286,205,81,143,81,62,47,44,3,3,2,1,93,78,15
JONES COUNTY,253,41 Years,299,216,83,163,101,62,47,46,1,8,5,3,81,64,17
JONES COUNTY,253,42 Years,289,202,87,165,102,63,39,37,2,5,1,4,80,62,18
JONES COUNTY,253,43 Years,287,195,92,158,92,66,40,34,6,4,1,3,85,68,17
JONES COUNTY,253,44 Years,331,221,110,200,113,87,42,38,4,4,2,2,85,68,17
JONES COUNTY,253,45 Years,293,199,94,170,97,73,42,39,3,4,2,2,77,61,16
JONES COUNTY,253,46 Years,267,182,85,172,103,69,36,34,2,3,1,2,56,44,12
JONES COUNTY,253,47 Years,285,198,87,180,112,68,33,30,3,4,2,2,68,54,14
JONES COUNTY,253,48 Years,294,203,91,183,113,70,37,35,2,4,3,1,70,52,18
JONES COUNTY,253,49 Years,318,212,106,192,112,80,42,37,5,6,4,2,78,59,19
JONES COUNTY,253,50 Years,309,196,113,202,114,88,38,35,3,6,4,2,63,43,20
JONES COUNTY,253,51 Years,297,180,117,196,104,92,34,31,3,3,1,2,64,44,20
JONES COUNTY,253,52 Years,300,187,113,208,117,91,34,31,3,3,1,2,55,38,17
JONES COUNTY,253,53 Years,288,157,131,196,97,99,38,32,6,3,2,1,51,26,25
JONES COUNTY,253,54 Years,284,157,127,193,97,96,31,27,4,2,1,1,58,32,26
JONES COUNTY,253,55 Years,261,158,103,184,106,78,22,16,6,5,3,2,50,33,17
JONES COUNTY,253,56 Years,236,133,103,172,91,81,13,6,7,4,2,2,47,34,13
JONES COUNTY,253,57 Years,259,144,115,179,93,86,20,15,5,4,2,2,56,34,22
JONES COUNTY,253,58 Years,259,138,121,189,95,94,19,15,4,5,2,3,46,26,20
JONES COUNTY,253,59 Years,251,132,119,186,92,94,14,11,3,8,4,4,43,25,18
JONES COUNTY,253,60 Years,232,115,117,180,86,94,14,8,6,5,2,3,33,19,14
JONES COUNTY,253,61 Years,219,116,103,171,90,81,17,10,7,2,2,0,29,14,15
JONES COUNTY,253,62 Years,231,126,105,172,88,84,10,7,3,4,3,1,45,28,17
JONES COUNTY,253,63 Years,223,126,97,166,92,74,12,8,4,6,3,3,39,23,16
JONES COUNTY,253,64 Years,204,113,91,163,91,72,5,4,1,4,0,4,32,18,14
JONES COUNTY,253,65 Years,204,108,96,166,84,82,8,5,3,4,2,2,26,17,9
JONES COUNTY,253,66 Years,226,109,117,185,90,95,5,4,1,2,1,1,34,14,20
JONES COUNTY,253,67 Years,215,117,98,179,98,81,3,1,2,2,1,1,31,17,14
JONES COUNTY,253,68 Years,171,96,75,136,77,59,2,0,2,3,1,2,30,18,12
JONES COUNTY,253,69 Years,160,85,75,128,64,64,3,3,0,2,1,1,27,17,10
JONES COUNTY,253,70 Years,181,79,102,136,53,83,7,4,3,2,0,2,36,22,14
JONES COUNTY,253,71 Years,170,82,88,137,64,73,4,2,2,2,0,2,27,16,11
JONES COUNTY,253,72 Years,142,70,72,119,58,61,6,2,4,2,1,1,15,9,6
JONES COUNTY,253,73 Years,152,73,79,124,59,65,6,1,5,3,2,1,19,11,8
JONES COUNTY,253,74 Years,143,69,74,113,56,57,2,0,2,5,3,2,23,10,13
JONES COUNTY,253,75 Years,123,60,63,99,46,53,5,3,2,1,1,0,18,10,8
JONES COUNTY,253,76 Years,122,58,64,103,49,54,4,2,2,3,2,1,12,5,7
JONES COUNTY,253,77 Years,119,54,65,99,47,52,5,3,2,2,1,1,13,3,10
JONES COUNTY,253,78 Years,102,43,59,88,39,49,5,2,3,1,0,1,8,2,6
JONES COUNTY,253,79 Years,90,36,54,70,31,39,3,0,3,1,1,0,16,4,12
JONES COUNTY,253,80 Years,80,28,52,62,23,39,4,1,3,2,0,2,12,4,8
JONES COUNTY,253,81 Years,71,31,40,58,25,33,2,1,1,2,1,1,9,4,5
JONES COUNTY,253,82 Years,83,30,53,66,24,42,3,2,1,3,0,3,11,4,7
JONES COUNTY,253,83 Years,66,27,39,54,22,32,5,2,3,1,0,1,6,3,3
JONES COUNTY,253,84 Years,67,25,42,55,21,34,2,0,2,1,0,1,9,4,5
JONES COUNTY,253,85 Years +,347,127,220,293,107,186,9,3,6,11,3,8,34,14,20
KARNES COUNTY,255,All Ages,15559,9294,6265,6184,3375,2809,1381,1279,102,148,77,71,7846,4563,3283
KARNES COUNTY,255,< 1 Year,167,90,77,59,35,24,3,2,1,3,1,2,102,52,50
KARNES COUNTY,255,1 Years,163,86,77,59,33,26,3,3,0,2,1,1,99,49,50
KARNES COUNTY,255,2 Years,148,77,71,54,29,25,1,1,0,0,0,0,93,47,46
KARNES COUNTY,255,3 Years,138,69,69,47,25,22,4,2,2,2,1,1,85,41,44
KARNES COUNTY,255,4 Years,148,79,69,50,35,15,5,3,2,2,0,2,91,41,50
KARNES COUNTY,255,5 Years,154,77,77,39,25,14,3,1,2,3,1,2,109,50,59
KARNES COUNTY,255,6 Years,154,75,79,46,22,24,1,1,0,2,1,1,105,51,54
KARNES COUNTY,255,7 Years,170,86,84,49,26,23,4,3,1,5,2,3,112,55,57
KARNES COUNTY,255,8 Years,182,93,89,57,32,25,8,6,2,4,2,2,113,53,60
KARNES COUNTY,255,9 Years,156,80,76,49,29,20,5,4,1,2,1,1,100,46,54
KARNES COUNTY,255,10 Years,161,85,76,48,24,24,4,2,2,3,1,2,106,58,48
KARNES COUNTY,255,11 Years,181,98,83,63,30,33,1,0,1,4,3,1,113,65,48
KARNES COUNTY,255,12 Years,164,83,81,53,25,28,3,1,2,4,2,2,104,55,49
KARNES COUNTY,255,13 Years,176,84,92,59,26,33,2,1,1,4,4,0,111,53,58
KARNES COUNTY,255,14 Years,180,88,92,60,27,33,1,0,1,3,2,1,116,59,57
KARNES COUNTY,255,15 Years,176,91,85,60,31,29,4,2,2,3,2,1,109,56,53
KARNES COUNTY,255,16 Years,169,90,79,58,34,24,3,2,1,2,1,1,106,53,53
KARNES COUNTY,255,17 Years,177,92,85,69,35,34,0,0,0,1,0,1,107,57,50
KARNES COUNTY,255,18 Years,173,98,75,62,34,28,6,6,0,1,0,1,104,58,46
KARNES COUNTY,255,19 Years,198,123,75,61,35,26,18,16,2,2,2,0,117,70,47
KARNES COUNTY,255,20 Years,208,135,73,65,40,25,23,21,2,1,0,1,119,74,45
KARNES COUNTY,255,21 Years,229,147,82,70,42,28,24,22,2,2,1,1,133,82,51
KARNES COUNTY,255,22 Years,254,178,76,68,41,27,36,36,0,2,1,1,148,100,48
KARNES COUNTY,255,23 Years,280,200,80,68,40,28,49,49,0,1,0,1,162,111,51
KARNES COUNTY,255,24 Years,269,192,77,64,42,22,56,55,1,3,2,1,146,93,53
KARNES COUNTY,255,25 Years,263,204,59,57,39,18,58,56,2,2,2,0,146,107,39
KARNES COUNTY,255,26 Years,290,217,73,80,54,26,57,53,4,2,1,1,151,109,42
KARNES COUNTY,255,27 Years,252,185,67,64,37,27,52,50,2,2,1,1,134,97,37
KARNES COUNTY,255,28 Years,245,174,71,66,42,24,52,50,2,6,3,3,121,79,42
KARNES COUNTY,255,29 Years,269,207,62,67,44,23,69,67,2,5,4,1,128,92,36
KARNES COUNTY,255,30 Years,251,195,56,65,44,21,50,48,2,1,1,0,135,102,33
KARNES COUNTY,255,31 Years,233,179,54,58,38,20,54,53,1,1,1,0,120,87,33
KARNES COUNTY,255,32 Years,240,181,59,68,47,21,36,34,2,2,1,1,134,99,35
KARNES COUNTY,255,33 Years,258,189,69,72,48,24,47,45,2,2,0,2,137,96,41
KARNES COUNTY,255,34 Years,247,179,68,61,35,26,49,49,0,2,2,0,135,93,42
KARNES COUNTY,255,35 Years,222,160,62,52,30,22,50,49,1,1,1,0,119,80,39
KARNES COUNTY,255,36 Years,212,156,56,56,35,21,36,35,1,2,1,1,118,85,33
KARNES COUNTY,255,37 Years,205,144,61,49,30,19,37,37,0,1,1,0,118,76,42
KARNES COUNTY,255,38 Years,190,131,59,57,35,22,31,30,1,3,3,0,99,63,36
KARNES COUNTY,255,39 Years,202,146,56,53,35,18,30,29,1,0,0,0,119,82,37
KARNES COUNTY,255,40 Years,189,126,63,59,35,24,30,28,2,2,0,2,98,63,35
KARNES COUNTY,255,41 Years,185,120,65,62,41,21,22,21,1,2,1,1,99,57,42
KARNES COUNTY,255,42 Years,208,144,64,62,38,24,26,25,1,0,0,0,120,81,39
KARNES COUNTY,255,43 Years,201,132,69,83,50,33,20,20,0,0,0,0,98,62,36
KARNES COUNTY,255,44 Years,217,142,75,88,55,33,26,24,2,1,1,0,102,62,40
KARNES COUNTY,255,45 Years,182,124,58,62,35,27,23,21,2,1,1,0,96,67,29
KARNES COUNTY,255,46 Years,200,126,74,82,42,40,25,25,0,0,0,0,93,59,34
KARNES COUNTY,255,47 Years,193,120,73,75,37,38,19,19,0,3,3,0,96,61,35
KARNES COUNTY,255,48 Years,201,120,81,84,48,36,18,17,1,6,3,3,93,52,41
KARNES COUNTY,255,49 Years,235,140,95,109,62,47,20,19,1,4,0,4,102,59,43
KARNES COUNTY,255,50 Years,235,147,88,113,64,49,19,18,1,3,2,1,100,63,37
KARNES COUNTY,255,51 Years,211,134,77,104,63,41,16,16,0,2,2,0,89,53,36
KARNES COUNTY,255,52 Years,211,134,77,93,63,30,13,11,2,2,1,1,103,59,44
KARNES COUNTY,255,53 Years,212,129,83,97,60,37,16,14,2,3,1,2,96,54,42
KARNES COUNTY,255,54 Years,201,117,84,111,65,46,8,7,1,3,2,1,79,43,36
KARNES COUNTY,255,55 Years,203,110,93,105,55,50,7,5,2,1,0,1,90,50,40
KARNES COUNTY,255,56 Years,195,88,107,97,40,57,7,5,2,0,0,0,91,43,48
KARNES COUNTY,255,57 Years,219,114,105,111,55,56,9,6,3,3,1,2,96,52,44
KARNES COUNTY,255,58 Years,213,114,99,116,59,57,6,4,2,1,0,1,90,51,39
KARNES COUNTY,255,59 Years,205,103,102,114,62,52,7,4,3,0,0,0,84,37,47
KARNES COUNTY,255,60 Years,211,108,103,115,56,59,10,8,2,2,1,1,84,43,41
KARNES COUNTY,255,61 Years,210,110,100,120,58,62,9,8,1,1,0,1,80,44,36
KARNES COUNTY,255,62 Years,183,85,98,110,50,60,3,2,1,2,1,1,68,32,36
KARNES COUNTY,255,63 Years,164,79,85,97,49,48,1,1,0,3,1,2,63,28,35
KARNES COUNTY,255,64 Years,156,80,76,89,50,39,2,1,1,2,1,1,63,28,35
KARNES COUNTY,255,65 Years,163,90,73,102,58,44,1,1,0,0,0,0,60,31,29
KARNES COUNTY,255,66 Years,172,90,82,104,57,47,3,2,1,0,0,0,65,31,34
KARNES COUNTY,255,67 Years,166,88,78,102,55,47,5,4,1,0,0,0,59,29,30
KARNES COUNTY,255,68 Years,129,59,70,73,35,38,4,2,2,1,0,1,51,22,29
KARNES COUNTY,255,69 Years,110,52,58,60,29,31,3,3,0,0,0,0,47,20,27
KARNES COUNTY,255,70 Years,110,51,59,66,32,34,2,1,1,1,1,0,41,17,24
KARNES COUNTY,255,71 Years,103,52,51,62,32,30,2,1,1,1,1,0,38,18,20
KARNES COUNTY,255,72 Years,97,48,49,57,27,30,2,1,1,0,0,0,38,20,18
KARNES COUNTY,255,73 Years,106,57,49,66,36,30,1,1,0,0,0,0,39,20,19
KARNES COUNTY,255,74 Years,94,45,49,62,34,28,0,0,0,1,0,1,31,11,20
KARNES COUNTY,255,75 Years,99,46,53,62,31,31,3,1,2,2,0,2,32,14,18
KARNES COUNTY,255,76 Years,97,43,54,57,26,31,1,0,1,1,0,1,38,17,21
KARNES COUNTY,255,77 Years,88,46,42,55,25,30,2,2,0,0,0,0,31,19,12
KARNES COUNTY,255,78 Years,89,39,50,60,27,33,1,0,1,0,0,0,28,12,16
KARNES COUNTY,255,79 Years,84,32,52,50,22,28,1,0,1,0,0,0,33,10,23
KARNES COUNTY,255,80 Years,82,31,51,48,20,28,0,0,0,1,0,1,33,11,22
KARNES COUNTY,255,81 Years,82,37,45,55,25,30,1,1,0,0,0,0,26,11,15
KARNES COUNTY,255,82 Years,66,31,35,44,20,24,1,1,0,0,0,0,21,10,11
KARNES COUNTY,255,83 Years,62,23,39,41,13,28,1,1,0,0,0,0,20,9,11
KARNES COUNTY,255,84 Years,63,30,33,43,18,25,1,1,0,0,0,0,19,11,8
KARNES COUNTY,255,85 Years +,303,115,188,195,71,124,9,3,6,0,0,0,99,41,58
KAUFMAN COUNTY,257,All Ages,111433,54392,57041,74675,36206,38469,11637,5545,6092,3620,1696,1924,21501,10945,10556
KAUFMAN COUNTY,257,< 1 Year,1430,733,697,810,428,382,153,75,78,88,37,51,379,193,186
KAUFMAN COUNTY,257,1 Years,1418,719,699,827,429,398,144,69,75,81,33,48,366,188,178
KAUFMAN COUNTY,257,2 Years,1386,700,686,810,417,393,139,68,71,73,27,46,364,188,176
KAUFMAN COUNTY,257,3 Years,1383,704,679,805,419,386,135,64,71,80,33,47,363,188,175
KAUFMAN COUNTY,257,4 Years,1391,696,695,793,392,401,145,71,74,72,37,35,381,196,185
KAUFMAN COUNTY,257,5 Years,1425,709,716,817,400,417,142,74,68,72,34,38,394,201,193
KAUFMAN COUNTY,257,6 Years,1561,755,806,908,419,489,158,81,77,84,39,45,411,216,195
KAUFMAN COUNTY,257,7 Years,1618,809,809,954,471,483,164,87,77,87,41,46,413,210,203
KAUFMAN COUNTY,257,8 Years,1710,855,855,990,500,490,151,73,78,93,46,47,476,236,240
KAUFMAN COUNTY,257,9 Years,1713,872,841,977,498,479,170,85,85,93,45,48,473,244,229
KAUFMAN COUNTY,257,10 Years,1782,925,857,1023,542,481,175,87,88,80,40,40,504,256,248
KAUFMAN COUNTY,257,11 Years,1838,939,899,1063,541,522,177,93,84,80,39,41,518,266,252
KAUFMAN COUNTY,257,12 Years,1922,969,953,1120,556,564,190,91,99,84,43,41,528,279,249
KAUFMAN COUNTY,257,13 Years,2025,1027,998,1189,604,585,197,91,106,89,46,43,550,286,264
KAUFMAN COUNTY,257,14 Years,2001,1034,967,1177,597,580,190,93,97,81,44,37,553,300,253
KAUFMAN COUNTY,257,15 Years,1947,1009,938,1174,596,578,197,107,90,69,36,33,507,270,237
KAUFMAN COUNTY,257,16 Years,1925,1012,913,1140,601,539,186,103,83,73,37,36,526,271,255
KAUFMAN COUNTY,257,17 Years,1871,994,877,1124,587,537,199,110,89,61,30,31,487,267,220
KAUFMAN COUNTY,257,18 Years,1767,925,842,1042,549,493,202,100,102,58,26,32,465,250,215
KAUFMAN COUNTY,257,19 Years,1579,842,737,903,494,409,203,100,103,61,29,32,412,219,193
KAUFMAN COUNTY,257,20 Years,1505,766,739,832,433,399,205,100,105,60,29,31,408,204,204
KAUFMAN COUNTY,257,21 Years,1444,716,728,789,399,390,214,99,115,57,28,29,384,190,194
KAUFMAN COUNTY,257,22 Years,1351,669,682,759,385,374,224,106,118,42,21,21,326,157,169
KAUFMAN COUNTY,257,23 Years,1200,608,592,671,347,324,190,85,105,43,24,19,296,152,144
KAUFMAN COUNTY,257,24 Years,1155,589,566,657,343,314,171,78,93,39,22,17,288,146,142
KAUFMAN COUNTY,257,25 Years,1094,548,546,621,308,313,139,67,72,35,20,15,299,153,146
KAUFMAN COUNTY,257,26 Years,1066,522,544,635,296,339,111,58,53,34,16,18,286,152,134
KAUFMAN COUNTY,257,27 Years,1130,566,564,693,335,358,120,63,57,39,16,23,278,152,126
KAUFMAN COUNTY,257,28 Years,1171,573,598,712,342,370,132,60,72,37,16,21,290,155,135
KAUFMAN COUNTY,257,29 Years,1160,554,606,716,345,371,133,63,70,31,14,17,280,132,148
KAUFMAN COUNTY,257,30 Years,1238,582,656,797,369,428,130,59,71,32,15,17,279,139,140
KAUFMAN COUNTY,257,31 Years,1355,632,723,857,386,471,137,67,70,37,16,21,324,163,161
KAUFMAN COUNTY,257,32 Years,1414,656,758,916,415,501,144,76,68,38,14,24,316,151,165
KAUFMAN COUNTY,257,33 Years,1547,720,827,1032,470,562,136,72,64,37,18,19,342,160,182
KAUFMAN COUNTY,257,34 Years,1571,736,835,1062,484,578,120,61,59,37,18,19,352,173,179
KAUFMAN COUNTY,257,35 Years,1576,741,835,1065,496,569,130,61,69,36,16,20,345,168,177
KAUFMAN COUNTY,257,36 Years,1613,769,844,1063,504,559,154,74,80,35,16,19,361,175,186
KAUFMAN COUNTY,257,37 Years,1606,773,833,1048,509,539,146,63,83,42,17,25,370,184,186
KAUFMAN COUNTY,257,38 Years,1663,796,867,1109,540,569,151,60,91,42,17,25,361,179,182
KAUFMAN COUNTY,257,39 Years,1688,814,874,1113,542,571,167,75,92,42,15,27,366,182,184
KAUFMAN COUNTY,257,40 Years,1650,779,871,1091,513,578,174,83,91,46,20,26,339,163,176
KAUFMAN COUNTY,257,41 Years,1635,758,877,1067,491,576,189,90,99,49,19,30,330,158,172
KAUFMAN COUNTY,257,42 Years,1686,775,911,1129,517,612,188,89,99,44,21,23,325,148,177
KAUFMAN COUNTY,257,43 Years,1713,811,902,1170,559,611,186,84,102,43,21,22,314,147,167
KAUFMAN COUNTY,257,44 Years,1710,835,875,1162,571,591,191,92,99,54,27,27,303,145,158
KAUFMAN COUNTY,257,45 Years,1624,777,847,1087,515,572,186,89,97,53,27,26,298,146,152
KAUFMAN COUNTY,257,46 Years,1516,745,771,1022,496,526,177,84,93,42,20,22,275,145,130
KAUFMAN COUNTY,257,47 Years,1526,738,788,1046,495,551,180,88,92,36,17,19,264,138,126
KAUFMAN COUNTY,257,48 Years,1505,713,792,1023,479,544,203,97,106,33,13,20,246,124,122
KAUFMAN COUNTY,257,49 Years,1559,752,807,1059,513,546,201,92,109,40,19,21,259,128,131
KAUFMAN COUNTY,257,50 Years,1624,794,830,1146,560,586,188,83,105,41,22,19,249,129,120
KAUFMAN COUNTY,257,51 Years,1590,783,807,1149,562,587,171,77,94,33,16,17,237,128,109
KAUFMAN COUNTY,257,52 Years,1554,776,778,1145,577,568,169,76,93,33,12,21,207,111,96
KAUFMAN COUNTY,257,53 Years,1578,784,794,1184,592,592,161,72,89,39,18,21,194,102,92
KAUFMAN COUNTY,257,54 Years,1590,787,803,1217,596,621,153,72,81,43,23,20,177,96,81
KAUFMAN COUNTY,257,55 Years,1507,744,763,1174,566,608,147,70,77,41,23,18,145,85,60
KAUFMAN COUNTY,257,56 Years,1537,752,785,1209,591,618,160,71,89,39,21,18,129,69,60
KAUFMAN COUNTY,257,57 Years,1462,720,742,1154,563,591,146,72,74,39,17,22,123,68,55
KAUFMAN COUNTY,257,58 Years,1397,677,720,1076,514,562,143,71,72,45,21,24,133,71,62
KAUFMAN COUNTY,257,59 Years,1371,664,707,1076,522,554,128,57,71,40,19,21,127,66,61
KAUFMAN COUNTY,257,60 Years,1289,645,644,1025,509,516,121,59,62,31,16,15,112,61,51
KAUFMAN COUNTY,257,61 Years,1255,627,628,1000,496,504,120,60,60,31,15,16,104,56,48
KAUFMAN COUNTY,257,62 Years,1170,564,606,933,449,484,118,59,59,28,13,15,91,43,48
KAUFMAN COUNTY,257,63 Years,1097,526,571,864,409,455,118,60,58,28,14,14,87,43,44
KAUFMAN COUNTY,257,64 Years,1103,519,584,885,416,469,114,55,59,30,12,18,74,36,38
KAUFMAN COUNTY,257,65 Years,1073,528,545,868,432,436,104,50,54,27,13,14,74,33,41
KAUFMAN COUNTY,257,66 Years,1034,498,536,829,405,424,103,43,60,21,9,12,81,41,40
KAUFMAN COUNTY,257,67 Years,973,461,512,799,384,415,90,36,54,22,8,14,62,33,29
KAUFMAN COUNTY,257,68 Years,870,402,468,697,331,366,83,33,50,24,8,16,66,30,36
KAUFMAN COUNTY,257,69 Years,807,361,446,649,293,356,73,31,42,23,9,14,62,28,34
KAUFMAN COUNTY,257,70 Years,757,348,409,614,281,333,69,33,36,19,8,11,55,26,29
KAUFMAN COUNTY,257,71 Years,724,326,398,605,269,336,57,29,28,18,9,9,44,19,25
KAUFMAN COUNTY,257,72 Years,672,312,360,561,263,298,55,28,27,17,6,11,39,15,24
KAUFMAN COUNTY,257,73 Years,619,294,325,515,248,267,55,24,31,17,5,12,32,17,15
KAUFMAN COUNTY,257,74 Years,561,275,286,471,231,240,55,23,32,12,8,4,23,13,10
KAUFMAN COUNTY,257,75 Years,532,252,280,447,211,236,51,22,29,9,5,4,25,14,11
KAUFMAN COUNTY,257,76 Years,448,204,244,374,170,204,40,18,22,9,5,4,25,11,14
KAUFMAN COUNTY,257,77 Years,412,190,222,334,156,178,38,14,24,12,7,5,28,13,15
KAUFMAN COUNTY,257,78 Years,377,172,205,320,149,171,31,12,19,11,3,8,15,8,7
KAUFMAN COUNTY,257,79 Years,371,157,214,323,132,191,24,11,13,11,5,6,13,9,4
KAUFMAN COUNTY,257,80 Years,338,142,196,297,124,173,24,9,15,6,4,2,11,5,6
KAUFMAN COUNTY,257,81 Years,326,135,191,282,119,163,29,10,19,3,1,2,12,5,7
KAUFMAN COUNTY,257,82 Years,280,116,164,245,104,141,22,8,14,3,0,3,10,4,6
KAUFMAN COUNTY,257,83 Years,262,103,159,231,92,139,17,7,10,2,0,2,12,4,8
KAUFMAN COUNTY,257,84 Years,231,88,143,212,83,129,11,3,8,1,0,1,7,2,5
KAUFMAN COUNTY,257,85 Years +,1279,425,854,1116,370,746,103,30,73,18,7,11,42,18,24
KENDALL COUNTY,259,All Ages,39015,18829,20186,29604,14010,15594,149,86,63,833,417,416,8429,4316,4113
KENDALL COUNTY,259,< 1 Year,372,193,179,239,120,119,2,1,1,5,3,2,126,69,57
KENDALL COUNTY,259,1 Years,362,185,177,235,121,114,1,1,0,7,5,2,119,58,61
KENDALL COUNTY,259,2 Years,350,178,172,220,110,110,2,1,1,6,4,2,122,63,59
KENDALL COUNTY,259,3 Years,359,176,183,224,109,115,1,1,0,8,5,3,126,61,65
KENDALL COUNTY,259,4 Years,371,183,188,234,116,118,1,1,0,7,5,2,129,61,68
KENDALL COUNTY,259,5 Years,356,177,179,223,111,112,1,1,0,10,5,5,122,60,62
KENDALL COUNTY,259,6 Years,394,204,190,252,132,120,1,1,0,6,3,3,135,68,67
KENDALL COUNTY,259,7 Years,390,198,192,260,135,125,1,1,0,7,2,5,122,60,62
KENDALL COUNTY,259,8 Years,444,213,231,294,139,155,2,1,1,13,5,8,135,68,67
KENDALL COUNTY,259,9 Years,497,231,266,323,148,175,2,1,1,20,8,12,152,74,78
KENDALL COUNTY,259,10 Years,505,254,251,355,170,185,2,1,1,12,8,4,136,75,61
KENDALL COUNTY,259,11 Years,522,256,266,358,172,186,4,1,3,9,4,5,151,79,72
KENDALL COUNTY,259,12 Years,565,297,268,378,190,188,3,2,1,17,7,10,167,98,69
KENDALL COUNTY,259,13 Years,605,308,297,411,202,209,1,0,1,14,7,7,179,99,80
KENDALL COUNTY,259,14 Years,633,312,321,438,209,229,3,2,1,11,5,6,181,96,85
KENDALL COUNTY,259,15 Years,635,332,303,435,216,219,3,2,1,16,9,7,181,105,76
KENDALL COUNTY,259,16 Years,628,325,303,426,215,211,3,2,1,26,11,15,173,97,76
KENDALL COUNTY,259,17 Years,630,327,303,410,208,202,5,3,2,24,11,13,191,105,86
KENDALL COUNTY,259,18 Years,637,332,305,419,212,207,4,2,2,21,12,9,193,106,87
KENDALL COUNTY,259,19 Years,558,269,289,358,175,183,6,2,4,19,10,9,175,82,93
KENDALL COUNTY,259,20 Years,476,232,244,299,143,156,2,1,1,16,10,6,159,78,81
KENDALL COUNTY,259,21 Years,475,236,239,298,150,148,4,3,1,13,8,5,160,75,85
KENDALL COUNTY,259,22 Years,436,218,218,286,147,139,2,2,0,11,5,6,137,64,73
KENDALL COUNTY,259,23 Years,382,197,185,238,119,119,1,0,1,10,6,4,133,72,61
KENDALL COUNTY,259,24 Years,320,178,142,210,118,92,1,0,1,5,4,1,104,56,48
KENDALL COUNTY,259,25 Years,305,179,126,197,121,76,0,0,0,11,8,3,97,50,47
KENDALL COUNTY,259,26 Years,298,156,142,191,95,96,2,2,0,9,5,4,96,54,42
KENDALL COUNTY,259,27 Years,265,136,129,152,77,75,2,2,0,7,5,2,104,52,52
KENDALL COUNTY,259,28 Years,291,160,131,184,105,79,1,1,0,5,3,2,101,51,50
KENDALL COUNTY,259,29 Years,272,147,125,160,79,81,1,0,1,5,3,2,106,65,41
KENDALL COUNTY,259,30 Years,265,134,131,162,77,85,0,0,0,2,1,1,101,56,45
KENDALL COUNTY,259,31 Years,299,152,147,191,93,98,1,1,0,3,2,1,104,56,48
KENDALL COUNTY,259,32 Years,314,157,157,203,96,107,0,0,0,6,2,4,105,59,46
KENDALL COUNTY,259,33 Years,339,168,171,214,102,112,1,1,0,5,2,3,119,63,56
KENDALL COUNTY,259,34 Years,338,160,178,226,101,125,0,0,0,4,2,2,108,57,51
KENDALL COUNTY,259,35 Years,355,159,196,233,100,133,2,0,2,9,3,6,111,56,55
KENDALL COUNTY,259,36 Years,361,169,192,248,110,138,2,1,1,7,4,3,104,54,50
KENDALL COUNTY,259,37 Years,380,193,187,263,130,133,1,1,0,7,4,3,109,58,51
KENDALL COUNTY,259,38 Years,411,212,199,282,142,140,0,0,0,8,4,4,121,66,55
KENDALL COUNTY,259,39 Years,430,212,218,307,149,158,1,1,0,9,4,5,113,58,55
KENDALL COUNTY,259,40 Years,424,207,217,310,151,159,1,1,0,8,5,3,105,50,55
KENDALL COUNTY,259,41 Years,443,207,236,317,147,170,0,0,0,5,2,3,121,58,63
KENDALL COUNTY,259,42 Years,482,221,261,360,158,202,0,0,0,10,3,7,112,60,52
KENDALL COUNTY,259,43 Years,523,220,303,406,168,238,2,0,2,11,4,7,104,48,56
KENDALL COUNTY,259,44 Years,507,225,282,394,173,221,2,1,1,14,7,7,97,44,53
KENDALL COUNTY,259,45 Years,498,231,267,389,178,211,2,1,1,13,8,5,94,44,50
KENDALL COUNTY,259,46 Years,528,237,291,391,171,220,3,2,1,16,9,7,118,55,63
KENDALL COUNTY,259,47 Years,552,258,294,411,192,219,1,1,0,18,10,8,122,55,67
KENDALL COUNTY,259,48 Years,576,282,294,436,211,225,1,1,0,14,7,7,125,63,62
KENDALL COUNTY,259,49 Years,664,307,357,512,234,278,2,1,1,16,8,8,134,64,70
KENDALL COUNTY,259,50 Years,673,319,354,513,239,274,2,1,1,20,9,11,138,70,68
KENDALL COUNTY,259,51 Years,644,304,340,520,242,278,3,2,1,17,6,11,104,54,50
KENDALL COUNTY,259,52 Years,667,296,371,535,234,301,4,2,2,11,2,9,117,58,59
KENDALL COUNTY,259,53 Years,657,302,355,534,242,292,3,0,3,10,3,7,110,57,53
KENDALL COUNTY,259,54 Years,656,308,348,535,250,285,1,0,1,11,4,7,109,54,55
KENDALL COUNTY,259,55 Years,641,297,344,543,252,291,2,1,1,12,5,7,84,39,45
KENDALL COUNTY,259,56 Years,656,314,342,554,253,301,3,2,1,12,8,4,87,51,36
KENDALL COUNTY,259,57 Years,654,318,336,548,262,286,4,2,2,10,7,3,92,47,45
KENDALL COUNTY,259,58 Years,595,267,328,504,222,282,2,0,2,11,5,6,78,40,38
KENDALL COUNTY,259,59 Years,624,285,339,538,238,300,2,1,1,14,10,4,70,36,34
KENDALL COUNTY,259,60 Years,634,307,327,549,260,289,1,1,0,11,8,3,73,38,35
KENDALL COUNTY,259,61 Years,588,285,303,508,241,267,2,2,0,9,6,3,69,36,33
KENDALL COUNTY,259,62 Years,570,262,308,491,219,272,3,3,0,9,5,4,67,35,32
KENDALL COUNTY,259,63 Years,596,282,314,515,236,279,7,5,2,7,2,5,67,39,28
KENDALL COUNTY,259,64 Years,584,275,309,503,233,270,3,2,1,10,2,8,68,38,30
KENDALL COUNTY,259,65 Years,566,278,288,492,244,248,4,2,2,7,2,5,63,30,33
KENDALL COUNTY,259,66 Years,586,288,298,516,254,262,3,2,1,8,3,5,59,29,30
KENDALL COUNTY,259,67 Years,596,289,307,536,263,273,2,2,0,8,3,5,50,21,29
KENDALL COUNTY,259,68 Years,493,246,247,442,222,220,2,1,1,7,3,4,42,20,22
KENDALL COUNTY,259,69 Years,477,234,243,425,207,218,1,1,0,12,7,5,39,19,20
KENDALL COUNTY,259,70 Years,450,221,229,409,205,204,0,0,0,9,4,5,32,12,20
KENDALL COUNTY,259,71 Years,425,205,220,383,184,199,2,2,0,9,4,5,31,15,16
KENDALL COUNTY,259,72 Years,383,185,198,335,163,172,0,0,0,7,3,4,41,19,22
KENDALL COUNTY,259,73 Years,337,153,184,295,134,161,0,0,0,3,2,1,39,17,22
KENDALL COUNTY,259,74 Years,294,133,161,258,116,142,1,0,1,3,2,1,32,15,17
KENDALL COUNTY,259,75 Years,293,147,146,264,132,132,1,0,1,3,2,1,25,13,12
KENDALL COUNTY,259,76 Years,259,140,119,233,123,110,1,0,1,3,2,1,22,15,7
KENDALL COUNTY,259,77 Years,249,123,126,223,111,112,1,0,1,5,2,3,20,10,10
KENDALL COUNTY,259,78 Years,226,104,122,202,91,111,0,0,0,7,4,3,17,9,8
KENDALL COUNTY,259,79 Years,194,92,102,172,85,87,0,0,0,5,2,3,17,5,12
KENDALL COUNTY,259,80 Years,201,101,100,171,88,83,0,0,0,8,4,4,22,9,13
KENDALL COUNTY,259,81 Years,184,81,103,160,70,90,1,1,0,6,2,4,17,8,9
KENDALL COUNTY,259,82 Years,152,75,77,139,68,71,0,0,0,2,1,1,11,6,5
KENDALL COUNTY,259,83 Years,142,61,81,130,55,75,0,0,0,1,0,1,11,6,5
KENDALL COUNTY,259,84 Years,149,55,94,135,51,84,1,0,1,2,1,1,11,3,8
KENDALL COUNTY,259,85 Years +,898,297,601,832,274,558,1,0,1,9,5,4,56,18,38
KENEDY COUNTY,261,All Ages,422,209,213,89,41,48,1,0,1,12,5,7,320,163,157
KENEDY COUNTY,261,< 1 Year,4,2,2,0,0,0,0,0,0,0,0,0,4,2,2
KENEDY COUNTY,261,1 Years,5,2,3,0,0,0,0,0,0,0,0,0,5,2,3
KENEDY COUNTY,261,2 Years,5,2,3,1,1,0,0,0,0,0,0,0,4,1,3
KENEDY COUNTY,261,3 Years,4,2,2,2,1,1,0,0,0,0,0,0,2,1,1
KENEDY COUNTY,261,4 Years,8,4,4,3,1,2,0,0,0,1,1,0,4,2,2
KENEDY COUNTY,261,5 Years,7,4,3,2,0,2,0,0,0,1,1,0,4,3,1
KENEDY COUNTY,261,6 Years,6,3,3,2,0,2,0,0,0,1,0,1,3,3,0
KENEDY COUNTY,261,7 Years,3,3,0,0,0,0,0,0,0,0,0,0,3,3,0
KENEDY COUNTY,261,8 Years,4,2,2,1,0,1,0,0,0,0,0,0,3,2,1
KENEDY COUNTY,261,9 Years,4,0,4,0,0,0,0,0,0,0,0,0,4,0,4
KENEDY COUNTY,261,10 Years,3,1,2,0,0,0,0,0,0,0,0,0,3,1,2
KENEDY COUNTY,261,11 Years,3,2,1,0,0,0,0,0,0,0,0,0,3,2,1
KENEDY COUNTY,261,12 Years,4,3,1,1,1,0,0,0,0,0,0,0,3,2,1
KENEDY COUNTY,261,13 Years,6,2,4,2,0,2,0,0,0,0,0,0,4,2,2
KENEDY COUNTY,261,14 Years,5,2,3,1,0,1,0,0,0,0,0,0,4,2,2
KENEDY COUNTY,261,15 Years,7,4,3,2,1,1,0,0,0,0,0,0,5,3,2
KENEDY COUNTY,261,16 Years,7,4,3,1,1,0,0,0,0,0,0,0,6,3,3
KENEDY COUNTY,261,17 Years,7,3,4,0,0,0,0,0,0,1,0,1,6,3,3
KENEDY COUNTY,261,18 Years,4,2,2,0,0,0,0,0,0,0,0,0,4,2,2
KENEDY COUNTY,261,19 Years,5,4,1,0,0,0,0,0,0,1,1,0,4,3,1
KENEDY COUNTY,261,20 Years,6,3,3,0,0,0,0,0,0,1,0,1,5,3,2
KENEDY COUNTY,261,21 Years,10,6,4,3,1,2,0,0,0,1,0,1,6,5,1
KENEDY COUNTY,261,22 Years,7,4,3,2,1,1,0,0,0,0,0,0,5,3,2
KENEDY COUNTY,261,23 Years,2,1,1,0,0,0,0,0,0,0,0,0,2,1,1
KENEDY COUNTY,261,24 Years,4,2,2,1,1,0,0,0,0,0,0,0,3,1,2
KENEDY COUNTY,261,25 Years,6,1,5,1,1,0,1,0,1,0,0,0,4,0,4
KENEDY COUNTY,261,26 Years,3,2,1,1,1,0,0,0,0,0,0,0,2,1,1
KENEDY COUNTY,261,27 Years,13,6,7,1,0,1,0,0,0,1,1,0,11,5,6
KENEDY COUNTY,261,28 Years,6,3,3,1,0,1,0,0,0,0,0,0,5,3,2
KENEDY COUNTY,261,29 Years,5,3,2,3,1,2,0,0,0,0,0,0,2,2,0
KENEDY COUNTY,261,30 Years,5,3,2,2,1,1,0,0,0,0,0,0,3,2,1
KENEDY COUNTY,261,31 Years,2,0,2,1,0,1,0,0,0,0,0,0,1,0,1
KENEDY COUNTY,261,32 Years,5,3,2,1,1,0,0,0,0,0,0,0,4,2,2
KENEDY COUNTY,261,33 Years,9,4,5,2,1,1,0,0,0,0,0,0,7,3,4
KENEDY COUNTY,261,34 Years,4,2,2,1,1,0,0,0,0,0,0,0,3,1,2
KENEDY COUNTY,261,35 Years,3,1,2,0,0,0,0,0,0,0,0,0,3,1,2
KENEDY COUNTY,261,36 Years,4,1,3,1,0,1,0,0,0,0,0,0,3,1,2
KENEDY COUNTY,261,37 Years,3,1,2,1,0,1,0,0,0,0,0,0,2,1,1
KENEDY COUNTY,261,38 Years,3,2,1,1,0,1,0,0,0,0,0,0,2,2,0
KENEDY COUNTY,261,39 Years,2,2,0,1,1,0,0,0,0,0,0,0,1,1,0
KENEDY COUNTY,261,40 Years,3,2,1,1,0,1,0,0,0,0,0,0,2,2,0
KENEDY COUNTY,261,41 Years,3,2,1,1,1,0,0,0,0,0,0,0,2,1,1
KENEDY COUNTY,261,42 Years,3,3,0,2,2,0,0,0,0,1,1,0,0,0,0
KENEDY COUNTY,261,43 Years,4,2,2,2,2,0,0,0,0,0,0,0,2,0,2
KENEDY COUNTY,261,44 Years,3,1,2,0,0,0,0,0,0,0,0,0,3,1,2
KENEDY COUNTY,261,45 Years,6,3,3,1,0,1,0,0,0,0,0,0,5,3,2
KENEDY COUNTY,261,46 Years,7,3,4,0,0,0,0,0,0,0,0,0,7,3,4
KENEDY COUNTY,261,47 Years,9,3,6,0,0,0,0,0,0,0,0,0,9,3,6
KENEDY COUNTY,261,48 Years,4,3,1,0,0,0,0,0,0,0,0,0,4,3,1
KENEDY COUNTY,261,49 Years,6,3,3,1,1,0,0,0,0,0,0,0,5,2,3
KENEDY COUNTY,261,50 Years,9,4,5,2,0,2,0,0,0,1,0,1,6,4,2
KENEDY COUNTY,261,51 Years,5,2,3,1,0,1,0,0,0,0,0,0,4,2,2
KENEDY COUNTY,261,52 Years,7,3,4,0,0,0,0,0,0,0,0,0,7,3,4
KENEDY COUNTY,261,53 Years,6,4,2,2,2,0,0,0,0,0,0,0,4,2,2
KENEDY COUNTY,261,54 Years,4,2,2,0,0,0,0,0,0,0,0,0,4,2,2
KENEDY COUNTY,261,55 Years,8,4,4,1,0,1,0,0,0,0,0,0,7,4,3
KENEDY COUNTY,261,56 Years,7,3,4,1,0,1,0,0,0,0,0,0,6,3,3
KENEDY COUNTY,261,57 Years,4,1,3,1,0,1,0,0,0,0,0,0,3,1,2
KENEDY COUNTY,261,58 Years,8,5,3,3,1,2,0,0,0,0,0,0,5,4,1
KENEDY COUNTY,261,59 Years,6,5,1,2,2,0,0,0,0,0,0,0,4,3,1
KENEDY COUNTY,261,60 Years,8,5,3,1,0,1,0,0,0,0,0,0,7,5,2
KENEDY COUNTY,261,61 Years,8,5,3,1,0,1,0,0,0,0,0,0,7,5,2
KENEDY COUNTY,261,62 Years,5,3,2,2,1,1,0,0,0,0,0,0,3,2,1
KENEDY COUNTY,261,63 Years,2,1,1,1,1,0,0,0,0,0,0,0,1,0,1
KENEDY COUNTY,261,64 Years,2,1,1,1,0,1,0,0,0,0,0,0,1,1,0
KENEDY COUNTY,261,65 Years,6,6,0,2,2,0,0,0,0,0,0,0,4,4,0
KENEDY COUNTY,261,66 Years,6,2,4,0,0,0,0,0,0,0,0,0,6,2,4
KENEDY COUNTY,261,67 Years,10,4,6,2,2,0,0,0,0,0,0,0,8,2,6
KENEDY COUNTY,261,68 Years,8,2,6,1,0,1,0,0,0,0,0,0,7,2,5
KENEDY COUNTY,261,69 Years,2,1,1,0,0,0,0,0,0,0,0,0,2,1,1
KENEDY COUNTY,261,70 Years,3,3,0,1,1,0,0,0,0,0,0,0,2,2,0
KENEDY COUNTY,261,71 Years,2,2,0,1,1,0,0,0,0,0,0,0,1,1,0
KENEDY COUNTY,261,72 Years,1,1,0,0,0,0,0,0,0,0,0,0,1,1,0
KENEDY COUNTY,261,73 Years,4,1,3,0,0,0,0,0,0,0,0,0,4,1,3
KENEDY COUNTY,261,74 Years,4,1,3,1,0,1,0,0,0,0,0,0,3,1,2
KENEDY COUNTY,261,75 Years,3,0,3,1,0,1,0,0,0,0,0,0,2,0,2
KENEDY COUNTY,261,76 Years,2,0,2,0,0,0,0,0,0,0,0,0,2,0,2
KENEDY COUNTY,261,77 Years,5,5,0,2,2,0,0,0,0,0,0,0,3,3,0
KENEDY COUNTY,261,78 Years,2,2,0,1,1,0,0,0,0,0,0,0,1,1,0
KENEDY COUNTY,261,79 Years,2,0,2,1,0,1,0,0,0,0,0,0,1,0,1
KENEDY COUNTY,261,80 Years,2,0,2,1,0,1,0,0,0,0,0,0,1,0,1
KENEDY COUNTY,261,81 Years,0,0,0,0,0,0,0,0,0,0,0,0,0,0,0
KENEDY COUNTY,261,82 Years,2,0,2,0,0,0,0,0,0,1,0,1,1,0,1
KENEDY COUNTY,261,83 Years,3,1,2,1,1,0,0,0,0,1,0,1,1,0,1
KENEDY COUNTY,261,84 Years,2,0,2,1,0,1,0,0,0,0,0,0,1,0,1
KENEDY COUNTY,261,85 Years +,13,4,9,4,1,3,0,0,0,0,0,0,9,3,6
KENT COUNTY,263,All Ages,791,390,401,648,314,334,6,2,4,12,6,6,125,68,57
KENT COUNTY,263,< 1 Year,9,5,4,9,5,4,0,0,0,0,0,0,0,0,0
KENT COUNTY,263,1 Years,10,5,5,6,2,4,0,0,0,0,0,0,4,3,1
KENT COUNTY,263,2 Years,8,5,3,4,2,2,0,0,0,0,0,0,4,3,1
KENT COUNTY,263,3 Years,6,3,3,4,2,2,0,0,0,0,0,0,2,1,1
KENT COUNTY,263,4 Years,8,3,5,5,2,3,1,1,0,0,0,0,2,0,2
KENT COUNTY,263,5 Years,9,5,4,5,3,2,0,0,0,0,0,0,4,2,2
KENT COUNTY,263,6 Years,7,5,2,6,5,1,0,0,0,0,0,0,1,0,1
KENT COUNTY,263,7 Years,7,3,4,4,2,2,0,0,0,1,0,1,2,1,1
KENT COUNTY,263,8 Years,6,4,2,3,2,1,0,0,0,0,0,0,3,2,1
KENT COUNTY,263,9 Years,8,5,3,6,4,2,0,0,0,0,0,0,2,1,1
KENT COUNTY,263,10 Years,10,6,4,8,4,4,0,0,0,0,0,0,2,2,0
KENT COUNTY,263,11 Years,10,5,5,7,3,4,0,0,0,0,0,0,3,2,1
KENT COUNTY,263,12 Years,15,10,5,11,7,4,0,0,0,0,0,0,4,3,1
KENT COUNTY,263,13 Years,13,8,5,8,5,3,0,0,0,0,0,0,5,3,2
KENT COUNTY,263,14 Years,12,7,5,6,3,3,0,0,0,0,0,0,6,4,2
KENT COUNTY,263,15 Years,9,5,4,6,3,3,0,0,0,0,0,0,3,2,1
KENT COUNTY,263,16 Years,11,5,6,7,4,3,0,0,0,1,0,1,3,1,2
KENT COUNTY,263,17 Years,10,4,6,8,4,4,0,0,0,0,0,0,2,0,2
KENT COUNTY,263,18 Years,14,7,7,11,6,5,0,0,0,1,1,0,2,0,2
KENT COUNTY,263,19 Years,11,6,5,8,5,3,0,0,0,1,1,0,2,0,2
KENT COUNTY,263,20 Years,8,5,3,5,2,3,1,1,0,0,0,0,2,2,0
KENT COUNTY,263,21 Years,9,4,5,7,3,4,0,0,0,1,1,0,1,0,1
KENT COUNTY,263,22 Years,9,4,5,6,2,4,0,0,0,0,0,0,3,2,1
KENT COUNTY,263,23 Years,7,4,3,7,4,3,0,0,0,0,0,0,0,0,0
KENT COUNTY,263,24 Years,5,1,4,4,1,3,0,0,0,0,0,0,1,0,1
KENT COUNTY,263,25 Years,3,2,1,3,2,1,0,0,0,0,0,0,0,0,0
KENT COUNTY,263,26 Years,4,2,2,4,2,2,0,0,0,0,0,0,0,0,0
KENT COUNTY,263,27 Years,6,3,3,5,2,3,0,0,0,1,1,0,0,0,0
KENT COUNTY,263,28 Years,5,3,2,5,3,2,0,0,0,0,0,0,0,0,0
KENT COUNTY,263,29 Years,7,5,2,6,4,2,0,0,0,0,0,0,1,1,0
KENT COUNTY,263,30 Years,5,4,1,4,3,1,0,0,0,0,0,0,1,1,0
KENT COUNTY,263,31 Years,6,1,5,6,1,5,0,0,0,0,0,0,0,0,0
KENT COUNTY,263,32 Years,5,2,3,5,2,3,0,0,0,0,0,0,0,0,0
KENT COUNTY,263,33 Years,8,1,7,7,1,6,0,0,0,0,0,0,1,0,1
KENT COUNTY,263,34 Years,8,7,1,6,5,1,0,0,0,0,0,0,2,2,0
KENT COUNTY,263,35 Years,6,5,1,4,3,1,0,0,0,1,1,0,1,1,0
KENT COUNTY,263,36 Years,3,3,0,2,2,0,0,0,0,0,0,0,1,1,0
KENT COUNTY,263,37 Years,3,2,1,2,1,1,0,0,0,0,0,0,1,1,0
KENT COUNTY,263,38 Years,6,1,5,3,1,2,2,0,2,1,0,1,0,0,0
KENT COUNTY,263,39 Years,9,4,5,6,4,2,0,0,0,1,0,1,2,0,2
KENT COUNTY,263,40 Years,6,4,2,5,3,2,0,0,0,0,0,0,1,1,0
KENT COUNTY,263,41 Years,7,3,4,5,2,3,0,0,0,0,0,0,2,1,1
KENT COUNTY,263,42 Years,9,4,5,6,2,4,0,0,0,0,0,0,3,2,1
KENT COUNTY,263,43 Years,8,5,3,7,4,3,0,0,0,0,0,0,1,1,0
KENT COUNTY,263,44 Years,5,3,2,3,1,2,0,0,0,0,0,0,2,2,0
KENT COUNTY,263,45 Years,9,5,4,5,3,2,0,0,0,0,0,0,4,2,2
KENT COUNTY,263,46 Years,6,2,4,5,1,4,0,0,0,0,0,0,1,1,0
KENT COUNTY,263,47 Years,10,5,5,10,5,5,0,0,0,0,0,0,0,0,0
KENT COUNTY,263,48 Years,13,6,7,11,6,5,0,0,0,0,0,0,2,0,2
KENT COUNTY,263,49 Years,14,6,8,9,3,6,0,0,0,0,0,0,5,3,2
KENT COUNTY,263,50 Years,12,7,5,10,6,4,0,0,0,0,0,0,2,1,1
KENT COUNTY,263,51 Years,8,6,2,7,6,1,0,0,0,0,0,0,1,0,1
KENT COUNTY,263,52 Years,8,2,6,7,2,5,0,0,0,0,0,0,1,0,1
KENT COUNTY,263,53 Years,11,6,5,11,6,5,0,0,0,0,0,0,0,0,0
KENT COUNTY,263,54 Years,14,7,7,13,7,6,0,0,0,0,0,0,1,0,1
KENT COUNTY,263,55 Years,9,4,5,8,3,5,0,0,0,0,0,0,1,1,0
KENT COUNTY,263,56 Years,18,9,9,16,7,9,0,0,0,0,0,0,2,2,0
KENT COUNTY,263,57 Years,16,11,5,14,10,4,0,0,0,0,0,0,2,1,1
KENT COUNTY,263,58 Years,10,7,3,9,6,3,0,0,0,0,0,0,1,1,0
KENT COUNTY,263,59 Years,12,7,5,11,6,5,0,0,0,0,0,0,1,1,0
KENT COUNTY,263,60 Years,9,3,6,9,3,6,0,0,0,0,0,0,0,0,0
KENT COUNTY,263,61 Years,10,4,6,10,4,6,0,0,0,0,0,0,0,0,0
KENT COUNTY,263,62 Years,7,3,4,7,3,4,0,0,0,0,0,0,0,0,0
KENT COUNTY,263,63 Years,5,3,2,5,3,2,0,0,0,0,0,0,0,0,0
KENT COUNTY,263,64 Years,9,4,5,9,4,5,0,0,0,0,0,0,0,0,0
KENT COUNTY,263,65 Years,9,4,5,7,3,4,0,0,0,0,0,0,2,1,1
KENT COUNTY,263,66 Years,20,9,11,18,9,9,0,0,0,1,0,1,1,0,1
KENT COUNTY,263,67 Years,18,10,8,15,9,6,0,0,0,0,0,0,3,1,2
KENT COUNTY,263,68 Years,11,6,5,9,5,4,0,0,0,0,0,0,2,1,1
KENT COUNTY,263,69 Years,9,5,4,9,5,4,0,0,0,0,0,0,0,0,0
KENT COUNTY,263,70 Years,8,4,4,8,4,4,0,0,0,0,0,0,0,0,0
KENT COUNTY,263,71 Years,8,4,4,7,4,3,0,0,0,0,0,0,1,0,1
KENT COUNTY,263,72 Years,9,4,5,9,4,5,0,0,0,0,0,0,0,0,0
KENT COUNTY,263,73 Years,9,5,4,7,3,4,0,0,0,0,0,0,2,2,0
KENT COUNTY,263,74 Years,12,4,8,11,3,8,0,0,0,0,0,0,1,1,0
KENT COUNTY,263,75 Years,15,4,11,13,4,9,1,0,1,0,0,0,1,0,1
KENT COUNTY,263,76 Years,6,3,3,5,3,2,1,0,1,0,0,0,0,0,0
KENT COUNTY,263,77 Years,7,3,4,5,1,4,0,0,0,1,1,0,1,1,0
KENT COUNTY,263,78 Years,3,1,2,3,1,2,0,0,0,0,0,0,0,0,0
KENT COUNTY,263,79 Years,5,3,2,5,3,2,0,0,0,0,0,0,0,0,0
KENT COUNTY,263,80 Years,7,2,5,4,2,2,0,0,0,0,0,0,3,0,3
KENT COUNTY,263,81 Years,7,0,7,5,0,5,0,0,0,0,0,0,2,0,2
KENT COUNTY,263,82 Years,6,2,4,6,2,4,0,0,0,0,0,0,0,0,0
KENT COUNTY,263,83 Years,12,5,7,12,5,7,0,0,0,0,0,0,0,0,0
KENT COUNTY,263,84 Years,7,2,5,7,2,5,0,0,0,0,0,0,0,0,0
KENT COUNTY,263,85 Years +,43,15,28,42,15,27,0,0,0,1,0,1,0,0,0
KERR COUNTY,265,All Ages,51155,24783,26372,35868,17046,18822,758,453,305,1299,606,693,13230,6678,6552
KERR COUNTY,265,< 1 Year,567,279,288,254,128,126,6,4,2,29,14,15,278,133,145
KERR COUNTY,265,1 Years,550,275,275,255,128,127,8,4,4,24,12,12,263,131,132
KERR COUNTY,265,2 Years,530,259,271,243,118,125,7,4,3,25,10,15,255,127,128
KERR COUNTY,265,3 Years,543,268,275,251,119,132,8,5,3,27,13,14,257,131,126
KERR COUNTY,265,4 Years,556,274,282,262,135,127,8,4,4,22,12,10,264,123,141
KERR COUNTY,265,5 Years,512,254,258,254,123,131,6,3,3,18,10,8,234,118,116
KERR COUNTY,265,6 Years,526,270,256,256,129,127,4,2,2,14,9,5,252,130,122
KERR COUNTY,265,7 Years,514,275,239,237,125,112,3,2,1,21,14,7,253,134,119
KERR COUNTY,265,8 Years,523,277,246,254,133,121,8,4,4,22,14,8,239,126,113
KERR COUNTY,265,9 Years,552,282,270,269,141,128,9,5,4,17,9,8,257,127,130
KERR COUNTY,265,10 Years,550,280,270,282,146,136,8,5,3,20,8,12,240,121,119
KERR COUNTY,265,11 Years,550,284,266,282,150,132,5,2,3,20,5,15,243,127,116
KERR COUNTY,265,12 Years,587,307,280,317,167,150,7,3,4,19,5,14,244,132,112
KERR COUNTY,265,13 Years,607,308,299,342,174,168,6,3,3,16,5,11,243,126,117
KERR COUNTY,265,14 Years,587,296,291,308,160,148,7,3,4,16,7,9,256,126,130
KERR COUNTY,265,15 Years,587,298,289,313,158,155,13,8,5,13,7,6,248,125,123
KERR COUNTY,265,16 Years,585,312,273,324,177,147,12,9,3,19,9,10,230,117,113
KERR COUNTY,265,17 Years,573,295,278,326,163,163,14,10,4,18,8,10,215,114,101
KERR COUNTY,265,18 Years,596,333,263,325,181,144,12,8,4,23,12,11,236,132,104
KERR COUNTY,265,19 Years,564,303,261,291,161,130,11,7,4,17,12,5,245,123,122
KERR COUNTY,265,20 Years,552,283,269,281,145,136,12,8,4,14,8,6,245,122,123
KERR COUNTY,265,21 Years,597,316,281,309,163,146,15,11,4,18,11,7,255,131,124
KERR COUNTY,265,22 Years,632,315,317,317,157,160,18,11,7,17,8,9,280,139,141
KERR COUNTY,265,23 Years,691,346,345,375,180,195,15,10,5,23,13,10,278,143,135
KERR COUNTY,265,24 Years,633,315,318,348,160,188,24,13,11,22,14,8,239,128,111
KERR COUNTY,265,25 Years,539,274,265,316,145,171,20,12,8,16,10,6,187,107,80
KERR COUNTY,265,26 Years,516,268,248,310,149,161,9,6,3,15,8,7,182,105,77
KERR COUNTY,265,27 Years,458,244,214,277,143,134,5,5,0,10,6,4,166,90,76
KERR COUNTY,265,28 Years,455,237,218,261,133,128,9,8,1,7,4,3,178,92,86
KERR COUNTY,265,29 Years,429,222,207,246,128,118,8,7,1,8,3,5,167,84,83
KERR COUNTY,265,30 Years,430,214,216,250,126,124,6,2,4,8,3,5,166,83,83
KERR COUNTY,265,31 Years,431,194,237,254,114,140,4,2,2,12,6,6,161,72,89
KERR COUNTY,265,32 Years,455,212,243,266,128,138,7,6,1,15,5,10,167,73,94
KERR COUNTY,265,33 Years,453,227,226,268,137,131,8,6,2,14,5,9,163,79,84
KERR COUNTY,265,34 Years,454,240,214,269,138,131,8,5,3,11,4,7,166,93,73
KERR COUNTY,265,35 Years,424,211,213,248,124,124,11,7,4,12,4,8,153,76,77
KERR COUNTY,265,36 Years,453,225,228,266,129,137,8,4,4,11,5,6,168,87,81
KERR COUNTY,265,37 Years,447,217,230,271,125,146,9,5,4,7,3,4,160,84,76
KERR COUNTY,265,38 Years,449,227,222,287,141,146,4,2,2,8,4,4,150,80,70
KERR COUNTY,265,39 Years,428,224,204,265,138,127,3,2,1,9,4,5,151,80,71
KERR COUNTY,265,40 Years,438,223,215,255,132,123,8,4,4,12,5,7,163,82,81
KERR COUNTY,265,41 Years,483,232,251,302,147,155,8,2,6,10,5,5,163,78,85
KERR COUNTY,265,42 Years,471,222,249,303,140,163,9,6,3,12,3,9,147,73,74
KERR COUNTY,265,43 Years,504,230,274,348,154,194,7,5,2,10,5,5,139,66,73
KERR COUNTY,265,44 Years,544,259,285,358,169,189,11,7,4,14,6,8,161,77,84
KERR COUNTY,265,45 Years,553,271,282,374,177,197,9,6,3,18,8,10,152,80,72
KERR COUNTY,265,46 Years,544,268,276,371,176,195,11,9,2,17,7,10,145,76,69
KERR COUNTY,265,47 Years,575,267,308,400,186,214,13,9,4,16,8,8,146,64,82
KERR COUNTY,265,48 Years,572,270,302,382,174,208,15,10,5,14,7,7,161,79,82
KERR COUNTY,265,49 Years,616,291,325,426,201,225,12,8,4,15,4,11,163,78,85
KERR COUNTY,265,50 Years,640,318,322,441,208,233,9,5,4,21,8,13,169,97,72
KERR COUNTY,265,51 Years,671,329,342,469,221,248,13,9,4,22,8,14,167,91,76
KERR COUNTY,265,52 Years,676,328,348,488,235,253,13,10,3,23,11,12,152,72,80
KERR COUNTY,265,53 Years,739,343,396,547,242,305,14,8,6,26,16,10,152,77,75
KERR COUNTY,265,54 Years,755,348,407,561,252,309,13,6,7,24,12,12,157,78,79
KERR COUNTY,265,55 Years,750,344,406,567,251,316,14,7,7,23,11,12,146,75,71
KERR COUNTY,265,56 Years,784,366,418,616,281,335,14,7,7,16,7,9,138,71,67
KERR COUNTY,265,57 Years,750,361,389,597,278,319,16,11,5,17,9,8,120,63,57
KERR COUNTY,265,58 Years,726,348,378,563,267,296,17,9,8,17,8,9,129,64,65
KERR COUNTY,265,59 Years,722,336,386,577,261,316,10,6,4,22,11,11,113,58,55
KERR COUNTY,265,60 Years,736,354,382,611,290,321,6,4,2,19,10,9,100,50,50
KERR COUNTY,265,61 Years,767,364,403,639,300,339,6,4,2,21,9,12,101,51,50
KERR COUNTY,265,62 Years,769,357,412,652,300,352,7,4,3,18,10,8,92,43,49
KERR COUNTY,265,63 Years,797,369,428,675,318,357,6,3,3,15,6,9,101,42,59
KERR COUNTY,265,64 Years,809,388,421,704,337,367,7,5,2,13,6,7,85,40,45
KERR COUNTY,265,65 Years,868,429,439,752,376,376,9,4,5,10,3,7,97,46,51
KERR COUNTY,265,66 Years,906,424,482,789,371,418,9,6,3,16,5,11,92,42,50
KERR COUNTY,265,67 Years,893,424,469,789,374,415,11,8,3,16,6,10,77,36,41
KERR COUNTY,265,68 Years,762,361,401,679,317,362,7,4,3,10,7,3,66,33,33
KERR COUNTY,265,69 Years,709,329,380,631,286,345,5,2,3,9,6,3,64,35,29
KERR COUNTY,265,70 Years,730,338,392,658,302,356,8,4,4,5,2,3,59,30,29
KERR COUNTY,265,71 Years,712,329,383,644,293,351,5,3,2,7,2,5,56,31,25
KERR COUNTY,265,72 Years,666,316,350,607,283,324,4,3,1,11,3,8,44,27,17
KERR COUNTY,265,73 Years,672,323,349,601,289,312,7,2,5,11,5,6,53,27,26
KERR COUNTY,265,74 Years,646,292,354,581,263,318,7,3,4,14,5,9,44,21,23
KERR COUNTY,265,75 Years,565,261,304,514,239,275,4,3,1,9,3,6,38,16,22
KERR COUNTY,265,76 Years,542,252,290,491,235,256,4,2,2,11,3,8,36,12,24
KERR COUNTY,265,77 Years,520,233,287,470,214,256,4,2,2,11,4,7,35,13,22
KERR COUNTY,265,78 Years,451,206,245,414,194,220,4,1,3,4,0,4,29,11,18
KERR COUNTY,265,79 Years,445,212,233,401,192,209,6,4,2,7,1,6,31,15,16
KERR COUNTY,265,80 Years,402,185,217,364,166,198,4,3,1,7,4,3,27,12,15
KERR COUNTY,265,81 Years,383,166,217,351,152,199,2,0,2,8,5,3,22,9,13
KERR COUNTY,265,82 Years,351,160,191,320,148,172,2,0,2,8,4,4,21,8,13
KERR COUNTY,265,83 Years,344,162,182,316,148,168,2,1,1,6,3,3,20,10,10
KERR COUNTY,265,84 Years,315,137,178,292,126,166,3,1,2,2,1,1,18,9,9
KERR COUNTY,265,85 Years +,1797,718,1079,1649,662,987,18,6,12,25,11,14,105,39,66
KIMBLE COUNTY,267,All Ages,4705,2350,2355,3440,1684,1756,15,11,4,62,35,27,1188,620,568
KIMBLE COUNTY,267,< 1 Year,45,25,20,18,8,10,0,0,0,0,0,0,27,17,10
KIMBLE COUNTY,267,1 Years,46,24,22,20,9,11,0,0,0,0,0,0,26,15,11
KIMBLE COUNTY,267,2 Years,43,21,22,18,7,11,0,0,0,0,0,0,25,14,11
KIMBLE COUNTY,267,3 Years,44,22,22,19,8,11,0,0,0,0,0,0,25,14,11
KIMBLE COUNTY,267,4 Years,37,16,21,17,5,12,0,0,0,0,0,0,20,11,9
KIMBLE COUNTY,267,5 Years,42,22,20,27,14,13,0,0,0,0,0,0,15,8,7
KIMBLE COUNTY,267,6 Years,48,24,24,29,15,14,1,0,1,1,0,1,17,9,8
KIMBLE COUNTY,267,7 Years,50,32,18,25,16,9,1,0,1,0,0,0,24,16,8
KIMBLE COUNTY,267,8 Years,52,28,24,28,16,12,0,0,0,0,0,0,24,12,12
KIMBLE COUNTY,267,9 Years,43,18,25,22,10,12,0,0,0,0,0,0,21,8,13
KIMBLE COUNTY,267,10 Years,37,18,19,19,10,9,0,0,0,0,0,0,18,8,10
KIMBLE COUNTY,267,11 Years,43,29,14,23,17,6,1,1,0,0,0,0,19,11,8
KIMBLE COUNTY,267,12 Years,68,33,35,41,21,20,1,1,0,0,0,0,26,11,15
KIMBLE COUNTY,267,13 Years,53,26,27,31,17,14,0,0,0,0,0,0,22,9,13
KIMBLE COUNTY,267,14 Years,53,30,23,34,21,13,0,0,0,0,0,0,19,9,10
KIMBLE COUNTY,267,15 Years,61,34,27,45,26,19,0,0,0,2,2,0,14,6,8
KIMBLE COUNTY,267,16 Years,62,33,29,38,19,19,0,0,0,1,1,0,23,13,10
KIMBLE COUNTY,267,17 Years,55,26,29,36,15,21,0,0,0,0,0,0,19,11,8
KIMBLE COUNTY,267,18 Years,60,29,31,37,21,16,0,0,0,0,0,0,23,8,15
KIMBLE COUNTY,267,19 Years,48,21,27,25,11,14,0,0,0,0,0,0,23,10,13
KIMBLE COUNTY,267,20 Years,53,27,26,33,16,17,1,1,0,0,0,0,19,10,9
KIMBLE COUNTY,267,21 Years,54,32,22,27,13,14,1,1,0,1,0,1,25,18,7
KIMBLE COUNTY,267,22 Years,51,30,21,22,13,9,0,0,0,1,0,1,28,17,11
KIMBLE COUNTY,267,23 Years,38,18,20,19,10,9,0,0,0,1,0,1,18,8,10
KIMBLE COUNTY,267,24 Years,26,11,15,16,7,9,0,0,0,0,0,0,10,4,6
KIMBLE COUNTY,267,25 Years,28,12,16,19,8,11,0,0,0,0,0,0,9,4,5
KIMBLE COUNTY,267,26 Years,31,12,19,19,8,11,0,0,0,0,0,0,12,4,8
KIMBLE COUNTY,267,27 Years,37,22,15,25,15,10,1,1,0,0,0,0,11,6,5
KIMBLE COUNTY,267,28 Years,40,21,19,28,16,12,0,0,0,0,0,0,12,5,7
KIMBLE COUNTY,267,29 Years,37,25,12,26,17,9,0,0,0,0,0,0,11,8,3
KIMBLE COUNTY,267,30 Years,36,25,11,25,16,9,0,0,0,1,1,0,10,8,2
KIMBLE COUNTY,267,31 Years,41,20,21,27,13,14,0,0,0,1,0,1,13,7,6
KIMBLE COUNTY,267,32 Years,40,21,19,24,11,13,1,1,0,1,0,1,14,9,5
KIMBLE COUNTY,267,33 Years,41,19,22,28,13,15,0,0,0,0,0,0,13,6,7
KIMBLE COUNTY,267,34 Years,40,18,22,27,10,17,0,0,0,0,0,0,13,8,5
KIMBLE COUNTY,267,35 Years,40,16,24,25,6,19,0,0,0,0,0,0,15,10,5
KIMBLE COUNTY,267,36 Years,43,24,19,26,13,13,0,0,0,1,1,0,16,10,6
KIMBLE COUNTY,267,37 Years,49,26,23,29,12,17,1,1,0,1,1,0,18,12,6
KIMBLE COUNTY,267,38 Years,42,19,23,24,10,14,0,0,0,2,0,2,16,9,7
KIMBLE COUNTY,267,39 Years,45,22,23,29,15,14,0,0,0,3,1,2,13,6,7
KIMBLE COUNTY,267,40 Years,40,17,23,23,11,12,0,0,0,1,0,1,16,6,10
KIMBLE COUNTY,267,41 Years,43,19,24,32,14,18,0,0,0,0,0,0,11,5,6
KIMBLE COUNTY,267,42 Years,51,25,26,39,23,16,0,0,0,1,0,1,11,2,9
KIMBLE COUNTY,267,43 Years,54,28,26,39,22,17,1,1,0,0,0,0,14,5,9
KIMBLE COUNTY,267,44 Years,59,31,28,43,23,20,0,0,0,2,2,0,14,6,8
KIMBLE COUNTY,267,45 Years,44,23,21,33,18,15,0,0,0,1,1,0,10,4,6
KIMBLE COUNTY,267,46 Years,49,31,18,31,17,14,0,0,0,2,2,0,16,12,4
KIMBLE COUNTY,267,47 Years,43,25,18,33,17,16,0,0,0,1,1,0,9,7,2
KIMBLE COUNTY,267,48 Years,51,25,26,36,18,18,0,0,0,0,0,0,15,7,8
KIMBLE COUNTY,267,49 Years,56,31,25,41,23,18,0,0,0,0,0,0,15,8,7
KIMBLE COUNTY,267,50 Years,65,37,28,51,29,22,0,0,0,0,0,0,14,8,6
KIMBLE COUNTY,267,51 Years,73,37,36,62,33,29,0,0,0,1,0,1,10,4,6
KIMBLE COUNTY,267,52 Years,72,43,29,60,36,24,0,0,0,1,0,1,11,7,4
KIMBLE COUNTY,267,53 Years,72,39,33,58,35,23,0,0,0,1,0,1,13,4,9
KIMBLE COUNTY,267,54 Years,70,31,39,58,24,34,0,0,0,0,0,0,12,7,5
KIMBLE COUNTY,267,55 Years,77,34,43,60,23,37,0,0,0,1,1,0,16,10,6
KIMBLE COUNTY,267,56 Years,73,41,32,60,31,29,0,0,0,0,0,0,13,10,3
KIMBLE COUNTY,267,57 Years,66,37,29,53,28,25,0,0,0,1,1,0,12,8,4
KIMBLE COUNTY,267,58 Years,72,34,38,55,26,29,2,2,0,2,1,1,13,5,8
KIMBLE COUNTY,267,59 Years,83,42,41,71,35,36,1,1,0,2,0,2,9,6,3
KIMBLE COUNTY,267,60 Years,95,47,48,74,34,40,2,0,2,7,5,2,12,8,4
KIMBLE COUNTY,267,61 Years,78,39,39,66,32,34,0,0,0,3,2,1,9,5,4
KIMBLE COUNTY,267,62 Years,87,38,49,74,31,43,0,0,0,1,1,0,12,6,6
KIMBLE COUNTY,267,63 Years,94,42,52,80,32,48,0,0,0,0,0,0,14,10,4
KIMBLE COUNTY,267,64 Years,89,38,51,75,30,45,0,0,0,0,0,0,14,8,6
KIMBLE COUNTY,267,65 Years,94,45,49,79,40,39,0,0,0,0,0,0,15,5,10
KIMBLE COUNTY,267,66 Years,97,45,52,86,42,44,0,0,0,2,1,1,9,2,7
KIMBLE COUNTY,267,67 Years,93,41,52,81,37,44,0,0,0,2,2,0,10,2,8
KIMBLE COUNTY,267,68 Years,83,40,43,70,32,38,0,0,0,1,1,0,12,7,5
KIMBLE COUNTY,267,69 Years,75,36,39,66,31,35,0,0,0,0,0,0,9,5,4
KIMBLE COUNTY,267,70 Years,80,40,40,69,34,35,0,0,0,1,1,0,10,5,5
KIMBLE COUNTY,267,71 Years,65,30,35,59,27,32,0,0,0,1,1,0,5,2,3
KIMBLE COUNTY,267,72 Years,56,26,30,48,22,26,0,0,0,0,0,0,8,4,4
KIMBLE COUNTY,267,73 Years,56,28,28,47,22,25,0,0,0,1,1,0,8,5,3
KIMBLE COUNTY,267,74 Years,52,24,28,44,18,26,0,0,0,2,2,0,6,4,2
KIMBLE COUNTY,267,75 Years,53,27,26,47,24,23,0,0,0,0,0,0,6,3,3
KIMBLE COUNTY,267,76 Years,57,29,28,51,26,25,0,0,0,1,1,0,5,2,3
KIMBLE COUNTY,267,77 Years,47,25,22,40,22,18,0,0,0,2,0,2,5,3,2
KIMBLE COUNTY,267,78 Years,30,16,14,28,15,13,0,0,0,1,0,1,1,1,0
KIMBLE COUNTY,267,79 Years,39,18,21,36,18,18,0,0,0,0,0,0,3,0,3
KIMBLE COUNTY,267,80 Years,34,22,12,30,19,11,0,0,0,0,0,0,4,3,1
KIMBLE COUNTY,267,81 Years,23,10,13,21,9,12,0,0,0,0,0,0,2,1,1
KIMBLE COUNTY,267,82 Years,25,14,11,21,11,10,0,0,0,1,1,0,3,2,1
KIMBLE COUNTY,267,83 Years,28,10,18,23,9,14,0,0,0,1,0,1,4,1,3
KIMBLE COUNTY,267,84 Years,27,9,18,23,8,15,0,0,0,0,0,0,4,1,3
KIMBLE COUNTY,267,85 Years +,133,50,83,114,45,69,0,0,0,1,0,1,18,5,13
KING COUNTY,269,All Ages,293,135,158,249,107,142,0,0,0,4,2,2,40,26,14
KING COUNTY,269,< 1 Year,0,0,0,0,0,0,0,0,0,0,0,0,0,0,0
KING COUNTY,269,1 Years,3,0,3,3,0,3,0,0,0,0,0,0,0,0,0
KING COUNTY,269,2 Years,0,0,0,0,0,0,0,0,0,0,0,0,0,0,0
KING COUNTY,269,3 Years,4,0,4,4,0,4,0,0,0,0,0,0,0,0,0
KING COUNTY,269,4 Years,2,0,2,2,0,2,0,0,0,0,0,0,0,0,0
KING COUNTY,269,5 Years,2,1,1,1,0,1,0,0,0,0,0,0,1,1,0
KING COUNTY,269,6 Years,2,0,2,2,0,2,0,0,0,0,0,0,0,0,0
KING COUNTY,269,7 Years,1,0,1,1,0,1,0,0,0,0,0,0,0,0,0
KING COUNTY,269,8 Years,3,2,1,3,2,1,0,0,0,0,0,0,0,0,0
KING COUNTY,269,9 Years,4,2,2,4,2,2,0,0,0,0,0,0,0,0,0
KING COUNTY,269,10 Years,3,2,1,3,2,1,0,0,0,0,0,0,0,0,0
KING COUNTY,269,11 Years,4,2,2,4,2,2,0,0,0,0,0,0,0,0,0
KING COUNTY,269,12 Years,4,1,3,4,1,3,0,0,0,0,0,0,0,0,0
KING COUNTY,269,13 Years,4,1,3,4,1,3,0,0,0,0,0,0,0,0,0
KING COUNTY,269,14 Years,3,3,0,3,3,0,0,0,0,0,0,0,0,0,0
KING COUNTY,269,15 Years,5,3,2,4,3,1,0,0,0,0,0,0,1,0,1
KING COUNTY,269,16 Years,8,5,3,5,3,2,0,0,0,0,0,0,3,2,1
KING COUNTY,269,17 Years,5,2,3,3,1,2,0,0,0,0,0,0,2,1,1
KING COUNTY,269,18 Years,4,1,3,3,1,2,0,0,0,0,0,0,1,0,1
KING COUNTY,269,19 Years,4,2,2,3,1,2,0,0,0,0,0,0,1,1,0
KING COUNTY,269,20 Years,3,2,1,2,1,1,0,0,0,0,0,0,1,1,0
KING COUNTY,269,21 Years,6,1,5,4,1,3,0,0,0,1,0,1,1,0,1
KING COUNTY,269,22 Years,5,2,3,5,2,3,0,0,0,0,0,0,0,0,0
KING COUNTY,269,23 Years,6,4,2,4,2,2,0,0,0,1,1,0,1,1,0
KING COUNTY,269,24 Years,3,2,1,2,2,0,0,0,0,1,0,1,0,0,0
KING COUNTY,269,25 Years,0,0,0,0,0,0,0,0,0,0,0,0,0,0,0
KING COUNTY,269,26 Years,2,1,1,1,1,0,0,0,0,0,0,0,1,0,1
KING COUNTY,269,27 Years,2,1,1,2,1,1,0,0,0,0,0,0,0,0,0
KING COUNTY,269,28 Years,2,2,0,1,1,0,0,0,0,0,0,0,1,1,0
KING COUNTY,269,29 Years,3,2,1,3,2,1,0,0,0,0,0,0,0,0,0
KING COUNTY,269,30 Years,2,0,2,2,0,2,0,0,0,0,0,0,0,0,0
KING COUNTY,269,31 Years,3,2,1,2,1,1,0,0,0,0,0,0,1,1,0
KING COUNTY,269,32 Years,1,0,1,1,0,1,0,0,0,0,0,0,0,0,0
KING COUNTY,269,33 Years,2,0,2,2,0,2,0,0,0,0,0,0,0,0,0
KING COUNTY,269,34 Years,3,1,2,3,1,2,0,0,0,0,0,0,0,0,0
KING COUNTY,269,35 Years,3,2,1,2,1,1,0,0,0,1,1,0,0,0,0
KING COUNTY,269,36 Years,2,1,1,2,1,1,0,0,0,0,0,0,0,0,0
KING COUNTY,269,37 Years,1,0,1,1,0,1,0,0,0,0,0,0,0,0,0
KING COUNTY,269,38 Years,3,1,2,1,0,1,0,0,0,0,0,0,2,1,1
KING COUNTY,269,39 Years,3,3,0,3,3,0,0,0,0,0,0,0,0,0,0
KING COUNTY,269,40 Years,4,2,2,3,1,2,0,0,0,0,0,0,1,1,0
KING COUNTY,269,41 Years,2,1,1,1,0,1,0,0,0,0,0,0,1,1,0
KING COUNTY,269,42 Years,2,1,1,2,1,1,0,0,0,0,0,0,0,0,0
KING COUNTY,269,43 Years,4,1,3,3,1,2,0,0,0,0,0,0,1,0,1
KING COUNTY,269,44 Years,7,4,3,5,3,2,0,0,0,0,0,0,2,1,1
KING COUNTY,269,45 Years,3,2,1,3,2,1,0,0,0,0,0,0,0,0,0
KING COUNTY,269,46 Years,4,2,2,3,1,2,0,0,0,0,0,0,1,1,0
KING COUNTY,269,47 Years,8,2,6,4,0,4,0,0,0,0,0,0,4,2,2
KING COUNTY,269,48 Years,5,1,4,4,0,4,0,0,0,0,0,0,1,1,0
KING COUNTY,269,49 Years,5,2,3,4,1,3,0,0,0,0,0,0,1,1,0
KING COUNTY,269,50 Years,5,2,3,3,1,2,0,0,0,0,0,0,2,1,1
KING COUNTY,269,51 Years,3,2,1,2,1,1,0,0,0,0,0,0,1,1,0
KING COUNTY,269,52 Years,4,1,3,4,1,3,0,0,0,0,0,0,0,0,0
KING COUNTY,269,53 Years,6,1,5,6,1,5,0,0,0,0,0,0,0,0,0
KING COUNTY,269,54 Years,7,2,5,6,1,5,0,0,0,0,0,0,1,1,0
KING COUNTY,269,55 Years,7,5,2,6,4,2,0,0,0,0,0,0,1,1,0
KING COUNTY,269,56 Years,6,5,1,5,4,1,0,0,0,0,0,0,1,1,0
KING COUNTY,269,57 Years,7,5,2,7,5,2,0,0,0,0,0,0,0,0,0
KING COUNTY,269,58 Years,9,3,6,7,1,6,0,0,0,0,0,0,2,2,0
KING COUNTY,269,59 Years,6,3,3,5,2,3,0,0,0,0,0,0,1,1,0
KING COUNTY,269,60 Years,6,2,4,6,2,4,0,0,0,0,0,0,0,0,0
KING COUNTY,269,61 Years,4,2,2,4,2,2,0,0,0,0,0,0,0,0,0
KING COUNTY,269,62 Years,2,2,0,2,2,0,0,0,0,0,0,0,0,0,0
KING COUNTY,269,63 Years,4,4,0,4,4,0,0,0,0,0,0,0,0,0,0
KING COUNTY,269,64 Years,6,4,2,6,4,2,0,0,0,0,0,0,0,0,0
KING COUNTY,269,65 Years,3,1,2,3,1,2,0,0,0,0,0,0,0,0,0
KING COUNTY,269,66 Years,2,2,0,2,2,0,0,0,0,0,0,0,0,0,0
KING COUNTY,269,67 Years,1,1,0,1,1,0,0,0,0,0,0,0,0,0,0
KING COUNTY,269,68 Years,3,2,1,3,2,1,0,0,0,0,0,0,0,0,0
KING COUNTY,269,69 Years,1,0,1,1,0,1,0,0,0,0,0,0,0,0,0
KING COUNTY,269,70 Years,4,2,2,4,2,2,0,0,0,0,0,0,0,0,0
KING COUNTY,269,71 Years,2,1,1,2,1,1,0,0,0,0,0,0,0,0,0
KING COUNTY,269,72 Years,2,1,1,2,1,1,0,0,0,0,0,0,0,0,0
KING COUNTY,269,73 Years,1,0,1,1,0,1,0,0,0,0,0,0,0,0,0
KING COUNTY,269,74 Years,2,1,1,1,1,0,0,0,0,0,0,0,1,0,1
KING COUNTY,269,75 Years,3,1,2,2,1,1,0,0,0,0,0,0,1,0,1
KING COUNTY,269,76 Years,3,1,2,3,1,2,0,0,0,0,0,0,0,0,0
KING COUNTY,269,77 Years,1,0,1,1,0,1,0,0,0,0,0,0,0,0,0
KING COUNTY,269,78 Years,1,0,1,1,0,1,0,0,0,0,0,0,0,0,0
KING COUNTY,269,79 Years,2,0,2,2,0,2,0,0,0,0,0,0,0,0,0
KING COUNTY,269,80 Years,6,1,5,6,1,5,0,0,0,0,0,0,0,0,0
KING COUNTY,269,81 Years,3,1,2,3,1,2,0,0,0,0,0,0,0,0,0
KING COUNTY,269,82 Years,0,0,0,0,0,0,0,0,0,0,0,0,0,0,0
KING COUNTY,269,83 Years,1,1,0,1,1,0,0,0,0,0,0,0,0,0,0
KING COUNTY,269,84 Years,0,0,0,0,0,0,0,0,0,0,0,0,0,0,0
KING COUNTY,269,85 Years +,6,4,2,6,4,2,0,0,0,0,0,0,0,0,0
KINNEY COUNTY,271,All Ages,3606,1956,1650,1408,685,723,35,16,19,61,33,28,2102,1222,880
KINNEY COUNTY,271,< 1 Year,39,20,19,5,2,3,0,0,0,1,0,1,33,18,15
KINNEY COUNTY,271,1 Years,35,18,17,7,3,4,0,0,0,1,1,0,27,14,13
KINNEY COUNTY,271,2 Years,38,20,18,8,4,4,0,0,0,3,2,1,27,14,13
KINNEY COUNTY,271,3 Years,38,19,19,10,5,5,0,0,0,0,0,0,28,14,14
KINNEY COUNTY,271,4 Years,47,18,29,9,6,3,0,0,0,1,0,1,37,12,25
KINNEY COUNTY,271,5 Years,38,21,17,8,6,2,2,1,1,1,1,0,27,13,14
KINNEY COUNTY,271,6 Years,32,20,12,9,6,3,1,0,1,0,0,0,22,14,8
KINNEY COUNTY,271,7 Years,35,16,19,10,2,8,1,1,0,0,0,0,24,13,11
KINNEY COUNTY,271,8 Years,42,20,22,11,4,7,0,0,0,1,0,1,30,16,14
KINNEY COUNTY,271,9 Years,29,14,15,6,3,3,0,0,0,1,0,1,22,11,11
KINNEY COUNTY,271,10 Years,32,22,10,7,5,2,1,0,1,1,1,0,23,16,7
KINNEY COUNTY,271,11 Years,39,20,19,13,8,5,0,0,0,1,1,0,25,11,14
KINNEY COUNTY,271,12 Years,31,16,15,11,7,4,0,0,0,0,0,0,20,9,11
KINNEY COUNTY,271,13 Years,31,19,12,11,6,5,0,0,0,1,1,0,19,12,7
KINNEY COUNTY,271,14 Years,32,15,17,9,4,5,0,0,0,0,0,0,23,11,12
KINNEY COUNTY,271,15 Years,34,19,15,8,5,3,0,0,0,0,0,0,26,14,12
KINNEY COUNTY,271,16 Years,46,24,22,16,7,9,0,0,0,1,1,0,29,16,13
KINNEY COUNTY,271,17 Years,50,29,21,10,5,5,0,0,0,0,0,0,40,24,16
KINNEY COUNTY,271,18 Years,51,27,24,10,5,5,1,0,1,1,1,0,39,21,18
KINNEY COUNTY,271,19 Years,39,21,18,5,3,2,0,0,0,0,0,0,34,18,16
KINNEY COUNTY,271,20 Years,46,24,22,14,7,7,0,0,0,3,2,1,29,15,14
KINNEY COUNTY,271,21 Years,50,28,22,14,8,6,0,0,0,1,0,1,35,20,15
KINNEY COUNTY,271,22 Years,50,26,24,12,6,6,0,0,0,1,1,0,37,19,18
KINNEY COUNTY,271,23 Years,35,18,17,7,4,3,0,0,0,1,1,0,27,13,14
KINNEY COUNTY,271,24 Years,47,27,20,11,5,6,0,0,0,1,1,0,35,21,14
KINNEY COUNTY,271,25 Years,42,27,15,8,3,5,1,1,0,0,0,0,33,23,10
KINNEY COUNTY,271,26 Years,38,29,9,8,4,4,1,1,0,0,0,0,29,24,5
KINNEY COUNTY,271,27 Years,35,26,9,7,5,2,0,0,0,0,0,0,28,21,7
KINNEY COUNTY,271,28 Years,45,34,11,6,2,4,0,0,0,0,0,0,39,32,7
KINNEY COUNTY,271,29 Years,38,23,15,5,1,4,1,1,0,0,0,0,32,21,11
KINNEY COUNTY,271,30 Years,40,22,18,6,1,5,1,0,1,0,0,0,33,21,12
KINNEY COUNTY,271,31 Years,42,28,14,9,5,4,0,0,0,0,0,0,33,23,10
KINNEY COUNTY,271,32 Years,37,27,10,6,3,3,0,0,0,0,0,0,31,24,7
KINNEY COUNTY,271,33 Years,29,22,7,7,5,2,0,0,0,0,0,0,22,17,5
KINNEY COUNTY,271,34 Years,36,22,14,9,3,6,1,1,0,0,0,0,26,18,8
KINNEY COUNTY,271,35 Years,31,17,14,7,3,4,0,0,0,2,1,1,22,13,9
KINNEY COUNTY,271,36 Years,25,19,6,6,5,1,0,0,0,0,0,0,19,14,5
KINNEY COUNTY,271,37 Years,34,20,14,9,3,6,0,0,0,0,0,0,25,17,8
KINNEY COUNTY,271,38 Years,39,28,11,7,2,5,0,0,0,1,0,1,31,26,5
KINNEY COUNTY,271,39 Years,42,24,18,8,4,4,1,0,1,1,0,1,32,20,12
KINNEY COUNTY,271,40 Years,42,28,14,10,6,4,0,0,0,0,0,0,32,22,10
KINNEY COUNTY,271,41 Years,44,30,14,7,2,5,1,0,1,0,0,0,36,28,8
KINNEY COUNTY,271,42 Years,46,30,16,7,4,3,0,0,0,1,1,0,38,25,13
KINNEY COUNTY,271,43 Years,45,26,19,15,9,6,0,0,0,0,0,0,30,17,13
KINNEY COUNTY,271,44 Years,41,25,16,12,6,6,0,0,0,0,0,0,29,19,10
KINNEY COUNTY,271,45 Years,36,21,15,8,4,4,0,0,0,1,0,1,27,17,10
KINNEY COUNTY,271,46 Years,40,24,16,9,5,4,0,0,0,0,0,0,31,19,12
KINNEY COUNTY,271,47 Years,53,37,16,15,10,5,2,2,0,0,0,0,36,25,11
KINNEY COUNTY,271,48 Years,42,28,14,14,7,7,0,0,0,1,1,0,27,20,7
KINNEY COUNTY,271,49 Years,40,23,17,10,4,6,0,0,0,1,1,0,29,18,11
KINNEY COUNTY,271,50 Years,44,27,17,11,8,3,0,0,0,1,1,0,32,18,14
KINNEY COUNTY,271,51 Years,46,28,18,17,8,9,0,0,0,0,0,0,29,20,9
KINNEY COUNTY,271,52 Years,43,24,19,22,11,11,0,0,0,0,0,0,21,13,8
KINNEY COUNTY,271,53 Years,34,16,18,18,9,9,1,0,1,0,0,0,15,7,8
KINNEY COUNTY,271,54 Years,44,24,20,26,12,14,0,0,0,0,0,0,18,12,6
KINNEY COUNTY,271,55 Years,40,20,20,20,11,9,1,1,0,0,0,0,19,8,11
KINNEY COUNTY,271,56 Years,44,23,21,19,10,9,0,0,0,0,0,0,25,13,12
KINNEY COUNTY,271,57 Years,55,25,30,26,9,17,0,0,0,2,2,0,27,14,13
KINNEY COUNTY,271,58 Years,55,26,29,25,7,18,1,0,1,2,2,0,27,17,10
KINNEY COUNTY,271,59 Years,53,25,28,23,9,14,1,1,0,2,0,2,27,15,12
KINNEY COUNTY,271,60 Years,56,28,28,26,15,11,1,0,1,2,0,2,27,13,14
KINNEY COUNTY,271,61 Years,45,21,24,20,13,7,1,0,1,1,0,1,23,8,15
KINNEY COUNTY,271,62 Years,45,20,25,21,7,14,2,1,1,1,1,0,21,11,10
KINNEY COUNTY,271,63 Years,41,18,23,22,7,15,1,1,0,1,1,0,17,9,8
KINNEY COUNTY,271,64 Years,46,23,23,28,12,16,0,0,0,1,1,0,17,10,7
KINNEY COUNTY,271,65 Years,44,22,22,26,12,14,1,0,1,1,0,1,16,10,6
KINNEY COUNTY,271,66 Years,50,29,21,30,15,15,0,0,0,1,0,1,19,14,5
KINNEY COUNTY,271,67 Years,66,31,35,35,17,18,2,0,2,2,2,0,27,12,15
KINNEY COUNTY,271,68 Years,45,21,24,28,14,14,1,0,1,1,0,1,15,7,8
KINNEY COUNTY,271,69 Years,37,19,18,29,15,14,0,0,0,1,0,1,7,4,3
KINNEY COUNTY,271,70 Years,50,27,23,35,19,16,1,0,1,2,2,0,12,6,6
KINNEY COUNTY,271,71 Years,48,25,23,33,20,13,1,0,1,1,1,0,13,4,9
KINNEY COUNTY,271,72 Years,45,18,27,34,14,20,0,0,0,1,0,1,10,4,6
KINNEY COUNTY,271,73 Years,48,21,27,39,16,23,0,0,0,1,0,1,8,5,3
KINNEY COUNTY,271,74 Years,45,24,21,33,17,16,0,0,0,1,0,1,11,7,4
KINNEY COUNTY,271,75 Years,46,22,24,32,16,16,0,0,0,1,0,1,13,6,7
KINNEY COUNTY,271,76 Years,44,17,27,29,11,18,1,1,0,0,0,0,14,5,9
KINNEY COUNTY,271,77 Years,39,16,23,28,11,17,2,2,0,0,0,0,9,3,6
KINNEY COUNTY,271,78 Years,34,12,22,26,10,16,0,0,0,0,0,0,8,2,6
KINNEY COUNTY,271,79 Years,38,16,22,25,13,12,0,0,0,0,0,0,13,3,10
KINNEY COUNTY,271,80 Years,37,15,22,22,10,12,0,0,0,3,0,3,12,5,7
KINNEY COUNTY,271,81 Years,32,15,17,20,11,9,0,0,0,1,0,1,11,4,7
KINNEY COUNTY,271,82 Years,27,12,15,16,7,9,0,0,0,1,1,0,10,4,6
KINNEY COUNTY,271,83 Years,30,16,14,23,13,10,0,0,0,0,0,0,7,3,4
KINNEY COUNTY,271,84 Years,32,20,12,24,14,10,0,0,0,1,1,0,7,5,2
KINNEY COUNTY,271,85 Years +,110,49,61,61,30,31,2,1,1,0,0,0,47,18,29
KLEBERG COUNTY,273,All Ages,32853,16800,16053,7290,3862,3428,1127,647,480,1134,668,466,23302,11623,11679
KLEBERG COUNTY,273,< 1 Year,506,257,249,73,40,33,22,10,12,19,11,8,392,196,196
KLEBERG COUNTY,273,1 Years,518,263,255,75,38,37,19,9,10,18,9,9,406,207,199
KLEBERG COUNTY,273,2 Years,519,264,255,80,41,39,16,7,9,17,11,6,406,205,201
KLEBERG COUNTY,273,3 Years,510,261,249,76,38,38,17,9,8,20,11,9,397,203,194
KLEBERG COUNTY,273,4 Years,557,292,265,82,40,42,24,13,11,20,14,6,431,225,206
KLEBERG COUNTY,273,5 Years,478,246,232,64,37,27,21,9,12,14,9,5,379,191,188
KLEBERG COUNTY,273,6 Years,499,257,242,76,45,31,13,4,9,12,7,5,398,201,197
KLEBERG COUNTY,273,7 Years,476,236,240,75,40,35,6,3,3,14,9,5,381,184,197
KLEBERG COUNTY,273,8 Years,454,234,220,64,34,30,15,9,6,17,11,6,358,180,178
KLEBERG COUNTY,273,9 Years,433,229,204,62,32,30,12,5,7,16,10,6,343,182,161
KLEBERG COUNTY,273,10 Years,440,227,213,67,37,30,8,4,4,14,7,7,351,179,172
KLEBERG COUNTY,273,11 Years,450,237,213,57,32,25,8,5,3,10,4,6,375,196,179
KLEBERG COUNTY,273,12 Years,442,223,219,56,29,27,10,8,2,7,4,3,369,182,187
KLEBERG COUNTY,273,13 Years,429,203,226,51,26,25,8,4,4,8,2,6,362,171,191
KLEBERG COUNTY,273,14 Years,412,221,191,56,33,23,12,6,6,9,6,3,335,176,159
KLEBERG COUNTY,273,15 Years,398,222,176,55,32,23,14,5,9,3,3,0,326,182,144
KLEBERG COUNTY,273,16 Years,423,232,191,64,35,29,7,4,3,8,4,4,344,189,155
KLEBERG COUNTY,273,17 Years,486,231,255,79,36,43,9,4,5,8,2,6,390,189,201
KLEBERG COUNTY,273,18 Years,718,371,347,99,52,47,39,24,15,10,4,6,570,291,279
KLEBERG COUNTY,273,19 Years,1083,617,466,185,108,77,86,58,28,15,12,3,797,439,358
KLEBERG COUNTY,273,20 Years,794,443,351,146,91,55,44,31,13,10,7,3,594,314,280
KLEBERG COUNTY,273,21 Years,866,489,377,174,111,63,34,23,11,34,20,14,624,335,289
KLEBERG COUNTY,273,22 Years,844,485,359,170,103,67,21,13,8,57,40,17,596,329,267
KLEBERG COUNTY,273,23 Years,868,489,379,198,120,78,30,23,7,87,56,31,553,290,263
KLEBERG COUNTY,273,24 Years,786,431,355,198,108,90,26,19,7,73,50,23,489,254,235
KLEBERG COUNTY,273,25 Years,642,353,289,153,93,60,37,24,13,53,43,10,399,193,206
KLEBERG COUNTY,273,26 Years,526,277,249,124,75,49,34,19,15,38,26,12,330,157,173
KLEBERG COUNTY,273,27 Years,498,257,241,115,66,49,24,16,8,42,27,15,317,148,169
KLEBERG COUNTY,273,28 Years,479,251,228,110,64,46,22,16,6,34,23,11,313,148,165
KLEBERG COUNTY,273,29 Years,477,239,238,110,57,53,26,15,11,26,15,11,315,152,163
KLEBERG COUNTY,273,30 Years,432,235,197,106,56,50,25,17,8,26,16,10,275,146,129
KLEBERG COUNTY,273,31 Years,418,232,186,87,51,36,14,10,4,25,17,8,292,154,138
KLEBERG COUNTY,273,32 Years,354,185,169,79,41,38,15,10,5,15,9,6,245,125,120
KLEBERG COUNTY,273,33 Years,343,180,163,67,37,30,10,8,2,13,6,7,253,129,124
KLEBERG COUNTY,273,34 Years,346,184,162,85,52,33,7,5,2,14,7,7,240,120,120
KLEBERG COUNTY,273,35 Years,289,148,141,69,35,34,9,6,3,11,7,4,200,100,100
KLEBERG COUNTY,273,36 Years,298,142,156,72,36,36,8,5,3,11,5,6,207,96,111
KLEBERG COUNTY,273,37 Years,296,149,147,59,33,26,7,4,3,11,5,6,219,107,112
KLEBERG COUNTY,273,38 Years,279,140,139,51,25,26,8,2,6,10,7,3,210,106,104
KLEBERG COUNTY,273,39 Years,327,181,146,68,42,26,11,5,6,10,7,3,238,127,111
KLEBERG COUNTY,273,40 Years,332,166,166,67,37,30,13,10,3,8,4,4,244,115,129
KLEBERG COUNTY,273,41 Years,322,152,170,65,28,37,9,6,3,12,5,7,236,113,123
KLEBERG COUNTY,273,42 Years,336,167,169,66,32,34,10,7,3,11,5,6,249,123,126
KLEBERG COUNTY,273,43 Years,343,184,159,78,38,40,16,11,5,10,4,6,239,131,108
KLEBERG COUNTY,273,44 Years,330,149,181,76,32,44,11,6,5,7,2,5,236,109,127
KLEBERG COUNTY,273,45 Years,316,156,160,66,37,29,6,0,6,6,4,2,238,115,123
KLEBERG COUNTY,273,46 Years,316,158,158,63,36,27,10,0,10,8,3,5,235,119,116
KLEBERG COUNTY,273,47 Years,283,141,142,56,31,25,9,3,6,8,5,3,210,102,108
KLEBERG COUNTY,273,48 Years,308,151,157,72,35,37,8,1,7,10,5,5,218,110,108
KLEBERG COUNTY,273,49 Years,345,160,185,77,41,36,8,4,4,11,6,5,249,109,140
KLEBERG COUNTY,273,50 Years,364,186,178,80,41,39,11,5,6,6,3,3,267,137,130
KLEBERG COUNTY,273,51 Years,381,181,200,91,39,52,11,7,4,10,5,5,269,130,139
KLEBERG COUNTY,273,52 Years,341,166,175,90,42,48,11,6,5,7,3,4,233,115,118
KLEBERG COUNTY,273,53 Years,346,176,170,99,51,48,6,4,2,6,3,3,235,118,117
KLEBERG COUNTY,273,54 Years,351,189,162,101,53,48,9,7,2,6,3,3,235,126,109
KLEBERG COUNTY,273,55 Years,313,150,163,92,39,53,9,4,5,7,4,3,205,103,102
KLEBERG COUNTY,273,56 Years,340,173,167,107,58,49,11,4,7,10,7,3,212,104,108
KLEBERG COUNTY,273,57 Years,352,174,178,96,48,48,10,6,4,8,4,4,238,116,122
KLEBERG COUNTY,273,58 Years,356,169,187,101,45,56,9,3,6,8,4,4,238,117,121
KLEBERG COUNTY,273,59 Years,378,175,203,108,50,58,13,6,7,6,2,4,251,117,134
KLEBERG COUNTY,273,60 Years,346,159,187,98,46,52,7,1,6,6,0,6,235,112,123
KLEBERG COUNTY,273,61 Years,306,160,146,97,50,47,7,5,2,7,2,5,195,103,92
KLEBERG COUNTY,273,62 Years,305,158,147,100,53,47,6,4,2,3,0,3,196,101,95
KLEBERG COUNTY,273,63 Years,287,134,153,80,44,36,6,4,2,5,1,4,196,85,111
KLEBERG COUNTY,273,64 Years,301,152,149,101,58,43,8,3,5,7,5,2,185,86,99
KLEBERG COUNTY,273,65 Years,291,147,144,97,50,47,9,5,4,7,4,3,178,88,90
KLEBERG COUNTY,273,66 Years,276,121,155,80,36,44,3,1,2,6,0,6,187,84,103
KLEBERG COUNTY,273,67 Years,279,134,145,84,42,42,5,4,1,4,0,4,186,88,98
KLEBERG COUNTY,273,68 Years,260,128,132,88,46,42,8,4,4,5,3,2,159,75,84
KLEBERG COUNTY,273,69 Years,259,129,130,77,35,42,13,7,6,5,2,3,164,85,79
KLEBERG COUNTY,273,70 Years,233,104,129,71,29,42,10,7,3,5,1,4,147,67,80
KLEBERG COUNTY,273,71 Years,218,97,121,70,32,38,7,3,4,4,2,2,137,60,77
KLEBERG COUNTY,273,72 Years,198,99,99,79,40,39,5,2,3,5,3,2,109,54,55
KLEBERG COUNTY,273,73 Years,170,89,81,71,43,28,5,2,3,3,2,1,91,42,49
KLEBERG COUNTY,273,74 Years,181,88,93,70,41,29,6,2,4,4,2,2,101,43,58
KLEBERG COUNTY,273,75 Years,198,85,113,73,36,37,3,2,1,9,6,3,113,41,72
KLEBERG COUNTY,273,76 Years,164,69,95,54,28,26,9,5,4,4,2,2,97,34,63
KLEBERG COUNTY,273,77 Years,159,73,86,54,28,26,8,4,4,2,1,1,95,40,55
KLEBERG COUNTY,273,78 Years,152,65,87,50,25,25,3,2,1,2,1,1,97,37,60
KLEBERG COUNTY,273,79 Years,143,62,81,44,25,19,2,1,1,1,0,1,96,36,60
KLEBERG COUNTY,273,80 Years,118,57,61,39,22,17,3,3,0,2,2,0,74,30,44
KLEBERG COUNTY,273,81 Years,111,53,58,39,21,18,1,0,1,3,1,2,68,31,37
KLEBERG COUNTY,273,82 Years,103,47,56,39,17,22,2,1,1,2,1,1,60,28,32
KLEBERG COUNTY,273,83 Years,101,41,60,40,17,23,1,1,0,0,0,0,60,23,37
KLEBERG COUNTY,273,84 Years,87,36,51,38,16,22,1,1,0,0,0,0,48,19,29
KLEBERG COUNTY,273,85 Years +,461,177,284,169,68,101,11,2,9,9,3,6,272,104,168
KNOX COUNTY,275,All Ages,3794,1888,1906,2282,1131,1151,213,95,118,65,37,28,1234,625,609
KNOX COUNTY,275,< 1 Year,53,26,27,20,11,9,2,1,1,0,0,0,31,14,17
KNOX COUNTY,275,1 Years,55,26,29,20,11,9,1,0,1,0,0,0,34,15,19
KNOX COUNTY,275,2 Years,49,23,26,20,10,10,1,0,1,0,0,0,28,13,15
KNOX COUNTY,275,3 Years,50,27,23,20,12,8,1,0,1,0,0,0,29,15,14
KNOX COUNTY,275,4 Years,58,25,33,23,8,15,1,1,0,2,0,2,32,16,16
KNOX COUNTY,275,5 Years,56,35,21,27,12,15,1,1,0,2,2,0,26,20,6
KNOX COUNTY,275,6 Years,60,31,29,29,12,17,0,0,0,4,3,1,27,16,11
KNOX COUNTY,275,7 Years,59,28,31,31,13,18,1,1,0,2,2,0,25,12,13
KNOX COUNTY,275,8 Years,49,23,26,19,12,7,2,2,0,3,1,2,25,8,17
KNOX COUNTY,275,9 Years,57,28,29,28,15,13,4,3,1,1,0,1,24,10,14
KNOX COUNTY,275,10 Years,46,22,24,22,9,13,2,1,1,2,1,1,20,11,9
KNOX COUNTY,275,11 Years,47,21,26,18,10,8,1,0,1,2,0,2,26,11,15
KNOX COUNTY,275,12 Years,52,23,29,27,14,13,5,1,4,1,0,1,19,8,11
KNOX COUNTY,275,13 Years,58,37,21,25,15,10,9,4,5,1,1,0,23,17,6
KNOX COUNTY,275,14 Years,56,28,28,27,12,15,8,5,3,1,1,0,20,10,10
KNOX COUNTY,275,15 Years,61,27,34,34,14,20,6,3,3,3,1,2,18,9,9
KNOX COUNTY,275,16 Years,47,19,28,24,9,15,5,3,2,1,0,1,17,7,10
KNOX COUNTY,275,17 Years,42,20,22,16,6,10,3,2,1,0,0,0,23,12,11
KNOX COUNTY,275,18 Years,51,26,25,24,11,13,3,2,1,1,1,0,23,12,11
KNOX COUNTY,275,19 Years,46,25,21,21,12,9,6,3,3,1,1,0,18,9,9
KNOX COUNTY,275,20 Years,41,21,20,18,9,9,6,2,4,2,2,0,15,8,7
KNOX COUNTY,275,21 Years,51,27,24,20,11,9,3,2,1,3,2,1,25,12,13
KNOX COUNTY,275,22 Years,53,26,27,25,14,11,8,5,3,1,0,1,19,7,12
KNOX COUNTY,275,23 Years,40,16,24,16,6,10,5,2,3,2,1,1,17,7,10
KNOX COUNTY,275,24 Years,34,15,19,15,8,7,1,0,1,2,1,1,16,6,10
KNOX COUNTY,275,25 Years,27,15,12,15,9,6,2,2,0,0,0,0,10,4,6
KNOX COUNTY,275,26 Years,28,14,14,15,7,8,0,0,0,0,0,0,13,7,6
KNOX COUNTY,275,27 Years,31,16,15,21,11,10,0,0,0,0,0,0,10,5,5
KNOX COUNTY,275,28 Years,40,19,21,25,16,9,3,1,2,0,0,0,12,2,10
KNOX COUNTY,275,29 Years,49,28,21,29,17,12,3,3,0,1,1,0,16,7,9
KNOX COUNTY,275,30 Years,39,20,19,24,12,12,3,1,2,2,1,1,10,6,4
KNOX COUNTY,275,31 Years,44,24,20,25,14,11,4,2,2,0,0,0,15,8,7
KNOX COUNTY,275,32 Years,33,16,17,18,9,9,1,1,0,0,0,0,14,6,8
KNOX COUNTY,275,33 Years,42,22,20,25,13,12,2,0,2,1,1,0,14,8,6
KNOX COUNTY,275,34 Years,43,24,19,25,13,12,0,0,0,0,0,0,18,11,7
KNOX COUNTY,275,35 Years,32,15,17,18,8,10,2,0,2,1,1,0,11,6,5
KNOX COUNTY,275,36 Years,42,25,17,23,13,10,3,2,1,1,1,0,15,9,6
KNOX COUNTY,275,37 Years,41,24,17,28,17,11,1,1,0,0,0,0,12,6,6
KNOX COUNTY,275,38 Years,35,20,15,21,12,9,1,1,0,0,0,0,13,7,6
KNOX COUNTY,275,39 Years,45,24,21,23,13,10,2,1,1,0,0,0,20,10,10
KNOX COUNTY,275,40 Years,35,19,16,18,10,8,2,1,1,0,0,0,15,8,7
KNOX COUNTY,275,41 Years,36,17,19,24,11,13,3,1,2,0,0,0,9,5,4
KNOX COUNTY,275,42 Years,31,13,18,16,5,11,2,0,2,1,1,0,12,7,5
KNOX COUNTY,275,43 Years,47,19,28,25,10,15,2,1,1,2,1,1,18,7,11
KNOX COUNTY,275,44 Years,51,25,26,35,18,17,1,1,0,0,0,0,15,6,9
KNOX COUNTY,275,45 Years,38,19,19,22,11,11,4,1,3,0,0,0,12,7,5
KNOX COUNTY,275,46 Years,41,20,21,24,13,11,5,1,4,0,0,0,12,6,6
KNOX COUNTY,275,47 Years,39,20,19,21,12,9,4,1,3,0,0,0,14,7,7
KNOX COUNTY,275,48 Years,42,23,19,23,11,12,4,2,2,1,1,0,14,9,5
KNOX COUNTY,275,49 Years,52,28,24,30,14,16,5,3,2,1,1,0,16,10,6
KNOX COUNTY,275,50 Years,45,24,21,26,12,14,3,2,1,0,0,0,16,10,6
KNOX COUNTY,275,51 Years,41,20,21,24,11,13,4,2,2,2,0,2,11,7,4
KNOX COUNTY,275,52 Years,44,25,19,27,16,11,4,2,2,2,2,0,11,5,6
KNOX COUNTY,275,53 Years,52,29,23,38,23,15,4,2,2,0,0,0,10,4,6
KNOX COUNTY,275,54 Years,57,30,27,43,22,21,1,0,1,0,0,0,13,8,5
KNOX COUNTY,275,55 Years,61,31,30,39,22,17,2,0,2,0,0,0,20,9,11
KNOX COUNTY,275,56 Years,57,31,26,40,21,19,1,0,1,0,0,0,16,10,6
KNOX COUNTY,275,57 Years,50,28,22,34,18,16,2,0,2,0,0,0,14,10,4
KNOX COUNTY,275,58 Years,53,30,23,39,22,17,2,1,1,0,0,0,12,7,5
KNOX COUNTY,275,59 Years,52,27,25,37,20,17,1,0,1,1,0,1,13,7,6
KNOX COUNTY,275,60 Years,47,25,22,31,16,15,2,0,2,1,0,1,13,9,4
KNOX COUNTY,275,61 Years,37,22,15,25,15,10,1,0,1,1,0,1,10,7,3
KNOX COUNTY,275,62 Years,57,30,27,45,25,20,2,0,2,1,0,1,9,5,4
KNOX COUNTY,275,63 Years,39,23,16,30,17,13,2,1,1,1,1,0,6,4,2
KNOX COUNTY,275,64 Years,42,21,21,30,15,15,4,1,3,1,1,0,7,4,3
KNOX COUNTY,275,65 Years,36,17,19,29,14,15,2,1,1,0,0,0,5,2,3
KNOX COUNTY,275,66 Years,38,19,19,25,12,13,3,1,2,0,0,0,10,6,4
KNOX COUNTY,275,67 Years,45,21,24,35,18,17,2,0,2,2,1,1,6,2,4
KNOX COUNTY,275,68 Years,40,22,18,32,19,13,1,0,1,0,0,0,7,3,4
KNOX COUNTY,275,69 Years,39,19,20,31,15,16,2,0,2,1,1,0,5,3,2
KNOX COUNTY,275,70 Years,45,18,27,31,13,18,4,1,3,0,0,0,10,4,6
KNOX COUNTY,275,71 Years,32,14,18,25,11,14,2,1,1,1,0,1,4,2,2
KNOX COUNTY,275,72 Years,31,16,15,27,14,13,1,1,0,0,0,0,3,1,2
KNOX COUNTY,275,73 Years,29,17,12,26,16,10,1,1,0,0,0,0,2,0,2
KNOX COUNTY,275,74 Years,35,15,20,27,12,15,0,0,0,0,0,0,8,3,5
KNOX COUNTY,275,75 Years,35,14,21,26,11,15,1,0,1,0,0,0,8,3,5
KNOX COUNTY,275,76 Years,37,16,21,29,11,18,0,0,0,1,1,0,7,4,3
KNOX COUNTY,275,77 Years,39,16,23,30,11,19,1,1,0,0,0,0,8,4,4
KNOX COUNTY,275,78 Years,36,13,23,29,10,19,2,1,1,0,0,0,5,2,3
KNOX COUNTY,275,79 Years,35,14,21,25,9,16,3,2,1,0,0,0,7,3,4
KNOX COUNTY,275,80 Years,29,11,18,23,10,13,1,0,1,0,0,0,5,1,4
KNOX COUNTY,275,81 Years,24,10,14,19,8,11,0,0,0,1,0,1,4,2,2
KNOX COUNTY,275,82 Years,21,10,11,17,6,11,1,1,0,0,0,0,3,3,0
KNOX COUNTY,275,83 Years,23,12,11,17,9,8,2,1,1,0,0,0,4,2,2
KNOX COUNTY,275,84 Years,21,10,11,15,8,7,1,0,1,1,1,0,4,1,3
KNOX COUNTY,275,85 Years +,136,54,82,114,44,70,4,1,3,0,0,0,18,9,9
LAMAR COUNTY,277,All Ages,50382,24467,25915,37193,18114,19079,6806,3163,3643,2505,1182,1323,3878,2008,1870
LAMAR COUNTY,277,< 1 Year,662,333,329,412,204,208,96,50,46,71,36,35,83,43,40
LAMAR COUNTY,277,1 Years,657,332,325,403,203,200,96,48,48,72,36,36,86,45,41
LAMAR COUNTY,277,2 Years,642,331,311,389,196,193,89,47,42,76,39,37,88,49,39
LAMAR COUNTY,277,3 Years,656,345,311,400,207,193,96,52,44,72,37,35,88,49,39
LAMAR COUNTY,277,4 Years,630,315,315,395,205,190,93,48,45,58,25,33,84,37,47
LAMAR COUNTY,277,5 Years,654,327,327,395,198,197,107,57,50,59,30,29,93,42,51
LAMAR COUNTY,277,6 Years,670,346,324,404,204,200,104,61,43,59,33,26,103,48,55
LAMAR COUNTY,277,7 Years,667,340,327,398,210,188,105,56,49,63,31,32,101,43,58
LAMAR COUNTY,277,8 Years,658,332,326,398,204,194,96,51,45,53,27,26,111,50,61
LAMAR COUNTY,277,9 Years,691,346,345,435,221,214,92,42,50,53,24,29,111,59,52
LAMAR COUNTY,277,10 Years,651,333,318,402,207,195,102,54,48,47,22,25,100,50,50
LAMAR COUNTY,277,11 Years,659,333,326,421,213,208,97,47,50,46,22,24,95,51,44
LAMAR COUNTY,277,12 Years,625,319,306,395,206,189,104,49,55,41,19,22,85,45,40
LAMAR COUNTY,277,13 Years,681,365,316,443,243,200,98,51,47,39,20,19,101,51,50
LAMAR COUNTY,277,14 Years,697,355,342,461,234,227,99,55,44,39,20,19,98,46,52
LAMAR COUNTY,277,15 Years,700,346,354,461,231,230,100,48,52,46,23,23,93,44,49
LAMAR COUNTY,277,16 Years,691,345,346,455,228,227,108,52,56,37,17,20,91,48,43
LAMAR COUNTY,277,17 Years,706,361,345,467,243,224,116,59,57,43,21,22,80,38,42
LAMAR COUNTY,277,18 Years,687,353,334,455,232,223,101,58,43,51,24,27,80,39,41
LAMAR COUNTY,277,19 Years,626,319,307,404,197,207,108,61,47,39,21,18,75,40,35
LAMAR COUNTY,277,20 Years,633,323,310,417,206,211,101,50,51,43,23,20,72,44,28
LAMAR COUNTY,277,21 Years,628,343,285,417,232,185,109,54,55,37,20,17,65,37,28
LAMAR COUNTY,277,22 Years,686,363,323,463,253,210,123,62,61,37,15,22,63,33,30
LAMAR COUNTY,277,23 Years,740,352,388,490,241,249,133,58,75,45,18,27,72,35,37
LAMAR COUNTY,277,24 Years,760,366,394,509,243,266,143,64,79,44,21,23,64,38,26
LAMAR COUNTY,277,25 Years,669,310,359,479,222,257,106,46,60,33,15,18,51,27,24
LAMAR COUNTY,277,26 Years,620,301,319,433,215,218,97,42,55,35,14,21,55,30,25
LAMAR COUNTY,277,27 Years,588,294,294,418,206,212,76,33,43,33,19,14,61,36,25
LAMAR COUNTY,277,28 Years,557,283,274,379,189,190,91,45,46,27,18,9,60,31,29
LAMAR COUNTY,277,29 Years,527,271,256,364,189,175,81,36,45,21,13,8,61,33,28
LAMAR COUNTY,277,30 Years,491,250,241,343,183,160,72,29,43,21,10,11,55,28,27
LAMAR COUNTY,277,31 Years,514,249,265,357,177,180,78,32,46,23,9,14,56,31,25
LAMAR COUNTY,277,32 Years,504,243,261,353,171,182,71,31,40,22,9,13,58,32,26
LAMAR COUNTY,277,33 Years,500,250,250,364,184,180,56,21,35,26,13,13,54,32,22
LAMAR COUNTY,277,34 Years,552,271,281,387,195,192,77,33,44,23,11,12,65,32,33
LAMAR COUNTY,277,35 Years,542,264,278,379,185,194,89,41,48,24,14,10,50,24,26
LAMAR COUNTY,277,36 Years,530,262,268,361,178,183,85,37,48,26,13,13,58,34,24
LAMAR COUNTY,277,37 Years,554,278,276,370,190,180,91,39,52,30,16,14,63,33,30
LAMAR COUNTY,277,38 Years,547,274,273,385,202,183,84,40,44,28,11,17,50,21,29
LAMAR COUNTY,277,39 Years,572,280,292,398,198,200,90,41,49,26,10,16,58,31,27
LAMAR COUNTY,277,40 Years,546,269,277,403,193,210,80,42,38,20,11,9,43,23,20
LAMAR COUNTY,277,41 Years,546,254,292,387,182,205,82,35,47,25,11,14,52,26,26
LAMAR COUNTY,277,42 Years,594,287,307,438,213,225,93,40,53,21,11,10,42,23,19
LAMAR COUNTY,277,43 Years,647,305,342,486,231,255,95,40,55,29,13,16,37,21,16
LAMAR COUNTY,277,44 Years,694,324,370,524,247,277,95,43,52,34,13,21,41,21,20
LAMAR COUNTY,277,45 Years,688,332,356,517,250,267,100,43,57,30,12,18,41,27,14
LAMAR COUNTY,277,46 Years,665,323,342,495,248,247,101,44,57,31,11,20,38,20,18
LAMAR COUNTY,277,47 Years,646,314,332,487,240,247,96,43,53,32,12,20,31,19,12
LAMAR COUNTY,277,48 Years,624,305,319,480,236,244,89,44,45,29,11,18,26,14,12
LAMAR COUNTY,277,49 Years,664,335,329,520,270,250,93,45,48,23,9,14,28,11,17
LAMAR COUNTY,277,50 Years,704,335,369,555,276,279,105,41,64,22,10,12,22,8,14
LAMAR COUNTY,277,51 Years,702,335,367,558,268,290,97,45,52,23,10,13,24,12,12
LAMAR COUNTY,277,52 Years,695,334,361,560,270,290,85,38,47,26,12,14,24,14,10
LAMAR COUNTY,277,53 Years,676,324,352,543,262,281,91,43,48,20,9,11,22,10,12
LAMAR COUNTY,277,54 Years,721,343,378,570,269,301,101,51,50,28,13,15,22,10,12
LAMAR COUNTY,277,55 Years,668,327,341,518,257,261,99,43,56,23,11,12,28,16,12
LAMAR COUNTY,277,56 Years,716,353,363,566,281,285,94,41,53,29,15,14,27,16,11
LAMAR COUNTY,277,57 Years,692,329,363,549,262,287,96,41,55,28,13,15,19,13,6
LAMAR COUNTY,277,58 Years,660,324,336,535,265,270,88,40,48,20,7,13,17,12,5
LAMAR COUNTY,277,59 Years,658,325,333,519,262,257,94,42,52,25,8,17,20,13,7
LAMAR COUNTY,277,60 Years,603,297,306,483,246,237,83,32,51,18,9,9,19,10,9
LAMAR COUNTY,277,61 Years,592,288,304,488,242,246,66,28,38,23,9,14,15,9,6
LAMAR COUNTY,277,62 Years,604,278,326,506,233,273,67,26,41,15,7,8,16,12,4
LAMAR COUNTY,277,63 Years,612,293,319,505,246,259,71,29,42,21,11,10,15,7,8
LAMAR COUNTY,277,64 Years,631,303,328,530,252,278,56,29,27,26,12,14,19,10,9
LAMAR COUNTY,277,65 Years,647,289,358,549,249,300,57,23,34,27,10,17,14,7,7
LAMAR COUNTY,277,66 Years,572,262,310,488,224,264,54,23,31,19,8,11,11,7,4
LAMAR COUNTY,277,67 Years,606,287,319,527,251,276,49,24,25,17,6,11,13,6,7
LAMAR COUNTY,277,68 Years,531,254,277,463,221,242,43,22,21,13,5,8,12,6,6
LAMAR COUNTY,277,69 Years,535,250,285,473,224,249,45,18,27,10,5,5,7,3,4
LAMAR COUNTY,277,70 Years,552,252,300,480,222,258,46,18,28,15,8,7,11,4,7
LAMAR COUNTY,277,71 Years,525,248,277,463,223,240,42,15,27,12,6,6,8,4,4
LAMAR COUNTY,277,72 Years,477,234,243,423,208,215,35,14,21,11,7,4,8,5,3
LAMAR COUNTY,277,73 Years,446,202,244,400,180,220,33,15,18,8,3,5,5,4,1
LAMAR COUNTY,277,74 Years,419,182,237,380,167,213,27,11,16,5,1,4,7,3,4
LAMAR COUNTY,277,75 Years,381,177,204,340,162,178,29,10,19,7,2,5,5,3,2
LAMAR COUNTY,277,76 Years,378,178,200,341,166,175,25,9,16,8,2,6,4,1,3
LAMAR COUNTY,277,77 Years,341,156,185,304,142,162,27,11,16,5,1,4,5,2,3
LAMAR COUNTY,277,78 Years,288,127,161,257,116,141,21,8,13,7,2,5,3,1,2
LAMAR COUNTY,277,79 Years,291,128,163,258,116,142,20,6,14,10,4,6,3,2,1
LAMAR COUNTY,277,80 Years,276,123,153,243,110,133,19,7,12,7,4,3,7,2,5
LAMAR COUNTY,277,81 Years,239,100,139,201,84,117,29,12,17,3,2,1,6,2,4
LAMAR COUNTY,277,82 Years,224,90,134,199,80,119,20,7,13,3,2,1,2,1,1
LAMAR COUNTY,277,83 Years,204,81,123,178,70,108,18,8,10,5,1,4,3,2,1
LAMAR COUNTY,277,84 Years,174,74,100,155,65,90,13,6,7,3,2,1,3,1,2
LAMAR COUNTY,277,85 Years +,1004,334,670,890,288,602,77,28,49,21,12,9,16,6,10
LAMB COUNTY,279,All Ages,13475,6758,6717,5390,2641,2749,548,278,270,229,104,125,7308,3735,3573
LAMB COUNTY,279,< 1 Year,196,100,96,39,20,19,8,5,3,20,12,8,129,63,66
LAMB COUNTY,279,1 Years,196,98,98,42,21,21,8,4,4,20,11,9,126,62,64
LAMB COUNTY,279,2 Years,203,105,98,50,25,25,7,4,3,15,10,5,131,66,65
LAMB COUNTY,279,3 Years,209,101,108,50,24,26,6,4,2,10,5,5,143,68,75
LAMB COUNTY,279,4 Years,240,127,113,57,36,21,8,4,4,5,2,3,170,85,85
LAMB COUNTY,279,5 Years,215,111,104,50,24,26,7,2,5,6,3,3,152,82,70
LAMB COUNTY,279,6 Years,200,105,95,47,21,26,9,4,5,3,1,2,141,79,62
LAMB COUNTY,279,7 Years,216,112,104,57,27,30,9,5,4,5,2,3,145,78,67
LAMB COUNTY,279,8 Years,210,106,104,52,22,30,11,8,3,4,2,2,143,74,69
LAMB COUNTY,279,9 Years,211,102,109,52,24,28,10,6,4,5,2,3,144,70,74
LAMB COUNTY,279,10 Years,206,98,108,53,24,29,8,4,4,4,3,1,141,67,74
LAMB COUNTY,279,11 Years,207,114,93,51,26,25,10,6,4,3,2,1,143,80,63
LAMB COUNTY,279,12 Years,215,114,101,53,26,27,14,8,6,4,0,4,144,80,64
LAMB COUNTY,279,13 Years,206,103,103,58,28,30,14,8,6,3,0,3,131,67,64
LAMB COUNTY,279,14 Years,217,107,110,67,29,38,7,2,5,4,1,3,139,75,64
LAMB COUNTY,279,15 Years,214,111,103,67,30,37,13,7,6,3,2,1,131,72,59
LAMB COUNTY,279,16 Years,207,112,95,66,40,26,11,4,7,2,1,1,128,67,61
LAMB COUNTY,279,17 Years,210,118,92,72,47,25,11,6,5,3,1,2,124,64,60
LAMB COUNTY,279,18 Years,198,114,84,64,40,24,5,3,2,1,0,1,128,71,57
LAMB COUNTY,279,19 Years,200,114,86,61,33,28,5,4,1,3,2,1,131,75,56
LAMB COUNTY,279,20 Years,217,126,91,68,42,26,7,3,4,5,4,1,137,77,60
LAMB COUNTY,279,21 Years,205,116,89,65,37,28,9,5,4,3,3,0,128,71,57
LAMB COUNTY,279,22 Years,195,100,95,59,31,28,9,3,6,3,0,3,124,66,58
LAMB COUNTY,279,23 Years,159,88,71,45,24,21,7,3,4,2,0,2,105,61,44
LAMB COUNTY,279,24 Years,163,84,79,48,24,24,5,2,3,2,0,2,108,58,50
LAMB COUNTY,279,25 Years,153,85,68,49,26,23,1,0,1,2,0,2,101,59,42
LAMB COUNTY,279,26 Years,159,83,76,50,26,24,6,5,1,2,0,2,101,52,49
LAMB COUNTY,279,27 Years,138,70,68,30,15,15,4,3,1,2,1,1,102,51,51
LAMB COUNTY,279,28 Years,136,73,63,40,23,17,5,3,2,1,0,1,90,47,43
LAMB COUNTY,279,29 Years,129,55,74,36,17,19,8,5,3,1,1,0,84,32,52
LAMB COUNTY,279,30 Years,141,66,75,42,25,17,8,3,5,0,0,0,91,38,53
LAMB COUNTY,279,31 Years,164,78,86,61,28,33,7,1,6,1,1,0,95,48,47
LAMB COUNTY,279,32 Years,145,77,68,45,24,21,7,4,3,1,1,0,92,48,44
LAMB COUNTY,279,33 Years,144,77,67,42,21,21,7,4,3,1,0,1,94,52,42
LAMB COUNTY,279,34 Years,162,80,82,50,24,26,7,3,4,2,0,2,103,53,50
LAMB COUNTY,279,35 Years,147,70,77,48,22,26,8,4,4,1,0,1,90,44,46
LAMB COUNTY,279,36 Years,146,69,77,44,20,24,9,4,5,3,1,2,90,44,46
LAMB COUNTY,279,37 Years,146,79,67,56,32,24,5,1,4,1,1,0,84,45,39
LAMB COUNTY,279,38 Years,130,67,63,47,24,23,5,1,4,1,1,0,77,41,36
LAMB COUNTY,279,39 Years,137,68,69,46,24,22,5,1,4,1,1,0,85,42,43
LAMB COUNTY,279,40 Years,123,58,65,46,21,25,6,3,3,1,1,0,70,33,37
LAMB COUNTY,279,41 Years,128,66,62,53,26,27,2,1,1,0,0,0,73,39,34
LAMB COUNTY,279,42 Years,114,56,58,42,24,18,2,0,2,0,0,0,70,32,38
LAMB COUNTY,279,43 Years,137,66,71,51,23,28,2,2,0,1,0,1,83,41,42
LAMB COUNTY,279,44 Years,163,84,79,55,27,28,5,2,3,1,0,1,102,55,47
LAMB COUNTY,279,45 Years,155,77,78,49,27,22,7,4,3,1,1,0,98,45,53
LAMB COUNTY,279,46 Years,163,80,83,58,28,30,4,2,2,4,1,3,97,49,48
LAMB COUNTY,279,47 Years,161,86,75,71,37,34,7,4,3,1,1,0,82,44,38
LAMB COUNTY,279,48 Years,157,79,78,60,33,27,4,1,3,0,0,0,93,45,48
LAMB COUNTY,279,49 Years,152,63,89,55,23,32,7,2,5,1,0,1,89,38,51
LAMB COUNTY,279,50 Years,184,91,93,75,37,38,10,8,2,4,0,4,95,46,49
LAMB COUNTY,279,51 Years,190,88,102,93,41,52,9,5,4,3,0,3,85,42,43
LAMB COUNTY,279,52 Years,180,89,91,83,38,45,9,4,5,2,1,1,86,46,40
LAMB COUNTY,279,53 Years,179,91,88,96,54,42,8,2,6,3,2,1,72,33,39
LAMB COUNTY,279,54 Years,181,88,93,111,57,54,5,3,2,4,2,2,61,26,35
LAMB COUNTY,279,55 Years,172,83,89,90,46,44,12,8,4,2,1,1,68,28,40
LAMB COUNTY,279,56 Years,174,90,84,90,48,42,12,5,7,4,1,3,68,36,32
LAMB COUNTY,279,57 Years,173,98,75,100,55,45,9,6,3,3,1,2,61,36,25
LAMB COUNTY,279,58 Years,191,103,88,100,54,46,6,4,2,6,3,3,79,42,37
LAMB COUNTY,279,59 Years,173,88,85,102,53,49,5,2,3,3,1,2,63,32,31
LAMB COUNTY,279,60 Years,177,93,84,99,49,50,5,2,3,2,1,1,71,41,30
LAMB COUNTY,279,61 Years,160,86,74,88,47,41,6,4,2,3,1,2,63,34,29
LAMB COUNTY,279,62 Years,153,83,70,88,44,44,6,3,3,1,1,0,58,35,23
LAMB COUNTY,279,63 Years,129,72,57,75,42,33,4,2,2,1,0,1,49,28,21
LAMB COUNTY,279,64 Years,132,62,70,72,34,38,3,1,2,1,1,0,56,26,30
LAMB COUNTY,279,65 Years,128,58,70,76,32,44,6,5,1,0,0,0,46,21,25
LAMB COUNTY,279,66 Years,115,53,62,64,28,36,7,4,3,0,0,0,44,21,23
LAMB COUNTY,279,67 Years,112,56,56,66,34,32,5,3,2,0,0,0,41,19,22
LAMB COUNTY,279,68 Years,122,52,70,59,29,30,7,3,4,2,0,2,54,20,34
LAMB COUNTY,279,69 Years,110,49,61,57,23,34,3,1,2,2,1,1,48,24,24
LAMB COUNTY,279,70 Years,110,56,54,65,30,35,2,2,0,1,0,1,42,24,18
LAMB COUNTY,279,71 Years,106,52,54,61,30,31,5,2,3,1,0,1,39,20,19
LAMB COUNTY,279,72 Years,106,47,59,68,28,40,2,1,1,1,0,1,35,18,17
LAMB COUNTY,279,73 Years,96,41,55,63,26,37,4,2,2,1,1,0,28,12,16
LAMB COUNTY,279,74 Years,99,45,54,64,30,34,2,0,2,2,1,1,31,14,17
LAMB COUNTY,279,75 Years,90,47,43,59,31,28,4,2,2,1,1,0,26,13,13
LAMB COUNTY,279,76 Years,93,43,50,60,28,32,5,3,2,0,0,0,28,12,16
LAMB COUNTY,279,77 Years,78,34,44,50,19,31,2,1,1,0,0,0,26,14,12
LAMB COUNTY,279,78 Years,89,38,51,59,26,33,3,1,2,0,0,0,27,11,16
LAMB COUNTY,279,79 Years,90,38,52,66,28,38,1,0,1,1,0,1,22,10,12
LAMB COUNTY,279,80 Years,86,37,49,61,25,36,2,2,0,1,0,1,22,10,12
LAMB COUNTY,279,81 Years,67,29,38,51,22,29,2,1,1,0,0,0,14,6,8
LAMB COUNTY,279,82 Years,69,25,44,48,17,31,2,0,2,1,0,1,18,8,10
LAMB COUNTY,279,83 Years,70,27,43,52,19,33,2,1,1,0,0,0,16,7,9
LAMB COUNTY,279,84 Years,64,22,42,47,16,31,4,2,2,1,0,1,12,4,8
LAMB COUNTY,279,85 Years +,282,106,176,213,76,137,13,6,7,4,3,1,52,21,31
LAMPASAS COUNTY,281,All Ages,20565,10171,10394,14938,7341,7597,580,300,280,1003,444,559,4044,2086,1958
LAMPASAS COUNTY,281,< 1 Year,249,130,119,133,70,63,5,3,2,39,21,18,72,36,36
LAMPASAS COUNTY,281,1 Years,246,124,122,137,71,66,5,3,2,37,16,21,67,34,33
LAMPASAS COUNTY,281,2 Years,245,124,121,140,73,67,3,1,2,28,11,17,74,39,35
LAMPASAS COUNTY,281,3 Years,252,127,125,134,68,66,3,1,2,32,15,17,83,43,40
LAMPASAS COUNTY,281,4 Years,253,140,113,139,78,61,3,2,1,23,11,12,88,49,39
LAMPASAS COUNTY,281,5 Years,255,133,122,157,79,78,5,2,3,19,12,7,74,40,34
LAMPASAS COUNTY,281,6 Years,259,132,127,155,74,81,4,2,2,22,13,9,78,43,35
LAMPASAS COUNTY,281,7 Years,282,137,145,167,80,87,4,3,1,24,14,10,87,40,47
LAMPASAS COUNTY,281,8 Years,273,128,145,152,70,82,2,1,1,20,11,9,99,46,53
LAMPASAS COUNTY,281,9 Years,278,139,139,168,83,85,5,3,2,21,12,9,84,41,43
LAMPASAS COUNTY,281,10 Years,268,142,126,175,94,81,5,3,2,18,10,8,70,35,35
LAMPASAS COUNTY,281,11 Years,281,151,130,175,93,82,5,2,3,16,10,6,85,46,39
LAMPASAS COUNTY,281,12 Years,271,137,134,172,90,82,4,2,2,16,8,8,79,37,42
LAMPASAS COUNTY,281,13 Years,257,129,128,175,92,83,1,0,1,14,7,7,67,30,37
LAMPASAS COUNTY,281,14 Years,277,147,130,182,93,89,4,3,1,21,9,12,70,42,28
LAMPASAS COUNTY,281,15 Years,278,147,131,180,96,84,7,4,3,20,9,11,71,38,33
LAMPASAS COUNTY,281,16 Years,284,146,138,192,103,89,10,4,6,16,6,10,66,33,33
LAMPASAS COUNTY,281,17 Years,311,148,163,206,96,110,8,2,6,19,11,8,78,39,39
LAMPASAS COUNTY,281,18 Years,305,159,146,194,104,90,11,3,8,16,10,6,84,42,42
LAMPASAS COUNTY,281,19 Years,298,142,156,187,92,95,14,4,10,14,6,8,83,40,43
LAMPASAS COUNTY,281,20 Years,273,148,125,163,91,72,11,5,6,16,10,6,83,42,41
LAMPASAS COUNTY,281,21 Years,258,129,129,158,79,79,17,7,10,12,7,5,71,36,35
LAMPASAS COUNTY,281,22 Years,254,142,112,155,83,72,10,5,5,16,9,7,73,45,28
LAMPASAS COUNTY,281,23 Years,230,127,103,134,72,62,8,6,2,13,7,6,75,42,33
LAMPASAS COUNTY,281,24 Years,198,108,90,129,71,58,12,4,8,4,2,2,53,31,22
LAMPASAS COUNTY,281,25 Years,189,91,98,131,60,71,7,3,4,3,2,1,48,26,22
LAMPASAS COUNTY,281,26 Years,192,102,90,125,64,61,4,4,0,7,4,3,56,30,26
LAMPASAS COUNTY,281,27 Years,198,100,98,126,66,60,5,4,1,10,4,6,57,26,31
LAMPASAS COUNTY,281,28 Years,205,113,92,133,72,61,5,3,2,8,4,4,59,34,25
LAMPASAS COUNTY,281,29 Years,192,83,109,138,57,81,6,2,4,6,1,5,42,23,19
LAMPASAS COUNTY,281,30 Years,189,92,97,133,62,71,6,4,2,5,1,4,45,25,20
LAMPASAS COUNTY,281,31 Years,209,111,98,149,80,69,3,1,2,5,1,4,52,29,23
LAMPASAS COUNTY,281,32 Years,233,115,118,173,87,86,3,2,1,3,1,2,54,25,29
LAMPASAS COUNTY,281,33 Years,221,108,113,173,85,88,4,1,3,4,1,3,40,21,19
LAMPASAS COUNTY,281,34 Years,222,107,115,164,82,82,2,1,1,9,4,5,47,20,27
LAMPASAS COUNTY,281,35 Years,204,100,104,146,72,74,3,3,0,10,5,5,45,20,25
LAMPASAS COUNTY,281,36 Years,225,106,119,161,77,84,4,1,3,10,3,7,50,25,25
LAMPASAS COUNTY,281,37 Years,222,112,110,164,81,83,3,2,1,9,5,4,46,24,22
LAMPASAS COUNTY,281,38 Years,211,105,106,156,76,80,4,3,1,11,6,5,40,20,20
LAMPASAS COUNTY,281,39 Years,226,106,120,165,79,86,6,3,3,12,5,7,43,19,24
LAMPASAS COUNTY,281,40 Years,243,120,123,179,83,96,6,5,1,12,6,6,46,26,20
LAMPASAS COUNTY,281,41 Years,240,119,121,178,87,91,7,5,2,9,5,4,46,22,24
LAMPASAS COUNTY,281,42 Years,241,119,122,176,84,92,7,5,2,12,6,6,46,24,22
LAMPASAS COUNTY,281,43 Years,262,119,143,196,90,106,12,6,6,11,4,7,43,19,24
LAMPASAS COUNTY,281,44 Years,295,143,152,230,114,116,9,5,4,11,6,5,45,18,27
LAMPASAS COUNTY,281,45 Years,292,144,148,221,114,107,10,5,5,12,3,9,49,22,27
LAMPASAS COUNTY,281,46 Years,271,139,132,200,106,94,12,5,7,12,3,9,47,25,22
LAMPASAS COUNTY,281,47 Years,288,136,152,218,105,113,13,5,8,14,6,8,43,20,23
LAMPASAS COUNTY,281,48 Years,299,142,157,220,100,120,19,12,7,10,5,5,50,25,25
LAMPASAS COUNTY,281,49 Years,335,173,162,253,128,125,17,10,7,8,3,5,57,32,25
LAMPASAS COUNTY,281,50 Years,346,183,163,272,142,130,14,9,5,8,3,5,52,29,23
LAMPASAS COUNTY,281,51 Years,306,151,155,234,112,122,8,5,3,9,5,4,55,29,26
LAMPASAS COUNTY,281,52 Years,323,174,149,236,119,117,10,7,3,11,6,5,66,42,24
LAMPASAS COUNTY,281,53 Years,322,166,156,258,128,130,8,5,3,11,5,6,45,28,17
LAMPASAS COUNTY,281,54 Years,294,147,147,231,114,117,7,4,3,10,5,5,46,24,22
LAMPASAS COUNTY,281,55 Years,320,148,172,248,114,134,10,4,6,12,2,10,50,28,22
LAMPASAS COUNTY,281,56 Years,306,148,158,237,110,127,14,8,6,9,3,6,46,27,19
LAMPASAS COUNTY,281,57 Years,297,154,143,231,121,110,11,3,8,10,3,7,45,27,18
LAMPASAS COUNTY,281,58 Years,297,143,154,231,107,124,12,6,6,14,3,11,40,27,13
LAMPASAS COUNTY,281,59 Years,295,135,160,232,110,122,14,5,9,15,4,11,34,16,18
LAMPASAS COUNTY,281,60 Years,264,118,146,219,100,119,7,2,5,9,4,5,29,12,17
LAMPASAS COUNTY,281,61 Years,275,135,140,221,113,108,13,8,5,9,1,8,32,13,19
LAMPASAS COUNTY,281,62 Years,264,127,137,207,101,106,10,5,5,14,2,12,33,19,14
LAMPASAS COUNTY,281,63 Years,254,115,139,198,90,108,6,4,2,19,7,12,31,14,17
LAMPASAS COUNTY,281,64 Years,266,129,137,217,106,111,8,3,5,14,7,7,27,13,14
LAMPASAS COUNTY,281,65 Years,250,119,131,206,98,108,9,4,5,10,4,6,25,13,12
LAMPASAS COUNTY,281,66 Years,266,134,132,221,116,105,9,5,4,10,2,8,26,11,15
LAMPASAS COUNTY,281,67 Years,253,131,122,212,107,105,7,4,3,6,1,5,28,19,9
LAMPASAS COUNTY,281,68 Years,202,108,94,175,90,85,7,6,1,3,0,3,17,12,5
LAMPASAS COUNTY,281,69 Years,198,96,102,166,81,85,5,3,2,9,3,6,18,9,9
LAMPASAS COUNTY,281,70 Years,211,95,116,185,85,100,6,3,3,10,3,7,10,4,6
LAMPASAS COUNTY,281,71 Years,219,98,121,191,85,106,11,6,5,6,1,5,11,6,5
LAMPASAS COUNTY,281,72 Years,202,94,108,172,79,93,8,5,3,5,1,4,17,9,8
LAMPASAS COUNTY,281,73 Years,173,79,94,151,68,83,5,3,2,2,1,1,15,7,8
LAMPASAS COUNTY,281,74 Years,158,77,81,137,66,71,3,2,1,2,1,1,16,8,8
LAMPASAS COUNTY,281,75 Years,152,69,83,133,63,70,1,1,0,7,1,6,11,4,7
LAMPASAS COUNTY,281,76 Years,132,58,74,116,50,66,2,1,1,8,3,5,6,4,2
LAMPASAS COUNTY,281,77 Years,127,61,66,111,52,59,2,2,0,3,1,2,11,6,5
LAMPASAS COUNTY,281,78 Years,137,59,78,116,52,64,3,1,2,2,1,1,16,5,11
LAMPASAS COUNTY,281,79 Years,116,57,59,100,49,51,2,1,1,4,2,2,10,5,5
LAMPASAS COUNTY,281,80 Years,84,36,48,72,31,41,0,0,0,4,3,1,8,2,6
LAMPASAS COUNTY,281,81 Years,86,45,41,74,40,34,1,0,1,3,2,1,8,3,5
LAMPASAS COUNTY,281,82 Years,86,44,42,75,40,35,0,0,0,2,1,1,9,3,6
LAMPASAS COUNTY,281,83 Years,74,40,34,66,37,29,0,0,0,2,0,2,6,3,3
LAMPASAS COUNTY,281,84 Years,73,35,38,66,31,35,0,0,0,3,1,2,4,3,1
LAMPASAS COUNTY,281,85 Years +,398,142,256,354,128,226,4,0,4,9,1,8,31,13,18
LA SALLE COUNTY,283,All Ages,7609,4541,3068,938,496,442,23,21,2,64,40,24,6584,3984,2600
LA SALLE COUNTY,283,< 1 Year,104,59,45,7,4,3,0,0,0,1,1,0,96,54,42
LA SALLE COUNTY,283,1 Years,103,55,48,5,3,2,0,0,0,2,1,1,96,51,45
LA SALLE COUNTY,283,2 Years,101,53,48,4,2,2,0,0,0,1,0,1,96,51,45
LA SALLE COUNTY,283,3 Years,99,53,46,5,2,3,0,0,0,2,0,2,92,51,41
LA SALLE COUNTY,283,4 Years,87,43,44,5,3,2,1,1,0,0,0,0,81,39,42
LA SALLE COUNTY,283,5 Years,82,33,49,6,3,3,1,1,0,0,0,0,75,29,46
LA SALLE COUNTY,283,6 Years,86,49,37,8,5,3,0,0,0,1,1,0,77,43,34
LA SALLE COUNTY,283,7 Years,79,49,30,7,3,4,0,0,0,0,0,0,72,46,26
LA SALLE COUNTY,283,8 Years,79,39,40,7,3,4,0,0,0,2,1,1,70,35,35
LA SALLE COUNTY,283,9 Years,84,50,34,10,6,4,1,0,1,1,1,0,72,43,29
LA SALLE COUNTY,283,10 Years,82,46,36,9,6,3,2,1,1,0,0,0,71,39,32
LA SALLE COUNTY,283,11 Years,80,34,46,7,4,3,0,0,0,1,0,1,72,30,42
LA SALLE COUNTY,283,12 Years,77,32,45,7,3,4,0,0,0,1,0,1,69,29,40
LA SALLE COUNTY,283,13 Years,78,37,41,8,6,2,0,0,0,0,0,0,70,31,39
LA SALLE COUNTY,283,14 Years,89,43,46,9,5,4,0,0,0,1,1,0,79,37,42
LA SALLE COUNTY,283,15 Years,96,45,51,7,4,3,1,1,0,0,0,0,88,40,48
LA SALLE COUNTY,283,16 Years,89,44,45,6,4,2,0,0,0,0,0,0,83,40,43
LA SALLE COUNTY,283,17 Years,109,62,47,12,8,4,0,0,0,0,0,0,97,54,43
LA SALLE COUNTY,283,18 Years,79,47,32,7,6,1,0,0,0,0,0,0,72,41,31
LA SALLE COUNTY,283,19 Years,113,66,47,6,3,3,0,0,0,0,0,0,107,63,44
LA SALLE COUNTY,283,20 Years,101,59,42,6,3,3,0,0,0,0,0,0,95,56,39
LA SALLE COUNTY,283,21 Years,146,107,39,11,8,3,0,0,0,0,0,0,135,99,36
LA SALLE COUNTY,283,22 Years,127,78,49,9,5,4,1,1,0,1,0,1,116,72,44
LA SALLE COUNTY,283,23 Years,192,155,37,14,8,6,1,1,0,0,0,0,177,146,31
LA SALLE COUNTY,283,24 Years,210,157,53,6,4,2,0,0,0,0,0,0,204,153,51
LA SALLE COUNTY,283,25 Years,212,168,44,11,9,2,1,1,0,1,1,0,199,157,42
LA SALLE COUNTY,283,26 Years,177,140,37,14,7,7,0,0,0,1,1,0,162,132,30
LA SALLE COUNTY,283,27 Years,229,188,41,7,4,3,1,1,0,2,2,0,219,181,38
LA SALLE COUNTY,283,28 Years,214,176,38,6,3,3,1,1,0,4,4,0,203,168,35
LA SALLE COUNTY,283,29 Years,189,154,35,11,6,5,0,0,0,5,5,0,173,143,30
LA SALLE COUNTY,283,30 Years,135,103,32,13,9,4,0,0,0,2,2,0,120,92,28
LA SALLE COUNTY,283,31 Years,131,101,30,9,5,4,0,0,0,0,0,0,122,96,26
LA SALLE COUNTY,283,32 Years,95,67,28,8,5,3,0,0,0,0,0,0,87,62,25
LA SALLE COUNTY,283,33 Years,116,88,28,7,3,4,0,0,0,1,1,0,108,84,24
LA SALLE COUNTY,283,34 Years,78,49,29,7,2,5,0,0,0,1,1,0,70,46,24
LA SALLE COUNTY,283,35 Years,94,59,35,8,3,5,0,0,0,2,2,0,84,54,30
LA SALLE COUNTY,283,36 Years,92,54,38,11,5,6,0,0,0,1,1,0,80,48,32
LA SALLE COUNTY,283,37 Years,88,52,36,8,2,6,0,0,0,0,0,0,80,50,30
LA SALLE COUNTY,283,38 Years,64,34,30,2,0,2,1,1,0,1,1,0,60,32,28
LA SALLE COUNTY,283,39 Years,56,30,26,10,5,5,0,0,0,1,1,0,45,24,21
LA SALLE COUNTY,283,40 Years,65,32,33,8,2,6,0,0,0,0,0,0,57,30,27
LA SALLE COUNTY,283,41 Years,76,53,23,9,7,2,0,0,0,1,0,1,66,46,20
LA SALLE COUNTY,283,42 Years,77,50,27,6,4,2,0,0,0,2,1,1,69,45,24
LA SALLE COUNTY,283,43 Years,84,45,39,12,9,3,0,0,0,2,1,1,70,35,35
LA SALLE COUNTY,283,44 Years,92,51,41,12,7,5,0,0,0,1,1,0,79,43,36
LA SALLE COUNTY,283,45 Years,92,54,38,12,5,7,0,0,0,1,1,0,79,48,31
LA SALLE COUNTY,283,46 Years,86,40,46,13,7,6,0,0,0,1,1,0,72,32,40
LA SALLE COUNTY,283,47 Years,106,62,44,9,5,4,0,0,0,1,0,1,96,57,39
LA SALLE COUNTY,283,48 Years,88,53,35,13,9,4,0,0,0,0,0,0,75,44,31
LA SALLE COUNTY,283,49 Years,78,44,34,9,4,5,1,1,0,0,0,0,68,39,29
LA SALLE COUNTY,283,50 Years,78,45,33,12,6,6,0,0,0,0,0,0,66,39,27
LA SALLE COUNTY,283,51 Years,93,58,35,16,7,9,0,0,0,0,0,0,77,51,26
LA SALLE COUNTY,283,52 Years,71,36,35,13,4,9,0,0,0,0,0,0,58,32,26
LA SALLE COUNTY,283,53 Years,70,32,38,13,8,5,1,1,0,0,0,0,56,23,33
LA SALLE COUNTY,283,54 Years,67,37,30,11,6,5,1,1,0,0,0,0,55,30,25
LA SALLE COUNTY,283,55 Years,87,54,33,17,11,6,2,2,0,1,0,1,67,41,26
LA SALLE COUNTY,283,56 Years,74,32,42,11,6,5,0,0,0,1,0,1,62,26,36
LA SALLE COUNTY,283,57 Years,62,28,34,8,3,5,0,0,0,0,0,0,54,25,29
LA SALLE COUNTY,283,58 Years,57,27,30,10,4,6,0,0,0,0,0,0,47,23,24
LA SALLE COUNTY,283,59 Years,66,28,38,15,8,7,0,0,0,0,0,0,51,20,31
LA SALLE COUNTY,283,60 Years,63,25,38,11,2,9,0,0,0,0,0,0,52,23,29
LA SALLE COUNTY,283,61 Years,75,37,38,9,4,5,0,0,0,1,1,0,65,32,33
LA SALLE COUNTY,283,62 Years,72,40,32,15,6,9,1,1,0,0,0,0,56,33,23
LA SALLE COUNTY,283,63 Years,81,36,45,15,6,9,1,1,0,1,0,1,64,29,35
LA SALLE COUNTY,283,64 Years,78,33,45,13,5,8,0,0,0,2,1,1,63,27,36
LA SALLE COUNTY,283,65 Years,74,42,32,20,11,9,0,0,0,1,1,0,53,30,23
LA SALLE COUNTY,283,66 Years,76,48,28,25,15,10,0,0,0,0,0,0,51,33,18
LA SALLE COUNTY,283,67 Years,89,48,41,28,17,11,1,1,0,0,0,0,60,30,30
LA SALLE COUNTY,283,68 Years,80,32,48,25,10,15,0,0,0,1,0,1,54,22,32
LA SALLE COUNTY,283,69 Years,80,37,43,29,13,16,0,0,0,0,0,0,51,24,27
LA SALLE COUNTY,283,70 Years,70,31,39,22,12,10,0,0,0,0,0,0,48,19,29
LA SALLE COUNTY,283,71 Years,59,30,29,20,11,9,0,0,0,1,0,1,38,19,19
LA SALLE COUNTY,283,72 Years,63,29,34,21,10,11,0,0,0,1,0,1,41,19,22
LA SALLE COUNTY,283,73 Years,49,24,25,11,7,4,0,0,0,2,1,1,36,16,20
LA SALLE COUNTY,283,74 Years,45,25,20,11,7,4,0,0,0,1,1,0,33,17,16
LA SALLE COUNTY,283,75 Years,46,24,22,11,7,4,0,0,0,0,0,0,35,17,18
LA SALLE COUNTY,283,76 Years,39,22,17,10,6,4,0,0,0,0,0,0,29,16,13
LA SALLE COUNTY,283,77 Years,38,21,17,9,5,4,0,0,0,1,1,0,28,15,13
LA SALLE COUNTY,283,78 Years,35,13,22,6,1,5,2,2,0,0,0,0,27,10,17
LA SALLE COUNTY,283,79 Years,35,13,22,5,2,3,1,1,0,0,0,0,29,10,19
LA SALLE COUNTY,283,80 Years,39,20,19,11,7,4,0,0,0,0,0,0,28,13,15
LA SALLE COUNTY,283,81 Years,38,21,17,14,8,6,0,0,0,0,0,0,24,13,11
LA SALLE COUNTY,283,82 Years,24,9,15,6,2,4,0,0,0,1,1,0,17,6,11
LA SALLE COUNTY,283,83 Years,22,10,12,6,4,2,0,0,0,0,0,0,16,6,10
LA SALLE COUNTY,283,84 Years,25,11,14,11,5,6,0,0,0,0,0,0,14,6,8
LA SALLE COUNTY,283,85 Years +,103,41,62,25,12,13,0,0,0,4,0,4,74,29,45
LAVACA COUNTY,285,All Ages,19930,9825,10105,14743,7196,7547,1342,673,669,288,142,146,3557,1814,1743
LAVACA COUNTY,285,< 1 Year,211,101,110,121,62,59,15,8,7,6,1,5,69,30,39
LAVACA COUNTY,285,1 Years,214,102,112,123,57,66,17,9,8,4,3,1,70,33,37
LAVACA COUNTY,285,2 Years,205,99,106,116,51,65,16,10,6,5,3,2,68,35,33
LAVACA COUNTY,285,3 Years,210,109,101,116,56,60,18,10,8,6,5,1,70,38,32
LAVACA COUNTY,285,4 Years,225,109,116,120,59,61,23,9,14,6,5,1,76,36,40
LAVACA COUNTY,285,5 Years,219,103,116,121,54,67,14,5,9,7,3,4,77,41,36
LAVACA COUNTY,285,6 Years,257,133,124,145,76,69,22,12,10,5,2,3,85,43,42
LAVACA COUNTY,285,7 Years,287,143,144,162,85,77,27,12,15,2,1,1,96,45,51
LAVACA COUNTY,285,8 Years,270,132,138,159,77,82,20,12,8,6,4,2,85,39,46
LAVACA COUNTY,285,9 Years,262,132,130,150,69,81,19,10,9,8,6,2,85,47,38
LAVACA COUNTY,285,10 Years,262,147,115,161,82,79,20,11,9,7,5,2,74,49,25
LAVACA COUNTY,285,11 Years,250,122,128,151,71,80,18,11,7,8,4,4,73,36,37
LAVACA COUNTY,285,12 Years,240,124,116,148,78,70,16,8,8,7,3,4,69,35,34
LAVACA COUNTY,285,13 Years,255,126,129,162,78,84,23,11,12,2,1,1,68,36,32
LAVACA COUNTY,285,14 Years,254,138,116,158,88,70,30,15,15,5,1,4,61,34,27
LAVACA COUNTY,285,15 Years,257,134,123,176,95,81,20,9,11,6,2,4,55,28,27
LAVACA COUNTY,285,16 Years,252,129,123,176,90,86,12,9,3,5,3,2,59,27,32
LAVACA COUNTY,285,17 Years,266,143,123,177,93,84,16,9,7,8,4,4,65,37,28
LAVACA COUNTY,285,18 Years,252,122,130,169,79,90,17,8,9,5,3,2,61,32,29
LAVACA COUNTY,285,19 Years,230,117,113,152,73,79,19,13,6,3,1,2,56,30,26
LAVACA COUNTY,285,20 Years,217,122,95,139,77,62,21,12,9,5,4,1,52,29,23
LAVACA COUNTY,285,21 Years,229,122,107,145,75,70,25,16,9,7,5,2,52,26,26
LAVACA COUNTY,285,22 Years,229,129,100,156,81,75,22,14,8,3,2,1,48,32,16
LAVACA COUNTY,285,23 Years,184,102,82,119,65,54,17,9,8,3,1,2,45,27,18
LAVACA COUNTY,285,24 Years,177,98,79,114,60,54,12,7,5,4,3,1,47,28,19
LAVACA COUNTY,285,25 Years,173,81,92,107,50,57,12,5,7,4,3,1,50,23,27
LAVACA COUNTY,285,26 Years,156,73,83,95,46,49,16,8,8,2,0,2,43,19,24
LAVACA COUNTY,285,27 Years,170,84,86,114,58,56,14,6,8,3,1,2,39,19,20
LAVACA COUNTY,285,28 Years,175,89,86,109,57,52,14,5,9,2,1,1,50,26,24
LAVACA COUNTY,285,29 Years,173,84,89,110,52,58,8,4,4,2,2,0,53,26,27
LAVACA COUNTY,285,30 Years,172,88,84,106,53,53,9,5,4,3,2,1,54,28,26
LAVACA COUNTY,285,31 Years,196,103,93,129,72,57,14,7,7,3,1,2,50,23,27
LAVACA COUNTY,285,32 Years,199,115,84,122,71,51,17,11,6,1,0,1,59,33,26
LAVACA COUNTY,285,33 Years,177,88,89,112,50,62,15,9,6,1,1,0,49,28,21
LAVACA COUNTY,285,34 Years,184,95,89,114,59,55,12,8,4,0,0,0,58,28,30
LAVACA COUNTY,285,35 Years,193,100,93,120,60,60,14,9,5,2,1,1,57,30,27
LAVACA COUNTY,285,36 Years,188,94,94,126,65,61,12,5,7,3,2,1,47,22,25
LAVACA COUNTY,285,37 Years,165,79,86,111,53,58,11,5,6,3,2,1,40,19,21
LAVACA COUNTY,285,38 Years,195,99,96,123,60,63,20,14,6,6,2,4,46,23,23
LAVACA COUNTY,285,39 Years,205,109,96,141,74,67,11,7,4,6,1,5,47,27,20
LAVACA COUNTY,285,40 Years,200,97,103,146,64,82,11,8,3,4,2,2,39,23,16
LAVACA COUNTY,285,41 Years,197,91,106,144,63,81,15,9,6,2,1,1,36,18,18
LAVACA COUNTY,285,42 Years,210,106,104,154,77,77,16,9,7,0,0,0,40,20,20
LAVACA COUNTY,285,43 Years,222,107,115,156,74,82,20,10,10,1,1,0,45,22,23
LAVACA COUNTY,285,44 Years,227,112,115,164,77,87,17,10,7,2,1,1,44,24,20
LAVACA COUNTY,285,45 Years,229,111,118,178,86,92,17,9,8,2,1,1,32,15,17
LAVACA COUNTY,285,46 Years,229,115,114,175,87,88,15,9,6,4,2,2,35,17,18
LAVACA COUNTY,285,47 Years,248,130,118,189,98,91,17,8,9,2,1,1,40,23,17
LAVACA COUNTY,285,48 Years,238,126,112,184,98,86,17,9,8,5,1,4,32,18,14
LAVACA COUNTY,285,49 Years,277,152,125,222,125,97,16,8,8,4,2,2,35,17,18
LAVACA COUNTY,285,50 Years,265,143,122,212,112,100,11,5,6,5,3,2,37,23,14
LAVACA COUNTY,285,51 Years,283,137,146,225,106,119,15,8,7,3,1,2,40,22,18
LAVACA COUNTY,285,52 Years,292,136,156,241,110,131,18,9,9,4,3,1,29,14,15
LAVACA COUNTY,285,53 Years,285,147,138,241,125,116,18,7,11,3,2,1,23,13,10
LAVACA COUNTY,285,54 Years,285,143,142,240,122,118,20,10,10,1,1,0,24,10,14
LAVACA COUNTY,285,55 Years,288,153,135,245,133,112,13,9,4,4,2,2,26,9,17
LAVACA COUNTY,285,56 Years,309,142,167,252,120,132,17,6,11,3,1,2,37,15,22
LAVACA COUNTY,285,57 Years,302,134,168,247,113,134,15,3,12,5,2,3,35,16,19
LAVACA COUNTY,285,58 Years,300,154,146,241,126,115,18,8,10,4,2,2,37,18,19
LAVACA COUNTY,285,59 Years,301,155,146,253,132,121,15,6,9,2,1,1,31,16,15
LAVACA COUNTY,285,60 Years,308,142,166,262,118,144,17,11,6,1,0,1,28,13,15
LAVACA COUNTY,285,61 Years,301,144,157,259,127,132,19,8,11,1,0,1,22,9,13
LAVACA COUNTY,285,62 Years,305,149,156,258,128,130,15,7,8,2,1,1,30,13,17
LAVACA COUNTY,285,63 Years,303,148,155,251,126,125,17,7,10,3,0,3,32,15,17
LAVACA COUNTY,285,64 Years,305,155,150,261,129,132,15,9,6,1,0,1,28,17,11
LAVACA COUNTY,285,65 Years,308,159,149,264,130,134,19,11,8,3,3,0,22,15,7
LAVACA COUNTY,285,66 Years,318,156,162,271,132,139,19,9,10,7,3,4,21,12,9
LAVACA COUNTY,285,67 Years,307,149,158,258,122,136,18,10,8,4,2,2,27,15,12
LAVACA COUNTY,285,68 Years,250,116,134,211,100,111,19,8,11,2,1,1,18,7,11
LAVACA COUNTY,285,69 Years,211,108,103,184,96,88,12,5,7,1,0,1,14,7,7
LAVACA COUNTY,285,70 Years,226,106,120,196,94,102,10,3,7,3,2,1,17,7,10
LAVACA COUNTY,285,71 Years,244,112,132,207,95,112,14,7,7,2,1,1,21,9,12
LAVACA COUNTY,285,72 Years,219,106,113,191,93,98,13,6,7,1,0,1,14,7,7
LAVACA COUNTY,285,73 Years,199,92,107,165,81,84,15,4,11,2,0,2,17,7,10
LAVACA COUNTY,285,74 Years,167,83,84,141,74,67,13,3,10,2,1,1,11,5,6
LAVACA COUNTY,285,75 Years,181,93,88,160,85,75,7,3,4,5,1,4,9,4,5
LAVACA COUNTY,285,76 Years,176,81,95,160,76,84,10,2,8,2,1,1,4,2,2
LAVACA COUNTY,285,77 Years,176,73,103,157,67,90,7,2,5,2,0,2,10,4,6
LAVACA COUNTY,285,78 Years,165,78,87,149,69,80,6,5,1,2,0,2,8,4,4
LAVACA COUNTY,285,79 Years,145,61,84,124,53,71,9,4,5,1,0,1,11,4,7
LAVACA COUNTY,285,80 Years,140,63,77,116,54,62,12,6,6,1,0,1,11,3,8
LAVACA COUNTY,285,81 Years,137,59,78,119,53,66,7,3,4,1,0,1,10,3,7
LAVACA COUNTY,285,82 Years,123,49,74,105,40,65,4,2,2,0,0,0,14,7,7
LAVACA COUNTY,285,83 Years,129,57,72,113,50,63,6,1,5,0,0,0,10,6,4
LAVACA COUNTY,285,84 Years,107,44,63,94,39,55,7,2,5,0,0,0,6,3,3
LAVACA COUNTY,285,85 Years +,658,232,426,583,206,377,33,8,25,5,2,3,37,16,21
LEE COUNTY,287,All Ages,17019,8593,8426,10763,5287,5476,1816,980,836,362,179,183,4078,2147,1931
LEE COUNTY,287,< 1 Year,199,97,102,96,46,50,16,8,8,11,5,6,76,38,38
LEE COUNTY,287,1 Years,195,100,95,95,49,46,15,8,7,12,6,6,73,37,36
LEE COUNTY,287,2 Years,180,92,88,90,45,45,12,6,6,8,4,4,70,37,33
LEE COUNTY,287,3 Years,191,94,97,97,48,49,15,6,9,8,4,4,71,36,35
LEE COUNTY,287,4 Years,207,111,96,102,54,48,17,8,9,5,4,1,83,45,38
LEE COUNTY,287,5 Years,209,101,108,100,45,55,18,9,9,5,4,1,86,43,43
LEE COUNTY,287,6 Years,213,104,109,100,47,53,19,9,10,8,6,2,86,42,44
LEE COUNTY,287,7 Years,224,107,117,105,43,62,14,8,6,11,7,4,94,49,45
LEE COUNTY,287,8 Years,221,102,119,102,42,60,10,4,6,16,6,10,93,50,43
LEE COUNTY,287,9 Years,212,103,109,108,54,54,16,7,9,14,6,8,74,36,38
LEE COUNTY,287,10 Years,230,107,123,119,58,61,18,9,9,12,5,7,81,35,46
LEE COUNTY,287,11 Years,223,91,132,118,51,67,21,6,15,8,3,5,76,31,45
LEE COUNTY,287,12 Years,217,103,114,117,61,56,16,5,11,9,3,6,75,34,41
LEE COUNTY,287,13 Years,239,128,111,128,70,58,16,9,7,10,4,6,85,45,40
LEE COUNTY,287,14 Years,240,134,106,124,74,50,21,12,9,8,3,5,87,45,42
LEE COUNTY,287,15 Years,248,134,114,135,71,64,28,19,9,9,5,4,76,39,37
LEE COUNTY,287,16 Years,243,126,117,127,69,58,21,10,11,6,4,2,89,43,46
LEE COUNTY,287,17 Years,256,132,124,129,69,60,24,13,11,8,4,4,95,46,49
LEE COUNTY,287,18 Years,265,144,121,137,73,64,25,17,8,6,3,3,97,51,46
LEE COUNTY,287,19 Years,270,140,130,131,65,66,33,20,13,9,3,6,97,52,45
LEE COUNTY,287,20 Years,272,166,106,119,66,53,41,31,10,7,4,3,105,65,40
LEE COUNTY,287,21 Years,279,169,110,104,55,49,59,41,18,6,4,2,110,69,41
LEE COUNTY,287,22 Years,280,178,102,128,80,48,55,39,16,4,2,2,93,57,36
LEE COUNTY,287,23 Years,203,121,82,96,57,39,29,24,5,3,2,1,75,38,37
LEE COUNTY,287,24 Years,177,106,71,79,50,29,33,22,11,4,3,1,61,31,30
LEE COUNTY,287,25 Years,178,102,76,78,45,33,30,19,11,3,2,1,67,36,31
LEE COUNTY,287,26 Years,168,85,83,91,45,46,18,9,9,4,2,2,55,29,26
LEE COUNTY,287,27 Years,163,88,75,93,44,49,15,9,6,2,1,1,53,34,19
LEE COUNTY,287,28 Years,145,72,73,73,33,40,19,10,9,0,0,0,53,29,24
LEE COUNTY,287,29 Years,162,81,81,101,48,53,16,8,8,2,1,1,43,24,19
LEE COUNTY,287,30 Years,140,74,66,80,40,40,13,6,7,2,1,1,45,27,18
LEE COUNTY,287,31 Years,160,74,86,85,36,49,18,11,7,5,3,2,52,24,28
LEE COUNTY,287,32 Years,178,87,91,109,50,59,19,10,9,2,1,1,48,26,22
LEE COUNTY,287,33 Years,185,93,92,113,53,60,18,12,6,1,0,1,53,28,25
LEE COUNTY,287,34 Years,188,108,80,118,66,52,15,10,5,2,1,1,53,31,22
LEE COUNTY,287,35 Years,191,104,87,122,62,60,10,7,3,2,1,1,57,34,23
LEE COUNTY,287,36 Years,189,93,96,121,56,65,11,7,4,5,3,2,52,27,25
LEE COUNTY,287,37 Years,183,83,100,122,53,69,11,5,6,1,0,1,49,25,24
LEE COUNTY,287,38 Years,171,81,90,110,47,63,13,5,8,1,0,1,47,29,18
LEE COUNTY,287,39 Years,174,89,85,102,52,50,19,9,10,6,3,3,47,25,22
LEE COUNTY,287,40 Years,188,102,86,123,66,57,16,12,4,4,1,3,45,23,22
LEE COUNTY,287,41 Years,196,105,91,129,67,62,18,10,8,1,0,1,48,28,20
LEE COUNTY,287,42 Years,198,99,99,122,63,59,24,12,12,0,0,0,52,24,28
LEE COUNTY,287,43 Years,197,100,97,128,66,62,28,14,14,2,0,2,39,20,19
LEE COUNTY,287,44 Years,212,95,117,133,62,71,28,12,16,4,2,2,47,19,28
LEE COUNTY,287,45 Years,213,100,113,126,58,68,22,11,11,6,2,4,59,29,30
LEE COUNTY,287,46 Years,194,94,100,124,59,65,20,9,11,5,2,3,45,24,21
LEE COUNTY,287,47 Years,206,105,101,137,67,70,19,11,8,2,2,0,48,25,23
LEE COUNTY,287,48 Years,226,111,115,147,76,71,17,8,9,3,1,2,59,26,33
LEE COUNTY,287,49 Years,240,111,129,156,71,85,29,13,16,3,0,3,52,27,25
LEE COUNTY,287,50 Years,235,112,123,168,77,91,27,15,12,4,2,2,36,18,18
LEE COUNTY,287,51 Years,253,118,135,185,82,103,28,14,14,6,4,2,34,18,16
LEE COUNTY,287,52 Years,278,132,146,201,91,110,32,17,15,5,3,2,40,21,19
LEE COUNTY,287,53 Years,281,145,136,190,93,97,38,21,17,2,1,1,51,30,21
LEE COUNTY,287,54 Years,270,130,140,187,88,99,33,16,17,3,1,2,47,25,22
LEE COUNTY,287,55 Years,268,129,139,197,90,107,28,14,14,4,3,1,39,22,17
LEE COUNTY,287,56 Years,273,134,139,196,91,105,26,13,13,4,2,2,47,28,19
LEE COUNTY,287,57 Years,264,140,124,190,94,96,36,22,14,2,1,1,36,23,13
LEE COUNTY,287,58 Years,261,129,132,192,94,98,29,16,13,4,2,2,36,17,19
LEE COUNTY,287,59 Years,269,142,127,211,112,99,26,12,14,2,1,1,30,17,13
LEE COUNTY,287,60 Years,243,132,111,184,99,85,28,15,13,4,1,3,27,17,10
LEE COUNTY,287,61 Years,221,120,101,164,86,78,28,16,12,5,1,4,24,17,7
LEE COUNTY,287,62 Years,211,117,94,163,93,70,29,14,15,2,1,1,17,9,8
LEE COUNTY,287,63 Years,207,108,99,165,85,80,20,10,10,3,2,1,19,11,8
LEE COUNTY,287,64 Years,201,100,101,158,77,81,21,11,10,3,2,1,19,10,9
LEE COUNTY,287,65 Years,195,98,97,160,79,81,19,10,9,2,1,1,14,8,6
LEE COUNTY,287,66 Years,209,99,110,174,82,92,19,7,12,4,3,1,12,7,5
LEE COUNTY,287,67 Years,200,100,100,169,82,87,17,10,7,2,2,0,12,6,6
LEE COUNTY,287,68 Years,164,91,73,135,75,60,15,7,8,1,1,0,13,8,5
LEE COUNTY,287,69 Years,159,86,73,126,67,59,17,10,7,4,3,1,12,6,6
LEE COUNTY,287,70 Years,158,80,78,125,62,63,16,9,7,2,1,1,15,8,7
LEE COUNTY,287,71 Years,160,72,88,128,61,67,16,4,12,4,1,3,12,6,6
LEE COUNTY,287,72 Years,158,77,81,125,57,68,16,10,6,2,1,1,15,9,6
LEE COUNTY,287,73 Years,148,76,72,120,61,59,17,9,8,2,1,1,9,5,4
LEE COUNTY,287,74 Years,130,62,68,110,54,56,12,5,7,1,0,1,7,3,4
LEE COUNTY,287,75 Years,118,51,67,91,40,51,18,8,10,0,0,0,9,3,6
LEE COUNTY,287,76 Years,124,55,69,89,37,52,23,11,12,3,2,1,9,5,4
LEE COUNTY,287,77 Years,113,56,57,88,42,46,14,8,6,2,1,1,9,5,4
LEE COUNTY,287,78 Years,111,47,64,83,37,46,15,6,9,1,0,1,12,4,8
LEE COUNTY,287,79 Years,100,45,55,76,35,41,15,6,9,1,1,0,8,3,5
LEE COUNTY,287,80 Years,78,40,38,64,31,33,11,7,4,0,0,0,3,2,1
LEE COUNTY,287,81 Years,72,31,41,58,28,30,8,2,6,1,0,1,5,1,4
LEE COUNTY,287,82 Years,74,32,42,60,26,34,9,4,5,0,0,0,5,2,3
LEE COUNTY,287,83 Years,65,34,31,52,26,26,8,5,3,1,1,0,4,2,2
LEE COUNTY,287,84 Years,74,27,47,61,22,39,10,5,5,1,0,1,2,0,2
LEE COUNTY,287,85 Years +,336,120,216,289,104,185,34,12,22,0,0,0,13,4,9
LEON COUNTY,289,All Ages,17152,8615,8537,13131,6561,6570,1138,552,586,296,131,165,2587,1371,1216
LEON COUNTY,289,< 1 Year,195,100,95,136,71,65,7,3,4,4,2,2,48,24,24
LEON COUNTY,289,1 Years,204,105,99,145,76,69,7,3,4,7,4,3,45,22,23
LEON COUNTY,289,2 Years,201,103,98,145,74,71,7,4,3,7,4,3,42,21,21
LEON COUNTY,289,3 Years,206,105,101,151,80,71,7,4,3,6,3,3,42,18,24
LEON COUNTY,289,4 Years,204,96,108,147,72,75,8,1,7,5,1,4,44,22,22
LEON COUNTY,289,5 Years,193,105,88,125,70,55,11,5,6,7,4,3,50,26,24
LEON COUNTY,289,6 Years,192,105,87,120,68,52,9,5,4,5,2,3,58,30,28
LEON COUNTY,289,7 Years,199,108,91,129,69,60,7,3,4,2,1,1,61,35,26
LEON COUNTY,289,8 Years,211,106,105,137,68,69,12,7,5,3,1,2,59,30,29
LEON COUNTY,289,9 Years,199,99,100,129,64,65,13,7,6,2,1,1,55,27,28
LEON COUNTY,289,10 Years,194,101,93,123,68,55,9,4,5,5,1,4,57,28,29
LEON COUNTY,289,11 Years,195,83,112,123,51,72,11,7,4,2,1,1,59,24,35
LEON COUNTY,289,12 Years,220,104,116,147,67,80,10,6,4,3,1,2,60,30,30
LEON COUNTY,289,13 Years,213,105,108,132,67,65,19,7,12,4,2,2,58,29,29
LEON COUNTY,289,14 Years,214,109,105,145,74,71,15,9,6,3,1,2,51,25,26
LEON COUNTY,289,15 Years,228,119,109,159,85,74,10,5,5,7,3,4,52,26,26
LEON COUNTY,289,16 Years,234,134,100,162,99,63,17,8,9,5,2,3,50,25,25
LEON COUNTY,289,17 Years,215,118,97,153,84,69,14,8,6,5,2,3,43,24,19
LEON COUNTY,289,18 Years,198,97,101,136,64,72,11,5,6,3,2,1,48,26,22
LEON COUNTY,289,19 Years,201,109,92,129,69,60,12,4,8,4,1,3,56,35,21
LEON COUNTY,289,20 Years,194,102,92,118,62,56,13,5,8,6,1,5,57,34,23
LEON COUNTY,289,21 Years,202,97,105,120,53,67,15,9,6,6,4,2,61,31,30
LEON COUNTY,289,22 Years,188,104,84,115,60,55,13,8,5,4,3,1,56,33,23
LEON COUNTY,289,23 Years,179,97,82,126,63,63,9,5,4,1,1,0,43,28,15
LEON COUNTY,289,24 Years,153,77,76,93,41,52,13,7,6,4,2,2,43,27,16
LEON COUNTY,289,25 Years,145,73,72,93,41,52,8,4,4,3,2,1,41,26,15
LEON COUNTY,289,26 Years,142,75,67,95,50,45,9,4,5,3,1,2,35,20,15
LEON COUNTY,289,27 Years,147,70,77,98,48,50,6,3,3,4,1,3,39,18,21
LEON COUNTY,289,28 Years,163,83,80,113,59,54,12,5,7,1,1,0,37,18,19
LEON COUNTY,289,29 Years,157,79,78,107,50,57,9,6,3,0,0,0,41,23,18
LEON COUNTY,289,30 Years,158,82,76,107,50,57,10,8,2,0,0,0,41,24,17
LEON COUNTY,289,31 Years,148,75,73,99,50,49,11,7,4,1,0,1,37,18,19
LEON COUNTY,289,32 Years,150,80,70,107,57,50,10,6,4,1,0,1,32,17,15
LEON COUNTY,289,33 Years,156,99,57,111,66,45,8,7,1,2,1,1,35,25,10
LEON COUNTY,289,34 Years,178,90,88,118,57,61,8,4,4,5,1,4,47,28,19
LEON COUNTY,289,35 Years,158,72,86,106,47,59,8,4,4,4,0,4,40,21,19
LEON COUNTY,289,36 Years,173,87,86,118,63,55,9,4,5,4,1,3,42,19,23
LEON COUNTY,289,37 Years,180,93,87,134,71,63,13,4,9,1,1,0,32,17,15
LEON COUNTY,289,38 Years,151,73,78,108,56,52,12,4,8,0,0,0,31,13,18
LEON COUNTY,289,39 Years,169,83,86,121,60,61,8,3,5,2,0,2,38,20,18
LEON COUNTY,289,40 Years,162,76,86,117,53,64,15,7,8,1,0,1,29,16,13
LEON COUNTY,289,41 Years,149,73,76,107,50,57,10,6,4,4,2,2,28,15,13
LEON COUNTY,289,42 Years,185,99,86,131,71,60,9,4,5,4,1,3,41,23,18
LEON COUNTY,289,43 Years,185,98,87,140,75,65,10,5,5,6,4,2,29,14,15
LEON COUNTY,289,44 Years,166,74,92,127,53,74,10,6,4,4,2,2,25,13,12
LEON COUNTY,289,45 Years,152,70,82,118,52,66,14,6,8,3,2,1,17,10,7
LEON COUNTY,289,46 Years,168,74,94,128,52,76,16,8,8,1,1,0,23,13,10
LEON COUNTY,289,47 Years,197,94,103,147,67,80,13,8,5,5,4,1,32,15,17
LEON COUNTY,289,48 Years,198,100,98,147,75,72,14,10,4,5,3,2,32,12,20
LEON COUNTY,289,49 Years,254,128,126,188,93,95,19,13,6,5,1,4,42,21,21
LEON COUNTY,289,50 Years,244,119,125,179,88,91,18,8,10,7,4,3,40,19,21
LEON COUNTY,289,51 Years,239,111,128,188,89,99,17,6,11,6,4,2,28,12,16
LEON COUNTY,289,52 Years,245,128,117,193,99,94,21,11,10,3,2,1,28,16,12
LEON COUNTY,289,53 Years,263,141,122,208,110,98,20,13,7,5,2,3,30,16,14
LEON COUNTY,289,54 Years,275,141,134,227,111,116,18,10,8,5,2,3,25,18,7
LEON COUNTY,289,55 Years,252,130,122,215,111,104,16,8,8,3,1,2,18,10,8
LEON COUNTY,289,56 Years,288,150,138,238,123,115,25,15,10,3,2,1,22,10,12
LEON COUNTY,289,57 Years,264,128,136,218,102,116,23,12,11,6,2,4,17,12,5
LEON COUNTY,289,58 Years,237,113,124,194,97,97,19,6,13,4,2,2,20,8,12
LEON COUNTY,289,59 Years,252,143,109,208,120,88,22,11,11,3,1,2,19,11,8
LEON COUNTY,289,60 Years,269,151,118,227,126,101,22,13,9,5,2,3,15,10,5
LEON COUNTY,289,61 Years,251,132,119,217,110,107,17,11,6,3,3,0,14,8,6
LEON COUNTY,289,62 Years,250,123,127,208,102,106,25,10,15,4,2,2,13,9,4
LEON COUNTY,289,63 Years,236,117,119,193,98,95,26,12,14,5,2,3,12,5,7
LEON COUNTY,289,64 Years,256,125,131,220,109,111,20,11,9,9,3,6,7,2,5
LEON COUNTY,289,65 Years,271,126,145,240,114,126,12,5,7,8,1,7,11,6,5
LEON COUNTY,289,66 Years,282,134,148,253,123,130,11,4,7,4,0,4,14,7,7
LEON COUNTY,289,67 Years,277,136,141,250,120,130,14,7,7,3,3,0,10,6,4
LEON COUNTY,289,68 Years,240,120,120,218,109,109,12,5,7,2,1,1,8,5,3
LEON COUNTY,289,69 Years,243,117,126,224,112,112,13,3,10,2,0,2,4,2,2
LEON COUNTY,289,70 Years,260,136,124,235,124,111,15,7,8,2,2,0,8,3,5
LEON COUNTY,289,71 Years,256,131,125,235,118,117,14,9,5,2,1,1,5,3,2
LEON COUNTY,289,72 Years,227,110,117,207,100,107,11,5,6,2,1,1,7,4,3
LEON COUNTY,289,73 Years,211,103,108,190,92,98,15,7,8,1,1,0,5,3,2
LEON COUNTY,289,74 Years,200,101,99,183,93,90,14,6,8,0,0,0,3,2,1
LEON COUNTY,289,75 Years,193,100,93,174,91,83,13,4,9,0,0,0,6,5,1
LEON COUNTY,289,76 Years,160,77,83,144,69,75,11,6,5,1,0,1,4,2,2
LEON COUNTY,289,77 Years,152,70,82,136,62,74,12,6,6,1,0,1,3,2,1
LEON COUNTY,289,78 Years,136,70,66,119,63,56,11,4,7,4,2,2,2,1,1
LEON COUNTY,289,79 Years,133,63,70,117,56,61,12,4,8,2,1,1,2,2,0
LEON COUNTY,289,80 Years,119,58,61,106,54,52,8,2,6,1,0,1,4,2,2
LEON COUNTY,289,81 Years,108,51,57,97,47,50,6,1,5,1,0,1,4,3,1
LEON COUNTY,289,82 Years,92,44,48,82,40,42,7,3,4,0,0,0,3,1,2
LEON COUNTY,289,83 Years,79,35,44,69,30,39,9,4,5,0,0,0,1,1,0
LEON COUNTY,289,84 Years,84,41,43,69,33,36,11,5,6,2,1,1,2,2,0
LEON COUNTY,289,85 Years +,385,152,233,320,131,189,48,13,35,8,4,4,9,4,5
LIBERTY COUNTY,291,All Ages,79376,39084,40292,52680,25782,26898,8257,3898,4359,1967,912,1055,16472,8492,7980
LIBERTY COUNTY,291,< 1 Year,1082,562,520,610,314,296,77,40,37,41,21,20,354,187,167
LIBERTY COUNTY,291,1 Years,1059,555,504,599,312,287,73,39,34,41,25,16,346,179,167
LIBERTY COUNTY,291,2 Years,1031,538,493,582,307,275,72,37,35,44,25,19,333,169,164
LIBERTY COUNTY,291,3 Years,1056,552,504,584,309,275,79,43,36,55,29,26,338,171,167
LIBERTY COUNTY,291,4 Years,1039,513,526,593,302,291,83,45,38,46,17,29,317,149,168
LIBERTY COUNTY,291,5 Years,1077,556,521,624,328,296,83,44,39,47,23,24,323,161,162
LIBERTY COUNTY,291,6 Years,1084,554,530,628,329,299,81,32,49,50,23,27,325,170,155
LIBERTY COUNTY,291,7 Years,1076,536,540,594,303,291,92,35,57,55,20,35,335,178,157
LIBERTY COUNTY,291,8 Years,1050,524,526,603,301,302,87,45,42,51,19,32,309,159,150
LIBERTY COUNTY,291,9 Years,1030,544,486,575,301,274,94,54,40,40,16,24,321,173,148
LIBERTY COUNTY,291,10 Years,1078,561,517,635,330,305,89,47,42,33,12,21,321,172,149
LIBERTY COUNTY,291,11 Years,1093,543,550,627,306,321,106,55,51,29,11,18,331,171,160
LIBERTY COUNTY,291,12 Years,1066,543,523,618,305,313,100,51,49,31,12,19,317,175,142
LIBERTY COUNTY,291,13 Years,1144,600,544,675,358,317,104,53,51,38,21,17,327,168,159
LIBERTY COUNTY,291,14 Years,1145,594,551,698,371,327,92,47,45,32,15,17,323,161,162
LIBERTY COUNTY,291,15 Years,1152,614,538,688,370,318,103,50,53,36,18,18,325,176,149
LIBERTY COUNTY,291,16 Years,1143,613,530,685,372,313,106,52,54,36,21,15,316,168,148
LIBERTY COUNTY,291,17 Years,1135,548,587,676,319,357,115,61,54,36,15,21,308,153,155
LIBERTY COUNTY,291,18 Years,1098,560,538,671,340,331,107,58,49,34,12,22,286,150,136
LIBERTY COUNTY,291,19 Years,1069,545,524,634,320,314,126,65,61,18,9,9,291,151,140
LIBERTY COUNTY,291,20 Years,1044,550,494,608,332,276,116,52,64,22,10,12,298,156,142
LIBERTY COUNTY,291,21 Years,1086,563,523,628,324,304,136,70,66,24,11,13,298,158,140
LIBERTY COUNTY,291,22 Years,1094,537,557,627,305,322,154,70,84,25,16,9,288,146,142
LIBERTY COUNTY,291,23 Years,1087,556,531,622,312,310,148,74,74,21,11,10,296,159,137
LIBERTY COUNTY,291,24 Years,1154,540,614,695,307,388,151,68,83,18,8,10,290,157,133
LIBERTY COUNTY,291,25 Years,1030,512,518,614,294,320,135,65,70,16,9,7,265,144,121
LIBERTY COUNTY,291,26 Years,1049,514,535,615,297,318,148,62,86,23,18,5,263,137,126
LIBERTY COUNTY,291,27 Years,964,463,501,552,252,300,127,60,67,21,15,6,264,136,128
LIBERTY COUNTY,291,28 Years,993,454,539,572,266,306,119,45,74,13,6,7,289,137,152
LIBERTY COUNTY,291,29 Years,1004,489,515,597,281,316,121,61,60,19,8,11,267,139,128
LIBERTY COUNTY,291,30 Years,977,483,494,570,278,292,117,58,59,13,6,7,277,141,136
LIBERTY COUNTY,291,31 Years,1007,473,534,585,276,309,135,57,78,12,6,6,275,134,141
LIBERTY COUNTY,291,32 Years,1045,479,566,617,280,337,131,52,79,13,8,5,284,139,145
LIBERTY COUNTY,291,33 Years,1048,509,539,652,309,343,123,56,67,15,9,6,258,135,123
LIBERTY COUNTY,291,34 Years,1104,555,549,674,336,338,143,69,74,26,16,10,261,134,127
LIBERTY COUNTY,291,35 Years,1052,510,542,641,317,324,123,51,72,23,12,11,265,130,135
LIBERTY COUNTY,291,36 Years,1024,484,540,650,304,346,110,59,51,17,7,10,247,114,133
LIBERTY COUNTY,291,37 Years,1038,514,524,647,319,328,117,67,50,22,9,13,252,119,133
LIBERTY COUNTY,291,38 Years,1079,527,552,691,338,353,113,54,59,21,5,16,254,130,124
LIBERTY COUNTY,291,39 Years,999,471,528,631,293,338,106,58,48,16,7,9,246,113,133
LIBERTY COUNTY,291,40 Years,977,476,501,593,287,306,115,54,61,21,11,10,248,124,124
LIBERTY COUNTY,291,41 Years,1027,466,561,655,294,361,98,41,57,15,7,8,259,124,135
LIBERTY COUNTY,291,42 Years,1139,544,595,748,351,397,120,59,61,14,7,7,257,127,130
LIBERTY COUNTY,291,43 Years,1145,575,570,772,400,372,124,56,68,15,7,8,234,112,122
LIBERTY COUNTY,291,44 Years,1131,539,592,786,385,401,110,44,66,21,9,12,214,101,113
LIBERTY COUNTY,291,45 Years,1119,545,574,786,383,403,118,53,65,22,10,12,193,99,94
LIBERTY COUNTY,291,46 Years,1018,481,537,694,336,358,111,38,73,18,5,13,195,102,93
LIBERTY COUNTY,291,47 Years,1008,480,528,683,329,354,104,39,65,16,7,9,205,105,100
LIBERTY COUNTY,291,48 Years,1071,544,527,711,362,349,133,69,64,23,9,14,204,104,100
LIBERTY COUNTY,291,49 Years,1159,579,580,799,414,385,148,62,86,22,10,12,190,93,97
LIBERTY COUNTY,291,50 Years,1140,567,573,795,394,401,130,57,73,16,6,10,199,110,89
LIBERTY COUNTY,291,51 Years,1132,543,589,817,390,427,120,51,69,27,10,17,168,92,76
LIBERTY COUNTY,291,52 Years,1125,552,573,805,392,413,137,59,78,24,12,12,159,89,70
LIBERTY COUNTY,291,53 Years,1164,579,585,841,413,428,142,68,74,28,11,17,153,87,66
LIBERTY COUNTY,291,54 Years,1205,593,612,874,411,463,147,77,70,27,14,13,157,91,66
LIBERTY COUNTY,291,55 Years,1140,561,579,839,396,443,126,66,60,36,18,18,139,81,58
LIBERTY COUNTY,291,56 Years,1108,570,538,836,429,407,109,51,58,41,21,20,122,69,53
LIBERTY COUNTY,291,57 Years,1062,533,529,813,406,407,104,49,55,39,19,20,106,59,47
LIBERTY COUNTY,291,58 Years,1026,506,520,809,396,413,94,45,49,24,12,12,99,53,46
LIBERTY COUNTY,291,59 Years,1048,513,535,802,399,403,111,50,61,28,11,17,107,53,54
LIBERTY COUNTY,291,60 Years,998,486,512,769,379,390,104,44,60,24,11,13,101,52,49
LIBERTY COUNTY,291,61 Years,966,489,477,744,377,367,107,50,57,21,8,13,94,54,40
LIBERTY COUNTY,291,62 Years,909,444,465,711,335,376,108,59,49,20,9,11,70,41,29
LIBERTY COUNTY,291,63 Years,862,426,436,672,323,349,92,51,41,20,10,10,78,42,36
LIBERTY COUNTY,291,64 Years,861,430,431,699,349,350,84,39,45,15,7,8,63,35,28
LIBERTY COUNTY,291,65 Years,822,384,438,669,316,353,82,43,39,12,4,8,59,21,38
LIBERTY COUNTY,291,66 Years,809,415,394,664,342,322,71,37,34,16,5,11,58,31,27
LIBERTY COUNTY,291,67 Years,789,384,405,662,326,336,61,27,34,14,3,11,52,28,24
LIBERTY COUNTY,291,68 Years,679,341,338,557,277,280,53,27,26,16,7,9,53,30,23
LIBERTY COUNTY,291,69 Years,623,289,334,513,232,281,47,21,26,19,9,10,44,27,17
LIBERTY COUNTY,291,70 Years,626,290,336,531,248,283,46,20,26,13,4,9,36,18,18
LIBERTY COUNTY,291,71 Years,583,280,303,499,243,256,48,20,28,13,7,6,23,10,13
LIBERTY COUNTY,291,72 Years,552,264,288,472,231,241,43,15,28,16,9,7,21,9,12
LIBERTY COUNTY,291,73 Years,483,234,249,406,194,212,39,19,20,13,7,6,25,14,11
LIBERTY COUNTY,291,74 Years,442,223,219,369,190,179,44,22,22,8,2,6,21,9,12
LIBERTY COUNTY,291,75 Years,397,192,205,333,165,168,32,13,19,7,3,4,25,11,14
LIBERTY COUNTY,291,76 Years,352,170,182,297,138,159,27,13,14,9,5,4,19,14,5
LIBERTY COUNTY,291,77 Years,332,165,167,272,134,138,39,19,20,6,2,4,15,10,5
LIBERTY COUNTY,291,78 Years,311,135,176,263,115,148,27,10,17,5,2,3,16,8,8
LIBERTY COUNTY,291,79 Years,282,123,159,235,107,128,28,7,21,5,2,3,14,7,7
LIBERTY COUNTY,291,80 Years,271,113,158,229,94,135,27,11,16,4,2,2,11,6,5
LIBERTY COUNTY,291,81 Years,270,116,154,228,100,128,26,9,17,6,2,4,10,5,5
LIBERTY COUNTY,291,82 Years,239,103,136,193,81,112,24,11,13,6,3,3,16,8,8
LIBERTY COUNTY,291,83 Years,226,97,129,187,74,113,22,12,10,5,4,1,12,7,5
LIBERTY COUNTY,291,84 Years,210,85,125,168,65,103,27,12,15,3,2,1,12,6,6
LIBERTY COUNTY,291,85 Years +,953,322,631,793,263,530,106,38,68,21,6,15,33,15,18
LIMESTONE COUNTY,293,All Ages,23879,12454,11425,14231,7240,6991,4043,2064,1979,535,265,270,5070,2885,2185
LIMESTONE COUNTY,293,< 1 Year,306,158,148,120,58,62,37,18,19,21,15,6,128,67,61
LIMESTONE COUNTY,293,1 Years,313,161,152,134,66,68,38,19,19,22,12,10,119,64,55
LIMESTONE COUNTY,293,2 Years,307,156,151,136,69,67,39,20,19,20,11,9,112,56,56
LIMESTONE COUNTY,293,3 Years,317,158,159,142,71,71,46,24,22,19,8,11,110,55,55
LIMESTONE COUNTY,293,4 Years,311,167,144,130,66,64,54,28,26,15,9,6,112,64,48
LIMESTONE COUNTY,293,5 Years,301,158,143,140,68,72,46,26,20,11,3,8,104,61,43
LIMESTONE COUNTY,293,6 Years,304,149,155,123,58,65,56,29,27,11,4,7,114,58,56
LIMESTONE COUNTY,293,7 Years,315,159,156,127,65,62,60,29,31,15,7,8,113,58,55
LIMESTONE COUNTY,293,8 Years,309,170,139,135,76,59,50,29,21,18,8,10,106,57,49
LIMESTONE COUNTY,293,9 Years,283,157,126,114,62,52,54,29,25,15,8,7,100,58,42
LIMESTONE COUNTY,293,10 Years,289,151,138,132,69,63,61,29,32,8,4,4,88,49,39
LIMESTONE COUNTY,293,11 Years,286,149,137,124,66,58,54,26,28,8,2,6,100,55,45
LIMESTONE COUNTY,293,12 Years,307,167,140,131,70,61,56,29,27,14,5,9,106,63,43
LIMESTONE COUNTY,293,13 Years,317,167,150,150,81,69,61,27,34,9,4,5,97,55,42
LIMESTONE COUNTY,293,14 Years,328,173,155,145,86,59,60,25,35,10,4,6,113,58,55
LIMESTONE COUNTY,293,15 Years,308,163,145,140,80,60,54,30,24,14,6,8,100,47,53
LIMESTONE COUNTY,293,16 Years,302,176,126,148,84,64,46,30,16,12,6,6,96,56,40
LIMESTONE COUNTY,293,17 Years,312,166,146,157,83,74,50,28,22,15,8,7,90,47,43
LIMESTONE COUNTY,293,18 Years,295,153,142,141,73,68,61,31,30,8,5,3,85,44,41
LIMESTONE COUNTY,293,19 Years,285,157,128,132,68,64,65,36,29,6,4,2,82,49,33
LIMESTONE COUNTY,293,20 Years,291,157,134,138,70,68,54,30,24,6,4,2,93,53,40
LIMESTONE COUNTY,293,21 Years,303,162,141,141,77,64,65,39,26,5,1,4,92,45,47
LIMESTONE COUNTY,293,22 Years,329,182,147,163,88,75,70,41,29,4,1,3,92,52,40
LIMESTONE COUNTY,293,23 Years,304,183,121,137,77,60,59,34,25,9,7,2,99,65,34
LIMESTONE COUNTY,293,24 Years,321,191,130,160,94,66,63,34,29,6,2,4,92,61,31
LIMESTONE COUNTY,293,25 Years,334,190,144,170,95,75,71,39,32,7,3,4,86,53,33
LIMESTONE COUNTY,293,26 Years,311,188,123,148,86,62,65,40,25,6,4,2,92,58,34
LIMESTONE COUNTY,293,27 Years,284,162,122,149,77,72,59,38,21,5,4,1,71,43,28
LIMESTONE COUNTY,293,28 Years,287,171,116,156,90,66,56,34,22,2,1,1,73,46,27
LIMESTONE COUNTY,293,29 Years,265,140,125,132,67,65,51,26,25,4,2,2,78,45,33
LIMESTONE COUNTY,293,30 Years,285,172,113,144,87,57,52,28,24,3,1,2,86,56,30
LIMESTONE COUNTY,293,31 Years,304,186,118,152,95,57,55,31,24,7,4,3,90,56,34
LIMESTONE COUNTY,293,32 Years,284,164,120,140,76,64,46,22,24,4,2,2,94,64,30
LIMESTONE COUNTY,293,33 Years,296,171,125,143,82,61,55,28,27,0,0,0,98,61,37
LIMESTONE COUNTY,293,34 Years,309,169,140,159,87,72,57,30,27,1,1,0,92,51,41
LIMESTONE COUNTY,293,35 Years,288,173,115,157,92,65,44,25,19,2,1,1,85,55,30
LIMESTONE COUNTY,293,36 Years,291,162,129,148,85,63,62,27,35,2,2,0,79,48,31
LIMESTONE COUNTY,293,37 Years,251,142,109,136,72,64,48,26,22,3,2,1,64,42,22
LIMESTONE COUNTY,293,38 Years,281,160,121,139,76,63,62,37,25,6,4,2,74,43,31
LIMESTONE COUNTY,293,39 Years,277,159,118,154,87,67,48,26,22,3,2,1,72,44,28
LIMESTONE COUNTY,293,40 Years,237,128,109,129,65,64,35,23,12,3,2,1,70,38,32
LIMESTONE COUNTY,293,41 Years,274,151,123,151,80,71,48,28,20,4,2,2,71,41,30
LIMESTONE COUNTY,293,42 Years,284,154,130,170,88,82,47,26,21,3,1,2,64,39,25
LIMESTONE COUNTY,293,43 Years,284,155,129,169,90,79,51,26,25,8,5,3,56,34,22
LIMESTONE COUNTY,293,44 Years,279,150,129,174,87,87,45,23,22,7,4,3,53,36,17
LIMESTONE COUNTY,293,45 Years,256,134,122,157,79,78,46,26,20,4,2,2,49,27,22
LIMESTONE COUNTY,293,46 Years,264,138,126,161,85,76,42,20,22,5,2,3,56,31,25
LIMESTONE COUNTY,293,47 Years,272,129,143,167,81,86,51,22,29,2,1,1,52,25,27
LIMESTONE COUNTY,293,48 Years,279,146,133,181,90,91,47,25,22,2,1,1,49,30,19
LIMESTONE COUNTY,293,49 Years,326,159,167,212,95,117,53,28,25,5,3,2,56,33,23
LIMESTONE COUNTY,293,50 Years,325,162,163,218,109,109,53,24,29,10,4,6,44,25,19
LIMESTONE COUNTY,293,51 Years,317,177,140,207,121,86,59,30,29,6,1,5,45,25,20
LIMESTONE COUNTY,293,52 Years,340,184,156,228,125,103,61,34,27,3,2,1,48,23,25
LIMESTONE COUNTY,293,53 Years,321,161,160,215,103,112,59,35,24,3,2,1,44,21,23
LIMESTONE COUNTY,293,54 Years,330,158,172,213,100,113,62,30,32,5,2,3,50,26,24
LIMESTONE COUNTY,293,55 Years,337,153,184,214,96,118,77,30,47,5,1,4,41,26,15
LIMESTONE COUNTY,293,56 Years,323,155,168,222,105,117,61,25,36,3,1,2,37,24,13
LIMESTONE COUNTY,293,57 Years,325,165,160,224,116,108,63,29,34,3,2,1,35,18,17
LIMESTONE COUNTY,293,58 Years,344,174,170,253,121,132,58,31,27,7,4,3,26,18,8
LIMESTONE COUNTY,293,59 Years,344,177,167,242,119,123,65,34,31,7,4,3,30,20,10
LIMESTONE COUNTY,293,60 Years,326,161,165,245,119,126,47,23,24,8,3,5,26,16,10
LIMESTONE COUNTY,293,61 Years,297,140,157,212,100,112,53,25,28,5,2,3,27,13,14
LIMESTONE COUNTY,293,62 Years,309,139,170,225,96,129,49,23,26,6,4,2,29,16,13
LIMESTONE COUNTY,293,63 Years,307,147,160,229,109,120,51,23,28,5,4,1,22,11,11
LIMESTONE COUNTY,293,64 Years,287,146,141,217,110,107,49,26,23,5,4,1,16,6,10
LIMESTONE COUNTY,293,65 Years,286,142,144,230,114,116,42,21,21,2,1,1,12,6,6
LIMESTONE COUNTY,293,66 Years,331,164,167,276,134,142,37,17,20,4,3,1,14,10,4
LIMESTONE COUNTY,293,67 Years,314,164,150,258,136,122,39,17,22,3,1,2,14,10,4
LIMESTONE COUNTY,293,68 Years,256,136,120,204,109,95,36,18,18,2,1,1,14,8,6
LIMESTONE COUNTY,293,69 Years,267,134,133,203,102,101,35,16,19,4,2,2,25,14,11
LIMESTONE COUNTY,293,70 Years,278,141,137,225,117,108,35,14,21,3,0,3,15,10,5
LIMESTONE COUNTY,293,71 Years,242,111,131,197,94,103,30,11,19,3,1,2,12,5,7
LIMESTONE COUNTY,293,72 Years,215,100,115,185,90,95,19,6,13,1,1,0,10,3,7
LIMESTONE COUNTY,293,73 Years,214,101,113,180,86,94,22,9,13,3,1,2,9,5,4
LIMESTONE COUNTY,293,74 Years,185,96,89,156,82,74,21,12,9,3,0,3,5,2,3
LIMESTONE COUNTY,293,75 Years,177,85,92,148,71,77,19,10,9,6,3,3,4,1,3
LIMESTONE COUNTY,293,76 Years,139,63,76,118,52,66,17,9,8,1,0,1,3,2,1
LIMESTONE COUNTY,293,77 Years,138,63,75,111,52,59,19,8,11,3,1,2,5,2,3
LIMESTONE COUNTY,293,78 Years,147,63,84,118,51,67,17,7,10,1,0,1,11,5,6
LIMESTONE COUNTY,293,79 Years,143,66,77,117,55,62,18,7,11,2,2,0,6,2,4
LIMESTONE COUNTY,293,80 Years,112,47,65,95,42,53,11,2,9,2,1,1,4,2,2
LIMESTONE COUNTY,293,81 Years,110,48,62,96,41,55,11,5,6,2,1,1,1,1,0
LIMESTONE COUNTY,293,82 Years,97,42,55,78,34,44,13,6,7,2,0,2,4,2,2
LIMESTONE COUNTY,293,83 Years,96,38,58,77,32,45,12,4,8,3,1,2,4,1,3
LIMESTONE COUNTY,293,84 Years,98,40,58,82,34,48,11,4,7,1,0,1,4,2,2
LIMESTONE COUNTY,293,85 Years +,457,168,289,375,144,231,57,15,42,4,1,3,21,8,13
LIPSCOMB COUNTY,295,All Ages,3559,1824,1735,2287,1153,1134,6,1,5,85,34,51,1181,636,545
LIPSCOMB COUNTY,295,< 1 Year,45,25,20,21,11,10,0,0,0,2,1,1,22,13,9
LIPSCOMB COUNTY,295,1 Years,41,23,18,19,10,9,0,0,0,2,1,1,20,12,8
LIPSCOMB COUNTY,295,2 Years,43,25,18,20,10,10,0,0,0,0,0,0,23,15,8
LIPSCOMB COUNTY,295,3 Years,46,27,19,23,13,10,0,0,0,1,1,0,22,13,9
LIPSCOMB COUNTY,295,4 Years,50,30,20,26,15,11,0,0,0,0,0,0,24,15,9
LIPSCOMB COUNTY,295,5 Years,51,28,23,25,16,9,0,0,0,2,1,1,24,11,13
LIPSCOMB COUNTY,295,6 Years,53,25,28,23,13,10,0,0,0,3,1,2,27,11,16
LIPSCOMB COUNTY,295,7 Years,50,23,27,23,9,14,0,0,0,2,1,1,25,13,12
LIPSCOMB COUNTY,295,8 Years,52,26,26,30,18,12,0,0,0,1,1,0,21,7,14
LIPSCOMB COUNTY,295,9 Years,48,18,30,19,9,10,0,0,0,1,0,1,28,9,19
LIPSCOMB COUNTY,295,10 Years,56,27,29,28,12,16,0,0,0,1,0,1,27,15,12
LIPSCOMB COUNTY,295,11 Years,46,21,25,25,10,15,1,0,1,0,0,0,20,11,9
LIPSCOMB COUNTY,295,12 Years,51,24,27,26,11,15,0,0,0,2,0,2,23,13,10
LIPSCOMB COUNTY,295,13 Years,47,20,27,24,11,13,1,0,1,1,0,1,21,9,12
LIPSCOMB COUNTY,295,14 Years,47,20,27,27,10,17,0,0,0,2,1,1,18,9,9
LIPSCOMB COUNTY,295,15 Years,51,22,29,29,14,15,0,0,0,2,1,1,20,7,13
LIPSCOMB COUNTY,295,16 Years,55,27,28,32,16,16,1,0,1,2,1,1,20,10,10
LIPSCOMB COUNTY,295,17 Years,56,29,27,30,14,16,0,0,0,2,1,1,24,14,10
LIPSCOMB COUNTY,295,18 Years,61,31,30,33,18,15,0,0,0,2,1,1,26,12,14
LIPSCOMB COUNTY,295,19 Years,51,26,25,27,16,11,1,0,1,3,2,1,20,8,12
LIPSCOMB COUNTY,295,20 Years,40,21,19,23,13,10,0,0,0,1,0,1,16,8,8
LIPSCOMB COUNTY,295,21 Years,53,27,26,31,16,15,0,0,0,1,1,0,21,10,11
LIPSCOMB COUNTY,295,22 Years,43,23,20,24,15,9,0,0,0,1,0,1,18,8,10
LIPSCOMB COUNTY,295,23 Years,40,22,18,21,12,9,0,0,0,0,0,0,19,10,9
LIPSCOMB COUNTY,295,24 Years,43,23,20,25,13,12,0,0,0,1,0,1,17,10,7
LIPSCOMB COUNTY,295,25 Years,44,26,18,22,16,6,0,0,0,1,0,1,21,10,11
LIPSCOMB COUNTY,295,26 Years,43,25,18,17,10,7,0,0,0,2,0,2,24,15,9
LIPSCOMB COUNTY,295,27 Years,39,22,17,16,6,10,0,0,0,1,0,1,22,16,6
LIPSCOMB COUNTY,295,28 Years,54,33,21,23,15,8,0,0,0,2,0,2,29,18,11
LIPSCOMB COUNTY,295,29 Years,49,27,22,21,14,7,0,0,0,1,0,1,27,13,14
LIPSCOMB COUNTY,295,30 Years,46,27,19,22,12,10,0,0,0,1,1,0,23,14,9
LIPSCOMB COUNTY,295,31 Years,51,32,19,28,14,14,0,0,0,0,0,0,23,18,5
LIPSCOMB COUNTY,295,32 Years,49,33,16,26,15,11,0,0,0,0,0,0,23,18,5
LIPSCOMB COUNTY,295,33 Years,43,26,17,22,13,9,0,0,0,1,0,1,20,13,7
LIPSCOMB COUNTY,295,34 Years,42,26,16,16,9,7,1,0,1,2,2,0,23,15,8
LIPSCOMB COUNTY,295,35 Years,44,27,17,19,12,7,0,0,0,2,1,1,23,14,9
LIPSCOMB COUNTY,295,36 Years,35,14,21,14,5,9,0,0,0,0,0,0,21,9,12
LIPSCOMB COUNTY,295,37 Years,37,14,23,16,6,10,0,0,0,1,0,1,20,8,12
LIPSCOMB COUNTY,295,38 Years,37,16,21,19,8,11,0,0,0,1,0,1,17,8,9
LIPSCOMB COUNTY,295,39 Years,40,22,18,25,14,11,1,1,0,1,1,0,13,6,7
LIPSCOMB COUNTY,295,40 Years,33,19,14,18,11,7,0,0,0,0,0,0,15,8,7
LIPSCOMB COUNTY,295,41 Years,40,21,19,22,11,11,0,0,0,2,1,1,16,9,7
LIPSCOMB COUNTY,295,42 Years,45,21,24,29,14,15,0,0,0,1,0,1,15,7,8
LIPSCOMB COUNTY,295,43 Years,42,18,24,29,12,17,0,0,0,1,0,1,12,6,6
LIPSCOMB COUNTY,295,44 Years,40,24,16,21,9,12,0,0,0,2,1,1,17,14,3
LIPSCOMB COUNTY,295,45 Years,40,24,16,20,10,10,0,0,0,3,2,1,17,12,5
LIPSCOMB COUNTY,295,46 Years,33,17,16,19,9,10,0,0,0,1,0,1,13,8,5
LIPSCOMB COUNTY,295,47 Years,35,19,16,23,11,12,0,0,0,1,1,0,11,7,4
LIPSCOMB COUNTY,295,48 Years,46,24,22,29,15,14,0,0,0,0,0,0,17,9,8
LIPSCOMB COUNTY,295,49 Years,52,25,27,32,14,18,0,0,0,0,0,0,20,11,9
LIPSCOMB COUNTY,295,50 Years,46,26,20,33,17,16,0,0,0,0,0,0,13,9,4
LIPSCOMB COUNTY,295,51 Years,54,28,26,43,23,20,0,0,0,0,0,0,11,5,6
LIPSCOMB COUNTY,295,52 Years,55,25,30,46,23,23,0,0,0,0,0,0,9,2,7
LIPSCOMB COUNTY,295,53 Years,56,23,33,46,20,26,0,0,0,1,0,1,9,3,6
LIPSCOMB COUNTY,295,54 Years,51,29,22,41,24,17,0,0,0,1,0,1,9,5,4
LIPSCOMB COUNTY,295,55 Years,52,25,27,41,19,22,0,0,0,3,2,1,8,4,4
LIPSCOMB COUNTY,295,56 Years,46,20,26,35,16,19,0,0,0,1,0,1,10,4,6
LIPSCOMB COUNTY,295,57 Years,42,21,21,35,18,17,0,0,0,1,0,1,6,3,3
LIPSCOMB COUNTY,295,58 Years,40,22,18,33,19,14,0,0,0,2,0,2,5,3,2
LIPSCOMB COUNTY,295,59 Years,39,19,20,33,13,20,0,0,0,1,1,0,5,5,0
LIPSCOMB COUNTY,295,60 Years,52,24,28,46,21,25,0,0,0,0,0,0,6,3,3
LIPSCOMB COUNTY,295,61 Years,48,28,20,42,25,17,0,0,0,1,0,1,5,3,2
LIPSCOMB COUNTY,295,62 Years,53,35,18,46,31,15,0,0,0,0,0,0,7,4,3
LIPSCOMB COUNTY,295,63 Years,44,21,23,40,20,20,0,0,0,0,0,0,4,1,3
LIPSCOMB COUNTY,295,64 Years,38,17,21,35,16,19,0,0,0,1,0,1,2,1,1
LIPSCOMB COUNTY,295,65 Years,38,21,17,35,19,16,0,0,0,0,0,0,3,2,1
LIPSCOMB COUNTY,295,66 Years,46,25,21,41,23,18,0,0,0,0,0,0,5,2,3
LIPSCOMB COUNTY,295,67 Years,38,22,16,35,20,15,0,0,0,0,0,0,3,2,1
LIPSCOMB COUNTY,295,68 Years,23,12,11,21,10,11,0,0,0,0,0,0,2,2,0
LIPSCOMB COUNTY,295,69 Years,23,11,12,22,11,11,0,0,0,0,0,0,1,0,1
LIPSCOMB COUNTY,295,70 Years,27,10,17,23,8,15,0,0,0,1,1,0,3,1,2
LIPSCOMB COUNTY,295,71 Years,29,12,17,26,11,15,0,0,0,0,0,0,3,1,2
LIPSCOMB COUNTY,295,72 Years,31,13,18,28,12,16,0,0,0,0,0,0,3,1,2
LIPSCOMB COUNTY,295,73 Years,22,12,10,19,10,9,0,0,0,0,0,0,3,2,1
LIPSCOMB COUNTY,295,74 Years,18,10,8,14,7,7,0,0,0,2,2,0,2,1,1
LIPSCOMB COUNTY,295,75 Years,29,13,16,25,11,14,0,0,0,3,2,1,1,0,1
LIPSCOMB COUNTY,295,76 Years,28,13,15,26,13,13,0,0,0,1,0,1,1,0,1
LIPSCOMB COUNTY,295,77 Years,23,10,13,22,9,13,0,0,0,0,0,0,1,1,0
LIPSCOMB COUNTY,295,78 Years,17,9,8,15,9,6,0,0,0,1,0,1,1,0,1
LIPSCOMB COUNTY,295,79 Years,17,9,8,16,9,7,0,0,0,1,0,1,0,0,0
LIPSCOMB COUNTY,295,80 Years,19,10,9,17,8,9,0,0,0,0,0,0,2,2,0
LIPSCOMB COUNTY,295,81 Years,15,6,9,13,5,8,0,0,0,0,0,0,2,1,1
LIPSCOMB COUNTY,295,82 Years,16,7,9,14,6,8,0,0,0,1,0,1,1,1,0
LIPSCOMB COUNTY,295,83 Years,14,6,8,12,5,7,0,0,0,0,0,0,2,1,1
LIPSCOMB COUNTY,295,84 Years,16,5,11,15,5,10,0,0,0,0,0,0,1,0,1
LIPSCOMB COUNTY,295,85 Years +,76,30,46,71,27,44,0,0,0,1,1,0,4,2,2
LIVE OAK COUNTY,297,All Ages,11863,6377,5486,6881,3530,3351,462,440,22,221,129,92,4299,2278,2021
LIVE OAK COUNTY,297,< 1 Year,125,66,59,69,37,32,0,0,0,0,0,0,56,29,27
LIVE OAK COUNTY,297,1 Years,127,67,60,73,37,36,0,0,0,0,0,0,54,30,24
LIVE OAK COUNTY,297,2 Years,121,61,60,66,33,33,0,0,0,1,0,1,54,28,26
LIVE OAK COUNTY,297,3 Years,120,58,62,64,31,33,0,0,0,1,0,1,55,27,28
LIVE OAK COUNTY,297,4 Years,100,46,54,52,23,29,1,1,0,1,0,1,46,22,24
LIVE OAK COUNTY,297,5 Years,126,60,66,63,28,35,1,1,0,2,0,2,60,31,29
LIVE OAK COUNTY,297,6 Years,121,59,62,51,22,29,1,1,0,3,1,2,66,35,31
LIVE OAK COUNTY,297,7 Years,116,61,55,58,30,28,1,0,1,2,1,1,55,30,25
LIVE OAK COUNTY,297,8 Years,127,68,59,71,35,36,1,1,0,1,1,0,54,31,23
LIVE OAK COUNTY,297,9 Years,121,63,58,63,33,30,2,1,1,2,1,1,54,28,26
LIVE OAK COUNTY,297,10 Years,115,57,58,54,28,26,1,0,1,3,1,2,57,28,29
LIVE OAK COUNTY,297,11 Years,119,63,56,56,28,28,0,0,0,2,1,1,61,34,27
LIVE OAK COUNTY,297,12 Years,145,73,72,69,35,34,1,0,1,1,1,0,74,37,37
LIVE OAK COUNTY,297,13 Years,140,75,65,70,39,31,1,1,0,3,1,2,66,34,32
LIVE OAK COUNTY,297,14 Years,144,72,72,73,38,35,1,1,0,4,1,3,66,32,34
LIVE OAK COUNTY,297,15 Years,134,66,68,67,35,32,0,0,0,3,0,3,64,31,33
LIVE OAK COUNTY,297,16 Years,134,71,63,69,36,33,2,1,1,1,0,1,62,34,28
LIVE OAK COUNTY,297,17 Years,154,85,69,85,54,31,3,1,2,4,2,2,62,28,34
LIVE OAK COUNTY,297,18 Years,143,65,78,65,32,33,1,0,1,2,0,2,75,33,42
LIVE OAK COUNTY,297,19 Years,139,71,68,60,28,32,1,1,0,2,2,0,76,40,36
LIVE OAK COUNTY,297,20 Years,170,95,75,73,35,38,5,5,0,5,3,2,87,52,35
LIVE OAK COUNTY,297,21 Years,163,82,81,81,44,37,5,5,0,1,1,0,76,32,44
LIVE OAK COUNTY,297,22 Years,160,84,76,76,37,39,9,9,0,2,2,0,73,36,37
LIVE OAK COUNTY,297,23 Years,136,79,57,55,27,28,9,9,0,3,2,1,69,41,28
LIVE OAK COUNTY,297,24 Years,165,109,56,74,41,33,19,19,0,3,3,0,69,46,23
LIVE OAK COUNTY,297,25 Years,120,67,53,62,31,31,15,15,0,0,0,0,43,21,22
LIVE OAK COUNTY,297,26 Years,135,78,57,61,29,32,25,24,1,5,3,2,44,22,22
LIVE OAK COUNTY,297,27 Years,126,79,47,68,41,27,13,12,1,5,4,1,40,22,18
LIVE OAK COUNTY,297,28 Years,138,94,44,61,41,20,31,29,2,5,5,0,41,19,22
LIVE OAK COUNTY,297,29 Years,162,114,48,71,49,22,18,17,1,5,5,0,68,43,25
LIVE OAK COUNTY,297,30 Years,152,100,52,54,30,24,26,25,1,3,3,0,69,42,27
LIVE OAK COUNTY,297,31 Years,125,85,40,44,24,20,25,25,0,4,4,0,52,32,20
LIVE OAK COUNTY,297,32 Years,139,91,48,50,29,21,23,22,1,2,1,1,64,39,25
LIVE OAK COUNTY,297,33 Years,138,92,46,56,34,22,23,23,0,1,1,0,58,34,24
LIVE OAK COUNTY,297,34 Years,122,75,47,56,28,28,22,22,0,4,4,0,40,21,19
LIVE OAK COUNTY,297,35 Years,139,92,47,61,33,28,15,15,0,2,2,0,61,42,19
LIVE OAK COUNTY,297,36 Years,115,71,44,49,27,22,18,18,0,5,5,0,43,21,22
LIVE OAK COUNTY,297,37 Years,110,68,42,52,29,23,18,18,0,5,4,1,35,17,18
LIVE OAK COUNTY,297,38 Years,170,108,62,87,50,37,11,11,0,2,2,0,70,45,25
LIVE OAK COUNTY,297,39 Years,142,88,54,70,37,33,13,13,0,2,2,0,57,36,21
LIVE OAK COUNTY,297,40 Years,155,96,59,76,44,32,12,12,0,5,4,1,62,36,26
LIVE OAK COUNTY,297,41 Years,137,84,53,51,25,26,7,7,0,3,1,2,76,51,25
LIVE OAK COUNTY,297,42 Years,136,85,51,68,39,29,7,7,0,8,4,4,53,35,18
LIVE OAK COUNTY,297,43 Years,122,77,45,69,42,27,10,10,0,4,2,2,39,23,16
LIVE OAK COUNTY,297,44 Years,140,89,51,57,30,27,16,15,1,4,3,1,63,41,22
LIVE OAK COUNTY,297,45 Years,112,59,53,70,34,36,5,4,1,2,1,1,35,20,15
LIVE OAK COUNTY,297,46 Years,121,60,61,80,39,41,5,5,0,2,1,1,34,15,19
LIVE OAK COUNTY,297,47 Years,114,57,57,58,27,31,6,6,0,0,0,0,50,24,26
LIVE OAK COUNTY,297,48 Years,164,101,63,104,64,40,5,5,0,0,0,0,55,32,23
LIVE OAK COUNTY,297,49 Years,181,103,78,116,60,56,5,5,0,2,2,0,58,36,22
LIVE OAK COUNTY,297,50 Years,176,87,89,119,58,61,3,3,0,1,0,1,53,26,27
LIVE OAK COUNTY,297,51 Years,200,94,106,131,59,72,1,0,1,3,1,2,65,34,31
LIVE OAK COUNTY,297,52 Years,181,99,82,110,53,57,7,7,0,8,5,3,56,34,22
LIVE OAK COUNTY,297,53 Years,176,93,83,121,61,60,2,2,0,1,0,1,52,30,22
LIVE OAK COUNTY,297,54 Years,176,84,92,120,59,61,1,1,0,3,0,3,52,24,28
LIVE OAK COUNTY,297,55 Years,176,97,79,128,73,55,0,0,0,3,0,3,45,24,21
LIVE OAK COUNTY,297,56 Years,187,98,89,123,61,62,0,0,0,1,0,1,63,37,26
LIVE OAK COUNTY,297,57 Years,185,99,86,132,71,61,2,2,0,7,5,2,44,21,23
LIVE OAK COUNTY,297,58 Years,175,81,94,121,58,63,0,0,0,6,4,2,48,19,29
LIVE OAK COUNTY,297,59 Years,163,76,87,117,55,62,1,1,0,2,0,2,43,20,23
LIVE OAK COUNTY,297,60 Years,169,78,91,118,52,66,1,1,0,3,2,1,47,23,24
LIVE OAK COUNTY,297,61 Years,176,87,89,125,58,67,0,0,0,4,2,2,47,27,20
LIVE OAK COUNTY,297,62 Years,173,88,85,131,67,64,1,1,0,2,1,1,39,19,20
LIVE OAK COUNTY,297,63 Years,150,70,80,106,49,57,0,0,0,3,1,2,41,20,21
LIVE OAK COUNTY,297,64 Years,181,94,87,134,73,61,0,0,0,0,0,0,47,21,26
LIVE OAK COUNTY,297,65 Years,151,74,77,114,56,58,0,0,0,1,1,0,36,17,19
LIVE OAK COUNTY,297,66 Years,159,90,69,109,62,47,0,0,0,1,0,1,49,28,21
LIVE OAK COUNTY,297,67 Years,180,102,78,118,63,55,0,0,0,5,3,2,57,36,21
LIVE OAK COUNTY,297,68 Years,133,60,73,87,43,44,0,0,0,5,1,4,41,16,25
LIVE OAK COUNTY,297,69 Years,154,84,70,117,70,47,0,0,0,3,1,2,34,13,21
LIVE OAK COUNTY,297,70 Years,134,65,69,94,47,47,1,0,1,4,2,2,35,16,19
LIVE OAK COUNTY,297,71 Years,112,54,58,88,44,44,1,0,1,2,1,1,21,9,12
LIVE OAK COUNTY,297,72 Years,122,60,62,91,45,46,0,0,0,4,2,2,27,13,14
LIVE OAK COUNTY,297,73 Years,106,50,56,79,38,41,0,0,0,1,0,1,26,12,14
LIVE OAK COUNTY,297,74 Years,103,49,54,68,34,34,1,0,1,0,0,0,34,15,19
LIVE OAK COUNTY,297,75 Years,104,48,56,72,35,37,1,0,1,0,0,0,31,13,18
LIVE OAK COUNTY,297,76 Years,95,47,48,65,34,31,0,0,0,2,1,1,28,12,16
LIVE OAK COUNTY,297,77 Years,92,42,50,63,29,34,0,0,0,2,1,1,27,12,15
LIVE OAK COUNTY,297,78 Years,95,43,52,65,31,34,0,0,0,0,0,0,30,12,18
LIVE OAK COUNTY,297,79 Years,95,46,49,68,34,34,0,0,0,1,1,0,26,11,15
LIVE OAK COUNTY,297,80 Years,80,40,40,58,28,30,0,0,0,2,2,0,20,10,10
LIVE OAK COUNTY,297,81 Years,74,34,40,50,23,27,0,0,0,2,1,1,22,10,12
LIVE OAK COUNTY,297,82 Years,72,38,34,50,27,23,0,0,0,1,1,0,21,10,11
LIVE OAK COUNTY,297,83 Years,65,29,36,47,21,26,0,0,0,1,0,1,17,8,9
LIVE OAK COUNTY,297,84 Years,55,22,33,41,17,24,0,0,0,1,0,1,13,5,8
LIVE OAK COUNTY,297,85 Years +,258,106,152,193,80,113,0,0,0,4,3,1,61,23,38
LLANO COUNTY,299,All Ages,19710,9523,10187,17564,8489,9075,110,68,42,358,160,198,1678,806,872
LLANO COUNTY,299,< 1 Year,167,88,79,128,69,59,2,1,1,5,2,3,32,16,16
LLANO COUNTY,299,1 Years,162,84,78,126,67,59,2,1,1,5,3,2,29,13,16
LLANO COUNTY,299,2 Years,156,84,72,118,63,55,2,2,0,5,3,2,31,16,15
LLANO COUNTY,299,3 Years,154,75,79,115,57,58,2,2,0,5,2,3,32,14,18
LLANO COUNTY,299,4 Years,146,71,75,106,58,48,2,1,1,5,2,3,33,10,23
LLANO COUNTY,299,5 Years,150,80,70,115,61,54,1,1,0,7,4,3,27,14,13
LLANO COUNTY,299,6 Years,189,97,92,144,72,72,1,1,0,8,4,4,36,20,16
LLANO COUNTY,299,7 Years,170,81,89,125,60,65,0,0,0,6,2,4,39,19,20
LLANO COUNTY,299,8 Years,159,81,78,118,66,52,0,0,0,6,2,4,35,13,22
LLANO COUNTY,299,9 Years,160,85,75,129,72,57,1,1,0,3,0,3,27,12,15
LLANO COUNTY,299,10 Years,159,83,76,127,65,62,1,1,0,3,1,2,28,16,12
LLANO COUNTY,299,11 Years,166,90,76,125,69,56,2,2,0,5,3,2,34,16,18
LLANO COUNTY,299,12 Years,194,98,96,151,76,75,4,1,3,6,5,1,33,16,17
LLANO COUNTY,299,13 Years,198,100,98,152,76,76,3,1,2,7,4,3,36,19,17
LLANO COUNTY,299,14 Years,175,82,93,137,66,71,2,1,1,6,2,4,30,13,17
LLANO COUNTY,299,15 Years,185,91,94,150,73,77,3,2,1,6,3,3,26,13,13
LLANO COUNTY,299,16 Years,184,96,88,147,73,74,3,1,2,6,4,2,28,18,10
LLANO COUNTY,299,17 Years,190,97,93,155,81,74,2,1,1,3,2,1,30,13,17
LLANO COUNTY,299,18 Years,182,89,93,146,72,74,2,2,0,4,2,2,30,13,17
LLANO COUNTY,299,19 Years,154,78,76,121,62,59,3,1,2,4,2,2,26,13,13
LLANO COUNTY,299,20 Years,149,82,67,114,63,51,1,0,1,5,4,1,29,15,14
LLANO COUNTY,299,21 Years,140,68,72,113,52,61,1,1,0,3,3,0,23,12,11
LLANO COUNTY,299,22 Years,146,71,75,116,51,65,0,0,0,4,3,1,26,17,9
LLANO COUNTY,299,23 Years,130,61,69,103,48,55,2,1,1,3,1,2,22,11,11
LLANO COUNTY,299,24 Years,132,61,71,104,47,57,2,1,1,2,2,0,24,11,13
LLANO COUNTY,299,25 Years,117,50,67,89,40,49,1,0,1,3,1,2,24,9,15
LLANO COUNTY,299,26 Years,120,61,59,96,49,47,1,0,1,1,0,1,22,12,10
LLANO COUNTY,299,27 Years,124,70,54,96,50,46,0,0,0,2,1,1,26,19,7
LLANO COUNTY,299,28 Years,134,80,54,112,65,47,1,1,0,2,1,1,19,13,6
LLANO COUNTY,299,29 Years,128,67,61,107,55,52,0,0,0,2,2,0,19,10,9
LLANO COUNTY,299,30 Years,142,75,67,118,63,55,2,0,2,5,2,3,17,10,7
LLANO COUNTY,299,31 Years,137,67,70,114,55,59,1,1,0,3,2,1,19,9,10
LLANO COUNTY,299,32 Years,157,76,81,124,58,66,2,2,0,3,3,0,28,13,15
LLANO COUNTY,299,33 Years,163,86,77,135,70,65,2,2,0,6,4,2,20,10,10
LLANO COUNTY,299,34 Years,152,80,72,126,70,56,3,3,0,4,1,3,19,6,13
LLANO COUNTY,299,35 Years,147,77,70,122,67,55,1,1,0,2,0,2,22,9,13
LLANO COUNTY,299,36 Years,122,61,61,100,53,47,3,1,2,3,0,3,16,7,9
LLANO COUNTY,299,37 Years,134,69,65,113,59,54,2,0,2,3,0,3,16,10,6
LLANO COUNTY,299,38 Years,138,66,72,115,56,59,2,1,1,3,0,3,18,9,9
LLANO COUNTY,299,39 Years,144,76,68,122,65,57,2,2,0,3,0,3,17,9,8
LLANO COUNTY,299,40 Years,137,74,63,120,66,54,0,0,0,4,1,3,13,7,6
LLANO COUNTY,299,41 Years,139,67,72,121,60,61,2,1,1,2,1,1,14,5,9
LLANO COUNTY,299,42 Years,167,82,85,147,72,75,3,1,2,3,2,1,14,7,7
LLANO COUNTY,299,43 Years,202,103,99,178,88,90,1,1,0,2,2,0,21,12,9
LLANO COUNTY,299,44 Years,202,101,101,174,91,83,0,0,0,4,3,1,24,7,17
LLANO COUNTY,299,45 Years,189,90,99,169,80,89,1,1,0,3,2,1,16,7,9
LLANO COUNTY,299,46 Years,169,80,89,146,67,79,0,0,0,5,2,3,18,11,7
LLANO COUNTY,299,47 Years,186,88,98,155,76,79,0,0,0,6,1,5,25,11,14
LLANO COUNTY,299,48 Years,211,104,107,181,91,90,0,0,0,6,1,5,24,12,12
LLANO COUNTY,299,49 Years,226,104,122,191,86,105,2,2,0,8,4,4,25,12,13
LLANO COUNTY,299,50 Years,243,115,128,211,99,112,3,3,0,7,3,4,22,10,12
LLANO COUNTY,299,51 Years,265,133,132,241,121,120,2,2,0,4,2,2,18,8,10
LLANO COUNTY,299,52 Years,269,133,136,246,120,126,1,1,0,3,3,0,19,9,10
LLANO COUNTY,299,53 Years,302,139,163,276,128,148,1,0,1,3,2,1,22,9,13
LLANO COUNTY,299,54 Years,322,142,180,288,123,165,1,0,1,6,4,2,27,15,12
LLANO COUNTY,299,55 Years,315,144,171,286,125,161,3,2,1,5,4,1,21,13,8
LLANO COUNTY,299,56 Years,323,154,169,294,141,153,3,1,2,6,3,3,20,9,11
LLANO COUNTY,299,57 Years,336,165,171,312,153,159,2,1,1,4,2,2,18,9,9
LLANO COUNTY,299,58 Years,349,164,185,329,155,174,2,2,0,3,1,2,15,6,9
LLANO COUNTY,299,59 Years,385,168,217,364,163,201,1,0,1,5,0,5,15,5,10
LLANO COUNTY,299,60 Years,395,184,211,374,175,199,0,0,0,6,2,4,15,7,8
LLANO COUNTY,299,61 Years,401,189,212,382,183,199,1,0,1,7,2,5,11,4,7
LLANO COUNTY,299,62 Years,420,199,221,402,190,212,1,0,1,6,2,4,11,7,4
LLANO COUNTY,299,63 Years,440,211,229,419,202,217,0,0,0,4,1,3,17,8,9
LLANO COUNTY,299,64 Years,439,195,244,426,190,236,0,0,0,5,1,4,8,4,4
LLANO COUNTY,299,65 Years,418,188,230,403,182,221,0,0,0,5,1,4,10,5,5
LLANO COUNTY,299,66 Years,435,212,223,416,202,214,1,1,0,7,4,3,11,5,6
LLANO COUNTY,299,67 Years,442,206,236,416,195,221,1,1,0,12,4,8,13,6,7
LLANO COUNTY,299,68 Years,379,184,195,358,176,182,1,0,1,7,3,4,13,5,8
LLANO COUNTY,299,69 Years,356,164,192,341,158,183,1,0,1,2,0,2,12,6,6
LLANO COUNTY,299,70 Years,378,183,195,364,176,188,1,1,0,2,1,1,11,5,6
LLANO COUNTY,299,71 Years,364,181,183,351,176,175,0,0,0,3,1,2,10,4,6
LLANO COUNTY,299,72 Years,352,183,169,344,180,164,0,0,0,1,0,1,7,3,4
LLANO COUNTY,299,73 Years,309,150,159,299,144,155,0,0,0,3,2,1,7,4,3
LLANO COUNTY,299,74 Years,283,138,145,272,134,138,0,0,0,3,1,2,8,3,5
LLANO COUNTY,299,75 Years,261,131,130,249,126,123,0,0,0,3,1,2,9,4,5
LLANO COUNTY,299,76 Years,282,137,145,270,131,139,1,1,0,2,2,0,9,3,6
LLANO COUNTY,299,77 Years,260,124,136,247,120,127,1,1,0,3,1,2,9,2,7
LLANO COUNTY,299,78 Years,233,114,119,225,112,113,1,1,0,1,0,1,6,1,5
LLANO COUNTY,299,79 Years,219,114,105,208,109,99,1,1,0,2,1,1,8,3,5
LLANO COUNTY,299,80 Years,202,99,103,192,94,98,2,2,0,1,0,1,7,3,4
LLANO COUNTY,299,81 Years,175,77,98,170,75,95,1,1,0,1,0,1,3,1,2
LLANO COUNTY,299,82 Years,183,81,102,177,81,96,0,0,0,2,0,2,4,0,4
LLANO COUNTY,299,83 Years,157,70,87,153,67,86,0,0,0,1,1,0,3,2,1
LLANO COUNTY,299,84 Years,142,64,78,139,63,76,1,0,1,1,0,1,1,1,0
LLANO COUNTY,299,85 Years +,692,261,431,664,249,415,0,0,0,12,4,8,16,8,8
LOVING COUNTY,301,All Ages,82,46,36,58,34,24,0,0,0,5,4,1,19,8,11
LOVING COUNTY,301,< 1 Year,0,0,0,0,0,0,0,0,0,0,0,0,0,0,0
LOVING COUNTY,301,1 Years,0,0,0,0,0,0,0,0,0,0,0,0,0,0,0
LOVING COUNTY,301,2 Years,0,0,0,0,0,0,0,0,0,0,0,0,0,0,0
LOVING COUNTY,301,3 Years,0,0,0,0,0,0,0,0,0,0,0,0,0,0,0
LOVING COUNTY,301,4 Years,1,1,0,0,0,0,0,0,0,0,0,0,1,1,0
LOVING COUNTY,301,5 Years,1,1,0,1,1,0,0,0,0,0,0,0,0,0,0
LOVING COUNTY,301,6 Years,0,0,0,0,0,0,0,0,0,0,0,0,0,0,0
LOVING COUNTY,301,7 Years,1,0,1,1,0,1,0,0,0,0,0,0,0,0,0
LOVING COUNTY,301,8 Years,0,0,0,0,0,0,0,0,0,0,0,0,0,0,0
LOVING COUNTY,301,9 Years,0,0,0,0,0,0,0,0,0,0,0,0,0,0,0
LOVING COUNTY,301,10 Years,0,0,0,0,0,0,0,0,0,0,0,0,0,0,0
LOVING COUNTY,301,11 Years,1,1,0,1,1,0,0,0,0,0,0,0,0,0,0
LOVING COUNTY,301,12 Years,0,0,0,0,0,0,0,0,0,0,0,0,0,0,0
LOVING COUNTY,301,13 Years,1,0,1,1,0,1,0,0,0,0,0,0,0,0,0
LOVING COUNTY,301,14 Years,0,0,0,0,0,0,0,0,0,0,0,0,0,0,0
LOVING COUNTY,301,15 Years,1,0,1,0,0,0,0,0,0,0,0,0,1,0,1
LOVING COUNTY,301,16 Years,0,0,0,0,0,0,0,0,0,0,0,0,0,0,0
LOVING COUNTY,301,17 Years,1,1,0,0,0,0,0,0,0,0,0,0,1,1,0
LOVING COUNTY,301,18 Years,0,0,0,0,0,0,0,0,0,0,0,0,0,0,0
LOVING COUNTY,301,19 Years,0,0,0,0,0,0,0,0,0,0,0,0,0,0,0
LOVING COUNTY,301,20 Years,2,0,2,1,0,1,0,0,0,0,0,0,1,0,1
LOVING COUNTY,301,21 Years,0,0,0,0,0,0,0,0,0,0,0,0,0,0,0
LOVING COUNTY,301,22 Years,0,0,0,0,0,0,0,0,0,0,0,0,0,0,0
LOVING COUNTY,301,23 Years,1,1,0,1,1,0,0,0,0,0,0,0,0,0,0
LOVING COUNTY,301,24 Years,0,0,0,0,0,0,0,0,0,0,0,0,0,0,0
LOVING COUNTY,301,25 Years,1,0,1,1,0,1,0,0,0,0,0,0,0,0,0
LOVING COUNTY,301,26 Years,3,2,1,0,0,0,0,0,0,1,1,0,2,1,1
LOVING COUNTY,301,27 Years,4,3,1,2,2,0,0,0,0,0,0,0,2,1,1
LOVING COUNTY,301,28 Years,2,1,1,1,1,0,0,0,0,0,0,0,1,0,1
LOVING COUNTY,301,29 Years,0,0,0,0,0,0,0,0,0,0,0,0,0,0,0
LOVING COUNTY,301,30 Years,0,0,0,0,0,0,0,0,0,0,0,0,0,0,0
LOVING COUNTY,301,31 Years,1,1,0,0,0,0,0,0,0,0,0,0,1,1,0
LOVING COUNTY,301,32 Years,1,0,1,1,0,1,0,0,0,0,0,0,0,0,0
LOVING COUNTY,301,33 Years,0,0,0,0,0,0,0,0,0,0,0,0,0,0,0
LOVING COUNTY,301,34 Years,1,0,1,1,0,1,0,0,0,0,0,0,0,0,0
LOVING COUNTY,301,35 Years,0,0,0,0,0,0,0,0,0,0,0,0,0,0,0
LOVING COUNTY,301,36 Years,0,0,0,0,0,0,0,0,0,0,0,0,0,0,0
LOVING COUNTY,301,37 Years,0,0,0,0,0,0,0,0,0,0,0,0,0,0,0
LOVING COUNTY,301,38 Years,1,1,0,1,1,0,0,0,0,0,0,0,0,0,0
LOVING COUNTY,301,39 Years,0,0,0,0,0,0,0,0,0,0,0,0,0,0,0
LOVING COUNTY,301,40 Years,0,0,0,0,0,0,0,0,0,0,0,0,0,0,0
LOVING COUNTY,301,41 Years,1,0,1,0,0,0,0,0,0,0,0,0,1,0,1
LOVING COUNTY,301,42 Years,0,0,0,0,0,0,0,0,0,0,0,0,0,0,0
LOVING COUNTY,301,43 Years,0,0,0,0,0,0,0,0,0,0,0,0,0,0,0
LOVING COUNTY,301,44 Years,0,0,0,0,0,0,0,0,0,0,0,0,0,0,0
LOVING COUNTY,301,45 Years,0,0,0,0,0,0,0,0,0,0,0,0,0,0,0
LOVING COUNTY,301,46 Years,4,2,2,3,1,2,0,0,0,0,0,0,1,1,0
LOVING COUNTY,301,47 Years,3,1,2,2,1,1,0,0,0,1,0,1,0,0,0
LOVING COUNTY,301,48 Years,1,0,1,1,0,1,0,0,0,0,0,0,0,0,0
LOVING COUNTY,301,49 Years,2,1,1,0,0,0,0,0,0,0,0,0,2,1,1
LOVING COUNTY,301,50 Years,1,0,1,0,0,0,0,0,0,0,0,0,1,0,1
LOVING COUNTY,301,51 Years,2,1,1,1,1,0,0,0,0,0,0,0,1,0,1
LOVING COUNTY,301,52 Years,0,0,0,0,0,0,0,0,0,0,0,0,0,0,0
LOVING COUNTY,301,53 Years,0,0,0,0,0,0,0,0,0,0,0,0,0,0,0
LOVING COUNTY,301,54 Years,0,0,0,0,0,0,0,0,0,0,0,0,0,0,0
LOVING COUNTY,301,55 Years,1,1,0,1,1,0,0,0,0,0,0,0,0,0,0
LOVING COUNTY,301,56 Years,3,2,1,3,2,1,0,0,0,0,0,0,0,0,0
LOVING COUNTY,301,57 Years,3,2,1,3,2,1,0,0,0,0,0,0,0,0,0
LOVING COUNTY,301,58 Years,2,1,1,2,1,1,0,0,0,0,0,0,0,0,0
LOVING COUNTY,301,59 Years,3,2,1,2,1,1,0,0,0,0,0,0,1,1,0
LOVING COUNTY,301,60 Years,4,3,1,4,3,1,0,0,0,0,0,0,0,0,0
LOVING COUNTY,301,61 Years,3,2,1,3,2,1,0,0,0,0,0,0,0,0,0
LOVING COUNTY,301,62 Years,2,0,2,2,0,2,0,0,0,0,0,0,0,0,0
LOVING COUNTY,301,63 Years,3,1,2,3,1,2,0,0,0,0,0,0,0,0,0
LOVING COUNTY,301,64 Years,1,0,1,1,0,1,0,0,0,0,0,0,0,0,0
LOVING COUNTY,301,65 Years,0,0,0,0,0,0,0,0,0,0,0,0,0,0,0
LOVING COUNTY,301,66 Years,1,1,0,1,1,0,0,0,0,0,0,0,0,0,0
LOVING COUNTY,301,67 Years,4,3,1,4,3,1,0,0,0,0,0,0,0,0,0
LOVING COUNTY,301,68 Years,3,2,1,2,1,1,0,0,0,1,1,0,0,0,0
LOVING COUNTY,301,69 Years,0,0,0,0,0,0,0,0,0,0,0,0,0,0,0
LOVING COUNTY,301,70 Years,0,0,0,0,0,0,0,0,0,0,0,0,0,0,0
LOVING COUNTY,301,71 Years,1,0,1,0,0,0,0,0,0,0,0,0,1,0,1
LOVING COUNTY,301,72 Years,2,1,1,1,1,0,0,0,0,0,0,0,1,0,1
LOVING COUNTY,301,73 Years,2,2,0,1,1,0,0,0,0,1,1,0,0,0,0
LOVING COUNTY,301,74 Years,1,1,0,0,0,0,0,0,0,1,1,0,0,0,0
LOVING COUNTY,301,75 Years,0,0,0,0,0,0,0,0,0,0,0,0,0,0,0
LOVING COUNTY,301,76 Years,1,1,0,1,1,0,0,0,0,0,0,0,0,0,0
LOVING COUNTY,301,77 Years,0,0,0,0,0,0,0,0,0,0,0,0,0,0,0
LOVING COUNTY,301,78 Years,1,1,0,1,1,0,0,0,0,0,0,0,0,0,0
LOVING COUNTY,301,79 Years,0,0,0,0,0,0,0,0,0,0,0,0,0,0,0
LOVING COUNTY,301,80 Years,1,1,0,1,1,0,0,0,0,0,0,0,0,0,0
LOVING COUNTY,301,81 Years,0,0,0,0,0,0,0,0,0,0,0,0,0,0,0
LOVING COUNTY,301,82 Years,0,0,0,0,0,0,0,0,0,0,0,0,0,0,0
LOVING COUNTY,301,83 Years,1,0,1,1,0,1,0,0,0,0,0,0,0,0,0
LOVING COUNTY,301,84 Years,0,0,0,0,0,0,0,0,0,0,0,0,0,0,0
LOVING COUNTY,301,85 Years +,1,1,0,1,1,0,0,0,0,0,0,0,0,0,0
LUBBOCK COUNTY,303,All Ages,295065,146639,148426,161097,79410,81687,21391,10694,10697,12348,6306,6042,100229,50229,50000
LUBBOCK COUNTY,303,< 1 Year,4540,2306,2234,1906,937,969,406,207,199,219,115,104,2009,1047,962
LUBBOCK COUNTY,303,1 Years,4490,2285,2205,1907,968,939,398,206,192,215,119,96,1970,992,978
LUBBOCK COUNTY,303,2 Years,4378,2246,2132,1893,972,921,377,193,184,208,115,93,1900,966,934
LUBBOCK COUNTY,303,3 Years,4376,2250,2126,1878,977,901,361,189,172,198,113,85,1939,971,968
LUBBOCK COUNTY,303,4 Years,4486,2314,2172,1907,991,916,366,188,178,197,114,83,2016,1021,995
LUBBOCK COUNTY,303,5 Years,4209,2161,2048,1751,898,853,352,167,185,194,107,87,1912,989,923
LUBBOCK COUNTY,303,6 Years,4269,2175,2094,1744,885,859,342,163,179,215,120,95,1968,1007,961
LUBBOCK COUNTY,303,7 Years,4210,2143,2067,1714,860,854,339,165,174,210,108,102,1947,1010,937
LUBBOCK COUNTY,303,8 Years,3925,1993,1932,1563,805,758,329,165,164,194,90,104,1839,933,906
LUBBOCK COUNTY,303,9 Years,3992,2034,1958,1625,824,801,347,186,161,190,86,104,1830,938,892
LUBBOCK COUNTY,303,10 Years,4032,2022,2010,1664,828,836,342,179,163,191,91,100,1835,924,911
LUBBOCK COUNTY,303,11 Years,3867,2016,1851,1571,803,768,351,180,171,155,86,69,1790,947,843
LUBBOCK COUNTY,303,12 Years,3924,1994,1930,1568,772,796,350,185,165,160,89,71,1846,948,898
LUBBOCK COUNTY,303,13 Years,3966,2011,1955,1561,767,794,355,186,169,177,94,83,1873,964,909
LUBBOCK COUNTY,303,14 Years,3879,1965,1914,1534,780,754,333,183,150,166,87,79,1846,915,931
LUBBOCK COUNTY,303,15 Years,3777,1931,1846,1476,751,725,312,163,149,161,85,76,1828,932,896
LUBBOCK COUNTY,303,16 Years,3702,1915,1787,1481,788,693,301,153,148,147,74,73,1773,900,873
LUBBOCK COUNTY,303,17 Years,3644,1852,1792,1513,755,758,282,150,132,146,71,75,1703,876,827
LUBBOCK COUNTY,303,18 Years,4845,2366,2479,2382,1112,1270,387,207,180,192,98,94,1884,949,935
LUBBOCK COUNTY,303,19 Years,6856,3432,3424,3971,1996,1975,452,220,232,262,122,140,2171,1094,1077
LUBBOCK COUNTY,303,20 Years,6763,3511,3252,3944,2053,1891,495,256,239,241,123,118,2083,1079,1004
LUBBOCK COUNTY,303,21 Years,6859,3594,3265,3973,2079,1894,510,285,225,236,132,104,2140,1098,1042
LUBBOCK COUNTY,303,22 Years,6911,3678,3233,4014,2177,1837,483,256,227,311,160,151,2103,1085,1018
LUBBOCK COUNTY,303,23 Years,6898,3637,3261,3992,2100,1892,467,242,225,344,190,154,2095,1105,990
LUBBOCK COUNTY,303,24 Years,6490,3337,3153,3756,1891,1865,408,206,202,353,211,142,1973,1029,944
LUBBOCK COUNTY,303,25 Years,6038,3159,2879,3537,1835,1702,367,200,167,348,207,141,1786,917,869
LUBBOCK COUNTY,303,26 Years,5390,2904,2486,3010,1646,1364,327,175,152,337,189,148,1716,894,822
LUBBOCK COUNTY,303,27 Years,5072,2637,2435,2815,1472,1343,316,173,143,307,174,133,1634,818,816
LUBBOCK COUNTY,303,28 Years,4953,2547,2406,2699,1367,1332,336,174,162,274,169,105,1644,837,807
LUBBOCK COUNTY,303,29 Years,4698,2446,2252,2549,1328,1221,309,160,149,241,146,95,1599,812,787
LUBBOCK COUNTY,303,30 Years,4232,2245,1987,2195,1171,1024,313,173,140,215,128,87,1509,773,736
LUBBOCK COUNTY,303,31 Years,4112,2156,1956,2130,1131,999,273,143,130,207,106,101,1502,776,726
LUBBOCK COUNTY,303,32 Years,3910,2013,1897,1967,1038,929,287,140,147,208,100,108,1448,735,713
LUBBOCK COUNTY,303,33 Years,3738,1892,1846,1857,970,887,280,135,145,185,88,97,1416,699,717
LUBBOCK COUNTY,303,34 Years,3791,1910,1881,1885,953,932,271,137,134,188,86,102,1447,734,713
LUBBOCK COUNTY,303,35 Years,3583,1823,1760,1828,934,894,249,133,116,201,94,107,1305,662,643
LUBBOCK COUNTY,303,36 Years,3401,1730,1671,1748,894,854,250,120,130,184,91,93,1219,625,594
LUBBOCK COUNTY,303,37 Years,3234,1610,1624,1630,828,802,231,112,119,187,86,101,1186,584,602
LUBBOCK COUNTY,303,38 Years,3175,1577,1598,1548,781,767,227,107,120,194,90,104,1206,599,607
LUBBOCK COUNTY,303,39 Years,3134,1517,1617,1560,745,815,235,116,119,185,87,98,1154,569,585
LUBBOCK COUNTY,303,40 Years,2990,1490,1500,1488,742,746,227,110,117,168,66,102,1107,572,535
LUBBOCK COUNTY,303,41 Years,2966,1445,1521,1465,744,721,212,97,115,194,77,117,1095,527,568
LUBBOCK COUNTY,303,42 Years,3096,1493,1603,1597,778,819,212,104,108,173,78,95,1114,533,581
LUBBOCK COUNTY,303,43 Years,3167,1536,1631,1678,816,862,223,107,116,158,79,79,1108,534,574
LUBBOCK COUNTY,303,44 Years,3107,1506,1601,1688,845,843,227,100,127,133,66,67,1059,495,564
LUBBOCK COUNTY,303,45 Years,3014,1465,1549,1609,792,817,212,100,112,135,70,65,1058,503,555
LUBBOCK COUNTY,303,46 Years,2968,1460,1508,1629,805,824,220,104,116,109,57,52,1010,494,516
LUBBOCK COUNTY,303,47 Years,2932,1439,1493,1587,784,803,231,112,119,98,44,54,1016,499,517
LUBBOCK COUNTY,303,48 Years,3033,1496,1537,1612,793,819,234,115,119,108,49,59,1079,539,540
LUBBOCK COUNTY,303,49 Years,3258,1596,1662,1746,855,891,268,133,135,121,53,68,1123,555,568
LUBBOCK COUNTY,303,50 Years,3451,1666,1785,1956,925,1031,275,141,134,127,63,64,1093,537,556
LUBBOCK COUNTY,303,51 Years,3535,1696,1839,2027,964,1063,277,137,140,124,66,58,1107,529,578
LUBBOCK COUNTY,303,52 Years,3521,1746,1775,2091,1041,1050,289,146,143,98,47,51,1043,512,531
LUBBOCK COUNTY,303,53 Years,3539,1729,1810,2133,1051,1082,280,133,147,97,43,54,1029,502,527
LUBBOCK COUNTY,303,54 Years,3565,1743,1822,2165,1043,1122,261,129,132,103,50,53,1036,521,515
LUBBOCK COUNTY,303,55 Years,3360,1666,1694,2045,1001,1044,261,135,126,96,54,42,958,476,482
LUBBOCK COUNTY,303,56 Years,3367,1641,1726,2100,1029,1071,263,124,139,98,51,47,906,437,469
LUBBOCK COUNTY,303,57 Years,3350,1643,1707,2109,1035,1074,235,123,112,102,51,51,904,434,470
LUBBOCK COUNTY,303,58 Years,3243,1584,1659,2031,982,1049,265,131,134,93,43,50,854,428,426
LUBBOCK COUNTY,303,59 Years,3285,1572,1713,2133,1017,1116,229,102,127,89,41,48,834,412,422
LUBBOCK COUNTY,303,60 Years,3156,1503,1653,2047,981,1066,202,93,109,98,43,55,809,386,423
LUBBOCK COUNTY,303,61 Years,2982,1430,1552,1979,949,1030,220,113,107,98,48,50,685,320,365
LUBBOCK COUNTY,303,62 Years,2875,1406,1469,1951,957,994,196,103,93,74,36,38,654,310,344
LUBBOCK COUNTY,303,63 Years,2734,1294,1440,1855,877,978,190,84,106,79,32,47,610,301,309
LUBBOCK COUNTY,303,64 Years,2575,1199,1376,1736,806,930,174,81,93,69,29,40,596,283,313
LUBBOCK COUNTY,303,65 Years,2452,1161,1291,1652,793,859,164,78,86,67,27,40,569,263,306
LUBBOCK COUNTY,303,66 Years,2397,1130,1267,1649,774,875,150,66,84,71,34,37,527,256,271
LUBBOCK COUNTY,303,67 Years,2332,1107,1225,1612,772,840,136,57,79,61,29,32,523,249,274
LUBBOCK COUNTY,303,68 Years,1935,898,1037,1307,618,689,114,52,62,51,22,29,463,206,257
LUBBOCK COUNTY,303,69 Years,1879,876,1003,1319,629,690,104,49,55,38,15,23,418,183,235
LUBBOCK COUNTY,303,70 Years,1772,826,946,1297,605,692,91,40,51,38,15,23,346,166,180
LUBBOCK COUNTY,303,71 Years,1750,804,946,1306,593,713,91,40,51,54,24,30,299,147,152
LUBBOCK COUNTY,303,72 Years,1610,725,885,1190,540,650,93,37,56,40,17,23,287,131,156
LUBBOCK COUNTY,303,73 Years,1490,637,853,1101,476,625,83,33,50,33,13,20,273,115,158
LUBBOCK COUNTY,303,74 Years,1398,609,789,1048,459,589,80,32,48,40,14,26,230,104,126
LUBBOCK COUNTY,303,75 Years,1348,590,758,1031,450,581,71,32,39,32,13,19,214,95,119
LUBBOCK COUNTY,303,76 Years,1337,564,773,998,420,578,64,27,37,30,13,17,245,104,141
LUBBOCK COUNTY,303,77 Years,1261,555,706,942,409,533,53,26,27,25,11,14,241,109,132
LUBBOCK COUNTY,303,78 Years,1228,505,723,923,372,551,53,20,33,26,11,15,226,102,124
LUBBOCK COUNTY,303,79 Years,1211,513,698,907,374,533,53,22,31,20,10,10,231,107,124
LUBBOCK COUNTY,303,80 Years,1070,463,607,820,341,479,52,24,28,20,10,10,178,88,90
LUBBOCK COUNTY,303,81 Years,994,419,575,772,324,448,46,19,27,23,10,13,153,66,87
LUBBOCK COUNTY,303,82 Years,919,354,565,730,280,450,39,15,24,15,7,8,135,52,83
LUBBOCK COUNTY,303,83 Years,850,352,498,672,278,394,42,18,24,13,6,7,123,50,73
LUBBOCK COUNTY,303,84 Years,776,309,467,623,249,374,33,11,22,17,6,11,103,43,60
LUBBOCK COUNTY,303,85 Years +,4238,1464,2774,3495,1180,2315,180,61,119,49,22,27,514,201,313
LYNN COUNTY,305,All Ages,5929,2942,2987,2897,1394,1503,112,60,52,73,35,38,2847,1453,1394
LYNN COUNTY,305,< 1 Year,77,36,41,33,14,19,1,1,0,1,0,1,42,21,21
LYNN COUNTY,305,1 Years,80,39,41,31,15,16,1,0,1,1,0,1,47,24,23
LYNN COUNTY,305,2 Years,85,43,42,32,17,15,1,1,0,1,0,1,51,25,26
LYNN COUNTY,305,3 Years,82,42,40,34,19,15,1,1,0,0,0,0,47,22,25
LYNN COUNTY,305,4 Years,82,34,48,33,14,19,1,0,1,0,0,0,48,20,28
LYNN COUNTY,305,5 Years,81,47,34,33,18,15,1,1,0,0,0,0,47,28,19
LYNN COUNTY,305,6 Years,87,45,42,37,17,20,2,1,1,2,1,1,46,26,20
LYNN COUNTY,305,7 Years,102,41,61,39,17,22,1,0,1,2,0,2,60,24,36
LYNN COUNTY,305,8 Years,77,37,40,27,14,13,0,0,0,1,1,0,49,22,27
LYNN COUNTY,305,9 Years,82,38,44,33,12,21,0,0,0,1,0,1,48,26,22
LYNN COUNTY,305,10 Years,89,48,41,33,18,15,2,2,0,1,0,1,53,28,25
LYNN COUNTY,305,11 Years,97,52,45,35,20,15,2,2,0,2,1,1,58,29,29
LYNN COUNTY,305,12 Years,82,37,45,30,13,17,1,1,0,4,4,0,47,19,28
LYNN COUNTY,305,13 Years,85,38,47,33,15,18,1,0,1,2,1,1,49,22,27
LYNN COUNTY,305,14 Years,93,50,43,38,19,19,1,0,1,1,0,1,53,31,22
LYNN COUNTY,305,15 Years,92,50,42,28,14,14,1,1,0,2,2,0,61,33,28
LYNN COUNTY,305,16 Years,98,48,50,34,13,21,1,1,0,4,4,0,59,30,29
LYNN COUNTY,305,17 Years,95,43,52,37,13,24,1,0,1,3,1,2,54,29,25
LYNN COUNTY,305,18 Years,77,34,43,24,7,17,1,1,0,4,2,2,48,24,24
LYNN COUNTY,305,19 Years,73,36,37,30,14,16,3,2,1,3,1,2,37,19,18
LYNN COUNTY,305,20 Years,78,39,39,30,15,15,2,2,0,2,1,1,44,21,23
LYNN COUNTY,305,21 Years,95,47,48,37,17,20,5,3,2,1,1,0,52,26,26
LYNN COUNTY,305,22 Years,88,45,43,35,19,16,2,1,1,0,0,0,51,25,26
LYNN COUNTY,305,23 Years,60,33,27,23,14,9,0,0,0,1,0,1,36,19,17
LYNN COUNTY,305,24 Years,65,36,29,24,13,11,1,1,0,3,2,1,37,20,17
LYNN COUNTY,305,25 Years,47,24,23,19,9,10,2,2,0,1,1,0,25,12,13
LYNN COUNTY,305,26 Years,47,21,26,16,6,10,4,2,2,0,0,0,27,13,14
LYNN COUNTY,305,27 Years,51,28,23,24,14,10,2,1,1,0,0,0,25,13,12
LYNN COUNTY,305,28 Years,57,29,28,26,15,11,1,0,1,2,1,1,28,13,15
LYNN COUNTY,305,29 Years,58,32,26,21,10,11,0,0,0,0,0,0,37,22,15
LYNN COUNTY,305,30 Years,63,33,30,31,15,16,2,2,0,0,0,0,30,16,14
LYNN COUNTY,305,31 Years,63,34,29,26,13,13,1,1,0,0,0,0,36,20,16
LYNN COUNTY,305,32 Years,66,34,32,23,12,11,1,1,0,0,0,0,42,21,21
LYNN COUNTY,305,33 Years,62,27,35,22,9,13,3,1,2,1,0,1,36,17,19
LYNN COUNTY,305,34 Years,53,25,28,23,11,12,1,0,1,1,0,1,28,14,14
LYNN COUNTY,305,35 Years,54,25,29,23,10,13,1,1,0,0,0,0,30,14,16
LYNN COUNTY,305,36 Years,61,31,30,30,14,16,1,1,0,0,0,0,30,16,14
LYNN COUNTY,305,37 Years,62,34,28,39,21,18,1,0,1,1,1,0,21,12,9
LYNN COUNTY,305,38 Years,63,32,31,30,17,13,0,0,0,1,0,1,32,15,17
LYNN COUNTY,305,39 Years,62,29,33,29,13,16,1,0,1,1,0,1,31,16,15
LYNN COUNTY,305,40 Years,73,33,40,38,15,23,0,0,0,3,1,2,32,17,15
LYNN COUNTY,305,41 Years,52,30,22,25,13,12,0,0,0,1,1,0,26,16,10
LYNN COUNTY,305,42 Years,52,27,25,26,14,12,1,1,0,0,0,0,25,12,13
LYNN COUNTY,305,43 Years,57,29,28,29,17,12,1,0,1,0,0,0,27,12,15
LYNN COUNTY,305,44 Years,71,35,36,36,20,16,1,1,0,0,0,0,34,14,20
LYNN COUNTY,305,45 Years,71,33,38,32,14,18,1,1,0,0,0,0,38,18,20
LYNN COUNTY,305,46 Years,66,38,28,29,16,13,1,0,1,1,1,0,35,21,14
LYNN COUNTY,305,47 Years,73,41,32,31,16,15,2,1,1,1,0,1,39,24,15
LYNN COUNTY,305,48 Years,76,41,35,32,17,15,1,0,1,1,0,1,42,24,18
LYNN COUNTY,305,49 Years,89,41,48,47,19,28,2,2,0,1,0,1,39,20,19
LYNN COUNTY,305,50 Years,88,36,52,45,18,27,2,2,0,2,0,2,39,16,23
LYNN COUNTY,305,51 Years,94,44,50,53,23,30,2,1,1,2,1,1,37,19,18
LYNN COUNTY,305,52 Years,95,50,45,49,24,25,2,1,1,1,1,0,43,24,19
LYNN COUNTY,305,53 Years,80,43,37,44,24,20,2,1,1,0,0,0,34,18,16
LYNN COUNTY,305,54 Years,87,43,44,44,19,25,0,0,0,0,0,0,43,24,19
LYNN COUNTY,305,55 Years,98,52,46,52,28,24,3,1,2,0,0,0,43,23,20
LYNN COUNTY,305,56 Years,88,50,38,51,31,20,2,1,1,0,0,0,35,18,17
LYNN COUNTY,305,57 Years,87,44,43,50,27,23,1,1,0,0,0,0,36,16,20
LYNN COUNTY,305,58 Years,80,46,34,47,28,19,2,1,1,0,0,0,31,17,14
LYNN COUNTY,305,59 Years,87,45,42,50,26,24,2,1,1,0,0,0,35,18,17
LYNN COUNTY,305,60 Years,81,39,42,48,19,29,2,1,1,0,0,0,31,19,12
LYNN COUNTY,305,61 Years,73,36,37,42,19,23,2,0,2,0,0,0,29,17,12
LYNN COUNTY,305,62 Years,73,43,30,50,26,24,1,0,1,0,0,0,22,17,5
LYNN COUNTY,305,63 Years,73,41,32,45,24,21,0,0,0,0,0,0,28,17,11
LYNN COUNTY,305,64 Years,66,37,29,44,27,17,3,1,2,0,0,0,19,9,10
LYNN COUNTY,305,65 Years,70,38,32,43,26,17,2,1,1,1,0,1,24,11,13
LYNN COUNTY,305,66 Years,56,32,24,34,20,14,2,1,1,1,1,0,19,10,9
LYNN COUNTY,305,67 Years,58,31,27,38,19,19,2,1,1,0,0,0,18,11,7
LYNN COUNTY,305,68 Years,54,26,28,31,13,18,0,0,0,1,0,1,22,13,9
LYNN COUNTY,305,69 Years,51,28,23,30,15,15,1,0,1,0,0,0,20,13,7
LYNN COUNTY,305,70 Years,53,21,32,36,14,22,1,0,1,0,0,0,16,7,9
LYNN COUNTY,305,71 Years,56,26,30,34,14,20,0,0,0,0,0,0,22,12,10
LYNN COUNTY,305,72 Years,53,25,28,39,16,23,0,0,0,1,1,0,13,8,5
LYNN COUNTY,305,73 Years,52,21,31,38,14,24,2,1,1,0,0,0,12,6,6
LYNN COUNTY,305,74 Years,42,16,26,30,12,18,1,0,1,1,0,1,10,4,6
LYNN COUNTY,305,75 Years,49,25,24,36,20,16,1,0,1,1,0,1,11,5,6
LYNN COUNTY,305,76 Years,46,21,25,30,15,15,2,1,1,2,1,1,12,4,8
LYNN COUNTY,305,77 Years,49,18,31,29,13,16,1,0,1,1,1,0,18,4,14
LYNN COUNTY,305,78 Years,39,15,24,23,8,15,1,1,0,0,0,0,15,6,9
LYNN COUNTY,305,79 Years,40,16,24,22,8,14,0,0,0,0,0,0,18,8,10
LYNN COUNTY,305,80 Years,37,17,20,22,10,12,1,1,0,0,0,0,14,6,8
LYNN COUNTY,305,81 Years,31,14,17,20,10,10,1,0,1,0,0,0,10,4,6
LYNN COUNTY,305,82 Years,21,9,12,15,6,9,0,0,0,0,0,0,6,3,3
LYNN COUNTY,305,83 Years,18,10,8,13,6,7,0,0,0,0,0,0,5,4,1
LYNN COUNTY,305,84 Years,28,10,18,19,6,13,0,0,0,0,0,0,9,4,5
LYNN COUNTY,305,85 Years +,125,50,75,91,35,56,4,1,3,1,1,0,29,13,16
MCCULLOCH COUNTY,307,All Ages,8306,4112,4194,5443,2638,2805,128,72,56,118,62,56,2617,1340,1277
MCCULLOCH COUNTY,307,< 1 Year,84,43,41,48,25,23,0,0,0,0,0,0,36,18,18
MCCULLOCH COUNTY,307,1 Years,86,45,41,46,24,22,0,0,0,5,4,1,35,17,18
MCCULLOCH COUNTY,307,2 Years,95,49,46,50,26,24,0,0,0,7,3,4,38,20,18
MCCULLOCH COUNTY,307,3 Years,101,50,51,53,26,27,0,0,0,6,2,4,42,22,20
MCCULLOCH COUNTY,307,4 Years,98,51,47,55,28,27,0,0,0,3,1,2,40,22,18
MCCULLOCH COUNTY,307,5 Years,106,60,46,56,30,26,2,2,0,3,3,0,45,25,20
MCCULLOCH COUNTY,307,6 Years,98,53,45,48,24,24,2,2,0,2,2,0,46,25,21
MCCULLOCH COUNTY,307,7 Years,111,63,48,64,36,28,1,1,0,2,2,0,44,24,20
MCCULLOCH COUNTY,307,8 Years,110,62,48,59,34,25,1,1,0,1,0,1,49,27,22
MCCULLOCH COUNTY,307,9 Years,115,56,59,62,33,29,0,0,0,3,1,2,50,22,28
MCCULLOCH COUNTY,307,10 Years,111,58,53,56,32,24,2,1,1,1,1,0,52,24,28
MCCULLOCH COUNTY,307,11 Years,102,55,47,49,28,21,2,1,1,2,2,0,49,24,25
MCCULLOCH COUNTY,307,12 Years,113,67,46,54,33,21,3,2,1,1,1,0,55,31,24
MCCULLOCH COUNTY,307,13 Years,108,58,50,57,30,27,3,2,1,1,1,0,47,25,22
MCCULLOCH COUNTY,307,14 Years,107,53,54,61,32,29,3,1,2,0,0,0,43,20,23
MCCULLOCH COUNTY,307,15 Years,130,64,66,77,39,38,1,1,0,0,0,0,52,24,28
MCCULLOCH COUNTY,307,16 Years,128,62,66,73,37,36,4,2,2,1,0,1,50,23,27
MCCULLOCH COUNTY,307,17 Years,113,53,60,60,29,31,5,2,3,2,1,1,46,21,25
MCCULLOCH COUNTY,307,18 Years,108,54,54,58,27,31,4,3,1,2,1,1,44,23,21
MCCULLOCH COUNTY,307,19 Years,96,46,50,60,28,32,2,1,1,0,0,0,34,17,17
MCCULLOCH COUNTY,307,20 Years,110,53,57,64,29,35,0,0,0,1,1,0,45,23,22
MCCULLOCH COUNTY,307,21 Years,105,60,45,58,33,25,3,0,3,2,2,0,42,25,17
MCCULLOCH COUNTY,307,22 Years,93,56,37,49,29,20,1,0,1,2,1,1,41,26,15
MCCULLOCH COUNTY,307,23 Years,71,39,32,40,21,19,0,0,0,1,0,1,30,18,12
MCCULLOCH COUNTY,307,24 Years,78,41,37,43,21,22,0,0,0,0,0,0,35,20,15
MCCULLOCH COUNTY,307,25 Years,71,33,38,38,17,21,0,0,0,0,0,0,33,16,17
MCCULLOCH COUNTY,307,26 Years,78,41,37,39,21,18,2,2,0,1,0,1,36,18,18
MCCULLOCH COUNTY,307,27 Years,71,33,38,39,19,20,2,1,1,0,0,0,30,13,17
MCCULLOCH COUNTY,307,28 Years,76,37,39,38,18,20,1,1,0,2,1,1,35,17,18
MCCULLOCH COUNTY,307,29 Years,77,45,32,45,30,15,2,1,1,0,0,0,30,14,16
MCCULLOCH COUNTY,307,30 Years,72,42,30,45,24,21,1,1,0,1,0,1,25,17,8
MCCULLOCH COUNTY,307,31 Years,82,43,39,50,21,29,1,0,1,3,2,1,28,20,8
MCCULLOCH COUNTY,307,32 Years,85,44,41,53,24,29,2,1,1,1,1,0,29,18,11
MCCULLOCH COUNTY,307,33 Years,84,40,44,47,21,26,2,2,0,0,0,0,35,17,18
MCCULLOCH COUNTY,307,34 Years,77,35,42,46,22,24,1,1,0,0,0,0,30,12,18
MCCULLOCH COUNTY,307,35 Years,70,35,35,45,23,22,0,0,0,2,2,0,23,10,13
MCCULLOCH COUNTY,307,36 Years,79,41,38,58,31,27,1,0,1,1,0,1,19,10,9
MCCULLOCH COUNTY,307,37 Years,78,34,44,52,24,28,1,0,1,1,0,1,24,10,14
MCCULLOCH COUNTY,307,38 Years,83,44,39,52,25,27,3,2,1,1,1,0,27,16,11
MCCULLOCH COUNTY,307,39 Years,95,51,44,62,29,33,2,1,1,1,1,0,30,20,10
MCCULLOCH COUNTY,307,40 Years,88,45,43,56,25,31,1,1,0,0,0,0,31,19,12
MCCULLOCH COUNTY,307,41 Years,72,34,38,45,22,23,1,0,1,0,0,0,26,12,14
MCCULLOCH COUNTY,307,42 Years,75,42,33,49,28,21,1,0,1,1,1,0,24,13,11
MCCULLOCH COUNTY,307,43 Years,97,46,51,68,33,35,1,0,1,1,1,0,27,12,15
MCCULLOCH COUNTY,307,44 Years,84,43,41,55,29,26,2,1,1,2,1,1,25,12,13
MCCULLOCH COUNTY,307,45 Years,94,43,51,66,34,32,0,0,0,1,0,1,27,9,18
MCCULLOCH COUNTY,307,46 Years,86,35,51,53,23,30,0,0,0,1,0,1,32,12,20
MCCULLOCH COUNTY,307,47 Years,93,39,54,61,26,35,1,0,1,2,0,2,29,13,16
MCCULLOCH COUNTY,307,48 Years,106,47,59,70,31,39,0,0,0,3,1,2,33,15,18
MCCULLOCH COUNTY,307,49 Years,108,61,47,74,41,33,1,0,1,2,1,1,31,19,12
MCCULLOCH COUNTY,307,50 Years,99,50,49,67,33,34,2,1,1,2,1,1,28,15,13
MCCULLOCH COUNTY,307,51 Years,121,58,63,84,39,45,2,1,1,1,1,0,34,17,17
MCCULLOCH COUNTY,307,52 Years,111,52,59,73,34,39,1,1,0,0,0,0,37,17,20
MCCULLOCH COUNTY,307,53 Years,109,54,55,77,36,41,1,1,0,1,1,0,30,16,14
MCCULLOCH COUNTY,307,54 Years,97,47,50,71,30,41,1,1,0,0,0,0,25,16,9
MCCULLOCH COUNTY,307,55 Years,116,54,62,79,33,46,2,1,1,1,0,1,34,20,14
MCCULLOCH COUNTY,307,56 Years,129,61,68,92,41,51,2,0,2,2,0,2,33,20,13
MCCULLOCH COUNTY,307,57 Years,125,61,64,93,45,48,3,1,2,1,0,1,28,15,13
MCCULLOCH COUNTY,307,58 Years,136,61,75,99,40,59,4,3,1,2,1,1,31,17,14
MCCULLOCH COUNTY,307,59 Years,138,65,73,103,46,57,4,2,2,3,2,1,28,15,13
MCCULLOCH COUNTY,307,60 Years,128,69,59,91,48,43,2,1,1,3,3,0,32,17,15
MCCULLOCH COUNTY,307,61 Years,136,64,72,101,47,54,3,2,1,2,1,1,30,14,16
MCCULLOCH COUNTY,307,62 Years,109,51,58,87,37,50,2,2,0,0,0,0,20,12,8
MCCULLOCH COUNTY,307,63 Years,111,58,53,84,41,43,4,3,1,2,1,1,21,13,8
MCCULLOCH COUNTY,307,64 Years,106,55,51,81,39,42,3,2,1,2,2,0,20,12,8
MCCULLOCH COUNTY,307,65 Years,117,56,61,90,42,48,2,2,0,1,1,0,24,11,13
MCCULLOCH COUNTY,307,66 Years,130,62,68,98,48,50,3,2,1,2,0,2,27,12,15
MCCULLOCH COUNTY,307,67 Years,137,67,70,106,53,53,2,1,1,0,0,0,29,13,16
MCCULLOCH COUNTY,307,68 Years,116,56,60,91,46,45,0,0,0,0,0,0,25,10,15
MCCULLOCH COUNTY,307,69 Years,108,52,56,84,41,43,0,0,0,1,0,1,23,11,12
MCCULLOCH COUNTY,307,70 Years,99,54,45,77,42,35,0,0,0,0,0,0,22,12,10
MCCULLOCH COUNTY,307,71 Years,107,55,52,84,44,40,2,1,1,3,1,2,18,9,9
MCCULLOCH COUNTY,307,72 Years,85,43,42,69,36,33,0,0,0,2,0,2,14,7,7
MCCULLOCH COUNTY,307,73 Years,78,39,39,58,29,29,2,1,1,1,0,1,17,9,8
MCCULLOCH COUNTY,307,74 Years,76,40,36,57,29,28,2,0,2,1,1,0,16,10,6
MCCULLOCH COUNTY,307,75 Years,63,28,35,49,22,27,0,0,0,1,0,1,13,6,7
MCCULLOCH COUNTY,307,76 Years,63,28,35,47,22,25,0,0,0,1,1,0,15,5,10
MCCULLOCH COUNTY,307,77 Years,74,35,39,51,25,26,0,0,0,2,1,1,21,9,12
MCCULLOCH COUNTY,307,78 Years,66,29,37,47,21,26,1,0,1,1,0,1,17,8,9
MCCULLOCH COUNTY,307,79 Years,63,24,39,50,17,33,0,0,0,1,1,0,12,6,6
MCCULLOCH COUNTY,307,80 Years,60,28,32,47,23,24,0,0,0,1,0,1,12,5,7
MCCULLOCH COUNTY,307,81 Years,50,20,30,37,16,21,1,1,0,1,0,1,11,3,8
MCCULLOCH COUNTY,307,82 Years,47,21,26,33,15,18,1,1,0,1,1,0,12,4,8
MCCULLOCH COUNTY,307,83 Years,46,19,27,38,17,21,1,1,0,0,0,0,7,1,6
MCCULLOCH COUNTY,307,84 Years,50,20,30,41,15,26,0,0,0,1,0,1,8,5,3
MCCULLOCH COUNTY,307,85 Years +,242,92,150,201,71,130,7,3,4,0,0,0,34,18,16
MCLENNAN COUNTY,309,All Ages,245185,119917,125268,135925,66191,69734,36171,17026,19145,8838,4049,4789,64251,32651,31600
MCLENNAN COUNTY,309,< 1 Year,3655,1872,1783,1442,737,705,638,326,312,233,120,113,1342,689,653
MCLENNAN COUNTY,309,1 Years,3605,1856,1749,1427,729,698,640,330,310,233,119,114,1305,678,627
MCLENNAN COUNTY,309,2 Years,3547,1843,1704,1415,731,684,624,325,299,218,113,105,1290,674,616
MCLENNAN COUNTY,309,3 Years,3548,1820,1728,1434,729,705,611,312,299,216,113,103,1287,666,621
MCLENNAN COUNTY,309,4 Years,3433,1762,1671,1396,723,673,581,296,285,176,88,88,1280,655,625
MCLENNAN COUNTY,309,5 Years,3307,1711,1596,1343,698,645,504,252,252,172,87,85,1288,674,614
MCLENNAN COUNTY,309,6 Years,3358,1736,1622,1350,703,647,511,256,255,178,90,88,1319,687,632
MCLENNAN COUNTY,309,7 Years,3333,1737,1596,1367,729,638,529,269,260,152,73,79,1285,666,619
MCLENNAN COUNTY,309,8 Years,3362,1763,1599,1398,762,636,558,280,278,138,66,72,1268,655,613
MCLENNAN COUNTY,309,9 Years,3276,1662,1614,1354,708,646,500,252,248,133,59,74,1289,643,646
MCLENNAN COUNTY,309,10 Years,3337,1698,1639,1382,699,683,534,277,257,147,67,80,1274,655,619
MCLENNAN COUNTY,309,11 Years,3350,1675,1675,1380,686,694,535,263,272,157,79,78,1278,647,631
MCLENNAN COUNTY,309,12 Years,3441,1762,1679,1459,748,711,509,250,259,141,66,75,1332,698,634
MCLENNAN COUNTY,309,13 Years,3420,1737,1683,1429,712,717,560,286,274,150,73,77,1281,666,615
MCLENNAN COUNTY,309,14 Years,3383,1743,1640,1451,744,707,561,293,268,152,76,76,1219,630,589
MCLENNAN COUNTY,309,15 Years,3481,1823,1658,1533,810,723,577,307,270,153,72,81,1218,634,584
MCLENNAN COUNTY,309,16 Years,3337,1729,1608,1480,778,702,550,282,268,139,68,71,1168,601,567
MCLENNAN COUNTY,309,17 Years,3376,1738,1638,1586,830,756,532,260,272,132,55,77,1126,593,533
MCLENNAN COUNTY,309,18 Years,4311,2157,2154,2255,1129,1126,597,309,288,221,99,122,1238,620,618
MCLENNAN COUNTY,309,19 Years,5589,2761,2828,3159,1581,1578,651,338,313,320,141,179,1459,701,758
MCLENNAN COUNTY,309,20 Years,5382,2594,2788,3071,1449,1622,683,366,317,244,105,139,1384,674,710
MCLENNAN COUNTY,309,21 Years,5173,2605,2568,2890,1438,1452,651,338,313,269,112,157,1363,717,646
MCLENNAN COUNTY,309,22 Years,4971,2433,2538,2644,1246,1398,678,345,333,222,97,125,1427,745,682
MCLENNAN COUNTY,309,23 Years,4635,2309,2326,2228,1086,1142,740,371,369,258,120,138,1409,732,677
MCLENNAN COUNTY,309,24 Years,4599,2327,2272,2332,1219,1113,704,328,376,242,103,139,1321,677,644
MCLENNAN COUNTY,309,25 Years,4342,2131,2211,2239,1103,1136,625,278,347,242,105,137,1236,645,591
MCLENNAN COUNTY,309,26 Years,3778,1864,1914,1801,909,892,573,241,332,205,91,114,1199,623,576
MCLENNAN COUNTY,309,27 Years,3628,1821,1807,1774,912,862,552,243,309,168,80,88,1134,586,548
MCLENNAN COUNTY,309,28 Years,3286,1626,1660,1606,796,810,502,228,274,117,68,49,1061,534,527
MCLENNAN COUNTY,309,29 Years,3023,1528,1495,1446,710,736,478,243,235,91,43,48,1008,532,476
MCLENNAN COUNTY,309,30 Years,3026,1516,1510,1519,750,769,444,217,227,79,38,41,984,511,473
MCLENNAN COUNTY,309,31 Years,2920,1449,1471,1380,685,695,450,203,247,87,46,41,1003,515,488
MCLENNAN COUNTY,309,32 Years,2873,1416,1457,1357,684,673,445,202,243,103,45,58,968,485,483
MCLENNAN COUNTY,309,33 Years,2879,1427,1452,1396,711,685,453,199,254,87,38,49,943,479,464
MCLENNAN COUNTY,309,34 Years,2961,1444,1517,1411,710,701,506,214,292,81,32,49,963,488,475
MCLENNAN COUNTY,309,35 Years,2773,1355,1418,1391,700,691,460,201,259,88,35,53,834,419,415
MCLENNAN COUNTY,309,36 Years,2715,1375,1340,1394,708,686,421,209,212,82,36,46,818,422,396
MCLENNAN COUNTY,309,37 Years,2634,1307,1327,1345,672,673,406,182,224,83,39,44,800,414,386
MCLENNAN COUNTY,309,38 Years,2635,1288,1347,1317,658,659,430,184,246,91,42,49,797,404,393
MCLENNAN COUNTY,309,39 Years,2665,1294,1371,1378,694,684,413,181,232,88,42,46,786,377,409
MCLENNAN COUNTY,309,40 Years,2590,1256,1334,1375,664,711,406,175,231,79,39,40,730,378,352
MCLENNAN COUNTY,309,41 Years,2545,1220,1325,1370,676,694,384,169,215,78,38,40,713,337,376
MCLENNAN COUNTY,309,42 Years,2735,1316,1419,1502,732,770,394,188,206,81,30,51,758,366,392
MCLENNAN COUNTY,309,43 Years,2793,1339,1454,1600,777,823,412,185,227,91,39,52,690,338,352
MCLENNAN COUNTY,309,44 Years,2812,1379,1433,1620,795,825,411,192,219,90,38,52,691,354,337
MCLENNAN COUNTY,309,45 Years,2672,1281,1391,1571,756,815,389,179,210,80,33,47,632,313,319
MCLENNAN COUNTY,309,46 Years,2614,1255,1359,1512,736,776,375,170,205,76,33,43,651,316,335
MCLENNAN COUNTY,309,47 Years,2632,1237,1395,1523,734,789,391,169,222,73,32,41,645,302,343
MCLENNAN COUNTY,309,48 Years,2685,1291,1394,1583,753,830,411,193,218,67,27,40,624,318,306
MCLENNAN COUNTY,309,49 Years,3036,1441,1595,1845,866,979,462,215,247,77,36,41,652,324,328
MCLENNAN COUNTY,309,50 Years,2948,1454,1494,1817,896,921,418,186,232,71,33,38,642,339,303
MCLENNAN COUNTY,309,51 Years,2898,1432,1466,1795,890,905,419,193,226,67,34,33,617,315,302
MCLENNAN COUNTY,309,52 Years,3030,1542,1488,1887,944,943,441,223,218,76,39,37,626,336,290
MCLENNAN COUNTY,309,53 Years,3036,1488,1548,1883,934,949,455,204,251,81,34,47,617,316,301
MCLENNAN COUNTY,309,54 Years,3098,1519,1579,1952,951,1001,489,239,250,76,32,44,581,297,284
MCLENNAN COUNTY,309,55 Years,3067,1529,1538,1961,972,989,470,228,242,74,37,37,562,292,270
MCLENNAN COUNTY,309,56 Years,3000,1435,1565,1988,958,1030,457,201,256,69,31,38,486,245,241
MCLENNAN COUNTY,309,57 Years,3002,1464,1538,1993,976,1017,475,213,262,65,28,37,469,247,222
MCLENNAN COUNTY,309,58 Years,2993,1438,1555,1973,947,1026,476,212,264,65,31,34,479,248,231
MCLENNAN COUNTY,309,59 Years,2998,1417,1581,2013,963,1050,472,207,265,73,31,42,440,216,224
MCLENNAN COUNTY,309,60 Years,2783,1325,1458,1897,912,985,429,187,242,62,27,35,395,199,196
MCLENNAN COUNTY,309,61 Years,2803,1347,1456,1932,944,988,420,184,236,51,18,33,400,201,199
MCLENNAN COUNTY,309,62 Years,2628,1215,1413,1852,875,977,398,154,244,49,17,32,329,169,160
MCLENNAN COUNTY,309,63 Years,2458,1168,1290,1724,821,903,363,164,199,50,18,32,321,165,156
MCLENNAN COUNTY,309,64 Years,2403,1157,1246,1720,832,888,319,147,172,56,25,31,308,153,155
MCLENNAN COUNTY,309,65 Years,2393,1166,1227,1723,847,876,331,154,177,51,24,27,288,141,147
MCLENNAN COUNTY,309,66 Years,2331,1117,1214,1728,831,897,299,141,158,52,20,32,252,125,127
MCLENNAN COUNTY,309,67 Years,2229,1048,1181,1690,796,894,254,115,139,48,18,30,237,119,118
MCLENNAN COUNTY,309,68 Years,1816,848,968,1339,631,708,212,91,121,45,16,29,220,110,110
MCLENNAN COUNTY,309,69 Years,1748,818,930,1301,618,683,216,93,123,33,12,21,198,95,103
MCLENNAN COUNTY,309,70 Years,1709,786,923,1284,612,672,197,80,117,28,7,21,200,87,113
MCLENNAN COUNTY,309,71 Years,1637,761,876,1249,590,659,185,78,107,31,15,16,172,78,94
MCLENNAN COUNTY,309,72 Years,1522,686,836,1172,535,637,166,65,101,36,18,18,148,68,80
MCLENNAN COUNTY,309,73 Years,1401,618,783,1075,481,594,158,69,89,27,8,19,141,60,81
MCLENNAN COUNTY,309,74 Years,1334,599,735,1022,466,556,152,65,87,25,9,16,135,59,76
MCLENNAN COUNTY,309,75 Years,1272,570,702,986,456,530,141,51,90,20,9,11,125,54,71
MCLENNAN COUNTY,309,76 Years,1258,574,684,966,451,515,148,60,88,22,9,13,122,54,68
MCLENNAN COUNTY,309,77 Years,1113,502,611,853,391,462,134,51,83,20,11,9,106,49,57
MCLENNAN COUNTY,309,78 Years,1094,464,630,851,368,483,120,46,74,18,9,9,105,41,64
MCLENNAN COUNTY,309,79 Years,1052,457,595,837,371,466,105,41,64,12,7,5,98,38,60
MCLENNAN COUNTY,309,80 Years,987,405,582,780,324,456,98,34,64,13,7,6,96,40,56
MCLENNAN COUNTY,309,81 Years,920,380,540,723,299,424,103,39,64,10,3,7,84,39,45
MCLENNAN COUNTY,309,82 Years,849,360,489,674,286,388,87,35,52,14,4,10,74,35,39
MCLENNAN COUNTY,309,83 Years,799,332,467,635,259,376,94,42,52,9,3,6,61,28,33
MCLENNAN COUNTY,309,84 Years,771,307,464,616,242,374,91,35,56,6,2,4,58,28,30
MCLENNAN COUNTY,309,85 Years +,4344,1480,2864,3574,1227,2347,428,128,300,53,17,36,289,108,181
MCMULLEN COUNTY,311,All Ages,813,418,395,475,237,238,9,6,3,7,1,6,322,174,148
MCMULLEN COUNTY,311,< 1 Year,11,5,6,1,0,1,0,0,0,0,0,0,10,5,5
MCMULLEN COUNTY,311,1 Years,11,4,7,1,0,1,0,0,0,0,0,0,10,4,6
MCMULLEN COUNTY,311,2 Years,13,7,6,3,0,3,0,0,0,0,0,0,10,7,3
MCMULLEN COUNTY,311,3 Years,10,8,2,3,2,1,0,0,0,0,0,0,7,6,1
MCMULLEN COUNTY,311,4 Years,6,1,5,1,0,1,0,0,0,0,0,0,5,1,4
MCMULLEN COUNTY,311,5 Years,5,2,3,1,0,1,0,0,0,0,0,0,4,2,2
MCMULLEN COUNTY,311,6 Years,6,3,3,5,3,2,0,0,0,0,0,0,1,0,1
MCMULLEN COUNTY,311,7 Years,7,4,3,6,3,3,0,0,0,0,0,0,1,1,0
MCMULLEN COUNTY,311,8 Years,7,5,2,2,1,1,0,0,0,0,0,0,5,4,1
MCMULLEN COUNTY,311,9 Years,8,5,3,4,3,1,0,0,0,0,0,0,4,2,2
MCMULLEN COUNTY,311,10 Years,5,3,2,2,1,1,1,1,0,0,0,0,2,1,1
MCMULLEN COUNTY,311,11 Years,4,1,3,2,1,1,0,0,0,0,0,0,2,0,2
MCMULLEN COUNTY,311,12 Years,8,3,5,3,1,2,0,0,0,0,0,0,5,2,3
MCMULLEN COUNTY,311,13 Years,9,5,4,5,4,1,0,0,0,0,0,0,4,1,3
MCMULLEN COUNTY,311,14 Years,8,5,3,3,2,1,0,0,0,0,0,0,5,3,2
MCMULLEN COUNTY,311,15 Years,13,7,6,5,2,3,0,0,0,0,0,0,8,5,3
MCMULLEN COUNTY,311,16 Years,15,8,7,6,4,2,1,1,0,0,0,0,8,3,5
MCMULLEN COUNTY,311,17 Years,6,2,4,2,1,1,0,0,0,0,0,0,4,1,3
MCMULLEN COUNTY,311,18 Years,5,4,1,1,1,0,0,0,0,0,0,0,4,3,1
MCMULLEN COUNTY,311,19 Years,7,5,2,3,2,1,0,0,0,0,0,0,4,3,1
MCMULLEN COUNTY,311,20 Years,4,2,2,1,0,1,0,0,0,0,0,0,3,2,1
MCMULLEN COUNTY,311,21 Years,7,3,4,4,2,2,0,0,0,0,0,0,3,1,2
MCMULLEN COUNTY,311,22 Years,13,7,6,6,2,4,0,0,0,0,0,0,7,5,2
MCMULLEN COUNTY,311,23 Years,8,4,4,3,0,3,1,1,0,0,0,0,4,3,1
MCMULLEN COUNTY,311,24 Years,10,7,3,3,2,1,0,0,0,0,0,0,7,5,2
MCMULLEN COUNTY,311,25 Years,8,3,5,3,1,2,0,0,0,0,0,0,5,2,3
MCMULLEN COUNTY,311,26 Years,4,2,2,1,0,1,0,0,0,0,0,0,3,2,1
MCMULLEN COUNTY,311,27 Years,8,3,5,2,1,1,0,0,0,0,0,0,6,2,4
MCMULLEN COUNTY,311,28 Years,6,3,3,1,0,1,0,0,0,0,0,0,5,3,2
MCMULLEN COUNTY,311,29 Years,9,6,3,5,2,3,0,0,0,0,0,0,4,4,0
MCMULLEN COUNTY,311,30 Years,9,4,5,8,3,5,0,0,0,0,0,0,1,1,0
MCMULLEN COUNTY,311,31 Years,7,2,5,5,2,3,0,0,0,0,0,0,2,0,2
MCMULLEN COUNTY,311,32 Years,6,2,4,3,1,2,0,0,0,0,0,0,3,1,2
MCMULLEN COUNTY,311,33 Years,5,2,3,2,1,1,0,0,0,0,0,0,3,1,2
MCMULLEN COUNTY,311,34 Years,9,5,4,4,3,1,1,0,1,2,0,2,2,2,0
MCMULLEN COUNTY,311,35 Years,8,5,3,5,3,2,0,0,0,1,0,1,2,2,0
MCMULLEN COUNTY,311,36 Years,7,4,3,3,3,0,0,0,0,0,0,0,4,1,3
MCMULLEN COUNTY,311,37 Years,5,2,3,3,1,2,0,0,0,0,0,0,2,1,1
MCMULLEN COUNTY,311,38 Years,5,3,2,2,1,1,0,0,0,0,0,0,3,2,1
MCMULLEN COUNTY,311,39 Years,5,3,2,3,1,2,0,0,0,0,0,0,2,2,0
MCMULLEN COUNTY,311,40 Years,7,4,3,5,3,2,0,0,0,0,0,0,2,1,1
MCMULLEN COUNTY,311,41 Years,5,2,3,3,1,2,0,0,0,0,0,0,2,1,1
MCMULLEN COUNTY,311,42 Years,7,5,2,4,4,0,0,0,0,0,0,0,3,1,2
MCMULLEN COUNTY,311,43 Years,5,2,3,2,2,0,0,0,0,0,0,0,3,0,3
MCMULLEN COUNTY,311,44 Years,6,1,5,5,1,4,0,0,0,0,0,0,1,0,1
MCMULLEN COUNTY,311,45 Years,11,8,3,5,3,2,0,0,0,0,0,0,6,5,1
MCMULLEN COUNTY,311,46 Years,8,4,4,3,1,2,1,1,0,0,0,0,4,2,2
MCMULLEN COUNTY,311,47 Years,10,3,7,7,3,4,0,0,0,0,0,0,3,0,3
MCMULLEN COUNTY,311,48 Years,13,5,8,8,3,5,0,0,0,2,0,2,3,2,1
MCMULLEN COUNTY,311,49 Years,17,8,9,7,2,5,0,0,0,1,0,1,9,6,3
MCMULLEN COUNTY,311,50 Years,7,4,3,3,2,1,0,0,0,0,0,0,4,2,2
MCMULLEN COUNTY,311,51 Years,6,4,2,4,4,0,0,0,0,0,0,0,2,0,2
MCMULLEN COUNTY,311,52 Years,10,5,5,5,3,2,0,0,0,0,0,0,5,2,3
MCMULLEN COUNTY,311,53 Years,15,6,9,11,4,7,0,0,0,0,0,0,4,2,2
MCMULLEN COUNTY,311,54 Years,11,6,5,8,4,4,0,0,0,0,0,0,3,2,1
MCMULLEN COUNTY,311,55 Years,13,10,3,7,5,2,0,0,0,0,0,0,6,5,1
MCMULLEN COUNTY,311,56 Years,13,8,5,8,5,3,1,0,1,0,0,0,4,3,1
MCMULLEN COUNTY,311,57 Years,10,5,5,4,2,2,0,0,0,0,0,0,6,3,3
MCMULLEN COUNTY,311,58 Years,23,11,12,16,8,8,0,0,0,0,0,0,7,3,4
MCMULLEN COUNTY,311,59 Years,21,11,10,15,8,7,0,0,0,0,0,0,6,3,3
MCMULLEN COUNTY,311,60 Years,13,4,9,9,3,6,0,0,0,0,0,0,4,1,3
MCMULLEN COUNTY,311,61 Years,13,8,5,11,7,4,0,0,0,0,0,0,2,1,1
MCMULLEN COUNTY,311,62 Years,9,3,6,8,3,5,0,0,0,0,0,0,1,0,1
MCMULLEN COUNTY,311,63 Years,9,6,3,7,5,2,0,0,0,0,0,0,2,1,1
MCMULLEN COUNTY,311,64 Years,10,6,4,6,3,3,0,0,0,0,0,0,4,3,1
MCMULLEN COUNTY,311,65 Years,12,7,5,9,5,4,0,0,0,0,0,0,3,2,1
MCMULLEN COUNTY,311,66 Years,8,5,3,7,4,3,0,0,0,0,0,0,1,1,0
MCMULLEN COUNTY,311,67 Years,11,5,6,9,4,5,0,0,0,0,0,0,2,1,1
MCMULLEN COUNTY,311,68 Years,6,1,5,4,1,3,0,0,0,0,0,0,2,0,2
MCMULLEN COUNTY,311,69 Years,15,7,8,9,5,4,0,0,0,0,0,0,6,2,4
MCMULLEN COUNTY,311,70 Years,12,4,8,9,4,5,0,0,0,0,0,0,3,0,3
MCMULLEN COUNTY,311,71 Years,5,1,4,3,1,2,0,0,0,0,0,0,2,0,2
MCMULLEN COUNTY,311,72 Years,15,8,7,10,4,6,0,0,0,0,0,0,5,4,1
MCMULLEN COUNTY,311,73 Years,11,7,4,9,5,4,0,0,0,0,0,0,2,2,0
MCMULLEN COUNTY,311,74 Years,14,13,1,10,9,1,0,0,0,0,0,0,4,4,0
MCMULLEN COUNTY,311,75 Years,8,5,3,4,2,2,0,0,0,0,0,0,4,3,1
MCMULLEN COUNTY,311,76 Years,15,5,10,10,2,8,0,0,0,0,0,0,5,3,2
MCMULLEN COUNTY,311,77 Years,16,6,10,14,5,9,0,0,0,0,0,0,2,1,1
MCMULLEN COUNTY,311,78 Years,11,6,5,10,5,5,1,1,0,0,0,0,0,0,0
MCMULLEN COUNTY,311,79 Years,9,7,2,8,6,2,1,1,0,0,0,0,0,0,0
MCMULLEN COUNTY,311,80 Years,5,3,2,3,2,1,0,0,0,0,0,0,2,1,1
MCMULLEN COUNTY,311,81 Years,11,4,7,9,3,6,0,0,0,0,0,0,2,1,1
MCMULLEN COUNTY,311,82 Years,13,5,8,10,4,6,1,0,1,0,0,0,2,1,1
MCMULLEN COUNTY,311,83 Years,12,5,7,9,4,5,0,0,0,1,1,0,2,0,2
MCMULLEN COUNTY,311,84 Years,6,4,2,6,4,2,0,0,0,0,0,0,0,0,0
MCMULLEN COUNTY,311,85 Years +,19,12,7,16,9,7,0,0,0,0,0,0,3,3,0
MADISON COUNTY,313,All Ages,14262,8210,6052,8201,4347,3854,2744,1798,946,331,170,161,2986,1895,1091
MADISON COUNTY,313,< 1 Year,157,82,75,75,39,36,21,10,11,14,9,5,47,24,23
MADISON COUNTY,313,1 Years,162,86,76,74,40,34,22,12,10,15,10,5,51,24,27
MADISON COUNTY,313,2 Years,154,83,71,70,38,32,19,10,9,19,13,6,46,22,24
MADISON COUNTY,313,3 Years,160,82,78,72,38,34,21,11,10,23,11,12,44,22,22
MADISON COUNTY,313,4 Years,172,88,84,87,49,38,24,11,13,14,5,9,47,23,24
MADISON COUNTY,313,5 Years,161,82,79,89,48,41,21,9,12,15,5,10,36,20,16
MADISON COUNTY,313,6 Years,161,83,78,80,42,38,23,12,11,13,4,9,45,25,20
MADISON COUNTY,313,7 Years,165,85,80,81,43,38,35,18,17,8,3,5,41,21,20
MADISON COUNTY,313,8 Years,166,80,86,79,35,44,37,15,22,6,4,2,44,26,18
MADISON COUNTY,313,9 Years,165,88,77,85,47,38,30,13,17,8,3,5,42,25,17
MADISON COUNTY,313,10 Years,158,81,77,86,46,40,25,14,11,9,1,8,38,20,18
MADISON COUNTY,313,11 Years,154,73,81,83,41,42,27,10,17,6,0,6,38,22,16
MADISON COUNTY,313,12 Years,179,94,85,86,49,37,34,19,15,5,3,2,54,23,31
MADISON COUNTY,313,13 Years,172,95,77,87,51,36,30,17,13,5,5,0,50,22,28
MADISON COUNTY,313,14 Years,178,87,91,98,49,49,29,11,18,4,3,1,47,24,23
MADISON COUNTY,313,15 Years,189,94,95,94,50,44,36,9,27,3,2,1,56,33,23
MADISON COUNTY,313,16 Years,194,96,98,105,52,53,35,14,21,5,3,2,49,27,22
MADISON COUNTY,313,17 Years,179,95,84,98,54,44,25,12,13,6,5,1,50,24,26
MADISON COUNTY,313,18 Years,176,101,75,74,39,35,38,24,14,4,3,1,60,35,25
MADISON COUNTY,313,19 Years,219,138,81,88,44,44,50,38,12,3,2,1,78,54,24
MADISON COUNTY,313,20 Years,239,154,85,95,53,42,57,40,17,2,2,0,85,59,26
MADISON COUNTY,313,21 Years,265,180,85,102,63,39,67,50,17,4,2,2,92,65,27
MADISON COUNTY,313,22 Years,274,198,76,97,65,32,73,62,11,1,0,1,103,71,32
MADISON COUNTY,313,23 Years,274,203,71,100,65,35,65,56,9,1,0,1,108,82,26
MADISON COUNTY,313,24 Years,321,252,69,126,91,35,99,87,12,1,1,0,95,73,22
MADISON COUNTY,313,25 Years,321,247,74,113,70,43,111,95,16,1,1,0,96,81,15
MADISON COUNTY,313,26 Years,297,234,63,115,79,36,93,78,15,1,0,1,88,77,11
MADISON COUNTY,313,27 Years,262,194,68,121,78,43,82,71,11,2,2,0,57,43,14
MADISON COUNTY,313,28 Years,224,172,52,93,56,37,56,53,3,3,3,0,72,60,12
MADISON COUNTY,313,29 Years,230,169,61,113,76,37,62,51,11,5,3,2,50,39,11
MADISON COUNTY,313,30 Years,222,149,73,101,58,43,61,50,11,7,4,3,53,37,16
MADISON COUNTY,313,31 Years,232,157,75,101,59,42,60,46,14,3,1,2,68,51,17
MADISON COUNTY,313,32 Years,195,135,60,91,54,37,62,51,11,3,2,1,39,28,11
MADISON COUNTY,313,33 Years,207,145,62,100,62,38,50,40,10,2,1,1,55,42,13
MADISON COUNTY,313,34 Years,206,135,71,101,61,40,51,40,11,3,2,1,51,32,19
MADISON COUNTY,313,35 Years,190,119,71,86,45,41,55,41,14,4,1,3,45,32,13
MADISON COUNTY,313,36 Years,194,125,69,99,54,45,50,39,11,4,2,2,41,30,11
MADISON COUNTY,313,37 Years,181,124,57,78,42,36,55,49,6,5,3,2,43,30,13
MADISON COUNTY,313,38 Years,171,111,60,102,66,36,24,19,5,3,2,1,42,24,18
MADISON COUNTY,313,39 Years,176,112,64,87,53,34,42,30,12,4,2,2,43,27,16
MADISON COUNTY,313,40 Years,169,93,76,96,49,47,32,17,15,1,0,1,40,27,13
MADISON COUNTY,313,41 Years,189,120,69,102,61,41,42,28,14,0,0,0,45,31,14
MADISON COUNTY,313,42 Years,169,93,76,88,44,44,28,19,9,3,0,3,50,30,20
MADISON COUNTY,313,43 Years,186,117,69,104,59,45,35,28,7,5,3,2,42,27,15
MADISON COUNTY,313,44 Years,188,107,81,124,69,55,36,24,12,1,1,0,27,13,14
MADISON COUNTY,313,45 Years,178,101,77,100,54,46,42,27,15,2,2,0,34,18,16
MADISON COUNTY,313,46 Years,160,91,69,88,44,44,31,18,13,5,4,1,36,25,11
MADISON COUNTY,313,47 Years,144,79,65,97,52,45,23,15,8,1,1,0,23,11,12
MADISON COUNTY,313,48 Years,152,83,69,109,60,49,15,4,11,3,2,1,25,17,8
MADISON COUNTY,313,49 Years,138,72,66,87,45,42,24,11,13,1,1,0,26,15,11
MADISON COUNTY,313,50 Years,152,74,78,91,44,47,23,12,11,5,2,3,33,16,17
MADISON COUNTY,313,51 Years,143,78,65,93,50,43,22,12,10,3,2,1,25,14,11
MADISON COUNTY,313,52 Years,152,73,79,108,49,59,23,14,9,1,0,1,20,10,10
MADISON COUNTY,313,53 Years,144,68,76,102,44,58,17,9,8,2,1,1,23,14,9
MADISON COUNTY,313,54 Years,149,69,80,104,44,60,26,14,12,1,1,0,18,10,8
MADISON COUNTY,313,55 Years,167,80,87,130,62,68,17,6,11,3,3,0,17,9,8
MADISON COUNTY,313,56 Years,160,77,83,136,69,67,6,0,6,2,0,2,16,8,8
MADISON COUNTY,313,57 Years,158,75,83,119,63,56,26,8,18,3,2,1,10,2,8
MADISON COUNTY,313,58 Years,151,80,71,113,60,53,24,10,14,2,2,0,12,8,4
MADISON COUNTY,313,59 Years,160,76,84,118,56,62,25,14,11,3,1,2,14,5,9
MADISON COUNTY,313,60 Years,166,79,87,115,56,59,30,14,16,3,1,2,18,8,10
MADISON COUNTY,313,61 Years,153,73,80,111,54,57,22,9,13,2,0,2,18,10,8
MADISON COUNTY,313,62 Years,151,76,75,109,47,62,26,20,6,2,0,2,14,9,5
MADISON COUNTY,313,63 Years,151,68,83,115,49,66,27,17,10,2,0,2,7,2,5
MADISON COUNTY,313,64 Years,146,71,75,117,54,63,18,12,6,1,0,1,10,5,5
MADISON COUNTY,313,65 Years,156,75,81,122,60,62,22,9,13,3,1,2,9,5,4
MADISON COUNTY,313,66 Years,149,72,77,129,63,66,13,5,8,1,1,0,6,3,3
MADISON COUNTY,313,67 Years,148,74,74,124,61,63,9,4,5,6,4,2,9,5,4
MADISON COUNTY,313,68 Years,124,62,62,102,50,52,12,7,5,4,2,2,6,3,3
MADISON COUNTY,313,69 Years,116,50,66,94,40,54,17,8,9,2,1,1,3,1,2
MADISON COUNTY,313,70 Years,117,56,61,103,46,57,10,6,4,0,0,0,4,4,0
MADISON COUNTY,313,71 Years,113,51,62,92,39,53,15,8,7,2,2,0,4,2,2
MADISON COUNTY,313,72 Years,116,60,56,94,50,44,12,5,7,2,1,1,8,4,4
MADISON COUNTY,313,73 Years,114,61,53,102,55,47,5,2,3,2,1,1,5,3,2
MADISON COUNTY,313,74 Years,119,60,59,102,53,49,11,5,6,2,0,2,4,2,2
MADISON COUNTY,313,75 Years,102,53,49,79,44,35,15,6,9,2,0,2,6,3,3
MADISON COUNTY,313,76 Years,83,45,38,68,40,28,7,1,6,1,0,1,7,4,3
MADISON COUNTY,313,77 Years,75,30,45,61,25,36,9,3,6,0,0,0,5,2,3
MADISON COUNTY,313,78 Years,77,36,41,64,29,35,8,5,3,1,0,1,4,2,2
MADISON COUNTY,313,79 Years,68,31,37,58,26,32,9,4,5,0,0,0,1,1,0
MADISON COUNTY,313,80 Years,61,27,34,54,25,29,6,2,4,0,0,0,1,0,1
MADISON COUNTY,313,81 Years,53,27,26,45,24,21,5,2,3,0,0,0,3,1,2
MADISON COUNTY,313,82 Years,51,25,26,40,21,19,10,3,7,0,0,0,1,1,0
MADISON COUNTY,313,83 Years,49,24,25,37,20,17,12,4,8,0,0,0,0,0,0
MADISON COUNTY,313,84 Years,44,23,21,38,19,19,4,2,2,0,0,0,2,2,0
MADISON COUNTY,313,85 Years +,249,87,162,205,75,130,36,8,28,2,0,2,6,4,2
MARION COUNTY,315,All Ages,10255,5055,5200,7232,3639,3593,2312,1069,1243,361,176,185,350,171,179
MARION COUNTY,315,< 1 Year,95,47,48,54,24,30,24,13,11,12,7,5,5,3,2
MARION COUNTY,315,1 Years,99,44,55,53,22,31,27,14,13,10,5,5,9,3,6
MARION COUNTY,315,2 Years,99,44,55,52,22,30,23,12,11,11,4,7,13,6,7
MARION COUNTY,315,3 Years,98,45,53,51,24,27,25,11,14,11,5,6,11,5,6
MARION COUNTY,315,4 Years,111,52,59,58,25,33,34,18,16,11,3,8,8,6,2
MARION COUNTY,315,5 Years,98,52,46,54,25,29,30,19,11,6,2,4,8,6,2
MARION COUNTY,315,6 Years,116,61,55,72,38,34,22,11,11,10,7,3,12,5,7
MARION COUNTY,315,7 Years,101,48,53,65,31,34,22,11,11,5,3,2,9,3,6
MARION COUNTY,315,8 Years,102,53,49,63,33,30,26,14,12,5,3,2,8,3,5
MARION COUNTY,315,9 Years,95,45,50,60,28,32,23,12,11,6,3,3,6,2,4
MARION COUNTY,315,10 Years,90,49,41,58,34,24,22,11,11,4,2,2,6,2,4
MARION COUNTY,315,11 Years,94,50,44,68,35,33,19,12,7,2,1,1,5,2,3
MARION COUNTY,315,12 Years,102,53,49,67,38,29,29,13,16,2,1,1,4,1,3
MARION COUNTY,315,13 Years,99,56,43,64,40,24,26,11,15,5,3,2,4,2,2
MARION COUNTY,315,14 Years,100,51,49,60,33,27,30,12,18,6,4,2,4,2,2
MARION COUNTY,315,15 Years,108,62,46,58,34,24,40,20,20,4,3,1,6,5,1
MARION COUNTY,315,16 Years,125,76,49,76,49,27,35,17,18,6,4,2,8,6,2
MARION COUNTY,315,17 Years,114,65,49,79,47,32,23,9,14,7,5,2,5,4,1
MARION COUNTY,315,18 Years,108,60,48,66,37,29,28,14,14,5,3,2,9,6,3
MARION COUNTY,315,19 Years,104,59,45,52,29,23,36,19,17,5,3,2,11,8,3
MARION COUNTY,315,20 Years,100,51,49,59,28,31,26,12,14,6,3,3,9,8,1
MARION COUNTY,315,21 Years,103,56,47,65,36,29,27,13,14,5,3,2,6,4,2
MARION COUNTY,315,22 Years,111,61,50,74,41,33,28,16,12,4,2,2,5,2,3
MARION COUNTY,315,23 Years,102,53,49,74,41,33,20,8,12,2,1,1,6,3,3
MARION COUNTY,315,24 Years,86,42,44,62,32,30,18,7,11,1,1,0,5,2,3
MARION COUNTY,315,25 Years,79,40,39,46,24,22,27,13,14,2,1,1,4,2,2
MARION COUNTY,315,26 Years,96,47,49,61,33,28,23,10,13,4,2,2,8,2,6
MARION COUNTY,315,27 Years,100,45,55,65,33,32,24,7,17,6,3,3,5,2,3
MARION COUNTY,315,28 Years,96,48,48,71,39,32,19,7,12,4,1,3,2,1,1
MARION COUNTY,315,29 Years,76,34,42,62,29,33,13,4,9,1,1,0,0,0,0
MARION COUNTY,315,30 Years,79,36,43,57,27,30,13,6,7,4,1,3,5,2,3
MARION COUNTY,315,31 Years,90,38,52,49,22,27,29,11,18,6,2,4,6,3,3
MARION COUNTY,315,32 Years,87,38,49,54,25,29,26,11,15,2,1,1,5,1,4
MARION COUNTY,315,33 Years,84,42,42,57,28,29,22,11,11,3,3,0,2,0,2
MARION COUNTY,315,34 Years,96,44,52,64,28,36,27,13,14,4,3,1,1,0,1
MARION COUNTY,315,35 Years,80,39,41,58,27,31,18,9,9,1,1,0,3,2,1
MARION COUNTY,315,36 Years,73,32,41,55,25,30,16,6,10,0,0,0,2,1,1
MARION COUNTY,315,37 Years,93,50,43,63,35,28,21,11,10,5,2,3,4,2,2
MARION COUNTY,315,38 Years,92,47,45,65,36,29,19,9,10,2,1,1,6,1,5
MARION COUNTY,315,39 Years,77,37,40,54,26,28,15,7,8,3,2,1,5,2,3
MARION COUNTY,315,40 Years,85,44,41,63,32,31,16,9,7,3,1,2,3,2,1
MARION COUNTY,315,41 Years,95,46,49,68,37,31,19,5,14,2,1,1,6,3,3
MARION COUNTY,315,42 Years,100,38,62,70,29,41,17,4,13,4,1,3,9,4,5
MARION COUNTY,315,43 Years,116,56,60,82,42,40,23,11,12,6,1,5,5,2,3
MARION COUNTY,315,44 Years,110,57,53,78,42,36,24,13,11,3,1,2,5,1,4
MARION COUNTY,315,45 Years,108,53,55,75,37,38,28,15,13,2,0,2,3,1,2
MARION COUNTY,315,46 Years,114,58,56,83,45,38,26,11,15,3,1,2,2,1,1
MARION COUNTY,315,47 Years,131,66,65,93,47,46,31,14,17,3,2,1,4,3,1
MARION COUNTY,315,48 Years,152,79,73,104,54,50,37,18,19,6,3,3,5,4,1
MARION COUNTY,315,49 Years,150,77,73,108,57,51,35,16,19,5,3,2,2,1,1
MARION COUNTY,315,50 Years,149,78,71,110,58,52,34,18,16,4,2,2,1,0,1
MARION COUNTY,315,51 Years,154,77,77,112,56,56,33,18,15,6,2,4,3,1,2
MARION COUNTY,315,52 Years,176,84,92,131,65,66,37,17,20,4,2,2,4,0,4
MARION COUNTY,315,53 Years,186,84,102,138,70,68,38,11,27,7,3,4,3,0,3
MARION COUNTY,315,54 Years,205,106,99,149,82,67,47,20,27,6,4,2,3,0,3
MARION COUNTY,315,55 Years,197,93,104,141,69,72,47,18,29,4,3,1,5,3,2
MARION COUNTY,315,56 Years,176,81,95,127,62,65,39,14,25,5,2,3,5,3,2
MARION COUNTY,315,57 Years,173,95,78,121,66,55,40,20,20,6,3,3,6,6,0
MARION COUNTY,315,58 Years,165,91,74,119,62,57,36,23,13,6,3,3,4,3,1
MARION COUNTY,315,59 Years,172,84,88,126,61,65,36,19,17,7,3,4,3,1,2
MARION COUNTY,315,60 Years,182,80,102,132,57,75,45,21,24,5,2,3,0,0,0
MARION COUNTY,315,61 Years,166,81,85,122,59,63,39,21,18,3,0,3,2,1,1
MARION COUNTY,315,62 Years,161,79,82,125,62,63,32,15,17,3,1,2,1,1,0
MARION COUNTY,315,63 Years,176,82,94,125,62,63,46,19,27,5,1,4,0,0,0
MARION COUNTY,315,64 Years,191,99,92,135,70,65,50,25,25,5,4,1,1,0,1
MARION COUNTY,315,65 Years,192,100,92,144,77,67,39,18,21,5,2,3,4,3,1
MARION COUNTY,315,66 Years,195,87,108,157,72,85,32,13,19,3,1,2,3,1,2
MARION COUNTY,315,67 Years,206,99,107,164,80,84,36,16,20,4,3,1,2,0,2
MARION COUNTY,315,68 Years,174,84,90,137,66,71,32,15,17,4,2,2,1,1,0
MARION COUNTY,315,69 Years,153,80,73,118,62,56,31,16,15,4,2,2,0,0,0
MARION COUNTY,315,70 Years,144,70,74,118,57,61,23,12,11,2,1,1,1,0,1
MARION COUNTY,315,71 Years,135,68,67,111,55,56,21,11,10,3,2,1,0,0,0
MARION COUNTY,315,72 Years,134,69,65,101,52,49,27,15,12,3,1,2,3,1,2
MARION COUNTY,315,73 Years,138,61,77,110,51,59,25,9,16,2,1,1,1,0,1
MARION COUNTY,315,74 Years,120,63,57,100,54,46,19,9,10,0,0,0,1,0,1
MARION COUNTY,315,75 Years,115,57,58,92,47,45,22,10,12,1,0,1,0,0,0
MARION COUNTY,315,76 Years,103,49,54,81,42,39,18,6,12,3,1,2,1,0,1
MARION COUNTY,315,77 Years,83,35,48,67,28,39,14,7,7,1,0,1,1,0,1
MARION COUNTY,315,78 Years,102,42,60,84,35,49,15,6,9,2,1,1,1,0,1
MARION COUNTY,315,79 Years,74,40,34,54,31,23,15,6,9,2,1,1,3,2,1
MARION COUNTY,315,80 Years,76,38,38,57,30,27,16,6,10,2,1,1,1,1,0
MARION COUNTY,315,81 Years,65,28,37,50,23,27,14,5,9,1,0,1,0,0,0
MARION COUNTY,315,82 Years,63,29,34,50,25,25,11,3,8,1,0,1,1,1,0
MARION COUNTY,315,83 Years,48,23,25,39,19,20,9,4,5,0,0,0,0,0,0
MARION COUNTY,315,84 Years,47,18,29,36,13,23,11,5,6,0,0,0,0,0,0
MARION COUNTY,315,85 Years +,240,95,145,180,74,106,52,18,34,7,3,4,1,0,1
MARTIN COUNTY,317,All Ages,5468,2775,2693,2871,1451,1420,67,31,36,75,39,36,2455,1254,1201
MARTIN COUNTY,317,< 1 Year,102,57,45,44,25,19,0,0,0,3,2,1,55,30,25
MARTIN COUNTY,317,1 Years,98,57,41,43,25,18,0,0,0,3,2,1,52,30,22
MARTIN COUNTY,317,2 Years,85,47,38,35,17,18,0,0,0,2,1,1,48,29,19
MARTIN COUNTY,317,3 Years,79,43,36,36,18,18,0,0,0,1,1,0,42,24,18
MARTIN COUNTY,317,4 Years,88,47,41,39,23,16,3,1,2,0,0,0,46,23,23
MARTIN COUNTY,317,5 Years,85,44,41,34,18,16,4,3,1,2,1,1,45,22,23
MARTIN COUNTY,317,6 Years,80,43,37,32,18,14,3,2,1,2,2,0,43,21,22
MARTIN COUNTY,317,7 Years,84,47,37,36,19,17,2,0,2,3,2,1,43,26,17
MARTIN COUNTY,317,8 Years,81,45,36,34,18,16,3,2,1,0,0,0,44,25,19
MARTIN COUNTY,317,9 Years,86,48,38,36,18,18,2,2,0,0,0,0,48,28,20
MARTIN COUNTY,317,10 Years,88,49,39,38,19,19,3,1,2,0,0,0,47,29,18
MARTIN COUNTY,317,11 Years,87,41,46,37,17,20,1,1,0,0,0,0,49,23,26
MARTIN COUNTY,317,12 Years,76,38,38,32,19,13,0,0,0,3,1,2,41,18,23
MARTIN COUNTY,317,13 Years,88,45,43,38,21,17,0,0,0,2,0,2,48,24,24
MARTIN COUNTY,317,14 Years,88,42,46,41,21,20,1,0,1,3,2,1,43,19,24
MARTIN COUNTY,317,15 Years,85,41,44,37,23,14,3,0,3,3,1,2,42,17,25
MARTIN COUNTY,317,16 Years,88,46,42,43,23,20,1,0,1,1,1,0,43,22,21
MARTIN COUNTY,317,17 Years,88,44,44,47,22,25,0,0,0,0,0,0,41,22,19
MARTIN COUNTY,317,18 Years,84,46,38,42,24,18,0,0,0,1,0,1,41,22,19
MARTIN COUNTY,317,19 Years,77,40,37,37,19,18,0,0,0,1,1,0,39,20,19
MARTIN COUNTY,317,20 Years,78,42,36,32,18,14,0,0,0,2,2,0,44,22,22
MARTIN COUNTY,317,21 Years,97,49,48,48,26,22,1,0,1,1,1,0,47,22,25
MARTIN COUNTY,317,22 Years,85,43,42,33,18,15,0,0,0,4,3,1,48,22,26
MARTIN COUNTY,317,23 Years,68,34,34,33,16,17,2,0,2,2,2,0,31,16,15
MARTIN COUNTY,317,24 Years,70,36,34,25,13,12,3,0,3,1,0,1,41,23,18
MARTIN COUNTY,317,25 Years,63,34,29,24,14,10,1,0,1,1,0,1,37,20,17
MARTIN COUNTY,317,26 Years,53,26,27,25,13,12,1,0,1,0,0,0,27,13,14
MARTIN COUNTY,317,27 Years,65,28,37,25,12,13,1,1,0,0,0,0,39,15,24
MARTIN COUNTY,317,28 Years,66,28,38,28,14,14,3,0,3,0,0,0,35,14,21
MARTIN COUNTY,317,29 Years,71,32,39,31,16,15,2,1,1,0,0,0,38,15,23
MARTIN COUNTY,317,30 Years,72,38,34,35,21,14,1,1,0,1,0,1,35,16,19
MARTIN COUNTY,317,31 Years,64,37,27,36,22,14,1,1,0,1,1,0,26,13,13
MARTIN COUNTY,317,32 Years,57,32,25,34,18,16,1,1,0,0,0,0,22,13,9
MARTIN COUNTY,317,33 Years,47,21,26,27,10,17,0,0,0,1,0,1,19,11,8
MARTIN COUNTY,317,34 Years,64,34,30,33,16,17,1,1,0,0,0,0,30,17,13
MARTIN COUNTY,317,35 Years,66,37,29,29,13,16,0,0,0,0,0,0,37,24,13
MARTIN COUNTY,317,36 Years,55,25,30,26,13,13,0,0,0,0,0,0,29,12,17
MARTIN COUNTY,317,37 Years,54,28,26,24,12,12,1,1,0,0,0,0,29,15,14
MARTIN COUNTY,317,38 Years,51,28,23,22,12,10,0,0,0,0,0,0,29,16,13
MARTIN COUNTY,317,39 Years,55,29,26,28,14,14,1,1,0,0,0,0,26,14,12
MARTIN COUNTY,317,40 Years,65,32,33,29,13,16,1,0,1,0,0,0,35,19,16
MARTIN COUNTY,317,41 Years,67,34,33,34,14,20,0,0,0,0,0,0,33,20,13
MARTIN COUNTY,317,42 Years,71,33,38,33,15,18,1,1,0,0,0,0,37,17,20
MARTIN COUNTY,317,43 Years,66,32,34,36,14,22,2,1,1,0,0,0,28,17,11
MARTIN COUNTY,317,44 Years,62,32,30,41,21,20,1,0,1,1,0,1,19,11,8
MARTIN COUNTY,317,45 Years,64,31,33,32,17,15,0,0,0,0,0,0,32,14,18
MARTIN COUNTY,317,46 Years,71,32,39,32,14,18,0,0,0,0,0,0,39,18,21
MARTIN COUNTY,317,47 Years,61,29,32,26,12,14,0,0,0,0,0,0,35,17,18
MARTIN COUNTY,317,48 Years,70,38,32,33,20,13,0,0,0,1,0,1,36,18,18
MARTIN COUNTY,317,49 Years,69,39,30,41,22,19,0,0,0,0,0,0,28,17,11
MARTIN COUNTY,317,50 Years,85,47,38,50,28,22,0,0,0,1,1,0,34,18,16
MARTIN COUNTY,317,51 Years,79,40,39,41,22,19,1,0,1,1,1,0,36,17,19
MARTIN COUNTY,317,52 Years,79,40,39,49,27,22,2,1,1,2,1,1,26,11,15
MARTIN COUNTY,317,53 Years,69,33,36,48,25,23,1,1,0,2,1,1,18,6,12
MARTIN COUNTY,317,54 Years,79,36,43,46,18,28,0,0,0,1,0,1,32,18,14
MARTIN COUNTY,317,55 Years,62,27,35,40,16,24,1,1,0,0,0,0,21,10,11
MARTIN COUNTY,317,56 Years,73,32,41,51,21,30,0,0,0,0,0,0,22,11,11
MARTIN COUNTY,317,57 Years,74,34,40,50,24,26,0,0,0,0,0,0,24,10,14
MARTIN COUNTY,317,58 Years,66,34,32,42,23,19,1,1,0,0,0,0,23,10,13
MARTIN COUNTY,317,59 Years,65,38,27,39,24,15,0,0,0,3,2,1,23,12,11
MARTIN COUNTY,317,60 Years,67,38,29,48,27,21,0,0,0,1,1,0,18,10,8
MARTIN COUNTY,317,61 Years,60,31,29,44,20,24,0,0,0,2,2,0,14,9,5
MARTIN COUNTY,317,62 Years,55,25,30,37,16,21,1,0,1,2,1,1,15,8,7
MARTIN COUNTY,317,63 Years,51,26,25,31,15,16,0,0,0,2,0,2,18,11,7
MARTIN COUNTY,317,64 Years,58,32,26,40,24,16,0,0,0,2,0,2,16,8,8
MARTIN COUNTY,317,65 Years,55,30,25,37,21,16,0,0,0,2,1,1,16,8,8
MARTIN COUNTY,317,66 Years,51,25,26,33,19,14,0,0,0,2,0,2,16,6,10
MARTIN COUNTY,317,67 Years,51,24,27,32,17,15,1,1,0,2,1,1,16,5,11
MARTIN COUNTY,317,68 Years,49,19,30,28,11,17,2,2,0,0,0,0,19,6,13
MARTIN COUNTY,317,69 Years,57,27,30,36,15,21,0,0,0,0,0,0,21,12,9
MARTIN COUNTY,317,70 Years,52,27,25,33,18,15,1,0,1,2,1,1,16,8,8
MARTIN COUNTY,317,71 Years,42,17,25,23,7,16,1,0,1,0,0,0,18,10,8
MARTIN COUNTY,317,72 Years,33,12,21,24,8,16,0,0,0,0,0,0,9,4,5
MARTIN COUNTY,317,73 Years,31,13,18,20,8,12,1,1,0,0,0,0,10,4,6
MARTIN COUNTY,317,74 Years,29,12,17,20,8,12,0,0,0,1,0,1,8,4,4
MARTIN COUNTY,317,75 Years,32,15,17,23,11,12,0,0,0,0,0,0,9,4,5
MARTIN COUNTY,317,76 Years,28,15,13,20,10,10,0,0,0,0,0,0,8,5,3
MARTIN COUNTY,317,77 Years,29,14,15,19,8,11,0,0,0,0,0,0,10,6,4
MARTIN COUNTY,317,78 Years,28,15,13,18,10,8,0,0,0,0,0,0,10,5,5
MARTIN COUNTY,317,79 Years,25,15,10,17,10,7,0,0,0,0,0,0,8,5,3
MARTIN COUNTY,317,80 Years,23,11,12,19,9,10,0,0,0,0,0,0,4,2,2
MARTIN COUNTY,317,81 Years,19,12,7,14,8,6,0,0,0,0,0,0,5,4,1
MARTIN COUNTY,317,82 Years,14,7,7,12,5,7,0,0,0,0,0,0,2,2,0
MARTIN COUNTY,317,83 Years,15,6,9,13,5,8,0,0,0,1,0,1,1,1,0
MARTIN COUNTY,317,84 Years,18,7,11,14,5,9,1,1,0,0,0,0,3,1,2
MARTIN COUNTY,317,85 Years +,81,36,45,64,28,36,2,0,2,0,0,0,15,8,7
MASON COUNTY,319,All Ages,4172,2053,2119,3157,1512,1645,16,8,8,40,22,18,959,511,448
MASON COUNTY,319,< 1 Year,36,19,17,19,10,9,0,0,0,0,0,0,17,9,8
MASON COUNTY,319,1 Years,33,17,16,17,9,8,0,0,0,0,0,0,16,8,8
MASON COUNTY,319,2 Years,40,19,21,22,10,12,0,0,0,0,0,0,18,9,9
MASON COUNTY,319,3 Years,38,19,19,23,10,13,0,0,0,0,0,0,15,9,6
MASON COUNTY,319,4 Years,31,17,14,19,9,10,1,1,0,0,0,0,11,7,4
MASON COUNTY,319,5 Years,38,20,18,27,13,14,1,1,0,0,0,0,10,6,4
MASON COUNTY,319,6 Years,46,24,22,29,15,14,0,0,0,0,0,0,17,9,8
MASON COUNTY,319,7 Years,45,26,19,31,16,15,0,0,0,1,1,0,13,9,4
MASON COUNTY,319,8 Years,42,25,17,26,15,11,0,0,0,1,1,0,15,9,6
MASON COUNTY,319,9 Years,42,22,20,25,13,12,1,1,0,0,0,0,16,8,8
MASON COUNTY,319,10 Years,43,20,23,33,15,18,1,0,1,1,0,1,8,5,3
MASON COUNTY,319,11 Years,46,25,21,29,17,12,1,0,1,0,0,0,16,8,8
MASON COUNTY,319,12 Years,61,31,30,47,22,25,0,0,0,1,1,0,13,8,5
MASON COUNTY,319,13 Years,42,19,23,31,15,16,0,0,0,0,0,0,11,4,7
MASON COUNTY,319,14 Years,54,28,26,36,19,17,0,0,0,1,1,0,17,8,9
MASON COUNTY,319,15 Years,70,29,41,50,22,28,0,0,0,0,0,0,20,7,13
MASON COUNTY,319,16 Years,57,25,32,42,17,25,1,0,1,2,1,1,12,7,5
MASON COUNTY,319,17 Years,51,25,26,30,12,18,0,0,0,1,1,0,20,12,8
MASON COUNTY,319,18 Years,56,30,26,31,15,16,0,0,0,1,1,0,24,14,10
MASON COUNTY,319,19 Years,50,30,20,29,17,12,0,0,0,1,0,1,20,13,7
MASON COUNTY,319,20 Years,46,24,22,28,15,13,0,0,0,0,0,0,18,9,9
MASON COUNTY,319,21 Years,45,29,16,26,16,10,0,0,0,2,2,0,17,11,6
MASON COUNTY,319,22 Years,45,25,20,27,12,15,2,2,0,0,0,0,16,11,5
MASON COUNTY,319,23 Years,38,22,16,22,11,11,1,1,0,0,0,0,15,10,5
MASON COUNTY,319,24 Years,23,14,9,15,9,6,0,0,0,0,0,0,8,5,3
MASON COUNTY,319,25 Years,27,16,11,15,9,6,0,0,0,1,1,0,11,6,5
MASON COUNTY,319,26 Years,31,17,14,19,12,7,1,0,1,0,0,0,11,5,6
MASON COUNTY,319,27 Years,35,22,13,18,9,9,0,0,0,0,0,0,17,13,4
MASON COUNTY,319,28 Years,22,15,7,13,8,5,0,0,0,0,0,0,9,7,2
MASON COUNTY,319,29 Years,28,13,15,15,6,9,0,0,0,0,0,0,13,7,6
MASON COUNTY,319,30 Years,25,12,13,16,8,8,0,0,0,0,0,0,9,4,5
MASON COUNTY,319,31 Years,20,9,11,12,5,7,1,0,1,0,0,0,7,4,3
MASON COUNTY,319,32 Years,30,12,18,22,9,13,1,0,1,0,0,0,7,3,4
MASON COUNTY,319,33 Years,36,16,20,26,11,15,0,0,0,1,0,1,9,5,4
MASON COUNTY,319,34 Years,29,13,16,21,9,12,0,0,0,2,0,2,6,4,2
MASON COUNTY,319,35 Years,30,12,18,22,9,13,0,0,0,0,0,0,8,3,5
MASON COUNTY,319,36 Years,31,10,21,26,8,18,0,0,0,0,0,0,5,2,3
MASON COUNTY,319,37 Years,41,18,23,31,14,17,0,0,0,1,1,0,9,3,6
MASON COUNTY,319,38 Years,49,25,24,34,20,14,0,0,0,1,0,1,14,5,9
MASON COUNTY,319,39 Years,31,20,11,20,16,4,0,0,0,0,0,0,11,4,7
MASON COUNTY,319,40 Years,32,16,16,22,11,11,0,0,0,0,0,0,10,5,5
MASON COUNTY,319,41 Years,40,21,19,29,15,14,0,0,0,1,1,0,10,5,5
MASON COUNTY,319,42 Years,46,22,24,38,18,20,1,1,0,0,0,0,7,3,4
MASON COUNTY,319,43 Years,46,21,25,30,14,16,0,0,0,1,0,1,15,7,8
MASON COUNTY,319,44 Years,51,25,26,35,18,17,0,0,0,2,1,1,14,6,8
MASON COUNTY,319,45 Years,43,23,20,30,16,14,0,0,0,0,0,0,13,7,6
MASON COUNTY,319,46 Years,40,19,21,29,13,16,0,0,0,0,0,0,11,6,5
MASON COUNTY,319,47 Years,46,20,26,29,15,14,1,0,1,1,0,1,15,5,10
MASON COUNTY,319,48 Years,50,28,22,32,17,15,0,0,0,0,0,0,18,11,7
MASON COUNTY,319,49 Years,43,18,25,27,11,16,0,0,0,0,0,0,16,7,9
MASON COUNTY,319,50 Years,46,19,27,33,13,20,0,0,0,0,0,0,13,6,7
MASON COUNTY,319,51 Years,63,26,37,44,16,28,0,0,0,0,0,0,19,10,9
MASON COUNTY,319,52 Years,66,30,36,49,22,27,1,1,0,1,0,1,15,7,8
MASON COUNTY,319,53 Years,70,38,32,49,25,24,0,0,0,1,1,0,20,12,8
MASON COUNTY,319,54 Years,65,41,24,52,35,17,0,0,0,0,0,0,13,6,7
MASON COUNTY,319,55 Years,60,33,27,50,27,23,0,0,0,0,0,0,10,6,4
MASON COUNTY,319,56 Years,73,34,39,60,30,30,0,0,0,0,0,0,13,4,9
MASON COUNTY,319,57 Years,76,37,39,65,32,33,0,0,0,0,0,0,11,5,6
MASON COUNTY,319,58 Years,64,30,34,45,19,26,0,0,0,0,0,0,19,11,8
MASON COUNTY,319,59 Years,58,28,30,47,21,26,0,0,0,1,1,0,10,6,4
MASON COUNTY,319,60 Years,68,34,34,58,28,30,0,0,0,0,0,0,10,6,4
MASON COUNTY,319,61 Years,66,32,34,56,27,29,0,0,0,0,0,0,10,5,5
MASON COUNTY,319,62 Years,66,33,33,59,28,31,0,0,0,0,0,0,7,5,2
MASON COUNTY,319,63 Years,65,32,33,58,27,31,0,0,0,0,0,0,7,5,2
MASON COUNTY,319,64 Years,71,35,36,66,32,34,0,0,0,0,0,0,5,3,2
MASON COUNTY,319,65 Years,81,34,47,73,29,44,0,0,0,1,1,0,7,4,3
MASON COUNTY,319,66 Years,75,37,38,67,31,36,0,0,0,1,1,0,7,5,2
MASON COUNTY,319,67 Years,91,47,44,81,42,39,0,0,0,0,0,0,10,5,5
MASON COUNTY,319,68 Years,76,36,40,65,34,31,0,0,0,1,0,1,10,2,8
MASON COUNTY,319,69 Years,71,34,37,64,31,33,0,0,0,0,0,0,7,3,4
MASON COUNTY,319,70 Years,72,31,41,64,28,36,0,0,0,1,0,1,7,3,4
MASON COUNTY,319,71 Years,65,26,39,60,25,35,0,0,0,1,0,1,4,1,3
MASON COUNTY,319,72 Years,69,33,36,60,27,33,0,0,0,1,1,0,8,5,3
MASON COUNTY,319,73 Years,62,33,29,56,29,27,0,0,0,1,1,0,5,3,2
MASON COUNTY,319,74 Years,59,26,33,51,20,31,0,0,0,0,0,0,8,6,2
MASON COUNTY,319,75 Years,46,23,23,42,20,22,0,0,0,0,0,0,4,3,1
MASON COUNTY,319,76 Years,38,16,22,33,14,19,0,0,0,1,0,1,4,2,2
MASON COUNTY,319,77 Years,43,22,21,38,20,18,0,0,0,1,0,1,4,2,2
MASON COUNTY,319,78 Years,38,23,15,29,17,12,0,0,0,1,1,0,8,5,3
MASON COUNTY,319,79 Years,39,19,20,34,14,20,0,0,0,1,1,0,4,4,0
MASON COUNTY,319,80 Years,35,19,16,31,16,15,0,0,0,1,1,0,3,2,1
MASON COUNTY,319,81 Years,24,12,12,21,10,11,0,0,0,0,0,0,3,2,1
MASON COUNTY,319,82 Years,27,10,17,24,9,15,0,0,0,0,0,0,3,1,2
MASON COUNTY,319,83 Years,20,9,11,19,9,10,0,0,0,0,0,0,1,0,1
MASON COUNTY,319,84 Years,24,10,14,21,10,11,0,0,0,1,0,1,2,0,2
MASON COUNTY,319,85 Years +,120,44,76,108,40,68,1,0,1,1,0,1,10,4,6
MATAGORDA COUNTY,321,All Ages,36694,18468,18226,16539,8272,8267,4029,1925,2104,1193,602,591,14933,7669,7264
MATAGORDA COUNTY,321,< 1 Year,532,277,255,150,78,72,54,26,28,7,4,3,321,169,152
MATAGORDA COUNTY,321,1 Years,519,270,249,147,79,68,57,27,30,6,3,3,309,161,148
MATAGORDA COUNTY,321,2 Years,509,258,251,149,76,73,51,25,26,8,4,4,301,153,148
MATAGORDA COUNTY,321,3 Years,522,256,266,148,71,77,63,30,33,9,5,4,302,150,152
MATAGORDA COUNTY,321,4 Years,515,244,271,142,75,67,62,24,38,13,5,8,298,140,158
MATAGORDA COUNTY,321,5 Years,486,264,222,135,70,65,47,24,23,24,11,13,280,159,121
MATAGORDA COUNTY,321,6 Years,503,255,248,156,75,81,46,23,23,19,9,10,282,148,134
MATAGORDA COUNTY,321,7 Years,525,271,254,147,71,76,61,32,29,21,11,10,296,157,139
MATAGORDA COUNTY,321,8 Years,500,260,240,144,78,66,46,22,24,20,8,12,290,152,138
MATAGORDA COUNTY,321,9 Years,500,261,239,152,75,77,43,21,22,21,12,9,284,153,131
MATAGORDA COUNTY,321,10 Years,477,245,232,147,69,78,39,21,18,21,12,9,270,143,127
MATAGORDA COUNTY,321,11 Years,527,283,244,183,102,81,46,23,23,23,11,12,275,147,128
MATAGORDA COUNTY,321,12 Years,502,276,226,176,94,82,52,31,21,20,8,12,254,143,111
MATAGORDA COUNTY,321,13 Years,530,283,247,182,94,88,48,30,18,23,12,11,277,147,130
MATAGORDA COUNTY,321,14 Years,542,287,255,172,88,84,52,33,19,24,13,11,294,153,141
MATAGORDA COUNTY,321,15 Years,525,275,250,170,91,79,62,31,31,28,16,12,265,137,128
MATAGORDA COUNTY,321,16 Years,546,290,256,178,91,87,64,38,26,20,11,9,284,150,134
MATAGORDA COUNTY,321,17 Years,527,271,256,177,94,83,66,31,35,18,9,9,266,137,129
MATAGORDA COUNTY,321,18 Years,523,266,257,164,82,82,62,29,33,23,13,10,274,142,132
MATAGORDA COUNTY,321,19 Years,497,272,225,166,90,76,59,28,31,19,12,7,253,142,111
MATAGORDA COUNTY,321,20 Years,491,253,238,152,76,76,62,33,29,21,9,12,256,135,121
MATAGORDA COUNTY,321,21 Years,551,287,264,176,91,85,73,40,33,24,13,11,278,143,135
MATAGORDA COUNTY,321,22 Years,516,262,254,168,77,91,58,34,24,21,11,10,269,140,129
MATAGORDA COUNTY,321,23 Years,463,256,207,148,84,64,55,30,25,18,11,7,242,131,111
MATAGORDA COUNTY,321,24 Years,456,235,221,156,76,80,61,33,28,13,9,4,226,117,109
MATAGORDA COUNTY,321,25 Years,439,211,228,147,75,72,63,27,36,7,5,2,222,104,118
MATAGORDA COUNTY,321,26 Years,440,212,228,155,80,75,52,19,33,13,6,7,220,107,113
MATAGORDA COUNTY,321,27 Years,404,203,201,146,68,78,35,18,17,13,5,8,210,112,98
MATAGORDA COUNTY,321,28 Years,394,207,187,137,72,65,48,25,23,9,4,5,200,106,94
MATAGORDA COUNTY,321,29 Years,414,208,206,172,73,99,39,23,16,11,6,5,192,106,86
MATAGORDA COUNTY,321,30 Years,395,190,205,150,70,80,47,24,23,15,6,9,183,90,93
MATAGORDA COUNTY,321,31 Years,383,191,192,135,63,72,41,18,23,9,4,5,198,106,92
MATAGORDA COUNTY,321,32 Years,396,206,190,155,85,70,32,12,20,9,4,5,200,105,95
MATAGORDA COUNTY,321,33 Years,397,204,193,159,82,77,35,14,21,9,3,6,194,105,89
MATAGORDA COUNTY,321,34 Years,435,232,203,170,93,77,38,13,25,9,5,4,218,121,97
MATAGORDA COUNTY,321,35 Years,390,193,197,137,68,69,34,17,17,12,7,5,207,101,106
MATAGORDA COUNTY,321,36 Years,380,187,193,142,66,76,31,16,15,9,4,5,198,101,97
MATAGORDA COUNTY,321,37 Years,383,191,192,147,73,74,34,16,18,9,3,6,193,99,94
MATAGORDA COUNTY,321,38 Years,379,184,195,147,67,80,42,22,20,10,5,5,180,90,90
MATAGORDA COUNTY,321,39 Years,375,179,196,148,64,84,40,20,20,11,5,6,176,90,86
MATAGORDA COUNTY,321,40 Years,350,160,190,139,62,77,36,13,23,13,6,7,162,79,83
MATAGORDA COUNTY,321,41 Years,374,168,206,149,66,83,29,11,18,14,5,9,182,86,96
MATAGORDA COUNTY,321,42 Years,394,197,197,167,85,82,36,18,18,18,8,10,173,86,87
MATAGORDA COUNTY,321,43 Years,402,200,202,177,91,86,30,18,12,23,11,12,172,80,92
MATAGORDA COUNTY,321,44 Years,403,192,211,189,85,104,33,18,15,14,7,7,167,82,85
MATAGORDA COUNTY,321,45 Years,421,202,219,203,98,105,43,18,25,18,8,10,157,78,79
MATAGORDA COUNTY,321,46 Years,394,192,202,183,89,94,45,18,27,13,5,8,153,80,73
MATAGORDA COUNTY,321,47 Years,426,215,211,176,91,85,55,21,34,16,8,8,179,95,84
MATAGORDA COUNTY,321,48 Years,436,215,221,183,87,96,62,28,34,16,10,6,175,90,85
MATAGORDA COUNTY,321,49 Years,475,244,231,227,112,115,50,23,27,18,10,8,180,99,81
MATAGORDA COUNTY,321,50 Years,530,284,246,255,129,126,57,32,25,22,10,12,196,113,83
MATAGORDA COUNTY,321,51 Years,537,268,269,270,133,137,69,36,33,19,10,9,179,89,90
MATAGORDA COUNTY,321,52 Years,572,264,308,309,153,156,66,23,43,19,10,9,178,78,100
MATAGORDA COUNTY,321,53 Years,537,265,272,292,146,146,65,25,40,17,8,9,163,86,77
MATAGORDA COUNTY,321,54 Years,568,291,277,313,165,148,71,29,42,21,12,9,163,85,78
MATAGORDA COUNTY,321,55 Years,558,291,267,307,162,145,71,33,38,22,12,10,158,84,74
MATAGORDA COUNTY,321,56 Years,563,295,268,324,168,156,73,34,39,26,12,14,140,81,59
MATAGORDA COUNTY,321,57 Years,589,311,278,332,182,150,91,41,50,17,9,8,149,79,70
MATAGORDA COUNTY,321,58 Years,546,285,261,333,174,159,72,33,39,13,8,5,128,70,58
MATAGORDA COUNTY,321,59 Years,530,280,250,308,161,147,62,36,26,17,8,9,143,75,68
MATAGORDA COUNTY,321,60 Years,537,279,258,323,177,146,60,28,32,17,9,8,137,65,72
MATAGORDA COUNTY,321,61 Years,518,249,269,320,156,164,58,24,34,13,7,6,127,62,65
MATAGORDA COUNTY,321,62 Years,482,228,254,292,136,156,57,30,27,14,7,7,119,55,64
MATAGORDA COUNTY,321,63 Years,452,242,210,274,147,127,48,27,21,16,9,7,114,59,55
MATAGORDA COUNTY,321,64 Years,479,271,208,309,173,136,49,29,20,16,9,7,105,60,45
MATAGORDA COUNTY,321,65 Years,435,234,201,278,145,133,45,25,20,14,7,7,98,57,41
MATAGORDA COUNTY,321,66 Years,421,205,216,282,137,145,42,20,22,14,9,5,83,39,44
MATAGORDA COUNTY,321,67 Years,393,190,203,261,134,127,43,18,25,11,6,5,78,32,46
MATAGORDA COUNTY,321,68 Years,349,172,177,227,115,112,41,22,19,6,4,2,75,31,44
MATAGORDA COUNTY,321,69 Years,328,168,160,223,116,107,32,19,13,5,3,2,68,30,38
MATAGORDA COUNTY,321,70 Years,328,157,171,225,106,119,34,16,18,7,6,1,62,29,33
MATAGORDA COUNTY,321,71 Years,318,148,170,214,98,116,34,17,17,8,6,2,62,27,35
MATAGORDA COUNTY,321,72 Years,301,143,158,199,95,104,30,14,16,6,2,4,66,32,34
MATAGORDA COUNTY,321,73 Years,267,133,134,182,94,88,24,12,12,7,5,2,54,22,32
MATAGORDA COUNTY,321,74 Years,255,128,127,178,101,77,22,9,13,5,1,4,50,17,33
MATAGORDA COUNTY,321,75 Years,254,124,130,187,98,89,21,10,11,3,1,2,43,15,28
MATAGORDA COUNTY,321,76 Years,244,124,120,170,94,76,20,10,10,5,1,4,49,19,30
MATAGORDA COUNTY,321,77 Years,230,105,125,160,73,87,25,10,15,5,2,3,40,20,20
MATAGORDA COUNTY,321,78 Years,189,88,101,120,58,62,25,8,17,5,2,3,39,20,19
MATAGORDA COUNTY,321,79 Years,176,77,99,114,53,61,21,7,14,7,2,5,34,15,19
MATAGORDA COUNTY,321,80 Years,159,64,95,105,45,60,21,7,14,7,2,5,26,10,16
MATAGORDA COUNTY,321,81 Years,143,62,81,98,48,50,19,6,13,4,1,3,22,7,15
MATAGORDA COUNTY,321,82 Years,134,61,73,96,47,49,15,5,10,3,1,2,20,8,12
MATAGORDA COUNTY,321,83 Years,131,56,75,92,41,51,18,6,12,4,2,2,17,7,10
MATAGORDA COUNTY,321,84 Years,132,64,68,95,47,48,13,5,8,3,1,2,21,11,10
MATAGORDA COUNTY,321,85 Years +,646,222,424,447,153,294,96,30,66,13,6,7,90,33,57
MAVERICK COUNTY,323,All Ages,56528,27738,28790,1702,941,761,73,47,26,800,406,394,53953,26344,27609
MAVERICK COUNTY,323,< 1 Year,1119,563,556,54,30,24,1,1,0,18,9,9,1046,523,523
MAVERICK COUNTY,323,1 Years,1105,548,557,46,27,19,0,0,0,15,7,8,1044,514,530
MAVERICK COUNTY,323,2 Years,1067,540,527,42,26,16,0,0,0,13,4,9,1012,510,502
MAVERICK COUNTY,323,3 Years,1032,522,510,33,23,10,1,0,1,14,3,11,984,496,488
MAVERICK COUNTY,323,4 Years,917,468,449,26,13,13,0,0,0,14,2,12,877,453,424
MAVERICK COUNTY,323,5 Years,882,458,424,26,14,12,1,1,0,12,7,5,843,436,407
MAVERICK COUNTY,323,6 Years,901,466,435,22,13,9,1,1,0,21,11,10,857,441,416
MAVERICK COUNTY,323,7 Years,932,469,463,30,17,13,1,1,0,22,15,7,879,436,443
MAVERICK COUNTY,323,8 Years,980,492,488,34,18,16,0,0,0,25,15,10,921,459,462
MAVERICK COUNTY,323,9 Years,1000,504,496,30,17,13,2,0,2,26,16,10,942,471,471
MAVERICK COUNTY,323,10 Years,986,492,494,32,13,19,2,0,2,21,12,9,931,467,464
MAVERICK COUNTY,323,11 Years,984,500,484,26,14,12,0,0,0,19,12,7,939,474,465
MAVERICK COUNTY,323,12 Years,1074,555,519,22,10,12,2,0,2,21,12,9,1029,533,496
MAVERICK COUNTY,323,13 Years,1040,550,490,21,9,12,2,0,2,17,7,10,1000,534,466
MAVERICK COUNTY,323,14 Years,1038,553,485,14,4,10,2,1,1,10,6,4,1012,542,470
MAVERICK COUNTY,323,15 Years,1068,555,513,18,8,10,1,1,0,8,3,5,1041,543,498
MAVERICK COUNTY,323,16 Years,1037,543,494,14,7,7,0,0,0,14,5,9,1009,531,478
MAVERICK COUNTY,323,17 Years,1043,542,501,13,8,5,1,0,1,17,9,8,1012,525,487
MAVERICK COUNTY,323,18 Years,1070,555,515,15,9,6,1,0,1,9,7,2,1045,539,506
MAVERICK COUNTY,323,19 Years,996,509,487,17,11,6,1,0,1,8,5,3,970,493,477
MAVERICK COUNTY,323,20 Years,987,508,479,19,13,6,0,0,0,13,7,6,955,488,467
MAVERICK COUNTY,323,21 Years,1012,522,490,19,11,8,0,0,0,9,6,3,984,505,479
MAVERICK COUNTY,323,22 Years,911,480,431,15,8,7,1,1,0,11,7,4,884,464,420
MAVERICK COUNTY,323,23 Years,859,458,401,18,12,6,1,1,0,11,7,4,829,438,391
MAVERICK COUNTY,323,24 Years,769,402,367,15,8,7,1,0,1,13,9,4,740,385,355
MAVERICK COUNTY,323,25 Years,723,368,355,11,5,6,1,1,0,14,10,4,697,352,345
MAVERICK COUNTY,323,26 Years,699,369,330,18,9,9,0,0,0,16,8,8,665,352,313
MAVERICK COUNTY,323,27 Years,675,391,284,28,19,9,1,1,0,15,8,7,631,363,268
MAVERICK COUNTY,323,28 Years,645,373,272,35,23,12,2,2,0,15,10,5,593,338,255
MAVERICK COUNTY,323,29 Years,606,332,274,35,23,12,2,2,0,14,10,4,555,297,258
MAVERICK COUNTY,323,30 Years,612,319,293,30,15,15,2,1,1,14,8,6,566,295,271
MAVERICK COUNTY,323,31 Years,626,309,317,24,13,11,2,2,0,16,6,10,584,288,296
MAVERICK COUNTY,323,32 Years,610,298,312,27,17,10,2,2,0,14,6,8,567,273,294
MAVERICK COUNTY,323,33 Years,649,313,336,24,15,9,1,1,0,11,6,5,613,291,322
MAVERICK COUNTY,323,34 Years,647,314,333,20,11,9,1,1,0,12,5,7,614,297,317
MAVERICK COUNTY,323,35 Years,625,315,310,23,15,8,1,1,0,10,6,4,591,293,298
MAVERICK COUNTY,323,36 Years,625,304,321,17,10,7,1,0,1,9,5,4,598,289,309
MAVERICK COUNTY,323,37 Years,635,280,355,16,8,8,2,1,1,11,4,7,606,267,339
MAVERICK COUNTY,323,38 Years,669,315,354,21,10,11,1,1,0,11,7,4,636,297,339
MAVERICK COUNTY,323,39 Years,694,314,380,18,7,11,0,0,0,7,3,4,669,304,365
MAVERICK COUNTY,323,40 Years,691,320,371,22,11,11,1,1,0,6,3,3,662,305,357
MAVERICK COUNTY,323,41 Years,716,340,376,18,14,4,1,1,0,9,4,5,688,321,367
MAVERICK COUNTY,323,42 Years,708,320,388,20,10,10,1,1,0,9,5,4,678,304,374
MAVERICK COUNTY,323,43 Years,693,309,384,18,9,9,0,0,0,6,3,3,669,297,372
MAVERICK COUNTY,323,44 Years,679,318,361,18,11,7,0,0,0,9,3,6,652,304,348
MAVERICK COUNTY,323,45 Years,702,341,361,15,7,8,2,2,0,14,4,10,671,328,343
MAVERICK COUNTY,323,46 Years,668,323,345,14,6,8,0,0,0,12,5,7,642,312,330
MAVERICK COUNTY,323,47 Years,637,299,338,18,8,10,1,1,0,12,6,6,606,284,322
MAVERICK COUNTY,323,48 Years,627,292,335,28,14,14,1,1,0,7,3,4,591,274,317
MAVERICK COUNTY,323,49 Years,629,313,316,21,13,8,2,1,1,8,2,6,598,297,301
MAVERICK COUNTY,323,50 Years,640,315,325,18,9,9,1,1,0,9,4,5,612,301,311
MAVERICK COUNTY,323,51 Years,621,293,328,14,8,6,1,1,0,10,6,4,596,278,318
MAVERICK COUNTY,323,52 Years,583,274,309,17,11,6,0,0,0,8,4,4,558,259,299
MAVERICK COUNTY,323,53 Years,594,292,302,18,9,9,1,1,0,10,4,6,565,278,287
MAVERICK COUNTY,323,54 Years,603,299,304,13,7,6,1,1,0,7,3,4,582,288,294
MAVERICK COUNTY,323,55 Years,598,275,323,15,8,7,0,0,0,8,3,5,575,264,311
MAVERICK COUNTY,323,56 Years,575,260,315,13,7,6,2,2,0,6,4,2,554,247,307
MAVERICK COUNTY,323,57 Years,583,246,337,17,6,11,1,0,1,3,1,2,562,239,323
MAVERICK COUNTY,323,58 Years,573,268,305,21,10,11,2,1,1,7,1,6,543,256,287
MAVERICK COUNTY,323,59 Years,598,273,325,22,10,12,2,2,0,5,1,4,569,260,309
MAVERICK COUNTY,323,60 Years,571,253,318,22,10,12,3,2,1,3,2,1,543,239,304
MAVERICK COUNTY,323,61 Years,552,251,301,19,10,9,1,1,0,3,2,1,529,238,291
MAVERICK COUNTY,323,62 Years,521,245,276,20,10,10,1,0,1,6,1,5,494,234,260
MAVERICK COUNTY,323,63 Years,527,244,283,20,7,13,0,0,0,2,1,1,505,236,269
MAVERICK COUNTY,323,64 Years,513,238,275,21,8,13,0,0,0,1,1,0,491,229,262
MAVERICK COUNTY,323,65 Years,443,201,242,22,13,9,0,0,0,3,1,2,418,187,231
MAVERICK COUNTY,323,66 Years,431,185,246,18,10,8,0,0,0,3,2,1,410,173,237
MAVERICK COUNTY,323,67 Years,427,192,235,19,13,6,0,0,0,1,0,1,407,179,228
MAVERICK COUNTY,323,68 Years,406,189,217,16,14,2,0,0,0,7,3,4,383,172,211
MAVERICK COUNTY,323,69 Years,396,177,219,17,10,7,0,0,0,5,3,2,374,164,210
MAVERICK COUNTY,323,70 Years,353,160,193,15,7,8,0,0,0,5,3,2,333,150,183
MAVERICK COUNTY,323,71 Years,340,153,187,18,11,7,1,1,0,2,1,1,319,140,179
MAVERICK COUNTY,323,72 Years,323,123,200,17,10,7,0,0,0,1,0,1,305,113,192
MAVERICK COUNTY,323,73 Years,320,144,176,16,11,5,0,0,0,2,2,0,302,131,171
MAVERICK COUNTY,323,74 Years,293,138,155,13,9,4,1,0,1,1,0,1,278,129,149
MAVERICK COUNTY,323,75 Years,265,114,151,11,7,4,1,0,1,1,0,1,252,107,145
MAVERICK COUNTY,323,76 Years,265,114,151,6,2,4,1,0,1,4,0,4,254,112,142
MAVERICK COUNTY,323,77 Years,257,113,144,8,6,2,0,0,0,3,0,3,246,107,139
MAVERICK COUNTY,323,78 Years,236,111,125,8,6,2,0,0,0,1,1,0,227,104,123
MAVERICK COUNTY,323,79 Years,230,106,124,8,7,1,0,0,0,1,1,0,221,98,123
MAVERICK COUNTY,323,80 Years,217,92,125,8,4,4,0,0,0,1,1,0,208,87,121
MAVERICK COUNTY,323,81 Years,173,71,102,12,4,8,0,0,0,0,0,0,161,67,94
MAVERICK COUNTY,323,82 Years,155,61,94,7,3,4,0,0,0,0,0,0,148,58,90
MAVERICK COUNTY,323,83 Years,160,66,94,6,3,3,1,0,1,0,0,0,153,63,90
MAVERICK COUNTY,323,84 Years,169,75,94,5,3,2,1,1,0,3,3,0,160,68,92
MAVERICK COUNTY,323,85 Years +,718,284,434,22,12,10,1,1,0,6,4,2,689,267,422
MEDINA COUNTY,325,All Ages,48865,24992,23873,22079,10911,11168,914,792,122,887,473,414,24985,12816,12169
MEDINA COUNTY,325,< 1 Year,584,299,285,207,105,102,1,1,0,11,7,4,365,186,179
MEDINA COUNTY,325,1 Years,561,302,259,199,106,93,1,1,0,9,5,4,352,190,162
MEDINA COUNTY,325,2 Years,526,279,247,181,93,88,0,0,0,10,5,5,335,181,154
MEDINA COUNTY,325,3 Years,540,285,255,188,96,92,1,1,0,13,5,8,338,183,155
MEDINA COUNTY,325,4 Years,595,315,280,205,108,97,1,0,1,13,6,7,376,201,175
MEDINA COUNTY,325,5 Years,604,300,304,205,116,89,3,0,3,12,2,10,384,182,202
MEDINA COUNTY,325,6 Years,570,271,299,191,99,92,1,0,1,12,6,6,366,166,200
MEDINA COUNTY,325,7 Years,628,311,317,210,101,109,5,1,4,10,6,4,403,203,200
MEDINA COUNTY,325,8 Years,666,347,319,229,118,111,4,2,2,10,4,6,423,223,200
MEDINA COUNTY,325,9 Years,653,324,329,225,112,113,2,1,1,11,6,5,415,205,210
MEDINA COUNTY,325,10 Years,676,327,349,239,117,122,4,2,2,18,12,6,415,196,219
MEDINA COUNTY,325,11 Years,745,369,376,266,127,139,9,4,5,19,10,9,451,228,223
MEDINA COUNTY,325,12 Years,745,391,354,288,144,144,6,4,2,20,14,6,431,229,202
MEDINA COUNTY,325,13 Years,753,382,371,288,144,144,4,2,2,17,10,7,444,226,218
MEDINA COUNTY,325,14 Years,760,398,362,281,143,138,5,2,3,13,8,5,461,245,216
MEDINA COUNTY,325,15 Years,748,388,360,279,132,147,5,1,4,13,7,6,451,248,203
MEDINA COUNTY,325,16 Years,746,386,360,276,139,137,4,2,2,14,7,7,452,238,214
MEDINA COUNTY,325,17 Years,755,394,361,279,155,124,10,8,2,15,6,9,451,225,226
MEDINA COUNTY,325,18 Years,792,436,356,288,167,121,13,10,3,17,9,8,474,250,224
MEDINA COUNTY,325,19 Years,760,433,327,235,125,110,23,21,2,11,5,6,491,282,209
MEDINA COUNTY,325,20 Years,724,429,295,237,130,107,36,34,2,11,9,2,440,256,184
MEDINA COUNTY,325,21 Years,740,433,307,236,140,96,34,31,3,12,8,4,458,254,204
MEDINA COUNTY,325,22 Years,677,382,295,209,114,95,19,18,1,11,7,4,438,243,195
MEDINA COUNTY,325,23 Years,619,376,243,171,92,79,41,39,2,18,12,6,389,233,156
MEDINA COUNTY,325,24 Years,639,419,220,174,108,66,45,44,1,20,17,3,400,250,150
MEDINA COUNTY,325,25 Years,587,386,201,152,90,62,57,56,1,22,19,3,356,221,135
MEDINA COUNTY,325,26 Years,510,302,208,171,91,80,30,29,1,8,7,1,301,175,126
MEDINA COUNTY,325,27 Years,505,292,213,141,74,67,25,24,1,18,15,3,321,179,142
MEDINA COUNTY,325,28 Years,552,357,195,177,112,65,36,36,0,19,15,4,320,194,126
MEDINA COUNTY,325,29 Years,517,303,214,166,89,77,29,28,1,19,15,4,303,171,132
MEDINA COUNTY,325,30 Years,538,295,243,190,94,96,46,45,1,20,13,7,282,143,139
MEDINA COUNTY,325,31 Years,499,238,261,193,84,109,12,12,0,13,8,5,281,134,147
MEDINA COUNTY,325,32 Years,550,281,269,212,96,116,16,16,0,8,4,4,314,165,149
MEDINA COUNTY,325,33 Years,493,251,242,212,102,110,9,9,0,9,5,4,263,135,128
MEDINA COUNTY,325,34 Years,592,327,265,237,121,116,25,25,0,7,3,4,323,178,145
MEDINA COUNTY,325,35 Years,493,238,255,231,109,122,15,15,0,6,2,4,241,112,129
MEDINA COUNTY,325,36 Years,483,215,268,239,112,127,3,1,2,7,3,4,234,99,135
MEDINA COUNTY,325,37 Years,484,226,258,228,115,113,3,1,2,9,4,5,244,106,138
MEDINA COUNTY,325,38 Years,522,253,269,242,121,121,8,8,0,4,1,3,268,123,145
MEDINA COUNTY,325,39 Years,529,270,259,240,114,126,18,18,0,5,2,3,266,136,130
MEDINA COUNTY,325,40 Years,515,228,287,236,93,143,6,5,1,7,4,3,266,126,140
MEDINA COUNTY,325,41 Years,561,256,305,254,107,147,12,12,0,11,3,8,284,134,150
MEDINA COUNTY,325,42 Years,564,275,289,258,113,145,9,8,1,8,3,5,289,151,138
MEDINA COUNTY,325,43 Years,643,336,307,279,138,141,13,13,0,8,3,5,343,182,161
MEDINA COUNTY,325,44 Years,671,323,348,292,132,160,13,12,1,13,4,9,353,175,178
MEDINA COUNTY,325,45 Years,674,322,352,299,130,169,13,12,1,12,7,5,350,173,177
MEDINA COUNTY,325,46 Years,632,315,317,285,139,146,23,22,1,14,5,9,310,149,161
MEDINA COUNTY,325,47 Years,599,298,301,273,131,142,9,9,0,11,6,5,306,152,154
MEDINA COUNTY,325,48 Years,687,357,330,321,161,160,13,11,2,11,5,6,342,180,162
MEDINA COUNTY,325,49 Years,697,349,348,323,159,164,11,7,4,14,4,10,349,179,170
MEDINA COUNTY,325,50 Years,738,392,346,340,174,166,24,21,3,12,4,8,362,193,169
MEDINA COUNTY,325,51 Years,770,421,349,373,185,188,20,17,3,14,6,8,363,213,150
MEDINA COUNTY,325,52 Years,743,375,368,381,181,200,9,5,4,16,8,8,337,181,156
MEDINA COUNTY,325,53 Years,765,381,384,411,208,203,5,3,2,15,5,10,334,165,169
MEDINA COUNTY,325,54 Years,795,378,417,441,214,227,12,7,5,13,6,7,329,151,178
MEDINA COUNTY,325,55 Years,701,350,351,389,189,200,7,4,3,9,5,4,296,152,144
MEDINA COUNTY,325,56 Years,704,325,379,386,179,207,8,3,5,13,2,11,297,141,156
MEDINA COUNTY,325,57 Years,731,367,364,412,199,213,11,8,3,13,5,8,295,155,140
MEDINA COUNTY,325,58 Years,709,349,360,419,206,213,10,9,1,8,2,6,272,132,140
MEDINA COUNTY,325,59 Years,653,328,325,383,197,186,6,5,1,10,5,5,254,121,133
MEDINA COUNTY,325,60 Years,608,303,305,350,178,172,4,3,1,7,2,5,247,120,127
MEDINA COUNTY,325,61 Years,629,309,320,362,178,184,7,3,4,8,3,5,252,125,127
MEDINA COUNTY,325,62 Years,631,300,331,358,170,188,13,10,3,10,6,4,250,114,136
MEDINA COUNTY,325,63 Years,608,292,316,353,171,182,6,4,2,6,3,3,243,114,129
MEDINA COUNTY,325,64 Years,579,276,303,341,164,177,6,3,3,5,2,3,227,107,120
MEDINA COUNTY,325,65 Years,613,303,310,364,177,187,2,1,1,9,5,4,238,120,118
MEDINA COUNTY,325,66 Years,621,302,319,368,175,193,2,1,1,9,5,4,242,121,121
MEDINA COUNTY,325,67 Years,590,284,306,355,175,180,2,1,1,9,4,5,224,104,120
MEDINA COUNTY,325,68 Years,465,236,229,286,150,136,1,0,1,3,2,1,175,84,91
MEDINA COUNTY,325,69 Years,438,222,216,271,140,131,0,0,0,5,5,0,162,77,85
MEDINA COUNTY,325,70 Years,434,203,231,266,127,139,0,0,0,8,5,3,160,71,89
MEDINA COUNTY,325,71 Years,418,198,220,265,124,141,3,2,1,5,2,3,145,70,75
MEDINA COUNTY,325,72 Years,370,177,193,229,111,118,1,1,0,6,3,3,134,62,72
MEDINA COUNTY,325,73 Years,324,158,166,208,102,106,1,1,0,6,2,4,109,53,56
MEDINA COUNTY,325,74 Years,311,172,139,188,96,92,7,6,1,3,2,1,113,68,45
MEDINA COUNTY,325,75 Years,293,146,147,176,94,82,3,3,0,8,2,6,106,47,59
MEDINA COUNTY,325,76 Years,284,130,154,177,88,89,0,0,0,7,1,6,100,41,59
MEDINA COUNTY,325,77 Years,243,103,140,154,72,82,1,0,1,4,1,3,84,30,54
MEDINA COUNTY,325,78 Years,256,119,137,162,78,84,3,2,1,5,4,1,86,35,51
MEDINA COUNTY,325,79 Years,223,105,118,144,69,75,2,0,2,3,3,0,74,33,41
MEDINA COUNTY,325,80 Years,209,96,113,136,64,72,0,0,0,3,1,2,70,31,39
MEDINA COUNTY,325,81 Years,201,98,103,124,60,64,0,0,0,2,2,0,75,36,39
MEDINA COUNTY,325,82 Years,183,81,102,120,52,68,1,1,0,1,1,0,61,27,34
MEDINA COUNTY,325,83 Years,173,74,99,119,51,68,1,1,0,2,1,1,51,21,30
MEDINA COUNTY,325,84 Years,161,66,95,106,44,62,0,0,0,1,1,0,54,21,33
MEDINA COUNTY,325,85 Years +,788,304,484,525,211,314,5,4,1,6,4,2,252,85,167
MENARD COUNTY,327,All Ages,2251,1153,1098,1364,678,686,12,7,5,16,7,9,859,461,398
MENARD COUNTY,327,< 1 Year,22,15,7,6,3,3,0,0,0,0,0,0,16,12,4
MENARD COUNTY,327,1 Years,24,15,9,6,3,3,0,0,0,0,0,0,18,12,6
MENARD COUNTY,327,2 Years,21,12,9,7,3,4,0,0,0,0,0,0,14,9,5
MENARD COUNTY,327,3 Years,17,9,8,6,3,3,0,0,0,0,0,0,11,6,5
MENARD COUNTY,327,4 Years,21,13,8,7,5,2,0,0,0,0,0,0,14,8,6
MENARD COUNTY,327,5 Years,31,20,11,17,11,6,0,0,0,0,0,0,14,9,5
MENARD COUNTY,327,6 Years,30,14,16,15,8,7,0,0,0,0,0,0,15,6,9
MENARD COUNTY,327,7 Years,25,12,13,12,6,6,0,0,0,0,0,0,13,6,7
MENARD COUNTY,327,8 Years,29,18,11,14,11,3,0,0,0,0,0,0,15,7,8
MENARD COUNTY,327,9 Years,31,22,9,19,15,4,0,0,0,0,0,0,12,7,5
MENARD COUNTY,327,10 Years,20,14,6,9,8,1,0,0,0,0,0,0,11,6,5
MENARD COUNTY,327,11 Years,20,12,8,9,5,4,0,0,0,0,0,0,11,7,4
MENARD COUNTY,327,12 Years,19,9,10,8,3,5,0,0,0,0,0,0,11,6,5
MENARD COUNTY,327,13 Years,20,10,10,8,3,5,0,0,0,0,0,0,12,7,5
MENARD COUNTY,327,14 Years,25,15,10,11,8,3,0,0,0,0,0,0,14,7,7
MENARD COUNTY,327,15 Years,26,12,14,11,6,5,0,0,0,0,0,0,15,6,9
MENARD COUNTY,327,16 Years,27,18,9,15,9,6,0,0,0,0,0,0,12,9,3
MENARD COUNTY,327,17 Years,21,16,5,9,6,3,0,0,0,0,0,0,12,10,2
MENARD COUNTY,327,18 Years,27,14,13,11,7,4,0,0,0,0,0,0,16,7,9
MENARD COUNTY,327,19 Years,27,14,13,9,6,3,0,0,0,0,0,0,18,8,10
MENARD COUNTY,327,20 Years,19,10,9,9,5,4,0,0,0,0,0,0,10,5,5
MENARD COUNTY,327,21 Years,25,12,13,7,3,4,0,0,0,1,0,1,17,9,8
MENARD COUNTY,327,22 Years,24,14,10,9,6,3,1,1,0,0,0,0,14,7,7
MENARD COUNTY,327,23 Years,20,11,9,7,4,3,0,0,0,0,0,0,13,7,6
MENARD COUNTY,327,24 Years,16,11,5,5,3,2,1,0,1,0,0,0,10,8,2
MENARD COUNTY,327,25 Years,17,10,7,2,2,0,1,0,1,0,0,0,14,8,6
MENARD COUNTY,327,26 Years,15,9,6,5,2,3,1,0,1,0,0,0,9,7,2
MENARD COUNTY,327,27 Years,20,10,10,13,7,6,0,0,0,0,0,0,7,3,4
MENARD COUNTY,327,28 Years,19,14,5,11,8,3,0,0,0,0,0,0,8,6,2
MENARD COUNTY,327,29 Years,17,13,4,9,7,2,0,0,0,0,0,0,8,6,2
MENARD COUNTY,327,30 Years,22,12,10,12,5,7,0,0,0,1,1,0,9,6,3
MENARD COUNTY,327,31 Years,20,9,11,10,4,6,0,0,0,1,0,1,9,5,4
MENARD COUNTY,327,32 Years,21,9,12,9,4,5,1,1,0,1,0,1,10,4,6
MENARD COUNTY,327,33 Years,24,11,13,13,5,8,1,1,0,0,0,0,10,5,5
MENARD COUNTY,327,34 Years,18,6,12,7,1,6,0,0,0,0,0,0,11,5,6
MENARD COUNTY,327,35 Years,15,7,8,8,3,5,0,0,0,1,1,0,6,3,3
MENARD COUNTY,327,36 Years,15,8,7,7,3,4,0,0,0,0,0,0,8,5,3
MENARD COUNTY,327,37 Years,13,6,7,7,4,3,0,0,0,0,0,0,6,2,4
MENARD COUNTY,327,38 Years,18,7,11,10,3,7,0,0,0,1,1,0,7,3,4
MENARD COUNTY,327,39 Years,22,11,11,14,6,8,0,0,0,1,1,0,7,4,3
MENARD COUNTY,327,40 Years,15,7,8,11,6,5,0,0,0,0,0,0,4,1,3
MENARD COUNTY,327,41 Years,16,6,10,13,6,7,0,0,0,0,0,0,3,0,3
MENARD COUNTY,327,42 Years,14,4,10,11,3,8,0,0,0,0,0,0,3,1,2
MENARD COUNTY,327,43 Years,15,5,10,10,3,7,0,0,0,0,0,0,5,2,3
MENARD COUNTY,327,44 Years,17,7,10,7,2,5,0,0,0,0,0,0,10,5,5
MENARD COUNTY,327,45 Years,22,10,12,11,6,5,0,0,0,0,0,0,11,4,7
MENARD COUNTY,327,46 Years,22,11,11,11,5,6,0,0,0,0,0,0,11,6,5
MENARD COUNTY,327,47 Years,24,11,13,16,7,9,0,0,0,0,0,0,8,4,4
MENARD COUNTY,327,48 Years,21,9,12,11,4,7,0,0,0,0,0,0,10,5,5
MENARD COUNTY,327,49 Years,20,11,9,8,3,5,0,0,0,0,0,0,12,8,4
MENARD COUNTY,327,50 Years,27,16,11,12,6,6,0,0,0,0,0,0,15,10,5
MENARD COUNTY,327,51 Years,35,14,21,20,7,13,0,0,0,0,0,0,15,7,8
MENARD COUNTY,327,52 Years,40,19,21,24,10,14,0,0,0,0,0,0,16,9,7
MENARD COUNTY,327,53 Years,38,19,19,25,13,12,0,0,0,1,0,1,12,6,6
MENARD COUNTY,327,54 Years,36,17,19,26,12,14,0,0,0,0,0,0,10,5,5
MENARD COUNTY,327,55 Years,43,21,22,28,14,14,0,0,0,0,0,0,15,7,8
MENARD COUNTY,327,56 Years,33,15,18,21,10,11,1,0,1,0,0,0,11,5,6
MENARD COUNTY,327,57 Years,34,15,19,25,10,15,1,0,1,0,0,0,8,5,3
MENARD COUNTY,327,58 Years,35,19,16,22,13,9,0,0,0,0,0,0,13,6,7
MENARD COUNTY,327,59 Years,34,17,17,23,12,11,0,0,0,0,0,0,11,5,6
MENARD COUNTY,327,60 Years,35,17,18,23,9,14,1,1,0,1,1,0,10,6,4
MENARD COUNTY,327,61 Years,33,15,18,25,10,15,0,0,0,1,0,1,7,5,2
MENARD COUNTY,327,62 Years,28,17,11,21,13,8,0,0,0,1,0,1,6,4,2
MENARD COUNTY,327,63 Years,37,17,20,28,13,15,0,0,0,1,0,1,8,4,4
MENARD COUNTY,327,64 Years,37,13,24,28,10,18,1,1,0,0,0,0,8,2,6
MENARD COUNTY,327,65 Years,42,20,22,27,10,17,1,1,0,0,0,0,14,9,5
MENARD COUNTY,327,66 Years,39,22,17,27,14,13,1,1,0,0,0,0,11,7,4
MENARD COUNTY,327,67 Years,39,18,21,30,13,17,0,0,0,0,0,0,9,5,4
MENARD COUNTY,327,68 Years,34,17,17,27,14,13,0,0,0,0,0,0,7,3,4
MENARD COUNTY,327,69 Years,43,24,19,34,20,14,0,0,0,1,0,1,8,4,4
MENARD COUNTY,327,70 Years,50,30,20,39,23,16,0,0,0,1,0,1,10,7,3
MENARD COUNTY,327,71 Years,45,25,20,37,21,16,0,0,0,1,1,0,7,3,4
MENARD COUNTY,327,72 Years,35,19,16,25,15,10,0,0,0,0,0,0,10,4,6
MENARD COUNTY,327,73 Years,26,12,14,18,9,9,0,0,0,0,0,0,8,3,5
MENARD COUNTY,327,74 Years,32,17,15,27,13,14,0,0,0,0,0,0,5,4,1
MENARD COUNTY,327,75 Years,27,15,12,25,13,12,0,0,0,0,0,0,2,2,0
MENARD COUNTY,327,76 Years,25,14,11,18,11,7,0,0,0,0,0,0,7,3,4
MENARD COUNTY,327,77 Years,25,10,15,19,9,10,0,0,0,0,0,0,6,1,5
MENARD COUNTY,327,78 Years,19,8,11,15,7,8,0,0,0,0,0,0,4,1,3
MENARD COUNTY,327,79 Years,13,6,7,10,5,5,0,0,0,0,0,0,3,1,2
MENARD COUNTY,327,80 Years,22,8,14,16,6,10,0,0,0,0,0,0,6,2,4
MENARD COUNTY,327,81 Years,18,8,10,13,6,7,0,0,0,0,0,0,5,2,3
MENARD COUNTY,327,82 Years,16,7,9,14,6,8,0,0,0,0,0,0,2,1,1
MENARD COUNTY,327,83 Years,17,8,9,13,5,8,0,0,0,0,0,0,4,3,1
MENARD COUNTY,327,84 Years,15,9,6,13,7,6,0,0,0,0,0,0,2,2,0
MENARD COUNTY,327,85 Years +,95,40,55,74,30,44,0,0,0,1,1,0,20,9,11
MIDLAND COUNTY,329,All Ages,155489,77065,78424,77269,38207,39062,9676,4713,4963,4992,2496,2496,63552,31649,31903
MIDLAND COUNTY,329,< 1 Year,2755,1405,1350,1050,538,512,161,80,81,136,69,67,1408,718,690
MIDLAND COUNTY,329,1 Years,2597,1317,1280,1000,502,498,149,76,73,126,62,64,1322,677,645
MIDLAND COUNTY,329,2 Years,2427,1237,1190,938,476,462,138,67,71,121,63,58,1230,631,599
MIDLAND COUNTY,329,3 Years,2281,1184,1097,878,449,429,132,67,65,102,55,47,1169,613,556
MIDLAND COUNTY,329,4 Years,2173,1127,1046,828,441,387,131,60,71,88,45,43,1126,581,545
MIDLAND COUNTY,329,5 Years,2362,1230,1132,888,470,418,150,85,65,95,48,47,1229,627,602
MIDLAND COUNTY,329,6 Years,2420,1240,1180,910,484,426,152,73,79,91,39,52,1267,644,623
MIDLAND COUNTY,329,7 Years,2388,1230,1158,852,442,410,167,80,87,88,41,47,1281,667,614
MIDLAND COUNTY,329,8 Years,2312,1198,1114,847,447,400,161,95,66,84,40,44,1220,616,604
MIDLAND COUNTY,329,9 Years,2281,1172,1109,838,451,387,150,80,70,83,43,40,1210,598,612
MIDLAND COUNTY,329,10 Years,2285,1184,1101,833,438,395,149,76,73,88,49,39,1215,621,594
MIDLAND COUNTY,329,11 Years,2253,1154,1099,824,418,406,150,78,72,64,36,28,1215,622,593
MIDLAND COUNTY,329,12 Years,2272,1164,1108,824,430,394,147,77,70,81,45,36,1220,612,608
MIDLAND COUNTY,329,13 Years,2313,1167,1146,855,424,431,147,69,78,91,49,42,1220,625,595
MIDLAND COUNTY,329,14 Years,2310,1170,1140,870,440,430,156,74,82,81,45,36,1203,611,592
MIDLAND COUNTY,329,15 Years,2261,1181,1080,863,448,415,145,73,72,74,41,33,1179,619,560
MIDLAND COUNTY,329,16 Years,2195,1142,1053,833,444,389,123,59,64,71,40,31,1168,599,569
MIDLAND COUNTY,329,17 Years,2163,1130,1033,846,448,398,143,73,70,69,34,35,1105,575,530
MIDLAND COUNTY,329,18 Years,2095,1089,1006,834,424,410,120,60,60,68,38,30,1073,567,506
MIDLAND COUNTY,329,19 Years,2033,1026,1007,798,410,388,120,62,58,58,36,22,1057,518,539
MIDLAND COUNTY,329,20 Years,2042,1040,1002,802,416,386,122,70,52,70,46,24,1048,508,540
MIDLAND COUNTY,329,21 Years,2066,1037,1029,793,412,381,147,80,67,60,37,23,1066,508,558
MIDLAND COUNTY,329,22 Years,2164,1071,1093,837,433,404,161,77,84,71,40,31,1095,521,574
MIDLAND COUNTY,329,23 Years,2291,1132,1159,880,450,430,196,85,111,80,40,40,1135,557,578
MIDLAND COUNTY,329,24 Years,2170,1045,1125,849,418,431,173,87,86,67,27,40,1081,513,568
MIDLAND COUNTY,329,25 Years,2097,1009,1088,846,403,443,127,71,56,66,33,33,1058,502,556
MIDLAND COUNTY,329,26 Years,2107,1047,1060,847,418,429,127,73,54,72,33,39,1061,523,538
MIDLAND COUNTY,329,27 Years,2268,1135,1133,960,477,483,151,77,74,76,34,42,1081,547,534
MIDLAND COUNTY,329,28 Years,2372,1175,1197,1071,543,528,169,80,89,71,31,40,1061,521,540
MIDLAND COUNTY,329,29 Years,2397,1217,1180,1104,571,533,141,76,65,84,37,47,1068,533,535
MIDLAND COUNTY,329,30 Years,2428,1274,1154,1121,582,539,135,76,59,99,42,57,1073,574,499
MIDLAND COUNTY,329,31 Years,2527,1304,1223,1201,636,565,128,71,57,102,49,53,1096,548,548
MIDLAND COUNTY,329,32 Years,2532,1292,1240,1205,639,566,133,67,66,88,41,47,1106,545,561
MIDLAND COUNTY,329,33 Years,2445,1275,1170,1196,645,551,121,56,65,78,40,38,1050,534,516
MIDLAND COUNTY,329,34 Years,2382,1262,1120,1174,655,519,141,64,77,70,38,32,997,505,492
MIDLAND COUNTY,329,35 Years,2127,1109,1018,1025,566,459,122,57,65,69,28,41,911,458,453
MIDLAND COUNTY,329,36 Years,2024,1016,1008,935,481,454,106,55,51,69,24,45,914,456,458
MIDLAND COUNTY,329,37 Years,1899,978,921,858,422,436,111,59,52,64,35,29,866,462,404
MIDLAND COUNTY,329,38 Years,1803,936,867,799,407,392,116,57,59,78,40,38,810,432,378
MIDLAND COUNTY,329,39 Years,1881,946,935,866,425,441,109,49,60,62,33,29,844,439,405
MIDLAND COUNTY,329,40 Years,1805,905,900,823,419,404,90,43,47,64,36,28,828,407,421
MIDLAND COUNTY,329,41 Years,1787,910,877,819,420,399,112,62,50,49,20,29,807,408,399
MIDLAND COUNTY,329,42 Years,1846,925,921,880,446,434,106,58,48,54,20,34,806,401,405
MIDLAND COUNTY,329,43 Years,1845,867,978,904,432,472,109,43,66,75,33,42,757,359,398
MIDLAND COUNTY,329,44 Years,1815,903,912,892,467,425,112,48,64,84,37,47,727,351,376
MIDLAND COUNTY,329,45 Years,1803,883,920,894,442,452,115,56,59,66,27,39,728,358,370
MIDLAND COUNTY,329,46 Years,1708,834,874,827,399,428,121,61,60,48,25,23,712,349,363
MIDLAND COUNTY,329,47 Years,1672,814,858,832,390,442,116,60,56,46,28,18,678,336,342
MIDLAND COUNTY,329,48 Years,1722,856,866,849,415,434,117,60,57,49,32,17,707,349,358
MIDLAND COUNTY,329,49 Years,1785,894,891,893,436,457,127,67,60,46,27,19,719,364,355
MIDLAND COUNTY,329,50 Years,1892,903,989,1002,462,540,144,70,74,51,27,24,695,344,351
MIDLAND COUNTY,329,51 Years,2033,983,1050,1135,549,586,146,67,79,49,19,30,703,348,355
MIDLAND COUNTY,329,52 Years,2093,1001,1092,1247,601,646,131,61,70,42,19,23,673,320,353
MIDLAND COUNTY,329,53 Years,2142,981,1161,1295,583,712,146,67,79,55,27,28,646,304,342
MIDLAND COUNTY,329,54 Years,2224,1072,1152,1380,665,715,139,65,74,66,30,36,639,312,327
MIDLAND COUNTY,329,55 Years,2199,1058,1141,1416,677,739,135,63,72,54,25,29,594,293,301
MIDLAND COUNTY,329,56 Years,2182,1069,1113,1431,691,740,133,65,68,46,26,20,572,287,285
MIDLAND COUNTY,329,57 Years,2200,1096,1104,1425,711,714,135,63,72,54,30,24,586,292,294
MIDLAND COUNTY,329,58 Years,2154,1036,1118,1406,684,722,128,58,70,47,22,25,573,272,301
MIDLAND COUNTY,329,59 Years,2055,1003,1052,1412,691,721,113,48,65,45,21,24,485,243,242
MIDLAND COUNTY,329,60 Years,1943,959,984,1308,647,661,127,65,62,50,27,23,458,220,238
MIDLAND COUNTY,329,61 Years,1814,891,923,1233,624,609,109,55,54,55,30,25,417,182,235
MIDLAND COUNTY,329,62 Years,1673,826,847,1148,575,573,113,51,62,39,20,19,373,180,193
MIDLAND COUNTY,329,63 Years,1565,750,815,1069,525,544,97,43,54,49,23,26,350,159,191
MIDLAND COUNTY,329,64 Years,1478,717,761,983,489,494,80,35,45,49,25,24,366,168,198
MIDLAND COUNTY,329,65 Years,1343,670,673,910,465,445,74,38,36,44,25,19,315,142,173
MIDLAND COUNTY,329,66 Years,1263,625,638,864,446,418,72,26,46,39,18,21,288,135,153
MIDLAND COUNTY,329,67 Years,1254,614,640,888,443,445,67,29,38,41,18,23,258,124,134
MIDLAND COUNTY,329,68 Years,1002,507,495,681,350,331,68,36,32,30,17,13,223,104,119
MIDLAND COUNTY,329,69 Years,906,419,487,617,292,325,57,23,34,25,14,11,207,90,117
MIDLAND COUNTY,329,70 Years,904,425,479,633,304,329,57,24,33,18,11,7,196,86,110
MIDLAND COUNTY,329,71 Years,870,412,458,608,297,311,59,29,30,17,8,9,186,78,108
MIDLAND COUNTY,329,72 Years,802,364,438,565,255,310,56,27,29,21,14,7,160,68,92
MIDLAND COUNTY,329,73 Years,714,320,394,484,217,267,49,19,30,17,11,6,164,73,91
MIDLAND COUNTY,329,74 Years,688,288,400,484,201,283,49,21,28,18,10,8,137,56,81
MIDLAND COUNTY,329,75 Years,653,271,382,460,191,269,39,20,19,19,8,11,135,52,83
MIDLAND COUNTY,329,76 Years,682,286,396,505,206,299,37,18,19,14,5,9,126,57,69
MIDLAND COUNTY,329,77 Years,651,280,371,482,203,279,43,15,28,11,4,7,115,58,57
MIDLAND COUNTY,329,78 Years,635,286,349,467,204,263,41,20,21,9,3,6,118,59,59
MIDLAND COUNTY,329,79 Years,623,276,347,460,203,257,38,14,24,9,5,4,116,54,62
MIDLAND COUNTY,329,80 Years,561,242,319,433,194,239,30,9,21,5,3,2,93,36,57
MIDLAND COUNTY,329,81 Years,524,209,315,410,172,238,29,9,20,5,2,3,80,26,54
MIDLAND COUNTY,329,82 Years,504,191,313,393,147,246,32,10,22,6,1,5,73,33,40
MIDLAND COUNTY,329,83 Years,471,179,292,370,136,234,26,8,18,11,4,7,64,31,33
MIDLAND COUNTY,329,84 Years,427,171,256,332,130,202,19,6,13,8,2,6,68,33,35
MIDLAND COUNTY,329,85 Years +,2379,847,1532,1942,688,1254,106,27,79,38,11,27,293,121,172
MILAM COUNTY,331,All Ages,24378,12122,12256,15334,7553,7781,2393,1161,1232,416,215,201,6235,3193,3042
MILAM COUNTY,331,< 1 Year,324,161,163,135,66,69,35,18,17,15,8,7,139,69,70
MILAM COUNTY,331,1 Years,322,159,163,130,63,67,33,17,16,14,8,6,145,71,74
MILAM COUNTY,331,2 Years,315,157,158,131,66,65,31,14,17,9,5,4,144,72,72
MILAM COUNTY,331,3 Years,316,157,159,128,66,62,29,12,17,11,7,4,148,72,76
MILAM COUNTY,331,4 Years,332,172,160,133,80,53,33,17,16,12,7,5,154,68,86
MILAM COUNTY,331,5 Years,329,171,158,146,80,66,30,16,14,9,4,5,144,71,73
MILAM COUNTY,331,6 Years,339,179,160,162,87,75,37,19,18,10,7,3,130,66,64
MILAM COUNTY,331,7 Years,342,167,175,163,81,82,39,19,20,9,7,2,131,60,71
MILAM COUNTY,331,8 Years,308,160,148,161,80,81,31,18,13,9,5,4,107,57,50
MILAM COUNTY,331,9 Years,340,170,170,174,86,88,32,18,14,9,4,5,125,62,63
MILAM COUNTY,331,10 Years,342,175,167,172,89,83,31,16,15,7,5,2,132,65,67
MILAM COUNTY,331,11 Years,322,169,153,155,83,72,34,16,18,7,6,1,126,64,62
MILAM COUNTY,331,12 Years,357,189,168,178,95,83,34,16,18,8,3,5,137,75,62
MILAM COUNTY,331,13 Years,370,187,183,178,91,87,45,24,21,6,2,4,141,70,71
MILAM COUNTY,331,14 Years,362,195,167,177,99,78,43,24,19,6,2,4,136,70,66
MILAM COUNTY,331,15 Years,336,181,155,176,99,77,31,14,17,6,2,4,123,66,57
MILAM COUNTY,331,16 Years,336,179,157,178,102,76,40,17,23,5,4,1,113,56,57
MILAM COUNTY,331,17 Years,374,197,177,203,113,90,42,22,20,8,5,3,121,57,64
MILAM COUNTY,331,18 Years,366,201,165,194,108,86,41,24,17,8,3,5,123,66,57
MILAM COUNTY,331,19 Years,358,199,159,177,94,83,49,28,21,8,5,3,124,72,52
MILAM COUNTY,331,20 Years,358,186,172,167,83,84,53,31,22,8,5,3,130,67,63
MILAM COUNTY,331,21 Years,346,189,157,166,90,76,51,32,19,8,2,6,121,65,56
MILAM COUNTY,331,22 Years,325,168,157,175,89,86,38,18,20,6,3,3,106,58,48
MILAM COUNTY,331,23 Years,266,126,140,141,64,77,29,14,15,4,2,2,92,46,46
MILAM COUNTY,331,24 Years,234,121,113,118,59,59,30,18,12,4,3,1,82,41,41
MILAM COUNTY,331,25 Years,234,113,121,116,50,66,27,16,11,3,1,2,88,46,42
MILAM COUNTY,331,26 Years,227,121,106,132,64,68,23,14,9,1,1,0,71,42,29
MILAM COUNTY,331,27 Years,214,114,100,123,66,57,25,15,10,4,2,2,62,31,31
MILAM COUNTY,331,28 Years,217,114,103,122,59,63,21,12,9,3,2,1,71,41,30
MILAM COUNTY,331,29 Years,224,108,116,118,53,65,22,13,9,4,2,2,80,40,40
MILAM COUNTY,331,30 Years,225,119,106,118,70,48,19,7,12,2,1,1,86,41,45
MILAM COUNTY,331,31 Years,250,129,121,142,75,67,20,9,11,6,3,3,82,42,40
MILAM COUNTY,331,32 Years,228,115,113,130,62,68,19,8,11,3,1,2,76,44,32
MILAM COUNTY,331,33 Years,227,109,118,136,63,73,17,6,11,2,1,1,72,39,33
MILAM COUNTY,331,34 Years,236,111,125,137,62,75,23,9,14,3,2,1,73,38,35
MILAM COUNTY,331,35 Years,232,99,133,142,54,88,18,6,12,3,2,1,69,37,32
MILAM COUNTY,331,36 Years,239,107,132,144,63,81,18,3,15,3,3,0,74,38,36
MILAM COUNTY,331,37 Years,241,115,126,141,68,73,22,7,15,2,2,0,76,38,38
MILAM COUNTY,331,38 Years,270,132,138,150,76,74,30,12,18,4,2,2,86,42,44
MILAM COUNTY,331,39 Years,242,115,127,146,67,79,21,9,12,5,1,4,70,38,32
MILAM COUNTY,331,40 Years,251,116,135,146,68,78,26,9,17,4,1,3,75,38,37
MILAM COUNTY,331,41 Years,247,121,126,161,79,82,21,8,13,3,1,2,62,33,29
MILAM COUNTY,331,42 Years,275,140,135,185,89,96,27,15,12,5,3,2,58,33,25
MILAM COUNTY,331,43 Years,293,162,131,190,107,83,24,13,11,3,1,2,76,41,35
MILAM COUNTY,331,44 Years,288,144,144,181,92,89,26,9,17,5,2,3,76,41,35
MILAM COUNTY,331,45 Years,273,126,147,174,82,92,24,9,15,6,3,3,69,32,37
MILAM COUNTY,331,46 Years,275,140,135,187,95,92,20,10,10,4,3,1,64,32,32
MILAM COUNTY,331,47 Years,293,148,145,192,98,94,35,16,19,4,3,1,62,31,31
MILAM COUNTY,331,48 Years,310,147,163,200,97,103,36,16,20,6,3,3,68,31,37
MILAM COUNTY,331,49 Years,310,162,148,206,105,101,32,18,14,3,1,2,69,38,31
MILAM COUNTY,331,50 Years,324,161,163,220,108,112,35,18,17,1,1,0,68,34,34
MILAM COUNTY,331,51 Years,363,174,189,250,121,129,35,16,19,7,3,4,71,34,37
MILAM COUNTY,331,52 Years,329,158,171,226,105,121,37,18,19,7,2,5,59,33,26
MILAM COUNTY,331,53 Years,344,175,169,235,118,117,41,25,16,5,2,3,63,30,33
MILAM COUNTY,331,54 Years,360,173,187,252,123,129,45,21,24,4,3,1,59,26,33
MILAM COUNTY,331,55 Years,326,164,162,236,113,123,36,18,18,6,4,2,48,29,19
MILAM COUNTY,331,56 Years,344,168,176,244,113,131,28,16,12,6,3,3,66,36,30
MILAM COUNTY,331,57 Years,354,171,183,267,128,139,29,14,15,4,3,1,54,26,28
MILAM COUNTY,331,58 Years,364,187,177,270,134,136,30,16,14,6,3,3,58,34,24
MILAM COUNTY,331,59 Years,350,166,184,261,127,134,33,12,21,6,2,4,50,25,25
MILAM COUNTY,331,60 Years,351,171,180,271,137,134,33,15,18,3,1,2,44,18,26
MILAM COUNTY,331,61 Years,327,155,172,261,120,141,23,9,14,2,2,0,41,24,17
MILAM COUNTY,331,62 Years,320,154,166,254,122,132,22,8,14,4,2,2,40,22,18
MILAM COUNTY,331,63 Years,336,160,176,265,122,143,27,16,11,5,3,2,39,19,20
MILAM COUNTY,331,64 Years,308,153,155,240,120,120,29,16,13,4,2,2,35,15,20
MILAM COUNTY,331,65 Years,301,153,148,229,115,114,31,17,14,4,0,4,37,21,16
MILAM COUNTY,331,66 Years,308,161,147,237,121,116,32,17,15,3,1,2,36,22,14
MILAM COUNTY,331,67 Years,335,168,167,267,131,136,26,14,12,2,0,2,40,23,17
MILAM COUNTY,331,68 Years,268,143,125,215,117,98,22,12,10,1,0,1,30,14,16
MILAM COUNTY,331,69 Years,273,145,128,216,114,102,18,9,9,3,2,1,36,20,16
MILAM COUNTY,331,70 Years,251,126,125,202,102,100,19,9,10,5,3,2,25,12,13
MILAM COUNTY,331,71 Years,236,120,116,198,101,97,17,8,9,4,2,2,17,9,8
MILAM COUNTY,331,72 Years,215,110,105,179,93,86,17,8,9,3,1,2,16,8,8
MILAM COUNTY,331,73 Years,198,99,99,161,85,76,16,6,10,2,0,2,19,8,11
MILAM COUNTY,331,74 Years,187,92,95,150,75,75,14,3,11,2,2,0,21,12,9
MILAM COUNTY,331,75 Years,176,82,94,141,67,74,18,6,12,1,0,1,16,9,7
MILAM COUNTY,331,76 Years,187,88,99,149,70,79,15,8,7,3,1,2,20,9,11
MILAM COUNTY,331,77 Years,184,75,109,147,63,84,18,7,11,3,1,2,16,4,12
MILAM COUNTY,331,78 Years,170,81,89,138,65,73,14,6,8,1,0,1,17,10,7
MILAM COUNTY,331,79 Years,147,69,78,119,53,66,12,6,6,0,0,0,16,10,6
MILAM COUNTY,331,80 Years,145,64,81,119,53,66,15,6,9,0,0,0,11,5,6
MILAM COUNTY,331,81 Years,128,59,69,107,49,58,11,6,5,2,0,2,8,4,4
MILAM COUNTY,331,82 Years,116,48,68,98,40,58,8,4,4,1,0,1,9,4,5
MILAM COUNTY,331,83 Years,118,49,69,94,40,54,13,5,8,1,0,1,10,4,6
MILAM COUNTY,331,84 Years,105,45,60,87,37,50,10,3,7,0,0,0,8,5,3
MILAM COUNTY,331,85 Years +,590,213,377,492,174,318,47,12,35,8,5,3,43,22,21
MILLS COUNTY,333,All Ages,4977,2482,2495,3970,1940,2030,26,14,12,71,40,31,910,488,422
MILLS COUNTY,333,< 1 Year,51,28,23,30,16,14,0,0,0,2,1,1,19,11,8
MILLS COUNTY,333,1 Years,52,30,22,32,17,15,0,0,0,2,1,1,18,12,6
MILLS COUNTY,333,2 Years,49,27,22,30,16,14,0,0,0,2,1,1,17,10,7
MILLS COUNTY,333,3 Years,48,26,22,28,14,14,0,0,0,1,0,1,19,12,7
MILLS COUNTY,333,4 Years,58,30,28,34,13,21,0,0,0,1,1,0,23,16,7
MILLS COUNTY,333,5 Years,56,32,24,37,21,16,0,0,0,2,2,0,17,9,8
MILLS COUNTY,333,6 Years,64,29,35,43,21,22,0,0,0,1,1,0,20,7,13
MILLS COUNTY,333,7 Years,68,29,39,46,23,23,0,0,0,2,1,1,20,5,15
MILLS COUNTY,333,8 Years,70,39,31,51,30,21,1,1,0,0,0,0,18,8,10
MILLS COUNTY,333,9 Years,64,30,34,45,20,25,0,0,0,2,1,1,17,9,8
MILLS COUNTY,333,10 Years,65,35,30,47,24,23,0,0,0,2,2,0,16,9,7
MILLS COUNTY,333,11 Years,62,32,30,48,23,25,1,1,0,1,1,0,12,7,5
MILLS COUNTY,333,12 Years,65,37,28,54,29,25,0,0,0,1,1,0,10,7,3
MILLS COUNTY,333,13 Years,76,43,33,63,35,28,1,0,1,1,1,0,11,7,4
MILLS COUNTY,333,14 Years,79,41,38,62,34,28,4,2,2,0,0,0,13,5,8
MILLS COUNTY,333,15 Years,79,36,43,59,27,32,4,3,1,1,0,1,15,6,9
MILLS COUNTY,333,16 Years,79,35,44,60,27,33,5,2,3,0,0,0,14,6,8
MILLS COUNTY,333,17 Years,82,41,41,62,30,32,2,1,1,0,0,0,18,10,8
MILLS COUNTY,333,18 Years,77,42,35,51,27,24,1,1,0,0,0,0,25,14,11
MILLS COUNTY,333,19 Years,68,36,32,46,23,23,1,1,0,1,0,1,20,12,8
MILLS COUNTY,333,20 Years,70,36,34,47,23,24,1,1,0,2,2,0,20,10,10
MILLS COUNTY,333,21 Years,72,43,29,51,29,22,0,0,0,1,1,0,20,13,7
MILLS COUNTY,333,22 Years,67,39,28,52,29,23,0,0,0,0,0,0,15,10,5
MILLS COUNTY,333,23 Years,43,20,23,32,13,19,0,0,0,0,0,0,11,7,4
MILLS COUNTY,333,24 Years,39,21,18,24,13,11,0,0,0,1,0,1,14,8,6
MILLS COUNTY,333,25 Years,33,18,15,23,11,12,0,0,0,0,0,0,10,7,3
MILLS COUNTY,333,26 Years,38,18,20,23,10,13,0,0,0,0,0,0,15,8,7
MILLS COUNTY,333,27 Years,40,22,18,28,18,10,0,0,0,1,0,1,11,4,7
MILLS COUNTY,333,28 Years,33,20,13,26,17,9,0,0,0,0,0,0,7,3,4
MILLS COUNTY,333,29 Years,37,21,16,30,17,13,0,0,0,0,0,0,7,4,3
MILLS COUNTY,333,30 Years,35,19,16,26,14,12,0,0,0,0,0,0,9,5,4
MILLS COUNTY,333,31 Years,37,15,22,25,8,17,0,0,0,1,0,1,11,7,4
MILLS COUNTY,333,32 Years,40,13,27,31,11,20,0,0,0,1,0,1,8,2,6
MILLS COUNTY,333,33 Years,39,16,23,30,12,18,0,0,0,0,0,0,9,4,5
MILLS COUNTY,333,34 Years,44,24,20,34,19,15,0,0,0,1,1,0,9,4,5
MILLS COUNTY,333,35 Years,46,23,23,31,14,17,0,0,0,1,1,0,14,8,6
MILLS COUNTY,333,36 Years,41,20,21,31,15,16,0,0,0,0,0,0,10,5,5
MILLS COUNTY,333,37 Years,43,22,21,34,18,16,0,0,0,1,1,0,8,3,5
MILLS COUNTY,333,38 Years,44,18,26,33,15,18,1,0,1,2,0,2,8,3,5
MILLS COUNTY,333,39 Years,33,14,19,24,11,13,1,0,1,0,0,0,8,3,5
MILLS COUNTY,333,40 Years,38,20,18,28,15,13,0,0,0,1,1,0,9,4,5
MILLS COUNTY,333,41 Years,43,21,22,33,16,17,0,0,0,0,0,0,10,5,5
MILLS COUNTY,333,42 Years,45,19,26,30,13,17,0,0,0,0,0,0,15,6,9
MILLS COUNTY,333,43 Years,59,25,34,43,17,26,0,0,0,2,2,0,14,6,8
MILLS COUNTY,333,44 Years,65,33,32,49,24,25,0,0,0,2,2,0,14,7,7
MILLS COUNTY,333,45 Years,61,38,23,50,31,19,0,0,0,1,1,0,10,6,4
MILLS COUNTY,333,46 Years,53,25,28,43,20,23,0,0,0,1,0,1,9,5,4
MILLS COUNTY,333,47 Years,62,32,30,52,26,26,0,0,0,0,0,0,10,6,4
MILLS COUNTY,333,48 Years,62,33,29,48,26,22,0,0,0,0,0,0,14,7,7
MILLS COUNTY,333,49 Years,70,39,31,52,26,26,0,0,0,1,1,0,17,12,5
MILLS COUNTY,333,50 Years,59,30,29,47,23,24,0,0,0,2,1,1,10,6,4
MILLS COUNTY,333,51 Years,60,30,30,46,20,26,1,1,0,1,0,1,12,9,3
MILLS COUNTY,333,52 Years,64,31,33,53,24,29,1,0,1,2,1,1,8,6,2
MILLS COUNTY,333,53 Years,73,36,37,59,28,31,0,0,0,2,1,1,12,7,5
MILLS COUNTY,333,54 Years,59,33,26,53,29,24,0,0,0,0,0,0,6,4,2
MILLS COUNTY,333,55 Years,51,24,27,45,22,23,0,0,0,0,0,0,6,2,4
MILLS COUNTY,333,56 Years,63,29,34,55,26,29,0,0,0,2,0,2,6,3,3
MILLS COUNTY,333,57 Years,69,34,35,57,27,30,0,0,0,4,2,2,8,5,3
MILLS COUNTY,333,58 Years,76,36,40,64,29,35,0,0,0,2,1,1,10,6,4
MILLS COUNTY,333,59 Years,79,44,35,67,37,30,1,0,1,1,1,0,10,6,4
MILLS COUNTY,333,60 Years,69,36,33,61,31,30,0,0,0,0,0,0,8,5,3
MILLS COUNTY,333,61 Years,70,35,35,60,29,31,0,0,0,1,1,0,9,5,4
MILLS COUNTY,333,62 Years,67,31,36,58,27,31,0,0,0,0,0,0,9,4,5
MILLS COUNTY,333,63 Years,71,40,31,62,36,26,0,0,0,2,1,1,7,3,4
MILLS COUNTY,333,64 Years,78,38,40,69,34,35,0,0,0,2,1,1,7,3,4
MILLS COUNTY,333,65 Years,78,34,44,69,31,38,0,0,0,1,0,1,8,3,5
MILLS COUNTY,333,66 Years,68,35,33,63,33,30,0,0,0,1,0,1,4,2,2
MILLS COUNTY,333,67 Years,70,36,34,66,33,33,0,0,0,0,0,0,4,3,1
MILLS COUNTY,333,68 Years,68,32,36,65,31,34,0,0,0,1,0,1,2,1,1
MILLS COUNTY,333,69 Years,74,32,42,67,29,38,0,0,0,1,0,1,6,3,3
MILLS COUNTY,333,70 Years,77,40,37,73,38,35,0,0,0,1,1,0,3,1,2
MILLS COUNTY,333,71 Years,75,39,36,69,36,33,0,0,0,0,0,0,6,3,3
MILLS COUNTY,333,72 Years,68,34,34,66,33,33,0,0,0,0,0,0,2,1,1
MILLS COUNTY,333,73 Years,58,32,26,53,30,23,0,0,0,0,0,0,5,2,3
MILLS COUNTY,333,74 Years,48,24,24,43,20,23,0,0,0,1,1,0,4,3,1
MILLS COUNTY,333,75 Years,54,21,33,46,17,29,0,0,0,0,0,0,8,4,4
MILLS COUNTY,333,76 Years,45,20,25,41,17,24,0,0,0,1,1,0,3,2,1
MILLS COUNTY,333,77 Years,37,18,19,36,17,19,0,0,0,0,0,0,1,1,0
MILLS COUNTY,333,78 Years,38,20,18,34,18,16,0,0,0,0,0,0,4,2,2
MILLS COUNTY,333,79 Years,30,15,15,26,13,13,0,0,0,0,0,0,4,2,2
MILLS COUNTY,333,80 Years,36,15,21,33,14,19,0,0,0,0,0,0,3,1,2
MILLS COUNTY,333,81 Years,38,20,18,32,16,16,0,0,0,0,0,0,6,4,2
MILLS COUNTY,333,82 Years,38,19,19,34,17,17,0,0,0,0,0,0,4,2,2
MILLS COUNTY,333,83 Years,34,13,21,31,12,19,0,0,0,0,0,0,3,1,2
MILLS COUNTY,333,84 Years,26,9,17,25,8,17,0,0,0,0,0,0,1,1,0
MILLS COUNTY,333,85 Years +,165,62,103,151,54,97,0,0,0,1,0,1,13,8,5
MITCHELL COUNTY,335,All Ages,9087,5548,3539,4459,2365,2094,975,865,110,128,64,64,3525,2254,1271
MITCHELL COUNTY,335,< 1 Year,84,40,44,35,17,18,1,0,1,1,0,1,47,23,24
MITCHELL COUNTY,335,1 Years,90,47,43,35,19,16,1,0,1,2,0,2,52,28,24
MITCHELL COUNTY,335,2 Years,95,50,45,37,21,16,1,0,1,2,0,2,55,29,26
MITCHELL COUNTY,335,3 Years,96,47,49,38,19,19,1,0,1,3,1,2,54,27,27
MITCHELL COUNTY,335,4 Years,90,46,44,36,13,23,1,0,1,2,0,2,51,33,18
MITCHELL COUNTY,335,5 Years,98,45,53,45,18,27,3,1,2,1,0,1,49,26,23
MITCHELL COUNTY,335,6 Years,97,49,48,43,22,21,3,1,2,3,1,2,48,25,23
MITCHELL COUNTY,335,7 Years,97,50,47,43,23,20,3,0,3,2,1,1,49,26,23
MITCHELL COUNTY,335,8 Years,90,45,45,43,22,21,2,1,1,1,0,1,44,22,22
MITCHELL COUNTY,335,9 Years,76,44,32,30,18,12,3,2,1,2,1,1,41,23,18
MITCHELL COUNTY,335,10 Years,96,50,46,45,23,22,6,3,3,1,1,0,44,23,21
MITCHELL COUNTY,335,11 Years,94,49,45,40,21,19,7,3,4,2,1,1,45,24,21
MITCHELL COUNTY,335,12 Years,94,47,47,46,24,22,8,5,3,1,0,1,39,18,21
MITCHELL COUNTY,335,13 Years,104,50,54,53,26,27,5,4,1,0,0,0,46,20,26
MITCHELL COUNTY,335,14 Years,106,57,49,53,27,26,4,3,1,1,1,0,48,26,22
MITCHELL COUNTY,335,15 Years,105,56,49,52,31,21,5,2,3,1,1,0,47,22,25
MITCHELL COUNTY,335,16 Years,109,59,50,55,31,24,5,4,1,0,0,0,49,24,25
MITCHELL COUNTY,335,17 Years,87,44,43,48,22,26,4,3,1,1,1,0,34,18,16
MITCHELL COUNTY,335,18 Years,100,56,44,42,20,22,6,6,0,2,1,1,50,29,21
MITCHELL COUNTY,335,19 Years,149,97,52,47,21,26,20,19,1,3,1,2,79,56,23
MITCHELL COUNTY,335,20 Years,184,135,49,48,24,24,31,28,3,1,1,0,104,82,22
MITCHELL COUNTY,335,21 Years,208,169,39,50,33,17,57,54,3,1,1,0,100,81,19
MITCHELL COUNTY,335,22 Years,212,169,43,56,37,19,59,56,3,4,2,2,93,74,19
MITCHELL COUNTY,335,23 Years,195,159,36,63,45,18,46,44,2,1,0,1,85,70,15
MITCHELL COUNTY,335,24 Years,188,152,36,59,44,15,43,40,3,1,1,0,85,67,18
MITCHELL COUNTY,335,25 Years,180,145,35,57,39,18,59,56,3,1,0,1,63,50,13
MITCHELL COUNTY,335,26 Years,186,157,29,48,37,11,46,44,2,2,1,1,90,75,15
MITCHELL COUNTY,335,27 Years,159,125,34,54,37,17,30,29,1,2,1,1,73,58,15
MITCHELL COUNTY,335,28 Years,162,132,30,53,36,17,37,37,0,3,2,1,69,57,12
MITCHELL COUNTY,335,29 Years,147,110,37,46,30,16,26,25,1,3,1,2,72,54,18
MITCHELL COUNTY,335,30 Years,148,113,35,52,36,16,30,30,0,4,2,2,62,45,17
MITCHELL COUNTY,335,31 Years,123,88,35,47,27,20,23,23,0,2,2,0,51,36,15
MITCHELL COUNTY,335,32 Years,137,104,33,55,36,19,19,19,0,1,1,0,62,48,14
MITCHELL COUNTY,335,33 Years,145,103,42,65,39,26,21,21,0,2,2,0,57,41,16
MITCHELL COUNTY,335,34 Years,132,84,48,58,28,30,22,21,1,3,1,2,49,34,15
MITCHELL COUNTY,335,35 Years,145,104,41,58,33,25,20,18,2,3,1,2,64,52,12
MITCHELL COUNTY,335,36 Years,123,91,32,55,32,23,20,19,1,1,0,1,47,40,7
MITCHELL COUNTY,335,37 Years,126,89,37,59,32,27,20,20,0,3,3,0,44,34,10
MITCHELL COUNTY,335,38 Years,124,94,30,50,32,18,17,17,0,1,1,0,56,44,12
MITCHELL COUNTY,335,39 Years,111,79,32,55,34,21,11,11,0,3,3,0,42,31,11
MITCHELL COUNTY,335,40 Years,98,63,35,62,37,25,12,10,2,2,2,0,22,14,8
MITCHELL COUNTY,335,41 Years,97,60,37,45,22,23,15,14,1,1,1,0,36,23,13
MITCHELL COUNTY,335,42 Years,101,64,37,37,18,19,17,17,0,1,1,0,46,28,18
MITCHELL COUNTY,335,43 Years,125,76,49,59,31,28,20,19,1,1,1,0,45,25,20
MITCHELL COUNTY,335,44 Years,128,76,52,63,36,27,13,11,2,0,0,0,52,29,23
MITCHELL COUNTY,335,45 Years,115,80,35,59,37,22,12,11,1,1,1,0,43,31,12
MITCHELL COUNTY,335,46 Years,101,72,29,47,32,15,9,8,1,4,2,2,41,30,11
MITCHELL COUNTY,335,47 Years,111,70,41,49,28,21,11,9,2,2,1,1,49,32,17
MITCHELL COUNTY,335,48 Years,123,81,42,57,33,24,19,16,3,2,1,1,45,31,14
MITCHELL COUNTY,335,49 Years,112,67,45,56,30,26,10,7,3,0,0,0,46,30,16
MITCHELL COUNTY,335,50 Years,84,44,40,42,20,22,5,3,2,1,0,1,36,21,15
MITCHELL COUNTY,335,51 Years,114,72,42,67,40,27,5,5,0,1,1,0,41,26,15
MITCHELL COUNTY,335,52 Years,115,69,46,70,39,31,11,9,2,1,0,1,33,21,12
MITCHELL COUNTY,335,53 Years,95,53,42,52,27,25,8,7,1,0,0,0,35,19,16
MITCHELL COUNTY,335,54 Years,121,73,48,77,43,34,11,10,1,1,1,0,32,19,13
MITCHELL COUNTY,335,55 Years,104,57,47,64,33,31,4,3,1,2,1,1,34,20,14
MITCHELL COUNTY,335,56 Years,109,54,55,70,34,36,4,3,1,1,1,0,34,16,18
MITCHELL COUNTY,335,57 Years,91,46,45,59,25,34,5,4,1,2,2,0,25,15,10
MITCHELL COUNTY,335,58 Years,86,39,47,60,27,33,4,1,3,1,0,1,21,11,10
MITCHELL COUNTY,335,59 Years,107,57,50,74,38,36,4,3,1,3,1,2,26,15,11
MITCHELL COUNTY,335,60 Years,114,54,60,83,38,45,4,3,1,2,1,1,25,12,13
MITCHELL COUNTY,335,61 Years,105,50,55,77,38,39,2,1,1,0,0,0,26,11,15
MITCHELL COUNTY,335,62 Years,113,57,56,76,37,39,4,1,3,2,1,1,31,18,13
MITCHELL COUNTY,335,63 Years,104,41,63,72,34,38,2,0,2,2,0,2,28,7,21
MITCHELL COUNTY,335,64 Years,92,43,49,64,31,33,1,0,1,1,0,1,26,12,14
MITCHELL COUNTY,335,65 Years,84,43,41,55,27,28,1,0,1,1,1,0,27,15,12
MITCHELL COUNTY,335,66 Years,87,46,41,60,31,29,1,0,1,1,1,0,25,14,11
MITCHELL COUNTY,335,67 Years,92,47,45,68,33,35,0,0,0,1,1,0,23,13,10
MITCHELL COUNTY,335,68 Years,79,37,42,58,24,34,1,0,1,2,1,1,18,12,6
MITCHELL COUNTY,335,69 Years,74,34,40,55,25,30,1,1,0,2,0,2,16,8,8
MITCHELL COUNTY,335,70 Years,68,29,39,45,18,27,3,1,2,1,0,1,19,10,9
MITCHELL COUNTY,335,71 Years,65,28,37,44,18,26,3,2,1,1,1,0,17,7,10
MITCHELL COUNTY,335,72 Years,65,36,29,47,29,18,2,2,0,0,0,0,16,5,11
MITCHELL COUNTY,335,73 Years,63,27,36,42,18,24,2,1,1,3,2,1,16,6,10
MITCHELL COUNTY,335,74 Years,45,19,26,31,11,20,1,1,0,1,0,1,12,7,5
MITCHELL COUNTY,335,75 Years,50,23,27,36,17,19,2,2,0,1,0,1,11,4,7
MITCHELL COUNTY,335,76 Years,51,21,30,39,17,22,1,1,0,0,0,0,11,3,8
MITCHELL COUNTY,335,77 Years,52,27,25,39,21,18,1,1,0,0,0,0,12,5,7
MITCHELL COUNTY,335,78 Years,50,26,24,31,16,15,2,2,0,2,1,1,15,7,8
MITCHELL COUNTY,335,79 Years,42,17,25,30,10,20,1,1,0,1,0,1,10,6,4
MITCHELL COUNTY,335,80 Years,30,11,19,22,8,14,0,0,0,0,0,0,8,3,5
MITCHELL COUNTY,335,81 Years,35,14,21,22,12,10,3,0,3,0,0,0,10,2,8
MITCHELL COUNTY,335,82 Years,35,16,19,25,13,12,1,0,1,2,0,2,7,3,4
MITCHELL COUNTY,335,83 Years,40,17,23,29,12,17,3,2,1,2,0,2,6,3,3
MITCHELL COUNTY,335,84 Years,29,9,20,23,6,17,1,1,0,0,0,0,5,2,3
MITCHELL COUNTY,335,85 Years +,194,73,121,163,62,101,7,3,4,0,0,0,24,8,16
MONTAGUE COUNTY,337,All Ages,19838,9808,10030,17121,8463,8658,43,28,15,431,194,237,2243,1123,1120
MONTAGUE COUNTY,337,< 1 Year,225,112,113,166,81,85,0,0,0,7,5,2,52,26,26
MONTAGUE COUNTY,337,1 Years,227,115,112,170,85,85,2,1,1,7,4,3,48,25,23
MONTAGUE COUNTY,337,2 Years,224,114,110,171,86,85,2,1,1,5,3,2,46,24,22
MONTAGUE COUNTY,337,3 Years,246,126,120,185,97,88,1,0,1,5,3,2,55,26,29
MONTAGUE COUNTY,337,4 Years,266,142,124,201,114,87,2,1,1,4,2,2,59,25,34
MONTAGUE COUNTY,337,5 Years,249,128,121,188,97,91,2,2,0,4,2,2,55,27,28
MONTAGUE COUNTY,337,6 Years,257,132,125,199,100,99,0,0,0,8,4,4,50,28,22
MONTAGUE COUNTY,337,7 Years,252,135,117,197,104,93,1,1,0,7,3,4,47,27,20
MONTAGUE COUNTY,337,8 Years,227,122,105,169,92,77,1,0,1,8,4,4,49,26,23
MONTAGUE COUNTY,337,9 Years,248,132,116,184,97,87,2,2,0,10,5,5,52,28,24
MONTAGUE COUNTY,337,10 Years,262,132,130,198,98,100,1,0,1,12,5,7,51,29,22
MONTAGUE COUNTY,337,11 Years,243,129,114,187,99,88,1,0,1,8,3,5,47,27,20
MONTAGUE COUNTY,337,12 Years,258,145,113,196,108,88,2,2,0,9,4,5,51,31,20
MONTAGUE COUNTY,337,13 Years,267,125,142,211,100,111,1,0,1,8,4,4,47,21,26
MONTAGUE COUNTY,337,14 Years,238,106,132,183,88,95,2,1,1,5,3,2,48,14,34
MONTAGUE COUNTY,337,15 Years,255,128,127,199,101,98,1,1,0,8,6,2,47,20,27
MONTAGUE COUNTY,337,16 Years,268,125,143,216,102,114,2,0,2,6,3,3,44,20,24
MONTAGUE COUNTY,337,17 Years,253,114,139,201,94,107,2,1,1,7,4,3,43,15,28
MONTAGUE COUNTY,337,18 Years,231,106,125,182,87,95,1,1,0,7,3,4,41,15,26
MONTAGUE COUNTY,337,19 Years,210,100,110,160,77,83,1,0,1,7,3,4,42,20,22
MONTAGUE COUNTY,337,20 Years,210,107,103,157,81,76,1,1,0,4,2,2,48,23,25
MONTAGUE COUNTY,337,21 Years,223,115,108,170,87,83,0,0,0,11,5,6,42,23,19
MONTAGUE COUNTY,337,22 Years,231,113,118,181,92,89,2,2,0,7,2,5,41,17,24
MONTAGUE COUNTY,337,23 Years,194,103,91,141,80,61,1,1,0,4,2,2,48,20,28
MONTAGUE COUNTY,337,24 Years,210,106,104,173,87,86,0,0,0,1,1,0,36,18,18
MONTAGUE COUNTY,337,25 Years,215,106,109,180,91,89,0,0,0,2,1,1,33,14,19
MONTAGUE COUNTY,337,26 Years,194,87,107,161,70,91,0,0,0,3,1,2,30,16,14
MONTAGUE COUNTY,337,27 Years,179,79,100,144,64,80,0,0,0,4,1,3,31,14,17
MONTAGUE COUNTY,337,28 Years,193,112,81,164,95,69,0,0,0,4,2,2,25,15,10
MONTAGUE COUNTY,337,29 Years,177,100,77,141,78,63,1,1,0,1,1,0,34,20,14
MONTAGUE COUNTY,337,30 Years,185,91,94,145,69,76,1,1,0,3,1,2,36,20,16
MONTAGUE COUNTY,337,31 Years,189,99,90,152,78,74,0,0,0,9,7,2,28,14,14
MONTAGUE COUNTY,337,32 Years,185,93,92,151,74,77,0,0,0,5,4,1,29,15,14
MONTAGUE COUNTY,337,33 Years,197,95,102,170,83,87,0,0,0,6,2,4,21,10,11
MONTAGUE COUNTY,337,34 Years,201,107,94,169,91,78,0,0,0,6,2,4,26,14,12
MONTAGUE COUNTY,337,35 Years,177,92,85,149,78,71,0,0,0,3,0,3,25,14,11
MONTAGUE COUNTY,337,36 Years,194,100,94,165,83,82,0,0,0,4,2,2,25,15,10
MONTAGUE COUNTY,337,37 Years,191,88,103,158,72,86,0,0,0,4,0,4,29,16,13
MONTAGUE COUNTY,337,38 Years,193,95,98,160,78,82,0,0,0,5,2,3,28,15,13
MONTAGUE COUNTY,337,39 Years,208,96,112,172,79,93,0,0,0,2,2,0,34,15,19
MONTAGUE COUNTY,337,40 Years,214,102,112,174,87,87,1,1,0,6,2,4,33,12,21
MONTAGUE COUNTY,337,41 Years,231,131,100,192,113,79,1,1,0,5,2,3,33,15,18
MONTAGUE COUNTY,337,42 Years,212,111,101,185,98,87,1,1,0,3,2,1,23,10,13
MONTAGUE COUNTY,337,43 Years,240,124,116,210,111,99,0,0,0,6,1,5,24,12,12
MONTAGUE COUNTY,337,44 Years,227,112,115,200,99,101,1,0,1,2,0,2,24,13,11
MONTAGUE COUNTY,337,45 Years,245,115,130,204,98,106,1,1,0,7,2,5,33,14,19
MONTAGUE COUNTY,337,46 Years,222,104,118,187,89,98,0,0,0,7,1,6,28,14,14
MONTAGUE COUNTY,337,47 Years,246,130,116,219,115,104,0,0,0,4,3,1,23,12,11
MONTAGUE COUNTY,337,48 Years,275,143,132,241,125,116,0,0,0,6,3,3,28,15,13
MONTAGUE COUNTY,337,49 Years,271,136,135,233,120,113,0,0,0,5,1,4,33,15,18
MONTAGUE COUNTY,337,50 Years,250,121,129,221,111,110,0,0,0,2,0,2,27,10,17
MONTAGUE COUNTY,337,51 Years,273,136,137,240,119,121,0,0,0,7,3,4,26,14,12
MONTAGUE COUNTY,337,52 Years,299,156,143,259,134,125,1,1,0,12,5,7,27,16,11
MONTAGUE COUNTY,337,53 Years,309,149,160,272,130,142,0,0,0,10,3,7,27,16,11
MONTAGUE COUNTY,337,54 Years,321,160,161,289,143,146,0,0,0,7,4,3,25,13,12
MONTAGUE COUNTY,337,55 Years,286,142,144,262,128,134,0,0,0,8,3,5,16,11,5
MONTAGUE COUNTY,337,56 Years,296,149,147,276,137,139,1,0,1,3,2,1,16,10,6
MONTAGUE COUNTY,337,57 Years,304,151,153,276,136,140,1,1,0,8,3,5,19,11,8
MONTAGUE COUNTY,337,58 Years,280,143,137,258,128,130,0,0,0,8,5,3,14,10,4
MONTAGUE COUNTY,337,59 Years,287,141,146,268,132,136,0,0,0,6,2,4,13,7,6
MONTAGUE COUNTY,337,60 Years,277,134,143,261,125,136,0,0,0,5,3,2,11,6,5
MONTAGUE COUNTY,337,61 Years,257,126,131,248,121,127,0,0,0,3,2,1,6,3,3
MONTAGUE COUNTY,337,62 Years,264,134,130,256,130,126,0,0,0,3,1,2,5,3,2
MONTAGUE COUNTY,337,63 Years,263,134,129,254,129,125,1,1,0,2,1,1,6,3,3
MONTAGUE COUNTY,337,64 Years,276,128,148,267,124,143,0,0,0,3,2,1,6,2,4
MONTAGUE COUNTY,337,65 Years,309,140,169,296,136,160,0,0,0,5,2,3,8,2,6
MONTAGUE COUNTY,337,66 Years,317,157,160,303,152,151,0,0,0,5,2,3,9,3,6
MONTAGUE COUNTY,337,67 Years,304,164,140,287,153,134,1,1,0,8,5,3,8,5,3
MONTAGUE COUNTY,337,68 Years,271,138,133,258,130,128,0,0,0,6,3,3,7,5,2
MONTAGUE COUNTY,337,69 Years,242,112,130,235,108,127,0,0,0,2,0,2,5,4,1
MONTAGUE COUNTY,337,70 Years,249,125,124,240,119,121,0,0,0,3,2,1,6,4,2
MONTAGUE COUNTY,337,71 Years,241,118,123,231,111,120,0,0,0,3,2,1,7,5,2
MONTAGUE COUNTY,337,72 Years,227,113,114,216,105,111,0,0,0,3,1,2,8,7,1
MONTAGUE COUNTY,337,73 Years,193,106,87,187,101,86,0,0,0,3,3,0,3,2,1
MONTAGUE COUNTY,337,74 Years,166,86,80,159,82,77,0,0,0,2,1,1,5,3,2
MONTAGUE COUNTY,337,75 Years,169,84,85,166,82,84,0,0,0,0,0,0,3,2,1
MONTAGUE COUNTY,337,76 Years,182,80,102,179,79,100,0,0,0,2,1,1,1,0,1
MONTAGUE COUNTY,337,77 Years,173,79,94,170,78,92,0,0,0,2,0,2,1,1,0
MONTAGUE COUNTY,337,78 Years,158,70,88,150,65,85,0,0,0,3,1,2,5,4,1
MONTAGUE COUNTY,337,79 Years,135,60,75,128,57,71,0,0,0,4,1,3,3,2,1
MONTAGUE COUNTY,337,80 Years,125,59,66,122,59,63,0,0,0,2,0,2,1,0,1
MONTAGUE COUNTY,337,81 Years,126,58,68,123,57,66,0,0,0,1,0,1,2,1,1
MONTAGUE COUNTY,337,82 Years,116,51,65,110,50,60,0,0,0,2,0,2,4,1,3
MONTAGUE COUNTY,337,83 Years,101,46,55,97,44,53,0,0,0,2,1,1,2,1,1
MONTAGUE COUNTY,337,84 Years,84,34,50,81,33,48,0,0,0,0,0,0,3,1,2
MONTAGUE COUNTY,337,85 Years +,473,164,309,465,163,302,0,0,0,5,0,5,3,1,2
MONTGOMERY COUNTY,339,All Ages,518689,254677,264012,349723,169431,180292,21926,10525,11401,22934,10945,11989,124106,63776,60330
MONTGOMERY COUNTY,339,< 1 Year,6733,3440,3293,3645,1854,1791,292,150,142,458,233,225,2338,1203,1135
MONTGOMERY COUNTY,339,1 Years,6473,3283,3190,3551,1799,1752,269,141,128,433,219,214,2220,1124,1096
MONTGOMERY COUNTY,339,2 Years,6333,3219,3114,3524,1788,1736,256,135,121,421,210,211,2132,1086,1046
MONTGOMERY COUNTY,339,3 Years,6378,3241,3137,3515,1770,1745,254,135,119,411,199,212,2198,1137,1061
MONTGOMERY COUNTY,339,4 Years,6396,3361,3035,3534,1876,1658,258,124,134,387,200,187,2217,1161,1056
MONTGOMERY COUNTY,339,5 Years,6759,3498,3261,3772,1972,1800,280,136,144,432,220,212,2275,1170,1105
MONTGOMERY COUNTY,339,6 Years,7190,3699,3491,4027,2096,1931,315,154,161,453,231,222,2395,1218,1177
MONTGOMERY COUNTY,339,7 Years,7492,3817,3675,4197,2137,2060,319,164,155,456,243,213,2520,1273,1247
MONTGOMERY COUNTY,339,8 Years,7699,3948,3751,4301,2224,2077,335,157,178,475,246,229,2588,1321,1267
MONTGOMERY COUNTY,339,9 Years,7849,3966,3883,4420,2225,2195,310,161,149,475,243,232,2644,1337,1307
MONTGOMERY COUNTY,339,10 Years,8059,4109,3950,4618,2341,2277,351,183,168,465,244,221,2625,1341,1284
MONTGOMERY COUNTY,339,11 Years,8240,4199,4041,4772,2415,2357,392,200,192,424,216,208,2652,1368,1284
MONTGOMERY COUNTY,339,12 Years,8303,4194,4109,4789,2408,2381,403,207,196,422,217,205,2689,1362,1327
MONTGOMERY COUNTY,339,13 Years,8419,4246,4173,4853,2431,2422,412,224,188,433,212,221,2721,1379,1342
MONTGOMERY COUNTY,339,14 Years,8402,4238,4164,4949,2502,2447,405,201,204,429,210,219,2619,1325,1294
MONTGOMERY COUNTY,339,15 Years,8235,4200,4035,4873,2462,2411,424,204,220,400,199,201,2538,1335,1203
MONTGOMERY COUNTY,339,16 Years,8086,4113,3973,4834,2423,2411,413,204,209,413,210,203,2426,1276,1150
MONTGOMERY COUNTY,339,17 Years,8040,4112,3928,4781,2438,2343,397,197,200,431,217,214,2431,1260,1171
MONTGOMERY COUNTY,339,18 Years,7624,3880,3744,4518,2292,2226,386,193,193,417,216,201,2303,1179,1124
MONTGOMERY COUNTY,339,19 Years,6858,3472,3386,4036,2042,1994,329,166,163,364,179,185,2129,1085,1044
MONTGOMERY COUNTY,339,20 Years,6509,3291,3218,3745,1874,1871,331,167,164,338,161,177,2095,1089,1006
MONTGOMERY COUNTY,339,21 Years,6339,3230,3109,3660,1837,1823,333,174,159,310,152,158,2036,1067,969
MONTGOMERY COUNTY,339,22 Years,5998,3062,2936,3518,1787,1731,307,152,155,247,128,119,1926,995,931
MONTGOMERY COUNTY,339,23 Years,5368,2753,2615,3043,1522,1521,273,141,132,228,125,103,1824,965,859
MONTGOMERY COUNTY,339,24 Years,5214,2699,2515,3024,1522,1502,255,122,133,208,98,110,1727,957,770
MONTGOMERY COUNTY,339,25 Years,5118,2651,2467,3011,1518,1493,250,119,131,197,88,109,1660,926,734
MONTGOMERY COUNTY,339,26 Years,5106,2601,2505,3012,1478,1534,235,113,122,221,103,118,1638,907,731
MONTGOMERY COUNTY,339,27 Years,5418,2728,2690,3278,1576,1702,245,111,134,213,103,110,1682,938,744
MONTGOMERY COUNTY,339,28 Years,5582,2793,2789,3335,1608,1727,267,130,137,193,100,93,1787,955,832
MONTGOMERY COUNTY,339,29 Years,5857,2965,2892,3486,1706,1780,292,154,138,213,106,107,1866,999,867
MONTGOMERY COUNTY,339,30 Years,6136,3006,3130,3817,1803,2014,273,133,140,229,107,122,1817,963,854
MONTGOMERY COUNTY,339,31 Years,6641,3216,3425,4131,1942,2189,287,135,152,241,117,124,1982,1022,960
MONTGOMERY COUNTY,339,32 Years,7080,3436,3644,4420,2066,2354,309,157,152,258,124,134,2093,1089,1004
MONTGOMERY COUNTY,339,33 Years,7207,3502,3705,4512,2128,2384,365,185,180,274,119,155,2056,1070,986
MONTGOMERY COUNTY,339,34 Years,7277,3558,3719,4597,2191,2406,370,169,201,285,131,154,2025,1067,958
MONTGOMERY COUNTY,339,35 Years,7148,3483,3665,4469,2145,2324,336,157,179,295,142,153,2048,1039,1009
MONTGOMERY COUNTY,339,36 Years,7129,3396,3733,4446,2105,2341,330,160,170,291,120,171,2062,1011,1051
MONTGOMERY COUNTY,339,37 Years,7174,3493,3681,4466,2177,2289,323,150,173,327,150,177,2058,1016,1042
MONTGOMERY COUNTY,339,38 Years,7196,3526,3670,4454,2177,2277,316,146,170,308,136,172,2118,1067,1051
MONTGOMERY COUNTY,339,39 Years,7338,3587,3751,4617,2261,2356,313,148,165,313,122,191,2095,1056,1039
MONTGOMERY COUNTY,339,40 Years,7292,3501,3791,4548,2194,2354,354,161,193,335,124,211,2055,1022,1033
MONTGOMERY COUNTY,339,41 Years,7413,3556,3857,4623,2223,2400,369,164,205,347,152,195,2074,1017,1057
MONTGOMERY COUNTY,339,42 Years,7789,3774,4015,5096,2451,2645,371,176,195,357,151,206,1965,996,969
MONTGOMERY COUNTY,339,43 Years,8113,3986,4127,5460,2663,2797,377,172,205,358,155,203,1918,996,922
MONTGOMERY COUNTY,339,44 Years,8097,4001,4096,5476,2673,2803,359,172,187,378,167,211,1884,989,895
MONTGOMERY COUNTY,339,45 Years,7770,3861,3909,5237,2562,2675,330,154,176,379,177,202,1824,968,856
MONTGOMERY COUNTY,339,46 Years,7493,3739,3754,5041,2477,2564,321,149,172,368,172,196,1763,941,822
MONTGOMERY COUNTY,339,47 Years,7348,3693,3655,5024,2474,2550,303,149,154,339,166,173,1682,904,778
MONTGOMERY COUNTY,339,48 Years,7294,3597,3697,5060,2440,2620,310,145,165,339,159,180,1585,853,732
MONTGOMERY COUNTY,339,49 Years,7549,3671,3878,5315,2562,2753,309,144,165,345,151,194,1580,814,766
MONTGOMERY COUNTY,339,50 Years,7635,3741,3894,5508,2689,2819,303,142,161,336,150,186,1488,760,728
MONTGOMERY COUNTY,339,51 Years,7632,3713,3919,5644,2754,2890,309,128,181,318,139,179,1361,692,669
MONTGOMERY COUNTY,339,52 Years,7621,3729,3892,5745,2805,2940,288,128,160,316,138,178,1272,658,614
MONTGOMERY COUNTY,339,53 Years,7644,3721,3923,5833,2829,3004,294,139,155,304,143,161,1213,610,603
MONTGOMERY COUNTY,339,54 Years,7574,3730,3844,5892,2896,2996,284,133,151,292,151,141,1106,550,556
MONTGOMERY COUNTY,339,55 Years,7423,3601,3822,5859,2832,3027,278,126,152,280,142,138,1006,501,505
MONTGOMERY COUNTY,339,56 Years,7473,3663,3810,5941,2897,3044,291,132,159,275,133,142,966,501,465
MONTGOMERY COUNTY,339,57 Years,7154,3527,3627,5686,2795,2891,298,137,161,270,121,149,900,474,426
MONTGOMERY COUNTY,339,58 Years,6925,3348,3577,5498,2665,2833,302,141,161,261,116,145,864,426,438
MONTGOMERY COUNTY,339,59 Years,6658,3176,3482,5349,2540,2809,273,128,145,227,108,119,809,400,409
MONTGOMERY COUNTY,339,60 Years,6263,3025,3238,5106,2464,2642,238,111,127,218,101,117,701,349,352
MONTGOMERY COUNTY,339,61 Years,6039,2908,3131,4934,2381,2553,231,103,128,230,100,130,644,324,320
MONTGOMERY COUNTY,339,62 Years,5869,2791,3078,4865,2316,2549,218,94,124,206,93,113,580,288,292
MONTGOMERY COUNTY,339,63 Years,5487,2589,2898,4559,2149,2410,201,87,114,188,88,100,539,265,274
MONTGOMERY COUNTY,339,64 Years,5294,2526,2768,4425,2101,2324,186,86,100,175,87,88,508,252,256
MONTGOMERY COUNTY,339,65 Years,5179,2448,2731,4404,2066,2338,156,76,80,154,76,78,465,230,235
MONTGOMERY COUNTY,339,66 Years,5323,2535,2788,4558,2161,2397,171,94,77,158,71,87,436,209,227
MONTGOMERY COUNTY,339,67 Years,5065,2470,2595,4371,2121,2250,159,81,78,148,77,71,387,191,196
MONTGOMERY COUNTY,339,68 Years,4049,1922,2127,3482,1652,1830,118,57,61,130,59,71,319,154,165
MONTGOMERY COUNTY,339,69 Years,3863,1801,2062,3320,1550,1770,117,58,59,116,47,69,310,146,164
MONTGOMERY COUNTY,339,70 Years,3802,1760,2042,3307,1538,1769,107,46,61,107,49,58,281,127,154
MONTGOMERY COUNTY,339,71 Years,3681,1700,1981,3224,1492,1732,98,45,53,97,44,53,262,119,143
MONTGOMERY COUNTY,339,72 Years,3380,1529,1851,2969,1346,1623,89,39,50,83,36,47,239,108,131
MONTGOMERY COUNTY,339,73 Years,2976,1394,1582,2605,1216,1389,78,35,43,73,35,38,220,108,112
MONTGOMERY COUNTY,339,74 Years,2648,1237,1411,2299,1069,1230,61,26,35,76,36,40,212,106,106
MONTGOMERY COUNTY,339,75 Years,2473,1148,1325,2129,993,1136,59,28,31,79,36,43,206,91,115
MONTGOMERY COUNTY,339,76 Years,2287,1049,1238,2012,928,1084,48,22,26,56,26,30,171,73,98
MONTGOMERY COUNTY,339,77 Years,2069,932,1137,1829,831,998,40,11,29,54,26,28,146,64,82
MONTGOMERY COUNTY,339,78 Years,1848,829,1019,1622,736,886,38,11,27,47,25,22,141,57,84
MONTGOMERY COUNTY,339,79 Years,1747,773,974,1545,688,857,40,18,22,42,19,23,120,48,72
MONTGOMERY COUNTY,339,80 Years,1604,689,915,1419,619,800,46,17,29,48,14,34,91,39,52
MONTGOMERY COUNTY,339,81 Years,1434,597,837,1281,534,747,43,16,27,36,15,21,74,32,42
MONTGOMERY COUNTY,339,82 Years,1344,582,762,1198,518,680,34,16,18,33,16,17,79,32,47
MONTGOMERY COUNTY,339,83 Years,1224,507,717,1092,454,638,27,12,15,30,12,18,75,29,46
MONTGOMERY COUNTY,339,84 Years,1152,436,716,1029,391,638,31,12,19,23,9,14,69,24,45
MONTGOMERY COUNTY,339,85 Years +,6289,1961,4328,5754,1778,3976,159,45,114,115,37,78,261,101,160
MOORE COUNTY,341,All Ages,22554,11742,10812,7827,3846,3981,336,231,105,2095,1238,857,12296,6427,5869
MOORE COUNTY,341,< 1 Year,410,209,201,85,40,45,17,9,8,48,23,25,260,137,123
MOORE COUNTY,341,1 Years,402,199,203,81,40,41,15,7,8,53,27,26,253,125,128
MOORE COUNTY,341,2 Years,400,199,201,80,39,41,17,8,9,54,28,26,249,124,125
MOORE COUNTY,341,3 Years,387,196,191,79,37,42,12,6,6,52,31,21,244,122,122
MOORE COUNTY,341,4 Years,395,212,183,89,51,38,8,3,5,49,37,12,249,121,128
MOORE COUNTY,341,5 Years,383,201,182,87,40,47,5,2,3,47,28,19,244,131,113
MOORE COUNTY,341,6 Years,406,204,202,74,36,38,4,2,2,56,32,24,272,134,138
MOORE COUNTY,341,7 Years,400,215,185,94,47,47,3,2,1,54,29,25,249,137,112
MOORE COUNTY,341,8 Years,407,214,193,93,48,45,3,2,1,47,27,20,264,137,127
MOORE COUNTY,341,9 Years,429,220,209,90,46,44,3,1,2,46,29,17,290,144,146
MOORE COUNTY,341,10 Years,413,218,195,80,40,40,4,2,2,42,27,15,287,149,138
MOORE COUNTY,341,11 Years,409,216,193,84,43,41,3,3,0,42,24,18,280,146,134
MOORE COUNTY,341,12 Years,391,211,180,93,51,42,5,5,0,44,21,23,249,134,115
MOORE COUNTY,341,13 Years,385,215,170,94,50,44,4,2,2,43,21,22,244,142,102
MOORE COUNTY,341,14 Years,356,195,161,93,57,36,1,0,1,34,17,17,228,121,107
MOORE COUNTY,341,15 Years,363,205,158,100,58,42,1,1,0,36,20,16,226,126,100
MOORE COUNTY,341,16 Years,368,207,161,100,51,49,2,1,1,34,20,14,232,135,97
MOORE COUNTY,341,17 Years,367,197,170,90,47,43,6,2,4,37,22,15,234,126,108
MOORE COUNTY,341,18 Years,359,201,158,84,50,34,4,2,2,31,20,11,240,129,111
MOORE COUNTY,341,19 Years,360,197,163,81,43,38,5,3,2,33,18,15,241,133,108
MOORE COUNTY,341,20 Years,324,169,155,74,36,38,3,3,0,34,20,14,213,110,103
MOORE COUNTY,341,21 Years,333,176,157,81,39,42,4,4,0,27,15,12,221,118,103
MOORE COUNTY,341,22 Years,326,170,156,82,39,43,2,2,0,34,22,12,208,107,101
MOORE COUNTY,341,23 Years,314,166,148,76,34,42,5,3,2,41,28,13,192,101,91
MOORE COUNTY,341,24 Years,325,175,150,66,37,29,4,3,1,47,31,16,208,104,104
MOORE COUNTY,341,25 Years,319,178,141,68,32,36,2,2,0,46,33,13,203,111,92
MOORE COUNTY,341,26 Years,288,174,114,65,34,31,5,5,0,47,36,11,171,99,72
MOORE COUNTY,341,27 Years,285,159,126,69,33,36,6,4,2,40,25,15,170,97,73
MOORE COUNTY,341,28 Years,276,151,125,65,31,34,7,3,4,31,20,11,173,97,76
MOORE COUNTY,341,29 Years,270,149,121,69,32,37,6,5,1,33,22,11,162,90,72
MOORE COUNTY,341,30 Years,299,163,136,78,39,39,7,6,1,31,20,11,183,98,85
MOORE COUNTY,341,31 Years,318,158,160,91,39,52,9,7,2,38,24,14,180,88,92
MOORE COUNTY,341,32 Years,332,166,166,102,51,51,15,12,3,38,24,14,177,79,98
MOORE COUNTY,341,33 Years,302,157,145,87,37,50,17,15,2,35,23,12,163,82,81
MOORE COUNTY,341,34 Years,288,151,137,88,41,47,12,12,0,38,23,15,150,75,75
MOORE COUNTY,341,35 Years,286,155,131,94,47,47,11,11,0,36,19,17,145,78,67
MOORE COUNTY,341,36 Years,307,157,150,93,44,49,12,10,2,39,22,17,163,81,82
MOORE COUNTY,341,37 Years,278,150,128,83,36,47,5,5,0,38,24,14,152,85,67
MOORE COUNTY,341,38 Years,283,149,134,92,50,42,2,1,1,40,20,20,149,78,71
MOORE COUNTY,341,39 Years,297,152,145,87,45,42,4,2,2,36,20,16,170,85,85
MOORE COUNTY,341,40 Years,269,140,129,84,45,39,3,3,0,26,16,10,156,76,80
MOORE COUNTY,341,41 Years,273,146,127,81,43,38,4,3,1,29,18,11,159,82,77
MOORE COUNTY,341,42 Years,259,138,121,90,47,43,3,3,0,28,18,10,138,70,68
MOORE COUNTY,341,43 Years,281,147,134,103,51,52,3,2,1,25,14,11,150,80,70
MOORE COUNTY,341,44 Years,296,154,142,115,57,58,3,2,1,19,11,8,159,84,75
MOORE COUNTY,341,45 Years,282,140,142,109,47,62,3,2,1,15,9,6,155,82,73
MOORE COUNTY,341,46 Years,264,127,137,90,37,53,4,2,2,19,12,7,151,76,75
MOORE COUNTY,341,47 Years,253,131,122,84,43,41,4,2,2,16,10,6,149,76,73
MOORE COUNTY,341,48 Years,259,152,107,93,56,37,5,3,2,12,7,5,149,86,63
MOORE COUNTY,341,49 Years,264,147,117,96,53,43,2,2,0,19,11,8,147,81,66
MOORE COUNTY,341,50 Years,275,142,133,121,62,59,3,1,2,22,12,10,129,67,62
MOORE COUNTY,341,51 Years,297,152,145,121,63,58,3,2,1,14,7,7,159,80,79
MOORE COUNTY,341,52 Years,272,142,130,124,71,53,4,3,1,16,7,9,128,61,67
MOORE COUNTY,341,53 Years,258,137,121,129,66,63,2,2,0,17,8,9,110,61,49
MOORE COUNTY,341,54 Years,271,138,133,138,68,70,4,3,1,19,12,7,110,55,55
MOORE COUNTY,341,55 Years,253,123,130,130,62,68,4,1,3,16,11,5,103,49,54
MOORE COUNTY,341,56 Years,264,137,127,140,70,70,4,2,2,11,7,4,109,58,51
MOORE COUNTY,341,57 Years,256,132,124,135,65,70,2,2,0,9,5,4,110,60,50
MOORE COUNTY,341,58 Years,260,125,135,133,60,73,1,0,1,11,6,5,115,59,56
MOORE COUNTY,341,59 Years,278,143,135,148,73,75,3,2,1,13,7,6,114,61,53
MOORE COUNTY,341,60 Years,245,128,117,138,67,71,1,1,0,11,7,4,95,53,42
MOORE COUNTY,341,61 Years,219,111,108,132,66,66,0,0,0,6,2,4,81,43,38
MOORE COUNTY,341,62 Years,219,107,112,132,66,66,0,0,0,7,2,5,80,39,41
MOORE COUNTY,341,63 Years,199,98,101,122,60,62,0,0,0,8,3,5,69,35,34
MOORE COUNTY,341,64 Years,188,96,92,105,49,56,1,1,0,7,6,1,75,40,35
MOORE COUNTY,341,65 Years,170,85,85,105,48,57,2,2,0,4,3,1,59,32,27
MOORE COUNTY,341,66 Years,166,80,86,102,44,58,1,1,0,6,5,1,57,30,27
MOORE COUNTY,341,67 Years,151,72,79,94,45,49,0,0,0,9,6,3,48,21,27
MOORE COUNTY,341,68 Years,125,61,64,72,36,36,0,0,0,6,2,4,47,23,24
MOORE COUNTY,341,69 Years,116,60,56,74,38,36,2,2,0,3,1,2,37,19,18
MOORE COUNTY,341,70 Years,119,58,61,86,43,43,0,0,0,2,1,1,31,14,17
MOORE COUNTY,341,71 Years,103,50,53,67,32,35,0,0,0,2,1,1,34,17,17
MOORE COUNTY,341,72 Years,105,51,54,75,36,39,0,0,0,2,1,1,28,14,14
MOORE COUNTY,341,73 Years,102,48,54,69,30,39,1,1,0,3,2,1,29,15,14
MOORE COUNTY,341,74 Years,102,56,46,64,32,32,2,2,0,4,4,0,32,18,14
MOORE COUNTY,341,75 Years,93,42,51,68,29,39,1,1,0,1,1,0,23,11,12
MOORE COUNTY,341,76 Years,89,39,50,65,27,38,0,0,0,0,0,0,24,12,12
MOORE COUNTY,341,77 Years,79,32,47,59,26,33,1,0,1,1,0,1,18,6,12
MOORE COUNTY,341,78 Years,77,34,43,57,24,33,0,0,0,1,0,1,19,10,9
MOORE COUNTY,341,79 Years,82,35,47,61,27,34,0,0,0,5,1,4,16,7,9
MOORE COUNTY,341,80 Years,65,34,31,48,24,24,0,0,0,2,1,1,15,9,6
MOORE COUNTY,341,81 Years,66,31,35,50,22,28,0,0,0,1,1,0,15,8,7
MOORE COUNTY,341,82 Years,66,32,34,52,23,29,0,0,0,3,1,2,11,8,3
MOORE COUNTY,341,83 Years,58,25,33,41,17,24,0,0,0,3,1,2,14,7,7
MOORE COUNTY,341,84 Years,58,27,31,42,21,21,0,0,0,3,1,2,13,5,8
MOORE COUNTY,341,85 Years +,268,101,167,222,85,137,0,0,0,8,5,3,38,11,27
MORRIS COUNTY,343,All Ages,13126,6421,6705,8483,4149,4334,3040,1438,1602,414,215,199,1189,619,570
MORRIS COUNTY,343,< 1 Year,158,84,74,82,43,39,32,19,13,23,12,11,21,10,11
MORRIS COUNTY,343,1 Years,163,86,77,90,46,44,35,21,14,15,8,7,23,11,12
MORRIS COUNTY,343,2 Years,166,90,76,97,52,45,39,24,15,10,5,5,20,9,11
MORRIS COUNTY,343,3 Years,167,95,72,98,52,46,35,22,13,11,8,3,23,13,10
MORRIS COUNTY,343,4 Years,187,95,92,107,54,53,40,22,18,13,8,5,27,11,16
MORRIS COUNTY,343,5 Years,164,90,74,88,46,42,32,20,12,14,8,6,30,16,14
MORRIS COUNTY,343,6 Years,158,87,71,83,45,38,33,19,14,13,6,7,29,17,12
MORRIS COUNTY,343,7 Years,179,92,87,97,50,47,34,18,16,13,5,8,35,19,16
MORRIS COUNTY,343,8 Years,180,91,89,105,56,49,28,12,16,9,3,6,38,20,18
MORRIS COUNTY,343,9 Years,150,74,76,77,41,36,38,17,21,7,4,3,28,12,16
MORRIS COUNTY,343,10 Years,183,97,86,101,54,47,42,21,21,10,8,2,30,14,16
MORRIS COUNTY,343,11 Years,162,94,68,83,46,37,42,26,16,8,5,3,29,17,12
MORRIS COUNTY,343,12 Years,136,75,61,77,42,35,28,16,12,9,4,5,22,13,9
MORRIS COUNTY,343,13 Years,148,85,63,89,49,40,36,24,12,5,2,3,18,10,8
MORRIS COUNTY,343,14 Years,161,82,79,86,45,41,36,17,19,10,4,6,29,16,13
MORRIS COUNTY,343,15 Years,172,89,83,89,49,40,35,16,19,12,5,7,36,19,17
MORRIS COUNTY,343,16 Years,184,97,87,108,56,52,41,23,18,7,5,2,28,13,15
MORRIS COUNTY,343,17 Years,177,84,93,95,44,51,46,23,23,8,4,4,28,13,15
MORRIS COUNTY,343,18 Years,184,94,90,94,49,45,57,27,30,7,3,4,26,15,11
MORRIS COUNTY,343,19 Years,171,86,85,87,46,41,57,27,30,3,0,3,24,13,11
MORRIS COUNTY,343,20 Years,157,79,78,74,37,37,50,25,25,4,2,2,29,15,14
MORRIS COUNTY,343,21 Years,161,83,78,76,39,37,51,28,23,6,4,2,28,12,16
MORRIS COUNTY,343,22 Years,179,91,88,95,48,47,53,28,25,4,1,3,27,14,13
MORRIS COUNTY,343,23 Years,159,76,83,86,41,45,44,20,24,6,3,3,23,12,11
MORRIS COUNTY,343,24 Years,143,67,76,80,37,43,46,22,24,1,1,0,16,7,9
MORRIS COUNTY,343,25 Years,151,69,82,84,35,49,41,20,21,5,3,2,21,11,10
MORRIS COUNTY,343,26 Years,139,76,63,85,49,36,34,18,16,5,3,2,15,6,9
MORRIS COUNTY,343,27 Years,123,69,54,78,45,33,32,18,14,3,2,1,10,4,6
MORRIS COUNTY,343,28 Years,120,51,69,76,35,41,30,11,19,2,1,1,12,4,8
MORRIS COUNTY,343,29 Years,121,60,61,80,37,43,25,13,12,3,3,0,13,7,6
MORRIS COUNTY,343,30 Years,127,60,67,86,37,49,22,14,8,2,2,0,17,7,10
MORRIS COUNTY,343,31 Years,140,65,75,91,39,52,27,13,14,5,3,2,17,10,7
MORRIS COUNTY,343,32 Years,142,72,70,88,43,45,36,18,18,5,2,3,13,9,4
MORRIS COUNTY,343,33 Years,148,74,74,92,45,47,38,18,20,5,3,2,13,8,5
MORRIS COUNTY,343,34 Years,132,65,67,86,42,44,32,15,17,2,1,1,12,7,5
MORRIS COUNTY,343,35 Years,140,73,67,88,47,41,39,17,22,2,2,0,11,7,4
MORRIS COUNTY,343,36 Years,133,61,72,83,37,46,35,16,19,2,1,1,13,7,6
MORRIS COUNTY,343,37 Years,120,57,63,78,35,43,25,13,12,2,1,1,15,8,7
MORRIS COUNTY,343,38 Years,130,58,72,81,37,44,33,13,20,0,0,0,16,8,8
MORRIS COUNTY,343,39 Years,157,76,81,92,43,49,38,17,21,5,3,2,22,13,9
MORRIS COUNTY,343,40 Years,147,64,83,98,45,53,31,11,20,2,1,1,16,7,9
MORRIS COUNTY,343,41 Years,149,70,79,96,47,49,32,14,18,2,2,0,19,7,12
MORRIS COUNTY,343,42 Years,149,74,75,95,42,53,36,20,16,3,2,1,15,10,5
MORRIS COUNTY,343,43 Years,152,83,69,94,52,42,40,22,18,3,2,1,15,7,8
MORRIS COUNTY,343,44 Years,159,74,85,101,44,57,38,20,18,3,1,2,17,9,8
MORRIS COUNTY,343,45 Years,136,63,73,82,38,44,36,17,19,1,0,1,17,8,9
MORRIS COUNTY,343,46 Years,128,57,71,77,38,39,31,11,20,7,3,4,13,5,8
MORRIS COUNTY,343,47 Years,125,66,59,73,38,35,30,12,18,8,7,1,14,9,5
MORRIS COUNTY,343,48 Years,134,70,64,89,50,39,31,11,20,4,1,3,10,8,2
MORRIS COUNTY,343,49 Years,155,81,74,108,62,46,37,13,24,3,1,2,7,5,2
MORRIS COUNTY,343,50 Years,160,89,71,113,65,48,35,17,18,5,3,2,7,4,3
MORRIS COUNTY,343,51 Years,168,88,80,119,64,55,32,15,17,3,2,1,14,7,7
MORRIS COUNTY,343,52 Years,175,82,93,121,59,62,43,17,26,4,2,2,7,4,3
MORRIS COUNTY,343,53 Years,199,90,109,137,64,73,49,19,30,5,2,3,8,5,3
MORRIS COUNTY,343,54 Years,203,100,103,143,74,69,51,22,29,2,1,1,7,3,4
MORRIS COUNTY,343,55 Years,221,107,114,141,71,70,64,29,35,3,0,3,13,7,6
MORRIS COUNTY,343,56 Years,198,96,102,128,64,64,61,27,34,2,1,1,7,4,3
MORRIS COUNTY,343,57 Years,197,89,108,138,59,79,49,24,25,3,1,2,7,5,2
MORRIS COUNTY,343,58 Years,203,91,112,141,61,80,43,19,24,6,2,4,13,9,4
MORRIS COUNTY,343,59 Years,194,87,107,145,66,79,39,15,24,2,1,1,8,5,3
MORRIS COUNTY,343,60 Years,178,84,94,131,63,68,39,16,23,3,1,2,5,4,1
MORRIS COUNTY,343,61 Years,191,103,88,131,75,56,47,20,27,3,1,2,10,7,3
MORRIS COUNTY,343,62 Years,190,90,100,131,65,66,50,20,30,2,1,1,7,4,3
MORRIS COUNTY,343,63 Years,167,80,87,118,55,63,40,20,20,2,2,0,7,3,4
MORRIS COUNTY,343,64 Years,156,74,82,116,57,59,35,16,19,1,0,1,4,1,3
MORRIS COUNTY,343,65 Years,177,71,106,130,55,75,38,14,24,5,1,4,4,1,3
MORRIS COUNTY,343,66 Years,175,80,95,128,58,70,42,19,23,4,2,2,1,1,0
MORRIS COUNTY,343,67 Years,157,78,79,118,58,60,32,18,14,4,1,3,3,1,2
MORRIS COUNTY,343,68 Years,137,68,69,101,51,50,30,14,16,2,1,1,4,2,2
MORRIS COUNTY,343,69 Years,142,65,77,113,51,62,24,13,11,2,1,1,3,0,3
MORRIS COUNTY,343,70 Years,142,64,78,112,52,60,27,12,15,2,0,2,1,0,1
MORRIS COUNTY,343,71 Years,139,71,68,113,56,57,25,15,10,1,0,1,0,0,0
MORRIS COUNTY,343,72 Years,137,74,63,108,54,54,24,15,9,3,3,0,2,2,0
MORRIS COUNTY,343,73 Years,137,67,70,108,52,56,21,10,11,4,2,2,4,3,1
MORRIS COUNTY,343,74 Years,117,55,62,88,43,45,23,9,14,5,2,3,1,1,0
MORRIS COUNTY,343,75 Years,116,50,66,93,41,52,20,8,12,3,1,2,0,0,0
MORRIS COUNTY,343,76 Years,116,48,68,92,38,54,21,8,13,3,2,1,0,0,0
MORRIS COUNTY,343,77 Years,121,55,66,101,46,55,15,6,9,2,2,0,3,1,2
MORRIS COUNTY,343,78 Years,109,55,54,91,47,44,16,6,10,1,1,0,1,1,0
MORRIS COUNTY,343,79 Years,98,46,52,76,37,39,17,8,9,4,1,3,1,0,1
MORRIS COUNTY,343,80 Years,83,37,46,65,30,35,14,5,9,2,1,1,2,1,1
MORRIS COUNTY,343,81 Years,74,32,42,59,27,32,13,5,8,1,0,1,1,0,1
MORRIS COUNTY,343,82 Years,73,32,41,59,27,32,13,5,8,1,0,1,0,0,0
MORRIS COUNTY,343,83 Years,67,32,35,54,26,28,11,4,7,1,1,0,1,1,0
MORRIS COUNTY,343,84 Years,63,25,38,51,19,32,11,5,6,1,1,0,0,0,0
MORRIS COUNTY,343,85 Years +,340,115,225,245,90,155,87,21,66,5,4,1,3,0,3
MOTLEY COUNTY,345,All Ages,1112,567,545,920,463,457,23,15,8,9,6,3,160,83,77
MOTLEY COUNTY,345,< 1 Year,6,3,3,4,3,1,0,0,0,0,0,0,2,0,2
MOTLEY COUNTY,345,1 Years,10,4,6,7,3,4,0,0,0,0,0,0,3,1,2
MOTLEY COUNTY,345,2 Years,10,7,3,6,4,2,0,0,0,0,0,0,4,3,1
MOTLEY COUNTY,345,3 Years,11,5,6,9,4,5,0,0,0,0,0,0,2,1,1
MOTLEY COUNTY,345,4 Years,10,8,2,6,5,1,0,0,0,0,0,0,4,3,1
MOTLEY COUNTY,345,5 Years,6,2,4,3,1,2,0,0,0,0,0,0,3,1,2
MOTLEY COUNTY,345,6 Years,14,4,10,8,3,5,0,0,0,0,0,0,6,1,5
MOTLEY COUNTY,345,7 Years,17,6,11,12,5,7,0,0,0,0,0,0,5,1,4
MOTLEY COUNTY,345,8 Years,13,6,7,10,4,6,0,0,0,0,0,0,3,2,1
MOTLEY COUNTY,345,9 Years,12,8,4,9,7,2,1,0,1,0,0,0,2,1,1
MOTLEY COUNTY,345,10 Years,11,8,3,7,5,2,1,1,0,0,0,0,3,2,1
MOTLEY COUNTY,345,11 Years,17,8,9,12,6,6,0,0,0,0,0,0,5,2,3
MOTLEY COUNTY,345,12 Years,16,6,10,12,4,8,0,0,0,1,0,1,3,2,1
MOTLEY COUNTY,345,13 Years,13,7,6,9,5,4,0,0,0,0,0,0,4,2,2
MOTLEY COUNTY,345,14 Years,10,6,4,9,5,4,0,0,0,0,0,0,1,1,0
MOTLEY COUNTY,345,15 Years,15,7,8,11,5,6,0,0,0,0,0,0,4,2,2
MOTLEY COUNTY,345,16 Years,17,8,9,13,7,6,0,0,0,0,0,0,4,1,3
MOTLEY COUNTY,345,17 Years,16,11,5,11,7,4,0,0,0,1,1,0,4,3,1
MOTLEY COUNTY,345,18 Years,14,9,5,9,6,3,0,0,0,1,1,0,4,2,2
MOTLEY COUNTY,345,19 Years,10,7,3,7,4,3,0,0,0,0,0,0,3,3,0
MOTLEY COUNTY,345,20 Years,14,10,4,9,6,3,0,0,0,0,0,0,5,4,1
MOTLEY COUNTY,345,21 Years,13,7,6,9,4,5,1,1,0,0,0,0,3,2,1
MOTLEY COUNTY,345,22 Years,11,7,4,7,4,3,0,0,0,0,0,0,4,3,1
MOTLEY COUNTY,345,23 Years,10,4,6,6,2,4,0,0,0,0,0,0,4,2,2
MOTLEY COUNTY,345,24 Years,8,4,4,4,2,2,0,0,0,0,0,0,4,2,2
MOTLEY COUNTY,345,25 Years,6,4,2,4,3,1,0,0,0,0,0,0,2,1,1
MOTLEY COUNTY,345,26 Years,7,4,3,5,3,2,0,0,0,0,0,0,2,1,1
MOTLEY COUNTY,345,27 Years,12,5,7,10,4,6,1,1,0,0,0,0,1,0,1
MOTLEY COUNTY,345,28 Years,10,5,5,8,4,4,1,1,0,0,0,0,1,0,1
MOTLEY COUNTY,345,29 Years,9,5,4,6,3,3,1,1,0,0,0,0,2,1,1
MOTLEY COUNTY,345,30 Years,8,6,2,5,3,2,0,0,0,0,0,0,3,3,0
MOTLEY COUNTY,345,31 Years,7,5,2,6,4,2,1,1,0,0,0,0,0,0,0
MOTLEY COUNTY,345,32 Years,6,3,3,4,2,2,0,0,0,0,0,0,2,1,1
MOTLEY COUNTY,345,33 Years,11,6,5,9,5,4,0,0,0,0,0,0,2,1,1
MOTLEY COUNTY,345,34 Years,10,6,4,9,5,4,0,0,0,0,0,0,1,1,0
MOTLEY COUNTY,345,35 Years,13,7,6,10,5,5,0,0,0,0,0,0,3,2,1
MOTLEY COUNTY,345,36 Years,11,5,6,9,4,5,0,0,0,0,0,0,2,1,1
MOTLEY COUNTY,345,37 Years,10,2,8,8,2,6,0,0,0,0,0,0,2,0,2
MOTLEY COUNTY,345,38 Years,11,8,3,10,7,3,0,0,0,0,0,0,1,1,0
MOTLEY COUNTY,345,39 Years,14,7,7,11,5,6,0,0,0,1,1,0,2,1,1
MOTLEY COUNTY,345,40 Years,11,6,5,8,4,4,0,0,0,1,1,0,2,1,1
MOTLEY COUNTY,345,41 Years,7,3,4,6,3,3,0,0,0,0,0,0,1,0,1
MOTLEY COUNTY,345,42 Years,11,8,3,9,6,3,0,0,0,0,0,0,2,2,0
MOTLEY COUNTY,345,43 Years,12,6,6,10,5,5,0,0,0,0,0,0,2,1,1
MOTLEY COUNTY,345,44 Years,8,2,6,7,2,5,0,0,0,0,0,0,1,0,1
MOTLEY COUNTY,345,45 Years,7,4,3,5,4,1,0,0,0,0,0,0,2,0,2
MOTLEY COUNTY,345,46 Years,5,2,3,4,2,2,0,0,0,0,0,0,1,0,1
MOTLEY COUNTY,345,47 Years,7,3,4,5,2,3,2,1,1,0,0,0,0,0,0
MOTLEY COUNTY,345,48 Years,10,7,3,7,5,2,1,1,0,2,1,1,0,0,0
MOTLEY COUNTY,345,49 Years,14,5,9,13,5,8,0,0,0,1,0,1,0,0,0
MOTLEY COUNTY,345,50 Years,12,7,5,11,6,5,0,0,0,0,0,0,1,1,0
MOTLEY COUNTY,345,51 Years,16,6,10,13,5,8,0,0,0,0,0,0,3,1,2
MOTLEY COUNTY,345,52 Years,18,9,9,15,9,6,0,0,0,0,0,0,3,0,3
MOTLEY COUNTY,345,53 Years,16,10,6,14,8,6,0,0,0,1,1,0,1,1,0
MOTLEY COUNTY,345,54 Years,13,7,6,13,7,6,0,0,0,0,0,0,0,0,0
MOTLEY COUNTY,345,55 Years,15,11,4,15,11,4,0,0,0,0,0,0,0,0,0
MOTLEY COUNTY,345,56 Years,14,6,8,12,5,7,1,1,0,0,0,0,1,0,1
MOTLEY COUNTY,345,57 Years,13,7,6,11,6,5,1,1,0,0,0,0,1,0,1
MOTLEY COUNTY,345,58 Years,16,8,8,15,7,8,0,0,0,0,0,0,1,1,0
MOTLEY COUNTY,345,59 Years,16,9,7,15,8,7,0,0,0,0,0,0,1,1,0
MOTLEY COUNTY,345,60 Years,11,6,5,10,6,4,0,0,0,0,0,0,1,0,1
MOTLEY COUNTY,345,61 Years,18,11,7,16,10,6,1,1,0,0,0,0,1,0,1
MOTLEY COUNTY,345,62 Years,25,10,15,20,8,12,2,1,1,0,0,0,3,1,2
MOTLEY COUNTY,345,63 Years,17,6,11,14,5,9,0,0,0,0,0,0,3,1,2
MOTLEY COUNTY,345,64 Years,17,10,7,14,7,7,1,1,0,0,0,0,2,2,0
MOTLEY COUNTY,345,65 Years,20,11,9,17,9,8,0,0,0,0,0,0,3,2,1
MOTLEY COUNTY,345,66 Years,12,5,7,11,4,7,0,0,0,0,0,0,1,1,0
MOTLEY COUNTY,345,67 Years,14,7,7,13,6,7,0,0,0,0,0,0,1,1,0
MOTLEY COUNTY,345,68 Years,17,9,8,16,8,8,1,1,0,0,0,0,0,0,0
MOTLEY COUNTY,345,69 Years,18,10,8,17,10,7,0,0,0,0,0,0,1,0,1
MOTLEY COUNTY,345,70 Years,23,12,11,22,11,11,0,0,0,0,0,0,1,1,0
MOTLEY COUNTY,345,71 Years,20,11,9,19,10,9,0,0,0,0,0,0,1,1,0
MOTLEY COUNTY,345,72 Years,20,7,13,18,6,12,1,0,1,0,0,0,1,1,0
MOTLEY COUNTY,345,73 Years,14,5,9,13,5,8,1,0,1,0,0,0,0,0,0
MOTLEY COUNTY,345,74 Years,17,8,9,14,6,8,0,0,0,0,0,0,3,2,1
MOTLEY COUNTY,345,75 Years,13,6,7,13,6,7,0,0,0,0,0,0,0,0,0
MOTLEY COUNTY,345,76 Years,14,8,6,14,8,6,0,0,0,0,0,0,0,0,0
MOTLEY COUNTY,345,77 Years,16,10,6,16,10,6,0,0,0,0,0,0,0,0,0
MOTLEY COUNTY,345,78 Years,13,7,6,13,7,6,0,0,0,0,0,0,0,0,0
MOTLEY COUNTY,345,79 Years,11,4,7,11,4,7,0,0,0,0,0,0,0,0,0
MOTLEY COUNTY,345,80 Years,13,6,7,13,6,7,0,0,0,0,0,0,0,0,0
MOTLEY COUNTY,345,81 Years,11,4,7,11,4,7,0,0,0,0,0,0,0,0,0
MOTLEY COUNTY,345,82 Years,9,4,5,8,4,4,1,0,1,0,0,0,0,0,0
MOTLEY COUNTY,345,83 Years,8,3,5,8,3,5,0,0,0,0,0,0,0,0,0
MOTLEY COUNTY,345,84 Years,9,2,7,9,2,7,0,0,0,0,0,0,0,0,0
MOTLEY COUNTY,345,85 Years +,42,19,23,39,18,21,3,1,2,0,0,0,0,0,0
NACOGDOCHES COUNTY,347,All Ages,65414,31577,33837,38249,18321,19928,11842,5358,6484,2289,1135,1154,13034,6763,6271
NACOGDOCHES COUNTY,347,< 1 Year,1027,526,501,412,205,207,211,105,106,89,49,40,315,167,148
NACOGDOCHES COUNTY,347,1 Years,1043,531,512,418,204,214,217,111,106,76,41,35,332,175,157
NACOGDOCHES COUNTY,347,2 Years,1059,546,513,428,203,225,219,117,102,72,45,27,340,181,159
NACOGDOCHES COUNTY,347,3 Years,1090,563,527,432,209,223,239,132,107,75,42,33,344,180,164
NACOGDOCHES COUNTY,347,4 Years,1056,529,527,433,219,214,232,116,116,68,38,30,323,156,167
NACOGDOCHES COUNTY,347,5 Years,867,434,433,374,177,197,172,89,83,56,34,22,265,134,131
NACOGDOCHES COUNTY,347,6 Years,901,469,432,391,204,187,177,85,92,41,23,18,292,157,135
NACOGDOCHES COUNTY,347,7 Years,847,439,408,392,207,185,149,75,74,43,19,24,263,138,125
NACOGDOCHES COUNTY,347,8 Years,859,452,407,378,198,180,158,85,73,46,23,23,277,146,131
NACOGDOCHES COUNTY,347,9 Years,873,470,403,383,214,169,151,81,70,48,29,19,291,146,145
NACOGDOCHES COUNTY,347,10 Years,858,467,391,405,234,171,134,67,67,50,26,24,269,140,129
NACOGDOCHES COUNTY,347,11 Years,850,440,410,393,203,190,154,85,69,43,21,22,260,131,129
NACOGDOCHES COUNTY,347,12 Years,801,403,398,382,182,200,140,77,63,37,17,20,242,127,115
NACOGDOCHES COUNTY,347,13 Years,828,448,380,391,222,169,150,79,71,31,16,15,256,131,125
NACOGDOCHES COUNTY,347,14 Years,816,424,392,373,192,181,155,81,74,29,14,15,259,137,122
NACOGDOCHES COUNTY,347,15 Years,801,397,404,387,188,199,131,69,62,29,12,17,254,128,126
NACOGDOCHES COUNTY,347,16 Years,889,461,428,478,238,240,144,84,60,27,17,10,240,122,118
NACOGDOCHES COUNTY,347,17 Years,930,453,477,467,233,234,189,89,100,33,16,17,241,115,126
NACOGDOCHES COUNTY,347,18 Years,1610,657,953,796,323,473,443,168,275,62,27,35,309,139,170
NACOGDOCHES COUNTY,347,19 Years,2286,937,1349,1121,440,681,658,258,400,86,35,51,421,204,217
NACOGDOCHES COUNTY,347,20 Years,2012,844,1168,1063,426,637,521,217,304,60,24,36,368,177,191
NACOGDOCHES COUNTY,347,21 Years,1908,854,1054,1079,471,608,413,177,236,65,37,28,351,169,182
NACOGDOCHES COUNTY,347,22 Years,1750,830,920,1000,476,524,367,166,201,58,28,30,325,160,165
NACOGDOCHES COUNTY,347,23 Years,1455,722,733,853,428,425,275,130,145,49,24,25,278,140,138
NACOGDOCHES COUNTY,347,24 Years,1203,618,585,704,340,364,219,110,109,61,39,22,219,129,90
NACOGDOCHES COUNTY,347,25 Years,1007,513,494,579,288,291,184,86,98,53,27,26,191,112,79
NACOGDOCHES COUNTY,347,26 Years,861,439,422,459,219,240,166,74,92,34,18,16,202,128,74
NACOGDOCHES COUNTY,347,27 Years,806,402,404,435,215,220,154,65,89,29,16,13,188,106,82
NACOGDOCHES COUNTY,347,28 Years,684,338,346,348,169,179,125,51,74,29,13,16,182,105,77
NACOGDOCHES COUNTY,347,29 Years,718,353,365,383,197,186,131,58,73,23,10,13,181,88,93
NACOGDOCHES COUNTY,347,30 Years,701,349,352,363,187,176,128,52,76,27,13,14,183,97,86
NACOGDOCHES COUNTY,347,31 Years,695,359,336,378,195,183,108,49,59,22,10,12,187,105,82
NACOGDOCHES COUNTY,347,32 Years,753,372,381,411,201,210,131,59,72,17,4,13,194,108,86
NACOGDOCHES COUNTY,347,33 Years,722,369,353,390,196,194,119,55,64,20,10,10,193,108,85
NACOGDOCHES COUNTY,347,34 Years,706,362,344,401,210,191,107,47,60,14,6,8,184,99,85
NACOGDOCHES COUNTY,347,35 Years,707,356,351,380,202,178,127,54,73,18,8,10,182,92,90
NACOGDOCHES COUNTY,347,36 Years,708,347,361,365,190,175,134,57,77,24,12,12,185,88,97
NACOGDOCHES COUNTY,347,37 Years,649,302,347,349,171,178,102,38,64,16,7,9,182,86,96
NACOGDOCHES COUNTY,347,38 Years,649,306,343,356,169,187,104,42,62,14,6,8,175,89,86
NACOGDOCHES COUNTY,347,39 Years,645,328,317,364,190,174,91,48,43,19,6,13,171,84,87
NACOGDOCHES COUNTY,347,40 Years,570,290,280,310,157,153,87,46,41,22,11,11,151,76,75
NACOGDOCHES COUNTY,347,41 Years,607,295,312,344,167,177,95,45,50,25,9,16,143,74,69
NACOGDOCHES COUNTY,347,42 Years,626,318,308,371,190,181,92,45,47,21,10,11,142,73,69
NACOGDOCHES COUNTY,347,43 Years,676,335,341,416,206,210,106,46,60,18,10,8,136,73,63
NACOGDOCHES COUNTY,347,44 Years,658,315,343,394,186,208,107,48,59,16,7,9,141,74,67
NACOGDOCHES COUNTY,347,45 Years,659,314,345,401,194,207,93,37,56,20,6,14,145,77,68
NACOGDOCHES COUNTY,347,46 Years,641,331,310,390,207,183,103,49,54,19,10,9,129,65,64
NACOGDOCHES COUNTY,347,47 Years,649,314,335,398,197,201,114,51,63,12,7,5,125,59,66
NACOGDOCHES COUNTY,347,48 Years,648,306,342,397,182,215,109,46,63,17,8,9,125,70,55
NACOGDOCHES COUNTY,347,49 Years,712,325,387,439,195,244,122,51,71,21,11,10,130,68,62
NACOGDOCHES COUNTY,347,50 Years,723,333,390,471,217,254,131,51,80,21,10,11,100,55,45
NACOGDOCHES COUNTY,347,51 Years,755,355,400,499,233,266,125,51,74,17,7,10,114,64,50
NACOGDOCHES COUNTY,347,52 Years,762,381,381,499,257,242,130,52,78,19,9,10,114,63,51
NACOGDOCHES COUNTY,347,53 Years,779,371,408,530,255,275,130,52,78,18,7,11,101,57,44
NACOGDOCHES COUNTY,347,54 Years,746,354,392,503,236,267,141,62,79,14,6,8,88,50,38
NACOGDOCHES COUNTY,347,55 Years,711,346,365,483,244,239,125,47,78,18,12,6,85,43,42
NACOGDOCHES COUNTY,347,56 Years,766,371,395,525,255,270,130,51,79,18,11,7,93,54,39
NACOGDOCHES COUNTY,347,57 Years,779,384,395,549,267,282,135,66,69,20,10,10,75,41,34
NACOGDOCHES COUNTY,347,58 Years,727,372,355,508,261,247,140,69,71,22,10,12,57,32,25
NACOGDOCHES COUNTY,347,59 Years,737,364,373,529,263,266,130,61,69,19,2,17,59,38,21
NACOGDOCHES COUNTY,347,60 Years,738,355,383,541,264,277,117,49,68,19,7,12,61,35,26
NACOGDOCHES COUNTY,347,61 Years,729,360,369,550,274,276,110,52,58,18,9,9,51,25,26
NACOGDOCHES COUNTY,347,62 Years,708,342,366,534,257,277,104,49,55,16,7,9,54,29,25
NACOGDOCHES COUNTY,347,63 Years,678,325,353,522,258,264,100,39,61,12,4,8,44,24,20
NACOGDOCHES COUNTY,347,64 Years,668,324,344,516,252,264,98,41,57,9,4,5,45,27,18
NACOGDOCHES COUNTY,347,65 Years,613,295,318,476,231,245,91,38,53,9,4,5,37,22,15
NACOGDOCHES COUNTY,347,66 Years,618,311,307,469,235,234,93,42,51,16,12,4,40,22,18
NACOGDOCHES COUNTY,347,67 Years,604,300,304,480,243,237,81,37,44,14,10,4,29,10,19
NACOGDOCHES COUNTY,347,68 Years,500,233,267,407,190,217,63,31,32,8,5,3,22,7,15
NACOGDOCHES COUNTY,347,69 Years,497,233,264,398,184,214,66,30,36,7,4,3,26,15,11
NACOGDOCHES COUNTY,347,70 Years,489,227,262,394,186,208,66,26,40,9,4,5,20,11,9
NACOGDOCHES COUNTY,347,71 Years,454,208,246,368,172,196,51,20,31,8,4,4,27,12,15
NACOGDOCHES COUNTY,347,72 Years,413,196,217,335,162,173,45,18,27,7,5,2,26,11,15
NACOGDOCHES COUNTY,347,73 Years,374,178,196,297,145,152,49,20,29,4,1,3,24,12,12
NACOGDOCHES COUNTY,347,74 Years,329,144,185,270,120,150,40,16,24,3,1,2,16,7,9
NACOGDOCHES COUNTY,347,75 Years,313,132,181,254,108,146,41,16,25,2,0,2,16,8,8
NACOGDOCHES COUNTY,347,76 Years,332,146,186,263,117,146,39,17,22,6,1,5,24,11,13
NACOGDOCHES COUNTY,347,77 Years,290,124,166,238,104,134,33,12,21,4,1,3,15,7,8
NACOGDOCHES COUNTY,347,78 Years,263,106,157,216,90,126,28,12,16,6,1,5,13,3,10
NACOGDOCHES COUNTY,347,79 Years,266,118,148,223,97,126,26,12,14,8,3,5,9,6,3
NACOGDOCHES COUNTY,347,80 Years,241,96,145,199,82,117,27,8,19,5,2,3,10,4,6
NACOGDOCHES COUNTY,347,81 Years,220,93,127,178,80,98,30,9,21,5,3,2,7,1,6
NACOGDOCHES COUNTY,347,82 Years,211,91,120,175,76,99,28,11,17,3,1,2,5,3,2
NACOGDOCHES COUNTY,347,83 Years,196,78,118,162,66,96,24,7,17,1,0,1,9,5,4
NACOGDOCHES COUNTY,347,84 Years,167,65,102,144,57,87,14,5,9,2,0,2,7,3,4
NACOGDOCHES COUNTY,347,85 Years +,942,314,628,790,267,523,104,27,77,18,7,11,30,13,17
NAVARRO COUNTY,349,All Ages,49485,24707,24778,28374,13976,14398,6413,3095,3318,1630,828,802,13068,6808,6260
NAVARRO COUNTY,349,< 1 Year,684,340,344,289,144,145,89,41,48,47,25,22,259,130,129
NAVARRO COUNTY,349,1 Years,704,357,347,307,155,152,90,41,49,51,29,22,256,132,124
NAVARRO COUNTY,349,2 Years,678,337,341,288,140,148,88,42,46,49,25,24,253,130,123
NAVARRO COUNTY,349,3 Years,693,354,339,292,149,143,85,39,46,61,35,26,255,131,124
NAVARRO COUNTY,349,4 Years,676,346,330,290,158,132,85,34,51,45,21,24,256,133,123
NAVARRO COUNTY,349,5 Years,686,346,340,280,139,141,98,53,45,47,17,30,261,137,124
NAVARRO COUNTY,349,6 Years,716,360,356,284,141,143,87,43,44,48,21,27,297,155,142
NAVARRO COUNTY,349,7 Years,755,394,361,292,143,149,109,60,49,45,25,20,309,166,143
NAVARRO COUNTY,349,8 Years,712,364,348,281,141,140,93,54,39,40,19,21,298,150,148
NAVARRO COUNTY,349,9 Years,692,357,335,262,135,127,91,52,39,40,21,19,299,149,150
NAVARRO COUNTY,349,10 Years,705,368,337,289,155,134,84,44,40,40,22,18,292,147,145
NAVARRO COUNTY,349,11 Years,735,373,362,304,163,141,81,34,47,31,18,13,319,158,161
NAVARRO COUNTY,349,12 Years,743,385,358,330,167,163,77,37,40,27,15,12,309,166,143
NAVARRO COUNTY,349,13 Years,780,421,359,341,178,163,81,47,34,35,18,17,323,178,145
NAVARRO COUNTY,349,14 Years,779,430,349,345,195,150,93,53,40,35,20,15,306,162,144
NAVARRO COUNTY,349,15 Years,790,433,357,354,193,161,106,57,49,32,13,19,298,170,128
NAVARRO COUNTY,349,16 Years,752,411,341,357,199,158,94,47,47,25,11,14,276,154,122
NAVARRO COUNTY,349,17 Years,771,421,350,364,206,158,94,50,44,23,13,10,290,152,138
NAVARRO COUNTY,349,18 Years,761,388,373,369,201,168,115,58,57,17,8,9,260,121,139
NAVARRO COUNTY,349,19 Years,667,352,315,322,175,147,99,56,43,16,9,7,230,112,118
NAVARRO COUNTY,349,20 Years,674,362,312,306,166,140,107,62,45,24,16,8,237,118,119
NAVARRO COUNTY,349,21 Years,691,394,297,315,176,139,112,68,44,21,12,9,243,138,105
NAVARRO COUNTY,349,22 Years,655,351,304,288,150,138,104,56,48,17,11,6,246,134,112
NAVARRO COUNTY,349,23 Years,704,382,322,321,165,156,125,72,53,27,15,12,231,130,101
NAVARRO COUNTY,349,24 Years,698,371,327,315,163,152,138,71,67,30,16,14,215,121,94
NAVARRO COUNTY,349,25 Years,585,312,273,291,155,136,94,44,50,23,15,8,177,98,79
NAVARRO COUNTY,349,26 Years,563,281,282,288,145,143,91,40,51,13,5,8,171,91,80
NAVARRO COUNTY,349,27 Years,547,271,276,275,143,132,78,36,42,14,5,9,180,87,93
NAVARRO COUNTY,349,28 Years,533,257,276,261,120,141,86,46,40,16,8,8,170,83,87
NAVARRO COUNTY,349,29 Years,494,239,255,228,112,116,89,39,50,17,8,9,160,80,80
NAVARRO COUNTY,349,30 Years,488,246,242,243,123,120,64,28,36,22,11,11,159,84,75
NAVARRO COUNTY,349,31 Years,486,247,239,235,112,123,54,29,25,20,8,12,177,98,79
NAVARRO COUNTY,349,32 Years,513,254,259,260,128,132,58,30,28,24,10,14,171,86,85
NAVARRO COUNTY,349,33 Years,539,264,275,271,137,134,62,29,33,21,10,11,185,88,97
NAVARRO COUNTY,349,34 Years,575,279,296,285,139,146,74,34,40,27,17,10,189,89,100
NAVARRO COUNTY,349,35 Years,548,281,267,277,142,135,73,33,40,19,12,7,179,94,85
NAVARRO COUNTY,349,36 Years,547,279,268,278,144,134,66,27,39,22,11,11,181,97,84
NAVARRO COUNTY,349,37 Years,542,273,269,272,137,135,64,31,33,18,10,8,188,95,93
NAVARRO COUNTY,349,38 Years,539,261,278,278,133,145,57,25,32,15,7,8,189,96,93
NAVARRO COUNTY,349,39 Years,577,278,299,311,149,162,58,22,36,13,6,7,195,101,94
NAVARRO COUNTY,349,40 Years,581,290,291,314,150,164,69,34,35,11,5,6,187,101,86
NAVARRO COUNTY,349,41 Years,620,286,334,331,155,176,78,38,40,22,8,14,189,85,104
NAVARRO COUNTY,349,42 Years,585,284,301,322,161,161,66,29,37,18,8,10,179,86,93
NAVARRO COUNTY,349,43 Years,605,317,288,345,175,170,66,32,34,15,8,7,179,102,77
NAVARRO COUNTY,349,44 Years,629,320,309,361,182,179,71,35,36,14,6,8,183,97,86
NAVARRO COUNTY,349,45 Years,635,315,320,350,169,181,80,44,36,21,9,12,184,93,91
NAVARRO COUNTY,349,46 Years,615,314,301,348,174,174,84,43,41,23,14,9,160,83,77
NAVARRO COUNTY,349,47 Years,553,282,271,321,158,163,79,38,41,16,10,6,137,76,61
NAVARRO COUNTY,349,48 Years,552,271,281,328,154,174,83,40,43,16,10,6,125,67,58
NAVARRO COUNTY,349,49 Years,631,298,333,396,185,211,94,38,56,12,5,7,129,70,59
NAVARRO COUNTY,349,50 Years,649,319,330,421,212,209,90,35,55,16,7,9,122,65,57
NAVARRO COUNTY,349,51 Years,668,326,342,419,215,204,97,39,58,21,9,12,131,63,68
NAVARRO COUNTY,349,52 Years,668,318,350,420,194,226,98,50,48,21,11,10,129,63,66
NAVARRO COUNTY,349,53 Years,688,337,351,443,211,232,100,51,49,13,6,7,132,69,63
NAVARRO COUNTY,349,54 Years,713,367,346,466,234,232,111,52,59,12,6,6,124,75,49
NAVARRO COUNTY,349,55 Years,659,327,332,445,216,229,92,41,51,12,5,7,110,65,45
NAVARRO COUNTY,349,56 Years,675,336,339,468,226,242,92,50,42,17,8,9,98,52,46
NAVARRO COUNTY,349,57 Years,662,333,329,469,239,230,89,38,51,16,9,7,88,47,41
NAVARRO COUNTY,349,58 Years,671,330,341,491,240,251,88,39,49,16,8,8,76,43,33
NAVARRO COUNTY,349,59 Years,634,307,327,462,225,237,94,43,51,6,3,3,72,36,36
NAVARRO COUNTY,349,60 Years,610,301,309,446,218,228,85,42,43,5,2,3,74,39,35
NAVARRO COUNTY,349,61 Years,626,306,320,469,225,244,81,39,42,9,4,5,67,38,29
NAVARRO COUNTY,349,62 Years,572,269,303,429,200,229,82,36,46,10,4,6,51,29,22
NAVARRO COUNTY,349,63 Years,555,272,283,431,210,221,74,39,35,9,4,5,41,19,22
NAVARRO COUNTY,349,64 Years,600,295,305,468,227,241,72,36,36,9,6,3,51,26,25
NAVARRO COUNTY,349,65 Years,598,288,310,463,224,239,64,30,34,17,9,8,54,25,29
NAVARRO COUNTY,349,66 Years,589,287,302,473,230,243,59,27,32,10,5,5,47,25,22
NAVARRO COUNTY,349,67 Years,554,277,277,435,220,215,68,27,41,7,5,2,44,25,19
NAVARRO COUNTY,349,68 Years,471,234,237,376,186,190,55,25,30,6,5,1,34,18,16
NAVARRO COUNTY,349,69 Years,463,219,244,367,172,195,47,22,25,6,3,3,43,22,21
NAVARRO COUNTY,349,70 Years,453,203,250,371,169,202,47,19,28,2,0,2,33,15,18
NAVARRO COUNTY,349,71 Years,440,206,234,366,171,195,38,15,23,3,1,2,33,19,14
NAVARRO COUNTY,349,72 Years,400,189,211,329,157,172,29,12,17,8,4,4,34,16,18
NAVARRO COUNTY,349,73 Years,396,194,202,325,160,165,37,16,21,4,2,2,30,16,14
NAVARRO COUNTY,349,74 Years,366,178,188,312,151,161,31,14,17,3,3,0,20,10,10
NAVARRO COUNTY,349,75 Years,330,155,175,284,132,152,25,15,10,3,1,2,18,7,11
NAVARRO COUNTY,349,76 Years,281,124,157,235,103,132,24,12,12,4,2,2,18,7,11
NAVARRO COUNTY,349,77 Years,270,130,140,230,115,115,22,8,14,2,0,2,16,7,9
NAVARRO COUNTY,349,78 Years,241,108,133,197,87,110,20,8,12,4,1,3,20,12,8
NAVARRO COUNTY,349,79 Years,251,117,134,203,92,111,28,12,16,3,2,1,17,11,6
NAVARRO COUNTY,349,80 Years,214,105,109,171,85,86,23,9,14,1,1,0,19,10,9
NAVARRO COUNTY,349,81 Years,166,72,94,129,60,69,21,6,15,3,0,3,13,6,7
NAVARRO COUNTY,349,82 Years,177,68,109,139,57,82,20,5,15,4,1,3,14,5,9
NAVARRO COUNTY,349,83 Years,183,69,114,150,58,92,16,4,12,8,4,4,9,3,6
NAVARRO COUNTY,349,84 Years,161,58,103,136,50,86,14,4,10,3,1,2,8,3,5
NAVARRO COUNTY,349,85 Years +,848,287,561,682,226,456,117,40,77,12,5,7,37,16,21
NEWTON COUNTY,351,All Ages,14582,7555,7027,10810,5531,5279,2973,1594,1379,368,180,188,431,250,181
NEWTON COUNTY,351,< 1 Year,154,78,76,117,60,57,23,12,11,10,4,6,4,2,2
NEWTON COUNTY,351,1 Years,158,85,73,123,68,55,22,11,11,9,4,5,4,2,2
NEWTON COUNTY,351,2 Years,161,87,74,121,68,53,24,11,13,8,3,5,8,5,3
NEWTON COUNTY,351,3 Years,161,85,76,117,62,55,30,15,15,8,4,4,6,4,2
NEWTON COUNTY,351,4 Years,181,90,91,129,67,62,36,16,20,11,6,5,5,1,4
NEWTON COUNTY,351,5 Years,164,87,77,110,61,49,34,18,16,14,7,7,6,1,5
NEWTON COUNTY,351,6 Years,178,94,84,133,71,62,25,13,12,12,6,6,8,4,4
NEWTON COUNTY,351,7 Years,182,99,83,137,74,63,32,18,14,4,2,2,9,5,4
NEWTON COUNTY,351,8 Years,165,83,82,127,64,63,28,14,14,3,1,2,7,4,3
NEWTON COUNTY,351,9 Years,160,79,81,108,53,55,41,20,21,6,3,3,5,3,2
NEWTON COUNTY,351,10 Years,153,72,81,106,49,57,36,20,16,4,1,3,7,2,5
NEWTON COUNTY,351,11 Years,171,78,93,115,56,59,36,16,20,9,3,6,11,3,8
NEWTON COUNTY,351,12 Years,189,97,92,122,68,54,48,19,29,9,6,3,10,4,6
NEWTON COUNTY,351,13 Years,198,107,91,133,77,56,44,21,23,8,3,5,13,6,7
NEWTON COUNTY,351,14 Years,173,91,82,117,62,55,41,22,19,8,4,4,7,3,4
NEWTON COUNTY,351,15 Years,190,99,91,132,69,63,41,20,21,5,4,1,12,6,6
NEWTON COUNTY,351,16 Years,204,104,100,146,75,71,45,25,20,3,1,2,10,3,7
NEWTON COUNTY,351,17 Years,201,104,97,144,77,67,42,19,23,6,4,2,9,4,5
NEWTON COUNTY,351,18 Years,195,102,93,142,73,69,38,19,19,6,4,2,9,6,3
NEWTON COUNTY,351,19 Years,167,86,81,111,60,51,41,17,24,7,3,4,8,6,2
NEWTON COUNTY,351,20 Years,191,100,91,129,72,57,42,20,22,9,4,5,11,4,7
NEWTON COUNTY,351,21 Years,202,112,90,139,73,66,42,28,14,7,4,3,14,7,7
NEWTON COUNTY,351,22 Years,214,116,98,131,62,69,63,42,21,6,3,3,14,9,5
NEWTON COUNTY,351,23 Years,225,140,85,160,92,68,54,40,14,4,3,1,7,5,2
NEWTON COUNTY,351,24 Years,197,113,84,138,72,66,47,33,14,4,2,2,8,6,2
NEWTON COUNTY,351,25 Years,188,113,75,137,79,58,37,24,13,4,2,2,10,8,2
NEWTON COUNTY,351,26 Years,178,104,74,124,72,52,40,24,16,4,3,1,10,5,5
NEWTON COUNTY,351,27 Years,175,108,67,131,79,52,33,23,10,4,2,2,7,4,3
NEWTON COUNTY,351,28 Years,161,99,62,118,68,50,32,22,10,3,2,1,8,7,1
NEWTON COUNTY,351,29 Years,162,93,69,111,58,53,43,27,16,2,2,0,6,6,0
NEWTON COUNTY,351,30 Years,152,91,61,104,58,46,37,26,11,5,1,4,6,6,0
NEWTON COUNTY,351,31 Years,151,77,74,107,56,51,36,17,19,5,2,3,3,2,1
NEWTON COUNTY,351,32 Years,142,84,58,94,57,37,40,24,16,6,1,5,2,2,0
NEWTON COUNTY,351,33 Years,164,93,71,108,59,49,40,27,13,6,2,4,10,5,5
NEWTON COUNTY,351,34 Years,159,82,77,108,52,56,39,23,16,3,2,1,9,5,4
NEWTON COUNTY,351,35 Years,155,89,66,120,67,53,26,16,10,3,2,1,6,4,2
NEWTON COUNTY,351,36 Years,150,85,65,117,66,51,27,17,10,3,1,2,3,1,2
NEWTON COUNTY,351,37 Years,143,71,72,96,46,50,38,20,18,4,1,3,5,4,1
NEWTON COUNTY,351,38 Years,155,83,72,109,53,56,36,22,14,4,3,1,6,5,1
NEWTON COUNTY,351,39 Years,176,92,84,134,66,68,32,20,12,3,1,2,7,5,2
NEWTON COUNTY,351,40 Years,157,72,85,117,50,67,33,18,15,2,0,2,5,4,1
NEWTON COUNTY,351,41 Years,162,78,84,120,54,66,36,20,16,2,1,1,4,3,1
NEWTON COUNTY,351,42 Years,171,91,80,125,59,66,35,25,10,5,3,2,6,4,2
NEWTON COUNTY,351,43 Years,185,99,86,134,72,62,43,24,19,4,1,3,4,2,2
NEWTON COUNTY,351,44 Years,197,109,88,139,77,62,48,28,20,5,1,4,5,3,2
NEWTON COUNTY,351,45 Years,192,92,100,135,59,76,49,30,19,4,1,3,4,2,2
NEWTON COUNTY,351,46 Years,176,97,79,127,69,58,40,21,19,4,2,2,5,5,0
NEWTON COUNTY,351,47 Years,192,105,87,142,72,70,37,24,13,5,3,2,8,6,2
NEWTON COUNTY,351,48 Years,190,102,88,138,73,65,43,26,17,6,1,5,3,2,1
NEWTON COUNTY,351,49 Years,201,103,98,155,81,74,41,20,21,2,0,2,3,2,1
NEWTON COUNTY,351,50 Years,217,111,106,168,81,87,41,24,17,4,3,1,4,3,1
NEWTON COUNTY,351,51 Years,207,102,105,155,77,78,44,21,23,5,2,3,3,2,1
NEWTON COUNTY,351,52 Years,211,110,101,160,85,75,42,20,22,5,2,3,4,3,1
NEWTON COUNTY,351,53 Years,203,104,99,154,78,76,42,21,21,2,2,0,5,3,2
NEWTON COUNTY,351,54 Years,222,117,105,169,90,79,45,22,23,3,2,1,5,3,2
NEWTON COUNTY,351,55 Years,205,107,98,154,80,74,44,23,21,5,2,3,2,2,0
NEWTON COUNTY,351,56 Years,224,114,110,181,93,88,35,17,18,4,1,3,4,3,1
NEWTON COUNTY,351,57 Years,218,110,108,177,91,86,36,17,19,2,1,1,3,1,2
NEWTON COUNTY,351,58 Years,210,104,106,163,80,83,42,21,21,2,1,1,3,2,1
NEWTON COUNTY,351,59 Years,215,117,98,160,88,72,46,23,23,5,4,1,4,2,2
NEWTON COUNTY,351,60 Years,215,107,108,165,83,82,44,22,22,2,2,0,4,0,4
NEWTON COUNTY,351,61 Years,197,99,98,155,81,74,35,14,21,2,1,1,5,3,2
NEWTON COUNTY,351,62 Years,189,86,103,155,71,84,29,13,16,2,1,1,3,1,2
NEWTON COUNTY,351,63 Years,180,82,98,138,60,78,36,18,18,5,4,1,1,0,1
NEWTON COUNTY,351,64 Years,183,96,87,134,67,67,46,26,20,2,2,0,1,1,0
NEWTON COUNTY,351,65 Years,206,102,104,164,82,82,38,20,18,4,0,4,0,0,0
NEWTON COUNTY,351,66 Years,186,92,94,151,75,76,31,17,14,4,0,4,0,0,0
NEWTON COUNTY,351,67 Years,189,88,101,151,73,78,33,15,18,4,0,4,1,0,1
NEWTON COUNTY,351,68 Years,155,80,75,126,64,62,25,13,12,3,2,1,1,1,0
NEWTON COUNTY,351,69 Years,167,76,91,129,58,71,30,12,18,4,4,0,4,2,2
NEWTON COUNTY,351,70 Years,150,72,78,120,54,66,25,13,12,2,2,0,3,3,0
NEWTON COUNTY,351,71 Years,155,77,78,127,61,66,25,13,12,2,2,0,1,1,0
NEWTON COUNTY,351,72 Years,143,76,67,118,63,55,22,12,10,2,1,1,1,0,1
NEWTON COUNTY,351,73 Years,132,65,67,108,54,54,20,8,12,1,1,0,3,2,1
NEWTON COUNTY,351,74 Years,129,69,60,102,57,45,23,9,14,1,1,0,3,2,1
NEWTON COUNTY,351,75 Years,119,57,62,92,45,47,23,10,13,1,0,1,3,2,1
NEWTON COUNTY,351,76 Years,113,56,57,95,47,48,16,7,9,2,2,0,0,0,0
NEWTON COUNTY,351,77 Years,98,45,53,78,36,42,19,8,11,1,1,0,0,0,0
NEWTON COUNTY,351,78 Years,92,43,49,72,35,37,19,8,11,1,0,1,0,0,0
NEWTON COUNTY,351,79 Years,93,49,44,77,41,36,15,7,8,1,1,0,0,0,0
NEWTON COUNTY,351,80 Years,78,37,41,62,30,32,14,6,8,2,1,1,0,0,0
NEWTON COUNTY,351,81 Years,77,30,47,61,23,38,14,6,8,0,0,0,2,1,1
NEWTON COUNTY,351,82 Years,76,29,47,62,24,38,13,5,8,1,0,1,0,0,0
NEWTON COUNTY,351,83 Years,61,27,34,51,22,29,10,5,5,0,0,0,0,0,0
NEWTON COUNTY,351,84 Years,52,23,29,42,18,24,10,5,5,0,0,0,0,0,0
NEWTON COUNTY,351,85 Years +,247,96,151,197,77,120,45,16,29,4,3,1,1,0,1
NOLAN COUNTY,353,All Ages,14947,7494,7453,8740,4387,4353,663,336,327,262,133,129,5282,2638,2644
NOLAN COUNTY,353,< 1 Year,210,107,103,95,47,48,9,5,4,2,1,1,104,54,50
NOLAN COUNTY,353,1 Years,204,101,103,94,44,50,8,4,4,0,0,0,102,53,49
NOLAN COUNTY,353,2 Years,189,96,93,85,44,41,9,5,4,4,2,2,91,45,46
NOLAN COUNTY,353,3 Years,181,92,89,83,43,40,7,4,3,5,1,4,86,44,42
NOLAN COUNTY,353,4 Years,198,112,86,91,47,44,8,4,4,5,4,1,94,57,37
NOLAN COUNTY,353,5 Years,195,96,99,85,38,47,7,2,5,5,3,2,98,53,45
NOLAN COUNTY,353,6 Years,231,110,121,102,49,53,10,5,5,8,4,4,111,52,59
NOLAN COUNTY,353,7 Years,229,119,110,104,54,50,15,8,7,8,3,5,102,54,48
NOLAN COUNTY,353,8 Years,222,113,109,101,53,48,15,7,8,8,4,4,98,49,49
NOLAN COUNTY,353,9 Years,220,113,107,97,47,50,13,7,6,5,1,4,105,58,47
NOLAN COUNTY,353,10 Years,227,113,114,106,60,46,11,5,6,5,2,3,105,46,59
NOLAN COUNTY,353,11 Years,219,112,107,96,52,44,7,3,4,10,7,3,106,50,56
NOLAN COUNTY,353,12 Years,207,105,102,91,47,44,10,5,5,8,5,3,98,48,50
NOLAN COUNTY,353,13 Years,197,99,98,85,46,39,11,4,7,7,3,4,94,46,48
NOLAN COUNTY,353,14 Years,200,106,94,78,42,36,14,8,6,6,1,5,102,55,47
NOLAN COUNTY,353,15 Years,206,104,102,88,42,46,13,8,5,5,3,2,100,51,49
NOLAN COUNTY,353,16 Years,193,107,86,90,49,41,14,9,5,2,1,1,87,48,39
NOLAN COUNTY,353,17 Years,201,107,94,104,53,51,15,10,5,3,0,3,79,44,35
NOLAN COUNTY,353,18 Years,201,105,96,104,56,48,14,8,6,4,3,1,79,38,41
NOLAN COUNTY,353,19 Years,190,100,90,95,52,43,8,4,4,3,2,1,84,42,42
NOLAN COUNTY,353,20 Years,191,94,97,96,45,51,9,4,5,6,2,4,80,43,37
NOLAN COUNTY,353,21 Years,174,91,83,93,46,47,9,6,3,4,2,2,68,37,31
NOLAN COUNTY,353,22 Years,208,113,95,112,61,51,13,9,4,3,2,1,80,41,39
NOLAN COUNTY,353,23 Years,236,147,89,120,76,44,11,7,4,7,6,1,98,58,40
NOLAN COUNTY,353,24 Years,218,129,89,118,71,47,6,4,2,3,2,1,91,52,39
NOLAN COUNTY,353,25 Years,177,97,80,93,53,40,8,4,4,3,2,1,73,38,35
NOLAN COUNTY,353,26 Years,165,90,75,87,45,42,9,5,4,3,2,1,66,38,28
NOLAN COUNTY,353,27 Years,181,97,84,96,48,48,10,7,3,3,2,1,72,40,32
NOLAN COUNTY,353,28 Years,161,90,71,88,50,38,8,5,3,1,0,1,64,35,29
NOLAN COUNTY,353,29 Years,153,74,79,85,42,43,4,2,2,3,1,2,61,29,32
NOLAN COUNTY,353,30 Years,142,70,72,74,36,38,3,1,2,1,1,0,64,32,32
NOLAN COUNTY,353,31 Years,151,84,67,83,50,33,8,1,7,4,2,2,56,31,25
NOLAN COUNTY,353,32 Years,154,80,74,91,53,38,7,1,6,1,1,0,55,25,30
NOLAN COUNTY,353,33 Years,175,89,86,93,48,45,7,5,2,3,1,2,72,35,37
NOLAN COUNTY,353,34 Years,162,91,71,92,53,39,10,8,2,2,1,1,58,29,29
NOLAN COUNTY,353,35 Years,149,83,66,85,50,35,5,4,1,1,1,0,58,28,30
NOLAN COUNTY,353,36 Years,161,72,89,81,39,42,7,3,4,6,1,5,67,29,38
NOLAN COUNTY,353,37 Years,164,79,85,88,40,48,9,5,4,3,1,2,64,33,31
NOLAN COUNTY,353,38 Years,153,75,78,76,37,39,9,6,3,1,1,0,67,31,36
NOLAN COUNTY,353,39 Years,160,75,85,91,42,49,7,5,2,2,2,0,60,26,34
NOLAN COUNTY,353,40 Years,156,75,81,91,46,45,5,2,3,3,2,1,57,25,32
NOLAN COUNTY,353,41 Years,168,74,94,100,50,50,7,2,5,1,1,0,60,21,39
NOLAN COUNTY,353,42 Years,167,80,87,92,44,48,8,4,4,1,1,0,66,31,35
NOLAN COUNTY,353,43 Years,185,94,91,103,53,50,10,5,5,1,1,0,71,35,36
NOLAN COUNTY,353,44 Years,193,108,85,114,68,46,8,3,5,3,2,1,68,35,33
NOLAN COUNTY,353,45 Years,177,92,85,104,55,49,12,5,7,2,1,1,59,31,28
NOLAN COUNTY,353,46 Years,167,79,88,91,48,43,10,3,7,3,2,1,63,26,37
NOLAN COUNTY,353,47 Years,178,89,89,108,52,56,7,2,5,4,3,1,59,32,27
NOLAN COUNTY,353,48 Years,166,85,81,102,48,54,6,2,4,3,2,1,55,33,22
NOLAN COUNTY,353,49 Years,177,87,90,110,52,58,4,2,2,7,3,4,56,30,26
NOLAN COUNTY,353,50 Years,163,76,87,104,47,57,8,5,3,3,2,1,48,22,26
NOLAN COUNTY,353,51 Years,192,91,101,129,64,65,11,6,5,4,1,3,48,20,28
NOLAN COUNTY,353,52 Years,195,94,101,133,68,65,10,5,5,3,1,2,49,20,29
NOLAN COUNTY,353,53 Years,193,100,93,125,68,57,6,2,4,2,1,1,60,29,31
NOLAN COUNTY,353,54 Years,205,96,109,140,65,75,11,5,6,2,1,1,52,25,27
NOLAN COUNTY,353,55 Years,202,94,108,135,65,70,11,6,5,2,1,1,54,22,32
NOLAN COUNTY,353,56 Years,184,93,91,125,66,59,5,2,3,2,1,1,52,24,28
NOLAN COUNTY,353,57 Years,192,89,103,130,60,70,6,2,4,4,2,2,52,25,27
NOLAN COUNTY,353,58 Years,217,112,105,146,73,73,11,6,5,2,0,2,58,33,25
NOLAN COUNTY,353,59 Years,219,119,100,141,74,67,8,5,3,3,1,2,67,39,28
NOLAN COUNTY,353,60 Years,207,103,104,140,67,73,8,4,4,3,1,2,56,31,25
NOLAN COUNTY,353,61 Years,204,91,113,131,62,69,9,2,7,4,1,3,60,26,34
NOLAN COUNTY,353,62 Years,203,104,99,133,70,63,11,5,6,2,1,1,57,28,29
NOLAN COUNTY,353,63 Years,188,88,100,125,62,63,10,5,5,3,0,3,50,21,29
NOLAN COUNTY,353,64 Years,201,102,99,145,79,66,5,2,3,3,1,2,48,20,28
NOLAN COUNTY,353,65 Years,191,98,93,140,73,67,6,3,3,3,2,1,42,20,22
NOLAN COUNTY,353,66 Years,179,94,85,137,75,62,4,2,2,2,2,0,36,15,21
NOLAN COUNTY,353,67 Years,175,77,98,132,57,75,9,4,5,1,1,0,33,15,18
NOLAN COUNTY,353,68 Years,144,67,77,105,48,57,5,2,3,1,1,0,33,16,17
NOLAN COUNTY,353,69 Years,145,78,67,105,55,50,6,4,2,0,0,0,34,19,15
NOLAN COUNTY,353,70 Years,160,73,87,114,49,65,6,3,3,2,2,0,38,19,19
NOLAN COUNTY,353,71 Years,140,65,75,92,41,51,4,1,3,2,1,1,42,22,20
NOLAN COUNTY,353,72 Years,132,61,71,93,41,52,4,3,1,2,1,1,33,16,17
NOLAN COUNTY,353,73 Years,119,57,62,93,47,46,3,1,2,1,0,1,22,9,13
NOLAN COUNTY,353,74 Years,119,60,59,95,52,43,2,0,2,1,1,0,21,7,14
NOLAN COUNTY,353,75 Years,112,58,54,87,47,40,3,3,0,0,0,0,22,8,14
NOLAN COUNTY,353,76 Years,91,44,47,71,34,37,4,2,2,1,1,0,15,7,8
NOLAN COUNTY,353,77 Years,100,50,50,78,37,41,4,1,3,1,1,0,17,11,6
NOLAN COUNTY,353,78 Years,101,41,60,74,28,46,4,2,2,1,0,1,22,11,11
NOLAN COUNTY,353,79 Years,96,38,58,72,29,43,4,2,2,0,0,0,20,7,13
NOLAN COUNTY,353,80 Years,87,38,49,62,28,34,1,0,1,2,1,1,22,9,13
NOLAN COUNTY,353,81 Years,72,37,35,57,27,30,1,0,1,1,1,0,13,9,4
NOLAN COUNTY,353,82 Years,67,30,37,54,22,32,0,0,0,1,0,1,12,8,4
NOLAN COUNTY,353,83 Years,64,27,37,49,20,29,0,0,0,0,0,0,15,7,8
NOLAN COUNTY,353,84 Years,63,32,31,50,26,24,0,0,0,0,0,0,13,6,7
NOLAN COUNTY,353,85 Years +,336,117,219,267,95,172,9,4,5,7,2,5,53,16,37
NUECES COUNTY,355,All Ages,356960,175964,180996,108408,54318,54090,12492,6454,6038,11595,5379,6216,224465,109813,114652
NUECES COUNTY,355,< 1 Year,5220,2657,2563,1143,582,561,154,77,77,166,90,76,3757,1908,1849
NUECES COUNTY,355,1 Years,5123,2598,2525,1141,582,559,147,76,71,162,86,76,3673,1854,1819
NUECES COUNTY,355,2 Years,4929,2518,2411,1102,567,535,149,73,76,174,93,81,3504,1785,1719
NUECES COUNTY,355,3 Years,4837,2491,2346,1061,546,515,144,73,71,176,92,84,3456,1780,1676
NUECES COUNTY,355,4 Years,4814,2423,2391,1018,512,506,153,76,77,190,93,97,3453,1742,1711
NUECES COUNTY,355,5 Years,4712,2355,2357,952,483,469,154,76,78,181,96,85,3425,1700,1725
NUECES COUNTY,355,6 Years,4804,2448,2356,968,489,479,173,95,78,180,85,95,3483,1779,1704
NUECES COUNTY,355,7 Years,4761,2481,2280,911,473,438,150,83,67,181,85,96,3519,1840,1679
NUECES COUNTY,355,8 Years,4864,2548,2316,933,498,435,137,79,58,186,96,90,3608,1875,1733
NUECES COUNTY,355,9 Years,4826,2495,2331,908,488,420,151,79,72,174,90,84,3593,1838,1755
NUECES COUNTY,355,10 Years,4804,2423,2381,983,502,481,141,71,70,159,81,78,3521,1769,1752
NUECES COUNTY,355,11 Years,4852,2461,2391,955,464,491,136,74,62,146,65,81,3615,1858,1757
NUECES COUNTY,355,12 Years,4993,2583,2410,958,493,465,157,76,81,150,62,88,3728,1952,1776
NUECES COUNTY,355,13 Years,5162,2687,2475,1049,562,487,157,78,79,159,78,81,3797,1969,1828
NUECES COUNTY,355,14 Years,5220,2641,2579,1057,521,536,169,80,89,174,97,77,3820,1943,1877
NUECES COUNTY,355,15 Years,5070,2592,2478,1035,512,523,170,85,85,165,94,71,3700,1901,1799
NUECES COUNTY,355,16 Years,5047,2595,2452,1034,532,502,190,100,90,157,78,79,3666,1885,1781
NUECES COUNTY,355,17 Years,5030,2535,2495,1037,531,506,199,101,98,152,71,81,3642,1832,1810
NUECES COUNTY,355,18 Years,5164,2604,2560,1137,569,568,190,90,100,152,75,77,3685,1870,1815
NUECES COUNTY,355,19 Years,5545,2759,2786,1314,612,702,229,109,120,179,83,96,3823,1955,1868
NUECES COUNTY,355,20 Years,5474,2823,2651,1308,662,646,234,112,122,176,78,98,3756,1971,1785
NUECES COUNTY,355,21 Years,5473,2804,2669,1339,660,679,217,105,112,182,78,104,3735,1961,1774
NUECES COUNTY,355,22 Years,5476,2806,2670,1338,665,673,185,106,79,177,84,93,3776,1951,1825
NUECES COUNTY,355,23 Years,5235,2670,2565,1316,676,640,193,110,83,207,101,106,3519,1783,1736
NUECES COUNTY,355,24 Years,5492,2804,2688,1631,873,758,208,107,101,212,107,105,3441,1717,1724
NUECES COUNTY,355,25 Years,5158,2584,2574,1474,706,768,203,111,92,187,98,89,3294,1669,1625
NUECES COUNTY,355,26 Years,5130,2641,2489,1452,756,696,187,100,87,190,93,97,3301,1692,1609
NUECES COUNTY,355,27 Years,5249,2688,2561,1550,813,737,173,91,82,172,82,90,3354,1702,1652
NUECES COUNTY,355,28 Years,4998,2479,2519,1456,744,712,176,102,74,174,80,94,3192,1553,1639
NUECES COUNTY,355,29 Years,4990,2509,2481,1425,742,683,182,104,78,175,80,95,3208,1583,1625
NUECES COUNTY,355,30 Years,4914,2477,2437,1445,757,688,183,107,76,161,68,93,3125,1545,1580
NUECES COUNTY,355,31 Years,5019,2514,2505,1445,770,675,181,101,80,164,78,86,3229,1565,1664
NUECES COUNTY,355,32 Years,4893,2495,2398,1379,730,649,179,104,75,165,83,82,3170,1578,1592
NUECES COUNTY,355,33 Years,4790,2395,2395,1345,696,649,173,100,73,174,73,101,3098,1526,1572
NUECES COUNTY,355,34 Years,4623,2330,2293,1310,683,627,154,91,63,164,76,88,2995,1480,1515
NUECES COUNTY,355,35 Years,4388,2212,2176,1235,649,586,169,96,73,153,70,83,2831,1397,1434
NUECES COUNTY,355,36 Years,4277,2117,2160,1153,593,560,162,88,74,169,78,91,2793,1358,1435
NUECES COUNTY,355,37 Years,4200,2044,2156,1081,545,536,147,77,70,178,75,103,2794,1347,1447
NUECES COUNTY,355,38 Years,4124,1998,2126,1041,539,502,148,77,71,189,83,106,2746,1299,1447
NUECES COUNTY,355,39 Years,4111,2040,2071,1051,552,499,151,86,65,192,94,98,2717,1308,1409
NUECES COUNTY,355,40 Years,4052,2007,2045,1048,545,503,141,78,63,197,94,103,2666,1290,1376
NUECES COUNTY,355,41 Years,4143,2046,2097,1083,572,511,151,72,79,181,84,97,2728,1318,1410
NUECES COUNTY,355,42 Years,4309,2086,2223,1152,572,580,138,78,60,210,87,123,2809,1349,1460
NUECES COUNTY,355,43 Years,4448,2171,2277,1260,654,606,146,81,65,201,92,109,2841,1344,1497
NUECES COUNTY,355,44 Years,4429,2191,2238,1313,668,645,154,84,70,160,71,89,2802,1368,1434
NUECES COUNTY,355,45 Years,4100,2012,2088,1268,660,608,133,67,66,142,62,80,2557,1223,1334
NUECES COUNTY,355,46 Years,4080,1966,2114,1231,617,614,130,64,66,147,66,81,2572,1219,1353
NUECES COUNTY,355,47 Years,4108,2010,2098,1252,644,608,136,69,67,123,50,73,2597,1247,1350
NUECES COUNTY,355,48 Years,4011,1995,2016,1277,652,625,134,71,63,114,49,65,2486,1223,1263
NUECES COUNTY,355,49 Years,4508,2223,2285,1450,718,732,186,104,82,144,67,77,2728,1334,1394
NUECES COUNTY,355,50 Years,4737,2281,2456,1665,844,821,175,92,83,140,59,81,2757,1286,1471
NUECES COUNTY,355,51 Years,4995,2382,2613,1776,883,893,186,96,90,129,54,75,2904,1349,1555
NUECES COUNTY,355,52 Years,4825,2375,2450,1750,878,872,183,98,85,123,55,68,2769,1344,1425
NUECES COUNTY,355,53 Years,4846,2363,2483,1834,932,902,172,93,79,146,75,71,2694,1263,1431
NUECES COUNTY,355,54 Years,5029,2462,2567,1896,969,927,188,93,95,147,61,86,2798,1339,1459
NUECES COUNTY,355,55 Years,4805,2355,2450,1865,925,940,179,86,93,122,49,73,2639,1295,1344
NUECES COUNTY,355,56 Years,4802,2345,2457,1869,928,941,172,89,83,123,55,68,2638,1273,1365
NUECES COUNTY,355,57 Years,4872,2349,2523,1925,968,957,198,100,98,137,65,72,2612,1216,1396
NUECES COUNTY,355,58 Years,4906,2402,2504,1954,1004,950,208,114,94,135,58,77,2609,1226,1383
NUECES COUNTY,355,59 Years,4832,2369,2463,2062,1043,1019,190,107,83,144,72,72,2436,1147,1289
NUECES COUNTY,355,60 Years,4616,2256,2360,2005,1006,999,181,89,92,128,53,75,2302,1108,1194
NUECES COUNTY,355,61 Years,4281,2126,2155,1827,935,892,163,90,73,108,37,71,2183,1064,1119
NUECES COUNTY,355,62 Years,4022,2011,2011,1745,894,851,138,76,62,105,48,57,2034,993,1041
NUECES COUNTY,355,63 Years,3849,1882,1967,1597,800,797,128,68,60,104,44,60,2020,970,1050
NUECES COUNTY,355,64 Years,3728,1811,1917,1519,776,743,145,71,74,109,48,61,1955,916,1039
NUECES COUNTY,355,65 Years,3653,1780,1873,1484,766,718,135,62,73,105,48,57,1929,904,1025
NUECES COUNTY,355,66 Years,3672,1802,1870,1551,815,736,128,65,63,108,45,63,1885,877,1008
NUECES COUNTY,355,67 Years,3503,1692,1811,1543,784,759,98,48,50,105,42,63,1757,818,939
NUECES COUNTY,355,68 Years,2979,1418,1561,1251,613,638,104,56,48,89,35,54,1535,714,821
NUECES COUNTY,355,69 Years,2830,1362,1468,1162,582,580,95,47,48,74,33,41,1499,700,799
NUECES COUNTY,355,70 Years,2619,1251,1368,1141,563,578,85,44,41,65,26,39,1328,618,710
NUECES COUNTY,355,71 Years,2399,1127,1272,1083,527,556,83,39,44,53,22,31,1180,539,641
NUECES COUNTY,355,72 Years,2239,1060,1179,968,505,463,86,41,45,50,21,29,1135,493,642
NUECES COUNTY,355,73 Years,2055,955,1100,904,455,449,66,30,36,51,20,31,1034,450,584
NUECES COUNTY,355,74 Years,1855,856,999,824,399,425,59,30,29,52,25,27,920,402,518
NUECES COUNTY,355,75 Years,1782,789,993,806,383,423,59,28,31,37,16,21,880,362,518
NUECES COUNTY,355,76 Years,1698,716,982,736,341,395,56,22,34,33,17,16,873,336,537
NUECES COUNTY,355,77 Years,1623,697,926,724,336,388,55,19,36,36,16,20,808,326,482
NUECES COUNTY,355,78 Years,1522,630,892,666,291,375,50,20,30,33,15,18,773,304,469
NUECES COUNTY,355,79 Years,1540,618,922,697,298,399,55,25,30,26,10,16,762,285,477
NUECES COUNTY,355,80 Years,1359,551,808,618,259,359,43,15,28,29,9,20,669,268,401
NUECES COUNTY,355,81 Years,1233,494,739,563,244,319,43,17,26,28,10,18,599,223,376
NUECES COUNTY,355,82 Years,1201,470,731,552,231,321,38,15,23,28,11,17,583,213,370
NUECES COUNTY,355,83 Years,1176,454,722,556,218,338,30,14,16,33,11,22,557,211,346
NUECES COUNTY,355,84 Years,1071,422,649,523,221,302,33,12,21,22,7,15,493,182,311
NUECES COUNTY,355,85 Years +,5827,2020,3807,2963,1071,1892,181,49,132,95,36,59,2588,864,1724
OCHILTREE COUNTY,357,All Ages,10999,5692,5307,4917,2454,2463,20,10,10,172,80,92,5890,3148,2742
OCHILTREE COUNTY,357,< 1 Year,188,94,94,44,23,21,0,0,0,4,2,2,140,69,71
OCHILTREE COUNTY,357,1 Years,185,92,93,51,25,26,1,0,1,3,1,2,130,66,64
OCHILTREE COUNTY,357,2 Years,177,89,88,49,26,23,1,0,1,3,1,2,124,62,62
OCHILTREE COUNTY,357,3 Years,174,88,86,51,27,24,0,0,0,2,1,1,121,60,61
OCHILTREE COUNTY,357,4 Years,191,96,95,50,32,18,0,0,0,3,3,0,138,61,77
OCHILTREE COUNTY,357,5 Years,190,106,84,56,38,18,1,0,1,1,1,0,132,67,65
OCHILTREE COUNTY,357,6 Years,198,116,82,53,31,22,1,1,0,3,2,1,141,82,59
OCHILTREE COUNTY,357,7 Years,200,104,96,56,24,32,1,1,0,2,0,2,141,79,62
OCHILTREE COUNTY,357,8 Years,211,108,103,65,35,30,0,0,0,1,0,1,145,73,72
OCHILTREE COUNTY,357,9 Years,216,103,113,59,29,30,0,0,0,1,0,1,156,74,82
OCHILTREE COUNTY,357,10 Years,224,106,118,73,31,42,1,0,1,2,1,1,148,74,74
OCHILTREE COUNTY,357,11 Years,199,105,94,59,30,29,1,0,1,5,3,2,134,72,62
OCHILTREE COUNTY,357,12 Years,186,94,92,55,29,26,0,0,0,3,2,1,128,63,65
OCHILTREE COUNTY,357,13 Years,201,111,90,61,38,23,0,0,0,5,3,2,135,70,65
OCHILTREE COUNTY,357,14 Years,190,108,82,53,29,24,1,0,1,4,3,1,132,76,56
OCHILTREE COUNTY,357,15 Years,191,99,92,60,27,33,0,0,0,4,2,2,127,70,57
OCHILTREE COUNTY,357,16 Years,166,95,71,55,29,26,0,0,0,1,0,1,110,66,44
OCHILTREE COUNTY,357,17 Years,169,92,77,66,34,32,0,0,0,2,1,1,101,57,44
OCHILTREE COUNTY,357,18 Years,169,99,70,67,37,30,0,0,0,5,3,2,97,59,38
OCHILTREE COUNTY,357,19 Years,155,90,65,59,30,29,0,0,0,3,1,2,93,59,34
OCHILTREE COUNTY,357,20 Years,147,76,71,51,26,25,0,0,0,4,1,3,92,49,43
OCHILTREE COUNTY,357,21 Years,140,79,61,54,29,25,0,0,0,3,2,1,83,48,35
OCHILTREE COUNTY,357,22 Years,158,86,72,59,30,29,1,1,0,2,0,2,96,55,41
OCHILTREE COUNTY,357,23 Years,127,59,68,46,20,26,0,0,0,2,1,1,79,38,41
OCHILTREE COUNTY,357,24 Years,137,64,73,56,25,31,0,0,0,2,1,1,79,38,41
OCHILTREE COUNTY,357,25 Years,133,67,66,50,24,26,0,0,0,2,1,1,81,42,39
OCHILTREE COUNTY,357,26 Years,144,75,69,53,27,26,0,0,0,3,1,2,88,47,41
OCHILTREE COUNTY,357,27 Years,144,74,70,47,24,23,1,1,0,2,1,1,94,48,46
OCHILTREE COUNTY,357,28 Years,124,66,58,48,21,27,0,0,0,1,1,0,75,44,31
OCHILTREE COUNTY,357,29 Years,163,86,77,67,33,34,0,0,0,4,2,2,92,51,41
OCHILTREE COUNTY,357,30 Years,138,76,62,59,31,28,0,0,0,3,1,2,76,44,32
OCHILTREE COUNTY,357,31 Years,145,80,65,60,31,29,0,0,0,1,1,0,84,48,36
OCHILTREE COUNTY,357,32 Years,163,89,74,65,37,28,1,1,0,1,1,0,96,50,46
OCHILTREE COUNTY,357,33 Years,150,79,71,53,30,23,1,1,0,1,1,0,95,47,48
OCHILTREE COUNTY,357,34 Years,143,85,58,46,28,18,0,0,0,3,1,2,94,56,38
OCHILTREE COUNTY,357,35 Years,162,86,76,53,27,26,1,1,0,2,1,1,106,57,49
OCHILTREE COUNTY,357,36 Years,167,84,83,55,26,29,1,1,0,2,1,1,109,56,53
OCHILTREE COUNTY,357,37 Years,152,81,71,44,19,25,0,0,0,4,2,2,104,60,44
OCHILTREE COUNTY,357,38 Years,145,79,66,45,18,27,0,0,0,2,2,0,98,59,39
OCHILTREE COUNTY,357,39 Years,155,82,73,58,27,31,0,0,0,1,1,0,96,54,42
OCHILTREE COUNTY,357,40 Years,152,87,65,61,36,25,0,0,0,0,0,0,91,51,40
OCHILTREE COUNTY,357,41 Years,130,72,58,50,27,23,0,0,0,0,0,0,80,45,35
OCHILTREE COUNTY,357,42 Years,131,78,53,45,27,18,1,0,1,1,1,0,84,50,34
OCHILTREE COUNTY,357,43 Years,128,66,62,51,25,26,1,0,1,1,0,1,75,41,34
OCHILTREE COUNTY,357,44 Years,129,65,64,55,26,29,0,0,0,1,0,1,73,39,34
OCHILTREE COUNTY,357,45 Years,117,59,58,48,22,26,0,0,0,2,2,0,67,35,32
OCHILTREE COUNTY,357,46 Years,120,59,61,48,22,26,0,0,0,4,1,3,68,36,32
OCHILTREE COUNTY,357,47 Years,113,58,55,56,28,28,1,1,0,1,0,1,55,29,26
OCHILTREE COUNTY,357,48 Years,129,64,65,57,29,28,1,1,0,1,0,1,70,34,36
OCHILTREE COUNTY,357,49 Years,127,63,64,64,33,31,0,0,0,6,2,4,57,28,29
OCHILTREE COUNTY,357,50 Years,129,69,60,73,33,40,0,0,0,3,1,2,53,35,18
OCHILTREE COUNTY,357,51 Years,138,69,69,88,41,47,1,0,1,2,1,1,47,27,20
OCHILTREE COUNTY,357,52 Years,143,69,74,88,47,41,1,0,1,3,2,1,51,20,31
OCHILTREE COUNTY,357,53 Years,149,80,69,88,48,40,0,0,0,1,1,0,60,31,29
OCHILTREE COUNTY,357,54 Years,148,76,72,88,45,43,0,0,0,5,3,2,55,28,27
OCHILTREE COUNTY,357,55 Years,127,61,66,74,39,35,0,0,0,6,2,4,47,20,27
OCHILTREE COUNTY,357,56 Years,126,60,66,78,36,42,0,0,0,4,1,3,44,23,21
OCHILTREE COUNTY,357,57 Years,128,71,57,89,49,40,0,0,0,1,0,1,38,22,16
OCHILTREE COUNTY,357,58 Years,125,63,62,84,43,41,0,0,0,3,1,2,38,19,19
OCHILTREE COUNTY,357,59 Years,130,70,60,89,48,41,0,0,0,2,1,1,39,21,18
OCHILTREE COUNTY,357,60 Years,110,55,55,78,39,39,0,0,0,1,1,0,31,15,16
OCHILTREE COUNTY,357,61 Years,103,48,55,77,34,43,0,0,0,0,0,0,26,14,12
OCHILTREE COUNTY,357,62 Years,107,52,55,85,39,46,0,0,0,0,0,0,22,13,9
OCHILTREE COUNTY,357,63 Years,89,49,40,71,37,34,0,0,0,0,0,0,18,12,6
OCHILTREE COUNTY,357,64 Years,84,46,38,62,34,28,0,0,0,0,0,0,22,12,10
OCHILTREE COUNTY,357,65 Years,86,43,43,66,31,35,0,0,0,2,1,1,18,11,7
OCHILTREE COUNTY,357,66 Years,88,49,39,76,41,35,0,0,0,1,0,1,11,8,3
OCHILTREE COUNTY,357,67 Years,83,47,36,68,38,30,0,0,0,1,0,1,14,9,5
OCHILTREE COUNTY,357,68 Years,69,38,31,50,27,23,0,0,0,3,1,2,16,10,6
OCHILTREE COUNTY,357,69 Years,70,31,39,52,24,28,0,0,0,1,0,1,17,7,10
OCHILTREE COUNTY,357,70 Years,62,30,32,50,23,27,0,0,0,0,0,0,12,7,5
OCHILTREE COUNTY,357,71 Years,61,30,31,49,23,26,0,0,0,0,0,0,12,7,5
OCHILTREE COUNTY,357,72 Years,53,23,30,44,18,26,0,0,0,1,0,1,8,5,3
OCHILTREE COUNTY,357,73 Years,55,21,34,49,19,30,0,0,0,2,1,1,4,1,3
OCHILTREE COUNTY,357,74 Years,50,21,29,43,17,26,0,0,0,1,1,0,6,3,3
OCHILTREE COUNTY,357,75 Years,42,17,25,35,14,21,0,0,0,1,0,1,6,3,3
OCHILTREE COUNTY,357,76 Years,40,21,19,34,18,16,0,0,0,0,0,0,6,3,3
OCHILTREE COUNTY,357,77 Years,36,20,16,24,14,10,0,0,0,1,0,1,11,6,5
OCHILTREE COUNTY,357,78 Years,36,15,21,25,10,15,0,0,0,0,0,0,11,5,6
OCHILTREE COUNTY,357,79 Years,42,16,26,34,14,20,0,0,0,2,0,2,6,2,4
OCHILTREE COUNTY,357,80 Years,37,14,23,31,13,18,0,0,0,1,0,1,5,1,4
OCHILTREE COUNTY,357,81 Years,34,16,18,27,14,13,0,0,0,0,0,0,7,2,5
OCHILTREE COUNTY,357,82 Years,32,12,20,26,9,17,0,0,0,2,1,1,4,2,2
OCHILTREE COUNTY,357,83 Years,39,14,25,34,11,23,0,0,0,1,1,0,4,2,2
OCHILTREE COUNTY,357,84 Years,25,9,16,21,8,13,0,0,0,1,0,1,3,1,2
OCHILTREE COUNTY,357,85 Years +,130,48,82,121,44,77,0,0,0,1,1,0,8,3,5
OLDHAM COUNTY,359,All Ages,2067,1045,1022,1706,870,836,59,29,30,44,14,30,258,132,126
OLDHAM COUNTY,359,< 1 Year,25,13,12,22,11,11,0,0,0,0,0,0,3,2,1
OLDHAM COUNTY,359,1 Years,24,11,13,21,9,12,0,0,0,0,0,0,3,2,1
OLDHAM COUNTY,359,2 Years,24,13,11,22,11,11,0,0,0,0,0,0,2,2,0
OLDHAM COUNTY,359,3 Years,18,8,10,15,7,8,0,0,0,1,0,1,2,1,1
OLDHAM COUNTY,359,4 Years,19,12,7,15,9,6,2,1,1,0,0,0,2,2,0
OLDHAM COUNTY,359,5 Years,21,8,13,15,8,7,1,0,1,1,0,1,4,0,4
OLDHAM COUNTY,359,6 Years,19,11,8,13,9,4,2,2,0,1,0,1,3,0,3
OLDHAM COUNTY,359,7 Years,20,9,11,15,7,8,1,0,1,1,0,1,3,2,1
OLDHAM COUNTY,359,8 Years,20,11,9,16,9,7,1,0,1,0,0,0,3,2,1
OLDHAM COUNTY,359,9 Years,26,14,12,23,13,10,0,0,0,0,0,0,3,1,2
OLDHAM COUNTY,359,10 Years,32,12,20,26,11,15,1,0,1,2,0,2,3,1,2
OLDHAM COUNTY,359,11 Years,31,15,16,25,12,13,0,0,0,1,0,1,5,3,2
OLDHAM COUNTY,359,12 Years,34,16,18,30,16,14,3,0,3,0,0,0,1,0,1
OLDHAM COUNTY,359,13 Years,36,19,17,30,17,13,1,0,1,0,0,0,5,2,3
OLDHAM COUNTY,359,14 Years,32,19,13,27,16,11,1,1,0,0,0,0,4,2,2
OLDHAM COUNTY,359,15 Years,42,29,13,33,23,10,3,3,0,0,0,0,6,3,3
OLDHAM COUNTY,359,16 Years,42,25,17,35,20,15,1,1,0,0,0,0,6,4,2
OLDHAM COUNTY,359,17 Years,53,33,20,36,22,14,5,3,2,1,0,1,11,8,3
OLDHAM COUNTY,359,18 Years,66,43,23,39,27,12,5,3,2,4,1,3,18,12,6
OLDHAM COUNTY,359,19 Years,64,44,20,40,28,12,6,4,2,4,2,2,14,10,4
OLDHAM COUNTY,359,20 Years,63,44,19,43,31,12,8,5,3,1,1,0,11,7,4
OLDHAM COUNTY,359,21 Years,49,31,18,32,21,11,4,1,3,3,2,1,10,7,3
OLDHAM COUNTY,359,22 Years,43,27,16,32,21,11,3,2,1,0,0,0,8,4,4
OLDHAM COUNTY,359,23 Years,21,11,10,17,9,8,1,1,0,0,0,0,3,1,2
OLDHAM COUNTY,359,24 Years,10,5,5,6,3,3,1,0,1,0,0,0,3,2,1
OLDHAM COUNTY,359,25 Years,14,7,7,10,6,4,1,0,1,1,1,0,2,0,2
OLDHAM COUNTY,359,26 Years,12,7,5,9,6,3,0,0,0,0,0,0,3,1,2
OLDHAM COUNTY,359,27 Years,7,4,3,5,3,2,0,0,0,0,0,0,2,1,1
OLDHAM COUNTY,359,28 Years,15,5,10,12,4,8,0,0,0,0,0,0,3,1,2
OLDHAM COUNTY,359,29 Years,21,8,13,17,6,11,1,1,0,0,0,0,3,1,2
OLDHAM COUNTY,359,30 Years,16,7,9,14,6,8,0,0,0,0,0,0,2,1,1
OLDHAM COUNTY,359,31 Years,15,7,8,12,5,7,0,0,0,0,0,0,3,2,1
OLDHAM COUNTY,359,32 Years,18,8,10,15,7,8,1,0,1,0,0,0,2,1,1
OLDHAM COUNTY,359,33 Years,20,4,16,17,3,14,0,0,0,0,0,0,3,1,2
OLDHAM COUNTY,359,34 Years,24,10,14,22,9,13,0,0,0,0,0,0,2,1,1
OLDHAM COUNTY,359,35 Years,28,12,16,27,12,15,1,0,1,0,0,0,0,0,0
OLDHAM COUNTY,359,36 Years,23,11,12,20,10,10,0,0,0,0,0,0,3,1,2
OLDHAM COUNTY,359,37 Years,21,11,10,18,10,8,0,0,0,1,0,1,2,1,1
OLDHAM COUNTY,359,38 Years,19,9,10,15,8,7,0,0,0,1,0,1,3,1,2
OLDHAM COUNTY,359,39 Years,20,9,11,17,7,10,1,1,0,0,0,0,2,1,1
OLDHAM COUNTY,359,40 Years,24,11,13,23,10,13,0,0,0,0,0,0,1,1,0
OLDHAM COUNTY,359,41 Years,23,11,12,20,10,10,1,0,1,0,0,0,2,1,1
OLDHAM COUNTY,359,42 Years,27,15,12,23,14,9,0,0,0,3,1,2,1,0,1
OLDHAM COUNTY,359,43 Years,24,11,13,19,9,10,0,0,0,3,1,2,2,1,1
OLDHAM COUNTY,359,44 Years,24,12,12,20,11,9,0,0,0,1,0,1,3,1,2
OLDHAM COUNTY,359,45 Years,30,11,19,27,11,16,1,0,1,0,0,0,2,0,2
OLDHAM COUNTY,359,46 Years,22,10,12,20,8,12,0,0,0,0,0,0,2,2,0
OLDHAM COUNTY,359,47 Years,13,4,9,12,4,8,0,0,0,0,0,0,1,0,1
OLDHAM COUNTY,359,48 Years,14,5,9,12,4,8,0,0,0,0,0,0,2,1,1
OLDHAM COUNTY,359,49 Years,22,9,13,21,8,13,0,0,0,0,0,0,1,1,0
OLDHAM COUNTY,359,50 Years,32,15,17,29,13,16,0,0,0,0,0,0,3,2,1
OLDHAM COUNTY,359,51 Years,33,21,12,29,18,11,0,0,0,1,1,0,3,2,1
OLDHAM COUNTY,359,52 Years,21,11,10,18,10,8,0,0,0,0,0,0,3,1,2
OLDHAM COUNTY,359,53 Years,26,10,16,22,9,13,0,0,0,0,0,0,4,1,3
OLDHAM COUNTY,359,54 Years,25,10,15,21,9,12,0,0,0,0,0,0,4,1,3
OLDHAM COUNTY,359,55 Years,27,12,15,21,10,11,0,0,0,1,0,1,5,2,3
OLDHAM COUNTY,359,56 Years,32,15,17,28,14,14,0,0,0,1,0,1,3,1,2
OLDHAM COUNTY,359,57 Years,34,13,21,30,13,17,1,0,1,1,0,1,2,0,2
OLDHAM COUNTY,359,58 Years,27,15,12,24,12,12,0,0,0,1,1,0,2,2,0
OLDHAM COUNTY,359,59 Years,39,21,18,33,17,16,0,0,0,1,0,1,5,4,1
OLDHAM COUNTY,359,60 Years,24,10,14,20,9,11,0,0,0,0,0,0,4,1,3
OLDHAM COUNTY,359,61 Years,19,7,12,15,6,9,0,0,0,2,0,2,2,1,1
OLDHAM COUNTY,359,62 Years,24,11,13,22,10,12,1,0,1,0,0,0,1,1,0
OLDHAM COUNTY,359,63 Years,21,8,13,19,7,12,0,0,0,0,0,0,2,1,1
OLDHAM COUNTY,359,64 Years,22,12,10,22,12,10,0,0,0,0,0,0,0,0,0
OLDHAM COUNTY,359,65 Years,27,15,12,24,15,9,0,0,0,1,0,1,2,0,2
OLDHAM COUNTY,359,66 Years,29,13,16,26,13,13,0,0,0,1,0,1,2,0,2
OLDHAM COUNTY,359,67 Years,22,10,12,18,9,9,0,0,0,1,0,1,3,1,2
OLDHAM COUNTY,359,68 Years,20,11,9,16,9,7,0,0,0,0,0,0,4,2,2
OLDHAM COUNTY,359,69 Years,17,9,8,14,7,7,0,0,0,0,0,0,3,2,1
OLDHAM COUNTY,359,70 Years,22,11,11,20,9,11,0,0,0,0,0,0,2,2,0
OLDHAM COUNTY,359,71 Years,16,8,8,14,6,8,0,0,0,1,1,0,1,1,0
OLDHAM COUNTY,359,72 Years,10,3,7,9,3,6,0,0,0,0,0,0,1,0,1
OLDHAM COUNTY,359,73 Years,12,6,6,11,5,6,0,0,0,1,1,0,0,0,0
OLDHAM COUNTY,359,74 Years,14,5,9,14,5,9,0,0,0,0,0,0,0,0,0
OLDHAM COUNTY,359,75 Years,15,4,11,14,4,10,0,0,0,0,0,0,1,0,1
OLDHAM COUNTY,359,76 Years,11,6,5,10,6,4,0,0,0,0,0,0,1,0,1
OLDHAM COUNTY,359,77 Years,16,9,7,13,8,5,0,0,0,0,0,0,3,1,2
OLDHAM COUNTY,359,78 Years,14,9,5,12,7,5,0,0,0,1,1,0,1,1,0
OLDHAM COUNTY,359,79 Years,12,5,7,12,5,7,0,0,0,0,0,0,0,0,0
OLDHAM COUNTY,359,80 Years,10,4,6,10,4,6,0,0,0,0,0,0,0,0,0
OLDHAM COUNTY,359,81 Years,7,3,4,6,3,3,0,0,0,0,0,0,1,0,1
OLDHAM COUNTY,359,82 Years,6,2,4,6,2,4,0,0,0,0,0,0,0,0,0
OLDHAM COUNTY,359,83 Years,9,4,5,9,4,5,0,0,0,0,0,0,0,0,0
OLDHAM COUNTY,359,84 Years,7,4,3,7,4,3,0,0,0,0,0,0,0,0,0
OLDHAM COUNTY,359,85 Years +,35,12,23,33,12,21,0,0,0,0,0,0,2,0,2
ORANGE COUNTY,361,All Ages,82622,41254,41368,66952,33314,33638,7202,3474,3728,2674,1346,1328,5794,3120,2674
ORANGE COUNTY,361,< 1 Year,1090,554,536,804,403,401,113,62,51,60,32,28,113,57,56
ORANGE COUNTY,361,1 Years,1062,535,527,777,390,387,102,51,51,63,33,30,120,61,59
ORANGE COUNTY,361,2 Years,1031,524,507,744,376,368,100,49,51,64,33,31,123,66,57
ORANGE COUNTY,361,3 Years,1008,513,495,726,378,348,94,43,51,62,31,31,126,61,65
ORANGE COUNTY,361,4 Years,1008,507,501,747,377,370,87,48,39,56,25,31,118,57,61
ORANGE COUNTY,361,5 Years,1098,559,539,824,413,411,84,45,39,58,33,25,132,68,64
ORANGE COUNTY,361,6 Years,1131,584,547,829,420,409,114,61,53,63,37,26,125,66,59
ORANGE COUNTY,361,7 Years,1138,586,552,850,451,399,111,52,59,60,30,30,117,53,64
ORANGE COUNTY,361,8 Years,1124,589,535,830,433,397,105,58,47,65,38,27,124,60,64
ORANGE COUNTY,361,9 Years,1139,595,544,861,442,419,107,57,50,46,28,18,125,68,57
ORANGE COUNTY,361,10 Years,1183,629,554,892,465,427,119,65,54,47,27,20,125,72,53
ORANGE COUNTY,361,11 Years,1183,622,561,874,451,423,114,59,55,55,27,28,140,85,55
ORANGE COUNTY,361,12 Years,1141,600,541,862,453,409,97,48,49,51,27,24,131,72,59
ORANGE COUNTY,361,13 Years,1148,604,544,868,457,411,115,59,56,52,28,24,113,60,53
ORANGE COUNTY,361,14 Years,1186,610,576,896,456,440,123,66,57,52,26,26,115,62,53
ORANGE COUNTY,361,15 Years,1216,606,610,932,470,462,125,62,63,47,23,24,112,51,61
ORANGE COUNTY,361,16 Years,1177,618,559,891,470,421,124,61,63,44,23,21,118,64,54
ORANGE COUNTY,361,17 Years,1210,633,577,928,475,453,133,76,57,44,20,24,105,62,43
ORANGE COUNTY,361,18 Years,1158,599,559,858,438,420,143,77,66,42,20,22,115,64,51
ORANGE COUNTY,361,19 Years,1044,572,472,765,417,348,133,76,57,47,25,22,99,54,45
ORANGE COUNTY,361,20 Years,1054,550,504,764,403,361,136,66,70,46,25,21,108,56,52
ORANGE COUNTY,361,21 Years,1070,566,504,792,412,380,140,81,59,46,23,23,92,50,42
ORANGE COUNTY,361,22 Years,1014,550,464,753,403,350,123,68,55,39,20,19,99,59,40
ORANGE COUNTY,361,23 Years,1055,543,512,821,420,401,110,57,53,32,17,15,92,49,43
ORANGE COUNTY,361,24 Years,1026,548,478,820,438,382,93,49,44,34,19,15,79,42,37
ORANGE COUNTY,361,25 Years,997,515,482,792,400,392,91,48,43,27,15,12,87,52,35
ORANGE COUNTY,361,26 Years,931,459,472,740,357,383,80,42,38,21,7,14,90,53,37
ORANGE COUNTY,361,27 Years,915,449,466,731,356,375,84,36,48,22,10,12,78,47,31
ORANGE COUNTY,361,28 Years,907,468,439,727,374,353,80,38,42,28,16,12,72,40,32
ORANGE COUNTY,361,29 Years,910,454,456,723,356,367,93,47,46,21,9,12,73,42,31
ORANGE COUNTY,361,30 Years,890,442,448,700,343,357,75,35,40,26,14,12,89,50,39
ORANGE COUNTY,361,31 Years,906,463,443,724,367,357,74,38,36,19,10,9,89,48,41
ORANGE COUNTY,361,32 Years,935,471,464,747,376,371,72,35,37,22,14,8,94,46,48
ORANGE COUNTY,361,33 Years,988,489,499,801,397,404,72,35,37,24,12,12,91,45,46
ORANGE COUNTY,361,34 Years,998,490,508,801,396,405,85,35,50,25,13,12,87,46,41
ORANGE COUNTY,361,35 Years,978,489,489,786,389,397,89,40,49,27,15,12,76,45,31
ORANGE COUNTY,361,36 Years,954,489,465,768,391,377,75,30,45,26,17,9,85,51,34
ORANGE COUNTY,361,37 Years,983,502,481,789,402,387,79,31,48,29,16,13,86,53,33
ORANGE COUNTY,361,38 Years,935,468,467,734,365,369,90,40,50,36,16,20,75,47,28
ORANGE COUNTY,361,39 Years,981,464,517,777,364,413,89,43,46,36,11,25,79,46,33
ORANGE COUNTY,361,40 Years,1013,486,527,822,389,433,76,38,38,34,15,19,81,44,37
ORANGE COUNTY,361,41 Years,1013,497,516,824,400,424,84,38,46,34,18,16,71,41,30
ORANGE COUNTY,361,42 Years,1062,542,520,868,451,417,88,37,51,33,13,20,73,41,32
ORANGE COUNTY,361,43 Years,1116,574,542,915,486,429,98,42,56,34,12,22,69,34,35
ORANGE COUNTY,361,44 Years,1067,555,512,878,457,421,79,39,40,32,17,15,78,42,36
ORANGE COUNTY,361,45 Years,1013,533,480,838,439,399,81,37,44,33,23,10,61,34,27
ORANGE COUNTY,361,46 Years,1050,546,504,870,457,413,94,43,51,31,20,11,55,26,29
ORANGE COUNTY,361,47 Years,1100,565,535,928,481,447,87,42,45,30,16,14,55,26,29
ORANGE COUNTY,361,48 Years,1113,560,553,920,464,456,104,48,56,29,16,13,60,32,28
ORANGE COUNTY,361,49 Years,1146,562,584,957,467,490,105,48,57,28,15,13,56,32,24
ORANGE COUNTY,361,50 Years,1260,590,670,1071,502,569,92,43,49,31,15,16,66,30,36
ORANGE COUNTY,361,51 Years,1258,633,625,1080,544,536,86,47,39,34,14,20,58,28,30
ORANGE COUNTY,361,52 Years,1259,650,609,1079,561,518,99,51,48,29,11,18,52,27,25
ORANGE COUNTY,361,53 Years,1263,635,628,1078,542,536,100,48,52,36,19,17,49,26,23
ORANGE COUNTY,361,54 Years,1276,647,629,1089,557,532,100,42,58,36,18,18,51,30,21
ORANGE COUNTY,361,55 Years,1271,625,646,1084,539,545,108,49,59,30,11,19,49,26,23
ORANGE COUNTY,361,56 Years,1301,647,654,1113,565,548,109,48,61,30,10,20,49,24,25
ORANGE COUNTY,361,57 Years,1233,608,625,1053,526,527,103,44,59,33,14,19,44,24,20
ORANGE COUNTY,361,58 Years,1134,569,565,966,490,476,98,40,58,36,15,21,34,24,10
ORANGE COUNTY,361,59 Years,1134,548,586,974,471,503,92,35,57,32,16,16,36,26,10
ORANGE COUNTY,361,60 Years,1081,528,553,926,450,476,89,45,44,29,12,17,37,21,16
ORANGE COUNTY,361,61 Years,994,495,499,859,424,435,77,40,37,24,11,13,34,20,14
ORANGE COUNTY,361,62 Years,1011,495,516,878,432,446,73,33,40,26,12,14,34,18,16
ORANGE COUNTY,361,63 Years,980,477,503,849,415,434,74,32,42,24,12,12,33,18,15
ORANGE COUNTY,361,64 Years,932,446,486,819,391,428,62,28,34,20,10,10,31,17,14
ORANGE COUNTY,361,65 Years,883,433,450,770,380,390,69,30,39,23,11,12,21,12,9
ORANGE COUNTY,361,66 Years,910,452,458,791,393,398,72,35,37,23,10,13,24,14,10
ORANGE COUNTY,361,67 Years,858,412,446,745,356,389,72,35,37,13,4,9,28,17,11
ORANGE COUNTY,361,68 Years,708,345,363,616,299,317,61,31,30,12,5,7,19,10,9
ORANGE COUNTY,361,69 Years,679,320,359,590,279,311,54,25,29,12,5,7,23,11,12
ORANGE COUNTY,361,70 Years,710,334,376,635,299,336,49,22,27,11,7,4,15,6,9
ORANGE COUNTY,361,71 Years,676,326,350,599,286,313,47,23,24,16,10,6,14,7,7
ORANGE COUNTY,361,72 Years,645,322,323,571,286,285,41,21,20,14,7,7,19,8,11
ORANGE COUNTY,361,73 Years,586,257,329,524,235,289,38,13,25,9,1,8,15,8,7
ORANGE COUNTY,361,74 Years,503,223,280,447,203,244,33,10,23,8,4,4,15,6,9
ORANGE COUNTY,361,75 Years,521,235,286,462,205,257,35,16,19,8,7,1,16,7,9
ORANGE COUNTY,361,76 Years,490,205,285,433,180,253,33,12,21,11,8,3,13,5,8
ORANGE COUNTY,361,77 Years,462,216,246,406,193,213,36,14,22,9,5,4,11,4,7
ORANGE COUNTY,361,78 Years,464,207,257,416,185,231,26,11,15,7,3,4,15,8,7
ORANGE COUNTY,361,79 Years,438,207,231,391,191,200,24,7,17,5,1,4,18,8,10
ORANGE COUNTY,361,80 Years,376,173,203,337,159,178,22,6,16,5,1,4,12,7,5
ORANGE COUNTY,361,81 Years,356,165,191,315,144,171,21,10,11,7,3,4,13,8,5
ORANGE COUNTY,361,82 Years,333,136,197,297,121,176,20,7,13,6,3,3,10,5,5
ORANGE COUNTY,361,83 Years,323,129,194,290,115,175,18,5,13,6,3,3,9,6,3
ORANGE COUNTY,361,84 Years,295,117,178,268,104,164,12,5,7,7,4,3,8,4,4
ORANGE COUNTY,361,85 Years +,1424,519,905,1263,457,806,88,30,58,30,14,16,43,18,25
PALO PINTO COUNTY,363,All Ages,28689,14209,14480,21818,10695,11123,620,328,292,597,305,292,5654,2881,2773
PALO PINTO COUNTY,363,< 1 Year,353,175,178,216,109,107,8,5,3,9,5,4,120,56,64
PALO PINTO COUNTY,363,1 Years,364,185,179,222,112,110,10,5,5,10,7,3,122,61,61
PALO PINTO COUNTY,363,2 Years,367,192,175,222,118,104,8,3,5,9,7,2,128,64,64
PALO PINTO COUNTY,363,3 Years,363,198,165,221,122,99,11,7,4,9,6,3,122,63,59
PALO PINTO COUNTY,363,4 Years,385,203,182,237,121,116,14,10,4,6,6,0,128,66,62
PALO PINTO COUNTY,363,5 Years,355,185,170,220,117,103,14,9,5,7,4,3,114,55,59
PALO PINTO COUNTY,363,6 Years,371,192,179,240,129,111,15,6,9,9,2,7,107,55,52
PALO PINTO COUNTY,363,7 Years,402,204,198,259,132,127,10,6,4,13,6,7,120,60,60
PALO PINTO COUNTY,363,8 Years,392,197,195,243,132,111,9,2,7,16,8,8,124,55,69
PALO PINTO COUNTY,363,9 Years,391,200,191,240,127,113,11,6,5,14,5,9,126,62,64
PALO PINTO COUNTY,363,10 Years,360,187,173,224,123,101,9,5,4,10,4,6,117,55,62
PALO PINTO COUNTY,363,11 Years,381,195,186,248,136,112,7,3,4,7,4,3,119,52,67
PALO PINTO COUNTY,363,12 Years,369,181,188,241,121,120,8,5,3,8,4,4,112,51,61
PALO PINTO COUNTY,363,13 Years,398,201,197,252,136,116,12,6,6,13,8,5,121,51,70
PALO PINTO COUNTY,363,14 Years,439,219,220,276,139,137,15,7,8,12,7,5,136,66,70
PALO PINTO COUNTY,363,15 Years,414,209,205,259,129,130,9,5,4,13,7,6,133,68,65
PALO PINTO COUNTY,363,16 Years,416,225,191,258,145,113,12,5,7,10,5,5,136,70,66
PALO PINTO COUNTY,363,17 Years,401,215,186,254,135,119,11,8,3,11,8,3,125,64,61
PALO PINTO COUNTY,363,18 Years,400,215,185,250,128,122,11,8,3,11,6,5,128,73,55
PALO PINTO COUNTY,363,19 Years,356,186,170,215,111,104,9,5,4,8,5,3,124,65,59
PALO PINTO COUNTY,363,20 Years,333,171,162,212,105,107,8,5,3,7,4,3,106,57,49
PALO PINTO COUNTY,363,21 Years,360,193,167,243,129,114,6,4,2,9,4,5,102,56,46
PALO PINTO COUNTY,363,22 Years,336,173,163,231,119,112,7,4,3,7,3,4,91,47,44
PALO PINTO COUNTY,363,23 Years,331,154,177,233,109,124,7,3,4,6,3,3,85,39,46
PALO PINTO COUNTY,363,24 Years,330,158,172,232,108,124,8,5,3,6,3,3,84,42,42
PALO PINTO COUNTY,363,25 Years,307,153,154,220,104,116,6,4,2,5,4,1,76,41,35
PALO PINTO COUNTY,363,26 Years,315,153,162,218,100,118,6,4,2,5,4,1,86,45,41
PALO PINTO COUNTY,363,27 Years,296,156,140,218,113,105,5,4,1,2,2,0,71,37,34
PALO PINTO COUNTY,363,28 Years,292,160,132,214,115,99,9,6,3,2,2,0,67,37,30
PALO PINTO COUNTY,363,29 Years,271,133,138,194,93,101,5,1,4,7,3,4,65,36,29
PALO PINTO COUNTY,363,30 Years,286,159,127,203,112,91,7,4,3,10,6,4,66,37,29
PALO PINTO COUNTY,363,31 Years,297,145,152,206,94,112,7,3,4,9,5,4,75,43,32
PALO PINTO COUNTY,363,32 Years,292,137,155,208,94,114,8,4,4,7,4,3,69,35,34
PALO PINTO COUNTY,363,33 Years,299,147,152,205,96,109,6,3,3,5,3,2,83,45,38
PALO PINTO COUNTY,363,34 Years,290,139,151,214,96,118,8,5,3,7,6,1,61,32,29
PALO PINTO COUNTY,363,35 Years,298,145,153,213,100,113,8,5,3,9,5,4,68,35,33
PALO PINTO COUNTY,363,36 Years,299,146,153,214,103,111,8,4,4,9,4,5,68,35,33
PALO PINTO COUNTY,363,37 Years,306,159,147,226,117,109,7,5,2,5,3,2,68,34,34
PALO PINTO COUNTY,363,38 Years,301,144,157,218,106,112,6,4,2,2,1,1,75,33,42
PALO PINTO COUNTY,363,39 Years,306,141,165,225,105,120,3,1,2,4,3,1,74,32,42
PALO PINTO COUNTY,363,40 Years,316,150,166,229,106,123,7,5,2,10,4,6,70,35,35
PALO PINTO COUNTY,363,41 Years,309,147,162,223,100,123,7,6,1,9,4,5,70,37,33
PALO PINTO COUNTY,363,42 Years,306,152,154,231,112,119,5,3,2,5,2,3,65,35,30
PALO PINTO COUNTY,363,43 Years,331,158,173,251,127,124,4,1,3,7,2,5,69,28,41
PALO PINTO COUNTY,363,44 Years,370,185,185,287,142,145,5,2,3,5,2,3,73,39,34
PALO PINTO COUNTY,363,45 Years,323,168,155,241,121,120,5,3,2,4,3,1,73,41,32
PALO PINTO COUNTY,363,46 Years,333,169,164,265,137,128,7,3,4,2,2,0,59,27,32
PALO PINTO COUNTY,363,47 Years,353,171,182,277,134,143,7,5,2,4,2,2,65,30,35
PALO PINTO COUNTY,363,48 Years,317,156,161,242,122,120,6,5,1,6,2,4,63,27,36
PALO PINTO COUNTY,363,49 Years,382,180,202,304,141,163,8,5,3,8,3,5,62,31,31
PALO PINTO COUNTY,363,50 Years,403,195,208,328,155,173,6,3,3,9,3,6,60,34,26
PALO PINTO COUNTY,363,51 Years,409,191,218,342,154,188,8,3,5,5,2,3,54,32,22
PALO PINTO COUNTY,363,52 Years,431,222,209,352,175,177,13,7,6,7,4,3,59,36,23
PALO PINTO COUNTY,363,53 Years,435,223,212,365,181,184,9,4,5,4,2,2,57,36,21
PALO PINTO COUNTY,363,54 Years,442,210,232,376,176,200,11,5,6,7,3,4,48,26,22
PALO PINTO COUNTY,363,55 Years,410,200,210,347,169,178,7,4,3,6,1,5,50,26,24
PALO PINTO COUNTY,363,56 Years,425,204,221,357,166,191,9,5,4,7,5,2,52,28,24
PALO PINTO COUNTY,363,57 Years,444,214,230,391,185,206,9,4,5,9,5,4,35,20,15
PALO PINTO COUNTY,363,58 Years,462,228,234,404,193,211,14,8,6,9,4,5,35,23,12
PALO PINTO COUNTY,363,59 Years,429,206,223,383,182,201,12,4,8,7,3,4,27,17,10
PALO PINTO COUNTY,363,60 Years,401,203,198,352,178,174,9,1,8,5,3,2,35,21,14
PALO PINTO COUNTY,363,61 Years,387,198,189,336,174,162,5,2,3,8,3,5,38,19,19
PALO PINTO COUNTY,363,62 Years,358,174,184,310,150,160,7,4,3,7,4,3,34,16,18
PALO PINTO COUNTY,363,63 Years,366,185,181,322,161,161,4,3,1,6,3,3,34,18,16
PALO PINTO COUNTY,363,64 Years,393,193,200,343,165,178,7,3,4,7,2,5,36,23,13
PALO PINTO COUNTY,363,65 Years,355,173,182,305,145,160,6,3,3,10,2,8,34,23,11
PALO PINTO COUNTY,363,66 Years,394,189,205,349,168,181,6,2,4,8,4,4,31,15,16
PALO PINTO COUNTY,363,67 Years,409,198,211,373,183,190,10,5,5,6,1,5,20,9,11
PALO PINTO COUNTY,363,68 Years,337,167,170,303,153,150,6,3,3,3,1,2,25,10,15
PALO PINTO COUNTY,363,69 Years,325,169,156,293,151,142,3,3,0,6,4,2,23,11,12
PALO PINTO COUNTY,363,70 Years,328,169,159,298,156,142,2,1,1,10,5,5,18,7,11
PALO PINTO COUNTY,363,71 Years,288,146,142,264,135,129,3,1,2,6,2,4,15,8,7
PALO PINTO COUNTY,363,72 Years,270,132,138,244,118,126,3,2,1,7,4,3,16,8,8
PALO PINTO COUNTY,363,73 Years,264,126,138,240,112,128,2,2,0,4,4,0,18,8,10
PALO PINTO COUNTY,363,74 Years,247,115,132,223,101,122,3,1,2,4,3,1,17,10,7
PALO PINTO COUNTY,363,75 Years,223,122,101,203,110,93,3,2,1,3,3,0,14,7,7
PALO PINTO COUNTY,363,76 Years,221,110,111,205,102,103,3,2,1,3,2,1,10,4,6
PALO PINTO COUNTY,363,77 Years,199,86,113,178,77,101,4,1,3,4,2,2,13,6,7
PALO PINTO COUNTY,363,78 Years,189,79,110,173,71,102,3,1,2,1,0,1,12,7,5
PALO PINTO COUNTY,363,79 Years,171,76,95,161,72,89,3,1,2,3,0,3,4,3,1
PALO PINTO COUNTY,363,80 Years,144,65,79,132,61,71,3,1,2,4,1,3,5,2,3
PALO PINTO COUNTY,363,81 Years,132,57,75,121,54,67,1,1,0,3,0,3,7,2,5
PALO PINTO COUNTY,363,82 Years,132,61,71,116,54,62,3,1,2,3,1,2,10,5,5
PALO PINTO COUNTY,363,83 Years,116,48,68,104,42,62,2,1,1,3,1,2,7,4,3
PALO PINTO COUNTY,363,84 Years,106,42,64,92,38,54,2,0,2,3,1,2,9,3,6
PALO PINTO COUNTY,363,85 Years +,482,167,315,439,146,293,10,2,8,12,5,7,21,14,7
PANOLA COUNTY,365,All Ages,24257,12107,12150,17528,8724,8804,3932,1887,2045,498,253,245,2299,1243,1056
PANOLA COUNTY,365,< 1 Year,280,152,128,183,99,84,51,26,25,14,9,5,32,18,14
PANOLA COUNTY,365,1 Years,280,150,130,177,94,83,51,27,24,13,9,4,39,20,19
PANOLA COUNTY,365,2 Years,295,156,139,177,95,82,54,28,26,12,8,4,52,25,27
PANOLA COUNTY,365,3 Years,281,144,137,171,90,81,52,26,26,11,5,6,47,23,24
PANOLA COUNTY,365,4 Years,285,146,139,170,84,86,57,27,30,10,5,5,48,30,18
PANOLA COUNTY,365,5 Years,299,147,152,181,90,91,48,21,27,12,6,6,58,30,28
PANOLA COUNTY,365,6 Years,317,166,151,200,106,94,49,29,20,9,3,6,59,28,31
PANOLA COUNTY,365,7 Years,319,170,149,195,112,83,55,25,30,9,6,3,60,27,33
PANOLA COUNTY,365,8 Years,340,179,161,212,116,96,54,25,29,15,10,5,59,28,31
PANOLA COUNTY,365,9 Years,353,175,178,219,108,111,54,28,26,13,7,6,67,32,35
PANOLA COUNTY,365,10 Years,355,168,187,227,100,127,48,31,17,13,6,7,67,31,36
PANOLA COUNTY,365,11 Years,358,189,169,248,130,118,48,27,21,9,5,4,53,27,26
PANOLA COUNTY,365,12 Years,347,198,149,228,130,98,64,37,27,7,4,3,48,27,21
PANOLA COUNTY,365,13 Years,357,190,167,229,122,107,63,30,33,9,5,4,56,33,23
PANOLA COUNTY,365,14 Years,344,180,164,237,123,114,57,29,28,9,4,5,41,24,17
PANOLA COUNTY,365,15 Years,341,170,171,238,114,124,47,26,21,8,4,4,48,26,22
PANOLA COUNTY,365,16 Years,345,177,168,233,124,109,49,26,23,10,5,5,53,22,31
PANOLA COUNTY,365,17 Years,327,164,163,218,114,104,53,27,26,11,5,6,45,18,27
PANOLA COUNTY,365,18 Years,289,145,144,196,96,100,42,25,17,4,2,2,47,22,25
PANOLA COUNTY,365,19 Years,279,150,129,181,104,77,52,25,27,5,1,4,41,20,21
PANOLA COUNTY,365,20 Years,300,164,136,197,112,85,53,27,26,5,1,4,45,24,21
PANOLA COUNTY,365,21 Years,316,165,151,204,105,99,65,37,28,11,6,5,36,17,19
PANOLA COUNTY,365,22 Years,300,144,156,177,84,93,71,37,34,14,7,7,38,16,22
PANOLA COUNTY,365,23 Years,365,184,181,234,124,110,72,32,40,8,5,3,51,23,28
PANOLA COUNTY,365,24 Years,323,173,150,205,108,97,73,36,37,5,3,2,40,26,14
PANOLA COUNTY,365,25 Years,286,165,121,185,101,84,55,32,23,5,3,2,41,29,12
PANOLA COUNTY,365,26 Years,280,152,128,184,98,86,51,26,25,4,3,1,41,25,16
PANOLA COUNTY,365,27 Years,260,133,127,162,88,74,52,20,32,5,2,3,41,23,18
PANOLA COUNTY,365,28 Years,273,135,138,184,92,92,43,18,25,3,1,2,43,24,19
PANOLA COUNTY,365,29 Years,266,139,127,178,91,87,40,20,20,6,2,4,42,26,16
PANOLA COUNTY,365,30 Years,238,126,112,169,92,77,24,10,14,6,3,3,39,21,18
PANOLA COUNTY,365,31 Years,272,143,129,189,94,95,42,26,16,2,1,1,39,22,17
PANOLA COUNTY,365,32 Years,284,145,139,206,101,105,42,21,21,3,2,1,33,21,12
PANOLA COUNTY,365,33 Years,300,158,142,211,111,100,50,22,28,3,2,1,36,23,13
PANOLA COUNTY,365,34 Years,314,153,161,221,107,114,48,22,26,5,3,2,40,21,19
PANOLA COUNTY,365,35 Years,293,141,152,198,92,106,52,26,26,4,1,3,39,22,17
PANOLA COUNTY,365,36 Years,293,143,150,217,103,114,41,22,19,5,2,3,30,16,14
PANOLA COUNTY,365,37 Years,283,146,137,202,102,100,41,19,22,5,3,2,35,22,13
PANOLA COUNTY,365,38 Years,297,145,152,206,99,107,44,18,26,9,5,4,38,23,15
PANOLA COUNTY,365,39 Years,301,146,155,218,105,113,47,21,26,4,2,2,32,18,14
PANOLA COUNTY,365,40 Years,256,130,126,192,96,96,33,16,17,1,1,0,30,17,13
PANOLA COUNTY,365,41 Years,264,132,132,194,95,99,37,19,18,4,1,3,29,17,12
PANOLA COUNTY,365,42 Years,291,146,145,213,106,107,43,21,22,7,4,3,28,15,13
PANOLA COUNTY,365,43 Years,280,142,138,211,110,101,44,18,26,5,3,2,20,11,9
PANOLA COUNTY,365,44 Years,281,138,143,207,104,103,46,18,28,4,2,2,24,14,10
PANOLA COUNTY,365,45 Years,274,128,146,197,98,99,45,14,31,6,2,4,26,14,12
PANOLA COUNTY,365,46 Years,279,141,138,202,106,96,47,18,29,5,3,2,25,14,11
PANOLA COUNTY,365,47 Years,262,129,133,185,89,96,47,22,25,3,1,2,27,17,10
PANOLA COUNTY,365,48 Years,248,117,131,175,82,93,49,24,25,5,1,4,19,10,9
PANOLA COUNTY,365,49 Years,289,141,148,213,103,110,56,29,27,6,3,3,14,6,8
PANOLA COUNTY,365,50 Years,323,165,158,247,125,122,56,28,28,5,2,3,15,10,5
PANOLA COUNTY,365,51 Years,328,166,162,249,129,120,51,21,30,6,3,3,22,13,9
PANOLA COUNTY,365,52 Years,318,164,154,233,121,112,55,26,29,8,4,4,22,13,9
PANOLA COUNTY,365,53 Years,340,180,160,245,133,112,75,36,39,5,2,3,15,9,6
PANOLA COUNTY,365,54 Years,354,160,194,251,116,135,81,34,47,7,3,4,15,7,8
PANOLA COUNTY,365,55 Years,344,155,189,260,123,137,63,24,39,7,1,6,14,7,7
PANOLA COUNTY,365,56 Years,351,170,181,272,128,144,58,31,27,6,3,3,15,8,7
PANOLA COUNTY,365,57 Years,369,179,190,297,140,157,54,28,26,5,4,1,13,7,6
PANOLA COUNTY,365,58 Years,349,181,168,284,144,140,54,29,25,5,4,1,6,4,2
PANOLA COUNTY,365,59 Years,357,177,180,295,148,147,48,19,29,3,2,1,11,8,3
PANOLA COUNTY,365,60 Years,348,171,177,279,136,143,50,24,26,6,2,4,13,9,4
PANOLA COUNTY,365,61 Years,359,177,182,287,137,150,56,30,26,5,2,3,11,8,3
PANOLA COUNTY,365,62 Years,379,191,188,308,158,150,60,27,33,5,3,2,6,3,3
PANOLA COUNTY,365,63 Years,350,170,180,285,138,147,48,21,27,9,4,5,8,7,1
PANOLA COUNTY,365,64 Years,311,166,145,257,138,119,42,22,20,6,3,3,6,3,3
PANOLA COUNTY,365,65 Years,285,148,137,236,124,112,42,21,21,2,1,1,5,2,3
PANOLA COUNTY,365,66 Years,292,136,156,248,116,132,36,17,19,3,1,2,5,2,3
PANOLA COUNTY,365,67 Years,306,149,157,256,126,130,42,19,23,4,2,2,4,2,2
PANOLA COUNTY,365,68 Years,260,132,128,204,104,100,45,22,23,3,2,1,8,4,4
PANOLA COUNTY,365,69 Years,259,129,130,206,105,101,39,18,21,7,3,4,7,3,4
PANOLA COUNTY,365,70 Years,222,109,113,180,86,94,30,17,13,6,2,4,6,4,2
PANOLA COUNTY,365,71 Years,221,105,116,182,84,98,30,15,15,4,2,2,5,4,1
PANOLA COUNTY,365,72 Years,205,88,117,169,72,97,30,12,18,1,0,1,5,4,1
PANOLA COUNTY,365,73 Years,174,76,98,139,59,80,28,11,17,1,1,0,6,5,1
PANOLA COUNTY,365,74 Years,177,76,101,145,62,83,27,11,16,3,2,1,2,1,1
PANOLA COUNTY,365,75 Years,176,81,95,155,71,84,20,9,11,1,1,0,0,0,0
PANOLA COUNTY,365,76 Years,176,84,92,153,75,78,21,8,13,2,1,1,0,0,0
PANOLA COUNTY,365,77 Years,163,70,93,132,58,74,28,10,18,2,1,1,1,1,0
PANOLA COUNTY,365,78 Years,141,63,78,112,49,63,24,11,13,4,2,2,1,1,0
PANOLA COUNTY,365,79 Years,127,57,70,103,44,59,21,11,10,1,1,0,2,1,1
PANOLA COUNTY,365,80 Years,117,49,68,99,42,57,17,7,10,0,0,0,1,0,1
PANOLA COUNTY,365,81 Years,111,45,66,94,38,56,15,6,9,1,1,0,1,0,1
PANOLA COUNTY,365,82 Years,98,39,59,85,34,51,12,5,7,0,0,0,1,0,1
PANOLA COUNTY,365,83 Years,93,41,52,80,35,45,11,4,7,1,1,0,1,1,0
PANOLA COUNTY,365,84 Years,87,41,46,75,36,39,12,5,7,0,0,0,0,0,0
PANOLA COUNTY,365,85 Years +,428,157,271,370,141,229,50,12,38,3,0,3,5,4,1
PARKER COUNTY,367,All Ages,124670,62497,62173,103167,50851,52316,1966,1400,566,3630,1749,1881,15907,8497,7410
PARKER COUNTY,367,< 1 Year,1307,679,628,982,510,472,11,5,6,52,30,22,262,134,128
PARKER COUNTY,367,1 Years,1275,673,602,959,506,453,11,7,4,53,29,24,252,131,121
PARKER COUNTY,367,2 Years,1249,648,601,940,495,445,12,7,5,52,28,24,245,118,127
PARKER COUNTY,367,3 Years,1294,653,641,944,482,462,11,6,5,59,24,35,280,141,139
PARKER COUNTY,367,4 Years,1328,692,636,964,507,457,11,4,7,54,21,33,299,160,139
PARKER COUNTY,367,5 Years,1459,731,728,1096,545,551,15,8,7,55,22,33,293,156,137
PARKER COUNTY,367,6 Years,1582,804,778,1191,603,588,14,8,6,70,37,33,307,156,151
PARKER COUNTY,367,7 Years,1651,842,809,1247,636,611,13,8,5,69,36,33,322,162,160
PARKER COUNTY,367,8 Years,1662,846,816,1265,641,624,17,9,8,71,35,36,309,161,148
PARKER COUNTY,367,9 Years,1749,884,865,1348,680,668,23,12,11,73,35,38,305,157,148
PARKER COUNTY,367,10 Years,1801,911,890,1387,692,695,24,17,7,67,30,37,323,172,151
PARKER COUNTY,367,11 Years,1881,977,904,1454,746,708,23,16,7,55,25,30,349,190,159
PARKER COUNTY,367,12 Years,1926,1013,913,1494,773,721,29,17,12,63,32,31,340,191,149
PARKER COUNTY,367,13 Years,1988,1012,976,1540,766,774,32,20,12,64,36,28,352,190,162
PARKER COUNTY,367,14 Years,1994,997,997,1542,766,776,28,15,13,69,37,32,355,179,176
PARKER COUNTY,367,15 Years,2031,1015,1016,1558,764,794,28,12,16,87,48,39,358,191,167
PARKER COUNTY,367,16 Years,2015,1013,1002,1545,757,788,31,17,14,87,47,40,352,192,160
PARKER COUNTY,367,17 Years,1971,992,979,1513,749,764,25,12,13,81,43,38,352,188,164
PARKER COUNTY,367,18 Years,1920,1004,916,1465,762,703,24,13,11,80,37,43,351,192,159
PARKER COUNTY,367,19 Years,1709,931,778,1234,648,586,52,41,11,74,40,34,349,202,147
PARKER COUNTY,367,20 Years,1721,951,770,1218,637,581,46,34,12,70,40,30,387,240,147
PARKER COUNTY,367,21 Years,1718,972,746,1226,670,556,65,52,13,58,29,29,369,221,148
PARKER COUNTY,367,22 Years,1607,868,739,1150,599,551,61,44,17,59,27,32,337,198,139
PARKER COUNTY,367,23 Years,1589,833,756,1185,597,588,73,51,22,52,32,20,279,153,126
PARKER COUNTY,367,24 Years,1433,766,667,1065,532,533,79,62,17,41,24,17,248,148,100
PARKER COUNTY,367,25 Years,1308,732,576,953,497,456,55,49,6,37,22,15,263,164,99
PARKER COUNTY,367,26 Years,1246,686,560,919,484,435,40,36,4,32,18,14,255,148,107
PARKER COUNTY,367,27 Years,1265,725,540,900,497,403,44,39,5,32,16,16,289,173,116
PARKER COUNTY,367,28 Years,1233,688,545,884,468,416,47,44,3,25,14,11,277,162,115
PARKER COUNTY,367,29 Years,1233,658,575,938,471,467,40,36,4,21,13,8,234,138,96
PARKER COUNTY,367,30 Years,1189,630,559,913,458,455,37,33,4,29,16,13,210,123,87
PARKER COUNTY,367,31 Years,1262,654,608,951,473,478,41,37,4,33,13,20,237,131,106
PARKER COUNTY,367,32 Years,1332,678,654,1005,492,513,42,37,5,41,16,25,244,133,111
PARKER COUNTY,367,33 Years,1373,671,702,1066,506,560,33,26,7,36,17,19,238,122,116
PARKER COUNTY,367,34 Years,1452,712,740,1176,572,604,34,26,8,27,12,15,215,102,113
PARKER COUNTY,367,35 Years,1476,723,753,1204,587,617,34,25,9,24,7,17,214,104,110
PARKER COUNTY,367,36 Years,1426,662,764,1176,538,638,22,15,7,29,10,19,199,99,100
PARKER COUNTY,367,37 Years,1445,689,756,1185,552,633,23,16,7,38,17,21,199,104,95
PARKER COUNTY,367,38 Years,1503,741,762,1221,590,631,25,20,5,46,21,25,211,110,101
PARKER COUNTY,367,39 Years,1599,788,811,1305,625,680,22,19,3,39,19,20,233,125,108
PARKER COUNTY,367,40 Years,1651,806,845,1370,661,709,20,16,4,35,13,22,226,116,110
PARKER COUNTY,367,41 Years,1725,846,879,1435,693,742,31,24,7,43,23,20,216,106,110
PARKER COUNTY,367,42 Years,1819,871,948,1514,711,803,32,23,9,45,19,26,228,118,110
PARKER COUNTY,367,43 Years,1861,883,978,1556,731,825,33,22,11,44,17,27,228,113,115
PARKER COUNTY,367,44 Years,1881,883,998,1586,747,839,40,29,11,45,13,32,210,94,116
PARKER COUNTY,367,45 Years,1807,872,935,1520,727,793,39,31,8,51,18,33,197,96,101
PARKER COUNTY,367,46 Years,1758,869,889,1497,731,766,37,30,7,48,19,29,176,89,87
PARKER COUNTY,367,47 Years,1790,902,888,1527,767,760,38,27,11,46,20,26,179,88,91
PARKER COUNTY,367,48 Years,1825,928,897,1543,780,763,26,19,7,53,24,29,203,105,98
PARKER COUNTY,367,49 Years,1855,921,934,1600,796,804,19,12,7,54,25,29,182,88,94
PARKER COUNTY,367,50 Years,2049,1037,1012,1780,898,882,24,16,8,69,31,38,176,92,84
PARKER COUNTY,367,51 Years,2064,1035,1029,1792,885,907,24,16,8,63,30,33,185,104,81
PARKER COUNTY,367,52 Years,2068,1061,1007,1828,932,896,20,13,7,59,31,28,161,85,76
PARKER COUNTY,367,53 Years,1986,1049,937,1769,933,836,19,10,9,50,26,24,148,80,68
PARKER COUNTY,367,54 Years,1997,1005,992,1775,889,886,21,14,7,55,27,28,146,75,71
PARKER COUNTY,367,55 Years,1917,942,975,1721,848,873,23,13,10,53,26,27,120,55,65
PARKER COUNTY,367,56 Years,1863,910,953,1690,827,863,18,7,11,48,27,21,107,49,58
PARKER COUNTY,367,57 Years,1811,898,913,1648,821,827,13,6,7,46,18,28,104,53,51
PARKER COUNTY,367,58 Years,1703,833,870,1534,747,787,15,7,8,50,23,27,104,56,48
PARKER COUNTY,367,59 Years,1735,861,874,1579,774,805,17,12,5,45,22,23,94,53,41
PARKER COUNTY,367,60 Years,1661,822,839,1517,742,775,14,10,4,48,24,24,82,46,36
PARKER COUNTY,367,61 Years,1602,774,828,1474,707,767,9,6,3,45,22,23,74,39,35
PARKER COUNTY,367,62 Years,1521,725,796,1405,662,743,8,6,2,33,17,16,75,40,35
PARKER COUNTY,367,63 Years,1469,710,759,1343,639,704,17,12,5,33,16,17,76,43,33
PARKER COUNTY,367,64 Years,1395,676,719,1279,612,667,10,7,3,31,14,17,75,43,32
PARKER COUNTY,367,65 Years,1365,652,713,1261,595,666,9,7,2,32,14,18,63,36,27
PARKER COUNTY,367,66 Years,1447,703,744,1346,656,690,9,5,4,29,11,18,63,31,32
PARKER COUNTY,367,67 Years,1390,674,716,1293,628,665,10,5,5,27,10,17,60,31,29
PARKER COUNTY,367,68 Years,1085,534,551,1008,495,513,9,4,5,21,11,10,47,24,23
PARKER COUNTY,367,69 Years,1081,545,536,1008,505,503,6,5,1,24,11,13,43,24,19
PARKER COUNTY,367,70 Years,1065,531,534,1004,504,500,5,3,2,19,8,11,37,16,21
PARKER COUNTY,367,71 Years,1018,500,518,955,474,481,4,1,3,20,9,11,39,16,23
PARKER COUNTY,367,72 Years,927,443,484,867,417,450,5,2,3,20,8,12,35,16,19
PARKER COUNTY,367,73 Years,795,389,406,741,366,375,3,1,2,18,9,9,33,13,20
PARKER COUNTY,367,74 Years,732,366,366,680,341,339,5,2,3,19,13,6,28,10,18
PARKER COUNTY,367,75 Years,709,353,356,668,330,338,4,4,0,12,6,6,25,13,12
PARKER COUNTY,367,76 Years,641,302,339,606,287,319,4,2,2,12,4,8,19,9,10
PARKER COUNTY,367,77 Years,582,270,312,550,256,294,3,2,1,14,5,9,15,7,8
PARKER COUNTY,367,78 Years,547,262,285,515,248,267,4,1,3,12,6,6,16,7,9
PARKER COUNTY,367,79 Years,504,248,256,472,233,239,3,3,0,6,2,4,23,10,13
PARKER COUNTY,367,80 Years,455,207,248,430,195,235,1,1,0,6,2,4,18,9,9
PARKER COUNTY,367,81 Years,425,193,232,402,180,222,1,1,0,7,4,3,15,8,7
PARKER COUNTY,367,82 Years,395,166,229,374,157,217,2,1,1,6,2,4,13,6,7
PARKER COUNTY,367,83 Years,341,143,198,323,136,187,1,0,1,7,3,4,10,4,6
PARKER COUNTY,367,84 Years,291,126,165,274,117,157,3,2,1,6,3,3,8,4,4
PARKER COUNTY,367,85 Years +,1860,627,1233,1800,598,1202,11,5,6,17,8,9,32,16,16
PARMER COUNTY,369,All Ages,9818,5077,4741,3412,1711,1701,103,53,50,64,31,33,6239,3282,2957
PARMER COUNTY,369,< 1 Year,131,68,63,36,17,19,12,5,7,2,1,1,81,45,36
PARMER COUNTY,369,1 Years,135,67,68,36,16,20,3,1,2,3,1,2,93,49,44
PARMER COUNTY,369,2 Years,143,72,71,35,17,18,4,2,2,1,0,1,103,53,50
PARMER COUNTY,369,3 Years,155,77,78,31,17,14,0,0,0,1,0,1,123,60,63
PARMER COUNTY,369,4 Years,189,92,97,39,21,18,2,1,1,0,0,0,148,70,78
PARMER COUNTY,369,5 Years,191,102,89,42,22,20,2,0,2,2,0,2,145,80,65
PARMER COUNTY,369,6 Years,172,97,75,36,21,15,1,0,1,1,0,1,134,76,58
PARMER COUNTY,369,7 Years,182,96,86,51,25,26,1,1,0,2,0,2,128,70,58
PARMER COUNTY,369,8 Years,168,93,75,47,26,21,1,1,0,0,0,0,120,66,54
PARMER COUNTY,369,9 Years,166,81,85,41,21,20,1,1,0,1,1,0,123,58,65
PARMER COUNTY,369,10 Years,158,80,78,36,23,13,2,1,1,1,0,1,119,56,63
PARMER COUNTY,369,11 Years,162,88,74,38,23,15,1,0,1,1,0,1,122,65,57
PARMER COUNTY,369,12 Years,172,90,82,37,23,14,0,0,0,1,1,0,134,66,68
PARMER COUNTY,369,13 Years,162,82,80,32,17,15,0,0,0,1,0,1,129,65,64
PARMER COUNTY,369,14 Years,159,78,81,38,22,16,0,0,0,1,0,1,120,56,64
PARMER COUNTY,369,15 Years,159,81,78,40,20,20,1,1,0,0,0,0,118,60,58
PARMER COUNTY,369,16 Years,162,81,81,38,17,21,1,1,0,0,0,0,123,63,60
PARMER COUNTY,369,17 Years,162,79,83,45,21,24,1,1,0,0,0,0,116,57,59
PARMER COUNTY,369,18 Years,156,78,78,44,20,24,1,0,1,1,0,1,110,58,52
PARMER COUNTY,369,19 Years,166,92,74,44,24,20,0,0,0,2,1,1,120,67,53
PARMER COUNTY,369,20 Years,152,79,73,41,20,21,1,1,0,1,0,1,109,58,51
PARMER COUNTY,369,21 Years,160,85,75,40,24,16,2,2,0,0,0,0,118,59,59
PARMER COUNTY,369,22 Years,153,85,68,40,24,16,2,1,1,1,1,0,110,59,51
PARMER COUNTY,369,23 Years,137,72,65,27,16,11,0,0,0,1,0,1,109,56,53
PARMER COUNTY,369,24 Years,132,69,63,28,12,16,2,0,2,2,1,1,100,56,44
PARMER COUNTY,369,25 Years,133,75,58,37,18,19,2,1,1,1,1,0,93,55,38
PARMER COUNTY,369,26 Years,117,68,49,30,16,14,1,0,1,0,0,0,86,52,34
PARMER COUNTY,369,27 Years,134,77,57,28,16,12,1,1,0,1,0,1,104,60,44
PARMER COUNTY,369,28 Years,118,71,47,29,18,11,1,1,0,2,1,1,86,51,35
PARMER COUNTY,369,29 Years,129,72,57,28,16,12,0,0,0,0,0,0,101,56,45
PARMER COUNTY,369,30 Years,127,64,63,34,14,20,2,1,1,1,0,1,90,49,41
PARMER COUNTY,369,31 Years,124,65,59,34,17,17,1,0,1,1,0,1,88,48,40
PARMER COUNTY,369,32 Years,124,66,58,34,17,17,0,0,0,1,1,0,89,48,41
PARMER COUNTY,369,33 Years,126,65,61,31,15,16,0,0,0,1,1,0,94,49,45
PARMER COUNTY,369,34 Years,134,68,66,27,13,14,0,0,0,1,1,0,106,54,52
PARMER COUNTY,369,35 Years,125,67,58,27,11,16,1,0,1,2,1,1,95,55,40
PARMER COUNTY,369,36 Years,109,54,55,31,14,17,0,0,0,1,1,0,77,39,38
PARMER COUNTY,369,37 Years,119,62,57,34,20,14,0,0,0,0,0,0,85,42,43
PARMER COUNTY,369,38 Years,105,59,46,28,15,13,0,0,0,0,0,0,77,44,33
PARMER COUNTY,369,39 Years,116,62,54,27,16,11,0,0,0,2,1,1,87,45,42
PARMER COUNTY,369,40 Years,117,59,58,33,16,17,2,1,1,1,1,0,81,41,40
PARMER COUNTY,369,41 Years,104,60,44,28,15,13,1,1,0,1,1,0,74,43,31
PARMER COUNTY,369,42 Years,108,54,54,33,14,19,1,1,0,1,1,0,73,38,35
PARMER COUNTY,369,43 Years,106,54,52,36,20,16,0,0,0,2,2,0,68,32,36
PARMER COUNTY,369,44 Years,120,67,53,35,21,14,2,0,2,1,1,0,82,45,37
PARMER COUNTY,369,45 Years,110,52,58,34,18,16,1,0,1,0,0,0,75,34,41
PARMER COUNTY,369,46 Years,102,50,52,29,11,18,2,1,1,0,0,0,71,38,33
PARMER COUNTY,369,47 Years,115,64,51,35,17,18,0,0,0,0,0,0,80,47,33
PARMER COUNTY,369,48 Years,124,64,60,43,19,24,0,0,0,2,1,1,79,44,35
PARMER COUNTY,369,49 Years,102,47,55,45,21,24,1,0,1,1,0,1,55,26,29
PARMER COUNTY,369,50 Years,127,62,65,54,22,32,2,1,1,2,2,0,69,37,32
PARMER COUNTY,369,51 Years,142,67,75,67,28,39,2,1,1,1,1,0,72,37,35
PARMER COUNTY,369,52 Years,128,63,65,58,28,30,2,2,0,0,0,0,68,33,35
PARMER COUNTY,369,53 Years,119,62,57,57,26,31,4,4,0,0,0,0,58,32,26
PARMER COUNTY,369,54 Years,123,63,60,64,34,30,2,2,0,1,0,1,56,27,29
PARMER COUNTY,369,55 Years,122,62,60,57,30,27,1,0,1,1,0,1,63,32,31
PARMER COUNTY,369,56 Years,116,63,53,59,30,29,2,2,0,0,0,0,55,31,24
PARMER COUNTY,369,57 Years,122,74,48,60,37,23,1,0,1,0,0,0,61,37,24
PARMER COUNTY,369,58 Years,112,62,50,51,30,21,1,0,1,0,0,0,60,32,28
PARMER COUNTY,369,59 Years,106,54,52,53,28,25,1,0,1,0,0,0,52,26,26
PARMER COUNTY,369,60 Years,96,50,46,46,26,20,0,0,0,1,1,0,49,23,26
PARMER COUNTY,369,61 Years,98,56,42,48,27,21,0,0,0,1,0,1,49,29,20
PARMER COUNTY,369,62 Years,94,46,48,54,24,30,0,0,0,0,0,0,40,22,18
PARMER COUNTY,369,63 Years,86,40,46,47,20,27,1,1,0,1,0,1,37,19,18
PARMER COUNTY,369,64 Years,87,42,45,53,27,26,1,1,0,1,0,1,32,14,18
PARMER COUNTY,369,65 Years,78,39,39,43,23,20,1,0,1,1,0,1,33,16,17
PARMER COUNTY,369,66 Years,85,48,37,46,28,18,2,1,1,1,1,0,36,18,18
PARMER COUNTY,369,67 Years,77,39,38,42,21,21,2,1,1,0,0,0,33,17,16
PARMER COUNTY,369,68 Years,70,40,30,41,22,19,1,1,0,0,0,0,28,17,11
PARMER COUNTY,369,69 Years,66,38,28,42,22,20,0,0,0,0,0,0,24,16,8
PARMER COUNTY,369,70 Years,61,31,30,40,21,19,0,0,0,0,0,0,21,10,11
PARMER COUNTY,369,71 Years,71,33,38,47,21,26,1,0,1,0,0,0,23,12,11
PARMER COUNTY,369,72 Years,55,25,30,39,17,22,2,2,0,0,0,0,14,6,8
PARMER COUNTY,369,73 Years,58,30,28,41,20,21,3,2,1,0,0,0,14,8,6
PARMER COUNTY,369,74 Years,51,25,26,37,17,20,2,2,0,2,2,0,10,4,6
PARMER COUNTY,369,75 Years,54,22,32,39,16,23,2,1,1,0,0,0,13,5,8
PARMER COUNTY,369,76 Years,40,20,20,28,13,15,2,1,1,0,0,0,10,6,4
PARMER COUNTY,369,77 Years,40,19,21,26,10,16,1,0,1,0,0,0,13,9,4
PARMER COUNTY,369,78 Years,50,24,26,33,18,15,0,0,0,0,0,0,17,6,11
PARMER COUNTY,369,79 Years,48,22,26,31,15,16,1,0,1,0,0,0,16,7,9
PARMER COUNTY,369,80 Years,42,18,24,26,11,15,0,0,0,0,0,0,16,7,9
PARMER COUNTY,369,81 Years,26,12,14,17,7,10,1,0,1,0,0,0,8,5,3
PARMER COUNTY,369,82 Years,30,12,18,25,10,15,1,0,1,0,0,0,4,2,2
PARMER COUNTY,369,83 Years,32,17,15,29,15,14,0,0,0,0,0,0,3,2,1
PARMER COUNTY,369,84 Years,26,11,15,20,8,12,0,0,0,1,1,0,5,2,3
PARMER COUNTY,369,85 Years +,148,56,92,120,42,78,1,0,1,1,1,0,26,13,13
PECOS COUNTY,371,All Ages,15900,8948,6952,4196,2502,1694,524,493,31,231,116,115,10949,5837,5112
PECOS COUNTY,371,< 1 Year,231,116,115,28,16,12,2,1,1,3,1,2,198,98,100
PECOS COUNTY,371,1 Years,232,117,115,31,18,13,1,0,1,3,1,2,197,98,99
PECOS COUNTY,371,2 Years,231,117,114,30,16,14,1,0,1,3,1,2,197,100,97
PECOS COUNTY,371,3 Years,225,113,112,27,13,14,1,1,0,3,2,1,194,97,97
PECOS COUNTY,371,4 Years,243,122,121,26,15,11,2,0,2,3,1,2,212,106,106
PECOS COUNTY,371,5 Years,237,115,122,33,17,16,2,1,1,3,1,2,199,96,103
PECOS COUNTY,371,6 Years,232,118,114,35,17,18,2,2,0,3,2,1,192,97,95
PECOS COUNTY,371,7 Years,227,132,95,36,22,14,1,0,1,3,1,2,187,109,78
PECOS COUNTY,371,8 Years,224,117,107,29,17,12,2,1,1,5,3,2,188,96,92
PECOS COUNTY,371,9 Years,223,109,114,28,15,13,1,0,1,3,1,2,191,93,98
PECOS COUNTY,371,10 Years,217,110,107,25,13,12,1,1,0,1,0,1,190,96,94
PECOS COUNTY,371,11 Years,186,92,94,23,10,13,1,1,0,0,0,0,162,81,81
PECOS COUNTY,371,12 Years,198,102,96,26,13,13,2,0,2,0,0,0,170,89,81
PECOS COUNTY,371,13 Years,202,107,95,33,17,16,3,2,1,1,0,1,165,88,77
PECOS COUNTY,371,14 Years,196,95,101,35,10,25,1,1,0,3,0,3,157,84,73
PECOS COUNTY,371,15 Years,209,112,97,31,17,14,1,1,0,2,0,2,175,94,81
PECOS COUNTY,371,16 Years,192,111,81,37,26,11,0,0,0,3,1,2,152,84,68
PECOS COUNTY,371,17 Years,190,97,93,32,17,15,0,0,0,2,0,2,156,80,76
PECOS COUNTY,371,18 Years,185,105,80,40,26,14,1,1,0,3,1,2,141,77,64
PECOS COUNTY,371,19 Years,211,107,104,36,17,19,2,2,0,3,2,1,170,86,84
PECOS COUNTY,371,20 Years,241,139,102,40,25,15,5,5,0,4,2,2,192,107,85
PECOS COUNTY,371,21 Years,223,125,98,43,25,18,8,6,2,1,0,1,171,94,77
PECOS COUNTY,371,22 Years,210,113,97,38,23,15,10,9,1,2,1,1,160,80,80
PECOS COUNTY,371,23 Years,207,127,80,48,32,16,6,6,0,1,1,0,152,88,64
PECOS COUNTY,371,24 Years,195,123,72,41,28,13,15,14,1,3,3,0,136,78,58
PECOS COUNTY,371,25 Years,191,105,86,37,24,13,15,15,0,1,1,0,138,65,73
PECOS COUNTY,371,26 Years,179,95,84,39,28,11,11,10,1,2,2,0,127,55,72
PECOS COUNTY,371,27 Years,187,121,66,31,23,8,15,15,0,6,3,3,135,80,55
PECOS COUNTY,371,28 Years,251,157,94,63,42,21,15,15,0,5,3,2,168,97,71
PECOS COUNTY,371,29 Years,207,126,81,54,37,17,6,6,0,3,0,3,144,83,61
PECOS COUNTY,371,30 Years,228,147,81,63,48,15,14,14,0,3,0,3,148,85,63
PECOS COUNTY,371,31 Years,252,168,84,66,50,16,17,17,0,3,2,1,166,99,67
PECOS COUNTY,371,32 Years,215,127,88,45,29,16,6,6,0,2,0,2,162,92,70
PECOS COUNTY,371,33 Years,239,149,90,58,41,17,12,12,0,4,3,1,165,93,72
PECOS COUNTY,371,34 Years,216,135,81,48,33,15,15,15,0,3,2,1,150,85,65
PECOS COUNTY,371,35 Years,210,135,75,41,26,15,12,12,0,1,1,0,156,96,60
PECOS COUNTY,371,36 Years,204,132,72,41,26,15,13,12,1,3,1,2,147,93,54
PECOS COUNTY,371,37 Years,201,128,73,48,34,14,15,14,1,3,1,2,135,79,56
PECOS COUNTY,371,38 Years,211,138,73,51,38,13,13,13,0,3,1,2,144,86,58
PECOS COUNTY,371,39 Years,241,161,80,50,37,13,17,16,1,6,3,3,168,105,63
PECOS COUNTY,371,40 Years,231,149,82,62,48,14,19,19,0,2,0,2,148,82,66
PECOS COUNTY,371,41 Years,241,149,92,70,51,19,17,16,1,3,2,1,151,80,71
PECOS COUNTY,371,42 Years,195,112,83,63,43,20,11,11,0,1,0,1,120,58,62
PECOS COUNTY,371,43 Years,202,119,83,65,44,21,13,12,1,1,0,1,123,63,60
PECOS COUNTY,371,44 Years,207,128,79,55,41,14,17,17,0,9,7,2,126,63,63
PECOS COUNTY,371,45 Years,198,115,83,55,37,18,6,6,0,6,4,2,131,68,63
PECOS COUNTY,371,46 Years,232,156,76,70,53,17,16,15,1,4,3,1,142,85,57
PECOS COUNTY,371,47 Years,207,133,74,54,39,15,13,12,1,3,2,1,137,80,57
PECOS COUNTY,371,48 Years,228,140,88,65,42,23,13,13,0,5,2,3,145,83,62
PECOS COUNTY,371,49 Years,227,143,84,83,59,24,13,12,1,3,2,1,128,70,58
PECOS COUNTY,371,50 Years,254,150,104,86,52,34,19,19,0,3,3,0,146,76,70
PECOS COUNTY,371,51 Years,217,117,100,92,48,44,10,10,0,2,1,1,113,58,55
PECOS COUNTY,371,52 Years,213,129,84,98,63,35,13,13,0,4,0,4,98,53,45
PECOS COUNTY,371,53 Years,229,137,92,85,48,37,10,10,0,4,1,3,130,78,52
PECOS COUNTY,371,54 Years,234,140,94,90,46,44,8,7,1,5,2,3,131,85,46
PECOS COUNTY,371,55 Years,231,129,102,87,49,38,5,5,0,5,4,1,134,71,63
PECOS COUNTY,371,56 Years,209,125,84,78,49,29,6,5,1,1,1,0,124,70,54
PECOS COUNTY,371,57 Years,216,129,87,83,53,30,7,7,0,1,0,1,125,69,56
PECOS COUNTY,371,58 Years,223,127,96,83,54,29,5,4,1,2,2,0,133,67,66
PECOS COUNTY,371,59 Years,198,96,102,86,50,36,4,4,0,1,1,0,107,41,66
PECOS COUNTY,371,60 Years,179,89,90,67,35,32,4,3,1,1,1,0,107,50,57
PECOS COUNTY,371,61 Years,175,91,84,58,29,29,4,4,0,4,3,1,109,55,54
PECOS COUNTY,371,62 Years,175,92,83,68,37,31,3,2,1,8,6,2,96,47,49
PECOS COUNTY,371,63 Years,173,98,75,64,38,26,3,2,1,4,4,0,102,54,48
PECOS COUNTY,371,64 Years,163,87,76,62,33,29,2,2,0,3,1,2,96,51,45
PECOS COUNTY,371,65 Years,139,69,70,53,30,23,2,2,0,3,0,3,81,37,44
PECOS COUNTY,371,66 Years,146,83,63,54,28,26,4,4,0,2,1,1,86,50,36
PECOS COUNTY,371,67 Years,154,83,71,59,29,30,2,2,0,2,1,1,91,51,40
PECOS COUNTY,371,68 Years,125,59,66,48,20,28,2,2,0,1,1,0,74,36,38
PECOS COUNTY,371,69 Years,121,64,57,43,24,19,1,1,0,1,1,0,76,38,38
PECOS COUNTY,371,70 Years,107,49,58,40,17,23,1,1,0,2,1,1,64,30,34
PECOS COUNTY,371,71 Years,100,44,56,38,18,20,1,1,0,2,1,1,59,24,35
PECOS COUNTY,371,72 Years,104,46,58,41,18,23,2,2,0,6,3,3,55,23,32
PECOS COUNTY,371,73 Years,103,47,56,40,18,22,0,0,0,3,1,2,60,28,32
PECOS COUNTY,371,74 Years,93,46,47,31,16,15,0,0,0,1,0,1,61,30,31
PECOS COUNTY,371,75 Years,85,37,48,28,11,17,1,1,0,2,1,1,54,24,30
PECOS COUNTY,371,76 Years,81,45,36,33,16,17,0,0,0,2,2,0,46,27,19
PECOS COUNTY,371,77 Years,78,46,32,33,19,14,0,0,0,0,0,0,45,27,18
PECOS COUNTY,371,78 Years,75,42,33,29,14,15,0,0,0,0,0,0,46,28,18
PECOS COUNTY,371,79 Years,61,31,30,24,11,13,0,0,0,1,1,0,36,19,17
PECOS COUNTY,371,80 Years,56,24,32,26,11,15,0,0,0,1,0,1,29,13,16
PECOS COUNTY,371,81 Years,60,29,31,24,13,11,0,0,0,1,0,1,35,16,19
PECOS COUNTY,371,82 Years,53,27,26,26,14,12,0,0,0,1,0,1,26,13,13
PECOS COUNTY,371,83 Years,45,18,27,19,8,11,0,0,0,0,0,0,26,10,16
PECOS COUNTY,371,84 Years,42,18,24,18,5,13,0,0,0,0,0,0,24,13,11
PECOS COUNTY,371,85 Years +,216,96,120,94,40,54,0,0,0,6,2,4,116,54,62
POLK COUNTY,373,All Ages,47192,25305,21887,33359,17163,16196,5368,3316,2052,1669,784,885,6796,4042,2754
POLK COUNTY,373,< 1 Year,514,259,255,314,157,157,61,32,29,32,16,16,107,54,53
POLK COUNTY,373,1 Years,500,243,257,305,151,154,58,28,30,34,14,20,103,50,53
POLK COUNTY,373,2 Years,506,252,254,302,154,148,67,31,36,34,15,19,103,52,51
POLK COUNTY,373,3 Years,503,251,252,293,147,146,70,37,33,36,17,19,104,50,54
POLK COUNTY,373,4 Years,525,269,256,307,163,144,74,40,34,35,15,20,109,51,58
POLK COUNTY,373,5 Years,504,260,244,292,150,142,53,31,22,35,14,21,124,65,59
POLK COUNTY,373,6 Years,546,283,263,334,183,151,53,24,29,39,16,23,120,60,60
POLK COUNTY,373,7 Years,548,302,246,340,194,146,50,27,23,35,19,16,123,62,61
POLK COUNTY,373,8 Years,526,272,254,330,169,161,56,32,24,36,17,19,104,54,50
POLK COUNTY,373,9 Years,495,255,240,309,153,156,53,29,24,30,16,14,103,57,46
POLK COUNTY,373,10 Years,524,288,236,336,182,154,49,23,26,29,18,11,110,65,45
POLK COUNTY,373,11 Years,526,275,251,327,173,154,55,29,26,37,18,19,107,55,52
POLK COUNTY,373,12 Years,542,261,281,341,159,182,57,33,24,35,16,19,109,53,56
POLK COUNTY,373,13 Years,559,291,268,350,184,166,70,32,38,29,16,13,110,59,51
POLK COUNTY,373,14 Years,562,287,275,345,179,166,70,35,35,30,16,14,117,57,60
POLK COUNTY,373,15 Years,562,296,266,360,191,169,60,34,26,25,10,15,117,61,56
POLK COUNTY,373,16 Years,558,287,271,350,177,173,62,34,28,32,14,18,114,62,52
POLK COUNTY,373,17 Years,546,270,276,339,163,176,66,33,33,28,12,16,113,62,51
POLK COUNTY,373,18 Years,563,300,263,345,177,168,66,40,26,30,14,16,122,69,53
POLK COUNTY,373,19 Years,511,280,231,309,160,149,64,39,25,26,12,14,112,69,43
POLK COUNTY,373,20 Years,509,267,242,306,150,156,63,40,23,22,12,10,118,65,53
POLK COUNTY,373,21 Years,509,281,228,302,151,151,63,41,22,22,13,9,122,76,46
POLK COUNTY,373,22 Years,577,335,242,328,181,147,72,49,23,27,12,15,150,93,57
POLK COUNTY,373,23 Years,580,329,251,343,184,159,90,59,31,21,10,11,126,76,50
POLK COUNTY,373,24 Years,515,310,205,321,179,142,73,53,20,12,8,4,109,70,39
POLK COUNTY,373,25 Years,496,291,205,294,160,134,75,50,25,19,13,6,108,68,40
POLK COUNTY,373,26 Years,501,291,210,315,165,150,67,49,18,17,8,9,102,69,33
POLK COUNTY,373,27 Years,538,314,224,335,185,150,73,45,28,19,11,8,111,73,38
POLK COUNTY,373,28 Years,500,304,196,294,175,119,84,56,28,18,7,11,104,66,38
POLK COUNTY,373,29 Years,497,304,193,299,170,129,75,56,19,13,8,5,110,70,40
POLK COUNTY,373,30 Years,525,329,196,310,175,135,75,59,16,12,6,6,128,89,39
POLK COUNTY,373,31 Years,525,342,183,302,184,118,86,65,21,14,8,6,123,85,38
POLK COUNTY,373,32 Years,504,296,208,289,156,133,79,57,22,13,7,6,123,76,47
POLK COUNTY,373,33 Years,520,323,197,305,176,129,83,62,21,18,11,7,114,74,40
POLK COUNTY,373,34 Years,554,348,206,331,188,143,97,71,26,16,12,4,110,77,33
POLK COUNTY,373,35 Years,518,307,211,326,176,150,81,57,24,15,8,7,96,66,30
POLK COUNTY,373,36 Years,499,298,201,291,158,133,89,62,27,18,8,10,101,70,31
POLK COUNTY,373,37 Years,518,319,199,299,168,131,97,67,30,18,9,9,104,75,29
POLK COUNTY,373,38 Years,560,353,207,337,194,143,85,64,21,10,3,7,128,92,36
POLK COUNTY,373,39 Years,559,327,232,342,181,161,89,62,27,15,6,9,113,78,35
POLK COUNTY,373,40 Years,536,328,208,319,180,139,90,69,21,18,10,8,109,69,40
POLK COUNTY,373,41 Years,548,346,202,320,182,138,85,65,20,14,7,7,129,92,37
POLK COUNTY,373,42 Years,578,338,240,367,198,169,84,66,18,14,6,8,113,68,45
POLK COUNTY,373,43 Years,609,350,259,396,219,177,95,72,23,18,6,12,100,53,47
POLK COUNTY,373,44 Years,603,373,230,405,234,171,89,70,19,17,8,9,92,61,31
POLK COUNTY,373,45 Years,595,357,238,400,220,180,88,68,20,17,8,9,90,61,29
POLK COUNTY,373,46 Years,600,344,256,406,215,191,87,63,24,15,6,9,92,60,32
POLK COUNTY,373,47 Years,596,336,260,416,222,194,76,52,24,20,10,10,84,52,32
POLK COUNTY,373,48 Years,601,335,266,394,209,185,90,63,27,16,6,10,101,57,44
POLK COUNTY,373,49 Years,652,370,282,468,247,221,76,53,23,18,8,10,90,62,28
POLK COUNTY,373,50 Years,652,357,295,482,253,229,79,51,28,22,10,12,69,43,26
POLK COUNTY,373,51 Years,647,346,301,462,236,226,104,67,37,20,10,10,61,33,28
POLK COUNTY,373,52 Years,645,339,306,481,247,234,84,47,37,15,7,8,65,38,27
POLK COUNTY,373,53 Years,667,343,324,500,254,246,79,43,36,19,6,13,69,40,29
POLK COUNTY,373,54 Years,692,357,335,522,261,261,76,45,31,19,5,14,75,46,29
POLK COUNTY,373,55 Years,715,367,348,538,272,266,83,42,41,18,7,11,76,46,30
POLK COUNTY,373,56 Years,723,381,342,551,279,272,98,60,38,15,6,9,59,36,23
POLK COUNTY,373,57 Years,730,391,339,570,296,274,89,56,33,24,10,14,47,29,18
POLK COUNTY,373,58 Years,741,396,345,571,296,275,77,43,34,25,12,13,68,45,23
POLK COUNTY,373,59 Years,738,382,356,583,297,286,81,45,36,20,8,12,54,32,22
POLK COUNTY,373,60 Years,718,377,341,579,298,281,71,38,33,15,9,6,53,32,21
POLK COUNTY,373,61 Years,682,346,336,551,275,276,55,27,28,19,9,10,57,35,22
POLK COUNTY,373,62 Years,677,331,346,558,274,284,56,26,30,17,8,9,46,23,23
POLK COUNTY,373,63 Years,662,326,336,547,266,281,60,30,30,15,9,6,40,21,19
POLK COUNTY,373,64 Years,653,314,339,547,261,286,53,23,30,19,8,11,34,22,12
POLK COUNTY,373,65 Years,674,341,333,580,289,291,39,19,20,16,8,8,39,25,14
POLK COUNTY,373,66 Years,688,354,334,597,306,291,41,25,16,18,6,12,32,17,15
POLK COUNTY,373,67 Years,670,324,346,587,282,305,37,21,16,16,4,12,30,17,13
POLK COUNTY,373,68 Years,607,287,320,522,247,275,40,17,23,14,7,7,31,16,15
POLK COUNTY,373,69 Years,595,273,322,518,236,282,35,17,18,13,5,8,29,15,14
POLK COUNTY,373,70 Years,585,292,293,513,254,259,29,13,16,15,8,7,28,17,11
POLK COUNTY,373,71 Years,560,284,276,489,247,242,27,13,14,16,8,8,28,16,12
POLK COUNTY,373,72 Years,517,252,265,453,223,230,30,13,17,15,8,7,19,8,11
POLK COUNTY,373,73 Years,490,244,246,424,210,214,32,15,17,14,7,7,20,12,8
POLK COUNTY,373,74 Years,465,225,240,414,199,215,25,13,12,11,5,6,15,8,7
POLK COUNTY,373,75 Years,428,197,231,383,175,208,22,12,10,8,3,5,15,7,8
POLK COUNTY,373,76 Years,418,216,202,371,190,181,25,13,12,10,7,3,12,6,6
POLK COUNTY,373,77 Years,375,177,198,335,160,175,22,11,11,7,3,4,11,3,8
POLK COUNTY,373,78 Years,351,169,182,317,154,163,18,9,9,6,2,4,10,4,6
POLK COUNTY,373,79 Years,320,156,164,295,146,149,14,6,8,3,1,2,8,3,5
POLK COUNTY,373,80 Years,282,136,146,251,123,128,15,6,9,7,3,4,9,4,5
POLK COUNTY,373,81 Years,278,137,141,243,117,126,19,9,10,5,3,2,11,8,3
POLK COUNTY,373,82 Years,240,127,113,210,110,100,13,7,6,8,3,5,9,7,2
POLK COUNTY,373,83 Years,215,95,120,193,84,109,10,6,4,3,0,3,9,5,4
POLK COUNTY,373,84 Years,194,82,112,178,75,103,9,4,5,4,2,2,3,1,2
POLK COUNTY,373,85 Years +,856,358,498,756,323,433,51,16,35,25,7,18,24,12,12
POTTER COUNTY,375,All Ages,123922,63670,60252,55994,27824,28170,12132,6996,5136,8711,4422,4289,47085,24428,22657
POTTER COUNTY,375,< 1 Year,1974,1021,953,590,306,284,194,99,95,191,99,92,999,517,482
POTTER COUNTY,375,1 Years,2022,1052,970,616,328,288,196,100,96,196,102,94,1014,522,492
POTTER COUNTY,375,2 Years,2001,1043,958,629,335,294,192,97,95,189,101,88,991,510,481
POTTER COUNTY,375,3 Years,2026,1032,994,641,339,302,188,90,98,204,104,100,993,499,494
POTTER COUNTY,375,4 Years,2029,1052,977,650,353,297,198,83,115,180,91,89,1001,525,476
POTTER COUNTY,375,5 Years,1976,983,993,631,328,303,179,87,92,190,94,96,976,474,502
POTTER COUNTY,375,6 Years,2005,1031,974,630,324,306,198,115,83,202,112,90,975,480,495
POTTER COUNTY,375,7 Years,2004,1060,944,632,330,302,192,109,83,176,99,77,1004,522,482
POTTER COUNTY,375,8 Years,1965,981,984,593,317,276,183,88,95,177,82,95,1012,494,518
POTTER COUNTY,375,9 Years,1932,985,947,606,310,296,193,96,97,171,80,91,962,499,463
POTTER COUNTY,375,10 Years,1943,1002,941,583,303,280,189,107,82,183,77,106,988,515,473
POTTER COUNTY,375,11 Years,1853,934,919,571,286,285,180,98,82,176,75,101,926,475,451
POTTER COUNTY,375,12 Years,1877,960,917,582,295,287,186,104,82,157,75,82,952,486,466
POTTER COUNTY,375,13 Years,1835,922,913,555,271,284,174,95,79,157,80,77,949,476,473
POTTER COUNTY,375,14 Years,1776,885,891,562,267,295,164,85,79,160,89,71,890,444,446
POTTER COUNTY,375,15 Years,1751,904,847,565,292,273,159,88,71,156,81,75,871,443,428
POTTER COUNTY,375,16 Years,1704,895,809,540,285,255,177,95,82,137,62,75,850,453,397
POTTER COUNTY,375,17 Years,1677,835,842,532,260,272,181,91,90,129,61,68,835,423,412
POTTER COUNTY,375,18 Years,1651,865,786,526,274,252,171,88,83,122,73,49,832,430,402
POTTER COUNTY,375,19 Years,1545,798,747,500,264,236,163,93,70,114,55,59,768,386,382
POTTER COUNTY,375,20 Years,1554,814,740,472,242,230,183,101,82,120,58,62,779,413,366
POTTER COUNTY,375,21 Years,1634,864,770,509,251,258,199,104,95,135,76,59,791,433,358
POTTER COUNTY,375,22 Years,1708,877,831,540,273,267,187,96,91,133,71,62,848,437,411
POTTER COUNTY,375,23 Years,1828,945,883,657,337,320,173,97,76,131,69,62,867,442,425
POTTER COUNTY,375,24 Years,1877,971,906,729,371,358,201,116,85,133,60,73,814,424,390
POTTER COUNTY,375,25 Years,1906,983,923,785,404,381,199,116,83,119,58,61,803,405,398
POTTER COUNTY,375,26 Years,1988,1042,946,818,418,400,215,129,86,134,69,65,821,426,395
POTTER COUNTY,375,27 Years,1927,1014,913,808,400,408,199,119,80,119,60,59,801,435,366
POTTER COUNTY,375,28 Years,2001,1021,980,878,404,474,196,130,66,125,59,66,802,428,374
POTTER COUNTY,375,29 Years,2028,1056,972,898,435,463,209,141,68,133,68,65,788,412,376
POTTER COUNTY,375,30 Years,1964,1055,909,852,433,419,208,137,71,129,70,59,775,415,360
POTTER COUNTY,375,31 Years,1885,998,887,786,386,400,196,123,73,130,69,61,773,420,353
POTTER COUNTY,375,32 Years,1879,983,896,774,389,385,188,119,69,127,61,66,790,414,376
POTTER COUNTY,375,33 Years,1826,930,896,783,382,401,190,123,67,129,61,68,724,364,360
POTTER COUNTY,375,34 Years,1770,938,832,733,372,361,196,127,69,130,62,68,711,377,334
POTTER COUNTY,375,35 Years,1629,893,736,659,338,321,202,139,63,109,49,60,659,367,292
POTTER COUNTY,375,36 Years,1590,847,743,676,335,341,172,124,48,119,59,60,623,329,294
POTTER COUNTY,375,37 Years,1559,871,688,654,359,295,163,109,54,118,58,60,624,345,279
POTTER COUNTY,375,38 Years,1518,822,696,635,332,303,157,104,53,129,72,57,597,314,283
POTTER COUNTY,375,39 Years,1484,799,685,593,304,289,179,123,56,121,62,59,591,310,281
POTTER COUNTY,375,40 Years,1442,809,633,592,303,289,164,115,49,124,66,58,562,325,237
POTTER COUNTY,375,41 Years,1437,782,655,625,318,307,151,110,41,118,67,51,543,287,256
POTTER COUNTY,375,42 Years,1505,812,693,643,329,314,166,108,58,129,74,55,567,301,266
POTTER COUNTY,375,43 Years,1527,832,695,670,356,314,180,122,58,118,60,58,559,294,265
POTTER COUNTY,375,44 Years,1585,849,736,739,388,351,160,107,53,104,48,56,582,306,276
POTTER COUNTY,375,45 Years,1492,790,702,681,345,336,164,111,53,90,43,47,557,291,266
POTTER COUNTY,375,46 Years,1468,792,676,659,333,326,165,115,50,100,52,48,544,292,252
POTTER COUNTY,375,47 Years,1444,820,624,654,363,291,165,113,52,101,53,48,524,291,233
POTTER COUNTY,375,48 Years,1504,845,659,717,379,338,177,123,54,90,48,42,520,295,225
POTTER COUNTY,375,49 Years,1599,868,731,774,405,369,195,123,72,91,48,43,539,292,247
POTTER COUNTY,375,50 Years,1587,858,729,827,453,374,174,101,73,101,52,49,485,252,233
POTTER COUNTY,375,51 Years,1547,816,731,851,459,392,164,84,80,85,45,40,447,228,219
POTTER COUNTY,375,52 Years,1571,805,766,864,433,431,163,94,69,78,36,42,466,242,224
POTTER COUNTY,375,53 Years,1603,858,745,899,469,430,173,107,66,80,41,39,451,241,210
POTTER COUNTY,375,54 Years,1615,852,763,948,487,461,154,84,70,84,47,37,429,234,195
POTTER COUNTY,375,55 Years,1573,839,734,913,476,437,157,98,59,82,41,41,421,224,197
POTTER COUNTY,375,56 Years,1546,804,742,910,449,461,156,98,58,72,39,33,408,218,190
POTTER COUNTY,375,57 Years,1508,753,755,902,438,464,147,81,66,77,42,35,382,192,190
POTTER COUNTY,375,58 Years,1555,826,729,967,511,456,144,83,61,69,35,34,375,197,178
POTTER COUNTY,375,59 Years,1479,758,721,935,473,462,136,79,57,75,37,38,333,169,164
POTTER COUNTY,375,60 Years,1345,702,643,866,444,422,113,63,50,75,40,35,291,155,136
POTTER COUNTY,375,61 Years,1309,669,640,856,430,426,105,55,50,74,38,36,274,146,128
POTTER COUNTY,375,62 Years,1221,616,605,812,404,408,98,45,53,61,29,32,250,138,112
POTTER COUNTY,375,63 Years,1166,597,569,758,375,383,100,52,48,56,33,23,252,137,115
POTTER COUNTY,375,64 Years,1101,569,532,696,349,347,88,46,42,63,37,26,254,137,117
POTTER COUNTY,375,65 Years,1047,519,528,663,329,334,94,43,51,71,38,33,219,109,110
POTTER COUNTY,375,66 Years,1006,482,524,679,333,346,82,38,44,51,26,25,194,85,109
POTTER COUNTY,375,67 Years,975,474,501,689,325,364,67,33,34,46,28,18,173,88,85
POTTER COUNTY,375,68 Years,812,371,441,528,236,292,54,26,28,49,28,21,181,81,100
POTTER COUNTY,375,69 Years,745,360,385,487,230,257,63,33,30,47,24,23,148,73,75
POTTER COUNTY,375,70 Years,758,373,385,527,261,266,50,25,25,44,20,24,137,67,70
POTTER COUNTY,375,71 Years,678,315,363,483,227,256,45,15,30,35,17,18,115,56,59
POTTER COUNTY,375,72 Years,646,310,336,467,215,252,45,20,25,28,16,12,106,59,47
POTTER COUNTY,375,73 Years,635,303,332,452,217,235,37,18,19,25,12,13,121,56,65
POTTER COUNTY,375,74 Years,579,254,325,433,192,241,28,12,16,23,11,12,95,39,56
POTTER COUNTY,375,75 Years,547,235,312,416,174,242,27,12,15,23,11,12,81,38,43
POTTER COUNTY,375,76 Years,509,226,283,387,167,220,25,11,14,22,12,10,75,36,39
POTTER COUNTY,375,77 Years,484,193,291,370,145,225,26,11,15,22,9,13,66,28,38
POTTER COUNTY,375,78 Years,455,189,266,335,145,190,29,11,18,18,5,13,73,28,45
POTTER COUNTY,375,79 Years,442,181,261,335,141,194,25,9,16,13,4,9,69,27,42
POTTER COUNTY,375,80 Years,415,173,242,314,134,180,25,7,18,14,7,7,62,25,37
POTTER COUNTY,375,81 Years,384,157,227,305,124,181,19,6,13,11,6,5,49,21,28
POTTER COUNTY,375,82 Years,384,157,227,298,117,181,24,12,12,14,5,9,48,23,25
POTTER COUNTY,375,83 Years,335,128,207,259,98,161,20,7,13,9,2,7,47,21,26
POTTER COUNTY,375,84 Years,317,131,186,243,101,142,16,5,11,12,5,7,46,20,26
POTTER COUNTY,375,85 Years +,1939,655,1284,1593,512,1081,103,40,63,47,22,25,196,81,115
PRESIDIO COUNTY,377,All Ages,7831,3827,4004,1126,601,525,24,15,9,133,68,65,6548,3143,3405
PRESIDIO COUNTY,377,< 1 Year,127,63,64,17,9,8,2,0,2,0,0,0,108,54,54
PRESIDIO COUNTY,377,1 Years,127,65,62,15,8,7,1,0,1,0,0,0,111,57,54
PRESIDIO COUNTY,377,2 Years,113,56,57,14,7,7,0,0,0,0,0,0,99,49,50
PRESIDIO COUNTY,377,3 Years,116,59,57,13,6,7,0,0,0,0,0,0,103,53,50
PRESIDIO COUNTY,377,4 Years,107,55,52,13,5,8,1,1,0,3,1,2,90,48,42
PRESIDIO COUNTY,377,5 Years,100,53,47,13,7,6,1,0,1,2,1,1,84,45,39
PRESIDIO COUNTY,377,6 Years,113,62,51,18,12,6,0,0,0,4,2,2,91,48,43
PRESIDIO COUNTY,377,7 Years,106,53,53,7,5,2,0,0,0,3,2,1,96,46,50
PRESIDIO COUNTY,377,8 Years,104,53,51,13,8,5,1,1,0,0,0,0,90,44,46
PRESIDIO COUNTY,377,9 Years,107,57,50,12,8,4,0,0,0,1,0,1,94,49,45
PRESIDIO COUNTY,377,10 Years,108,63,45,11,6,5,1,1,0,4,1,3,92,55,37
PRESIDIO COUNTY,377,11 Years,115,63,52,14,12,2,0,0,0,5,3,2,96,48,48
PRESIDIO COUNTY,377,12 Years,102,59,43,9,7,2,1,1,0,3,3,0,89,48,41
PRESIDIO COUNTY,377,13 Years,125,71,54,7,5,2,0,0,0,2,2,0,116,64,52
PRESIDIO COUNTY,377,14 Years,126,65,61,5,3,2,1,1,0,3,1,2,117,60,57
PRESIDIO COUNTY,377,15 Years,135,74,61,7,4,3,0,0,0,4,3,1,124,67,57
PRESIDIO COUNTY,377,16 Years,147,80,67,11,4,7,0,0,0,3,2,1,133,74,59
PRESIDIO COUNTY,377,17 Years,134,72,62,8,3,5,0,0,0,3,2,1,123,67,56
PRESIDIO COUNTY,377,18 Years,139,65,74,7,2,5,1,1,0,4,2,2,127,60,67
PRESIDIO COUNTY,377,19 Years,142,71,71,4,2,2,1,1,0,1,1,0,136,67,69
PRESIDIO COUNTY,377,20 Years,123,67,56,3,1,2,0,0,0,3,0,3,117,66,51
PRESIDIO COUNTY,377,21 Years,121,67,54,7,1,6,1,0,1,3,2,1,110,64,46
PRESIDIO COUNTY,377,22 Years,108,64,44,5,4,1,0,0,0,1,1,0,102,59,43
PRESIDIO COUNTY,377,23 Years,96,52,44,1,1,0,0,0,0,2,2,0,93,49,44
PRESIDIO COUNTY,377,24 Years,79,37,42,2,1,1,1,0,1,1,1,0,75,35,40
PRESIDIO COUNTY,377,25 Years,61,34,27,6,3,3,0,0,0,0,0,0,55,31,24
PRESIDIO COUNTY,377,26 Years,62,31,31,11,7,4,0,0,0,0,0,0,51,24,27
PRESIDIO COUNTY,377,27 Years,72,43,29,15,12,3,1,1,0,0,0,0,56,30,26
PRESIDIO COUNTY,377,28 Years,82,37,45,12,7,5,0,0,0,0,0,0,70,30,40
PRESIDIO COUNTY,377,29 Years,73,33,40,21,10,11,0,0,0,0,0,0,52,23,29
PRESIDIO COUNTY,377,30 Years,70,27,43,16,8,8,0,0,0,1,0,1,53,19,34
PRESIDIO COUNTY,377,31 Years,63,24,39,12,6,6,0,0,0,0,0,0,51,18,33
PRESIDIO COUNTY,377,32 Years,67,26,41,12,5,7,1,0,1,1,0,1,53,21,32
PRESIDIO COUNTY,377,33 Years,74,31,43,13,6,7,1,1,0,0,0,0,60,24,36
PRESIDIO COUNTY,377,34 Years,74,34,40,14,8,6,0,0,0,0,0,0,60,26,34
PRESIDIO COUNTY,377,35 Years,66,29,37,10,6,4,1,1,0,2,1,1,53,21,32
PRESIDIO COUNTY,377,36 Years,59,28,31,10,8,2,0,0,0,3,1,2,46,19,27
PRESIDIO COUNTY,377,37 Years,68,31,37,11,6,5,2,2,0,3,1,2,52,22,30
PRESIDIO COUNTY,377,38 Years,82,35,47,10,4,6,1,1,0,4,1,3,67,29,38
PRESIDIO COUNTY,377,39 Years,85,34,51,10,4,6,0,0,0,6,1,5,69,29,40
PRESIDIO COUNTY,377,40 Years,82,31,51,12,7,5,0,0,0,4,1,3,66,23,43
PRESIDIO COUNTY,377,41 Years,87,39,48,17,7,10,0,0,0,2,1,1,68,31,37
PRESIDIO COUNTY,377,42 Years,102,53,49,20,10,10,0,0,0,3,3,0,79,40,39
PRESIDIO COUNTY,377,43 Years,102,41,61,17,8,9,0,0,0,2,1,1,83,32,51
PRESIDIO COUNTY,377,44 Years,101,42,59,18,10,8,0,0,0,4,1,3,79,31,48
PRESIDIO COUNTY,377,45 Years,97,43,54,19,11,8,0,0,0,2,1,1,76,31,45
PRESIDIO COUNTY,377,46 Years,94,44,50,16,9,7,0,0,0,3,2,1,75,33,42
PRESIDIO COUNTY,377,47 Years,85,41,44,10,6,4,1,1,0,2,1,1,72,33,39
PRESIDIO COUNTY,377,48 Years,90,39,51,14,8,6,0,0,0,0,0,0,76,31,45
PRESIDIO COUNTY,377,49 Years,89,42,47,8,5,3,0,0,0,2,2,0,79,35,44
PRESIDIO COUNTY,377,50 Years,98,50,48,9,5,4,0,0,0,1,1,0,88,44,44
PRESIDIO COUNTY,377,51 Years,94,43,51,14,6,8,0,0,0,0,0,0,80,37,43
PRESIDIO COUNTY,377,52 Years,95,42,53,16,8,8,0,0,0,1,0,1,78,34,44
PRESIDIO COUNTY,377,53 Years,94,43,51,11,4,7,0,0,0,1,0,1,82,39,43
PRESIDIO COUNTY,377,54 Years,84,40,44,11,7,4,1,1,0,1,0,1,71,32,39
PRESIDIO COUNTY,377,55 Years,75,35,40,12,6,6,0,0,0,2,1,1,61,28,33
PRESIDIO COUNTY,377,56 Years,82,40,42,17,8,9,0,0,0,0,0,0,65,32,33
PRESIDIO COUNTY,377,57 Years,110,56,54,27,15,12,0,0,0,2,2,0,81,39,42
PRESIDIO COUNTY,377,58 Years,94,42,52,15,9,6,0,0,0,2,1,1,77,32,45
PRESIDIO COUNTY,377,59 Years,88,40,48,19,12,7,0,0,0,2,1,1,67,27,40
PRESIDIO COUNTY,377,60 Years,92,42,50,17,11,6,0,0,0,0,0,0,75,31,44
PRESIDIO COUNTY,377,61 Years,96,45,51,19,9,10,0,0,0,1,1,0,76,35,41
PRESIDIO COUNTY,377,62 Years,98,39,59,19,8,11,0,0,0,3,2,1,76,29,47
PRESIDIO COUNTY,377,63 Years,91,45,46,17,6,11,0,0,0,4,4,0,70,35,35
PRESIDIO COUNTY,377,64 Years,95,50,45,20,10,10,1,0,1,1,1,0,73,39,34
PRESIDIO COUNTY,377,65 Years,101,52,49,30,16,14,1,0,1,1,0,1,69,36,33
PRESIDIO COUNTY,377,66 Years,100,51,49,31,18,13,0,0,0,3,2,1,66,31,35
PRESIDIO COUNTY,377,67 Years,102,51,51,22,14,8,0,0,0,3,1,2,77,36,41
PRESIDIO COUNTY,377,68 Years,75,37,38,21,14,7,0,0,0,1,0,1,53,23,30
PRESIDIO COUNTY,377,69 Years,73,35,38,14,9,5,0,0,0,1,0,1,58,26,32
PRESIDIO COUNTY,377,70 Years,73,40,33,12,7,5,0,0,0,1,0,1,60,33,27
PRESIDIO COUNTY,377,71 Years,88,41,47,18,6,12,0,0,0,1,0,1,69,35,34
PRESIDIO COUNTY,377,72 Years,79,35,44,15,8,7,0,0,0,0,0,0,64,27,37
PRESIDIO COUNTY,377,73 Years,77,28,49,7,4,3,0,0,0,0,0,0,70,24,46
PRESIDIO COUNTY,377,74 Years,63,28,35,8,5,3,0,0,0,1,0,1,54,23,31
PRESIDIO COUNTY,377,75 Years,68,34,34,13,7,6,0,0,0,0,0,0,55,27,28
PRESIDIO COUNTY,377,76 Years,66,36,30,12,8,4,0,0,0,0,0,0,54,28,26
PRESIDIO COUNTY,377,77 Years,57,30,27,11,6,5,0,0,0,0,0,0,46,24,22
PRESIDIO COUNTY,377,78 Years,55,25,30,9,5,4,0,0,0,0,0,0,46,20,26
PRESIDIO COUNTY,377,79 Years,59,32,27,10,5,5,0,0,0,0,0,0,49,27,22
PRESIDIO COUNTY,377,80 Years,50,29,21,13,7,6,0,0,0,0,0,0,37,22,15
PRESIDIO COUNTY,377,81 Years,38,17,21,11,4,7,0,0,0,0,0,0,27,13,14
PRESIDIO COUNTY,377,82 Years,34,15,19,7,3,4,0,0,0,0,0,0,27,12,15
PRESIDIO COUNTY,377,83 Years,40,18,22,5,1,4,0,0,0,1,1,0,34,16,18
PRESIDIO COUNTY,377,84 Years,39,20,19,5,1,4,0,0,0,0,0,0,34,19,15
PRESIDIO COUNTY,377,85 Years +,201,83,118,39,17,22,0,0,0,0,0,0,162,66,96
RAINS COUNTY,379,All Ages,11202,5583,5619,9757,4804,4953,238,132,106,288,148,140,919,499,420
RAINS COUNTY,379,< 1 Year,100,52,48,81,42,39,0,0,0,5,3,2,14,7,7
RAINS COUNTY,379,1 Years,104,56,48,84,45,39,0,0,0,5,3,2,15,8,7
RAINS COUNTY,379,2 Years,111,62,49,86,47,39,1,1,0,7,5,2,17,9,8
RAINS COUNTY,379,3 Years,112,63,49,87,46,41,2,2,0,6,4,2,17,11,6
RAINS COUNTY,379,4 Years,119,65,54,95,49,46,1,0,1,6,2,4,17,14,3
RAINS COUNTY,379,5 Years,106,61,45,83,46,37,5,4,1,5,3,2,13,8,5
RAINS COUNTY,379,6 Years,104,64,40,82,48,34,2,2,0,3,2,1,17,12,5
RAINS COUNTY,379,7 Years,119,60,59,94,45,49,1,1,0,1,0,1,23,14,9
RAINS COUNTY,379,8 Years,113,56,57,90,42,48,1,1,0,2,2,0,20,11,9
RAINS COUNTY,379,9 Years,106,58,48,88,48,40,4,2,2,2,2,0,12,6,6
RAINS COUNTY,379,10 Years,116,66,50,92,50,42,2,2,0,6,5,1,16,9,7
RAINS COUNTY,379,11 Years,120,65,55,87,44,43,1,1,0,8,7,1,24,13,11
RAINS COUNTY,379,12 Years,117,52,65,95,43,52,1,0,1,3,2,1,18,7,11
RAINS COUNTY,379,13 Years,132,63,69,106,52,54,2,1,1,4,2,2,20,8,12
RAINS COUNTY,379,14 Years,142,66,76,103,49,54,4,1,3,7,3,4,28,13,15
RAINS COUNTY,379,15 Years,159,83,76,119,60,59,4,2,2,8,5,3,28,16,12
RAINS COUNTY,379,16 Years,181,96,85,143,75,68,5,3,2,6,3,3,27,15,12
RAINS COUNTY,379,17 Years,168,98,70,136,80,56,5,4,1,6,3,3,21,11,10
RAINS COUNTY,379,18 Years,157,92,65,122,74,48,3,1,2,4,3,1,28,14,14
RAINS COUNTY,379,19 Years,136,80,56,103,62,41,3,1,2,5,3,2,25,14,11
RAINS COUNTY,379,20 Years,128,64,64,97,46,51,3,1,2,8,4,4,20,13,7
RAINS COUNTY,379,21 Years,127,68,59,94,49,45,4,1,3,7,3,4,22,15,7
RAINS COUNTY,379,22 Years,136,74,62,107,59,48,3,1,2,7,4,3,19,10,9
RAINS COUNTY,379,23 Years,112,58,54,91,46,45,2,2,0,3,2,1,16,8,8
RAINS COUNTY,379,24 Years,100,52,48,81,38,43,2,2,0,2,1,1,15,11,4
RAINS COUNTY,379,25 Years,99,57,42,85,49,36,0,0,0,3,1,2,11,7,4
RAINS COUNTY,379,26 Years,92,52,40,77,43,34,0,0,0,2,1,1,13,8,5
RAINS COUNTY,379,27 Years,83,39,44,71,31,40,0,0,0,1,0,1,11,8,3
RAINS COUNTY,379,28 Years,91,45,46,74,33,41,1,1,0,1,0,1,15,11,4
RAINS COUNTY,379,29 Years,94,48,46,75,37,38,1,1,0,3,2,1,15,8,7
RAINS COUNTY,379,30 Years,80,41,39,64,36,28,3,2,1,3,1,2,10,2,8
RAINS COUNTY,379,31 Years,86,39,47,72,31,41,1,1,0,2,1,1,11,6,5
RAINS COUNTY,379,32 Years,96,47,49,77,37,40,2,1,1,2,1,1,15,8,7
RAINS COUNTY,379,33 Years,92,48,44,78,40,38,0,0,0,3,1,2,11,7,4
RAINS COUNTY,379,34 Years,93,49,44,73,38,35,3,3,0,2,1,1,15,7,8
RAINS COUNTY,379,35 Years,102,54,48,90,50,40,3,1,2,0,0,0,9,3,6
RAINS COUNTY,379,36 Years,96,52,44,84,45,39,1,1,0,1,0,1,10,6,4
RAINS COUNTY,379,37 Years,115,58,57,101,51,50,3,2,1,2,1,1,9,4,5
RAINS COUNTY,379,38 Years,114,50,64,96,45,51,4,2,2,5,1,4,9,2,7
RAINS COUNTY,379,39 Years,110,52,58,88,40,48,4,3,1,4,2,2,14,7,7
RAINS COUNTY,379,40 Years,109,52,57,96,46,50,2,1,1,2,1,1,9,4,5
RAINS COUNTY,379,41 Years,116,57,59,100,49,51,4,3,1,2,2,0,10,3,7
RAINS COUNTY,379,42 Years,128,59,69,106,47,59,6,3,3,2,2,0,14,7,7
RAINS COUNTY,379,43 Years,149,70,79,129,60,69,5,1,4,2,1,1,13,8,5
RAINS COUNTY,379,44 Years,133,68,65,118,60,58,1,0,1,4,2,2,10,6,4
RAINS COUNTY,379,45 Years,122,63,59,109,56,53,0,0,0,4,2,2,9,5,4
RAINS COUNTY,379,46 Years,122,59,63,106,51,55,3,2,1,5,1,4,8,5,3
RAINS COUNTY,379,47 Years,149,73,76,130,65,65,4,3,1,4,0,4,11,5,6
RAINS COUNTY,379,48 Years,144,68,76,125,58,67,2,1,1,3,1,2,14,8,6
RAINS COUNTY,379,49 Years,138,69,69,119,57,62,2,1,1,4,3,1,13,8,5
RAINS COUNTY,379,50 Years,142,67,75,130,63,67,2,1,1,1,0,1,9,3,6
RAINS COUNTY,379,51 Years,159,76,83,145,69,76,7,5,2,1,0,1,6,2,4
RAINS COUNTY,379,52 Years,164,83,81,150,79,71,2,1,1,5,1,4,7,2,5
RAINS COUNTY,379,53 Years,169,80,89,156,76,80,2,0,2,5,1,4,6,3,3
RAINS COUNTY,379,54 Years,174,87,87,163,81,82,2,1,1,3,1,2,6,4,2
RAINS COUNTY,379,55 Years,193,93,100,181,84,97,2,2,0,3,1,2,7,6,1
RAINS COUNTY,379,56 Years,193,91,102,174,81,93,5,2,3,6,4,2,8,4,4
RAINS COUNTY,379,57 Years,198,93,105,175,82,93,4,1,3,9,5,4,10,5,5
RAINS COUNTY,379,58 Years,176,80,96,160,72,88,4,2,2,6,4,2,6,2,4
RAINS COUNTY,379,59 Years,152,69,83,139,62,77,4,2,2,3,2,1,6,3,3
RAINS COUNTY,379,60 Years,165,73,92,153,68,85,6,2,4,2,1,1,4,2,2
RAINS COUNTY,379,61 Years,178,85,93,164,76,88,7,4,3,4,3,1,3,2,1
RAINS COUNTY,379,62 Years,176,81,95,161,70,91,5,4,1,5,3,2,5,4,1
RAINS COUNTY,379,63 Years,180,78,102,169,72,97,4,3,1,5,1,4,2,2,0
RAINS COUNTY,379,64 Years,184,88,96,176,84,92,4,3,1,2,0,2,2,1,1
RAINS COUNTY,379,65 Years,201,96,105,188,90,98,6,4,2,2,0,2,5,2,3
RAINS COUNTY,379,66 Years,214,96,118,204,93,111,4,1,3,1,0,1,5,2,3
RAINS COUNTY,379,67 Years,215,108,107,201,99,102,6,5,1,6,3,3,2,1,1
RAINS COUNTY,379,68 Years,168,82,86,157,78,79,5,3,2,3,1,2,3,0,3
RAINS COUNTY,379,69 Years,175,87,88,169,84,85,4,2,2,1,1,0,1,0,1
RAINS COUNTY,379,70 Years,172,85,87,169,85,84,1,0,1,1,0,1,1,0,1
RAINS COUNTY,379,71 Years,164,79,85,159,78,81,1,0,1,1,0,1,3,1,2
RAINS COUNTY,379,72 Years,158,78,80,148,75,73,2,0,2,3,2,1,5,1,4
RAINS COUNTY,379,73 Years,133,73,60,122,65,57,3,1,2,3,3,0,5,4,1
RAINS COUNTY,379,74 Years,121,59,62,115,54,61,2,1,1,2,2,0,2,2,0
RAINS COUNTY,379,75 Years,123,54,69,121,52,69,1,1,0,0,0,0,1,1,0
RAINS COUNTY,379,76 Years,119,48,71,112,45,67,3,2,1,1,0,1,3,1,2
RAINS COUNTY,379,77 Years,102,48,54,96,45,51,4,2,2,0,0,0,2,1,1
RAINS COUNTY,379,78 Years,97,54,43,93,51,42,3,2,1,1,1,0,0,0,0
RAINS COUNTY,379,79 Years,87,49,38,84,47,37,2,1,1,1,1,0,0,0,0
RAINS COUNTY,379,80 Years,71,37,34,68,35,33,1,0,1,0,0,0,2,2,0
RAINS COUNTY,379,81 Years,60,31,29,52,28,24,4,1,3,1,1,0,3,1,2
RAINS COUNTY,379,82 Years,54,26,28,51,25,26,1,0,1,1,0,1,1,1,0
RAINS COUNTY,379,83 Years,49,27,22,48,27,21,1,0,1,0,0,0,0,0,0
RAINS COUNTY,379,84 Years,47,18,29,44,18,26,0,0,0,2,0,2,1,0,1
RAINS COUNTY,379,85 Years +,191,81,110,171,71,100,8,4,4,6,2,4,6,4,2
RANDALL COUNTY,381,All Ages,130027,63354,66673,96868,46682,50186,3189,1780,1409,4988,2547,2441,24982,12345,12637
RANDALL COUNTY,381,< 1 Year,1623,822,801,974,504,470,45,23,22,122,59,63,482,236,246
RANDALL COUNTY,381,1 Years,1633,837,796,986,515,471,42,20,22,125,62,63,480,240,240
RANDALL COUNTY,381,2 Years,1620,836,784,1002,526,476,35,16,19,117,60,57,466,234,232
RANDALL COUNTY,381,3 Years,1623,833,790,986,503,483,30,14,16,129,74,55,478,242,236
RANDALL COUNTY,381,4 Years,1627,841,786,1001,518,483,36,15,21,107,62,45,483,246,237
RANDALL COUNTY,381,5 Years,1804,937,867,1125,591,534,50,22,28,111,59,52,518,265,253
RANDALL COUNTY,381,6 Years,1794,906,888,1095,551,544,50,24,26,122,62,60,527,269,258
RANDALL COUNTY,381,7 Years,1859,936,923,1151,584,567,55,23,32,106,56,50,547,273,274
RANDALL COUNTY,381,8 Years,1861,948,913,1139,577,562,56,30,26,105,51,54,561,290,271
RANDALL COUNTY,381,9 Years,1886,956,930,1189,596,593,51,27,24,99,54,45,547,279,268
RANDALL COUNTY,381,10 Years,1888,939,949,1234,624,610,43,21,22,89,43,46,522,251,271
RANDALL COUNTY,381,11 Years,1886,968,918,1249,651,598,52,24,28,89,46,43,496,247,249
RANDALL COUNTY,381,12 Years,1853,958,895,1227,635,592,54,27,27,76,39,37,496,257,239
RANDALL COUNTY,381,13 Years,1900,982,918,1261,644,617,62,38,24,79,40,39,498,260,238
RANDALL COUNTY,381,14 Years,1867,952,915,1215,603,612,65,33,32,75,36,39,512,280,232
RANDALL COUNTY,381,15 Years,1865,951,914,1192,592,600,70,33,37,75,39,36,528,287,241
RANDALL COUNTY,381,16 Years,1845,928,917,1194,595,599,60,29,31,86,43,43,505,261,244
RANDALL COUNTY,381,17 Years,1872,960,912,1231,636,595,57,28,29,84,42,42,500,254,246
RANDALL COUNTY,381,18 Years,1996,1030,966,1270,648,622,72,41,31,93,48,45,561,293,268
RANDALL COUNTY,381,19 Years,2159,1089,1070,1414,711,703,83,48,35,92,52,40,570,278,292
RANDALL COUNTY,381,20 Years,2037,993,1044,1311,638,673,74,36,38,84,41,43,568,278,290
RANDALL COUNTY,381,21 Years,2000,971,1029,1308,616,692,87,48,39,86,49,37,519,258,261
RANDALL COUNTY,381,22 Years,1985,976,1009,1328,627,701,78,50,28,83,43,40,496,256,240
RANDALL COUNTY,381,23 Years,1954,1003,951,1327,658,669,71,40,31,85,59,26,471,246,225
RANDALL COUNTY,381,24 Years,1761,834,927,1217,560,657,56,28,28,72,44,28,416,202,214
RANDALL COUNTY,381,25 Years,1691,800,891,1178,541,637,48,26,22,79,44,35,386,189,197
RANDALL COUNTY,381,26 Years,1583,814,769,1089,546,543,51,36,15,65,39,26,378,193,185
RANDALL COUNTY,381,27 Years,1578,845,733,1046,569,477,48,27,21,75,43,32,409,206,203
RANDALL COUNTY,381,28 Years,1648,828,820,1135,572,563,44,23,21,65,35,30,404,198,206
RANDALL COUNTY,381,29 Years,1665,819,846,1145,566,579,51,30,21,54,26,28,415,197,218
RANDALL COUNTY,381,30 Years,1710,841,869,1181,585,596,55,36,19,56,28,28,418,192,226
RANDALL COUNTY,381,31 Years,1755,845,910,1225,592,633,59,36,23,59,27,32,412,190,222
RANDALL COUNTY,381,32 Years,1782,836,946,1263,584,679,53,29,24,58,27,31,408,196,212
RANDALL COUNTY,381,33 Years,1871,884,987,1348,617,731,58,35,23,62,28,34,403,204,199
RANDALL COUNTY,381,34 Years,1873,935,938,1368,686,682,54,32,22,60,29,31,391,188,203
RANDALL COUNTY,381,35 Years,1748,902,846,1267,655,612,50,35,15,56,30,26,375,182,193
RANDALL COUNTY,381,36 Years,1707,861,846,1226,613,613,47,35,12,65,36,29,369,177,192
RANDALL COUNTY,381,37 Years,1672,853,819,1218,617,601,42,25,17,58,35,23,354,176,178
RANDALL COUNTY,381,38 Years,1691,849,842,1245,614,631,45,26,19,60,35,25,341,174,167
RANDALL COUNTY,381,39 Years,1705,862,843,1263,629,634,42,27,15,63,31,32,337,175,162
RANDALL COUNTY,381,40 Years,1496,739,757,1103,540,563,36,18,18,56,24,32,301,157,144
RANDALL COUNTY,381,41 Years,1449,712,737,1062,511,551,39,26,13,55,30,25,293,145,148
RANDALL COUNTY,381,42 Years,1548,746,802,1136,536,600,47,33,14,55,29,26,310,148,162
RANDALL COUNTY,381,43 Years,1677,824,853,1279,624,655,46,32,14,58,25,33,294,143,151
RANDALL COUNTY,381,44 Years,1720,832,888,1317,636,681,49,29,20,60,27,33,294,140,154
RANDALL COUNTY,381,45 Years,1548,748,800,1173,562,611,40,23,17,47,20,27,288,143,145
RANDALL COUNTY,381,46 Years,1495,709,786,1132,532,600,45,28,17,50,21,29,268,128,140
RANDALL COUNTY,381,47 Years,1474,716,758,1135,552,583,34,21,13,46,23,23,259,120,139
RANDALL COUNTY,381,48 Years,1476,724,752,1128,551,577,32,20,12,51,22,29,265,131,134
RANDALL COUNTY,381,49 Years,1610,779,831,1246,595,651,48,30,18,56,29,27,260,125,135
RANDALL COUNTY,381,50 Years,1662,816,846,1312,643,669,44,28,16,58,33,25,248,112,136
RANDALL COUNTY,381,51 Years,1733,816,917,1384,652,732,43,25,18,62,36,26,244,103,141
RANDALL COUNTY,381,52 Years,1756,862,894,1418,696,722,44,29,15,57,31,26,237,106,131
RANDALL COUNTY,381,53 Years,1764,871,893,1471,734,737,37,21,16,50,23,27,206,93,113
RANDALL COUNTY,381,54 Years,1774,856,918,1459,702,757,47,28,19,57,25,32,211,101,110
RANDALL COUNTY,381,55 Years,1747,840,907,1455,690,765,35,22,13,63,35,28,194,93,101
RANDALL COUNTY,381,56 Years,1747,823,924,1473,688,785,31,17,14,47,24,23,196,94,102
RANDALL COUNTY,381,57 Years,1735,790,945,1477,666,811,24,16,8,48,18,30,186,90,96
RANDALL COUNTY,381,58 Years,1687,796,891,1449,679,770,30,20,10,49,21,28,159,76,83
RANDALL COUNTY,381,59 Years,1684,803,881,1454,693,761,29,15,14,48,24,24,153,71,82
RANDALL COUNTY,381,60 Years,1613,760,853,1402,670,732,22,9,13,43,15,28,146,66,80
RANDALL COUNTY,381,61 Years,1602,746,856,1407,656,751,20,9,11,49,21,28,126,60,66
RANDALL COUNTY,381,62 Years,1534,732,802,1358,649,709,21,12,9,36,18,18,119,53,66
RANDALL COUNTY,381,63 Years,1430,669,761,1254,586,668,19,9,10,39,20,19,118,54,64
RANDALL COUNTY,381,64 Years,1383,648,735,1215,569,646,19,6,13,38,21,17,111,52,59
RANDALL COUNTY,381,65 Years,1332,638,694,1189,569,620,16,6,10,34,15,19,93,48,45
RANDALL COUNTY,381,66 Years,1347,676,671,1216,608,608,14,10,4,37,16,21,80,42,38
RANDALL COUNTY,381,67 Years,1327,624,703,1196,566,630,12,6,6,39,17,22,80,35,45
RANDALL COUNTY,381,68 Years,1033,470,563,923,421,502,9,3,6,31,15,16,70,31,39
RANDALL COUNTY,381,69 Years,934,423,511,840,377,463,3,1,2,26,13,13,65,32,33
RANDALL COUNTY,381,70 Years,987,454,533,890,408,482,9,5,4,23,13,10,65,28,37
RANDALL COUNTY,381,71 Years,970,450,520,878,409,469,10,5,5,19,10,9,63,26,37
RANDALL COUNTY,381,72 Years,860,381,479,784,348,436,8,3,5,18,9,9,50,21,29
RANDALL COUNTY,381,73 Years,785,346,439,723,322,401,4,1,3,18,8,10,40,15,25
RANDALL COUNTY,381,74 Years,773,334,439,709,309,400,3,1,2,16,8,8,45,16,29
RANDALL COUNTY,381,75 Years,711,295,416,657,271,386,5,2,3,15,8,7,34,14,20
RANDALL COUNTY,381,76 Years,700,287,413,657,267,390,2,0,2,13,7,6,28,13,15
RANDALL COUNTY,381,77 Years,634,262,372,593,245,348,3,2,1,8,3,5,30,12,18
RANDALL COUNTY,381,78 Years,591,264,327,556,247,309,2,0,2,9,5,4,24,12,12
RANDALL COUNTY,381,79 Years,595,262,333,559,241,318,3,2,1,10,8,2,23,11,12
RANDALL COUNTY,381,80 Years,549,241,308,513,224,289,2,1,1,8,5,3,26,11,15
RANDALL COUNTY,381,81 Years,497,214,283,466,204,262,5,1,4,6,2,4,20,7,13
RANDALL COUNTY,381,82 Years,460,198,262,437,189,248,2,1,1,7,1,6,14,7,7
RANDALL COUNTY,381,83 Years,471,203,268,448,192,256,3,2,1,3,2,1,17,7,10
RANDALL COUNTY,381,84 Years,424,172,252,400,159,241,2,1,1,5,2,3,17,10,7
RANDALL COUNTY,381,85 Years +,1826,643,1183,1712,605,1107,10,5,5,39,9,30,65,24,41
REAGAN COUNTY,383,All Ages,3731,1958,1773,1279,628,651,72,44,28,33,18,15,2347,1268,1079
REAGAN COUNTY,383,< 1 Year,61,29,32,9,4,5,1,0,1,0,0,0,51,25,26
REAGAN COUNTY,383,1 Years,56,26,30,9,4,5,1,0,1,0,0,0,46,22,24
REAGAN COUNTY,383,2 Years,56,26,30,10,5,5,1,0,1,0,0,0,45,21,24
REAGAN COUNTY,383,3 Years,47,23,24,8,3,5,1,0,1,0,0,0,38,20,18
REAGAN COUNTY,383,4 Years,52,26,26,10,4,6,1,0,1,1,0,1,40,22,18
REAGAN COUNTY,383,5 Years,58,27,31,8,4,4,0,0,0,3,1,2,47,22,25
REAGAN COUNTY,383,6 Years,59,35,24,9,5,4,0,0,0,0,0,0,50,30,20
REAGAN COUNTY,383,7 Years,62,39,23,13,9,4,1,1,0,2,2,0,46,27,19
REAGAN COUNTY,383,8 Years,57,32,25,14,9,5,1,1,0,1,0,1,41,22,19
REAGAN COUNTY,383,9 Years,50,26,24,8,4,4,0,0,0,0,0,0,42,22,20
REAGAN COUNTY,383,10 Years,55,28,27,8,5,3,1,0,1,1,0,1,45,23,22
REAGAN COUNTY,383,11 Years,68,30,38,10,6,4,0,0,0,1,0,1,57,24,33
REAGAN COUNTY,383,12 Years,57,30,27,10,5,5,0,0,0,2,2,0,45,23,22
REAGAN COUNTY,383,13 Years,55,29,26,10,6,4,3,2,1,0,0,0,42,21,21
REAGAN COUNTY,383,14 Years,57,26,31,11,4,7,1,1,0,1,1,0,44,20,24
REAGAN COUNTY,383,15 Years,54,28,26,11,6,5,0,0,0,0,0,0,43,22,21
REAGAN COUNTY,383,16 Years,60,30,30,15,8,7,1,0,1,0,0,0,44,22,22
REAGAN COUNTY,383,17 Years,73,39,34,17,12,5,0,0,0,0,0,0,56,27,29
REAGAN COUNTY,383,18 Years,67,33,34,14,9,5,2,1,1,1,0,1,50,23,27
REAGAN COUNTY,383,19 Years,59,31,28,15,5,10,1,1,0,0,0,0,43,25,18
REAGAN COUNTY,383,20 Years,51,25,26,14,4,10,1,1,0,0,0,0,36,20,16
REAGAN COUNTY,383,21 Years,52,32,20,15,7,8,2,2,0,0,0,0,35,23,12
REAGAN COUNTY,383,22 Years,60,31,29,19,8,11,0,0,0,1,1,0,40,22,18
REAGAN COUNTY,383,23 Years,41,24,17,9,4,5,2,1,1,1,1,0,29,18,11
REAGAN COUNTY,383,24 Years,43,25,18,8,3,5,2,1,1,0,0,0,33,21,12
REAGAN COUNTY,383,25 Years,41,20,21,12,5,7,0,0,0,0,0,0,29,15,14
REAGAN COUNTY,383,26 Years,43,25,18,15,7,8,1,1,0,0,0,0,27,17,10
REAGAN COUNTY,383,27 Years,36,23,13,13,8,5,0,0,0,0,0,0,23,15,8
REAGAN COUNTY,383,28 Years,45,23,22,14,8,6,1,1,0,0,0,0,30,14,16
REAGAN COUNTY,383,29 Years,45,24,21,20,11,9,1,1,0,0,0,0,24,12,12
REAGAN COUNTY,383,30 Years,51,26,25,15,9,6,1,1,0,0,0,0,35,16,19
REAGAN COUNTY,383,31 Years,48,27,21,14,8,6,1,1,0,0,0,0,33,18,15
REAGAN COUNTY,383,32 Years,51,29,22,12,7,5,2,2,0,0,0,0,37,20,17
REAGAN COUNTY,383,33 Years,47,29,18,11,6,5,3,2,1,0,0,0,33,21,12
REAGAN COUNTY,383,34 Years,45,24,21,13,7,6,1,1,0,0,0,0,31,16,15
REAGAN COUNTY,383,35 Years,45,24,21,11,5,6,0,0,0,2,1,1,32,18,14
REAGAN COUNTY,383,36 Years,50,30,20,11,5,6,0,0,0,1,0,1,38,25,13
REAGAN COUNTY,383,37 Years,51,30,21,13,6,7,1,1,0,0,0,0,37,23,14
REAGAN COUNTY,383,38 Years,45,28,17,9,5,4,0,0,0,1,1,0,35,22,13
REAGAN COUNTY,383,39 Years,44,26,18,12,5,7,0,0,0,0,0,0,32,21,11
REAGAN COUNTY,383,40 Years,34,14,20,8,2,6,0,0,0,0,0,0,26,12,14
REAGAN COUNTY,383,41 Years,38,19,19,8,4,4,0,0,0,0,0,0,30,15,15
REAGAN COUNTY,383,42 Years,43,20,23,10,5,5,2,1,1,0,0,0,31,14,17
REAGAN COUNTY,383,43 Years,43,25,18,13,9,4,1,0,1,0,0,0,29,16,13
REAGAN COUNTY,383,44 Years,47,26,21,18,10,8,3,3,0,2,1,1,24,12,12
REAGAN COUNTY,383,45 Years,51,26,25,21,9,12,1,1,0,1,1,0,28,15,13
REAGAN COUNTY,383,46 Years,46,23,23,21,8,13,0,0,0,0,0,0,25,15,10
REAGAN COUNTY,383,47 Years,44,20,24,18,9,9,0,0,0,1,1,0,25,10,15
REAGAN COUNTY,383,48 Years,47,22,25,17,8,9,1,0,1,0,0,0,29,14,15
REAGAN COUNTY,383,49 Years,43,30,13,17,12,5,0,0,0,0,0,0,26,18,8
REAGAN COUNTY,383,50 Years,49,33,16,21,11,10,1,1,0,0,0,0,27,21,6
REAGAN COUNTY,383,51 Years,49,26,23,23,9,14,1,1,0,0,0,0,25,16,9
REAGAN COUNTY,383,52 Years,55,29,26,28,13,15,2,1,1,0,0,0,25,15,10
REAGAN COUNTY,383,53 Years,57,25,32,30,13,17,1,0,1,0,0,0,26,12,14
REAGAN COUNTY,383,54 Years,51,25,26,25,12,13,1,1,0,0,0,0,25,12,13
REAGAN COUNTY,383,55 Years,47,22,25,25,10,15,1,1,0,0,0,0,21,11,10
REAGAN COUNTY,383,56 Years,54,29,25,27,13,14,2,2,0,0,0,0,25,14,11
REAGAN COUNTY,383,57 Years,56,25,31,28,10,18,2,1,1,1,0,1,25,14,11
REAGAN COUNTY,383,58 Years,54,28,26,22,10,12,1,0,1,0,0,0,31,18,13
REAGAN COUNTY,383,59 Years,56,29,27,30,14,16,0,0,0,1,1,0,25,14,11
REAGAN COUNTY,383,60 Years,47,29,18,30,17,13,1,1,0,0,0,0,16,11,5
REAGAN COUNTY,383,61 Years,40,25,15,21,14,7,0,0,0,0,0,0,19,11,8
REAGAN COUNTY,383,62 Years,32,16,16,18,9,9,1,1,0,0,0,0,13,6,7
REAGAN COUNTY,383,63 Years,48,26,22,29,17,12,1,0,1,1,0,1,17,9,8
REAGAN COUNTY,383,64 Years,35,19,16,18,10,8,0,0,0,0,0,0,17,9,8
REAGAN COUNTY,383,65 Years,25,15,10,10,7,3,1,1,0,0,0,0,14,7,7
REAGAN COUNTY,383,66 Years,31,13,18,14,4,10,1,1,0,0,0,0,16,8,8
REAGAN COUNTY,383,67 Years,37,15,22,17,6,11,1,1,0,0,0,0,19,8,11
REAGAN COUNTY,383,68 Years,34,11,23,20,6,14,1,0,1,1,0,1,12,5,7
REAGAN COUNTY,383,69 Years,24,15,9,12,6,6,0,0,0,0,0,0,12,9,3
REAGAN COUNTY,383,70 Years,20,11,9,11,7,4,0,0,0,0,0,0,9,4,5
REAGAN COUNTY,383,71 Years,22,9,13,16,7,9,0,0,0,0,0,0,6,2,4
REAGAN COUNTY,383,72 Years,17,9,8,12,6,6,0,0,0,0,0,0,5,3,2
REAGAN COUNTY,383,73 Years,19,8,11,10,5,5,0,0,0,0,0,0,9,3,6
REAGAN COUNTY,383,74 Years,23,13,10,17,10,7,0,0,0,0,0,0,6,3,3
REAGAN COUNTY,383,75 Years,19,11,8,13,8,5,1,0,1,0,0,0,5,3,2
REAGAN COUNTY,383,76 Years,22,15,7,9,5,4,2,1,1,1,1,0,10,8,2
REAGAN COUNTY,383,77 Years,21,12,9,13,6,7,1,1,0,1,1,0,6,4,2
REAGAN COUNTY,383,78 Years,21,12,9,13,6,7,2,1,1,1,1,0,5,4,1
REAGAN COUNTY,383,79 Years,16,8,8,10,4,6,1,0,1,1,1,0,4,3,1
REAGAN COUNTY,383,80 Years,16,8,8,11,5,6,0,0,0,0,0,0,5,3,2
REAGAN COUNTY,383,81 Years,13,5,8,8,3,5,0,0,0,1,0,1,4,2,2
REAGAN COUNTY,383,82 Years,15,6,9,10,4,6,0,0,0,1,0,1,4,2,2
REAGAN COUNTY,383,83 Years,13,6,7,8,4,4,1,0,1,0,0,0,4,2,2
REAGAN COUNTY,383,84 Years,15,7,8,11,5,6,0,0,0,0,0,0,4,2,2
REAGAN COUNTY,383,85 Years +,45,20,25,29,11,18,2,0,2,0,0,0,14,9,5
REAL COUNTY,385,All Ages,3446,1698,1748,2455,1195,1260,19,9,10,73,35,38,899,459,440
REAL COUNTY,385,< 1 Year,37,18,19,24,12,12,0,0,0,0,0,0,13,6,7
REAL COUNTY,385,1 Years,34,17,17,21,11,10,0,0,0,0,0,0,13,6,7
REAL COUNTY,385,2 Years,34,17,17,23,13,10,0,0,0,0,0,0,11,4,7
REAL COUNTY,385,3 Years,34,17,17,22,12,10,0,0,0,0,0,0,12,5,7
REAL COUNTY,385,4 Years,34,21,13,21,15,6,0,0,0,0,0,0,13,6,7
REAL COUNTY,385,5 Years,34,19,15,15,9,6,0,0,0,0,0,0,19,10,9
REAL COUNTY,385,6 Years,32,16,16,18,9,9,0,0,0,1,0,1,13,7,6
REAL COUNTY,385,7 Years,31,11,20,17,7,10,0,0,0,2,0,2,12,4,8
REAL COUNTY,385,8 Years,35,16,19,19,9,10,0,0,0,2,0,2,14,7,7
REAL COUNTY,385,9 Years,28,15,13,14,7,7,0,0,0,2,1,1,12,7,5
REAL COUNTY,385,10 Years,35,19,16,18,11,7,0,0,0,1,0,1,16,8,8
REAL COUNTY,385,11 Years,33,21,12,19,15,4,0,0,0,0,0,0,14,6,8
REAL COUNTY,385,12 Years,28,13,15,17,8,9,0,0,0,0,0,0,11,5,6
REAL COUNTY,385,13 Years,32,15,17,20,8,12,1,0,1,0,0,0,11,7,4
REAL COUNTY,385,14 Years,28,14,14,18,8,10,0,0,0,0,0,0,10,6,4
REAL COUNTY,385,15 Years,32,16,16,16,6,10,0,0,0,0,0,0,16,10,6
REAL COUNTY,385,16 Years,38,18,20,20,10,10,1,0,1,2,2,0,15,6,9
REAL COUNTY,385,17 Years,50,23,27,24,13,11,0,0,0,1,0,1,25,10,15
REAL COUNTY,385,18 Years,39,15,24,18,9,9,1,0,1,1,0,1,19,6,13
REAL COUNTY,385,19 Years,41,20,21,21,11,10,2,1,1,3,2,1,15,6,9
REAL COUNTY,385,20 Years,59,32,27,33,21,12,6,3,3,1,1,0,19,7,12
REAL COUNTY,385,21 Years,56,28,28,28,13,15,2,0,2,2,2,0,24,13,11
REAL COUNTY,385,22 Years,43,20,23,21,7,14,1,1,0,7,5,2,14,7,7
REAL COUNTY,385,23 Years,38,24,14,24,14,10,1,1,0,2,1,1,11,8,3
REAL COUNTY,385,24 Years,30,16,14,22,12,10,0,0,0,0,0,0,8,4,4
REAL COUNTY,385,25 Years,20,9,11,13,5,8,0,0,0,0,0,0,7,4,3
REAL COUNTY,385,26 Years,24,13,11,15,8,7,0,0,0,1,1,0,8,4,4
REAL COUNTY,385,27 Years,22,10,12,11,5,6,0,0,0,0,0,0,11,5,6
REAL COUNTY,385,28 Years,19,9,10,12,7,5,0,0,0,0,0,0,7,2,5
REAL COUNTY,385,29 Years,22,13,9,12,10,2,0,0,0,0,0,0,10,3,7
REAL COUNTY,385,30 Years,26,8,18,13,5,8,0,0,0,0,0,0,13,3,10
REAL COUNTY,385,31 Years,27,13,14,14,6,8,0,0,0,1,0,1,12,7,5
REAL COUNTY,385,32 Years,26,13,13,14,7,7,0,0,0,1,0,1,11,6,5
REAL COUNTY,385,33 Years,19,11,8,10,5,5,0,0,0,0,0,0,9,6,3
REAL COUNTY,385,34 Years,21,12,9,15,7,8,0,0,0,0,0,0,6,5,1
REAL COUNTY,385,35 Years,20,13,7,13,8,5,0,0,0,0,0,0,7,5,2
REAL COUNTY,385,36 Years,22,12,10,16,9,7,0,0,0,1,0,1,5,3,2
REAL COUNTY,385,37 Years,25,13,12,14,6,8,0,0,0,1,0,1,10,7,3
REAL COUNTY,385,38 Years,27,12,15,18,9,9,0,0,0,1,0,1,8,3,5
REAL COUNTY,385,39 Years,34,17,17,22,11,11,0,0,0,1,0,1,11,6,5
REAL COUNTY,385,40 Years,25,13,12,17,9,8,0,0,0,0,0,0,8,4,4
REAL COUNTY,385,41 Years,31,9,22,22,7,15,0,0,0,0,0,0,9,2,7
REAL COUNTY,385,42 Years,25,13,12,20,11,9,0,0,0,0,0,0,5,2,3
REAL COUNTY,385,43 Years,33,21,12,23,14,9,0,0,0,1,1,0,9,6,3
REAL COUNTY,385,44 Years,40,18,22,27,12,15,0,0,0,3,1,2,10,5,5
REAL COUNTY,385,45 Years,30,19,11,23,14,9,0,0,0,1,1,0,6,4,2
REAL COUNTY,385,46 Years,44,22,22,36,17,19,0,0,0,1,1,0,7,4,3
REAL COUNTY,385,47 Years,40,20,20,29,13,16,0,0,0,0,0,0,11,7,4
REAL COUNTY,385,48 Years,29,12,17,20,7,13,0,0,0,0,0,0,9,5,4
REAL COUNTY,385,49 Years,35,14,21,26,11,15,0,0,0,2,0,2,7,3,4
REAL COUNTY,385,50 Years,45,21,24,30,14,16,0,0,0,1,0,1,14,7,7
REAL COUNTY,385,51 Years,64,28,36,47,16,31,0,0,0,3,3,0,14,9,5
REAL COUNTY,385,52 Years,53,31,22,39,21,18,0,0,0,2,0,2,12,10,2
REAL COUNTY,385,53 Years,45,20,25,36,16,20,0,0,0,1,0,1,8,4,4
REAL COUNTY,385,54 Years,54,27,27,43,21,22,0,0,0,1,1,0,10,5,5
REAL COUNTY,385,55 Years,47,21,26,34,14,20,1,0,1,1,1,0,11,6,5
REAL COUNTY,385,56 Years,48,27,21,37,20,17,0,0,0,2,1,1,9,6,3
REAL COUNTY,385,57 Years,49,34,15,41,27,14,0,0,0,1,1,0,7,6,1
REAL COUNTY,385,58 Years,56,31,25,49,26,23,0,0,0,1,1,0,6,4,2
REAL COUNTY,385,59 Years,67,36,31,56,30,26,0,0,0,0,0,0,11,6,5
REAL COUNTY,385,60 Years,57,24,33,47,20,27,0,0,0,0,0,0,10,4,6
REAL COUNTY,385,61 Years,51,22,29,45,18,27,1,1,0,0,0,0,5,3,2
REAL COUNTY,385,62 Years,47,19,28,40,17,23,0,0,0,0,0,0,7,2,5
REAL COUNTY,385,63 Years,58,23,35,51,20,31,0,0,0,0,0,0,7,3,4
REAL COUNTY,385,64 Years,66,25,41,53,17,36,0,0,0,0,0,0,13,8,5
REAL COUNTY,385,65 Years,75,35,40,59,26,33,0,0,0,2,2,0,14,7,7
REAL COUNTY,385,66 Years,74,33,41,56,25,31,0,0,0,1,0,1,17,8,9
REAL COUNTY,385,67 Years,71,36,35,61,30,31,0,0,0,0,0,0,10,6,4
REAL COUNTY,385,68 Years,58,27,31,50,22,28,1,1,0,1,1,0,6,3,3
REAL COUNTY,385,69 Years,68,37,31,49,26,23,0,0,0,2,2,0,17,9,8
REAL COUNTY,385,70 Years,62,32,30,48,25,23,0,0,0,0,0,0,14,7,7
REAL COUNTY,385,71 Years,55,23,32,46,21,25,0,0,0,3,0,3,6,2,4
REAL COUNTY,385,72 Years,45,22,23,37,20,17,0,0,0,1,0,1,7,2,5
REAL COUNTY,385,73 Years,50,24,26,44,22,22,0,0,0,0,0,0,6,2,4
REAL COUNTY,385,74 Years,46,20,26,38,18,20,0,0,0,0,0,0,8,2,6
REAL COUNTY,385,75 Years,45,21,24,36,16,20,0,0,0,2,1,1,7,4,3
REAL COUNTY,385,76 Years,48,26,22,37,18,19,0,0,0,3,2,1,8,6,2
REAL COUNTY,385,77 Years,45,25,20,35,20,15,0,0,0,1,0,1,9,5,4
REAL COUNTY,385,78 Years,48,27,21,39,22,17,0,0,0,1,0,1,8,5,3
REAL COUNTY,385,79 Years,39,23,16,34,19,15,0,0,0,0,0,0,5,4,1
REAL COUNTY,385,80 Years,31,13,18,25,12,13,0,0,0,1,0,1,5,1,4
REAL COUNTY,385,81 Years,24,11,13,20,9,11,0,0,0,0,0,0,4,2,2
REAL COUNTY,385,82 Years,23,14,9,20,11,9,0,0,0,0,0,0,3,3,0
REAL COUNTY,385,83 Years,21,10,11,16,7,9,0,0,0,0,0,0,5,3,2
REAL COUNTY,385,84 Years,21,10,11,15,5,10,0,0,0,0,0,0,6,5,1
REAL COUNTY,385,85 Years +,89,40,49,74,31,43,1,1,0,0,0,0,14,8,6
RED RIVER COUNTY,387,All Ages,12280,6036,6244,8907,4395,4512,2188,1027,1161,325,158,167,860,456,404
RED RIVER COUNTY,387,< 1 Year,136,71,65,94,48,46,21,12,9,12,6,6,9,5,4
RED RIVER COUNTY,387,1 Years,145,74,71,96,47,49,26,15,11,13,8,5,10,4,6
RED RIVER COUNTY,387,2 Years,144,73,71,94,49,45,26,12,14,15,8,7,9,4,5
RED RIVER COUNTY,387,3 Years,136,74,62,91,52,39,26,12,14,10,6,4,9,4,5
RED RIVER COUNTY,387,4 Years,138,72,66,95,49,46,24,12,12,10,3,7,9,8,1
RED RIVER COUNTY,387,5 Years,134,72,62,81,46,35,27,12,15,10,6,4,16,8,8
RED RIVER COUNTY,387,6 Years,146,75,71,88,47,41,27,14,13,10,5,5,21,9,12
RED RIVER COUNTY,387,7 Years,138,77,61,83,48,35,26,14,12,7,4,3,22,11,11
RED RIVER COUNTY,387,8 Years,143,83,60,89,51,38,25,14,11,5,3,2,24,15,9
RED RIVER COUNTY,387,9 Years,126,68,58,79,45,34,18,8,10,7,4,3,22,11,11
RED RIVER COUNTY,387,10 Years,129,71,58,84,49,35,23,13,10,3,1,2,19,8,11
RED RIVER COUNTY,387,11 Years,144,78,66,86,50,36,33,16,17,2,1,1,23,11,12
RED RIVER COUNTY,387,12 Years,135,79,56,84,49,35,26,16,10,3,2,1,22,12,10
RED RIVER COUNTY,387,13 Years,143,81,62,89,51,38,28,16,12,5,3,2,21,11,10
RED RIVER COUNTY,387,14 Years,147,81,66,94,54,40,32,15,17,7,3,4,14,9,5
RED RIVER COUNTY,387,15 Years,149,83,66,97,52,45,30,19,11,6,2,4,16,10,6
RED RIVER COUNTY,387,16 Years,150,78,72,95,51,44,27,11,16,7,4,3,21,12,9
RED RIVER COUNTY,387,17 Years,147,70,77,97,48,49,26,11,15,5,2,3,19,9,10
RED RIVER COUNTY,387,18 Years,155,81,74,96,51,45,40,20,20,2,0,2,17,10,7
RED RIVER COUNTY,387,19 Years,144,80,64,90,51,39,32,17,15,4,1,3,18,11,7
RED RIVER COUNTY,387,20 Years,142,77,65,83,43,40,30,17,13,6,3,3,23,14,9
RED RIVER COUNTY,387,21 Years,141,74,67,81,45,36,32,15,17,6,3,3,22,11,11
RED RIVER COUNTY,387,22 Years,151,69,82,90,43,47,39,16,23,4,2,2,18,8,10
RED RIVER COUNTY,387,23 Years,132,57,75,88,39,49,23,11,12,6,3,3,15,4,11
RED RIVER COUNTY,387,24 Years,127,59,68,86,42,44,27,11,16,3,2,1,11,4,7
RED RIVER COUNTY,387,25 Years,124,61,63,79,39,40,33,15,18,4,3,1,8,4,4
RED RIVER COUNTY,387,26 Years,123,55,68,77,33,44,30,15,15,3,1,2,13,6,7
RED RIVER COUNTY,387,27 Years,116,58,58,74,37,37,28,14,14,2,0,2,12,7,5
RED RIVER COUNTY,387,28 Years,114,61,53,76,42,34,23,11,12,2,1,1,13,7,6
RED RIVER COUNTY,387,29 Years,110,50,60,74,31,43,20,8,12,3,2,1,13,9,4
RED RIVER COUNTY,387,30 Years,107,55,52,72,37,35,17,8,9,4,3,1,14,7,7
RED RIVER COUNTY,387,31 Years,114,60,54,78,43,35,15,7,8,4,2,2,17,8,9
RED RIVER COUNTY,387,32 Years,114,49,65,80,33,47,17,7,10,1,1,0,16,8,8
RED RIVER COUNTY,387,33 Years,123,61,62,86,45,41,26,10,16,1,1,0,10,5,5
RED RIVER COUNTY,387,34 Years,121,55,66,90,42,48,20,8,12,1,0,1,10,5,5
RED RIVER COUNTY,387,35 Years,106,51,55,77,34,43,18,11,7,4,2,2,7,4,3
RED RIVER COUNTY,387,36 Years,124,53,71,93,40,53,18,6,12,2,0,2,11,7,4
RED RIVER COUNTY,387,37 Years,121,58,63,96,46,50,13,5,8,0,0,0,12,7,5
RED RIVER COUNTY,387,38 Years,105,60,45,77,46,31,15,6,9,3,2,1,10,6,4
RED RIVER COUNTY,387,39 Years,113,56,57,83,41,42,21,10,11,1,1,0,8,4,4
RED RIVER COUNTY,387,40 Years,109,52,57,82,38,44,15,9,6,0,0,0,12,5,7
RED RIVER COUNTY,387,41 Years,120,60,60,87,42,45,23,15,8,1,0,1,9,3,6
RED RIVER COUNTY,387,42 Years,144,70,74,107,51,56,25,12,13,2,1,1,10,6,4
RED RIVER COUNTY,387,43 Years,162,79,83,120,61,59,32,15,17,3,0,3,7,3,4
RED RIVER COUNTY,387,44 Years,141,64,77,93,44,49,29,11,18,3,2,1,16,7,9
RED RIVER COUNTY,387,45 Years,138,75,63,96,57,39,23,7,16,5,3,2,14,8,6
RED RIVER COUNTY,387,46 Years,155,75,80,104,54,50,31,10,21,5,2,3,15,9,6
RED RIVER COUNTY,387,47 Years,151,66,85,105,49,56,32,11,21,3,0,3,11,6,5
RED RIVER COUNTY,387,48 Years,152,73,79,102,50,52,39,17,22,3,1,2,8,5,3
RED RIVER COUNTY,387,49 Years,146,71,75,109,56,53,27,11,16,3,1,2,7,3,4
RED RIVER COUNTY,387,50 Years,157,79,78,119,58,61,27,12,15,3,3,0,8,6,2
RED RIVER COUNTY,387,51 Years,185,90,95,134,68,66,38,14,24,3,1,2,10,7,3
RED RIVER COUNTY,387,52 Years,175,82,93,122,57,65,36,17,19,6,2,4,11,6,5
RED RIVER COUNTY,387,53 Years,175,86,89,126,62,64,35,15,20,5,3,2,9,6,3
RED RIVER COUNTY,387,54 Years,188,96,92,136,73,63,40,17,23,3,1,2,9,5,4
RED RIVER COUNTY,387,55 Years,203,93,110,141,67,74,49,20,29,4,2,2,9,4,5
RED RIVER COUNTY,387,56 Years,197,88,109,140,66,74,46,17,29,4,1,3,7,4,3
RED RIVER COUNTY,387,57 Years,177,82,95,135,63,72,37,16,21,3,1,2,2,2,0
RED RIVER COUNTY,387,58 Years,180,90,90,142,70,72,31,16,15,4,3,1,3,1,2
RED RIVER COUNTY,387,59 Years,188,100,88,151,78,73,28,17,11,3,2,1,6,3,3
RED RIVER COUNTY,387,60 Years,195,104,91,158,87,71,27,14,13,2,0,2,8,3,5
RED RIVER COUNTY,387,61 Years,184,86,98,145,69,76,29,12,17,2,0,2,8,5,3
RED RIVER COUNTY,387,62 Years,171,77,94,135,62,73,28,10,18,2,1,1,6,4,2
RED RIVER COUNTY,387,63 Years,188,96,92,144,75,69,36,17,19,4,3,1,4,1,3
RED RIVER COUNTY,387,64 Years,171,89,82,136,67,69,29,18,11,3,2,1,3,2,1
RED RIVER COUNTY,387,65 Years,166,87,79,131,66,65,30,18,12,2,1,1,3,2,1
RED RIVER COUNTY,387,66 Years,179,80,99,143,63,80,31,14,17,2,1,1,3,2,1
RED RIVER COUNTY,387,67 Years,198,92,106,161,73,88,31,16,15,4,1,3,2,2,0
RED RIVER COUNTY,387,68 Years,177,80,97,147,64,83,24,13,11,3,2,1,3,1,2
RED RIVER COUNTY,387,69 Years,170,86,84,140,68,72,23,13,10,1,1,0,6,4,2
RED RIVER COUNTY,387,70 Years,182,95,87,156,82,74,21,11,10,3,1,2,2,1,1
RED RIVER COUNTY,387,71 Years,157,81,76,128,68,60,23,10,13,4,2,2,2,1,1
RED RIVER COUNTY,387,72 Years,133,65,68,114,57,57,15,6,9,3,2,1,1,0,1
RED RIVER COUNTY,387,73 Years,152,74,78,129,62,67,19,9,10,2,1,1,2,2,0
RED RIVER COUNTY,387,74 Years,126,61,65,105,51,54,17,9,8,1,0,1,3,1,2
RED RIVER COUNTY,387,75 Years,127,58,69,107,49,58,16,8,8,2,0,2,2,1,1
RED RIVER COUNTY,387,76 Years,122,62,60,104,52,52,14,8,6,2,1,1,2,1,1
RED RIVER COUNTY,387,77 Years,103,48,55,89,39,50,12,7,5,1,1,0,1,1,0
RED RIVER COUNTY,387,78 Years,100,44,56,86,37,49,12,7,5,2,0,2,0,0,0
RED RIVER COUNTY,387,79 Years,91,41,50,75,34,41,13,6,7,1,0,1,2,1,1
RED RIVER COUNTY,387,80 Years,89,40,49,74,33,41,12,5,7,1,1,0,2,1,1
RED RIVER COUNTY,387,81 Years,83,34,49,75,29,46,5,2,3,1,1,0,2,2,0
RED RIVER COUNTY,387,82 Years,68,27,41,59,24,35,8,2,6,0,0,0,1,1,0
RED RIVER COUNTY,387,83 Years,58,24,34,48,21,27,9,3,6,1,0,1,0,0,0
RED RIVER COUNTY,387,84 Years,59,21,38,51,16,35,7,4,3,1,1,0,0,0,0
RED RIVER COUNTY,387,85 Years +,331,113,218,274,94,180,46,16,30,6,2,4,5,1,4
REEVES COUNTY,389,All Ages,13967,8355,5612,2580,1708,872,665,567,98,200,119,81,10522,5961,4561
REEVES COUNTY,389,< 1 Year,186,93,93,16,7,9,4,4,0,3,1,2,163,81,82
REEVES COUNTY,389,1 Years,173,84,89,13,5,8,2,1,1,4,2,2,154,76,78
REEVES COUNTY,389,2 Years,159,80,79,12,5,7,3,2,1,2,2,0,142,71,71
REEVES COUNTY,389,3 Years,151,79,72,11,5,6,1,0,1,4,3,1,135,71,64
REEVES COUNTY,389,4 Years,152,80,72,12,7,5,0,0,0,3,2,1,137,71,66
REEVES COUNTY,389,5 Years,175,93,82,14,7,7,2,1,1,2,1,1,157,84,73
REEVES COUNTY,389,6 Years,198,99,99,19,7,12,3,1,2,2,1,1,174,90,84
REEVES COUNTY,389,7 Years,189,92,97,20,9,11,3,1,2,5,3,2,161,79,82
REEVES COUNTY,389,8 Years,158,84,74,17,8,9,2,2,0,3,3,0,136,71,65
REEVES COUNTY,389,9 Years,141,76,65,16,6,10,1,1,0,1,1,0,123,68,55
REEVES COUNTY,389,10 Years,167,94,73,17,6,11,2,2,0,1,1,0,147,85,62
REEVES COUNTY,389,11 Years,173,100,73,17,7,10,2,1,1,4,3,1,150,89,61
REEVES COUNTY,389,12 Years,176,101,75,19,9,10,1,0,1,7,6,1,149,86,63
REEVES COUNTY,389,13 Years,170,94,76,20,10,10,3,2,1,3,3,0,144,79,65
REEVES COUNTY,389,14 Years,164,87,77,11,5,6,2,1,1,2,1,1,149,80,69
REEVES COUNTY,389,15 Years,159,81,78,17,6,11,3,2,1,2,1,1,137,72,65
REEVES COUNTY,389,16 Years,156,81,75,13,6,7,4,2,2,3,1,2,136,72,64
REEVES COUNTY,389,17 Years,208,125,83,16,10,6,4,1,3,3,3,0,185,111,74
REEVES COUNTY,389,18 Years,189,93,96,14,8,6,4,1,3,0,0,0,171,84,87
REEVES COUNTY,389,19 Years,217,121,96,33,26,7,11,9,2,1,1,0,172,85,87
REEVES COUNTY,389,20 Years,321,208,113,59,50,9,22,21,1,3,2,1,237,135,102
REEVES COUNTY,389,21 Years,197,118,79,28,21,7,13,12,1,5,3,2,151,82,69
REEVES COUNTY,389,22 Years,180,114,66,20,14,6,6,5,1,3,1,2,151,94,57
REEVES COUNTY,389,23 Years,280,217,63,56,50,6,44,42,2,4,2,2,176,123,53
REEVES COUNTY,389,24 Years,379,320,59,86,81,5,44,43,1,9,7,2,240,189,51
REEVES COUNTY,389,25 Years,246,184,62,53,44,9,12,12,0,6,5,1,175,123,52
REEVES COUNTY,389,26 Years,217,150,67,46,40,6,19,19,0,1,1,0,151,90,61
REEVES COUNTY,389,27 Years,159,91,68,27,16,11,9,9,0,2,1,1,121,65,56
REEVES COUNTY,389,28 Years,207,141,66,46,38,8,10,9,1,0,0,0,151,94,57
REEVES COUNTY,389,29 Years,163,99,64,19,9,10,11,9,2,6,3,3,127,78,49
REEVES COUNTY,389,30 Years,128,72,56,16,9,7,2,1,1,3,2,1,107,60,47
REEVES COUNTY,389,31 Years,407,335,72,111,99,12,52,50,2,8,8,0,236,178,58
REEVES COUNTY,389,32 Years,153,90,63,22,16,6,11,9,2,1,1,0,119,64,55
REEVES COUNTY,389,33 Years,304,243,61,72,58,14,39,38,1,3,3,0,190,144,46
REEVES COUNTY,389,34 Years,122,57,65,17,10,7,2,0,2,0,0,0,103,47,56
REEVES COUNTY,389,35 Years,180,123,57,31,25,6,16,12,4,1,1,0,132,85,47
REEVES COUNTY,389,36 Years,205,140,65,36,30,6,16,15,1,1,0,1,152,95,57
REEVES COUNTY,389,37 Years,290,233,57,71,65,6,26,24,2,2,1,1,191,143,48
REEVES COUNTY,389,38 Years,302,228,74,71,66,5,29,28,1,3,3,0,199,131,68
REEVES COUNTY,389,39 Years,130,86,44,23,19,4,7,6,1,1,1,0,99,60,39
REEVES COUNTY,389,40 Years,153,80,73,21,15,6,10,8,2,3,2,1,119,55,64
REEVES COUNTY,389,41 Years,206,147,59,36,27,9,16,15,1,2,0,2,152,105,47
REEVES COUNTY,389,42 Years,203,144,59,30,22,8,15,14,1,2,1,1,156,107,49
REEVES COUNTY,389,43 Years,177,111,66,22,18,4,8,6,2,4,2,2,143,85,58
REEVES COUNTY,389,44 Years,158,104,54,24,19,5,9,8,1,3,1,2,122,76,46
REEVES COUNTY,389,45 Years,113,58,55,16,10,6,0,0,0,3,0,3,94,48,46
REEVES COUNTY,389,46 Years,206,127,79,59,49,10,14,14,0,1,0,1,132,64,68
REEVES COUNTY,389,47 Years,159,110,49,30,23,7,10,9,1,2,2,0,117,76,41
REEVES COUNTY,389,48 Years,219,153,66,58,43,15,12,11,1,3,1,2,146,98,48
REEVES COUNTY,389,49 Years,284,196,88,79,61,18,25,23,2,5,4,1,175,108,67
REEVES COUNTY,389,50 Years,178,90,88,24,8,16,1,0,1,3,0,3,150,82,68
REEVES COUNTY,389,51 Years,204,131,73,42,28,14,9,9,0,2,1,1,151,93,58
REEVES COUNTY,389,52 Years,181,121,60,47,37,10,8,7,1,2,1,1,124,76,48
REEVES COUNTY,389,53 Years,161,88,73,35,22,13,10,8,2,2,1,1,114,57,57
REEVES COUNTY,389,54 Years,131,66,65,23,13,10,4,2,2,1,0,1,103,51,52
REEVES COUNTY,389,55 Years,134,65,69,31,15,16,2,1,1,4,3,1,97,46,51
REEVES COUNTY,389,56 Years,182,114,68,48,29,19,6,5,1,4,3,1,124,77,47
REEVES COUNTY,389,57 Years,166,89,77,39,26,13,5,3,2,5,2,3,117,58,59
REEVES COUNTY,389,58 Years,171,97,74,35,20,15,7,5,2,5,3,2,124,69,55
REEVES COUNTY,389,59 Years,147,75,72,32,17,15,7,4,3,1,0,1,107,54,53
REEVES COUNTY,389,60 Years,134,74,60,34,22,12,4,2,2,2,1,1,94,49,45
REEVES COUNTY,389,61 Years,125,69,56,28,18,10,2,1,1,1,1,0,94,49,45
REEVES COUNTY,389,62 Years,130,64,66,30,17,13,2,2,0,0,0,0,98,45,53
REEVES COUNTY,389,63 Years,116,54,62,28,11,17,0,0,0,1,0,1,87,43,44
REEVES COUNTY,389,64 Years,111,55,56,20,10,10,3,1,2,3,2,1,85,42,43
REEVES COUNTY,389,65 Years,113,56,57,21,11,10,3,3,0,1,1,0,88,41,47
REEVES COUNTY,389,66 Years,117,51,66,25,15,10,0,0,0,1,0,1,91,36,55
REEVES COUNTY,389,67 Years,114,55,59,25,13,12,3,3,0,1,0,1,85,39,46
REEVES COUNTY,389,68 Years,99,43,56,23,11,12,0,0,0,0,0,0,76,32,44
REEVES COUNTY,389,69 Years,86,36,50,24,9,15,0,0,0,0,0,0,62,27,35
REEVES COUNTY,389,70 Years,97,48,49,24,12,12,0,0,0,4,1,3,69,35,34
REEVES COUNTY,389,71 Years,92,44,48,20,10,10,0,0,0,2,0,2,70,34,36
REEVES COUNTY,389,72 Years,72,33,39,24,10,14,1,0,1,0,0,0,47,23,24
REEVES COUNTY,389,73 Years,88,37,51,25,10,15,1,0,1,0,0,0,62,27,35
REEVES COUNTY,389,74 Years,85,35,50,21,8,13,1,0,1,3,0,3,60,27,33
REEVES COUNTY,389,75 Years,68,30,38,23,12,11,1,0,1,1,0,1,43,18,25
REEVES COUNTY,389,76 Years,72,31,41,20,8,12,0,0,0,2,2,0,50,21,29
REEVES COUNTY,389,77 Years,68,30,38,23,9,14,2,1,1,0,0,0,43,20,23
REEVES COUNTY,389,78 Years,71,32,39,21,10,11,2,1,1,0,0,0,48,21,27
REEVES COUNTY,389,79 Years,61,24,37,16,4,12,1,0,1,0,0,0,44,20,24
REEVES COUNTY,389,80 Years,60,24,36,13,5,8,2,0,2,1,0,1,44,19,25
REEVES COUNTY,389,81 Years,60,28,32,15,7,8,2,0,2,1,0,1,42,21,21
REEVES COUNTY,389,82 Years,53,23,30,14,6,8,0,0,0,1,0,1,38,17,21
REEVES COUNTY,389,83 Years,51,25,26,16,8,8,0,0,0,1,0,1,34,17,17
REEVES COUNTY,389,84 Years,46,17,29,12,6,6,1,1,0,0,0,0,33,10,23
REEVES COUNTY,389,85 Years +,214,85,129,67,25,42,9,2,7,0,0,0,138,58,80
REFUGIO COUNTY,391,All Ages,7344,3662,3682,3187,1578,1609,433,234,199,117,63,54,3607,1787,1820
REFUGIO COUNTY,391,< 1 Year,96,49,47,37,19,18,2,1,1,3,2,1,54,27,27
REFUGIO COUNTY,391,1 Years,91,43,48,36,18,18,2,1,1,0,0,0,53,24,29
REFUGIO COUNTY,391,2 Years,92,45,47,32,15,17,2,1,1,0,0,0,58,29,29
REFUGIO COUNTY,391,3 Years,97,44,53,35,15,20,1,1,0,0,0,0,61,28,33
REFUGIO COUNTY,391,4 Years,87,43,44,29,12,17,2,1,1,2,1,1,54,29,25
REFUGIO COUNTY,391,5 Years,68,35,33,18,10,8,3,3,0,1,0,1,46,22,24
REFUGIO COUNTY,391,6 Years,92,40,52,23,9,14,6,3,3,2,0,2,61,28,33
REFUGIO COUNTY,391,7 Years,103,54,49,32,17,15,5,3,2,3,3,0,63,31,32
REFUGIO COUNTY,391,8 Years,89,46,43,27,13,14,6,4,2,1,1,0,55,28,27
REFUGIO COUNTY,391,9 Years,88,42,46,32,17,15,6,4,2,2,2,0,48,19,29
REFUGIO COUNTY,391,10 Years,88,46,42,31,18,13,5,4,1,4,2,2,48,22,26
REFUGIO COUNTY,391,11 Years,84,42,42,26,15,11,3,1,2,3,1,2,52,25,27
REFUGIO COUNTY,391,12 Years,86,45,41,30,17,13,4,3,1,2,0,2,50,25,25
REFUGIO COUNTY,391,13 Years,120,59,61,41,20,21,3,3,0,2,1,1,74,35,39
REFUGIO COUNTY,391,14 Years,105,45,60,29,13,16,3,2,1,1,1,0,72,29,43
REFUGIO COUNTY,391,15 Years,103,52,51,30,17,13,7,3,4,0,0,0,66,32,34
REFUGIO COUNTY,391,16 Years,100,55,45,37,20,17,10,7,3,1,0,1,52,28,24
REFUGIO COUNTY,391,17 Years,98,57,41,39,19,20,10,5,5,1,1,0,48,32,16
REFUGIO COUNTY,391,18 Years,96,54,42,34,19,15,9,4,5,2,2,0,51,29,22
REFUGIO COUNTY,391,19 Years,95,51,44,34,20,14,8,4,4,1,1,0,52,26,26
REFUGIO COUNTY,391,20 Years,93,49,44,34,17,17,9,4,5,3,1,2,47,27,20
REFUGIO COUNTY,391,21 Years,112,60,52,38,19,19,7,3,4,2,1,1,65,37,28
REFUGIO COUNTY,391,22 Years,111,60,51,43,22,21,5,3,2,1,1,0,62,34,28
REFUGIO COUNTY,391,23 Years,94,57,37,28,15,13,7,4,3,0,0,0,59,38,21
REFUGIO COUNTY,391,24 Years,105,56,49,34,16,18,7,6,1,3,2,1,61,32,29
REFUGIO COUNTY,391,25 Years,75,37,38,25,14,11,6,3,3,2,1,1,42,19,23
REFUGIO COUNTY,391,26 Years,63,35,28,18,13,5,6,3,3,2,1,1,37,18,19
REFUGIO COUNTY,391,27 Years,74,46,28,33,21,12,7,3,4,0,0,0,34,22,12
REFUGIO COUNTY,391,28 Years,65,29,36,29,15,14,3,0,3,2,2,0,31,12,19
REFUGIO COUNTY,391,29 Years,55,26,29,18,9,9,2,1,1,1,1,0,34,15,19
REFUGIO COUNTY,391,30 Years,56,27,29,20,12,8,4,3,1,0,0,0,32,12,20
REFUGIO COUNTY,391,31 Years,71,39,32,24,14,10,2,2,0,1,0,1,44,23,21
REFUGIO COUNTY,391,32 Years,69,33,36,24,12,12,4,3,1,1,1,0,40,17,23
REFUGIO COUNTY,391,33 Years,70,36,34,20,10,10,7,5,2,0,0,0,43,21,22
REFUGIO COUNTY,391,34 Years,63,31,32,20,10,10,3,2,1,1,1,0,39,18,21
REFUGIO COUNTY,391,35 Years,67,33,34,25,11,14,5,2,3,3,1,2,34,19,15
REFUGIO COUNTY,391,36 Years,71,32,39,29,11,18,6,2,4,0,0,0,36,19,17
REFUGIO COUNTY,391,37 Years,52,24,28,22,12,10,2,0,2,0,0,0,28,12,16
REFUGIO COUNTY,391,38 Years,56,27,29,24,14,10,4,3,1,0,0,0,28,10,18
REFUGIO COUNTY,391,39 Years,60,28,32,21,11,10,5,1,4,1,1,0,33,15,18
REFUGIO COUNTY,391,40 Years,75,32,43,29,12,17,5,2,3,2,1,1,39,17,22
REFUGIO COUNTY,391,41 Years,89,50,39,38,20,18,4,3,1,1,0,1,46,27,19
REFUGIO COUNTY,391,42 Years,77,38,39,29,15,14,3,2,1,1,0,1,44,21,23
REFUGIO COUNTY,391,43 Years,89,45,44,40,22,18,4,2,2,1,0,1,44,21,23
REFUGIO COUNTY,391,44 Years,87,46,41,36,22,14,4,2,2,2,1,1,45,21,24
REFUGIO COUNTY,391,45 Years,89,42,47,33,14,19,4,3,1,2,1,1,50,24,26
REFUGIO COUNTY,391,46 Years,90,39,51,38,18,20,4,2,2,2,1,1,46,18,28
REFUGIO COUNTY,391,47 Years,92,41,51,42,19,23,4,3,1,0,0,0,46,19,27
REFUGIO COUNTY,391,48 Years,85,44,41,38,17,21,4,3,1,2,2,0,41,22,19
REFUGIO COUNTY,391,49 Years,93,47,46,39,20,19,7,5,2,2,1,1,45,21,24
REFUGIO COUNTY,391,50 Years,102,52,50,47,24,23,7,6,1,0,0,0,48,22,26
REFUGIO COUNTY,391,51 Years,107,56,51,52,28,24,7,4,3,3,2,1,45,22,23
REFUGIO COUNTY,391,52 Years,108,53,55,53,24,29,7,3,4,1,0,1,47,26,21
REFUGIO COUNTY,391,53 Years,105,58,47,54,28,26,6,3,3,3,3,0,42,24,18
REFUGIO COUNTY,391,54 Years,104,59,45,49,29,20,11,4,7,4,3,1,40,23,17
REFUGIO COUNTY,391,55 Years,103,57,46,47,26,21,8,4,4,2,2,0,46,25,21
REFUGIO COUNTY,391,56 Years,108,54,54,53,26,27,6,4,2,3,1,2,46,23,23
REFUGIO COUNTY,391,57 Years,108,57,51,65,32,33,5,3,2,1,1,0,37,21,16
REFUGIO COUNTY,391,58 Years,119,60,59,61,28,33,4,2,2,4,2,2,50,28,22
REFUGIO COUNTY,391,59 Years,117,61,56,58,31,27,6,3,3,2,1,1,51,26,25
REFUGIO COUNTY,391,60 Years,100,50,50,53,24,29,7,5,2,1,0,1,39,21,18
REFUGIO COUNTY,391,61 Years,101,62,39,55,33,22,6,4,2,2,2,0,38,23,15
REFUGIO COUNTY,391,62 Years,94,51,43,45,24,21,5,3,2,3,2,1,41,22,19
REFUGIO COUNTY,391,63 Years,84,43,41,42,19,23,4,4,0,1,0,1,37,20,17
REFUGIO COUNTY,391,64 Years,87,43,44,47,21,26,3,2,1,0,0,0,37,20,17
REFUGIO COUNTY,391,65 Years,89,45,44,52,25,27,6,3,3,0,0,0,31,17,14
REFUGIO COUNTY,391,66 Years,109,49,60,59,25,34,7,2,5,2,0,2,41,22,19
REFUGIO COUNTY,391,67 Years,91,36,55,47,17,30,8,3,5,1,0,1,35,16,19
REFUGIO COUNTY,391,68 Years,95,41,54,47,23,24,5,1,4,2,0,2,41,17,24
REFUGIO COUNTY,391,69 Years,89,42,47,43,24,19,9,4,5,1,0,1,36,14,22
REFUGIO COUNTY,391,70 Years,94,46,48,52,23,29,8,4,4,3,1,2,31,18,13
REFUGIO COUNTY,391,71 Years,83,36,47,52,21,31,5,2,3,1,0,1,25,13,12
REFUGIO COUNTY,391,72 Years,70,30,40,37,18,19,5,2,3,1,0,1,27,10,17
REFUGIO COUNTY,391,73 Years,69,34,35,37,19,18,6,3,3,0,0,0,26,12,14
REFUGIO COUNTY,391,74 Years,67,33,34,40,19,21,4,3,1,0,0,0,23,11,12
REFUGIO COUNTY,391,75 Years,77,38,39,47,25,22,2,1,1,1,0,1,27,12,15
REFUGIO COUNTY,391,76 Years,66,35,31,40,21,19,3,1,2,0,0,0,23,13,10
REFUGIO COUNTY,391,77 Years,72,40,32,44,27,17,2,0,2,0,0,0,26,13,13
REFUGIO COUNTY,391,78 Years,62,34,28,38,23,15,1,0,1,0,0,0,23,11,12
REFUGIO COUNTY,391,79 Years,59,24,35,35,15,20,2,0,2,2,1,1,20,8,12
REFUGIO COUNTY,391,80 Years,44,18,26,23,9,14,2,2,0,1,0,1,18,7,11
REFUGIO COUNTY,391,81 Years,40,19,21,19,8,11,3,2,1,1,1,0,17,8,9
REFUGIO COUNTY,391,82 Years,41,14,27,23,7,16,1,0,1,1,1,0,16,6,10
REFUGIO COUNTY,391,83 Years,37,14,23,21,6,15,3,2,1,0,0,0,13,6,7
REFUGIO COUNTY,391,84 Years,31,14,17,18,7,11,3,2,1,1,1,0,9,4,5
REFUGIO COUNTY,391,85 Years +,186,68,118,109,39,70,15,5,10,0,0,0,62,24,38
ROBERTS COUNTY,393,All Ages,928,474,454,842,427,415,0,0,0,13,7,6,73,40,33
ROBERTS COUNTY,393,< 1 Year,9,4,5,8,4,4,0,0,0,0,0,0,1,0,1
ROBERTS COUNTY,393,1 Years,12,6,6,12,6,6,0,0,0,0,0,0,0,0,0
ROBERTS COUNTY,393,2 Years,12,8,4,12,8,4,0,0,0,0,0,0,0,0,0
ROBERTS COUNTY,393,3 Years,13,9,4,13,9,4,0,0,0,0,0,0,0,0,0
ROBERTS COUNTY,393,4 Years,14,8,6,13,7,6,0,0,0,0,0,0,1,1,0
ROBERTS COUNTY,393,5 Years,8,3,5,7,2,5,0,0,0,0,0,0,1,1,0
ROBERTS COUNTY,393,6 Years,16,11,5,12,8,4,0,0,0,0,0,0,4,3,1
ROBERTS COUNTY,393,7 Years,24,16,8,21,13,8,0,0,0,0,0,0,3,3,0
ROBERTS COUNTY,393,8 Years,13,9,4,10,7,3,0,0,0,1,1,0,2,1,1
ROBERTS COUNTY,393,9 Years,12,6,6,9,4,5,0,0,0,1,1,0,2,1,1
ROBERTS COUNTY,393,10 Years,10,5,5,9,4,5,0,0,0,0,0,0,1,1,0
ROBERTS COUNTY,393,11 Years,7,4,3,7,4,3,0,0,0,0,0,0,0,0,0
ROBERTS COUNTY,393,12 Years,9,4,5,8,4,4,0,0,0,0,0,0,1,0,1
ROBERTS COUNTY,393,13 Years,17,9,8,16,8,8,0,0,0,0,0,0,1,1,0
ROBERTS COUNTY,393,14 Years,15,8,7,14,8,6,0,0,0,0,0,0,1,0,1
ROBERTS COUNTY,393,15 Years,14,8,6,12,7,5,0,0,0,0,0,0,2,1,1
ROBERTS COUNTY,393,16 Years,18,10,8,16,9,7,0,0,0,0,0,0,2,1,1
ROBERTS COUNTY,393,17 Years,14,7,7,13,7,6,0,0,0,0,0,0,1,0,1
ROBERTS COUNTY,393,18 Years,12,6,6,12,6,6,0,0,0,0,0,0,0,0,0
ROBERTS COUNTY,393,19 Years,7,2,5,5,2,3,0,0,0,0,0,0,2,0,2
ROBERTS COUNTY,393,20 Years,9,3,6,7,3,4,0,0,0,0,0,0,2,0,2
ROBERTS COUNTY,393,21 Years,8,4,4,5,2,3,0,0,0,1,1,0,2,1,1
ROBERTS COUNTY,393,22 Years,12,6,6,10,4,6,0,0,0,0,0,0,2,2,0
ROBERTS COUNTY,393,23 Years,5,2,3,4,1,3,0,0,0,1,1,0,0,0,0
ROBERTS COUNTY,393,24 Years,8,5,3,8,5,3,0,0,0,0,0,0,0,0,0
ROBERTS COUNTY,393,25 Years,11,5,6,10,5,5,0,0,0,0,0,0,1,0,1
ROBERTS COUNTY,393,26 Years,8,4,4,7,4,3,0,0,0,0,0,0,1,0,1
ROBERTS COUNTY,393,27 Years,10,3,7,9,3,6,0,0,0,0,0,0,1,0,1
ROBERTS COUNTY,393,28 Years,7,2,5,5,1,4,0,0,0,0,0,0,2,1,1
ROBERTS COUNTY,393,29 Years,10,4,6,8,4,4,0,0,0,1,0,1,1,0,1
ROBERTS COUNTY,393,30 Years,10,6,4,9,6,3,0,0,0,0,0,0,1,0,1
ROBERTS COUNTY,393,31 Years,12,7,5,12,7,5,0,0,0,0,0,0,0,0,0
ROBERTS COUNTY,393,32 Years,12,5,7,11,5,6,0,0,0,0,0,0,1,0,1
ROBERTS COUNTY,393,33 Years,16,8,8,13,5,8,0,0,0,1,1,0,2,2,0
ROBERTS COUNTY,393,34 Years,10,4,6,10,4,6,0,0,0,0,0,0,0,0,0
ROBERTS COUNTY,393,35 Years,12,8,4,11,7,4,0,0,0,0,0,0,1,1,0
ROBERTS COUNTY,393,36 Years,10,6,4,10,6,4,0,0,0,0,0,0,0,0,0
ROBERTS COUNTY,393,37 Years,7,5,2,7,5,2,0,0,0,0,0,0,0,0,0
ROBERTS COUNTY,393,38 Years,6,2,4,6,2,4,0,0,0,0,0,0,0,0,0
ROBERTS COUNTY,393,39 Years,7,2,5,6,1,5,0,0,0,0,0,0,1,1,0
ROBERTS COUNTY,393,40 Years,4,2,2,3,1,2,0,0,0,0,0,0,1,1,0
ROBERTS COUNTY,393,41 Years,7,4,3,6,3,3,0,0,0,0,0,0,1,1,0
ROBERTS COUNTY,393,42 Years,7,3,4,6,3,3,0,0,0,0,0,0,1,0,1
ROBERTS COUNTY,393,43 Years,9,3,6,7,2,5,0,0,0,0,0,0,2,1,1
ROBERTS COUNTY,393,44 Years,13,4,9,11,3,8,0,0,0,0,0,0,2,1,1
ROBERTS COUNTY,393,45 Years,14,5,9,11,3,8,0,0,0,0,0,0,3,2,1
ROBERTS COUNTY,393,46 Years,11,6,5,9,5,4,0,0,0,0,0,0,2,1,1
ROBERTS COUNTY,393,47 Years,14,10,4,14,10,4,0,0,0,0,0,0,0,0,0
ROBERTS COUNTY,393,48 Years,12,8,4,12,8,4,0,0,0,0,0,0,0,0,0
ROBERTS COUNTY,393,49 Years,11,8,3,11,8,3,0,0,0,0,0,0,0,0,0
ROBERTS COUNTY,393,50 Years,14,5,9,12,5,7,0,0,0,0,0,0,2,0,2
ROBERTS COUNTY,393,51 Years,12,6,6,11,6,5,0,0,0,0,0,0,1,0,1
ROBERTS COUNTY,393,52 Years,16,10,6,15,9,6,0,0,0,0,0,0,1,1,0
ROBERTS COUNTY,393,53 Years,12,9,3,11,8,3,0,0,0,0,0,0,1,1,0
ROBERTS COUNTY,393,54 Years,17,7,10,15,6,9,0,0,0,0,0,0,2,1,1
ROBERTS COUNTY,393,55 Years,16,8,8,15,8,7,0,0,0,1,0,1,0,0,0
ROBERTS COUNTY,393,56 Years,11,6,5,11,6,5,0,0,0,0,0,0,0,0,0
ROBERTS COUNTY,393,57 Years,13,5,8,12,4,8,0,0,0,0,0,0,1,1,0
ROBERTS COUNTY,393,58 Years,10,4,6,10,4,6,0,0,0,0,0,0,0,0,0
ROBERTS COUNTY,393,59 Years,12,6,6,11,5,6,0,0,0,0,0,0,1,1,0
ROBERTS COUNTY,393,60 Years,16,7,9,16,7,9,0,0,0,0,0,0,0,0,0
ROBERTS COUNTY,393,61 Years,13,8,5,12,8,4,0,0,0,1,0,1,0,0,0
ROBERTS COUNTY,393,62 Years,14,7,7,12,7,5,0,0,0,1,0,1,1,0,1
ROBERTS COUNTY,393,63 Years,11,6,5,11,6,5,0,0,0,0,0,0,0,0,0
ROBERTS COUNTY,393,64 Years,11,7,4,9,5,4,0,0,0,2,2,0,0,0,0
ROBERTS COUNTY,393,65 Years,9,5,4,8,5,3,0,0,0,0,0,0,1,0,1
ROBERTS COUNTY,393,66 Years,14,8,6,14,8,6,0,0,0,0,0,0,0,0,0
ROBERTS COUNTY,393,67 Years,13,9,4,13,9,4,0,0,0,0,0,0,0,0,0
ROBERTS COUNTY,393,68 Years,10,5,5,9,4,5,0,0,0,0,0,0,1,1,0
ROBERTS COUNTY,393,69 Years,12,6,6,11,5,6,0,0,0,0,0,0,1,1,0
ROBERTS COUNTY,393,70 Years,16,8,8,15,7,8,0,0,0,0,0,0,1,1,0
ROBERTS COUNTY,393,71 Years,12,5,7,11,4,7,0,0,0,0,0,0,1,1,0
ROBERTS COUNTY,393,72 Years,10,5,5,9,4,5,0,0,0,0,0,0,1,1,0
ROBERTS COUNTY,393,73 Years,10,7,3,9,6,3,0,0,0,0,0,0,1,1,0
ROBERTS COUNTY,393,74 Years,6,2,4,5,2,3,0,0,0,1,0,1,0,0,0
ROBERTS COUNTY,393,75 Years,6,1,5,6,1,5,0,0,0,0,0,0,0,0,0
ROBERTS COUNTY,393,76 Years,10,4,6,10,4,6,0,0,0,0,0,0,0,0,0
ROBERTS COUNTY,393,77 Years,6,2,4,6,2,4,0,0,0,0,0,0,0,0,0
ROBERTS COUNTY,393,78 Years,5,3,2,5,3,2,0,0,0,0,0,0,0,0,0
ROBERTS COUNTY,393,79 Years,7,5,2,7,5,2,0,0,0,0,0,0,0,0,0
ROBERTS COUNTY,393,80 Years,5,3,2,5,3,2,0,0,0,0,0,0,0,0,0
ROBERTS COUNTY,393,81 Years,3,1,2,2,1,1,0,0,0,1,0,1,0,0,0
ROBERTS COUNTY,393,82 Years,2,1,1,2,1,1,0,0,0,0,0,0,0,0,0
ROBERTS COUNTY,393,83 Years,5,1,4,5,1,4,0,0,0,0,0,0,0,0,0
ROBERTS COUNTY,393,84 Years,5,1,4,5,1,4,0,0,0,0,0,0,0,0,0
ROBERTS COUNTY,393,85 Years +,16,4,12,15,4,11,0,0,0,0,0,0,1,0,1
ROBERTSON COUNTY,395,All Ages,17173,8550,8623,9760,4880,4880,3631,1721,1910,329,176,153,3453,1773,1680
ROBERTSON COUNTY,395,< 1 Year,210,107,103,90,46,44,47,24,23,3,1,2,70,36,34
ROBERTSON COUNTY,395,1 Years,204,102,102,83,39,44,45,24,21,4,2,2,72,37,35
ROBERTSON COUNTY,395,2 Years,201,102,99,83,38,45,48,26,22,3,3,0,67,35,32
ROBERTSON COUNTY,395,3 Years,202,103,99,82,39,43,43,24,19,5,4,1,72,36,36
ROBERTSON COUNTY,395,4 Years,220,113,107,89,48,41,47,24,23,7,5,2,77,36,41
ROBERTSON COUNTY,395,5 Years,213,104,109,88,42,46,45,21,24,9,7,2,71,34,37
ROBERTSON COUNTY,395,6 Years,249,128,121,109,62,47,54,23,31,11,7,4,75,36,39
ROBERTSON COUNTY,395,7 Years,243,118,125,118,57,61,51,23,28,5,3,2,69,35,34
ROBERTSON COUNTY,395,8 Years,249,135,114,113,64,49,51,24,27,4,3,1,81,44,37
ROBERTSON COUNTY,395,9 Years,222,117,105,97,52,45,48,26,22,7,2,5,70,37,33
ROBERTSON COUNTY,395,10 Years,215,109,106,98,57,41,48,23,25,4,0,4,65,29,36
ROBERTSON COUNTY,395,11 Years,214,110,104,96,57,39,44,18,26,3,0,3,71,35,36
ROBERTSON COUNTY,395,12 Years,212,105,107,91,46,45,53,26,27,3,1,2,65,32,33
ROBERTSON COUNTY,395,13 Years,246,121,125,111,52,59,62,35,27,9,4,5,64,30,34
ROBERTSON COUNTY,395,14 Years,267,142,125,130,70,60,59,31,28,9,5,4,69,36,33
ROBERTSON COUNTY,395,15 Years,241,134,107,115,67,48,56,32,24,6,2,4,64,33,31
ROBERTSON COUNTY,395,16 Years,238,117,121,105,56,49,58,28,30,8,3,5,67,30,37
ROBERTSON COUNTY,395,17 Years,239,128,111,113,66,47,56,31,25,7,2,5,63,29,34
ROBERTSON COUNTY,395,18 Years,232,132,100,110,67,43,62,34,28,5,3,2,55,28,27
ROBERTSON COUNTY,395,19 Years,228,135,93,96,57,39,68,42,26,5,4,1,59,32,27
ROBERTSON COUNTY,395,20 Years,239,131,108,102,56,46,73,40,33,8,4,4,56,31,25
ROBERTSON COUNTY,395,21 Years,233,122,111,107,60,47,67,29,38,5,3,2,54,30,24
ROBERTSON COUNTY,395,22 Years,223,116,107,100,56,44,67,34,33,5,4,1,51,22,29
ROBERTSON COUNTY,395,23 Years,207,105,102,92,46,46,59,28,31,3,2,1,53,29,24
ROBERTSON COUNTY,395,24 Years,203,97,106,79,41,38,62,25,37,2,2,0,60,29,31
ROBERTSON COUNTY,395,25 Years,181,88,93,80,42,38,55,22,33,3,2,1,43,22,21
ROBERTSON COUNTY,395,26 Years,179,87,92,85,40,45,42,17,25,2,1,1,50,29,21
ROBERTSON COUNTY,395,27 Years,170,88,82,77,41,36,47,24,23,2,2,0,44,21,23
ROBERTSON COUNTY,395,28 Years,166,74,92,79,40,39,42,18,24,4,1,3,41,15,26
ROBERTSON COUNTY,395,29 Years,189,95,94,90,48,42,38,18,20,5,1,4,56,28,28
ROBERTSON COUNTY,395,30 Years,185,93,92,87,47,40,37,20,17,2,0,2,59,26,33
ROBERTSON COUNTY,395,31 Years,198,92,106,89,41,48,45,23,22,2,1,1,62,27,35
ROBERTSON COUNTY,395,32 Years,190,98,92,104,52,52,34,21,13,3,2,1,49,23,26
ROBERTSON COUNTY,395,33 Years,178,97,81,95,52,43,31,18,13,3,2,1,49,25,24
ROBERTSON COUNTY,395,34 Years,207,113,94,111,61,50,39,19,20,3,1,2,54,32,22
ROBERTSON COUNTY,395,35 Years,198,107,91,101,57,44,34,17,17,5,2,3,58,31,27
ROBERTSON COUNTY,395,36 Years,194,95,99,102,50,52,40,18,22,3,2,1,49,25,24
ROBERTSON COUNTY,395,37 Years,181,92,89,97,50,47,35,17,18,4,2,2,45,23,22
ROBERTSON COUNTY,395,38 Years,172,86,86,85,42,43,40,19,21,3,2,1,44,23,21
ROBERTSON COUNTY,395,39 Years,186,83,103,93,39,54,50,23,27,2,1,1,41,20,21
ROBERTSON COUNTY,395,40 Years,165,80,85,82,41,41,38,14,24,3,3,0,42,22,20
ROBERTSON COUNTY,395,41 Years,168,88,80,93,54,39,33,10,23,3,3,0,39,21,18
ROBERTSON COUNTY,395,42 Years,193,95,98,115,54,61,36,17,19,3,2,1,39,22,17
ROBERTSON COUNTY,395,43 Years,208,88,120,125,50,75,38,14,24,4,2,2,41,22,19
ROBERTSON COUNTY,395,44 Years,195,93,102,117,59,58,38,10,28,6,3,3,34,21,13
ROBERTSON COUNTY,395,45 Years,206,97,109,121,61,60,45,17,28,3,2,1,37,17,20
ROBERTSON COUNTY,395,46 Years,217,97,120,127,58,69,46,20,26,4,1,3,40,18,22
ROBERTSON COUNTY,395,47 Years,225,108,117,126,53,73,55,30,25,5,3,2,39,22,17
ROBERTSON COUNTY,395,48 Years,225,108,117,136,60,76,50,28,22,4,2,2,35,18,17
ROBERTSON COUNTY,395,49 Years,228,123,105,138,74,64,48,27,21,3,2,1,39,20,19
ROBERTSON COUNTY,395,50 Years,234,127,107,147,77,70,49,29,20,5,3,2,33,18,15
ROBERTSON COUNTY,395,51 Years,230,123,107,156,81,75,47,28,19,3,1,2,24,13,11
ROBERTSON COUNTY,395,52 Years,232,112,120,150,71,79,47,20,27,4,2,2,31,19,12
ROBERTSON COUNTY,395,53 Years,223,119,104,132,68,64,48,22,26,6,3,3,37,26,11
ROBERTSON COUNTY,395,54 Years,259,139,120,155,84,71,60,26,34,5,3,2,39,26,13
ROBERTSON COUNTY,395,55 Years,262,126,136,177,84,93,48,21,27,4,2,2,33,19,14
ROBERTSON COUNTY,395,56 Years,254,121,133,161,78,83,59,26,33,6,1,5,28,16,12
ROBERTSON COUNTY,395,57 Years,264,134,130,168,89,79,63,29,34,5,1,4,28,15,13
ROBERTSON COUNTY,395,58 Years,248,131,117,163,86,77,50,25,25,8,6,2,27,14,13
ROBERTSON COUNTY,395,59 Years,239,115,124,170,82,88,40,17,23,7,5,2,22,11,11
ROBERTSON COUNTY,395,60 Years,260,129,131,178,88,90,42,17,25,6,3,3,34,21,13
ROBERTSON COUNTY,395,61 Years,244,112,132,166,75,91,45,19,26,4,2,2,29,16,13
ROBERTSON COUNTY,395,62 Years,207,102,105,142,67,75,43,24,19,3,1,2,19,10,9
ROBERTSON COUNTY,395,63 Years,212,106,106,151,70,81,42,24,18,2,0,2,17,12,5
ROBERTSON COUNTY,395,64 Years,218,106,112,150,72,78,42,20,22,3,1,2,23,13,10
ROBERTSON COUNTY,395,65 Years,231,110,121,163,76,87,43,20,23,1,1,0,24,13,11
ROBERTSON COUNTY,395,66 Years,221,113,108,159,84,75,40,17,23,3,3,0,19,9,10
ROBERTSON COUNTY,395,67 Years,219,115,104,161,87,74,36,15,21,2,2,0,20,11,9
ROBERTSON COUNTY,395,68 Years,186,96,90,130,68,62,36,16,20,2,2,0,18,10,8
ROBERTSON COUNTY,395,69 Years,148,68,80,111,53,58,20,6,14,2,1,1,15,8,7
ROBERTSON COUNTY,395,70 Years,168,82,86,126,67,59,28,10,18,1,0,1,13,5,8
ROBERTSON COUNTY,395,71 Years,165,76,89,123,58,65,26,11,15,2,1,1,14,6,8
ROBERTSON COUNTY,395,72 Years,165,75,90,117,53,64,27,11,16,2,0,2,19,11,8
ROBERTSON COUNTY,395,73 Years,144,64,80,111,48,63,20,7,13,3,2,1,10,7,3
ROBERTSON COUNTY,395,74 Years,136,57,79,109,47,62,17,7,10,2,1,1,8,2,6
ROBERTSON COUNTY,395,75 Years,137,63,74,109,50,59,21,9,12,1,0,1,6,4,2
ROBERTSON COUNTY,395,76 Years,128,62,66,93,45,48,20,9,11,2,1,1,13,7,6
ROBERTSON COUNTY,395,77 Years,126,68,58,94,50,44,15,9,6,1,1,0,16,8,8
ROBERTSON COUNTY,395,78 Years,114,50,64,88,39,49,13,5,8,1,1,0,12,5,7
ROBERTSON COUNTY,395,79 Years,92,41,51,72,32,40,15,6,9,1,1,0,4,2,2
ROBERTSON COUNTY,395,80 Years,84,42,42,63,35,28,18,6,12,0,0,0,3,1,2
ROBERTSON COUNTY,395,81 Years,87,44,43,66,35,31,10,5,5,2,1,1,9,3,6
ROBERTSON COUNTY,395,82 Years,72,32,40,58,24,34,9,5,4,1,1,0,4,2,2
ROBERTSON COUNTY,395,83 Years,68,28,40,53,21,32,9,4,5,0,0,0,6,3,3
ROBERTSON COUNTY,395,84 Years,65,24,41,51,19,32,9,2,7,0,0,0,5,3,2
ROBERTSON COUNTY,395,85 Years +,377,140,237,285,110,175,65,18,47,5,2,3,22,10,12
ROCKWALL COUNTY,397,All Ages,87342,42837,44505,62550,30534,32016,5258,2563,2695,4309,2066,2243,15225,7674,7551
ROCKWALL COUNTY,397,< 1 Year,897,459,438,554,286,268,48,21,27,56,31,25,239,121,118
ROCKWALL COUNTY,397,1 Years,884,452,432,542,281,261,45,22,23,58,32,26,239,117,122
ROCKWALL COUNTY,397,2 Years,901,454,447,553,279,274,45,23,22,57,31,26,246,121,125
ROCKWALL COUNTY,397,3 Years,918,461,457,559,282,277,44,24,20,61,32,29,254,123,131
ROCKWALL COUNTY,397,4 Years,986,489,497,614,304,310,57,31,26,61,30,31,254,124,130
ROCKWALL COUNTY,397,5 Years,1148,587,561,742,386,356,64,30,34,80,46,34,262,125,137
ROCKWALL COUNTY,397,6 Years,1263,644,619,812,424,388,68,33,35,90,48,42,293,139,154
ROCKWALL COUNTY,397,7 Years,1343,680,663,861,439,422,73,40,33,91,45,46,318,156,162
ROCKWALL COUNTY,397,8 Years,1425,732,693,939,486,453,79,42,37,88,45,43,319,159,160
ROCKWALL COUNTY,397,9 Years,1488,747,741,987,500,487,86,38,48,91,44,47,324,165,159
ROCKWALL COUNTY,397,10 Years,1520,766,754,995,498,497,93,41,52,97,46,51,335,181,154
ROCKWALL COUNTY,397,11 Years,1486,749,737,963,476,487,102,49,53,90,46,44,331,178,153
ROCKWALL COUNTY,397,12 Years,1557,806,751,995,502,493,109,55,54,95,55,40,358,194,164
ROCKWALL COUNTY,397,13 Years,1658,846,812,1081,545,536,105,53,52,101,51,50,371,197,174
ROCKWALL COUNTY,397,14 Years,1712,854,858,1125,554,571,102,48,54,97,50,47,388,202,186
ROCKWALL COUNTY,397,15 Years,1725,851,874,1131,548,583,103,51,52,103,48,55,388,204,184
ROCKWALL COUNTY,397,16 Years,1716,870,846,1132,575,557,107,58,49,104,48,56,373,189,184
ROCKWALL COUNTY,397,17 Years,1630,825,805,1085,548,537,121,62,59,84,41,43,340,174,166
ROCKWALL COUNTY,397,18 Years,1575,799,776,1022,514,508,130,66,64,90,48,42,333,171,162
ROCKWALL COUNTY,397,19 Years,1390,719,671,855,432,423,122,63,59,77,45,32,336,179,157
ROCKWALL COUNTY,397,20 Years,1218,641,577,734,375,359,110,59,51,69,42,27,305,165,140
ROCKWALL COUNTY,397,21 Years,1168,606,562,707,359,348,110,58,52,66,40,26,285,149,136
ROCKWALL COUNTY,397,22 Years,1038,552,486,632,341,291,82,41,41,67,33,34,257,137,120
ROCKWALL COUNTY,397,23 Years,808,427,381,464,236,228,71,38,33,47,23,24,226,130,96
ROCKWALL COUNTY,397,24 Years,761,405,356,444,243,201,70,33,37,45,25,20,202,104,98
ROCKWALL COUNTY,397,25 Years,695,374,321,429,230,199,50,25,25,42,24,18,174,95,79
ROCKWALL COUNTY,397,26 Years,645,344,301,396,211,185,42,22,20,42,21,21,165,90,75
ROCKWALL COUNTY,397,27 Years,645,335,310,412,209,203,35,20,15,36,14,22,162,92,70
ROCKWALL COUNTY,397,28 Years,689,334,355,448,205,243,29,15,14,39,18,21,173,96,77
ROCKWALL COUNTY,397,29 Years,771,383,388,527,258,269,38,18,20,37,19,18,169,88,81
ROCKWALL COUNTY,397,30 Years,835,417,418,572,292,280,39,14,25,40,19,21,184,92,92
ROCKWALL COUNTY,397,31 Years,929,438,491,641,303,338,42,20,22,44,21,23,202,94,108
ROCKWALL COUNTY,397,32 Years,994,480,514,699,341,358,44,22,22,42,18,24,209,99,110
ROCKWALL COUNTY,397,33 Years,1065,522,543,737,369,368,48,24,24,44,20,24,236,109,127
ROCKWALL COUNTY,397,34 Years,1110,533,577,768,367,401,63,32,31,40,19,21,239,115,124
ROCKWALL COUNTY,397,35 Years,1149,559,590,774,372,402,71,34,37,38,19,19,266,134,132
ROCKWALL COUNTY,397,36 Years,1177,537,640,793,363,430,66,27,39,50,22,28,268,125,143
ROCKWALL COUNTY,397,37 Years,1156,536,620,771,355,416,70,32,38,61,25,36,254,124,130
ROCKWALL COUNTY,397,38 Years,1212,556,656,815,372,443,82,31,51,60,24,36,255,129,126
ROCKWALL COUNTY,397,39 Years,1234,573,661,832,389,443,78,32,46,69,28,41,255,124,131
ROCKWALL COUNTY,397,40 Years,1263,594,669,859,409,450,79,36,43,67,23,44,258,126,132
ROCKWALL COUNTY,397,41 Years,1248,604,644,860,421,439,85,41,44,55,25,30,248,117,131
ROCKWALL COUNTY,397,42 Years,1319,620,699,909,431,478,102,45,57,61,30,31,247,114,133
ROCKWALL COUNTY,397,43 Years,1482,712,770,1047,509,538,118,55,63,69,34,35,248,114,134
ROCKWALL COUNTY,397,44 Years,1487,728,759,1077,536,541,104,50,54,66,33,33,240,109,131
ROCKWALL COUNTY,397,45 Years,1456,708,748,1040,509,531,107,50,57,72,34,38,237,115,122
ROCKWALL COUNTY,397,46 Years,1452,727,725,1058,532,526,96,48,48,72,33,39,226,114,112
ROCKWALL COUNTY,397,47 Years,1394,716,678,1025,528,497,101,53,48,73,32,41,195,103,92
ROCKWALL COUNTY,397,48 Years,1381,719,662,1017,535,482,111,54,57,64,30,34,189,100,89
ROCKWALL COUNTY,397,49 Years,1438,732,706,1094,557,537,111,51,60,52,28,24,181,96,85
ROCKWALL COUNTY,397,50 Years,1458,718,740,1121,542,579,99,52,47,56,26,30,182,98,84
ROCKWALL COUNTY,397,51 Years,1406,689,717,1091,535,556,92,45,47,44,18,26,179,91,88
ROCKWALL COUNTY,397,52 Years,1359,668,691,1069,526,543,86,45,41,49,22,27,155,75,80
ROCKWALL COUNTY,397,53 Years,1394,686,708,1089,535,554,99,56,43,43,20,23,163,75,88
ROCKWALL COUNTY,397,54 Years,1332,652,680,1060,513,547,79,42,37,42,20,22,151,77,74
ROCKWALL COUNTY,397,55 Years,1220,591,629,975,468,507,72,38,34,49,19,30,124,66,58
ROCKWALL COUNTY,397,56 Years,1196,572,624,977,472,505,66,31,35,51,19,32,102,50,52
ROCKWALL COUNTY,397,57 Years,1171,542,629,948,441,507,67,34,33,42,19,23,114,48,66
ROCKWALL COUNTY,397,58 Years,1129,554,575,929,447,482,62,32,30,41,22,19,97,53,44
ROCKWALL COUNTY,397,59 Years,1056,502,554,883,416,467,49,21,28,42,18,24,82,47,35
ROCKWALL COUNTY,397,60 Years,957,455,502,803,390,413,44,17,27,41,12,29,69,36,33
ROCKWALL COUNTY,397,61 Years,921,438,483,770,374,396,45,23,22,45,17,28,61,24,37
ROCKWALL COUNTY,397,62 Years,902,456,446,751,384,367,46,20,26,41,18,23,64,34,30
ROCKWALL COUNTY,397,63 Years,820,401,419,685,334,351,42,21,21,38,15,23,55,31,24
ROCKWALL COUNTY,397,64 Years,787,378,409,669,313,356,36,21,15,32,13,19,50,31,19
ROCKWALL COUNTY,397,65 Years,773,364,409,662,304,358,31,16,15,33,18,15,47,26,21
ROCKWALL COUNTY,397,66 Years,744,345,399,629,291,338,33,16,17,35,16,19,47,22,25
ROCKWALL COUNTY,397,67 Years,747,349,398,644,304,340,25,10,15,31,11,20,47,24,23
ROCKWALL COUNTY,397,68 Years,604,283,321,517,246,271,21,11,10,18,5,13,48,21,27
ROCKWALL COUNTY,397,69 Years,594,262,332,513,231,282,27,11,16,15,5,10,39,15,24
ROCKWALL COUNTY,397,70 Years,614,272,342,542,246,296,23,10,13,23,7,16,26,9,17
ROCKWALL COUNTY,397,71 Years,605,279,326,535,250,285,15,7,8,23,10,13,32,12,20
ROCKWALL COUNTY,397,72 Years,518,250,268,452,222,230,15,5,10,23,12,11,28,11,17
ROCKWALL COUNTY,397,73 Years,467,233,234,406,209,197,19,6,13,17,8,9,25,10,15
ROCKWALL COUNTY,397,74 Years,435,207,228,382,184,198,16,7,9,18,8,10,19,8,11
ROCKWALL COUNTY,397,75 Years,398,184,214,359,165,194,9,6,3,15,7,8,15,6,9
ROCKWALL COUNTY,397,76 Years,335,153,182,303,140,163,7,4,3,11,4,7,14,5,9
ROCKWALL COUNTY,397,77 Years,298,142,156,263,125,138,9,5,4,12,6,6,14,6,8
ROCKWALL COUNTY,397,78 Years,279,135,144,245,116,129,7,3,4,10,7,3,17,9,8
ROCKWALL COUNTY,397,79 Years,254,109,145,233,102,131,5,2,3,6,2,4,10,3,7
ROCKWALL COUNTY,397,80 Years,239,93,146,212,84,128,6,3,3,8,3,5,13,3,10
ROCKWALL COUNTY,397,81 Years,239,104,135,211,95,116,6,1,5,9,4,5,13,4,9
ROCKWALL COUNTY,397,82 Years,212,86,126,183,77,106,7,2,5,10,4,6,12,3,9
ROCKWALL COUNTY,397,83 Years,207,77,130,189,68,121,4,1,3,6,3,3,8,5,3
ROCKWALL COUNTY,397,84 Years,189,69,120,167,62,105,7,3,4,7,2,5,8,2,6
ROCKWALL COUNTY,397,85 Years +,1042,337,705,955,307,648,25,6,19,23,8,15,39,16,23
RUNNELS COUNTY,399,All Ages,10411,5214,5197,6511,3204,3307,160,87,73,161,84,77,3579,1839,1740
RUNNELS COUNTY,399,< 1 Year,113,62,51,55,31,24,0,0,0,9,8,1,49,23,26
RUNNELS COUNTY,399,1 Years,110,62,48,51,28,23,0,0,0,9,7,2,50,27,23
RUNNELS COUNTY,399,2 Years,121,64,57,57,30,27,2,2,0,6,5,1,56,27,29
RUNNELS COUNTY,399,3 Years,136,70,66,64,30,34,2,1,1,4,2,2,66,37,29
RUNNELS COUNTY,399,4 Years,140,77,63,66,37,29,0,0,0,1,1,0,73,39,34
RUNNELS COUNTY,399,5 Years,132,70,62,66,36,30,0,0,0,2,1,1,64,33,31
RUNNELS COUNTY,399,6 Years,152,80,72,74,38,36,3,2,1,3,1,2,72,39,33
RUNNELS COUNTY,399,7 Years,150,72,78,66,30,36,3,2,1,4,2,2,77,38,39
RUNNELS COUNTY,399,8 Years,143,81,62,65,35,30,5,4,1,1,1,0,72,41,31
RUNNELS COUNTY,399,9 Years,144,81,63,63,35,28,2,1,1,1,1,0,78,44,34
RUNNELS COUNTY,399,10 Years,148,77,71,73,38,35,3,2,1,2,1,1,70,36,34
RUNNELS COUNTY,399,11 Years,142,76,66,72,39,33,1,1,0,0,0,0,69,36,33
RUNNELS COUNTY,399,12 Years,137,72,65,61,26,35,2,1,1,1,1,0,73,44,29
RUNNELS COUNTY,399,13 Years,140,71,69,74,38,36,2,1,1,1,0,1,63,32,31
RUNNELS COUNTY,399,14 Years,146,74,72,78,42,36,2,1,1,3,2,1,63,29,34
RUNNELS COUNTY,399,15 Years,136,68,68,63,34,29,2,1,1,3,1,2,68,32,36
RUNNELS COUNTY,399,16 Years,167,79,88,80,38,42,3,0,3,4,2,2,80,39,41
RUNNELS COUNTY,399,17 Years,176,89,87,89,44,45,1,0,1,3,1,2,83,44,39
RUNNELS COUNTY,399,18 Years,155,88,67,76,43,33,3,3,0,2,1,1,74,41,33
RUNNELS COUNTY,399,19 Years,133,81,52,60,36,24,2,2,0,2,2,0,69,41,28
RUNNELS COUNTY,399,20 Years,129,67,62,62,28,34,2,1,1,2,1,1,63,37,26
RUNNELS COUNTY,399,21 Years,125,68,57,67,34,33,2,1,1,2,1,1,54,32,22
RUNNELS COUNTY,399,22 Years,131,81,50,73,45,28,3,2,1,3,2,1,52,32,20
RUNNELS COUNTY,399,23 Years,116,59,57,62,30,32,1,1,0,3,1,2,50,27,23
RUNNELS COUNTY,399,24 Years,113,57,56,58,31,27,3,1,2,3,2,1,49,23,26
RUNNELS COUNTY,399,25 Years,112,59,53,55,30,25,3,1,2,4,2,2,50,26,24
RUNNELS COUNTY,399,26 Years,107,52,55,61,27,34,4,3,1,2,2,0,40,20,20
RUNNELS COUNTY,399,27 Years,90,44,46,58,29,29,0,0,0,2,0,2,30,15,15
RUNNELS COUNTY,399,28 Years,91,43,48,53,28,25,4,0,4,1,0,1,33,15,18
RUNNELS COUNTY,399,29 Years,110,56,54,64,35,29,5,2,3,2,1,1,39,18,21
RUNNELS COUNTY,399,30 Years,107,56,51,63,36,27,2,2,0,1,0,1,41,18,23
RUNNELS COUNTY,399,31 Years,109,58,51,58,33,25,1,1,0,1,0,1,49,24,25
RUNNELS COUNTY,399,32 Years,96,41,55,55,22,33,1,1,0,1,0,1,39,18,21
RUNNELS COUNTY,399,33 Years,99,49,50,56,31,25,1,0,1,1,0,1,41,18,23
RUNNELS COUNTY,399,34 Years,103,56,47,64,38,26,2,2,0,0,0,0,37,16,21
RUNNELS COUNTY,399,35 Years,99,60,39,64,40,24,2,2,0,2,1,1,31,17,14
RUNNELS COUNTY,399,36 Years,96,59,37,57,35,22,1,1,0,1,1,0,37,22,15
RUNNELS COUNTY,399,37 Years,81,37,44,43,20,23,1,0,1,2,2,0,35,15,20
RUNNELS COUNTY,399,38 Years,81,38,43,46,21,25,1,0,1,1,1,0,33,16,17
RUNNELS COUNTY,399,39 Years,91,42,49,53,22,31,0,0,0,0,0,0,38,20,18
RUNNELS COUNTY,399,40 Years,103,44,59,60,28,32,1,1,0,3,1,2,39,14,25
RUNNELS COUNTY,399,41 Years,97,49,48,59,32,27,1,1,0,1,0,1,36,16,20
RUNNELS COUNTY,399,42 Years,110,53,57,73,35,38,1,1,0,0,0,0,36,17,19
RUNNELS COUNTY,399,43 Years,116,52,64,72,30,42,2,1,1,0,0,0,42,21,21
RUNNELS COUNTY,399,44 Years,132,60,72,88,40,48,2,0,2,1,0,1,41,20,21
RUNNELS COUNTY,399,45 Years,129,57,72,76,41,35,1,0,1,1,0,1,51,16,35
RUNNELS COUNTY,399,46 Years,110,52,58,72,37,35,1,1,0,0,0,0,37,14,23
RUNNELS COUNTY,399,47 Years,118,56,62,75,35,40,1,1,0,1,1,0,41,19,22
RUNNELS COUNTY,399,48 Years,125,63,62,81,36,45,1,1,0,1,1,0,42,25,17
RUNNELS COUNTY,399,49 Years,137,69,68,87,43,44,1,1,0,2,1,1,47,24,23
RUNNELS COUNTY,399,50 Years,134,70,64,92,46,46,3,3,0,0,0,0,39,21,18
RUNNELS COUNTY,399,51 Years,149,72,77,106,51,55,3,2,1,1,0,1,39,19,20
RUNNELS COUNTY,399,52 Years,155,77,78,105,50,55,4,2,2,0,0,0,46,25,21
RUNNELS COUNTY,399,53 Years,130,72,58,87,47,40,3,2,1,2,0,2,38,23,15
RUNNELS COUNTY,399,54 Years,145,74,71,96,48,48,3,0,3,2,1,1,44,25,19
RUNNELS COUNTY,399,55 Years,146,66,80,103,42,61,2,0,2,0,0,0,41,24,17
RUNNELS COUNTY,399,56 Years,131,61,70,89,40,49,3,0,3,1,0,1,38,21,17
RUNNELS COUNTY,399,57 Years,150,81,69,108,57,51,4,3,1,1,0,1,37,21,16
RUNNELS COUNTY,399,58 Years,168,82,86,121,58,63,3,2,1,4,1,3,40,21,19
RUNNELS COUNTY,399,59 Years,157,78,79,114,56,58,2,1,1,3,1,2,38,20,18
RUNNELS COUNTY,399,60 Years,145,77,68,107,52,55,5,4,1,0,0,0,33,21,12
RUNNELS COUNTY,399,61 Years,137,69,68,106,53,53,2,1,1,2,1,1,27,14,13
RUNNELS COUNTY,399,62 Years,168,93,75,130,71,59,1,1,0,3,2,1,34,19,15
RUNNELS COUNTY,399,63 Years,142,76,66,111,60,51,4,2,2,2,1,1,25,13,12
RUNNELS COUNTY,399,64 Years,137,65,72,96,46,50,3,0,3,2,1,1,36,18,18
RUNNELS COUNTY,399,65 Years,124,60,64,87,39,48,1,0,1,1,1,0,35,20,15
RUNNELS COUNTY,399,66 Years,125,50,75,94,35,59,1,0,1,1,0,1,29,15,14
RUNNELS COUNTY,399,67 Years,141,67,74,114,53,61,2,0,2,1,0,1,24,14,10
RUNNELS COUNTY,399,68 Years,120,60,60,92,45,47,2,1,1,1,0,1,25,14,11
RUNNELS COUNTY,399,69 Years,123,59,64,93,45,48,2,0,2,0,0,0,28,14,14
RUNNELS COUNTY,399,70 Years,121,57,64,91,44,47,2,1,1,2,2,0,26,10,16
RUNNELS COUNTY,399,71 Years,114,54,60,86,39,47,2,2,0,2,2,0,24,11,13
RUNNELS COUNTY,399,72 Years,100,45,55,69,32,37,3,1,2,1,1,0,27,11,16
RUNNELS COUNTY,399,73 Years,101,47,54,77,35,42,2,1,1,0,0,0,22,11,11
RUNNELS COUNTY,399,74 Years,81,41,40,59,27,32,1,1,0,0,0,0,21,13,8
RUNNELS COUNTY,399,75 Years,90,44,46,70,34,36,0,0,0,2,1,1,18,9,9
RUNNELS COUNTY,399,76 Years,91,41,50,71,31,40,1,1,0,6,2,4,13,7,6
RUNNELS COUNTY,399,77 Years,69,29,40,54,25,29,0,0,0,2,1,1,13,3,10
RUNNELS COUNTY,399,78 Years,69,32,37,55,27,28,2,2,0,1,0,1,11,3,8
RUNNELS COUNTY,399,79 Years,65,32,33,51,24,27,0,0,0,3,3,0,11,5,6
RUNNELS COUNTY,399,80 Years,63,28,35,52,23,29,0,0,0,1,1,0,10,4,6
RUNNELS COUNTY,399,81 Years,69,32,37,61,28,33,1,0,1,1,1,0,6,3,3
RUNNELS COUNTY,399,82 Years,56,28,28,49,26,23,1,0,1,0,0,0,6,2,4
RUNNELS COUNTY,399,83 Years,63,24,39,53,20,33,1,0,1,1,0,1,8,4,4
RUNNELS COUNTY,399,84 Years,55,25,30,45,19,26,1,0,1,0,0,0,9,6,3
RUNNELS COUNTY,399,85 Years +,293,115,178,249,96,153,1,1,0,7,0,7,36,18,18
RUSK COUNTY,401,All Ages,53782,28354,25428,34150,17447,16703,9362,5267,4095,1300,644,656,8970,4996,3974
RUSK COUNTY,401,< 1 Year,587,300,287,305,158,147,84,40,44,29,17,12,169,85,84
RUSK COUNTY,401,1 Years,607,308,299,316,170,146,89,42,47,22,11,11,180,85,95
RUSK COUNTY,401,2 Years,642,331,311,331,178,153,93,44,49,29,14,15,189,95,94
RUSK COUNTY,401,3 Years,672,343,329,345,182,163,99,52,47,28,12,16,200,97,103
RUSK COUNTY,401,4 Years,652,324,328,341,168,173,90,50,40,35,21,14,186,85,101
RUSK COUNTY,401,5 Years,669,340,329,362,189,173,90,50,40,40,23,17,177,78,99
RUSK COUNTY,401,6 Years,697,341,356,388,199,189,91,43,48,40,15,25,178,84,94
RUSK COUNTY,401,7 Years,705,350,355,394,205,189,91,43,48,36,15,21,184,87,97
RUSK COUNTY,401,8 Years,702,351,351,391,198,193,97,51,46,35,17,18,179,85,94
RUSK COUNTY,401,9 Years,710,366,344,376,197,179,109,65,44,30,17,13,195,87,108
RUSK COUNTY,401,10 Years,656,333,323,350,177,173,100,59,41,26,13,13,180,84,96
RUSK COUNTY,401,11 Years,661,318,343,367,176,191,103,56,47,28,10,18,163,76,87
RUSK COUNTY,401,12 Years,676,331,345,394,195,199,98,46,52,25,12,13,159,78,81
RUSK COUNTY,401,13 Years,733,364,369,410,209,201,122,55,67,23,13,10,178,87,91
RUSK COUNTY,401,14 Years,727,362,365,405,203,202,121,60,61,29,15,14,172,84,88
RUSK COUNTY,401,15 Years,687,345,342,393,196,197,91,46,45,31,17,14,172,86,86
RUSK COUNTY,401,16 Years,693,351,342,385,199,186,109,51,58,28,14,14,171,87,84
RUSK COUNTY,401,17 Years,675,334,341,381,185,196,109,55,54,26,12,14,159,82,77
RUSK COUNTY,401,18 Years,654,339,315,381,193,188,94,49,45,24,11,13,155,86,69
RUSK COUNTY,401,19 Years,642,348,294,350,186,164,111,56,55,22,11,11,159,95,64
RUSK COUNTY,401,20 Years,672,379,293,360,194,166,126,70,56,20,15,5,166,100,66
RUSK COUNTY,401,21 Years,657,365,292,353,181,172,136,84,52,21,12,9,147,88,59
RUSK COUNTY,401,22 Years,670,385,285,361,195,166,153,100,53,18,10,8,138,80,58
RUSK COUNTY,401,23 Years,689,393,296,370,203,167,151,92,59,17,11,6,151,87,64
RUSK COUNTY,401,24 Years,721,411,310,383,190,193,148,99,49,17,10,7,173,112,61
RUSK COUNTY,401,25 Years,741,438,303,405,219,186,164,115,49,13,5,8,159,99,60
RUSK COUNTY,401,26 Years,708,432,276,396,229,167,147,103,44,12,5,7,153,95,58
RUSK COUNTY,401,27 Years,679,404,275,374,210,164,130,91,39,19,9,10,156,94,62
RUSK COUNTY,401,28 Years,678,418,260,372,208,164,126,93,33,18,12,6,162,105,57
RUSK COUNTY,401,29 Years,679,407,272,382,217,165,119,81,38,11,3,8,167,106,61
RUSK COUNTY,401,30 Years,653,387,266,366,203,163,128,88,40,9,3,6,150,93,57
RUSK COUNTY,401,31 Years,673,383,290,377,206,171,153,94,59,11,5,6,132,78,54
RUSK COUNTY,401,32 Years,731,413,318,415,219,196,141,94,47,14,6,8,161,94,67
RUSK COUNTY,401,33 Years,763,430,333,448,237,211,142,98,44,15,9,6,158,86,72
RUSK COUNTY,401,34 Years,755,428,327,437,240,197,141,88,53,14,5,9,163,95,68
RUSK COUNTY,401,35 Years,721,403,318,439,232,207,135,90,45,11,3,8,136,78,58
RUSK COUNTY,401,36 Years,684,385,299,415,229,186,125,75,50,14,5,9,130,76,54
RUSK COUNTY,401,37 Years,684,396,288,420,234,186,123,76,47,16,7,9,125,79,46
RUSK COUNTY,401,38 Years,704,387,317,425,224,201,122,68,54,14,7,7,143,88,55
RUSK COUNTY,401,39 Years,699,377,322,431,226,205,107,56,51,11,6,5,150,89,61
RUSK COUNTY,401,40 Years,687,390,297,411,235,176,116,65,51,11,3,8,149,87,62
RUSK COUNTY,401,41 Years,662,380,282,391,224,167,122,74,48,13,5,8,136,77,59
RUSK COUNTY,401,42 Years,669,375,294,407,238,169,124,64,60,13,5,8,125,68,57
RUSK COUNTY,401,43 Years,743,404,339,467,254,213,145,79,66,13,5,8,118,66,52
RUSK COUNTY,401,44 Years,782,433,349,503,264,239,141,91,50,13,5,8,125,73,52
RUSK COUNTY,401,45 Years,706,393,313,454,238,216,129,82,47,14,5,9,109,68,41
RUSK COUNTY,401,46 Years,708,397,311,432,227,205,156,94,62,12,5,7,108,71,37
RUSK COUNTY,401,47 Years,714,403,311,427,222,205,155,96,59,11,8,3,121,77,44
RUSK COUNTY,401,48 Years,692,383,309,425,225,200,153,88,65,11,5,6,103,65,38
RUSK COUNTY,401,49 Years,721,405,316,463,255,208,158,87,71,13,6,7,87,57,30
RUSK COUNTY,401,50 Years,765,438,327,512,279,233,154,91,63,10,6,4,89,62,27
RUSK COUNTY,401,51 Years,771,436,335,504,272,232,162,92,70,11,7,4,94,65,29
RUSK COUNTY,401,52 Years,765,401,364,522,258,264,150,88,62,12,8,4,81,47,34
RUSK COUNTY,401,53 Years,799,415,384,569,291,278,138,69,69,13,6,7,79,49,30
RUSK COUNTY,401,54 Years,843,443,400,565,284,281,166,96,70,15,6,9,97,57,40
RUSK COUNTY,401,55 Years,776,431,345,522,278,244,159,97,62,13,6,7,82,50,32
RUSK COUNTY,401,56 Years,769,426,343,544,295,249,144,89,55,15,8,7,66,34,32
RUSK COUNTY,401,57 Years,782,418,364,533,278,255,158,87,71,14,8,6,77,45,32
RUSK COUNTY,401,58 Years,747,382,365,524,264,260,147,77,70,13,6,7,63,35,28
RUSK COUNTY,401,59 Years,731,388,343,515,266,249,148,81,67,13,6,7,55,35,20
RUSK COUNTY,401,60 Years,712,369,343,510,254,256,133,65,68,13,10,3,56,40,16
RUSK COUNTY,401,61 Years,732,372,360,540,267,273,131,70,61,9,3,6,52,32,20
RUSK COUNTY,401,62 Years,653,323,330,490,245,245,117,55,62,9,3,6,37,20,17
RUSK COUNTY,401,63 Years,593,307,286,451,229,222,101,55,46,11,7,4,30,16,14
RUSK COUNTY,401,64 Years,585,302,283,431,214,217,116,63,53,10,6,4,28,19,9
RUSK COUNTY,401,65 Years,583,296,287,449,227,222,99,48,51,9,6,3,26,15,11
RUSK COUNTY,401,66 Years,599,301,298,469,238,231,87,40,47,9,6,3,34,17,17
RUSK COUNTY,401,67 Years,603,292,311,474,227,247,92,45,47,9,4,5,28,16,12
RUSK COUNTY,401,68 Years,500,237,263,390,184,206,83,36,47,8,6,2,19,11,8
RUSK COUNTY,401,69 Years,479,233,246,394,196,198,58,24,34,6,2,4,21,11,10
RUSK COUNTY,401,70 Years,439,211,228,354,170,184,60,28,32,5,1,4,20,12,8
RUSK COUNTY,401,71 Years,428,208,220,340,160,180,67,36,31,6,3,3,15,9,6
RUSK COUNTY,401,72 Years,393,178,215,323,146,177,55,26,29,7,3,4,8,3,5
RUSK COUNTY,401,73 Years,368,164,204,315,139,176,45,22,23,3,2,1,5,1,4
RUSK COUNTY,401,74 Years,364,176,188,303,143,160,45,26,19,4,2,2,12,5,7
RUSK COUNTY,401,75 Years,316,149,167,265,124,141,38,19,19,4,2,2,9,4,5
RUSK COUNTY,401,76 Years,300,143,157,250,118,132,35,17,18,7,4,3,8,4,4
RUSK COUNTY,401,77 Years,266,112,154,215,91,124,36,15,21,5,3,2,10,3,7
RUSK COUNTY,401,78 Years,268,124,144,222,98,124,32,16,16,3,3,0,11,7,4
RUSK COUNTY,401,79 Years,261,121,140,217,99,118,34,16,18,2,2,0,8,4,4
RUSK COUNTY,401,80 Years,224,99,125,187,85,102,27,10,17,4,1,3,6,3,3
RUSK COUNTY,401,81 Years,218,99,119,173,77,96,32,14,18,3,1,2,10,7,3
RUSK COUNTY,401,82 Years,197,84,113,162,70,92,30,11,19,1,1,0,4,2,2
RUSK COUNTY,401,83 Years,201,73,128,161,63,98,34,8,26,4,1,3,2,1,1
RUSK COUNTY,401,84 Years,192,73,119,165,63,102,22,7,15,2,1,1,3,2,1
RUSK COUNTY,401,85 Years +,1068,367,701,916,314,602,120,40,80,13,4,9,19,9,10
SABINE COUNTY,403,All Ages,10969,5383,5586,9501,4660,4841,769,379,390,287,143,144,412,201,211
SABINE COUNTY,403,< 1 Year,107,59,48,63,34,29,5,3,2,17,11,6,22,11,11
SABINE COUNTY,403,1 Years,97,50,47,54,28,26,7,4,3,18,10,8,18,8,10
SABINE COUNTY,403,2 Years,101,49,52,57,30,27,9,6,3,17,8,9,18,5,13
SABINE COUNTY,403,3 Years,97,47,50,62,32,30,8,5,3,10,3,7,17,7,10
SABINE COUNTY,403,4 Years,103,40,63,74,27,47,8,3,5,6,4,2,15,6,9
SABINE COUNTY,403,5 Years,98,46,52,75,34,41,7,3,4,7,4,3,9,5,4
SABINE COUNTY,403,6 Years,104,50,54,80,39,41,9,4,5,7,3,4,8,4,4
SABINE COUNTY,403,7 Years,110,57,53,87,49,38,10,4,6,4,1,3,9,3,6
SABINE COUNTY,403,8 Years,117,56,61,89,42,47,12,7,5,5,2,3,11,5,6
SABINE COUNTY,403,9 Years,109,61,48,84,46,38,10,6,4,5,3,2,10,6,4
SABINE COUNTY,403,10 Years,91,46,45,74,38,36,5,2,3,5,3,2,7,3,4
SABINE COUNTY,403,11 Years,95,48,47,76,38,38,7,5,2,5,3,2,7,2,5
SABINE COUNTY,403,12 Years,104,54,50,86,47,39,7,3,4,4,1,3,7,3,4
SABINE COUNTY,403,13 Years,116,59,57,94,50,44,10,4,6,2,0,2,10,5,5
SABINE COUNTY,403,14 Years,125,66,59,102,55,47,11,4,7,4,2,2,8,5,3
SABINE COUNTY,403,15 Years,126,58,68,104,47,57,10,4,6,7,4,3,5,3,2
SABINE COUNTY,403,16 Years,119,53,66,98,42,56,13,5,8,5,4,1,3,2,1
SABINE COUNTY,403,17 Years,121,52,69,100,43,57,13,5,8,2,2,0,6,2,4
SABINE COUNTY,403,18 Years,122,59,63,107,53,54,7,2,5,6,3,3,2,1,1
SABINE COUNTY,403,19 Years,112,53,59,97,46,51,8,4,4,5,2,3,2,1,1
SABINE COUNTY,403,20 Years,118,59,59,99,49,50,9,6,3,4,2,2,6,2,4
SABINE COUNTY,403,21 Years,118,62,56,95,47,48,17,12,5,3,2,1,3,1,2
SABINE COUNTY,403,22 Years,116,62,54,91,48,43,19,9,10,2,2,0,4,3,1
SABINE COUNTY,403,23 Years,94,45,49,77,40,37,10,2,8,3,1,2,4,2,2
SABINE COUNTY,403,24 Years,93,40,53,77,36,41,11,2,9,2,1,1,3,1,2
SABINE COUNTY,403,25 Years,96,43,53,77,38,39,13,3,10,1,1,0,5,1,4
SABINE COUNTY,403,26 Years,89,43,46,74,36,38,10,6,4,1,0,1,4,1,3
SABINE COUNTY,403,27 Years,87,40,47,70,31,39,6,4,2,3,2,1,8,3,5
SABINE COUNTY,403,28 Years,87,50,37,74,41,33,6,5,1,2,1,1,5,3,2
SABINE COUNTY,403,29 Years,74,39,35,62,28,34,7,6,1,1,1,0,4,4,0
SABINE COUNTY,403,30 Years,70,37,33,63,32,31,3,2,1,1,1,0,3,2,1
SABINE COUNTY,403,31 Years,76,40,36,63,33,30,7,3,4,1,1,0,5,3,2
SABINE COUNTY,403,32 Years,77,39,38,62,27,35,5,3,2,1,1,0,9,8,1
SABINE COUNTY,403,33 Years,79,29,50,62,20,42,10,6,4,0,0,0,7,3,4
SABINE COUNTY,403,34 Years,83,32,51,70,27,43,9,3,6,0,0,0,4,2,2
SABINE COUNTY,403,35 Years,82,34,48,71,29,42,6,3,3,2,1,1,3,1,2
SABINE COUNTY,403,36 Years,82,43,39,70,36,34,8,5,3,2,1,1,2,1,1
SABINE COUNTY,403,37 Years,80,42,38,68,33,35,7,5,2,2,1,1,3,3,0
SABINE COUNTY,403,38 Years,73,38,35,64,34,30,5,3,2,1,0,1,3,1,2
SABINE COUNTY,403,39 Years,72,38,34,62,33,29,4,1,3,2,2,0,4,2,2
SABINE COUNTY,403,40 Years,82,39,43,69,31,38,6,4,2,3,1,2,4,3,1
SABINE COUNTY,403,41 Years,83,42,41,68,34,34,11,6,5,0,0,0,4,2,2
SABINE COUNTY,403,42 Years,93,43,50,79,36,43,10,5,5,1,0,1,3,2,1
SABINE COUNTY,403,43 Years,91,45,46,82,40,42,6,3,3,1,1,0,2,1,1
SABINE COUNTY,403,44 Years,112,54,58,97,49,48,8,2,6,3,2,1,4,1,3
SABINE COUNTY,403,45 Years,116,51,65,101,44,57,8,4,4,2,1,1,5,2,3
SABINE COUNTY,403,46 Years,119,55,64,100,48,52,14,4,10,2,1,1,3,2,1
SABINE COUNTY,403,47 Years,108,47,61,85,35,50,17,8,9,3,1,2,3,3,0
SABINE COUNTY,403,48 Years,106,60,46,90,49,41,10,5,5,1,1,0,5,5,0
SABINE COUNTY,403,49 Years,135,71,64,112,59,53,15,7,8,3,2,1,5,3,2
SABINE COUNTY,403,50 Years,137,74,63,120,66,54,10,4,6,4,2,2,3,2,1
SABINE COUNTY,403,51 Years,136,62,74,121,54,67,9,5,4,3,1,2,3,2,1
SABINE COUNTY,403,52 Years,168,85,83,154,77,77,9,5,4,2,1,1,3,2,1
SABINE COUNTY,403,53 Years,175,88,87,159,80,79,11,6,5,2,0,2,3,2,1
SABINE COUNTY,403,54 Years,172,90,82,157,80,77,10,7,3,3,1,2,2,2,0
SABINE COUNTY,403,55 Years,181,87,94,162,79,83,13,6,7,4,1,3,2,1,1
SABINE COUNTY,403,56 Years,193,88,105,167,78,89,19,9,10,4,1,3,3,0,3
SABINE COUNTY,403,57 Years,199,99,100,179,88,91,16,10,6,3,1,2,1,0,1
SABINE COUNTY,403,58 Years,212,106,106,190,94,96,16,9,7,2,1,1,4,2,2
SABINE COUNTY,403,59 Years,184,89,95,168,80,88,12,7,5,3,1,2,1,1,0
SABINE COUNTY,403,60 Years,184,85,99,172,78,94,9,4,5,2,2,0,1,1,0
SABINE COUNTY,403,61 Years,182,82,100,173,78,95,8,4,4,1,0,1,0,0,0
SABINE COUNTY,403,62 Years,181,86,95,169,81,88,10,5,5,0,0,0,2,0,2
SABINE COUNTY,403,63 Years,190,96,94,173,88,85,8,5,3,2,0,2,7,3,4
SABINE COUNTY,403,64 Years,209,104,105,190,93,97,9,7,2,5,2,3,5,2,3
SABINE COUNTY,403,65 Years,203,105,98,184,96,88,10,6,4,3,1,2,6,2,4
SABINE COUNTY,403,66 Years,225,106,119,208,98,110,9,4,5,4,1,3,4,3,1
SABINE COUNTY,403,67 Years,240,123,117,227,114,113,7,5,2,4,2,2,2,2,0
SABINE COUNTY,403,68 Years,223,112,111,206,101,105,11,6,5,5,4,1,1,1,0
SABINE COUNTY,403,69 Years,219,107,112,205,101,104,9,4,5,3,1,2,2,1,1
SABINE COUNTY,403,70 Years,226,111,115,217,108,109,4,1,3,4,1,3,1,1,0
SABINE COUNTY,403,71 Years,202,107,95,189,99,90,8,6,2,2,0,2,3,2,1
SABINE COUNTY,403,72 Years,178,101,77,166,96,70,7,3,4,2,0,2,3,2,1
SABINE COUNTY,403,73 Years,170,93,77,160,89,71,5,2,3,3,1,2,2,1,1
SABINE COUNTY,403,74 Years,159,90,69,146,82,64,5,3,2,4,2,2,4,3,1
SABINE COUNTY,403,75 Years,133,70,63,124,66,58,5,2,3,3,1,2,1,1,0
SABINE COUNTY,403,76 Years,125,62,63,115,57,58,7,4,3,2,1,1,1,0,1
SABINE COUNTY,403,77 Years,110,52,58,101,47,54,7,3,4,1,1,0,1,1,0
SABINE COUNTY,403,78 Years,112,52,60,101,48,53,6,2,4,1,1,0,4,1,3
SABINE COUNTY,403,79 Years,104,53,51,93,46,47,4,3,1,3,3,0,4,1,3
SABINE COUNTY,403,80 Years,85,44,41,80,41,39,3,1,2,2,2,0,0,0,0
SABINE COUNTY,403,81 Years,77,39,38,72,38,34,3,1,2,1,0,1,1,0,1
SABINE COUNTY,403,82 Years,62,32,30,58,31,27,3,1,2,0,0,0,1,0,1
SABINE COUNTY,403,83 Years,61,27,34,56,27,29,3,0,3,0,0,0,2,0,2
SABINE COUNTY,403,84 Years,68,27,41,61,23,38,4,3,1,1,1,0,2,0,2
SABINE COUNTY,403,85 Years +,319,124,195,281,115,166,27,6,21,5,2,3,6,1,5
SAN AUGUSTINE COUNTY,405,All Ages,8689,4326,4363,5965,2989,2976,2022,972,1050,125,61,64,577,304,273
SAN AUGUSTINE COUNTY,405,< 1 Year,86,40,46,55,25,30,19,10,9,0,0,0,12,5,7
SAN AUGUSTINE COUNTY,405,1 Years,98,42,56,60,24,36,23,11,12,0,0,0,15,7,8
SAN AUGUSTINE COUNTY,405,2 Years,103,49,54,61,26,35,24,12,12,0,0,0,18,11,7
SAN AUGUSTINE COUNTY,405,3 Years,104,48,56,59,27,32,27,11,16,0,0,0,18,10,8
SAN AUGUSTINE COUNTY,405,4 Years,74,40,34,41,26,15,21,11,10,1,0,1,11,3,8
SAN AUGUSTINE COUNTY,405,5 Years,92,48,44,49,29,20,30,14,16,1,1,0,12,4,8
SAN AUGUSTINE COUNTY,405,6 Years,95,49,46,52,25,27,29,17,12,1,1,0,13,6,7
SAN AUGUSTINE COUNTY,405,7 Years,98,55,43,53,30,23,27,17,10,3,1,2,15,7,8
SAN AUGUSTINE COUNTY,405,8 Years,94,50,44,51,29,22,22,10,12,3,2,1,18,9,9
SAN AUGUSTINE COUNTY,405,9 Years,96,53,43,50,28,22,28,15,13,4,3,1,14,7,7
SAN AUGUSTINE COUNTY,405,10 Years,91,54,37,49,30,19,27,15,12,4,4,0,11,5,6
SAN AUGUSTINE COUNTY,405,11 Years,96,47,49,54,30,24,25,8,17,4,3,1,13,6,7
SAN AUGUSTINE COUNTY,405,12 Years,97,52,45,54,33,21,32,13,19,1,0,1,10,6,4
SAN AUGUSTINE COUNTY,405,13 Years,103,57,46,54,32,22,32,16,16,1,0,1,16,9,7
SAN AUGUSTINE COUNTY,405,14 Years,95,55,40,53,31,22,24,17,7,3,0,3,15,7,8
SAN AUGUSTINE COUNTY,405,15 Years,111,58,53,72,38,34,24,13,11,3,2,1,12,5,7
SAN AUGUSTINE COUNTY,405,16 Years,108,55,53,66,36,30,30,14,16,2,0,2,10,5,5
SAN AUGUSTINE COUNTY,405,17 Years,95,47,48,57,28,29,28,16,12,2,0,2,8,3,5
SAN AUGUSTINE COUNTY,405,18 Years,90,47,43,50,29,21,27,11,16,1,1,0,12,6,6
SAN AUGUSTINE COUNTY,405,19 Years,98,54,44,60,33,27,26,14,12,3,2,1,9,5,4
SAN AUGUSTINE COUNTY,405,20 Years,87,41,46,56,27,29,22,12,10,2,0,2,7,2,5
SAN AUGUSTINE COUNTY,405,21 Years,102,48,54,63,31,32,25,12,13,7,3,4,7,2,5
SAN AUGUSTINE COUNTY,405,22 Years,94,46,48,57,30,27,24,13,11,4,1,3,9,2,7
SAN AUGUSTINE COUNTY,405,23 Years,100,57,43,67,37,30,26,16,10,1,1,0,6,3,3
SAN AUGUSTINE COUNTY,405,24 Years,96,52,44,55,30,25,34,16,18,1,1,0,6,5,1
SAN AUGUSTINE COUNTY,405,25 Years,86,44,42,54,27,27,24,13,11,2,0,2,6,4,2
SAN AUGUSTINE COUNTY,405,26 Years,96,47,49,64,28,36,27,15,12,1,0,1,4,4,0
SAN AUGUSTINE COUNTY,405,27 Years,84,41,43,49,25,24,28,11,17,1,1,0,6,4,2
SAN AUGUSTINE COUNTY,405,28 Years,89,43,46,54,24,30,21,10,11,3,1,2,11,8,3
SAN AUGUSTINE COUNTY,405,29 Years,82,44,38,46,24,22,20,11,9,2,1,1,14,8,6
SAN AUGUSTINE COUNTY,405,30 Years,65,36,29,36,19,17,17,9,8,0,0,0,12,8,4
SAN AUGUSTINE COUNTY,405,31 Years,70,34,36,42,20,22,16,8,8,1,0,1,11,6,5
SAN AUGUSTINE COUNTY,405,32 Years,64,27,37,34,15,19,23,9,14,1,0,1,6,3,3
SAN AUGUSTINE COUNTY,405,33 Years,55,24,31,31,13,18,17,8,9,1,0,1,6,3,3
SAN AUGUSTINE COUNTY,405,34 Years,72,33,39,40,18,22,21,11,10,0,0,0,11,4,7
SAN AUGUSTINE COUNTY,405,35 Years,77,37,40,48,24,24,21,8,13,0,0,0,8,5,3
SAN AUGUSTINE COUNTY,405,36 Years,87,42,45,52,24,28,19,8,11,1,1,0,15,9,6
SAN AUGUSTINE COUNTY,405,37 Years,68,35,33,33,16,17,23,12,11,2,1,1,10,6,4
SAN AUGUSTINE COUNTY,405,38 Years,72,37,35,43,24,19,23,10,13,1,1,0,5,2,3
SAN AUGUSTINE COUNTY,405,39 Years,66,37,29,41,20,21,15,11,4,1,1,0,9,5,4
SAN AUGUSTINE COUNTY,405,40 Years,69,36,33,52,27,25,11,6,5,0,0,0,6,3,3
SAN AUGUSTINE COUNTY,405,41 Years,83,41,42,63,28,35,13,8,5,2,1,1,5,4,1
SAN AUGUSTINE COUNTY,405,42 Years,88,48,40,65,36,29,18,8,10,2,1,1,3,3,0
SAN AUGUSTINE COUNTY,405,43 Years,95,44,51,69,34,35,19,7,12,1,0,1,6,3,3
SAN AUGUSTINE COUNTY,405,44 Years,90,37,53,62,27,35,23,8,15,0,0,0,5,2,3
SAN AUGUSTINE COUNTY,405,45 Years,80,39,41,51,24,27,26,13,13,0,0,0,3,2,1
SAN AUGUSTINE COUNTY,405,46 Years,86,46,40,51,24,27,26,15,11,2,2,0,7,5,2
SAN AUGUSTINE COUNTY,405,47 Years,100,51,49,63,35,28,28,11,17,4,2,2,5,3,2
SAN AUGUSTINE COUNTY,405,48 Years,113,63,50,68,40,28,36,18,18,2,0,2,7,5,2
SAN AUGUSTINE COUNTY,405,49 Years,124,56,68,82,36,46,33,15,18,3,2,1,6,3,3
SAN AUGUSTINE COUNTY,405,50 Years,123,60,63,85,45,40,30,11,19,1,0,1,7,4,3
SAN AUGUSTINE COUNTY,405,51 Years,141,71,70,97,52,45,37,16,21,2,0,2,5,3,2
SAN AUGUSTINE COUNTY,405,52 Years,126,59,67,84,40,44,34,15,19,3,2,1,5,2,3
SAN AUGUSTINE COUNTY,405,53 Years,142,73,69,104,52,52,29,16,13,2,1,1,7,4,3
SAN AUGUSTINE COUNTY,405,54 Years,138,79,59,101,57,44,32,17,15,1,1,0,4,4,0
SAN AUGUSTINE COUNTY,405,55 Years,147,83,64,102,56,46,38,23,15,2,2,0,5,2,3
SAN AUGUSTINE COUNTY,405,56 Years,149,84,65,101,60,41,39,20,19,4,2,2,5,2,3
SAN AUGUSTINE COUNTY,405,57 Years,139,60,79,106,45,61,29,14,15,2,1,1,2,0,2
SAN AUGUSTINE COUNTY,405,58 Years,121,61,60,88,44,44,32,16,16,0,0,0,1,1,0
SAN AUGUSTINE COUNTY,405,59 Years,118,61,57,89,48,41,25,9,16,0,0,0,4,4,0
SAN AUGUSTINE COUNTY,405,60 Years,121,63,58,90,48,42,22,11,11,1,0,1,8,4,4
SAN AUGUSTINE COUNTY,405,61 Years,135,67,68,99,50,49,31,15,16,2,1,1,3,1,2
SAN AUGUSTINE COUNTY,405,62 Years,137,64,73,101,46,55,33,17,16,2,1,1,1,0,1
SAN AUGUSTINE COUNTY,405,63 Years,129,68,61,99,48,51,24,16,8,2,1,1,4,3,1
SAN AUGUSTINE COUNTY,405,64 Years,134,73,61,105,56,49,23,14,9,1,0,1,5,3,2
SAN AUGUSTINE COUNTY,405,65 Years,129,59,70,103,48,55,25,11,14,0,0,0,1,0,1
SAN AUGUSTINE COUNTY,405,66 Years,141,74,67,112,60,52,27,12,15,0,0,0,2,2,0
SAN AUGUSTINE COUNTY,405,67 Years,164,76,88,134,62,72,27,12,15,1,0,1,2,2,0
SAN AUGUSTINE COUNTY,405,68 Years,133,66,67,112,59,53,19,7,12,1,0,1,1,0,1
SAN AUGUSTINE COUNTY,405,69 Years,131,70,61,112,61,51,16,7,9,1,0,1,2,2,0
SAN AUGUSTINE COUNTY,405,70 Years,130,61,69,112,53,59,16,6,10,0,0,0,2,2,0
SAN AUGUSTINE COUNTY,405,71 Years,136,67,69,119,58,61,16,8,8,0,0,0,1,1,0
SAN AUGUSTINE COUNTY,405,72 Years,113,60,53,98,54,44,15,6,9,0,0,0,0,0,0
SAN AUGUSTINE COUNTY,405,73 Years,101,47,54,84,41,43,14,5,9,1,0,1,2,1,1
SAN AUGUSTINE COUNTY,405,74 Years,104,51,53,83,41,42,19,9,10,0,0,0,2,1,1
SAN AUGUSTINE COUNTY,405,75 Years,98,45,53,81,39,42,15,6,9,1,0,1,1,0,1
SAN AUGUSTINE COUNTY,405,76 Years,86,42,44,74,35,39,9,5,4,3,2,1,0,0,0
SAN AUGUSTINE COUNTY,405,77 Years,65,38,27,55,32,23,9,5,4,1,1,0,0,0,0
SAN AUGUSTINE COUNTY,405,78 Years,76,38,38,61,32,29,15,6,9,0,0,0,0,0,0
SAN AUGUSTINE COUNTY,405,79 Years,69,29,40,59,24,35,8,3,5,0,0,0,2,2,0
SAN AUGUSTINE COUNTY,405,80 Years,63,26,37,49,21,28,13,5,8,0,0,0,1,0,1
SAN AUGUSTINE COUNTY,405,81 Years,60,27,33,47,21,26,11,5,6,1,1,0,1,0,1
SAN AUGUSTINE COUNTY,405,82 Years,52,21,31,41,16,25,10,4,6,0,0,0,1,1,0
SAN AUGUSTINE COUNTY,405,83 Years,54,22,32,44,19,25,9,3,6,0,0,0,1,0,1
SAN AUGUSTINE COUNTY,405,84 Years,51,26,25,39,20,19,10,5,5,1,1,0,1,0,1
SAN AUGUSTINE COUNTY,405,85 Years +,269,89,180,204,70,134,57,15,42,4,3,1,4,1,3
SAN JACINTO COUNTY,407,All Ages,27701,13724,13977,20640,10146,10494,2852,1428,1424,697,366,331,3512,1784,1728
SAN JACINTO COUNTY,407,< 1 Year,277,135,142,182,89,93,22,13,9,10,3,7,63,30,33
SAN JACINTO COUNTY,407,1 Years,275,137,138,173,89,84,22,11,11,13,5,8,67,32,35
SAN JACINTO COUNTY,407,2 Years,273,142,131,173,92,81,24,13,11,12,6,6,64,31,33
SAN JACINTO COUNTY,407,3 Years,283,148,135,176,97,79,23,11,12,12,7,5,72,33,39
SAN JACINTO COUNTY,407,4 Years,330,167,163,221,103,118,28,21,7,9,6,3,72,37,35
SAN JACINTO COUNTY,407,5 Years,301,158,143,199,103,96,31,20,11,13,6,7,58,29,29
SAN JACINTO COUNTY,407,6 Years,335,185,150,219,114,105,30,22,8,13,7,6,73,42,31
SAN JACINTO COUNTY,407,7 Years,351,187,164,234,118,116,30,20,10,17,13,4,70,36,34
SAN JACINTO COUNTY,407,8 Years,339,173,166,224,111,113,32,17,15,15,13,2,68,32,36
SAN JACINTO COUNTY,407,9 Years,344,168,176,230,108,122,37,20,17,14,8,6,63,32,31
SAN JACINTO COUNTY,407,10 Years,355,174,181,235,116,119,33,17,16,16,7,9,71,34,37
SAN JACINTO COUNTY,407,11 Years,364,184,180,234,123,111,33,17,16,16,7,9,81,37,44
SAN JACINTO COUNTY,407,12 Years,369,177,192,233,115,118,33,18,15,15,6,9,88,38,50
SAN JACINTO COUNTY,407,13 Years,392,187,205,254,124,130,37,18,19,12,5,7,89,40,49
SAN JACINTO COUNTY,407,14 Years,393,200,193,264,137,127,40,18,22,7,4,3,82,41,41
SAN JACINTO COUNTY,407,15 Years,390,206,184,257,136,121,49,27,22,11,7,4,73,36,37
SAN JACINTO COUNTY,407,16 Years,416,231,185,265,148,117,47,29,18,12,7,5,92,47,45
SAN JACINTO COUNTY,407,17 Years,397,209,188,251,128,123,42,24,18,12,8,4,92,49,43
SAN JACINTO COUNTY,407,18 Years,400,192,208,254,116,138,53,32,21,12,7,5,81,37,44
SAN JACINTO COUNTY,407,19 Years,358,183,175,228,118,110,46,25,21,12,7,5,72,33,39
SAN JACINTO COUNTY,407,20 Years,329,168,161,212,113,99,39,16,23,11,7,4,67,32,35
SAN JACINTO COUNTY,407,21 Years,340,164,176,216,104,112,42,18,24,16,7,9,66,35,31
SAN JACINTO COUNTY,407,22 Years,323,163,160,219,107,112,38,23,15,11,6,5,55,27,28
SAN JACINTO COUNTY,407,23 Years,326,162,164,221,107,114,37,18,19,8,4,4,60,33,27
SAN JACINTO COUNTY,407,24 Years,297,145,152,195,92,103,32,15,17,11,5,6,59,33,26
SAN JACINTO COUNTY,407,25 Years,285,153,132,194,101,93,28,12,16,4,2,2,59,38,21
SAN JACINTO COUNTY,407,26 Years,286,159,127,188,104,84,28,15,13,6,3,3,64,37,27
SAN JACINTO COUNTY,407,27 Years,264,149,115,170,95,75,32,19,13,9,5,4,53,30,23
SAN JACINTO COUNTY,407,28 Years,226,122,104,158,87,71,30,15,15,3,1,2,35,19,16
SAN JACINTO COUNTY,407,29 Years,226,114,112,159,76,83,28,17,11,3,3,0,36,18,18
SAN JACINTO COUNTY,407,30 Years,257,129,128,184,89,95,23,14,9,6,4,2,44,22,22
SAN JACINTO COUNTY,407,31 Years,256,128,128,170,84,86,31,14,17,7,6,1,48,24,24
SAN JACINTO COUNTY,407,32 Years,254,118,136,179,79,100,24,13,11,5,4,1,46,22,24
SAN JACINTO COUNTY,407,33 Years,259,123,136,182,81,101,22,14,8,7,4,3,48,24,24
SAN JACINTO COUNTY,407,34 Years,284,142,142,200,100,100,27,12,15,9,5,4,48,25,23
SAN JACINTO COUNTY,407,35 Years,275,140,135,197,98,99,31,18,13,3,2,1,44,22,22
SAN JACINTO COUNTY,407,36 Years,288,132,156,211,90,121,34,18,16,4,3,1,39,21,18
SAN JACINTO COUNTY,407,37 Years,266,127,139,192,88,104,27,12,15,6,4,2,41,23,18
SAN JACINTO COUNTY,407,38 Years,287,146,141,204,105,99,26,12,14,2,1,1,55,28,27
SAN JACINTO COUNTY,407,39 Years,283,134,149,210,99,111,24,12,12,5,2,3,44,21,23
SAN JACINTO COUNTY,407,40 Years,303,145,158,224,108,116,34,16,18,4,1,3,41,20,21
SAN JACINTO COUNTY,407,41 Years,325,170,155,243,130,113,35,14,21,4,2,2,43,24,19
SAN JACINTO COUNTY,407,42 Years,335,163,172,254,128,126,31,12,19,3,2,1,47,21,26
SAN JACINTO COUNTY,407,43 Years,307,145,162,235,114,121,33,15,18,7,3,4,32,13,19
SAN JACINTO COUNTY,407,44 Years,332,162,170,245,125,120,40,16,24,7,4,3,40,17,23
SAN JACINTO COUNTY,407,45 Years,323,165,158,238,124,114,32,17,15,7,2,5,46,22,24
SAN JACINTO COUNTY,407,46 Years,296,151,145,213,112,101,33,13,20,8,3,5,42,23,19
SAN JACINTO COUNTY,407,47 Years,286,139,147,221,108,113,27,9,18,6,3,3,32,19,13
SAN JACINTO COUNTY,407,48 Years,322,160,162,248,123,125,35,15,20,7,4,3,32,18,14
SAN JACINTO COUNTY,407,49 Years,332,157,175,242,115,127,39,17,22,8,3,5,43,22,21
SAN JACINTO COUNTY,407,50 Years,377,185,192,284,135,149,43,20,23,10,4,6,40,26,14
SAN JACINTO COUNTY,407,51 Years,419,215,204,327,163,164,48,25,23,9,4,5,35,23,12
SAN JACINTO COUNTY,407,52 Years,419,208,211,328,165,163,44,21,23,15,7,8,32,15,17
SAN JACINTO COUNTY,407,53 Years,420,196,224,327,155,172,50,24,26,14,6,8,29,11,18
SAN JACINTO COUNTY,407,54 Years,467,236,231,371,183,188,56,29,27,13,9,4,27,15,12
SAN JACINTO COUNTY,407,55 Years,482,233,249,384,184,200,57,26,31,13,7,6,28,16,12
SAN JACINTO COUNTY,407,56 Years,472,225,247,378,183,195,53,24,29,10,3,7,31,15,16
SAN JACINTO COUNTY,407,57 Years,486,236,250,397,192,205,48,23,25,7,2,5,34,19,15
SAN JACINTO COUNTY,407,58 Years,471,232,239,392,193,199,45,23,22,7,3,4,27,13,14
SAN JACINTO COUNTY,407,59 Years,455,220,235,363,177,186,61,29,32,8,2,6,23,12,11
SAN JACINTO COUNTY,407,60 Years,418,201,217,334,156,178,53,27,26,8,4,4,23,14,9
SAN JACINTO COUNTY,407,61 Years,427,202,225,355,165,190,42,22,20,6,3,3,24,12,12
SAN JACINTO COUNTY,407,62 Years,427,190,237,351,156,195,41,21,20,8,2,6,27,11,16
SAN JACINTO COUNTY,407,63 Years,416,201,215,334,160,174,50,22,28,10,5,5,22,14,8
SAN JACINTO COUNTY,407,64 Years,442,211,231,368,174,194,47,23,24,12,6,6,15,8,7
SAN JACINTO COUNTY,407,65 Years,415,198,217,353,165,188,36,19,17,12,9,3,14,5,9
SAN JACINTO COUNTY,407,66 Years,388,187,201,332,158,174,36,17,19,8,5,3,12,7,5
SAN JACINTO COUNTY,407,67 Years,394,188,206,333,153,180,35,18,17,10,7,3,16,10,6
SAN JACINTO COUNTY,407,68 Years,338,161,177,280,130,150,32,18,14,9,4,5,17,9,8
SAN JACINTO COUNTY,407,69 Years,342,175,167,289,150,139,34,16,18,7,3,4,12,6,6
SAN JACINTO COUNTY,407,70 Years,334,171,163,286,149,137,30,15,15,5,2,3,13,5,8
SAN JACINTO COUNTY,407,71 Years,337,172,165,294,153,141,27,14,13,5,0,5,11,5,6
SAN JACINTO COUNTY,407,72 Years,319,156,163,283,138,145,24,12,12,3,2,1,9,4,5
SAN JACINTO COUNTY,407,73 Years,281,138,143,251,124,127,19,7,12,4,3,1,7,4,3
SAN JACINTO COUNTY,407,74 Years,264,133,131,233,116,117,20,9,11,4,3,1,7,5,2
SAN JACINTO COUNTY,407,75 Years,227,122,105,195,105,90,19,8,11,5,4,1,8,5,3
SAN JACINTO COUNTY,407,76 Years,199,100,99,170,85,85,19,9,10,2,1,1,8,5,3
SAN JACINTO COUNTY,407,77 Years,186,86,100,158,75,83,20,8,12,2,1,1,6,2,4
SAN JACINTO COUNTY,407,78 Years,187,86,101,162,76,86,17,7,10,3,1,2,5,2,3
SAN JACINTO COUNTY,407,79 Years,181,81,100,158,72,86,14,6,8,2,1,1,7,2,5
SAN JACINTO COUNTY,407,80 Years,160,79,81,138,69,69,14,6,8,2,1,1,6,3,3
SAN JACINTO COUNTY,407,81 Years,139,74,65,116,61,55,11,5,6,2,2,0,10,6,4
SAN JACINTO COUNTY,407,82 Years,124,59,65,106,51,55,9,4,5,3,1,2,6,3,3
SAN JACINTO COUNTY,407,83 Years,98,45,53,84,37,47,9,5,4,2,1,1,3,2,1
SAN JACINTO COUNTY,407,84 Years,89,47,42,78,41,37,8,4,4,0,0,0,3,2,1
SAN JACINTO COUNTY,407,85 Years +,387,157,230,318,126,192,47,18,29,7,4,3,15,9,6
SAN PATRICIO COUNTY,409,All Ages,65884,32859,33025,26429,13262,13167,932,503,429,1498,703,795,37025,18391,18634
SAN PATRICIO COUNTY,409,< 1 Year,1104,556,548,304,156,148,12,7,5,28,12,16,760,381,379
SAN PATRICIO COUNTY,409,1 Years,1069,540,529,304,155,149,11,6,5,31,12,19,723,367,356
SAN PATRICIO COUNTY,409,2 Years,1022,527,495,293,153,140,11,5,6,33,14,19,685,355,330
SAN PATRICIO COUNTY,409,3 Years,998,509,489,295,150,145,10,5,5,32,14,18,661,340,321
SAN PATRICIO COUNTY,409,4 Years,1082,549,533,316,146,170,13,7,6,25,12,13,728,384,344
SAN PATRICIO COUNTY,409,5 Years,947,472,475,266,129,137,12,4,8,25,12,13,644,327,317
SAN PATRICIO COUNTY,409,6 Years,914,459,455,267,145,122,8,1,7,22,9,13,617,304,313
SAN PATRICIO COUNTY,409,7 Years,927,470,457,276,151,125,8,2,6,26,10,16,617,307,310
SAN PATRICIO COUNTY,409,8 Years,918,457,461,255,129,126,8,3,5,32,15,17,623,310,313
SAN PATRICIO COUNTY,409,9 Years,1007,514,493,268,144,124,12,8,4,40,21,19,687,341,346
SAN PATRICIO COUNTY,409,10 Years,997,518,479,288,160,128,14,9,5,33,20,13,662,329,333
SAN PATRICIO COUNTY,409,11 Years,954,498,456,303,159,144,18,11,7,29,20,9,604,308,296
SAN PATRICIO COUNTY,409,12 Years,992,503,489,318,157,161,15,8,7,27,17,10,632,321,311
SAN PATRICIO COUNTY,409,13 Years,1063,565,498,332,187,145,13,7,6,22,13,9,696,358,338
SAN PATRICIO COUNTY,409,14 Years,1040,549,491,314,168,146,13,5,8,21,11,10,692,365,327
SAN PATRICIO COUNTY,409,15 Years,1004,501,503,319,169,150,16,6,10,25,10,15,644,316,328
SAN PATRICIO COUNTY,409,16 Years,979,517,462,317,176,141,13,7,6,21,9,12,628,325,303
SAN PATRICIO COUNTY,409,17 Years,1008,545,463,326,178,148,10,8,2,30,14,16,642,345,297
SAN PATRICIO COUNTY,409,18 Years,1011,523,488,313,159,154,10,6,4,24,12,12,664,346,318
SAN PATRICIO COUNTY,409,19 Years,992,532,460,314,168,146,18,9,9,22,12,10,638,343,295
SAN PATRICIO COUNTY,409,20 Years,986,533,453,314,165,149,14,8,6,31,18,13,627,342,285
SAN PATRICIO COUNTY,409,21 Years,943,495,448,296,149,147,17,8,9,27,16,11,603,322,281
SAN PATRICIO COUNTY,409,22 Years,929,503,426,285,158,127,13,7,6,19,12,7,612,326,286
SAN PATRICIO COUNTY,409,23 Years,851,450,401,277,147,130,11,8,3,19,10,9,544,285,259
SAN PATRICIO COUNTY,409,24 Years,829,441,388,274,151,123,9,5,4,16,11,5,530,274,256
SAN PATRICIO COUNTY,409,25 Years,764,401,363,259,131,128,13,6,7,12,9,3,480,255,225
SAN PATRICIO COUNTY,409,26 Years,718,371,347,274,144,130,11,8,3,11,5,6,422,214,208
SAN PATRICIO COUNTY,409,27 Years,738,374,364,280,143,137,12,9,3,19,9,10,427,213,214
SAN PATRICIO COUNTY,409,28 Years,684,337,347,254,134,120,7,5,2,18,8,10,405,190,215
SAN PATRICIO COUNTY,409,29 Years,692,361,331,265,150,115,13,8,5,10,5,5,404,198,206
SAN PATRICIO COUNTY,409,30 Years,707,360,347,249,135,114,12,7,5,15,6,9,431,212,219
SAN PATRICIO COUNTY,409,31 Years,748,357,391,281,138,143,15,10,5,13,7,6,439,202,237
SAN PATRICIO COUNTY,409,32 Years,745,362,383,265,126,139,14,7,7,11,6,5,455,223,232
SAN PATRICIO COUNTY,409,33 Years,740,367,373,273,138,135,12,6,6,16,9,7,439,214,225
SAN PATRICIO COUNTY,409,34 Years,772,378,394,284,135,149,10,6,4,14,6,8,464,231,233
SAN PATRICIO COUNTY,409,35 Years,763,388,375,282,140,142,12,9,3,11,6,5,458,233,225
SAN PATRICIO COUNTY,409,36 Years,718,357,361,276,141,135,13,5,8,14,9,5,415,202,213
SAN PATRICIO COUNTY,409,37 Years,721,354,367,283,140,143,11,5,6,21,8,13,406,201,205
SAN PATRICIO COUNTY,409,38 Years,726,370,356,266,139,127,13,9,4,20,9,11,427,213,214
SAN PATRICIO COUNTY,409,39 Years,703,350,353,267,132,135,8,4,4,22,10,12,406,204,202
SAN PATRICIO COUNTY,409,40 Years,677,326,351,262,126,136,7,3,4,18,9,9,390,188,202
SAN PATRICIO COUNTY,409,41 Years,737,352,385,298,144,154,9,4,5,13,7,6,417,197,220
SAN PATRICIO COUNTY,409,42 Years,779,371,408,321,159,162,14,6,8,16,6,10,428,200,228
SAN PATRICIO COUNTY,409,43 Years,832,402,430,336,164,172,17,12,5,14,5,9,465,221,244
SAN PATRICIO COUNTY,409,44 Years,855,403,452,364,163,201,14,9,5,14,7,7,463,224,239
SAN PATRICIO COUNTY,409,45 Years,797,414,383,327,167,160,12,7,5,18,10,8,440,230,210
SAN PATRICIO COUNTY,409,46 Years,781,380,401,305,159,146,10,6,4,25,11,14,441,204,237
SAN PATRICIO COUNTY,409,47 Years,776,382,394,314,164,150,14,8,6,19,7,12,429,203,226
SAN PATRICIO COUNTY,409,48 Years,848,415,433,370,193,177,12,7,5,13,4,9,453,211,242
SAN PATRICIO COUNTY,409,49 Years,906,431,475,406,201,205,13,7,6,18,8,10,469,215,254
SAN PATRICIO COUNTY,409,50 Years,898,440,458,401,200,201,16,9,7,17,6,11,464,225,239
SAN PATRICIO COUNTY,409,51 Years,910,461,449,409,198,211,15,8,7,24,11,13,462,244,218
SAN PATRICIO COUNTY,409,52 Years,924,447,477,428,206,222,15,9,6,24,10,14,457,222,235
SAN PATRICIO COUNTY,409,53 Years,940,475,465,471,243,228,17,11,6,21,10,11,431,211,220
SAN PATRICIO COUNTY,409,54 Years,937,456,481,459,220,239,11,5,6,22,11,11,445,220,225
SAN PATRICIO COUNTY,409,55 Years,901,451,450,456,229,227,10,5,5,24,8,16,411,209,202
SAN PATRICIO COUNTY,409,56 Years,865,423,442,437,216,221,16,9,7,26,10,16,386,188,198
SAN PATRICIO COUNTY,409,57 Years,837,419,418,420,213,207,12,6,6,24,10,14,381,190,191
SAN PATRICIO COUNTY,409,58 Years,845,418,427,406,205,201,13,6,7,20,8,12,406,199,207
SAN PATRICIO COUNTY,409,59 Years,855,446,409,403,213,190,15,8,7,16,7,9,421,218,203
SAN PATRICIO COUNTY,409,60 Years,873,439,434,439,222,217,17,11,6,19,7,12,398,199,199
SAN PATRICIO COUNTY,409,61 Years,821,420,401,410,216,194,10,8,2,18,8,10,383,188,195
SAN PATRICIO COUNTY,409,62 Years,741,377,364,399,205,194,9,5,4,13,6,7,320,161,159
SAN PATRICIO COUNTY,409,63 Years,719,348,371,369,177,192,6,3,3,16,9,7,328,159,169
SAN PATRICIO COUNTY,409,64 Years,714,351,363,368,180,188,10,5,5,11,5,6,325,161,164
SAN PATRICIO COUNTY,409,65 Years,692,333,359,350,166,184,7,4,3,12,6,6,323,157,166
SAN PATRICIO COUNTY,409,66 Years,720,362,358,373,188,185,8,6,2,16,7,9,323,161,162
SAN PATRICIO COUNTY,409,67 Years,719,347,372,385,186,199,11,7,4,11,6,5,312,148,164
SAN PATRICIO COUNTY,409,68 Years,586,290,296,282,138,144,5,3,2,14,5,9,285,144,141
SAN PATRICIO COUNTY,409,69 Years,583,276,307,298,138,160,6,3,3,12,1,11,267,134,133
SAN PATRICIO COUNTY,409,70 Years,571,268,303,303,140,163,6,4,2,11,2,9,251,122,129
SAN PATRICIO COUNTY,409,71 Years,523,234,289,292,134,158,7,3,4,9,2,7,215,95,120
SAN PATRICIO COUNTY,409,72 Years,444,202,242,261,127,134,4,1,3,9,3,6,170,71,99
SAN PATRICIO COUNTY,409,73 Years,433,200,233,258,131,127,4,3,1,5,2,3,166,64,102
SAN PATRICIO COUNTY,409,74 Years,397,192,205,218,108,110,5,1,4,4,1,3,170,82,88
SAN PATRICIO COUNTY,409,75 Years,357,163,194,210,95,115,3,1,2,5,3,2,139,64,75
SAN PATRICIO COUNTY,409,76 Years,384,172,212,232,105,127,8,3,5,6,3,3,138,61,77
SAN PATRICIO COUNTY,409,77 Years,318,155,163,196,99,97,7,3,4,2,1,1,113,52,61
SAN PATRICIO COUNTY,409,78 Years,307,142,165,191,96,95,6,2,4,2,1,1,108,43,65
SAN PATRICIO COUNTY,409,79 Years,326,146,180,192,87,105,6,2,4,3,1,2,125,56,69
SAN PATRICIO COUNTY,409,80 Years,305,144,161,183,90,93,5,3,2,3,3,0,114,48,66
SAN PATRICIO COUNTY,409,81 Years,265,125,140,156,79,77,5,3,2,3,2,1,101,41,60
SAN PATRICIO COUNTY,409,82 Years,254,106,148,148,64,84,2,2,0,5,1,4,99,39,60
SAN PATRICIO COUNTY,409,83 Years,225,87,138,133,53,80,3,0,3,3,1,2,86,33,53
SAN PATRICIO COUNTY,409,84 Years,189,78,111,111,49,62,5,1,4,2,1,1,71,27,44
SAN PATRICIO COUNTY,409,85 Years +,1013,377,636,587,231,356,20,7,13,11,3,8,395,136,259
SAN SABA COUNTY,411,All Ages,6163,3383,2780,4032,2085,1947,188,176,12,83,38,45,1860,1084,776
SAN SABA COUNTY,411,< 1 Year,61,31,30,33,16,17,0,0,0,0,0,0,28,15,13
SAN SABA COUNTY,411,1 Years,62,29,33,33,17,16,0,0,0,0,0,0,29,12,17
SAN SABA COUNTY,411,2 Years,63,28,35,35,18,17,0,0,0,0,0,0,28,10,18
SAN SABA COUNTY,411,3 Years,63,30,33,34,18,16,0,0,0,1,1,0,28,11,17
SAN SABA COUNTY,411,4 Years,65,33,32,35,13,22,0,0,0,0,0,0,30,20,10
SAN SABA COUNTY,411,5 Years,69,32,37,34,15,19,1,1,0,0,0,0,34,16,18
SAN SABA COUNTY,411,6 Years,77,31,46,35,13,22,0,0,0,1,1,0,41,17,24
SAN SABA COUNTY,411,7 Years,69,32,37,40,18,22,0,0,0,0,0,0,29,14,15
SAN SABA COUNTY,411,8 Years,65,28,37,36,15,21,0,0,0,1,1,0,28,12,16
SAN SABA COUNTY,411,9 Years,58,27,31,28,13,15,0,0,0,0,0,0,30,14,16
SAN SABA COUNTY,411,10 Years,70,34,36,37,19,18,0,0,0,2,2,0,31,13,18
SAN SABA COUNTY,411,11 Years,67,38,29,39,21,18,0,0,0,1,1,0,27,16,11
SAN SABA COUNTY,411,12 Years,66,37,29,32,19,13,1,0,1,3,0,3,30,18,12
SAN SABA COUNTY,411,13 Years,65,36,29,34,17,17,2,1,1,1,0,1,28,18,10
SAN SABA COUNTY,411,14 Years,64,35,29,41,24,17,0,0,0,0,0,0,23,11,12
SAN SABA COUNTY,411,15 Years,59,28,31,41,19,22,0,0,0,1,0,1,17,9,8
SAN SABA COUNTY,411,16 Years,59,31,28,37,19,18,0,0,0,1,0,1,21,12,9
SAN SABA COUNTY,411,17 Years,87,49,38,46,23,23,1,1,0,2,0,2,38,25,13
SAN SABA COUNTY,411,18 Years,86,53,33,47,29,18,1,1,0,1,1,0,37,22,15
SAN SABA COUNTY,411,19 Years,94,63,31,45,30,15,3,3,0,2,0,2,44,30,14
SAN SABA COUNTY,411,20 Years,102,71,31,52,36,16,10,8,2,0,0,0,40,27,13
SAN SABA COUNTY,411,21 Years,115,76,39,45,27,18,14,10,4,1,0,1,55,39,16
SAN SABA COUNTY,411,22 Years,107,74,33,52,37,15,7,5,2,2,1,1,46,31,15
SAN SABA COUNTY,411,23 Years,109,80,29,51,36,15,7,6,1,1,0,1,50,38,12
SAN SABA COUNTY,411,24 Years,110,80,30,43,27,16,19,19,0,1,0,1,47,34,13
SAN SABA COUNTY,411,25 Years,109,80,29,45,30,15,13,13,0,0,0,0,51,37,14
SAN SABA COUNTY,411,26 Years,95,72,23,35,27,8,14,14,0,0,0,0,46,31,15
SAN SABA COUNTY,411,27 Years,98,75,23,43,31,12,10,10,0,1,0,1,44,34,10
SAN SABA COUNTY,411,28 Years,87,62,25,39,27,12,10,10,0,0,0,0,38,25,13
SAN SABA COUNTY,411,29 Years,96,78,18,51,42,9,10,10,0,1,1,0,34,25,9
SAN SABA COUNTY,411,30 Years,99,76,23,53,36,17,13,13,0,1,1,0,32,26,6
SAN SABA COUNTY,411,31 Years,84,63,21,38,27,11,14,14,0,3,2,1,29,20,9
SAN SABA COUNTY,411,32 Years,84,62,22,44,33,11,7,7,0,2,2,0,31,20,11
SAN SABA COUNTY,411,33 Years,74,47,27,38,22,16,7,7,0,0,0,0,29,18,11
SAN SABA COUNTY,411,34 Years,61,43,18,34,22,12,6,6,0,0,0,0,21,15,6
SAN SABA COUNTY,411,35 Years,48,31,17,26,16,10,6,6,0,0,0,0,16,9,7
SAN SABA COUNTY,411,36 Years,40,20,20,27,11,16,1,1,0,2,2,0,10,6,4
SAN SABA COUNTY,411,37 Years,41,17,24,25,10,15,1,1,0,2,1,1,13,5,8
SAN SABA COUNTY,411,38 Years,36,13,23,22,6,16,3,3,0,0,0,0,11,4,7
SAN SABA COUNTY,411,39 Years,53,27,26,32,14,18,3,3,0,0,0,0,18,10,8
SAN SABA COUNTY,411,40 Years,52,28,24,32,17,15,2,1,1,0,0,0,18,10,8
SAN SABA COUNTY,411,41 Years,50,28,22,30,19,11,0,0,0,0,0,0,20,9,11
SAN SABA COUNTY,411,42 Years,56,25,31,33,17,16,0,0,0,4,1,3,19,7,12
SAN SABA COUNTY,411,43 Years,56,27,29,37,19,18,0,0,0,3,0,3,16,8,8
SAN SABA COUNTY,411,44 Years,66,30,36,43,20,23,0,0,0,0,0,0,23,10,13
SAN SABA COUNTY,411,45 Years,73,38,35,45,22,23,0,0,0,1,1,0,27,15,12
SAN SABA COUNTY,411,46 Years,58,31,27,35,18,17,0,0,0,0,0,0,23,13,10
SAN SABA COUNTY,411,47 Years,50,26,24,31,14,17,0,0,0,0,0,0,19,12,7
SAN SABA COUNTY,411,48 Years,66,40,26,40,25,15,0,0,0,1,1,0,25,14,11
SAN SABA COUNTY,411,49 Years,73,42,31,48,28,20,0,0,0,1,1,0,24,13,11
SAN SABA COUNTY,411,50 Years,75,38,37,58,27,31,0,0,0,1,1,0,16,10,6
SAN SABA COUNTY,411,51 Years,71,35,36,54,23,31,0,0,0,0,0,0,17,12,5
SAN SABA COUNTY,411,52 Years,70,33,37,43,18,25,0,0,0,4,3,1,23,12,11
SAN SABA COUNTY,411,53 Years,76,34,42,50,20,30,0,0,0,3,1,2,23,13,10
SAN SABA COUNTY,411,54 Years,77,40,37,53,26,27,0,0,0,3,1,2,21,13,8
SAN SABA COUNTY,411,55 Years,88,45,43,69,34,35,0,0,0,1,0,1,18,11,7
SAN SABA COUNTY,411,56 Years,84,42,42,65,30,35,0,0,0,1,0,1,18,12,6
SAN SABA COUNTY,411,57 Years,72,30,42,54,21,33,0,0,0,2,0,2,16,9,7
SAN SABA COUNTY,411,58 Years,77,30,47,61,27,34,0,0,0,2,0,2,14,3,11
SAN SABA COUNTY,411,59 Years,73,33,40,60,28,32,1,1,0,2,1,1,10,3,7
SAN SABA COUNTY,411,60 Years,98,53,45,82,44,38,1,1,0,0,0,0,15,8,7
SAN SABA COUNTY,411,61 Years,91,46,45,78,38,40,0,0,0,0,0,0,13,8,5
SAN SABA COUNTY,411,62 Years,93,46,47,80,36,44,0,0,0,1,1,0,12,9,3
SAN SABA COUNTY,411,63 Years,94,47,47,83,42,41,0,0,0,0,0,0,11,5,6
SAN SABA COUNTY,411,64 Years,83,44,39,74,40,34,0,0,0,1,0,1,8,4,4
SAN SABA COUNTY,411,65 Years,80,38,42,69,32,37,0,0,0,2,2,0,9,4,5
SAN SABA COUNTY,411,66 Years,92,39,53,79,34,45,0,0,0,3,1,2,10,4,6
SAN SABA COUNTY,411,67 Years,102,51,51,85,43,42,0,0,0,2,1,1,15,7,8
SAN SABA COUNTY,411,68 Years,88,41,47,71,33,38,0,0,0,1,1,0,16,7,9
SAN SABA COUNTY,411,69 Years,79,43,36,67,36,31,0,0,0,1,1,0,11,6,5
SAN SABA COUNTY,411,70 Years,81,38,43,67,31,36,0,0,0,3,1,2,11,6,5
SAN SABA COUNTY,411,71 Years,70,36,34,60,30,30,0,0,0,2,1,1,8,5,3
SAN SABA COUNTY,411,72 Years,60,31,29,53,27,26,0,0,0,1,0,1,6,4,2
SAN SABA COUNTY,411,73 Years,60,33,27,55,30,25,0,0,0,0,0,0,5,3,2
SAN SABA COUNTY,411,74 Years,53,27,26,45,22,23,0,0,0,0,0,0,8,5,3
SAN SABA COUNTY,411,75 Years,49,26,23,40,21,19,0,0,0,1,0,1,8,5,3
SAN SABA COUNTY,411,76 Years,48,23,25,42,21,21,0,0,0,1,0,1,5,2,3
SAN SABA COUNTY,411,77 Years,41,21,20,37,19,18,0,0,0,0,0,0,4,2,2
SAN SABA COUNTY,411,78 Years,38,21,17,33,18,15,0,0,0,0,0,0,5,3,2
SAN SABA COUNTY,411,79 Years,43,17,26,41,16,25,0,0,0,0,0,0,2,1,1
SAN SABA COUNTY,411,80 Years,37,17,20,34,15,19,0,0,0,0,0,0,3,2,1
SAN SABA COUNTY,411,81 Years,37,18,19,35,16,19,0,0,0,1,1,0,1,1,0
SAN SABA COUNTY,411,82 Years,37,18,19,35,18,17,0,0,0,0,0,0,2,0,2
SAN SABA COUNTY,411,83 Years,33,11,22,29,11,18,0,0,0,0,0,0,4,0,4
SAN SABA COUNTY,411,84 Years,32,14,18,30,13,17,0,0,0,0,0,0,2,1,1
SAN SABA COUNTY,411,85 Years +,164,57,107,150,53,97,0,0,0,0,0,0,14,4,10
SCHLEICHER COUNTY,413,All Ages,3424,1705,1719,1845,928,917,27,17,10,19,7,12,1533,753,780
SCHLEICHER COUNTY,413,< 1 Year,35,18,17,18,10,8,0,0,0,0,0,0,17,8,9
SCHLEICHER COUNTY,413,1 Years,39,19,20,17,9,8,0,0,0,0,0,0,22,10,12
SCHLEICHER COUNTY,413,2 Years,43,24,19,23,14,9,0,0,0,0,0,0,20,10,10
SCHLEICHER COUNTY,413,3 Years,43,24,19,27,17,10,0,0,0,0,0,0,16,7,9
SCHLEICHER COUNTY,413,4 Years,71,40,31,46,28,18,1,0,1,0,0,0,24,12,12
SCHLEICHER COUNTY,413,5 Years,67,34,33,39,21,18,0,0,0,0,0,0,28,13,15
SCHLEICHER COUNTY,413,6 Years,61,27,34,32,14,18,0,0,0,0,0,0,29,13,16
SCHLEICHER COUNTY,413,7 Years,69,37,32,35,22,13,1,1,0,1,0,1,32,14,18
SCHLEICHER COUNTY,413,8 Years,67,42,25,34,23,11,1,1,0,0,0,0,32,18,14
SCHLEICHER COUNTY,413,9 Years,64,41,23,32,23,9,1,1,0,0,0,0,31,17,14
SCHLEICHER COUNTY,413,10 Years,59,34,25,35,22,13,0,0,0,1,1,0,23,11,12
SCHLEICHER COUNTY,413,11 Years,55,30,25,31,17,14,1,1,0,0,0,0,23,12,11
SCHLEICHER COUNTY,413,12 Years,63,27,36,35,15,20,1,1,0,1,1,0,26,10,16
SCHLEICHER COUNTY,413,13 Years,68,33,35,32,17,15,1,1,0,1,0,1,34,15,19
SCHLEICHER COUNTY,413,14 Years,55,28,27,27,15,12,1,0,1,1,0,1,26,13,13
SCHLEICHER COUNTY,413,15 Years,61,28,33,34,18,16,1,0,1,0,0,0,26,10,16
SCHLEICHER COUNTY,413,16 Years,63,32,31,32,17,15,0,0,0,1,0,1,30,15,15
SCHLEICHER COUNTY,413,17 Years,48,22,26,25,12,13,0,0,0,0,0,0,23,10,13
SCHLEICHER COUNTY,413,18 Years,43,18,25,19,9,10,1,0,1,0,0,0,23,9,14
SCHLEICHER COUNTY,413,19 Years,52,28,24,18,8,10,0,0,0,0,0,0,34,20,14
SCHLEICHER COUNTY,413,20 Years,43,21,22,16,7,9,0,0,0,0,0,0,27,14,13
SCHLEICHER COUNTY,413,21 Years,44,22,22,15,10,5,2,1,1,0,0,0,27,11,16
SCHLEICHER COUNTY,413,22 Years,45,21,24,16,9,7,1,0,1,2,1,1,26,11,15
SCHLEICHER COUNTY,413,23 Years,35,16,19,15,6,9,0,0,0,0,0,0,20,10,10
SCHLEICHER COUNTY,413,24 Years,38,15,23,11,3,8,0,0,0,0,0,0,27,12,15
SCHLEICHER COUNTY,413,25 Years,32,13,19,10,4,6,0,0,0,0,0,0,22,9,13
SCHLEICHER COUNTY,413,26 Years,35,15,20,17,5,12,1,1,0,0,0,0,17,9,8
SCHLEICHER COUNTY,413,27 Years,33,19,14,16,8,8,1,1,0,0,0,0,16,10,6
SCHLEICHER COUNTY,413,28 Years,40,19,21,22,10,12,0,0,0,0,0,0,18,9,9
SCHLEICHER COUNTY,413,29 Years,47,23,24,23,10,13,0,0,0,1,0,1,23,13,10
SCHLEICHER COUNTY,413,30 Years,44,22,22,22,10,12,0,0,0,0,0,0,22,12,10
SCHLEICHER COUNTY,413,31 Years,30,16,14,13,8,5,0,0,0,0,0,0,17,8,9
SCHLEICHER COUNTY,413,32 Years,37,20,17,18,9,9,0,0,0,0,0,0,19,11,8
SCHLEICHER COUNTY,413,33 Years,42,21,21,16,7,9,0,0,0,0,0,0,26,14,12
SCHLEICHER COUNTY,413,34 Years,43,18,25,20,7,13,0,0,0,0,0,0,23,11,12
SCHLEICHER COUNTY,413,35 Years,39,21,18,18,10,8,0,0,0,0,0,0,21,11,10
SCHLEICHER COUNTY,413,36 Years,35,18,17,14,7,7,0,0,0,0,0,0,21,11,10
SCHLEICHER COUNTY,413,37 Years,29,13,16,14,7,7,0,0,0,0,0,0,15,6,9
SCHLEICHER COUNTY,413,38 Years,35,17,18,18,8,10,0,0,0,0,0,0,17,9,8
SCHLEICHER COUNTY,413,39 Years,26,11,15,15,6,9,0,0,0,0,0,0,11,5,6
SCHLEICHER COUNTY,413,40 Years,36,16,20,18,8,10,0,0,0,0,0,0,18,8,10
SCHLEICHER COUNTY,413,41 Years,39,17,22,20,10,10,0,0,0,0,0,0,19,7,12
SCHLEICHER COUNTY,413,42 Years,49,23,26,27,13,14,0,0,0,0,0,0,22,10,12
SCHLEICHER COUNTY,413,43 Years,53,29,24,29,16,13,0,0,0,0,0,0,24,13,11
SCHLEICHER COUNTY,413,44 Years,40,17,23,21,8,13,0,0,0,0,0,0,19,9,10
SCHLEICHER COUNTY,413,45 Years,38,15,23,17,7,10,0,0,0,1,1,0,20,7,13
SCHLEICHER COUNTY,413,46 Years,32,16,16,18,10,8,0,0,0,2,1,1,12,5,7
SCHLEICHER COUNTY,413,47 Years,32,14,18,14,4,10,1,0,1,0,0,0,17,10,7
SCHLEICHER COUNTY,413,48 Years,39,22,17,15,6,9,1,1,0,0,0,0,23,15,8
SCHLEICHER COUNTY,413,49 Years,36,18,18,16,7,9,0,0,0,1,1,0,19,10,9
SCHLEICHER COUNTY,413,50 Years,40,19,21,20,10,10,1,1,0,0,0,0,19,8,11
SCHLEICHER COUNTY,413,51 Years,41,18,23,21,11,10,2,1,1,0,0,0,18,6,12
SCHLEICHER COUNTY,413,52 Years,46,25,21,20,11,9,2,2,0,0,0,0,24,12,12
SCHLEICHER COUNTY,413,53 Years,31,16,15,16,8,8,1,1,0,0,0,0,14,7,7
SCHLEICHER COUNTY,413,54 Years,37,18,19,21,9,12,0,0,0,0,0,0,16,9,7
SCHLEICHER COUNTY,413,55 Years,36,19,17,21,10,11,0,0,0,0,0,0,15,9,6
SCHLEICHER COUNTY,413,56 Years,34,18,16,17,9,8,1,1,0,0,0,0,16,8,8
SCHLEICHER COUNTY,413,57 Years,39,20,19,22,11,11,0,0,0,0,0,0,17,9,8
SCHLEICHER COUNTY,413,58 Years,44,22,22,27,13,14,0,0,0,0,0,0,17,9,8
SCHLEICHER COUNTY,413,59 Years,39,18,21,28,13,15,0,0,0,0,0,0,11,5,6
SCHLEICHER COUNTY,413,60 Years,42,22,20,24,13,11,0,0,0,0,0,0,18,9,9
SCHLEICHER COUNTY,413,61 Years,49,28,21,34,20,14,0,0,0,0,0,0,15,8,7
SCHLEICHER COUNTY,413,62 Years,46,24,22,34,17,17,0,0,0,1,0,1,11,7,4
SCHLEICHER COUNTY,413,63 Years,46,26,20,29,16,13,0,0,0,1,0,1,16,10,6
SCHLEICHER COUNTY,413,64 Years,45,24,21,23,12,11,0,0,0,0,0,0,22,12,10
SCHLEICHER COUNTY,413,65 Years,41,18,23,24,10,14,0,0,0,0,0,0,17,8,9
SCHLEICHER COUNTY,413,66 Years,35,20,15,22,11,11,0,0,0,0,0,0,13,9,4
SCHLEICHER COUNTY,413,67 Years,42,21,21,28,15,13,0,0,0,0,0,0,14,6,8
SCHLEICHER COUNTY,413,68 Years,33,16,17,21,11,10,1,0,1,1,1,0,10,4,6
SCHLEICHER COUNTY,413,69 Years,26,12,14,17,8,9,0,0,0,1,0,1,8,4,4
SCHLEICHER COUNTY,413,70 Years,27,14,13,21,11,10,0,0,0,0,0,0,6,3,3
SCHLEICHER COUNTY,413,71 Years,32,15,17,23,9,14,0,0,0,1,0,1,8,6,2
SCHLEICHER COUNTY,413,72 Years,26,13,13,17,10,7,0,0,0,1,0,1,8,3,5
SCHLEICHER COUNTY,413,73 Years,26,11,15,20,9,11,0,0,0,0,0,0,6,2,4
SCHLEICHER COUNTY,413,74 Years,29,15,14,19,9,10,1,1,0,0,0,0,9,5,4
SCHLEICHER COUNTY,413,75 Years,18,8,10,12,5,7,0,0,0,0,0,0,6,3,3
SCHLEICHER COUNTY,413,76 Years,17,4,13,14,3,11,1,0,1,0,0,0,2,1,1
SCHLEICHER COUNTY,413,77 Years,20,11,9,16,9,7,0,0,0,0,0,0,4,2,2
SCHLEICHER COUNTY,413,78 Years,24,11,13,20,10,10,0,0,0,0,0,0,4,1,3
SCHLEICHER COUNTY,413,79 Years,15,8,7,11,6,5,0,0,0,0,0,0,4,2,2
SCHLEICHER COUNTY,413,80 Years,20,8,12,14,5,9,0,0,0,0,0,0,6,3,3
SCHLEICHER COUNTY,413,81 Years,13,5,8,10,4,6,0,0,0,0,0,0,3,1,2
SCHLEICHER COUNTY,413,82 Years,18,9,9,12,5,7,0,0,0,0,0,0,6,4,2
SCHLEICHER COUNTY,413,83 Years,18,10,8,13,7,6,0,0,0,0,0,0,5,3,2
SCHLEICHER COUNTY,413,84 Years,9,6,3,6,4,2,0,0,0,0,0,0,3,2,1
SCHLEICHER COUNTY,413,85 Years +,48,19,29,33,13,20,0,0,0,0,0,0,15,6,9
SCURRY COUNTY,415,All Ages,17656,9464,8192,9623,4970,4653,790,574,216,265,130,135,6978,3790,3188
SCURRY COUNTY,415,< 1 Year,231,111,120,83,41,42,2,1,1,8,4,4,138,65,73
SCURRY COUNTY,415,1 Years,243,118,125,88,43,45,4,2,2,8,4,4,143,69,74
SCURRY COUNTY,415,2 Years,241,121,120,87,46,41,3,2,1,5,2,3,146,71,75
SCURRY COUNTY,415,3 Years,261,131,130,95,45,50,4,2,2,6,3,3,156,81,75
SCURRY COUNTY,415,4 Years,246,127,119,90,49,41,3,0,3,3,1,2,150,77,73
SCURRY COUNTY,415,5 Years,259,139,120,99,52,47,4,1,3,6,4,2,150,82,68
SCURRY COUNTY,415,6 Years,269,143,126,108,59,49,5,1,4,5,2,3,151,81,70
SCURRY COUNTY,415,7 Years,256,142,114,111,64,47,5,4,1,4,2,2,136,72,64
SCURRY COUNTY,415,8 Years,271,148,123,103,53,50,6,5,1,5,2,3,157,88,69
SCURRY COUNTY,415,9 Years,260,145,115,97,51,46,8,5,3,6,4,2,149,85,64
SCURRY COUNTY,415,10 Years,239,126,113,89,52,37,5,4,1,8,3,5,137,67,70
SCURRY COUNTY,415,11 Years,228,110,118,81,39,42,3,3,0,8,2,6,136,66,70
SCURRY COUNTY,415,12 Years,225,111,114,93,45,48,5,3,2,6,1,5,121,62,59
SCURRY COUNTY,415,13 Years,239,122,117,108,56,52,3,3,0,6,3,3,122,60,62
SCURRY COUNTY,415,14 Years,232,111,121,103,49,54,5,2,3,4,1,3,120,59,61
SCURRY COUNTY,415,15 Years,224,112,112,102,54,48,5,2,3,6,2,4,111,54,57
SCURRY COUNTY,415,16 Years,226,123,103,109,63,46,5,2,3,7,4,3,105,54,51
SCURRY COUNTY,415,17 Years,256,129,127,124,68,56,5,1,4,6,4,2,121,56,65
SCURRY COUNTY,415,18 Years,228,121,107,94,48,46,10,7,3,4,3,1,120,63,57
SCURRY COUNTY,415,19 Years,234,136,98,96,61,35,15,12,3,4,2,2,119,61,58
SCURRY COUNTY,415,20 Years,245,142,103,111,61,50,12,9,3,7,3,4,115,69,46
SCURRY COUNTY,415,21 Years,263,152,111,106,54,52,18,15,3,4,1,3,135,82,53
SCURRY COUNTY,415,22 Years,282,160,122,116,64,52,17,16,1,5,2,3,144,78,66
SCURRY COUNTY,415,23 Years,285,168,117,119,67,52,25,21,4,3,1,2,138,79,59
SCURRY COUNTY,415,24 Years,291,178,113,149,83,66,35,26,9,2,0,2,105,69,36
SCURRY COUNTY,415,25 Years,256,150,106,128,72,56,26,20,6,2,1,1,100,57,43
SCURRY COUNTY,415,26 Years,222,133,89,118,70,48,17,14,3,1,1,0,86,48,38
SCURRY COUNTY,415,27 Years,215,125,90,111,63,48,13,10,3,1,1,0,90,51,39
SCURRY COUNTY,415,28 Years,220,123,97,109,60,49,18,12,6,2,2,0,91,49,42
SCURRY COUNTY,415,29 Years,224,143,81,94,54,40,24,22,2,3,2,1,103,65,38
SCURRY COUNTY,415,30 Years,221,128,93,105,52,53,18,17,1,4,3,1,94,56,38
SCURRY COUNTY,415,31 Years,219,119,100,108,55,53,15,14,1,3,3,0,93,47,46
SCURRY COUNTY,415,32 Years,241,137,104,110,59,51,15,12,3,3,2,1,113,64,49
SCURRY COUNTY,415,33 Years,238,132,106,107,56,51,15,12,3,3,1,2,113,63,50
SCURRY COUNTY,415,34 Years,235,138,97,121,68,53,11,9,2,5,3,2,98,58,40
SCURRY COUNTY,415,35 Years,221,123,98,117,64,53,8,7,1,4,2,2,92,50,42
SCURRY COUNTY,415,36 Years,190,103,87,103,54,49,13,10,3,4,1,3,70,38,32
SCURRY COUNTY,415,37 Years,195,119,76,100,57,43,11,10,1,3,2,1,81,50,31
SCURRY COUNTY,415,38 Years,198,111,87,100,55,45,11,8,3,1,1,0,86,47,39
SCURRY COUNTY,415,39 Years,184,103,81,97,53,44,10,8,2,2,1,1,75,41,34
SCURRY COUNTY,415,40 Years,210,128,82,105,62,43,17,15,2,3,2,1,85,49,36
SCURRY COUNTY,415,41 Years,210,130,80,108,65,43,18,15,3,5,5,0,79,45,34
SCURRY COUNTY,415,42 Years,220,128,92,113,67,46,12,10,2,3,2,1,92,49,43
SCURRY COUNTY,415,43 Years,230,133,97,129,72,57,8,5,3,5,0,5,88,56,32
SCURRY COUNTY,415,44 Years,209,120,89,120,68,52,7,5,2,4,1,3,78,46,32
SCURRY COUNTY,415,45 Years,195,112,83,114,60,54,9,7,2,1,1,0,71,44,27
SCURRY COUNTY,415,46 Years,196,113,83,109,61,48,7,7,0,1,0,1,79,45,34
SCURRY COUNTY,415,47 Years,200,120,80,99,59,40,17,13,4,2,1,1,82,47,35
SCURRY COUNTY,415,48 Years,220,127,93,121,70,51,12,8,4,1,1,0,86,48,38
SCURRY COUNTY,415,49 Years,220,123,97,128,65,63,13,11,2,1,1,0,78,46,32
SCURRY COUNTY,415,50 Years,227,134,93,127,69,58,16,12,4,2,1,1,82,52,30
SCURRY COUNTY,415,51 Years,260,147,113,167,90,77,8,7,1,3,1,2,82,49,33
SCURRY COUNTY,415,52 Years,225,124,101,150,78,72,5,5,0,2,2,0,68,39,29
SCURRY COUNTY,415,53 Years,243,131,112,165,89,76,9,7,2,4,3,1,65,32,33
SCURRY COUNTY,415,54 Years,258,136,122,175,89,86,18,15,3,4,3,1,61,29,32
SCURRY COUNTY,415,55 Years,233,117,116,153,70,83,10,8,2,2,1,1,68,38,30
SCURRY COUNTY,415,56 Years,240,132,108,156,81,75,8,6,2,2,2,0,74,43,31
SCURRY COUNTY,415,57 Years,241,126,115,157,81,76,12,7,5,4,2,2,68,36,32
SCURRY COUNTY,415,58 Years,218,120,98,146,78,68,8,5,3,2,2,0,62,35,27
SCURRY COUNTY,415,59 Years,240,139,101,164,90,74,10,6,4,0,0,0,66,43,23
SCURRY COUNTY,415,60 Years,246,128,118,164,82,82,15,10,5,1,0,1,66,36,30
SCURRY COUNTY,415,61 Years,206,104,102,139,70,69,10,8,2,2,0,2,55,26,29
SCURRY COUNTY,415,62 Years,210,114,96,147,79,68,10,7,3,4,3,1,49,25,24
SCURRY COUNTY,415,63 Years,211,112,99,157,81,76,4,3,1,3,1,2,47,27,20
SCURRY COUNTY,415,64 Years,171,83,88,120,53,67,7,3,4,3,1,2,41,26,15
SCURRY COUNTY,415,65 Years,170,91,79,123,60,63,4,2,2,2,1,1,41,28,13
SCURRY COUNTY,415,66 Years,166,82,84,134,68,66,2,0,2,1,0,1,29,14,15
SCURRY COUNTY,415,67 Years,180,83,97,142,65,77,5,2,3,1,0,1,32,16,16
SCURRY COUNTY,415,68 Years,133,69,64,97,50,47,3,2,1,1,0,1,32,17,15
SCURRY COUNTY,415,69 Years,120,62,58,88,45,43,1,1,0,1,0,1,30,16,14
SCURRY COUNTY,415,70 Years,131,62,69,92,46,46,2,2,0,1,0,1,36,14,22
SCURRY COUNTY,415,71 Years,142,69,73,104,50,54,4,3,1,1,1,0,33,15,18
SCURRY COUNTY,415,72 Years,112,55,57,80,40,40,4,1,3,1,1,0,27,13,14
SCURRY COUNTY,415,73 Years,108,47,61,84,37,47,3,1,2,0,0,0,21,9,12
SCURRY COUNTY,415,74 Years,107,44,63,83,34,49,5,2,3,2,1,1,17,7,10
SCURRY COUNTY,415,75 Years,115,53,62,91,39,52,4,3,1,1,1,0,19,10,9
SCURRY COUNTY,415,76 Years,115,51,64,88,38,50,4,1,3,1,0,1,22,12,10
SCURRY COUNTY,415,77 Years,104,43,61,84,33,51,5,2,3,1,0,1,14,8,6
SCURRY COUNTY,415,78 Years,93,39,54,77,33,44,3,1,2,1,0,1,12,5,7
SCURRY COUNTY,415,79 Years,91,46,45,66,38,28,3,0,3,0,0,0,22,8,14
SCURRY COUNTY,415,80 Years,90,40,50,63,31,32,4,1,3,1,0,1,22,8,14
SCURRY COUNTY,415,81 Years,71,30,41,56,24,32,4,1,3,0,0,0,11,5,6
SCURRY COUNTY,415,82 Years,72,35,37,52,24,28,9,4,5,0,0,0,11,7,4
SCURRY COUNTY,415,83 Years,72,27,45,56,19,37,3,1,2,1,1,0,12,6,6
SCURRY COUNTY,415,84 Years,75,23,52,62,17,45,2,1,1,1,0,1,10,5,5
SCURRY COUNTY,415,85 Years +,337,119,218,279,91,188,9,4,5,6,2,4,43,22,21
SHACKELFORD COUNTY,417,All Ages,3383,1655,1728,2960,1438,1522,14,9,5,62,26,36,347,182,165
SHACKELFORD COUNTY,417,< 1 Year,35,17,18,30,15,15,0,0,0,1,0,1,4,2,2
SHACKELFORD COUNTY,417,1 Years,35,18,17,31,16,15,0,0,0,0,0,0,4,2,2
SHACKELFORD COUNTY,417,2 Years,36,20,16,32,18,14,0,0,0,0,0,0,4,2,2
SHACKELFORD COUNTY,417,3 Years,35,19,16,30,16,14,0,0,0,0,0,0,5,3,2
SHACKELFORD COUNTY,417,4 Years,42,23,19,37,20,17,0,0,0,1,1,0,4,2,2
SHACKELFORD COUNTY,417,5 Years,37,15,22,29,11,18,0,0,0,3,1,2,5,3,2
SHACKELFORD COUNTY,417,6 Years,36,18,18,31,17,14,0,0,0,1,0,1,4,1,3
SHACKELFORD COUNTY,417,7 Years,51,24,27,42,20,22,0,0,0,2,0,2,7,4,3
SHACKELFORD COUNTY,417,8 Years,51,28,23,37,20,17,1,0,1,4,1,3,9,7,2
SHACKELFORD COUNTY,417,9 Years,47,24,23,37,18,19,1,1,0,3,1,2,6,4,2
SHACKELFORD COUNTY,417,10 Years,39,17,22,33,16,17,0,0,0,1,0,1,5,1,4
SHACKELFORD COUNTY,417,11 Years,36,19,17,31,17,14,0,0,0,0,0,0,5,2,3
SHACKELFORD COUNTY,417,12 Years,52,27,25,42,22,20,2,2,0,1,1,0,7,2,5
SHACKELFORD COUNTY,417,13 Years,51,27,24,43,22,21,1,1,0,1,1,0,6,3,3
SHACKELFORD COUNTY,417,14 Years,42,20,22,35,18,17,1,0,1,1,1,0,5,1,4
SHACKELFORD COUNTY,417,15 Years,55,23,32,44,18,26,0,0,0,1,1,0,10,4,6
SHACKELFORD COUNTY,417,16 Years,50,27,23,40,22,18,0,0,0,0,0,0,10,5,5
SHACKELFORD COUNTY,417,17 Years,39,20,19,31,16,15,0,0,0,2,1,1,6,3,3
SHACKELFORD COUNTY,417,18 Years,38,12,26,34,10,24,0,0,0,0,0,0,4,2,2
SHACKELFORD COUNTY,417,19 Years,48,22,26,39,16,23,0,0,0,0,0,0,9,6,3
SHACKELFORD COUNTY,417,20 Years,49,24,25,34,18,16,0,0,0,3,1,2,12,5,7
SHACKELFORD COUNTY,417,21 Years,46,21,25,34,16,18,0,0,0,2,0,2,10,5,5
SHACKELFORD COUNTY,417,22 Years,52,25,27,44,20,24,1,1,0,1,0,1,6,4,2
SHACKELFORD COUNTY,417,23 Years,43,23,20,37,19,18,0,0,0,1,0,1,5,4,1
SHACKELFORD COUNTY,417,24 Years,37,22,15,30,16,14,0,0,0,0,0,0,7,6,1
SHACKELFORD COUNTY,417,25 Years,27,15,12,20,11,9,0,0,0,0,0,0,7,4,3
SHACKELFORD COUNTY,417,26 Years,22,12,10,18,9,9,0,0,0,0,0,0,4,3,1
SHACKELFORD COUNTY,417,27 Years,30,18,12,24,13,11,0,0,0,0,0,0,6,5,1
SHACKELFORD COUNTY,417,28 Years,34,20,14,28,16,12,1,1,0,0,0,0,5,3,2
SHACKELFORD COUNTY,417,29 Years,42,22,20,36,20,16,0,0,0,1,0,1,5,2,3
SHACKELFORD COUNTY,417,30 Years,27,14,13,24,13,11,0,0,0,0,0,0,3,1,2
SHACKELFORD COUNTY,417,31 Years,23,9,14,20,7,13,0,0,0,2,2,0,1,0,1
SHACKELFORD COUNTY,417,32 Years,24,13,11,20,10,10,0,0,0,1,1,0,3,2,1
SHACKELFORD COUNTY,417,33 Years,28,14,14,24,12,12,0,0,0,1,1,0,3,1,2
SHACKELFORD COUNTY,417,34 Years,31,14,17,28,13,15,0,0,0,0,0,0,3,1,2
SHACKELFORD COUNTY,417,35 Years,27,16,11,24,14,10,0,0,0,0,0,0,3,2,1
SHACKELFORD COUNTY,417,36 Years,21,12,9,19,11,8,0,0,0,0,0,0,2,1,1
SHACKELFORD COUNTY,417,37 Years,24,13,11,23,13,10,0,0,0,0,0,0,1,0,1
SHACKELFORD COUNTY,417,38 Years,32,12,20,29,12,17,0,0,0,0,0,0,3,0,3
SHACKELFORD COUNTY,417,39 Years,40,19,21,35,17,18,0,0,0,0,0,0,5,2,3
SHACKELFORD COUNTY,417,40 Years,36,20,16,30,18,12,0,0,0,0,0,0,6,2,4
SHACKELFORD COUNTY,417,41 Years,34,16,18,29,13,16,0,0,0,0,0,0,5,3,2
SHACKELFORD COUNTY,417,42 Years,35,17,18,30,14,16,0,0,0,1,0,1,4,3,1
SHACKELFORD COUNTY,417,43 Years,41,18,23,37,16,21,1,1,0,0,0,0,3,1,2
SHACKELFORD COUNTY,417,44 Years,40,21,19,35,18,17,0,0,0,0,0,0,5,3,2
SHACKELFORD COUNTY,417,45 Years,38,23,15,32,20,12,0,0,0,0,0,0,6,3,3
SHACKELFORD COUNTY,417,46 Years,39,21,18,33,17,16,0,0,0,1,1,0,5,3,2
SHACKELFORD COUNTY,417,47 Years,44,20,24,36,15,21,1,1,0,0,0,0,7,4,3
SHACKELFORD COUNTY,417,48 Years,43,19,24,40,17,23,0,0,0,0,0,0,3,2,1
SHACKELFORD COUNTY,417,49 Years,44,24,20,38,21,17,0,0,0,1,1,0,5,2,3
SHACKELFORD COUNTY,417,50 Years,42,17,25,34,13,21,0,0,0,0,0,0,8,4,4
SHACKELFORD COUNTY,417,51 Years,49,18,31,40,14,26,0,0,0,0,0,0,9,4,5
SHACKELFORD COUNTY,417,52 Years,62,28,34,56,25,31,0,0,0,1,0,1,5,3,2
SHACKELFORD COUNTY,417,53 Years,69,40,29,63,36,27,0,0,0,1,1,0,5,3,2
SHACKELFORD COUNTY,417,54 Years,56,30,26,51,26,25,0,0,0,0,0,0,5,4,1
SHACKELFORD COUNTY,417,55 Years,57,28,29,55,27,28,0,0,0,0,0,0,2,1,1
SHACKELFORD COUNTY,417,56 Years,64,37,27,58,33,25,0,0,0,2,1,1,4,3,1
SHACKELFORD COUNTY,417,57 Years,50,24,26,46,22,24,0,0,0,2,1,1,2,1,1
SHACKELFORD COUNTY,417,58 Years,61,28,33,56,26,30,0,0,0,1,0,1,4,2,2
SHACKELFORD COUNTY,417,59 Years,59,27,32,55,25,30,0,0,0,1,1,0,3,1,2
SHACKELFORD COUNTY,417,60 Years,59,29,30,56,27,29,0,0,0,1,1,0,2,1,1
SHACKELFORD COUNTY,417,61 Years,48,22,26,45,21,24,0,0,0,1,1,0,2,0,2
SHACKELFORD COUNTY,417,62 Years,40,15,25,37,14,23,0,0,0,1,0,1,2,1,1
SHACKELFORD COUNTY,417,63 Years,38,13,25,36,13,23,0,0,0,0,0,0,2,0,2
SHACKELFORD COUNTY,417,64 Years,47,20,27,44,20,24,0,0,0,0,0,0,3,0,3
SHACKELFORD COUNTY,417,65 Years,47,23,24,44,21,23,0,0,0,0,0,0,3,2,1
SHACKELFORD COUNTY,417,66 Years,48,26,22,45,23,22,0,0,0,0,0,0,3,3,0
SHACKELFORD COUNTY,417,67 Years,46,27,19,43,25,18,0,0,0,0,0,0,3,2,1
SHACKELFORD COUNTY,417,68 Years,39,21,18,37,21,16,0,0,0,2,0,2,0,0,0
SHACKELFORD COUNTY,417,69 Years,31,20,11,28,18,10,0,0,0,1,1,0,2,1,1
SHACKELFORD COUNTY,417,70 Years,31,21,10,30,20,10,0,0,0,0,0,0,1,1,0
SHACKELFORD COUNTY,417,71 Years,36,19,17,32,17,15,0,0,0,1,0,1,3,2,1
SHACKELFORD COUNTY,417,72 Years,40,14,26,36,13,23,0,0,0,1,0,1,3,1,2
SHACKELFORD COUNTY,417,73 Years,28,10,18,26,9,17,0,0,0,0,0,0,2,1,1
SHACKELFORD COUNTY,417,74 Years,25,13,12,25,13,12,0,0,0,0,0,0,0,0,0
SHACKELFORD COUNTY,417,75 Years,25,16,9,23,14,9,0,0,0,0,0,0,2,2,0
SHACKELFORD COUNTY,417,76 Years,29,14,15,27,12,15,0,0,0,0,0,0,2,2,0
SHACKELFORD COUNTY,417,77 Years,24,12,12,22,10,12,1,1,0,0,0,0,1,1,0
SHACKELFORD COUNTY,417,78 Years,25,11,14,24,11,13,1,0,1,0,0,0,0,0,0
SHACKELFORD COUNTY,417,79 Years,23,10,13,23,10,13,0,0,0,0,0,0,0,0,0
SHACKELFORD COUNTY,417,80 Years,25,9,16,23,9,14,1,0,1,0,0,0,1,0,1
SHACKELFORD COUNTY,417,81 Years,21,8,13,18,7,11,1,0,1,2,1,1,0,0,0
SHACKELFORD COUNTY,417,82 Years,17,9,8,16,8,8,0,0,0,1,1,0,0,0,0
SHACKELFORD COUNTY,417,83 Years,14,7,7,14,7,7,0,0,0,0,0,0,0,0,0
SHACKELFORD COUNTY,417,84 Years,15,5,10,15,5,10,0,0,0,0,0,0,0,0,0
SHACKELFORD COUNTY,417,85 Years +,85,27,58,78,26,52,0,0,0,6,1,5,1,0,1
SHELBY COUNTY,419,All Ages,26120,13009,13111,16422,8113,8309,4401,2080,2321,384,184,200,4913,2632,2281
SHELBY COUNTY,419,< 1 Year,365,187,178,179,92,87,46,22,24,21,10,11,119,63,56
SHELBY COUNTY,419,1 Years,360,180,180,174,89,85,43,19,24,18,9,9,125,63,62
SHELBY COUNTY,419,2 Years,355,180,175,170,88,82,43,20,23,11,6,5,131,66,65
SHELBY COUNTY,419,3 Years,351,172,179,161,81,80,49,23,26,9,5,4,132,63,69
SHELBY COUNTY,419,4 Years,384,182,202,179,93,86,61,26,35,9,2,7,135,61,74
SHELBY COUNTY,419,5 Years,383,202,181,185,97,88,68,36,32,10,5,5,120,64,56
SHELBY COUNTY,419,6 Years,380,189,191,190,87,103,71,39,32,10,5,5,109,58,51
SHELBY COUNTY,419,7 Years,374,191,183,196,94,102,72,42,30,9,5,4,97,50,47
SHELBY COUNTY,419,8 Years,382,207,175,204,110,94,65,37,28,8,3,5,105,57,48
SHELBY COUNTY,419,9 Years,386,202,184,210,116,94,63,28,35,9,3,6,104,55,49
SHELBY COUNTY,419,10 Years,391,205,186,210,110,100,66,36,30,5,3,2,110,56,54
SHELBY COUNTY,419,11 Years,387,203,184,197,101,96,71,37,34,6,3,3,113,62,51
SHELBY COUNTY,419,12 Years,369,196,173,193,109,84,57,29,28,5,2,3,114,56,58
SHELBY COUNTY,419,13 Years,397,206,191,213,109,104,66,33,33,4,3,1,114,61,53
SHELBY COUNTY,419,14 Years,381,199,182,197,109,88,72,36,36,6,4,2,106,50,56
SHELBY COUNTY,419,15 Years,366,189,177,205,110,95,63,31,32,5,3,2,93,45,48
SHELBY COUNTY,419,16 Years,363,177,186,212,106,106,53,24,29,4,1,3,94,46,48
SHELBY COUNTY,419,17 Years,345,179,166,200,102,98,59,36,23,7,4,3,79,37,42
SHELBY COUNTY,419,18 Years,326,166,160,181,91,90,64,35,29,6,5,1,75,35,40
SHELBY COUNTY,419,19 Years,311,158,153,171,89,82,60,32,28,5,4,1,75,33,42
SHELBY COUNTY,419,20 Years,318,147,171,177,82,95,59,31,28,5,2,3,77,32,45
SHELBY COUNTY,419,21 Years,345,191,154,189,98,91,68,44,24,8,3,5,80,46,34
SHELBY COUNTY,419,22 Years,348,163,185,176,75,101,82,38,44,6,4,2,84,46,38
SHELBY COUNTY,419,23 Years,348,167,181,184,92,92,79,28,51,8,2,6,77,45,32
SHELBY COUNTY,419,24 Years,334,164,170,192,99,93,67,26,41,6,2,4,69,37,32
SHELBY COUNTY,419,25 Years,329,154,175,185,87,98,54,21,33,8,4,4,82,42,40
SHELBY COUNTY,419,26 Years,333,175,158,186,96,90,59,30,29,4,2,2,84,47,37
SHELBY COUNTY,419,27 Years,314,160,154,168,85,83,59,25,34,3,2,1,84,48,36
SHELBY COUNTY,419,28 Years,303,157,146,164,87,77,58,27,31,2,1,1,79,42,37
SHELBY COUNTY,419,29 Years,291,159,132,154,81,73,50,27,23,4,2,2,83,49,34
SHELBY COUNTY,419,30 Years,296,158,138,156,78,78,47,22,25,5,2,3,88,56,32
SHELBY COUNTY,419,31 Years,285,152,133,158,82,76,47,23,24,6,3,3,74,44,30
SHELBY COUNTY,419,32 Years,264,141,123,138,72,66,49,23,26,2,1,1,75,45,30
SHELBY COUNTY,419,33 Years,290,153,137,161,79,82,45,22,23,1,0,1,83,52,31
SHELBY COUNTY,419,34 Years,286,142,144,170,76,94,46,24,22,2,0,2,68,42,26
SHELBY COUNTY,419,35 Years,289,143,146,164,82,82,43,18,25,5,1,4,77,42,35
SHELBY COUNTY,419,36 Years,301,145,156,170,87,83,47,18,29,3,1,2,81,39,42
SHELBY COUNTY,419,37 Years,277,143,134,143,72,71,45,21,24,3,1,2,86,49,37
SHELBY COUNTY,419,38 Years,294,135,159,157,72,85,42,16,26,2,1,1,93,46,47
SHELBY COUNTY,419,39 Years,315,157,158,177,88,89,50,24,26,3,2,1,85,43,42
SHELBY COUNTY,419,40 Years,317,150,167,181,80,101,50,21,29,2,2,0,84,47,37
SHELBY COUNTY,419,41 Years,281,142,139,168,87,81,43,15,28,1,1,0,69,39,30
SHELBY COUNTY,419,42 Years,302,142,160,190,86,104,46,17,29,2,1,1,64,38,26
SHELBY COUNTY,419,43 Years,335,162,173,215,103,112,56,24,32,4,0,4,60,35,25
SHELBY COUNTY,419,44 Years,338,177,161,211,109,102,59,27,32,3,1,2,65,40,25
SHELBY COUNTY,419,45 Years,346,173,173,233,120,113,56,21,35,1,1,0,56,31,25
SHELBY COUNTY,419,46 Years,297,158,139,186,100,86,60,26,34,0,0,0,51,32,19
SHELBY COUNTY,419,47 Years,308,145,163,203,93,110,59,28,31,3,3,0,43,21,22
SHELBY COUNTY,419,48 Years,294,144,150,184,83,101,55,32,23,3,2,1,52,27,25
SHELBY COUNTY,419,49 Years,322,160,162,198,94,104,71,37,34,3,2,1,50,27,23
SHELBY COUNTY,419,50 Years,326,170,156,202,105,97,79,37,42,3,2,1,42,26,16
SHELBY COUNTY,419,51 Years,335,180,155,218,113,105,72,40,32,7,4,3,38,23,15
SHELBY COUNTY,419,52 Years,335,175,160,235,128,107,63,28,35,4,2,2,33,17,16
SHELBY COUNTY,419,53 Years,339,166,173,238,119,119,68,28,40,1,0,1,32,19,13
SHELBY COUNTY,419,54 Years,375,194,181,267,131,136,69,35,34,2,0,2,37,28,9
SHELBY COUNTY,419,55 Years,363,177,186,260,116,144,60,35,25,4,1,3,39,25,14
SHELBY COUNTY,419,56 Years,370,184,186,267,130,137,65,34,31,4,3,1,34,17,17
SHELBY COUNTY,419,57 Years,350,172,178,257,125,132,62,26,36,3,2,1,28,19,9
SHELBY COUNTY,419,58 Years,352,180,172,259,132,127,65,33,32,4,1,3,24,14,10
SHELBY COUNTY,419,59 Years,343,179,164,249,136,113,69,31,38,6,2,4,19,10,9
SHELBY COUNTY,419,60 Years,307,154,153,214,113,101,72,33,39,2,1,1,19,7,12
SHELBY COUNTY,419,61 Years,321,153,168,247,122,125,49,18,31,3,2,1,22,11,11
SHELBY COUNTY,419,62 Years,313,149,164,247,117,130,45,19,26,4,2,2,17,11,6
SHELBY COUNTY,419,63 Years,320,167,153,245,126,119,56,31,25,5,2,3,14,8,6
SHELBY COUNTY,419,64 Years,317,154,163,239,115,124,56,26,30,4,1,3,18,12,6
SHELBY COUNTY,419,65 Years,295,152,143,231,119,112,46,22,24,3,2,1,15,9,6
SHELBY COUNTY,419,66 Years,312,159,153,261,131,130,35,18,17,3,1,2,13,9,4
SHELBY COUNTY,419,67 Years,302,157,145,247,130,117,37,17,20,3,1,2,15,9,6
SHELBY COUNTY,419,68 Years,254,123,131,208,99,109,29,15,14,4,2,2,13,7,6
SHELBY COUNTY,419,69 Years,237,109,128,198,89,109,26,16,10,2,1,1,11,3,8
SHELBY COUNTY,419,70 Years,259,125,134,215,102,113,32,15,17,2,1,1,10,7,3
SHELBY COUNTY,419,71 Years,230,109,121,190,89,101,28,13,15,3,2,1,9,5,4
SHELBY COUNTY,419,72 Years,230,107,123,193,89,104,28,12,16,3,2,1,6,4,2
SHELBY COUNTY,419,73 Years,227,111,116,188,91,97,33,16,17,3,2,1,3,2,1
SHELBY COUNTY,419,74 Years,203,91,112,167,78,89,31,10,21,2,1,1,3,2,1
SHELBY COUNTY,419,75 Years,174,72,102,141,59,82,30,10,20,1,1,0,2,2,0
SHELBY COUNTY,419,76 Years,188,87,101,158,73,85,26,11,15,2,2,0,2,1,1
SHELBY COUNTY,419,77 Years,172,85,87,142,72,70,21,10,11,3,1,2,6,2,4
SHELBY COUNTY,419,78 Years,156,81,75,127,68,59,20,10,10,3,1,2,6,2,4
SHELBY COUNTY,419,79 Years,155,73,82,123,63,60,25,9,16,3,1,2,4,0,4
SHELBY COUNTY,419,80 Years,144,62,82,114,54,60,24,6,18,2,1,1,4,1,3
SHELBY COUNTY,419,81 Years,124,46,78,104,40,64,17,6,11,1,0,1,2,0,2
SHELBY COUNTY,419,82 Years,99,40,59,83,33,50,13,5,8,0,0,0,3,2,1
SHELBY COUNTY,419,83 Years,90,42,48,78,38,40,8,3,5,1,0,1,3,1,2
SHELBY COUNTY,419,84 Years,96,37,59,80,31,49,12,4,8,1,1,0,3,1,2
SHELBY COUNTY,419,85 Years +,451,158,293,365,129,236,67,21,46,8,2,6,11,6,5
SHERMAN COUNTY,421,All Ages,3144,1625,1519,1711,866,845,11,10,1,40,25,15,1382,724,658
SHERMAN COUNTY,421,< 1 Year,40,19,21,11,6,5,0,0,0,2,1,1,27,12,15
SHERMAN COUNTY,421,1 Years,37,19,18,10,6,4,0,0,0,2,1,1,25,12,13
SHERMAN COUNTY,421,2 Years,42,21,21,14,8,6,0,0,0,3,2,1,25,11,14
SHERMAN COUNTY,421,3 Years,37,18,19,12,5,7,0,0,0,1,1,0,24,12,12
SHERMAN COUNTY,421,4 Years,31,13,18,11,2,9,0,0,0,0,0,0,20,11,9
SHERMAN COUNTY,421,5 Years,45,18,27,21,8,13,0,0,0,0,0,0,24,10,14
SHERMAN COUNTY,421,6 Years,51,26,25,18,9,9,0,0,0,0,0,0,33,17,16
SHERMAN COUNTY,421,7 Years,42,25,17,13,6,7,0,0,0,0,0,0,29,19,10
SHERMAN COUNTY,421,8 Years,46,28,18,14,8,6,0,0,0,0,0,0,32,20,12
SHERMAN COUNTY,421,9 Years,53,26,27,22,12,10,0,0,0,0,0,0,31,14,17
SHERMAN COUNTY,421,10 Years,58,26,32,27,11,16,0,0,0,2,0,2,29,15,14
SHERMAN COUNTY,421,11 Years,56,27,29,24,10,14,0,0,0,1,1,0,31,16,15
SHERMAN COUNTY,421,12 Years,53,29,24,20,11,9,0,0,0,1,0,1,32,18,14
SHERMAN COUNTY,421,13 Years,54,30,24,18,13,5,0,0,0,2,1,1,34,16,18
SHERMAN COUNTY,421,14 Years,43,23,20,17,11,6,1,1,0,1,1,0,24,10,14
SHERMAN COUNTY,421,15 Years,42,20,22,20,11,9,1,1,0,1,1,0,20,7,13
SHERMAN COUNTY,421,16 Years,59,33,26,24,12,12,1,1,0,0,0,0,34,20,14
SHERMAN COUNTY,421,17 Years,58,33,25,22,14,8,0,0,0,1,1,0,35,18,17
SHERMAN COUNTY,421,18 Years,61,31,30,25,15,10,0,0,0,0,0,0,36,16,20
SHERMAN COUNTY,421,19 Years,58,30,28,22,14,8,0,0,0,1,1,0,35,15,20
SHERMAN COUNTY,421,20 Years,58,27,31,23,13,10,0,0,0,1,1,0,34,13,21
SHERMAN COUNTY,421,21 Years,59,37,22,29,19,10,0,0,0,0,0,0,30,18,12
SHERMAN COUNTY,421,22 Years,48,30,18,23,16,7,0,0,0,0,0,0,25,14,11
SHERMAN COUNTY,421,23 Years,41,23,18,15,8,7,0,0,0,1,1,0,25,14,11
SHERMAN COUNTY,421,24 Years,28,15,13,10,4,6,0,0,0,0,0,0,18,11,7
SHERMAN COUNTY,421,25 Years,26,13,13,11,5,6,0,0,0,0,0,0,15,8,7
SHERMAN COUNTY,421,26 Years,22,15,7,9,7,2,0,0,0,0,0,0,13,8,5
SHERMAN COUNTY,421,27 Years,33,19,14,16,8,8,0,0,0,0,0,0,17,11,6
SHERMAN COUNTY,421,28 Years,26,18,8,13,7,6,0,0,0,0,0,0,13,11,2
SHERMAN COUNTY,421,29 Years,25,13,12,12,5,7,0,0,0,0,0,0,13,8,5
SHERMAN COUNTY,421,30 Years,30,11,19,17,7,10,0,0,0,0,0,0,13,4,9
SHERMAN COUNTY,421,31 Years,36,16,20,19,8,11,0,0,0,0,0,0,17,8,9
SHERMAN COUNTY,421,32 Years,27,13,14,15,8,7,0,0,0,0,0,0,12,5,7
SHERMAN COUNTY,421,33 Years,28,15,13,13,6,7,0,0,0,0,0,0,15,9,6
SHERMAN COUNTY,421,34 Years,26,16,10,13,7,6,0,0,0,0,0,0,13,9,4
SHERMAN COUNTY,421,35 Years,29,15,14,12,5,7,0,0,0,1,1,0,16,9,7
SHERMAN COUNTY,421,36 Years,32,16,16,15,7,8,0,0,0,1,0,1,16,9,7
SHERMAN COUNTY,421,37 Years,32,20,12,11,8,3,0,0,0,1,1,0,20,11,9
SHERMAN COUNTY,421,38 Years,40,25,15,17,10,7,0,0,0,2,2,0,21,13,8
SHERMAN COUNTY,421,39 Years,49,27,22,22,13,9,0,0,0,1,1,0,26,13,13
SHERMAN COUNTY,421,40 Years,34,17,17,14,8,6,0,0,0,1,0,1,19,9,10
SHERMAN COUNTY,421,41 Years,38,17,21,20,9,11,0,0,0,1,1,0,17,7,10
SHERMAN COUNTY,421,42 Years,50,27,23,30,15,15,0,0,0,1,1,0,19,11,8
SHERMAN COUNTY,421,43 Years,45,18,27,28,11,17,0,0,0,0,0,0,17,7,10
SHERMAN COUNTY,421,44 Years,44,23,21,23,12,11,0,0,0,1,1,0,20,10,10
SHERMAN COUNTY,421,45 Years,43,21,22,21,11,10,0,0,0,1,1,0,21,9,12
SHERMAN COUNTY,421,46 Years,36,13,23,16,5,11,0,0,0,0,0,0,20,8,12
SHERMAN COUNTY,421,47 Years,40,19,21,25,9,16,1,1,0,0,0,0,14,9,5
SHERMAN COUNTY,421,48 Years,52,23,29,24,10,14,1,1,0,0,0,0,27,12,15
SHERMAN COUNTY,421,49 Years,53,27,26,27,15,12,1,0,1,0,0,0,25,12,13
SHERMAN COUNTY,421,50 Years,53,32,21,35,21,14,0,0,0,1,0,1,17,11,6
SHERMAN COUNTY,421,51 Years,42,26,16,27,14,13,0,0,0,0,0,0,15,12,3
SHERMAN COUNTY,421,52 Years,47,24,23,27,15,12,0,0,0,1,0,1,19,9,10
SHERMAN COUNTY,421,53 Years,45,23,22,29,12,17,0,0,0,1,1,0,15,10,5
SHERMAN COUNTY,421,54 Years,38,22,16,24,12,12,0,0,0,1,1,0,13,9,4
SHERMAN COUNTY,421,55 Years,43,20,23,30,13,17,0,0,0,1,1,0,12,6,6
SHERMAN COUNTY,421,56 Years,48,23,25,32,15,17,0,0,0,0,0,0,16,8,8
SHERMAN COUNTY,421,57 Years,37,20,17,26,14,12,0,0,0,0,0,0,11,6,5
SHERMAN COUNTY,421,58 Years,40,27,13,25,17,8,0,0,0,0,0,0,15,10,5
SHERMAN COUNTY,421,59 Years,45,25,20,30,17,13,0,0,0,1,0,1,14,8,6
SHERMAN COUNTY,421,60 Years,27,13,14,17,8,9,0,0,0,0,0,0,10,5,5
SHERMAN COUNTY,421,61 Years,23,14,9,18,10,8,0,0,0,0,0,0,5,4,1
SHERMAN COUNTY,421,62 Years,31,18,13,26,14,12,1,1,0,0,0,0,4,3,1
SHERMAN COUNTY,421,63 Years,32,17,15,24,12,12,1,1,0,1,0,1,6,4,2
SHERMAN COUNTY,421,64 Years,28,13,15,21,10,11,0,0,0,1,0,1,6,3,3
SHERMAN COUNTY,421,65 Years,24,12,12,21,11,10,1,1,0,0,0,0,2,0,2
SHERMAN COUNTY,421,66 Years,28,15,13,23,11,12,0,0,0,0,0,0,5,4,1
SHERMAN COUNTY,421,67 Years,42,20,22,39,19,20,0,0,0,0,0,0,3,1,2
SHERMAN COUNTY,421,68 Years,28,13,15,26,13,13,0,0,0,0,0,0,2,0,2
SHERMAN COUNTY,421,69 Years,20,11,9,19,10,9,0,0,0,0,0,0,1,1,0
SHERMAN COUNTY,421,70 Years,24,16,8,20,12,8,0,0,0,0,0,0,4,4,0
SHERMAN COUNTY,421,71 Years,21,9,12,18,7,11,0,0,0,0,0,0,3,2,1
SHERMAN COUNTY,421,72 Years,25,14,11,21,12,9,0,0,0,0,0,0,4,2,2
SHERMAN COUNTY,421,73 Years,28,16,12,26,16,10,0,0,0,0,0,0,2,0,2
SHERMAN COUNTY,421,74 Years,19,9,10,16,8,8,0,0,0,0,0,0,3,1,2
SHERMAN COUNTY,421,75 Years,17,8,9,15,7,8,0,0,0,0,0,0,2,1,1
SHERMAN COUNTY,421,76 Years,17,9,8,15,8,7,0,0,0,0,0,0,2,1,1
SHERMAN COUNTY,421,77 Years,11,5,6,9,4,5,0,0,0,0,0,0,2,1,1
SHERMAN COUNTY,421,78 Years,13,9,4,10,6,4,1,1,0,0,0,0,2,2,0
SHERMAN COUNTY,421,79 Years,18,7,11,15,6,9,1,1,0,0,0,0,2,0,2
SHERMAN COUNTY,421,80 Years,17,5,12,15,5,10,0,0,0,0,0,0,2,0,2
SHERMAN COUNTY,421,81 Years,16,6,10,14,5,9,0,0,0,0,0,0,2,1,1
SHERMAN COUNTY,421,82 Years,13,6,7,11,5,6,0,0,0,0,0,0,2,1,1
SHERMAN COUNTY,421,83 Years,11,7,4,10,6,4,0,0,0,0,0,0,1,1,0
SHERMAN COUNTY,421,84 Years,12,6,6,11,5,6,0,0,0,0,0,0,1,1,0
SHERMAN COUNTY,421,85 Years +,65,21,44,58,18,40,0,0,0,1,0,1,6,3,3
SMITH COUNTY,423,All Ages,217889,105927,111962,128719,62111,66608,38229,17764,20465,7716,3714,4002,43225,22338,20887
SMITH COUNTY,423,< 1 Year,3067,1585,1482,1366,703,663,539,278,261,185,105,80,977,499,478
SMITH COUNTY,423,1 Years,3051,1574,1477,1358,698,660,530,272,258,192,107,85,971,497,474
SMITH COUNTY,423,2 Years,2994,1523,1471,1339,667,672,530,272,258,179,94,85,946,490,456
SMITH COUNTY,423,3 Years,3007,1518,1489,1328,663,665,525,269,256,198,92,106,956,494,462
SMITH COUNTY,423,4 Years,2919,1481,1438,1322,678,644,525,255,270,161,81,80,911,467,444
SMITH COUNTY,423,5 Years,2923,1495,1428,1351,690,661,546,292,254,163,79,84,863,434,429
SMITH COUNTY,423,6 Years,2954,1545,1409,1360,715,645,531,282,249,176,83,93,887,465,422
SMITH COUNTY,423,7 Years,3105,1607,1498,1457,788,669,538,275,263,141,66,75,969,478,491
SMITH COUNTY,423,8 Years,3061,1563,1498,1496,775,721,527,263,264,134,69,65,904,456,448
SMITH COUNTY,423,9 Years,2972,1532,1440,1434,737,697,542,274,268,137,69,68,859,452,407
SMITH COUNTY,423,10 Years,3099,1616,1483,1467,764,703,537,284,253,163,81,82,932,487,445
SMITH COUNTY,423,11 Years,3114,1565,1549,1466,727,739,548,286,262,155,71,84,945,481,464
SMITH COUNTY,423,12 Years,3077,1567,1510,1465,744,721,513,268,245,147,68,79,952,487,465
SMITH COUNTY,423,13 Years,3125,1603,1522,1504,779,725,535,270,265,155,71,84,931,483,448
SMITH COUNTY,423,14 Years,3062,1604,1458,1444,757,687,555,293,262,159,81,78,904,473,431
SMITH COUNTY,423,15 Years,2999,1534,1465,1433,739,694,559,281,278,150,82,68,857,432,425
SMITH COUNTY,423,16 Years,3019,1532,1487,1467,732,735,591,312,279,141,71,70,820,417,403
SMITH COUNTY,423,17 Years,2990,1546,1444,1456,768,688,564,292,272,148,72,76,822,414,408
SMITH COUNTY,423,18 Years,2953,1569,1384,1458,791,667,548,280,268,145,76,69,802,422,380
SMITH COUNTY,423,19 Years,2858,1482,1376,1358,706,652,582,289,293,120,62,58,798,425,373
SMITH COUNTY,423,20 Years,2881,1469,1412,1360,701,659,615,294,321,125,62,63,781,412,369
SMITH COUNTY,423,21 Years,2997,1516,1481,1364,695,669,707,327,380,127,65,62,799,429,370
SMITH COUNTY,423,22 Years,3326,1661,1665,1500,722,778,863,412,451,125,65,60,838,462,376
SMITH COUNTY,423,23 Years,3941,1924,2017,1924,908,1016,1017,480,537,135,67,68,865,469,396
SMITH COUNTY,423,24 Years,3789,1848,1941,1950,936,1014,865,402,463,142,74,68,832,436,396
SMITH COUNTY,423,25 Years,3606,1769,1837,1921,907,1014,769,367,402,119,64,55,797,431,366
SMITH COUNTY,423,26 Years,3468,1679,1789,1907,904,1003,650,297,353,116,59,57,795,419,376
SMITH COUNTY,423,27 Years,3341,1610,1731,1847,868,979,602,268,334,121,63,58,771,411,360
SMITH COUNTY,423,28 Years,3142,1524,1618,1702,789,913,568,267,301,103,58,45,769,410,359
SMITH COUNTY,423,29 Years,2990,1455,1535,1597,761,836,534,240,294,105,52,53,754,402,352
SMITH COUNTY,423,30 Years,2834,1382,1452,1506,728,778,485,226,259,118,59,59,725,369,356
SMITH COUNTY,423,31 Years,2766,1394,1372,1466,749,717,463,208,255,105,53,52,732,384,348
SMITH COUNTY,423,32 Years,2647,1308,1339,1444,723,721,430,187,243,92,47,45,681,351,330
SMITH COUNTY,423,33 Years,2669,1339,1330,1412,720,692,480,220,260,102,52,50,675,347,328
SMITH COUNTY,423,34 Years,2711,1369,1342,1444,750,694,495,230,265,108,50,58,664,339,325
SMITH COUNTY,423,35 Years,2608,1242,1366,1413,694,719,440,195,245,95,37,58,660,316,344
SMITH COUNTY,423,36 Years,2547,1239,1308,1367,680,687,417,183,234,88,32,56,675,344,331
SMITH COUNTY,423,37 Years,2477,1217,1260,1338,660,678,389,172,217,87,37,50,663,348,315
SMITH COUNTY,423,38 Years,2506,1230,1276,1329,651,678,413,184,229,101,47,54,663,348,315
SMITH COUNTY,423,39 Years,2475,1183,1292,1353,659,694,414,170,244,96,41,55,612,313,299
SMITH COUNTY,423,40 Years,2412,1152,1260,1284,621,663,430,184,246,98,37,61,600,310,290
SMITH COUNTY,423,41 Years,2509,1226,1283,1345,673,672,475,211,264,99,38,61,590,304,286
SMITH COUNTY,423,42 Years,2592,1239,1353,1443,702,741,486,217,269,97,38,59,566,282,284
SMITH COUNTY,423,43 Years,2801,1333,1468,1643,782,861,497,225,272,105,42,63,556,284,272
SMITH COUNTY,423,44 Years,2692,1302,1390,1609,787,822,462,210,252,100,42,58,521,263,258
SMITH COUNTY,423,45 Years,2586,1274,1312,1612,815,797,414,182,232,78,40,38,482,237,245
SMITH COUNTY,423,46 Years,2545,1228,1317,1555,765,790,434,189,245,84,37,47,472,237,235
SMITH COUNTY,423,47 Years,2518,1206,1312,1547,762,785,450,201,249,81,41,40,440,202,238
SMITH COUNTY,423,48 Years,2479,1223,1256,1501,745,756,471,211,260,70,35,35,437,232,205
SMITH COUNTY,423,49 Years,2577,1252,1325,1586,771,815,489,223,266,71,36,35,431,222,209
SMITH COUNTY,423,50 Years,2720,1311,1409,1766,845,921,487,223,264,82,34,48,385,209,176
SMITH COUNTY,423,51 Years,2743,1309,1434,1867,894,973,469,207,262,73,27,46,334,181,153
SMITH COUNTY,423,52 Years,2704,1281,1423,1801,859,942,501,217,284,70,33,37,332,172,160
SMITH COUNTY,423,53 Years,2751,1301,1450,1896,887,1009,458,205,253,75,43,32,322,166,156
SMITH COUNTY,423,54 Years,2805,1353,1452,1894,911,983,501,226,275,75,38,37,335,178,157
SMITH COUNTY,423,55 Years,2705,1302,1403,1844,897,947,473,205,268,68,33,35,320,167,153
SMITH COUNTY,423,56 Years,2741,1290,1451,1893,909,984,483,201,282,60,30,30,305,150,155
SMITH COUNTY,423,57 Years,2705,1298,1407,1866,909,957,495,215,280,62,29,33,282,145,137
SMITH COUNTY,423,58 Years,2706,1302,1404,1887,916,971,486,217,269,58,23,35,275,146,129
SMITH COUNTY,423,59 Years,2668,1237,1431,1872,861,1011,504,225,279,56,23,33,236,128,108
SMITH COUNTY,423,60 Years,2580,1216,1364,1861,879,982,466,205,261,47,18,29,206,114,92
SMITH COUNTY,423,61 Years,2399,1141,1258,1741,833,908,427,189,238,54,24,30,177,95,82
SMITH COUNTY,423,62 Years,2373,1174,1199,1761,869,892,403,195,208,52,25,27,157,85,72
SMITH COUNTY,423,63 Years,2315,1096,1219,1699,804,895,411,199,212,49,23,26,156,70,86
SMITH COUNTY,423,64 Years,2350,1096,1254,1773,829,944,382,173,209,48,21,27,147,73,74
SMITH COUNTY,423,65 Years,2198,1014,1184,1679,771,908,350,160,190,46,19,27,123,64,59
SMITH COUNTY,423,66 Years,2285,1079,1206,1786,848,938,339,155,184,46,18,28,114,58,56
SMITH COUNTY,423,67 Years,2279,1043,1236,1799,841,958,317,132,185,46,16,30,117,54,63
SMITH COUNTY,423,68 Years,1826,838,988,1431,665,766,245,99,146,37,18,19,113,56,57
SMITH COUNTY,423,69 Years,1810,814,996,1422,644,778,247,103,144,33,14,19,108,53,55
SMITH COUNTY,423,70 Years,1770,804,966,1416,641,775,225,94,131,31,16,15,98,53,45
SMITH COUNTY,423,71 Years,1721,792,929,1392,633,759,221,103,118,27,13,14,81,43,38
SMITH COUNTY,423,72 Years,1600,741,859,1321,601,720,177,83,94,27,15,12,75,42,33
SMITH COUNTY,423,73 Years,1540,687,853,1267,556,711,183,84,99,27,14,13,63,33,30
SMITH COUNTY,423,74 Years,1496,675,821,1224,553,671,182,75,107,26,13,13,64,34,30
SMITH COUNTY,423,75 Years,1328,609,719,1101,504,597,146,64,82,19,9,10,62,32,30
SMITH COUNTY,423,76 Years,1266,591,675,1042,494,548,145,57,88,20,10,10,59,30,29
SMITH COUNTY,423,77 Years,1196,549,647,992,457,535,141,59,82,17,10,7,46,23,23
SMITH COUNTY,423,78 Years,1157,511,646,964,429,535,129,52,77,17,7,10,47,23,24
SMITH COUNTY,423,79 Years,1127,457,670,939,388,551,141,48,93,13,6,7,34,15,19
SMITH COUNTY,423,80 Years,995,415,580,829,355,474,124,44,80,15,6,9,27,10,17
SMITH COUNTY,423,81 Years,903,376,527,746,320,426,117,40,77,15,6,9,25,10,15
SMITH COUNTY,423,82 Years,847,334,513,708,288,420,105,38,67,11,2,9,23,6,17
SMITH COUNTY,423,83 Years,817,346,471,687,296,391,98,38,60,14,5,9,18,7,11
SMITH COUNTY,423,84 Years,723,288,435,619,245,374,79,32,47,9,3,6,16,8,8
SMITH COUNTY,423,85 Years +,3959,1423,2536,3336,1231,2105,483,133,350,49,20,29,91,39,52
SOMERVELL COUNTY,425,All Ages,8778,4324,4454,6622,3257,3365,54,27,27,221,97,124,1881,943,938
SOMERVELL COUNTY,425,< 1 Year,90,45,45,47,24,23,0,0,0,1,1,0,42,20,22
SOMERVELL COUNTY,425,1 Years,97,47,50,49,24,25,0,0,0,2,1,1,46,22,24
SOMERVELL COUNTY,425,2 Years,90,44,46,50,24,26,1,0,1,2,1,1,37,19,18
SOMERVELL COUNTY,425,3 Years,93,46,47,50,24,26,1,0,1,2,1,1,40,21,19
SOMERVELL COUNTY,425,4 Years,102,49,53,54,26,28,0,0,0,2,2,0,46,21,25
SOMERVELL COUNTY,425,5 Years,81,36,45,52,25,27,2,0,2,1,1,0,26,10,16
SOMERVELL COUNTY,425,6 Years,104,51,53,70,39,31,1,0,1,3,1,2,30,11,19
SOMERVELL COUNTY,425,7 Years,104,50,54,66,36,30,1,0,1,6,1,5,31,13,18
SOMERVELL COUNTY,425,8 Years,105,51,54,66,35,31,1,0,1,8,1,7,30,15,15
SOMERVELL COUNTY,425,9 Years,104,54,50,63,37,26,3,0,3,7,3,4,31,14,17
SOMERVELL COUNTY,425,10 Years,110,49,61,68,32,36,2,1,1,5,3,2,35,13,22
SOMERVELL COUNTY,425,11 Years,127,54,73,76,34,42,0,0,0,5,2,3,46,18,28
SOMERVELL COUNTY,425,12 Years,134,62,72,89,44,45,0,0,0,6,2,4,39,16,23
SOMERVELL COUNTY,425,13 Years,140,63,77,87,39,48,0,0,0,5,1,4,48,23,25
SOMERVELL COUNTY,425,14 Years,143,72,71,85,42,43,3,2,1,6,2,4,49,26,23
SOMERVELL COUNTY,425,15 Years,141,77,64,90,48,42,5,3,2,8,5,3,38,21,17
SOMERVELL COUNTY,425,16 Years,151,83,68,98,54,44,3,2,1,3,1,2,47,26,21
SOMERVELL COUNTY,425,17 Years,163,97,66,107,65,42,2,1,1,3,2,1,51,29,22
SOMERVELL COUNTY,425,18 Years,148,83,65,104,60,44,2,1,1,3,2,1,39,20,19
SOMERVELL COUNTY,425,19 Years,132,73,59,81,47,34,3,2,1,3,1,2,45,23,22
SOMERVELL COUNTY,425,20 Years,126,69,57,79,47,32,6,4,2,3,0,3,38,18,20
SOMERVELL COUNTY,425,21 Years,148,66,82,94,41,53,4,1,3,4,0,4,46,24,22
SOMERVELL COUNTY,425,22 Years,134,62,72,81,36,45,2,0,2,4,2,2,47,24,23
SOMERVELL COUNTY,425,23 Years,105,51,54,63,31,32,0,0,0,6,1,5,36,19,17
SOMERVELL COUNTY,425,24 Years,95,50,45,50,27,23,0,0,0,7,2,5,38,21,17
SOMERVELL COUNTY,425,25 Years,89,49,40,60,33,27,0,0,0,2,1,1,27,15,12
SOMERVELL COUNTY,425,26 Years,82,42,40,64,32,32,0,0,0,1,1,0,17,9,8
SOMERVELL COUNTY,425,27 Years,72,37,35,54,28,26,0,0,0,1,1,0,17,8,9
SOMERVELL COUNTY,425,28 Years,79,41,38,58,28,30,0,0,0,0,0,0,21,13,8
SOMERVELL COUNTY,425,29 Years,70,35,35,49,22,27,0,0,0,1,0,1,20,13,7
SOMERVELL COUNTY,425,30 Years,68,33,35,50,23,27,1,0,1,0,0,0,17,10,7
SOMERVELL COUNTY,425,31 Years,65,34,31,46,25,21,2,1,1,0,0,0,17,8,9
SOMERVELL COUNTY,425,32 Years,81,42,39,49,25,24,1,1,0,3,3,0,28,13,15
SOMERVELL COUNTY,425,33 Years,77,46,31,51,27,24,0,0,0,1,1,0,25,18,7
SOMERVELL COUNTY,425,34 Years,80,44,36,50,23,27,1,1,0,3,1,2,26,19,7
SOMERVELL COUNTY,425,35 Years,98,48,50,63,29,34,0,0,0,2,1,1,33,18,15
SOMERVELL COUNTY,425,36 Years,97,45,52,69,30,39,0,0,0,3,1,2,25,14,11
SOMERVELL COUNTY,425,37 Years,100,44,56,74,32,42,0,0,0,3,1,2,23,11,12
SOMERVELL COUNTY,425,38 Years,104,48,56,71,31,40,0,0,0,3,3,0,30,14,16
SOMERVELL COUNTY,425,39 Years,102,47,55,75,34,41,0,0,0,2,1,1,25,12,13
SOMERVELL COUNTY,425,40 Years,100,43,57,69,32,37,1,1,0,4,3,1,26,7,19
SOMERVELL COUNTY,425,41 Years,103,47,56,76,39,37,1,1,0,3,1,2,23,6,17
SOMERVELL COUNTY,425,42 Years,101,46,55,73,33,40,0,0,0,4,1,3,24,12,12
SOMERVELL COUNTY,425,43 Years,117,59,58,89,43,46,1,1,0,2,2,0,25,13,12
SOMERVELL COUNTY,425,44 Years,127,61,66,104,49,55,1,1,0,1,1,0,21,10,11
SOMERVELL COUNTY,425,45 Years,124,52,72,97,44,53,0,0,0,5,2,3,22,6,16
SOMERVELL COUNTY,425,46 Years,102,43,59,77,35,42,0,0,0,3,1,2,22,7,15
SOMERVELL COUNTY,425,47 Years,121,58,63,90,41,49,0,0,0,2,1,1,29,16,13
SOMERVELL COUNTY,425,48 Years,129,64,65,101,48,53,2,2,0,2,1,1,24,13,11
SOMERVELL COUNTY,425,49 Years,132,69,63,106,53,53,1,1,0,2,1,1,23,14,9
SOMERVELL COUNTY,425,50 Years,142,69,73,117,54,63,0,0,0,1,0,1,24,15,9
SOMERVELL COUNTY,425,51 Years,133,68,65,109,53,56,0,0,0,4,3,1,20,12,8
SOMERVELL COUNTY,425,52 Years,134,73,61,119,67,52,0,0,0,2,1,1,13,5,8
SOMERVELL COUNTY,425,53 Years,148,77,71,127,69,58,0,0,0,4,1,3,17,7,10
SOMERVELL COUNTY,425,54 Years,125,56,69,110,50,60,0,0,0,2,1,1,13,5,8
SOMERVELL COUNTY,425,55 Years,130,60,70,115,52,63,0,0,0,1,0,1,14,8,6
SOMERVELL COUNTY,425,56 Years,125,65,60,110,58,52,0,0,0,1,0,1,14,7,7
SOMERVELL COUNTY,425,57 Years,119,59,60,103,52,51,0,0,0,2,1,1,14,6,8
SOMERVELL COUNTY,425,58 Years,113,62,51,100,54,46,0,0,0,4,3,1,9,5,4
SOMERVELL COUNTY,425,59 Years,115,52,63,103,45,58,0,0,0,4,2,2,8,5,3
SOMERVELL COUNTY,425,60 Years,124,53,71,111,46,65,0,0,0,2,1,1,11,6,5
SOMERVELL COUNTY,425,61 Years,131,57,74,114,48,66,0,0,0,2,1,1,15,8,7
SOMERVELL COUNTY,425,62 Years,131,64,67,117,56,61,0,0,0,2,1,1,12,7,5
SOMERVELL COUNTY,425,63 Years,122,67,55,109,58,51,0,0,0,3,1,2,10,8,2
SOMERVELL COUNTY,425,64 Years,129,66,63,116,60,56,0,0,0,4,1,3,9,5,4
SOMERVELL COUNTY,425,65 Years,129,72,57,116,65,51,0,0,0,2,1,1,11,6,5
SOMERVELL COUNTY,425,66 Years,124,68,56,114,63,51,0,0,0,2,1,1,8,4,4
SOMERVELL COUNTY,425,67 Years,99,46,53,92,44,48,0,0,0,1,0,1,6,2,4
SOMERVELL COUNTY,425,68 Years,87,39,48,81,36,45,0,0,0,1,0,1,5,3,2
SOMERVELL COUNTY,425,69 Years,81,37,44,75,34,41,0,0,0,1,1,0,5,2,3
SOMERVELL COUNTY,425,70 Years,89,46,43,83,43,40,0,0,0,2,0,2,4,3,1
SOMERVELL COUNTY,425,71 Years,78,42,36,70,38,32,0,0,0,3,2,1,5,2,3
SOMERVELL COUNTY,425,72 Years,75,43,32,70,40,30,0,0,0,1,1,0,4,2,2
SOMERVELL COUNTY,425,73 Years,65,34,31,62,32,30,0,0,0,1,1,0,2,1,1
SOMERVELL COUNTY,425,74 Years,56,28,28,53,26,27,0,0,0,1,1,0,2,1,1
SOMERVELL COUNTY,425,75 Years,51,25,26,46,22,24,0,0,0,2,1,1,3,2,1
SOMERVELL COUNTY,425,76 Years,60,22,38,55,20,35,0,0,0,1,0,1,4,2,2
SOMERVELL COUNTY,425,77 Years,61,26,35,54,22,32,0,0,0,0,0,0,7,4,3
SOMERVELL COUNTY,425,78 Years,42,22,20,39,20,19,0,0,0,0,0,0,3,2,1
SOMERVELL COUNTY,425,79 Years,35,20,15,32,18,14,0,0,0,1,0,1,2,2,0
SOMERVELL COUNTY,425,80 Years,46,22,24,43,20,23,0,0,0,0,0,0,3,2,1
SOMERVELL COUNTY,425,81 Years,41,17,24,39,16,23,0,0,0,0,0,0,2,1,1
SOMERVELL COUNTY,425,82 Years,29,16,13,28,16,12,0,0,0,1,0,1,0,0,0
SOMERVELL COUNTY,425,83 Years,23,10,13,19,8,11,0,0,0,1,0,1,3,2,1
SOMERVELL COUNTY,425,84 Years,28,14,14,25,11,14,0,0,0,1,1,0,2,2,0
SOMERVELL COUNTY,425,85 Years +,171,66,105,162,61,101,0,0,0,3,2,1,6,3,3
STARR COUNTY,427,All Ages,62635,30366,32269,2768,1350,1418,13,11,2,166,81,85,59688,28924,30764
STARR COUNTY,427,< 1 Year,1377,675,702,69,28,41,0,0,0,2,1,1,1306,646,660
STARR COUNTY,427,1 Years,1369,693,676,82,32,50,0,0,0,3,2,1,1284,659,625
STARR COUNTY,427,2 Years,1338,669,669,80,31,49,0,0,0,0,0,0,1258,638,620
STARR COUNTY,427,3 Years,1339,680,659,74,37,37,0,0,0,1,1,0,1264,642,622
STARR COUNTY,427,4 Years,1055,536,519,52,22,30,0,0,0,0,0,0,1003,514,489
STARR COUNTY,427,5 Years,948,465,483,37,17,20,0,0,0,3,3,0,908,445,463
STARR COUNTY,427,6 Years,909,453,456,46,22,24,0,0,0,3,1,2,860,430,430
STARR COUNTY,427,7 Years,960,494,466,50,25,25,0,0,0,3,0,3,907,469,438
STARR COUNTY,427,8 Years,987,489,498,46,19,27,0,0,0,3,0,3,938,470,468
STARR COUNTY,427,9 Years,979,490,489,42,23,19,0,0,0,6,2,4,931,465,466
STARR COUNTY,427,10 Years,986,477,509,29,15,14,0,0,0,4,2,2,953,460,493
STARR COUNTY,427,11 Years,1036,524,512,38,21,17,0,0,0,2,1,1,996,502,494
STARR COUNTY,427,12 Years,1125,562,563,49,27,22,0,0,0,3,2,1,1073,533,540
STARR COUNTY,427,13 Years,1168,585,583,44,22,22,0,0,0,2,1,1,1122,562,560
STARR COUNTY,427,14 Years,1200,634,566,47,27,20,0,0,0,2,1,1,1151,606,545
STARR COUNTY,427,15 Years,1125,564,561,47,22,25,0,0,0,1,1,0,1077,541,536
STARR COUNTY,427,16 Years,1147,582,565,50,27,23,1,1,0,3,2,1,1093,552,541
STARR COUNTY,427,17 Years,1129,589,540,40,17,23,0,0,0,3,2,1,1086,570,516
STARR COUNTY,427,18 Years,1195,602,593,47,25,22,0,0,0,2,1,1,1146,576,570
STARR COUNTY,427,19 Years,1088,544,544,33,19,14,2,1,1,4,2,2,1049,522,527
STARR COUNTY,427,20 Years,1063,529,534,31,14,17,2,2,0,1,1,0,1029,512,517
STARR COUNTY,427,21 Years,1067,537,530,36,20,16,0,0,0,3,2,1,1028,515,513
STARR COUNTY,427,22 Years,1046,515,531,35,16,19,0,0,0,4,4,0,1007,495,512
STARR COUNTY,427,23 Years,987,502,485,48,27,21,1,1,0,1,1,0,937,473,464
STARR COUNTY,427,24 Years,969,503,466,45,26,19,0,0,0,1,1,0,923,476,447
STARR COUNTY,427,25 Years,853,442,411,49,34,15,0,0,0,0,0,0,804,408,396
STARR COUNTY,427,26 Years,810,419,391,41,24,17,0,0,0,2,1,1,767,394,373
STARR COUNTY,427,27 Years,736,373,363,38,18,20,0,0,0,1,1,0,697,354,343
STARR COUNTY,427,28 Years,740,361,379,27,16,11,1,1,0,0,0,0,712,344,368
STARR COUNTY,427,29 Years,757,368,389,28,14,14,0,0,0,3,1,2,726,353,373
STARR COUNTY,427,30 Years,709,367,342,27,16,11,0,0,0,3,3,0,679,348,331
STARR COUNTY,427,31 Years,719,366,353,33,18,15,1,1,0,3,2,1,682,345,337
STARR COUNTY,427,32 Years,766,383,383,30,16,14,0,0,0,3,1,2,733,366,367
STARR COUNTY,427,33 Years,761,366,395,32,14,18,0,0,0,1,1,0,728,351,377
STARR COUNTY,427,34 Years,772,377,395,25,10,15,0,0,0,1,1,0,746,366,380
STARR COUNTY,427,35 Years,710,348,362,19,8,11,0,0,0,0,0,0,691,340,351
STARR COUNTY,427,36 Years,718,324,394,28,11,17,0,0,0,4,2,2,686,311,375
STARR COUNTY,427,37 Years,708,340,368,28,11,17,0,0,0,4,2,2,676,327,349
STARR COUNTY,427,38 Years,774,361,413,27,11,16,1,1,0,2,1,1,744,348,396
STARR COUNTY,427,39 Years,818,396,422,25,14,11,0,0,0,5,1,4,788,381,407
STARR COUNTY,427,40 Years,775,369,406,21,13,8,1,1,0,4,1,3,749,354,395
STARR COUNTY,427,41 Years,769,373,396,23,10,13,0,0,0,4,1,3,742,362,380
STARR COUNTY,427,42 Years,824,386,438,32,17,15,0,0,0,1,0,1,791,369,422
STARR COUNTY,427,43 Years,814,395,419,37,20,17,0,0,0,3,0,3,774,375,399
STARR COUNTY,427,44 Years,810,394,416,31,16,15,1,0,1,2,1,1,776,377,399
STARR COUNTY,427,45 Years,798,381,417,34,18,16,0,0,0,4,2,2,760,361,399
STARR COUNTY,427,46 Years,768,354,414,37,18,19,0,0,0,3,2,1,728,334,394
STARR COUNTY,427,47 Years,747,322,425,39,17,22,1,1,0,2,1,1,705,303,402
STARR COUNTY,427,48 Years,718,325,393,31,13,18,0,0,0,4,2,2,683,310,373
STARR COUNTY,427,49 Years,672,322,350,32,14,18,0,0,0,4,2,2,636,306,330
STARR COUNTY,427,50 Years,678,325,353,34,17,17,0,0,0,4,2,2,640,306,334
STARR COUNTY,427,51 Years,666,324,342,23,12,11,0,0,0,2,1,1,641,311,330
STARR COUNTY,427,52 Years,630,297,333,28,11,17,0,0,0,1,0,1,601,286,315
STARR COUNTY,427,53 Years,665,319,346,35,13,22,0,0,0,1,0,1,629,306,323
STARR COUNTY,427,54 Years,699,324,375,29,16,13,0,0,0,2,1,1,668,307,361
STARR COUNTY,427,55 Years,629,282,347,27,15,12,0,0,0,2,1,1,600,266,334
STARR COUNTY,427,56 Years,597,275,322,33,19,14,0,0,0,2,1,1,562,255,307
STARR COUNTY,427,57 Years,580,285,295,25,13,12,0,0,0,4,2,2,551,270,281
STARR COUNTY,427,58 Years,559,265,294,23,11,12,0,0,0,2,1,1,534,253,281
STARR COUNTY,427,59 Years,527,245,282,21,11,10,0,0,0,1,1,0,505,233,272
STARR COUNTY,427,60 Years,526,238,288,23,14,9,0,0,0,3,2,1,500,222,278
STARR COUNTY,427,61 Years,505,224,281,29,15,14,1,1,0,2,1,1,473,207,266
STARR COUNTY,427,62 Years,489,214,275,21,8,13,0,0,0,1,0,1,467,206,261
STARR COUNTY,427,63 Years,504,226,278,21,11,10,0,0,0,0,0,0,483,215,268
STARR COUNTY,427,64 Years,531,244,287,17,8,9,0,0,0,2,0,2,512,236,276
STARR COUNTY,427,65 Years,507,217,290,13,7,6,0,0,0,3,1,2,491,209,282
STARR COUNTY,427,66 Years,486,205,281,16,8,8,0,0,0,1,1,0,469,196,273
STARR COUNTY,427,67 Years,470,203,267,22,7,15,0,0,0,3,1,2,445,195,250
STARR COUNTY,427,68 Years,429,190,239,18,5,13,0,0,0,2,0,2,409,185,224
STARR COUNTY,427,69 Years,418,192,226,20,8,12,0,0,0,0,0,0,398,184,214
STARR COUNTY,427,70 Years,375,172,203,19,7,12,0,0,0,0,0,0,356,165,191
STARR COUNTY,427,71 Years,374,179,195,19,8,11,0,0,0,1,0,1,354,171,183
STARR COUNTY,427,72 Years,325,157,168,17,8,9,0,0,0,1,0,1,307,149,158
STARR COUNTY,427,73 Years,358,161,197,18,8,10,0,0,0,0,0,0,340,153,187
STARR COUNTY,427,74 Years,352,162,190,21,10,11,0,0,0,0,0,0,331,152,179
STARR COUNTY,427,75 Years,332,145,187,21,10,11,0,0,0,0,0,0,311,135,176
STARR COUNTY,427,76 Years,303,138,165,17,10,7,0,0,0,1,1,0,285,127,158
STARR COUNTY,427,77 Years,272,115,157,12,6,6,0,0,0,0,0,0,260,109,151
STARR COUNTY,427,78 Years,275,120,155,12,6,6,0,0,0,0,0,0,263,114,149
STARR COUNTY,427,79 Years,255,117,138,13,8,5,0,0,0,0,0,0,242,109,133
STARR COUNTY,427,80 Years,200,94,106,16,8,8,0,0,0,0,0,0,184,86,98
STARR COUNTY,427,81 Years,169,74,95,14,6,8,0,0,0,0,0,0,155,68,87
STARR COUNTY,427,82 Years,176,86,90,13,6,7,0,0,0,1,1,0,162,79,83
STARR COUNTY,427,83 Years,160,70,90,13,6,7,0,0,0,0,0,0,147,64,83
STARR COUNTY,427,84 Years,159,63,96,12,5,7,0,0,0,1,0,1,146,58,88
STARR COUNTY,427,85 Years +,817,314,503,82,37,45,0,0,0,0,0,0,735,277,458
STEPHENS COUNTY,429,All Ages,9598,4992,4606,7059,3564,3495,200,137,63,155,96,59,2184,1195,989
STEPHENS COUNTY,429,< 1 Year,113,58,55,60,31,29,0,0,0,7,4,3,46,23,23
STEPHENS COUNTY,429,1 Years,107,55,52,58,31,27,1,0,1,7,4,3,41,20,21
STEPHENS COUNTY,429,2 Years,105,50,55,61,30,31,1,0,1,6,3,3,37,17,20
STEPHENS COUNTY,429,3 Years,112,53,59,66,33,33,1,0,1,3,1,2,42,19,23
STEPHENS COUNTY,429,4 Years,125,69,56,69,38,31,1,0,1,2,1,1,53,30,23
STEPHENS COUNTY,429,5 Years,118,60,58,65,32,33,2,2,0,3,1,2,48,25,23
STEPHENS COUNTY,429,6 Years,116,59,57,70,36,34,1,1,0,2,1,1,43,21,22
STEPHENS COUNTY,429,7 Years,144,74,70,91,43,48,2,1,1,3,1,2,48,29,19
STEPHENS COUNTY,429,8 Years,133,61,72,84,37,47,2,1,1,0,0,0,47,23,24
STEPHENS COUNTY,429,9 Years,122,61,61,73,35,38,2,1,1,4,3,1,43,22,21
STEPHENS COUNTY,429,10 Years,140,69,71,81,36,45,3,0,3,6,6,0,50,27,23
STEPHENS COUNTY,429,11 Years,119,53,66,73,32,41,3,0,3,3,3,0,40,18,22
STEPHENS COUNTY,429,12 Years,118,65,53,72,41,31,3,2,1,5,4,1,38,18,20
STEPHENS COUNTY,429,13 Years,121,64,57,71,39,32,4,4,0,2,2,0,44,19,25
STEPHENS COUNTY,429,14 Years,120,64,56,67,33,34,3,2,1,3,3,0,47,26,21
STEPHENS COUNTY,429,15 Years,135,73,62,88,43,45,2,2,0,5,5,0,40,23,17
STEPHENS COUNTY,429,16 Years,130,75,55,84,47,37,4,3,1,2,2,0,40,23,17
STEPHENS COUNTY,429,17 Years,124,66,58,85,41,44,4,3,1,2,1,1,33,21,12
STEPHENS COUNTY,429,18 Years,114,62,52,72,38,34,2,2,0,4,4,0,36,18,18
STEPHENS COUNTY,429,19 Years,130,65,65,80,39,41,3,3,0,3,2,1,44,21,23
STEPHENS COUNTY,429,20 Years,131,79,52,81,48,33,5,5,0,1,0,1,44,26,18
STEPHENS COUNTY,429,21 Years,150,98,52,93,57,36,5,5,0,1,1,0,51,35,16
STEPHENS COUNTY,429,22 Years,143,98,45,81,50,31,6,6,0,1,1,0,55,41,14
STEPHENS COUNTY,429,23 Years,134,80,54,76,41,35,3,3,0,2,2,0,53,34,19
STEPHENS COUNTY,429,24 Years,129,85,44,80,53,27,5,4,1,1,1,0,43,27,16
STEPHENS COUNTY,429,25 Years,116,73,43,72,49,23,2,1,1,1,0,1,41,23,18
STEPHENS COUNTY,429,26 Years,118,75,43,70,47,23,5,4,1,1,0,1,42,24,18
STEPHENS COUNTY,429,27 Years,118,69,49,71,41,30,4,4,0,1,0,1,42,24,18
STEPHENS COUNTY,429,28 Years,123,78,45,78,46,32,6,6,0,1,1,0,38,25,13
STEPHENS COUNTY,429,29 Years,110,67,43,69,40,29,4,4,0,1,0,1,36,23,13
STEPHENS COUNTY,429,30 Years,106,55,51,58,25,33,8,7,1,1,1,0,39,22,17
STEPHENS COUNTY,429,31 Years,109,59,50,75,43,32,3,2,1,1,1,0,30,13,17
STEPHENS COUNTY,429,32 Years,113,63,50,82,47,35,4,3,1,0,0,0,27,13,14
STEPHENS COUNTY,429,33 Years,103,58,45,72,44,28,2,2,0,3,1,2,26,11,15
STEPHENS COUNTY,429,34 Years,106,59,47,73,40,33,2,2,0,3,2,1,28,15,13
STEPHENS COUNTY,429,35 Years,97,54,43,62,31,31,2,2,0,2,1,1,31,20,11
STEPHENS COUNTY,429,36 Years,92,50,42,70,38,32,2,1,1,2,1,1,18,10,8
STEPHENS COUNTY,429,37 Years,105,42,63,74,30,44,4,1,3,3,1,2,24,10,14
STEPHENS COUNTY,429,38 Years,103,62,41,68,40,28,2,1,1,3,2,1,30,19,11
STEPHENS COUNTY,429,39 Years,90,52,38,63,35,28,1,0,1,1,1,0,25,16,9
STEPHENS COUNTY,429,40 Years,98,56,42,70,37,33,4,3,1,1,1,0,23,15,8
STEPHENS COUNTY,429,41 Years,104,51,53,75,38,37,1,1,0,0,0,0,28,12,16
STEPHENS COUNTY,429,42 Years,103,55,48,73,40,33,5,5,0,2,0,2,23,10,13
STEPHENS COUNTY,429,43 Years,116,58,58,86,43,43,4,3,1,2,2,0,24,10,14
STEPHENS COUNTY,429,44 Years,106,53,53,80,36,44,3,2,1,1,1,0,22,14,8
STEPHENS COUNTY,429,45 Years,108,63,45,79,45,34,0,0,0,0,0,0,29,18,11
STEPHENS COUNTY,429,46 Years,110,63,47,78,44,34,2,2,0,1,1,0,29,16,13
STEPHENS COUNTY,429,47 Years,96,51,45,66,32,34,0,0,0,1,1,0,29,18,11
STEPHENS COUNTY,429,48 Years,99,61,38,71,41,30,1,0,1,0,0,0,27,20,7
STEPHENS COUNTY,429,49 Years,103,55,48,80,42,38,2,1,1,0,0,0,21,12,9
STEPHENS COUNTY,429,50 Years,119,61,58,94,45,49,1,1,0,0,0,0,24,15,9
STEPHENS COUNTY,429,51 Years,129,70,59,101,57,44,3,2,1,1,0,1,24,11,13
STEPHENS COUNTY,429,52 Years,146,68,78,121,58,63,2,1,1,1,0,1,22,9,13
STEPHENS COUNTY,429,53 Years,155,86,69,122,66,56,3,3,0,2,2,0,28,15,13
STEPHENS COUNTY,429,54 Years,145,63,82,115,49,66,3,1,2,2,1,1,25,12,13
STEPHENS COUNTY,429,55 Years,115,56,59,98,49,49,2,0,2,1,0,1,14,7,7
STEPHENS COUNTY,429,56 Years,115,58,57,96,49,47,2,1,1,3,3,0,14,5,9
STEPHENS COUNTY,429,57 Years,120,51,69,101,43,58,1,0,1,2,1,1,16,7,9
STEPHENS COUNTY,429,58 Years,135,62,73,115,51,64,1,0,1,3,1,2,16,10,6
STEPHENS COUNTY,429,59 Years,138,70,68,116,57,59,4,2,2,1,1,0,17,10,7
STEPHENS COUNTY,429,60 Years,126,63,63,112,54,58,2,1,1,1,1,0,11,7,4
STEPHENS COUNTY,429,61 Years,142,72,70,127,65,62,2,1,1,2,0,2,11,6,5
STEPHENS COUNTY,429,62 Years,140,65,75,126,60,66,2,1,1,2,0,2,10,4,6
STEPHENS COUNTY,429,63 Years,119,52,67,108,49,59,2,1,1,2,0,2,7,2,5
STEPHENS COUNTY,429,64 Years,123,60,63,113,55,58,1,1,0,1,0,1,8,4,4
STEPHENS COUNTY,429,65 Years,121,63,58,105,55,50,2,2,0,2,1,1,12,5,7
STEPHENS COUNTY,429,66 Years,112,57,55,104,52,52,1,1,0,1,1,0,6,3,3
STEPHENS COUNTY,429,67 Years,112,45,67,105,43,62,1,0,1,3,1,2,3,1,2
STEPHENS COUNTY,429,68 Years,97,49,48,86,42,44,3,1,2,1,1,0,7,5,2
STEPHENS COUNTY,429,69 Years,102,52,50,92,44,48,0,0,0,2,2,0,8,6,2
STEPHENS COUNTY,429,70 Years,114,56,58,107,51,56,0,0,0,1,1,0,6,4,2
STEPHENS COUNTY,429,71 Years,99,52,47,89,46,43,2,2,0,4,3,1,4,1,3
STEPHENS COUNTY,429,72 Years,88,44,44,81,40,41,2,2,0,2,1,1,3,1,2
STEPHENS COUNTY,429,73 Years,91,46,45,86,44,42,0,0,0,1,0,1,4,2,2
STEPHENS COUNTY,429,74 Years,91,47,44,83,43,40,1,0,1,0,0,0,7,4,3
STEPHENS COUNTY,429,75 Years,82,40,42,74,35,39,3,2,1,0,0,0,5,3,2
STEPHENS COUNTY,429,76 Years,74,34,40,67,31,36,2,1,1,0,0,0,5,2,3
STEPHENS COUNTY,429,77 Years,71,31,40,66,30,36,1,0,1,1,0,1,3,1,2
STEPHENS COUNTY,429,78 Years,50,20,30,47,19,28,0,0,0,1,1,0,2,0,2
STEPHENS COUNTY,429,79 Years,62,28,34,57,25,32,1,0,1,0,0,0,4,3,1
STEPHENS COUNTY,429,80 Years,58,25,33,55,22,33,1,1,0,0,0,0,2,2,0
STEPHENS COUNTY,429,81 Years,55,18,37,47,17,30,2,0,2,0,0,0,6,1,5
STEPHENS COUNTY,429,82 Years,47,19,28,44,18,26,1,0,1,0,0,0,2,1,1
STEPHENS COUNTY,429,83 Years,45,19,26,43,17,26,0,0,0,0,0,0,2,2,0
STEPHENS COUNTY,429,84 Years,40,19,21,40,19,21,0,0,0,0,0,0,0,0,0
STEPHENS COUNTY,429,85 Years +,235,93,142,220,86,134,5,2,3,2,0,2,8,5,3
STERLING COUNTY,431,All Ages,1344,682,662,854,423,431,20,16,4,37,20,17,433,223,210
STERLING COUNTY,431,< 1 Year,22,10,12,11,5,6,0,0,0,0,0,0,11,5,6
STERLING COUNTY,431,1 Years,19,9,10,9,4,5,0,0,0,0,0,0,10,5,5
STERLING COUNTY,431,2 Years,14,5,9,7,3,4,0,0,0,0,0,0,7,2,5
STERLING COUNTY,431,3 Years,13,6,7,10,4,6,0,0,0,0,0,0,3,2,1
STERLING COUNTY,431,4 Years,16,6,10,9,3,6,1,1,0,1,1,0,5,1,4
STERLING COUNTY,431,5 Years,19,10,9,13,8,5,0,0,0,2,1,1,4,1,3
STERLING COUNTY,431,6 Years,23,12,11,16,9,7,1,1,0,0,0,0,6,2,4
STERLING COUNTY,431,7 Years,23,9,14,14,6,8,0,0,0,1,0,1,8,3,5
STERLING COUNTY,431,8 Years,19,9,10,12,5,7,0,0,0,1,1,0,6,3,3
STERLING COUNTY,431,9 Years,14,9,5,5,3,2,1,1,0,1,0,1,7,5,2
STERLING COUNTY,431,10 Years,19,13,6,8,5,3,1,1,0,2,2,0,8,5,3
STERLING COUNTY,431,11 Years,16,8,8,11,6,5,0,0,0,1,1,0,4,1,3
STERLING COUNTY,431,12 Years,19,8,11,11,6,5,0,0,0,1,0,1,7,2,5
STERLING COUNTY,431,13 Years,18,10,8,9,6,3,0,0,0,1,0,1,8,4,4
STERLING COUNTY,431,14 Years,16,8,8,8,4,4,0,0,0,1,1,0,7,3,4
STERLING COUNTY,431,15 Years,15,10,5,9,7,2,0,0,0,1,0,1,5,3,2
STERLING COUNTY,431,16 Years,16,11,5,10,7,3,0,0,0,0,0,0,6,4,2
STERLING COUNTY,431,17 Years,20,10,10,10,5,5,0,0,0,1,1,0,9,4,5
STERLING COUNTY,431,18 Years,13,5,8,8,3,5,0,0,0,0,0,0,5,2,3
STERLING COUNTY,431,19 Years,13,9,4,7,4,3,0,0,0,1,1,0,5,4,1
STERLING COUNTY,431,20 Years,13,11,2,4,3,1,0,0,0,1,1,0,8,7,1
STERLING COUNTY,431,21 Years,20,14,6,9,7,2,0,0,0,1,0,1,10,7,3
STERLING COUNTY,431,22 Years,17,9,8,6,2,4,0,0,0,0,0,0,11,7,4
STERLING COUNTY,431,23 Years,11,4,7,5,1,4,0,0,0,0,0,0,6,3,3
STERLING COUNTY,431,24 Years,15,9,6,11,6,5,0,0,0,0,0,0,4,3,1
STERLING COUNTY,431,25 Years,15,9,6,6,4,2,0,0,0,0,0,0,9,5,4
STERLING COUNTY,431,26 Years,12,6,6,6,3,3,0,0,0,0,0,0,6,3,3
STERLING COUNTY,431,27 Years,12,9,3,7,6,1,0,0,0,0,0,0,5,3,2
STERLING COUNTY,431,28 Years,19,10,9,12,6,6,0,0,0,1,0,1,6,4,2
STERLING COUNTY,431,29 Years,13,6,7,7,3,4,0,0,0,0,0,0,6,3,3
STERLING COUNTY,431,30 Years,12,8,4,7,5,2,1,1,0,0,0,0,4,2,2
STERLING COUNTY,431,31 Years,15,10,5,9,6,3,2,2,0,0,0,0,4,2,2
STERLING COUNTY,431,32 Years,21,9,12,14,5,9,1,1,0,1,0,1,5,3,2
STERLING COUNTY,431,33 Years,15,7,8,10,5,5,0,0,0,0,0,0,5,2,3
STERLING COUNTY,431,34 Years,16,8,8,10,4,6,0,0,0,0,0,0,6,4,2
STERLING COUNTY,431,35 Years,19,7,12,13,4,9,0,0,0,1,1,0,5,2,3
STERLING COUNTY,431,36 Years,15,5,10,10,3,7,0,0,0,0,0,0,5,2,3
STERLING COUNTY,431,37 Years,15,8,7,9,4,5,0,0,0,0,0,0,6,4,2
STERLING COUNTY,431,38 Years,15,10,5,8,5,3,1,1,0,0,0,0,6,4,2
STERLING COUNTY,431,39 Years,9,5,4,7,4,3,1,1,0,0,0,0,1,0,1
STERLING COUNTY,431,40 Years,7,3,4,5,2,3,0,0,0,0,0,0,2,1,1
STERLING COUNTY,431,41 Years,12,5,7,8,5,3,0,0,0,0,0,0,4,0,4
STERLING COUNTY,431,42 Years,10,4,6,7,3,4,0,0,0,0,0,0,3,1,2
STERLING COUNTY,431,43 Years,9,3,6,5,2,3,0,0,0,0,0,0,4,1,3
STERLING COUNTY,431,44 Years,15,8,7,10,5,5,0,0,0,0,0,0,5,3,2
STERLING COUNTY,431,45 Years,15,7,8,11,5,6,0,0,0,0,0,0,4,2,2
STERLING COUNTY,431,46 Years,17,7,10,9,4,5,2,1,1,0,0,0,6,2,4
STERLING COUNTY,431,47 Years,20,12,8,10,6,4,0,0,0,0,0,0,10,6,4
STERLING COUNTY,431,48 Years,17,7,10,12,5,7,0,0,0,0,0,0,5,2,3
STERLING COUNTY,431,49 Years,17,7,10,12,5,7,0,0,0,1,0,1,4,2,2
STERLING COUNTY,431,50 Years,22,11,11,15,7,8,0,0,0,0,0,0,7,4,3
STERLING COUNTY,431,51 Years,21,11,10,13,7,6,0,0,0,0,0,0,8,4,4
STERLING COUNTY,431,52 Years,19,11,8,12,7,5,0,0,0,1,1,0,6,3,3
STERLING COUNTY,431,53 Years,19,11,8,12,6,6,0,0,0,1,1,0,6,4,2
STERLING COUNTY,431,54 Years,20,13,7,12,9,3,1,1,0,0,0,0,7,3,4
STERLING COUNTY,431,55 Years,23,12,11,16,9,7,1,1,0,0,0,0,6,2,4
STERLING COUNTY,431,56 Years,25,14,11,20,11,9,0,0,0,0,0,0,5,3,2
STERLING COUNTY,431,57 Years,23,10,13,16,6,10,0,0,0,2,0,2,5,4,1
STERLING COUNTY,431,58 Years,18,8,10,13,6,7,0,0,0,2,0,2,3,2,1
STERLING COUNTY,431,59 Years,22,10,12,14,5,9,0,0,0,2,1,1,6,4,2
STERLING COUNTY,431,60 Years,20,7,13,12,4,8,0,0,0,0,0,0,8,3,5
STERLING COUNTY,431,61 Years,11,3,8,8,3,5,0,0,0,0,0,0,3,0,3
STERLING COUNTY,431,62 Years,15,9,6,10,5,5,0,0,0,1,1,0,4,3,1
STERLING COUNTY,431,63 Years,14,5,9,11,3,8,0,0,0,1,1,0,2,1,1
STERLING COUNTY,431,64 Years,17,11,6,14,9,5,0,0,0,0,0,0,3,2,1
STERLING COUNTY,431,65 Years,20,8,12,18,7,11,0,0,0,1,1,0,1,0,1
STERLING COUNTY,431,66 Years,19,13,6,14,9,5,0,0,0,1,1,0,4,3,1
STERLING COUNTY,431,67 Years,22,15,7,15,12,3,0,0,0,1,0,1,6,3,3
STERLING COUNTY,431,68 Years,12,8,4,7,5,2,0,0,0,0,0,0,5,3,2
STERLING COUNTY,431,69 Years,9,5,4,7,4,3,0,0,0,0,0,0,2,1,1
STERLING COUNTY,431,70 Years,14,9,5,11,6,5,0,0,0,1,1,0,2,2,0
STERLING COUNTY,431,71 Years,12,5,7,8,3,5,0,0,0,0,0,0,4,2,2
STERLING COUNTY,431,72 Years,10,4,6,8,3,5,0,0,0,0,0,0,2,1,1
STERLING COUNTY,431,73 Years,11,3,8,9,2,7,0,0,0,0,0,0,2,1,1
STERLING COUNTY,431,74 Years,9,4,5,6,3,3,1,1,0,0,0,0,2,0,2
STERLING COUNTY,431,75 Years,6,2,4,3,1,2,0,0,0,0,0,0,3,1,2
STERLING COUNTY,431,76 Years,7,2,5,4,1,3,0,0,0,0,0,0,3,1,2
STERLING COUNTY,431,77 Years,11,6,5,10,6,4,0,0,0,0,0,0,1,0,1
STERLING COUNTY,431,78 Years,8,2,6,7,2,5,0,0,0,0,0,0,1,0,1
STERLING COUNTY,431,79 Years,14,7,7,11,4,7,0,0,0,0,0,0,3,3,0
STERLING COUNTY,431,80 Years,13,6,7,10,3,7,0,0,0,0,0,0,3,3,0
STERLING COUNTY,431,81 Years,8,5,3,7,4,3,0,0,0,0,0,0,1,1,0
STERLING COUNTY,431,82 Years,8,4,4,6,3,3,1,0,1,0,0,0,1,1,0
STERLING COUNTY,431,83 Years,9,4,5,7,3,4,1,0,1,0,0,0,1,1,0
STERLING COUNTY,431,84 Years,9,3,6,7,2,5,0,0,0,0,0,0,2,1,1
STERLING COUNTY,431,85 Years +,39,17,22,25,12,13,3,2,1,2,1,1,9,2,7
STONEWALL COUNTY,433,All Ages,1446,690,756,1159,559,600,33,17,16,39,14,25,215,100,115
STONEWALL COUNTY,433,< 1 Year,17,8,9,13,6,7,0,0,0,1,0,1,3,2,1
STONEWALL COUNTY,433,1 Years,13,6,7,10,5,5,0,0,0,0,0,0,3,1,2
STONEWALL COUNTY,433,2 Years,12,6,6,9,5,4,0,0,0,0,0,0,3,1,2
STONEWALL COUNTY,433,3 Years,10,6,4,8,5,3,0,0,0,0,0,0,2,1,1
STONEWALL COUNTY,433,4 Years,9,2,7,6,1,5,0,0,0,0,0,0,3,1,2
STONEWALL COUNTY,433,5 Years,20,8,12,10,5,5,1,0,1,3,1,2,6,2,4
STONEWALL COUNTY,433,6 Years,11,4,7,6,2,4,0,0,0,1,0,1,4,2,2
STONEWALL COUNTY,433,7 Years,18,6,12,15,4,11,0,0,0,0,0,0,3,2,1
STONEWALL COUNTY,433,8 Years,22,10,12,15,6,9,0,0,0,0,0,0,7,4,3
STONEWALL COUNTY,433,9 Years,19,11,8,15,8,7,0,0,0,0,0,0,4,3,1
STONEWALL COUNTY,433,10 Years,21,9,12,10,4,6,1,0,1,2,2,0,8,3,5
STONEWALL COUNTY,433,11 Years,23,12,11,15,8,7,0,0,0,4,1,3,4,3,1
STONEWALL COUNTY,433,12 Years,20,12,8,13,7,6,1,0,1,1,0,1,5,5,0
STONEWALL COUNTY,433,13 Years,22,9,13,18,7,11,0,0,0,1,0,1,3,2,1
STONEWALL COUNTY,433,14 Years,14,7,7,10,6,4,0,0,0,0,0,0,4,1,3
STONEWALL COUNTY,433,15 Years,19,7,12,11,5,6,1,1,0,2,0,2,5,1,4
STONEWALL COUNTY,433,16 Years,20,10,10,15,7,8,1,1,0,1,1,0,3,1,2
STONEWALL COUNTY,433,17 Years,17,6,11,15,5,10,1,1,0,0,0,0,1,0,1
STONEWALL COUNTY,433,18 Years,13,4,9,11,4,7,1,0,1,0,0,0,1,0,1
STONEWALL COUNTY,433,19 Years,16,8,8,11,5,6,1,1,0,0,0,0,4,2,2
STONEWALL COUNTY,433,20 Years,18,10,8,10,6,4,0,0,0,0,0,0,8,4,4
STONEWALL COUNTY,433,21 Years,18,11,7,13,9,4,0,0,0,0,0,0,5,2,3
STONEWALL COUNTY,433,22 Years,16,9,7,10,6,4,0,0,0,2,1,1,4,2,2
STONEWALL COUNTY,433,23 Years,10,7,3,7,5,2,1,1,0,0,0,0,2,1,1
STONEWALL COUNTY,433,24 Years,16,10,6,12,8,4,3,1,2,1,1,0,0,0,0
STONEWALL COUNTY,433,25 Years,12,7,5,10,6,4,1,1,0,0,0,0,1,0,1
STONEWALL COUNTY,433,26 Years,7,4,3,5,3,2,0,0,0,0,0,0,2,1,1
STONEWALL COUNTY,433,27 Years,8,5,3,5,4,1,0,0,0,0,0,0,3,1,2
STONEWALL COUNTY,433,28 Years,12,5,7,9,4,5,0,0,0,0,0,0,3,1,2
STONEWALL COUNTY,433,29 Years,10,4,6,8,4,4,0,0,0,0,0,0,2,0,2
STONEWALL COUNTY,433,30 Years,10,4,6,9,4,5,0,0,0,0,0,0,1,0,1
STONEWALL COUNTY,433,31 Years,15,8,7,10,6,4,0,0,0,2,0,2,3,2,1
STONEWALL COUNTY,433,32 Years,16,7,9,12,6,6,0,0,0,1,0,1,3,1,2
STONEWALL COUNTY,433,33 Years,16,7,9,12,6,6,0,0,0,1,1,0,3,0,3
STONEWALL COUNTY,433,34 Years,16,7,9,12,6,6,0,0,0,0,0,0,4,1,3
STONEWALL COUNTY,433,35 Years,15,5,10,12,4,8,0,0,0,1,0,1,2,1,1
STONEWALL COUNTY,433,36 Years,12,4,8,9,3,6,1,0,1,0,0,0,2,1,1
STONEWALL COUNTY,433,37 Years,12,5,7,10,5,5,0,0,0,1,0,1,1,0,1
STONEWALL COUNTY,433,38 Years,12,8,4,9,5,4,1,1,0,0,0,0,2,2,0
STONEWALL COUNTY,433,39 Years,14,6,8,12,6,6,0,0,0,1,0,1,1,0,1
STONEWALL COUNTY,433,40 Years,16,11,5,11,7,4,0,0,0,1,1,0,4,3,1
STONEWALL COUNTY,433,41 Years,12,7,5,10,5,5,0,0,0,0,0,0,2,2,0
STONEWALL COUNTY,433,42 Years,16,6,10,10,4,6,0,0,0,0,0,0,6,2,4
STONEWALL COUNTY,433,43 Years,17,8,9,14,8,6,0,0,0,0,0,0,3,0,3
STONEWALL COUNTY,433,44 Years,15,8,7,13,7,6,0,0,0,0,0,0,2,1,1
STONEWALL COUNTY,433,45 Years,14,10,4,9,7,2,0,0,0,1,1,0,4,2,2
STONEWALL COUNTY,433,46 Years,15,10,5,10,7,3,1,1,0,0,0,0,4,2,2
STONEWALL COUNTY,433,47 Years,16,9,7,15,8,7,0,0,0,0,0,0,1,1,0
STONEWALL COUNTY,433,48 Years,20,10,10,20,10,10,0,0,0,0,0,0,0,0,0
STONEWALL COUNTY,433,49 Years,20,10,10,16,8,8,1,1,0,1,1,0,2,0,2
STONEWALL COUNTY,433,50 Years,22,8,14,20,8,12,1,0,1,0,0,0,1,0,1
STONEWALL COUNTY,433,51 Years,21,10,11,17,9,8,1,0,1,0,0,0,3,1,2
STONEWALL COUNTY,433,52 Years,24,13,11,19,10,9,1,0,1,0,0,0,4,3,1
STONEWALL COUNTY,433,53 Years,19,11,8,17,9,8,0,0,0,0,0,0,2,2,0
STONEWALL COUNTY,433,54 Years,18,10,8,15,7,8,2,2,0,0,0,0,1,1,0
STONEWALL COUNTY,433,55 Years,20,9,11,19,8,11,0,0,0,0,0,0,1,1,0
STONEWALL COUNTY,433,56 Years,22,15,7,19,12,7,0,0,0,0,0,0,3,3,0
STONEWALL COUNTY,433,57 Years,25,12,13,18,8,10,0,0,0,1,1,0,6,3,3
STONEWALL COUNTY,433,58 Years,22,10,12,17,9,8,2,0,2,0,0,0,3,1,2
STONEWALL COUNTY,433,59 Years,22,7,15,20,7,13,1,0,1,0,0,0,1,0,1
STONEWALL COUNTY,433,60 Years,18,10,8,15,8,7,0,0,0,1,1,0,2,1,1
STONEWALL COUNTY,433,61 Years,18,8,10,15,7,8,0,0,0,0,0,0,3,1,2
STONEWALL COUNTY,433,62 Years,20,11,9,18,11,7,0,0,0,0,0,0,2,0,2
STONEWALL COUNTY,433,63 Years,20,12,8,19,11,8,0,0,0,0,0,0,1,1,0
STONEWALL COUNTY,433,64 Years,18,11,7,17,10,7,0,0,0,0,0,0,1,1,0
STONEWALL COUNTY,433,65 Years,26,12,14,23,11,12,0,0,0,1,0,1,2,1,1
STONEWALL COUNTY,433,66 Years,18,9,9,16,8,8,0,0,0,1,0,1,1,1,0
STONEWALL COUNTY,433,67 Years,19,8,11,16,8,8,0,0,0,1,0,1,2,0,2
STONEWALL COUNTY,433,68 Years,18,7,11,16,7,9,0,0,0,0,0,0,2,0,2
STONEWALL COUNTY,433,69 Years,20,10,10,18,9,9,1,1,0,0,0,0,1,0,1
STONEWALL COUNTY,433,70 Years,27,13,14,24,12,12,1,0,1,1,0,1,1,1,0
STONEWALL COUNTY,433,71 Years,13,7,6,11,6,5,1,0,1,0,0,0,1,1,0
STONEWALL COUNTY,433,72 Years,11,4,7,10,3,7,0,0,0,0,0,0,1,1,0
STONEWALL COUNTY,433,73 Years,11,5,6,11,5,6,0,0,0,0,0,0,0,0,0
STONEWALL COUNTY,433,74 Years,14,7,7,12,6,6,1,1,0,0,0,0,1,0,1
STONEWALL COUNTY,433,75 Years,22,8,14,20,7,13,1,1,0,0,0,0,1,0,1
STONEWALL COUNTY,433,76 Years,15,5,10,13,4,9,1,1,0,0,0,0,1,0,1
STONEWALL COUNTY,433,77 Years,13,7,6,12,6,6,0,0,0,1,1,0,0,0,0
STONEWALL COUNTY,433,78 Years,14,6,8,12,5,7,1,1,0,0,0,0,1,0,1
STONEWALL COUNTY,433,79 Years,10,3,7,9,3,6,0,0,0,1,0,1,0,0,0
STONEWALL COUNTY,433,80 Years,14,4,10,13,3,10,0,0,0,0,0,0,1,1,0
STONEWALL COUNTY,433,81 Years,16,7,9,15,6,9,0,0,0,0,0,0,1,1,0
STONEWALL COUNTY,433,82 Years,15,8,7,12,6,6,0,0,0,1,0,1,2,2,0
STONEWALL COUNTY,433,83 Years,13,7,6,11,6,5,0,0,0,0,0,0,2,1,1
STONEWALL COUNTY,433,84 Years,12,5,7,11,5,6,0,0,0,0,0,0,1,0,1
STONEWALL COUNTY,433,85 Years +,54,18,36,49,17,32,1,0,1,1,0,1,3,1,2
SUTTON COUNTY,435,All Ages,4090,2029,2061,1571,761,810,7,7,0,20,11,9,2492,1250,1242
SUTTON COUNTY,435,< 1 Year,55,28,27,16,8,8,0,0,0,1,1,0,38,19,19
SUTTON COUNTY,435,1 Years,54,27,27,17,9,8,0,0,0,0,0,0,37,18,19
SUTTON COUNTY,435,2 Years,56,31,25,16,9,7,0,0,0,0,0,0,40,22,18
SUTTON COUNTY,435,3 Years,48,27,21,13,8,5,0,0,0,0,0,0,35,19,16
SUTTON COUNTY,435,4 Years,68,29,39,18,7,11,0,0,0,0,0,0,50,22,28
SUTTON COUNTY,435,5 Years,68,39,29,22,15,7,0,0,0,1,1,0,45,23,22
SUTTON COUNTY,435,6 Years,62,28,34,16,10,6,0,0,0,0,0,0,46,18,28
SUTTON COUNTY,435,7 Years,53,26,27,13,6,7,0,0,0,0,0,0,40,20,20
SUTTON COUNTY,435,8 Years,45,24,21,9,5,4,0,0,0,0,0,0,36,19,17
SUTTON COUNTY,435,9 Years,46,23,23,9,5,4,0,0,0,1,1,0,36,17,19
SUTTON COUNTY,435,10 Years,58,27,31,13,5,8,0,0,0,1,1,0,44,21,23
SUTTON COUNTY,435,11 Years,59,30,29,17,9,8,0,0,0,1,0,1,41,21,20
SUTTON COUNTY,435,12 Years,59,26,33,22,10,12,0,0,0,1,0,1,36,16,20
SUTTON COUNTY,435,13 Years,64,26,38,24,9,15,0,0,0,0,0,0,40,17,23
SUTTON COUNTY,435,14 Years,68,32,36,18,8,10,0,0,0,2,0,2,48,24,24
SUTTON COUNTY,435,15 Years,72,45,27,25,15,10,0,0,0,0,0,0,47,30,17
SUTTON COUNTY,435,16 Years,53,28,25,19,12,7,0,0,0,0,0,0,34,16,18
SUTTON COUNTY,435,17 Years,58,29,29,17,8,9,0,0,0,1,0,1,40,21,19
SUTTON COUNTY,435,18 Years,59,31,28,17,7,10,0,0,0,0,0,0,42,24,18
SUTTON COUNTY,435,19 Years,56,33,23,16,8,8,0,0,0,0,0,0,40,25,15
SUTTON COUNTY,435,20 Years,58,29,29,20,9,11,0,0,0,0,0,0,38,20,18
SUTTON COUNTY,435,21 Years,71,34,37,20,9,11,1,1,0,0,0,0,50,24,26
SUTTON COUNTY,435,22 Years,64,27,37,16,8,8,1,1,0,0,0,0,47,18,29
SUTTON COUNTY,435,23 Years,49,24,25,10,4,6,0,0,0,1,1,0,38,19,19
SUTTON COUNTY,435,24 Years,39,23,16,3,1,2,0,0,0,1,1,0,35,21,14
SUTTON COUNTY,435,25 Years,39,22,17,8,4,4,0,0,0,0,0,0,31,18,13
SUTTON COUNTY,435,26 Years,39,20,19,12,7,5,0,0,0,0,0,0,27,13,14
SUTTON COUNTY,435,27 Years,37,20,17,10,5,5,0,0,0,0,0,0,27,15,12
SUTTON COUNTY,435,28 Years,33,14,19,13,5,8,0,0,0,0,0,0,20,9,11
SUTTON COUNTY,435,29 Years,34,14,20,13,4,9,0,0,0,0,0,0,21,10,11
SUTTON COUNTY,435,30 Years,40,17,23,13,5,8,0,0,0,0,0,0,27,12,15
SUTTON COUNTY,435,31 Years,40,20,20,15,7,8,0,0,0,0,0,0,25,13,12
SUTTON COUNTY,435,32 Years,44,21,23,17,8,9,0,0,0,0,0,0,27,13,14
SUTTON COUNTY,435,33 Years,45,23,22,14,5,9,0,0,0,0,0,0,31,18,13
SUTTON COUNTY,435,34 Years,53,24,29,13,5,8,0,0,0,0,0,0,40,19,21
SUTTON COUNTY,435,35 Years,46,26,20,15,7,8,0,0,0,1,1,0,30,18,12
SUTTON COUNTY,435,36 Years,42,23,19,16,10,6,0,0,0,0,0,0,26,13,13
SUTTON COUNTY,435,37 Years,31,16,15,9,5,4,0,0,0,0,0,0,22,11,11
SUTTON COUNTY,435,38 Years,40,18,22,12,4,8,0,0,0,0,0,0,28,14,14
SUTTON COUNTY,435,39 Years,43,21,22,11,6,5,1,1,0,1,1,0,30,13,17
SUTTON COUNTY,435,40 Years,43,20,23,13,6,7,1,1,0,0,0,0,29,13,16
SUTTON COUNTY,435,41 Years,47,21,26,13,7,6,0,0,0,0,0,0,34,14,20
SUTTON COUNTY,435,42 Years,46,21,25,18,7,11,0,0,0,0,0,0,28,14,14
SUTTON COUNTY,435,43 Years,50,22,28,22,8,14,0,0,0,0,0,0,28,14,14
SUTTON COUNTY,435,44 Years,60,27,33,18,7,11,0,0,0,0,0,0,42,20,22
SUTTON COUNTY,435,45 Years,55,30,25,19,10,9,1,1,0,0,0,0,35,19,16
SUTTON COUNTY,435,46 Years,48,26,22,22,13,9,0,0,0,0,0,0,26,13,13
SUTTON COUNTY,435,47 Years,48,27,21,16,9,7,0,0,0,0,0,0,32,18,14
SUTTON COUNTY,435,48 Years,48,30,18,19,10,9,0,0,0,0,0,0,29,20,9
SUTTON COUNTY,435,49 Years,44,21,23,21,8,13,0,0,0,1,0,1,22,13,9
SUTTON COUNTY,435,50 Years,54,22,32,25,8,17,0,0,0,0,0,0,29,14,15
SUTTON COUNTY,435,51 Years,58,32,26,27,15,12,0,0,0,0,0,0,31,17,14
SUTTON COUNTY,435,52 Years,65,35,30,30,14,16,0,0,0,0,0,0,35,21,14
SUTTON COUNTY,435,53 Years,56,30,26,29,14,15,0,0,0,1,1,0,26,15,11
SUTTON COUNTY,435,54 Years,62,29,33,28,14,14,0,0,0,1,1,0,33,14,19
SUTTON COUNTY,435,55 Years,58,28,30,25,12,13,0,0,0,0,0,0,33,16,17
SUTTON COUNTY,435,56 Years,57,31,26,24,15,9,0,0,0,0,0,0,33,16,17
SUTTON COUNTY,435,57 Years,53,23,30,25,10,15,0,0,0,0,0,0,28,13,15
SUTTON COUNTY,435,58 Years,67,33,34,38,17,21,0,0,0,0,0,0,29,16,13
SUTTON COUNTY,435,59 Years,61,29,32,31,15,16,0,0,0,0,0,0,30,14,16
SUTTON COUNTY,435,60 Years,69,33,36,35,19,16,0,0,0,1,0,1,33,14,19
SUTTON COUNTY,435,61 Years,61,26,35,30,14,16,0,0,0,1,0,1,30,12,18
SUTTON COUNTY,435,62 Years,51,26,25,22,11,11,0,0,0,0,0,0,29,15,14
SUTTON COUNTY,435,63 Years,54,29,25,26,16,10,0,0,0,0,0,0,28,13,15
SUTTON COUNTY,435,64 Years,43,20,23,24,12,12,0,0,0,0,0,0,19,8,11
SUTTON COUNTY,435,65 Years,45,26,19,20,12,8,0,0,0,0,0,0,25,14,11
SUTTON COUNTY,435,66 Years,47,28,19,23,14,9,0,0,0,0,0,0,24,14,10
SUTTON COUNTY,435,67 Years,48,25,23,30,18,12,0,0,0,0,0,0,18,7,11
SUTTON COUNTY,435,68 Years,44,23,21,25,14,11,0,0,0,0,0,0,19,9,10
SUTTON COUNTY,435,69 Years,34,17,17,19,9,10,1,1,0,0,0,0,14,7,7
SUTTON COUNTY,435,70 Years,39,18,21,20,7,13,1,1,0,1,1,0,17,9,8
SUTTON COUNTY,435,71 Years,36,18,18,23,12,11,0,0,0,0,0,0,13,6,7
SUTTON COUNTY,435,72 Years,33,19,14,22,11,11,0,0,0,0,0,0,11,8,3
SUTTON COUNTY,435,73 Years,26,9,17,15,5,10,0,0,0,0,0,0,11,4,7
SUTTON COUNTY,435,74 Years,22,12,10,14,8,6,0,0,0,0,0,0,8,4,4
SUTTON COUNTY,435,75 Years,23,11,12,13,5,8,0,0,0,0,0,0,10,6,4
SUTTON COUNTY,435,76 Years,22,11,11,12,5,7,0,0,0,0,0,0,10,6,4
SUTTON COUNTY,435,77 Years,29,18,11,14,9,5,0,0,0,0,0,0,15,9,6
SUTTON COUNTY,435,78 Years,32,16,16,18,8,10,0,0,0,0,0,0,14,8,6
SUTTON COUNTY,435,79 Years,21,10,11,11,6,5,0,0,0,0,0,0,10,4,6
SUTTON COUNTY,435,80 Years,17,7,10,12,5,7,0,0,0,0,0,0,5,2,3
SUTTON COUNTY,435,81 Years,21,10,11,14,5,9,0,0,0,0,0,0,7,5,2
SUTTON COUNTY,435,82 Years,24,10,14,11,4,7,0,0,0,0,0,0,13,6,7
SUTTON COUNTY,435,83 Years,23,11,12,12,5,7,0,0,0,0,0,0,11,6,5
SUTTON COUNTY,435,84 Years,23,10,13,12,5,7,0,0,0,0,0,0,11,5,6
SUTTON COUNTY,435,85 Years +,75,24,51,34,12,22,0,0,0,1,0,1,40,12,28
SWISHER COUNTY,437,All Ages,7538,4006,3532,3657,1851,1806,553,386,167,126,56,70,3202,1713,1489
SWISHER COUNTY,437,< 1 Year,92,49,43,30,18,12,6,3,3,3,3,0,53,25,28
SWISHER COUNTY,437,1 Years,87,44,43,24,12,12,4,2,2,0,0,0,59,30,29
SWISHER COUNTY,437,2 Years,98,49,49,29,17,12,4,2,2,3,1,2,62,29,33
SWISHER COUNTY,437,3 Years,98,51,47,28,16,12,4,3,1,2,0,2,64,32,32
SWISHER COUNTY,437,4 Years,115,52,63,34,15,19,3,2,1,4,2,2,74,33,41
SWISHER COUNTY,437,5 Years,120,60,60,35,16,19,7,1,6,5,3,2,73,40,33
SWISHER COUNTY,437,6 Years,108,56,52,40,19,21,5,1,4,5,2,3,58,34,24
SWISHER COUNTY,437,7 Years,115,57,58,38,19,19,9,4,5,7,4,3,61,30,31
SWISHER COUNTY,437,8 Years,111,52,59,40,18,22,11,4,7,4,2,2,56,28,28
SWISHER COUNTY,437,9 Years,122,68,54,48,27,21,10,5,5,5,3,2,59,33,26
SWISHER COUNTY,437,10 Years,108,54,54,40,19,21,9,4,5,3,2,1,56,29,27
SWISHER COUNTY,437,11 Years,103,56,47,42,24,18,6,3,3,4,2,2,51,27,24
SWISHER COUNTY,437,12 Years,95,52,43,37,22,15,6,3,3,2,1,1,50,26,24
SWISHER COUNTY,437,13 Years,116,63,53,45,22,23,5,2,3,2,2,0,64,37,27
SWISHER COUNTY,437,14 Years,108,51,57,47,24,23,8,2,6,3,0,3,50,25,25
SWISHER COUNTY,437,15 Years,107,44,63,44,21,23,7,4,3,1,0,1,55,19,36
SWISHER COUNTY,437,16 Years,93,42,51,34,14,20,2,1,1,2,1,1,55,26,29
SWISHER COUNTY,437,17 Years,105,52,53,36,19,17,9,4,5,2,1,1,58,28,30
SWISHER COUNTY,437,18 Years,98,52,46,43,24,19,10,6,4,1,1,0,44,21,23
SWISHER COUNTY,437,19 Years,94,54,40,28,10,18,8,6,2,1,0,1,57,38,19
SWISHER COUNTY,437,20 Years,107,58,49,28,12,16,8,6,2,2,1,1,69,39,30
SWISHER COUNTY,437,21 Years,110,56,54,37,17,20,8,6,2,3,1,2,62,32,30
SWISHER COUNTY,437,22 Years,120,71,49,43,26,17,13,12,1,1,0,1,63,33,30
SWISHER COUNTY,437,23 Years,108,67,41,40,24,16,13,11,2,2,2,0,53,30,23
SWISHER COUNTY,437,24 Years,107,74,33,46,37,9,10,9,1,0,0,0,51,28,23
SWISHER COUNTY,437,25 Years,96,63,33,27,18,9,18,15,3,0,0,0,51,30,21
SWISHER COUNTY,437,26 Years,108,69,39,32,20,12,8,7,1,3,2,1,65,40,25
SWISHER COUNTY,437,27 Years,118,78,40,37,22,15,15,15,0,1,0,1,65,41,24
SWISHER COUNTY,437,28 Years,108,77,31,32,21,11,23,22,1,2,0,2,51,34,17
SWISHER COUNTY,437,29 Years,103,66,37,41,26,15,14,11,3,2,1,1,46,28,18
SWISHER COUNTY,437,30 Years,90,54,36,26,12,14,18,17,1,1,1,0,45,24,21
SWISHER COUNTY,437,31 Years,87,49,38,30,15,15,14,12,2,1,0,1,42,22,20
SWISHER COUNTY,437,32 Years,94,55,39,35,15,20,13,12,1,1,0,1,45,28,17
SWISHER COUNTY,437,33 Years,92,57,35,37,16,21,11,9,2,1,0,1,43,32,11
SWISHER COUNTY,437,34 Years,86,52,34,36,19,17,8,6,2,0,0,0,42,27,15
SWISHER COUNTY,437,35 Years,90,52,38,40,19,21,12,10,2,1,0,1,37,23,14
SWISHER COUNTY,437,36 Years,78,42,36,33,14,19,6,4,2,0,0,0,39,24,15
SWISHER COUNTY,437,37 Years,87,55,32,39,22,17,10,8,2,0,0,0,38,25,13
SWISHER COUNTY,437,38 Years,89,55,34,42,23,19,14,10,4,0,0,0,33,22,11
SWISHER COUNTY,437,39 Years,79,45,34,35,19,16,8,6,2,1,0,1,35,20,15
SWISHER COUNTY,437,40 Years,58,36,22,26,15,11,6,5,1,2,1,1,24,15,9
SWISHER COUNTY,437,41 Years,63,32,31,35,19,16,8,6,2,2,1,1,18,6,12
SWISHER COUNTY,437,42 Years,68,39,29,27,17,10,7,7,0,1,0,1,33,15,18
SWISHER COUNTY,437,43 Years,70,33,37,31,15,16,6,5,1,1,1,0,32,12,20
SWISHER COUNTY,437,44 Years,84,40,44,40,18,22,4,3,1,1,1,0,39,18,21
SWISHER COUNTY,437,45 Years,97,49,48,39,19,20,11,9,2,0,0,0,47,21,26
SWISHER COUNTY,437,46 Years,76,44,32,40,23,17,7,6,1,1,0,1,28,15,13
SWISHER COUNTY,437,47 Years,78,48,30,38,24,14,7,7,0,1,0,1,32,17,15
SWISHER COUNTY,437,48 Years,93,51,42,46,27,19,10,6,4,1,0,1,36,18,18
SWISHER COUNTY,437,49 Years,93,48,45,47,24,23,6,4,2,1,0,1,39,20,19
SWISHER COUNTY,437,50 Years,108,57,51,42,18,24,12,10,2,2,1,1,52,28,24
SWISHER COUNTY,437,51 Years,99,53,46,45,22,23,6,5,1,0,0,0,48,26,22
SWISHER COUNTY,437,52 Years,91,46,45,48,20,28,6,6,0,0,0,0,37,20,17
SWISHER COUNTY,437,53 Years,104,52,52,57,26,31,6,3,3,1,0,1,40,23,17
SWISHER COUNTY,437,54 Years,88,47,41,52,28,24,6,4,2,1,0,1,29,15,14
SWISHER COUNTY,437,55 Years,84,48,36,56,32,24,1,1,0,1,1,0,26,14,12
SWISHER COUNTY,437,56 Years,87,50,37,44,24,20,3,2,1,0,0,0,40,24,16
SWISHER COUNTY,437,57 Years,94,48,46,59,31,28,5,1,4,0,0,0,30,16,14
SWISHER COUNTY,437,58 Years,87,46,41,59,32,27,2,1,1,0,0,0,26,13,13
SWISHER COUNTY,437,59 Years,87,43,44,59,31,28,1,1,0,1,0,1,26,11,15
SWISHER COUNTY,437,60 Years,86,46,40,63,33,30,3,2,1,1,0,1,19,11,8
SWISHER COUNTY,437,61 Years,93,51,42,68,36,32,3,0,3,1,1,0,21,14,7
SWISHER COUNTY,437,62 Years,99,53,46,67,34,33,8,5,3,0,0,0,24,14,10
SWISHER COUNTY,437,63 Years,93,48,45,68,33,35,3,2,1,2,1,1,20,12,8
SWISHER COUNTY,437,64 Years,82,42,40,57,30,27,4,1,3,2,1,1,19,10,9
SWISHER COUNTY,437,65 Years,76,46,30,53,32,21,2,1,1,1,0,1,20,13,7
SWISHER COUNTY,437,66 Years,78,45,33,54,32,22,2,1,1,3,2,1,19,10,9
SWISHER COUNTY,437,67 Years,73,36,37,56,28,28,2,0,2,3,2,1,12,6,6
SWISHER COUNTY,437,68 Years,69,29,40,53,22,31,1,0,1,1,0,1,14,7,7
SWISHER COUNTY,437,69 Years,60,25,35,41,17,24,2,1,1,2,0,2,15,7,8
SWISHER COUNTY,437,70 Years,76,33,43,51,23,28,2,2,0,2,0,2,21,8,13
SWISHER COUNTY,437,71 Years,66,35,31,44,23,21,3,2,1,0,0,0,19,10,9
SWISHER COUNTY,437,72 Years,57,26,31,39,18,21,2,1,1,0,0,0,16,7,9
SWISHER COUNTY,437,73 Years,58,25,33,41,18,23,0,0,0,2,2,0,15,5,10
SWISHER COUNTY,437,74 Years,57,28,29,41,20,21,2,0,2,0,0,0,14,8,6
SWISHER COUNTY,437,75 Years,63,33,30,41,25,16,3,1,2,1,0,1,18,7,11
SWISHER COUNTY,437,76 Years,54,25,29,32,16,16,3,2,1,0,0,0,19,7,12
SWISHER COUNTY,437,77 Years,45,17,28,33,12,21,2,1,1,0,0,0,10,4,6
SWISHER COUNTY,437,78 Years,48,12,36,43,11,32,1,0,1,0,0,0,4,1,3
SWISHER COUNTY,437,79 Years,41,13,28,31,8,23,1,0,1,0,0,0,9,5,4
SWISHER COUNTY,437,80 Years,43,17,26,33,14,19,2,0,2,0,0,0,8,3,5
SWISHER COUNTY,437,81 Years,45,23,22,37,19,18,1,1,0,0,0,0,7,3,4
SWISHER COUNTY,437,82 Years,41,22,19,32,17,15,0,0,0,0,0,0,9,5,4
SWISHER COUNTY,437,83 Years,35,14,21,31,11,20,0,0,0,1,1,0,3,2,1
SWISHER COUNTY,437,84 Years,47,24,23,42,21,21,0,0,0,0,0,0,5,3,2
SWISHER COUNTY,437,85 Years +,194,75,119,158,60,98,4,1,3,6,2,4,26,12,14
TARRANT COUNTY,439,All Ages,1936494,951495,984999,924431,452903,471528,292766,137012,155754,152487,73794,78693,566810,287786,279024
TARRANT COUNTY,439,< 1 Year,28071,14437,13634,9960,5141,4819,4444,2251,2193,2718,1414,1304,10949,5631,5318
TARRANT COUNTY,439,1 Years,27842,14230,13612,9984,5118,4866,4312,2188,2124,2676,1358,1318,10870,5566,5304
TARRANT COUNTY,439,2 Years,27530,14087,13443,9965,5096,4869,4133,2123,2010,2658,1350,1308,10774,5518,5256
TARRANT COUNTY,439,3 Years,27689,14074,13615,10010,5115,4895,4092,2095,1997,2722,1361,1361,10865,5503,5362
TARRANT COUNTY,439,4 Years,27909,14054,13855,9999,5076,4923,4107,2052,2055,2590,1309,1281,11213,5617,5596
TARRANT COUNTY,439,5 Years,28450,14336,14114,10129,5146,4983,4416,2228,2188,2649,1331,1318,11256,5631,5625
TARRANT COUNTY,439,6 Years,29319,15009,14310,10302,5315,4987,4613,2323,2290,2935,1514,1421,11469,5857,5612
TARRANT COUNTY,439,7 Years,29654,15160,14494,10456,5374,5082,4629,2351,2278,2926,1493,1433,11643,5942,5701
TARRANT COUNTY,439,8 Years,29584,15100,14484,10512,5390,5122,4627,2327,2300,2886,1465,1421,11559,5918,5641
TARRANT COUNTY,439,9 Years,29668,15103,14565,10586,5448,5138,4668,2358,2310,2927,1444,1483,11487,5853,5634
TARRANT COUNTY,439,10 Years,30173,15376,14797,10633,5456,5177,4806,2433,2373,3008,1491,1517,11726,5996,5730
TARRANT COUNTY,439,11 Years,30040,15333,14707,10609,5461,5148,4875,2479,2396,2869,1432,1437,11687,5961,5726
TARRANT COUNTY,439,12 Years,30265,15502,14763,10542,5437,5105,5089,2566,2523,2750,1400,1350,11884,6099,5785
TARRANT COUNTY,439,13 Years,30694,15623,15071,10826,5494,5332,5244,2661,2583,2776,1439,1337,11848,6029,5819
TARRANT COUNTY,439,14 Years,30535,15616,14919,10944,5696,5248,5295,2710,2585,2654,1354,1300,11642,5856,5786
TARRANT COUNTY,439,15 Years,29760,15250,14510,10855,5622,5233,5091,2574,2517,2501,1278,1223,11313,5776,5537
TARRANT COUNTY,439,16 Years,29465,15160,14305,10900,5630,5270,5117,2580,2537,2532,1291,1241,10916,5659,5257
TARRANT COUNTY,439,17 Years,29435,15141,14294,11080,5721,5359,5020,2580,2440,2621,1327,1294,10714,5513,5201
TARRANT COUNTY,439,18 Years,28802,14701,14101,10819,5508,5311,4887,2505,2382,2539,1297,1242,10557,5391,5166
TARRANT COUNTY,439,19 Years,27385,14010,13375,10102,5182,4920,4702,2355,2347,2357,1229,1128,10224,5244,4980
TARRANT COUNTY,439,20 Years,26781,13702,13079,10030,5132,4898,4596,2279,2317,2220,1160,1060,9935,5131,4804
TARRANT COUNTY,439,21 Years,26699,13629,13070,10146,5115,5031,4611,2327,2284,2099,1065,1034,9843,5122,4721
TARRANT COUNTY,439,22 Years,26381,13487,12894,10228,5166,5062,4294,2130,2164,2034,1028,1006,9825,5163,4662
TARRANT COUNTY,439,23 Years,26802,13594,13208,10767,5305,5462,4079,1946,2133,2139,1098,1041,9817,5245,4572
TARRANT COUNTY,439,24 Years,27317,13797,13520,11306,5473,5833,3858,1801,2057,2297,1185,1112,9856,5338,4518
TARRANT COUNTY,439,25 Years,27524,13834,13690,11589,5611,5978,3799,1749,2050,2263,1141,1122,9873,5333,4540
TARRANT COUNTY,439,26 Years,27722,13870,13852,11904,5728,6176,3737,1689,2048,2181,1089,1092,9900,5364,4536
TARRANT COUNTY,439,27 Years,28316,14074,14242,12513,6026,6487,3750,1668,2082,2120,1045,1075,9933,5335,4598
TARRANT COUNTY,439,28 Years,28816,14267,14549,12924,6321,6603,3949,1775,2174,2127,1039,1088,9816,5132,4684
TARRANT COUNTY,439,29 Years,29312,14409,14903,13237,6554,6683,4069,1851,2218,2188,1050,1138,9818,4954,4864
TARRANT COUNTY,439,30 Years,29134,14347,14787,12988,6505,6483,4167,1862,2305,2182,1062,1120,9797,4918,4879
TARRANT COUNTY,439,31 Years,29627,14464,15163,13311,6686,6625,4440,1926,2514,2201,1024,1177,9675,4828,4847
TARRANT COUNTY,439,32 Years,29472,14308,15164,13305,6644,6661,4524,1957,2567,2213,987,1226,9430,4720,4710
TARRANT COUNTY,439,33 Years,29368,14237,15131,13226,6631,6595,4600,1960,2640,2176,977,1199,9366,4669,4697
TARRANT COUNTY,439,34 Years,28968,14113,14855,12847,6437,6410,4835,2076,2759,2141,983,1158,9145,4617,4528
TARRANT COUNTY,439,35 Years,27135,13232,13903,11736,5879,5857,4669,2028,2641,2090,935,1155,8640,4390,4250
TARRANT COUNTY,439,36 Years,26477,12886,13591,11211,5562,5649,4543,2004,2539,2044,925,1119,8679,4395,4284
TARRANT COUNTY,439,37 Years,25838,12623,13215,10867,5430,5437,4457,1954,2503,2096,928,1168,8418,4311,4107
TARRANT COUNTY,439,38 Years,25850,12538,13312,10788,5321,5467,4400,1989,2411,2314,1033,1281,8348,4195,4153
TARRANT COUNTY,439,39 Years,26298,12757,13541,11033,5470,5563,4412,1960,2452,2389,1057,1332,8464,4270,4194
TARRANT COUNTY,439,40 Years,25893,12362,13531,11037,5367,5670,4382,1943,2439,2371,1037,1334,8103,4015,4088
TARRANT COUNTY,439,41 Years,26213,12558,13655,11389,5591,5798,4328,1937,2391,2375,1058,1317,8121,3972,4149
TARRANT COUNTY,439,42 Years,27453,13317,14136,12391,6263,6128,4434,1966,2468,2492,1131,1361,8136,3957,4179
TARRANT COUNTY,439,43 Years,28823,14013,14810,13854,6945,6909,4582,2088,2494,2478,1138,1340,7909,3842,4067
TARRANT COUNTY,439,44 Years,28914,14101,14813,14158,7057,7101,4538,2042,2496,2440,1125,1315,7778,3877,3901
TARRANT COUNTY,439,45 Years,27050,13131,13919,13334,6568,6766,4224,1930,2294,2206,1021,1185,7286,3612,3674
TARRANT COUNTY,439,46 Years,25744,12667,13077,12673,6284,6389,4130,1905,2225,2007,942,1065,6934,3536,3398
TARRANT COUNTY,439,47 Years,25057,12306,12751,12494,6207,6287,4113,1875,2238,1908,866,1042,6542,3358,3184
TARRANT COUNTY,439,48 Years,25246,12327,12919,12712,6203,6509,4253,1930,2323,1868,876,992,6413,3318,3095
TARRANT COUNTY,439,49 Years,26369,12903,13466,13768,6755,7013,4353,2001,2352,1884,901,983,6364,3246,3118
TARRANT COUNTY,439,50 Years,26685,12989,13696,14671,7130,7541,4278,1996,2282,1863,893,970,5873,2970,2903
TARRANT COUNTY,439,51 Years,26627,13163,13464,15045,7440,7605,4221,2007,2214,1837,888,949,5524,2828,2696
TARRANT COUNTY,439,52 Years,26372,12960,13412,15381,7564,7817,4070,1892,2178,1716,815,901,5205,2689,2516
TARRANT COUNTY,439,53 Years,26428,12987,13441,15695,7713,7982,3971,1864,2107,1746,823,923,5016,2587,2429
TARRANT COUNTY,439,54 Years,26367,12979,13388,15930,7901,8029,3905,1861,2044,1711,801,910,4821,2416,2405
TARRANT COUNTY,439,55 Years,24951,12423,12528,15235,7657,7578,3715,1783,1932,1609,771,838,4392,2212,2180
TARRANT COUNTY,439,56 Years,24487,12163,12324,15189,7553,7636,3618,1718,1900,1593,789,804,4087,2103,1984
TARRANT COUNTY,439,57 Years,23626,11541,12085,14863,7351,7512,3401,1536,1865,1536,737,799,3826,1917,1909
TARRANT COUNTY,439,58 Years,22726,10986,11740,14337,7036,7301,3302,1478,1824,1507,729,778,3580,1743,1837
TARRANT COUNTY,439,59 Years,22199,10769,11430,14265,6996,7269,3150,1429,1721,1372,672,700,3412,1672,1740
TARRANT COUNTY,439,60 Years,20575,9897,10678,13511,6602,6909,2779,1248,1531,1239,559,680,3046,1488,1558
TARRANT COUNTY,439,61 Years,19351,9272,10079,12877,6192,6685,2504,1146,1358,1221,564,657,2749,1370,1379
TARRANT COUNTY,439,62 Years,18347,8745,9602,12299,5922,6377,2370,1069,1301,1205,554,651,2473,1200,1273
TARRANT COUNTY,439,63 Years,17070,8074,8996,11249,5409,5840,2285,1004,1281,1126,505,621,2410,1156,1254
TARRANT COUNTY,439,64 Years,16563,7813,8750,10987,5228,5759,2145,910,1235,1123,534,589,2308,1141,1167
TARRANT COUNTY,439,65 Years,15824,7462,8362,10690,5077,5613,2033,852,1181,1036,509,527,2065,1024,1041
TARRANT COUNTY,439,66 Years,15763,7437,8326,11087,5296,5791,1845,797,1048,952,437,515,1879,907,972
TARRANT COUNTY,439,67 Years,15361,7281,8080,11061,5323,5738,1659,735,924,853,379,474,1788,844,944
TARRANT COUNTY,439,68 Years,12167,5756,6411,8496,4061,4435,1348,578,770,743,363,380,1580,754,826
TARRANT COUNTY,439,69 Years,11089,5179,5910,7681,3619,4062,1209,516,693,691,328,363,1508,716,792
TARRANT COUNTY,439,70 Years,10818,4984,5834,7682,3586,4096,1155,489,666,648,301,347,1333,608,725
TARRANT COUNTY,439,71 Years,10209,4659,5550,7365,3409,3956,1058,441,617,614,281,333,1172,528,644
TARRANT COUNTY,439,72 Years,8930,4103,4827,6431,3004,3427,951,370,581,530,260,270,1018,469,549
TARRANT COUNTY,439,73 Years,8300,3711,4589,5938,2703,3235,905,346,559,493,230,263,964,432,532
TARRANT COUNTY,439,74 Years,7560,3403,4157,5447,2484,2963,778,316,462,425,197,228,910,406,504
TARRANT COUNTY,439,75 Years,7017,3078,3939,5083,2260,2823,720,288,432,396,174,222,818,356,462
TARRANT COUNTY,439,76 Years,6680,2878,3802,4903,2135,2768,673,251,422,378,175,203,726,317,409
TARRANT COUNTY,439,77 Years,6116,2645,3471,4528,1969,2559,603,227,376,308,145,163,677,304,373
TARRANT COUNTY,439,78 Years,5924,2516,3408,4446,1918,2528,565,219,346,273,119,154,640,260,380
TARRANT COUNTY,439,79 Years,5816,2458,3358,4394,1890,2504,563,212,351,240,100,140,619,256,363
TARRANT COUNTY,439,80 Years,5115,2123,2992,3888,1633,2255,484,169,315,232,111,121,511,210,301
TARRANT COUNTY,439,81 Years,4882,1952,2930,3737,1521,2216,446,145,301,227,101,126,472,185,287
TARRANT COUNTY,439,82 Years,4543,1812,2731,3541,1433,2108,391,127,264,180,76,104,431,176,255
TARRANT COUNTY,439,83 Years,4253,1706,2547,3342,1351,1991,348,114,234,189,85,104,374,156,218
TARRANT COUNTY,439,84 Years,3842,1478,2364,3044,1170,1874,330,114,216,160,71,89,308,123,185
TARRANT COUNTY,439,85 Years +,21042,6958,14084,17134,5705,11429,1695,478,1217,678,235,443,1535,540,995
TAYLOR COUNTY,441,All Ages,135842,66445,69397,86643,41972,44671,9629,4952,4677,6623,3211,3412,32947,16310,16637
TAYLOR COUNTY,441,< 1 Year,2072,1057,1015,970,511,459,170,86,84,210,110,100,722,350,372
TAYLOR COUNTY,441,1 Years,2075,1057,1018,968,511,457,158,82,76,212,110,102,737,354,383
TAYLOR COUNTY,441,2 Years,2047,1045,1002,945,491,454,163,83,80,205,109,96,734,362,372
TAYLOR COUNTY,441,3 Years,2076,1044,1032,965,500,465,165,79,86,206,110,96,740,355,385
TAYLOR COUNTY,441,4 Years,1985,950,1035,944,448,496,167,80,87,170,85,85,704,337,367
TAYLOR COUNTY,441,5 Years,1946,980,966,951,480,471,157,77,80,134,71,63,704,352,352
TAYLOR COUNTY,441,6 Years,1969,1033,936,968,497,471,161,82,79,127,70,57,713,384,329
TAYLOR COUNTY,441,7 Years,2000,1065,935,979,505,474,161,92,69,135,78,57,725,390,335
TAYLOR COUNTY,441,8 Years,1892,984,908,917,461,456,156,86,70,124,75,49,695,362,333
TAYLOR COUNTY,441,9 Years,1841,952,889,894,452,442,154,77,77,115,65,50,678,358,320
TAYLOR COUNTY,441,10 Years,1764,895,869,849,431,418,146,75,71,109,54,55,660,335,325
TAYLOR COUNTY,441,11 Years,1722,888,834,852,438,414,152,75,77,101,51,50,617,324,293
TAYLOR COUNTY,441,12 Years,1701,877,824,849,446,403,141,61,80,111,64,47,600,306,294
TAYLOR COUNTY,441,13 Years,1730,874,856,854,450,404,163,76,87,102,51,51,611,297,314
TAYLOR COUNTY,441,14 Years,1756,895,861,883,455,428,140,71,69,100,43,57,633,326,307
TAYLOR COUNTY,441,15 Years,1661,842,819,865,447,418,133,65,68,94,44,50,569,286,283
TAYLOR COUNTY,441,16 Years,1683,867,816,873,458,415,129,69,60,104,51,53,577,289,288
TAYLOR COUNTY,441,17 Years,1646,849,797,888,466,422,125,65,60,95,43,52,538,275,263
TAYLOR COUNTY,441,18 Years,1807,886,921,1012,477,535,158,82,76,92,44,48,545,283,262
TAYLOR COUNTY,441,19 Years,2123,1116,1007,1276,679,597,184,93,91,95,46,49,568,298,270
TAYLOR COUNTY,441,20 Years,2097,1093,1004,1233,645,588,211,119,92,90,39,51,563,290,273
TAYLOR COUNTY,441,21 Years,2060,1058,1002,1214,644,570,173,91,82,110,52,58,563,271,292
TAYLOR COUNTY,441,22 Years,2270,1089,1181,1316,637,679,200,106,94,130,57,73,624,289,335
TAYLOR COUNTY,441,23 Years,2708,1290,1418,1651,766,885,234,116,118,172,88,84,651,320,331
TAYLOR COUNTY,441,24 Years,2860,1359,1501,1759,798,961,237,127,110,189,96,93,675,338,337
TAYLOR COUNTY,441,25 Years,2991,1475,1516,1917,878,1039,239,147,92,186,112,74,649,338,311
TAYLOR COUNTY,441,26 Years,2962,1523,1439,1963,974,989,223,134,89,151,94,57,625,321,304
TAYLOR COUNTY,441,27 Years,2693,1407,1286,1771,920,851,220,122,98,130,74,56,572,291,281
TAYLOR COUNTY,441,28 Years,2431,1260,1171,1577,823,754,182,106,76,108,53,55,564,278,286
TAYLOR COUNTY,441,29 Years,2252,1140,1112,1404,708,696,158,93,65,118,64,54,572,275,297
TAYLOR COUNTY,441,30 Years,2112,1083,1029,1296,673,623,155,83,72,99,59,40,562,268,294
TAYLOR COUNTY,441,31 Years,1895,949,946,1150,572,578,142,75,67,77,39,38,526,263,263
TAYLOR COUNTY,441,32 Years,1800,918,882,1062,534,528,135,76,59,90,45,45,513,263,250
TAYLOR COUNTY,441,33 Years,1682,851,831,962,486,476,144,80,64,81,40,41,495,245,250
TAYLOR COUNTY,441,34 Years,1524,746,778,898,444,454,137,68,69,68,33,35,421,201,220
TAYLOR COUNTY,441,35 Years,1448,721,727,853,430,423,123,61,62,72,29,43,400,201,199
TAYLOR COUNTY,441,36 Years,1416,704,712,865,433,432,108,53,55,79,28,51,364,190,174
TAYLOR COUNTY,441,37 Years,1404,694,710,846,412,434,109,53,56,86,41,45,363,188,175
TAYLOR COUNTY,441,38 Years,1384,688,696,845,425,420,98,46,52,72,33,39,369,184,185
TAYLOR COUNTY,441,39 Years,1399,704,695,846,440,406,110,59,51,58,27,31,385,178,207
TAYLOR COUNTY,441,40 Years,1354,680,674,816,406,410,101,54,47,62,30,32,375,190,185
TAYLOR COUNTY,441,41 Years,1347,665,682,832,410,422,93,53,40,61,32,29,361,170,191
TAYLOR COUNTY,441,42 Years,1368,664,704,873,433,440,108,56,52,64,29,35,323,146,177
TAYLOR COUNTY,441,43 Years,1397,685,712,907,453,454,113,58,55,61,23,38,316,151,165
TAYLOR COUNTY,441,44 Years,1507,728,779,995,484,511,116,62,54,57,25,32,339,157,182
TAYLOR COUNTY,441,45 Years,1462,717,745,968,484,484,102,46,56,74,30,44,318,157,161
TAYLOR COUNTY,441,46 Years,1359,672,687,902,446,456,83,39,44,60,24,36,314,163,151
TAYLOR COUNTY,441,47 Years,1388,667,721,908,434,474,97,45,52,60,25,35,323,163,160
TAYLOR COUNTY,441,48 Years,1428,675,753,965,451,514,100,57,43,49,19,30,314,148,166
TAYLOR COUNTY,441,49 Years,1499,745,754,1023,500,523,98,52,46,50,21,29,328,172,156
TAYLOR COUNTY,441,50 Years,1670,806,864,1159,560,599,112,53,59,56,21,35,343,172,171
TAYLOR COUNTY,441,51 Years,1721,837,884,1237,599,638,101,48,53,53,25,28,330,165,165
TAYLOR COUNTY,441,52 Years,1694,836,858,1214,588,626,109,59,50,52,28,24,319,161,158
TAYLOR COUNTY,441,53 Years,1751,862,889,1284,628,656,103,54,49,58,26,32,306,154,152
TAYLOR COUNTY,441,54 Years,1783,874,909,1289,633,656,103,52,51,59,19,40,332,170,162
TAYLOR COUNTY,441,55 Years,1685,798,887,1239,595,644,108,52,56,58,21,37,280,130,150
TAYLOR COUNTY,441,56 Years,1708,810,898,1257,595,662,112,51,61,51,24,27,288,140,148
TAYLOR COUNTY,441,57 Years,1693,828,865,1276,626,650,108,50,58,49,20,29,260,132,128
TAYLOR COUNTY,441,58 Years,1584,780,804,1176,580,596,93,47,46,53,22,31,262,131,131
TAYLOR COUNTY,441,59 Years,1634,792,842,1224,584,640,108,61,47,52,21,31,250,126,124
TAYLOR COUNTY,441,60 Years,1533,733,800,1164,553,611,103,53,50,45,18,27,221,109,112
TAYLOR COUNTY,441,61 Years,1374,647,727,1033,485,548,79,40,39,46,15,31,216,107,109
TAYLOR COUNTY,441,62 Years,1398,662,736,1036,490,546,79,42,37,42,13,29,241,117,124
TAYLOR COUNTY,441,63 Years,1340,640,700,1033,498,535,73,35,38,37,16,21,197,91,106
TAYLOR COUNTY,441,64 Years,1263,574,689,960,441,519,64,30,34,40,16,24,199,87,112
TAYLOR COUNTY,441,65 Years,1277,602,675,980,470,510,59,30,29,45,14,31,193,88,105
TAYLOR COUNTY,441,66 Years,1256,604,652,987,472,515,56,31,25,37,14,23,176,87,89
TAYLOR COUNTY,441,67 Years,1258,591,667,979,462,517,50,25,25,40,17,23,189,87,102
TAYLOR COUNTY,441,68 Years,995,458,537,759,351,408,44,18,26,29,14,15,163,75,88
TAYLOR COUNTY,441,69 Years,927,409,518,730,324,406,50,20,30,22,9,13,125,56,69
TAYLOR COUNTY,441,70 Years,1000,448,552,796,357,439,51,25,26,23,11,12,130,55,75
TAYLOR COUNTY,441,71 Years,964,441,523,782,360,422,50,20,30,21,8,13,111,53,58
TAYLOR COUNTY,441,72 Years,844,375,469,680,301,379,42,21,21,16,5,11,106,48,58
TAYLOR COUNTY,441,73 Years,797,355,442,654,285,369,36,21,15,19,7,12,88,42,46
TAYLOR COUNTY,441,74 Years,817,342,475,677,288,389,35,16,19,23,10,13,82,28,54
TAYLOR COUNTY,441,75 Years,764,333,431,641,286,355,31,12,19,19,7,12,73,28,45
TAYLOR COUNTY,441,76 Years,729,330,399,615,280,335,25,11,14,18,8,10,71,31,40
TAYLOR COUNTY,441,77 Years,691,308,383,593,269,324,21,9,12,14,4,10,63,26,37
TAYLOR COUNTY,441,78 Years,718,302,416,615,265,350,25,10,15,18,4,14,60,23,37
TAYLOR COUNTY,441,79 Years,696,288,408,603,253,350,21,9,12,14,6,8,58,20,38
TAYLOR COUNTY,441,80 Years,654,257,397,568,228,340,21,7,14,12,7,5,53,15,38
TAYLOR COUNTY,441,81 Years,591,234,357,510,202,308,18,8,10,16,5,11,47,19,28
TAYLOR COUNTY,441,82 Years,535,233,302,468,207,261,12,5,7,12,4,8,43,17,26
TAYLOR COUNTY,441,83 Years,502,204,298,440,181,259,16,8,8,10,3,7,36,12,24
TAYLOR COUNTY,441,84 Years,471,182,289,420,168,252,11,5,6,10,2,8,30,7,23
TAYLOR COUNTY,441,85 Years +,2532,864,1668,2246,762,1484,68,21,47,49,12,37,169,69,100
TERRELL COUNTY,443,All Ages,932,476,456,461,240,221,4,3,1,18,11,7,449,222,227
TERRELL COUNTY,443,< 1 Year,10,5,5,5,2,3,0,0,0,0,0,0,5,3,2
TERRELL COUNTY,443,1 Years,11,5,6,6,3,3,0,0,0,0,0,0,5,2,3
TERRELL COUNTY,443,2 Years,10,4,6,5,2,3,0,0,0,0,0,0,5,2,3
TERRELL COUNTY,443,3 Years,12,5,7,5,2,3,0,0,0,2,1,1,5,2,3
TERRELL COUNTY,443,4 Years,12,4,8,5,1,4,0,0,0,1,0,1,6,3,3
TERRELL COUNTY,443,5 Years,11,5,6,3,0,3,0,0,0,1,0,1,7,5,2
TERRELL COUNTY,443,6 Years,11,4,7,5,2,3,0,0,0,0,0,0,6,2,4
TERRELL COUNTY,443,7 Years,15,7,8,6,3,3,0,0,0,0,0,0,9,4,5
TERRELL COUNTY,443,8 Years,11,6,5,3,2,1,0,0,0,0,0,0,8,4,4
TERRELL COUNTY,443,9 Years,12,6,6,4,3,1,0,0,0,0,0,0,8,3,5
TERRELL COUNTY,443,10 Years,10,5,5,5,2,3,0,0,0,0,0,0,5,3,2
TERRELL COUNTY,443,11 Years,9,6,3,5,2,3,0,0,0,0,0,0,4,4,0
TERRELL COUNTY,443,12 Years,11,6,5,5,3,2,0,0,0,0,0,0,6,3,3
TERRELL COUNTY,443,13 Years,14,8,6,5,2,3,0,0,0,0,0,0,9,6,3
TERRELL COUNTY,443,14 Years,10,7,3,3,2,1,0,0,0,0,0,0,7,5,2
TERRELL COUNTY,443,15 Years,8,5,3,4,3,1,0,0,0,1,1,0,3,1,2
TERRELL COUNTY,443,16 Years,9,4,5,4,2,2,0,0,0,0,0,0,5,2,3
TERRELL COUNTY,443,17 Years,13,8,5,6,3,3,0,0,0,0,0,0,7,5,2
TERRELL COUNTY,443,18 Years,7,4,3,3,2,1,0,0,0,0,0,0,4,2,2
TERRELL COUNTY,443,19 Years,7,6,1,4,4,0,0,0,0,0,0,0,3,2,1
TERRELL COUNTY,443,20 Years,14,10,4,3,3,0,0,0,0,2,2,0,9,5,4
TERRELL COUNTY,443,21 Years,14,7,7,5,3,2,0,0,0,1,1,0,8,3,5
TERRELL COUNTY,443,22 Years,10,6,4,4,3,1,0,0,0,1,1,0,5,2,3
TERRELL COUNTY,443,23 Years,10,5,5,5,2,3,0,0,0,0,0,0,5,3,2
TERRELL COUNTY,443,24 Years,8,5,3,4,3,1,0,0,0,0,0,0,4,2,2
TERRELL COUNTY,443,25 Years,6,3,3,1,1,0,0,0,0,0,0,0,5,2,3
TERRELL COUNTY,443,26 Years,4,3,1,1,1,0,0,0,0,0,0,0,3,2,1
TERRELL COUNTY,443,27 Years,5,2,3,3,1,2,0,0,0,0,0,0,2,1,1
TERRELL COUNTY,443,28 Years,9,6,3,2,1,1,0,0,0,0,0,0,7,5,2
TERRELL COUNTY,443,29 Years,8,3,5,3,1,2,0,0,0,0,0,0,5,2,3
TERRELL COUNTY,443,30 Years,10,3,7,3,1,2,0,0,0,0,0,0,7,2,5
TERRELL COUNTY,443,31 Years,9,5,4,4,3,1,0,0,0,0,0,0,5,2,3
TERRELL COUNTY,443,32 Years,9,5,4,5,2,3,0,0,0,0,0,0,4,3,1
TERRELL COUNTY,443,33 Years,12,4,8,5,2,3,0,0,0,0,0,0,7,2,5
TERRELL COUNTY,443,34 Years,8,4,4,3,1,2,0,0,0,0,0,0,5,3,2
TERRELL COUNTY,443,35 Years,10,5,5,7,3,4,0,0,0,0,0,0,3,2,1
TERRELL COUNTY,443,36 Years,13,9,4,10,6,4,0,0,0,1,1,0,2,2,0
TERRELL COUNTY,443,37 Years,7,3,4,3,1,2,0,0,0,0,0,0,4,2,2
TERRELL COUNTY,443,38 Years,7,3,4,3,1,2,0,0,0,0,0,0,4,2,2
TERRELL COUNTY,443,39 Years,12,7,5,9,6,3,0,0,0,0,0,0,3,1,2
TERRELL COUNTY,443,40 Years,10,6,4,5,2,3,0,0,0,0,0,0,5,4,1
TERRELL COUNTY,443,41 Years,10,7,3,6,4,2,0,0,0,0,0,0,4,3,1
TERRELL COUNTY,443,42 Years,10,5,5,5,3,2,0,0,0,0,0,0,5,2,3
TERRELL COUNTY,443,43 Years,11,6,5,3,2,1,1,0,1,0,0,0,7,4,3
TERRELL COUNTY,443,44 Years,12,6,6,5,2,3,0,0,0,0,0,0,7,4,3
TERRELL COUNTY,443,45 Years,12,6,6,7,4,3,0,0,0,0,0,0,5,2,3
TERRELL COUNTY,443,46 Years,12,7,5,8,5,3,0,0,0,0,0,0,4,2,2
TERRELL COUNTY,443,47 Years,12,5,7,5,2,3,0,0,0,0,0,0,7,3,4
TERRELL COUNTY,443,48 Years,10,1,9,3,0,3,0,0,0,0,0,0,7,1,6
TERRELL COUNTY,443,49 Years,10,5,5,4,2,2,2,2,0,0,0,0,4,1,3
TERRELL COUNTY,443,50 Years,13,11,2,6,4,2,1,1,0,0,0,0,6,6,0
TERRELL COUNTY,443,51 Years,11,6,5,6,3,3,0,0,0,0,0,0,5,3,2
TERRELL COUNTY,443,52 Years,10,6,4,5,4,1,0,0,0,1,1,0,4,1,3
TERRELL COUNTY,443,53 Years,7,4,3,4,3,1,0,0,0,0,0,0,3,1,2
TERRELL COUNTY,443,54 Years,12,6,6,4,1,3,0,0,0,1,1,0,7,4,3
TERRELL COUNTY,443,55 Years,10,4,6,6,3,3,0,0,0,0,0,0,4,1,3
TERRELL COUNTY,443,56 Years,13,8,5,7,5,2,0,0,0,1,1,0,5,2,3
TERRELL COUNTY,443,57 Years,12,5,7,4,2,2,0,0,0,0,0,0,8,3,5
TERRELL COUNTY,443,58 Years,19,9,10,10,5,5,0,0,0,0,0,0,9,4,5
TERRELL COUNTY,443,59 Years,12,7,5,8,5,3,0,0,0,1,0,1,3,2,1
TERRELL COUNTY,443,60 Years,10,5,5,7,3,4,0,0,0,0,0,0,3,2,1
TERRELL COUNTY,443,61 Years,14,9,5,9,5,4,0,0,0,0,0,0,5,4,1
TERRELL COUNTY,443,62 Years,12,4,8,6,2,4,0,0,0,0,0,0,6,2,4
TERRELL COUNTY,443,63 Years,11,5,6,8,3,5,0,0,0,0,0,0,3,2,1
TERRELL COUNTY,443,64 Years,18,8,10,12,7,5,0,0,0,1,0,1,5,1,4
TERRELL COUNTY,443,65 Years,17,7,10,10,4,6,0,0,0,0,0,0,7,3,4
TERRELL COUNTY,443,66 Years,17,9,8,9,5,4,0,0,0,0,0,0,8,4,4
TERRELL COUNTY,443,67 Years,15,9,6,7,5,2,0,0,0,1,0,1,7,4,3
TERRELL COUNTY,443,68 Years,15,5,10,7,2,5,0,0,0,1,0,1,7,3,4
TERRELL COUNTY,443,69 Years,10,6,4,8,5,3,0,0,0,0,0,0,2,1,1
TERRELL COUNTY,443,70 Years,9,4,5,5,1,4,0,0,0,0,0,0,4,3,1
TERRELL COUNTY,443,71 Years,12,6,6,7,3,4,0,0,0,0,0,0,5,3,2
TERRELL COUNTY,443,72 Years,8,4,4,7,4,3,0,0,0,0,0,0,1,0,1
TERRELL COUNTY,443,73 Years,9,4,5,5,3,2,0,0,0,0,0,0,4,1,3
TERRELL COUNTY,443,74 Years,13,6,7,7,4,3,0,0,0,0,0,0,6,2,4
TERRELL COUNTY,443,75 Years,13,9,4,7,6,1,0,0,0,0,0,0,6,3,3
TERRELL COUNTY,443,76 Years,9,5,4,4,2,2,0,0,0,0,0,0,5,3,2
TERRELL COUNTY,443,77 Years,11,5,6,5,3,2,0,0,0,0,0,0,6,2,4
TERRELL COUNTY,443,78 Years,9,5,4,5,4,1,0,0,0,0,0,0,4,1,3
TERRELL COUNTY,443,79 Years,6,2,4,3,1,2,0,0,0,0,0,0,3,1,2
TERRELL COUNTY,443,80 Years,6,3,3,3,1,2,0,0,0,0,0,0,3,2,1
TERRELL COUNTY,443,81 Years,7,4,3,2,1,1,0,0,0,1,1,0,4,2,2
TERRELL COUNTY,443,82 Years,6,4,2,4,3,1,0,0,0,0,0,0,2,1,1
TERRELL COUNTY,443,83 Years,8,4,4,4,2,2,0,0,0,0,0,0,4,2,2
TERRELL COUNTY,443,84 Years,9,3,6,6,2,4,0,0,0,0,0,0,3,1,2
TERRELL COUNTY,443,85 Years +,32,13,19,19,8,11,0,0,0,0,0,0,13,5,8
TERRY COUNTY,445,All Ages,12766,6825,5941,5560,2889,2671,557,373,184,131,72,59,6518,3491,3027
TERRY COUNTY,445,< 1 Year,195,105,90,68,36,32,2,1,1,2,1,1,123,67,56
TERRY COUNTY,445,1 Years,197,106,91,73,40,33,1,0,1,2,1,1,121,65,56
TERRY COUNTY,445,2 Years,193,101,92,67,35,32,1,0,1,1,1,0,124,65,59
TERRY COUNTY,445,3 Years,184,91,93,63,30,33,2,1,1,2,1,1,117,59,58
TERRY COUNTY,445,4 Years,188,101,87,62,35,27,3,1,2,0,0,0,123,65,58
TERRY COUNTY,445,5 Years,207,109,98,62,35,27,6,1,5,5,4,1,134,69,65
TERRY COUNTY,445,6 Years,196,91,105,64,31,33,5,2,3,4,2,2,123,56,67
TERRY COUNTY,445,7 Years,198,99,99,68,38,30,4,2,2,2,1,1,124,58,66
TERRY COUNTY,445,8 Years,186,107,79,56,33,23,6,4,2,2,2,0,122,68,54
TERRY COUNTY,445,9 Years,175,100,75,58,33,25,8,4,4,1,1,0,108,62,46
TERRY COUNTY,445,10 Years,179,85,94,46,24,22,7,1,6,2,2,0,124,58,66
TERRY COUNTY,445,11 Years,176,77,99,55,25,30,8,2,6,3,2,1,110,48,62
TERRY COUNTY,445,12 Years,159,78,81,51,29,22,7,2,5,3,1,2,98,46,52
TERRY COUNTY,445,13 Years,169,85,84,55,27,28,2,0,2,3,2,1,109,56,53
TERRY COUNTY,445,14 Years,190,100,90,71,40,31,6,2,4,3,2,1,110,56,54
TERRY COUNTY,445,15 Years,186,98,88,59,29,30,8,5,3,4,2,2,115,62,53
TERRY COUNTY,445,16 Years,172,91,81,56,27,29,5,5,0,2,1,1,109,58,51
TERRY COUNTY,445,17 Years,166,90,76,60,38,22,4,1,3,1,0,1,101,51,50
TERRY COUNTY,445,18 Years,164,92,72,58,35,23,9,8,1,2,1,1,95,48,47
TERRY COUNTY,445,19 Years,157,86,71,50,25,25,8,5,3,1,1,0,98,55,43
TERRY COUNTY,445,20 Years,181,108,73,47,23,24,19,16,3,1,1,0,114,68,46
TERRY COUNTY,445,21 Years,173,101,72,60,34,26,16,9,7,1,0,1,96,58,38
TERRY COUNTY,445,22 Years,191,105,86,56,29,27,16,11,5,2,1,1,117,64,53
TERRY COUNTY,445,23 Years,203,118,85,66,30,36,17,14,3,2,1,1,118,73,45
TERRY COUNTY,445,24 Years,215,125,90,74,38,36,18,14,4,5,3,2,118,70,48
TERRY COUNTY,445,25 Years,221,127,94,90,49,41,15,12,3,2,2,0,114,64,50
TERRY COUNTY,445,26 Years,199,123,76,75,43,32,14,13,1,2,0,2,108,67,41
TERRY COUNTY,445,27 Years,191,118,73,70,42,28,19,15,4,3,1,2,99,60,39
TERRY COUNTY,445,28 Years,199,127,72,67,43,24,18,14,4,6,3,3,108,67,41
TERRY COUNTY,445,29 Years,218,145,73,81,54,27,16,15,1,4,2,2,117,74,43
TERRY COUNTY,445,30 Years,173,108,65,72,43,29,8,8,0,4,3,1,89,54,35
TERRY COUNTY,445,31 Years,153,89,64,51,27,24,12,9,3,3,2,1,87,51,36
TERRY COUNTY,445,32 Years,164,89,75,49,27,22,16,9,7,2,1,1,97,52,45
TERRY COUNTY,445,33 Years,140,82,58,49,27,22,9,7,2,2,1,1,80,47,33
TERRY COUNTY,445,34 Years,141,81,60,49,28,21,10,7,3,1,0,1,81,46,35
TERRY COUNTY,445,35 Years,160,94,66,60,39,21,5,3,2,1,1,0,94,51,43
TERRY COUNTY,445,36 Years,156,103,53,68,47,21,8,7,1,1,1,0,79,48,31
TERRY COUNTY,445,37 Years,136,82,54,58,34,24,8,6,2,1,1,0,69,41,28
TERRY COUNTY,445,38 Years,118,69,49,54,30,24,8,7,1,0,0,0,56,32,24
TERRY COUNTY,445,39 Years,117,69,48,54,32,22,7,7,0,2,1,1,54,29,25
TERRY COUNTY,445,40 Years,121,61,60,50,22,28,5,4,1,3,1,2,63,34,29
TERRY COUNTY,445,41 Years,142,92,50,58,41,17,9,7,2,2,1,1,73,43,30
TERRY COUNTY,445,42 Years,136,85,51,67,41,26,6,5,1,1,1,0,62,38,24
TERRY COUNTY,445,43 Years,142,77,65,62,32,30,7,6,1,0,0,0,73,39,34
TERRY COUNTY,445,44 Years,144,82,62,56,35,21,7,5,2,2,2,0,79,40,39
TERRY COUNTY,445,45 Years,132,67,65,50,25,25,7,5,2,2,1,1,73,36,37
TERRY COUNTY,445,46 Years,141,74,67,62,33,29,3,3,0,1,1,0,75,37,38
TERRY COUNTY,445,47 Years,150,79,71,69,38,31,4,4,0,1,0,1,76,37,39
TERRY COUNTY,445,48 Years,137,69,68,53,21,32,7,6,1,1,0,1,76,42,34
TERRY COUNTY,445,49 Years,175,101,74,66,35,31,8,6,2,1,1,0,100,59,41
TERRY COUNTY,445,50 Years,172,94,78,68,35,33,7,4,3,1,1,0,96,54,42
TERRY COUNTY,445,51 Years,182,95,87,87,43,44,9,6,3,2,1,1,84,45,39
TERRY COUNTY,445,52 Years,171,92,79,97,52,45,6,3,3,0,0,0,68,37,31
TERRY COUNTY,445,53 Years,159,99,60,81,51,30,6,4,2,0,0,0,72,44,28
TERRY COUNTY,445,54 Years,169,94,75,86,46,40,8,7,1,1,1,0,74,40,34
TERRY COUNTY,445,55 Years,167,76,91,90,45,45,4,1,3,1,0,1,72,30,42
TERRY COUNTY,445,56 Years,182,99,83,98,54,44,10,5,5,1,0,1,73,40,33
TERRY COUNTY,445,57 Years,161,82,79,82,41,41,5,3,2,1,0,1,73,38,35
TERRY COUNTY,445,58 Years,146,73,73,79,38,41,2,1,1,1,1,0,64,33,31
TERRY COUNTY,445,59 Years,167,85,82,101,53,48,4,1,3,0,0,0,62,31,31
TERRY COUNTY,445,60 Years,136,68,68,80,40,40,3,2,1,4,1,3,49,25,24
TERRY COUNTY,445,61 Years,128,64,64,75,34,41,7,5,2,1,0,1,45,25,20
TERRY COUNTY,445,62 Years,137,71,66,80,43,37,3,1,2,1,0,1,53,27,26
TERRY COUNTY,445,63 Years,142,73,69,80,40,40,7,6,1,0,0,0,55,27,28
TERRY COUNTY,445,64 Years,122,62,60,76,35,41,3,2,1,0,0,0,43,25,18
TERRY COUNTY,445,65 Years,114,62,52,63,32,31,3,2,1,0,0,0,48,28,20
TERRY COUNTY,445,66 Years,111,52,59,71,34,37,2,0,2,1,0,1,37,18,19
TERRY COUNTY,445,67 Years,109,47,62,66,31,35,2,1,1,2,1,1,39,14,25
TERRY COUNTY,445,68 Years,101,46,55,57,29,28,2,1,1,1,0,1,41,16,25
TERRY COUNTY,445,69 Years,109,52,57,57,26,31,2,0,2,3,2,1,47,24,23
TERRY COUNTY,445,70 Years,112,57,55,67,32,35,4,2,2,1,1,0,40,22,18
TERRY COUNTY,445,71 Years,91,45,46,57,25,32,5,3,2,0,0,0,29,17,12
TERRY COUNTY,445,72 Years,99,50,49,64,29,35,5,2,3,1,1,0,29,18,11
TERRY COUNTY,445,73 Years,97,46,51,58,27,31,3,1,2,1,0,1,35,18,17
TERRY COUNTY,445,74 Years,75,33,42,48,22,26,2,2,0,0,0,0,25,9,16
TERRY COUNTY,445,75 Years,67,30,37,45,23,22,1,1,0,0,0,0,21,6,15
TERRY COUNTY,445,76 Years,76,37,39,53,26,27,2,2,0,0,0,0,21,9,12
TERRY COUNTY,445,77 Years,77,29,48,50,19,31,2,0,2,1,1,0,24,9,15
TERRY COUNTY,445,78 Years,82,34,48,57,23,34,1,0,1,0,0,0,24,11,13
TERRY COUNTY,445,79 Years,79,29,50,58,23,35,0,0,0,1,0,1,20,6,14
TERRY COUNTY,445,80 Years,63,25,38,41,16,25,2,1,1,1,0,1,19,8,11
TERRY COUNTY,445,81 Years,53,24,29,33,15,18,1,0,1,0,0,0,19,9,10
TERRY COUNTY,445,82 Years,54,23,31,41,18,23,0,0,0,0,0,0,13,5,8
TERRY COUNTY,445,83 Years,55,21,34,41,17,24,1,0,1,0,0,0,13,4,9
TERRY COUNTY,445,84 Years,50,20,30,35,14,21,1,0,1,0,0,0,14,6,8
TERRY COUNTY,445,85 Years +,245,94,151,193,71,122,8,3,5,0,0,0,44,20,24
THROCKMORTON COUNTY,447,All Ages,1657,828,829,1455,739,716,10,3,7,26,9,17,166,77,89
THROCKMORTON COUNTY,447,< 1 Year,14,7,7,8,4,4,0,0,0,0,0,0,6,3,3
THROCKMORTON COUNTY,447,1 Years,17,7,10,13,5,8,0,0,0,0,0,0,4,2,2
THROCKMORTON COUNTY,447,2 Years,15,7,8,11,5,6,0,0,0,0,0,0,4,2,2
THROCKMORTON COUNTY,447,3 Years,14,7,7,14,7,7,0,0,0,0,0,0,0,0,0
THROCKMORTON COUNTY,447,4 Years,16,10,6,13,8,5,0,0,0,0,0,0,3,2,1
THROCKMORTON COUNTY,447,5 Years,19,7,12,14,5,9,2,0,2,0,0,0,3,2,1
THROCKMORTON COUNTY,447,6 Years,20,9,11,15,7,8,1,0,1,0,0,0,4,2,2
THROCKMORTON COUNTY,447,7 Years,23,13,10,19,11,8,0,0,0,0,0,0,4,2,2
THROCKMORTON COUNTY,447,8 Years,21,12,9,18,11,7,0,0,0,1,1,0,2,0,2
THROCKMORTON COUNTY,447,9 Years,19,10,9,16,10,6,0,0,0,0,0,0,3,0,3
THROCKMORTON COUNTY,447,10 Years,14,7,7,11,7,4,1,0,1,0,0,0,2,0,2
THROCKMORTON COUNTY,447,11 Years,21,11,10,16,9,7,0,0,0,2,0,2,3,2,1
THROCKMORTON COUNTY,447,12 Years,14,6,8,11,5,6,0,0,0,0,0,0,3,1,2
THROCKMORTON COUNTY,447,13 Years,18,5,13,13,5,8,0,0,0,1,0,1,4,0,4
THROCKMORTON COUNTY,447,14 Years,19,9,10,15,8,7,0,0,0,0,0,0,4,1,3
THROCKMORTON COUNTY,447,15 Years,26,15,11,20,12,8,0,0,0,0,0,0,6,3,3
THROCKMORTON COUNTY,447,16 Years,14,6,8,11,6,5,0,0,0,0,0,0,3,0,3
THROCKMORTON COUNTY,447,17 Years,20,12,8,16,11,5,0,0,0,1,0,1,3,1,2
THROCKMORTON COUNTY,447,18 Years,25,18,7,19,12,7,0,0,0,1,1,0,5,5,0
THROCKMORTON COUNTY,447,19 Years,24,15,9,22,13,9,0,0,0,0,0,0,2,2,0
THROCKMORTON COUNTY,447,20 Years,21,13,8,18,10,8,1,1,0,1,1,0,1,1,0
THROCKMORTON COUNTY,447,21 Years,25,11,14,21,8,13,0,0,0,1,1,0,3,2,1
THROCKMORTON COUNTY,447,22 Years,20,8,12,16,7,9,1,0,1,0,0,0,3,1,2
THROCKMORTON COUNTY,447,23 Years,14,9,5,12,8,4,0,0,0,0,0,0,2,1,1
THROCKMORTON COUNTY,447,24 Years,12,8,4,11,7,4,0,0,0,0,0,0,1,1,0
THROCKMORTON COUNTY,447,25 Years,14,8,6,12,7,5,0,0,0,0,0,0,2,1,1
THROCKMORTON COUNTY,447,26 Years,15,6,9,13,6,7,0,0,0,0,0,0,2,0,2
THROCKMORTON COUNTY,447,27 Years,18,11,7,17,11,6,0,0,0,0,0,0,1,0,1
THROCKMORTON COUNTY,447,28 Years,11,7,4,11,7,4,0,0,0,0,0,0,0,0,0
THROCKMORTON COUNTY,447,29 Years,8,6,2,8,6,2,0,0,0,0,0,0,0,0,0
THROCKMORTON COUNTY,447,30 Years,15,9,6,14,9,5,0,0,0,0,0,0,1,0,1
THROCKMORTON COUNTY,447,31 Years,20,9,11,16,6,10,0,0,0,0,0,0,4,3,1
THROCKMORTON COUNTY,447,32 Years,18,8,10,16,7,9,0,0,0,0,0,0,2,1,1
THROCKMORTON COUNTY,447,33 Years,12,7,5,11,7,4,0,0,0,0,0,0,1,0,1
THROCKMORTON COUNTY,447,34 Years,15,6,9,11,4,7,0,0,0,1,0,1,3,2,1
THROCKMORTON COUNTY,447,35 Years,9,5,4,8,4,4,0,0,0,0,0,0,1,1,0
THROCKMORTON COUNTY,447,36 Years,16,8,8,13,6,7,0,0,0,0,0,0,3,2,1
THROCKMORTON COUNTY,447,37 Years,18,12,6,13,8,5,1,1,0,0,0,0,4,3,1
THROCKMORTON COUNTY,447,38 Years,14,7,7,12,6,6,0,0,0,0,0,0,2,1,1
THROCKMORTON COUNTY,447,39 Years,11,6,5,9,5,4,0,0,0,0,0,0,2,1,1
THROCKMORTON COUNTY,447,40 Years,16,6,10,14,5,9,0,0,0,0,0,0,2,1,1
THROCKMORTON COUNTY,447,41 Years,18,7,11,14,6,8,0,0,0,0,0,0,4,1,3
THROCKMORTON COUNTY,447,42 Years,19,11,8,15,9,6,1,0,1,1,0,1,2,2,0
THROCKMORTON COUNTY,447,43 Years,18,10,8,16,9,7,0,0,0,0,0,0,2,1,1
THROCKMORTON COUNTY,447,44 Years,17,8,9,15,7,8,0,0,0,0,0,0,2,1,1
THROCKMORTON COUNTY,447,45 Years,16,9,7,15,8,7,0,0,0,0,0,0,1,1,0
THROCKMORTON COUNTY,447,46 Years,20,11,9,17,10,7,1,0,1,0,0,0,2,1,1
THROCKMORTON COUNTY,447,47 Years,19,10,9,19,10,9,0,0,0,0,0,0,0,0,0
THROCKMORTON COUNTY,447,48 Years,13,8,5,13,8,5,0,0,0,0,0,0,0,0,0
THROCKMORTON COUNTY,447,49 Years,25,9,16,23,9,14,0,0,0,0,0,0,2,0,2
THROCKMORTON COUNTY,447,50 Years,25,11,14,22,10,12,0,0,0,0,0,0,3,1,2
THROCKMORTON COUNTY,447,51 Years,29,14,15,26,13,13,0,0,0,0,0,0,3,1,2
THROCKMORTON COUNTY,447,52 Years,31,18,13,26,15,11,0,0,0,1,0,1,4,3,1
THROCKMORTON COUNTY,447,53 Years,24,15,9,22,14,8,0,0,0,1,0,1,1,1,0
THROCKMORTON COUNTY,447,54 Years,20,9,11,18,9,9,0,0,0,0,0,0,2,0,2
THROCKMORTON COUNTY,447,55 Years,26,13,13,24,13,11,0,0,0,0,0,0,2,0,2
THROCKMORTON COUNTY,447,56 Years,27,13,14,24,12,12,0,0,0,0,0,0,3,1,2
THROCKMORTON COUNTY,447,57 Years,23,11,12,21,10,11,0,0,0,0,0,0,2,1,1
THROCKMORTON COUNTY,447,58 Years,16,8,8,15,7,8,0,0,0,1,1,0,0,0,0
THROCKMORTON COUNTY,447,59 Years,21,11,10,20,11,9,0,0,0,1,0,1,0,0,0
THROCKMORTON COUNTY,447,60 Years,25,12,13,24,11,13,0,0,0,1,1,0,0,0,0
THROCKMORTON COUNTY,447,61 Years,16,8,8,15,8,7,0,0,0,0,0,0,1,0,1
THROCKMORTON COUNTY,447,62 Years,21,12,9,19,11,8,0,0,0,0,0,0,2,1,1
THROCKMORTON COUNTY,447,63 Years,21,10,11,19,8,11,0,0,0,0,0,0,2,2,0
THROCKMORTON COUNTY,447,64 Years,25,9,16,24,9,15,0,0,0,0,0,0,1,0,1
THROCKMORTON COUNTY,447,65 Years,23,10,13,22,9,13,0,0,0,1,1,0,0,0,0
THROCKMORTON COUNTY,447,66 Years,24,13,11,23,12,11,0,0,0,0,0,0,1,1,0
THROCKMORTON COUNTY,447,67 Years,27,18,9,25,17,8,0,0,0,0,0,0,2,1,1
THROCKMORTON COUNTY,447,68 Years,16,9,7,16,9,7,0,0,0,0,0,0,0,0,0
THROCKMORTON COUNTY,447,69 Years,19,6,13,16,6,10,0,0,0,2,0,2,1,0,1
THROCKMORTON COUNTY,447,70 Years,23,12,11,22,11,11,0,0,0,0,0,0,1,1,0
THROCKMORTON COUNTY,447,71 Years,17,8,9,17,8,9,0,0,0,0,0,0,0,0,0
THROCKMORTON COUNTY,447,72 Years,18,9,9,18,9,9,0,0,0,0,0,0,0,0,0
THROCKMORTON COUNTY,447,73 Years,28,14,14,25,12,13,1,1,0,1,0,1,1,1,0
THROCKMORTON COUNTY,447,74 Years,24,10,14,20,10,10,0,0,0,1,0,1,3,0,3
THROCKMORTON COUNTY,447,75 Years,19,4,15,15,3,12,0,0,0,1,0,1,3,1,2
THROCKMORTON COUNTY,447,76 Years,24,10,14,22,9,13,0,0,0,1,0,1,1,1,0
THROCKMORTON COUNTY,447,77 Years,22,12,10,22,12,10,0,0,0,0,0,0,0,0,0
THROCKMORTON COUNTY,447,78 Years,18,11,7,18,11,7,0,0,0,0,0,0,0,0,0
THROCKMORTON COUNTY,447,79 Years,17,9,8,17,9,8,0,0,0,0,0,0,0,0,0
THROCKMORTON COUNTY,447,80 Years,21,9,12,19,8,11,0,0,0,1,1,0,1,0,1
THROCKMORTON COUNTY,447,81 Years,14,7,7,13,7,6,0,0,0,0,0,0,1,0,1
THROCKMORTON COUNTY,447,82 Years,12,4,8,11,4,7,0,0,0,1,0,1,0,0,0
THROCKMORTON COUNTY,447,83 Years,13,5,8,12,5,7,0,0,0,1,0,1,0,0,0
THROCKMORTON COUNTY,447,84 Years,11,5,6,11,5,6,0,0,0,0,0,0,0,0,0
THROCKMORTON COUNTY,447,85 Years +,57,23,34,54,21,33,0,0,0,1,1,0,2,1,1
TITUS COUNTY,449,All Ages,33129,16490,16639,15110,7341,7769,3014,1439,1575,736,348,388,14269,7362,6907
TITUS COUNTY,449,< 1 Year,515,256,259,146,80,66,33,16,17,18,6,12,318,154,164
TITUS COUNTY,449,1 Years,514,264,250,147,82,65,30,15,15,19,8,11,318,159,159
TITUS COUNTY,449,2 Years,500,256,244,141,74,67,29,16,13,16,8,8,314,158,156
TITUS COUNTY,449,3 Years,508,259,249,148,76,72,28,14,14,19,11,8,313,158,155
TITUS COUNTY,449,4 Years,591,299,292,174,88,86,38,25,13,20,9,11,359,177,182
TITUS COUNTY,449,5 Years,550,268,282,161,83,78,41,22,19,18,6,12,330,157,173
TITUS COUNTY,449,6 Years,590,282,308,177,88,89,43,22,21,22,6,16,348,166,182
TITUS COUNTY,449,7 Years,581,291,290,191,95,96,42,21,21,22,10,12,326,165,161
TITUS COUNTY,449,8 Years,561,282,279,172,86,86,37,21,16,20,11,9,332,164,168
TITUS COUNTY,449,9 Years,518,265,253,159,84,75,42,20,22,22,11,11,295,150,145
TITUS COUNTY,449,10 Years,533,261,272,166,80,86,43,24,19,19,9,10,305,148,157
TITUS COUNTY,449,11 Years,522,255,267,158,81,77,43,22,21,17,8,9,304,144,160
TITUS COUNTY,449,12 Years,535,283,252,168,90,78,43,22,21,15,8,7,309,163,146
TITUS COUNTY,449,13 Years,551,299,252,174,93,81,46,26,20,17,8,9,314,172,142
TITUS COUNTY,449,14 Years,507,262,245,169,89,80,33,18,15,16,6,10,289,149,140
TITUS COUNTY,449,15 Years,524,288,236,191,106,85,44,19,25,12,4,8,277,159,118
TITUS COUNTY,449,16 Years,520,275,245,184,103,81,44,21,23,11,4,7,281,147,134
TITUS COUNTY,449,17 Years,544,266,278,187,93,94,46,25,21,10,2,8,301,146,155
TITUS COUNTY,449,18 Years,560,283,277,191,98,93,57,25,32,11,6,5,301,154,147
TITUS COUNTY,449,19 Years,508,261,247,167,84,83,45,22,23,7,4,3,289,151,138
TITUS COUNTY,449,20 Years,501,254,247,153,75,78,37,20,17,13,6,7,298,153,145
TITUS COUNTY,449,21 Years,492,260,232,151,76,75,48,26,22,10,6,4,283,152,131
TITUS COUNTY,449,22 Years,465,252,213,146,72,74,51,30,21,5,4,1,263,146,117
TITUS COUNTY,449,23 Years,515,287,228,201,103,98,46,25,21,9,7,2,259,152,107
TITUS COUNTY,449,24 Years,517,268,249,210,102,108,46,26,20,11,4,7,250,136,114
TITUS COUNTY,449,25 Years,505,240,265,178,76,102,57,31,26,10,4,6,260,129,131
TITUS COUNTY,449,26 Years,465,221,244,173,78,95,42,20,22,6,2,4,244,121,123
TITUS COUNTY,449,27 Years,415,204,211,141,63,78,34,17,17,7,3,4,233,121,112
TITUS COUNTY,449,28 Years,409,205,204,158,73,85,33,17,16,5,4,1,213,111,102
TITUS COUNTY,449,29 Years,401,211,190,154,75,79,32,16,16,5,4,1,210,116,94
TITUS COUNTY,449,30 Years,381,200,181,135,69,66,38,20,18,4,1,3,204,110,94
TITUS COUNTY,449,31 Years,407,213,194,156,86,70,35,19,16,4,1,3,212,107,105
TITUS COUNTY,449,32 Years,417,221,196,167,86,81,38,23,15,5,2,3,207,110,97
TITUS COUNTY,449,33 Years,415,198,217,164,78,86,31,17,14,10,3,7,210,100,110
TITUS COUNTY,449,34 Years,403,186,217,160,69,91,33,16,17,13,3,10,197,98,99
TITUS COUNTY,449,35 Years,395,188,207,151,63,88,37,20,17,14,6,8,193,99,94
TITUS COUNTY,449,36 Years,406,204,202,144,67,77,39,18,21,13,9,4,210,110,100
TITUS COUNTY,449,37 Years,402,201,201,156,74,82,33,13,20,13,8,5,200,106,94
TITUS COUNTY,449,38 Years,380,188,192,149,79,70,35,17,18,6,3,3,190,89,101
TITUS COUNTY,449,39 Years,409,216,193,153,84,69,29,15,14,8,5,3,219,112,107
TITUS COUNTY,449,40 Years,395,198,197,151,83,68,40,21,19,5,2,3,199,92,107
TITUS COUNTY,449,41 Years,419,205,214,175,96,79,41,15,26,7,5,2,196,89,107
TITUS COUNTY,449,42 Years,405,198,207,166,83,83,31,9,22,6,5,1,202,101,101
TITUS COUNTY,449,43 Years,411,205,206,190,95,95,40,16,24,8,5,3,173,89,84
TITUS COUNTY,449,44 Years,428,217,211,182,89,93,43,19,24,11,5,6,192,104,88
TITUS COUNTY,449,45 Years,416,216,200,175,86,89,50,21,29,10,6,4,181,103,78
TITUS COUNTY,449,46 Years,392,198,194,162,81,81,45,20,25,7,3,4,178,94,84
TITUS COUNTY,449,47 Years,408,196,212,189,83,106,44,18,26,7,4,3,168,91,77
TITUS COUNTY,449,48 Years,413,204,209,200,88,112,42,20,22,5,4,1,166,92,74
TITUS COUNTY,449,49 Years,403,199,204,207,95,112,39,19,20,7,4,3,150,81,69
TITUS COUNTY,449,50 Years,430,221,209,219,110,109,45,19,26,7,2,5,159,90,69
TITUS COUNTY,449,51 Years,430,214,216,233,120,113,46,20,26,9,2,7,142,72,70
TITUS COUNTY,449,52 Years,398,191,207,224,110,114,45,19,26,9,3,6,120,59,61
TITUS COUNTY,449,53 Years,374,174,200,225,102,123,41,16,25,8,5,3,100,51,49
TITUS COUNTY,449,54 Years,393,192,201,239,116,123,48,23,25,6,2,4,100,51,49
TITUS COUNTY,449,55 Years,359,186,173,218,103,115,44,24,20,4,2,2,93,57,36
TITUS COUNTY,449,56 Years,366,187,179,230,111,119,36,18,18,8,6,2,92,52,40
TITUS COUNTY,449,57 Years,352,176,176,229,110,119,38,19,19,4,3,1,81,44,37
TITUS COUNTY,449,58 Years,342,147,195,225,93,132,44,17,27,7,3,4,66,34,32
TITUS COUNTY,449,59 Years,349,167,182,224,103,121,48,22,26,7,4,3,70,38,32
TITUS COUNTY,449,60 Years,343,176,167,229,118,111,38,16,22,8,3,5,68,39,29
TITUS COUNTY,449,61 Years,330,174,156,227,117,110,37,18,19,9,5,4,57,34,23
TITUS COUNTY,449,62 Years,334,164,170,244,119,125,31,14,17,9,6,3,50,25,25
TITUS COUNTY,449,63 Years,337,167,170,231,111,120,41,19,22,7,4,3,58,33,25
TITUS COUNTY,449,64 Years,317,149,168,244,114,130,33,15,18,4,2,2,36,18,18
TITUS COUNTY,449,65 Years,296,141,155,230,112,118,26,10,16,3,1,2,37,18,19
TITUS COUNTY,449,66 Years,321,154,167,245,115,130,27,11,16,4,0,4,45,28,17
TITUS COUNTY,449,67 Years,298,140,158,236,107,129,27,13,14,3,1,2,32,19,13
TITUS COUNTY,449,68 Years,247,118,129,187,92,95,30,12,18,3,1,2,27,13,14
TITUS COUNTY,449,69 Years,232,116,116,175,86,89,17,7,10,5,4,1,35,19,16
TITUS COUNTY,449,70 Years,242,113,129,189,88,101,23,12,11,4,2,2,26,11,15
TITUS COUNTY,449,71 Years,217,114,103,173,88,85,19,12,7,5,2,3,20,12,8
TITUS COUNTY,449,72 Years,212,99,113,163,78,85,20,8,12,7,3,4,22,10,12
TITUS COUNTY,449,73 Years,217,102,115,169,83,86,24,9,15,3,1,2,21,9,12
TITUS COUNTY,449,74 Years,180,89,91,142,73,69,20,8,12,1,0,1,17,8,9
TITUS COUNTY,449,75 Years,170,82,88,132,63,69,18,6,12,1,0,1,19,13,6
TITUS COUNTY,449,76 Years,157,71,86,125,54,71,14,6,8,3,1,2,15,10,5
TITUS COUNTY,449,77 Years,141,65,76,115,52,63,12,5,7,3,1,2,11,7,4
TITUS COUNTY,449,78 Years,131,58,73,104,48,56,15,5,10,3,2,1,9,3,6
TITUS COUNTY,449,79 Years,124,63,61,95,47,48,16,7,9,2,2,0,11,7,4
TITUS COUNTY,449,80 Years,105,46,59,86,39,47,14,4,10,1,1,0,4,2,2
TITUS COUNTY,449,81 Years,107,48,59,88,40,48,14,5,9,0,0,0,5,3,2
TITUS COUNTY,449,82 Years,97,40,57,82,33,49,8,3,5,0,0,0,7,4,3
TITUS COUNTY,449,83 Years,99,36,63,79,27,52,10,4,6,1,1,0,9,4,5
TITUS COUNTY,449,84 Years,93,40,53,76,33,43,10,4,6,0,0,0,7,3,4
TITUS COUNTY,449,85 Years +,467,162,305,410,146,264,39,9,30,3,0,3,15,7,8
TOM GREEN COUNTY,451,All Ages,115661,56867,58794,63696,31232,32464,4145,2209,1936,3706,1778,1928,44114,21648,22466
TOM GREEN COUNTY,451,< 1 Year,1774,890,884,712,357,355,39,23,16,73,38,35,950,472,478
TOM GREEN COUNTY,451,1 Years,1686,845,841,693,345,348,36,20,16,61,34,27,896,446,450
TOM GREEN COUNTY,451,2 Years,1635,817,818,681,341,340,38,17,21,56,32,24,860,427,433
TOM GREEN COUNTY,451,3 Years,1638,829,809,685,347,338,39,18,21,65,33,32,849,431,418
TOM GREEN COUNTY,451,4 Years,1598,799,799,639,309,330,42,20,22,66,36,30,851,434,417
TOM GREEN COUNTY,451,5 Years,1552,770,782,634,308,326,44,20,24,72,40,32,802,402,400
TOM GREEN COUNTY,451,6 Years,1609,835,774,681,358,323,61,33,28,64,33,31,803,411,392
TOM GREEN COUNTY,451,7 Years,1640,854,786,668,343,325,57,32,25,69,35,34,846,444,402
TOM GREEN COUNTY,451,8 Years,1508,770,738,605,309,296,42,22,20,66,36,30,795,403,392
TOM GREEN COUNTY,451,9 Years,1521,789,732,637,334,303,45,21,24,71,41,30,768,393,375
TOM GREEN COUNTY,451,10 Years,1504,767,737,616,320,296,42,23,19,67,35,32,779,389,390
TOM GREEN COUNTY,451,11 Years,1457,747,710,578,298,280,48,28,20,49,24,25,782,397,385
TOM GREEN COUNTY,451,12 Years,1437,739,698,600,308,292,53,30,23,52,25,27,732,376,356
TOM GREEN COUNTY,451,13 Years,1500,773,727,608,317,291,43,22,21,52,25,27,797,409,388
TOM GREEN COUNTY,451,14 Years,1496,762,734,632,341,291,37,19,18,54,17,37,773,385,388
TOM GREEN COUNTY,451,15 Years,1460,758,702,653,338,315,39,23,16,56,27,29,712,370,342
TOM GREEN COUNTY,451,16 Years,1433,731,702,632,312,320,48,28,20,47,25,22,706,366,340
TOM GREEN COUNTY,451,17 Years,1546,823,723,699,383,316,57,31,26,55,27,28,735,382,353
TOM GREEN COUNTY,451,18 Years,2011,967,1044,963,411,552,102,56,46,53,28,25,893,472,421
TOM GREEN COUNTY,451,19 Years,2511,1310,1201,1271,677,594,158,88,70,70,40,30,1012,505,507
TOM GREEN COUNTY,451,20 Years,2318,1190,1128,1191,633,558,135,70,65,75,37,38,917,450,467
TOM GREEN COUNTY,451,21 Years,2177,1136,1041,1125,596,529,94,56,38,60,29,31,898,455,443
TOM GREEN COUNTY,451,22 Years,2231,1187,1044,1176,643,533,112,71,41,101,48,53,842,425,417
TOM GREEN COUNTY,451,23 Years,2178,1179,999,1169,667,502,107,59,48,106,56,50,796,397,399
TOM GREEN COUNTY,451,24 Years,2065,1112,953,1145,646,499,109,60,49,95,55,40,716,351,365
TOM GREEN COUNTY,451,25 Years,1592,828,764,808,437,371,74,39,35,82,45,37,628,307,321
TOM GREEN COUNTY,451,26 Years,1497,829,668,750,451,299,72,39,33,74,34,40,601,305,296
TOM GREEN COUNTY,451,27 Years,1614,876,738,854,486,368,63,37,26,60,31,29,637,322,315
TOM GREEN COUNTY,451,28 Years,1514,762,752,753,361,392,75,43,32,45,28,17,641,330,311
TOM GREEN COUNTY,451,29 Years,1600,802,798,822,394,428,80,42,38,47,32,15,651,334,317
TOM GREEN COUNTY,451,30 Years,1603,777,826,822,372,450,65,32,33,53,34,19,663,339,324
TOM GREEN COUNTY,451,31 Years,1495,719,776,765,358,407,64,31,33,56,32,24,610,298,312
TOM GREEN COUNTY,451,32 Years,1425,701,724,732,356,376,65,37,28,43,22,21,585,286,299
TOM GREEN COUNTY,451,33 Years,1443,733,710,731,363,368,61,38,23,49,29,20,602,303,299
TOM GREEN COUNTY,451,34 Years,1419,742,677,735,393,342,65,38,27,44,28,16,575,283,292
TOM GREEN COUNTY,451,35 Years,1260,610,650,664,339,325,55,33,22,34,18,16,507,220,287
TOM GREEN COUNTY,451,36 Years,1264,617,647,672,339,333,46,31,15,48,27,21,498,220,278
TOM GREEN COUNTY,451,37 Years,1207,608,599,643,323,320,34,20,14,43,23,20,487,242,245
TOM GREEN COUNTY,451,38 Years,1184,591,593,636,319,317,31,20,11,36,20,16,481,232,249
TOM GREEN COUNTY,451,39 Years,1180,582,598,623,325,298,36,21,15,56,20,36,465,216,249
TOM GREEN COUNTY,451,40 Years,1181,561,620,602,288,314,41,22,19,54,22,32,484,229,255
TOM GREEN COUNTY,451,41 Years,1178,554,624,599,277,322,36,22,14,55,22,33,488,233,255
TOM GREEN COUNTY,451,42 Years,1251,620,631,651,327,324,37,21,16,47,21,26,516,251,265
TOM GREEN COUNTY,451,43 Years,1243,610,633,659,327,332,33,16,17,47,20,27,504,247,257
TOM GREEN COUNTY,451,44 Years,1304,636,668,720,353,367,34,18,16,38,17,21,512,248,264
TOM GREEN COUNTY,451,45 Years,1189,599,590,642,336,306,36,21,15,34,16,18,477,226,251
TOM GREEN COUNTY,451,46 Years,1223,611,612,674,358,316,37,17,20,33,13,20,479,223,256
TOM GREEN COUNTY,451,47 Years,1229,587,642,669,322,347,50,27,23,35,13,22,475,225,250
TOM GREEN COUNTY,451,48 Years,1227,572,655,680,305,375,48,27,21,31,14,17,468,226,242
TOM GREEN COUNTY,451,49 Years,1333,630,703,779,375,404,47,26,21,31,12,19,476,217,259
TOM GREEN COUNTY,451,50 Years,1375,642,733,819,382,437,45,27,18,32,12,20,479,221,258
TOM GREEN COUNTY,451,51 Years,1429,679,750,845,396,449,52,27,25,35,16,19,497,240,257
TOM GREEN COUNTY,451,52 Years,1512,732,780,870,422,448,54,22,32,32,14,18,556,274,282
TOM GREEN COUNTY,451,53 Years,1502,714,788,897,423,474,56,27,29,29,9,20,520,255,265
TOM GREEN COUNTY,451,54 Years,1475,704,771,917,420,497,56,30,26,29,14,15,473,240,233
TOM GREEN COUNTY,451,55 Years,1495,724,771,947,453,494,60,34,26,35,18,17,453,219,234
TOM GREEN COUNTY,451,56 Years,1495,689,806,942,434,508,53,31,22,37,13,24,463,211,252
TOM GREEN COUNTY,451,57 Years,1474,677,797,931,425,506,47,23,24,38,12,26,458,217,241
TOM GREEN COUNTY,451,58 Years,1402,689,713,887,443,444,66,34,32,29,11,18,420,201,219
TOM GREEN COUNTY,451,59 Years,1441,698,743,958,470,488,42,19,23,37,15,22,404,194,210
TOM GREEN COUNTY,451,60 Years,1358,648,710,915,439,476,39,19,20,29,11,18,375,179,196
TOM GREEN COUNTY,451,61 Years,1385,662,723,933,453,480,49,24,25,29,11,18,374,174,200
TOM GREEN COUNTY,451,62 Years,1335,635,700,901,437,464,48,24,24,30,12,18,356,162,194
TOM GREEN COUNTY,451,63 Years,1252,597,655,832,404,428,46,23,23,28,10,18,346,160,186
TOM GREEN COUNTY,451,64 Years,1262,612,650,855,426,429,44,24,20,29,8,21,334,154,180
TOM GREEN COUNTY,451,65 Years,1131,548,583,773,368,405,43,22,21,31,13,18,284,145,139
TOM GREEN COUNTY,451,66 Years,1179,562,617,829,395,434,33,16,17,29,12,17,288,139,149
TOM GREEN COUNTY,451,67 Years,1205,564,641,863,406,457,29,15,14,28,10,18,285,133,152
TOM GREEN COUNTY,451,68 Years,936,445,491,659,322,337,25,11,14,22,9,13,230,103,127
TOM GREEN COUNTY,451,69 Years,878,405,473,602,281,321,31,15,16,21,9,12,224,100,124
TOM GREEN COUNTY,451,70 Years,928,425,503,674,314,360,27,11,16,18,7,11,209,93,116
TOM GREEN COUNTY,451,71 Years,832,384,448,608,283,325,24,10,14,17,7,10,183,84,99
TOM GREEN COUNTY,451,72 Years,799,392,407,575,280,295,22,10,12,17,6,11,185,96,89
TOM GREEN COUNTY,451,73 Years,748,356,392,556,265,291,20,11,9,17,7,10,155,73,82
TOM GREEN COUNTY,451,74 Years,732,329,403,573,257,316,15,10,5,17,9,8,127,53,74
TOM GREEN COUNTY,451,75 Years,680,297,383,522,232,290,17,11,6,16,8,8,125,46,79
TOM GREEN COUNTY,451,76 Years,694,299,395,527,234,293,20,11,9,17,7,10,130,47,83
TOM GREEN COUNTY,451,77 Years,638,270,368,489,212,277,21,8,13,8,2,6,120,48,72
TOM GREEN COUNTY,451,78 Years,646,273,373,487,204,283,20,8,12,12,4,8,127,57,70
TOM GREEN COUNTY,451,79 Years,613,263,350,483,214,269,17,7,10,12,2,10,101,40,61
TOM GREEN COUNTY,451,80 Years,588,257,331,450,195,255,16,7,9,14,6,8,108,49,59
TOM GREEN COUNTY,451,81 Years,552,227,325,424,173,251,15,6,9,9,3,6,104,45,59
TOM GREEN COUNTY,451,82 Years,467,199,268,361,151,210,11,3,8,11,4,7,84,41,43
TOM GREEN COUNTY,451,83 Years,442,189,253,345,144,201,11,4,7,12,4,8,74,37,37
TOM GREEN COUNTY,451,84 Years,422,171,251,337,140,197,9,3,6,10,4,6,66,24,42
TOM GREEN COUNTY,451,85 Years +,2219,774,1445,1732,610,1122,50,14,36,60,10,50,377,140,237
TRAVIS COUNTY,453,All Ages,1130695,570129,560566,548171,275772,272399,87952,42640,45312,100143,49333,50810,394429,202384,192045
TRAVIS COUNTY,453,< 1 Year,17661,9056,8605,6249,3204,3045,1319,663,656,1886,979,907,8207,4210,3997
TRAVIS COUNTY,453,1 Years,17554,9013,8541,6213,3200,3013,1295,658,637,1890,990,900,8156,4165,3991
TRAVIS COUNTY,453,2 Years,17286,8847,8439,6100,3114,2986,1238,626,612,1812,947,865,8136,4160,3976
TRAVIS COUNTY,453,3 Years,17341,8860,8481,6032,3096,2936,1231,612,619,1815,933,882,8263,4219,4044
TRAVIS COUNTY,453,4 Years,17073,8745,8328,5916,3108,2808,1236,600,636,1639,822,817,8282,4215,4067
TRAVIS COUNTY,453,5 Years,15528,7951,7577,5368,2775,2593,1131,563,568,1523,770,753,7506,3843,3663
TRAVIS COUNTY,453,6 Years,15524,7927,7597,5288,2760,2528,1177,607,570,1545,764,781,7514,3796,3718
TRAVIS COUNTY,453,7 Years,15384,7807,7577,5265,2727,2538,1214,608,606,1508,759,749,7397,3713,3684
TRAVIS COUNTY,453,8 Years,15120,7698,7422,5224,2675,2549,1198,598,600,1480,739,741,7218,3686,3532
TRAVIS COUNTY,453,9 Years,14831,7529,7302,5061,2566,2495,1165,577,588,1496,725,771,7109,3661,3448
TRAVIS COUNTY,453,10 Years,14602,7430,7172,5077,2637,2440,1132,556,576,1407,689,718,6986,3548,3438
TRAVIS COUNTY,453,11 Years,14587,7465,7122,5099,2658,2441,1166,588,578,1360,673,687,6962,3546,3416
TRAVIS COUNTY,453,12 Years,14332,7379,6953,4902,2534,2368,1246,655,591,1328,644,684,6856,3546,3310
TRAVIS COUNTY,453,13 Years,14138,7233,6905,4723,2453,2270,1282,661,621,1291,620,671,6842,3499,3343
TRAVIS COUNTY,453,14 Years,13895,7136,6759,4685,2451,2234,1291,676,615,1166,566,600,6753,3443,3310
TRAVIS COUNTY,453,15 Years,13343,6853,6490,4565,2326,2239,1286,675,611,1107,570,537,6385,3282,3103
TRAVIS COUNTY,453,16 Years,12969,6737,6232,4495,2326,2169,1271,691,580,1130,567,563,6073,3153,2920
TRAVIS COUNTY,453,17 Years,12724,6520,6204,4492,2280,2212,1294,673,621,1097,535,562,5841,3032,2809
TRAVIS COUNTY,453,18 Years,14018,7117,6901,5016,2519,2497,1321,670,651,1537,776,761,6144,3152,2992
TRAVIS COUNTY,453,19 Years,17032,8489,8543,6339,3097,3242,1509,730,779,2097,1088,1009,7087,3574,3513
TRAVIS COUNTY,453,20 Years,17767,8886,8881,6704,3273,3431,1573,768,805,2288,1180,1108,7202,3665,3537
TRAVIS COUNTY,453,21 Years,18198,9217,8981,6946,3480,3466,1636,805,831,2279,1153,1126,7337,3779,3558
TRAVIS COUNTY,453,22 Years,18348,9382,8966,7068,3501,3567,1610,772,838,2146,1123,1023,7524,3986,3538
TRAVIS COUNTY,453,23 Years,17560,9080,8480,6745,3543,3202,1551,683,868,1800,911,889,7464,3943,3521
TRAVIS COUNTY,453,24 Years,17239,9021,8218,6777,3664,3113,1450,649,801,1729,872,857,7283,3836,3447
TRAVIS COUNTY,453,25 Years,18213,9571,8642,7533,4019,3514,1331,659,672,1790,930,860,7559,3963,3596
TRAVIS COUNTY,453,26 Years,18941,9762,9179,8344,4200,4144,1334,641,693,1751,866,885,7512,4055,3457
TRAVIS COUNTY,453,27 Years,20708,10477,10231,9816,4659,5157,1281,621,660,1889,1009,880,7722,4188,3534
TRAVIS COUNTY,453,28 Years,21959,10993,10966,10672,4951,5721,1357,641,716,1940,1043,897,7990,4358,3632
TRAVIS COUNTY,453,29 Years,22606,11477,11129,11417,5499,5918,1327,660,667,1745,934,811,8117,4384,3733
TRAVIS COUNTY,453,30 Years,22757,11507,11250,11526,5640,5886,1305,629,676,1796,957,839,8130,4281,3849
TRAVIS COUNTY,453,31 Years,22323,11288,11035,11842,5871,5971,1322,666,656,1585,765,820,7574,3986,3588
TRAVIS COUNTY,453,32 Years,22373,11325,11048,12186,6120,6066,1343,669,674,1643,747,896,7201,3789,3412
TRAVIS COUNTY,453,33 Years,22068,11149,10919,12031,6105,5926,1334,669,665,1711,719,992,6992,3656,3336
TRAVIS COUNTY,453,34 Years,22046,11204,10842,11797,6013,5784,1375,690,685,1878,777,1101,6996,3724,3272
TRAVIS COUNTY,453,35 Years,21383,10862,10521,11237,5725,5512,1313,647,666,2049,903,1146,6784,3587,3197
TRAVIS COUNTY,453,36 Years,20674,10556,10118,10706,5497,5209,1283,626,657,2102,988,1114,6583,3445,3138
TRAVIS COUNTY,453,37 Years,19752,10199,9553,10018,5174,4844,1246,605,641,2211,1100,1111,6277,3320,2957
TRAVIS COUNTY,453,38 Years,18930,9868,9062,9434,5013,4421,1203,567,636,2198,1079,1119,6095,3209,2886
TRAVIS COUNTY,453,39 Years,18420,9685,8735,9035,4862,4173,1230,610,620,2163,1060,1103,5992,3153,2839
TRAVIS COUNTY,453,40 Years,17197,9013,8184,8319,4487,3832,1151,589,562,2067,1028,1039,5660,2909,2751
TRAVIS COUNTY,453,41 Years,16687,8694,7993,7893,4232,3661,1204,579,625,2017,1001,1016,5573,2882,2691
TRAVIS COUNTY,453,42 Years,16429,8623,7806,7875,4254,3621,1178,556,622,1917,955,962,5459,2858,2601
TRAVIS COUNTY,453,43 Years,16911,8808,8103,8538,4534,4004,1275,617,658,1777,886,891,5321,2771,2550
TRAVIS COUNTY,453,44 Years,16543,8569,7974,8544,4528,4016,1264,617,647,1629,807,822,5106,2617,2489
TRAVIS COUNTY,453,45 Years,14979,7650,7329,7835,4092,3743,1177,576,601,1362,675,687,4605,2307,2298
TRAVIS COUNTY,453,46 Years,13976,7183,6793,7241,3807,3434,1192,598,594,1164,579,585,4379,2199,2180
TRAVIS COUNTY,453,47 Years,13195,6766,6429,6867,3546,3321,1158,559,599,1115,570,545,4055,2091,1964
TRAVIS COUNTY,453,48 Years,13104,6651,6453,6831,3511,3320,1150,520,630,1092,538,554,4031,2082,1949
TRAVIS COUNTY,453,49 Years,13777,7044,6733,7304,3754,3550,1231,599,632,1095,541,554,4147,2150,1997
TRAVIS COUNTY,453,50 Years,13628,6904,6724,7441,3791,3650,1288,615,673,1038,531,507,3861,1967,1894
TRAVIS COUNTY,453,51 Years,13506,6806,6700,7532,3812,3720,1236,599,637,1039,516,523,3699,1879,1820
TRAVIS COUNTY,453,52 Years,13436,6762,6674,7706,3889,3817,1236,614,622,919,445,474,3575,1814,1761
TRAVIS COUNTY,453,53 Years,13197,6616,6581,7645,3855,3790,1222,598,624,864,422,442,3466,1741,1725
TRAVIS COUNTY,453,54 Years,13366,6746,6620,7863,3965,3898,1251,633,618,839,391,448,3413,1757,1656
TRAVIS COUNTY,453,55 Years,12796,6376,6420,7666,3822,3844,1184,585,599,773,370,403,3173,1599,1574
TRAVIS COUNTY,453,56 Years,12568,6209,6359,7652,3798,3854,1179,565,614,745,357,388,2992,1489,1503
TRAVIS COUNTY,453,57 Years,12365,6079,6286,7622,3805,3817,1159,571,588,756,327,429,2828,1376,1452
TRAVIS COUNTY,453,58 Years,11806,5822,5984,7331,3615,3716,1108,558,550,702,320,382,2665,1329,1336
TRAVIS COUNTY,453,59 Years,11561,5695,5866,7348,3640,3708,1036,527,509,676,304,372,2501,1224,1277
TRAVIS COUNTY,453,60 Years,10968,5306,5662,7169,3513,3656,972,447,525,607,285,322,2220,1061,1159
TRAVIS COUNTY,453,61 Years,10488,5017,5471,7022,3406,3616,893,413,480,573,266,307,2000,932,1068
TRAVIS COUNTY,453,62 Years,9949,4851,5098,6692,3287,3405,811,388,423,548,251,297,1898,925,973
TRAVIS COUNTY,453,63 Years,9451,4609,4842,6256,3125,3131,825,381,444,546,251,295,1824,852,972
TRAVIS COUNTY,453,64 Years,9110,4454,4656,6000,3037,2963,799,364,435,541,233,308,1770,820,950
TRAVIS COUNTY,453,65 Years,8362,4066,4296,5545,2757,2788,730,337,393,510,219,291,1577,753,824
TRAVIS COUNTY,453,66 Years,8101,3967,4134,5531,2758,2773,659,306,353,454,205,249,1457,698,759
TRAVIS COUNTY,453,67 Years,7671,3763,3908,5404,2703,2701,547,247,300,417,184,233,1303,629,674
TRAVIS COUNTY,453,68 Years,6197,3038,3159,4231,2128,2103,462,220,242,354,157,197,1150,533,617
TRAVIS COUNTY,453,69 Years,5588,2633,2955,3771,1829,1942,432,189,243,320,144,176,1065,471,594
TRAVIS COUNTY,453,70 Years,5353,2510,2843,3689,1780,1909,409,160,249,296,133,163,959,437,522
TRAVIS COUNTY,453,71 Years,4979,2367,2612,3426,1669,1757,407,181,226,268,126,142,878,391,487
TRAVIS COUNTY,453,72 Years,4445,2118,2327,3028,1470,1558,385,172,213,267,136,131,765,340,425
TRAVIS COUNTY,453,73 Years,3910,1776,2134,2633,1239,1394,313,122,191,248,123,125,716,292,424
TRAVIS COUNTY,453,74 Years,3496,1559,1937,2321,1063,1258,299,112,187,206,101,105,670,283,387
TRAVIS COUNTY,453,75 Years,3214,1424,1790,2146,973,1173,257,101,156,182,88,94,629,262,367
TRAVIS COUNTY,453,76 Years,3033,1318,1715,2048,918,1130,247,96,151,189,85,104,549,219,330
TRAVIS COUNTY,453,77 Years,2843,1232,1611,1919,852,1067,248,102,146,171,76,95,505,202,303
TRAVIS COUNTY,453,78 Years,2633,1120,1513,1791,775,1016,234,96,138,147,66,81,461,183,278
TRAVIS COUNTY,453,79 Years,2495,1092,1403,1659,763,896,230,88,142,116,47,69,490,194,296
TRAVIS COUNTY,453,80 Years,2223,962,1261,1512,669,843,197,85,112,99,45,54,415,163,252
TRAVIS COUNTY,453,81 Years,2032,843,1189,1423,609,814,171,59,112,100,41,59,338,134,204
TRAVIS COUNTY,453,82 Years,1971,823,1148,1392,598,794,172,56,116,85,37,48,322,132,190
TRAVIS COUNTY,453,83 Years,1896,793,1103,1387,592,795,150,53,97,79,33,46,280,115,165
TRAVIS COUNTY,453,84 Years,1761,702,1059,1269,514,755,135,46,89,78,33,45,279,109,170
TRAVIS COUNTY,453,85 Years +,10292,3469,6823,7911,2693,5218,683,180,503,349,133,216,1349,463,886
TRINITY COUNTY,455,All Ages,14261,6967,7294,11433,5566,5867,1385,652,733,286,115,171,1157,634,523
TRINITY COUNTY,455,< 1 Year,145,80,65,102,59,43,18,9,9,8,3,5,17,9,8
TRINITY COUNTY,455,1 Years,131,72,59,88,51,37,19,10,9,8,3,5,16,8,8
TRINITY COUNTY,455,2 Years,128,65,63,86,47,39,20,10,10,7,2,5,15,6,9
TRINITY COUNTY,455,3 Years,146,73,73,98,46,52,22,13,9,7,5,2,19,9,10
TRINITY COUNTY,455,4 Years,157,76,81,108,53,55,22,6,16,7,6,1,20,11,9
TRINITY COUNTY,455,5 Years,159,84,75,110,56,54,15,9,6,8,5,3,26,14,12
TRINITY COUNTY,455,6 Years,146,74,72,104,54,50,13,4,9,5,2,3,24,14,10
TRINITY COUNTY,455,7 Years,153,91,62,107,65,42,19,10,9,5,3,2,22,13,9
TRINITY COUNTY,455,8 Years,162,81,81,98,52,46,25,10,15,8,3,5,31,16,15
TRINITY COUNTY,455,9 Years,142,63,79,87,40,47,22,9,13,11,4,7,22,10,12
TRINITY COUNTY,455,10 Years,136,73,63,89,46,43,16,9,7,4,2,2,27,16,11
TRINITY COUNTY,455,11 Years,153,82,71,106,56,50,15,10,5,3,0,3,29,16,13
TRINITY COUNTY,455,12 Years,157,80,77,110,57,53,17,8,9,5,2,3,25,13,12
TRINITY COUNTY,455,13 Years,163,79,84,111,56,55,20,8,12,3,1,2,29,14,15
TRINITY COUNTY,455,14 Years,175,85,90,123,61,62,18,7,11,5,2,3,29,15,14
TRINITY COUNTY,455,15 Years,172,89,83,127,70,57,15,5,10,7,2,5,23,12,11
TRINITY COUNTY,455,16 Years,167,88,79,126,66,60,14,9,5,7,2,5,20,11,9
TRINITY COUNTY,455,17 Years,163,76,87,130,61,69,11,7,4,4,1,3,18,7,11
TRINITY COUNTY,455,18 Years,167,79,88,129,63,66,13,7,6,5,1,4,20,8,12
TRINITY COUNTY,455,19 Years,141,62,79,98,44,54,18,8,10,7,1,6,18,9,9
TRINITY COUNTY,455,20 Years,154,75,79,110,55,55,22,12,10,6,2,4,16,6,10
TRINITY COUNTY,455,21 Years,145,74,71,101,52,49,22,12,10,2,1,1,20,9,11
TRINITY COUNTY,455,22 Years,151,74,77,106,49,57,22,10,12,1,0,1,22,15,7
TRINITY COUNTY,455,23 Years,148,79,69,110,58,52,17,10,7,3,1,2,18,10,8
TRINITY COUNTY,455,24 Years,129,59,70,101,48,53,11,4,7,3,1,2,14,6,8
TRINITY COUNTY,455,25 Years,123,56,67,93,40,53,14,6,8,1,0,1,15,10,5
TRINITY COUNTY,455,26 Years,137,68,69,106,50,56,17,11,6,0,0,0,14,7,7
TRINITY COUNTY,455,27 Years,117,59,58,88,44,44,19,10,9,0,0,0,10,5,5
TRINITY COUNTY,455,28 Years,130,62,68,100,49,51,15,4,11,2,1,1,13,8,5
TRINITY COUNTY,455,29 Years,121,59,62,88,45,43,14,3,11,0,0,0,19,11,8
TRINITY COUNTY,455,30 Years,127,62,65,89,45,44,15,5,10,2,1,1,21,11,10
TRINITY COUNTY,455,31 Years,114,59,55,82,39,43,11,6,5,3,1,2,18,13,5
TRINITY COUNTY,455,32 Years,131,64,67,99,43,56,14,8,6,3,2,1,15,11,4
TRINITY COUNTY,455,33 Years,132,66,66,96,44,52,15,9,6,3,1,2,18,12,6
TRINITY COUNTY,455,34 Years,130,64,66,91,45,46,20,10,10,1,0,1,18,9,9
TRINITY COUNTY,455,35 Years,121,58,63,96,45,51,11,6,5,4,1,3,10,6,4
TRINITY COUNTY,455,36 Years,124,63,61,98,49,49,12,5,7,4,2,2,10,7,3
TRINITY COUNTY,455,37 Years,122,63,59,89,44,45,15,8,7,1,1,0,17,10,7
TRINITY COUNTY,455,38 Years,108,52,56,80,39,41,14,7,7,1,0,1,13,6,7
TRINITY COUNTY,455,39 Years,121,61,60,90,44,46,12,6,6,2,2,0,17,9,8
TRINITY COUNTY,455,40 Years,128,69,59,104,54,50,7,4,3,0,0,0,17,11,6
TRINITY COUNTY,455,41 Years,151,77,74,116,61,55,11,3,8,1,0,1,23,13,10
TRINITY COUNTY,455,42 Years,140,65,75,106,48,58,12,5,7,1,1,0,21,11,10
TRINITY COUNTY,455,43 Years,153,70,83,120,54,66,14,6,8,2,1,1,17,9,8
TRINITY COUNTY,455,44 Years,157,77,80,124,60,64,12,7,5,3,1,2,18,9,9
TRINITY COUNTY,455,45 Years,156,77,79,121,59,62,13,7,6,2,1,1,20,10,10
TRINITY COUNTY,455,46 Years,146,78,68,116,58,58,12,7,5,1,1,0,17,12,5
TRINITY COUNTY,455,47 Years,164,92,72,133,71,62,14,10,4,3,1,2,14,10,4
TRINITY COUNTY,455,48 Years,171,87,84,136,70,66,21,11,10,3,1,2,11,5,6
TRINITY COUNTY,455,49 Years,177,85,92,143,69,74,20,11,9,1,0,1,13,5,8
TRINITY COUNTY,455,50 Years,193,96,97,163,82,81,18,8,10,2,1,1,10,5,5
TRINITY COUNTY,455,51 Years,202,95,107,171,81,90,22,11,11,1,0,1,8,3,5
TRINITY COUNTY,455,52 Years,226,111,115,188,92,96,22,9,13,5,2,3,11,8,3
TRINITY COUNTY,455,53 Years,231,115,116,192,96,96,25,10,15,5,2,3,9,7,2
TRINITY COUNTY,455,54 Years,227,104,123,184,87,97,28,10,18,7,2,5,8,5,3
TRINITY COUNTY,455,55 Years,232,105,127,192,87,105,25,12,13,4,1,3,11,5,6
TRINITY COUNTY,455,56 Years,232,104,128,194,88,106,24,11,13,6,2,4,8,3,5
TRINITY COUNTY,455,57 Years,242,108,134,206,89,117,23,13,10,2,0,2,11,6,5
TRINITY COUNTY,455,58 Years,259,119,140,210,94,116,29,14,15,6,2,4,14,9,5
TRINITY COUNTY,455,59 Years,244,112,132,199,93,106,29,11,18,5,1,4,11,7,4
TRINITY COUNTY,455,60 Years,250,116,134,214,97,117,20,10,10,4,3,1,12,6,6
TRINITY COUNTY,455,61 Years,245,111,134,210,94,116,21,9,12,5,3,2,9,5,4
TRINITY COUNTY,455,62 Years,243,110,133,209,96,113,25,10,15,3,1,2,6,3,3
TRINITY COUNTY,455,63 Years,247,117,130,220,99,121,16,10,6,4,3,1,7,5,2
TRINITY COUNTY,455,64 Years,247,116,131,220,102,118,17,10,7,4,1,3,6,3,3
TRINITY COUNTY,455,65 Years,260,124,136,229,109,120,21,10,11,3,1,2,7,4,3
TRINITY COUNTY,455,66 Years,251,124,127,218,107,111,24,11,13,2,2,0,7,4,3
TRINITY COUNTY,455,67 Years,235,119,116,210,106,104,17,8,9,2,1,1,6,4,2
TRINITY COUNTY,455,68 Years,203,111,92,183,100,83,12,5,7,3,1,2,5,5,0
TRINITY COUNTY,455,69 Years,202,102,100,182,92,90,14,5,9,2,1,1,4,4,0
TRINITY COUNTY,455,70 Years,207,103,104,190,96,94,8,3,5,3,1,2,6,3,3
TRINITY COUNTY,455,71 Years,213,97,116,188,94,94,16,3,13,4,0,4,5,0,5
TRINITY COUNTY,455,72 Years,203,100,103,182,90,92,15,8,7,2,1,1,4,1,3
TRINITY COUNTY,455,73 Years,181,81,100,168,73,95,8,5,3,2,1,1,3,2,1
TRINITY COUNTY,455,74 Years,161,74,87,147,66,81,9,5,4,3,1,2,2,2,0
TRINITY COUNTY,455,75 Years,153,84,69,143,78,65,6,3,3,1,0,1,3,3,0
TRINITY COUNTY,455,76 Years,138,71,67,125,67,58,8,3,5,1,0,1,4,1,3
TRINITY COUNTY,455,77 Years,124,62,62,112,56,56,9,4,5,0,0,0,3,2,1
TRINITY COUNTY,455,78 Years,117,60,57,103,52,51,9,4,5,0,0,0,5,4,1
TRINITY COUNTY,455,79 Years,119,58,61,105,48,57,8,5,3,1,1,0,5,4,1
TRINITY COUNTY,455,80 Years,102,42,60,93,39,54,5,2,3,2,1,1,2,0,2
TRINITY COUNTY,455,81 Years,108,49,59,96,44,52,10,4,6,0,0,0,2,1,1
TRINITY COUNTY,455,82 Years,89,42,47,83,39,44,5,2,3,0,0,0,1,1,0
TRINITY COUNTY,455,83 Years,79,40,39,71,35,36,4,4,0,3,0,3,1,1,0
TRINITY COUNTY,455,84 Years,79,40,39,71,36,35,6,2,4,2,2,0,0,0,0
TRINITY COUNTY,455,85 Years +,326,139,187,293,128,165,27,7,20,4,3,1,2,1,1
TYLER COUNTY,457,All Ages,22248,12275,9973,17662,9065,8597,2502,1645,857,443,227,216,1641,1338,303
TYLER COUNTY,457,< 1 Year,205,102,103,165,80,85,19,12,7,11,5,6,10,5,5
TYLER COUNTY,457,1 Years,215,111,104,171,88,83,21,12,9,14,7,7,9,4,5
TYLER COUNTY,457,2 Years,213,109,104,173,90,83,19,9,10,12,6,6,9,4,5
TYLER COUNTY,457,3 Years,217,115,102,174,91,83,20,10,10,11,7,4,12,7,5
TYLER COUNTY,457,4 Years,227,116,111,181,96,85,23,10,13,10,4,6,13,6,7
TYLER COUNTY,457,5 Years,215,115,100,166,88,78,24,13,11,8,4,4,17,10,7
TYLER COUNTY,457,6 Years,223,111,112,177,85,92,22,10,12,11,7,4,13,9,4
TYLER COUNTY,457,7 Years,236,117,119,188,94,94,25,11,14,8,4,4,15,8,7
TYLER COUNTY,457,8 Years,239,126,113,193,103,90,25,14,11,8,2,6,13,7,6
TYLER COUNTY,457,9 Years,247,122,125,193,92,101,28,18,10,6,3,3,20,9,11
TYLER COUNTY,457,10 Years,218,105,113,177,84,93,23,12,11,6,2,4,12,7,5
TYLER COUNTY,457,11 Years,215,111,104,175,92,83,24,12,12,3,1,2,13,6,7
TYLER COUNTY,457,12 Years,237,122,115,193,99,94,25,12,13,7,4,3,12,7,5
TYLER COUNTY,457,13 Years,238,128,110,191,104,87,19,9,10,13,6,7,15,9,6
TYLER COUNTY,457,14 Years,253,130,123,210,107,103,21,9,12,12,7,5,10,7,3
TYLER COUNTY,457,15 Years,271,138,133,225,114,111,23,12,11,13,6,7,10,6,4
TYLER COUNTY,457,16 Years,236,125,111,196,105,91,21,12,9,10,3,7,9,5,4
TYLER COUNTY,457,17 Years,247,122,125,211,105,106,19,10,9,6,3,3,11,4,7
TYLER COUNTY,457,18 Years,262,144,118,210,113,97,22,11,11,9,4,5,21,16,5
TYLER COUNTY,457,19 Years,268,152,116,204,105,99,33,23,10,7,3,4,24,21,3
TYLER COUNTY,457,20 Years,268,144,124,205,101,104,36,23,13,5,3,2,22,17,5
TYLER COUNTY,457,21 Years,274,167,107,190,105,85,44,33,11,7,3,4,33,26,7
TYLER COUNTY,457,22 Years,300,188,112,195,108,87,59,42,17,4,2,2,42,36,6
TYLER COUNTY,457,23 Years,316,207,109,199,113,86,61,47,14,6,1,5,50,46,4
TYLER COUNTY,457,24 Years,290,198,92,171,95,76,65,56,9,4,1,3,50,46,4
TYLER COUNTY,457,25 Years,311,217,94,186,104,82,60,54,6,3,2,1,62,57,5
TYLER COUNTY,457,26 Years,337,246,91,185,107,78,76,67,9,3,1,2,73,71,2
TYLER COUNTY,457,27 Years,316,226,90,179,104,75,77,65,12,3,1,2,57,56,1
TYLER COUNTY,457,28 Years,291,206,85,165,93,72,65,56,9,4,3,1,57,54,3
TYLER COUNTY,457,29 Years,297,210,87,173,99,74,63,56,7,4,3,1,57,52,5
TYLER COUNTY,457,30 Years,299,206,93,176,96,80,57,49,8,3,2,1,63,59,4
TYLER COUNTY,457,31 Years,283,194,89,166,95,71,51,43,8,5,1,4,61,55,6
TYLER COUNTY,457,32 Years,300,202,98,178,98,80,62,55,7,5,0,5,55,49,6
TYLER COUNTY,457,33 Years,277,192,85,164,98,66,62,52,10,3,1,2,48,41,7
TYLER COUNTY,457,34 Years,255,173,82,164,96,68,48,38,10,1,1,0,42,38,4
TYLER COUNTY,457,35 Years,243,156,87,160,86,74,42,35,7,3,1,2,38,34,4
TYLER COUNTY,457,36 Years,244,163,81,166,94,72,40,36,4,3,2,1,35,31,4
TYLER COUNTY,457,37 Years,250,159,91,171,91,80,42,35,7,2,2,0,35,31,4
TYLER COUNTY,457,38 Years,248,152,96,177,96,81,38,27,11,1,1,0,32,28,4
TYLER COUNTY,457,39 Years,227,139,88,165,90,75,32,23,9,3,2,1,27,24,3
TYLER COUNTY,457,40 Years,239,137,102,177,88,89,27,21,6,5,2,3,30,26,4
TYLER COUNTY,457,41 Years,251,153,98,179,98,81,30,21,9,7,5,2,35,29,6
TYLER COUNTY,457,42 Years,250,152,98,189,103,86,28,20,8,5,4,1,28,25,3
TYLER COUNTY,457,43 Years,265,157,108,211,116,95,29,22,7,7,3,4,18,16,2
TYLER COUNTY,457,44 Years,265,152,113,211,109,102,25,21,4,4,1,3,25,21,4
TYLER COUNTY,457,45 Years,269,143,126,219,103,116,24,18,6,3,2,1,23,20,3
TYLER COUNTY,457,46 Years,286,150,136,236,116,120,25,16,9,4,2,2,21,16,5
TYLER COUNTY,457,47 Years,290,160,130,237,122,115,30,17,13,5,5,0,18,16,2
TYLER COUNTY,457,48 Years,279,145,134,224,111,113,36,18,18,4,3,1,15,13,2
TYLER COUNTY,457,49 Years,288,155,133,233,117,116,31,20,11,5,3,2,19,15,4
TYLER COUNTY,457,50 Years,263,143,120,221,116,105,27,18,9,4,2,2,11,7,4
TYLER COUNTY,457,51 Years,297,152,145,250,125,125,34,20,14,6,3,3,7,4,3
TYLER COUNTY,457,52 Years,307,148,159,264,125,139,28,12,16,3,2,1,12,9,3
TYLER COUNTY,457,53 Years,317,148,169,274,128,146,29,10,19,8,4,4,6,6,0
TYLER COUNTY,457,54 Years,318,160,158,266,133,133,31,15,16,6,2,4,15,10,5
TYLER COUNTY,457,55 Years,326,174,152,281,148,133,29,15,14,2,1,1,14,10,4
TYLER COUNTY,457,56 Years,318,183,135,279,163,116,25,11,14,3,1,2,11,8,3
TYLER COUNTY,457,57 Years,305,166,139,264,146,118,29,13,16,4,2,2,8,5,3
TYLER COUNTY,457,58 Years,329,173,156,285,149,136,29,14,15,7,3,4,8,7,1
TYLER COUNTY,457,59 Years,328,170,158,291,147,144,27,17,10,6,2,4,4,4,0
TYLER COUNTY,457,60 Years,320,169,151,280,147,133,25,14,11,7,4,3,8,4,4
TYLER COUNTY,457,61 Years,317,170,147,287,157,130,17,7,10,4,2,2,9,4,5
TYLER COUNTY,457,62 Years,296,149,147,266,137,129,20,6,14,7,4,3,3,2,1
TYLER COUNTY,457,63 Years,295,148,147,261,131,130,24,10,14,4,3,1,6,4,2
TYLER COUNTY,457,64 Years,279,135,144,244,116,128,24,13,11,3,2,1,8,4,4
TYLER COUNTY,457,65 Years,268,120,148,244,109,135,15,6,9,5,3,2,4,2,2
TYLER COUNTY,457,66 Years,292,137,155,270,127,143,16,6,10,4,2,2,2,2,0
TYLER COUNTY,457,67 Years,317,159,158,294,145,149,16,9,7,5,3,2,2,2,0
TYLER COUNTY,457,68 Years,274,134,140,248,121,127,14,5,9,6,4,2,6,4,2
TYLER COUNTY,457,69 Years,272,144,128,249,133,116,12,3,9,4,2,2,7,6,1
TYLER COUNTY,457,70 Years,282,143,139,263,136,127,13,3,10,4,2,2,2,2,0
TYLER COUNTY,457,71 Years,260,123,137,244,116,128,11,5,6,2,1,1,3,1,2
TYLER COUNTY,457,72 Years,255,125,130,238,117,121,12,6,6,3,2,1,2,0,2
TYLER COUNTY,457,73 Years,223,110,113,202,99,103,16,8,8,2,1,1,3,2,1
TYLER COUNTY,457,74 Years,214,108,106,191,94,97,18,11,7,2,1,1,3,2,1
TYLER COUNTY,457,75 Years,180,97,83,159,86,73,16,8,8,1,1,0,4,2,2
TYLER COUNTY,457,76 Years,174,88,86,154,80,74,15,5,10,2,2,0,3,1,2
TYLER COUNTY,457,77 Years,175,83,92,152,69,83,15,8,7,3,2,1,5,4,1
TYLER COUNTY,457,78 Years,178,94,84,157,82,75,14,7,7,3,2,1,4,3,1
TYLER COUNTY,457,79 Years,187,91,96,168,81,87,11,4,7,5,4,1,3,2,1
TYLER COUNTY,457,80 Years,157,81,76,139,70,69,13,7,6,1,1,0,4,3,1
TYLER COUNTY,457,81 Years,133,60,73,120,57,63,10,3,7,1,0,1,2,0,2
TYLER COUNTY,457,82 Years,128,62,66,118,57,61,6,3,3,2,1,1,2,1,1
TYLER COUNTY,457,83 Years,103,51,52,97,46,51,4,3,1,0,0,0,2,2,0
TYLER COUNTY,457,84 Years,99,42,57,90,38,52,7,3,4,0,0,0,2,1,1
TYLER COUNTY,457,85 Years +,472,165,307,428,147,281,29,10,19,8,5,3,7,3,4
UPSHUR COUNTY,459,All Ages,40323,19996,20327,32231,15944,16287,3487,1680,1807,1322,657,665,3283,1715,1568
UPSHUR COUNTY,459,< 1 Year,444,227,217,304,153,151,24,13,11,35,20,15,81,41,40
UPSHUR COUNTY,459,1 Years,450,230,220,311,154,157,23,13,10,37,22,15,79,41,38
UPSHUR COUNTY,459,2 Years,449,225,224,313,155,158,24,13,11,30,13,17,82,44,38
UPSHUR COUNTY,459,3 Years,480,240,240,322,158,164,23,12,11,47,23,24,88,47,41
UPSHUR COUNTY,459,4 Years,434,201,233,298,140,158,24,10,14,34,13,21,78,38,40
UPSHUR COUNTY,459,5 Years,495,243,252,350,176,174,36,16,20,30,13,17,79,38,41
UPSHUR COUNTY,459,6 Years,522,287,235,373,207,166,39,22,17,28,15,13,82,43,39
UPSHUR COUNTY,459,7 Years,576,312,264,418,226,192,41,26,15,32,17,15,85,43,42
UPSHUR COUNTY,459,8 Years,569,303,266,410,221,189,35,18,17,35,17,18,89,47,42
UPSHUR COUNTY,459,9 Years,553,283,270,405,206,199,38,18,20,33,17,16,77,42,35
UPSHUR COUNTY,459,10 Years,535,280,255,400,212,188,41,20,21,29,13,16,65,35,30
UPSHUR COUNTY,459,11 Years,558,308,250,393,213,180,53,33,20,36,20,16,76,42,34
UPSHUR COUNTY,459,12 Years,579,302,277,414,210,204,55,31,24,32,18,14,78,43,35
UPSHUR COUNTY,459,13 Years,574,295,279,420,219,201,53,30,23,34,16,18,67,30,37
UPSHUR COUNTY,459,14 Years,596,300,296,443,231,212,60,27,33,35,18,17,58,24,34
UPSHUR COUNTY,459,15 Years,572,297,275,419,222,197,55,25,30,34,17,17,64,33,31
UPSHUR COUNTY,459,16 Years,576,306,270,424,226,198,58,30,28,29,16,13,65,34,31
UPSHUR COUNTY,459,17 Years,589,312,277,432,228,204,57,33,24,29,14,15,71,37,34
UPSHUR COUNTY,459,18 Years,540,291,249,403,212,191,49,28,21,28,13,15,60,38,22
UPSHUR COUNTY,459,19 Years,505,266,239,372,196,176,49,29,20,30,13,17,54,28,26
UPSHUR COUNTY,459,20 Years,498,273,225,366,201,165,46,30,16,27,11,16,59,31,28
UPSHUR COUNTY,459,21 Years,495,258,237,367,190,177,58,34,24,15,6,9,55,28,27
UPSHUR COUNTY,459,22 Years,484,264,220,353,192,161,62,37,25,12,6,6,57,29,28
UPSHUR COUNTY,459,23 Years,463,249,214,345,189,156,49,24,25,14,8,6,55,28,27
UPSHUR COUNTY,459,24 Years,473,234,239,362,184,178,49,20,29,16,11,5,46,19,27
UPSHUR COUNTY,459,25 Years,458,234,224,349,182,167,44,19,25,10,6,4,55,27,28
UPSHUR COUNTY,459,26 Years,380,189,191,294,144,150,31,15,16,7,5,2,48,25,23
UPSHUR COUNTY,459,27 Years,346,176,170,272,138,134,30,18,12,5,2,3,39,18,21
UPSHUR COUNTY,459,28 Years,360,180,180,278,142,136,37,16,21,8,4,4,37,18,19
UPSHUR COUNTY,459,29 Years,349,166,183,263,128,135,31,12,19,6,2,4,49,24,25
UPSHUR COUNTY,459,30 Years,373,189,184,283,139,144,29,17,12,5,4,1,56,29,27
UPSHUR COUNTY,459,31 Years,433,207,226,336,160,176,30,11,19,10,6,4,57,30,27
UPSHUR COUNTY,459,32 Years,449,222,227,344,170,174,32,11,21,10,5,5,63,36,27
UPSHUR COUNTY,459,33 Years,460,226,234,351,168,183,37,19,18,14,8,6,58,31,27
UPSHUR COUNTY,459,34 Years,490,240,250,388,187,201,39,20,19,10,6,4,53,27,26
UPSHUR COUNTY,459,35 Years,475,240,235,376,184,192,40,21,19,7,4,3,52,31,21
UPSHUR COUNTY,459,36 Years,459,225,234,365,173,192,39,21,18,8,5,3,47,26,21
UPSHUR COUNTY,459,37 Years,473,238,235,376,191,185,40,19,21,15,8,7,42,20,22
UPSHUR COUNTY,459,38 Years,487,245,242,388,195,193,38,18,20,22,11,11,39,21,18
UPSHUR COUNTY,459,39 Years,456,233,223,368,187,181,32,17,15,15,9,6,41,20,21
UPSHUR COUNTY,459,40 Years,449,237,212,364,185,179,33,19,14,12,10,2,40,23,17
UPSHUR COUNTY,459,41 Years,464,238,226,383,195,188,35,19,16,11,7,4,35,17,18
UPSHUR COUNTY,459,42 Years,525,257,268,433,214,219,38,14,24,11,4,7,43,25,18
UPSHUR COUNTY,459,43 Years,505,260,245,408,209,199,43,19,24,13,6,7,41,26,15
UPSHUR COUNTY,459,44 Years,494,246,248,406,203,203,44,21,23,8,2,6,36,20,16
UPSHUR COUNTY,459,45 Years,500,246,254,413,207,206,43,18,25,9,2,7,35,19,16
UPSHUR COUNTY,459,46 Years,503,253,250,409,206,203,49,24,25,10,5,5,35,18,17
UPSHUR COUNTY,459,47 Years,476,232,244,388,189,199,45,21,24,12,7,5,31,15,16
UPSHUR COUNTY,459,48 Years,477,241,236,396,203,193,44,20,24,10,5,5,27,13,14
UPSHUR COUNTY,459,49 Years,546,260,286,449,209,240,53,24,29,13,5,8,31,22,9
UPSHUR COUNTY,459,50 Years,568,267,301,468,219,249,56,24,32,15,7,8,29,17,12
UPSHUR COUNTY,459,51 Years,610,288,322,506,240,266,58,27,31,13,7,6,33,14,19
UPSHUR COUNTY,459,52 Years,612,297,315,502,240,262,66,35,31,13,7,6,31,15,16
UPSHUR COUNTY,459,53 Years,601,292,309,504,238,266,61,32,29,13,7,6,23,15,8
UPSHUR COUNTY,459,54 Years,629,292,337,537,246,291,56,22,34,11,5,6,25,19,6
UPSHUR COUNTY,459,55 Years,647,316,331,554,268,286,52,24,28,17,8,9,24,16,8
UPSHUR COUNTY,459,56 Years,624,303,321,533,263,270,53,23,30,17,7,10,21,10,11
UPSHUR COUNTY,459,57 Years,618,293,325,525,251,274,56,24,32,14,7,7,23,11,12
UPSHUR COUNTY,459,58 Years,625,308,317,537,268,269,54,27,27,11,5,6,23,8,15
UPSHUR COUNTY,459,59 Years,622,314,308,523,269,254,61,28,33,16,6,10,22,11,11
UPSHUR COUNTY,459,60 Years,566,267,299,479,230,249,56,23,33,15,7,8,16,7,9
UPSHUR COUNTY,459,61 Years,551,266,285,474,227,247,53,26,27,12,8,4,12,5,7
UPSHUR COUNTY,459,62 Years,538,265,273,471,232,239,44,22,22,12,7,5,11,4,7
UPSHUR COUNTY,459,63 Years,536,267,269,458,232,226,52,24,28,14,4,10,12,7,5
UPSHUR COUNTY,459,64 Years,518,246,272,455,218,237,42,19,23,10,2,8,11,7,4
UPSHUR COUNTY,459,65 Years,491,228,263,426,201,225,44,20,24,10,2,8,11,5,6
UPSHUR COUNTY,459,66 Years,512,256,256,442,221,221,49,25,24,9,5,4,12,5,7
UPSHUR COUNTY,459,67 Years,507,251,256,445,220,225,43,20,23,7,5,2,12,6,6
UPSHUR COUNTY,459,68 Years,395,196,199,341,170,171,36,16,20,9,5,4,9,5,4
UPSHUR COUNTY,459,69 Years,398,197,201,359,177,182,29,15,14,5,2,3,5,3,2
UPSHUR COUNTY,459,70 Years,415,198,217,358,176,182,41,15,26,8,3,5,8,4,4
UPSHUR COUNTY,459,71 Years,397,188,209,350,171,179,35,12,23,6,2,4,6,3,3
UPSHUR COUNTY,459,72 Years,360,170,190,323,152,171,27,12,15,5,2,3,5,4,1
UPSHUR COUNTY,459,73 Years,341,158,183,298,135,163,32,16,16,4,2,2,7,5,2
UPSHUR COUNTY,459,74 Years,298,135,163,262,121,141,24,7,17,6,3,3,6,4,2
UPSHUR COUNTY,459,75 Years,298,134,164,256,115,141,27,13,14,5,1,4,10,5,5
UPSHUR COUNTY,459,76 Years,291,132,159,254,115,139,25,12,13,4,3,1,8,2,6
UPSHUR COUNTY,459,77 Years,258,128,130,228,113,115,22,9,13,4,4,0,4,2,2
UPSHUR COUNTY,459,78 Years,234,110,124,212,99,113,17,7,10,4,3,1,1,1,0
UPSHUR COUNTY,459,79 Years,230,103,127,206,93,113,17,7,10,3,3,0,4,0,4
UPSHUR COUNTY,459,80 Years,195,99,96,172,88,84,16,7,9,5,3,2,2,1,1
UPSHUR COUNTY,459,81 Years,191,84,107,172,75,97,15,6,9,3,2,1,1,1,0
UPSHUR COUNTY,459,82 Years,179,76,103,161,67,94,12,5,7,3,2,1,3,2,1
UPSHUR COUNTY,459,83 Years,157,69,88,143,62,81,12,6,6,1,0,1,1,1,0
UPSHUR COUNTY,459,84 Years,139,63,76,123,56,67,14,6,8,1,0,1,1,1,0
UPSHUR COUNTY,459,85 Years +,776,274,502,677,247,430,73,19,54,15,3,12,11,5,6
UPTON COUNTY,461,All Ages,3388,1707,1681,1548,784,764,42,18,24,50,27,23,1748,878,870
UPTON COUNTY,461,< 1 Year,48,25,23,9,4,5,0,0,0,2,1,1,37,20,17
UPTON COUNTY,461,1 Years,47,25,22,11,6,5,0,0,0,0,0,0,36,19,17
UPTON COUNTY,461,2 Years,50,29,21,14,8,6,0,0,0,0,0,0,36,21,15
UPTON COUNTY,461,3 Years,40,23,17,9,6,3,0,0,0,1,0,1,30,17,13
UPTON COUNTY,461,4 Years,41,19,22,9,4,5,0,0,0,1,1,0,31,14,17
UPTON COUNTY,461,5 Years,55,22,33,10,4,6,0,0,0,1,0,1,44,18,26
UPTON COUNTY,461,6 Years,55,28,27,13,7,6,1,0,1,2,0,2,39,21,18
UPTON COUNTY,461,7 Years,48,23,25,17,8,9,1,0,1,1,0,1,29,15,14
UPTON COUNTY,461,8 Years,44,21,23,17,8,9,1,0,1,0,0,0,26,13,13
UPTON COUNTY,461,9 Years,54,26,28,19,9,10,1,0,1,2,0,2,32,17,15
UPTON COUNTY,461,10 Years,64,35,29,25,11,14,1,0,1,2,0,2,36,24,12
UPTON COUNTY,461,11 Years,57,26,31,22,11,11,1,0,1,1,0,1,33,15,18
UPTON COUNTY,461,12 Years,49,20,29,21,9,12,0,0,0,0,0,0,28,11,17
UPTON COUNTY,461,13 Years,49,23,26,16,9,7,2,1,1,2,0,2,29,13,16
UPTON COUNTY,461,14 Years,48,27,21,21,12,9,1,1,0,2,2,0,24,12,12
UPTON COUNTY,461,15 Years,49,26,23,22,11,11,2,0,2,0,0,0,25,15,10
UPTON COUNTY,461,16 Years,60,34,26,26,13,13,1,0,1,2,2,0,31,19,12
UPTON COUNTY,461,17 Years,58,26,32,24,9,15,0,0,0,0,0,0,34,17,17
UPTON COUNTY,461,18 Years,41,20,21,19,9,10,0,0,0,0,0,0,22,11,11
UPTON COUNTY,461,19 Years,46,24,22,24,15,9,1,1,0,0,0,0,21,8,13
UPTON COUNTY,461,20 Years,41,22,19,18,10,8,1,1,0,0,0,0,22,11,11
UPTON COUNTY,461,21 Years,41,23,18,18,11,7,0,0,0,0,0,0,23,12,11
UPTON COUNTY,461,22 Years,47,26,21,17,11,6,0,0,0,2,1,1,28,14,14
UPTON COUNTY,461,23 Years,38,19,19,11,7,4,0,0,0,1,1,0,26,11,15
UPTON COUNTY,461,24 Years,37,19,18,11,6,5,0,0,0,0,0,0,26,13,13
UPTON COUNTY,461,25 Years,30,15,15,9,5,4,0,0,0,0,0,0,21,10,11
UPTON COUNTY,461,26 Years,28,11,17,8,2,6,0,0,0,2,2,0,18,7,11
UPTON COUNTY,461,27 Years,33,15,18,10,4,6,0,0,0,1,1,0,22,10,12
UPTON COUNTY,461,28 Years,36,19,17,11,7,4,0,0,0,0,0,0,25,12,13
UPTON COUNTY,461,29 Years,39,17,22,17,5,12,0,0,0,0,0,0,22,12,10
UPTON COUNTY,461,30 Years,41,26,15,14,6,8,1,1,0,0,0,0,26,19,7
UPTON COUNTY,461,31 Years,48,32,16,16,9,7,0,0,0,0,0,0,32,23,9
UPTON COUNTY,461,32 Years,49,27,22,20,11,9,1,1,0,2,1,1,26,14,12
UPTON COUNTY,461,33 Years,42,17,25,17,8,9,1,0,1,0,0,0,24,9,15
UPTON COUNTY,461,34 Years,49,22,27,23,11,12,0,0,0,1,1,0,25,10,15
UPTON COUNTY,461,35 Years,46,23,23,23,12,11,0,0,0,0,0,0,23,11,12
UPTON COUNTY,461,36 Years,52,27,25,24,11,13,0,0,0,1,1,0,27,15,12
UPTON COUNTY,461,37 Years,43,23,20,14,8,6,0,0,0,1,0,1,28,15,13
UPTON COUNTY,461,38 Years,46,24,22,17,9,8,2,1,1,0,0,0,27,14,13
UPTON COUNTY,461,39 Years,34,18,16,16,9,7,0,0,0,0,0,0,18,9,9
UPTON COUNTY,461,40 Years,28,15,13,14,7,7,0,0,0,0,0,0,14,8,6
UPTON COUNTY,461,41 Years,33,13,20,14,7,7,0,0,0,0,0,0,19,6,13
UPTON COUNTY,461,42 Years,30,14,16,15,9,6,0,0,0,0,0,0,15,5,10
UPTON COUNTY,461,43 Years,34,16,18,17,7,10,0,0,0,0,0,0,17,9,8
UPTON COUNTY,461,44 Years,33,17,16,17,8,9,0,0,0,1,1,0,15,8,7
UPTON COUNTY,461,45 Years,31,14,17,12,6,6,2,1,1,0,0,0,17,7,10
UPTON COUNTY,461,46 Years,27,11,16,11,4,7,2,1,1,0,0,0,14,6,8
UPTON COUNTY,461,47 Years,36,17,19,16,8,8,0,0,0,1,0,1,19,9,10
UPTON COUNTY,461,48 Years,41,23,18,23,13,10,1,1,0,0,0,0,17,9,8
UPTON COUNTY,461,49 Years,32,16,16,17,10,7,0,0,0,0,0,0,15,6,9
UPTON COUNTY,461,50 Years,43,20,23,24,14,10,0,0,0,1,0,1,18,6,12
UPTON COUNTY,461,51 Years,31,12,19,17,6,11,0,0,0,0,0,0,14,6,8
UPTON COUNTY,461,52 Years,34,15,19,20,8,12,0,0,0,1,0,1,13,7,6
UPTON COUNTY,461,53 Years,39,21,18,21,11,10,0,0,0,1,0,1,17,10,7
UPTON COUNTY,461,54 Years,51,26,25,26,16,10,0,0,0,0,0,0,25,10,15
UPTON COUNTY,461,55 Years,56,32,24,33,21,12,1,1,0,0,0,0,22,10,12
UPTON COUNTY,461,56 Years,63,36,27,38,22,16,1,0,1,1,1,0,23,13,10
UPTON COUNTY,461,57 Years,54,27,27,32,14,18,2,2,0,0,0,0,20,11,9
UPTON COUNTY,461,58 Years,56,29,27,35,18,17,2,1,1,0,0,0,19,10,9
UPTON COUNTY,461,59 Years,50,27,23,31,17,14,2,1,1,1,0,1,16,9,7
UPTON COUNTY,461,60 Years,50,25,25,26,13,13,1,0,1,1,0,1,22,12,10
UPTON COUNTY,461,61 Years,49,29,20,23,14,9,1,1,0,1,1,0,24,13,11
UPTON COUNTY,461,62 Years,38,18,20,21,12,9,0,0,0,1,1,0,16,5,11
UPTON COUNTY,461,63 Years,30,9,21,14,4,10,2,0,2,0,0,0,14,5,9
UPTON COUNTY,461,64 Years,35,15,20,13,6,7,1,0,1,0,0,0,21,9,12
UPTON COUNTY,461,65 Years,37,18,19,19,11,8,0,0,0,1,1,0,17,6,11
UPTON COUNTY,461,66 Years,36,19,17,21,10,11,0,0,0,1,0,1,14,9,5
UPTON COUNTY,461,67 Years,39,22,17,24,11,13,0,0,0,2,2,0,13,9,4
UPTON COUNTY,461,68 Years,27,14,13,18,8,10,0,0,0,1,1,0,8,5,3
UPTON COUNTY,461,69 Years,24,14,10,19,12,7,0,0,0,1,1,0,4,1,3
UPTON COUNTY,461,70 Years,28,18,10,16,12,4,0,0,0,1,1,0,11,5,6
UPTON COUNTY,461,71 Years,27,15,12,15,8,7,0,0,0,0,0,0,12,7,5
UPTON COUNTY,461,72 Years,28,15,13,19,9,10,0,0,0,1,1,0,8,5,3
UPTON COUNTY,461,73 Years,26,12,14,16,8,8,0,0,0,0,0,0,10,4,6
UPTON COUNTY,461,74 Years,22,13,9,17,11,6,0,0,0,0,0,0,5,2,3
UPTON COUNTY,461,75 Years,27,16,11,20,12,8,0,0,0,0,0,0,7,4,3
UPTON COUNTY,461,76 Years,24,15,9,14,7,7,0,0,0,1,1,0,9,7,2
UPTON COUNTY,461,77 Years,26,13,13,15,5,10,0,0,0,1,1,0,10,7,3
UPTON COUNTY,461,78 Years,16,7,9,12,4,8,1,0,1,0,0,0,3,3,0
UPTON COUNTY,461,79 Years,20,9,11,14,5,9,0,0,0,0,0,0,6,4,2
UPTON COUNTY,461,80 Years,21,8,13,16,6,10,0,0,0,0,0,0,5,2,3
UPTON COUNTY,461,81 Years,20,8,12,10,6,4,0,0,0,0,0,0,10,2,8
UPTON COUNTY,461,82 Years,14,5,9,7,3,4,0,0,0,0,0,0,7,2,5
UPTON COUNTY,461,83 Years,16,8,8,12,5,7,1,1,0,0,0,0,3,2,1
UPTON COUNTY,461,84 Years,14,9,5,8,5,3,0,0,0,0,0,0,6,4,2
UPTON COUNTY,461,85 Years +,69,25,44,44,16,28,3,1,2,0,0,0,22,8,14
UVALDE COUNTY,463,All Ages,27196,13328,13868,7402,3610,3792,112,75,37,368,177,191,19314,9466,9848
UVALDE COUNTY,463,< 1 Year,421,216,205,59,27,32,1,1,0,8,5,3,353,183,170
UVALDE COUNTY,463,1 Years,403,206,197,63,27,36,1,1,0,7,4,3,332,174,158
UVALDE COUNTY,463,2 Years,396,198,198,57,27,30,1,1,0,9,4,5,329,166,163
UVALDE COUNTY,463,3 Years,420,195,225,60,31,29,1,1,0,10,4,6,349,159,190
UVALDE COUNTY,463,4 Years,418,201,217,51,26,25,1,0,1,8,4,4,358,171,187
UVALDE COUNTY,463,5 Years,417,211,206,48,23,25,2,1,1,5,3,2,362,184,178
UVALDE COUNTY,463,6 Years,403,204,199,50,23,27,1,1,0,4,3,1,348,177,171
UVALDE COUNTY,463,7 Years,438,223,215,68,37,31,1,0,1,7,3,4,362,183,179
UVALDE COUNTY,463,8 Years,431,232,199,70,39,31,4,2,2,5,3,2,352,188,164
UVALDE COUNTY,463,9 Years,415,205,210,76,34,42,2,0,2,5,3,2,332,168,164
UVALDE COUNTY,463,10 Years,438,231,207,81,35,46,1,0,1,8,3,5,348,193,155
UVALDE COUNTY,463,11 Years,421,211,210,73,34,39,3,3,0,6,1,5,339,173,166
UVALDE COUNTY,463,12 Years,433,215,218,75,35,40,2,2,0,8,4,4,348,174,174
UVALDE COUNTY,463,13 Years,460,227,233,70,37,33,2,1,1,11,4,7,377,185,192
UVALDE COUNTY,463,14 Years,467,233,234,75,37,38,2,0,2,6,2,4,384,194,190
UVALDE COUNTY,463,15 Years,439,215,224,81,35,46,2,0,2,7,4,3,349,176,173
UVALDE COUNTY,463,16 Years,442,223,219,77,34,43,4,3,1,3,1,2,358,185,173
UVALDE COUNTY,463,17 Years,420,234,186,70,35,35,2,1,1,4,3,1,344,195,149
UVALDE COUNTY,463,18 Years,440,213,227,72,36,36,3,0,3,5,3,2,360,174,186
UVALDE COUNTY,463,19 Years,453,231,222,87,53,34,3,2,1,9,2,7,354,174,180
UVALDE COUNTY,463,20 Years,455,221,234,97,51,46,3,2,1,8,2,6,347,166,181
UVALDE COUNTY,463,21 Years,482,246,236,89,52,37,2,2,0,7,4,3,384,188,196
UVALDE COUNTY,463,22 Years,526,255,271,100,55,45,2,2,0,9,5,4,415,193,222
UVALDE COUNTY,463,23 Years,464,234,230,72,39,33,4,3,1,8,3,5,380,189,191
UVALDE COUNTY,463,24 Years,413,215,198,78,46,32,2,1,1,5,2,3,328,166,162
UVALDE COUNTY,463,25 Years,363,180,183,72,35,37,2,1,1,3,2,1,286,142,144
UVALDE COUNTY,463,26 Years,288,133,155,58,27,31,1,1,0,3,3,0,226,102,124
UVALDE COUNTY,463,27 Years,245,133,112,42,21,21,4,4,0,5,2,3,194,106,88
UVALDE COUNTY,463,28 Years,249,129,120,50,27,23,1,1,0,4,3,1,194,98,96
UVALDE COUNTY,463,29 Years,246,131,115,51,27,24,0,0,0,4,2,2,191,102,89
UVALDE COUNTY,463,30 Years,266,134,132,51,28,23,2,1,1,4,3,1,209,102,107
UVALDE COUNTY,463,31 Years,236,115,121,46,21,25,3,2,1,1,0,1,186,92,94
UVALDE COUNTY,463,32 Years,238,113,125,50,26,24,1,1,0,2,0,2,185,86,99
UVALDE COUNTY,463,33 Years,246,114,132,66,32,34,2,1,1,2,2,0,176,79,97
UVALDE COUNTY,463,34 Years,282,130,152,70,36,34,1,0,1,4,1,3,207,93,114
UVALDE COUNTY,463,35 Years,292,144,148,66,35,31,3,3,0,4,1,3,219,105,114
UVALDE COUNTY,463,36 Years,284,139,145,68,34,34,2,2,0,5,3,2,209,100,109
UVALDE COUNTY,463,37 Years,280,139,141,58,29,29,2,2,0,8,3,5,212,105,107
UVALDE COUNTY,463,38 Years,300,144,156,53,23,30,3,2,1,3,1,2,241,118,123
UVALDE COUNTY,463,39 Years,291,139,152,60,32,28,3,2,1,4,2,2,224,103,121
UVALDE COUNTY,463,40 Years,287,144,143,67,33,34,2,2,0,2,1,1,216,108,108
UVALDE COUNTY,463,41 Years,301,142,159,67,29,38,1,1,0,2,0,2,231,112,119
UVALDE COUNTY,463,42 Years,290,132,158,74,33,41,1,0,1,3,1,2,212,98,114
UVALDE COUNTY,463,43 Years,316,146,170,86,40,46,0,0,0,2,1,1,228,105,123
UVALDE COUNTY,463,44 Years,328,161,167,89,44,45,2,1,1,6,2,4,231,114,117
UVALDE COUNTY,463,45 Years,299,143,156,93,39,54,1,0,1,7,4,3,198,100,98
UVALDE COUNTY,463,46 Years,307,167,140,88,43,45,0,0,0,4,2,2,215,122,93
UVALDE COUNTY,463,47 Years,298,149,149,77,43,34,1,1,0,5,2,3,215,103,112
UVALDE COUNTY,463,48 Years,304,159,145,83,45,38,1,1,0,3,1,2,217,112,105
UVALDE COUNTY,463,49 Years,316,167,149,104,54,50,1,1,0,7,5,2,204,107,97
UVALDE COUNTY,463,50 Years,304,150,154,93,43,50,0,0,0,4,2,2,207,105,102
UVALDE COUNTY,463,51 Years,315,160,155,84,40,44,2,1,1,5,2,3,224,117,107
UVALDE COUNTY,463,52 Years,362,171,191,116,57,59,3,3,0,6,2,4,237,109,128
UVALDE COUNTY,463,53 Years,354,168,186,124,63,61,3,3,0,7,5,2,220,97,123
UVALDE COUNTY,463,54 Years,312,142,170,110,52,58,0,0,0,4,2,2,198,88,110
UVALDE COUNTY,463,55 Years,306,158,148,112,54,58,0,0,0,1,1,0,193,103,90
UVALDE COUNTY,463,56 Years,339,169,170,125,61,64,1,1,0,3,2,1,210,105,105
UVALDE COUNTY,463,57 Years,351,171,180,138,64,74,1,1,0,1,1,0,211,105,106
UVALDE COUNTY,463,58 Years,320,166,154,125,70,55,0,0,0,3,3,0,192,93,99
UVALDE COUNTY,463,59 Years,309,153,156,120,64,56,2,1,1,4,1,3,183,87,96
UVALDE COUNTY,463,60 Years,290,145,145,112,60,52,0,0,0,4,1,3,174,84,90
UVALDE COUNTY,463,61 Years,282,131,151,116,51,65,0,0,0,5,3,2,161,77,84
UVALDE COUNTY,463,62 Years,272,122,150,113,50,63,0,0,0,3,1,2,156,71,85
UVALDE COUNTY,463,63 Years,288,136,152,119,59,60,0,0,0,2,1,1,167,76,91
UVALDE COUNTY,463,64 Years,300,143,157,126,62,64,0,0,0,1,0,1,173,81,92
UVALDE COUNTY,463,65 Years,326,143,183,149,67,82,2,2,0,2,1,1,173,73,100
UVALDE COUNTY,463,66 Years,323,158,165,145,68,77,0,0,0,2,1,1,176,89,87
UVALDE COUNTY,463,67 Years,313,147,166,147,68,79,0,0,0,3,2,1,163,77,86
UVALDE COUNTY,463,68 Years,274,128,146,132,65,67,1,0,1,3,2,1,138,61,77
UVALDE COUNTY,463,69 Years,239,114,125,111,55,56,1,0,1,2,1,1,125,58,67
UVALDE COUNTY,463,70 Years,242,124,118,120,63,57,0,0,0,2,1,1,120,60,60
UVALDE COUNTY,463,71 Years,229,111,118,122,58,64,1,1,0,4,3,1,102,49,53
UVALDE COUNTY,463,72 Years,205,91,114,104,50,54,0,0,0,2,2,0,99,39,60
UVALDE COUNTY,463,73 Years,189,85,104,92,42,50,0,0,0,1,1,0,96,42,54
UVALDE COUNTY,463,74 Years,164,75,89,79,38,41,0,0,0,1,0,1,84,37,47
UVALDE COUNTY,463,75 Years,161,80,81,89,48,41,1,0,1,3,2,1,68,30,38
UVALDE COUNTY,463,76 Years,167,85,82,91,48,43,0,0,0,3,1,2,73,36,37
UVALDE COUNTY,463,77 Years,159,73,86,73,35,38,0,0,0,2,1,1,84,37,47
UVALDE COUNTY,463,78 Years,143,71,72,72,41,31,0,0,0,0,0,0,71,30,41
UVALDE COUNTY,463,79 Years,139,62,77,65,31,34,0,0,0,2,0,2,72,31,41
UVALDE COUNTY,463,80 Years,127,55,72,62,28,34,1,1,0,2,1,1,62,25,37
UVALDE COUNTY,463,81 Years,125,49,76,63,24,39,1,1,0,0,0,0,61,24,37
UVALDE COUNTY,463,82 Years,123,52,71,60,23,37,0,0,0,1,1,0,62,28,34
UVALDE COUNTY,463,83 Years,99,44,55,49,23,26,0,0,0,1,1,0,49,20,29
UVALDE COUNTY,463,84 Years,101,48,53,48,21,27,0,0,0,2,1,1,51,26,25
UVALDE COUNTY,463,85 Years +,577,226,351,308,120,188,0,0,0,8,2,6,261,104,157
VAL VERDE COUNTY,465,All Ages,48498,24433,24065,8179,4479,3700,552,326,226,638,326,312,39129,19302,19827
VAL VERDE COUNTY,465,< 1 Year,882,450,432,127,67,60,4,2,2,17,10,7,734,371,363
VAL VERDE COUNTY,465,1 Years,870,449,421,134,72,62,4,2,2,16,11,5,716,364,352
VAL VERDE COUNTY,465,2 Years,866,447,419,129,69,60,4,2,2,18,11,7,715,365,350
VAL VERDE COUNTY,465,3 Years,870,439,431,133,68,65,4,2,2,13,8,5,720,361,359
VAL VERDE COUNTY,465,4 Years,756,386,370,112,58,54,4,3,1,11,7,4,629,318,311
VAL VERDE COUNTY,465,5 Years,792,407,385,105,57,48,9,4,5,15,9,6,663,337,326
VAL VERDE COUNTY,465,6 Years,790,411,379,101,52,49,9,4,5,12,8,4,668,347,321
VAL VERDE COUNTY,465,7 Years,735,360,375,88,44,44,5,3,2,12,7,5,630,306,324
VAL VERDE COUNTY,465,8 Years,776,375,401,87,43,44,7,4,3,14,7,7,668,321,347
VAL VERDE COUNTY,465,9 Years,815,417,398,90,48,42,7,4,3,15,9,6,703,356,347
VAL VERDE COUNTY,465,10 Years,782,418,364,78,41,37,7,3,4,15,8,7,682,366,316
VAL VERDE COUNTY,465,11 Years,750,394,356,77,39,38,8,2,6,12,6,6,653,347,306
VAL VERDE COUNTY,465,12 Years,782,402,380,75,38,37,13,6,7,8,2,6,686,356,330
VAL VERDE COUNTY,465,13 Years,747,380,367,70,37,33,7,4,3,6,2,4,664,337,327
VAL VERDE COUNTY,465,14 Years,780,411,369,58,28,30,4,1,3,9,4,5,709,378,331
VAL VERDE COUNTY,465,15 Years,787,411,376,72,39,33,4,1,3,8,5,3,703,366,337
VAL VERDE COUNTY,465,16 Years,790,408,382,71,38,33,4,3,1,9,7,2,706,360,346
VAL VERDE COUNTY,465,17 Years,764,415,349,70,34,36,6,4,2,6,4,2,682,373,309
VAL VERDE COUNTY,465,18 Years,770,413,357,71,38,33,8,5,3,6,3,3,685,367,318
VAL VERDE COUNTY,465,19 Years,717,364,353,60,30,30,9,5,4,3,1,2,645,328,317
VAL VERDE COUNTY,465,20 Years,715,348,367,58,29,29,9,4,5,5,2,3,643,313,330
VAL VERDE COUNTY,465,21 Years,697,345,352,62,38,24,8,5,3,5,2,3,622,300,322
VAL VERDE COUNTY,465,22 Years,728,403,325,78,47,31,9,6,3,9,6,3,632,344,288
VAL VERDE COUNTY,465,23 Years,668,365,303,114,70,44,10,7,3,6,4,2,538,284,254
VAL VERDE COUNTY,465,24 Years,642,350,292,119,78,41,16,10,6,4,1,3,503,261,242
VAL VERDE COUNTY,465,25 Years,569,309,260,103,62,41,15,10,5,9,4,5,442,233,209
VAL VERDE COUNTY,465,26 Years,622,332,290,146,87,59,15,9,6,11,5,6,450,231,219
VAL VERDE COUNTY,465,27 Years,688,404,284,221,155,66,16,11,5,20,14,6,431,224,207
VAL VERDE COUNTY,465,28 Years,746,440,306,231,166,65,14,11,3,17,10,7,484,253,231
VAL VERDE COUNTY,465,29 Years,654,366,288,183,123,60,15,8,7,10,6,4,446,229,217
VAL VERDE COUNTY,465,30 Years,601,307,294,142,76,66,12,8,4,10,6,4,437,217,220
VAL VERDE COUNTY,465,31 Years,567,303,264,134,74,60,13,9,4,8,3,5,412,217,195
VAL VERDE COUNTY,465,32 Years,622,318,304,123,70,53,6,4,2,15,9,6,478,235,243
VAL VERDE COUNTY,465,33 Years,622,318,304,106,61,45,9,5,4,14,9,5,493,243,250
VAL VERDE COUNTY,465,34 Years,607,316,291,109,60,49,11,6,5,10,6,4,477,244,233
VAL VERDE COUNTY,465,35 Years,558,299,259,106,63,43,10,5,5,5,3,2,437,228,209
VAL VERDE COUNTY,465,36 Years,570,307,263,92,58,34,6,3,3,9,1,8,463,245,218
VAL VERDE COUNTY,465,37 Years,549,281,268,87,53,34,6,2,4,11,3,8,445,223,222
VAL VERDE COUNTY,465,38 Years,554,276,278,76,37,39,6,3,3,7,4,3,465,232,233
VAL VERDE COUNTY,465,39 Years,591,289,302,81,36,45,6,2,4,8,5,3,496,246,250
VAL VERDE COUNTY,465,40 Years,618,295,323,81,40,41,6,3,3,7,3,4,524,249,275
VAL VERDE COUNTY,465,41 Years,624,301,323,77,39,38,4,3,1,11,3,8,532,256,276
VAL VERDE COUNTY,465,42 Years,603,283,320,90,46,44,6,3,3,8,2,6,499,232,267
VAL VERDE COUNTY,465,43 Years,569,275,294,86,47,39,7,4,3,5,2,3,471,222,249
VAL VERDE COUNTY,465,44 Years,587,296,291,88,54,34,5,3,2,6,4,2,488,235,253
VAL VERDE COUNTY,465,45 Years,591,300,291,94,51,43,6,4,2,7,4,3,484,241,243
VAL VERDE COUNTY,465,46 Years,585,292,293,90,42,48,6,4,2,10,5,5,479,241,238
VAL VERDE COUNTY,465,47 Years,569,283,286,107,55,52,5,4,1,7,3,4,450,221,229
VAL VERDE COUNTY,465,48 Years,584,300,284,100,57,43,9,5,4,4,2,2,471,236,235
VAL VERDE COUNTY,465,49 Years,587,289,298,98,52,46,6,2,4,2,1,1,481,234,247
VAL VERDE COUNTY,465,50 Years,562,288,274,89,53,36,5,4,1,3,1,2,465,230,235
VAL VERDE COUNTY,465,51 Years,578,281,297,98,54,44,6,4,2,7,1,6,467,222,245
VAL VERDE COUNTY,465,52 Years,548,266,282,89,47,42,6,5,1,8,3,5,445,211,234
VAL VERDE COUNTY,465,53 Years,535,268,267,94,53,41,6,3,3,6,4,2,429,208,221
VAL VERDE COUNTY,465,54 Years,528,250,278,111,54,57,8,6,2,4,3,1,405,187,218
VAL VERDE COUNTY,465,55 Years,514,246,268,103,57,46,6,5,1,5,2,3,400,182,218
VAL VERDE COUNTY,465,56 Years,517,264,253,109,58,51,8,6,2,7,3,4,393,197,196
VAL VERDE COUNTY,465,57 Years,498,265,233,108,61,47,8,5,3,4,1,3,378,198,180
VAL VERDE COUNTY,465,58 Years,499,238,261,110,57,53,7,3,4,4,2,2,378,176,202
VAL VERDE COUNTY,465,59 Years,468,218,250,86,49,37,9,6,3,8,3,5,365,160,205
VAL VERDE COUNTY,465,60 Years,467,204,263,100,49,51,6,4,2,5,2,3,356,149,207
VAL VERDE COUNTY,465,61 Years,488,220,268,108,56,52,4,4,0,6,3,3,370,157,213
VAL VERDE COUNTY,465,62 Years,459,216,243,112,59,53,4,3,1,5,2,3,338,152,186
VAL VERDE COUNTY,465,63 Years,468,210,258,111,58,53,4,2,2,6,1,5,347,149,198
VAL VERDE COUNTY,465,64 Years,431,193,238,98,50,48,4,3,1,4,1,3,325,139,186
VAL VERDE COUNTY,465,65 Years,446,203,243,93,51,42,7,4,3,4,1,3,342,147,195
VAL VERDE COUNTY,465,66 Years,473,213,260,93,49,44,8,5,3,6,3,3,366,156,210
VAL VERDE COUNTY,465,67 Years,431,215,216,111,62,49,4,3,1,3,1,2,313,149,164
VAL VERDE COUNTY,465,68 Years,401,202,199,98,56,42,3,3,0,6,4,2,294,139,155
VAL VERDE COUNTY,465,69 Years,380,186,194,97,48,49,2,1,1,4,2,2,277,135,142
VAL VERDE COUNTY,465,70 Years,386,183,203,104,49,55,3,2,1,4,2,2,275,130,145
VAL VERDE COUNTY,465,71 Years,323,163,160,76,41,35,2,2,0,4,3,1,241,117,124
VAL VERDE COUNTY,465,72 Years,301,146,155,65,37,28,5,2,3,1,1,0,230,106,124
VAL VERDE COUNTY,465,73 Years,305,147,158,70,32,38,4,2,2,2,1,1,229,112,117
VAL VERDE COUNTY,465,74 Years,291,126,165,71,30,41,1,0,1,2,0,2,217,96,121
VAL VERDE COUNTY,465,75 Years,272,120,152,64,28,36,3,2,1,6,3,3,199,87,112
VAL VERDE COUNTY,465,76 Years,273,131,142,77,39,38,2,1,1,3,1,2,191,90,101
VAL VERDE COUNTY,465,77 Years,250,115,135,65,37,28,3,2,1,3,2,1,179,74,105
VAL VERDE COUNTY,465,78 Years,245,112,133,53,31,22,5,3,2,4,2,2,183,76,107
VAL VERDE COUNTY,465,79 Years,201,94,107,53,31,22,3,3,0,3,1,2,142,59,83
VAL VERDE COUNTY,465,80 Years,195,87,108,48,25,23,0,0,0,4,2,2,143,60,83
VAL VERDE COUNTY,465,81 Years,188,86,102,46,26,20,0,0,0,3,1,2,139,59,80
VAL VERDE COUNTY,465,82 Years,177,83,94,42,21,21,1,1,0,1,1,0,133,60,73
VAL VERDE COUNTY,465,83 Years,165,67,98,39,17,22,1,0,1,1,0,1,124,50,74
VAL VERDE COUNTY,465,84 Years,163,77,86,30,16,14,0,0,0,2,1,1,131,60,71
VAL VERDE COUNTY,465,85 Years +,764,303,461,168,72,96,5,0,5,5,1,4,586,230,356
VAN ZANDT COUNTY,467,All Ages,53925,26577,27348,45423,22167,23256,1459,746,713,1525,739,786,5518,2925,2593
VAN ZANDT COUNTY,467,< 1 Year,584,300,284,438,226,212,17,10,7,45,20,25,84,44,40
VAN ZANDT COUNTY,467,1 Years,577,302,275,429,229,200,16,8,8,48,22,26,84,43,41
VAN ZANDT COUNTY,467,2 Years,570,300,270,430,231,199,14,7,7,44,23,21,82,39,43
VAN ZANDT COUNTY,467,3 Years,572,299,273,431,231,200,14,8,6,40,18,22,87,42,45
VAN ZANDT COUNTY,467,4 Years,629,322,307,478,258,220,17,7,10,30,15,15,104,42,62
VAN ZANDT COUNTY,467,5 Years,628,318,310,468,243,225,13,4,9,29,14,15,118,57,61
VAN ZANDT COUNTY,467,6 Years,658,318,340,480,236,244,20,10,10,25,9,16,133,63,70
VAN ZANDT COUNTY,467,7 Years,652,315,337,494,232,262,18,10,8,23,11,12,117,62,55
VAN ZANDT COUNTY,467,8 Years,668,342,326,500,253,247,16,8,8,28,15,13,124,66,58
VAN ZANDT COUNTY,467,9 Years,673,337,336,502,249,253,17,10,7,34,18,16,120,60,60
VAN ZANDT COUNTY,467,10 Years,694,348,346,520,260,260,25,16,9,30,14,16,119,58,61
VAN ZANDT COUNTY,467,11 Years,724,379,345,542,291,251,24,15,9,27,12,15,131,61,70
VAN ZANDT COUNTY,467,12 Years,721,374,347,547,289,258,22,10,12,27,14,13,125,61,64
VAN ZANDT COUNTY,467,13 Years,769,375,394,575,282,293,25,13,12,35,12,23,134,68,66
VAN ZANDT COUNTY,467,14 Years,795,381,414,598,288,310,21,11,10,34,16,18,142,66,76
VAN ZANDT COUNTY,467,15 Years,790,400,390,615,315,300,16,7,9,34,13,21,125,65,60
VAN ZANDT COUNTY,467,16 Years,791,400,391,615,314,301,22,12,10,32,12,20,122,62,60
VAN ZANDT COUNTY,467,17 Years,783,415,368,612,319,293,23,17,6,24,12,12,124,67,57
VAN ZANDT COUNTY,467,18 Years,748,384,364,589,298,291,29,15,14,25,15,10,105,56,49
VAN ZANDT COUNTY,467,19 Years,696,371,325,546,290,256,20,8,12,27,18,9,103,55,48
VAN ZANDT COUNTY,467,20 Years,669,352,317,515,266,249,21,11,10,17,10,7,116,65,51
VAN ZANDT COUNTY,467,21 Years,671,351,320,494,254,240,31,19,12,22,15,7,124,63,61
VAN ZANDT COUNTY,467,22 Years,649,328,321,491,253,238,26,12,14,22,11,11,110,52,58
VAN ZANDT COUNTY,467,23 Years,617,316,301,470,243,227,22,8,14,14,7,7,111,58,53
VAN ZANDT COUNTY,467,24 Years,549,269,280,418,200,218,16,9,7,13,7,6,102,53,49
VAN ZANDT COUNTY,467,25 Years,532,265,267,413,204,209,15,10,5,9,4,5,95,47,48
VAN ZANDT COUNTY,467,26 Years,498,265,233,391,210,181,9,4,5,8,4,4,90,47,43
VAN ZANDT COUNTY,467,27 Years,468,236,232,371,183,188,11,5,6,7,4,3,79,44,35
VAN ZANDT COUNTY,467,28 Years,469,246,223,368,190,178,13,5,8,12,8,4,76,43,33
VAN ZANDT COUNTY,467,29 Years,471,241,230,375,185,190,15,9,6,12,5,7,69,42,27
VAN ZANDT COUNTY,467,30 Years,452,239,213,365,187,178,17,8,9,10,5,5,60,39,21
VAN ZANDT COUNTY,467,31 Years,509,265,244,403,199,204,17,11,6,14,8,6,75,47,28
VAN ZANDT COUNTY,467,32 Years,513,254,259,405,195,210,17,10,7,14,7,7,77,42,35
VAN ZANDT COUNTY,467,33 Years,533,265,268,447,220,227,10,7,3,11,5,6,65,33,32
VAN ZANDT COUNTY,467,34 Years,542,280,262,447,229,218,11,7,4,10,3,7,74,41,33
VAN ZANDT COUNTY,467,35 Years,540,285,255,439,227,212,9,4,5,11,4,7,81,50,31
VAN ZANDT COUNTY,467,36 Years,565,284,281,450,228,222,14,7,7,24,12,12,77,37,40
VAN ZANDT COUNTY,467,37 Years,574,281,293,471,225,246,14,9,5,21,10,11,68,37,31
VAN ZANDT COUNTY,467,38 Years,598,320,278,489,249,240,21,15,6,12,9,3,76,47,29
VAN ZANDT COUNTY,467,39 Years,580,304,276,478,248,230,18,9,9,11,8,3,73,39,34
VAN ZANDT COUNTY,467,40 Years,578,293,285,476,239,237,18,10,8,17,11,6,67,33,34
VAN ZANDT COUNTY,467,41 Years,626,302,324,527,249,278,17,9,8,17,6,11,65,38,27
VAN ZANDT COUNTY,467,42 Years,662,312,350,562,265,297,12,9,3,21,5,16,67,33,34
VAN ZANDT COUNTY,467,43 Years,686,322,364,579,271,308,20,9,11,16,4,12,71,38,33
VAN ZANDT COUNTY,467,44 Years,709,328,381,596,267,329,21,10,11,13,6,7,79,45,34
VAN ZANDT COUNTY,467,45 Years,684,318,366,593,263,330,10,6,4,12,5,7,69,44,25
VAN ZANDT COUNTY,467,46 Years,653,300,353,566,251,315,11,6,5,16,10,6,60,33,27
VAN ZANDT COUNTY,467,47 Years,653,317,336,565,272,293,12,5,7,16,10,6,60,30,30
VAN ZANDT COUNTY,467,48 Years,678,325,353,590,282,308,13,5,8,17,7,10,58,31,27
VAN ZANDT COUNTY,467,49 Years,762,373,389,666,319,347,21,13,8,20,9,11,55,32,23
VAN ZANDT COUNTY,467,50 Years,773,383,390,662,325,337,28,14,14,23,11,12,60,33,27
VAN ZANDT COUNTY,467,51 Years,822,408,414,723,358,365,27,10,17,23,11,12,49,29,20
VAN ZANDT COUNTY,467,52 Years,768,382,386,686,342,344,25,11,14,19,9,10,38,20,18
VAN ZANDT COUNTY,467,53 Years,763,388,375,679,343,336,24,14,10,15,6,9,45,25,20
VAN ZANDT COUNTY,467,54 Years,826,426,400,733,373,360,27,15,12,17,9,8,49,29,20
VAN ZANDT COUNTY,467,55 Years,812,411,401,718,362,356,22,11,11,22,9,13,50,29,21
VAN ZANDT COUNTY,467,56 Years,782,377,405,694,333,361,24,13,11,17,5,12,47,26,21
VAN ZANDT COUNTY,467,57 Years,812,388,424,721,341,380,20,11,9,21,12,9,50,24,26
VAN ZANDT COUNTY,467,58 Years,804,384,420,717,331,386,22,13,9,20,13,7,45,27,18
VAN ZANDT COUNTY,467,59 Years,779,380,399,703,336,367,23,14,9,15,6,9,38,24,14
VAN ZANDT COUNTY,467,60 Years,764,381,383,685,340,345,27,12,15,13,5,8,39,24,15
VAN ZANDT COUNTY,467,61 Years,758,363,395,686,327,359,21,8,13,14,5,9,37,23,14
VAN ZANDT COUNTY,467,62 Years,715,338,377,652,307,345,18,6,12,15,9,6,30,16,14
VAN ZANDT COUNTY,467,63 Years,729,339,390,669,308,361,19,9,10,12,6,6,29,16,13
VAN ZANDT COUNTY,467,64 Years,727,338,389,672,307,365,16,9,7,15,7,8,24,15,9
VAN ZANDT COUNTY,467,65 Years,725,348,377,671,318,353,23,12,11,11,6,5,20,12,8
VAN ZANDT COUNTY,467,66 Years,799,374,425,737,344,393,22,9,13,12,6,6,28,15,13
VAN ZANDT COUNTY,467,67 Years,803,393,410,741,357,384,19,8,11,15,9,6,28,19,9
VAN ZANDT COUNTY,467,68 Years,652,320,332,607,297,310,10,5,5,13,5,8,22,13,9
VAN ZANDT COUNTY,467,69 Years,607,301,306,562,277,285,11,8,3,10,3,7,24,13,11
VAN ZANDT COUNTY,467,70 Years,629,312,317,593,290,303,8,4,4,12,7,5,16,11,5
VAN ZANDT COUNTY,467,71 Years,600,302,298,565,282,283,9,6,3,16,8,8,10,6,4
VAN ZANDT COUNTY,467,72 Years,556,256,300,526,242,284,10,5,5,13,7,6,7,2,5
VAN ZANDT COUNTY,467,73 Years,556,255,301,523,237,286,12,6,6,9,6,3,12,6,6
VAN ZANDT COUNTY,467,74 Years,502,242,260,468,222,246,10,6,4,11,8,3,13,6,7
VAN ZANDT COUNTY,467,75 Years,462,226,236,438,213,225,7,5,2,9,5,4,8,3,5
VAN ZANDT COUNTY,467,76 Years,449,218,231,425,203,222,7,5,2,7,5,2,10,5,5
VAN ZANDT COUNTY,467,77 Years,415,197,218,394,186,208,7,3,4,6,3,3,8,5,3
VAN ZANDT COUNTY,467,78 Years,393,200,193,375,193,182,8,3,5,4,0,4,6,4,2
VAN ZANDT COUNTY,467,79 Years,367,189,178,348,182,166,8,1,7,5,2,3,6,4,2
VAN ZANDT COUNTY,467,80 Years,326,151,175,305,142,163,12,5,7,3,1,2,6,3,3
VAN ZANDT COUNTY,467,81 Years,255,113,142,236,105,131,9,3,6,5,2,3,5,3,2
VAN ZANDT COUNTY,467,82 Years,262,112,150,245,105,140,11,4,7,3,2,1,3,1,2
VAN ZANDT COUNTY,467,83 Years,236,95,141,224,91,133,8,3,5,3,1,2,1,0,1
VAN ZANDT COUNTY,467,84 Years,209,89,120,196,84,112,7,2,5,2,1,1,4,2,2
VAN ZANDT COUNTY,467,85 Years +,1076,382,694,1015,357,658,27,6,21,15,7,8,19,12,7
VICTORIA COUNTY,469,All Ages,91114,44554,46560,41106,19897,21209,5475,2627,2848,2495,1217,1278,42038,20813,21225
VICTORIA COUNTY,469,< 1 Year,1361,697,664,446,224,222,61,30,31,101,52,49,753,391,362
VICTORIA COUNTY,469,1 Years,1337,682,655,448,224,224,61,27,34,96,51,45,732,380,352
VICTORIA COUNTY,469,2 Years,1305,647,658,444,221,223,63,30,33,83,41,42,715,355,360
VICTORIA COUNTY,469,3 Years,1293,653,640,442,221,221,63,30,33,66,36,30,722,366,356
VICTORIA COUNTY,469,4 Years,1298,660,638,402,202,200,61,32,29,54,26,28,781,400,381
VICTORIA COUNTY,469,5 Years,1342,705,637,390,212,178,65,36,29,52,23,29,835,434,401
VICTORIA COUNTY,469,6 Years,1408,746,662,372,198,174,74,39,35,47,22,25,915,487,428
VICTORIA COUNTY,469,7 Years,1389,724,665,381,190,191,74,40,34,45,20,25,889,474,415
VICTORIA COUNTY,469,8 Years,1347,686,661,373,180,193,88,41,47,44,22,22,842,443,399
VICTORIA COUNTY,469,9 Years,1318,677,641,404,205,199,76,35,41,44,23,21,794,414,380
VICTORIA COUNTY,469,10 Years,1299,647,652,395,199,196,89,40,49,51,24,27,764,384,380
VICTORIA COUNTY,469,11 Years,1309,663,646,388,203,185,86,43,43,59,27,32,776,390,386
VICTORIA COUNTY,469,12 Years,1296,657,639,415,214,201,86,44,42,52,28,24,743,371,372
VICTORIA COUNTY,469,13 Years,1311,641,670,436,219,217,84,40,44,44,21,23,747,361,386
VICTORIA COUNTY,469,14 Years,1330,683,647,448,233,215,85,45,40,43,19,24,754,386,368
VICTORIA COUNTY,469,15 Years,1318,673,645,468,250,218,87,38,49,36,20,16,727,365,362
VICTORIA COUNTY,469,16 Years,1288,633,655,449,219,230,94,38,56,50,23,27,695,353,342
VICTORIA COUNTY,469,17 Years,1292,657,635,465,238,227,91,40,51,51,24,27,685,355,330
VICTORIA COUNTY,469,18 Years,1301,668,633,463,240,223,98,55,43,49,21,28,691,352,339
VICTORIA COUNTY,469,19 Years,1261,638,623,427,207,220,98,57,41,41,20,21,695,354,341
VICTORIA COUNTY,469,20 Years,1225,630,595,400,208,192,91,50,41,45,23,22,689,349,340
VICTORIA COUNTY,469,21 Years,1302,651,651,460,236,224,76,37,39,44,18,26,722,360,362
VICTORIA COUNTY,469,22 Years,1260,631,629,501,249,252,79,34,45,35,21,14,645,327,318
VICTORIA COUNTY,469,23 Years,1202,591,611,483,226,257,73,27,46,38,21,17,608,317,291
VICTORIA COUNTY,469,24 Years,1249,611,638,516,239,277,69,31,38,30,17,13,634,324,310
VICTORIA COUNTY,469,25 Years,1240,628,612,501,260,241,75,34,41,29,14,15,635,320,315
VICTORIA COUNTY,469,26 Years,1194,598,596,449,217,232,84,41,43,32,18,14,629,322,307
VICTORIA COUNTY,469,27 Years,1154,611,543,429,235,194,88,48,40,27,14,13,610,314,296
VICTORIA COUNTY,469,28 Years,1163,573,590,456,229,227,94,45,49,23,11,12,590,288,302
VICTORIA COUNTY,469,29 Years,1132,522,610,481,221,260,86,36,50,28,14,14,537,251,286
VICTORIA COUNTY,469,30 Years,1132,530,602,488,215,273,91,36,55,29,15,14,524,264,260
VICTORIA COUNTY,469,31 Years,1176,588,588,486,250,236,53,28,25,26,13,13,611,297,314
VICTORIA COUNTY,469,32 Years,1219,600,619,515,266,249,71,29,42,25,13,12,608,292,316
VICTORIA COUNTY,469,33 Years,1223,584,639,554,268,286,65,32,33,25,14,11,579,270,309
VICTORIA COUNTY,469,34 Years,1193,595,598,508,256,252,73,40,33,30,17,13,582,282,300
VICTORIA COUNTY,469,35 Years,1101,545,556,472,227,245,86,45,41,20,13,7,523,260,263
VICTORIA COUNTY,469,36 Years,1011,507,504,417,204,213,69,36,33,21,11,10,504,256,248
VICTORIA COUNTY,469,37 Years,989,515,474,385,205,180,64,34,30,26,15,11,514,261,253
VICTORIA COUNTY,469,38 Years,1021,516,505,401,216,185,74,46,28,23,8,15,523,246,277
VICTORIA COUNTY,469,39 Years,1016,515,501,417,223,194,61,39,22,39,12,27,499,241,258
VICTORIA COUNTY,469,40 Years,1024,494,530,440,217,223,60,33,27,39,16,23,485,228,257
VICTORIA COUNTY,469,41 Years,1049,502,547,479,229,250,67,39,28,19,6,13,484,228,256
VICTORIA COUNTY,469,42 Years,1069,534,535,488,240,248,52,31,21,26,10,16,503,253,250
VICTORIA COUNTY,469,43 Years,1031,508,523,460,223,237,58,33,25,19,8,11,494,244,250
VICTORIA COUNTY,469,44 Years,1060,523,537,491,240,251,60,35,25,14,5,9,495,243,252
VICTORIA COUNTY,469,45 Years,973,466,507,446,217,229,54,27,27,15,6,9,458,216,242
VICTORIA COUNTY,469,46 Years,933,438,495,426,207,219,54,26,28,14,5,9,439,200,239
VICTORIA COUNTY,469,47 Years,965,457,508,463,213,250,52,28,24,16,8,8,434,208,226
VICTORIA COUNTY,469,48 Years,1044,526,518,516,257,259,60,38,22,16,7,9,452,224,228
VICTORIA COUNTY,469,49 Years,1123,539,584,561,269,292,76,39,37,17,8,9,469,223,246
VICTORIA COUNTY,469,50 Years,1204,589,615,610,293,317,75,35,40,27,14,13,492,247,245
VICTORIA COUNTY,469,51 Years,1219,582,637,634,289,345,73,31,42,30,17,13,482,245,237
VICTORIA COUNTY,469,52 Years,1244,577,667,662,295,367,77,35,42,29,16,13,476,231,245
VICTORIA COUNTY,469,53 Years,1289,626,663,707,343,364,75,32,43,25,13,12,482,238,244
VICTORIA COUNTY,469,54 Years,1274,624,650,712,361,351,77,33,44,19,9,10,466,221,245
VICTORIA COUNTY,469,55 Years,1246,618,628,705,349,356,68,32,36,19,9,10,454,228,226
VICTORIA COUNTY,469,56 Years,1276,629,647,716,344,372,63,33,30,26,11,15,471,241,230
VICTORIA COUNTY,469,57 Years,1225,618,607,662,320,342,66,37,29,31,15,16,466,246,220
VICTORIA COUNTY,469,58 Years,1190,593,597,676,326,350,72,34,38,23,14,9,419,219,200
VICTORIA COUNTY,469,59 Years,1247,603,644,704,342,362,84,35,49,32,19,13,427,207,220
VICTORIA COUNTY,469,60 Years,1158,548,610,667,320,347,77,35,42,31,17,14,383,176,207
VICTORIA COUNTY,469,61 Years,1083,524,559,620,304,316,74,39,35,23,10,13,366,171,195
VICTORIA COUNTY,469,62 Years,1066,494,572,617,290,327,71,32,39,17,6,11,361,166,195
VICTORIA COUNTY,469,63 Years,1016,504,512,584,290,294,66,27,39,21,10,11,345,177,168
VICTORIA COUNTY,469,64 Years,1013,479,534,578,279,299,60,22,38,22,11,11,353,167,186
VICTORIA COUNTY,469,65 Years,980,463,517,566,262,304,63,27,36,19,7,12,332,167,165
VICTORIA COUNTY,469,66 Years,963,456,507,573,273,300,63,26,37,21,10,11,306,147,159
VICTORIA COUNTY,469,67 Years,937,430,507,566,266,300,49,19,30,23,11,12,299,134,165
VICTORIA COUNTY,469,68 Years,837,411,426,476,242,234,44,22,22,15,7,8,302,140,162
VICTORIA COUNTY,469,69 Years,750,359,391,437,214,223,38,18,20,14,6,8,261,121,140
VICTORIA COUNTY,469,70 Years,719,317,402,465,205,260,36,15,21,11,6,5,207,91,116
VICTORIA COUNTY,469,71 Years,682,325,357,438,217,221,38,18,20,8,4,4,198,86,112
VICTORIA COUNTY,469,72 Years,650,292,358,439,198,241,32,15,17,8,4,4,171,75,96
VICTORIA COUNTY,469,73 Years,589,262,327,399,182,217,22,10,12,8,4,4,160,66,94
VICTORIA COUNTY,469,74 Years,555,237,318,365,158,207,26,12,14,13,6,7,151,61,90
VICTORIA COUNTY,469,75 Years,536,236,300,337,150,187,28,11,17,11,6,5,160,69,91
VICTORIA COUNTY,469,76 Years,505,237,268,318,150,168,26,10,16,10,6,4,151,71,80
VICTORIA COUNTY,469,77 Years,467,198,269,305,135,170,20,8,12,7,1,6,135,54,81
VICTORIA COUNTY,469,78 Years,432,192,240,283,132,151,20,7,13,4,2,2,125,51,74
VICTORIA COUNTY,469,79 Years,456,200,256,303,125,178,18,6,12,6,2,4,129,67,62
VICTORIA COUNTY,469,80 Years,393,165,228,256,106,150,21,8,13,8,4,4,108,47,61
VICTORIA COUNTY,469,81 Years,387,164,223,264,114,150,18,7,11,4,3,1,101,40,61
VICTORIA COUNTY,469,82 Years,385,163,222,278,122,156,16,6,10,4,2,2,87,33,54
VICTORIA COUNTY,469,83 Years,329,138,191,236,97,139,16,5,11,4,1,3,73,35,38
VICTORIA COUNTY,469,84 Years,294,116,178,212,83,129,13,5,8,5,2,3,64,26,38
VICTORIA COUNTY,469,85 Years +,1642,620,1022,1191,460,731,91,23,68,19,8,11,341,129,212
WALKER COUNTY,471,All Ages,70679,41507,29172,40418,22687,17731,15623,10058,5565,2132,1081,1051,12506,7681,4825
WALKER COUNTY,471,< 1 Year,766,387,379,328,171,157,170,85,85,63,31,32,205,100,105
WALKER COUNTY,471,1 Years,734,381,353,318,168,150,151,78,73,61,32,29,204,103,101
WALKER COUNTY,471,2 Years,713,358,355,315,163,152,141,72,69,62,29,33,195,94,101
WALKER COUNTY,471,3 Years,704,363,341,318,167,151,142,78,64,50,23,27,194,95,99
WALKER COUNTY,471,4 Years,813,431,382,363,187,176,177,87,90,51,26,25,222,131,91
WALKER COUNTY,471,5 Years,681,362,319,317,171,146,152,75,77,36,16,20,176,100,76
WALKER COUNTY,471,6 Years,652,337,315,304,160,144,131,64,67,45,26,19,172,87,85
WALKER COUNTY,471,7 Years,662,333,329,297,150,147,151,81,70,48,27,21,166,75,91
WALKER COUNTY,471,8 Years,658,347,311,288,157,131,150,73,77,54,31,23,166,86,80
WALKER COUNTY,471,9 Years,635,323,312,285,146,139,128,55,73,40,23,17,182,99,83
WALKER COUNTY,471,10 Years,594,296,298,259,126,133,126,57,69,33,19,14,176,94,82
WALKER COUNTY,471,11 Years,639,327,312,313,159,154,130,64,66,31,18,13,165,86,79
WALKER COUNTY,471,12 Years,593,306,287,290,143,147,108,57,51,37,20,17,158,86,72
WALKER COUNTY,471,13 Years,619,319,300,303,145,158,130,70,60,31,18,13,155,86,69
WALKER COUNTY,471,14 Years,617,314,303,284,134,150,143,85,58,26,10,16,164,85,79
WALKER COUNTY,471,15 Years,605,302,303,306,153,153,127,64,63,27,12,15,145,73,72
WALKER COUNTY,471,16 Years,618,319,299,315,166,149,139,67,72,27,12,15,137,74,63
WALKER COUNTY,471,17 Years,687,364,323,339,177,162,181,111,70,29,8,21,138,68,70
WALKER COUNTY,471,18 Years,1196,560,636,606,274,332,293,141,152,29,13,16,268,132,136
WALKER COUNTY,471,19 Years,2058,950,1108,1087,506,581,456,198,258,52,20,32,463,226,237
WALKER COUNTY,471,20 Years,2065,1009,1056,1166,564,602,434,212,222,62,31,31,403,202,201
WALKER COUNTY,471,21 Years,2257,1245,1012,1326,718,608,398,205,193,81,51,30,452,271,181
WALKER COUNTY,471,22 Years,2267,1322,945,1374,790,584,415,228,187,82,40,42,396,264,132
WALKER COUNTY,471,23 Years,1908,1100,808,1092,629,463,363,203,160,69,29,40,384,239,145
WALKER COUNTY,471,24 Years,1647,962,685,880,512,368,388,231,157,68,35,33,311,184,127
WALKER COUNTY,471,25 Years,1413,762,651,766,401,365,312,183,129,53,27,26,282,151,131
WALKER COUNTY,471,26 Years,1255,724,531,677,391,286,286,178,108,45,28,17,247,127,120
WALKER COUNTY,471,27 Years,1154,738,416,565,343,222,283,191,92,42,27,15,264,177,87
WALKER COUNTY,471,28 Years,1125,729,396,578,339,239,254,183,71,53,31,22,240,176,64
WALKER COUNTY,471,29 Years,1047,692,355,523,313,210,270,200,70,22,15,7,232,164,68
WALKER COUNTY,471,30 Years,973,640,333,465,272,193,244,181,63,34,19,15,230,168,62
WALKER COUNTY,471,31 Years,931,608,323,458,255,203,233,176,57,27,16,11,213,161,52
WALKER COUNTY,471,32 Years,934,661,273,464,296,168,235,188,47,16,9,7,219,168,51
WALKER COUNTY,471,33 Years,846,568,278,435,260,175,227,176,51,20,11,9,164,121,43
WALKER COUNTY,471,34 Years,868,591,277,415,253,162,216,175,41,18,10,8,219,153,66
WALKER COUNTY,471,35 Years,888,621,267,413,273,140,278,210,68,14,3,11,183,135,48
WALKER COUNTY,471,36 Years,838,578,260,394,242,152,248,196,52,19,9,10,177,131,46
WALKER COUNTY,471,37 Years,870,599,271,424,268,156,241,189,52,17,10,7,188,132,56
WALKER COUNTY,471,38 Years,850,601,249,396,249,147,248,201,47,22,13,9,184,138,46
WALKER COUNTY,471,39 Years,866,597,269,410,258,152,244,188,56,23,10,13,189,141,48
WALKER COUNTY,471,40 Years,877,637,240,443,315,128,241,183,58,21,6,15,172,133,39
WALKER COUNTY,471,41 Years,919,665,254,453,315,138,278,223,55,17,7,10,171,120,51
WALKER COUNTY,471,42 Years,957,680,277,485,318,167,260,212,48,16,10,6,196,140,56
WALKER COUNTY,471,43 Years,1024,724,300,591,400,191,243,190,53,16,9,7,174,125,49
WALKER COUNTY,471,44 Years,1010,723,287,536,364,172,283,226,57,21,12,9,170,121,49
WALKER COUNTY,471,45 Years,933,645,288,532,348,184,224,171,53,16,9,7,161,117,44
WALKER COUNTY,471,46 Years,974,710,264,559,392,167,270,215,55,8,3,5,137,100,37
WALKER COUNTY,471,47 Years,944,676,268,529,358,171,270,216,54,15,8,7,130,94,36
WALKER COUNTY,471,48 Years,979,659,320,528,348,180,258,186,72,15,6,9,178,119,59
WALKER COUNTY,471,49 Years,1014,697,317,577,387,190,285,214,71,15,6,9,137,90,47
WALKER COUNTY,471,50 Years,999,675,324,576,360,216,270,215,55,19,8,11,134,92,42
WALKER COUNTY,471,51 Years,1013,674,339,577,354,223,284,222,62,19,10,9,133,88,45
WALKER COUNTY,471,52 Years,995,663,332,579,361,218,286,218,68,14,10,4,116,74,42
WALKER COUNTY,471,53 Years,1038,679,359,627,389,238,267,196,71,17,11,6,127,83,44
WALKER COUNTY,471,54 Years,1024,647,377,642,389,253,247,177,70,16,7,9,119,74,45
WALKER COUNTY,471,55 Years,917,602,315,570,349,221,238,183,55,13,6,7,96,64,32
WALKER COUNTY,471,56 Years,816,507,309,537,323,214,180,123,57,11,4,7,88,57,31
WALKER COUNTY,471,57 Years,772,472,300,516,311,205,160,102,58,15,4,11,81,55,26
WALKER COUNTY,471,58 Years,757,448,309,502,281,221,159,107,52,17,7,10,79,53,26
WALKER COUNTY,471,59 Years,785,429,356,534,290,244,141,86,55,12,4,8,98,49,49
WALKER COUNTY,471,60 Years,737,395,342,501,256,245,124,70,54,15,7,8,97,62,35
WALKER COUNTY,471,61 Years,731,373,358,518,239,279,129,80,49,16,6,10,68,48,20
WALKER COUNTY,471,62 Years,701,376,325,492,257,235,132,73,59,17,7,10,60,39,21
WALKER COUNTY,471,63 Years,690,368,322,516,268,248,106,60,46,11,4,7,57,36,21
WALKER COUNTY,471,64 Years,725,396,329,522,283,239,107,61,46,13,8,5,83,44,39
WALKER COUNTY,471,65 Years,625,336,289,475,251,224,88,49,39,10,6,4,52,30,22
WALKER COUNTY,471,66 Years,613,341,272,473,249,224,88,56,32,9,4,5,43,32,11
WALKER COUNTY,471,67 Years,581,314,267,454,239,215,79,48,31,8,4,4,40,23,17
WALKER COUNTY,471,68 Years,498,245,253,379,184,195,68,32,36,13,7,6,38,22,16
WALKER COUNTY,471,69 Years,486,261,225,381,205,176,68,40,28,12,5,7,25,11,14
WALKER COUNTY,471,70 Years,439,220,219,361,182,179,53,26,27,7,4,3,18,8,10
WALKER COUNTY,471,71 Years,470,238,232,380,183,197,60,32,28,8,6,2,22,17,5
WALKER COUNTY,471,72 Years,425,211,214,346,170,176,61,30,31,7,4,3,11,7,4
WALKER COUNTY,471,73 Years,396,196,200,325,163,162,47,20,27,6,3,3,18,10,8
WALKER COUNTY,471,74 Years,378,197,181,300,161,139,48,22,26,7,3,4,23,11,12
WALKER COUNTY,471,75 Years,343,184,159,283,159,124,47,20,27,2,1,1,11,4,7
WALKER COUNTY,471,76 Years,305,151,154,254,128,126,38,19,19,1,1,0,12,3,9
WALKER COUNTY,471,77 Years,272,126,146,224,111,113,32,10,22,3,1,2,13,4,9
WALKER COUNTY,471,78 Years,256,135,121,213,117,96,32,13,19,2,2,0,9,3,6
WALKER COUNTY,471,79 Years,259,117,142,207,97,110,40,13,27,3,0,3,9,7,2
WALKER COUNTY,471,80 Years,217,99,118,180,87,93,30,9,21,0,0,0,7,3,4
WALKER COUNTY,471,81 Years,186,84,102,159,73,86,19,6,13,0,0,0,8,5,3
WALKER COUNTY,471,82 Years,177,69,108,149,61,88,17,5,12,1,0,1,10,3,7
WALKER COUNTY,471,83 Years,180,69,111,151,60,91,16,4,12,5,3,2,8,2,6
WALKER COUNTY,471,84 Years,167,68,99,135,53,82,18,8,10,7,4,3,7,3,4
WALKER COUNTY,471,85 Years +,829,300,529,691,250,441,89,31,58,17,6,11,32,13,19
WALLER COUNTY,473,All Ages,46897,23159,23738,19961,9738,10223,10557,4741,5816,943,463,480,15436,8217,7219
WALLER COUNTY,473,< 1 Year,634,332,302,199,98,101,90,49,41,14,8,6,331,177,154
WALLER COUNTY,473,1 Years,635,323,312,190,93,97,93,47,46,16,10,6,336,173,163
WALLER COUNTY,473,2 Years,593,294,299,171,84,87,103,49,54,12,7,5,307,154,153
WALLER COUNTY,473,3 Years,604,303,301,167,86,81,114,54,60,11,6,5,312,157,155
WALLER COUNTY,473,4 Years,665,354,311,189,102,87,128,66,62,14,6,8,334,180,154
WALLER COUNTY,473,5 Years,632,324,308,187,98,89,120,56,64,19,8,11,306,162,144
WALLER COUNTY,473,6 Years,659,337,322,181,93,88,128,54,74,14,8,6,336,182,154
WALLER COUNTY,473,7 Years,663,327,336,212,95,117,97,46,51,14,10,4,340,176,164
WALLER COUNTY,473,8 Years,627,313,314,202,101,101,95,45,50,12,6,6,318,161,157
WALLER COUNTY,473,9 Years,615,307,308,194,94,100,86,36,50,15,9,6,320,168,152
WALLER COUNTY,473,10 Years,604,292,312,188,81,107,87,39,48,16,6,10,313,166,147
WALLER COUNTY,473,11 Years,620,302,318,196,91,105,101,45,56,13,3,10,310,163,147
WALLER COUNTY,473,12 Years,620,322,298,193,100,93,98,45,53,13,5,8,316,172,144
WALLER COUNTY,473,13 Years,667,355,312,234,119,115,109,52,57,16,10,6,308,174,134
WALLER COUNTY,473,14 Years,643,318,325,224,103,121,96,50,46,17,10,7,306,155,151
WALLER COUNTY,473,15 Years,643,317,326,226,111,115,102,45,57,17,10,7,298,151,147
WALLER COUNTY,473,16 Years,658,355,303,227,127,100,89,42,47,30,13,17,312,173,139
WALLER COUNTY,473,17 Years,706,357,349,265,128,137,125,62,63,26,12,14,290,155,135
WALLER COUNTY,473,18 Years,1238,548,690,248,115,133,685,283,402,29,9,20,276,141,135
WALLER COUNTY,473,19 Years,1640,736,904,225,113,112,1096,460,636,27,12,15,292,151,141
WALLER COUNTY,473,20 Years,1386,630,756,201,110,91,871,359,512,17,7,10,297,154,143
WALLER COUNTY,473,21 Years,1173,576,597,190,105,85,669,311,358,24,13,11,290,147,143
WALLER COUNTY,473,22 Years,985,475,510,187,99,88,481,217,264,24,12,12,293,147,146
WALLER COUNTY,473,23 Years,874,437,437,199,100,99,379,183,196,27,16,11,269,138,131
WALLER COUNTY,473,24 Years,778,423,355,206,107,99,296,171,125,22,12,10,254,133,121
WALLER COUNTY,473,25 Years,645,356,289,201,100,101,176,109,67,20,10,10,248,137,111
WALLER COUNTY,473,26 Years,526,272,254,156,69,87,125,65,60,11,6,5,234,132,102
WALLER COUNTY,473,27 Years,500,271,229,149,67,82,115,65,50,13,7,6,223,132,91
WALLER COUNTY,473,28 Years,456,236,220,146,75,71,101,42,59,11,7,4,198,112,86
WALLER COUNTY,473,29 Years,467,248,219,134,71,63,103,54,49,10,5,5,220,118,102
WALLER COUNTY,473,30 Years,492,252,240,158,83,75,84,35,49,9,4,5,241,130,111
WALLER COUNTY,473,31 Years,483,265,218,149,78,71,90,53,37,6,1,5,238,133,105
WALLER COUNTY,473,32 Years,508,263,245,160,74,86,89,46,43,8,6,2,251,137,114
WALLER COUNTY,473,33 Years,504,255,249,179,83,96,79,44,35,6,4,2,240,124,116
WALLER COUNTY,473,34 Years,498,254,244,197,95,102,66,29,37,7,4,3,228,126,102
WALLER COUNTY,473,35 Years,476,234,242,199,89,110,59,24,35,3,2,1,215,119,96
WALLER COUNTY,473,36 Years,489,244,245,199,101,98,61,25,36,2,2,0,227,116,111
WALLER COUNTY,473,37 Years,474,253,221,191,106,85,62,27,35,2,1,1,219,119,100
WALLER COUNTY,473,38 Years,492,256,236,181,99,82,90,31,59,7,2,5,214,124,90
WALLER COUNTY,473,39 Years,529,271,258,222,112,110,71,25,46,8,5,3,228,129,99
WALLER COUNTY,473,40 Years,531,250,281,232,113,119,73,27,46,6,3,3,220,107,113
WALLER COUNTY,473,41 Years,486,222,264,215,99,116,71,26,45,5,2,3,195,95,100
WALLER COUNTY,473,42 Years,519,239,280,247,112,135,57,23,34,6,1,5,209,103,106
WALLER COUNTY,473,43 Years,539,267,272,274,134,140,56,28,28,6,2,4,203,103,100
WALLER COUNTY,473,44 Years,551,282,269,271,131,140,58,27,31,11,5,6,211,119,92
WALLER COUNTY,473,45 Years,581,295,286,296,141,155,70,33,37,13,8,5,202,113,89
WALLER COUNTY,473,46 Years,543,277,266,272,139,133,76,37,39,11,4,7,184,97,87
WALLER COUNTY,473,47 Years,542,245,297,283,119,164,81,36,45,12,5,7,166,85,81
WALLER COUNTY,473,48 Years,563,270,293,297,143,154,87,32,55,10,2,8,169,93,76
WALLER COUNTY,473,49 Years,605,301,304,316,155,161,90,36,54,14,4,10,185,106,79
WALLER COUNTY,473,50 Years,636,313,323,350,167,183,91,37,54,12,5,7,183,104,79
WALLER COUNTY,473,51 Years,634,317,317,356,165,191,90,44,46,11,7,4,177,101,76
WALLER COUNTY,473,52 Years,591,281,310,336,150,186,93,43,50,9,3,6,153,85,68
WALLER COUNTY,473,53 Years,619,301,318,368,179,189,97,43,54,15,6,9,139,73,66
WALLER COUNTY,473,54 Years,627,305,322,382,177,205,103,49,54,12,7,5,130,72,58
WALLER COUNTY,473,55 Years,603,313,290,393,196,197,78,39,39,9,6,3,123,72,51
WALLER COUNTY,473,56 Years,605,317,288,396,201,195,75,33,42,8,5,3,126,78,48
WALLER COUNTY,473,57 Years,558,279,279,357,180,177,81,32,49,7,5,2,113,62,51
WALLER COUNTY,473,58 Years,549,285,264,348,179,169,85,45,40,6,5,1,110,56,54
WALLER COUNTY,473,59 Years,600,303,297,398,198,200,84,41,43,8,5,3,110,59,51
WALLER COUNTY,473,60 Years,568,264,304,380,173,207,82,35,47,13,7,6,93,49,44
WALLER COUNTY,473,61 Years,555,271,284,378,184,194,73,31,42,11,6,5,93,50,43
WALLER COUNTY,473,62 Years,539,262,277,359,174,185,86,37,49,12,6,6,82,45,37
WALLER COUNTY,473,63 Years,485,239,246,334,166,168,74,27,47,9,5,4,68,41,27
WALLER COUNTY,473,64 Years,466,206,260,328,147,181,67,23,44,9,4,5,62,32,30
WALLER COUNTY,473,65 Years,486,228,258,341,165,176,68,25,43,10,3,7,67,35,32
WALLER COUNTY,473,66 Years,472,235,237,342,178,164,57,22,35,9,2,7,64,33,31
WALLER COUNTY,473,67 Years,436,213,223,308,156,152,55,23,32,11,3,8,62,31,31
WALLER COUNTY,473,68 Years,394,188,206,271,134,137,52,21,31,11,3,8,60,30,30
WALLER COUNTY,473,69 Years,384,188,196,280,139,141,53,23,30,4,2,2,47,24,23
WALLER COUNTY,473,70 Years,368,183,185,270,139,131,47,20,27,8,5,3,43,19,24
WALLER COUNTY,473,71 Years,323,167,156,240,126,114,37,14,23,9,5,4,37,22,15
WALLER COUNTY,473,72 Years,299,151,148,228,118,110,37,14,23,7,5,2,27,14,13
WALLER COUNTY,473,73 Years,264,131,133,192,96,96,37,16,21,6,4,2,29,15,14
WALLER COUNTY,473,74 Years,230,110,120,158,76,82,42,20,22,6,3,3,24,11,13
WALLER COUNTY,473,75 Years,208,93,115,145,61,84,35,17,18,4,2,2,24,13,11
WALLER COUNTY,473,76 Years,204,99,105,149,73,76,33,13,20,1,1,0,21,12,9
WALLER COUNTY,473,77 Years,175,85,90,121,62,59,35,12,23,3,2,1,16,9,7
WALLER COUNTY,473,78 Years,169,71,98,117,51,66,32,9,23,3,2,1,17,9,8
WALLER COUNTY,473,79 Years,148,57,91,101,44,57,31,8,23,1,0,1,15,5,10
WALLER COUNTY,473,80 Years,119,49,70,79,37,42,26,7,19,1,0,1,13,5,8
WALLER COUNTY,473,81 Years,129,60,69,85,39,46,30,14,16,2,1,1,12,6,6
WALLER COUNTY,473,82 Years,133,64,69,87,43,44,33,15,18,2,1,1,11,5,6
WALLER COUNTY,473,83 Years,115,47,68,77,33,44,23,7,16,3,2,1,12,5,7
WALLER COUNTY,473,84 Years,107,41,66,69,26,43,24,9,15,2,1,1,12,5,7
WALLER COUNTY,473,85 Years +,538,208,330,413,165,248,83,28,55,13,4,9,29,11,18
WARD COUNTY,475,All Ages,11553,5619,5934,5109,2447,2662,546,276,270,204,97,107,5694,2799,2895
WARD COUNTY,475,< 1 Year,194,101,93,62,35,27,11,5,6,3,1,2,118,60,58
WARD COUNTY,475,1 Years,185,99,86,59,32,27,11,6,5,3,1,2,112,60,52
WARD COUNTY,475,2 Years,178,91,87,63,32,31,14,10,4,2,1,1,99,48,51
WARD COUNTY,475,3 Years,158,71,87,58,29,29,13,6,7,4,1,3,83,35,48
WARD COUNTY,475,4 Years,147,75,72,52,24,28,15,6,9,2,1,1,78,44,34
WARD COUNTY,475,5 Years,172,90,82,49,23,26,11,4,7,4,2,2,108,61,47
WARD COUNTY,475,6 Years,177,91,86,49,27,22,9,5,4,4,2,2,115,57,58
WARD COUNTY,475,7 Years,166,76,90,58,30,28,11,3,8,3,1,2,94,42,52
WARD COUNTY,475,8 Years,175,73,102,67,32,35,7,2,5,4,1,3,97,38,59
WARD COUNTY,475,9 Years,178,77,101,61,29,32,10,3,7,0,0,0,107,45,62
WARD COUNTY,475,10 Years,176,86,90,57,29,28,9,4,5,7,2,5,103,51,52
WARD COUNTY,475,11 Years,175,85,90,54,29,25,5,4,1,5,2,3,111,50,61
WARD COUNTY,475,12 Years,164,78,86,46,22,24,11,6,5,6,3,3,101,47,54
WARD COUNTY,475,13 Years,162,89,73,39,19,20,9,5,4,5,3,2,109,62,47
WARD COUNTY,475,14 Years,164,83,81,56,30,26,10,3,7,5,2,3,93,48,45
WARD COUNTY,475,15 Years,155,70,85,57,25,32,10,3,7,4,2,2,84,40,44
WARD COUNTY,475,16 Years,160,83,77,48,22,26,10,3,7,3,1,2,99,57,42
WARD COUNTY,475,17 Years,175,90,85,64,32,32,10,4,6,4,3,1,97,51,46
WARD COUNTY,475,18 Years,168,85,83,57,25,32,10,5,5,5,5,0,96,50,46
WARD COUNTY,475,19 Years,152,79,73,53,27,26,8,4,4,3,2,1,88,46,42
WARD COUNTY,475,20 Years,156,76,80,53,28,25,8,5,3,3,2,1,92,41,51
WARD COUNTY,475,21 Years,171,89,82,54,30,24,8,5,3,4,1,3,105,53,52
WARD COUNTY,475,22 Years,169,86,83,66,30,36,6,5,1,1,1,0,96,50,46
WARD COUNTY,475,23 Years,123,60,63,49,25,24,5,1,4,1,0,1,68,34,34
WARD COUNTY,475,24 Years,144,80,64,52,36,16,8,3,5,3,1,2,81,40,41
WARD COUNTY,475,25 Years,162,85,77,60,31,29,8,5,3,4,2,2,90,47,43
WARD COUNTY,475,26 Years,134,65,69,53,20,33,5,4,1,5,4,1,71,37,34
WARD COUNTY,475,27 Years,125,64,61,53,24,29,7,5,2,5,2,3,60,33,27
WARD COUNTY,475,28 Years,123,59,64,49,24,25,6,2,4,3,1,2,65,32,33
WARD COUNTY,475,29 Years,128,65,63,53,28,25,11,6,5,6,5,1,58,26,32
WARD COUNTY,475,30 Years,129,67,62,48,21,27,6,5,1,3,2,1,72,39,33
WARD COUNTY,475,31 Years,140,65,75,61,25,36,3,2,1,3,0,3,73,38,35
WARD COUNTY,475,32 Years,144,72,72,61,30,31,3,1,2,2,1,1,78,40,38
WARD COUNTY,475,33 Years,158,78,80,60,30,30,8,2,6,6,4,2,84,42,42
WARD COUNTY,475,34 Years,147,74,73,50,25,25,11,5,6,3,1,2,83,43,40
WARD COUNTY,475,35 Years,127,70,57,50,25,25,5,3,2,3,1,2,69,41,28
WARD COUNTY,475,36 Years,110,56,54,53,23,30,3,2,1,0,0,0,54,31,23
WARD COUNTY,475,37 Years,117,61,56,57,30,27,4,4,0,1,0,1,55,27,28
WARD COUNTY,475,38 Years,133,61,72,56,26,30,3,2,1,1,0,1,73,33,40
WARD COUNTY,475,39 Years,121,56,65,48,17,31,4,2,2,2,0,2,67,37,30
WARD COUNTY,475,40 Years,108,48,60,46,19,27,3,2,1,2,1,1,57,26,31
WARD COUNTY,475,41 Years,128,50,78,49,22,27,4,1,3,3,1,2,72,26,46
WARD COUNTY,475,42 Years,115,52,63,51,24,27,3,1,2,2,1,1,59,26,33
WARD COUNTY,475,43 Years,134,71,63,67,36,31,6,5,1,2,1,1,59,29,30
WARD COUNTY,475,44 Years,124,65,59,57,32,25,5,3,2,2,2,0,60,28,32
WARD COUNTY,475,45 Years,120,56,64,59,25,34,2,1,1,2,2,0,57,28,29
WARD COUNTY,475,46 Years,129,66,63,60,31,29,5,5,0,1,1,0,63,29,34
WARD COUNTY,475,47 Years,128,70,58,65,37,28,7,4,3,2,2,0,54,27,27
WARD COUNTY,475,48 Years,148,78,70,75,37,38,6,3,3,4,4,0,63,34,29
WARD COUNTY,475,49 Years,158,82,76,75,39,36,9,6,3,2,2,0,72,35,37
WARD COUNTY,475,50 Years,150,64,86,67,29,38,8,4,4,3,2,1,72,29,43
WARD COUNTY,475,51 Years,163,79,84,80,38,42,8,4,4,0,0,0,75,37,38
WARD COUNTY,475,52 Years,153,74,79,81,35,46,9,5,4,1,1,0,62,33,29
WARD COUNTY,475,53 Years,166,86,80,85,46,39,6,2,4,5,1,4,70,37,33
WARD COUNTY,475,54 Years,161,78,83,85,44,41,5,2,3,1,0,1,70,32,38
WARD COUNTY,475,55 Years,170,84,86,89,41,48,8,6,2,0,0,0,73,37,36
WARD COUNTY,475,56 Years,159,79,80,77,38,39,10,7,3,3,1,2,69,33,36
WARD COUNTY,475,57 Years,152,78,74,85,42,43,3,2,1,5,2,3,59,32,27
WARD COUNTY,475,58 Years,160,76,84,94,46,48,7,4,3,3,1,2,56,25,31
WARD COUNTY,475,59 Years,169,83,86,99,48,51,7,4,3,2,0,2,61,31,30
WARD COUNTY,475,60 Years,136,71,65,87,45,42,8,3,5,1,1,0,40,22,18
WARD COUNTY,475,61 Years,132,58,74,78,37,41,6,2,4,2,1,1,46,18,28
WARD COUNTY,475,62 Years,128,67,61,68,36,32,9,5,4,1,0,1,50,26,24
WARD COUNTY,475,63 Years,131,56,75,64,25,39,5,2,3,2,1,1,60,28,32
WARD COUNTY,475,64 Years,134,61,73,75,36,39,4,1,3,2,0,2,53,24,29
WARD COUNTY,475,65 Years,130,67,63,69,38,31,2,1,1,1,0,1,58,28,30
WARD COUNTY,475,66 Years,133,60,73,75,36,39,5,3,2,1,0,1,52,21,31
WARD COUNTY,475,67 Years,121,59,62,70,38,32,6,2,4,0,0,0,45,19,26
WARD COUNTY,475,68 Years,94,44,50,52,28,24,3,1,2,1,0,1,38,15,23
WARD COUNTY,475,69 Years,97,48,49,55,30,25,3,0,3,4,1,3,35,17,18
WARD COUNTY,475,70 Years,104,49,55,54,26,28,3,2,1,3,1,2,44,20,24
WARD COUNTY,475,71 Years,91,43,48,52,24,28,5,3,2,0,0,0,34,16,18
WARD COUNTY,475,72 Years,85,39,46,47,20,27,5,2,3,1,1,0,32,16,16
WARD COUNTY,475,73 Years,75,34,41,40,15,25,3,2,1,2,1,1,30,16,14
WARD COUNTY,475,74 Years,72,33,39,40,15,25,1,1,0,1,0,1,30,17,13
WARD COUNTY,475,75 Years,72,30,42,44,14,30,2,1,1,1,1,0,25,14,11
WARD COUNTY,475,76 Years,65,31,34,38,14,24,3,2,1,0,0,0,24,15,9
WARD COUNTY,475,77 Years,65,23,42,38,13,25,2,0,2,0,0,0,25,10,15
WARD COUNTY,475,78 Years,72,31,41,48,20,28,2,1,1,0,0,0,22,10,12
WARD COUNTY,475,79 Years,68,33,35,43,21,22,1,1,0,0,0,0,24,11,13
WARD COUNTY,475,80 Years,61,27,34,36,16,20,2,1,1,0,0,0,23,10,13
WARD COUNTY,475,81 Years,56,23,33,32,13,19,3,2,1,0,0,0,21,8,13
WARD COUNTY,475,82 Years,59,23,36,37,13,24,3,2,1,0,0,0,19,8,11
WARD COUNTY,475,83 Years,54,25,29,36,17,19,2,1,1,0,0,0,16,7,9
WARD COUNTY,475,84 Years,50,20,30,33,13,20,1,1,0,1,0,1,15,6,9
WARD COUNTY,475,85 Years +,231,84,147,157,54,103,10,3,7,0,0,0,64,27,37
WASHINGTON COUNTY,477,All Ages,34760,17256,17504,22304,10926,11378,6053,2985,3068,889,416,473,5514,2929,2585
WASHINGTON COUNTY,477,< 1 Year,416,208,208,213,109,104,69,36,33,15,6,9,119,57,62
WASHINGTON COUNTY,477,1 Years,414,208,206,217,111,106,69,38,31,12,7,5,116,52,64
WASHINGTON COUNTY,477,2 Years,417,213,204,209,109,100,70,34,36,14,9,5,124,61,63
WASHINGTON COUNTY,477,3 Years,431,218,213,218,116,102,74,35,39,11,6,5,128,61,67
WASHINGTON COUNTY,477,4 Years,407,209,198,202,103,99,75,47,28,13,4,9,117,55,62
WASHINGTON COUNTY,477,5 Years,418,215,203,197,101,96,88,51,37,19,7,12,114,56,58
WASHINGTON COUNTY,477,6 Years,417,205,212,195,91,104,90,48,42,19,9,10,113,57,56
WASHINGTON COUNTY,477,7 Years,389,198,191,181,92,89,78,38,40,18,8,10,112,60,52
WASHINGTON COUNTY,477,8 Years,395,202,193,191,101,90,83,40,43,14,7,7,107,54,53
WASHINGTON COUNTY,477,9 Years,413,229,184,204,117,87,86,47,39,13,4,9,110,61,49
WASHINGTON COUNTY,477,10 Years,411,230,181,202,107,95,76,49,27,14,3,11,119,71,48
WASHINGTON COUNTY,477,11 Years,429,255,174,204,117,87,88,54,34,17,9,8,120,75,45
WASHINGTON COUNTY,477,12 Years,410,242,168,197,115,82,82,49,33,12,5,7,119,73,46
WASHINGTON COUNTY,477,13 Years,434,235,199,208,110,98,78,49,29,12,5,7,136,71,65
WASHINGTON COUNTY,477,14 Years,436,241,195,219,123,96,79,45,34,17,11,6,121,62,59
WASHINGTON COUNTY,477,15 Years,423,214,209,227,118,109,70,36,34,16,8,8,110,52,58
WASHINGTON COUNTY,477,16 Years,430,224,206,244,121,123,73,44,29,18,8,10,95,51,44
WASHINGTON COUNTY,477,17 Years,419,213,206,233,113,120,77,42,35,18,10,8,91,48,43
WASHINGTON COUNTY,477,18 Years,408,197,211,222,111,111,82,39,43,14,6,8,90,41,49
WASHINGTON COUNTY,477,19 Years,398,192,206,214,108,106,81,39,42,11,6,5,92,39,53
WASHINGTON COUNTY,477,20 Years,420,215,205,213,109,104,103,57,46,10,5,5,94,44,50
WASHINGTON COUNTY,477,21 Years,447,233,214,211,105,106,129,68,61,13,8,5,94,52,42
WASHINGTON COUNTY,477,22 Years,604,302,302,279,129,150,194,102,92,20,10,10,111,61,50
WASHINGTON COUNTY,477,23 Years,851,424,427,431,208,223,252,130,122,26,12,14,142,74,68
WASHINGTON COUNTY,477,24 Years,704,378,326,354,181,173,202,115,87,19,8,11,129,74,55
WASHINGTON COUNTY,477,25 Years,466,266,200,244,136,108,116,66,50,12,7,5,94,57,37
WASHINGTON COUNTY,477,26 Years,412,225,187,200,107,93,110,59,51,14,5,9,88,54,34
WASHINGTON COUNTY,477,27 Years,377,199,178,189,98,91,81,38,43,10,2,8,97,61,36
WASHINGTON COUNTY,477,28 Years,356,194,162,181,95,86,75,38,37,6,3,3,94,58,36
WASHINGTON COUNTY,477,29 Years,345,190,155,173,96,77,68,31,37,10,6,4,94,57,37
WASHINGTON COUNTY,477,30 Years,329,164,165,180,92,88,64,27,37,13,6,7,72,39,33
WASHINGTON COUNTY,477,31 Years,334,161,173,184,93,91,58,25,33,15,8,7,77,35,42
WASHINGTON COUNTY,477,32 Years,336,155,181,178,86,92,59,21,38,7,3,4,92,45,47
WASHINGTON COUNTY,477,33 Years,331,153,178,175,86,89,58,17,41,11,5,6,87,45,42
WASHINGTON COUNTY,477,34 Years,337,185,152,187,107,80,58,30,28,8,2,6,84,46,38
WASHINGTON COUNTY,477,35 Years,341,170,171,191,97,94,52,23,29,13,9,4,85,41,44
WASHINGTON COUNTY,477,36 Years,359,177,182,202,98,104,54,25,29,11,4,7,92,50,42
WASHINGTON COUNTY,477,37 Years,337,159,178,190,92,98,60,24,36,5,2,3,82,41,41
WASHINGTON COUNTY,477,38 Years,328,157,171,185,89,96,53,24,29,7,2,5,83,42,41
WASHINGTON COUNTY,477,39 Years,324,154,170,187,86,101,47,20,27,10,6,4,80,42,38
WASHINGTON COUNTY,477,40 Years,325,165,160,183,88,95,58,28,30,11,6,5,73,43,30
WASHINGTON COUNTY,477,41 Years,350,176,174,207,104,103,63,25,38,8,4,4,72,43,29
WASHINGTON COUNTY,477,42 Years,371,189,182,224,112,112,64,30,34,9,4,5,74,43,31
WASHINGTON COUNTY,477,43 Years,378,192,186,239,116,123,57,29,28,10,6,4,72,41,31
WASHINGTON COUNTY,477,44 Years,415,197,218,257,120,137,73,29,44,14,9,5,71,39,32
WASHINGTON COUNTY,477,45 Years,402,195,207,265,125,140,63,30,33,11,6,5,63,34,29
WASHINGTON COUNTY,477,46 Years,372,180,192,237,117,120,62,24,38,13,6,7,60,33,27
WASHINGTON COUNTY,477,47 Years,373,193,180,256,135,121,53,23,30,10,4,6,54,31,23
WASHINGTON COUNTY,477,48 Years,411,211,200,289,145,144,66,36,30,13,7,6,43,23,20
WASHINGTON COUNTY,477,49 Years,436,215,221,307,144,163,73,39,34,9,5,4,47,27,20
WASHINGTON COUNTY,477,50 Years,483,244,239,337,170,167,87,44,43,9,5,4,50,25,25
WASHINGTON COUNTY,477,51 Years,487,257,230,346,182,164,80,40,40,12,6,6,49,29,20
WASHINGTON COUNTY,477,52 Years,466,241,225,331,171,160,80,40,40,9,4,5,46,26,20
WASHINGTON COUNTY,477,53 Years,502,247,255,356,175,181,92,45,47,12,4,8,42,23,19
WASHINGTON COUNTY,477,54 Years,510,254,256,357,171,186,101,56,45,8,3,5,44,24,20
WASHINGTON COUNTY,477,55 Years,488,244,244,351,172,179,98,47,51,7,4,3,32,21,11
WASHINGTON COUNTY,477,56 Years,497,244,253,375,186,189,76,34,42,12,5,7,34,19,15
WASHINGTON COUNTY,477,57 Years,514,255,259,364,176,188,96,49,47,13,8,5,41,22,19
WASHINGTON COUNTY,477,58 Years,490,250,240,349,176,173,91,49,42,9,3,6,41,22,19
WASHINGTON COUNTY,477,59 Years,526,251,275,394,189,205,84,40,44,14,8,6,34,14,20
WASHINGTON COUNTY,477,60 Years,509,248,261,395,191,204,67,35,32,13,5,8,34,17,17
WASHINGTON COUNTY,477,61 Years,488,237,251,386,189,197,60,29,31,7,3,4,35,16,19
WASHINGTON COUNTY,477,62 Years,492,239,253,393,197,196,65,28,37,6,2,4,28,12,16
WASHINGTON COUNTY,477,63 Years,467,221,246,374,179,195,62,26,36,9,4,5,22,12,10
WASHINGTON COUNTY,477,64 Years,459,220,239,360,175,185,68,28,40,13,4,9,18,13,5
WASHINGTON COUNTY,477,65 Years,429,210,219,339,168,171,55,26,29,11,4,7,24,12,12
WASHINGTON COUNTY,477,66 Years,447,215,232,365,181,184,59,23,36,9,3,6,14,8,6
WASHINGTON COUNTY,477,67 Years,458,220,238,376,187,189,52,20,32,7,2,5,23,11,12
WASHINGTON COUNTY,477,68 Years,389,191,198,318,156,162,49,24,25,5,3,2,17,8,9
WASHINGTON COUNTY,477,69 Years,364,184,180,294,150,144,51,21,30,4,3,1,15,10,5
WASHINGTON COUNTY,477,70 Years,383,191,192,315,159,156,47,22,25,3,1,2,18,9,9
WASHINGTON COUNTY,477,71 Years,359,190,169,309,162,147,36,19,17,4,3,1,10,6,4
WASHINGTON COUNTY,477,72 Years,329,151,178,280,130,150,37,15,22,7,3,4,5,3,2
WASHINGTON COUNTY,477,73 Years,314,144,170,270,126,144,33,14,19,4,1,3,7,3,4
WASHINGTON COUNTY,477,74 Years,276,123,153,226,103,123,39,14,25,4,2,2,7,4,3
WASHINGTON COUNTY,477,75 Years,280,125,155,234,106,128,35,12,23,4,2,2,7,5,2
WASHINGTON COUNTY,477,76 Years,258,119,139,217,97,120,30,15,15,3,2,1,8,5,3
WASHINGTON COUNTY,477,77 Years,233,106,127,201,93,108,24,10,14,3,1,2,5,2,3
WASHINGTON COUNTY,477,78 Years,221,93,128,190,83,107,24,7,17,1,1,0,6,2,4
WASHINGTON COUNTY,477,79 Years,213,91,122,187,81,106,21,7,14,1,1,0,4,2,2
WASHINGTON COUNTY,477,80 Years,191,85,106,168,76,92,17,6,11,3,3,0,3,0,3
WASHINGTON COUNTY,477,81 Years,188,82,106,167,72,95,15,7,8,2,1,1,4,2,2
WASHINGTON COUNTY,477,82 Years,170,67,103,151,61,90,13,5,8,1,0,1,5,1,4
WASHINGTON COUNTY,477,83 Years,178,74,104,155,65,90,14,5,9,2,1,1,7,3,4
WASHINGTON COUNTY,477,84 Years,178,72,106,153,64,89,18,5,13,3,1,2,4,2,2
WASHINGTON COUNTY,477,85 Years +,1038,349,689,926,318,608,84,25,59,10,2,8,18,4,14
WEBB COUNTY,479,All Ages,269931,132046,137885,8418,4645,3773,530,348,182,2073,1048,1025,258910,126005,132905
WEBB COUNTY,479,< 1 Year,5294,2745,2549,123,68,55,17,10,7,19,11,8,5135,2656,2479
WEBB COUNTY,479,1 Years,5315,2755,2560,128,61,67,16,8,8,22,14,8,5149,2672,2477
WEBB COUNTY,479,2 Years,5292,2741,2551,129,62,67,12,4,8,25,15,10,5126,2660,2466
WEBB COUNTY,479,3 Years,5264,2684,2580,109,46,63,8,1,7,24,9,15,5123,2628,2495
WEBB COUNTY,479,4 Years,4668,2313,2355,140,73,67,4,3,1,29,12,17,4495,2225,2270
WEBB COUNTY,479,5 Years,4661,2350,2311,143,74,69,5,4,1,34,16,18,4479,2256,2223
WEBB COUNTY,479,6 Years,4777,2422,2355,136,69,67,8,4,4,33,18,15,4600,2331,2269
WEBB COUNTY,479,7 Years,4791,2428,2363,130,61,69,13,9,4,24,13,11,4624,2345,2279
WEBB COUNTY,479,8 Years,4706,2375,2331,129,71,58,7,5,2,30,18,12,4540,2281,2259
WEBB COUNTY,479,9 Years,4872,2531,2341,131,72,59,10,5,5,28,16,12,4703,2438,2265
WEBB COUNTY,479,10 Years,4971,2631,2340,119,69,50,8,7,1,27,12,15,4817,2543,2274
WEBB COUNTY,479,11 Years,5022,2619,2403,113,61,52,8,6,2,29,16,13,4872,2536,2336
WEBB COUNTY,479,12 Years,5251,2723,2528,114,57,57,5,2,3,29,14,15,5103,2650,2453
WEBB COUNTY,479,13 Years,5324,2742,2582,96,49,47,10,5,5,32,16,16,5186,2672,2514
WEBB COUNTY,479,14 Years,5192,2686,2506,104,61,43,9,6,3,31,18,13,5048,2601,2447
WEBB COUNTY,479,15 Years,5053,2588,2465,105,58,47,7,5,2,33,20,13,4908,2505,2403
WEBB COUNTY,479,16 Years,4937,2559,2378,107,54,53,4,2,2,24,13,11,4802,2490,2312
WEBB COUNTY,479,17 Years,4928,2551,2377,102,55,47,5,1,4,20,11,9,4801,2484,2317
WEBB COUNTY,479,18 Years,4891,2512,2379,101,50,51,11,8,3,15,8,7,4764,2446,2318
WEBB COUNTY,479,19 Years,4888,2505,2383,94,39,55,6,3,3,26,11,15,4762,2452,2310
WEBB COUNTY,479,20 Years,4799,2474,2325,89,41,48,5,3,2,30,17,13,4675,2413,2262
WEBB COUNTY,479,21 Years,4758,2407,2351,92,50,42,8,4,4,29,18,11,4629,2335,2294
WEBB COUNTY,479,22 Years,4719,2371,2348,90,42,48,15,10,5,28,17,11,4586,2302,2284
WEBB COUNTY,479,23 Years,4432,2292,2140,108,63,45,5,4,1,25,16,9,4294,2209,2085
WEBB COUNTY,479,24 Years,4179,2105,2074,123,65,58,5,3,2,29,23,6,4022,2014,2008
WEBB COUNTY,479,25 Years,3831,1932,1899,135,79,56,7,6,1,29,19,10,3660,1828,1832
WEBB COUNTY,479,26 Years,3676,1841,1835,115,62,53,7,4,3,35,17,18,3519,1758,1761
WEBB COUNTY,479,27 Years,3620,1801,1819,112,70,42,6,5,1,32,17,15,3470,1709,1761
WEBB COUNTY,479,28 Years,3604,1784,1820,123,69,54,4,4,0,34,16,18,3443,1695,1748
WEBB COUNTY,479,29 Years,3621,1756,1865,137,81,56,8,5,3,47,22,25,3429,1648,1781
WEBB COUNTY,479,30 Years,3573,1720,1853,133,78,55,7,3,4,47,18,29,3386,1621,1765
WEBB COUNTY,479,31 Years,3530,1732,1798,142,86,56,9,4,5,42,16,26,3337,1626,1711
WEBB COUNTY,479,32 Years,3619,1788,1831,137,88,49,8,6,2,37,19,18,3437,1675,1762
WEBB COUNTY,479,33 Years,3683,1770,1913,127,74,53,11,7,4,36,19,17,3509,1670,1839
WEBB COUNTY,479,34 Years,3737,1793,1944,127,73,54,8,7,1,36,19,17,3566,1694,1872
WEBB COUNTY,479,35 Years,3509,1719,1790,118,76,42,7,5,2,36,18,18,3348,1620,1728
WEBB COUNTY,479,36 Years,3415,1652,1763,102,63,39,10,7,3,31,15,16,3272,1567,1705
WEBB COUNTY,479,37 Years,3484,1718,1766,104,66,38,8,5,3,32,15,17,3340,1632,1708
WEBB COUNTY,479,38 Years,3698,1798,1900,103,65,38,14,12,2,44,20,24,3537,1701,1836
WEBB COUNTY,479,39 Years,3705,1745,1960,109,63,46,10,8,2,41,13,28,3545,1661,1884
WEBB COUNTY,479,40 Years,3653,1718,1935,98,54,44,9,6,3,40,16,24,3506,1642,1864
WEBB COUNTY,479,41 Years,3628,1780,1848,112,62,50,7,6,1,26,12,14,3483,1700,1783
WEBB COUNTY,479,42 Years,3652,1749,1903,120,67,53,17,13,4,32,15,17,3483,1654,1829
WEBB COUNTY,479,43 Years,3612,1689,1923,120,81,39,11,9,2,46,19,27,3435,1580,1855
WEBB COUNTY,479,44 Years,3564,1673,1891,123,76,47,8,5,3,48,24,24,3385,1568,1817
WEBB COUNTY,479,45 Years,3399,1632,1767,109,63,46,9,6,3,44,25,19,3237,1538,1699
WEBB COUNTY,479,46 Years,3252,1508,1744,103,56,47,9,5,4,42,25,17,3098,1422,1676
WEBB COUNTY,479,47 Years,3119,1454,1665,123,71,52,5,3,2,31,12,19,2960,1368,1592
WEBB COUNTY,479,48 Years,3037,1428,1609,104,59,45,6,5,1,32,14,18,2895,1350,1545
WEBB COUNTY,479,49 Years,3027,1405,1622,116,67,49,4,3,1,36,17,19,2871,1318,1553
WEBB COUNTY,479,50 Years,2880,1345,1535,110,69,41,5,5,0,32,20,12,2733,1251,1482
WEBB COUNTY,479,51 Years,2864,1382,1482,103,60,43,7,6,1,33,16,17,2721,1300,1421
WEBB COUNTY,479,52 Years,2783,1379,1404,114,64,50,8,6,2,25,11,14,2636,1298,1338
WEBB COUNTY,479,53 Years,2794,1294,1500,133,72,61,8,6,2,22,11,11,2631,1205,1426
WEBB COUNTY,479,54 Years,2770,1343,1427,115,57,58,6,4,2,20,14,6,2629,1268,1361
WEBB COUNTY,479,55 Years,2571,1224,1347,106,57,49,8,6,2,16,6,10,2441,1155,1286
WEBB COUNTY,479,56 Years,2520,1144,1376,110,67,43,9,7,2,20,8,12,2381,1062,1319
WEBB COUNTY,479,57 Years,2499,1125,1374,98,51,47,6,5,1,28,14,14,2367,1055,1312
WEBB COUNTY,479,58 Years,2389,1127,1262,98,54,44,8,4,4,29,15,14,2254,1054,1200
WEBB COUNTY,479,59 Years,2290,1065,1225,97,49,48,6,5,1,24,12,12,2163,999,1164
WEBB COUNTY,479,60 Years,2124,974,1150,86,50,36,5,5,0,19,8,11,2014,911,1103
WEBB COUNTY,479,61 Years,1935,900,1035,94,62,32,3,2,1,16,7,9,1822,829,993
WEBB COUNTY,479,62 Years,1853,822,1031,75,41,34,2,0,2,16,7,9,1760,774,986
WEBB COUNTY,479,63 Years,1804,812,992,88,37,51,2,0,2,14,5,9,1700,770,930
WEBB COUNTY,479,64 Years,1775,794,981,89,42,47,2,0,2,12,5,7,1672,747,925
WEBB COUNTY,479,65 Years,1707,788,919,93,57,36,4,2,2,15,6,9,1595,723,872
WEBB COUNTY,479,66 Years,1739,818,921,92,50,42,4,2,2,20,13,7,1623,753,870
WEBB COUNTY,479,67 Years,1593,720,873,80,40,40,3,2,1,16,9,7,1494,669,825
WEBB COUNTY,479,68 Years,1412,628,784,64,33,31,1,1,0,10,5,5,1337,589,748
WEBB COUNTY,479,69 Years,1374,604,770,67,34,33,1,1,0,13,8,5,1293,561,732
WEBB COUNTY,479,70 Years,1234,529,705,51,29,22,1,1,0,5,3,2,1177,496,681
WEBB COUNTY,479,71 Years,1158,502,656,56,34,22,2,1,1,4,1,3,1096,466,630
WEBB COUNTY,479,72 Years,1127,480,647,55,34,21,1,1,0,6,2,4,1065,443,622
WEBB COUNTY,479,73 Years,1045,467,578,44,25,19,0,0,0,7,5,2,994,437,557
WEBB COUNTY,479,74 Years,979,424,555,47,26,21,1,1,0,4,4,0,927,393,534
WEBB COUNTY,479,75 Years,916,392,524,45,22,23,0,0,0,6,6,0,865,364,501
WEBB COUNTY,479,76 Years,845,355,490,37,22,15,1,1,0,3,3,0,804,329,475
WEBB COUNTY,479,77 Years,762,298,464,33,24,9,1,0,1,4,2,2,724,272,452
WEBB COUNTY,479,78 Years,770,310,460,31,19,12,1,0,1,3,2,1,735,289,446
WEBB COUNTY,479,79 Years,700,283,417,30,19,11,0,0,0,3,0,3,667,264,403
WEBB COUNTY,479,80 Years,605,247,358,23,11,12,0,0,0,2,1,1,580,235,345
WEBB COUNTY,479,81 Years,546,213,333,27,10,17,2,2,0,1,1,0,516,200,316
WEBB COUNTY,479,82 Years,581,224,357,27,14,13,1,1,0,0,0,0,553,209,344
WEBB COUNTY,479,83 Years,522,209,313,21,10,11,0,0,0,1,0,1,500,199,301
WEBB COUNTY,479,84 Years,505,197,308,29,12,17,1,0,1,2,1,1,473,184,289
WEBB COUNTY,479,85 Years +,2728,934,1794,143,68,75,0,0,0,11,3,8,2574,863,1711
WHARTON COUNTY,481,All Ages,41306,20380,20926,18879,9151,9728,5605,2698,2907,554,282,272,16268,8249,8019
WHARTON COUNTY,481,< 1 Year,581,292,289,187,96,91,74,40,34,14,8,6,306,148,158
WHARTON COUNTY,481,1 Years,562,285,277,185,91,94,68,38,30,15,9,6,294,147,147
WHARTON COUNTY,481,2 Years,562,290,272,188,90,98,70,43,27,13,7,6,291,150,141
WHARTON COUNTY,481,3 Years,573,293,280,189,91,98,70,43,27,16,8,8,298,151,147
WHARTON COUNTY,481,4 Years,590,307,283,197,107,90,68,33,35,16,10,6,309,157,152
WHARTON COUNTY,481,5 Years,565,288,277,185,99,86,76,41,35,10,4,6,294,144,150
WHARTON COUNTY,481,6 Years,597,303,294,198,107,91,91,43,48,10,4,6,298,149,149
WHARTON COUNTY,481,7 Years,605,299,306,190,86,104,86,46,40,14,7,7,315,160,155
WHARTON COUNTY,481,8 Years,590,301,289,182,85,97,65,37,28,13,6,7,330,173,157
WHARTON COUNTY,481,9 Years,604,313,291,184,85,99,76,39,37,17,11,6,327,178,149
WHARTON COUNTY,481,10 Years,644,324,320,224,111,113,71,34,37,15,10,5,334,169,165
WHARTON COUNTY,481,11 Years,621,302,319,212,103,109,81,36,45,10,6,4,318,157,161
WHARTON COUNTY,481,12 Years,629,330,299,212,107,105,82,43,39,7,3,4,328,177,151
WHARTON COUNTY,481,13 Years,603,312,291,216,109,107,82,51,31,5,3,2,300,149,151
WHARTON COUNTY,481,14 Years,637,310,327,232,112,120,95,47,48,5,3,2,305,148,157
WHARTON COUNTY,481,15 Years,585,284,301,207,96,111,73,36,37,7,4,3,298,148,150
WHARTON COUNTY,481,16 Years,592,304,288,201,104,97,84,48,36,9,3,6,298,149,149
WHARTON COUNTY,481,17 Years,593,276,317,197,91,106,85,38,47,8,1,7,303,146,157
WHARTON COUNTY,481,18 Years,549,275,274,200,96,104,79,35,44,7,2,5,263,142,121
WHARTON COUNTY,481,19 Years,504,272,232,195,105,90,74,39,35,6,2,4,229,126,103
WHARTON COUNTY,481,20 Years,576,313,263,198,112,86,81,42,39,7,4,3,290,155,135
WHARTON COUNTY,481,21 Years,592,311,281,194,100,94,81,36,45,8,5,3,309,170,139
WHARTON COUNTY,481,22 Years,527,285,242,169,87,82,85,44,41,8,7,1,265,147,118
WHARTON COUNTY,481,23 Years,552,292,260,188,106,82,96,42,54,11,8,3,257,136,121
WHARTON COUNTY,481,24 Years,574,293,281,190,95,95,94,44,50,9,4,5,281,150,131
WHARTON COUNTY,481,25 Years,507,256,251,197,96,101,69,31,38,7,3,4,234,126,108
WHARTON COUNTY,481,26 Years,453,241,212,171,93,78,62,28,34,6,4,2,214,116,98
WHARTON COUNTY,481,27 Years,465,249,216,172,89,83,60,33,27,4,3,1,229,124,105
WHARTON COUNTY,481,28 Years,482,249,233,167,85,82,68,38,30,5,2,3,242,124,118
WHARTON COUNTY,481,29 Years,464,234,230,163,84,79,58,22,36,7,4,3,236,124,112
WHARTON COUNTY,481,30 Years,488,262,226,188,96,92,75,37,38,6,3,3,219,126,93
WHARTON COUNTY,481,31 Years,483,237,246,182,85,97,77,40,37,6,3,3,218,109,109
WHARTON COUNTY,481,32 Years,493,225,268,196,86,110,63,29,34,8,3,5,226,107,119
WHARTON COUNTY,481,33 Years,481,243,238,198,101,97,59,27,32,6,2,4,218,113,105
WHARTON COUNTY,481,34 Years,466,236,230,190,103,87,61,26,35,4,2,2,211,105,106
WHARTON COUNTY,481,35 Years,495,238,257,207,102,105,79,35,44,3,1,2,206,100,106
WHARTON COUNTY,481,36 Years,470,238,232,185,93,92,67,36,31,3,2,1,215,107,108
WHARTON COUNTY,481,37 Years,464,228,236,187,92,95,69,35,34,7,4,3,201,97,104
WHARTON COUNTY,481,38 Years,463,230,233,172,83,89,62,28,34,5,2,3,224,117,107
WHARTON COUNTY,481,39 Years,432,207,225,183,91,92,57,25,32,3,1,2,189,90,99
WHARTON COUNTY,481,40 Years,439,226,213,190,106,84,51,28,23,6,4,2,192,88,104
WHARTON COUNTY,481,41 Years,418,215,203,171,89,82,51,31,20,7,5,2,189,90,99
WHARTON COUNTY,481,42 Years,463,226,237,198,96,102,49,29,20,6,3,3,210,98,112
WHARTON COUNTY,481,43 Years,483,244,239,209,107,102,64,32,32,7,5,2,203,100,103
WHARTON COUNTY,481,44 Years,493,245,248,232,109,123,62,31,31,4,3,1,195,102,93
WHARTON COUNTY,481,45 Years,439,213,226,202,92,110,50,27,23,3,1,2,184,93,91
WHARTON COUNTY,481,46 Years,470,227,243,204,97,107,53,27,26,4,3,1,209,100,109
WHARTON COUNTY,481,47 Years,505,257,248,236,121,115,62,30,32,5,2,3,202,104,98
WHARTON COUNTY,481,48 Years,513,271,242,245,126,119,70,34,36,3,2,1,195,109,86
WHARTON COUNTY,481,49 Years,540,257,283,263,127,136,79,30,49,6,2,4,192,98,94
WHARTON COUNTY,481,50 Years,558,277,281,286,141,145,67,28,39,6,1,5,199,107,92
WHARTON COUNTY,481,51 Years,568,269,299,292,131,161,78,38,40,8,3,5,190,97,93
WHARTON COUNTY,481,52 Years,545,268,277,287,132,155,81,41,40,6,4,2,171,91,80
WHARTON COUNTY,481,53 Years,578,297,281,310,152,158,88,41,47,8,5,3,172,99,73
WHARTON COUNTY,481,54 Years,572,281,291,321,158,163,85,39,46,6,4,2,160,80,80
WHARTON COUNTY,481,55 Years,589,295,294,328,163,165,99,49,50,6,3,3,156,80,76
WHARTON COUNTY,481,56 Years,589,296,293,332,163,169,91,47,44,4,2,2,162,84,78
WHARTON COUNTY,481,57 Years,606,282,324,343,166,177,85,38,47,4,1,3,174,77,97
WHARTON COUNTY,481,58 Years,619,306,313,358,176,182,83,41,42,8,3,5,170,86,84
WHARTON COUNTY,481,59 Years,587,282,305,321,143,178,91,47,44,5,2,3,170,90,80
WHARTON COUNTY,481,60 Years,555,278,277,327,166,161,88,40,48,5,3,2,135,69,66
WHARTON COUNTY,481,61 Years,534,279,255,323,168,155,72,36,36,7,4,3,132,71,61
WHARTON COUNTY,481,62 Years,506,264,242,319,170,149,58,29,29,5,1,4,124,64,60
WHARTON COUNTY,481,63 Years,536,274,262,326,166,160,69,33,36,6,3,3,135,72,63
WHARTON COUNTY,481,64 Years,500,247,253,300,150,150,68,31,37,8,4,4,124,62,62
WHARTON COUNTY,481,65 Years,463,228,235,295,150,145,61,21,40,6,3,3,101,54,47
WHARTON COUNTY,481,66 Years,436,212,224,267,132,135,62,26,36,7,3,4,100,51,49
WHARTON COUNTY,481,67 Years,403,195,208,268,127,141,51,22,29,7,3,4,77,43,34
WHARTON COUNTY,481,68 Years,348,161,187,228,107,121,41,18,23,6,3,3,73,33,40
WHARTON COUNTY,481,69 Years,343,159,184,219,101,118,47,25,22,3,1,2,74,32,42
WHARTON COUNTY,481,70 Years,329,161,168,221,114,107,44,18,26,5,2,3,59,27,32
WHARTON COUNTY,481,71 Years,322,158,164,215,114,101,43,18,25,7,1,6,57,25,32
WHARTON COUNTY,481,72 Years,311,141,170,205,98,107,46,16,30,6,3,3,54,24,30
WHARTON COUNTY,481,73 Years,294,132,162,184,86,98,47,18,29,2,1,1,61,27,34
WHARTON COUNTY,481,74 Years,250,113,137,163,73,90,34,17,17,1,1,0,52,22,30
WHARTON COUNTY,481,75 Years,251,108,143,161,69,92,35,15,20,4,3,1,51,21,30
WHARTON COUNTY,481,76 Years,261,117,144,172,79,93,41,21,20,2,1,1,46,16,30
WHARTON COUNTY,481,77 Years,235,102,133,161,74,87,33,13,20,2,1,1,39,14,25
WHARTON COUNTY,481,78 Years,215,83,132,147,60,87,27,9,18,0,0,0,41,14,27
WHARTON COUNTY,481,79 Years,197,83,114,137,61,76,26,9,17,1,1,0,33,12,21
WHARTON COUNTY,481,80 Years,192,77,115,131,56,75,27,8,19,1,0,1,33,13,20
WHARTON COUNTY,481,81 Years,175,77,98,124,55,69,26,11,15,0,0,0,25,11,14
WHARTON COUNTY,481,82 Years,158,64,94,115,48,67,20,8,12,1,0,1,22,8,14
WHARTON COUNTY,481,83 Years,166,55,111,119,37,82,16,6,10,1,0,1,30,12,18
WHARTON COUNTY,481,84 Years,163,54,109,111,36,75,22,7,15,1,0,1,29,11,18
WHARTON COUNTY,481,85 Years +,876,297,579,635,209,426,89,27,62,8,4,4,144,57,87
WHEELER COUNTY,483,All Ages,5828,2903,2925,3884,1914,1970,127,66,61,127,49,78,1690,874,816
WHEELER COUNTY,483,< 1 Year,82,41,41,34,17,17,2,1,1,6,2,4,40,21,19
WHEELER COUNTY,483,1 Years,79,40,39,30,15,15,2,1,1,5,2,3,42,22,20
WHEELER COUNTY,483,2 Years,67,34,33,28,15,13,1,1,0,3,1,2,35,17,18
WHEELER COUNTY,483,3 Years,72,39,33,30,17,13,2,2,0,0,0,0,40,20,20
WHEELER COUNTY,483,4 Years,82,48,34,36,18,18,0,0,0,3,1,2,43,29,14
WHEELER COUNTY,483,5 Years,84,49,35,37,20,17,1,1,0,3,0,3,43,28,15
WHEELER COUNTY,483,6 Years,84,46,38,34,19,15,2,2,0,2,0,2,46,25,21
WHEELER COUNTY,483,7 Years,85,41,44,29,15,14,1,1,0,2,0,2,53,25,28
WHEELER COUNTY,483,8 Years,90,41,49,34,16,18,2,2,0,3,1,2,51,22,29
WHEELER COUNTY,483,9 Years,94,49,45,45,28,17,5,1,4,3,2,1,41,18,23
WHEELER COUNTY,483,10 Years,83,37,46,41,20,21,2,1,1,4,2,2,36,14,22
WHEELER COUNTY,483,11 Years,87,46,41,41,22,19,2,2,0,1,0,1,43,22,21
WHEELER COUNTY,483,12 Years,79,49,30,34,23,11,2,1,1,1,0,1,42,25,17
WHEELER COUNTY,483,13 Years,67,39,28,34,18,16,1,1,0,2,1,1,30,19,11
WHEELER COUNTY,483,14 Years,78,38,40,44,23,21,2,1,1,1,0,1,31,14,17
WHEELER COUNTY,483,15 Years,78,42,36,41,24,17,2,1,1,1,0,1,34,17,17
WHEELER COUNTY,483,16 Years,80,40,40,41,21,20,3,1,2,2,2,0,34,16,18
WHEELER COUNTY,483,17 Years,78,38,40,43,23,20,4,1,3,3,1,2,28,13,15
WHEELER COUNTY,483,18 Years,82,37,45,49,22,27,3,1,2,1,0,1,29,14,15
WHEELER COUNTY,483,19 Years,68,31,37,37,17,20,1,0,1,0,0,0,30,14,16
WHEELER COUNTY,483,20 Years,69,29,40,42,19,23,1,0,1,3,0,3,23,10,13
WHEELER COUNTY,483,21 Years,80,46,34,48,27,21,3,2,1,1,0,1,28,17,11
WHEELER COUNTY,483,22 Years,83,44,39,52,29,23,3,1,2,1,0,1,27,14,13
WHEELER COUNTY,483,23 Years,63,34,29,32,17,15,2,1,1,4,3,1,25,13,12
WHEELER COUNTY,483,24 Years,47,26,21,30,16,14,1,1,0,2,1,1,14,8,6
WHEELER COUNTY,483,25 Years,43,20,23,27,12,15,1,1,0,0,0,0,15,7,8
WHEELER COUNTY,483,26 Years,50,21,29,29,11,18,2,1,1,0,0,0,19,9,10
WHEELER COUNTY,483,27 Years,66,39,27,40,22,18,4,1,3,1,1,0,21,15,6
WHEELER COUNTY,483,28 Years,66,35,31,38,18,20,2,1,1,0,0,0,26,16,10
WHEELER COUNTY,483,29 Years,69,31,38,46,21,25,1,1,0,0,0,0,22,9,13
WHEELER COUNTY,483,30 Years,71,32,39,47,23,24,3,0,3,1,0,1,20,9,11
WHEELER COUNTY,483,31 Years,72,38,34,44,23,21,2,1,1,2,0,2,24,14,10
WHEELER COUNTY,483,32 Years,70,33,37,36,18,18,1,1,0,3,1,2,30,13,17
WHEELER COUNTY,483,33 Years,68,32,36,39,19,20,0,0,0,1,0,1,28,13,15
WHEELER COUNTY,483,34 Years,73,35,38,41,21,20,1,0,1,0,0,0,31,14,17
WHEELER COUNTY,483,35 Years,61,34,27,33,18,15,3,3,0,1,1,0,24,12,12
WHEELER COUNTY,483,36 Years,52,27,25,27,12,15,2,2,0,0,0,0,23,13,10
WHEELER COUNTY,483,37 Years,62,28,34,29,10,19,2,2,0,0,0,0,31,16,15
WHEELER COUNTY,483,38 Years,70,35,35,30,13,17,1,1,0,1,1,0,38,20,18
WHEELER COUNTY,483,39 Years,78,47,31,46,25,21,1,1,0,1,1,0,30,20,10
WHEELER COUNTY,483,40 Years,69,41,28,40,25,15,2,1,1,1,1,0,26,14,12
WHEELER COUNTY,483,41 Years,66,31,35,43,21,22,2,1,1,1,0,1,20,9,11
WHEELER COUNTY,483,42 Years,64,34,30,36,21,15,3,2,1,1,0,1,24,11,13
WHEELER COUNTY,483,43 Years,70,33,37,47,23,24,1,1,0,0,0,0,22,9,13
WHEELER COUNTY,483,44 Years,64,30,34,42,18,24,0,0,0,0,0,0,22,12,10
WHEELER COUNTY,483,45 Years,65,35,30,43,21,22,0,0,0,0,0,0,22,14,8
WHEELER COUNTY,483,46 Years,58,33,25,37,21,16,1,0,1,0,0,0,20,12,8
WHEELER COUNTY,483,47 Years,59,34,25,47,30,17,1,0,1,0,0,0,11,4,7
WHEELER COUNTY,483,48 Years,51,30,21,34,20,14,2,2,0,1,1,0,14,7,7
WHEELER COUNTY,483,49 Years,59,29,30,39,18,21,1,1,0,1,1,0,18,9,9
WHEELER COUNTY,483,50 Years,63,28,35,42,19,23,2,2,0,1,0,1,18,7,11
WHEELER COUNTY,483,51 Years,71,36,35,55,28,27,2,2,0,1,0,1,13,6,7
WHEELER COUNTY,483,52 Years,77,35,42,60,27,33,3,0,3,2,1,1,12,7,5
WHEELER COUNTY,483,53 Years,77,34,43,57,23,34,2,0,2,3,2,1,15,9,6
WHEELER COUNTY,483,54 Years,74,31,43,63,25,38,2,1,1,1,0,1,8,5,3
WHEELER COUNTY,483,55 Years,81,38,43,69,35,34,2,2,0,0,0,0,10,1,9
WHEELER COUNTY,483,56 Years,84,35,49,74,32,42,1,1,0,1,0,1,8,2,6
WHEELER COUNTY,483,57 Years,89,49,40,76,42,34,2,0,2,1,0,1,10,7,3
WHEELER COUNTY,483,58 Years,94,42,52,84,37,47,2,1,1,1,0,1,7,4,3
WHEELER COUNTY,483,59 Years,94,48,46,84,44,40,1,0,1,1,0,1,8,4,4
WHEELER COUNTY,483,60 Years,81,42,39,68,35,33,0,0,0,2,0,2,11,7,4
WHEELER COUNTY,483,61 Years,71,39,32,57,28,29,2,1,1,4,3,1,8,7,1
WHEELER COUNTY,483,62 Years,74,41,33,65,35,30,1,0,1,3,2,1,5,4,1
WHEELER COUNTY,483,63 Years,73,36,37,63,31,32,1,0,1,2,0,2,7,5,2
WHEELER COUNTY,483,64 Years,67,33,34,57,28,29,1,0,1,1,1,0,8,4,4
WHEELER COUNTY,483,65 Years,65,35,30,59,31,28,0,0,0,1,1,0,5,3,2
WHEELER COUNTY,483,66 Years,72,38,34,63,34,29,2,0,2,2,2,0,5,2,3
WHEELER COUNTY,483,67 Years,72,35,37,63,33,30,1,0,1,2,1,1,6,1,5
WHEELER COUNTY,483,68 Years,64,30,34,57,29,28,0,0,0,3,0,3,4,1,3
WHEELER COUNTY,483,69 Years,62,33,29,53,26,27,0,0,0,2,2,0,7,5,2
WHEELER COUNTY,483,70 Years,67,32,35,57,26,31,0,0,0,2,1,1,8,5,3
WHEELER COUNTY,483,71 Years,65,27,38,57,25,32,2,1,1,2,0,2,4,1,3
WHEELER COUNTY,483,72 Years,59,24,35,52,22,30,1,1,0,3,0,3,3,1,2
WHEELER COUNTY,483,73 Years,60,31,29,56,29,27,1,1,0,1,0,1,2,1,1
WHEELER COUNTY,483,74 Years,49,23,26,44,19,25,1,0,1,2,2,0,2,2,0
WHEELER COUNTY,483,75 Years,53,29,24,47,26,21,1,0,1,3,1,2,2,2,0
WHEELER COUNTY,483,76 Years,43,21,22,38,17,21,0,0,0,3,2,1,2,2,0
WHEELER COUNTY,483,77 Years,40,21,19,39,20,19,0,0,0,1,1,0,0,0,0
WHEELER COUNTY,483,78 Years,39,16,23,36,14,22,0,0,0,0,0,0,3,2,1
WHEELER COUNTY,483,79 Years,37,12,25,33,11,22,1,0,1,0,0,0,3,1,2
WHEELER COUNTY,483,80 Years,34,16,18,32,15,17,2,1,1,0,0,0,0,0,0
WHEELER COUNTY,483,81 Years,32,13,19,31,12,19,0,0,0,0,0,0,1,1,0
WHEELER COUNTY,483,82 Years,30,15,15,25,12,13,0,0,0,0,0,0,5,3,2
WHEELER COUNTY,483,83 Years,26,15,11,22,13,9,1,1,0,0,0,0,3,1,2
WHEELER COUNTY,483,84 Years,25,11,14,23,11,12,0,0,0,0,0,0,2,0,2
WHEELER COUNTY,483,85 Years +,127,38,89,117,35,82,1,0,1,3,0,3,6,3,3
WICHITA COUNTY,485,All Ages,133386,68539,64847,87315,44037,43278,13661,7456,6205,7356,3618,3738,25054,13428,11626
WICHITA COUNTY,485,< 1 Year,1806,912,894,968,493,475,174,86,88,148,71,77,516,262,254
WICHITA COUNTY,485,1 Years,1823,915,908,986,508,478,167,83,84,145,62,83,525,262,263
WICHITA COUNTY,485,2 Years,1833,926,907,979,517,462,176,83,93,164,71,93,514,255,259
WICHITA COUNTY,485,3 Years,1859,959,900,993,536,457,178,84,94,184,91,93,504,248,256
WICHITA COUNTY,485,4 Years,1834,952,882,989,525,464,184,77,107,150,82,68,511,268,243
WICHITA COUNTY,485,5 Years,1789,959,830,937,506,431,176,91,85,149,78,71,527,284,243
WICHITA COUNTY,485,6 Years,1805,949,856,979,526,453,172,74,98,151,85,66,503,264,239
WICHITA COUNTY,485,7 Years,1793,905,888,952,487,465,191,86,105,141,74,67,509,258,251
WICHITA COUNTY,485,8 Years,1808,905,903,962,477,485,166,72,94,150,82,68,530,274,256
WICHITA COUNTY,485,9 Years,1726,883,843,929,465,464,156,83,73,138,74,64,503,261,242
WICHITA COUNTY,485,10 Years,1672,831,841,895,430,465,168,88,80,127,64,63,482,249,233
WICHITA COUNTY,485,11 Years,1641,806,835,871,414,457,175,89,86,122,69,53,473,234,239
WICHITA COUNTY,485,12 Years,1680,835,845,917,453,464,188,82,106,120,62,58,455,238,217
WICHITA COUNTY,485,13 Years,1637,815,822,877,449,428,169,79,90,114,51,63,477,236,241
WICHITA COUNTY,485,14 Years,1639,844,795,880,465,415,167,81,86,104,53,51,488,245,243
WICHITA COUNTY,485,15 Years,1624,850,774,895,467,428,157,81,76,116,60,56,456,242,214
WICHITA COUNTY,485,16 Years,1656,847,809,935,479,456,163,95,68,107,48,59,451,225,226
WICHITA COUNTY,485,17 Years,1906,987,919,1081,548,533,204,107,97,121,60,61,500,272,228
WICHITA COUNTY,485,18 Years,2268,1306,962,1394,809,585,254,156,98,135,73,62,485,268,217
WICHITA COUNTY,485,19 Years,2767,1653,1114,1752,1070,682,361,219,142,159,95,64,495,269,226
WICHITA COUNTY,485,20 Years,2492,1432,1060,1519,871,648,356,209,147,151,90,61,466,262,204
WICHITA COUNTY,485,21 Years,2253,1280,973,1344,798,546,299,142,157,148,88,60,462,252,210
WICHITA COUNTY,485,22 Years,2431,1368,1063,1373,803,570,354,183,171,171,85,86,533,297,236
WICHITA COUNTY,485,23 Years,2647,1543,1104,1527,907,620,345,203,142,189,100,89,586,333,253
WICHITA COUNTY,485,24 Years,2600,1496,1104,1589,926,663,326,194,132,171,94,77,514,282,232
WICHITA COUNTY,485,25 Years,2360,1291,1069,1520,816,704,254,144,110,139,75,64,447,256,191
WICHITA COUNTY,485,26 Years,2249,1251,998,1476,783,693,247,159,88,113,67,46,413,242,171
WICHITA COUNTY,485,27 Years,2199,1206,993,1408,745,663,253,150,103,118,70,48,420,241,179
WICHITA COUNTY,485,28 Years,2051,1075,976,1254,615,639,250,147,103,98,55,43,449,258,191
WICHITA COUNTY,485,29 Years,1960,1085,875,1182,621,561,250,152,98,106,58,48,422,254,168
WICHITA COUNTY,485,30 Years,1802,960,842,1100,560,540,224,130,94,101,50,51,377,220,157
WICHITA COUNTY,485,31 Years,1658,864,794,989,492,497,214,126,88,77,34,43,378,212,166
WICHITA COUNTY,485,32 Years,1692,894,798,1013,495,518,209,131,78,76,40,36,394,228,166
WICHITA COUNTY,485,33 Years,1642,882,760,960,496,464,203,117,86,94,47,47,385,222,163
WICHITA COUNTY,485,34 Years,1635,881,754,913,461,452,222,133,89,98,45,53,402,242,160
WICHITA COUNTY,485,35 Years,1604,864,740,920,463,457,211,133,78,90,42,48,383,226,157
WICHITA COUNTY,485,36 Years,1508,803,705,914,459,455,174,101,73,84,40,44,336,203,133
WICHITA COUNTY,485,37 Years,1523,812,711,921,478,443,195,107,88,84,41,43,323,186,137
WICHITA COUNTY,485,38 Years,1492,801,691,937,493,444,159,100,59,91,38,53,305,170,135
WICHITA COUNTY,485,39 Years,1511,816,695,939,482,457,174,114,60,89,41,48,309,179,130
WICHITA COUNTY,485,40 Years,1403,754,649,872,470,402,182,100,82,83,37,46,266,147,119
WICHITA COUNTY,485,41 Years,1436,760,676,935,483,452,145,86,59,79,33,46,277,158,119
WICHITA COUNTY,485,42 Years,1451,743,708,952,464,488,161,102,59,78,37,41,260,140,120
WICHITA COUNTY,485,43 Years,1504,757,747,1014,498,516,137,81,56,87,39,48,266,139,127
WICHITA COUNTY,485,44 Years,1520,795,725,1018,531,487,134,75,59,84,38,46,284,151,133
WICHITA COUNTY,485,45 Years,1440,783,657,929,500,429,179,115,64,71,33,38,261,135,126
WICHITA COUNTY,485,46 Years,1392,731,661,897,457,440,169,111,58,59,31,28,267,132,135
WICHITA COUNTY,485,47 Years,1456,780,676,976,509,467,147,93,54,58,31,27,275,147,128
WICHITA COUNTY,485,48 Years,1486,794,692,983,507,476,181,115,66,72,33,39,250,139,111
WICHITA COUNTY,485,49 Years,1638,861,777,1123,571,552,188,115,73,76,33,43,251,142,109
WICHITA COUNTY,485,50 Years,1657,867,790,1163,593,570,161,98,63,84,38,46,249,138,111
WICHITA COUNTY,485,51 Years,1715,856,859,1216,587,629,167,101,66,89,36,53,243,132,111
WICHITA COUNTY,485,52 Years,1789,888,901,1296,618,678,185,106,79,80,40,40,228,124,104
WICHITA COUNTY,485,53 Years,1841,960,881,1355,704,651,184,92,92,71,35,36,231,129,102
WICHITA COUNTY,485,54 Years,1776,931,845,1304,679,625,167,84,83,77,38,39,228,130,98
WICHITA COUNTY,485,55 Years,1689,831,858,1253,622,631,161,75,86,65,28,37,210,106,104
WICHITA COUNTY,485,56 Years,1782,879,903,1338,646,692,162,90,72,70,29,41,212,114,98
WICHITA COUNTY,485,57 Years,1716,828,888,1296,607,689,141,74,67,73,31,42,206,116,90
WICHITA COUNTY,485,58 Years,1648,809,839,1272,618,654,145,69,76,57,23,34,174,99,75
WICHITA COUNTY,485,59 Years,1653,839,814,1267,631,636,154,94,60,65,30,35,167,84,83
WICHITA COUNTY,485,60 Years,1575,787,788,1226,595,631,131,81,50,65,32,33,153,79,74
WICHITA COUNTY,485,61 Years,1511,759,752,1156,574,582,136,66,70,59,31,28,160,88,72
WICHITA COUNTY,485,62 Years,1419,701,718,1094,536,558,117,62,55,52,25,27,156,78,78
WICHITA COUNTY,485,63 Years,1339,630,709,1023,478,545,127,66,61,58,23,35,131,63,68
WICHITA COUNTY,485,64 Years,1277,628,649,1004,502,502,103,51,52,49,17,32,121,58,63
WICHITA COUNTY,485,65 Years,1205,592,613,956,474,482,85,41,44,46,17,29,118,60,58
WICHITA COUNTY,485,66 Years,1206,597,609,960,474,486,76,40,36,56,25,31,114,58,56
WICHITA COUNTY,485,67 Years,1211,583,628,989,477,512,69,29,40,44,21,23,109,56,53
WICHITA COUNTY,485,68 Years,966,458,508,779,376,403,71,27,44,30,15,15,86,40,46
WICHITA COUNTY,485,69 Years,940,461,479,759,380,379,65,31,34,30,10,20,86,40,46
WICHITA COUNTY,485,70 Years,953,427,526,772,342,430,61,29,32,35,16,19,85,40,45
WICHITA COUNTY,485,71 Years,901,403,498,756,343,413,46,20,26,27,11,16,72,29,43
WICHITA COUNTY,485,72 Years,842,367,475,701,309,392,51,23,28,25,10,15,65,25,40
WICHITA COUNTY,485,73 Years,822,353,469,673,283,390,57,33,24,27,9,18,65,28,37
WICHITA COUNTY,485,74 Years,732,313,419,606,267,339,49,18,31,17,4,13,60,24,36
WICHITA COUNTY,485,75 Years,722,297,425,608,249,359,55,24,31,17,6,11,42,18,24
WICHITA COUNTY,485,76 Years,720,295,425,601,253,348,50,14,36,22,8,14,47,20,27
WICHITA COUNTY,485,77 Years,684,298,386,574,257,317,37,12,25,25,8,17,48,21,27
WICHITA COUNTY,485,78 Years,672,279,393,562,231,331,41,18,23,21,10,11,48,20,28
WICHITA COUNTY,485,79 Years,683,290,393,585,247,338,31,16,15,18,8,10,49,19,30
WICHITA COUNTY,485,80 Years,645,282,363,557,243,314,35,18,17,17,4,13,36,17,19
WICHITA COUNTY,485,81 Years,579,242,337,493,207,286,37,17,20,21,6,15,28,12,16
WICHITA COUNTY,485,82 Years,555,223,332,480,198,282,35,12,23,14,4,10,26,9,17
WICHITA COUNTY,485,83 Years,490,205,285,423,181,242,35,12,23,14,5,9,18,7,11
WICHITA COUNTY,485,84 Years,445,179,266,385,160,225,28,8,20,11,3,8,21,8,13
WICHITA COUNTY,485,85 Years +,2425,801,1624,2165,718,1447,118,41,77,45,12,33,97,30,67
WILBARGER COUNTY,487,All Ages,12888,6498,6390,7732,3848,3884,1008,549,459,406,195,211,3742,1906,1836
WILBARGER COUNTY,487,< 1 Year,179,92,87,66,39,27,12,5,7,14,6,8,87,42,45
WILBARGER COUNTY,487,1 Years,174,88,86,69,39,30,10,4,6,8,3,5,87,42,45
WILBARGER COUNTY,487,2 Years,182,90,92,75,39,36,9,4,5,9,2,7,89,45,44
WILBARGER COUNTY,487,3 Years,188,92,96,76,36,40,10,5,5,8,1,7,94,50,44
WILBARGER COUNTY,487,4 Years,195,95,100,79,40,39,12,7,5,7,6,1,97,42,55
WILBARGER COUNTY,487,5 Years,188,97,91,86,43,43,13,9,4,5,2,3,84,43,41
WILBARGER COUNTY,487,6 Years,181,88,93,75,39,36,16,8,8,9,6,3,81,35,46
WILBARGER COUNTY,487,7 Years,177,79,98,74,32,42,16,8,8,9,7,2,78,32,46
WILBARGER COUNTY,487,8 Years,184,90,94,82,41,41,13,3,10,9,5,4,80,41,39
WILBARGER COUNTY,487,9 Years,174,88,86,78,42,36,12,4,8,7,2,5,77,40,37
WILBARGER COUNTY,487,10 Years,187,102,85,85,50,35,11,4,7,6,3,3,85,45,40
WILBARGER COUNTY,487,11 Years,187,99,88,79,44,35,24,13,11,9,4,5,75,38,37
WILBARGER COUNTY,487,12 Years,191,100,91,89,47,42,20,13,7,7,5,2,75,35,40
WILBARGER COUNTY,487,13 Years,174,90,84,86,46,40,18,9,9,7,5,2,63,30,33
WILBARGER COUNTY,487,14 Years,170,88,82,84,45,39,15,8,7,5,3,2,66,32,34
WILBARGER COUNTY,487,15 Years,156,87,69,75,41,34,13,8,5,6,6,0,62,32,30
WILBARGER COUNTY,487,16 Years,157,88,69,79,42,37,14,9,5,5,4,1,59,33,26
WILBARGER COUNTY,487,17 Years,168,85,83,91,48,43,16,6,10,4,2,2,57,29,28
WILBARGER COUNTY,487,18 Years,164,83,81,86,46,40,13,6,7,4,2,2,61,29,32
WILBARGER COUNTY,487,19 Years,153,80,73,78,43,35,12,7,5,5,3,2,58,27,31
WILBARGER COUNTY,487,20 Years,180,97,83,90,45,45,16,12,4,6,3,3,68,37,31
WILBARGER COUNTY,487,21 Years,205,117,88,100,54,46,20,14,6,10,5,5,75,44,31
WILBARGER COUNTY,487,22 Years,183,104,79,89,47,42,18,11,7,5,2,3,71,44,27
WILBARGER COUNTY,487,23 Years,191,101,90,107,54,53,13,8,5,6,5,1,65,34,31
WILBARGER COUNTY,487,24 Years,202,108,94,119,63,56,20,14,6,7,4,3,56,27,29
WILBARGER COUNTY,487,25 Years,169,85,84,96,48,48,13,9,4,2,0,2,58,28,30
WILBARGER COUNTY,487,26 Years,161,84,77,82,38,44,13,8,5,2,2,0,64,36,28
WILBARGER COUNTY,487,27 Years,159,76,83,77,33,44,11,5,6,5,2,3,66,36,30
WILBARGER COUNTY,487,28 Years,168,86,82,83,44,39,20,9,11,3,1,2,62,32,30
WILBARGER COUNTY,487,29 Years,159,83,76,80,43,37,20,9,11,3,0,3,56,31,25
WILBARGER COUNTY,487,30 Years,161,86,75,88,42,46,10,6,4,5,3,2,58,35,23
WILBARGER COUNTY,487,31 Years,153,79,74,83,46,37,12,7,5,5,1,4,53,25,28
WILBARGER COUNTY,487,32 Years,144,73,71,79,42,37,10,4,6,7,1,6,48,26,22
WILBARGER COUNTY,487,33 Years,138,64,74,85,38,47,8,4,4,5,1,4,40,21,19
WILBARGER COUNTY,487,34 Years,133,71,62,84,44,40,11,5,6,3,2,1,35,20,15
WILBARGER COUNTY,487,35 Years,142,75,67,88,50,38,12,6,6,5,1,4,37,18,19
WILBARGER COUNTY,487,36 Years,139,74,65,76,46,30,12,6,6,5,1,4,46,21,25
WILBARGER COUNTY,487,37 Years,140,72,68,81,40,41,13,7,6,2,2,0,44,23,21
WILBARGER COUNTY,487,38 Years,127,60,67,70,35,35,11,8,3,4,1,3,42,16,26
WILBARGER COUNTY,487,39 Years,120,60,60,69,33,36,10,8,2,3,2,1,38,17,21
WILBARGER COUNTY,487,40 Years,121,55,66,68,30,38,11,7,4,3,3,0,39,15,24
WILBARGER COUNTY,487,41 Years,140,72,68,81,44,37,11,6,5,5,3,2,43,19,24
WILBARGER COUNTY,487,42 Years,132,65,67,79,39,40,10,5,5,6,2,4,37,19,18
WILBARGER COUNTY,487,43 Years,146,68,78,92,45,47,10,4,6,5,1,4,39,18,21
WILBARGER COUNTY,487,44 Years,134,66,68,76,39,37,12,6,6,7,3,4,39,18,21
WILBARGER COUNTY,487,45 Years,124,56,68,74,33,41,14,6,8,5,2,3,31,15,16
WILBARGER COUNTY,487,46 Years,137,71,66,80,41,39,11,6,5,7,3,4,39,21,18
WILBARGER COUNTY,487,47 Years,149,90,59,96,58,38,14,8,6,4,3,1,35,21,14
WILBARGER COUNTY,487,48 Years,160,88,72,107,59,48,13,6,7,2,2,0,38,21,17
WILBARGER COUNTY,487,49 Years,165,88,77,109,57,52,10,7,3,5,2,3,41,22,19
WILBARGER COUNTY,487,50 Years,167,92,75,111,57,54,11,7,4,6,3,3,39,25,14
WILBARGER COUNTY,487,51 Years,184,89,95,127,55,72,16,10,6,4,1,3,37,23,14
WILBARGER COUNTY,487,52 Years,190,91,99,128,59,69,15,10,5,7,2,5,40,20,20
WILBARGER COUNTY,487,53 Years,202,93,109,137,58,79,13,7,6,8,5,3,44,23,21
WILBARGER COUNTY,487,54 Years,199,107,92,131,71,60,16,8,8,4,3,1,48,25,23
WILBARGER COUNTY,487,55 Years,181,98,83,120,63,57,17,10,7,5,3,2,39,22,17
WILBARGER COUNTY,487,56 Years,185,94,91,133,70,63,15,7,8,5,3,2,32,14,18
WILBARGER COUNTY,487,57 Years,167,82,85,116,56,60,15,10,5,4,1,3,32,15,17
WILBARGER COUNTY,487,58 Years,177,100,77,123,67,56,16,11,5,6,3,3,32,19,13
WILBARGER COUNTY,487,59 Years,181,97,84,129,65,64,21,15,6,6,2,4,25,15,10
WILBARGER COUNTY,487,60 Years,186,93,93,133,66,67,17,8,9,6,4,2,30,15,15
WILBARGER COUNTY,487,61 Years,174,86,88,132,62,70,12,6,6,3,2,1,27,16,11
WILBARGER COUNTY,487,62 Years,160,81,79,121,60,61,10,6,4,4,2,2,25,13,12
WILBARGER COUNTY,487,63 Years,151,77,74,108,52,56,14,9,5,5,2,3,24,14,10
WILBARGER COUNTY,487,64 Years,129,59,70,94,43,51,10,5,5,2,0,2,23,11,12
WILBARGER COUNTY,487,65 Years,130,65,65,93,49,44,10,4,6,5,2,3,22,10,12
WILBARGER COUNTY,487,66 Years,159,73,86,120,55,65,6,2,4,6,2,4,27,14,13
WILBARGER COUNTY,487,67 Years,145,75,70,115,54,61,6,5,1,5,2,3,19,14,5
WILBARGER COUNTY,487,68 Years,127,60,67,94,43,51,9,4,5,2,1,1,22,12,10
WILBARGER COUNTY,487,69 Years,128,65,63,96,47,49,11,6,5,2,1,1,19,11,8
WILBARGER COUNTY,487,70 Years,115,54,61,92,44,48,7,3,4,1,0,1,15,7,8
WILBARGER COUNTY,487,71 Years,102,46,56,88,39,49,3,2,1,1,0,1,10,5,5
WILBARGER COUNTY,487,72 Years,99,49,50,82,44,38,5,1,4,1,0,1,11,4,7
WILBARGER COUNTY,487,73 Years,97,46,51,77,36,41,3,2,1,2,0,2,15,8,7
WILBARGER COUNTY,487,74 Years,91,46,45,76,38,38,6,3,3,0,0,0,9,5,4
WILBARGER COUNTY,487,75 Years,85,48,37,68,39,29,5,2,3,2,2,0,10,5,5
WILBARGER COUNTY,487,76 Years,73,42,31,60,35,25,2,1,1,1,1,0,10,5,5
WILBARGER COUNTY,487,77 Years,67,33,34,54,26,28,1,0,1,3,2,1,9,5,4
WILBARGER COUNTY,487,78 Years,72,33,39,56,25,31,6,3,3,2,1,1,8,4,4
WILBARGER COUNTY,487,79 Years,74,34,40,61,26,35,5,2,3,1,0,1,7,6,1
WILBARGER COUNTY,487,80 Years,69,28,41,55,21,34,6,4,2,1,0,1,7,3,4
WILBARGER COUNTY,487,81 Years,60,27,33,50,20,30,5,4,1,0,0,0,5,3,2
WILBARGER COUNTY,487,82 Years,48,15,33,40,11,29,2,1,1,2,1,1,4,2,2
WILBARGER COUNTY,487,83 Years,51,18,33,41,15,26,4,1,3,1,1,0,5,1,4
WILBARGER COUNTY,487,84 Years,50,21,29,41,16,25,2,1,1,1,0,1,6,4,2
WILBARGER COUNTY,487,85 Years +,302,106,196,250,89,161,18,8,10,7,3,4,27,6,21
WILLACY COUNTY,489,All Ages,21667,11812,9855,2119,1143,976,354,321,33,203,146,57,18991,10202,8789
WILLACY COUNTY,489,< 1 Year,330,169,161,22,9,13,2,1,1,2,2,0,304,157,147
WILLACY COUNTY,489,1 Years,342,179,163,22,11,11,1,0,1,4,3,1,315,165,150
WILLACY COUNTY,489,2 Years,350,178,172,31,15,16,1,0,1,0,0,0,318,163,155
WILLACY COUNTY,489,3 Years,365,186,179,33,16,17,1,0,1,0,0,0,331,170,161
WILLACY COUNTY,489,4 Years,332,160,172,29,10,19,1,0,1,2,0,2,300,150,150
WILLACY COUNTY,489,5 Years,276,144,132,22,11,11,3,2,1,1,1,0,250,130,120
WILLACY COUNTY,489,6 Years,286,147,139,18,10,8,0,0,0,1,0,1,267,137,130
WILLACY COUNTY,489,7 Years,299,152,147,17,7,10,0,0,0,1,0,1,281,145,136
WILLACY COUNTY,489,8 Years,277,141,136,15,9,6,1,0,1,2,1,1,259,131,128
WILLACY COUNTY,489,9 Years,303,155,148,18,11,7,1,0,1,1,1,0,283,143,140
WILLACY COUNTY,489,10 Years,320,161,159,22,12,10,0,0,0,3,2,1,295,147,148
WILLACY COUNTY,489,11 Years,299,164,135,22,15,7,0,0,0,2,1,1,275,148,127
WILLACY COUNTY,489,12 Years,300,154,146,23,12,11,1,1,0,2,1,1,274,140,134
WILLACY COUNTY,489,13 Years,310,163,147,21,12,9,0,0,0,4,2,2,285,149,136
WILLACY COUNTY,489,14 Years,293,153,140,22,13,9,1,0,1,2,1,1,268,139,129
WILLACY COUNTY,489,15 Years,297,150,147,20,9,11,2,1,1,3,2,1,272,138,134
WILLACY COUNTY,489,16 Years,306,166,140,20,11,9,2,2,0,4,4,0,280,149,131
WILLACY COUNTY,489,17 Years,311,159,152,21,10,11,1,0,1,5,2,3,284,147,137
WILLACY COUNTY,489,18 Years,312,172,140,18,12,6,0,0,0,5,3,2,289,157,132
WILLACY COUNTY,489,19 Years,332,177,155,23,12,11,4,4,0,5,4,1,300,157,143
WILLACY COUNTY,489,20 Years,362,209,153,25,12,13,6,6,0,5,3,2,326,188,138
WILLACY COUNTY,489,21 Years,393,237,156,31,22,9,7,7,0,4,4,0,351,204,147
WILLACY COUNTY,489,22 Years,414,259,155,24,16,8,15,14,1,8,7,1,367,222,145
WILLACY COUNTY,489,23 Years,413,265,148,20,11,9,15,15,0,8,8,0,370,231,139
WILLACY COUNTY,489,24 Years,423,283,140,27,20,7,16,16,0,6,6,0,374,241,133
WILLACY COUNTY,489,25 Years,401,264,137,23,16,7,12,12,0,7,5,2,359,231,128
WILLACY COUNTY,489,26 Years,376,250,126,23,15,8,18,17,1,4,3,1,331,215,116
WILLACY COUNTY,489,27 Years,346,227,119,22,15,7,18,17,1,6,6,0,300,189,111
WILLACY COUNTY,489,28 Years,332,212,120,23,17,6,13,12,1,5,4,1,291,179,112
WILLACY COUNTY,489,29 Years,339,220,119,25,17,8,11,11,0,4,2,2,299,190,109
WILLACY COUNTY,489,30 Years,286,185,101,12,7,5,14,14,0,2,1,1,258,163,95
WILLACY COUNTY,489,31 Years,335,221,114,19,12,7,16,15,1,4,4,0,296,190,106
WILLACY COUNTY,489,32 Years,332,217,115,18,12,6,14,13,1,6,5,1,294,187,107
WILLACY COUNTY,489,33 Years,308,195,113,19,13,6,14,12,2,3,3,0,272,167,105
WILLACY COUNTY,489,34 Years,305,185,120,18,8,10,13,10,3,3,3,0,271,164,107
WILLACY COUNTY,489,35 Years,283,173,110,22,13,9,10,10,0,3,3,0,248,147,101
WILLACY COUNTY,489,36 Years,308,178,130,14,7,7,11,11,0,3,3,0,280,157,123
WILLACY COUNTY,489,37 Years,305,175,130,16,12,4,8,8,0,2,1,1,279,154,125
WILLACY COUNTY,489,38 Years,284,157,127,13,8,5,5,4,1,2,1,1,264,144,120
WILLACY COUNTY,489,39 Years,279,168,111,18,13,5,6,6,0,3,2,1,252,147,105
WILLACY COUNTY,489,40 Years,298,182,116,26,17,9,6,4,2,4,3,1,262,158,104
WILLACY COUNTY,489,41 Years,279,172,107,26,16,10,8,7,1,5,3,2,240,146,94
WILLACY COUNTY,489,42 Years,277,152,125,27,16,11,6,6,0,2,2,0,242,128,114
WILLACY COUNTY,489,43 Years,263,146,117,24,14,10,5,5,0,3,2,1,231,125,106
WILLACY COUNTY,489,44 Years,242,132,110,26,15,11,2,2,0,2,2,0,212,113,99
WILLACY COUNTY,489,45 Years,240,132,108,22,10,12,2,2,0,5,3,2,211,117,94
WILLACY COUNTY,489,46 Years,242,135,107,20,13,7,5,5,0,2,2,0,215,115,100
WILLACY COUNTY,489,47 Years,243,133,110,21,15,6,2,2,0,2,2,0,218,114,104
WILLACY COUNTY,489,48 Years,221,129,92,22,12,10,2,2,0,3,2,1,194,113,81
WILLACY COUNTY,489,49 Years,249,118,131,21,12,9,4,4,0,2,1,1,222,101,121
WILLACY COUNTY,489,50 Years,253,127,126,23,13,10,5,5,0,4,1,3,221,108,113
WILLACY COUNTY,489,51 Years,232,110,122,22,11,11,6,6,0,3,1,2,201,92,109
WILLACY COUNTY,489,52 Years,230,108,122,20,11,9,3,3,0,4,4,0,203,90,113
WILLACY COUNTY,489,53 Years,237,123,114,26,14,12,2,2,0,3,2,1,206,105,101
WILLACY COUNTY,489,54 Years,260,141,119,34,17,17,5,4,1,3,2,1,218,118,100
WILLACY COUNTY,489,55 Years,248,138,110,25,13,12,3,3,0,1,0,1,219,122,97
WILLACY COUNTY,489,56 Years,217,112,105,32,15,17,0,0,0,0,0,0,185,97,88
WILLACY COUNTY,489,57 Years,216,104,112,33,15,18,1,1,0,1,0,1,181,88,93
WILLACY COUNTY,489,58 Years,223,111,112,22,9,13,2,2,0,2,1,1,197,99,98
WILLACY COUNTY,489,59 Years,230,98,132,32,13,19,2,2,0,2,0,2,194,83,111
WILLACY COUNTY,489,60 Years,221,100,121,31,14,17,2,1,1,1,1,0,187,84,103
WILLACY COUNTY,489,61 Years,219,104,115,29,14,15,0,0,0,1,1,0,189,89,100
WILLACY COUNTY,489,62 Years,203,87,116,26,13,13,1,0,1,0,0,0,176,74,102
WILLACY COUNTY,489,63 Years,180,81,99,27,13,14,1,0,1,0,0,0,152,68,84
WILLACY COUNTY,489,64 Years,187,91,96,32,14,18,2,1,1,2,2,0,151,74,77
WILLACY COUNTY,489,65 Years,204,107,97,34,16,18,1,1,0,0,0,0,169,90,79
WILLACY COUNTY,489,66 Years,173,86,87,26,17,9,2,2,0,0,0,0,145,67,78
WILLACY COUNTY,489,67 Years,173,78,95,30,19,11,3,3,0,0,0,0,140,56,84
WILLACY COUNTY,489,68 Years,172,86,86,32,17,15,1,1,0,1,0,1,138,68,70
WILLACY COUNTY,489,69 Years,158,88,70,37,23,14,0,0,0,0,0,0,121,65,56
WILLACY COUNTY,489,70 Years,148,80,68,39,20,19,1,0,1,0,0,0,108,60,48
WILLACY COUNTY,489,71 Years,130,62,68,43,20,23,0,0,0,2,1,1,85,41,44
WILLACY COUNTY,489,72 Years,136,63,73,38,18,20,1,1,0,1,1,0,96,43,53
WILLACY COUNTY,489,73 Years,134,57,77,35,18,17,1,0,1,0,0,0,98,39,59
WILLACY COUNTY,489,74 Years,119,50,69,32,18,14,0,0,0,1,0,1,86,32,54
WILLACY COUNTY,489,75 Years,108,50,58,35,18,17,1,1,0,0,0,0,72,31,41
WILLACY COUNTY,489,76 Years,103,52,51,29,17,12,1,1,0,0,0,0,73,34,39
WILLACY COUNTY,489,77 Years,84,45,39,24,15,9,0,0,0,1,1,0,59,29,30
WILLACY COUNTY,489,78 Years,81,33,48,20,10,10,0,0,0,1,0,1,60,23,37
WILLACY COUNTY,489,79 Years,86,38,48,18,9,9,0,0,0,0,0,0,68,29,39
WILLACY COUNTY,489,80 Years,81,37,44,20,10,10,0,0,0,0,0,0,61,27,34
WILLACY COUNTY,489,81 Years,83,30,53,22,7,15,0,0,0,0,0,0,61,23,38
WILLACY COUNTY,489,82 Years,62,21,41,13,5,8,0,0,0,0,0,0,49,16,33
WILLACY COUNTY,489,83 Years,71,24,47,14,5,9,0,0,0,1,1,0,56,18,38
WILLACY COUNTY,489,84 Years,55,23,32,10,4,6,0,0,0,1,1,0,44,18,26
WILLACY COUNTY,489,85 Years +,332,126,206,68,25,43,1,1,0,0,0,0,263,100,163
WILLIAMSON COUNTY,491,All Ages,476724,231657,245067,288509,138444,150065,29021,14229,14792,38138,18399,19739,121056,60585,60471
WILLIAMSON COUNTY,491,< 1 Year,6127,3192,2935,3104,1592,1512,356,186,170,751,390,361,1916,1024,892
WILLIAMSON COUNTY,491,1 Years,6078,3150,2928,3098,1583,1515,334,172,162,723,375,348,1923,1020,903
WILLIAMSON COUNTY,491,2 Years,5980,3115,2865,3058,1584,1474,307,160,147,707,379,328,1908,992,916
WILLIAMSON COUNTY,491,3 Years,6147,3191,2956,3098,1615,1483,303,160,143,748,409,339,1998,1007,991
WILLIAMSON COUNTY,491,4 Years,6526,3301,3225,3255,1631,1624,342,171,171,770,425,345,2159,1074,1085
WILLIAMSON COUNTY,491,5 Years,6686,3358,3328,3348,1654,1694,356,179,177,792,421,371,2190,1104,1086
WILLIAMSON COUNTY,491,6 Years,7137,3631,3506,3544,1801,1743,397,196,201,878,448,430,2318,1186,1132
WILLIAMSON COUNTY,491,7 Years,7347,3735,3612,3631,1837,1794,408,192,216,905,464,441,2403,1242,1161
WILLIAMSON COUNTY,491,8 Years,7523,3845,3678,3692,1869,1823,441,220,221,911,468,443,2479,1288,1191
WILLIAMSON COUNTY,491,9 Years,7766,4000,3766,3877,2004,1873,447,235,212,892,437,455,2550,1324,1226
WILLIAMSON COUNTY,491,10 Years,7955,4053,3902,3971,2036,1935,510,259,251,845,409,436,2629,1349,1280
WILLIAMSON COUNTY,491,11 Years,7948,4038,3910,3988,2036,1952,556,285,271,787,381,406,2617,1336,1281
WILLIAMSON COUNTY,491,12 Years,8060,4070,3990,4027,2022,2005,566,297,269,736,366,370,2731,1385,1346
WILLIAMSON COUNTY,491,13 Years,8200,4188,4012,4089,2084,2005,569,291,278,736,372,364,2806,1441,1365
WILLIAMSON COUNTY,491,14 Years,8026,4157,3869,4065,2104,1961,586,304,282,667,330,337,2708,1419,1289
WILLIAMSON COUNTY,491,15 Years,7839,4053,3786,3946,2007,1939,588,311,277,653,325,328,2652,1410,1242
WILLIAMSON COUNTY,491,16 Years,7641,3917,3724,3837,1923,1914,577,298,279,660,340,320,2567,1356,1211
WILLIAMSON COUNTY,491,17 Years,7422,3817,3605,3730,1897,1833,558,282,276,667,336,331,2467,1302,1165
WILLIAMSON COUNTY,491,18 Years,6869,3551,3318,3397,1755,1642,560,279,281,606,296,310,2306,1221,1085
WILLIAMSON COUNTY,491,19 Years,6152,3160,2992,2966,1525,1441,515,264,251,508,246,262,2163,1125,1038
WILLIAMSON COUNTY,491,20 Years,5839,2992,2847,2800,1406,1394,484,261,223,480,238,242,2075,1087,988
WILLIAMSON COUNTY,491,21 Years,5559,2894,2665,2727,1398,1329,463,243,220,420,213,207,1949,1040,909
WILLIAMSON COUNTY,491,22 Years,5173,2644,2529,2512,1266,1246,403,215,188,367,178,189,1891,985,906
WILLIAMSON COUNTY,491,23 Years,4766,2406,2360,2326,1134,1192,355,189,166,333,175,158,1752,908,844
WILLIAMSON COUNTY,491,24 Years,4706,2425,2281,2357,1173,1184,356,197,159,306,154,152,1687,901,786
WILLIAMSON COUNTY,491,25 Years,4699,2387,2312,2364,1140,1224,339,180,159,311,151,160,1685,916,769
WILLIAMSON COUNTY,491,26 Years,4791,2396,2395,2484,1176,1308,323,169,154,310,149,161,1674,902,772
WILLIAMSON COUNTY,491,27 Years,5026,2470,2556,2685,1267,1418,341,181,160,305,131,174,1695,891,804
WILLIAMSON COUNTY,491,28 Years,5423,2603,2820,3030,1413,1617,363,187,176,332,145,187,1698,858,840
WILLIAMSON COUNTY,491,29 Years,5889,2789,3100,3462,1594,1868,354,196,158,375,175,200,1698,824,874
WILLIAMSON COUNTY,491,30 Years,6227,2925,3302,3719,1673,2046,328,171,157,399,190,209,1781,891,890
WILLIAMSON COUNTY,491,31 Years,6727,3158,3569,3976,1822,2154,359,175,184,464,218,246,1928,943,985
WILLIAMSON COUNTY,491,32 Years,7032,3264,3768,4194,1920,2274,405,209,196,516,214,302,1917,921,996
WILLIAMSON COUNTY,491,33 Years,7355,3440,3915,4351,2054,2297,428,213,215,563,230,333,2013,943,1070
WILLIAMSON COUNTY,491,34 Years,7813,3641,4172,4580,2123,2457,459,232,227,636,267,369,2138,1019,1119
WILLIAMSON COUNTY,491,35 Years,7897,3638,4259,4676,2111,2565,440,208,232,679,290,389,2102,1029,1073
WILLIAMSON COUNTY,491,36 Years,8107,3767,4340,4860,2216,2644,454,207,247,716,317,399,2077,1027,1050
WILLIAMSON COUNTY,491,37 Years,8220,3867,4353,4840,2250,2590,464,210,254,812,375,437,2104,1032,1072
WILLIAMSON COUNTY,491,38 Years,8135,3851,4284,4750,2264,2486,505,224,281,805,363,442,2075,1000,1075
WILLIAMSON COUNTY,491,39 Years,8195,3961,4234,4776,2341,2435,500,234,266,835,377,458,2084,1009,1075
WILLIAMSON COUNTY,491,40 Years,8118,3955,4163,4644,2313,2331,546,250,296,839,395,444,2089,997,1092
WILLIAMSON COUNTY,491,41 Years,8003,3853,4150,4671,2302,2369,553,268,285,764,363,401,2015,920,1095
WILLIAMSON COUNTY,491,42 Years,8170,3982,4188,4860,2415,2445,550,261,289,757,355,402,2003,951,1052
WILLIAMSON COUNTY,491,43 Years,8384,4190,4194,5125,2613,2512,568,264,304,710,351,359,1981,962,1019
WILLIAMSON COUNTY,491,44 Years,8354,4144,4210,5148,2588,2560,555,255,300,710,341,369,1941,960,981
WILLIAMSON COUNTY,491,45 Years,7678,3825,3853,4740,2382,2358,529,259,270,651,320,331,1758,864,894
WILLIAMSON COUNTY,491,46 Years,7016,3538,3478,4349,2219,2130,508,254,254,577,292,285,1582,773,809
WILLIAMSON COUNTY,491,47 Years,6585,3275,3310,4139,2090,2049,455,217,238,543,261,282,1448,707,741
WILLIAMSON COUNTY,491,48 Years,6463,3163,3300,4046,1979,2067,478,217,261,494,245,249,1445,722,723
WILLIAMSON COUNTY,491,49 Years,6586,3262,3324,4161,2068,2093,481,217,264,493,239,254,1451,738,713
WILLIAMSON COUNTY,491,50 Years,6632,3252,3380,4293,2107,2186,466,215,251,486,236,250,1387,694,693
WILLIAMSON COUNTY,491,51 Years,6529,3169,3360,4346,2107,2239,448,213,235,468,224,244,1267,625,642
WILLIAMSON COUNTY,491,52 Years,6299,3086,3213,4289,2099,2190,433,212,221,410,198,212,1167,577,590
WILLIAMSON COUNTY,491,53 Years,6123,2987,3136,4229,2067,2162,410,201,209,368,174,194,1116,545,571
WILLIAMSON COUNTY,491,54 Years,5971,2915,3056,4198,2039,2159,395,203,192,357,176,181,1021,497,524
WILLIAMSON COUNTY,491,55 Years,5531,2698,2833,3904,1908,1996,382,185,197,329,156,173,916,449,467
WILLIAMSON COUNTY,491,56 Years,5388,2591,2797,3869,1871,1998,326,161,165,304,146,158,889,413,476
WILLIAMSON COUNTY,491,57 Years,5152,2433,2719,3719,1756,1963,327,155,172,269,131,138,837,391,446
WILLIAMSON COUNTY,491,58 Years,4955,2359,2596,3606,1726,1880,327,157,170,258,125,133,764,351,413
WILLIAMSON COUNTY,491,59 Years,4848,2263,2585,3569,1664,1905,308,142,166,250,109,141,721,348,373
WILLIAMSON COUNTY,491,60 Years,4595,2094,2501,3454,1577,1877,240,108,132,229,98,131,672,311,361
WILLIAMSON COUNTY,491,61 Years,4514,2033,2481,3432,1540,1892,225,94,131,234,101,133,623,298,325
WILLIAMSON COUNTY,491,62 Years,4266,1898,2368,3235,1444,1791,219,93,126,229,88,141,583,273,310
WILLIAMSON COUNTY,491,63 Years,4112,1863,2249,3168,1447,1721,217,91,126,219,92,127,508,233,275
WILLIAMSON COUNTY,491,64 Years,4054,1777,2277,3165,1386,1779,197,87,110,221,89,132,471,215,256
WILLIAMSON COUNTY,491,65 Years,3935,1694,2241,3082,1319,1763,180,79,101,211,86,125,462,210,252
WILLIAMSON COUNTY,491,66 Years,4006,1722,2284,3225,1384,1841,160,72,88,202,85,117,419,181,238
WILLIAMSON COUNTY,491,67 Years,3983,1753,2230,3256,1436,1820,148,69,79,188,80,108,391,168,223
WILLIAMSON COUNTY,491,68 Years,3323,1484,1839,2713,1220,1493,105,43,62,155,68,87,350,153,197
WILLIAMSON COUNTY,491,69 Years,3121,1378,1743,2560,1137,1423,95,38,57,143,65,78,323,138,185
WILLIAMSON COUNTY,491,70 Years,3122,1378,1744,2595,1142,1453,91,45,46,133,63,70,303,128,175
WILLIAMSON COUNTY,491,71 Years,3037,1351,1686,2536,1127,1409,95,44,51,123,62,61,283,118,165
WILLIAMSON COUNTY,491,72 Years,2784,1264,1520,2341,1067,1274,80,37,43,101,47,54,262,113,149
WILLIAMSON COUNTY,491,73 Years,2489,1114,1375,2100,951,1149,65,27,38,99,44,55,225,92,133
WILLIAMSON COUNTY,491,74 Years,2189,997,1192,1824,834,990,53,22,31,99,51,48,213,90,123
WILLIAMSON COUNTY,491,75 Years,2035,917,1118,1708,775,933,47,22,25,87,43,44,193,77,116
WILLIAMSON COUNTY,491,76 Years,1887,842,1045,1586,708,878,45,21,24,75,36,39,181,77,104
WILLIAMSON COUNTY,491,77 Years,1753,779,974,1458,647,811,49,17,32,70,35,35,176,80,96
WILLIAMSON COUNTY,491,78 Years,1556,675,881,1309,572,737,35,9,26,58,28,30,154,66,88
WILLIAMSON COUNTY,491,79 Years,1447,628,819,1223,533,690,30,9,21,53,24,29,141,62,79
WILLIAMSON COUNTY,491,80 Years,1321,566,755,1116,477,639,32,10,22,52,25,27,121,54,67
WILLIAMSON COUNTY,491,81 Years,1217,498,719,1052,437,615,27,8,19,40,16,24,98,37,61
WILLIAMSON COUNTY,491,82 Years,1108,462,646,966,411,555,22,6,16,28,11,17,92,34,58
WILLIAMSON COUNTY,491,83 Years,1033,431,602,897,384,513,19,4,15,25,11,14,92,32,60
WILLIAMSON COUNTY,491,84 Years,957,398,559,835,354,481,14,4,10,22,10,12,86,30,56
WILLIAMSON COUNTY,491,85 Years +,5087,1681,3406,4578,1522,3056,87,22,65,99,37,62,323,100,223
WILSON COUNTY,493,All Ages,46739,23286,23453,27001,13471,13530,674,363,311,802,372,430,18262,9080,9182
WILSON COUNTY,493,< 1 Year,476,247,229,238,127,111,6,3,3,13,6,7,219,111,108
WILSON COUNTY,493,1 Years,463,244,219,231,122,109,6,2,4,12,8,4,214,112,102
WILSON COUNTY,493,2 Years,454,238,216,228,120,108,6,2,4,9,6,3,211,110,101
WILSON COUNTY,493,3 Years,437,221,216,206,105,101,6,2,4,10,6,4,215,108,107
WILSON COUNTY,493,4 Years,451,214,237,202,89,113,6,3,3,9,4,5,234,118,116
WILSON COUNTY,493,5 Years,523,264,259,236,111,125,5,4,1,10,6,4,272,143,129
WILSON COUNTY,493,6 Years,542,285,257,258,138,120,4,2,2,13,9,4,267,136,131
WILSON COUNTY,493,7 Years,596,299,297,273,139,134,4,1,3,19,12,7,300,147,153
WILSON COUNTY,493,8 Years,618,318,300,288,148,140,4,2,2,16,8,8,310,160,150
WILSON COUNTY,493,9 Years,654,341,313,306,159,147,3,1,2,19,12,7,326,169,157
WILSON COUNTY,493,10 Years,685,368,317,338,183,155,7,4,3,17,12,5,323,169,154
WILSON COUNTY,493,11 Years,725,369,356,358,179,179,6,4,2,13,7,6,348,179,169
WILSON COUNTY,493,12 Years,752,392,360,382,210,172,5,2,3,10,3,7,355,177,178
WILSON COUNTY,493,13 Years,783,414,369,404,216,188,5,1,4,9,7,2,365,190,175
WILSON COUNTY,493,14 Years,803,428,375,415,217,198,9,5,4,12,8,4,367,198,169
WILSON COUNTY,493,15 Years,786,422,364,395,212,183,10,6,4,10,7,3,371,197,174
WILSON COUNTY,493,16 Years,776,414,362,393,216,177,14,6,8,17,11,6,352,181,171
WILSON COUNTY,493,17 Years,768,385,383,376,189,187,14,7,7,20,11,9,358,178,180
WILSON COUNTY,493,18 Years,752,372,380,372,173,199,10,6,4,20,11,9,350,182,168
WILSON COUNTY,493,19 Years,667,341,326,313,157,156,8,4,4,19,11,8,327,169,158
WILSON COUNTY,493,20 Years,639,323,316,296,161,135,10,4,6,15,6,9,318,152,166
WILSON COUNTY,493,21 Years,639,337,302,292,161,131,13,5,8,13,6,7,321,165,156
WILSON COUNTY,493,22 Years,587,319,268,260,135,125,10,5,5,13,7,6,304,172,132
WILSON COUNTY,493,23 Years,486,259,227,203,108,95,7,5,2,6,3,3,270,143,127
WILSON COUNTY,493,24 Years,448,249,199,191,106,85,7,4,3,11,5,6,239,134,105
WILSON COUNTY,493,25 Years,400,212,188,183,96,87,7,4,3,6,3,3,204,109,95
WILSON COUNTY,493,26 Years,371,189,182,185,93,92,7,4,3,5,2,3,174,90,84
WILSON COUNTY,493,27 Years,365,186,179,195,98,97,6,5,1,4,2,2,160,81,79
WILSON COUNTY,493,28 Years,352,166,186,178,90,88,3,2,1,5,4,1,166,70,96
WILSON COUNTY,493,29 Years,362,165,197,189,91,98,4,2,2,5,1,4,164,71,93
WILSON COUNTY,493,30 Years,418,201,217,225,107,118,6,3,3,7,1,6,180,90,90
WILSON COUNTY,493,31 Years,428,203,225,225,102,123,9,6,3,5,0,5,189,95,94
WILSON COUNTY,493,32 Years,441,211,230,238,106,132,8,5,3,7,3,4,188,97,91
WILSON COUNTY,493,33 Years,486,236,250,272,120,152,4,2,2,7,4,3,203,110,93
WILSON COUNTY,493,34 Years,503,240,263,285,140,145,3,3,0,6,2,4,209,95,114
WILSON COUNTY,493,35 Years,496,231,265,306,146,160,4,3,1,3,1,2,183,81,102
WILSON COUNTY,493,36 Years,499,225,274,307,137,170,5,3,2,7,3,4,180,82,98
WILSON COUNTY,493,37 Years,519,257,262,317,159,158,2,1,1,5,3,2,195,94,101
WILSON COUNTY,493,38 Years,552,257,295,329,166,163,4,3,1,6,3,3,213,85,128
WILSON COUNTY,493,39 Years,591,286,305,361,180,181,4,3,1,4,2,2,222,101,121
WILSON COUNTY,493,40 Years,554,283,271,322,168,154,5,2,3,6,1,5,221,112,109
WILSON COUNTY,493,41 Years,624,309,315,360,178,182,5,2,3,7,3,4,252,126,126
WILSON COUNTY,493,42 Years,690,334,356,423,208,215,7,4,3,4,1,3,256,121,135
WILSON COUNTY,493,43 Years,700,329,371,438,211,227,6,5,1,5,2,3,251,111,140
WILSON COUNTY,493,44 Years,705,331,374,444,217,227,7,2,5,13,6,7,241,106,135
WILSON COUNTY,493,45 Years,694,334,360,418,204,214,6,2,4,12,4,8,258,124,134
WILSON COUNTY,493,46 Years,678,334,344,405,198,207,5,5,0,13,6,7,255,125,130
WILSON COUNTY,493,47 Years,696,356,340,415,210,205,8,5,3,18,7,11,255,134,121
WILSON COUNTY,493,48 Years,742,387,355,432,224,208,12,7,5,16,6,10,282,150,132
WILSON COUNTY,493,49 Years,781,388,393,458,222,236,12,6,6,20,8,12,291,152,139
WILSON COUNTY,493,50 Years,790,385,405,482,233,249,14,7,7,17,8,9,277,137,140
WILSON COUNTY,493,51 Years,797,394,403,490,249,241,13,5,8,15,8,7,279,132,147
WILSON COUNTY,493,52 Years,771,389,382,479,248,231,11,3,8,17,8,9,264,130,134
WILSON COUNTY,493,53 Years,818,406,412,512,253,259,14,8,6,16,7,9,276,138,138
WILSON COUNTY,493,54 Years,795,397,398,522,268,254,20,12,8,15,7,8,238,110,128
WILSON COUNTY,493,55 Years,746,366,380,481,242,239,19,8,11,15,5,10,231,111,120
WILSON COUNTY,493,56 Years,731,347,384,462,222,240,12,7,5,15,5,10,242,113,129
WILSON COUNTY,493,57 Years,708,339,369,466,223,243,14,9,5,10,2,8,218,105,113
WILSON COUNTY,493,58 Years,715,359,356,453,225,228,17,8,9,9,4,5,236,122,114
WILSON COUNTY,493,59 Years,702,340,362,441,214,227,18,8,10,7,3,4,236,115,121
WILSON COUNTY,493,60 Years,681,321,360,439,196,243,13,9,4,9,3,6,220,113,107
WILSON COUNTY,493,61 Years,632,305,327,416,190,226,9,7,2,12,3,9,195,105,90
WILSON COUNTY,493,62 Years,617,278,339,414,187,227,9,6,3,9,3,6,185,82,103
WILSON COUNTY,493,63 Years,595,282,313,397,190,207,13,7,6,10,3,7,175,82,93
WILSON COUNTY,493,64 Years,613,308,305,416,210,206,11,7,4,11,3,8,175,88,87
WILSON COUNTY,493,65 Years,596,297,299,418,203,215,9,6,3,9,2,7,160,86,74
WILSON COUNTY,493,66 Years,550,283,267,396,204,192,11,7,4,7,3,4,136,69,67
WILSON COUNTY,493,67 Years,531,264,267,379,196,183,11,7,4,7,3,4,134,58,76
WILSON COUNTY,493,68 Years,476,241,235,325,164,161,9,3,6,4,2,2,138,72,66
WILSON COUNTY,493,69 Years,433,227,206,284,150,134,7,4,3,3,1,2,139,72,67
WILSON COUNTY,493,70 Years,403,199,204,270,135,135,8,5,3,5,2,3,120,57,63
WILSON COUNTY,493,71 Years,371,185,186,251,133,118,7,5,2,8,2,6,105,45,60
WILSON COUNTY,493,72 Years,333,172,161,223,116,107,6,5,1,8,1,7,96,50,46
WILSON COUNTY,493,73 Years,289,157,132,210,115,95,6,4,2,2,1,1,71,37,34
WILSON COUNTY,493,74 Years,282,142,140,204,101,103,5,2,3,2,2,0,71,37,34
WILSON COUNTY,493,75 Years,263,131,132,194,98,96,6,4,2,5,3,2,58,26,32
WILSON COUNTY,493,76 Years,234,109,125,170,86,84,8,3,5,2,1,1,54,19,35
WILSON COUNTY,493,77 Years,205,100,105,142,74,68,5,2,3,2,1,1,56,23,33
WILSON COUNTY,493,78 Years,184,93,91,124,67,57,3,1,2,1,0,1,56,25,31
WILSON COUNTY,493,79 Years,180,80,100,121,59,62,1,0,1,2,0,2,56,21,35
WILSON COUNTY,493,80 Years,169,72,97,108,47,61,4,2,2,1,0,1,56,23,33
WILSON COUNTY,493,81 Years,172,86,86,116,56,60,5,4,1,0,0,0,51,26,25
WILSON COUNTY,493,82 Years,178,89,89,114,58,56,4,3,1,5,3,2,55,25,30
WILSON COUNTY,493,83 Years,148,73,75,103,54,49,1,1,0,2,1,1,42,17,25
WILSON COUNTY,493,84 Years,130,60,70,91,42,49,2,0,2,2,1,1,35,17,18
WILSON COUNTY,493,85 Years +,744,297,447,524,211,313,15,5,10,7,1,6,198,80,118
WINKLER COUNTY,495,All Ages,7716,3899,3817,3166,1596,1570,145,62,83,154,87,67,4251,2154,2097
WINKLER COUNTY,495,< 1 Year,121,57,64,37,19,18,5,1,4,7,2,5,72,35,37
WINKLER COUNTY,495,1 Years,122,64,58,36,19,17,5,1,4,5,3,2,76,41,35
WINKLER COUNTY,495,2 Years,115,62,53,33,18,15,5,2,3,0,0,0,77,42,35
WINKLER COUNTY,495,3 Years,106,57,49,31,16,15,4,2,2,3,1,2,68,38,30
WINKLER COUNTY,495,4 Years,116,57,59,38,22,16,5,4,1,3,3,0,70,28,42
WINKLER COUNTY,495,5 Years,133,71,62,39,27,12,3,2,1,4,1,3,87,41,46
WINKLER COUNTY,495,6 Years,133,70,63,44,26,18,1,0,1,6,2,4,82,42,40
WINKLER COUNTY,495,7 Years,123,69,54,38,22,16,0,0,0,5,4,1,80,43,37
WINKLER COUNTY,495,8 Years,123,58,65,30,14,16,1,0,1,6,5,1,86,39,47
WINKLER COUNTY,495,9 Years,107,55,52,32,14,18,2,2,0,4,3,1,69,36,33
WINKLER COUNTY,495,10 Years,115,65,50,30,14,16,3,1,2,2,2,0,80,48,32
WINKLER COUNTY,495,11 Years,126,65,61,39,19,20,2,0,2,2,2,0,83,44,39
WINKLER COUNTY,495,12 Years,107,48,59,27,13,14,2,0,2,4,2,2,74,33,41
WINKLER COUNTY,495,13 Years,126,70,56,34,17,17,5,2,3,3,1,2,84,50,34
WINKLER COUNTY,495,14 Years,106,53,53,35,17,18,3,1,2,2,1,1,66,34,32
WINKLER COUNTY,495,15 Years,108,58,50,27,17,10,1,0,1,3,3,0,77,38,39
WINKLER COUNTY,495,16 Years,129,61,68,39,21,18,0,0,0,3,2,1,87,38,49
WINKLER COUNTY,495,17 Years,131,65,66,36,20,16,2,1,1,2,1,1,91,43,48
WINKLER COUNTY,495,18 Years,120,65,55,38,18,20,1,1,0,4,3,1,77,43,34
WINKLER COUNTY,495,19 Years,105,57,48,39,19,20,2,1,1,1,1,0,63,36,27
WINKLER COUNTY,495,20 Years,123,70,53,37,19,18,3,2,1,5,3,2,78,46,32
WINKLER COUNTY,495,21 Years,120,55,65,36,15,21,1,0,1,2,0,2,81,40,41
WINKLER COUNTY,495,22 Years,98,54,44,32,19,13,0,0,0,1,1,0,65,34,31
WINKLER COUNTY,495,23 Years,91,55,36,31,19,12,0,0,0,2,2,0,58,34,24
WINKLER COUNTY,495,24 Years,94,47,47,26,13,13,2,1,1,3,2,1,63,31,32
WINKLER COUNTY,495,25 Years,84,45,39,29,15,14,3,1,2,1,1,0,51,28,23
WINKLER COUNTY,495,26 Years,75,42,33,34,14,20,1,0,1,2,2,0,38,26,12
WINKLER COUNTY,495,27 Years,82,44,38,42,22,20,0,0,0,2,0,2,38,22,16
WINKLER COUNTY,495,28 Years,93,47,46,30,16,14,1,1,0,1,0,1,61,30,31
WINKLER COUNTY,495,29 Years,93,39,54,34,17,17,3,0,3,1,0,1,55,22,33
WINKLER COUNTY,495,30 Years,98,51,47,36,19,17,1,0,1,1,0,1,60,32,28
WINKLER COUNTY,495,31 Years,105,58,47,37,19,18,3,3,0,2,1,1,63,35,28
WINKLER COUNTY,495,32 Years,101,53,48,35,18,17,3,1,2,1,1,0,62,33,29
WINKLER COUNTY,495,33 Years,87,46,41,34,19,15,2,1,1,2,2,0,49,24,25
WINKLER COUNTY,495,34 Years,87,43,44,32,15,17,1,1,0,3,1,2,51,26,25
WINKLER COUNTY,495,35 Years,76,33,43,29,14,15,1,0,1,2,2,0,44,17,27
WINKLER COUNTY,495,36 Years,88,41,47,31,12,19,0,0,0,1,1,0,56,28,28
WINKLER COUNTY,495,37 Years,85,41,44,33,19,14,1,1,0,1,1,0,50,20,30
WINKLER COUNTY,495,38 Years,105,59,46,35,23,12,1,1,0,2,2,0,67,33,34
WINKLER COUNTY,495,39 Years,91,43,48,29,15,14,2,2,0,2,2,0,58,24,34
WINKLER COUNTY,495,40 Years,81,37,44,32,14,18,0,0,0,2,1,1,47,22,25
WINKLER COUNTY,495,41 Years,84,36,48,41,15,26,2,1,1,2,0,2,39,20,19
WINKLER COUNTY,495,42 Years,84,48,36,36,21,15,1,1,0,2,1,1,45,25,20
WINKLER COUNTY,495,43 Years,89,43,46,35,18,17,3,1,2,2,2,0,49,22,27
WINKLER COUNTY,495,44 Years,86,36,50,33,13,20,2,1,1,1,1,0,50,21,29
WINKLER COUNTY,495,45 Years,85,39,46,29,12,17,1,1,0,1,0,1,54,26,28
WINKLER COUNTY,495,46 Years,76,35,41,31,13,18,1,0,1,1,0,1,43,22,21
WINKLER COUNTY,495,47 Years,82,35,47,38,17,21,1,0,1,1,1,0,42,17,25
WINKLER COUNTY,495,48 Years,101,49,52,45,22,23,1,1,0,1,0,1,54,26,28
WINKLER COUNTY,495,49 Years,108,49,59,52,25,27,2,1,1,1,0,1,53,23,30
WINKLER COUNTY,495,50 Years,129,72,57,62,36,26,3,2,1,3,2,1,61,32,29
WINKLER COUNTY,495,51 Years,126,66,60,62,32,30,1,0,1,5,3,2,58,31,27
WINKLER COUNTY,495,52 Years,133,71,62,68,37,31,3,3,0,2,0,2,60,31,29
WINKLER COUNTY,495,53 Years,110,62,48,56,35,21,0,0,0,1,0,1,53,27,26
WINKLER COUNTY,495,54 Years,105,59,46,50,30,20,3,1,2,1,0,1,51,28,23
WINKLER COUNTY,495,55 Years,103,57,46,49,28,21,2,2,0,0,0,0,52,27,25
WINKLER COUNTY,495,56 Years,100,61,39,52,34,18,2,1,1,1,0,1,45,26,19
WINKLER COUNTY,495,57 Years,107,58,49,57,33,24,2,0,2,2,1,1,46,24,22
WINKLER COUNTY,495,58 Years,109,52,57,58,28,30,4,1,3,2,1,1,45,22,23
WINKLER COUNTY,495,59 Years,88,47,41,53,28,25,3,1,2,0,0,0,32,18,14
WINKLER COUNTY,495,60 Years,89,45,44,50,23,27,3,1,2,0,0,0,36,21,15
WINKLER COUNTY,495,61 Years,86,48,38,47,27,20,3,1,2,2,1,1,34,19,15
WINKLER COUNTY,495,62 Years,87,44,43,46,26,20,2,1,1,1,0,1,38,17,21
WINKLER COUNTY,495,63 Years,90,44,46,52,26,26,1,0,1,1,0,1,36,18,18
WINKLER COUNTY,495,64 Years,78,39,39,47,23,24,1,0,1,2,2,0,28,14,14
WINKLER COUNTY,495,65 Years,66,37,29,33,17,16,1,1,0,1,0,1,31,19,12
WINKLER COUNTY,495,66 Years,73,35,38,36,17,19,0,0,0,1,0,1,36,18,18
WINKLER COUNTY,495,67 Years,84,36,48,49,19,30,2,1,1,0,0,0,33,16,17
WINKLER COUNTY,495,68 Years,73,38,35,42,21,21,1,0,1,0,0,0,30,17,13
WINKLER COUNTY,495,69 Years,65,24,41,33,12,21,0,0,0,1,0,1,31,12,19
WINKLER COUNTY,495,70 Years,59,24,35,35,13,22,0,0,0,1,0,1,23,11,12
WINKLER COUNTY,495,71 Years,54,22,32,32,13,19,1,0,1,1,1,0,20,8,12
WINKLER COUNTY,495,72 Years,46,21,25,27,11,16,1,1,0,1,1,0,17,8,9
WINKLER COUNTY,495,73 Years,42,21,21,26,12,14,1,0,1,0,0,0,15,9,6
WINKLER COUNTY,495,74 Years,39,20,19,23,12,11,1,0,1,0,0,0,15,8,7
WINKLER COUNTY,495,75 Years,41,20,21,24,12,12,0,0,0,0,0,0,17,8,9
WINKLER COUNTY,495,76 Years,45,18,27,29,13,16,0,0,0,0,0,0,16,5,11
WINKLER COUNTY,495,77 Years,39,18,21,26,13,13,0,0,0,0,0,0,13,5,8
WINKLER COUNTY,495,78 Years,39,15,24,25,11,14,1,0,1,1,0,1,12,4,8
WINKLER COUNTY,495,79 Years,34,17,17,22,10,12,1,0,1,0,0,0,11,7,4
WINKLER COUNTY,495,80 Years,28,15,13,20,9,11,0,0,0,1,0,1,7,6,1
WINKLER COUNTY,495,81 Years,26,13,13,17,7,10,0,0,0,1,1,0,8,5,3
WINKLER COUNTY,495,82 Years,26,11,15,17,7,10,0,0,0,1,1,0,8,3,5
WINKLER COUNTY,495,83 Years,30,10,20,19,6,13,0,0,0,0,0,0,11,4,7
WINKLER COUNTY,495,84 Years,27,11,16,16,7,9,1,0,1,0,0,0,10,4,6
WINKLER COUNTY,495,85 Years +,116,48,68,70,24,46,6,2,4,1,1,0,39,21,18
WISE COUNTY,497,All Ages,61661,30929,30732,47047,23290,23757,577,388,189,1619,766,853,12418,6485,5933
WISE COUNTY,497,< 1 Year,763,388,375,492,243,249,5,2,3,44,27,17,222,116,106
WISE COUNTY,497,1 Years,745,368,377,482,235,247,6,2,4,35,18,17,222,113,109
WISE COUNTY,497,2 Years,731,357,374,474,227,247,5,2,3,31,11,20,221,117,104
WISE COUNTY,497,3 Years,750,373,377,472,230,242,6,3,3,44,17,27,228,123,105
WISE COUNTY,497,4 Years,736,392,344,466,253,213,6,1,5,35,16,19,229,122,107
WISE COUNTY,497,5 Years,781,383,398,513,249,264,7,4,3,26,14,12,235,116,119
WISE COUNTY,497,6 Years,824,424,400,536,278,258,4,3,1,25,14,11,259,129,130
WISE COUNTY,497,7 Years,834,443,391,537,281,256,8,5,3,29,18,11,260,139,121
WISE COUNTY,497,8 Years,838,441,397,550,290,260,5,3,2,29,18,11,254,130,124
WISE COUNTY,497,9 Years,837,431,406,541,277,264,4,2,2,34,20,14,258,132,126
WISE COUNTY,497,10 Years,868,430,438,571,293,278,2,2,0,34,13,21,261,122,139
WISE COUNTY,497,11 Years,885,439,446,595,300,295,3,2,1,31,13,18,256,124,132
WISE COUNTY,497,12 Years,912,468,444,608,317,291,9,4,5,26,12,14,269,135,134
WISE COUNTY,497,13 Years,978,500,478,656,334,322,9,4,5,24,9,15,289,153,136
WISE COUNTY,497,14 Years,993,503,490,660,344,316,11,5,6,31,11,20,291,143,148
WISE COUNTY,497,15 Years,967,521,446,658,358,300,4,3,1,29,15,14,276,145,131
WISE COUNTY,497,16 Years,988,511,477,691,363,328,4,1,3,30,15,15,263,132,131
WISE COUNTY,497,17 Years,974,493,481,678,348,330,3,1,2,24,14,10,269,130,139
WISE COUNTY,497,18 Years,908,472,436,619,319,300,7,5,2,24,15,9,258,133,125
WISE COUNTY,497,19 Years,825,436,389,557,295,262,8,7,1,33,19,14,227,115,112
WISE COUNTY,497,20 Years,791,423,368,535,286,249,6,5,1,39,19,20,211,113,98
WISE COUNTY,497,21 Years,797,427,370,539,295,244,7,4,3,32,13,19,219,115,104
WISE COUNTY,497,22 Years,765,403,362,511,274,237,8,4,4,29,15,14,217,110,107
WISE COUNTY,497,23 Years,728,374,354,482,250,232,8,5,3,26,16,10,212,103,109
WISE COUNTY,497,24 Years,724,377,347,485,238,247,5,4,1,22,13,9,212,122,90
WISE COUNTY,497,25 Years,688,355,333,464,225,239,7,4,3,17,7,10,200,119,81
WISE COUNTY,497,26 Years,662,341,321,429,206,223,11,8,3,14,5,9,208,122,86
WISE COUNTY,497,27 Years,667,345,322,434,211,223,11,9,2,14,7,7,208,118,90
WISE COUNTY,497,28 Years,682,377,305,457,244,213,12,10,2,16,7,9,197,116,81
WISE COUNTY,497,29 Years,690,362,328,475,237,238,11,8,3,16,8,8,188,109,79
WISE COUNTY,497,30 Years,709,360,349,488,232,256,14,8,6,17,7,10,190,113,77
WISE COUNTY,497,31 Years,715,357,358,476,235,241,16,9,7,15,3,12,208,110,98
WISE COUNTY,497,32 Years,760,365,395,525,242,283,14,7,7,16,5,11,205,111,94
WISE COUNTY,497,33 Years,733,361,372,514,250,264,14,10,4,14,5,9,191,96,95
WISE COUNTY,497,34 Years,715,353,362,505,246,259,12,9,3,12,4,8,186,94,92
WISE COUNTY,497,35 Years,690,345,345,509,251,258,7,6,1,12,4,8,162,84,78
WISE COUNTY,497,36 Years,700,344,356,518,249,269,7,6,1,13,6,7,162,83,79
WISE COUNTY,497,37 Years,689,335,354,490,228,262,18,13,5,11,6,5,170,88,82
WISE COUNTY,497,38 Years,714,379,335,523,265,258,16,14,2,11,7,4,164,93,71
WISE COUNTY,497,39 Years,726,372,354,551,276,275,9,7,2,14,3,11,152,86,66
WISE COUNTY,497,40 Years,754,383,371,536,269,267,8,7,1,21,8,13,189,99,90
WISE COUNTY,497,41 Years,766,365,401,563,263,300,12,9,3,19,9,10,172,84,88
WISE COUNTY,497,42 Years,828,386,442,626,289,337,19,15,4,18,7,11,165,75,90
WISE COUNTY,497,43 Years,878,429,449,680,331,349,11,10,1,25,10,15,162,78,84
WISE COUNTY,497,44 Years,876,433,443,690,340,350,9,5,4,26,15,11,151,73,78
WISE COUNTY,497,45 Years,823,400,423,643,306,337,12,9,3,17,9,8,151,76,75
WISE COUNTY,497,46 Years,839,407,432,651,307,344,10,8,2,24,13,11,154,79,75
WISE COUNTY,497,47 Years,860,424,436,666,322,344,9,7,2,24,13,11,161,82,79
WISE COUNTY,497,48 Years,916,474,442,729,369,360,14,12,2,20,12,8,153,81,72
WISE COUNTY,497,49 Years,922,463,459,743,367,376,15,11,4,20,9,11,144,76,68
WISE COUNTY,497,50 Years,963,465,498,799,379,420,9,5,4,27,10,17,128,71,57
WISE COUNTY,497,51 Years,1013,496,517,844,406,438,4,4,0,33,10,23,132,76,56
WISE COUNTY,497,52 Years,974,478,496,820,395,425,11,10,1,26,8,18,117,65,52
WISE COUNTY,497,53 Years,976,497,479,827,420,407,9,7,2,23,8,15,117,62,55
WISE COUNTY,497,54 Years,987,482,505,842,416,426,8,5,3,20,6,14,117,55,62
WISE COUNTY,497,55 Years,972,487,485,836,419,417,8,7,1,18,8,10,110,53,57
WISE COUNTY,497,56 Years,959,494,465,831,418,413,11,10,1,18,9,9,99,57,42
WISE COUNTY,497,57 Years,924,485,439,810,417,393,4,2,2,16,10,6,94,56,38
WISE COUNTY,497,58 Years,863,436,427,755,376,379,7,5,2,19,11,8,82,44,38
WISE COUNTY,497,59 Years,825,434,391,711,365,346,6,4,2,21,12,9,87,53,34
WISE COUNTY,497,60 Years,773,385,388,658,320,338,5,4,1,23,13,10,87,48,39
WISE COUNTY,497,61 Years,756,367,389,666,322,344,4,2,2,17,11,6,69,32,37
WISE COUNTY,497,62 Years,704,351,353,635,316,319,3,2,1,11,5,6,55,28,27
WISE COUNTY,497,63 Years,680,335,345,607,298,309,4,2,2,9,3,6,60,32,28
WISE COUNTY,497,64 Years,689,338,351,619,300,319,3,2,1,9,4,5,58,32,26
WISE COUNTY,497,65 Years,639,296,343,583,267,316,3,2,1,10,4,6,43,23,20
WISE COUNTY,497,66 Years,673,344,329,619,313,306,5,2,3,9,5,4,40,24,16
WISE COUNTY,497,67 Years,655,334,321,599,306,293,2,1,1,18,9,9,36,18,18
WISE COUNTY,497,68 Years,599,310,289,540,278,262,4,2,2,13,7,6,42,23,19
WISE COUNTY,497,69 Years,549,263,286,506,239,267,2,1,1,6,2,4,35,21,14
WISE COUNTY,497,70 Years,558,279,279,524,264,260,1,1,0,4,1,3,29,13,16
WISE COUNTY,497,71 Years,529,256,273,493,243,250,1,1,0,6,2,4,29,10,19
WISE COUNTY,497,72 Years,480,225,255,444,213,231,2,1,1,8,3,5,26,8,18
WISE COUNTY,497,73 Years,446,216,230,401,197,204,2,1,1,10,4,6,33,14,19
WISE COUNTY,497,74 Years,391,191,200,359,173,186,1,0,1,4,2,2,27,16,11
WISE COUNTY,497,75 Years,349,163,186,321,151,170,1,0,1,3,1,2,24,11,13
WISE COUNTY,497,76 Years,317,161,156,291,152,139,1,1,0,5,1,4,20,7,13
WISE COUNTY,497,77 Years,302,141,161,284,133,151,0,0,0,7,4,3,11,4,7
WISE COUNTY,497,78 Years,270,118,152,256,111,145,0,0,0,3,2,1,11,5,6
WISE COUNTY,497,79 Years,251,113,138,237,106,131,0,0,0,2,1,1,12,6,6
WISE COUNTY,497,80 Years,256,121,135,236,111,125,2,0,2,4,2,2,14,8,6
WISE COUNTY,497,81 Years,217,109,108,202,101,101,1,0,1,4,2,2,10,6,4
WISE COUNTY,497,82 Years,172,87,85,161,80,81,0,0,0,2,2,0,9,5,4
WISE COUNTY,497,83 Years,166,76,90,153,67,86,1,0,1,3,3,0,9,6,3
WISE COUNTY,497,84 Years,156,62,94,143,56,87,0,0,0,3,1,2,10,5,5
WISE COUNTY,497,85 Years +,684,242,442,642,225,417,4,0,4,13,6,7,25,11,14
WOOD COUNTY,499,All Ages,43547,21446,22101,36331,17693,18638,2076,1042,1034,1021,508,513,4119,2203,1916
WOOD COUNTY,499,< 1 Year,416,224,192,289,156,133,20,9,11,37,22,15,70,37,33
WOOD COUNTY,499,1 Years,421,220,201,295,155,140,17,9,8,38,22,16,71,34,37
WOOD COUNTY,499,2 Years,412,212,200,295,149,146,14,10,4,32,19,13,71,34,37
WOOD COUNTY,499,3 Years,427,220,207,303,153,150,14,9,5,32,19,13,78,39,39
WOOD COUNTY,499,4 Years,426,198,228,316,150,166,14,4,10,24,10,14,72,34,38
WOOD COUNTY,499,5 Years,444,228,216,317,170,147,17,7,10,18,9,9,92,42,50
WOOD COUNTY,499,6 Years,437,226,211,312,164,148,20,12,8,22,11,11,83,39,44
WOOD COUNTY,499,7 Years,464,250,214,341,181,160,14,7,7,22,10,12,87,52,35
WOOD COUNTY,499,8 Years,455,237,218,349,175,174,11,8,3,17,9,8,78,45,33
WOOD COUNTY,499,9 Years,447,239,208,328,174,154,15,8,7,19,10,9,85,47,38
WOOD COUNTY,499,10 Years,481,253,228,355,190,165,18,11,7,18,10,8,90,42,48
WOOD COUNTY,499,11 Years,490,242,248,353,174,179,22,12,10,23,11,12,92,45,47
WOOD COUNTY,499,12 Years,505,249,256,368,177,191,19,7,12,25,16,9,93,49,44
WOOD COUNTY,499,13 Years,541,275,266,382,191,191,27,14,13,23,15,8,109,55,54
WOOD COUNTY,499,14 Years,518,265,253,383,191,192,18,10,8,23,10,13,94,54,40
WOOD COUNTY,499,15 Years,538,268,270,404,201,203,14,5,9,20,8,12,100,54,46
WOOD COUNTY,499,16 Years,514,259,255,387,193,194,21,12,9,17,8,9,89,46,43
WOOD COUNTY,499,17 Years,531,255,276,410,194,216,25,13,12,17,9,8,79,39,40
WOOD COUNTY,499,18 Years,520,267,253,382,182,200,40,31,9,13,9,4,85,45,40
WOOD COUNTY,499,19 Years,504,275,229,358,182,176,55,48,7,12,7,5,79,38,41
WOOD COUNTY,499,20 Years,463,247,216,329,165,164,46,36,10,12,6,6,76,40,36
WOOD COUNTY,499,21 Years,441,237,204,308,159,149,44,30,14,11,6,5,78,42,36
WOOD COUNTY,499,22 Years,491,263,228,314,166,148,77,37,40,11,4,7,89,56,33
WOOD COUNTY,499,23 Years,478,242,236,303,159,144,91,36,55,7,3,4,77,44,33
WOOD COUNTY,499,24 Years,477,239,238,286,146,140,104,37,67,8,6,2,79,50,29
WOOD COUNTY,499,25 Years,451,224,227,278,137,141,91,37,54,8,6,2,74,44,30
WOOD COUNTY,499,26 Years,402,201,201,266,137,129,63,25,38,11,6,5,62,33,29
WOOD COUNTY,499,27 Years,381,215,166,272,151,121,35,20,15,7,3,4,67,41,26
WOOD COUNTY,499,28 Years,369,193,176,271,137,134,29,18,11,6,3,3,63,35,28
WOOD COUNTY,499,29 Years,344,183,161,264,136,128,24,15,9,7,3,4,49,29,20
WOOD COUNTY,499,30 Years,303,140,163,232,106,126,19,10,9,3,0,3,49,24,25
WOOD COUNTY,499,31 Years,321,163,158,247,124,123,16,8,8,4,2,2,54,29,25
WOOD COUNTY,499,32 Years,356,184,172,272,138,134,15,10,5,9,4,5,60,32,28
WOOD COUNTY,499,33 Years,379,186,193,302,145,157,16,11,5,6,3,3,55,27,28
WOOD COUNTY,499,34 Years,366,185,181,274,140,134,18,10,8,7,4,3,67,31,36
WOOD COUNTY,499,35 Years,385,197,188,311,158,153,14,5,9,8,5,3,52,29,23
WOOD COUNTY,499,36 Years,362,180,182,280,136,144,12,6,6,9,5,4,61,33,28
WOOD COUNTY,499,37 Years,375,186,189,295,146,149,13,4,9,7,2,5,60,34,26
WOOD COUNTY,499,38 Years,385,198,187,313,162,151,14,6,8,6,2,4,52,28,24
WOOD COUNTY,499,39 Years,384,203,181,321,171,150,9,4,5,6,2,4,48,26,22
WOOD COUNTY,499,40 Years,367,188,179,312,159,153,9,4,5,7,2,5,39,23,16
WOOD COUNTY,499,41 Years,401,185,216,333,151,182,10,4,6,5,1,4,53,29,24
WOOD COUNTY,499,42 Years,435,213,222,367,179,188,11,7,4,7,4,3,50,23,27
WOOD COUNTY,499,43 Years,436,233,203,372,199,173,11,8,3,10,7,3,43,19,24
WOOD COUNTY,499,44 Years,482,246,236,403,204,199,17,9,8,13,4,9,49,29,20
WOOD COUNTY,499,45 Years,466,245,221,392,204,188,12,5,7,8,2,6,54,34,20
WOOD COUNTY,499,46 Years,474,234,240,395,192,203,19,8,11,8,4,4,52,30,22
WOOD COUNTY,499,47 Years,452,218,234,384,178,206,18,8,10,7,3,4,43,29,14
WOOD COUNTY,499,48 Years,500,246,254,419,197,222,22,14,8,8,4,4,51,31,20
WOOD COUNTY,499,49 Years,536,264,272,465,221,244,21,13,8,10,3,7,40,27,13
WOOD COUNTY,499,50 Years,572,269,303,511,237,274,20,9,11,6,2,4,35,21,14
WOOD COUNTY,499,51 Years,555,272,283,481,233,248,23,12,11,9,4,5,42,23,19
WOOD COUNTY,499,52 Years,584,274,310,504,235,269,22,11,11,14,8,6,44,20,24
WOOD COUNTY,499,53 Years,619,308,311,546,277,269,20,13,7,19,8,11,34,10,24
WOOD COUNTY,499,54 Years,645,324,321,560,277,283,29,20,9,14,5,9,42,22,20
WOOD COUNTY,499,55 Years,621,313,308,552,279,273,29,14,15,6,3,3,34,17,17
WOOD COUNTY,499,56 Years,603,302,301,540,269,271,26,10,16,9,4,5,28,19,9
WOOD COUNTY,499,57 Years,663,316,347,585,277,308,41,19,22,8,6,2,29,14,15
WOOD COUNTY,499,58 Years,643,310,333,560,266,294,43,26,17,10,4,6,30,14,16
WOOD COUNTY,499,59 Years,659,301,358,593,270,323,26,13,13,13,3,10,27,15,12
WOOD COUNTY,499,60 Years,692,306,386,621,273,348,31,13,18,12,5,7,28,15,13
WOOD COUNTY,499,61 Years,673,301,372,609,270,339,28,14,14,11,5,6,25,12,13
WOOD COUNTY,499,62 Years,700,325,375,645,299,346,23,11,12,10,4,6,22,11,11
WOOD COUNTY,499,63 Years,719,346,373,660,314,346,21,9,12,15,8,7,23,15,8
WOOD COUNTY,499,64 Years,738,349,389,684,322,362,20,9,11,14,6,8,20,12,8
WOOD COUNTY,499,65 Years,780,384,396,722,352,370,23,12,11,18,10,8,17,10,7
WOOD COUNTY,499,66 Years,836,409,427,784,379,405,25,15,10,14,7,7,13,8,5
WOOD COUNTY,499,67 Years,834,414,420,787,393,394,24,9,15,9,3,6,14,9,5
WOOD COUNTY,499,68 Years,697,337,360,657,322,335,17,5,12,11,5,6,12,5,7
WOOD COUNTY,499,69 Years,725,350,375,690,331,359,10,4,6,11,8,3,14,7,7
WOOD COUNTY,499,70 Years,771,379,392,726,356,370,26,12,14,9,6,3,10,5,5
WOOD COUNTY,499,71 Years,743,361,382,701,340,361,25,12,13,7,2,5,10,7,3
WOOD COUNTY,499,72 Years,685,325,360,647,308,339,20,7,13,7,4,3,11,6,5
WOOD COUNTY,499,73 Years,626,289,337,590,278,312,17,5,12,7,2,5,12,4,8
WOOD COUNTY,499,74 Years,574,264,310,541,248,293,14,8,6,7,3,4,12,5,7
WOOD COUNTY,499,75 Years,538,258,280,502,242,260,20,7,13,7,5,2,9,4,5
WOOD COUNTY,499,76 Years,486,241,245,453,228,225,18,6,12,6,2,4,9,5,4
WOOD COUNTY,499,77 Years,428,224,204,405,212,193,11,7,4,4,2,2,8,3,5
WOOD COUNTY,499,78 Years,395,200,195,377,189,188,10,6,4,3,2,1,5,3,2
WOOD COUNTY,499,79 Years,403,204,199,378,191,187,10,5,5,7,3,4,8,5,3
WOOD COUNTY,499,80 Years,336,157,179,313,146,167,9,6,3,5,3,2,9,2,7
WOOD COUNTY,499,81 Years,294,141,153,274,131,143,10,3,7,3,3,0,7,4,3
WOOD COUNTY,499,82 Years,267,124,143,251,119,132,7,2,5,6,2,4,3,1,2
WOOD COUNTY,499,83 Years,236,107,129,217,99,118,8,3,5,6,2,4,5,3,2
WOOD COUNTY,499,84 Years,228,98,130,215,94,121,8,2,6,1,0,1,4,2,2
WOOD COUNTY,499,85 Years +,1026,364,662,943,332,611,47,12,35,15,6,9,21,14,7
YOAKUM COUNTY,501,All Ages,8317,4163,4154,2943,1449,1494,56,22,34,117,55,62,5201,2637,2564
YOAKUM COUNTY,501,< 1 Year,147,84,63,22,14,8,2,1,1,2,1,1,121,68,53
YOAKUM COUNTY,501,1 Years,136,77,59,22,13,9,2,1,1,1,1,0,111,62,49
YOAKUM COUNTY,501,2 Years,134,73,61,25,14,11,2,1,1,1,1,0,106,57,49
YOAKUM COUNTY,501,3 Years,114,59,55,22,12,10,0,0,0,3,2,1,89,45,44
YOAKUM COUNTY,501,4 Years,131,70,61,24,14,10,1,1,0,2,0,2,104,55,49
YOAKUM COUNTY,501,5 Years,154,69,85,34,17,17,1,0,1,3,0,3,116,52,64
YOAKUM COUNTY,501,6 Years,147,66,81,34,14,20,0,0,0,2,0,2,111,52,59
YOAKUM COUNTY,501,7 Years,136,62,74,40,19,21,1,0,1,3,0,3,92,43,49
YOAKUM COUNTY,501,8 Years,141,66,75,42,22,20,0,0,0,1,0,1,98,44,54
YOAKUM COUNTY,501,9 Years,144,71,73,35,18,17,1,1,0,1,0,1,107,52,55
YOAKUM COUNTY,501,10 Years,152,76,76,41,21,20,1,0,1,2,2,0,108,53,55
YOAKUM COUNTY,501,11 Years,139,66,73,39,21,18,1,0,1,2,2,0,97,43,54
YOAKUM COUNTY,501,12 Years,139,67,72,40,18,22,0,0,0,3,2,1,96,47,49
YOAKUM COUNTY,501,13 Years,145,73,72,35,15,20,0,0,0,1,1,0,109,57,52
YOAKUM COUNTY,501,14 Years,155,80,75,47,26,21,0,0,0,1,0,1,107,54,53
YOAKUM COUNTY,501,15 Years,156,87,69,45,24,21,0,0,0,2,1,1,109,62,47
YOAKUM COUNTY,501,16 Years,128,61,67,37,18,19,0,0,0,1,0,1,90,43,47
YOAKUM COUNTY,501,17 Years,128,60,68,33,18,15,0,0,0,2,1,1,93,41,52
YOAKUM COUNTY,501,18 Years,133,70,63,34,17,17,1,1,0,2,1,1,96,51,45
YOAKUM COUNTY,501,19 Years,113,57,56,30,17,13,1,1,0,1,0,1,81,39,42
YOAKUM COUNTY,501,20 Years,117,56,61,31,15,16,1,0,1,3,1,2,82,40,42
YOAKUM COUNTY,501,21 Years,142,75,67,38,20,18,0,0,0,3,1,2,101,54,47
YOAKUM COUNTY,501,22 Years,115,58,57,34,18,16,2,0,2,2,0,2,77,40,37
YOAKUM COUNTY,501,23 Years,102,53,49,25,15,10,1,0,1,0,0,0,76,38,38
YOAKUM COUNTY,501,24 Years,84,41,43,17,6,11,0,0,0,1,0,1,66,35,31
YOAKUM COUNTY,501,25 Years,85,37,48,17,5,12,0,0,0,2,1,1,66,31,35
YOAKUM COUNTY,501,26 Years,106,47,59,24,9,15,2,1,1,4,4,0,76,33,43
YOAKUM COUNTY,501,27 Years,109,58,51,20,11,9,2,1,1,2,2,0,85,44,41
YOAKUM COUNTY,501,28 Years,95,50,45,20,10,10,0,0,0,0,0,0,75,40,35
YOAKUM COUNTY,501,29 Years,89,51,38,17,8,9,0,0,0,1,0,1,71,43,28
YOAKUM COUNTY,501,30 Years,91,55,36,22,11,11,0,0,0,0,0,0,69,44,25
YOAKUM COUNTY,501,31 Years,98,54,44,30,13,17,0,0,0,0,0,0,68,41,27
YOAKUM COUNTY,501,32 Years,113,58,55,31,15,16,2,0,2,1,0,1,79,43,36
YOAKUM COUNTY,501,33 Years,115,47,68,38,17,21,2,0,2,3,2,1,72,28,44
YOAKUM COUNTY,501,34 Years,103,34,69,29,10,19,1,0,1,2,1,1,71,23,48
YOAKUM COUNTY,501,35 Years,93,47,46,24,14,10,0,0,0,1,0,1,68,33,35
YOAKUM COUNTY,501,36 Years,96,58,38,24,16,8,0,0,0,2,1,1,70,41,29
YOAKUM COUNTY,501,37 Years,111,64,47,28,18,10,1,1,0,2,1,1,80,44,36
YOAKUM COUNTY,501,38 Years,115,64,51,31,17,14,0,0,0,2,2,0,82,45,37
YOAKUM COUNTY,501,39 Years,107,57,50,34,17,17,1,0,1,2,2,0,70,38,32
YOAKUM COUNTY,501,40 Years,93,46,47,27,14,13,0,0,0,1,1,0,65,31,34
YOAKUM COUNTY,501,41 Years,85,44,41,22,14,8,0,0,0,0,0,0,63,30,33
YOAKUM COUNTY,501,42 Years,95,41,54,30,14,16,0,0,0,0,0,0,65,27,38
YOAKUM COUNTY,501,43 Years,89,42,47,26,14,12,0,0,0,1,0,1,62,28,34
YOAKUM COUNTY,501,44 Years,98,48,50,36,19,17,0,0,0,1,0,1,61,29,32
YOAKUM COUNTY,501,45 Years,110,52,58,41,18,23,0,0,0,3,2,1,66,32,34
YOAKUM COUNTY,501,46 Years,90,43,47,28,13,15,0,0,0,1,0,1,61,30,31
YOAKUM COUNTY,501,47 Years,100,53,47,29,15,14,0,0,0,3,2,1,68,36,32
YOAKUM COUNTY,501,48 Years,95,49,46,26,11,15,1,0,1,1,1,0,67,37,30
YOAKUM COUNTY,501,49 Years,103,54,49,30,15,15,1,0,1,1,1,0,71,38,33
YOAKUM COUNTY,501,50 Years,98,53,45,35,19,16,0,0,0,1,1,0,62,33,29
YOAKUM COUNTY,501,51 Years,104,52,52,48,22,26,0,0,0,1,1,0,55,29,26
YOAKUM COUNTY,501,52 Years,110,54,56,50,24,26,2,1,1,1,0,1,57,29,28
YOAKUM COUNTY,501,53 Years,103,54,49,59,27,32,1,0,1,4,2,2,39,25,14
YOAKUM COUNTY,501,54 Years,117,66,51,59,35,24,1,1,0,3,2,1,54,28,26
YOAKUM COUNTY,501,55 Years,112,52,60,53,29,24,3,2,1,1,0,1,55,21,34
YOAKUM COUNTY,501,56 Years,106,52,54,52,28,24,2,1,1,0,0,0,52,23,29
YOAKUM COUNTY,501,57 Years,108,61,47,64,39,25,1,0,1,0,0,0,43,22,21
YOAKUM COUNTY,501,58 Years,101,49,52,58,25,33,3,2,1,0,0,0,40,22,18
YOAKUM COUNTY,501,59 Years,97,47,50,49,22,27,3,1,2,0,0,0,45,24,21
YOAKUM COUNTY,501,60 Years,93,45,48,50,22,28,1,0,1,2,1,1,40,22,18
YOAKUM COUNTY,501,61 Years,77,39,38,45,20,25,0,0,0,1,0,1,31,19,12
YOAKUM COUNTY,501,62 Years,81,42,39,45,21,24,1,1,0,0,0,0,35,20,15
YOAKUM COUNTY,501,63 Years,88,45,43,50,26,24,2,1,1,0,0,0,36,18,18
YOAKUM COUNTY,501,64 Years,75,36,39,39,19,20,1,1,0,1,0,1,34,16,18
YOAKUM COUNTY,501,65 Years,74,34,40,44,18,26,0,0,0,1,0,1,29,16,13
YOAKUM COUNTY,501,66 Years,70,38,32,42,23,19,0,0,0,4,3,1,24,12,12
YOAKUM COUNTY,501,67 Years,73,38,35,47,23,24,0,0,0,2,2,0,24,13,11
YOAKUM COUNTY,501,68 Years,67,28,39,37,15,22,0,0,0,2,0,2,28,13,15
YOAKUM COUNTY,501,69 Years,54,25,29,31,13,18,0,0,0,0,0,0,23,12,11
YOAKUM COUNTY,501,70 Years,62,34,28,39,20,19,0,0,0,1,0,1,22,14,8
YOAKUM COUNTY,501,71 Years,57,30,27,36,19,17,0,0,0,2,0,2,19,11,8
YOAKUM COUNTY,501,72 Years,47,25,22,27,13,14,0,0,0,3,1,2,17,11,6
YOAKUM COUNTY,501,73 Years,44,22,22,26,14,12,0,0,0,2,1,1,16,7,9
YOAKUM COUNTY,501,74 Years,47,24,23,31,15,16,0,0,0,1,0,1,15,9,6
YOAKUM COUNTY,501,75 Years,45,20,25,31,14,17,1,0,1,0,0,0,13,6,7
YOAKUM COUNTY,501,76 Years,38,17,21,26,12,14,0,0,0,1,1,0,11,4,7
YOAKUM COUNTY,501,77 Years,35,14,21,28,11,17,0,0,0,0,0,0,7,3,4
YOAKUM COUNTY,501,78 Years,32,15,17,22,11,11,0,0,0,0,0,0,10,4,6
YOAKUM COUNTY,501,79 Years,38,18,20,26,13,13,1,0,1,0,0,0,11,5,6
YOAKUM COUNTY,501,80 Years,33,16,17,27,12,15,0,0,0,0,0,0,6,4,2
YOAKUM COUNTY,501,81 Years,33,14,19,22,8,14,0,0,0,0,0,0,11,6,5
YOAKUM COUNTY,501,82 Years,25,11,14,17,7,10,0,0,0,0,0,0,8,4,4
YOAKUM COUNTY,501,83 Years,20,9,11,14,6,8,0,0,0,0,0,0,6,3,3
YOAKUM COUNTY,501,84 Years,26,10,16,20,8,12,0,0,0,1,0,1,5,2,3
YOAKUM COUNTY,501,85 Years +,111,44,67,84,32,52,2,1,1,1,0,1,24,11,13
YOUNG COUNTY,503,All Ages,19113,9502,9611,14935,7280,7655,232,127,105,364,160,204,3582,1935,1647
YOUNG COUNTY,503,< 1 Year,231,119,112,147,77,70,0,0,0,10,5,5,74,37,37
YOUNG COUNTY,503,1 Years,242,130,112,158,85,73,2,1,1,7,3,4,75,41,34
YOUNG COUNTY,503,2 Years,240,123,117,158,84,74,2,0,2,8,2,6,72,37,35
YOUNG COUNTY,503,3 Years,244,126,118,156,86,70,2,0,2,9,3,6,77,37,40
YOUNG COUNTY,503,4 Years,255,148,107,156,89,67,4,2,2,9,7,2,86,50,36
YOUNG COUNTY,503,5 Years,261,141,120,155,82,73,3,2,1,8,4,4,95,53,42
YOUNG COUNTY,503,6 Years,248,127,121,153,74,79,3,2,1,11,6,5,81,45,36
YOUNG COUNTY,503,7 Years,255,141,114,156,86,70,6,2,4,10,5,5,83,48,35
YOUNG COUNTY,503,8 Years,250,124,126,149,74,75,4,2,2,11,6,5,86,42,44
YOUNG COUNTY,503,9 Years,237,112,125,140,67,73,2,2,0,7,4,3,88,39,49
YOUNG COUNTY,503,10 Years,261,126,135,173,86,87,2,1,1,6,3,3,80,36,44
YOUNG COUNTY,503,11 Years,267,134,133,179,90,89,3,2,1,7,4,3,78,38,40
YOUNG COUNTY,503,12 Years,270,130,140,192,89,103,2,1,1,7,3,4,69,37,32
YOUNG COUNTY,503,13 Years,273,134,139,191,90,101,5,4,1,3,1,2,74,39,35
YOUNG COUNTY,503,14 Years,272,140,132,188,98,90,4,3,1,3,1,2,77,38,39
YOUNG COUNTY,503,15 Years,260,140,120,190,100,90,3,3,0,4,1,3,63,36,27
YOUNG COUNTY,503,16 Years,255,145,110,180,95,85,4,4,0,6,3,3,65,43,22
YOUNG COUNTY,503,17 Years,231,125,106,168,87,81,1,1,0,4,2,2,58,35,23
YOUNG COUNTY,503,18 Years,244,125,119,175,85,90,2,2,0,5,2,3,62,36,26
YOUNG COUNTY,503,19 Years,212,111,101,154,79,75,2,2,0,5,2,3,51,28,23
YOUNG COUNTY,503,20 Years,209,118,91,152,84,68,2,2,0,5,2,3,50,30,20
YOUNG COUNTY,503,21 Years,219,110,109,160,84,76,3,0,3,6,1,5,50,25,25
YOUNG COUNTY,503,22 Years,233,128,105,165,94,71,3,2,1,8,2,6,57,30,27
YOUNG COUNTY,503,23 Years,201,97,104,133,64,69,3,2,1,5,2,3,60,29,31
YOUNG COUNTY,503,24 Years,207,104,103,141,66,75,3,2,1,3,2,1,60,34,26
YOUNG COUNTY,503,25 Years,197,99,98,137,65,72,2,2,0,7,3,4,51,29,22
YOUNG COUNTY,503,26 Years,193,99,94,121,60,61,6,4,2,5,2,3,61,33,28
YOUNG COUNTY,503,27 Years,187,92,95,123,57,66,1,1,0,4,1,3,59,33,26
YOUNG COUNTY,503,28 Years,221,123,98,147,77,70,2,1,1,6,2,4,66,43,23
YOUNG COUNTY,503,29 Years,216,110,106,148,68,80,5,3,2,7,3,4,56,36,20
YOUNG COUNTY,503,30 Years,192,104,88,139,75,64,4,3,1,2,0,2,47,26,21
YOUNG COUNTY,503,31 Years,221,117,104,156,82,74,2,1,1,3,2,1,60,32,28
YOUNG COUNTY,503,32 Years,207,116,91,141,78,63,4,2,2,4,2,2,58,34,24
YOUNG COUNTY,503,33 Years,214,112,102,159,77,82,2,2,0,4,2,2,49,31,18
YOUNG COUNTY,503,34 Years,184,97,87,135,70,65,1,1,0,2,1,1,46,25,21
YOUNG COUNTY,503,35 Years,187,93,94,139,65,74,1,1,0,2,1,1,45,26,19
YOUNG COUNTY,503,36 Years,202,100,102,152,71,81,1,1,0,3,0,3,46,28,18
YOUNG COUNTY,503,37 Years,182,90,92,127,62,65,5,2,3,2,0,2,48,26,22
YOUNG COUNTY,503,38 Years,181,87,94,132,62,70,2,0,2,1,0,1,46,25,21
YOUNG COUNTY,503,39 Years,208,93,115,154,65,89,2,2,0,3,2,1,49,24,25
YOUNG COUNTY,503,40 Years,228,113,115,171,85,86,2,2,0,4,2,2,51,24,27
YOUNG COUNTY,503,41 Years,224,114,110,178,91,87,2,2,0,4,2,2,40,19,21
YOUNG COUNTY,503,42 Years,220,107,113,175,84,91,2,1,1,2,1,1,41,21,20
YOUNG COUNTY,503,43 Years,217,101,116,178,80,98,2,1,1,1,1,0,36,19,17
YOUNG COUNTY,503,44 Years,218,108,110,174,82,92,4,3,1,2,1,1,38,22,16
YOUNG COUNTY,503,45 Years,218,116,102,168,87,81,4,3,1,6,4,2,40,22,18
YOUNG COUNTY,503,46 Years,222,110,112,171,88,83,1,1,0,7,3,4,43,18,25
YOUNG COUNTY,503,47 Years,212,106,106,168,83,85,3,2,1,4,1,3,37,20,17
YOUNG COUNTY,503,48 Years,221,115,106,170,83,87,4,2,2,0,0,0,47,30,17
YOUNG COUNTY,503,49 Years,264,128,136,215,103,112,4,1,3,2,1,1,43,23,20
YOUNG COUNTY,503,50 Years,264,135,129,223,114,109,5,3,2,2,1,1,34,17,17
YOUNG COUNTY,503,51 Years,263,133,130,209,105,104,4,1,3,4,2,2,46,25,21
YOUNG COUNTY,503,52 Years,278,129,149,230,107,123,5,2,3,4,1,3,39,19,20
YOUNG COUNTY,503,53 Years,282,139,143,245,122,123,2,1,1,2,0,2,33,16,17
YOUNG COUNTY,503,54 Years,302,145,157,255,121,134,4,3,1,4,1,3,39,20,19
YOUNG COUNTY,503,55 Years,300,146,154,249,121,128,5,4,1,5,1,4,41,20,21
YOUNG COUNTY,503,56 Years,293,147,146,249,123,126,3,1,2,4,1,3,37,22,15
YOUNG COUNTY,503,57 Years,293,141,152,257,122,135,3,0,3,3,1,2,30,18,12
YOUNG COUNTY,503,58 Years,301,156,145,262,136,126,5,1,4,3,2,1,31,17,14
YOUNG COUNTY,503,59 Years,266,127,139,239,114,125,4,2,2,2,0,2,21,11,10
YOUNG COUNTY,503,60 Years,247,126,121,220,113,107,3,1,2,5,3,2,19,9,10
YOUNG COUNTY,503,61 Years,276,133,143,251,123,128,2,0,2,4,3,1,19,7,12
YOUNG COUNTY,503,62 Years,300,142,158,264,126,138,2,0,2,6,2,4,28,14,14
YOUNG COUNTY,503,63 Years,248,133,115,224,120,104,0,0,0,6,4,2,18,9,9
YOUNG COUNTY,503,64 Years,234,128,106,212,115,97,2,1,1,3,1,2,17,11,6
YOUNG COUNTY,503,65 Years,212,102,110,196,93,103,1,0,1,1,0,1,14,9,5
YOUNG COUNTY,503,66 Years,232,106,126,216,99,117,3,0,3,4,0,4,9,7,2
YOUNG COUNTY,503,67 Years,238,118,120,220,110,110,3,1,2,2,0,2,13,7,6
YOUNG COUNTY,503,68 Years,194,95,99,176,86,90,4,1,3,3,2,1,11,6,5
YOUNG COUNTY,503,69 Years,195,95,100,178,85,93,3,2,1,4,2,2,10,6,4
YOUNG COUNTY,503,70 Years,199,93,106,186,84,102,2,1,1,2,2,0,9,6,3
YOUNG COUNTY,503,71 Years,179,81,98,167,75,92,1,0,1,5,3,2,6,3,3
YOUNG COUNTY,503,72 Years,178,85,93,169,79,90,0,0,0,2,1,1,7,5,2
YOUNG COUNTY,503,73 Years,175,85,90,161,76,85,0,0,0,4,3,1,10,6,4
YOUNG COUNTY,503,74 Years,143,63,80,136,60,76,1,0,1,2,1,1,4,2,2
YOUNG COUNTY,503,75 Years,139,63,76,129,56,73,2,0,2,2,2,0,6,5,1
YOUNG COUNTY,503,76 Years,117,51,66,110,48,62,5,2,3,0,0,0,2,1,1
YOUNG COUNTY,503,77 Years,135,64,71,128,60,68,3,2,1,2,0,2,2,2,0
YOUNG COUNTY,503,78 Years,131,59,72,120,54,66,1,1,0,3,0,3,7,4,3
YOUNG COUNTY,503,79 Years,136,64,72,122,56,66,3,3,0,3,1,2,8,4,4
YOUNG COUNTY,503,80 Years,122,54,68,109,48,61,2,1,1,2,1,1,9,4,5
YOUNG COUNTY,503,81 Years,114,45,69,103,39,64,2,2,0,1,1,0,8,3,5
YOUNG COUNTY,503,82 Years,108,48,60,100,44,56,1,1,0,1,1,0,6,2,4
YOUNG COUNTY,503,83 Years,96,43,53,93,43,50,0,0,0,1,0,1,2,0,2
YOUNG COUNTY,503,84 Years,82,32,50,80,30,50,0,0,0,1,1,0,1,1,0
YOUNG COUNTY,503,85 Years +,528,188,340,500,178,322,8,2,6,8,3,5,12,5,7
ZAPATA COUNTY,505,All Ages,14174,7157,7017,766,398,368,10,6,4,58,27,31,13340,6726,6614
ZAPATA COUNTY,505,< 1 Year,300,162,138,2,1,1,0,0,0,0,0,0,298,161,137
ZAPATA COUNTY,505,1 Years,305,161,144,4,2,2,0,0,0,0,0,0,301,159,142
ZAPATA COUNTY,505,2 Years,298,151,147,4,1,3,0,0,0,1,0,1,293,150,143
ZAPATA COUNTY,505,3 Years,322,160,162,6,1,5,0,0,0,1,0,1,315,159,156
ZAPATA COUNTY,505,4 Years,321,173,148,7,3,4,0,0,0,0,0,0,314,170,144
ZAPATA COUNTY,505,5 Years,283,154,129,5,3,2,0,0,0,1,1,0,277,150,127
ZAPATA COUNTY,505,6 Years,278,151,127,3,1,2,0,0,0,0,0,0,275,150,125
ZAPATA COUNTY,505,7 Years,270,149,121,6,3,3,0,0,0,0,0,0,264,146,118
ZAPATA COUNTY,505,8 Years,239,140,99,8,6,2,0,0,0,0,0,0,231,134,97
ZAPATA COUNTY,505,9 Years,262,148,114,7,4,3,0,0,0,1,1,0,254,143,111
ZAPATA COUNTY,505,10 Years,250,136,114,9,7,2,0,0,0,2,1,1,239,128,111
ZAPATA COUNTY,505,11 Years,239,127,112,6,4,2,0,0,0,2,1,1,231,122,109
ZAPATA COUNTY,505,12 Years,259,135,124,6,3,3,0,0,0,1,0,1,252,132,120
ZAPATA COUNTY,505,13 Years,239,127,112,3,1,2,0,0,0,1,1,0,235,125,110
ZAPATA COUNTY,505,14 Years,234,119,115,3,2,1,1,1,0,0,0,0,230,116,114
ZAPATA COUNTY,505,15 Years,258,129,129,6,3,3,0,0,0,1,1,0,251,125,126
ZAPATA COUNTY,505,16 Years,245,124,121,6,3,3,0,0,0,1,1,0,238,120,118
ZAPATA COUNTY,505,17 Years,236,130,106,8,7,1,0,0,0,0,0,0,228,123,105
ZAPATA COUNTY,505,18 Years,245,132,113,7,4,3,0,0,0,2,2,0,236,126,110
ZAPATA COUNTY,505,19 Years,225,115,110,6,3,3,0,0,0,3,1,2,216,111,105
ZAPATA COUNTY,505,20 Years,234,132,102,6,3,3,0,0,0,0,0,0,228,129,99
ZAPATA COUNTY,505,21 Years,236,118,118,5,2,3,0,0,0,0,0,0,231,116,115
ZAPATA COUNTY,505,22 Years,235,122,113,4,2,2,0,0,0,2,0,2,229,120,109
ZAPATA COUNTY,505,23 Years,226,116,110,6,4,2,0,0,0,0,0,0,220,112,108
ZAPATA COUNTY,505,24 Years,220,110,110,7,3,4,0,0,0,2,0,2,211,107,104
ZAPATA COUNTY,505,25 Years,203,98,105,7,4,3,0,0,0,0,0,0,196,94,102
ZAPATA COUNTY,505,26 Years,183,99,84,5,2,3,0,0,0,0,0,0,178,97,81
ZAPATA COUNTY,505,27 Years,186,90,96,2,1,1,0,0,0,1,0,1,183,89,94
ZAPATA COUNTY,505,28 Years,203,104,99,5,3,2,0,0,0,0,0,0,198,101,97
ZAPATA COUNTY,505,29 Years,186,85,101,5,2,3,0,0,0,0,0,0,181,83,98
ZAPATA COUNTY,505,30 Years,166,88,78,6,3,3,0,0,0,0,0,0,160,85,75
ZAPATA COUNTY,505,31 Years,178,91,87,5,3,2,0,0,0,0,0,0,173,88,85
ZAPATA COUNTY,505,32 Years,179,85,94,7,4,3,0,0,0,0,0,0,172,81,91
ZAPATA COUNTY,505,33 Years,176,89,87,5,3,2,0,0,0,0,0,0,171,86,85
ZAPATA COUNTY,505,34 Years,175,88,87,1,1,0,1,0,1,0,0,0,173,87,86
ZAPATA COUNTY,505,35 Years,156,81,75,2,1,1,1,0,1,0,0,0,153,80,73
ZAPATA COUNTY,505,36 Years,168,85,83,7,3,4,0,0,0,0,0,0,161,82,79
ZAPATA COUNTY,505,37 Years,179,94,85,6,3,3,0,0,0,1,0,1,172,91,81
ZAPATA COUNTY,505,38 Years,181,87,94,7,2,5,0,0,0,0,0,0,174,85,89
ZAPATA COUNTY,505,39 Years,187,85,102,10,5,5,0,0,0,0,0,0,177,80,97
ZAPATA COUNTY,505,40 Years,166,75,91,8,3,5,0,0,0,0,0,0,158,72,86
ZAPATA COUNTY,505,41 Years,154,75,79,4,1,3,0,0,0,1,1,0,149,73,76
ZAPATA COUNTY,505,42 Years,154,67,87,5,3,2,0,0,0,1,0,1,148,64,84
ZAPATA COUNTY,505,43 Years,157,72,85,3,1,2,0,0,0,2,2,0,152,69,83
ZAPATA COUNTY,505,44 Years,154,77,77,3,2,1,0,0,0,1,1,0,150,74,76
ZAPATA COUNTY,505,45 Years,145,68,77,5,5,0,0,0,0,3,1,2,137,62,75
ZAPATA COUNTY,505,46 Years,140,68,72,4,4,0,0,0,0,2,1,1,134,63,71
ZAPATA COUNTY,505,47 Years,147,69,78,5,3,2,0,0,0,1,1,0,141,65,76
ZAPATA COUNTY,505,48 Years,153,64,89,5,1,4,0,0,0,2,1,1,146,62,84
ZAPATA COUNTY,505,49 Years,145,69,76,8,5,3,0,0,0,1,1,0,136,63,73
ZAPATA COUNTY,505,50 Years,149,69,80,7,4,3,0,0,0,0,0,0,142,65,77
ZAPATA COUNTY,505,51 Years,149,71,78,11,6,5,0,0,0,1,0,1,137,65,72
ZAPATA COUNTY,505,52 Years,141,76,65,8,3,5,0,0,0,0,0,0,133,73,60
ZAPATA COUNTY,505,53 Years,146,74,72,6,2,4,0,0,0,0,0,0,140,72,68
ZAPATA COUNTY,505,54 Years,136,72,64,9,6,3,0,0,0,1,1,0,126,65,61
ZAPATA COUNTY,505,55 Years,131,72,59,6,5,1,0,0,0,1,1,0,124,66,58
ZAPATA COUNTY,505,56 Years,124,65,59,9,7,2,0,0,0,0,0,0,115,58,57
ZAPATA COUNTY,505,57 Years,126,71,55,9,7,2,0,0,0,1,1,0,116,63,53
ZAPATA COUNTY,505,58 Years,111,56,55,5,3,2,0,0,0,1,0,1,105,53,52
ZAPATA COUNTY,505,59 Years,128,67,61,10,6,4,0,0,0,1,1,0,117,60,57
ZAPATA COUNTY,505,60 Years,119,64,55,12,5,7,1,1,0,2,1,1,104,57,47
ZAPATA COUNTY,505,61 Years,117,58,59,12,6,6,1,0,1,1,0,1,103,52,51
ZAPATA COUNTY,505,62 Years,105,47,58,8,4,4,0,0,0,1,0,1,96,43,53
ZAPATA COUNTY,505,63 Years,111,54,57,14,9,5,0,0,0,1,0,1,96,45,51
ZAPATA COUNTY,505,64 Years,108,49,59,11,6,5,0,0,0,2,0,2,95,43,52
ZAPATA COUNTY,505,65 Years,117,48,69,16,6,10,0,0,0,1,0,1,100,42,58
ZAPATA COUNTY,505,66 Years,113,47,66,19,8,11,1,1,0,0,0,0,93,38,55
ZAPATA COUNTY,505,67 Years,110,51,59,18,9,9,0,0,0,3,1,2,89,41,48
ZAPATA COUNTY,505,68 Years,104,46,58,18,7,11,0,0,0,1,0,1,85,39,46
ZAPATA COUNTY,505,69 Years,91,37,54,12,7,5,1,1,0,0,0,0,78,29,49
ZAPATA COUNTY,505,70 Years,85,32,53,17,9,8,0,0,0,0,0,0,68,23,45
ZAPATA COUNTY,505,71 Years,88,41,47,18,10,8,0,0,0,0,0,0,70,31,39
ZAPATA COUNTY,505,72 Years,88,44,44,17,10,7,0,0,0,0,0,0,71,34,37
ZAPATA COUNTY,505,73 Years,84,41,43,19,7,12,0,0,0,0,0,0,65,34,31
ZAPATA COUNTY,505,74 Years,75,37,38,17,6,11,0,0,0,0,0,0,58,31,27
ZAPATA COUNTY,505,75 Years,63,32,31,16,10,6,0,0,0,0,0,0,47,22,25
ZAPATA COUNTY,505,76 Years,70,39,31,23,11,12,0,0,0,0,0,0,47,28,19
ZAPATA COUNTY,505,77 Years,56,30,26,16,7,9,0,0,0,0,0,0,40,23,17
ZAPATA COUNTY,505,78 Years,51,20,31,14,6,8,0,0,0,0,0,0,37,14,23
ZAPATA COUNTY,505,79 Years,49,18,31,12,7,5,2,1,1,1,0,1,34,10,24
ZAPATA COUNTY,505,80 Years,45,22,23,10,7,3,1,1,0,0,0,0,34,14,20
ZAPATA COUNTY,505,81 Years,34,17,17,11,7,4,0,0,0,1,1,0,22,9,13
ZAPATA COUNTY,505,82 Years,30,12,18,11,4,7,0,0,0,0,0,0,19,8,11
ZAPATA COUNTY,505,83 Years,33,12,21,13,5,8,0,0,0,0,0,0,20,7,13
ZAPATA COUNTY,505,84 Years,31,12,19,7,4,3,0,0,0,1,1,0,23,7,16
ZAPATA COUNTY,505,85 Years +,176,80,96,55,28,27,0,0,0,0,0,0,121,52,69
ZAVALA COUNTY,507,All Ages,12147,6001,6146,646,323,323,28,17,11,36,14,22,11437,5647,5790
ZAVALA COUNTY,507,< 1 Year,219,107,112,7,3,4,0,0,0,0,0,0,212,104,108
ZAVALA COUNTY,507,1 Years,226,115,111,7,4,3,0,0,0,0,0,0,219,111,108
ZAVALA COUNTY,507,2 Years,228,111,117,7,3,4,0,0,0,0,0,0,221,108,113
ZAVALA COUNTY,507,3 Years,224,106,118,7,3,4,0,0,0,0,0,0,217,103,114
ZAVALA COUNTY,507,4 Years,224,108,116,6,4,2,0,0,0,0,0,0,218,104,114
ZAVALA COUNTY,507,5 Years,203,100,103,14,3,11,0,0,0,0,0,0,189,97,92
ZAVALA COUNTY,507,6 Years,196,105,91,9,4,5,1,0,1,0,0,0,186,101,85
ZAVALA COUNTY,507,7 Years,194,99,95,9,6,3,0,0,0,0,0,0,185,93,92
ZAVALA COUNTY,507,8 Years,220,119,101,6,4,2,0,0,0,0,0,0,214,115,99
ZAVALA COUNTY,507,9 Years,226,110,116,5,1,4,0,0,0,0,0,0,221,109,112
ZAVALA COUNTY,507,10 Years,195,95,100,6,1,5,1,1,0,0,0,0,188,93,95
ZAVALA COUNTY,507,11 Years,195,100,95,7,3,4,1,0,1,0,0,0,187,97,90
ZAVALA COUNTY,507,12 Years,195,91,104,4,0,4,1,0,1,0,0,0,190,91,99
ZAVALA COUNTY,507,13 Years,185,90,95,4,2,2,2,0,2,2,1,1,177,87,90
ZAVALA COUNTY,507,14 Years,195,99,96,4,3,1,1,0,1,2,1,1,188,95,93
ZAVALA COUNTY,507,15 Years,195,84,111,7,1,6,1,1,0,1,0,1,186,82,104
ZAVALA COUNTY,507,16 Years,193,94,99,6,2,4,2,2,0,1,0,1,184,90,94
ZAVALA COUNTY,507,17 Years,180,88,92,9,6,3,1,1,0,2,1,1,168,80,88
ZAVALA COUNTY,507,18 Years,181,90,91,6,2,4,1,0,1,1,0,1,173,88,85
ZAVALA COUNTY,507,19 Years,193,100,93,4,1,3,0,0,0,0,0,0,189,99,90
ZAVALA COUNTY,507,20 Years,198,93,105,4,3,1,0,0,0,0,0,0,194,90,104
ZAVALA COUNTY,507,21 Years,215,111,104,6,4,2,0,0,0,1,0,1,208,107,101
ZAVALA COUNTY,507,22 Years,206,96,110,8,2,6,0,0,0,1,0,1,197,94,103
ZAVALA COUNTY,507,23 Years,197,116,81,10,7,3,2,1,1,0,0,0,185,108,77
ZAVALA COUNTY,507,24 Years,200,113,87,6,4,2,1,0,1,0,0,0,193,109,84
ZAVALA COUNTY,507,25 Years,168,99,69,6,5,1,0,0,0,1,1,0,161,93,68
ZAVALA COUNTY,507,26 Years,157,93,64,4,3,1,0,0,0,1,1,0,152,89,63
ZAVALA COUNTY,507,27 Years,186,112,74,10,7,3,1,1,0,0,0,0,175,104,71
ZAVALA COUNTY,507,28 Years,167,100,67,8,3,5,0,0,0,0,0,0,159,97,62
ZAVALA COUNTY,507,29 Years,147,81,66,7,5,2,0,0,0,0,0,0,140,76,64
ZAVALA COUNTY,507,30 Years,132,76,56,6,3,3,1,1,0,0,0,0,125,72,53
ZAVALA COUNTY,507,31 Years,151,81,70,8,3,5,1,1,0,0,0,0,142,77,65
ZAVALA COUNTY,507,32 Years,146,76,70,7,4,3,0,0,0,1,0,1,138,72,66
ZAVALA COUNTY,507,33 Years,153,76,77,9,4,5,0,0,0,1,0,1,143,72,71
ZAVALA COUNTY,507,34 Years,148,72,76,9,3,6,0,0,0,0,0,0,139,69,70
ZAVALA COUNTY,507,35 Years,128,62,66,8,4,4,1,1,0,0,0,0,119,57,62
ZAVALA COUNTY,507,36 Years,119,59,60,4,2,2,1,1,0,0,0,0,114,56,58
ZAVALA COUNTY,507,37 Years,115,57,58,7,5,2,0,0,0,0,0,0,108,52,56
ZAVALA COUNTY,507,38 Years,133,64,69,5,3,2,0,0,0,0,0,0,128,61,67
ZAVALA COUNTY,507,39 Years,134,71,63,5,3,2,0,0,0,0,0,0,129,68,61
ZAVALA COUNTY,507,40 Years,118,61,57,5,2,3,0,0,0,1,0,1,112,59,53
ZAVALA COUNTY,507,41 Years,145,71,74,8,5,3,0,0,0,0,0,0,137,66,71
ZAVALA COUNTY,507,42 Years,131,68,63,7,3,4,0,0,0,0,0,0,124,65,59
ZAVALA COUNTY,507,43 Years,124,55,69,6,2,4,0,0,0,1,1,0,117,52,65
ZAVALA COUNTY,507,44 Years,126,62,64,9,4,5,0,0,0,1,0,1,116,58,58
ZAVALA COUNTY,507,45 Years,123,61,62,8,3,5,1,1,0,0,0,0,114,57,57
ZAVALA COUNTY,507,46 Years,130,55,75,5,3,2,1,1,0,0,0,0,124,51,73
ZAVALA COUNTY,507,47 Years,140,70,70,8,5,3,0,0,0,2,1,1,130,64,66
ZAVALA COUNTY,507,48 Years,133,65,68,5,2,3,1,0,1,1,0,1,126,63,63
ZAVALA COUNTY,507,49 Years,123,58,65,8,4,4,0,0,0,0,0,0,115,54,61
ZAVALA COUNTY,507,50 Years,124,58,66,4,3,1,0,0,0,1,1,0,119,54,65
ZAVALA COUNTY,507,51 Years,122,64,58,5,2,3,1,1,0,2,1,1,114,60,54
ZAVALA COUNTY,507,52 Years,126,66,60,12,7,5,0,0,0,2,1,1,112,58,54
ZAVALA COUNTY,507,53 Years,138,71,67,7,3,4,0,0,0,1,0,1,130,68,62
ZAVALA COUNTY,507,54 Years,150,75,75,9,5,4,0,0,0,1,0,1,140,70,70
ZAVALA COUNTY,507,55 Years,139,62,77,6,2,4,0,0,0,0,0,0,133,60,73
ZAVALA COUNTY,507,56 Years,120,57,63,7,2,5,0,0,0,0,0,0,113,55,58
ZAVALA COUNTY,507,57 Years,138,69,69,8,5,3,0,0,0,0,0,0,130,64,66
ZAVALA COUNTY,507,58 Years,133,67,66,9,6,3,1,1,0,0,0,0,123,60,63
ZAVALA COUNTY,507,59 Years,135,64,71,6,3,3,0,0,0,1,0,1,128,61,67
ZAVALA COUNTY,507,60 Years,124,63,61,6,4,2,1,1,0,1,1,0,116,57,59
ZAVALA COUNTY,507,61 Years,131,60,71,8,3,5,0,0,0,0,0,0,123,57,66
ZAVALA COUNTY,507,62 Years,126,62,64,16,7,9,0,0,0,0,0,0,110,55,55
ZAVALA COUNTY,507,63 Years,127,59,68,15,9,6,0,0,0,1,0,1,111,50,61
ZAVALA COUNTY,507,64 Years,130,55,75,12,6,6,1,0,1,0,0,0,117,49,68
ZAVALA COUNTY,507,65 Years,128,51,77,12,6,6,0,0,0,0,0,0,116,45,71
ZAVALA COUNTY,507,66 Years,118,53,65,10,5,5,0,0,0,0,0,0,108,48,60
ZAVALA COUNTY,507,67 Years,100,46,54,12,8,4,0,0,0,0,0,0,88,38,50
ZAVALA COUNTY,507,68 Years,98,44,54,8,5,3,0,0,0,0,0,0,90,39,51
ZAVALA COUNTY,507,69 Years,86,41,45,11,6,5,0,0,0,0,0,0,75,35,40
ZAVALA COUNTY,507,70 Years,96,41,55,10,6,4,0,0,0,1,0,1,85,35,50
ZAVALA COUNTY,507,71 Years,92,45,47,9,5,4,0,0,0,1,1,0,82,39,43
ZAVALA COUNTY,507,72 Years,71,29,42,8,4,4,0,0,0,0,0,0,63,25,38
ZAVALA COUNTY,507,73 Years,66,30,36,6,2,4,0,0,0,0,0,0,60,28,32
ZAVALA COUNTY,507,74 Years,65,33,32,5,3,2,0,0,0,0,0,0,60,30,30
ZAVALA COUNTY,507,75 Years,57,28,29,2,2,0,0,0,0,0,0,0,55,26,29
ZAVALA COUNTY,507,76 Years,53,21,32,5,4,1,0,0,0,0,0,0,48,17,31
ZAVALA COUNTY,507,77 Years,61,28,33,11,3,8,0,0,0,0,0,0,50,25,25
ZAVALA COUNTY,507,78 Years,56,23,33,7,2,5,0,0,0,0,0,0,49,21,28
ZAVALA COUNTY,507,79 Years,46,19,27,3,2,1,0,0,0,1,1,0,42,16,26
ZAVALA COUNTY,507,80 Years,48,22,26,5,3,2,0,0,0,0,0,0,43,19,24
ZAVALA COUNTY,507,81 Years,38,15,23,5,2,3,0,0,0,0,0,0,33,13,20
ZAVALA COUNTY,507,82 Years,41,14,27,4,3,1,0,0,0,0,0,0,37,11,26
ZAVALA COUNTY,507,83 Years,44,12,32,5,3,2,0,0,0,0,0,0,39,9,30
ZAVALA COUNTY,507,84 Years,46,19,27,8,5,3,0,0,0,0,0,0,38,14,24
ZAVALA COUNTY,507,85 Years +,214,90,124,30,11,19,1,1,0,2,1,1,181,77,104
