County,FIPS,Age,Total,Total Male,Total Female,Anglo Total,Anglo Male,Anglo Female,Black Total,Black Male,Black Female,Other Total,Other Male,Other Female,Hispanic Total,Hispanic Male,Hispanic Female
STATE OF TEXAS,000,All Ages,27469114,13662417,13806697,11505371,5697147,5808224,3171043,1533464,1637579,1793580,878503,915077,10999120,5553303,5445817
STATE OF TEXAS,000,< 1 Year,406481,207699,198782,124092,63551,60541,46580,23619,22961,32656,16756,15900,203153,103773,99380
STATE OF TEXAS,000,1 Years,402069,205625,196444,123140,63101,60039,45581,23175,22406,32053,16514,15539,201295,102835,98460
STATE OF TEXAS,000,2 Years,396299,202816,193483,122007,62514,59493,44327,22597,21730,31321,16217,15104,198644,101488,97156
STATE OF TEXAS,000,3 Years,390286,199554,190732,120477,61701,58776,43093,21958,21135,30246,15654,14592,196470,100241,96229
STATE OF TEXAS,000,4 Years,393055,200819,192236,120542,61721,58821,43141,21940,21201,31200,16150,15050,198172,101008,97164
STATE OF TEXAS,000,5 Years,391901,199690,192211,120930,62238,58692,43141,21719,21422,30003,15361,14642,197827,100372,97455
STATE OF TEXAS,000,6 Years,386720,197217,189503,119934,61444,58490,43115,21782,21333,30136,15411,14725,193535,98580,94955
STATE OF TEXAS,000,7 Years,395189,201839,193350,122506,62799,59707,44251,22460,21791,31244,15960,15284,197188,100620,96568
STATE OF TEXAS,000,8 Years,399257,204088,195169,124351,63813,60538,44938,22997,21941,31004,15787,15217,198964,101491,97473
STATE OF TEXAS,000,9 Years,398997,203993,195004,125075,64405,60670,44791,22684,22107,30710,15603,15107,198421,101301,97120
STATE OF TEXAS,000,10 Years,402960,206052,196908,126313,64817,61496,45294,22944,22350,30391,15349,15042,200962,102942,98020
STATE OF TEXAS,000,11 Years,406558,207971,198587,127815,65537,62278,46209,23517,22692,29778,15022,14756,202756,103895,98861
STATE OF TEXAS,000,12 Years,408919,209174,199745,128748,66026,62722,47053,24028,23025,28809,14553,14256,204309,104567,99742
STATE OF TEXAS,000,13 Years,411707,211305,200402,129054,66251,62803,48487,24905,23582,27811,14151,13660,206355,105998,100357
STATE OF TEXAS,000,14 Years,418151,214689,203462,131318,67518,63800,49901,25698,24203,27812,14197,13615,209120,107276,101844
STATE OF TEXAS,000,15 Years,417566,214593,202973,132776,68332,64444,50706,26016,24690,26930,13754,13176,207154,106491,100663
STATE OF TEXAS,000,16 Years,409054,210429,198625,132215,67953,64262,49929,25681,24248,26010,13271,12739,200900,103524,97376
STATE OF TEXAS,000,17 Years,403435,208096,195339,131529,67887,63642,49809,25645,24164,25895,13179,12716,196202,101385,94817
STATE OF TEXAS,000,18 Years,404170,207995,196175,134189,68789,65400,50172,25676,24496,26002,13207,12795,193807,100323,93484
STATE OF TEXAS,000,19 Years,406110,209737,196373,136754,70274,66480,50347,25947,24400,25805,13209,12596,193204,100307,92897
STATE OF TEXAS,000,20 Years,398724,206383,192341,133266,68388,64878,50386,25882,24504,25007,12897,12110,190065,99216,90849
STATE OF TEXAS,000,21 Years,401419,208445,192974,134645,69270,65375,51365,26350,25015,25109,12947,12162,190300,99878,90422
STATE OF TEXAS,000,22 Years,403427,210109,193318,135564,69939,65625,52271,26740,25531,24840,12831,12009,190752,100599,90153
STATE OF TEXAS,000,23 Years,402812,210088,192724,136204,70358,65846,51472,26245,25227,24688,12723,11965,190448,100762,89686
STATE OF TEXAS,000,24 Years,400588,208516,192072,138061,70968,67093,50545,25375,25170,24899,12829,12070,187083,99344,87739
STATE OF TEXAS,000,25 Years,395090,205385,189705,138322,70539,67783,48795,24333,24462,25168,12960,12208,182805,97553,85252
STATE OF TEXAS,000,26 Years,386211,200960,185251,137252,69787,67465,46318,23126,23192,25537,13133,12404,177104,94914,82190
STATE OF TEXAS,000,27 Years,383674,199261,184413,138304,70095,68209,44372,22019,22353,25779,13147,12632,175219,94000,81219
STATE OF TEXAS,000,28 Years,385490,198785,186705,141419,71365,70054,43604,21522,22082,26226,13150,13076,174241,92748,81493
STATE OF TEXAS,000,29 Years,390379,199916,190463,146144,73522,72622,43798,21591,22207,27129,13635,13494,173308,91168,82140
STATE OF TEXAS,000,30 Years,393158,200291,192867,149545,75373,74172,43688,21580,22108,28037,14023,14014,171888,89315,82573
STATE OF TEXAS,000,31 Years,389782,197224,192558,148315,74785,73530,43485,21200,22285,28804,14118,14686,169178,87121,82057
STATE OF TEXAS,000,32 Years,397514,200247,197267,151494,76445,75049,44972,21704,23268,29507,14276,15231,171541,87822,83719
STATE OF TEXAS,000,33 Years,398098,199295,198803,152098,76518,75580,45754,21912,23842,29279,13888,15391,170967,86977,83990
STATE OF TEXAS,000,34 Years,398063,198858,199205,152369,76918,75451,47339,22390,24949,28991,13633,15358,169364,85917,83447
STATE OF TEXAS,000,35 Years,396777,198394,198383,151371,76568,74803,48638,22846,25792,29007,13658,15349,167761,85322,82439
STATE OF TEXAS,000,36 Years,376525,187563,188962,143466,72546,70920,46574,21874,24700,28298,13219,15079,158187,79924,78263
STATE OF TEXAS,000,37 Years,367798,182951,184847,140129,70442,69687,44562,20882,23680,27795,12978,14817,155312,78649,76663
STATE OF TEXAS,000,38 Years,363004,180383,182621,137115,68954,68161,43576,20463,23113,27789,12998,14791,154524,77968,76556
STATE OF TEXAS,000,39 Years,361719,178973,182746,135065,68115,66950,42948,20050,22898,28483,13305,15178,155223,77503,77720
STATE OF TEXAS,000,40 Years,364697,180374,184323,137473,69252,68221,42851,20180,22671,28755,13393,15362,155618,77549,78069
STATE OF TEXAS,000,41 Years,357104,175734,181370,135317,67904,67413,42902,20248,22654,28337,13169,15168,150548,74413,76135
STATE OF TEXAS,000,42 Years,360224,177135,183089,138282,69672,68610,44052,20794,23258,28322,13243,15079,149568,73426,76142
STATE OF TEXAS,000,43 Years,369425,181669,187756,148125,74602,73523,45170,21470,23700,27992,13126,14866,148138,72471,75667
STATE OF TEXAS,000,44 Years,378899,186610,192289,159711,80287,79424,46557,22153,24404,27669,13103,14566,144962,71067,73895
STATE OF TEXAS,000,45 Years,375387,185570,189817,161157,81049,80108,45218,21520,23698,26731,12690,14041,142281,70311,71970
STATE OF TEXAS,000,46 Years,354264,175764,178500,153419,77152,76267,42319,20354,21965,25001,12017,12984,133525,66241,67284
STATE OF TEXAS,000,47 Years,341148,169422,171726,147446,74395,73051,41939,20199,21740,23190,11146,12044,128573,63682,64891
STATE OF TEXAS,000,48 Years,334685,166341,168344,146712,73925,72787,41963,20169,21794,21739,10465,11274,124271,61782,62489
STATE OF TEXAS,000,49 Years,336519,167232,169287,149236,74613,74623,43059,20663,22396,21570,10467,11103,122654,61489,61165
STATE OF TEXAS,000,50 Years,350842,173823,177019,161474,80473,81001,44937,21439,23498,21649,10460,11189,122782,61451,61331
STATE OF TEXAS,000,51 Years,354376,175118,179258,170306,84600,85706,44204,20994,23210,21644,10492,11152,118222,59032,59190
STATE OF TEXAS,000,52 Years,355481,175408,180073,175581,86978,88603,43810,20884,22926,21287,10324,10963,114803,57222,57581
STATE OF TEXAS,000,53 Years,352033,173455,178578,178607,88370,90237,43367,20628,22739,19789,9511,10278,110270,54946,55324
STATE OF TEXAS,000,54 Years,352877,173416,179461,182217,90098,92119,43668,20774,22894,19435,9247,10188,107557,53297,54260
STATE OF TEXAS,000,55 Years,353521,174566,178955,185462,92053,93409,43561,20959,22602,19054,9062,9992,105444,52492,52952
STATE OF TEXAS,000,56 Years,340278,167252,173026,181958,90224,91734,41990,19984,22006,18125,8508,9617,98205,48536,49669
STATE OF TEXAS,000,57 Years,335578,164389,171189,182759,90443,92316,40715,19260,21455,17784,8414,9370,94320,46272,48048
STATE OF TEXAS,000,58 Years,327160,159338,167822,179999,88676,91323,39498,18596,20902,17430,8131,9299,90233,43935,46298
STATE OF TEXAS,000,59 Years,316716,153892,162824,175526,86142,89384,38064,17956,20108,16892,7939,8953,86234,41855,44379
STATE OF TEXAS,000,60 Years,308575,149545,159030,174228,85490,88738,36308,16987,19321,16165,7551,8614,81874,39517,42357
STATE OF TEXAS,000,61 Years,292447,140628,151819,168241,81893,86348,33237,15324,17913,15101,7023,8078,75868,36388,39480
STATE OF TEXAS,000,62 Years,281112,135037,146075,163611,79704,83907,31463,14480,16983,14688,6743,7945,71350,34110,37240
STATE OF TEXAS,000,63 Years,266954,127744,139210,157366,76474,80892,29739,13496,16243,13659,6218,7441,66190,31556,34634
STATE OF TEXAS,000,64 Years,254625,121372,133253,148780,72106,76674,28581,12920,15661,13355,6031,7324,63909,30315,33594
STATE OF TEXAS,000,65 Years,248510,118176,130334,146729,71059,75670,27024,12184,14840,13255,6028,7227,61502,28905,32597
STATE OF TEXAS,000,66 Years,238924,113513,125411,143804,69477,74327,25237,11364,13873,12408,5693,6715,57475,26979,30496
STATE OF TEXAS,000,67 Years,236473,112424,124049,146868,71012,75856,23429,10590,12839,11565,5324,6241,54611,25498,29113
STATE OF TEXAS,000,68 Years,229613,108995,120618,146761,71023,75738,20940,9353,11587,10702,4918,5784,51210,23701,27509
STATE OF TEXAS,000,69 Years,190027,89810,100217,117495,56813,60682,17704,7759,9945,9206,4286,4920,45622,20952,24670
STATE OF TEXAS,000,70 Years,177854,83289,94565,110348,52695,57653,16495,7075,9420,8650,4041,4609,42361,19478,22883
STATE OF TEXAS,000,71 Years,172976,80568,92408,110865,52726,58139,15268,6491,8777,7946,3726,4220,38897,17625,21272
STATE OF TEXAS,000,72 Years,164077,76225,87852,106792,50665,56127,14273,6140,8133,7480,3560,3920,35532,15860,19672
STATE OF TEXAS,000,73 Years,148094,68501,79593,96294,45558,50736,12903,5478,7425,6830,3239,3591,32067,14226,17841
STATE OF TEXAS,000,74 Years,135712,61908,73804,87840,40972,46868,11875,4901,6974,6166,2902,3264,29831,13133,16698
STATE OF TEXAS,000,75 Years,124929,56656,68273,80613,37296,43317,10815,4422,6393,5629,2628,3001,27872,12310,15562
STATE OF TEXAS,000,76 Years,115873,52202,63671,75654,34805,40849,9683,4020,5663,5055,2348,2707,25481,11029,14452
STATE OF TEXAS,000,77 Years,108902,48436,60466,71300,32442,38858,8920,3563,5357,4647,2196,2451,24035,10235,13800
STATE OF TEXAS,000,78 Years,100279,44096,56183,65503,29559,35944,8316,3215,5101,4192,1932,2260,22268,9390,12878
STATE OF TEXAS,000,79 Years,94698,40969,53729,62239,27733,34506,7699,2925,4774,3830,1691,2139,20930,8620,12310
STATE OF TEXAS,000,80 Years,89790,38486,51304,59491,26122,33369,7323,2772,4551,3324,1490,1834,19652,8102,11550
STATE OF TEXAS,000,81 Years,80600,34072,46528,53714,23200,30514,6591,2460,4131,2908,1294,1614,17387,7118,10269
STATE OF TEXAS,000,82 Years,74022,30693,43329,49887,21231,28656,6082,2187,3895,2672,1133,1539,15381,6142,9239
STATE OF TEXAS,000,83 Years,68665,28183,40482,46603,19590,27013,5297,1879,3418,2339,967,1372,14426,5747,8679
STATE OF TEXAS,000,84 Years,63908,25749,38159,43670,17979,25691,4763,1662,3101,2183,884,1299,13292,5224,8068
STATE OF TEXAS,000,85 Years +,351125,123224,227901,245995,87049,158946,25907,7521,18386,11042,4097,6945,68181,24557,43624
ANDERSON COUNTY,001,All Ages,58906,35791,23115,34795,19265,15530,12309,8896,3413,1571,760,811,10231,6870,3361
ANDERSON COUNTY,001,< 1 Year,590,319,271,288,157,131,113,59,54,55,34,21,134,69,65
ANDERSON COUNTY,001,1 Years,586,306,280,282,148,134,110,54,56,59,31,28,135,73,62
ANDERSON COUNTY,001,2 Years,563,283,280,280,138,142,103,50,53,48,22,26,132,73,59
ANDERSON COUNTY,001,3 Years,586,295,291,293,147,146,103,53,50,48,20,28,142,75,67
ANDERSON COUNTY,001,4 Years,602,301,301,302,155,147,99,52,47,63,24,39,138,70,68
ANDERSON COUNTY,001,5 Years,585,310,275,302,157,145,106,53,53,42,19,23,135,81,54
ANDERSON COUNTY,001,6 Years,630,309,321,346,166,180,101,44,57,40,20,20,143,79,64
ANDERSON COUNTY,001,7 Years,644,313,331,344,166,178,94,40,54,48,24,24,158,83,75
ANDERSON COUNTY,001,8 Years,654,332,322,355,183,172,89,40,49,45,24,21,165,85,80
ANDERSON COUNTY,001,9 Years,648,326,322,361,183,178,93,36,57,40,20,20,154,87,67
ANDERSON COUNTY,001,10 Years,641,337,304,342,170,172,99,54,45,34,17,17,166,96,70
ANDERSON COUNTY,001,11 Years,635,332,303,364,185,179,90,53,37,27,14,13,154,80,74
ANDERSON COUNTY,001,12 Years,659,359,300,364,201,163,96,52,44,31,16,15,168,90,78
ANDERSON COUNTY,001,13 Years,661,365,296,363,206,157,107,47,60,28,17,11,163,95,68
ANDERSON COUNTY,001,14 Years,666,354,312,383,203,180,99,50,49,28,16,12,156,85,71
ANDERSON COUNTY,001,15 Years,670,344,326,394,208,186,86,44,42,29,15,14,161,77,84
ANDERSON COUNTY,001,16 Years,671,341,330,386,197,189,91,53,38,31,14,17,163,77,86
ANDERSON COUNTY,001,17 Years,596,296,300,341,171,170,79,41,38,28,10,18,148,74,74
ANDERSON COUNTY,001,18 Years,616,330,286,346,184,162,98,55,43,30,10,20,142,81,61
ANDERSON COUNTY,001,19 Years,603,326,277,326,170,156,106,65,41,28,11,17,143,80,63
ANDERSON COUNTY,001,20 Years,609,354,255,298,168,130,119,71,48,23,11,12,169,104,65
ANDERSON COUNTY,001,21 Years,687,413,274,350,186,164,132,93,39,17,10,7,188,124,64
ANDERSON COUNTY,001,22 Years,698,435,263,339,188,151,154,113,41,21,10,11,184,124,60
ANDERSON COUNTY,001,23 Years,744,475,269,396,228,168,168,128,40,17,7,10,163,112,51
ANDERSON COUNTY,001,24 Years,710,452,258,387,227,160,140,100,40,11,3,8,172,122,50
ANDERSON COUNTY,001,25 Years,804,540,264,415,245,170,188,148,40,10,7,3,191,140,51
ANDERSON COUNTY,001,26 Years,830,546,284,413,231,182,204,157,47,12,8,4,201,150,51
ANDERSON COUNTY,001,27 Years,881,612,269,414,249,165,234,190,44,9,6,3,224,167,57
ANDERSON COUNTY,001,28 Years,881,623,258,425,262,163,230,185,45,13,7,6,213,169,44
ANDERSON COUNTY,001,29 Years,872,615,257,427,262,165,228,186,42,12,8,4,205,159,46
ANDERSON COUNTY,001,30 Years,887,643,244,422,254,168,233,202,31,10,9,1,222,178,44
ANDERSON COUNTY,001,31 Years,859,635,224,394,249,145,252,213,39,10,6,4,203,167,36
ANDERSON COUNTY,001,32 Years,939,671,268,435,265,170,252,213,39,15,8,7,237,185,52
ANDERSON COUNTY,001,33 Years,888,632,256,399,230,169,232,203,29,13,6,7,244,193,51
ANDERSON COUNTY,001,34 Years,906,632,274,410,236,174,263,225,38,13,2,11,220,169,51
ANDERSON COUNTY,001,35 Years,894,621,273,428,262,166,233,198,35,16,6,10,217,155,62
ANDERSON COUNTY,001,36 Years,897,644,253,421,268,153,257,216,41,11,5,6,208,155,53
ANDERSON COUNTY,001,37 Years,866,620,246,434,271,163,244,209,35,10,5,5,178,135,43
ANDERSON COUNTY,001,38 Years,845,617,228,409,258,151,252,215,37,16,9,7,168,135,33
ANDERSON COUNTY,001,39 Years,838,600,238,404,246,158,252,217,35,18,12,6,164,125,39
ANDERSON COUNTY,001,40 Years,939,693,246,471,318,153,249,211,38,18,11,7,201,153,48
ANDERSON COUNTY,001,41 Years,917,658,259,475,307,168,235,202,33,19,9,10,188,140,48
ANDERSON COUNTY,001,42 Years,862,590,272,434,260,174,244,206,38,24,10,14,160,114,46
ANDERSON COUNTY,001,43 Years,920,634,286,464,285,179,250,212,38,31,13,18,175,124,51
ANDERSON COUNTY,001,44 Years,976,696,280,533,351,182,251,214,37,21,10,11,171,121,50
ANDERSON COUNTY,001,45 Years,920,647,273,475,305,170,261,214,47,16,8,8,168,120,48
ANDERSON COUNTY,001,46 Years,867,606,261,445,268,177,255,215,40,13,4,9,154,119,35
ANDERSON COUNTY,001,47 Years,928,662,266,508,318,190,254,216,38,11,3,8,155,125,30
ANDERSON COUNTY,001,48 Years,881,599,282,499,303,196,232,187,45,12,6,6,138,103,35
ANDERSON COUNTY,001,49 Years,862,580,282,480,290,190,233,181,52,11,7,4,138,102,36
ANDERSON COUNTY,001,50 Years,911,621,290,528,318,210,240,198,42,10,5,5,133,100,33
ANDERSON COUNTY,001,51 Years,969,668,301,588,375,213,230,185,45,10,4,6,141,104,37
ANDERSON COUNTY,001,52 Years,944,630,314,562,344,218,225,174,51,15,7,8,142,105,37
ANDERSON COUNTY,001,53 Years,904,581,323,569,333,236,218,167,51,16,6,10,101,75,26
ANDERSON COUNTY,001,54 Years,904,591,313,566,341,225,233,177,56,15,8,7,90,65,25
ANDERSON COUNTY,001,55 Years,859,539,320,564,331,233,202,145,57,14,6,8,79,57,22
ANDERSON COUNTY,001,56 Years,811,487,324,553,308,245,181,130,51,14,7,7,63,42,21
ANDERSON COUNTY,001,57 Years,837,500,337,581,329,252,169,119,50,15,7,8,72,45,27
ANDERSON COUNTY,001,58 Years,779,438,341,547,296,251,150,98,52,16,5,11,66,39,27
ANDERSON COUNTY,001,59 Years,747,409,338,539,282,257,138,85,53,16,6,10,54,36,18
ANDERSON COUNTY,001,60 Years,776,438,338,557,296,261,159,103,56,14,8,6,46,31,15
ANDERSON COUNTY,001,61 Years,745,407,338,541,277,264,135,88,47,16,9,7,53,33,20
ANDERSON COUNTY,001,62 Years,714,406,308,524,276,248,122,82,40,10,6,4,58,42,16
ANDERSON COUNTY,001,63 Years,717,395,322,546,293,253,113,70,43,5,3,2,53,29,24
ANDERSON COUNTY,001,64 Years,689,384,305,499,267,232,125,81,44,12,5,7,53,31,22
ANDERSON COUNTY,001,65 Years,630,338,292,472,243,229,89,53,36,16,8,8,53,34,19
ANDERSON COUNTY,001,66 Years,623,315,308,494,240,254,74,43,31,11,7,4,44,25,19
ANDERSON COUNTY,001,67 Years,593,311,282,489,252,237,64,37,27,9,5,4,31,17,14
ANDERSON COUNTY,001,68 Years,588,306,282,490,244,246,57,37,20,8,6,2,33,19,14
ANDERSON COUNTY,001,69 Years,489,258,231,407,213,194,47,26,21,11,6,5,24,13,11
ANDERSON COUNTY,001,70 Years,464,237,227,387,197,190,47,23,24,7,4,3,23,13,10
ANDERSON COUNTY,001,71 Years,457,240,217,386,202,184,49,24,25,5,3,2,17,11,6
ANDERSON COUNTY,001,72 Years,478,232,246,398,195,203,44,22,22,7,0,7,29,15,14
ANDERSON COUNTY,001,73 Years,420,207,213,346,169,177,44,20,24,6,3,3,24,15,9
ANDERSON COUNTY,001,74 Years,380,193,187,311,159,152,48,18,30,5,3,2,16,13,3
ANDERSON COUNTY,001,75 Years,357,170,187,301,149,152,36,13,23,9,3,6,11,5,6
ANDERSON COUNTY,001,76 Years,326,163,163,276,136,140,31,16,15,4,1,3,15,10,5
ANDERSON COUNTY,001,77 Years,298,131,167,259,111,148,27,11,16,2,1,1,10,8,2
ANDERSON COUNTY,001,78 Years,265,117,148,222,97,125,30,13,17,2,1,1,11,6,5
ANDERSON COUNTY,001,79 Years,236,108,128,191,86,105,36,16,20,3,1,2,6,5,1
ANDERSON COUNTY,001,80 Years,269,117,152,219,93,126,34,17,17,6,2,4,10,5,5
ANDERSON COUNTY,001,81 Years,224,98,126,179,76,103,32,14,18,3,1,2,10,7,3
ANDERSON COUNTY,001,82 Years,204,91,113,168,76,92,26,8,18,3,2,1,7,5,2
ANDERSON COUNTY,001,83 Years,180,80,100,148,68,80,21,8,13,2,1,1,9,3,6
ANDERSON COUNTY,001,84 Years,161,66,95,133,57,76,19,7,12,3,0,3,6,2,4
ANDERSON COUNTY,001,85 Years +,845,296,549,689,251,438,121,33,88,16,6,10,19,6,13
ANDREWS COUNTY,003,All Ages,17920,8964,8956,7915,3857,4058,236,118,118,362,176,186,9407,4813,4594
ANDREWS COUNTY,003,< 1 Year,308,160,148,84,42,42,4,3,1,4,2,2,216,113,103
ANDREWS COUNTY,003,1 Years,313,162,151,84,42,42,3,2,1,2,1,1,224,117,107
ANDREWS COUNTY,003,2 Years,312,163,149,81,42,39,1,1,0,2,1,1,228,119,109
ANDREWS COUNTY,003,3 Years,293,149,144,78,38,40,3,1,2,2,1,1,210,109,101
ANDREWS COUNTY,003,4 Years,272,138,134,76,37,39,3,1,2,4,2,2,189,98,91
ANDREWS COUNTY,003,5 Years,247,129,118,75,37,38,2,1,1,4,4,0,166,87,79
ANDREWS COUNTY,003,6 Years,273,150,123,97,48,49,4,4,0,6,5,1,166,93,73
ANDREWS COUNTY,003,7 Years,285,155,130,97,50,47,4,1,3,7,4,3,177,100,77
ANDREWS COUNTY,003,8 Years,300,165,135,96,59,37,3,0,3,4,2,2,197,104,93
ANDREWS COUNTY,003,9 Years,294,155,139,93,54,39,3,1,2,7,2,5,191,98,93
ANDREWS COUNTY,003,10 Years,297,159,138,93,52,41,4,4,0,4,1,3,196,102,94
ANDREWS COUNTY,003,11 Years,283,135,148,84,43,41,5,4,1,5,1,4,189,87,102
ANDREWS COUNTY,003,12 Years,272,138,134,89,46,43,3,2,1,9,5,4,171,85,86
ANDREWS COUNTY,003,13 Years,267,138,129,86,44,42,2,2,0,4,3,1,175,89,86
ANDREWS COUNTY,003,14 Years,284,140,144,96,51,45,7,3,4,8,2,6,173,84,89
ANDREWS COUNTY,003,15 Years,267,131,136,89,48,41,8,5,3,6,1,5,164,77,87
ANDREWS COUNTY,003,16 Years,280,151,129,84,44,40,5,3,2,12,4,8,179,100,79
ANDREWS COUNTY,003,17 Years,283,150,133,95,48,47,5,1,4,7,5,2,176,96,80
ANDREWS COUNTY,003,18 Years,280,159,121,92,50,42,4,2,2,4,3,1,180,104,76
ANDREWS COUNTY,003,19 Years,265,143,122,85,50,35,6,3,3,4,2,2,170,88,82
ANDREWS COUNTY,003,20 Years,246,126,120,85,43,42,5,5,0,10,7,3,146,71,75
ANDREWS COUNTY,003,21 Years,256,132,124,86,43,43,3,3,0,9,5,4,158,81,77
ANDREWS COUNTY,003,22 Years,239,140,99,85,49,36,1,1,0,7,5,2,146,85,61
ANDREWS COUNTY,003,23 Years,254,136,118,88,47,41,4,3,1,5,5,0,157,81,76
ANDREWS COUNTY,003,24 Years,220,103,117,72,33,39,3,2,1,5,2,3,140,66,74
ANDREWS COUNTY,003,25 Years,213,117,96,78,42,36,1,1,0,5,2,3,129,72,57
ANDREWS COUNTY,003,26 Years,254,132,122,97,46,51,6,3,3,6,5,1,145,78,67
ANDREWS COUNTY,003,27 Years,230,123,107,99,53,46,3,3,0,2,1,1,126,66,60
ANDREWS COUNTY,003,28 Years,223,119,104,89,48,41,1,0,1,1,0,1,132,71,61
ANDREWS COUNTY,003,29 Years,206,97,109,75,29,46,1,0,1,0,0,0,130,68,62
ANDREWS COUNTY,003,30 Years,226,105,121,87,36,51,1,0,1,3,2,1,135,67,68
ANDREWS COUNTY,003,31 Years,216,102,114,86,40,46,1,0,1,7,3,4,122,59,63
ANDREWS COUNTY,003,32 Years,261,127,134,111,55,56,1,0,1,5,2,3,144,70,74
ANDREWS COUNTY,003,33 Years,253,130,123,99,44,55,1,1,0,6,4,2,147,81,66
ANDREWS COUNTY,003,34 Years,236,117,119,98,43,55,1,1,0,9,9,0,128,64,64
ANDREWS COUNTY,003,35 Years,242,127,115,102,52,50,3,1,2,7,5,2,130,69,61
ANDREWS COUNTY,003,36 Years,234,127,107,102,55,47,2,1,1,3,2,1,127,69,58
ANDREWS COUNTY,003,37 Years,219,105,114,91,44,47,2,1,1,3,2,1,123,58,65
ANDREWS COUNTY,003,38 Years,230,103,127,99,47,52,4,1,3,3,2,1,124,53,71
ANDREWS COUNTY,003,39 Years,220,97,123,95,42,53,3,1,2,4,1,3,118,53,65
ANDREWS COUNTY,003,40 Years,214,109,105,93,42,51,6,3,3,3,1,2,112,63,49
ANDREWS COUNTY,003,41 Years,221,115,106,94,47,47,4,3,1,3,1,2,120,64,56
ANDREWS COUNTY,003,42 Years,206,103,103,96,48,48,4,1,3,3,1,2,103,53,50
ANDREWS COUNTY,003,43 Years,183,95,88,100,51,49,3,2,1,2,0,2,78,42,36
ANDREWS COUNTY,003,44 Years,189,96,93,97,50,47,0,0,0,2,1,1,90,45,45
ANDREWS COUNTY,003,45 Years,195,95,100,94,48,46,1,1,0,4,3,1,96,43,53
ANDREWS COUNTY,003,46 Years,205,86,119,97,45,52,3,0,3,2,1,1,103,40,63
ANDREWS COUNTY,003,47 Years,231,95,136,112,48,64,2,0,2,6,1,5,111,46,65
ANDREWS COUNTY,003,48 Years,208,98,110,91,42,49,3,1,2,6,2,4,108,53,55
ANDREWS COUNTY,003,49 Years,202,112,90,86,46,40,4,1,3,5,2,3,107,63,44
ANDREWS COUNTY,003,50 Years,233,113,120,120,57,63,1,0,1,5,1,4,107,55,52
ANDREWS COUNTY,003,51 Years,255,116,139,128,51,77,3,1,2,4,1,3,120,63,57
ANDREWS COUNTY,003,52 Years,249,122,127,133,64,69,4,2,2,3,1,2,109,55,54
ANDREWS COUNTY,003,53 Years,236,123,113,122,65,57,3,1,2,7,5,2,104,52,52
ANDREWS COUNTY,003,54 Years,264,142,122,153,80,73,3,2,1,7,5,2,101,55,46
ANDREWS COUNTY,003,55 Years,250,137,113,140,75,65,1,1,0,5,1,4,104,60,44
ANDREWS COUNTY,003,56 Years,243,115,128,137,66,71,2,0,2,6,2,4,98,47,51
ANDREWS COUNTY,003,57 Years,238,109,129,132,64,68,4,0,4,7,4,3,95,41,54
ANDREWS COUNTY,003,58 Years,248,123,125,156,79,77,2,1,1,7,4,3,83,39,44
ANDREWS COUNTY,003,59 Years,223,110,113,139,72,67,1,0,1,4,1,3,79,37,42
ANDREWS COUNTY,003,60 Years,212,101,111,135,63,72,4,2,2,3,0,3,70,36,34
ANDREWS COUNTY,003,61 Years,200,95,105,130,60,70,5,2,3,4,1,3,61,32,29
ANDREWS COUNTY,003,62 Years,178,82,96,117,58,59,5,3,2,4,0,4,52,21,31
ANDREWS COUNTY,003,63 Years,165,80,85,100,50,50,3,1,2,4,0,4,58,29,29
ANDREWS COUNTY,003,64 Years,174,96,78,93,49,44,4,1,3,7,4,3,70,42,28
ANDREWS COUNTY,003,65 Years,165,83,82,98,48,50,4,1,3,3,2,1,60,32,28
ANDREWS COUNTY,003,66 Years,161,78,83,99,40,59,2,1,1,5,3,2,55,34,21
ANDREWS COUNTY,003,67 Years,140,65,75,87,34,53,1,1,0,6,4,2,46,26,20
ANDREWS COUNTY,003,68 Years,131,61,70,81,35,46,3,1,2,2,1,1,45,24,21
ANDREWS COUNTY,003,69 Years,104,51,53,62,31,31,2,1,1,3,1,2,37,18,19
ANDREWS COUNTY,003,70 Years,95,48,47,56,29,27,1,1,0,2,0,2,36,18,18
ANDREWS COUNTY,003,71 Years,107,53,54,75,38,37,2,2,0,2,0,2,28,13,15
ANDREWS COUNTY,003,72 Years,102,44,58,67,31,36,2,1,1,3,1,2,30,11,19
ANDREWS COUNTY,003,73 Years,90,46,44,59,28,31,2,1,1,2,1,1,27,16,11
ANDREWS COUNTY,003,74 Years,89,40,49,57,27,30,2,0,2,0,0,0,30,13,17
ANDREWS COUNTY,003,75 Years,80,34,46,62,27,35,0,0,0,2,0,2,16,7,9
ANDREWS COUNTY,003,76 Years,78,28,50,49,17,32,0,0,0,1,0,1,28,11,17
ANDREWS COUNTY,003,77 Years,82,35,47,53,19,34,1,1,0,2,1,1,26,14,12
ANDREWS COUNTY,003,78 Years,68,28,40,42,14,28,1,1,0,1,1,0,24,12,12
ANDREWS COUNTY,003,79 Years,87,32,55,67,25,42,0,0,0,1,1,0,19,6,13
ANDREWS COUNTY,003,80 Years,77,31,46,66,26,40,0,0,0,0,0,0,11,5,6
ANDREWS COUNTY,003,81 Years,66,29,37,48,23,25,0,0,0,2,0,2,16,6,10
ANDREWS COUNTY,003,82 Years,61,31,30,43,22,21,1,1,0,1,0,1,16,8,8
ANDREWS COUNTY,003,83 Years,53,23,30,41,17,24,0,0,0,1,0,1,11,6,5
ANDREWS COUNTY,003,84 Years,54,21,33,38,14,24,2,0,2,1,0,1,13,7,6
ANDREWS COUNTY,003,85 Years +,255,100,155,192,76,116,9,4,5,4,2,2,50,18,32
ANGELINA COUNTY,005,All Ages,90373,44660,45713,54422,26684,27738,13427,6408,7019,2434,1151,1283,20090,10417,9673
ANGELINA COUNTY,005,< 1 Year,1234,632,602,593,305,288,197,95,102,52,26,26,392,206,186
ANGELINA COUNTY,005,1 Years,1248,634,614,603,308,295,193,94,99,53,30,23,399,202,197
ANGELINA COUNTY,005,2 Years,1256,640,616,600,304,296,191,97,94,56,32,24,409,207,202
ANGELINA COUNTY,005,3 Years,1286,666,620,612,316,296,199,101,98,55,35,20,420,214,206
ANGELINA COUNTY,005,4 Years,1281,665,616,597,307,290,195,100,95,64,35,29,425,223,202
ANGELINA COUNTY,005,5 Years,1315,667,648,615,311,304,198,89,109,66,33,33,436,234,202
ANGELINA COUNTY,005,6 Years,1287,668,619,604,326,278,199,97,102,69,37,32,415,208,207
ANGELINA COUNTY,005,7 Years,1334,696,638,610,306,304,222,125,97,70,35,35,432,230,202
ANGELINA COUNTY,005,8 Years,1351,680,671,605,298,307,225,122,103,58,23,35,463,237,226
ANGELINA COUNTY,005,9 Years,1405,704,701,676,349,327,210,102,108,50,22,28,469,231,238
ANGELINA COUNTY,005,10 Years,1352,695,657,673,351,322,198,106,92,52,25,27,429,213,216
ANGELINA COUNTY,005,11 Years,1322,673,649,638,328,310,213,110,103,50,21,29,421,214,207
ANGELINA COUNTY,005,12 Years,1308,665,643,637,324,313,204,106,98,56,32,24,411,203,208
ANGELINA COUNTY,005,13 Years,1301,658,643,645,320,325,195,106,89,45,21,24,416,211,205
ANGELINA COUNTY,005,14 Years,1342,704,638,670,351,319,208,104,104,39,19,20,425,230,195
ANGELINA COUNTY,005,15 Years,1351,691,660,681,360,321,204,98,106,39,17,22,427,216,211
ANGELINA COUNTY,005,16 Years,1347,671,676,681,348,333,203,99,104,39,18,21,424,206,218
ANGELINA COUNTY,005,17 Years,1330,677,653,689,355,334,211,111,100,41,17,24,389,194,195
ANGELINA COUNTY,005,18 Years,1295,668,627,680,350,330,204,104,100,42,20,22,369,194,175
ANGELINA COUNTY,005,19 Years,1186,605,581,602,309,293,183,85,98,39,22,17,362,189,173
ANGELINA COUNTY,005,20 Years,1098,572,526,588,311,277,163,76,87,35,16,19,312,169,143
ANGELINA COUNTY,005,21 Years,1104,554,550,564,294,270,185,86,99,29,11,18,326,163,163
ANGELINA COUNTY,005,22 Years,1167,592,575,597,310,287,205,102,103,36,15,21,329,165,164
ANGELINA COUNTY,005,23 Years,1237,596,641,664,318,346,212,92,120,28,15,13,333,171,162
ANGELINA COUNTY,005,24 Years,1298,644,654,693,343,350,222,96,126,32,15,17,351,190,161
ANGELINA COUNTY,005,25 Years,1282,650,632,707,358,349,219,98,121,32,11,21,324,183,141
ANGELINA COUNTY,005,26 Years,1210,606,604,663,330,333,210,92,118,27,13,14,310,171,139
ANGELINA COUNTY,005,27 Years,1141,554,587,629,289,340,192,90,102,22,10,12,298,165,133
ANGELINA COUNTY,005,28 Years,1088,532,556,601,289,312,171,74,97,19,11,8,297,158,139
ANGELINA COUNTY,005,29 Years,1048,521,527,586,291,295,148,65,83,14,6,8,300,159,141
ANGELINA COUNTY,005,30 Years,1006,505,501,536,268,268,160,75,85,27,12,15,283,150,133
ANGELINA COUNTY,005,31 Years,1013,487,526,540,267,273,160,64,96,32,16,16,281,140,141
ANGELINA COUNTY,005,32 Years,1040,508,532,573,289,284,143,57,86,34,17,17,290,145,145
ANGELINA COUNTY,005,33 Years,1054,519,535,568,283,285,155,70,85,30,15,15,301,151,150
ANGELINA COUNTY,005,34 Years,1080,529,551,591,290,301,171,78,93,30,15,15,288,146,142
ANGELINA COUNTY,005,35 Years,1130,552,578,610,292,318,188,84,104,29,16,13,303,160,143
ANGELINA COUNTY,005,36 Years,1099,558,541,582,291,291,189,94,95,36,19,17,292,154,138
ANGELINA COUNTY,005,37 Years,1040,510,530,563,280,283,159,78,81,44,20,24,274,132,142
ANGELINA COUNTY,005,38 Years,1029,520,509,550,277,273,176,93,83,32,15,17,271,135,136
ANGELINA COUNTY,005,39 Years,1013,488,525,549,251,298,169,82,87,23,9,14,272,146,126
ANGELINA COUNTY,005,40 Years,1034,498,536,570,271,299,155,75,80,31,14,17,278,138,140
ANGELINA COUNTY,005,41 Years,1047,502,545,594,291,303,148,63,85,24,10,14,281,138,143
ANGELINA COUNTY,005,42 Years,1081,543,538,624,311,313,151,68,83,26,13,13,280,151,129
ANGELINA COUNTY,005,43 Years,1123,565,558,689,348,341,170,74,96,23,7,16,241,136,105
ANGELINA COUNTY,005,44 Years,1154,569,585,729,365,364,182,81,101,22,7,15,221,116,105
ANGELINA COUNTY,005,45 Years,1165,546,619,717,335,382,183,84,99,22,8,14,243,119,124
ANGELINA COUNTY,005,46 Years,1133,556,577,704,353,351,172,81,91,19,4,15,238,118,120
ANGELINA COUNTY,005,47 Years,1080,529,551,662,329,333,167,73,94,19,4,15,232,123,109
ANGELINA COUNTY,005,48 Years,1112,545,567,692,335,357,176,87,89,20,4,16,224,119,105
ANGELINA COUNTY,005,49 Years,1121,560,561,715,350,365,164,77,87,21,10,11,221,123,98
ANGELINA COUNTY,005,50 Years,1138,575,563,711,353,358,186,93,93,27,16,11,214,113,101
ANGELINA COUNTY,005,51 Years,1177,617,560,784,412,372,171,88,83,26,14,12,196,103,93
ANGELINA COUNTY,005,52 Years,1206,587,619,811,379,432,192,99,93,18,10,8,185,99,86
ANGELINA COUNTY,005,53 Years,1179,579,600,778,365,413,187,96,91,28,18,10,186,100,86
ANGELINA COUNTY,005,54 Years,1180,602,578,796,391,405,178,94,84,24,13,11,182,104,78
ANGELINA COUNTY,005,55 Years,1235,606,629,839,407,432,186,89,97,25,10,15,185,100,85
ANGELINA COUNTY,005,56 Years,1233,616,617,830,414,416,213,96,117,23,10,13,167,96,71
ANGELINA COUNTY,005,57 Years,1218,624,594,830,422,408,201,104,97,30,15,15,157,83,74
ANGELINA COUNTY,005,58 Years,1186,613,573,825,429,396,188,95,93,24,9,15,149,80,69
ANGELINA COUNTY,005,59 Years,1183,601,582,804,404,400,211,105,106,21,7,14,147,85,62
ANGELINA COUNTY,005,60 Years,1169,571,598,791,375,416,215,111,104,22,7,15,141,78,63
ANGELINA COUNTY,005,61 Years,1078,547,531,767,387,380,170,86,84,16,7,9,125,67,58
ANGELINA COUNTY,005,62 Years,1072,560,512,763,395,368,158,79,79,16,9,7,135,77,58
ANGELINA COUNTY,005,63 Years,984,523,461,732,386,346,134,69,65,14,4,10,104,64,40
ANGELINA COUNTY,005,64 Years,952,470,482,716,357,359,128,62,66,17,5,12,91,46,45
ANGELINA COUNTY,005,65 Years,941,441,500,706,322,384,124,61,63,23,11,12,88,47,41
ANGELINA COUNTY,005,66 Years,990,452,538,773,354,419,114,45,69,25,13,12,78,40,38
ANGELINA COUNTY,005,67 Years,938,437,501,748,355,393,102,40,62,20,10,10,68,32,36
ANGELINA COUNTY,005,68 Years,973,469,504,795,384,411,95,43,52,18,11,7,65,31,34
ANGELINA COUNTY,005,69 Years,785,372,413,625,299,326,81,39,42,13,7,6,66,27,39
ANGELINA COUNTY,005,70 Years,744,353,391,602,287,315,82,36,46,10,5,5,50,25,25
ANGELINA COUNTY,005,71 Years,703,348,355,572,279,293,71,41,30,9,4,5,51,24,27
ANGELINA COUNTY,005,72 Years,706,341,365,572,282,290,65,29,36,14,7,7,55,23,32
ANGELINA COUNTY,005,73 Years,651,317,334,529,256,273,62,32,30,13,6,7,47,23,24
ANGELINA COUNTY,005,74 Years,626,291,335,514,236,278,58,27,31,12,7,5,42,21,21
ANGELINA COUNTY,005,75 Years,563,247,316,468,206,262,49,19,30,10,4,6,36,18,18
ANGELINA COUNTY,005,76 Years,543,233,310,451,197,254,49,17,32,10,4,6,33,15,18
ANGELINA COUNTY,005,77 Years,493,218,275,417,186,231,43,20,23,6,3,3,27,9,18
ANGELINA COUNTY,005,78 Years,457,184,273,378,159,219,49,15,34,3,1,2,27,9,18
ANGELINA COUNTY,005,79 Years,446,197,249,378,168,210,48,18,30,5,1,4,15,10,5
ANGELINA COUNTY,005,80 Years,439,194,245,376,167,209,36,11,25,5,4,1,22,12,10
ANGELINA COUNTY,005,81 Years,379,166,213,312,142,170,37,11,26,8,4,4,22,9,13
ANGELINA COUNTY,005,82 Years,348,152,196,295,129,166,29,12,17,5,3,2,19,8,11
ANGELINA COUNTY,005,83 Years,304,124,180,261,104,157,23,10,13,7,3,4,13,7,6
ANGELINA COUNTY,005,84 Years,267,115,152,227,94,133,22,12,10,6,2,4,12,7,5
ANGELINA COUNTY,005,85 Years +,1529,549,980,1285,467,818,153,44,109,28,9,19,63,29,34
ARANSAS COUNTY,007,All Ages,25110,12379,12731,17078,8303,8775,269,149,120,983,480,503,6780,3447,3333
ARANSAS COUNTY,007,< 1 Year,275,147,128,119,65,54,1,0,1,15,7,8,140,75,65
ARANSAS COUNTY,007,1 Years,275,148,127,123,69,54,2,1,1,14,4,10,136,74,62
ARANSAS COUNTY,007,2 Years,261,138,123,117,65,52,1,1,0,12,4,8,131,68,63
ARANSAS COUNTY,007,3 Years,250,130,120,110,57,53,1,1,0,12,4,8,127,68,59
ARANSAS COUNTY,007,4 Years,252,129,123,107,53,54,2,1,1,20,11,9,123,64,59
ARANSAS COUNTY,007,5 Years,235,124,111,107,57,50,1,0,1,12,7,5,115,60,55
ARANSAS COUNTY,007,6 Years,249,129,120,119,62,57,2,0,2,10,5,5,118,62,56
ARANSAS COUNTY,007,7 Years,267,143,124,127,67,60,3,1,2,10,4,6,127,71,56
ARANSAS COUNTY,007,8 Years,251,126,125,109,59,50,3,0,3,14,9,5,125,58,67
ARANSAS COUNTY,007,9 Years,259,132,127,127,66,61,4,1,3,12,8,4,116,57,59
ARANSAS COUNTY,007,10 Years,255,137,118,130,65,65,3,2,1,11,6,5,111,64,47
ARANSAS COUNTY,007,11 Years,266,143,123,130,73,57,5,4,1,10,4,6,121,62,59
ARANSAS COUNTY,007,12 Years,234,122,112,101,54,47,4,3,1,9,3,6,120,62,58
ARANSAS COUNTY,007,13 Years,229,115,114,106,55,51,3,1,2,6,3,3,114,56,58
ARANSAS COUNTY,007,14 Years,250,127,123,129,69,60,7,3,4,13,5,8,101,50,51
ARANSAS COUNTY,007,15 Years,237,124,113,126,66,60,3,2,1,10,5,5,98,51,47
ARANSAS COUNTY,007,16 Years,270,144,126,132,63,69,3,3,0,11,8,3,124,70,54
ARANSAS COUNTY,007,17 Years,289,144,145,142,67,75,4,2,2,14,8,6,129,67,62
ARANSAS COUNTY,007,18 Years,272,143,129,130,66,64,1,1,0,13,8,5,128,68,60
ARANSAS COUNTY,007,19 Years,258,142,116,124,61,63,1,1,0,13,10,3,120,70,50
ARANSAS COUNTY,007,20 Years,259,140,119,125,62,63,2,1,1,12,8,4,120,69,51
ARANSAS COUNTY,007,21 Years,234,137,97,118,66,52,4,2,2,12,5,7,100,64,36
ARANSAS COUNTY,007,22 Years,283,146,137,146,74,72,3,1,2,19,12,7,115,59,56
ARANSAS COUNTY,007,23 Years,279,151,128,138,72,66,3,1,2,18,11,7,120,67,53
ARANSAS COUNTY,007,24 Years,234,132,102,116,63,53,5,4,1,13,8,5,100,57,43
ARANSAS COUNTY,007,25 Years,204,101,103,118,59,59,3,2,1,8,5,3,75,35,40
ARANSAS COUNTY,007,26 Years,199,92,107,115,56,59,3,1,2,4,2,2,77,33,44
ARANSAS COUNTY,007,27 Years,228,117,111,132,66,66,3,1,2,7,4,3,86,46,40
ARANSAS COUNTY,007,28 Years,207,111,96,118,66,52,6,5,1,7,2,5,76,38,38
ARANSAS COUNTY,007,29 Years,201,107,94,112,60,52,4,3,1,9,4,5,76,40,36
ARANSAS COUNTY,007,30 Years,200,103,97,121,58,63,4,3,1,13,7,6,62,35,27
ARANSAS COUNTY,007,31 Years,190,92,98,118,54,64,3,1,2,11,9,2,58,28,30
ARANSAS COUNTY,007,32 Years,195,97,98,113,54,59,2,1,1,8,6,2,72,36,36
ARANSAS COUNTY,007,33 Years,212,99,113,127,58,69,2,0,2,14,6,8,69,35,34
ARANSAS COUNTY,007,34 Years,223,106,117,120,58,62,4,3,1,13,5,8,86,40,46
ARANSAS COUNTY,007,35 Years,203,99,104,118,58,60,4,4,0,9,3,6,72,34,38
ARANSAS COUNTY,007,36 Years,197,93,104,107,52,55,2,1,1,4,1,3,84,39,45
ARANSAS COUNTY,007,37 Years,212,101,111,128,62,66,1,1,0,5,1,4,78,37,41
ARANSAS COUNTY,007,38 Years,223,115,108,137,70,67,2,2,0,8,3,5,76,40,36
ARANSAS COUNTY,007,39 Years,217,106,111,131,64,67,3,2,1,10,5,5,73,35,38
ARANSAS COUNTY,007,40 Years,226,105,121,140,65,75,1,1,0,8,3,5,77,36,41
ARANSAS COUNTY,007,41 Years,209,107,102,122,65,57,0,0,0,13,5,8,74,37,37
ARANSAS COUNTY,007,42 Years,243,124,119,141,70,71,2,1,1,13,5,8,87,48,39
ARANSAS COUNTY,007,43 Years,239,123,116,145,78,67,3,2,1,11,3,8,80,40,40
ARANSAS COUNTY,007,44 Years,267,136,131,178,96,82,1,1,0,8,5,3,80,34,46
ARANSAS COUNTY,007,45 Years,267,130,137,188,90,98,3,3,0,11,7,4,65,30,35
ARANSAS COUNTY,007,46 Years,239,116,123,157,71,86,2,1,1,11,7,4,69,37,32
ARANSAS COUNTY,007,47 Years,249,121,128,161,74,87,2,2,0,9,5,4,77,40,37
ARANSAS COUNTY,007,48 Years,255,127,128,159,78,81,7,4,3,13,7,6,76,38,38
ARANSAS COUNTY,007,49 Years,295,145,150,178,85,93,4,2,2,15,9,6,98,49,49
ARANSAS COUNTY,007,50 Years,314,149,165,217,102,115,6,1,5,13,7,6,78,39,39
ARANSAS COUNTY,007,51 Years,328,157,171,224,108,116,7,3,4,13,5,8,84,41,43
ARANSAS COUNTY,007,52 Years,361,175,186,249,119,130,6,4,2,12,3,9,94,49,45
ARANSAS COUNTY,007,53 Years,352,171,181,256,124,132,2,1,1,15,7,8,79,39,40
ARANSAS COUNTY,007,54 Years,391,187,204,293,134,159,4,3,1,13,7,6,81,43,38
ARANSAS COUNTY,007,55 Years,416,204,212,306,144,162,9,6,3,16,11,5,85,43,42
ARANSAS COUNTY,007,56 Years,405,203,202,310,148,162,7,5,2,14,9,5,74,41,33
ARANSAS COUNTY,007,57 Years,394,189,205,307,145,162,4,3,1,10,4,6,73,37,36
ARANSAS COUNTY,007,58 Years,364,158,206,274,118,156,5,2,3,16,6,10,69,32,37
ARANSAS COUNTY,007,59 Years,398,174,224,302,137,165,5,1,4,21,7,14,70,29,41
ARANSAS COUNTY,007,60 Years,437,189,248,329,142,187,5,1,4,23,9,14,80,37,43
ARANSAS COUNTY,007,61 Years,392,177,215,309,139,170,5,2,3,16,5,11,62,31,31
ARANSAS COUNTY,007,62 Years,401,186,215,317,144,173,2,2,0,13,6,7,69,34,35
ARANSAS COUNTY,007,63 Years,427,210,217,332,155,177,3,2,1,21,12,9,71,41,30
ARANSAS COUNTY,007,64 Years,415,203,212,337,164,173,2,1,1,17,7,10,59,31,28
ARANSAS COUNTY,007,65 Years,466,220,246,385,184,201,3,1,2,16,6,10,62,29,33
ARANSAS COUNTY,007,66 Years,478,230,248,412,197,215,2,1,1,12,3,9,52,29,23
ARANSAS COUNTY,007,67 Years,490,235,255,414,196,218,6,2,4,15,7,8,55,30,25
ARANSAS COUNTY,007,68 Years,481,232,249,414,196,218,3,2,1,14,7,7,50,27,23
ARANSAS COUNTY,007,69 Years,436,199,237,372,169,203,3,2,1,10,6,4,51,22,29
ARANSAS COUNTY,007,70 Years,446,205,241,383,178,205,2,1,1,12,8,4,49,18,31
ARANSAS COUNTY,007,71 Years,452,214,238,393,188,205,2,1,1,11,4,7,46,21,25
ARANSAS COUNTY,007,72 Years,438,211,227,378,183,195,6,5,1,12,4,8,42,19,23
ARANSAS COUNTY,007,73 Years,364,188,176,314,164,150,3,2,1,10,4,6,37,18,19
ARANSAS COUNTY,007,74 Years,373,202,171,329,182,147,3,1,2,10,4,6,31,15,16
ARANSAS COUNTY,007,75 Years,328,156,172,289,143,146,5,1,4,9,2,7,25,10,15
ARANSAS COUNTY,007,76 Years,310,141,169,267,123,144,3,2,1,6,4,2,34,12,22
ARANSAS COUNTY,007,77 Years,276,131,145,234,115,119,1,1,0,6,2,4,35,13,22
ARANSAS COUNTY,007,78 Years,240,115,125,203,99,104,1,1,0,6,2,4,30,13,17
ARANSAS COUNTY,007,79 Years,216,108,108,189,96,93,1,0,1,3,1,2,23,11,12
ARANSAS COUNTY,007,80 Years,217,105,112,187,91,96,1,0,1,10,5,5,19,9,10
ARANSAS COUNTY,007,81 Years,190,103,87,164,90,74,1,0,1,7,5,2,18,8,10
ARANSAS COUNTY,007,82 Years,175,91,84,150,78,72,0,0,0,6,5,1,19,8,11
ARANSAS COUNTY,007,83 Years,151,71,80,131,61,70,0,0,0,3,3,0,17,7,10
ARANSAS COUNTY,007,84 Years,144,71,73,130,64,66,2,1,1,0,0,0,12,6,6
ARANSAS COUNTY,007,85 Years +,621,253,368,536,220,316,7,4,3,15,7,8,63,22,41
ARCHER COUNTY,009,All Ages,9136,4535,4601,8134,4015,4119,28,16,12,168,73,95,806,431,375
ARCHER COUNTY,009,< 1 Year,83,36,47,67,31,36,0,0,0,0,0,0,16,5,11
ARCHER COUNTY,009,1 Years,81,37,44,65,31,34,0,0,0,0,0,0,16,6,10
ARCHER COUNTY,009,2 Years,79,40,39,61,31,30,0,0,0,4,2,2,14,7,7
ARCHER COUNTY,009,3 Years,71,35,36,54,28,26,0,0,0,4,1,3,13,6,7
ARCHER COUNTY,009,4 Years,76,37,39,59,29,30,0,0,0,4,1,3,13,7,6
ARCHER COUNTY,009,5 Years,92,44,48,74,36,38,0,0,0,3,1,2,15,7,8
ARCHER COUNTY,009,6 Years,96,45,51,78,35,43,0,0,0,3,1,2,15,9,6
ARCHER COUNTY,009,7 Years,91,46,45,80,40,40,0,0,0,3,1,2,8,5,3
ARCHER COUNTY,009,8 Years,103,45,58,86,40,46,0,0,0,4,1,3,13,4,9
ARCHER COUNTY,009,9 Years,115,50,65,92,40,52,0,0,0,4,2,2,19,8,11
ARCHER COUNTY,009,10 Years,123,62,61,102,52,50,0,0,0,3,2,1,18,8,10
ARCHER COUNTY,009,11 Years,129,64,65,108,55,53,1,0,1,2,0,2,18,9,9
ARCHER COUNTY,009,12 Years,128,68,60,107,58,49,0,0,0,2,0,2,19,10,9
ARCHER COUNTY,009,13 Years,138,74,64,111,61,50,0,0,0,3,1,2,24,12,12
ARCHER COUNTY,009,14 Years,135,68,67,111,57,54,2,1,1,2,1,1,20,9,11
ARCHER COUNTY,009,15 Years,150,68,82,124,56,68,1,0,1,2,2,0,23,10,13
ARCHER COUNTY,009,16 Years,155,73,82,132,63,69,3,2,1,2,0,2,18,8,10
ARCHER COUNTY,009,17 Years,144,68,76,127,60,67,2,1,1,2,1,1,13,6,7
ARCHER COUNTY,009,18 Years,143,75,68,126,63,63,0,0,0,1,1,0,16,11,5
ARCHER COUNTY,009,19 Years,130,70,60,111,59,52,0,0,0,2,0,2,17,11,6
ARCHER COUNTY,009,20 Years,125,65,60,102,52,50,1,1,0,3,0,3,19,12,7
ARCHER COUNTY,009,21 Years,120,72,48,98,59,39,2,1,1,3,0,3,17,12,5
ARCHER COUNTY,009,22 Years,116,74,42,97,59,38,2,2,0,1,0,1,16,13,3
ARCHER COUNTY,009,23 Years,136,84,52,110,65,45,1,0,1,3,3,0,22,16,6
ARCHER COUNTY,009,24 Years,109,57,52,87,44,43,0,0,0,4,2,2,18,11,7
ARCHER COUNTY,009,25 Years,101,44,57,87,38,49,1,0,1,2,1,1,11,5,6
ARCHER COUNTY,009,26 Years,113,66,47,98,56,42,0,0,0,3,2,1,12,8,4
ARCHER COUNTY,009,27 Years,84,46,38,73,39,34,0,0,0,1,1,0,10,6,4
ARCHER COUNTY,009,28 Years,76,44,32,63,35,28,0,0,0,0,0,0,13,9,4
ARCHER COUNTY,009,29 Years,69,40,29,60,34,26,0,0,0,1,1,0,8,5,3
ARCHER COUNTY,009,30 Years,68,34,34,63,32,31,0,0,0,1,0,1,4,2,2
ARCHER COUNTY,009,31 Years,74,39,35,64,35,29,0,0,0,0,0,0,10,4,6
ARCHER COUNTY,009,32 Years,69,34,35,55,27,28,0,0,0,1,1,0,13,6,7
ARCHER COUNTY,009,33 Years,64,30,34,56,26,30,0,0,0,1,1,0,7,3,4
ARCHER COUNTY,009,34 Years,76,37,39,67,31,36,0,0,0,2,1,1,7,5,2
ARCHER COUNTY,009,35 Years,94,52,42,85,47,38,0,0,0,1,1,0,8,4,4
ARCHER COUNTY,009,36 Years,92,43,49,77,37,40,0,0,0,2,1,1,13,5,8
ARCHER COUNTY,009,37 Years,96,39,57,80,31,49,0,0,0,0,0,0,16,8,8
ARCHER COUNTY,009,38 Years,109,56,53,96,49,47,0,0,0,1,0,1,12,7,5
ARCHER COUNTY,009,39 Years,106,55,51,93,49,44,0,0,0,3,2,1,10,4,6
ARCHER COUNTY,009,40 Years,99,49,50,87,43,44,1,0,1,3,2,1,8,4,4
ARCHER COUNTY,009,41 Years,110,53,57,99,47,52,1,1,0,2,1,1,8,4,4
ARCHER COUNTY,009,42 Years,116,60,56,105,54,51,0,0,0,2,1,1,9,5,4
ARCHER COUNTY,009,43 Years,115,59,56,104,51,53,0,0,0,0,0,0,11,8,3
ARCHER COUNTY,009,44 Years,124,51,73,111,45,66,0,0,0,3,1,2,10,5,5
ARCHER COUNTY,009,45 Years,122,52,70,110,45,65,0,0,0,3,2,1,9,5,4
ARCHER COUNTY,009,46 Years,122,61,61,108,53,55,0,0,0,2,1,1,12,7,5
ARCHER COUNTY,009,47 Years,120,66,54,103,57,46,0,0,0,2,1,1,15,8,7
ARCHER COUNTY,009,48 Years,125,67,58,112,57,55,1,1,0,2,2,0,10,7,3
ARCHER COUNTY,009,49 Years,118,58,60,109,53,56,1,1,0,1,1,0,7,3,4
ARCHER COUNTY,009,50 Years,146,79,67,139,75,64,0,0,0,1,1,0,6,3,3
ARCHER COUNTY,009,51 Years,147,73,74,141,70,71,0,0,0,0,0,0,6,3,3
ARCHER COUNTY,009,52 Years,169,80,89,157,74,83,1,0,1,2,1,1,9,5,4
ARCHER COUNTY,009,53 Years,149,82,67,138,76,62,0,0,0,2,1,1,9,5,4
ARCHER COUNTY,009,54 Years,169,81,88,159,78,81,0,0,0,4,1,3,6,2,4
ARCHER COUNTY,009,55 Years,160,69,91,150,65,85,0,0,0,4,2,2,6,2,4
ARCHER COUNTY,009,56 Years,151,73,78,140,66,74,0,0,0,3,2,1,8,5,3
ARCHER COUNTY,009,57 Years,172,85,87,160,79,81,0,0,0,4,1,3,8,5,3
ARCHER COUNTY,009,58 Years,164,79,85,156,75,81,0,0,0,1,0,1,7,4,3
ARCHER COUNTY,009,59 Years,144,70,74,136,66,70,0,0,0,3,1,2,5,3,2
ARCHER COUNTY,009,60 Years,140,73,67,132,68,64,1,1,0,3,1,2,4,3,1
ARCHER COUNTY,009,61 Years,130,62,68,124,59,65,0,0,0,2,1,1,4,2,2
ARCHER COUNTY,009,62 Years,115,56,59,112,54,58,0,0,0,1,1,0,2,1,1
ARCHER COUNTY,009,63 Years,126,59,67,120,57,63,0,0,0,5,1,4,1,1,0
ARCHER COUNTY,009,64 Years,105,49,56,102,47,55,0,0,0,2,1,1,1,1,0
ARCHER COUNTY,009,65 Years,116,60,56,108,56,52,1,0,1,3,2,1,4,2,2
ARCHER COUNTY,009,66 Years,104,52,52,99,48,51,0,0,0,3,2,1,2,2,0
ARCHER COUNTY,009,67 Years,97,48,49,93,46,47,0,0,0,1,0,1,3,2,1
ARCHER COUNTY,009,68 Years,112,61,51,104,55,49,2,2,0,2,0,2,4,4,0
ARCHER COUNTY,009,69 Years,80,42,38,75,39,36,0,0,0,3,1,2,2,2,0
ARCHER COUNTY,009,70 Years,84,43,41,79,41,38,0,0,0,3,1,2,2,1,1
ARCHER COUNTY,009,71 Years,71,31,40,69,31,38,0,0,0,1,0,1,1,0,1
ARCHER COUNTY,009,72 Years,73,29,44,68,26,42,1,1,0,1,0,1,3,2,1
ARCHER COUNTY,009,73 Years,93,43,50,86,39,47,1,1,0,1,1,0,5,2,3
ARCHER COUNTY,009,74 Years,90,46,44,86,43,43,0,0,0,1,1,0,3,2,1
ARCHER COUNTY,009,75 Years,82,40,42,77,37,40,1,0,1,1,1,0,3,2,1
ARCHER COUNTY,009,76 Years,63,34,29,60,33,27,0,0,0,0,0,0,3,1,2
ARCHER COUNTY,009,77 Years,67,39,28,62,37,25,0,0,0,2,1,1,3,1,2
ARCHER COUNTY,009,78 Years,61,25,36,59,25,34,0,0,0,1,0,1,1,0,1
ARCHER COUNTY,009,79 Years,54,20,34,54,20,34,0,0,0,0,0,0,0,0,0
ARCHER COUNTY,009,80 Years,59,26,33,57,25,32,0,0,0,0,0,0,2,1,1
ARCHER COUNTY,009,81 Years,47,24,23,47,24,23,0,0,0,0,0,0,0,0,0
ARCHER COUNTY,009,82 Years,47,21,26,45,20,25,0,0,0,0,0,0,2,1,1
ARCHER COUNTY,009,83 Years,39,18,21,38,18,20,0,0,0,0,0,0,1,0,1
ARCHER COUNTY,009,84 Years,31,11,20,30,11,19,0,0,0,0,0,0,1,0,1
ARCHER COUNTY,009,85 Years +,149,60,89,138,57,81,0,0,0,5,1,4,6,2,4
ARMSTRONG COUNTY,011,All Ages,1939,960,979,1766,884,882,8,4,4,41,15,26,124,57,67
ARMSTRONG COUNTY,011,< 1 Year,14,7,7,14,7,7,0,0,0,0,0,0,0,0,0
ARMSTRONG COUNTY,011,1 Years,16,10,6,16,10,6,0,0,0,0,0,0,0,0,0
ARMSTRONG COUNTY,011,2 Years,20,13,7,20,13,7,0,0,0,0,0,0,0,0,0
ARMSTRONG COUNTY,011,3 Years,18,9,9,17,9,8,0,0,0,0,0,0,1,0,1
ARMSTRONG COUNTY,011,4 Years,18,9,9,17,9,8,0,0,0,0,0,0,1,0,1
ARMSTRONG COUNTY,011,5 Years,16,8,8,15,8,7,0,0,0,1,0,1,0,0,0
ARMSTRONG COUNTY,011,6 Years,23,12,11,20,10,10,1,0,1,0,0,0,2,2,0
ARMSTRONG COUNTY,011,7 Years,20,10,10,17,8,9,0,0,0,1,1,0,2,1,1
ARMSTRONG COUNTY,011,8 Years,21,12,9,16,9,7,0,0,0,2,1,1,3,2,1
ARMSTRONG COUNTY,011,9 Years,21,10,11,17,8,9,0,0,0,1,0,1,3,2,1
ARMSTRONG COUNTY,011,10 Years,23,11,12,17,8,9,0,0,0,2,0,2,4,3,1
ARMSTRONG COUNTY,011,11 Years,16,6,10,13,5,8,0,0,0,1,0,1,2,1,1
ARMSTRONG COUNTY,011,12 Years,18,10,8,15,7,8,0,0,0,0,0,0,3,3,0
ARMSTRONG COUNTY,011,13 Years,19,7,12,16,5,11,0,0,0,0,0,0,3,2,1
ARMSTRONG COUNTY,011,14 Years,29,11,18,23,9,14,1,0,1,0,0,0,5,2,3
ARMSTRONG COUNTY,011,15 Years,24,10,14,19,7,12,0,0,0,1,1,0,4,2,2
ARMSTRONG COUNTY,011,16 Years,22,10,12,20,9,11,1,1,0,0,0,0,1,0,1
ARMSTRONG COUNTY,011,17 Years,25,15,10,21,14,7,0,0,0,1,0,1,3,1,2
ARMSTRONG COUNTY,011,18 Years,19,10,9,17,9,8,0,0,0,0,0,0,2,1,1
ARMSTRONG COUNTY,011,19 Years,18,11,7,15,8,7,0,0,0,0,0,0,3,3,0
ARMSTRONG COUNTY,011,20 Years,28,17,11,23,13,10,0,0,0,1,1,0,4,3,1
ARMSTRONG COUNTY,011,21 Years,29,15,14,25,13,12,1,0,1,1,1,0,2,1,1
ARMSTRONG COUNTY,011,22 Years,26,14,12,23,13,10,0,0,0,0,0,0,3,1,2
ARMSTRONG COUNTY,011,23 Years,26,13,13,22,10,12,0,0,0,1,1,0,3,2,1
ARMSTRONG COUNTY,011,24 Years,17,11,6,15,9,6,1,1,0,0,0,0,1,1,0
ARMSTRONG COUNTY,011,25 Years,16,11,5,15,10,5,0,0,0,1,1,0,0,0,0
ARMSTRONG COUNTY,011,26 Years,11,5,6,10,5,5,0,0,0,0,0,0,1,0,1
ARMSTRONG COUNTY,011,27 Years,14,6,8,13,6,7,0,0,0,1,0,1,0,0,0
ARMSTRONG COUNTY,011,28 Years,12,5,7,11,5,6,0,0,0,0,0,0,1,0,1
ARMSTRONG COUNTY,011,29 Years,12,2,10,9,2,7,0,0,0,0,0,0,3,0,3
ARMSTRONG COUNTY,011,30 Years,13,4,9,9,4,5,0,0,0,2,0,2,2,0,2
ARMSTRONG COUNTY,011,31 Years,18,10,8,15,8,7,0,0,0,2,2,0,1,0,1
ARMSTRONG COUNTY,011,32 Years,24,14,10,21,13,8,0,0,0,0,0,0,3,1,2
ARMSTRONG COUNTY,011,33 Years,24,15,9,22,14,8,0,0,0,0,0,0,2,1,1
ARMSTRONG COUNTY,011,34 Years,24,12,12,23,12,11,0,0,0,1,0,1,0,0,0
ARMSTRONG COUNTY,011,35 Years,28,16,12,26,16,10,0,0,0,1,0,1,1,0,1
ARMSTRONG COUNTY,011,36 Years,28,15,13,27,15,12,0,0,0,1,0,1,0,0,0
ARMSTRONG COUNTY,011,37 Years,19,10,9,19,10,9,0,0,0,0,0,0,0,0,0
ARMSTRONG COUNTY,011,38 Years,18,9,9,15,9,6,0,0,0,0,0,0,3,0,3
ARMSTRONG COUNTY,011,39 Years,20,11,9,18,10,8,0,0,0,0,0,0,2,1,1
ARMSTRONG COUNTY,011,40 Years,17,9,8,17,9,8,0,0,0,0,0,0,0,0,0
ARMSTRONG COUNTY,011,41 Years,15,7,8,13,6,7,1,0,1,0,0,0,1,1,0
ARMSTRONG COUNTY,011,42 Years,16,7,9,14,7,7,0,0,0,0,0,0,2,0,2
ARMSTRONG COUNTY,011,43 Years,14,6,8,13,6,7,0,0,0,0,0,0,1,0,1
ARMSTRONG COUNTY,011,44 Years,25,10,15,20,8,12,0,0,0,0,0,0,5,2,3
ARMSTRONG COUNTY,011,45 Years,30,18,12,27,17,10,0,0,0,0,0,0,3,1,2
ARMSTRONG COUNTY,011,46 Years,23,12,11,18,9,9,0,0,0,0,0,0,5,3,2
ARMSTRONG COUNTY,011,47 Years,19,10,9,16,8,8,0,0,0,0,0,0,3,2,1
ARMSTRONG COUNTY,011,48 Years,20,9,11,18,8,10,0,0,0,1,0,1,1,1,0
ARMSTRONG COUNTY,011,49 Years,20,9,11,19,9,10,0,0,0,0,0,0,1,0,1
ARMSTRONG COUNTY,011,50 Years,21,13,8,20,13,7,0,0,0,1,0,1,0,0,0
ARMSTRONG COUNTY,011,51 Years,21,6,15,20,6,14,0,0,0,0,0,0,1,0,1
ARMSTRONG COUNTY,011,52 Years,19,6,13,18,5,13,0,0,0,0,0,0,1,1,0
ARMSTRONG COUNTY,011,53 Years,23,7,16,20,6,14,0,0,0,1,0,1,2,1,1
ARMSTRONG COUNTY,011,54 Years,30,14,16,28,13,15,0,0,0,0,0,0,2,1,1
ARMSTRONG COUNTY,011,55 Years,39,19,20,37,18,19,0,0,0,1,1,0,1,0,1
ARMSTRONG COUNTY,011,56 Years,35,16,19,33,14,19,0,0,0,1,1,0,1,1,0
ARMSTRONG COUNTY,011,57 Years,31,18,13,27,16,11,0,0,0,2,1,1,2,1,1
ARMSTRONG COUNTY,011,58 Years,29,16,13,28,15,13,0,0,0,0,0,0,1,1,0
ARMSTRONG COUNTY,011,59 Years,30,14,16,29,14,15,0,0,0,0,0,0,1,0,1
ARMSTRONG COUNTY,011,60 Years,26,11,15,23,10,13,0,0,0,1,0,1,2,1,1
ARMSTRONG COUNTY,011,61 Years,33,19,14,30,17,13,0,0,0,2,2,0,1,0,1
ARMSTRONG COUNTY,011,62 Years,37,23,14,37,23,14,0,0,0,0,0,0,0,0,0
ARMSTRONG COUNTY,011,63 Years,37,20,17,37,20,17,0,0,0,0,0,0,0,0,0
ARMSTRONG COUNTY,011,64 Years,29,15,14,27,15,12,0,0,0,1,0,1,1,0,1
ARMSTRONG COUNTY,011,65 Years,31,13,18,28,12,16,0,0,0,0,0,0,3,1,2
ARMSTRONG COUNTY,011,66 Years,40,17,23,38,16,22,0,0,0,0,0,0,2,1,1
ARMSTRONG COUNTY,011,67 Years,38,24,14,34,21,13,1,1,0,1,0,1,2,2,0
ARMSTRONG COUNTY,011,68 Years,31,20,11,29,19,10,1,1,0,1,0,1,0,0,0
ARMSTRONG COUNTY,011,69 Years,21,11,10,20,11,9,0,0,0,0,0,0,1,0,1
ARMSTRONG COUNTY,011,70 Years,22,9,13,20,9,11,0,0,0,1,0,1,1,0,1
ARMSTRONG COUNTY,011,71 Years,27,10,17,27,10,17,0,0,0,0,0,0,0,0,0
ARMSTRONG COUNTY,011,72 Years,22,11,11,21,11,10,0,0,0,1,0,1,0,0,0
ARMSTRONG COUNTY,011,73 Years,17,10,7,16,9,7,0,0,0,1,1,0,0,0,0
ARMSTRONG COUNTY,011,74 Years,25,11,14,25,11,14,0,0,0,0,0,0,0,0,0
ARMSTRONG COUNTY,011,75 Years,22,10,12,22,10,12,0,0,0,0,0,0,0,0,0
ARMSTRONG COUNTY,011,76 Years,20,11,9,20,11,9,0,0,0,0,0,0,0,0,0
ARMSTRONG COUNTY,011,77 Years,16,10,6,16,10,6,0,0,0,0,0,0,0,0,0
ARMSTRONG COUNTY,011,78 Years,17,8,9,17,8,9,0,0,0,0,0,0,0,0,0
ARMSTRONG COUNTY,011,79 Years,21,8,13,20,8,12,0,0,0,0,0,0,1,0,1
ARMSTRONG COUNTY,011,80 Years,20,6,14,18,6,12,0,0,0,1,0,1,1,0,1
ARMSTRONG COUNTY,011,81 Years,15,4,11,14,4,10,0,0,0,0,0,0,1,0,1
ARMSTRONG COUNTY,011,82 Years,9,5,4,9,5,4,0,0,0,0,0,0,0,0,0
ARMSTRONG COUNTY,011,83 Years,12,5,7,11,5,6,0,0,0,1,0,1,0,0,0
ARMSTRONG COUNTY,011,84 Years,12,5,7,11,5,6,0,0,0,1,0,1,0,0,0
ARMSTRONG COUNTY,011,85 Years +,55,22,33,55,22,33,0,0,0,0,0,0,0,0,0
ATASCOSA COUNTY,013,All Ages,48783,23908,24875,16984,8143,8841,257,146,111,637,305,332,30905,15314,15591
ATASCOSA COUNTY,013,< 1 Year,674,338,336,204,99,105,2,1,1,10,4,6,458,234,224
ATASCOSA COUNTY,013,1 Years,661,328,333,190,91,99,2,1,1,12,6,6,457,230,227
ATASCOSA COUNTY,013,2 Years,650,314,336,189,87,102,0,0,0,9,5,4,452,222,230
ATASCOSA COUNTY,013,3 Years,630,313,317,181,90,91,1,1,0,6,3,3,442,219,223
ATASCOSA COUNTY,013,4 Years,637,329,308,179,93,86,1,1,0,6,4,2,451,231,220
ATASCOSA COUNTY,013,5 Years,674,341,333,177,85,92,1,0,1,6,3,3,490,253,237
ATASCOSA COUNTY,013,6 Years,651,334,317,167,82,85,1,1,0,7,3,4,476,248,228
ATASCOSA COUNTY,013,7 Years,679,342,337,176,90,86,1,1,0,9,6,3,493,245,248
ATASCOSA COUNTY,013,8 Years,691,348,343,163,79,84,2,2,0,13,9,4,513,258,255
ATASCOSA COUNTY,013,9 Years,730,379,351,183,99,84,3,2,1,12,10,2,532,268,264
ATASCOSA COUNTY,013,10 Years,763,395,368,185,80,105,4,1,3,10,7,3,564,307,257
ATASCOSA COUNTY,013,11 Years,745,391,354,183,94,89,6,2,4,6,3,3,550,292,258
ATASCOSA COUNTY,013,12 Years,745,382,363,191,100,91,6,1,5,5,2,3,543,279,264
ATASCOSA COUNTY,013,13 Years,810,410,400,204,103,101,7,1,6,6,3,3,593,303,290
ATASCOSA COUNTY,013,14 Years,822,424,398,214,105,109,5,3,2,8,3,5,595,313,282
ATASCOSA COUNTY,013,15 Years,806,403,403,192,97,95,7,3,4,6,4,2,601,299,302
ATASCOSA COUNTY,013,16 Years,824,411,413,206,109,97,10,9,1,4,1,3,604,292,312
ATASCOSA COUNTY,013,17 Years,856,429,427,230,110,120,7,7,0,8,2,6,611,310,301
ATASCOSA COUNTY,013,18 Years,813,418,395,203,99,104,4,3,1,8,2,6,598,314,284
ATASCOSA COUNTY,013,19 Years,755,385,370,176,83,93,6,3,3,6,3,3,567,296,271
ATASCOSA COUNTY,013,20 Years,688,353,335,156,76,80,7,3,4,9,6,3,516,268,248
ATASCOSA COUNTY,013,21 Years,658,327,331,158,78,80,5,2,3,14,7,7,481,240,241
ATASCOSA COUNTY,013,22 Years,628,317,311,141,69,72,7,2,5,10,4,6,470,242,228
ATASCOSA COUNTY,013,23 Years,631,326,305,167,80,87,3,1,2,7,3,4,454,242,212
ATASCOSA COUNTY,013,24 Years,565,294,271,142,71,71,2,0,2,6,1,5,415,222,193
ATASCOSA COUNTY,013,25 Years,517,263,254,152,79,73,1,0,1,5,3,2,359,181,178
ATASCOSA COUNTY,013,26 Years,493,255,238,153,76,77,1,0,1,6,4,2,333,175,158
ATASCOSA COUNTY,013,27 Years,446,218,228,130,63,67,4,3,1,5,3,2,307,149,158
ATASCOSA COUNTY,013,28 Years,446,223,223,114,51,63,4,3,1,5,3,2,323,166,157
ATASCOSA COUNTY,013,29 Years,466,212,254,135,58,77,4,3,1,7,5,2,320,146,174
ATASCOSA COUNTY,013,30 Years,490,239,251,140,64,76,4,3,1,11,6,5,335,166,169
ATASCOSA COUNTY,013,31 Years,489,230,259,144,69,75,5,2,3,6,3,3,334,156,178
ATASCOSA COUNTY,013,32 Years,528,238,290,156,75,81,3,1,2,9,6,3,360,156,204
ATASCOSA COUNTY,013,33 Years,572,268,304,171,84,87,2,2,0,9,5,4,390,177,213
ATASCOSA COUNTY,013,34 Years,627,300,327,209,106,103,2,1,1,9,5,4,407,188,219
ATASCOSA COUNTY,013,35 Years,634,305,329,215,107,108,1,0,1,6,3,3,412,195,217
ATASCOSA COUNTY,013,36 Years,578,267,311,198,96,102,0,0,0,6,2,4,374,169,205
ATASCOSA COUNTY,013,37 Years,545,257,288,200,98,102,0,0,0,5,1,4,340,158,182
ATASCOSA COUNTY,013,38 Years,545,268,277,209,97,112,4,2,2,5,3,2,327,166,161
ATASCOSA COUNTY,013,39 Years,549,276,273,198,101,97,3,2,1,3,2,1,345,171,174
ATASCOSA COUNTY,013,40 Years,564,274,290,200,98,102,1,1,0,6,4,2,357,171,186
ATASCOSA COUNTY,013,41 Years,563,265,298,209,103,106,1,0,1,5,3,2,348,159,189
ATASCOSA COUNTY,013,42 Years,607,268,339,210,98,112,3,1,2,9,4,5,385,165,220
ATASCOSA COUNTY,013,43 Years,649,308,341,238,124,114,2,0,2,11,6,5,398,178,220
ATASCOSA COUNTY,013,44 Years,651,333,318,249,132,117,3,0,3,8,5,3,391,196,195
ATASCOSA COUNTY,013,45 Years,682,343,339,252,129,123,4,3,1,11,2,9,415,209,206
ATASCOSA COUNTY,013,46 Years,616,310,306,242,116,126,4,3,1,8,1,7,362,190,172
ATASCOSA COUNTY,013,47 Years,572,288,284,205,98,107,5,4,1,8,2,6,354,184,170
ATASCOSA COUNTY,013,48 Years,584,303,281,208,110,98,1,1,0,11,6,5,364,186,178
ATASCOSA COUNTY,013,49 Years,602,304,298,215,104,111,4,2,2,9,5,4,374,193,181
ATASCOSA COUNTY,013,50 Years,618,305,313,207,106,101,3,3,0,13,6,7,395,190,205
ATASCOSA COUNTY,013,51 Years,668,306,362,227,103,124,3,2,1,11,4,7,427,197,230
ATASCOSA COUNTY,013,52 Years,704,339,365,268,127,141,3,2,1,9,5,4,424,205,219
ATASCOSA COUNTY,013,53 Years,667,316,351,262,121,141,3,1,2,13,6,7,389,188,201
ATASCOSA COUNTY,013,54 Years,686,337,349,255,117,138,2,1,1,19,8,11,410,211,199
ATASCOSA COUNTY,013,55 Years,644,311,333,235,102,133,5,4,1,12,4,8,392,201,191
ATASCOSA COUNTY,013,56 Years,675,314,361,282,121,161,4,4,0,7,4,3,382,185,197
ATASCOSA COUNTY,013,57 Years,643,324,319,276,133,143,5,4,1,8,3,5,354,184,170
ATASCOSA COUNTY,013,58 Years,631,318,313,273,129,144,3,2,1,11,6,5,344,181,163
ATASCOSA COUNTY,013,59 Years,626,295,331,260,111,149,3,2,1,12,6,6,351,176,175
ATASCOSA COUNTY,013,60 Years,634,309,325,278,125,153,4,2,2,10,5,5,342,177,165
ATASCOSA COUNTY,013,61 Years,621,309,312,285,132,153,5,3,2,8,5,3,323,169,154
ATASCOSA COUNTY,013,62 Years,640,303,337,299,131,168,2,1,1,8,6,2,331,165,166
ATASCOSA COUNTY,013,63 Years,586,274,312,275,123,152,3,1,2,7,3,4,301,147,154
ATASCOSA COUNTY,013,64 Years,555,278,277,266,129,137,1,1,0,9,5,4,279,143,136
ATASCOSA COUNTY,013,65 Years,559,265,294,267,127,140,2,1,1,9,6,3,281,131,150
ATASCOSA COUNTY,013,66 Years,550,261,289,252,123,129,4,3,1,9,4,5,285,131,154
ATASCOSA COUNTY,013,67 Years,511,261,250,242,128,114,2,1,1,10,4,6,257,128,129
ATASCOSA COUNTY,013,68 Years,511,247,264,254,127,127,1,1,0,4,2,2,252,117,135
ATASCOSA COUNTY,013,69 Years,495,231,264,233,112,121,4,3,1,3,0,3,255,116,139
ATASCOSA COUNTY,013,70 Years,443,210,233,207,100,107,1,1,0,3,0,3,232,109,123
ATASCOSA COUNTY,013,71 Years,407,202,205,208,103,105,2,2,0,6,1,5,191,96,95
ATASCOSA COUNTY,013,72 Years,379,179,200,200,91,109,3,2,1,7,1,6,169,85,84
ATASCOSA COUNTY,013,73 Years,342,159,183,174,83,91,1,1,0,5,1,4,162,74,88
ATASCOSA COUNTY,013,74 Years,314,149,165,162,80,82,1,0,1,6,2,4,145,67,78
ATASCOSA COUNTY,013,75 Years,301,142,159,154,79,75,1,0,1,3,1,2,143,62,81
ATASCOSA COUNTY,013,76 Years,261,121,140,130,63,67,2,1,1,4,3,1,125,54,71
ATASCOSA COUNTY,013,77 Years,242,111,131,119,57,62,2,2,0,5,2,3,116,50,66
ATASCOSA COUNTY,013,78 Years,225,100,125,111,49,62,3,1,2,3,0,3,108,50,58
ATASCOSA COUNTY,013,79 Years,205,100,105,111,53,58,1,0,1,4,2,2,89,45,44
ATASCOSA COUNTY,013,80 Years,215,108,107,112,57,55,1,1,0,1,1,0,101,49,52
ATASCOSA COUNTY,013,81 Years,183,91,92,99,51,48,1,0,1,2,1,1,81,39,42
ATASCOSA COUNTY,013,82 Years,166,75,91,95,46,49,3,2,1,2,1,1,66,26,40
ATASCOSA COUNTY,013,83 Years,148,64,84,82,35,47,0,0,0,1,0,1,65,29,36
ATASCOSA COUNTY,013,84 Years,135,53,82,67,27,40,0,0,0,1,0,1,67,26,41
ATASCOSA COUNTY,013,85 Years +,792,295,497,448,157,291,7,3,4,6,1,5,331,134,197
AUSTIN COUNTY,015,All Ages,30446,14979,15467,18540,8930,9610,2878,1419,1459,674,323,351,8354,4307,4047
AUSTIN COUNTY,015,< 1 Year,361,177,184,147,69,78,34,16,18,27,16,11,153,76,77
AUSTIN COUNTY,015,1 Years,361,178,183,144,68,76,35,16,19,29,18,11,153,76,77
AUSTIN COUNTY,015,2 Years,359,179,180,149,71,78,37,18,19,19,12,7,154,78,76
AUSTIN COUNTY,015,3 Years,350,172,178,145,71,74,32,14,18,15,8,7,158,79,79
AUSTIN COUNTY,015,4 Years,373,192,181,159,83,76,32,16,16,14,7,7,168,86,82
AUSTIN COUNTY,015,5 Years,402,189,213,170,76,94,35,18,17,13,5,8,184,90,94
AUSTIN COUNTY,015,6 Years,365,182,183,173,91,82,32,18,14,11,6,5,149,67,82
AUSTIN COUNTY,015,7 Years,385,196,189,178,91,87,36,21,15,17,10,7,154,74,80
AUSTIN COUNTY,015,8 Years,395,195,200,173,91,82,34,16,18,20,9,11,168,79,89
AUSTIN COUNTY,015,9 Years,398,206,192,170,93,77,40,21,19,20,8,12,168,84,84
AUSTIN COUNTY,015,10 Years,388,210,178,177,103,74,38,21,17,13,6,7,160,80,80
AUSTIN COUNTY,015,11 Years,399,220,179,198,113,85,26,15,11,15,8,7,160,84,76
AUSTIN COUNTY,015,12 Years,449,243,206,215,116,99,47,24,23,14,8,6,173,95,78
AUSTIN COUNTY,015,13 Years,436,240,196,207,116,91,53,30,23,9,4,5,167,90,77
AUSTIN COUNTY,015,14 Years,429,218,211,213,111,102,41,23,18,8,4,4,167,80,87
AUSTIN COUNTY,015,15 Years,453,226,227,213,105,108,50,27,23,12,9,3,178,85,93
AUSTIN COUNTY,015,16 Years,481,233,248,235,105,130,58,31,27,13,7,6,175,90,85
AUSTIN COUNTY,015,17 Years,460,227,233,237,115,122,56,29,27,10,4,6,157,79,78
AUSTIN COUNTY,015,18 Years,398,203,195,206,103,103,44,26,18,11,4,7,137,70,67
AUSTIN COUNTY,015,19 Years,392,207,185,200,103,97,44,24,20,10,5,5,138,75,63
AUSTIN COUNTY,015,20 Years,399,199,200,195,95,100,43,21,22,8,4,4,153,79,74
AUSTIN COUNTY,015,21 Years,390,196,194,181,89,92,51,27,24,12,5,7,146,75,71
AUSTIN COUNTY,015,22 Years,381,198,183,182,97,85,49,21,28,10,6,4,140,74,66
AUSTIN COUNTY,015,23 Years,354,190,164,172,88,84,45,22,23,10,7,3,127,73,54
AUSTIN COUNTY,015,24 Years,328,167,161,157,75,82,34,16,18,5,4,1,132,72,60
AUSTIN COUNTY,015,25 Years,301,145,156,136,66,70,37,16,21,3,1,2,125,62,63
AUSTIN COUNTY,015,26 Years,291,133,158,138,55,83,34,17,17,4,1,3,115,60,55
AUSTIN COUNTY,015,27 Years,271,140,131,127,62,65,31,17,14,1,1,0,112,60,52
AUSTIN COUNTY,015,28 Years,261,133,128,128,66,62,26,11,15,7,4,3,100,52,48
AUSTIN COUNTY,015,29 Years,271,135,136,136,67,69,27,13,14,4,3,1,104,52,52
AUSTIN COUNTY,015,30 Years,297,152,145,130,62,68,34,18,16,6,2,4,127,70,57
AUSTIN COUNTY,015,31 Years,272,144,128,129,62,67,29,16,13,3,1,2,111,65,46
AUSTIN COUNTY,015,32 Years,325,162,163,161,68,93,36,20,16,4,3,1,124,71,53
AUSTIN COUNTY,015,33 Years,340,168,172,175,80,95,33,20,13,4,3,1,128,65,63
AUSTIN COUNTY,015,34 Years,343,172,171,190,89,101,32,19,13,6,3,3,115,61,54
AUSTIN COUNTY,015,35 Years,355,170,185,199,92,107,34,20,14,5,0,5,117,58,59
AUSTIN COUNTY,015,36 Years,370,174,196,203,100,103,39,16,23,5,2,3,123,56,67
AUSTIN COUNTY,015,37 Years,363,180,183,214,110,104,30,13,17,3,1,2,116,56,60
AUSTIN COUNTY,015,38 Years,363,184,179,213,104,109,27,14,13,6,3,3,117,63,54
AUSTIN COUNTY,015,39 Years,342,171,171,193,95,98,26,13,13,2,1,1,121,62,59
AUSTIN COUNTY,015,40 Years,374,183,191,196,92,104,34,19,15,6,1,5,138,71,67
AUSTIN COUNTY,015,41 Years,373,192,181,187,95,92,33,15,18,4,0,4,149,82,67
AUSTIN COUNTY,015,42 Years,352,179,173,186,91,95,29,13,16,4,2,2,133,73,60
AUSTIN COUNTY,015,43 Years,364,169,195,204,89,115,39,18,21,7,2,5,114,60,54
AUSTIN COUNTY,015,44 Years,385,180,205,226,98,128,38,15,23,5,2,3,116,65,51
AUSTIN COUNTY,015,45 Years,376,183,193,230,112,118,36,16,20,4,0,4,106,55,51
AUSTIN COUNTY,015,46 Years,352,173,179,230,114,116,34,15,19,4,1,3,84,43,41
AUSTIN COUNTY,015,47 Years,362,188,174,218,109,109,39,22,17,9,4,5,96,53,43
AUSTIN COUNTY,015,48 Years,370,201,169,218,115,103,37,20,17,13,6,7,102,60,42
AUSTIN COUNTY,015,49 Years,404,212,192,245,129,116,47,22,25,14,6,8,98,55,43
AUSTIN COUNTY,015,50 Years,411,198,213,253,118,135,48,22,26,13,5,8,97,53,44
AUSTIN COUNTY,015,51 Years,418,199,219,266,116,150,44,23,21,11,6,5,97,54,43
AUSTIN COUNTY,015,52 Years,435,203,232,295,132,163,44,19,25,8,5,3,88,47,41
AUSTIN COUNTY,015,53 Years,449,209,240,310,141,169,47,18,29,7,6,1,85,44,41
AUSTIN COUNTY,015,54 Years,467,215,252,314,137,177,52,27,25,14,9,5,87,42,45
AUSTIN COUNTY,015,55 Years,469,227,242,340,155,185,43,25,18,11,4,7,75,43,32
AUSTIN COUNTY,015,56 Years,472,246,226,341,175,166,47,28,19,10,4,6,74,39,35
AUSTIN COUNTY,015,57 Years,482,252,230,337,175,162,49,27,22,11,5,6,85,45,40
AUSTIN COUNTY,015,58 Years,481,250,231,353,179,174,37,23,14,17,8,9,74,40,34
AUSTIN COUNTY,015,59 Years,478,228,250,360,167,193,39,23,16,10,4,6,69,34,35
AUSTIN COUNTY,015,60 Years,426,209,217,318,153,165,33,18,15,6,1,5,69,37,32
AUSTIN COUNTY,015,61 Years,452,214,238,352,164,188,38,16,22,7,3,4,55,31,24
AUSTIN COUNTY,015,62 Years,432,229,203,341,180,161,36,17,19,7,4,3,48,28,20
AUSTIN COUNTY,015,63 Years,415,211,204,331,170,161,34,17,17,6,2,4,44,22,22
AUSTIN COUNTY,015,64 Years,365,177,188,292,143,149,25,11,14,2,1,1,46,22,24
AUSTIN COUNTY,015,65 Years,343,167,176,278,139,139,24,13,11,2,0,2,39,15,24
AUSTIN COUNTY,015,66 Years,360,175,185,289,145,144,28,11,17,5,2,3,38,17,21
AUSTIN COUNTY,015,67 Years,383,182,201,312,147,165,30,14,16,3,2,1,38,19,19
AUSTIN COUNTY,015,68 Years,376,172,204,312,143,169,26,12,14,2,1,1,36,16,20
AUSTIN COUNTY,015,69 Years,317,141,176,256,116,140,26,9,17,2,0,2,33,16,17
AUSTIN COUNTY,015,70 Years,310,158,152,256,131,125,23,10,13,4,3,1,27,14,13
AUSTIN COUNTY,015,71 Years,314,153,161,264,128,136,23,11,12,2,2,0,25,12,13
AUSTIN COUNTY,015,72 Years,317,150,167,268,127,141,21,9,12,3,2,1,25,12,13
AUSTIN COUNTY,015,73 Years,283,137,146,245,122,123,18,6,12,2,1,1,18,8,10
AUSTIN COUNTY,015,74 Years,236,113,123,207,102,105,15,6,9,1,1,0,13,4,9
AUSTIN COUNTY,015,75 Years,203,99,104,163,82,81,17,7,10,3,0,3,20,10,10
AUSTIN COUNTY,015,76 Years,178,80,98,145,65,80,13,6,7,6,1,5,14,8,6
AUSTIN COUNTY,015,77 Years,177,75,102,151,65,86,15,6,9,3,1,2,8,3,5
AUSTIN COUNTY,015,78 Years,162,69,93,135,62,73,14,4,10,2,0,2,11,3,8
AUSTIN COUNTY,015,79 Years,141,66,75,119,59,60,9,2,7,2,0,2,11,5,6
AUSTIN COUNTY,015,80 Years,147,69,78,126,59,67,8,3,5,1,0,1,12,7,5
AUSTIN COUNTY,015,81 Years,132,55,77,107,42,65,12,5,7,1,0,1,12,8,4
AUSTIN COUNTY,015,82 Years,115,48,67,93,42,51,10,2,8,2,0,2,10,4,6
AUSTIN COUNTY,015,83 Years,118,52,66,100,47,53,6,1,5,1,0,1,11,4,7
AUSTIN COUNTY,015,84 Years,118,50,68,98,43,55,7,2,5,2,0,2,11,5,6
AUSTIN COUNTY,015,85 Years +,701,235,466,605,199,406,50,17,33,7,3,4,39,16,23
BAILEY COUNTY,017,All Ages,7112,3638,3474,2464,1199,1265,63,40,23,91,43,48,4494,2356,2138
BAILEY COUNTY,017,< 1 Year,113,56,57,29,14,15,2,1,1,9,5,4,73,36,37
BAILEY COUNTY,017,1 Years,110,58,52,27,13,14,0,0,0,8,4,4,75,41,34
BAILEY COUNTY,017,2 Years,102,56,46,24,11,13,0,0,0,3,1,2,75,44,31
BAILEY COUNTY,017,3 Years,115,62,53,26,13,13,0,0,0,4,2,2,85,47,38
BAILEY COUNTY,017,4 Years,127,67,60,27,12,15,0,0,0,3,2,1,97,53,44
BAILEY COUNTY,017,5 Years,149,79,70,29,15,14,0,0,0,2,0,2,118,64,54
BAILEY COUNTY,017,6 Years,139,71,68,25,11,14,0,0,0,2,1,1,112,59,53
BAILEY COUNTY,017,7 Years,124,60,64,21,9,12,1,0,1,0,0,0,102,51,51
BAILEY COUNTY,017,8 Years,130,69,61,31,15,16,1,0,1,0,0,0,98,54,44
BAILEY COUNTY,017,9 Years,134,65,69,32,10,22,0,0,0,1,1,0,101,54,47
BAILEY COUNTY,017,10 Years,126,60,66,31,10,21,1,0,1,3,2,1,91,48,43
BAILEY COUNTY,017,11 Years,116,54,62,25,9,16,0,0,0,2,1,1,89,44,45
BAILEY COUNTY,017,12 Years,117,63,54,24,13,11,1,1,0,0,0,0,92,49,43
BAILEY COUNTY,017,13 Years,126,63,63,27,15,12,1,0,1,1,0,1,97,48,49
BAILEY COUNTY,017,14 Years,128,65,63,32,16,16,0,0,0,1,1,0,95,48,47
BAILEY COUNTY,017,15 Years,110,60,50,18,11,7,0,0,0,0,0,0,92,49,43
BAILEY COUNTY,017,16 Years,105,61,44,26,17,9,1,1,0,1,1,0,77,42,35
BAILEY COUNTY,017,17 Years,108,59,49,24,13,11,0,0,0,2,1,1,82,45,37
BAILEY COUNTY,017,18 Years,98,51,47,19,12,7,0,0,0,1,0,1,78,39,39
BAILEY COUNTY,017,19 Years,106,52,54,22,12,10,1,1,0,1,0,1,82,39,43
BAILEY COUNTY,017,20 Years,103,54,49,22,10,12,1,1,0,1,0,1,79,43,36
BAILEY COUNTY,017,21 Years,97,54,43,18,9,9,0,0,0,1,0,1,78,45,33
BAILEY COUNTY,017,22 Years,98,53,45,18,10,8,1,0,1,1,1,0,78,42,36
BAILEY COUNTY,017,23 Years,105,59,46,27,13,14,4,2,2,1,0,1,73,44,29
BAILEY COUNTY,017,24 Years,91,47,44,17,11,6,3,1,2,0,0,0,71,35,36
BAILEY COUNTY,017,25 Years,90,47,43,16,8,8,0,0,0,0,0,0,74,39,35
BAILEY COUNTY,017,26 Years,87,42,45,19,7,12,0,0,0,0,0,0,68,35,33
BAILEY COUNTY,017,27 Years,92,47,45,19,11,8,1,0,1,0,0,0,72,36,36
BAILEY COUNTY,017,28 Years,96,51,45,26,13,13,3,3,0,1,0,1,66,35,31
BAILEY COUNTY,017,29 Years,86,43,43,24,9,15,2,2,0,0,0,0,60,32,28
BAILEY COUNTY,017,30 Years,98,47,51,31,12,19,0,0,0,2,1,1,65,34,31
BAILEY COUNTY,017,31 Years,95,51,44,29,15,14,0,0,0,2,1,1,64,35,29
BAILEY COUNTY,017,32 Years,80,45,35,24,13,11,2,2,0,1,0,1,53,30,23
BAILEY COUNTY,017,33 Years,86,45,41,29,18,11,0,0,0,3,1,2,54,26,28
BAILEY COUNTY,017,34 Years,83,40,43,25,14,11,0,0,0,1,0,1,57,26,31
BAILEY COUNTY,017,35 Years,81,44,37,25,16,9,0,0,0,1,0,1,55,28,27
BAILEY COUNTY,017,36 Years,90,50,40,30,17,13,1,0,1,0,0,0,59,33,26
BAILEY COUNTY,017,37 Years,84,46,38,23,14,9,1,1,0,1,1,0,59,30,29
BAILEY COUNTY,017,38 Years,70,37,33,16,9,7,1,1,0,0,0,0,53,27,26
BAILEY COUNTY,017,39 Years,79,41,38,22,10,12,1,1,0,0,0,0,56,30,26
BAILEY COUNTY,017,40 Years,75,38,37,18,7,11,1,1,0,0,0,0,56,30,26
BAILEY COUNTY,017,41 Years,84,45,39,28,15,13,1,1,0,1,1,0,54,28,26
BAILEY COUNTY,017,42 Years,74,40,34,23,14,9,0,0,0,1,1,0,50,25,25
BAILEY COUNTY,017,43 Years,75,38,37,18,10,8,0,0,0,1,0,1,56,28,28
BAILEY COUNTY,017,44 Years,69,32,37,16,7,9,0,0,0,1,0,1,52,25,27
BAILEY COUNTY,017,45 Years,72,35,37,20,10,10,1,0,1,2,0,2,49,25,24
BAILEY COUNTY,017,46 Years,77,37,40,25,13,12,3,0,3,1,1,0,48,23,25
BAILEY COUNTY,017,47 Years,71,35,36,21,9,12,1,0,1,2,2,0,47,24,23
BAILEY COUNTY,017,48 Years,74,39,35,27,13,14,1,1,0,2,2,0,44,23,21
BAILEY COUNTY,017,49 Years,78,44,34,27,15,12,0,0,0,0,0,0,51,29,22
BAILEY COUNTY,017,50 Years,69,33,36,24,11,13,0,0,0,1,0,1,44,22,22
BAILEY COUNTY,017,51 Years,69,28,41,20,7,13,0,0,0,1,0,1,48,21,27
BAILEY COUNTY,017,52 Years,77,41,36,33,14,19,1,1,0,1,1,0,42,25,17
BAILEY COUNTY,017,53 Years,83,42,41,37,18,19,1,1,0,1,0,1,44,23,21
BAILEY COUNTY,017,54 Years,82,46,36,29,15,14,0,0,0,1,1,0,52,30,22
BAILEY COUNTY,017,55 Years,78,41,37,33,20,13,0,0,0,0,0,0,45,21,24
BAILEY COUNTY,017,56 Years,74,36,38,42,19,23,1,1,0,1,0,1,30,16,14
BAILEY COUNTY,017,57 Years,72,40,32,36,20,16,0,0,0,1,0,1,35,20,15
BAILEY COUNTY,017,58 Years,92,49,43,48,23,25,3,3,0,1,1,0,40,22,18
BAILEY COUNTY,017,59 Years,87,44,43,46,21,25,2,2,0,0,0,0,39,21,18
BAILEY COUNTY,017,60 Years,73,41,32,40,24,16,1,1,0,0,0,0,32,16,16
BAILEY COUNTY,017,61 Years,81,44,37,45,24,21,1,1,0,0,0,0,35,19,16
BAILEY COUNTY,017,62 Years,82,39,43,47,22,25,1,1,0,1,0,1,33,16,17
BAILEY COUNTY,017,63 Years,71,34,37,42,19,23,1,1,0,1,0,1,27,14,13
BAILEY COUNTY,017,64 Years,63,33,30,37,18,19,1,0,1,1,0,1,24,15,9
BAILEY COUNTY,017,65 Years,61,36,25,36,20,16,1,1,0,0,0,0,24,15,9
BAILEY COUNTY,017,66 Years,58,27,31,40,17,23,0,0,0,0,0,0,18,10,8
BAILEY COUNTY,017,67 Years,63,30,33,41,19,22,0,0,0,0,0,0,22,11,11
BAILEY COUNTY,017,68 Years,52,27,25,32,17,15,1,1,0,1,1,0,18,8,10
BAILEY COUNTY,017,69 Years,49,28,21,32,19,13,2,2,0,1,1,0,14,6,8
BAILEY COUNTY,017,70 Years,52,32,20,34,22,12,0,0,0,1,0,1,17,10,7
BAILEY COUNTY,017,71 Years,58,30,28,41,20,21,0,0,0,2,2,0,15,8,7
BAILEY COUNTY,017,72 Years,58,23,35,40,16,24,0,0,0,1,1,0,17,6,11
BAILEY COUNTY,017,73 Years,49,22,27,35,16,19,0,0,0,0,0,0,14,6,8
BAILEY COUNTY,017,74 Years,55,30,25,38,22,16,0,0,0,1,0,1,16,8,8
BAILEY COUNTY,017,75 Years,43,20,23,32,15,17,0,0,0,0,0,0,11,5,6
BAILEY COUNTY,017,76 Years,40,19,21,23,12,11,0,0,0,0,0,0,17,7,10
BAILEY COUNTY,017,77 Years,36,16,20,23,9,14,0,0,0,1,1,0,12,6,6
BAILEY COUNTY,017,78 Years,37,16,21,26,10,16,0,0,0,0,0,0,11,6,5
BAILEY COUNTY,017,79 Years,41,16,25,29,8,21,0,0,0,0,0,0,12,8,4
BAILEY COUNTY,017,80 Years,35,14,21,25,11,14,1,0,1,0,0,0,9,3,6
BAILEY COUNTY,017,81 Years,32,17,15,22,11,11,0,0,0,1,0,1,9,6,3
BAILEY COUNTY,017,82 Years,31,13,18,22,8,14,0,0,0,0,0,0,9,5,4
BAILEY COUNTY,017,83 Years,32,13,19,21,7,14,1,1,0,0,0,0,10,5,5
BAILEY COUNTY,017,84 Years,24,11,13,18,8,10,1,1,0,0,0,0,5,2,3
BAILEY COUNTY,017,85 Years +,130,50,80,93,34,59,5,1,4,0,0,0,32,15,17
BANDERA COUNTY,019,All Ages,21317,10548,10769,16877,8307,8570,88,48,40,439,199,240,3913,1994,1919
BANDERA COUNTY,019,< 1 Year,157,84,73,102,56,46,0,0,0,7,2,5,48,26,22
BANDERA COUNTY,019,1 Years,160,81,79,105,55,50,0,0,0,8,2,6,47,24,23
BANDERA COUNTY,019,2 Years,160,81,79,107,56,51,2,1,1,8,4,4,43,20,23
BANDERA COUNTY,019,3 Years,165,83,82,111,56,55,1,0,1,8,5,3,45,22,23
BANDERA COUNTY,019,4 Years,177,95,82,118,62,56,2,0,2,8,6,2,49,27,22
BANDERA COUNTY,019,5 Years,179,99,80,119,66,53,1,0,1,7,3,4,52,30,22
BANDERA COUNTY,019,6 Years,182,94,88,131,66,65,1,0,1,4,1,3,46,27,19
BANDERA COUNTY,019,7 Years,187,89,98,125,56,69,4,2,2,4,1,3,54,30,24
BANDERA COUNTY,019,8 Years,196,96,100,125,61,64,1,1,0,5,2,3,65,32,33
BANDERA COUNTY,019,9 Years,201,99,102,131,67,64,1,0,1,4,2,2,65,30,35
BANDERA COUNTY,019,10 Years,201,97,104,125,62,63,1,0,1,4,3,1,71,32,39
BANDERA COUNTY,019,11 Years,205,102,103,126,63,63,0,0,0,4,1,3,75,38,37
BANDERA COUNTY,019,12 Years,233,113,120,144,70,74,2,0,2,7,2,5,80,41,39
BANDERA COUNTY,019,13 Years,228,110,118,153,71,82,3,1,2,3,1,2,69,37,32
BANDERA COUNTY,019,14 Years,238,126,112,157,83,74,2,0,2,3,1,2,76,42,34
BANDERA COUNTY,019,15 Years,235,114,121,158,76,82,4,1,3,2,1,1,71,36,35
BANDERA COUNTY,019,16 Years,259,135,124,185,99,86,4,2,2,4,1,3,66,33,33
BANDERA COUNTY,019,17 Years,269,133,136,193,95,98,2,1,1,8,2,6,66,35,31
BANDERA COUNTY,019,18 Years,262,137,125,181,98,83,3,1,2,9,3,6,69,35,34
BANDERA COUNTY,019,19 Years,242,131,111,164,87,77,2,2,0,7,2,5,69,40,29
BANDERA COUNTY,019,20 Years,236,117,119,157,76,81,2,1,1,6,2,4,71,38,33
BANDERA COUNTY,019,21 Years,233,113,120,160,76,84,1,0,1,8,3,5,64,34,30
BANDERA COUNTY,019,22 Years,219,111,108,156,76,80,1,1,0,4,3,1,58,31,27
BANDERA COUNTY,019,23 Years,203,117,86,137,78,59,0,0,0,3,2,1,63,37,26
BANDERA COUNTY,019,24 Years,155,78,77,112,56,56,0,0,0,1,0,1,42,22,20
BANDERA COUNTY,019,25 Years,151,74,77,115,55,60,1,0,1,2,2,0,33,17,16
BANDERA COUNTY,019,26 Years,146,80,66,96,51,45,0,0,0,9,6,3,41,23,18
BANDERA COUNTY,019,27 Years,134,61,73,91,39,52,0,0,0,6,3,3,37,19,18
BANDERA COUNTY,019,28 Years,138,69,69,91,50,41,1,0,1,3,1,2,43,18,25
BANDERA COUNTY,019,29 Years,126,65,61,84,45,39,1,1,0,2,1,1,39,18,21
BANDERA COUNTY,019,30 Years,139,70,69,94,47,47,1,1,0,3,3,0,41,19,22
BANDERA COUNTY,019,31 Years,131,68,63,97,50,47,0,0,0,5,3,2,29,15,14
BANDERA COUNTY,019,32 Years,145,83,62,105,58,47,0,0,0,2,2,0,38,23,15
BANDERA COUNTY,019,33 Years,142,78,64,110,60,50,0,0,0,6,4,2,26,14,12
BANDERA COUNTY,019,34 Years,172,84,88,133,62,71,0,0,0,5,2,3,34,20,14
BANDERA COUNTY,019,35 Years,176,80,96,135,57,78,1,1,0,3,1,2,37,21,16
BANDERA COUNTY,019,36 Years,170,86,84,135,65,70,1,1,0,0,0,0,34,20,14
BANDERA COUNTY,019,37 Years,177,96,81,139,75,64,1,1,0,3,2,1,34,18,16
BANDERA COUNTY,019,38 Years,175,95,80,138,76,62,1,1,0,1,0,1,35,18,17
BANDERA COUNTY,019,39 Years,187,94,93,142,73,69,3,3,0,1,0,1,41,18,23
BANDERA COUNTY,019,40 Years,196,86,110,143,67,76,0,0,0,3,1,2,50,18,32
BANDERA COUNTY,019,41 Years,182,85,97,133,62,71,1,0,1,5,3,2,43,20,23
BANDERA COUNTY,019,42 Years,203,96,107,149,68,81,0,0,0,9,4,5,45,24,21
BANDERA COUNTY,019,43 Years,203,108,95,147,76,71,2,2,0,6,3,3,48,27,21
BANDERA COUNTY,019,44 Years,234,119,115,174,90,84,2,1,1,6,3,3,52,25,27
BANDERA COUNTY,019,45 Years,257,120,137,202,95,107,1,1,0,4,1,3,50,23,27
BANDERA COUNTY,019,46 Years,262,123,139,208,100,108,0,0,0,3,1,2,51,22,29
BANDERA COUNTY,019,47 Years,274,131,143,215,105,110,1,0,1,5,2,3,53,24,29
BANDERA COUNTY,019,48 Years,279,134,145,227,110,117,0,0,0,6,3,3,46,21,25
BANDERA COUNTY,019,49 Years,289,140,149,234,116,118,0,0,0,9,4,5,46,20,26
BANDERA COUNTY,019,50 Years,337,162,175,270,127,143,2,2,0,7,2,5,58,31,27
BANDERA COUNTY,019,51 Years,384,191,193,316,156,160,1,1,0,5,2,3,62,32,30
BANDERA COUNTY,019,52 Years,392,189,203,317,151,166,0,0,0,6,5,1,69,33,36
BANDERA COUNTY,019,53 Years,386,181,205,316,144,172,2,1,1,8,5,3,60,31,29
BANDERA COUNTY,019,54 Years,416,187,229,342,155,187,1,1,0,8,3,5,65,28,37
BANDERA COUNTY,019,55 Years,439,194,245,361,158,203,1,1,0,11,3,8,66,32,34
BANDERA COUNTY,019,56 Years,427,196,231,368,164,204,1,1,0,4,2,2,54,29,25
BANDERA COUNTY,019,57 Years,420,213,207,357,181,176,1,0,1,7,3,4,55,29,26
BANDERA COUNTY,019,58 Years,424,200,224,362,169,193,4,3,1,8,5,3,50,23,27
BANDERA COUNTY,019,59 Years,456,214,242,392,182,210,2,1,1,6,3,3,56,28,28
BANDERA COUNTY,019,60 Years,429,208,221,373,183,190,0,0,0,5,1,4,51,24,27
BANDERA COUNTY,019,61 Years,421,198,223,367,174,193,0,0,0,7,1,6,47,23,24
BANDERA COUNTY,019,62 Years,421,206,215,367,177,190,1,0,1,4,1,3,49,28,21
BANDERA COUNTY,019,63 Years,408,208,200,352,182,170,2,1,1,9,3,6,45,22,23
BANDERA COUNTY,019,64 Years,384,196,188,336,171,165,2,1,1,8,5,3,38,19,19
BANDERA COUNTY,019,65 Years,371,178,193,326,154,172,0,0,0,3,1,2,42,23,19
BANDERA COUNTY,019,66 Years,390,199,191,341,172,169,1,1,0,9,4,5,39,22,17
BANDERA COUNTY,019,67 Years,421,216,205,360,183,177,1,1,0,6,4,2,54,28,26
BANDERA COUNTY,019,68 Years,421,208,213,360,174,186,0,0,0,7,3,4,54,31,23
BANDERA COUNTY,019,69 Years,336,167,169,288,136,152,1,1,0,11,6,5,36,24,12
BANDERA COUNTY,019,70 Years,316,166,150,284,147,137,2,2,0,7,2,5,23,15,8
BANDERA COUNTY,019,71 Years,319,156,163,285,143,142,2,1,1,4,1,3,28,11,17
BANDERA COUNTY,019,72 Years,324,159,165,288,143,145,1,1,0,7,4,3,28,11,17
BANDERA COUNTY,019,73 Years,287,141,146,261,131,130,0,0,0,4,2,2,22,8,14
BANDERA COUNTY,019,74 Years,256,131,125,233,118,115,0,0,0,4,3,1,19,10,9
BANDERA COUNTY,019,75 Years,227,121,106,198,106,92,0,0,0,3,1,2,26,14,12
BANDERA COUNTY,019,76 Years,198,104,94,175,93,82,0,0,0,3,1,2,20,10,10
BANDERA COUNTY,019,77 Years,177,86,91,156,75,81,1,1,0,4,3,1,16,7,9
BANDERA COUNTY,019,78 Years,144,66,78,127,59,68,0,0,0,3,1,2,14,6,8
BANDERA COUNTY,019,79 Years,139,65,74,118,56,62,0,0,0,3,2,1,18,7,11
BANDERA COUNTY,019,80 Years,136,72,64,119,65,54,1,0,1,1,1,0,15,6,9
BANDERA COUNTY,019,81 Years,118,59,59,102,51,51,0,0,0,1,0,1,15,8,7
BANDERA COUNTY,019,82 Years,108,57,51,92,49,43,0,0,0,2,1,1,14,7,7
BANDERA COUNTY,019,83 Years,98,50,48,85,42,43,0,0,0,2,1,1,11,7,4
BANDERA COUNTY,019,84 Years,96,49,47,85,43,42,0,0,0,2,1,1,9,5,4
BANDERA COUNTY,019,85 Years +,421,195,226,379,174,205,0,0,0,7,3,4,35,18,17
BASTROP COUNTY,021,All Ages,82713,41885,40828,42912,21000,21912,6032,3204,2828,2593,1305,1288,31176,16376,14800
BASTROP COUNTY,021,< 1 Year,1005,501,504,332,162,170,61,33,28,47,24,23,565,282,283
BASTROP COUNTY,021,1 Years,994,501,493,338,173,165,60,32,28,42,23,19,554,273,281
BASTROP COUNTY,021,2 Years,942,477,465,325,168,157,59,33,26,41,23,18,517,253,264
BASTROP COUNTY,021,3 Years,888,453,435,312,162,150,55,28,27,35,22,13,486,241,245
BASTROP COUNTY,021,4 Years,896,451,445,296,152,144,51,24,27,45,24,21,504,251,253
BASTROP COUNTY,021,5 Years,989,514,475,324,170,154,61,37,24,46,20,26,558,287,271
BASTROP COUNTY,021,6 Years,1070,528,542,368,176,192,63,32,31,54,26,28,585,294,291
BASTROP COUNTY,021,7 Years,1132,593,539,383,195,188,67,32,35,62,33,29,620,333,287
BASTROP COUNTY,021,8 Years,1180,636,544,376,216,160,67,32,35,65,37,28,672,351,321
BASTROP COUNTY,021,9 Years,1170,620,550,391,214,177,59,28,31,63,32,31,657,346,311
BASTROP COUNTY,021,10 Years,1216,648,568,435,234,201,61,32,29,52,25,27,668,357,311
BASTROP COUNTY,021,11 Years,1236,627,609,432,229,203,72,29,43,58,28,30,674,341,333
BASTROP COUNTY,021,12 Years,1277,644,633,450,233,217,74,27,47,64,30,34,689,354,335
BASTROP COUNTY,021,13 Years,1306,673,633,482,253,229,71,30,41,59,29,30,694,361,333
BASTROP COUNTY,021,14 Years,1321,684,637,487,251,236,81,38,43,54,26,28,699,369,330
BASTROP COUNTY,021,15 Years,1361,724,637,510,266,244,96,46,50,54,29,25,701,383,318
BASTROP COUNTY,021,16 Years,1370,717,653,532,271,261,103,51,52,50,23,27,685,372,313
BASTROP COUNTY,021,17 Years,1343,692,651,535,264,271,122,63,59,55,26,29,631,339,292
BASTROP COUNTY,021,18 Years,1279,680,599,505,260,245,127,71,56,50,26,24,597,323,274
BASTROP COUNTY,021,19 Years,1173,631,542,458,233,225,93,52,41,43,26,17,579,320,259
BASTROP COUNTY,021,20 Years,1114,590,524,418,211,207,97,59,38,41,22,19,558,298,260
BASTROP COUNTY,021,21 Years,1078,571,507,383,189,194,92,49,43,35,20,15,568,313,255
BASTROP COUNTY,021,22 Years,1073,549,524,391,190,201,73,40,33,33,18,15,576,301,275
BASTROP COUNTY,021,23 Years,1093,574,519,414,209,205,78,45,33,34,15,19,567,305,262
BASTROP COUNTY,021,24 Years,943,508,435,341,178,163,86,49,37,25,12,13,491,269,222
BASTROP COUNTY,021,25 Years,882,472,410,329,155,174,77,48,29,36,18,18,440,251,189
BASTROP COUNTY,021,26 Years,771,420,351,331,164,167,59,35,24,20,11,9,361,210,151
BASTROP COUNTY,021,27 Years,783,421,362,339,164,175,68,38,30,18,13,5,358,206,152
BASTROP COUNTY,021,28 Years,736,394,342,296,147,149,65,35,30,24,13,11,351,199,152
BASTROP COUNTY,021,29 Years,788,425,363,326,169,157,59,38,21,17,9,8,386,209,177
BASTROP COUNTY,021,30 Years,778,408,370,330,159,171,60,41,19,19,12,7,369,196,173
BASTROP COUNTY,021,31 Years,852,442,410,337,159,178,65,40,25,18,11,7,432,232,200
BASTROP COUNTY,021,32 Years,933,490,443,383,190,193,58,37,21,21,12,9,471,251,220
BASTROP COUNTY,021,33 Years,993,498,495,429,204,225,58,36,22,21,10,11,485,248,237
BASTROP COUNTY,021,34 Years,1052,547,505,447,219,228,78,49,29,24,11,13,503,268,235
BASTROP COUNTY,021,35 Years,1054,550,504,458,231,227,77,54,23,29,15,14,490,250,240
BASTROP COUNTY,021,36 Years,1053,531,522,473,220,253,69,45,24,29,14,15,482,252,230
BASTROP COUNTY,021,37 Years,1054,568,486,485,252,233,77,52,25,32,16,16,460,248,212
BASTROP COUNTY,021,38 Years,1070,556,514,470,229,241,77,50,27,35,18,17,488,259,229
BASTROP COUNTY,021,39 Years,1069,550,519,476,227,249,88,55,33,33,18,15,472,250,222
BASTROP COUNTY,021,40 Years,1087,557,530,485,236,249,87,56,31,27,12,15,488,253,235
BASTROP COUNTY,021,41 Years,1081,541,540,519,254,265,83,46,37,26,10,16,453,231,222
BASTROP COUNTY,021,42 Years,1070,560,510,525,275,250,90,53,37,23,14,9,432,218,214
BASTROP COUNTY,021,43 Years,1133,588,545,562,278,284,92,56,36,27,18,9,452,236,216
BASTROP COUNTY,021,44 Years,1168,597,571,601,286,315,106,61,45,24,12,12,437,238,199
BASTROP COUNTY,021,45 Years,1168,589,579,604,290,314,104,62,42,36,17,19,424,220,204
BASTROP COUNTY,021,46 Years,1131,568,563,631,319,312,83,42,41,33,12,21,384,195,189
BASTROP COUNTY,021,47 Years,1058,544,514,553,282,271,97,54,43,33,16,17,375,192,183
BASTROP COUNTY,021,48 Years,1055,540,515,571,289,282,101,54,47,31,15,16,352,182,170
BASTROP COUNTY,021,49 Years,1115,586,529,629,324,305,105,56,49,32,16,16,349,190,159
BASTROP COUNTY,021,50 Years,1215,622,593,714,355,359,112,60,52,31,17,14,358,190,168
BASTROP COUNTY,021,51 Years,1188,602,586,725,366,359,111,55,56,31,17,14,321,164,157
BASTROP COUNTY,021,52 Years,1199,617,582,758,377,381,91,51,40,32,19,13,318,170,148
BASTROP COUNTY,021,53 Years,1218,632,586,767,386,381,90,52,38,38,18,20,323,176,147
BASTROP COUNTY,021,54 Years,1232,629,603,785,390,395,99,52,47,42,19,23,306,168,138
BASTROP COUNTY,021,55 Years,1236,614,622,812,389,423,97,52,45,34,15,19,293,158,135
BASTROP COUNTY,021,56 Years,1250,608,642,843,398,445,95,48,47,34,16,18,278,146,132
BASTROP COUNTY,021,57 Years,1240,582,658,848,379,469,101,53,48,27,14,13,264,136,128
BASTROP COUNTY,021,58 Years,1223,605,618,869,426,443,88,42,46,27,12,15,239,125,114
BASTROP COUNTY,021,59 Years,1178,559,619,834,383,451,86,38,48,27,11,16,231,127,104
BASTROP COUNTY,021,60 Years,1160,576,584,836,400,436,83,46,37,29,14,15,212,116,96
BASTROP COUNTY,021,61 Years,1101,540,561,796,381,415,78,39,39,27,11,16,200,109,91
BASTROP COUNTY,021,62 Years,1069,512,557,797,374,423,74,38,36,30,15,15,168,85,83
BASTROP COUNTY,021,63 Years,1055,524,531,794,401,393,67,29,38,31,16,15,163,78,85
BASTROP COUNTY,021,64 Years,1027,519,508,769,389,380,68,30,38,27,14,13,163,86,77
BASTROP COUNTY,021,65 Years,951,485,466,715,359,356,67,37,30,28,15,13,141,74,67
BASTROP COUNTY,021,66 Years,933,452,481,707,334,373,57,27,30,26,14,12,143,77,66
BASTROP COUNTY,021,67 Years,979,462,517,753,361,392,66,27,39,24,11,13,136,63,73
BASTROP COUNTY,021,68 Years,951,463,488,720,353,367,60,26,34,24,11,13,147,73,74
BASTROP COUNTY,021,69 Years,757,373,384,565,279,286,51,23,28,15,6,9,126,65,61
BASTROP COUNTY,021,70 Years,688,334,354,517,249,268,48,23,25,15,7,8,108,55,53
BASTROP COUNTY,021,71 Years,649,306,343,519,244,275,37,16,21,14,6,8,79,40,39
BASTROP COUNTY,021,72 Years,615,284,331,505,239,266,33,13,20,10,3,7,67,29,38
BASTROP COUNTY,021,73 Years,532,254,278,419,201,218,39,16,23,6,1,5,68,36,32
BASTROP COUNTY,021,74 Years,464,217,247,365,174,191,32,14,18,8,3,5,59,26,33
BASTROP COUNTY,021,75 Years,440,199,241,345,158,187,32,16,16,8,4,4,55,21,34
BASTROP COUNTY,021,76 Years,415,195,220,315,146,169,32,17,15,7,3,4,61,29,32
BASTROP COUNTY,021,77 Years,391,183,208,311,147,164,23,10,13,9,4,5,48,22,26
BASTROP COUNTY,021,78 Years,334,156,178,274,128,146,19,6,13,6,4,2,35,18,17
BASTROP COUNTY,021,79 Years,308,134,174,248,109,139,20,7,13,10,5,5,30,13,17
BASTROP COUNTY,021,80 Years,303,129,174,238,102,136,27,10,17,5,2,3,33,15,18
BASTROP COUNTY,021,81 Years,241,106,135,190,85,105,20,9,11,4,2,2,27,10,17
BASTROP COUNTY,021,82 Years,223,99,124,184,85,99,16,5,11,3,1,2,20,8,12
BASTROP COUNTY,021,83 Years,204,86,118,166,74,92,16,5,11,3,0,3,19,7,12
BASTROP COUNTY,021,84 Years,201,89,112,153,70,83,13,6,7,6,3,3,29,10,19
BASTROP COUNTY,021,85 Years +,1160,410,750,949,328,621,72,21,51,20,10,10,119,51,68
BAYLOR COUNTY,023,All Ages,3551,1727,1824,2962,1452,1510,81,41,40,60,29,31,448,205,243
BAYLOR COUNTY,023,< 1 Year,37,18,19,26,14,12,0,0,0,9,3,6,2,1,1
BAYLOR COUNTY,023,1 Years,33,16,17,26,14,12,0,0,0,5,1,4,2,1,1
BAYLOR COUNTY,023,2 Years,37,20,17,29,16,13,1,0,1,3,2,1,4,2,2
BAYLOR COUNTY,023,3 Years,32,19,13,26,14,12,1,1,0,3,3,0,2,1,1
BAYLOR COUNTY,023,4 Years,38,20,18,32,16,16,1,1,0,0,0,0,5,3,2
BAYLOR COUNTY,023,5 Years,42,24,18,34,20,14,0,0,0,2,1,1,6,3,3
BAYLOR COUNTY,023,6 Years,42,20,22,29,16,13,2,0,2,1,1,0,10,3,7
BAYLOR COUNTY,023,7 Years,33,21,12,22,14,8,1,1,0,1,1,0,9,5,4
BAYLOR COUNTY,023,8 Years,48,28,20,32,18,14,1,1,0,1,1,0,14,8,6
BAYLOR COUNTY,023,9 Years,51,33,18,35,25,10,2,2,0,2,1,1,12,5,7
BAYLOR COUNTY,023,10 Years,46,23,23,35,17,18,2,2,0,1,1,0,8,3,5
BAYLOR COUNTY,023,11 Years,39,14,25,33,13,20,0,0,0,1,0,1,5,1,4
BAYLOR COUNTY,023,12 Years,35,18,17,27,13,14,1,1,0,0,0,0,7,4,3
BAYLOR COUNTY,023,13 Years,39,20,19,29,14,15,1,1,0,1,1,0,8,4,4
BAYLOR COUNTY,023,14 Years,43,23,20,32,18,14,2,1,1,0,0,0,9,4,5
BAYLOR COUNTY,023,15 Years,44,21,23,32,17,15,1,0,1,1,1,0,10,3,7
BAYLOR COUNTY,023,16 Years,43,19,24,30,14,16,1,0,1,0,0,0,12,5,7
BAYLOR COUNTY,023,17 Years,42,21,21,30,16,14,1,0,1,0,0,0,11,5,6
BAYLOR COUNTY,023,18 Years,37,17,20,21,9,12,1,0,1,1,1,0,14,7,7
BAYLOR COUNTY,023,19 Years,29,14,15,22,11,11,1,0,1,0,0,0,6,3,3
BAYLOR COUNTY,023,20 Years,34,18,16,25,14,11,0,0,0,0,0,0,9,4,5
BAYLOR COUNTY,023,21 Years,34,18,16,29,16,13,0,0,0,0,0,0,5,2,3
BAYLOR COUNTY,023,22 Years,42,22,20,33,18,15,0,0,0,0,0,0,9,4,5
BAYLOR COUNTY,023,23 Years,48,17,31,37,15,22,1,0,1,0,0,0,10,2,8
BAYLOR COUNTY,023,24 Years,51,22,29,40,16,24,1,1,0,0,0,0,10,5,5
BAYLOR COUNTY,023,25 Years,50,24,26,42,19,23,1,0,1,0,0,0,7,5,2
BAYLOR COUNTY,023,26 Years,47,23,24,42,20,22,0,0,0,0,0,0,5,3,2
BAYLOR COUNTY,023,27 Years,39,16,23,34,14,20,0,0,0,0,0,0,5,2,3
BAYLOR COUNTY,023,28 Years,33,16,17,27,14,13,0,0,0,0,0,0,6,2,4
BAYLOR COUNTY,023,29 Years,36,18,18,31,16,15,1,1,0,0,0,0,4,1,3
BAYLOR COUNTY,023,30 Years,43,24,19,38,22,16,0,0,0,0,0,0,5,2,3
BAYLOR COUNTY,023,31 Years,37,18,19,29,15,14,0,0,0,0,0,0,8,3,5
BAYLOR COUNTY,023,32 Years,26,13,13,21,10,11,0,0,0,0,0,0,5,3,2
BAYLOR COUNTY,023,33 Years,25,12,13,22,10,12,0,0,0,0,0,0,3,2,1
BAYLOR COUNTY,023,34 Years,33,17,16,27,16,11,1,1,0,1,0,1,4,0,4
BAYLOR COUNTY,023,35 Years,36,21,15,24,15,9,0,0,0,1,1,0,11,5,6
BAYLOR COUNTY,023,36 Years,34,20,14,23,14,9,0,0,0,1,1,0,10,5,5
BAYLOR COUNTY,023,37 Years,31,17,14,28,16,12,1,0,1,0,0,0,2,1,1
BAYLOR COUNTY,023,38 Years,32,15,17,28,12,16,0,0,0,0,0,0,4,3,1
BAYLOR COUNTY,023,39 Years,30,15,15,24,12,12,0,0,0,0,0,0,6,3,3
BAYLOR COUNTY,023,40 Years,27,13,14,23,11,12,0,0,0,0,0,0,4,2,2
BAYLOR COUNTY,023,41 Years,22,10,12,19,8,11,0,0,0,0,0,0,3,2,1
BAYLOR COUNTY,023,42 Years,31,15,16,26,13,13,1,1,0,0,0,0,4,1,3
BAYLOR COUNTY,023,43 Years,29,15,14,26,13,13,1,1,0,0,0,0,2,1,1
BAYLOR COUNTY,023,44 Years,39,17,22,35,15,20,1,1,0,0,0,0,3,1,2
BAYLOR COUNTY,023,45 Years,36,17,19,31,15,16,0,0,0,0,0,0,5,2,3
BAYLOR COUNTY,023,46 Years,46,26,20,41,22,19,0,0,0,0,0,0,5,4,1
BAYLOR COUNTY,023,47 Years,39,20,19,34,18,16,1,0,1,0,0,0,4,2,2
BAYLOR COUNTY,023,48 Years,36,13,23,30,10,20,1,0,1,0,0,0,5,3,2
BAYLOR COUNTY,023,49 Years,41,16,25,34,13,21,1,0,1,0,0,0,6,3,3
BAYLOR COUNTY,023,50 Years,51,23,28,43,20,23,2,1,1,1,0,1,5,2,3
BAYLOR COUNTY,023,51 Years,54,27,27,47,24,23,2,1,1,0,0,0,5,2,3
BAYLOR COUNTY,023,52 Years,47,26,21,39,20,19,3,3,0,0,0,0,5,3,2
BAYLOR COUNTY,023,53 Years,45,26,19,40,23,17,2,2,0,0,0,0,3,1,2
BAYLOR COUNTY,023,54 Years,48,24,24,42,21,21,0,0,0,0,0,0,6,3,3
BAYLOR COUNTY,023,55 Years,58,35,23,52,32,20,2,1,1,1,1,0,3,1,2
BAYLOR COUNTY,023,56 Years,51,25,26,43,23,20,2,0,2,0,0,0,6,2,4
BAYLOR COUNTY,023,57 Years,63,30,33,54,25,29,2,1,1,1,0,1,6,4,2
BAYLOR COUNTY,023,58 Years,56,24,32,48,21,27,2,1,1,0,0,0,6,2,4
BAYLOR COUNTY,023,59 Years,61,29,32,52,26,26,1,0,1,1,1,0,7,2,5
BAYLOR COUNTY,023,60 Years,51,29,22,41,24,17,1,0,1,1,1,0,8,4,4
BAYLOR COUNTY,023,61 Years,51,27,24,44,24,20,1,1,0,1,0,1,5,2,3
BAYLOR COUNTY,023,62 Years,45,26,19,40,23,17,0,0,0,3,2,1,2,1,1
BAYLOR COUNTY,023,63 Years,48,26,22,42,23,19,1,0,1,2,2,0,3,1,2
BAYLOR COUNTY,023,64 Years,46,24,22,39,19,20,1,1,0,2,1,1,4,3,1
BAYLOR COUNTY,023,65 Years,44,22,22,38,20,18,0,0,0,2,0,2,4,2,2
BAYLOR COUNTY,023,66 Years,44,21,23,39,18,21,1,1,0,1,0,1,3,2,1
BAYLOR COUNTY,023,67 Years,37,16,21,33,14,19,1,1,0,2,0,2,1,1,0
BAYLOR COUNTY,023,68 Years,38,15,23,33,13,20,1,0,1,1,0,1,3,2,1
BAYLOR COUNTY,023,69 Years,46,22,24,42,20,22,1,0,1,0,0,0,3,2,1
BAYLOR COUNTY,023,70 Years,53,23,30,46,20,26,3,1,2,0,0,0,4,2,2
BAYLOR COUNTY,023,71 Years,41,20,21,35,17,18,3,1,2,1,1,0,2,1,1
BAYLOR COUNTY,023,72 Years,53,25,28,49,23,26,1,0,1,0,0,0,3,2,1
BAYLOR COUNTY,023,73 Years,53,25,28,48,24,24,2,1,1,1,0,1,2,0,2
BAYLOR COUNTY,023,74 Years,40,18,22,39,18,21,1,0,1,0,0,0,0,0,0
BAYLOR COUNTY,023,75 Years,37,14,23,34,13,21,2,1,1,0,0,0,1,0,1
BAYLOR COUNTY,023,76 Years,35,13,22,31,12,19,1,0,1,0,0,0,3,1,2
BAYLOR COUNTY,023,77 Years,35,18,17,31,15,16,1,1,0,0,0,0,3,2,1
BAYLOR COUNTY,023,78 Years,37,22,15,33,21,12,1,0,1,1,0,1,2,1,1
BAYLOR COUNTY,023,79 Years,29,13,16,27,12,15,0,0,0,0,0,0,2,1,1
BAYLOR COUNTY,023,80 Years,32,11,21,30,10,20,2,1,1,0,0,0,0,0,0
BAYLOR COUNTY,023,81 Years,35,17,18,32,15,17,1,1,0,0,0,0,2,1,1
BAYLOR COUNTY,023,82 Years,25,12,13,21,10,11,1,1,0,0,0,0,3,1,2
BAYLOR COUNTY,023,83 Years,26,8,18,22,6,16,2,1,1,0,0,0,2,1,1
BAYLOR COUNTY,023,84 Years,17,5,12,15,5,10,1,0,1,0,0,0,1,0,1
BAYLOR COUNTY,023,85 Years +,142,49,93,133,47,86,1,1,0,3,0,3,5,1,4
BEE COUNTY,025,All Ages,32702,19571,13131,10864,6648,4216,2542,2329,213,515,261,254,18781,10333,8448
BEE COUNTY,025,< 1 Year,380,198,182,72,39,33,11,8,3,6,4,2,291,147,144
BEE COUNTY,025,1 Years,375,198,177,71,39,32,10,6,4,8,4,4,286,149,137
BEE COUNTY,025,2 Years,358,191,167,70,36,34,10,7,3,5,1,4,273,147,126
BEE COUNTY,025,3 Years,353,184,169,75,37,38,7,4,3,6,2,4,265,141,124
BEE COUNTY,025,4 Years,334,166,168,67,29,38,10,4,6,7,4,3,250,129,121
BEE COUNTY,025,5 Years,336,152,184,75,28,47,8,5,3,8,2,6,245,117,128
BEE COUNTY,025,6 Years,369,180,189,81,39,42,9,7,2,11,6,5,268,128,140
BEE COUNTY,025,7 Years,373,184,189,78,41,37,10,7,3,12,5,7,273,131,142
BEE COUNTY,025,8 Years,412,203,209,96,51,45,5,3,2,10,5,5,301,144,157
BEE COUNTY,025,9 Years,412,222,190,92,51,41,4,2,2,13,7,6,303,162,141
BEE COUNTY,025,10 Years,395,201,194,90,52,38,6,4,2,9,7,2,290,138,152
BEE COUNTY,025,11 Years,387,196,191,80,42,38,4,1,3,8,7,1,295,146,149
BEE COUNTY,025,12 Years,394,190,204,82,43,39,6,3,3,11,7,4,295,137,158
BEE COUNTY,025,13 Years,375,198,177,78,45,33,6,3,3,6,3,3,285,147,138
BEE COUNTY,025,14 Years,413,215,198,94,61,33,5,5,0,4,3,1,310,146,164
BEE COUNTY,025,15 Years,427,222,205,86,46,40,6,4,2,10,7,3,325,165,160
BEE COUNTY,025,16 Years,402,205,197,85,42,43,7,5,2,4,2,2,306,156,150
BEE COUNTY,025,17 Years,392,200,192,82,45,37,4,2,2,3,1,2,303,152,151
BEE COUNTY,025,18 Years,410,232,178,72,39,33,23,20,3,6,4,2,309,169,140
BEE COUNTY,025,19 Years,502,332,170,100,65,35,58,57,1,4,2,2,340,208,132
BEE COUNTY,025,20 Years,528,347,181,107,68,39,52,49,3,4,2,2,365,228,137
BEE COUNTY,025,21 Years,551,386,165,106,74,32,69,66,3,5,1,4,371,245,126
BEE COUNTY,025,22 Years,559,376,183,112,70,42,64,60,4,10,5,5,373,241,132
BEE COUNTY,025,23 Years,580,375,205,127,74,53,77,71,6,11,5,6,365,225,140
BEE COUNTY,025,24 Years,610,419,191,175,107,68,68,62,6,12,9,3,355,241,114
BEE COUNTY,025,25 Years,561,374,187,158,100,58,66,58,8,7,5,2,330,211,119
BEE COUNTY,025,26 Years,573,409,164,168,116,52,71,66,5,7,4,3,327,223,104
BEE COUNTY,025,27 Years,505,369,136,131,94,37,69,67,2,9,6,3,296,202,94
BEE COUNTY,025,28 Years,516,373,143,152,114,38,67,66,1,10,5,5,287,188,99
BEE COUNTY,025,29 Years,540,396,144,188,143,45,65,63,2,4,2,2,283,188,95
BEE COUNTY,025,30 Years,503,350,153,159,113,46,57,54,3,5,2,3,282,181,101
BEE COUNTY,025,31 Years,568,415,153,171,131,40,71,69,2,4,1,3,322,214,108
BEE COUNTY,025,32 Years,493,341,152,156,116,40,60,57,3,2,1,1,275,167,108
BEE COUNTY,025,33 Years,487,344,143,147,107,40,71,66,5,4,2,2,265,169,96
BEE COUNTY,025,34 Years,525,378,147,157,116,41,70,69,1,9,6,3,289,187,102
BEE COUNTY,025,35 Years,483,331,152,166,119,47,59,56,3,5,2,3,253,154,99
BEE COUNTY,025,36 Years,461,338,123,150,117,33,57,55,2,4,2,2,250,164,86
BEE COUNTY,025,37 Years,477,342,135,156,118,38,57,55,2,9,3,6,255,166,89
BEE COUNTY,025,38 Years,476,328,148,161,122,39,53,53,0,9,5,4,253,148,105
BEE COUNTY,025,39 Years,474,328,146,162,122,40,66,65,1,4,2,2,242,139,103
BEE COUNTY,025,40 Years,493,355,138,173,129,44,57,56,1,5,3,2,258,167,91
BEE COUNTY,025,41 Years,472,330,142,169,124,45,60,59,1,6,4,2,237,143,94
BEE COUNTY,025,42 Years,457,315,142,157,112,45,59,59,0,10,6,4,231,138,93
BEE COUNTY,025,43 Years,466,318,148,162,115,47,63,62,1,9,6,3,232,135,97
BEE COUNTY,025,44 Years,504,353,151,192,142,50,58,56,2,10,6,4,244,149,95
BEE COUNTY,025,45 Years,453,303,150,157,117,40,72,70,2,9,4,5,215,112,103
BEE COUNTY,025,46 Years,441,309,132,166,119,47,72,69,3,5,3,2,198,118,80
BEE COUNTY,025,47 Years,424,285,139,162,115,47,58,56,2,6,3,3,198,111,87
BEE COUNTY,025,48 Years,433,267,166,176,123,53,48,47,1,10,7,3,199,90,109
BEE COUNTY,025,49 Years,422,273,149,168,114,54,50,47,3,3,1,2,201,111,90
BEE COUNTY,025,50 Years,441,282,159,155,114,41,53,49,4,9,3,6,224,116,108
BEE COUNTY,025,51 Years,436,266,170,165,110,55,33,32,1,8,5,3,230,119,111
BEE COUNTY,025,52 Years,456,280,176,193,130,63,47,43,4,4,3,1,212,104,108
BEE COUNTY,025,53 Years,447,270,177,182,120,62,38,34,4,7,3,4,220,113,107
BEE COUNTY,025,54 Years,451,269,182,201,124,77,24,20,4,11,4,7,215,121,94
BEE COUNTY,025,55 Years,404,223,181,184,107,77,30,25,5,4,1,3,186,90,96
BEE COUNTY,025,56 Years,421,234,187,183,109,74,31,27,4,5,2,3,202,96,106
BEE COUNTY,025,57 Years,439,244,195,198,116,82,35,33,2,4,1,3,202,94,108
BEE COUNTY,025,58 Years,386,215,171,183,98,85,22,19,3,8,3,5,173,95,78
BEE COUNTY,025,59 Years,379,186,193,168,76,92,16,13,3,6,2,4,189,95,94
BEE COUNTY,025,60 Years,359,176,183,159,78,81,14,10,4,7,6,1,179,82,97
BEE COUNTY,025,61 Years,310,145,165,142,69,73,9,7,2,3,2,1,156,67,89
BEE COUNTY,025,62 Years,334,171,163,152,79,73,9,7,2,6,1,5,167,84,83
BEE COUNTY,025,63 Years,318,153,165,135,63,72,9,6,3,5,2,3,169,82,87
BEE COUNTY,025,64 Years,302,141,161,143,74,69,4,3,1,3,2,1,152,62,90
BEE COUNTY,025,65 Years,275,130,145,134,66,68,4,4,0,3,1,2,134,59,75
BEE COUNTY,025,66 Years,276,129,147,123,62,61,4,2,2,4,0,4,145,65,80
BEE COUNTY,025,67 Years,312,157,155,153,83,70,8,3,5,4,1,3,147,70,77
BEE COUNTY,025,68 Years,265,130,135,133,69,64,6,3,3,6,4,2,120,54,66
BEE COUNTY,025,69 Years,227,123,104,110,63,47,2,0,2,5,3,2,110,57,53
BEE COUNTY,025,70 Years,220,110,110,108,51,57,7,3,4,4,3,1,101,53,48
BEE COUNTY,025,71 Years,208,98,110,104,54,50,7,4,3,5,1,4,92,39,53
BEE COUNTY,025,72 Years,208,91,117,114,55,59,3,1,2,2,1,1,89,34,55
BEE COUNTY,025,73 Years,167,73,94,94,46,48,4,1,3,3,1,2,66,25,41
BEE COUNTY,025,74 Years,160,76,84,80,40,40,5,1,4,4,2,2,71,33,38
BEE COUNTY,025,75 Years,165,73,92,84,40,44,3,1,2,2,1,1,76,31,45
BEE COUNTY,025,76 Years,142,68,74,78,39,39,2,2,0,1,0,1,61,27,34
BEE COUNTY,025,77 Years,136,67,69,65,33,32,2,2,0,3,1,2,66,31,35
BEE COUNTY,025,78 Years,123,59,64,64,32,32,5,2,3,3,2,1,51,23,28
BEE COUNTY,025,79 Years,126,53,73,58,26,32,2,1,1,2,1,1,64,25,39
BEE COUNTY,025,80 Years,122,53,69,59,25,34,2,2,0,2,1,1,59,25,34
BEE COUNTY,025,81 Years,105,49,56,53,22,31,1,1,0,1,0,1,50,26,24
BEE COUNTY,025,82 Years,97,39,58,45,17,28,1,1,0,1,0,1,50,21,29
BEE COUNTY,025,83 Years,91,35,56,44,17,27,1,1,0,1,1,0,45,16,29
BEE COUNTY,025,84 Years,81,29,52,43,19,24,0,0,0,1,0,1,37,10,27
BEE COUNTY,025,85 Years +,479,178,301,258,101,157,4,1,3,10,1,9,207,75,132
BELL COUNTY,027,All Ages,333994,165665,168329,160329,80337,79992,66571,33069,33502,28418,12849,15569,78676,39410,39266
BELL COUNTY,027,< 1 Year,5951,3021,2930,2273,1167,1106,1202,578,624,678,367,311,1798,909,889
BELL COUNTY,027,1 Years,5955,3013,2942,2294,1175,1119,1177,580,597,685,356,329,1799,902,897
BELL COUNTY,027,2 Years,5928,2977,2951,2318,1167,1151,1137,569,568,697,343,354,1776,898,878
BELL COUNTY,027,3 Years,5993,3011,2982,2366,1184,1182,1118,568,550,726,351,375,1783,908,875
BELL COUNTY,027,4 Years,6168,3087,3081,2416,1208,1208,1132,564,568,810,387,423,1810,928,882
BELL COUNTY,027,5 Years,5691,2934,2757,2213,1199,1014,1037,538,499,740,364,376,1701,833,868
BELL COUNTY,027,6 Years,5819,2952,2867,2216,1165,1051,1072,541,531,786,376,410,1745,870,875
BELL COUNTY,027,7 Years,5788,2925,2863,2266,1153,1113,1091,557,534,732,354,378,1699,861,838
BELL COUNTY,027,8 Years,5586,2832,2754,2096,1091,1005,1105,569,536,664,317,347,1721,855,866
BELL COUNTY,027,9 Years,5341,2716,2625,1993,1009,984,1103,567,536,601,292,309,1644,848,796
BELL COUNTY,027,10 Years,5090,2581,2509,1915,988,927,1057,524,533,577,288,289,1541,781,760
BELL COUNTY,027,11 Years,4905,2526,2379,1860,969,891,987,494,493,522,254,268,1536,809,727
BELL COUNTY,027,12 Years,4708,2411,2297,1731,874,857,1033,523,510,470,239,231,1474,775,699
BELL COUNTY,027,13 Years,4725,2421,2304,1721,874,847,1091,552,539,450,226,224,1463,769,694
BELL COUNTY,027,14 Years,4678,2375,2303,1692,872,820,1112,558,554,441,222,219,1433,723,710
BELL COUNTY,027,15 Years,4653,2374,2279,1662,857,805,1122,559,563,429,224,205,1440,734,706
BELL COUNTY,027,16 Years,4454,2304,2150,1560,805,755,1109,560,549,397,196,201,1388,743,645
BELL COUNTY,027,17 Years,4401,2292,2109,1549,823,726,1108,601,507,377,175,202,1367,693,674
BELL COUNTY,027,18 Years,4111,2130,1981,1486,774,712,997,536,461,366,185,181,1262,635,627
BELL COUNTY,027,19 Years,3982,2089,1893,1400,740,660,959,505,454,366,188,178,1257,656,601
BELL COUNTY,027,20 Years,4113,2086,2027,1478,761,717,985,482,503,370,182,188,1280,661,619
BELL COUNTY,027,21 Years,4337,2218,2119,1612,829,783,1066,542,524,362,181,181,1297,666,631
BELL COUNTY,027,22 Years,4515,2302,2213,1752,905,847,1096,549,547,374,195,179,1293,653,640
BELL COUNTY,027,23 Years,4979,2521,2458,2088,1056,1032,1088,545,543,428,209,219,1375,711,664
BELL COUNTY,027,24 Years,6135,3099,3036,2887,1466,1421,1101,539,562,530,269,261,1617,825,792
BELL COUNTY,027,25 Years,7020,3542,3478,3560,1801,1759,1160,574,586,613,290,323,1687,877,810
BELL COUNTY,027,26 Years,7461,3778,3683,4019,2047,1972,1175,591,584,608,275,333,1659,865,794
BELL COUNTY,027,27 Years,7763,3955,3808,4273,2209,2064,1265,634,631,583,255,328,1642,857,785
BELL COUNTY,027,28 Years,7426,3833,3593,4072,2166,1906,1290,634,656,526,245,281,1538,788,750
BELL COUNTY,027,29 Years,7053,3708,3345,3737,2032,1705,1316,652,664,550,276,274,1450,748,702
BELL COUNTY,027,30 Years,6642,3523,3119,3397,1889,1508,1265,639,626,500,256,244,1480,739,741
BELL COUNTY,027,31 Years,5918,3074,2844,2878,1571,1307,1148,581,567,477,242,235,1415,680,735
BELL COUNTY,027,32 Years,5633,2866,2767,2627,1401,1226,1101,549,552,491,229,262,1414,687,727
BELL COUNTY,027,33 Years,5280,2624,2656,2383,1240,1143,1073,525,548,484,212,272,1340,647,693
BELL COUNTY,027,34 Years,5067,2522,2545,2271,1182,1089,1049,510,539,482,206,276,1265,624,641
BELL COUNTY,027,35 Years,4985,2541,2444,2204,1168,1036,1104,557,547,454,186,268,1223,630,593
BELL COUNTY,027,36 Years,4548,2283,2265,2039,1070,969,1017,498,519,393,167,226,1099,548,551
BELL COUNTY,027,37 Years,4269,2090,2179,1898,975,923,941,446,495,399,176,223,1031,493,538
BELL COUNTY,027,38 Years,4039,2008,2031,1790,917,873,895,429,466,358,161,197,996,501,495
BELL COUNTY,027,39 Years,3874,1894,1980,1730,868,862,835,392,443,345,164,181,964,470,494
BELL COUNTY,027,40 Years,3905,1881,2024,1761,865,896,858,411,447,327,141,186,959,464,495
BELL COUNTY,027,41 Years,3730,1800,1930,1719,849,870,835,414,421,313,137,176,863,400,463
BELL COUNTY,027,42 Years,3795,1818,1977,1774,855,919,836,421,415,335,140,195,850,402,448
BELL COUNTY,027,43 Years,3894,1925,1969,1877,947,930,869,444,425,294,126,168,854,408,446
BELL COUNTY,027,44 Years,3869,1851,2018,1877,930,947,899,431,468,275,114,161,818,376,442
BELL COUNTY,027,45 Years,3781,1797,1984,1843,883,960,899,441,458,267,113,154,772,360,412
BELL COUNTY,027,46 Years,3538,1685,1853,1699,797,902,859,421,438,248,110,138,732,357,375
BELL COUNTY,027,47 Years,3447,1645,1802,1630,783,847,826,401,425,234,91,143,757,370,387
BELL COUNTY,027,48 Years,3388,1676,1712,1661,834,827,824,402,422,210,81,129,693,359,334
BELL COUNTY,027,49 Years,3457,1712,1745,1710,847,863,850,432,418,218,89,129,679,344,335
BELL COUNTY,027,50 Years,3707,1829,1878,1863,938,925,887,433,454,241,95,146,716,363,353
BELL COUNTY,027,51 Years,3738,1787,1951,1944,948,996,859,411,448,239,85,154,696,343,353
BELL COUNTY,027,52 Years,3699,1778,1921,1950,931,1019,852,421,431,213,81,132,684,345,339
BELL COUNTY,027,53 Years,3650,1741,1909,1919,919,1000,880,413,467,227,88,139,624,321,303
BELL COUNTY,027,54 Years,3581,1661,1920,1910,886,1024,860,399,461,208,83,125,603,293,310
BELL COUNTY,027,55 Years,3722,1820,1902,2019,999,1020,841,419,422,218,85,133,644,317,327
BELL COUNTY,027,56 Years,3471,1677,1794,1886,909,977,782,399,383,190,73,117,613,296,317
BELL COUNTY,027,57 Years,3471,1692,1779,1921,948,973,722,381,341,218,68,150,610,295,315
BELL COUNTY,027,58 Years,3425,1650,1775,1906,913,993,721,383,338,224,70,154,574,284,290
BELL COUNTY,027,59 Years,3239,1511,1728,1843,866,977,669,327,342,193,59,134,534,259,275
BELL COUNTY,027,60 Years,3170,1513,1657,1844,884,960,594,299,295,217,71,146,515,259,256
BELL COUNTY,027,61 Years,2969,1407,1562,1799,829,970,539,290,249,196,70,126,435,218,217
BELL COUNTY,027,62 Years,2754,1326,1428,1704,831,873,480,245,235,192,57,135,378,193,185
BELL COUNTY,027,63 Years,2568,1202,1366,1602,789,813,429,194,235,167,49,118,370,170,200
BELL COUNTY,027,64 Years,2568,1209,1359,1612,793,819,413,193,220,168,48,120,375,175,200
BELL COUNTY,027,65 Years,2557,1198,1359,1660,810,850,388,178,210,175,44,131,334,166,168
BELL COUNTY,027,66 Years,2494,1198,1296,1654,817,837,349,170,179,165,51,114,326,160,166
BELL COUNTY,027,67 Years,2448,1144,1304,1666,783,883,321,167,154,157,51,106,304,143,161
BELL COUNTY,027,68 Years,2418,1151,1267,1714,835,879,278,143,135,132,39,93,294,134,160
BELL COUNTY,027,69 Years,1937,914,1023,1327,648,679,239,110,129,116,36,80,255,120,135
BELL COUNTY,027,70 Years,1784,838,946,1234,594,640,209,101,108,104,34,70,237,109,128
BELL COUNTY,027,71 Years,1693,801,892,1194,578,616,198,97,101,92,31,61,209,95,114
BELL COUNTY,027,72 Years,1597,757,840,1142,563,579,201,92,109,88,31,57,166,71,95
BELL COUNTY,027,73 Years,1525,715,810,1086,521,565,188,93,95,81,29,52,170,72,98
BELL COUNTY,027,74 Years,1413,647,766,1011,471,540,183,80,103,75,27,48,144,69,75
BELL COUNTY,027,75 Years,1262,572,690,902,420,482,160,68,92,68,25,43,132,59,73
BELL COUNTY,027,76 Years,1127,519,608,824,382,442,136,64,72,54,16,38,113,57,56
BELL COUNTY,027,77 Years,1095,484,611,828,377,451,115,49,66,49,15,34,103,43,60
BELL COUNTY,027,78 Years,1036,453,583,788,355,433,102,41,61,47,16,31,99,41,58
BELL COUNTY,027,79 Years,952,416,536,718,322,396,91,42,49,42,14,28,101,38,63
BELL COUNTY,027,80 Years,882,385,497,667,298,369,85,39,46,42,12,30,88,36,52
BELL COUNTY,027,81 Years,819,365,454,626,283,343,78,34,44,32,10,22,83,38,45
BELL COUNTY,027,82 Years,760,324,436,577,257,320,77,29,48,36,10,26,70,28,42
BELL COUNTY,027,83 Years,669,282,387,508,222,286,66,25,41,36,9,27,59,26,33
BELL COUNTY,027,84 Years,590,254,336,462,202,260,54,21,33,26,9,17,48,22,26
BELL COUNTY,027,85 Years +,3416,1217,2199,2746,979,1767,251,90,161,128,36,92,291,112,179
BEXAR COUNTY,029,All Ages,1890984,933438,957546,519288,260424,258864,130043,65359,64684,91535,43654,47881,1150118,564001,586117
BEXAR COUNTY,029,< 1 Year,29174,14907,14267,5786,2953,2833,1786,916,870,1703,862,841,19899,10176,9723
BEXAR COUNTY,029,1 Years,28747,14684,14063,5676,2911,2765,1763,906,857,1681,858,823,19627,10009,9618
BEXAR COUNTY,029,2 Years,28140,14404,13736,5596,2893,2703,1700,871,829,1620,836,784,19224,9804,9420
BEXAR COUNTY,029,3 Years,27508,14020,13488,5537,2866,2671,1645,841,804,1534,776,758,18792,9537,9255
BEXAR COUNTY,029,4 Years,27281,13940,13341,5520,2854,2666,1604,823,781,1527,788,739,18630,9475,9155
BEXAR COUNTY,029,5 Years,26804,13707,13097,5359,2728,2631,1563,780,783,1474,789,685,18408,9410,8998
BEXAR COUNTY,029,6 Years,26068,13395,12673,5082,2612,2470,1585,803,782,1478,771,707,17923,9209,8714
BEXAR COUNTY,029,7 Years,26787,13716,13071,5187,2681,2506,1659,843,816,1514,761,753,18427,9431,8996
BEXAR COUNTY,029,8 Years,27064,13827,13237,5237,2668,2569,1662,838,824,1548,787,761,18617,9534,9083
BEXAR COUNTY,029,9 Years,27072,13783,13289,5288,2681,2607,1652,833,819,1530,773,757,18602,9496,9106
BEXAR COUNTY,029,10 Years,27250,13840,13410,5263,2712,2551,1642,827,815,1453,727,726,18892,9574,9318
BEXAR COUNTY,029,11 Years,27755,14040,13715,5283,2671,2612,1718,880,838,1400,705,695,19354,9784,9570
BEXAR COUNTY,029,12 Years,28058,14238,13820,5246,2727,2519,1784,922,862,1366,698,668,19662,9891,9771
BEXAR COUNTY,029,13 Years,28041,14432,13609,5075,2653,2422,1940,1022,918,1311,662,649,19715,10095,9620
BEXAR COUNTY,029,14 Years,28450,14584,13866,5074,2636,2438,1969,1052,917,1292,649,643,20115,10247,9868
BEXAR COUNTY,029,15 Years,28486,14650,13836,5070,2593,2477,1918,1016,902,1234,613,621,20264,10428,9836
BEXAR COUNTY,029,16 Years,28032,14484,13548,5088,2605,2483,1866,979,887,1264,634,630,19814,10266,9548
BEXAR COUNTY,029,17 Years,27914,14459,13455,5401,2873,2528,1948,1036,912,1258,643,615,19307,9907,9400
BEXAR COUNTY,029,18 Years,28409,14773,13636,5569,2966,2603,2146,1136,1010,1331,687,644,19363,9984,9379
BEXAR COUNTY,029,19 Years,29268,15421,13847,6040,3353,2687,2312,1248,1064,1475,784,691,19441,10036,9405
BEXAR COUNTY,029,20 Years,28352,14786,13566,5510,2945,2565,2251,1183,1068,1483,768,715,19108,9890,9218
BEXAR COUNTY,029,21 Years,28796,14945,13851,5731,3061,2670,2360,1194,1166,1515,794,721,19190,9896,9294
BEXAR COUNTY,029,22 Years,28503,14608,13895,5757,2971,2786,2246,1147,1099,1513,772,741,18987,9718,9269
BEXAR COUNTY,029,23 Years,29482,15109,14373,6611,3433,3178,2247,1141,1106,1668,847,821,18956,9688,9268
BEXAR COUNTY,029,24 Years,30761,16069,14692,8250,4529,3721,2313,1228,1085,1793,909,884,18405,9403,9002
BEXAR COUNTY,029,25 Years,30455,15931,14524,8725,4900,3825,2138,1136,1002,1746,937,809,17846,8958,8888
BEXAR COUNTY,029,26 Years,29836,15511,14325,8808,4916,3892,2085,1085,1000,1682,875,807,17261,8635,8626
BEXAR COUNTY,029,27 Years,29478,15417,14061,8913,4891,4022,1976,1091,885,1614,838,776,16975,8597,8378
BEXAR COUNTY,029,28 Years,28334,14386,13948,7910,4167,3743,1892,1000,892,1507,758,749,17025,8461,8564
BEXAR COUNTY,029,29 Years,28381,14280,14101,7848,4087,3761,1820,953,867,1545,743,802,17168,8497,8671
BEXAR COUNTY,029,30 Years,28292,14130,14162,7619,3916,3703,1773,934,839,1559,753,806,17341,8527,8814
BEXAR COUNTY,029,31 Years,27613,13708,13905,7186,3614,3572,1717,890,827,1567,755,812,17143,8449,8694
BEXAR COUNTY,029,32 Years,27617,13775,13842,7194,3628,3566,1710,891,819,1579,749,830,17134,8507,8627
BEXAR COUNTY,029,33 Years,27611,13678,13933,7254,3643,3611,1777,903,874,1550,738,812,17030,8394,8636
BEXAR COUNTY,029,34 Years,27634,13784,13850,7256,3742,3514,1850,952,898,1575,763,812,16953,8327,8626
BEXAR COUNTY,029,35 Years,27368,13760,13608,7112,3711,3401,1859,958,901,1582,793,789,16815,8298,8517
BEXAR COUNTY,029,36 Years,25813,12979,12834,6631,3522,3109,1811,907,904,1591,779,812,15780,7771,8009
BEXAR COUNTY,029,37 Years,24908,12485,12423,6327,3321,3006,1741,879,862,1581,752,829,15259,7533,7726
BEXAR COUNTY,029,38 Years,24270,11935,12335,6011,3044,2967,1669,830,839,1494,704,790,15096,7357,7739
BEXAR COUNTY,029,39 Years,24295,11921,12374,5987,3035,2952,1645,831,814,1463,700,763,15200,7355,7845
BEXAR COUNTY,029,40 Years,23985,11725,12260,5939,3023,2916,1605,782,823,1458,694,764,14983,7226,7757
BEXAR COUNTY,029,41 Years,23565,11430,12135,5737,2915,2822,1603,801,802,1411,640,771,14814,7074,7740
BEXAR COUNTY,029,42 Years,24173,11746,12427,6055,3120,2935,1594,791,803,1369,602,767,15155,7233,7922
BEXAR COUNTY,029,43 Years,24849,12037,12812,6351,3264,3087,1703,851,852,1352,598,754,15443,7324,8119
BEXAR COUNTY,029,44 Years,25408,12323,13085,6901,3479,3422,1805,919,886,1332,613,719,15370,7312,8058
BEXAR COUNTY,029,45 Years,24875,12171,12704,6917,3527,3390,1791,910,881,1238,553,685,14929,7181,7748
BEXAR COUNTY,029,46 Years,23635,11540,12095,6582,3376,3206,1683,856,827,1150,504,646,14220,6804,7416
BEXAR COUNTY,029,47 Years,22565,10989,11576,6313,3236,3077,1695,862,833,1042,444,598,13515,6447,7068
BEXAR COUNTY,029,48 Years,22206,10942,11264,6385,3246,3139,1712,884,828,972,434,538,13137,6378,6759
BEXAR COUNTY,029,49 Years,22664,11207,11457,6592,3337,3255,1792,923,869,997,448,549,13283,6499,6784
BEXAR COUNTY,029,50 Years,23850,11680,12170,7085,3511,3574,1922,971,951,1007,452,555,13836,6746,7090
BEXAR COUNTY,029,51 Years,24159,11883,12276,7562,3766,3796,1882,934,948,1005,471,534,13710,6712,6998
BEXAR COUNTY,029,52 Years,24263,11927,12336,7784,3904,3880,1879,947,932,1040,490,550,13560,6586,6974
BEXAR COUNTY,029,53 Years,23839,11593,12246,7942,3983,3959,1836,904,932,947,411,536,13114,6295,6819
BEXAR COUNTY,029,54 Years,23833,11552,12281,8021,3957,4064,1894,938,956,909,385,524,13009,6272,6737
BEXAR COUNTY,029,55 Years,23384,11379,12005,7918,3905,4013,1896,974,922,866,386,480,12704,6114,6590
BEXAR COUNTY,029,56 Years,22514,11000,11514,7756,3878,3878,1821,929,892,869,361,508,12068,5832,6236
BEXAR COUNTY,029,57 Years,22171,10751,11420,7888,3901,3987,1739,860,879,845,366,479,11699,5624,6075
BEXAR COUNTY,029,58 Years,21517,10251,11266,7679,3685,3994,1700,842,858,781,314,467,11357,5410,5947
BEXAR COUNTY,029,59 Years,20941,9954,10987,7613,3652,3961,1620,797,823,742,316,426,10966,5189,5777
BEXAR COUNTY,029,60 Years,20240,9431,10809,7500,3543,3957,1558,724,834,701,284,417,10481,4880,5601
BEXAR COUNTY,029,61 Years,19267,8870,10397,7189,3366,3823,1450,687,763,674,242,432,9954,4575,5379
BEXAR COUNTY,029,62 Years,18832,8821,10011,7257,3513,3744,1407,691,716,641,253,388,9527,4364,5163
BEXAR COUNTY,029,63 Years,17775,8366,9409,6832,3297,3535,1296,652,644,601,233,368,9046,4184,4862
BEXAR COUNTY,029,64 Years,17025,7869,9156,6497,3081,3416,1202,570,632,610,238,372,8716,3980,4736
BEXAR COUNTY,029,65 Years,16818,7734,9084,6546,3142,3404,1128,543,585,583,237,346,8561,3812,4749
BEXAR COUNTY,029,66 Years,16250,7579,8671,6401,3107,3294,1094,549,545,580,234,346,8175,3689,4486
BEXAR COUNTY,029,67 Years,15854,7366,8488,6535,3163,3372,1027,495,532,544,205,339,7748,3503,4245
BEXAR COUNTY,029,68 Years,15306,7050,8256,6593,3194,3399,915,421,494,474,181,293,7324,3254,4070
BEXAR COUNTY,029,69 Years,12560,5715,6845,5124,2482,2642,783,341,442,395,149,246,6258,2743,3515
BEXAR COUNTY,029,70 Years,11633,5323,6310,4759,2290,2469,728,328,400,382,147,235,5764,2558,3206
BEXAR COUNTY,029,71 Years,11191,5110,6081,4746,2248,2498,682,303,379,351,137,214,5412,2422,2990
BEXAR COUNTY,029,72 Years,10636,4832,5804,4490,2152,2338,662,290,372,303,122,181,5181,2268,2913
BEXAR COUNTY,029,73 Years,9557,4316,5241,4020,1915,2105,609,263,346,286,107,179,4642,2031,2611
BEXAR COUNTY,029,74 Years,8672,3860,4812,3716,1756,1960,546,228,318,260,101,159,4150,1775,2375
BEXAR COUNTY,029,75 Years,8133,3563,4570,3459,1598,1861,518,204,314,240,94,146,3916,1667,2249
BEXAR COUNTY,029,76 Years,7594,3307,4287,3344,1506,1838,443,189,254,216,79,137,3591,1533,2058
BEXAR COUNTY,029,77 Years,7201,3099,4102,3198,1447,1751,430,180,250,197,76,121,3376,1396,1980
BEXAR COUNTY,029,78 Years,6643,2817,3826,2900,1307,1593,402,161,241,167,68,99,3174,1281,1893
BEXAR COUNTY,029,79 Years,6349,2630,3719,2826,1232,1594,353,146,207,180,70,110,2990,1182,1808
BEXAR COUNTY,029,80 Years,6019,2490,3529,2714,1173,1541,366,145,221,156,59,97,2783,1113,1670
BEXAR COUNTY,029,81 Years,5448,2277,3171,2455,1113,1342,352,143,209,145,41,104,2496,980,1516
BEXAR COUNTY,029,82 Years,5103,2083,3020,2372,1043,1329,322,130,192,155,39,116,2254,871,1383
BEXAR COUNTY,029,83 Years,4862,1980,2882,2264,1012,1252,297,117,180,117,33,84,2184,818,1366
BEXAR COUNTY,029,84 Years,4478,1791,2687,2168,949,1219,258,98,160,109,33,76,1943,711,1232
BEXAR COUNTY,029,85 Years +,25035,8578,16457,12346,4418,7928,1301,381,920,536,180,356,10852,3599,7253
BLANCO COUNTY,031,All Ages,11291,5713,5578,8844,4409,4435,64,42,22,230,106,124,2153,1156,997
BLANCO COUNTY,031,< 1 Year,105,58,47,66,35,31,2,2,0,6,4,2,31,17,14
BLANCO COUNTY,031,1 Years,95,51,44,55,31,24,0,0,0,9,6,3,31,14,17
BLANCO COUNTY,031,2 Years,92,47,45,52,30,22,0,0,0,13,7,6,27,10,17
BLANCO COUNTY,031,3 Years,93,45,48,58,29,29,0,0,0,9,5,4,26,11,15
BLANCO COUNTY,031,4 Years,104,49,55,66,30,36,0,0,0,5,2,3,33,17,16
BLANCO COUNTY,031,5 Years,110,73,37,71,45,26,0,0,0,2,0,2,37,28,9
BLANCO COUNTY,031,6 Years,97,55,42,62,35,27,0,0,0,1,0,1,34,20,14
BLANCO COUNTY,031,7 Years,113,50,63,70,34,36,0,0,0,2,0,2,41,16,25
BLANCO COUNTY,031,8 Years,117,56,61,74,35,39,0,0,0,1,0,1,42,21,21
BLANCO COUNTY,031,9 Years,118,59,59,74,35,39,0,0,0,4,0,4,40,24,16
BLANCO COUNTY,031,10 Years,114,58,56,71,37,34,0,0,0,3,0,3,40,21,19
BLANCO COUNTY,031,11 Years,134,78,56,82,47,35,0,0,0,2,0,2,50,31,19
BLANCO COUNTY,031,12 Years,133,78,55,88,53,35,0,0,0,1,1,0,44,24,20
BLANCO COUNTY,031,13 Years,134,74,60,93,54,39,0,0,0,3,0,3,38,20,18
BLANCO COUNTY,031,14 Years,135,73,62,89,46,43,1,0,1,2,0,2,43,27,16
BLANCO COUNTY,031,15 Years,156,85,71,101,52,49,0,0,0,4,0,4,51,33,18
BLANCO COUNTY,031,16 Years,148,86,62,99,57,42,2,2,0,4,2,2,43,25,18
BLANCO COUNTY,031,17 Years,161,94,67,113,68,45,1,1,0,6,2,4,41,23,18
BLANCO COUNTY,031,18 Years,150,79,71,113,59,54,1,1,0,2,1,1,34,18,16
BLANCO COUNTY,031,19 Years,129,60,69,93,42,51,2,1,1,1,1,0,33,16,17
BLANCO COUNTY,031,20 Years,117,57,60,81,39,42,1,0,1,3,1,2,32,17,15
BLANCO COUNTY,031,21 Years,113,58,55,81,41,40,1,1,0,1,1,0,30,15,15
BLANCO COUNTY,031,22 Years,126,73,53,84,50,34,7,5,2,3,2,1,32,16,16
BLANCO COUNTY,031,23 Years,116,65,51,77,45,32,3,3,0,3,2,1,33,15,18
BLANCO COUNTY,031,24 Years,97,55,42,63,35,28,1,1,0,2,1,1,31,18,13
BLANCO COUNTY,031,25 Years,85,48,37,50,26,24,1,0,1,3,1,2,31,21,10
BLANCO COUNTY,031,26 Years,82,43,39,41,22,19,1,0,1,5,4,1,35,17,18
BLANCO COUNTY,031,27 Years,91,43,48,52,23,29,0,0,0,5,4,1,34,16,18
BLANCO COUNTY,031,28 Years,87,50,37,58,31,27,0,0,0,1,1,0,28,18,10
BLANCO COUNTY,031,29 Years,89,45,44,53,27,26,1,1,0,4,3,1,31,14,17
BLANCO COUNTY,031,30 Years,87,47,40,46,22,24,1,1,0,7,3,4,33,21,12
BLANCO COUNTY,031,31 Years,79,48,31,51,31,20,0,0,0,3,1,2,25,16,9
BLANCO COUNTY,031,32 Years,80,49,31,49,32,17,0,0,0,2,1,1,29,16,13
BLANCO COUNTY,031,33 Years,95,44,51,61,33,28,1,0,1,2,1,1,31,10,21
BLANCO COUNTY,031,34 Years,97,50,47,67,37,30,0,0,0,1,0,1,29,13,16
BLANCO COUNTY,031,35 Years,96,50,46,64,30,34,0,0,0,1,1,0,31,19,12
BLANCO COUNTY,031,36 Years,90,48,42,62,29,33,0,0,0,0,0,0,28,19,9
BLANCO COUNTY,031,37 Years,89,43,46,64,25,39,0,0,0,1,1,0,24,17,7
BLANCO COUNTY,031,38 Years,89,43,46,65,30,35,0,0,0,3,1,2,21,12,9
BLANCO COUNTY,031,39 Years,105,62,43,76,45,31,0,0,0,3,1,2,26,16,10
BLANCO COUNTY,031,40 Years,126,68,58,92,52,40,0,0,0,6,2,4,28,14,14
BLANCO COUNTY,031,41 Years,121,57,64,88,40,48,0,0,0,3,1,2,30,16,14
BLANCO COUNTY,031,42 Years,115,47,68,90,38,52,1,0,1,1,0,1,23,9,14
BLANCO COUNTY,031,43 Years,131,61,70,101,48,53,1,0,1,0,0,0,29,13,16
BLANCO COUNTY,031,44 Years,155,85,70,121,62,59,2,2,0,1,1,0,31,20,11
BLANCO COUNTY,031,45 Years,133,70,63,107,53,54,0,0,0,1,0,1,25,17,8
BLANCO COUNTY,031,46 Years,115,51,64,93,39,54,0,0,0,2,1,1,20,11,9
BLANCO COUNTY,031,47 Years,126,58,68,99,45,54,0,0,0,3,1,2,24,12,12
BLANCO COUNTY,031,48 Years,147,71,76,112,54,58,1,1,0,1,0,1,33,16,17
BLANCO COUNTY,031,49 Years,153,79,74,114,59,55,0,0,0,3,1,2,36,19,17
BLANCO COUNTY,031,50 Years,159,75,84,122,57,65,1,1,0,2,1,1,34,16,18
BLANCO COUNTY,031,51 Years,176,89,87,146,74,72,1,1,0,4,1,3,25,13,12
BLANCO COUNTY,031,52 Years,182,95,87,154,82,72,1,1,0,1,1,0,26,11,15
BLANCO COUNTY,031,53 Years,195,111,84,162,94,68,4,3,1,1,1,0,28,13,15
BLANCO COUNTY,031,54 Years,205,104,101,170,83,87,3,2,1,5,1,4,27,18,9
BLANCO COUNTY,031,55 Years,205,92,113,175,78,97,1,0,1,4,2,2,25,12,13
BLANCO COUNTY,031,56 Years,210,99,111,185,86,99,1,0,1,1,0,1,23,13,10
BLANCO COUNTY,031,57 Years,220,107,113,193,97,96,0,0,0,2,0,2,25,10,15
BLANCO COUNTY,031,58 Years,214,103,111,190,92,98,1,0,1,1,0,1,22,11,11
BLANCO COUNTY,031,59 Years,212,104,108,182,87,95,1,0,1,3,2,1,26,15,11
BLANCO COUNTY,031,60 Years,237,122,115,206,102,104,4,4,0,8,4,4,19,12,7
BLANCO COUNTY,031,61 Years,224,118,106,197,103,94,2,2,0,6,3,3,19,10,9
BLANCO COUNTY,031,62 Years,198,96,102,180,86,94,1,1,0,1,0,1,16,9,7
BLANCO COUNTY,031,63 Years,197,91,106,179,80,99,2,2,0,2,1,1,14,8,6
BLANCO COUNTY,031,64 Years,215,99,116,194,87,107,3,2,1,0,0,0,18,10,8
BLANCO COUNTY,031,65 Years,211,105,106,192,93,99,1,0,1,2,0,2,16,12,4
BLANCO COUNTY,031,66 Years,193,85,108,179,78,101,1,0,1,2,1,1,11,6,5
BLANCO COUNTY,031,67 Years,207,97,110,187,87,100,0,0,0,10,7,3,10,3,7
BLANCO COUNTY,031,68 Years,195,95,100,177,84,93,0,0,0,5,4,1,13,7,6
BLANCO COUNTY,031,69 Years,172,85,87,160,80,80,0,0,0,1,1,0,11,4,7
BLANCO COUNTY,031,70 Years,153,77,76,143,72,71,0,0,0,2,1,1,8,4,4
BLANCO COUNTY,031,71 Years,154,80,74,141,73,68,0,0,0,2,1,1,11,6,5
BLANCO COUNTY,031,72 Years,142,70,72,135,67,68,1,1,0,0,0,0,6,2,4
BLANCO COUNTY,031,73 Years,136,69,67,126,63,63,0,0,0,3,2,1,7,4,3
BLANCO COUNTY,031,74 Years,129,62,67,116,54,62,0,0,0,3,2,1,10,6,4
BLANCO COUNTY,031,75 Years,97,48,49,91,44,47,0,0,0,0,0,0,6,4,2
BLANCO COUNTY,031,76 Years,85,44,41,80,44,36,1,0,1,0,0,0,4,0,4
BLANCO COUNTY,031,77 Years,77,43,34,67,38,29,1,0,1,0,0,0,9,5,4
BLANCO COUNTY,031,78 Years,76,37,39,67,35,32,0,0,0,1,0,1,8,2,6
BLANCO COUNTY,031,79 Years,68,31,37,62,28,34,0,0,0,1,0,1,5,3,2
BLANCO COUNTY,031,80 Years,66,26,40,62,25,37,0,0,0,0,0,0,4,1,3
BLANCO COUNTY,031,81 Years,58,26,32,49,22,27,0,0,0,0,0,0,9,4,5
BLANCO COUNTY,031,82 Years,51,28,23,44,23,21,0,0,0,0,0,0,7,5,2
BLANCO COUNTY,031,83 Years,38,20,18,36,19,17,0,0,0,0,0,0,2,1,1
BLANCO COUNTY,031,84 Years,39,19,20,32,16,16,0,0,0,2,1,1,5,2,3
BLANCO COUNTY,031,85 Years +,225,85,140,211,79,132,1,0,1,1,1,0,12,5,7
BORDEN COUNTY,033,All Ages,674,367,307,565,308,257,0,0,0,7,2,5,102,57,45
BORDEN COUNTY,033,< 1 Year,7,4,3,4,3,1,0,0,0,0,0,0,3,1,2
BORDEN COUNTY,033,1 Years,8,4,4,4,2,2,0,0,0,0,0,0,4,2,2
BORDEN COUNTY,033,2 Years,5,3,2,5,3,2,0,0,0,0,0,0,0,0,0
BORDEN COUNTY,033,3 Years,6,4,2,6,4,2,0,0,0,0,0,0,0,0,0
BORDEN COUNTY,033,4 Years,4,3,1,4,3,1,0,0,0,0,0,0,0,0,0
BORDEN COUNTY,033,5 Years,6,2,4,3,1,2,0,0,0,0,0,0,3,1,2
BORDEN COUNTY,033,6 Years,7,5,2,4,4,0,0,0,0,0,0,0,3,1,2
BORDEN COUNTY,033,7 Years,5,4,1,4,3,1,0,0,0,0,0,0,1,1,0
BORDEN COUNTY,033,8 Years,3,3,0,1,1,0,0,0,0,0,0,0,2,2,0
BORDEN COUNTY,033,9 Years,6,3,3,3,1,2,0,0,0,0,0,0,3,2,1
BORDEN COUNTY,033,10 Years,8,4,4,5,2,3,0,0,0,0,0,0,3,2,1
BORDEN COUNTY,033,11 Years,9,4,5,7,3,4,0,0,0,0,0,0,2,1,1
BORDEN COUNTY,033,12 Years,5,3,2,4,2,2,0,0,0,0,0,0,1,1,0
BORDEN COUNTY,033,13 Years,6,3,3,3,2,1,0,0,0,0,0,0,3,1,2
BORDEN COUNTY,033,14 Years,4,1,3,3,1,2,0,0,0,0,0,0,1,0,1
BORDEN COUNTY,033,15 Years,5,2,3,4,2,2,0,0,0,0,0,0,1,0,1
BORDEN COUNTY,033,16 Years,7,3,4,6,2,4,0,0,0,0,0,0,1,1,0
BORDEN COUNTY,033,17 Years,13,8,5,12,7,5,0,0,0,0,0,0,1,1,0
BORDEN COUNTY,033,18 Years,13,9,4,11,7,4,0,0,0,0,0,0,2,2,0
BORDEN COUNTY,033,19 Years,12,6,6,10,5,5,0,0,0,0,0,0,2,1,1
BORDEN COUNTY,033,20 Years,9,6,3,6,4,2,0,0,0,0,0,0,3,2,1
BORDEN COUNTY,033,21 Years,7,3,4,6,3,3,0,0,0,0,0,0,1,0,1
BORDEN COUNTY,033,22 Years,12,7,5,10,6,4,0,0,0,0,0,0,2,1,1
BORDEN COUNTY,033,23 Years,13,9,4,11,7,4,0,0,0,1,1,0,1,1,0
BORDEN COUNTY,033,24 Years,5,3,2,4,2,2,0,0,0,0,0,0,1,1,0
BORDEN COUNTY,033,25 Years,5,2,3,5,2,3,0,0,0,0,0,0,0,0,0
BORDEN COUNTY,033,26 Years,6,3,3,6,3,3,0,0,0,0,0,0,0,0,0
BORDEN COUNTY,033,27 Years,7,5,2,7,5,2,0,0,0,0,0,0,0,0,0
BORDEN COUNTY,033,28 Years,4,2,2,4,2,2,0,0,0,0,0,0,0,0,0
BORDEN COUNTY,033,29 Years,6,4,2,5,4,1,0,0,0,0,0,0,1,0,1
BORDEN COUNTY,033,30 Years,4,2,2,3,2,1,0,0,0,0,0,0,1,0,1
BORDEN COUNTY,033,31 Years,3,2,1,3,2,1,0,0,0,0,0,0,0,0,0
BORDEN COUNTY,033,32 Years,4,2,2,4,2,2,0,0,0,0,0,0,0,0,0
BORDEN COUNTY,033,33 Years,5,2,3,3,2,1,0,0,0,0,0,0,2,0,2
BORDEN COUNTY,033,34 Years,7,5,2,5,4,1,0,0,0,0,0,0,2,1,1
BORDEN COUNTY,033,35 Years,5,5,0,3,3,0,0,0,0,0,0,0,2,2,0
BORDEN COUNTY,033,36 Years,8,4,4,4,2,2,0,0,0,0,0,0,4,2,2
BORDEN COUNTY,033,37 Years,7,4,3,6,3,3,0,0,0,0,0,0,1,1,0
BORDEN COUNTY,033,38 Years,5,2,3,5,2,3,0,0,0,0,0,0,0,0,0
BORDEN COUNTY,033,39 Years,5,4,1,5,4,1,0,0,0,0,0,0,0,0,0
BORDEN COUNTY,033,40 Years,3,2,1,3,2,1,0,0,0,0,0,0,0,0,0
BORDEN COUNTY,033,41 Years,7,3,4,5,1,4,0,0,0,0,0,0,2,2,0
BORDEN COUNTY,033,42 Years,8,6,2,7,5,2,0,0,0,0,0,0,1,1,0
BORDEN COUNTY,033,43 Years,9,7,2,8,6,2,0,0,0,0,0,0,1,1,0
BORDEN COUNTY,033,44 Years,8,3,5,8,3,5,0,0,0,0,0,0,0,0,0
BORDEN COUNTY,033,45 Years,13,7,6,11,7,4,0,0,0,0,0,0,2,0,2
BORDEN COUNTY,033,46 Years,13,8,5,11,7,4,0,0,0,1,0,1,1,1,0
BORDEN COUNTY,033,47 Years,8,3,5,5,3,2,0,0,0,1,0,1,2,0,2
BORDEN COUNTY,033,48 Years,5,2,3,4,2,2,0,0,0,0,0,0,1,0,1
BORDEN COUNTY,033,49 Years,6,3,3,5,3,2,0,0,0,0,0,0,1,0,1
BORDEN COUNTY,033,50 Years,9,3,6,7,3,4,0,0,0,0,0,0,2,0,2
BORDEN COUNTY,033,51 Years,16,8,8,13,6,7,0,0,0,0,0,0,3,2,1
BORDEN COUNTY,033,52 Years,12,5,7,10,4,6,0,0,0,0,0,0,2,1,1
BORDEN COUNTY,033,53 Years,12,3,9,9,2,7,0,0,0,1,0,1,2,1,1
BORDEN COUNTY,033,54 Years,8,4,4,6,3,3,0,0,0,0,0,0,2,1,1
BORDEN COUNTY,033,55 Years,9,6,3,6,4,2,0,0,0,1,0,1,2,2,0
BORDEN COUNTY,033,56 Years,6,3,3,5,2,3,0,0,0,0,0,0,1,1,0
BORDEN COUNTY,033,57 Years,8,4,4,6,2,4,0,0,0,0,0,0,2,2,0
BORDEN COUNTY,033,58 Years,12,5,7,10,4,6,0,0,0,1,0,1,1,1,0
BORDEN COUNTY,033,59 Years,12,6,6,10,5,5,0,0,0,0,0,0,2,1,1
BORDEN COUNTY,033,60 Years,10,5,5,9,5,4,0,0,0,0,0,0,1,0,1
BORDEN COUNTY,033,61 Years,13,6,7,11,4,7,0,0,0,0,0,0,2,2,0
BORDEN COUNTY,033,62 Years,6,3,3,6,3,3,0,0,0,0,0,0,0,0,0
BORDEN COUNTY,033,63 Years,5,4,1,5,4,1,0,0,0,0,0,0,0,0,0
BORDEN COUNTY,033,64 Years,9,5,4,9,5,4,0,0,0,0,0,0,0,0,0
BORDEN COUNTY,033,65 Years,15,9,6,13,7,6,0,0,0,0,0,0,2,2,0
BORDEN COUNTY,033,66 Years,12,7,5,9,6,3,0,0,0,0,0,0,3,1,2
BORDEN COUNTY,033,67 Years,14,10,4,13,9,4,0,0,0,0,0,0,1,1,0
BORDEN COUNTY,033,68 Years,11,8,3,11,8,3,0,0,0,0,0,0,0,0,0
BORDEN COUNTY,033,69 Years,5,2,3,5,2,3,0,0,0,0,0,0,0,0,0
BORDEN COUNTY,033,70 Years,6,3,3,6,3,3,0,0,0,0,0,0,0,0,0
BORDEN COUNTY,033,71 Years,9,6,3,9,6,3,0,0,0,0,0,0,0,0,0
BORDEN COUNTY,033,72 Years,12,6,6,11,5,6,0,0,0,0,0,0,1,1,0
BORDEN COUNTY,033,73 Years,10,6,4,9,5,4,0,0,0,0,0,0,1,1,0
BORDEN COUNTY,033,74 Years,6,4,2,6,4,2,0,0,0,0,0,0,0,0,0
BORDEN COUNTY,033,75 Years,5,3,2,5,3,2,0,0,0,0,0,0,0,0,0
BORDEN COUNTY,033,76 Years,2,0,2,2,0,2,0,0,0,0,0,0,0,0,0
BORDEN COUNTY,033,77 Years,10,7,3,10,7,3,0,0,0,0,0,0,0,0,0
BORDEN COUNTY,033,78 Years,8,3,5,8,3,5,0,0,0,0,0,0,0,0,0
BORDEN COUNTY,033,79 Years,8,4,4,8,4,4,0,0,0,0,0,0,0,0,0
BORDEN COUNTY,033,80 Years,5,2,3,5,2,3,0,0,0,0,0,0,0,0,0
BORDEN COUNTY,033,81 Years,4,2,2,4,2,2,0,0,0,0,0,0,0,0,0
BORDEN COUNTY,033,82 Years,8,3,5,6,2,4,0,0,0,1,1,0,1,0,1
BORDEN COUNTY,033,83 Years,8,4,4,6,3,3,0,0,0,0,0,0,2,1,1
BORDEN COUNTY,033,84 Years,6,3,3,5,3,2,0,0,0,0,0,0,1,0,1
BORDEN COUNTY,033,85 Years +,17,7,10,17,7,10,0,0,0,0,0,0,0,0,0
BOSQUE COUNTY,035,All Ages,18370,9207,9163,14315,7058,7257,289,162,127,392,182,210,3374,1805,1569
BOSQUE COUNTY,035,< 1 Year,186,100,86,102,56,46,5,3,2,23,12,11,56,29,27
BOSQUE COUNTY,035,1 Years,191,99,92,103,52,51,6,3,3,25,14,11,57,30,27
BOSQUE COUNTY,035,2 Years,192,97,95,105,50,55,5,2,3,22,12,10,60,33,27
BOSQUE COUNTY,035,3 Years,198,99,99,109,54,55,6,3,3,16,7,9,67,35,32
BOSQUE COUNTY,035,4 Years,202,103,99,117,59,58,5,3,2,10,3,7,70,38,32
BOSQUE COUNTY,035,5 Years,181,81,100,107,43,64,5,2,3,8,5,3,61,31,30
BOSQUE COUNTY,035,6 Years,198,99,99,123,59,64,5,3,2,6,4,2,64,33,31
BOSQUE COUNTY,035,7 Years,206,115,91,128,68,60,3,2,1,2,1,1,73,44,29
BOSQUE COUNTY,035,8 Years,208,118,90,130,75,55,3,0,3,3,1,2,72,42,30
BOSQUE COUNTY,035,9 Years,207,116,91,124,68,56,4,2,2,6,2,4,73,44,29
BOSQUE COUNTY,035,10 Years,224,112,112,133,62,71,5,5,0,6,2,4,80,43,37
BOSQUE COUNTY,035,11 Years,224,123,101,147,79,68,3,3,0,6,4,2,68,37,31
BOSQUE COUNTY,035,12 Years,228,116,112,158,80,78,1,1,0,5,2,3,64,33,31
BOSQUE COUNTY,035,13 Years,238,123,115,148,73,75,6,3,3,4,1,3,80,46,34
BOSQUE COUNTY,035,14 Years,248,135,113,146,77,69,7,4,3,4,2,2,91,52,39
BOSQUE COUNTY,035,15 Years,261,144,117,165,92,73,5,4,1,3,2,1,88,46,42
BOSQUE COUNTY,035,16 Years,258,130,128,174,92,82,4,1,3,3,0,3,77,37,40
BOSQUE COUNTY,035,17 Years,243,119,124,166,82,84,3,2,1,7,1,6,67,34,33
BOSQUE COUNTY,035,18 Years,222,108,114,144,71,73,3,2,1,9,2,7,66,33,33
BOSQUE COUNTY,035,19 Years,206,99,107,134,61,73,5,3,2,7,3,4,60,32,28
BOSQUE COUNTY,035,20 Years,216,116,100,150,77,73,4,1,3,8,5,3,54,33,21
BOSQUE COUNTY,035,21 Years,224,124,100,152,81,71,3,1,2,7,2,5,62,40,22
BOSQUE COUNTY,035,22 Years,236,115,121,156,77,79,6,3,3,7,3,4,67,32,35
BOSQUE COUNTY,035,23 Years,203,94,109,143,67,76,4,1,3,3,1,2,53,25,28
BOSQUE COUNTY,035,24 Years,177,86,91,123,57,66,2,2,0,2,1,1,50,26,24
BOSQUE COUNTY,035,25 Years,187,101,86,133,70,63,5,4,1,1,0,1,48,27,21
BOSQUE COUNTY,035,26 Years,159,94,65,107,60,47,4,2,2,4,3,1,44,29,15
BOSQUE COUNTY,035,27 Years,146,77,69,99,50,49,5,3,2,2,1,1,40,23,17
BOSQUE COUNTY,035,28 Years,147,83,64,102,57,45,7,5,2,6,2,4,32,19,13
BOSQUE COUNTY,035,29 Years,130,67,63,95,48,47,2,2,0,3,0,3,30,17,13
BOSQUE COUNTY,035,30 Years,139,72,67,95,51,44,5,2,3,2,1,1,37,18,19
BOSQUE COUNTY,035,31 Years,140,67,73,85,44,41,2,1,1,4,1,3,49,21,28
BOSQUE COUNTY,035,32 Years,164,91,73,103,58,45,2,2,0,5,2,3,54,29,25
BOSQUE COUNTY,035,33 Years,169,88,81,112,61,51,5,3,2,2,2,0,50,22,28
BOSQUE COUNTY,035,34 Years,184,89,95,131,62,69,5,4,1,3,2,1,45,21,24
BOSQUE COUNTY,035,35 Years,177,95,82,123,66,57,3,1,2,3,2,1,48,26,22
BOSQUE COUNTY,035,36 Years,173,89,84,122,61,61,2,0,2,3,2,1,46,26,20
BOSQUE COUNTY,035,37 Years,161,76,85,117,55,62,2,2,0,2,1,1,40,18,22
BOSQUE COUNTY,035,38 Years,168,83,85,127,62,65,2,2,0,1,1,0,38,18,20
BOSQUE COUNTY,035,39 Years,181,92,89,136,70,66,2,1,1,1,0,1,42,21,21
BOSQUE COUNTY,035,40 Years,169,82,87,125,59,66,1,1,0,1,0,1,42,22,20
BOSQUE COUNTY,035,41 Years,177,85,92,138,67,71,3,1,2,2,0,2,34,17,17
BOSQUE COUNTY,035,42 Years,196,96,100,155,77,78,2,1,1,2,0,2,37,18,19
BOSQUE COUNTY,035,43 Years,208,101,107,165,82,83,4,3,1,2,0,2,37,16,21
BOSQUE COUNTY,035,44 Years,220,109,111,175,86,89,3,3,0,5,1,4,37,19,18
BOSQUE COUNTY,035,45 Years,224,104,120,171,81,90,5,2,3,3,1,2,45,20,25
BOSQUE COUNTY,035,46 Years,214,108,106,163,81,82,2,1,1,1,1,0,48,25,23
BOSQUE COUNTY,035,47 Years,225,112,113,169,84,85,5,1,4,3,2,1,48,25,23
BOSQUE COUNTY,035,48 Years,223,107,116,178,81,97,3,1,2,5,4,1,37,21,16
BOSQUE COUNTY,035,49 Years,212,104,108,171,84,87,2,1,1,3,1,2,36,18,18
BOSQUE COUNTY,035,50 Years,236,117,119,197,96,101,3,1,2,4,2,2,32,18,14
BOSQUE COUNTY,035,51 Years,245,122,123,203,98,105,4,2,2,2,1,1,36,21,15
BOSQUE COUNTY,035,52 Years,265,128,137,228,105,123,4,3,1,3,1,2,30,19,11
BOSQUE COUNTY,035,53 Years,242,120,122,201,99,102,2,1,1,3,2,1,36,18,18
BOSQUE COUNTY,035,54 Years,266,129,137,226,107,119,2,1,1,5,2,3,33,19,14
BOSQUE COUNTY,035,55 Years,291,146,145,251,122,129,3,3,0,4,1,3,33,20,13
BOSQUE COUNTY,035,56 Years,299,159,140,254,133,121,7,3,4,4,1,3,34,22,12
BOSQUE COUNTY,035,57 Years,286,146,140,250,125,125,3,1,2,7,3,4,26,17,9
BOSQUE COUNTY,035,58 Years,299,145,154,268,127,141,2,1,1,4,2,2,25,15,10
BOSQUE COUNTY,035,59 Years,294,146,148,261,128,133,6,5,1,3,0,3,24,13,11
BOSQUE COUNTY,035,60 Years,280,151,129,251,134,117,5,5,0,4,2,2,20,10,10
BOSQUE COUNTY,035,61 Years,260,134,126,235,120,115,4,2,2,4,2,2,17,10,7
BOSQUE COUNTY,035,62 Years,267,140,127,239,124,115,6,3,3,3,1,2,19,12,7
BOSQUE COUNTY,035,63 Years,276,138,138,249,121,128,5,3,2,4,3,1,18,11,7
BOSQUE COUNTY,035,64 Years,272,144,128,250,131,119,2,1,1,3,2,1,17,10,7
BOSQUE COUNTY,035,65 Years,281,154,127,254,137,117,2,1,1,6,5,1,19,11,8
BOSQUE COUNTY,035,66 Years,289,143,146,250,128,122,6,3,3,4,2,2,29,10,19
BOSQUE COUNTY,035,67 Years,299,146,153,269,130,139,4,3,1,4,3,1,22,10,12
BOSQUE COUNTY,035,68 Years,299,136,163,273,123,150,1,1,0,2,1,1,23,11,12
BOSQUE COUNTY,035,69 Years,263,132,131,236,115,121,1,0,1,3,3,0,23,14,9
BOSQUE COUNTY,035,70 Years,270,130,140,248,121,127,4,0,4,1,1,0,17,8,9
BOSQUE COUNTY,035,71 Years,268,126,142,250,118,132,1,0,1,2,1,1,15,7,8
BOSQUE COUNTY,035,72 Years,237,108,129,221,98,123,1,0,1,4,3,1,11,7,4
BOSQUE COUNTY,035,73 Years,239,117,122,221,107,114,1,0,1,4,2,2,13,8,5
BOSQUE COUNTY,035,74 Years,217,103,114,202,94,108,1,1,0,2,1,1,12,7,5
BOSQUE COUNTY,035,75 Years,198,104,94,185,96,89,1,0,1,1,1,0,11,7,4
BOSQUE COUNTY,035,76 Years,184,92,92,176,87,89,2,1,1,2,1,1,4,3,1
BOSQUE COUNTY,035,77 Years,162,78,84,147,71,76,3,1,2,4,2,2,8,4,4
BOSQUE COUNTY,035,78 Years,149,62,87,139,60,79,1,0,1,2,0,2,7,2,5
BOSQUE COUNTY,035,79 Years,124,57,67,114,51,63,3,3,0,2,1,1,5,2,3
BOSQUE COUNTY,035,80 Years,101,45,56,92,41,51,1,1,0,3,1,2,5,2,3
BOSQUE COUNTY,035,81 Years,93,45,48,86,41,45,2,2,0,1,0,1,4,2,2
BOSQUE COUNTY,035,82 Years,103,51,52,95,47,48,2,1,1,1,0,1,5,3,2
BOSQUE COUNTY,035,83 Years,94,48,46,89,45,44,1,1,0,2,1,1,2,1,1
BOSQUE COUNTY,035,84 Years,78,40,38,72,37,35,0,0,0,2,1,1,4,2,2
BOSQUE COUNTY,035,85 Years +,474,182,292,449,172,277,2,0,2,12,5,7,11,5,6
BOWIE COUNTY,037,All Ages,96719,49286,47433,61368,30536,30832,24013,12154,11859,4051,2047,2004,7287,4549,2738
BOWIE COUNTY,037,< 1 Year,1216,617,599,617,321,296,351,170,181,129,63,66,119,63,56
BOWIE COUNTY,037,1 Years,1193,615,578,608,321,287,347,172,175,120,62,58,118,60,58
BOWIE COUNTY,037,2 Years,1190,615,575,616,327,289,346,172,174,109,56,53,119,60,59
BOWIE COUNTY,037,3 Years,1207,632,575,617,329,288,358,179,179,100,57,43,132,67,65
BOWIE COUNTY,037,4 Years,1252,648,604,633,329,304,352,174,178,113,63,50,154,82,72
BOWIE COUNTY,037,5 Years,1119,582,537,588,316,272,318,164,154,85,37,48,128,65,63
BOWIE COUNTY,037,6 Years,1191,608,583,648,323,325,315,161,154,83,48,35,145,76,69
BOWIE COUNTY,037,7 Years,1256,660,596,679,357,322,342,184,158,84,48,36,151,71,80
BOWIE COUNTY,037,8 Years,1308,670,638,706,356,350,348,177,171,96,56,40,158,81,77
BOWIE COUNTY,037,9 Years,1258,655,603,705,373,332,312,157,155,95,46,49,146,79,67
BOWIE COUNTY,037,10 Years,1285,663,622,704,367,337,352,175,177,97,51,46,132,70,62
BOWIE COUNTY,037,11 Years,1293,671,622,723,364,359,354,181,173,88,52,36,128,74,54
BOWIE COUNTY,037,12 Years,1267,636,631,721,363,358,340,167,173,83,50,33,123,56,67
BOWIE COUNTY,037,13 Years,1288,661,627,725,377,348,354,166,188,92,56,36,117,62,55
BOWIE COUNTY,037,14 Years,1326,672,654,743,373,370,373,192,181,93,49,44,117,58,59
BOWIE COUNTY,037,15 Years,1322,667,655,752,369,383,373,197,176,91,42,49,106,59,47
BOWIE COUNTY,037,16 Years,1328,684,644,762,376,386,382,213,169,81,41,40,103,54,49
BOWIE COUNTY,037,17 Years,1243,638,605,690,346,344,375,201,174,75,40,35,103,51,52
BOWIE COUNTY,037,18 Years,1247,657,590,723,375,348,345,183,162,57,31,26,122,68,54
BOWIE COUNTY,037,19 Years,1232,645,587,675,334,341,366,199,167,55,27,28,136,85,51
BOWIE COUNTY,037,20 Years,1285,679,606,697,367,330,392,199,193,59,26,33,137,87,50
BOWIE COUNTY,037,21 Years,1345,722,623,716,371,345,430,227,203,57,32,25,142,92,50
BOWIE COUNTY,037,22 Years,1370,753,617,740,401,339,432,236,196,60,30,30,138,86,52
BOWIE COUNTY,037,23 Years,1427,793,634,779,424,355,420,221,199,52,26,26,176,122,54
BOWIE COUNTY,037,24 Years,1428,727,701,803,404,399,425,200,225,50,24,26,150,99,51
BOWIE COUNTY,037,25 Years,1398,758,640,804,415,389,385,204,181,43,23,20,166,116,50
BOWIE COUNTY,037,26 Years,1289,714,575,732,379,353,362,195,167,47,31,16,148,109,39
BOWIE COUNTY,037,27 Years,1275,692,583,730,369,361,344,184,160,37,24,13,164,115,49
BOWIE COUNTY,037,28 Years,1265,696,569,713,377,336,350,184,166,41,22,19,161,113,48
BOWIE COUNTY,037,29 Years,1338,730,608,770,406,364,367,183,184,33,19,14,168,122,46
BOWIE COUNTY,037,30 Years,1385,756,629,787,406,381,385,202,183,37,17,20,176,131,45
BOWIE COUNTY,037,31 Years,1244,720,524,749,406,343,306,183,123,36,17,19,153,114,39
BOWIE COUNTY,037,32 Years,1284,750,534,772,426,346,312,190,122,38,18,20,162,116,46
BOWIE COUNTY,037,33 Years,1183,653,530,720,366,354,301,176,125,37,21,16,125,90,35
BOWIE COUNTY,037,34 Years,1178,640,538,692,349,343,325,182,143,35,16,19,126,93,33
BOWIE COUNTY,037,35 Years,1206,647,559,708,359,349,318,170,148,43,19,24,137,99,38
BOWIE COUNTY,037,36 Years,1199,651,548,694,359,335,338,188,150,49,18,31,118,86,32
BOWIE COUNTY,037,37 Years,1175,623,552,685,350,335,335,178,157,52,20,32,103,75,28
BOWIE COUNTY,037,38 Years,1163,614,549,699,347,352,315,174,141,43,16,27,106,77,29
BOWIE COUNTY,037,39 Years,1109,605,504,655,345,310,313,169,144,39,19,20,102,72,30
BOWIE COUNTY,037,40 Years,1155,613,542,682,359,323,334,169,165,42,21,21,97,64,33
BOWIE COUNTY,037,41 Years,1166,606,560,694,347,347,318,169,149,48,22,26,106,68,38
BOWIE COUNTY,037,42 Years,1197,631,566,713,367,346,328,169,159,49,21,28,107,74,33
BOWIE COUNTY,037,43 Years,1231,667,564,779,413,366,318,170,148,40,19,21,94,65,29
BOWIE COUNTY,037,44 Years,1287,671,616,833,427,406,327,165,162,38,20,18,89,59,30
BOWIE COUNTY,037,45 Years,1296,686,610,830,417,413,320,171,149,46,27,19,100,71,29
BOWIE COUNTY,037,46 Years,1190,650,540,775,417,358,283,151,132,46,20,26,86,62,24
BOWIE COUNTY,037,47 Years,1183,620,563,772,396,376,301,154,147,34,14,20,76,56,20
BOWIE COUNTY,037,48 Years,1159,608,551,764,403,361,289,144,145,32,14,18,74,47,27
BOWIE COUNTY,037,49 Years,1177,615,562,780,411,369,285,140,145,35,13,22,77,51,26
BOWIE COUNTY,037,50 Years,1276,641,635,846,422,424,314,148,166,40,20,20,76,51,25
BOWIE COUNTY,037,51 Years,1273,648,625,864,436,428,304,150,154,41,20,21,64,42,22
BOWIE COUNTY,037,52 Years,1346,674,672,941,470,471,302,146,156,39,17,22,64,41,23
BOWIE COUNTY,037,53 Years,1390,711,679,962,484,478,331,179,152,46,16,30,51,32,19
BOWIE COUNTY,037,54 Years,1368,700,668,921,457,464,325,167,158,57,31,26,65,45,20
BOWIE COUNTY,037,55 Years,1383,699,684,954,473,481,313,157,156,60,31,29,56,38,18
BOWIE COUNTY,037,56 Years,1262,630,632,883,445,438,294,140,154,41,17,24,44,28,16
BOWIE COUNTY,037,57 Years,1254,640,614,891,456,435,285,137,148,37,19,18,41,28,13
BOWIE COUNTY,037,58 Years,1278,635,643,930,466,464,271,121,150,39,18,21,38,30,8
BOWIE COUNTY,037,59 Years,1262,622,640,879,424,455,316,159,157,32,13,19,35,26,9
BOWIE COUNTY,037,60 Years,1191,565,626,849,401,448,273,132,141,26,11,15,43,21,22
BOWIE COUNTY,037,61 Years,1164,567,597,841,406,435,256,127,129,28,13,15,39,21,18
BOWIE COUNTY,037,62 Years,1153,547,606,837,392,445,260,126,134,29,16,13,27,13,14
BOWIE COUNTY,037,63 Years,1119,541,578,837,398,439,229,114,115,31,16,15,22,13,9
BOWIE COUNTY,037,64 Years,1101,553,548,818,412,406,230,109,121,29,15,14,24,17,7
BOWIE COUNTY,037,65 Years,1031,512,519,770,387,383,206,96,110,24,13,11,31,16,15
BOWIE COUNTY,037,66 Years,1039,518,521,781,396,385,196,90,106,32,18,14,30,14,16
BOWIE COUNTY,037,67 Years,1084,525,559,813,393,420,217,103,114,33,18,15,21,11,10
BOWIE COUNTY,037,68 Years,1067,515,552,817,389,428,198,97,101,29,16,13,23,13,10
BOWIE COUNTY,037,69 Years,862,412,450,659,319,340,155,63,92,21,11,10,27,19,8
BOWIE COUNTY,037,70 Years,793,354,439,598,270,328,158,67,91,20,9,11,17,8,9
BOWIE COUNTY,037,71 Years,833,366,467,653,289,364,146,64,82,21,8,13,13,5,8
BOWIE COUNTY,037,72 Years,785,351,434,635,284,351,121,55,66,17,8,9,12,4,8
BOWIE COUNTY,037,73 Years,713,330,383,578,270,308,111,46,65,17,10,7,7,4,3
BOWIE COUNTY,037,74 Years,642,306,336,530,260,270,88,36,52,16,7,9,8,3,5
BOWIE COUNTY,037,75 Years,619,270,349,509,229,280,92,32,60,9,4,5,9,5,4
BOWIE COUNTY,037,76 Years,580,273,307,478,227,251,79,36,43,11,4,7,12,6,6
BOWIE COUNTY,037,77 Years,517,234,283,425,200,225,76,27,49,6,3,3,10,4,6
BOWIE COUNTY,037,78 Years,496,219,277,414,189,225,65,23,42,10,4,6,7,3,4
BOWIE COUNTY,037,79 Years,445,194,251,373,163,210,57,23,34,10,6,4,5,2,3
BOWIE COUNTY,037,80 Years,431,176,255,357,147,210,58,22,36,11,4,7,5,3,2
BOWIE COUNTY,037,81 Years,389,167,222,326,138,188,49,20,29,8,5,3,6,4,2
BOWIE COUNTY,037,82 Years,379,144,235,312,122,190,53,17,36,8,3,5,6,2,4
BOWIE COUNTY,037,83 Years,358,133,225,293,113,180,51,17,34,8,3,5,6,0,6
BOWIE COUNTY,037,84 Years,314,116,198,258,97,161,45,15,30,7,4,3,4,0,4
BOWIE COUNTY,037,85 Years +,1914,612,1302,1634,533,1101,228,62,166,34,12,22,18,5,13
BRAZORIA COUNTY,039,All Ages,345717,174010,171707,166872,83405,83467,44487,22818,21669,31137,15207,15930,103221,52580,50641
BRAZORIA COUNTY,039,< 1 Year,4780,2479,2301,2003,1043,960,538,277,261,523,281,242,1716,878,838
BRAZORIA COUNTY,039,1 Years,4730,2432,2298,1998,1022,976,518,273,245,503,268,235,1711,869,842
BRAZORIA COUNTY,039,2 Years,4676,2392,2284,1992,1001,991,491,255,236,514,277,237,1679,859,820
BRAZORIA COUNTY,039,3 Years,4618,2382,2236,1942,987,955,468,249,219,533,290,243,1675,856,819
BRAZORIA COUNTY,039,4 Years,4839,2512,2327,1981,1009,972,490,263,227,622,328,294,1746,912,834
BRAZORIA COUNTY,039,5 Years,5208,2655,2553,2142,1086,1056,512,263,249,667,342,325,1887,964,923
BRAZORIA COUNTY,039,6 Years,5274,2654,2620,2133,1050,1083,555,272,283,684,354,330,1902,978,924
BRAZORIA COUNTY,039,7 Years,5294,2710,2584,2078,1060,1018,559,274,285,699,367,332,1958,1009,949
BRAZORIA COUNTY,039,8 Years,5421,2775,2646,2102,1082,1020,597,282,315,700,369,331,2022,1042,980
BRAZORIA COUNTY,039,9 Years,5316,2757,2559,2101,1117,984,577,293,284,672,373,299,1966,974,992
BRAZORIA COUNTY,039,10 Years,5375,2748,2627,2064,1053,1011,605,299,306,686,368,318,2020,1028,992
BRAZORIA COUNTY,039,11 Years,5477,2770,2707,2101,1044,1057,673,329,344,636,331,305,2067,1066,1001
BRAZORIA COUNTY,039,12 Years,5548,2827,2721,2138,1094,1044,689,342,347,609,308,301,2112,1083,1029
BRAZORIA COUNTY,039,13 Years,5591,2823,2768,2155,1102,1053,751,373,378,563,275,288,2122,1073,1049
BRAZORIA COUNTY,039,14 Years,5597,2835,2762,2159,1091,1068,783,413,370,554,271,283,2101,1060,1041
BRAZORIA COUNTY,039,15 Years,5590,2873,2717,2192,1134,1058,789,420,369,518,265,253,2091,1054,1037
BRAZORIA COUNTY,039,16 Years,5234,2705,2529,2036,1055,981,782,410,372,472,251,221,1944,989,955
BRAZORIA COUNTY,039,17 Years,5236,2762,2474,1956,1022,934,795,406,389,470,253,217,2015,1081,934
BRAZORIA COUNTY,039,18 Years,5008,2663,2345,1831,955,876,787,411,376,462,246,216,1928,1051,877
BRAZORIA COUNTY,039,19 Years,4584,2379,2205,1608,819,789,697,368,329,428,228,200,1851,964,887
BRAZORIA COUNTY,039,20 Years,4461,2333,2128,1593,820,773,675,376,299,399,212,187,1794,925,869
BRAZORIA COUNTY,039,21 Years,4335,2301,2034,1564,815,749,661,378,283,361,187,174,1749,921,828
BRAZORIA COUNTY,039,22 Years,4291,2271,2020,1638,837,801,641,343,298,349,174,175,1663,917,746
BRAZORIA COUNTY,039,23 Years,4128,2180,1948,1638,859,779,593,315,278,311,159,152,1586,847,739
BRAZORIA COUNTY,039,24 Years,3915,2062,1853,1661,882,779,511,280,231,257,134,123,1486,766,720
BRAZORIA COUNTY,039,25 Years,3830,1986,1844,1617,831,786,475,243,232,246,131,115,1492,781,711
BRAZORIA COUNTY,039,26 Years,3683,1944,1739,1630,842,788,438,237,201,253,128,125,1362,737,625
BRAZORIA COUNTY,039,27 Years,3670,1935,1735,1649,856,793,431,247,184,249,128,121,1341,704,637
BRAZORIA COUNTY,039,28 Years,3772,2035,1737,1729,943,786,448,269,179,242,125,117,1353,698,655
BRAZORIA COUNTY,039,29 Years,3858,2066,1792,1778,956,822,452,273,179,252,127,125,1376,710,666
BRAZORIA COUNTY,039,30 Years,4142,2158,1984,1956,1034,922,484,264,220,266,137,129,1436,723,713
BRAZORIA COUNTY,039,31 Years,4266,2133,2133,1906,936,970,519,290,229,280,148,132,1561,759,802
BRAZORIA COUNTY,039,32 Years,4624,2287,2337,2068,997,1071,534,321,213,327,155,172,1695,814,881
BRAZORIA COUNTY,039,33 Years,4880,2361,2519,2177,1025,1152,595,330,265,343,140,203,1765,866,899
BRAZORIA COUNTY,039,34 Years,4973,2373,2600,2172,999,1173,684,353,331,374,144,230,1743,877,866
BRAZORIA COUNTY,039,35 Years,5060,2433,2627,2204,1021,1183,738,390,348,410,164,246,1708,858,850
BRAZORIA COUNTY,039,36 Years,4855,2361,2494,2145,1063,1082,665,334,331,430,164,266,1615,800,815
BRAZORIA COUNTY,039,37 Years,4914,2502,2412,2180,1125,1055,637,324,313,461,207,254,1636,846,790
BRAZORIA COUNTY,039,38 Years,4808,2429,2379,2085,1045,1040,677,365,312,495,235,260,1551,784,767
BRAZORIA COUNTY,039,39 Years,4842,2384,2458,2094,1044,1050,679,332,347,527,244,283,1542,764,778
BRAZORIA COUNTY,039,40 Years,4973,2439,2534,2144,1090,1054,745,340,405,531,226,305,1553,783,770
BRAZORIA COUNTY,039,41 Years,5072,2468,2604,2159,1079,1080,781,370,411,583,238,345,1549,781,768
BRAZORIA COUNTY,039,42 Years,5263,2600,2663,2205,1092,1113,867,450,417,613,269,344,1578,789,789
BRAZORIA COUNTY,039,43 Years,5300,2632,2668,2342,1190,1152,852,435,417,565,255,310,1541,752,789
BRAZORIA COUNTY,039,44 Years,5500,2723,2777,2562,1283,1279,844,429,415,558,258,300,1536,753,783
BRAZORIA COUNTY,039,45 Years,5313,2683,2630,2504,1288,1216,817,404,413,551,266,285,1441,725,716
BRAZORIA COUNTY,039,46 Years,5022,2563,2459,2409,1235,1174,735,381,354,555,273,282,1323,674,649
BRAZORIA COUNTY,039,47 Years,4836,2463,2373,2308,1197,1111,706,367,339,525,257,268,1297,642,655
BRAZORIA COUNTY,039,48 Years,4865,2505,2360,2321,1199,1122,758,413,345,478,237,241,1308,656,652
BRAZORIA COUNTY,039,49 Years,4753,2467,2286,2312,1223,1089,757,379,378,471,238,233,1213,627,586
BRAZORIA COUNTY,039,50 Years,4855,2456,2399,2417,1224,1193,762,384,378,468,226,242,1208,622,586
BRAZORIA COUNTY,039,51 Years,4926,2463,2463,2564,1289,1275,755,374,381,441,207,234,1166,593,573
BRAZORIA COUNTY,039,52 Years,4973,2552,2421,2702,1357,1345,765,404,361,412,214,198,1094,577,517
BRAZORIA COUNTY,039,53 Years,4907,2481,2426,2765,1365,1400,714,365,349,370,185,185,1058,566,492
BRAZORIA COUNTY,039,54 Years,4821,2408,2413,2751,1356,1395,709,361,348,360,165,195,1001,526,475
BRAZORIA COUNTY,039,55 Years,4885,2470,2415,2913,1444,1469,658,353,305,369,162,207,945,511,434
BRAZORIA COUNTY,039,56 Years,4744,2399,2345,2842,1437,1405,637,339,298,339,148,191,926,475,451
BRAZORIA COUNTY,039,57 Years,4614,2316,2298,2820,1410,1410,598,310,288,310,142,168,886,454,432
BRAZORIA COUNTY,039,58 Years,4394,2188,2206,2696,1330,1366,551,281,270,308,149,159,839,428,411
BRAZORIA COUNTY,039,59 Years,4096,2038,2058,2518,1250,1268,497,237,260,293,139,154,788,412,376
BRAZORIA COUNTY,039,60 Years,4080,2052,2028,2562,1292,1270,472,230,242,282,131,151,764,399,365
BRAZORIA COUNTY,039,61 Years,3892,1980,1912,2421,1243,1178,466,221,245,272,126,146,733,390,343
BRAZORIA COUNTY,039,62 Years,3737,1929,1808,2322,1209,1113,480,249,231,256,111,145,679,360,319
BRAZORIA COUNTY,039,63 Years,3460,1739,1721,2181,1114,1067,453,213,240,216,95,121,610,317,293
BRAZORIA COUNTY,039,64 Years,3200,1597,1603,1984,1010,974,439,204,235,221,99,122,556,284,272
BRAZORIA COUNTY,039,65 Years,3095,1526,1569,1988,991,997,386,189,197,205,93,112,516,253,263
BRAZORIA COUNTY,039,66 Years,3018,1479,1539,1956,975,981,357,181,176,207,91,116,498,232,266
BRAZORIA COUNTY,039,67 Years,2963,1508,1455,1973,1012,961,324,171,153,197,92,105,469,233,236
BRAZORIA COUNTY,039,68 Years,2786,1392,1394,1918,954,964,284,146,138,180,90,90,404,202,202
BRAZORIA COUNTY,039,69 Years,2216,1079,1137,1468,722,746,233,111,122,163,79,84,352,167,185
BRAZORIA COUNTY,039,70 Years,2164,1029,1135,1412,685,727,235,102,133,157,68,89,360,174,186
BRAZORIA COUNTY,039,71 Years,2199,1036,1163,1495,700,795,221,103,118,139,63,76,344,170,174
BRAZORIA COUNTY,039,72 Years,1998,926,1072,1395,649,746,183,86,97,137,67,70,283,124,159
BRAZORIA COUNTY,039,73 Years,1817,846,971,1262,599,663,156,72,84,135,65,70,264,110,154
BRAZORIA COUNTY,039,74 Years,1667,759,908,1145,529,616,134,58,76,120,51,69,268,121,147
BRAZORIA COUNTY,039,75 Years,1542,715,827,1074,503,571,122,58,64,113,48,65,233,106,127
BRAZORIA COUNTY,039,76 Years,1397,662,735,990,465,525,101,51,50,102,47,55,204,99,105
BRAZORIA COUNTY,039,77 Years,1264,601,663,922,442,480,81,36,45,85,43,42,176,80,96
BRAZORIA COUNTY,039,78 Years,1095,504,591,801,366,435,69,33,36,67,30,37,158,75,83
BRAZORIA COUNTY,039,79 Years,1048,454,594,772,342,430,64,27,37,65,24,41,147,61,86
BRAZORIA COUNTY,039,80 Years,1018,445,573,748,328,420,53,20,33,65,32,33,152,65,87
BRAZORIA COUNTY,039,81 Years,905,398,507,672,301,371,54,18,36,57,29,28,122,50,72
BRAZORIA COUNTY,039,82 Years,816,343,473,614,265,349,58,18,40,45,21,24,99,39,60
BRAZORIA COUNTY,039,83 Years,708,281,427,521,209,312,58,19,39,35,12,23,94,41,53
BRAZORIA COUNTY,039,84 Years,679,263,416,503,197,306,49,14,35,36,12,24,91,40,51
BRAZORIA COUNTY,039,85 Years +,4138,1486,2652,3323,1209,2114,254,76,178,133,46,87,428,155,273
BRAZOS COUNTY,041,All Ages,217790,110623,107167,119849,60517,59332,24079,11646,12433,17460,9304,8156,56402,29156,27246
BRAZOS COUNTY,041,< 1 Year,3771,1916,1855,1548,779,769,525,258,267,421,227,194,1277,652,625
BRAZOS COUNTY,041,1 Years,3667,1841,1826,1498,757,741,522,253,269,393,202,191,1254,629,625
BRAZOS COUNTY,041,2 Years,3562,1790,1772,1472,749,723,505,252,253,375,187,188,1210,602,608
BRAZOS COUNTY,041,3 Years,3464,1738,1726,1472,751,721,495,244,251,344,171,173,1153,572,581
BRAZOS COUNTY,041,4 Years,3517,1782,1735,1497,750,747,492,253,239,372,191,181,1156,588,568
BRAZOS COUNTY,041,5 Years,3481,1733,1748,1479,710,769,489,249,240,329,158,171,1184,616,568
BRAZOS COUNTY,041,6 Years,2622,1314,1308,1064,528,536,360,184,176,232,116,116,966,486,480
BRAZOS COUNTY,041,7 Years,2694,1375,1319,1077,537,540,382,205,177,244,125,119,991,508,483
BRAZOS COUNTY,041,8 Years,2645,1379,1266,1043,544,499,379,195,184,234,113,121,989,527,462
BRAZOS COUNTY,041,9 Years,2484,1258,1226,955,493,462,359,175,184,202,100,102,968,490,478
BRAZOS COUNTY,041,10 Years,2478,1272,1206,976,511,465,344,165,179,195,106,89,963,490,473
BRAZOS COUNTY,041,11 Years,2390,1237,1153,935,494,441,375,191,184,186,93,93,894,459,435
BRAZOS COUNTY,041,12 Years,2367,1222,1145,937,501,436,376,182,194,147,73,74,907,466,441
BRAZOS COUNTY,041,13 Years,2322,1154,1168,904,467,437,373,173,200,129,59,70,916,455,461
BRAZOS COUNTY,041,14 Years,2298,1174,1124,887,464,423,370,188,182,135,57,78,906,465,441
BRAZOS COUNTY,041,15 Years,2214,1119,1095,864,426,438,365,196,169,126,60,66,859,437,422
BRAZOS COUNTY,041,16 Years,2168,1114,1054,912,487,425,338,178,160,118,62,56,800,387,413
BRAZOS COUNTY,041,17 Years,2125,1064,1061,854,439,415,346,172,174,144,82,62,781,371,410
BRAZOS COUNTY,041,18 Years,4833,2364,2469,2953,1398,1555,415,218,197,281,152,129,1184,596,588
BRAZOS COUNTY,041,19 Years,9640,4891,4749,6573,3305,3268,540,283,257,494,272,222,2033,1031,1002
BRAZOS COUNTY,041,20 Years,9782,4996,4786,6814,3392,3422,573,308,265,501,293,208,1894,1003,891
BRAZOS COUNTY,041,21 Years,9602,5077,4525,6644,3476,3168,579,304,275,519,289,230,1860,1008,852
BRAZOS COUNTY,041,22 Years,8473,4746,3727,5650,3228,2422,559,268,291,522,301,221,1742,949,793
BRAZOS COUNTY,041,23 Years,6640,3772,2868,3853,2241,1612,563,276,287,580,360,220,1644,895,749
BRAZOS COUNTY,041,24 Years,5792,3091,2701,3174,1677,1497,516,265,251,602,361,241,1500,788,712
BRAZOS COUNTY,041,25 Years,5139,2725,2414,2722,1440,1282,429,211,218,653,395,258,1335,679,656
BRAZOS COUNTY,041,26 Years,4477,2354,2123,2332,1194,1138,370,181,189,612,360,252,1163,619,544
BRAZOS COUNTY,041,27 Years,3930,2081,1849,1972,981,991,359,179,180,523,310,213,1076,611,465
BRAZOS COUNTY,041,28 Years,3507,1833,1674,1649,829,820,347,173,174,484,278,206,1027,553,474
BRAZOS COUNTY,041,29 Years,3692,1966,1726,1822,972,850,359,166,193,451,250,201,1060,578,482
BRAZOS COUNTY,041,30 Years,3604,1924,1680,1719,899,820,365,179,186,473,264,209,1047,582,465
BRAZOS COUNTY,041,31 Years,3376,1821,1555,1635,892,743,329,155,174,414,227,187,998,547,451
BRAZOS COUNTY,041,32 Years,3185,1710,1475,1491,791,700,347,156,191,396,234,162,951,529,422
BRAZOS COUNTY,041,33 Years,3065,1624,1441,1463,777,686,363,169,194,359,204,155,880,474,406
BRAZOS COUNTY,041,34 Years,2967,1544,1423,1440,758,682,355,174,181,323,170,153,849,442,407
BRAZOS COUNTY,041,35 Years,2801,1458,1343,1363,725,638,320,153,167,307,153,154,811,427,384
BRAZOS COUNTY,041,36 Years,2624,1343,1281,1296,685,611,283,130,153,280,140,140,765,388,377
BRAZOS COUNTY,041,37 Years,2480,1303,1177,1206,642,564,254,130,124,264,137,127,756,394,362
BRAZOS COUNTY,041,38 Years,2392,1218,1174,1134,592,542,275,137,138,277,134,143,706,355,351
BRAZOS COUNTY,041,39 Years,2204,1126,1078,984,514,470,283,132,151,258,131,127,679,349,330
BRAZOS COUNTY,041,40 Years,2056,1042,1014,896,465,431,235,95,140,256,131,125,669,351,318
BRAZOS COUNTY,041,41 Years,2020,1043,977,909,476,433,254,122,132,254,138,116,603,307,296
BRAZOS COUNTY,041,42 Years,2034,1025,1009,919,462,457,259,123,136,240,125,115,616,315,301
BRAZOS COUNTY,041,43 Years,2033,1005,1028,967,487,480,257,111,146,194,101,93,615,306,309
BRAZOS COUNTY,041,44 Years,2088,994,1094,1052,515,537,288,119,169,183,82,101,565,278,287
BRAZOS COUNTY,041,45 Years,2045,988,1057,1054,509,545,275,123,152,175,73,102,541,283,258
BRAZOS COUNTY,041,46 Years,1900,922,978,971,463,508,276,145,131,152,63,89,501,251,250
BRAZOS COUNTY,041,47 Years,1809,899,910,928,466,462,282,145,137,115,49,66,484,239,245
BRAZOS COUNTY,041,48 Years,1790,885,905,920,453,467,290,133,157,109,54,55,471,245,226
BRAZOS COUNTY,041,49 Years,1798,884,914,952,463,489,289,134,155,111,55,56,446,232,214
BRAZOS COUNTY,041,50 Years,1824,895,929,990,487,503,276,132,144,108,50,58,450,226,224
BRAZOS COUNTY,041,51 Years,1888,928,960,1041,508,533,268,123,145,117,58,59,462,239,223
BRAZOS COUNTY,041,52 Years,1855,909,946,1070,507,563,276,127,149,102,59,43,407,216,191
BRAZOS COUNTY,041,53 Years,1776,847,929,1069,502,567,268,124,144,99,55,44,340,166,174
BRAZOS COUNTY,041,54 Years,1889,896,993,1174,546,628,256,124,132,94,43,51,365,183,182
BRAZOS COUNTY,041,55 Years,1889,910,979,1180,556,624,283,140,143,88,37,51,338,177,161
BRAZOS COUNTY,041,56 Years,1770,858,912,1128,553,575,248,111,137,79,31,48,315,163,152
BRAZOS COUNTY,041,57 Years,1806,890,916,1151,572,579,255,122,133,76,32,44,324,164,160
BRAZOS COUNTY,041,58 Years,1808,870,938,1158,560,598,253,115,138,73,31,42,324,164,160
BRAZOS COUNTY,041,59 Years,1692,802,890,1130,538,592,215,100,115,66,30,36,281,134,147
BRAZOS COUNTY,041,60 Years,1600,759,841,1050,502,548,212,95,117,70,32,38,268,130,138
BRAZOS COUNTY,041,61 Years,1574,759,815,1054,499,555,195,89,106,69,33,36,256,138,118
BRAZOS COUNTY,041,62 Years,1516,751,765,1045,517,528,180,81,99,59,25,34,232,128,104
BRAZOS COUNTY,041,63 Years,1437,699,738,987,465,522,182,84,98,64,32,32,204,118,86
BRAZOS COUNTY,041,64 Years,1332,652,680,925,452,473,160,75,85,62,26,36,185,99,86
BRAZOS COUNTY,041,65 Years,1313,650,663,933,474,459,147,70,77,52,24,28,181,82,99
BRAZOS COUNTY,041,66 Years,1204,582,622,878,421,457,122,59,63,41,24,17,163,78,85
BRAZOS COUNTY,041,67 Years,1274,597,677,946,438,508,118,59,59,39,19,20,171,81,90
BRAZOS COUNTY,041,68 Years,1279,610,669,954,454,500,123,58,65,38,21,17,164,77,87
BRAZOS COUNTY,041,69 Years,1042,494,548,762,367,395,95,41,54,40,19,21,145,67,78
BRAZOS COUNTY,041,70 Years,980,449,531,696,327,369,97,41,56,35,17,18,152,64,88
BRAZOS COUNTY,041,71 Years,907,413,494,663,297,366,91,38,53,31,19,12,122,59,63
BRAZOS COUNTY,041,72 Years,845,399,446,636,303,333,78,32,46,26,14,12,105,50,55
BRAZOS COUNTY,041,73 Years,779,366,413,599,284,315,64,27,37,24,12,12,92,43,49
BRAZOS COUNTY,041,74 Years,730,327,403,559,247,312,68,29,39,24,10,14,79,41,38
BRAZOS COUNTY,041,75 Years,669,284,385,519,222,297,65,24,41,25,10,15,60,28,32
BRAZOS COUNTY,041,76 Years,635,287,348,509,235,274,63,27,36,17,7,10,46,18,28
BRAZOS COUNTY,041,77 Years,635,282,353,501,227,274,60,24,36,21,8,13,53,23,30
BRAZOS COUNTY,041,78 Years,579,254,325,436,194,242,57,22,35,15,6,9,71,32,39
BRAZOS COUNTY,041,79 Years,528,231,297,399,175,224,57,21,36,13,5,8,59,30,29
BRAZOS COUNTY,041,80 Years,507,223,284,394,175,219,50,18,32,17,8,9,46,22,24
BRAZOS COUNTY,041,81 Years,494,213,281,394,172,222,43,14,29,14,5,9,43,22,21
BRAZOS COUNTY,041,82 Years,453,188,265,355,149,206,46,18,28,12,5,7,40,16,24
BRAZOS COUNTY,041,83 Years,440,176,264,359,149,210,36,13,23,10,5,5,35,9,26
BRAZOS COUNTY,041,84 Years,402,158,244,343,138,205,27,10,17,10,4,6,22,6,16
BRAZOS COUNTY,041,85 Years +,2392,879,1513,2031,751,1280,162,49,113,42,20,22,157,59,98
BREWSTER COUNTY,043,All Ages,9152,4615,4537,4934,2489,2445,76,60,16,261,126,135,3881,1940,1941
BREWSTER COUNTY,043,< 1 Year,109,57,52,47,19,28,0,0,0,10,7,3,52,31,21
BREWSTER COUNTY,043,1 Years,119,62,57,50,22,28,0,0,0,11,7,4,58,33,25
BREWSTER COUNTY,043,2 Years,126,61,65,54,26,28,0,0,0,9,4,5,63,31,32
BREWSTER COUNTY,043,3 Years,126,64,62,52,29,23,0,0,0,9,3,6,65,32,33
BREWSTER COUNTY,043,4 Years,130,69,61,53,29,24,1,0,1,9,4,5,67,36,31
BREWSTER COUNTY,043,5 Years,136,67,69,56,32,24,0,0,0,7,2,5,73,33,40
BREWSTER COUNTY,043,6 Years,99,50,49,41,21,20,2,2,0,5,3,2,51,24,27
BREWSTER COUNTY,043,7 Years,87,46,41,35,16,19,0,0,0,3,1,2,49,29,20
BREWSTER COUNTY,043,8 Years,89,47,42,31,13,18,1,0,1,3,2,1,54,32,22
BREWSTER COUNTY,043,9 Years,110,56,54,41,19,22,0,0,0,5,2,3,64,35,29
BREWSTER COUNTY,043,10 Years,97,44,53,33,13,20,1,1,0,5,4,1,58,26,32
BREWSTER COUNTY,043,11 Years,94,54,40,39,23,16,0,0,0,3,2,1,52,29,23
BREWSTER COUNTY,043,12 Years,100,57,43,44,28,16,1,1,0,3,2,1,52,26,26
BREWSTER COUNTY,043,13 Years,103,58,45,41,25,16,2,2,0,5,3,2,55,28,27
BREWSTER COUNTY,043,14 Years,104,49,55,38,13,25,0,0,0,6,4,2,60,32,28
BREWSTER COUNTY,043,15 Years,112,58,54,46,21,25,0,0,0,3,2,1,63,35,28
BREWSTER COUNTY,043,16 Years,97,45,52,36,16,20,1,0,1,4,3,1,56,26,30
BREWSTER COUNTY,043,17 Years,115,59,56,50,31,19,1,0,1,4,1,3,60,27,33
BREWSTER COUNTY,043,18 Years,125,60,65,45,26,19,1,0,1,3,0,3,76,34,42
BREWSTER COUNTY,043,19 Years,140,72,68,57,28,29,2,1,1,3,2,1,78,41,37
BREWSTER COUNTY,043,20 Years,132,69,63,40,18,22,1,1,0,6,4,2,85,46,39
BREWSTER COUNTY,043,21 Years,158,79,79,52,24,28,4,3,1,4,1,3,98,51,47
BREWSTER COUNTY,043,22 Years,141,74,67,62,29,33,3,3,0,4,3,1,72,39,33
BREWSTER COUNTY,043,23 Years,111,65,46,58,34,24,3,3,0,2,1,1,48,27,21
BREWSTER COUNTY,043,24 Years,100,48,52,43,28,15,4,3,1,2,1,1,51,16,35
BREWSTER COUNTY,043,25 Years,92,43,49,32,15,17,3,3,0,2,0,2,55,25,30
BREWSTER COUNTY,043,26 Years,103,55,48,39,19,20,3,3,0,6,4,2,55,29,26
BREWSTER COUNTY,043,27 Years,91,51,40,34,17,17,2,2,0,5,3,2,50,29,21
BREWSTER COUNTY,043,28 Years,102,51,51,47,21,26,3,3,0,5,0,5,47,27,20
BREWSTER COUNTY,043,29 Years,106,48,58,52,21,31,3,2,1,3,0,3,48,25,23
BREWSTER COUNTY,043,30 Years,122,58,64,61,32,29,0,0,0,5,2,3,56,24,32
BREWSTER COUNTY,043,31 Years,107,64,43,62,42,20,0,0,0,1,0,1,44,22,22
BREWSTER COUNTY,043,32 Years,98,51,47,50,26,24,0,0,0,3,2,1,45,23,22
BREWSTER COUNTY,043,33 Years,98,50,48,54,27,27,0,0,0,3,2,1,41,21,20
BREWSTER COUNTY,043,34 Years,99,62,37,50,34,16,1,0,1,1,0,1,47,28,19
BREWSTER COUNTY,043,35 Years,105,66,39,54,35,19,0,0,0,2,1,1,49,30,19
BREWSTER COUNTY,043,36 Years,89,44,45,45,20,25,1,1,0,2,0,2,41,23,18
BREWSTER COUNTY,043,37 Years,93,47,46,53,26,27,1,1,0,3,2,1,36,18,18
BREWSTER COUNTY,043,38 Years,85,38,47,48,22,26,1,0,1,2,2,0,34,14,20
BREWSTER COUNTY,043,39 Years,103,54,49,52,30,22,2,1,1,4,4,0,45,19,26
BREWSTER COUNTY,043,40 Years,107,56,51,56,30,26,2,2,0,1,1,0,48,23,25
BREWSTER COUNTY,043,41 Years,83,46,37,45,26,19,1,1,0,3,1,2,34,18,16
BREWSTER COUNTY,043,42 Years,82,42,40,41,22,19,1,1,0,1,0,1,39,19,20
BREWSTER COUNTY,043,43 Years,96,46,50,50,25,25,0,0,0,1,0,1,45,21,24
BREWSTER COUNTY,043,44 Years,93,46,47,53,27,26,0,0,0,4,3,1,36,16,20
BREWSTER COUNTY,043,45 Years,104,50,54,59,27,32,1,1,0,2,2,0,42,20,22
BREWSTER COUNTY,043,46 Years,98,49,49,51,26,25,1,1,0,1,0,1,45,22,23
BREWSTER COUNTY,043,47 Years,107,48,59,58,28,30,0,0,0,3,1,2,46,19,27
BREWSTER COUNTY,043,48 Years,110,51,59,54,24,30,3,3,0,4,3,1,49,21,28
BREWSTER COUNTY,043,49 Years,100,49,51,55,26,29,2,2,0,4,1,3,39,20,19
BREWSTER COUNTY,043,50 Years,115,52,63,64,30,34,0,0,0,1,0,1,50,22,28
BREWSTER COUNTY,043,51 Years,127,58,69,74,35,39,1,0,1,0,0,0,52,23,29
BREWSTER COUNTY,043,52 Years,129,62,67,77,33,44,0,0,0,3,1,2,49,28,21
BREWSTER COUNTY,043,53 Years,131,59,72,90,42,48,1,1,0,1,1,0,39,15,24
BREWSTER COUNTY,043,54 Years,133,67,66,74,40,34,2,2,0,3,1,2,54,24,30
BREWSTER COUNTY,043,55 Years,120,63,57,73,36,37,1,1,0,2,0,2,44,26,18
BREWSTER COUNTY,043,56 Years,111,55,56,65,33,32,0,0,0,3,2,1,43,20,23
BREWSTER COUNTY,043,57 Years,116,63,53,72,36,36,0,0,0,1,1,0,43,26,17
BREWSTER COUNTY,043,58 Years,133,70,63,89,47,42,0,0,0,0,0,0,44,23,21
BREWSTER COUNTY,043,59 Years,139,67,72,100,48,52,3,1,2,2,1,1,34,17,17
BREWSTER COUNTY,043,60 Years,152,74,78,109,48,61,2,1,1,3,1,2,38,24,14
BREWSTER COUNTY,043,61 Years,154,76,78,106,48,58,1,1,0,1,1,0,46,26,20
BREWSTER COUNTY,043,62 Years,155,78,77,110,54,56,0,0,0,1,0,1,44,24,20
BREWSTER COUNTY,043,63 Years,140,74,66,99,54,45,0,0,0,1,0,1,40,20,20
BREWSTER COUNTY,043,64 Years,127,65,62,85,41,44,1,1,0,4,1,3,37,22,15
BREWSTER COUNTY,043,65 Years,146,64,82,102,43,59,1,1,0,5,2,3,38,18,20
BREWSTER COUNTY,043,66 Years,141,66,75,107,50,57,1,1,0,3,1,2,30,14,16
BREWSTER COUNTY,043,67 Years,135,75,60,103,59,44,0,0,0,4,2,2,28,14,14
BREWSTER COUNTY,043,68 Years,135,74,61,107,59,48,0,0,0,3,1,2,25,14,11
BREWSTER COUNTY,043,69 Years,115,63,52,85,48,37,0,0,0,2,1,1,28,14,14
BREWSTER COUNTY,043,70 Years,102,51,51,67,38,29,0,0,0,3,1,2,32,12,20
BREWSTER COUNTY,043,71 Years,90,43,47,60,32,28,0,0,0,4,1,3,26,10,16
BREWSTER COUNTY,043,72 Years,92,43,49,60,32,28,0,0,0,2,0,2,30,11,19
BREWSTER COUNTY,043,73 Years,84,40,44,62,30,32,0,0,0,1,0,1,21,10,11
BREWSTER COUNTY,043,74 Years,81,42,39,59,32,27,0,0,0,1,1,0,21,9,12
BREWSTER COUNTY,043,75 Years,80,44,36,53,30,23,0,0,0,0,0,0,27,14,13
BREWSTER COUNTY,043,76 Years,82,47,35,53,31,22,0,0,0,2,2,0,27,14,13
BREWSTER COUNTY,043,77 Years,69,39,30,43,25,18,0,0,0,2,2,0,24,12,12
BREWSTER COUNTY,043,78 Years,54,33,21,32,19,13,2,2,0,0,0,0,20,12,8
BREWSTER COUNTY,043,79 Years,45,23,22,27,15,12,1,1,0,0,0,0,17,7,10
BREWSTER COUNTY,043,80 Years,50,21,29,29,14,15,0,0,0,0,0,0,21,7,14
BREWSTER COUNTY,043,81 Years,42,18,24,22,11,11,0,0,0,0,0,0,20,7,13
BREWSTER COUNTY,043,82 Years,37,17,20,22,9,13,0,0,0,0,0,0,15,8,7
BREWSTER COUNTY,043,83 Years,35,16,19,21,9,12,0,0,0,0,0,0,14,7,7
BREWSTER COUNTY,043,84 Years,38,13,25,21,7,14,0,0,0,0,0,0,17,6,11
BREWSTER COUNTY,043,85 Years +,184,65,119,113,40,73,0,0,0,4,0,4,67,25,42
BRISCOE COUNTY,045,All Ages,1476,730,746,1009,493,516,31,13,18,18,12,6,418,212,206
BRISCOE COUNTY,045,< 1 Year,15,5,10,7,2,5,0,0,0,0,0,0,8,3,5
BRISCOE COUNTY,045,1 Years,14,6,8,6,2,4,0,0,0,0,0,0,8,4,4
BRISCOE COUNTY,045,2 Years,14,6,8,5,1,4,0,0,0,0,0,0,9,5,4
BRISCOE COUNTY,045,3 Years,17,6,11,7,3,4,0,0,0,0,0,0,10,3,7
BRISCOE COUNTY,045,4 Years,18,9,9,7,4,3,0,0,0,0,0,0,11,5,6
BRISCOE COUNTY,045,5 Years,27,14,13,7,6,1,2,0,2,1,0,1,17,8,9
BRISCOE COUNTY,045,6 Years,14,7,7,7,3,4,0,0,0,0,0,0,7,4,3
BRISCOE COUNTY,045,7 Years,17,10,7,8,4,4,0,0,0,2,1,1,7,5,2
BRISCOE COUNTY,045,8 Years,20,10,10,8,3,5,0,0,0,0,0,0,12,7,5
BRISCOE COUNTY,045,9 Years,20,11,9,9,6,3,1,1,0,0,0,0,10,4,6
BRISCOE COUNTY,045,10 Years,17,10,7,10,6,4,0,0,0,0,0,0,7,4,3
BRISCOE COUNTY,045,11 Years,14,5,9,8,4,4,0,0,0,0,0,0,6,1,5
BRISCOE COUNTY,045,12 Years,16,9,7,9,6,3,1,0,1,0,0,0,6,3,3
BRISCOE COUNTY,045,13 Years,19,13,6,12,8,4,2,1,1,0,0,0,5,4,1
BRISCOE COUNTY,045,14 Years,15,7,8,8,4,4,1,0,1,1,1,0,5,2,3
BRISCOE COUNTY,045,15 Years,18,7,11,10,2,8,1,1,0,1,1,0,6,3,3
BRISCOE COUNTY,045,16 Years,25,12,13,16,6,10,0,0,0,0,0,0,9,6,3
BRISCOE COUNTY,045,17 Years,13,6,7,10,4,6,0,0,0,0,0,0,3,2,1
BRISCOE COUNTY,045,18 Years,14,7,7,7,3,4,0,0,0,0,0,0,7,4,3
BRISCOE COUNTY,045,19 Years,17,8,9,10,4,6,0,0,0,0,0,0,7,4,3
BRISCOE COUNTY,045,20 Years,15,7,8,9,3,6,0,0,0,0,0,0,6,4,2
BRISCOE COUNTY,045,21 Years,21,14,7,12,8,4,1,1,0,3,2,1,5,3,2
BRISCOE COUNTY,045,22 Years,19,12,7,8,5,3,0,0,0,2,1,1,9,6,3
BRISCOE COUNTY,045,23 Years,18,9,9,9,3,6,0,0,0,1,1,0,8,5,3
BRISCOE COUNTY,045,24 Years,13,7,6,6,3,3,0,0,0,0,0,0,7,4,3
BRISCOE COUNTY,045,25 Years,13,8,5,7,4,3,0,0,0,0,0,0,6,4,2
BRISCOE COUNTY,045,26 Years,12,6,6,5,3,2,0,0,0,0,0,0,7,3,4
BRISCOE COUNTY,045,27 Years,14,9,5,6,4,2,1,1,0,0,0,0,7,4,3
BRISCOE COUNTY,045,28 Years,9,3,6,4,2,2,0,0,0,1,0,1,4,1,3
BRISCOE COUNTY,045,29 Years,13,7,6,7,4,3,2,2,0,0,0,0,4,1,3
BRISCOE COUNTY,045,30 Years,10,5,5,6,3,3,1,1,0,0,0,0,3,1,2
BRISCOE COUNTY,045,31 Years,9,6,3,7,5,2,0,0,0,0,0,0,2,1,1
BRISCOE COUNTY,045,32 Years,11,5,6,6,3,3,1,0,1,0,0,0,4,2,2
BRISCOE COUNTY,045,33 Years,13,7,6,7,3,4,0,0,0,0,0,0,6,4,2
BRISCOE COUNTY,045,34 Years,14,8,6,9,5,4,0,0,0,0,0,0,5,3,2
BRISCOE COUNTY,045,35 Years,14,7,7,9,4,5,0,0,0,0,0,0,5,3,2
BRISCOE COUNTY,045,36 Years,12,3,9,5,1,4,0,0,0,0,0,0,7,2,5
BRISCOE COUNTY,045,37 Years,14,6,8,8,4,4,0,0,0,0,0,0,6,2,4
BRISCOE COUNTY,045,38 Years,19,11,8,9,6,3,2,0,2,0,0,0,8,5,3
BRISCOE COUNTY,045,39 Years,20,11,9,13,7,6,0,0,0,0,0,0,7,4,3
BRISCOE COUNTY,045,40 Years,20,11,9,15,9,6,1,0,1,0,0,0,4,2,2
BRISCOE COUNTY,045,41 Years,14,7,7,7,3,4,0,0,0,1,1,0,6,3,3
BRISCOE COUNTY,045,42 Years,17,8,9,10,4,6,1,0,1,0,0,0,6,4,2
BRISCOE COUNTY,045,43 Years,15,9,6,12,7,5,0,0,0,0,0,0,3,2,1
BRISCOE COUNTY,045,44 Years,15,7,8,13,6,7,0,0,0,0,0,0,2,1,1
BRISCOE COUNTY,045,45 Years,15,7,8,10,5,5,0,0,0,0,0,0,5,2,3
BRISCOE COUNTY,045,46 Years,20,10,10,14,8,6,0,0,0,0,0,0,6,2,4
BRISCOE COUNTY,045,47 Years,11,6,5,7,4,3,0,0,0,0,0,0,4,2,2
BRISCOE COUNTY,045,48 Years,13,8,5,12,7,5,0,0,0,0,0,0,1,1,0
BRISCOE COUNTY,045,49 Years,13,6,7,10,5,5,0,0,0,0,0,0,3,1,2
BRISCOE COUNTY,045,50 Years,24,11,13,20,10,10,1,0,1,0,0,0,3,1,2
BRISCOE COUNTY,045,51 Years,21,7,14,14,6,8,0,0,0,0,0,0,7,1,6
BRISCOE COUNTY,045,52 Years,18,8,10,12,5,7,0,0,0,1,1,0,5,2,3
BRISCOE COUNTY,045,53 Years,25,16,9,17,9,8,0,0,0,1,1,0,7,6,1
BRISCOE COUNTY,045,54 Years,24,16,8,18,11,7,0,0,0,0,0,0,6,5,1
BRISCOE COUNTY,045,55 Years,22,12,10,17,9,8,0,0,0,0,0,0,5,3,2
BRISCOE COUNTY,045,56 Years,20,12,8,15,10,5,0,0,0,0,0,0,5,2,3
BRISCOE COUNTY,045,57 Years,16,5,11,12,4,8,0,0,0,0,0,0,4,1,3
BRISCOE COUNTY,045,58 Years,19,8,11,15,7,8,1,0,1,0,0,0,3,1,2
BRISCOE COUNTY,045,59 Years,21,8,13,18,6,12,1,1,0,0,0,0,2,1,1
BRISCOE COUNTY,045,60 Years,18,7,11,15,5,10,0,0,0,1,0,1,2,2,0
BRISCOE COUNTY,045,61 Years,19,8,11,16,7,9,1,1,0,0,0,0,2,0,2
BRISCOE COUNTY,045,62 Years,20,10,10,18,10,8,1,0,1,0,0,0,1,0,1
BRISCOE COUNTY,045,63 Years,22,13,9,21,12,9,0,0,0,0,0,0,1,1,0
BRISCOE COUNTY,045,64 Years,17,10,7,14,7,7,0,0,0,1,1,0,2,2,0
BRISCOE COUNTY,045,65 Years,16,6,10,14,5,9,0,0,0,0,0,0,2,1,1
BRISCOE COUNTY,045,66 Years,21,9,12,17,8,9,0,0,0,0,0,0,4,1,3
BRISCOE COUNTY,045,67 Years,21,9,12,17,8,9,1,0,1,0,0,0,3,1,2
BRISCOE COUNTY,045,68 Years,28,15,13,24,13,11,1,0,1,1,1,0,2,1,1
BRISCOE COUNTY,045,69 Years,29,16,13,25,14,11,0,0,0,0,0,0,4,2,2
BRISCOE COUNTY,045,70 Years,17,9,8,13,8,5,0,0,0,0,0,0,4,1,3
BRISCOE COUNTY,045,71 Years,20,11,9,15,8,7,1,1,0,0,0,0,4,2,2
BRISCOE COUNTY,045,72 Years,20,10,10,16,7,9,1,1,0,0,0,0,3,2,1
BRISCOE COUNTY,045,73 Years,18,9,9,16,8,8,0,0,0,0,0,0,2,1,1
BRISCOE COUNTY,045,74 Years,14,8,6,13,7,6,0,0,0,0,0,0,1,1,0
BRISCOE COUNTY,045,75 Years,14,6,8,13,6,7,0,0,0,0,0,0,1,0,1
BRISCOE COUNTY,045,76 Years,12,4,8,10,3,7,0,0,0,0,0,0,2,1,1
BRISCOE COUNTY,045,77 Years,16,8,8,14,7,7,0,0,0,0,0,0,2,1,1
BRISCOE COUNTY,045,78 Years,13,6,7,13,6,7,0,0,0,0,0,0,0,0,0
BRISCOE COUNTY,045,79 Years,15,6,9,13,6,7,0,0,0,0,0,0,2,0,2
BRISCOE COUNTY,045,80 Years,16,8,8,15,7,8,0,0,0,0,0,0,1,1,0
BRISCOE COUNTY,045,81 Years,13,7,6,12,6,6,0,0,0,0,0,0,1,1,0
BRISCOE COUNTY,045,82 Years,12,6,6,12,6,6,0,0,0,0,0,0,0,0,0
BRISCOE COUNTY,045,83 Years,15,8,7,13,6,7,0,0,0,0,0,0,2,2,0
BRISCOE COUNTY,045,84 Years,12,5,7,11,4,7,0,0,0,0,0,0,1,1,0
BRISCOE COUNTY,045,85 Years +,48,15,33,38,13,25,4,1,3,0,0,0,6,1,5
BROOKS COUNTY,047,All Ages,7209,3586,3623,576,280,296,13,7,6,44,20,24,6576,3279,3297
BROOKS COUNTY,047,< 1 Year,108,53,55,7,2,5,0,0,0,0,0,0,101,51,50
BROOKS COUNTY,047,1 Years,113,55,58,10,4,6,0,0,0,0,0,0,103,51,52
BROOKS COUNTY,047,2 Years,110,52,58,11,5,6,0,0,0,0,0,0,99,47,52
BROOKS COUNTY,047,3 Years,121,59,62,11,6,5,0,0,0,0,0,0,110,53,57
BROOKS COUNTY,047,4 Years,115,59,56,9,4,5,0,0,0,0,0,0,106,55,51
BROOKS COUNTY,047,5 Years,120,58,62,7,3,4,0,0,0,0,0,0,113,55,58
BROOKS COUNTY,047,6 Years,109,58,51,6,2,4,0,0,0,1,0,1,102,56,46
BROOKS COUNTY,047,7 Years,106,55,51,10,7,3,0,0,0,2,0,2,94,48,46
BROOKS COUNTY,047,8 Years,123,63,60,6,4,2,0,0,0,1,0,1,116,59,57
BROOKS COUNTY,047,9 Years,114,64,50,9,6,3,0,0,0,0,0,0,105,58,47
BROOKS COUNTY,047,10 Years,105,51,54,7,4,3,0,0,0,0,0,0,98,47,51
BROOKS COUNTY,047,11 Years,101,53,48,4,3,1,0,0,0,2,2,0,95,48,47
BROOKS COUNTY,047,12 Years,88,42,46,4,1,3,0,0,0,1,1,0,83,40,43
BROOKS COUNTY,047,13 Years,113,56,57,7,1,6,1,1,0,0,0,0,105,54,51
BROOKS COUNTY,047,14 Years,103,51,52,5,3,2,0,0,0,1,0,1,97,48,49
BROOKS COUNTY,047,15 Years,104,58,46,6,3,3,0,0,0,1,0,1,97,55,42
BROOKS COUNTY,047,16 Years,106,65,41,6,4,2,1,0,1,1,1,0,98,60,38
BROOKS COUNTY,047,17 Years,103,60,43,7,5,2,0,0,0,0,0,0,96,55,41
BROOKS COUNTY,047,18 Years,97,56,41,6,4,2,0,0,0,0,0,0,91,52,39
BROOKS COUNTY,047,19 Years,101,54,47,4,2,2,0,0,0,1,0,1,96,52,44
BROOKS COUNTY,047,20 Years,92,54,38,4,1,3,0,0,0,1,0,1,87,53,34
BROOKS COUNTY,047,21 Years,90,53,37,3,2,1,0,0,0,0,0,0,87,51,36
BROOKS COUNTY,047,22 Years,115,61,54,6,2,4,0,0,0,0,0,0,109,59,50
BROOKS COUNTY,047,23 Years,116,63,53,4,1,3,0,0,0,0,0,0,112,62,50
BROOKS COUNTY,047,24 Years,103,56,47,3,1,2,0,0,0,2,1,1,98,54,44
BROOKS COUNTY,047,25 Years,104,49,55,4,2,2,0,0,0,3,2,1,97,45,52
BROOKS COUNTY,047,26 Years,85,47,38,4,2,2,0,0,0,1,0,1,80,45,35
BROOKS COUNTY,047,27 Years,92,50,42,7,1,6,0,0,0,0,0,0,85,49,36
BROOKS COUNTY,047,28 Years,83,46,37,6,3,3,1,1,0,2,1,1,74,41,33
BROOKS COUNTY,047,29 Years,78,35,43,6,2,4,0,0,0,2,0,2,70,33,37
BROOKS COUNTY,047,30 Years,70,40,30,5,3,2,0,0,0,0,0,0,65,37,28
BROOKS COUNTY,047,31 Years,74,42,32,5,2,3,1,0,1,0,0,0,68,40,28
BROOKS COUNTY,047,32 Years,79,33,46,5,1,4,1,1,0,1,0,1,72,31,41
BROOKS COUNTY,047,33 Years,76,35,41,6,3,3,2,1,1,0,0,0,68,31,37
BROOKS COUNTY,047,34 Years,86,43,43,6,3,3,1,0,1,0,0,0,79,40,39
BROOKS COUNTY,047,35 Years,71,32,39,5,2,3,0,0,0,0,0,0,66,30,36
BROOKS COUNTY,047,36 Years,58,32,26,4,3,1,0,0,0,0,0,0,54,29,25
BROOKS COUNTY,047,37 Years,64,35,29,3,1,2,0,0,0,0,0,0,61,34,27
BROOKS COUNTY,047,38 Years,58,29,29,5,1,4,0,0,0,0,0,0,53,28,25
BROOKS COUNTY,047,39 Years,60,29,31,5,3,2,0,0,0,1,1,0,54,25,29
BROOKS COUNTY,047,40 Years,63,36,27,3,1,2,1,0,1,3,3,0,56,32,24
BROOKS COUNTY,047,41 Years,52,34,18,5,4,1,0,0,0,1,1,0,46,29,17
BROOKS COUNTY,047,42 Years,72,38,34,11,7,4,0,0,0,1,1,0,60,30,30
BROOKS COUNTY,047,43 Years,68,27,41,8,4,4,1,1,0,2,1,1,57,21,36
BROOKS COUNTY,047,44 Years,64,29,35,7,3,4,1,1,0,0,0,0,56,25,31
BROOKS COUNTY,047,45 Years,55,27,28,6,3,3,0,0,0,0,0,0,49,24,25
BROOKS COUNTY,047,46 Years,60,26,34,3,2,1,1,1,0,0,0,0,56,23,33
BROOKS COUNTY,047,47 Years,63,33,30,1,1,0,0,0,0,3,2,1,59,30,29
BROOKS COUNTY,047,48 Years,76,41,35,4,2,2,0,0,0,1,1,0,71,38,33
BROOKS COUNTY,047,49 Years,80,38,42,5,3,2,0,0,0,0,0,0,75,35,40
BROOKS COUNTY,047,50 Years,88,42,46,7,4,3,0,0,0,0,0,0,81,38,43
BROOKS COUNTY,047,51 Years,82,38,44,5,4,1,0,0,0,0,0,0,77,34,43
BROOKS COUNTY,047,52 Years,93,44,49,7,3,4,0,0,0,0,0,0,86,41,45
BROOKS COUNTY,047,53 Years,105,50,55,8,3,5,0,0,0,1,1,0,96,46,50
BROOKS COUNTY,047,54 Years,92,47,45,8,3,5,0,0,0,1,1,0,83,43,40
BROOKS COUNTY,047,55 Years,97,42,55,5,2,3,0,0,0,0,0,0,92,40,52
BROOKS COUNTY,047,56 Years,87,47,40,7,4,3,0,0,0,0,0,0,80,43,37
BROOKS COUNTY,047,57 Years,84,39,45,6,4,2,0,0,0,1,0,1,77,35,42
BROOKS COUNTY,047,58 Years,94,45,49,7,3,4,0,0,0,1,0,1,86,42,44
BROOKS COUNTY,047,59 Years,94,48,46,9,4,5,0,0,0,0,0,0,85,44,41
BROOKS COUNTY,047,60 Years,99,46,53,10,5,5,0,0,0,2,0,2,87,41,46
BROOKS COUNTY,047,61 Years,96,50,46,12,5,7,0,0,0,1,0,1,83,45,38
BROOKS COUNTY,047,62 Years,92,47,45,11,5,6,0,0,0,0,0,0,81,42,39
BROOKS COUNTY,047,63 Years,84,44,40,7,3,4,0,0,0,0,0,0,77,41,36
BROOKS COUNTY,047,64 Years,88,46,42,6,4,2,0,0,0,0,0,0,82,42,40
BROOKS COUNTY,047,65 Years,89,39,50,9,3,6,0,0,0,0,0,0,80,36,44
BROOKS COUNTY,047,66 Years,84,39,45,8,3,5,0,0,0,0,0,0,76,36,40
BROOKS COUNTY,047,67 Years,82,42,40,10,6,4,0,0,0,0,0,0,72,36,36
BROOKS COUNTY,047,68 Years,85,38,47,9,5,4,0,0,0,0,0,0,76,33,43
BROOKS COUNTY,047,69 Years,81,42,39,7,5,2,0,0,0,0,0,0,74,37,37
BROOKS COUNTY,047,70 Years,87,43,44,9,5,4,0,0,0,0,0,0,78,38,40
BROOKS COUNTY,047,71 Years,67,29,38,4,2,2,0,0,0,0,0,0,63,27,36
BROOKS COUNTY,047,72 Years,63,27,36,9,5,4,0,0,0,0,0,0,54,22,32
BROOKS COUNTY,047,73 Years,60,25,35,9,5,4,0,0,0,1,0,1,50,20,30
BROOKS COUNTY,047,74 Years,49,23,26,6,5,1,0,0,0,0,0,0,43,18,25
BROOKS COUNTY,047,75 Years,55,24,31,7,5,2,0,0,0,0,0,0,48,19,29
BROOKS COUNTY,047,76 Years,57,24,33,5,2,3,0,0,0,0,0,0,52,22,30
BROOKS COUNTY,047,77 Years,49,22,27,6,4,2,0,0,0,0,0,0,43,18,25
BROOKS COUNTY,047,78 Years,48,25,23,5,3,2,0,0,0,0,0,0,43,22,21
BROOKS COUNTY,047,79 Years,48,25,23,11,6,5,0,0,0,0,0,0,37,19,18
BROOKS COUNTY,047,80 Years,42,18,24,6,4,2,0,0,0,0,0,0,36,14,22
BROOKS COUNTY,047,81 Years,37,15,22,6,4,2,0,0,0,1,0,1,30,11,19
BROOKS COUNTY,047,82 Years,27,11,16,3,1,2,0,0,0,0,0,0,24,10,14
BROOKS COUNTY,047,83 Years,26,8,18,3,1,2,0,0,0,0,0,0,23,7,16
BROOKS COUNTY,047,84 Years,38,13,25,5,0,5,0,0,0,0,0,0,33,13,20
BROOKS COUNTY,047,85 Years +,193,64,129,33,8,25,1,0,1,0,0,0,159,56,103
BROWN COUNTY,049,All Ages,39128,19510,19618,28135,13842,14293,1386,768,618,1074,570,504,8533,4330,4203
BROWN COUNTY,049,< 1 Year,434,234,200,259,129,130,17,11,6,23,17,6,135,77,58
BROWN COUNTY,049,1 Years,446,233,213,270,133,137,19,11,8,25,19,6,132,70,62
BROWN COUNTY,049,2 Years,443,225,218,283,141,142,17,8,9,17,13,4,126,63,63
BROWN COUNTY,049,3 Years,448,217,231,284,136,148,17,9,8,17,11,6,130,61,69
BROWN COUNTY,049,4 Years,461,230,231,273,137,136,17,8,9,23,14,9,148,71,77
BROWN COUNTY,049,5 Years,487,263,224,274,167,107,24,14,10,22,13,9,167,69,98
BROWN COUNTY,049,6 Years,495,273,222,280,156,124,20,13,7,28,17,11,167,87,80
BROWN COUNTY,049,7 Years,492,269,223,265,145,120,15,7,8,31,23,8,181,94,87
BROWN COUNTY,049,8 Years,550,280,270,308,154,154,17,7,10,30,18,12,195,101,94
BROWN COUNTY,049,9 Years,535,267,268,272,144,128,16,7,9,31,17,14,216,99,117
BROWN COUNTY,049,10 Years,518,249,269,278,137,141,12,4,8,32,16,16,196,92,104
BROWN COUNTY,049,11 Years,524,267,257,289,154,135,15,5,10,36,18,18,184,90,94
BROWN COUNTY,049,12 Years,550,305,245,314,183,131,15,5,10,26,12,14,195,105,90
BROWN COUNTY,049,13 Years,539,275,264,317,168,149,14,5,9,22,11,11,186,91,95
BROWN COUNTY,049,14 Years,532,277,255,336,186,150,16,6,10,20,10,10,160,75,85
BROWN COUNTY,049,15 Years,545,279,266,335,176,159,18,6,12,24,14,10,168,83,85
BROWN COUNTY,049,16 Years,534,279,255,319,171,148,14,8,6,21,13,8,180,87,93
BROWN COUNTY,049,17 Years,536,282,254,330,177,153,17,7,10,17,10,7,172,88,84
BROWN COUNTY,049,18 Years,525,283,242,330,183,147,21,12,9,10,5,5,164,83,81
BROWN COUNTY,049,19 Years,477,251,226,306,162,144,18,9,9,8,3,5,145,77,68
BROWN COUNTY,049,20 Years,489,249,240,300,148,152,25,12,13,6,3,3,158,86,72
BROWN COUNTY,049,21 Years,495,252,243,299,151,148,31,13,18,11,5,6,154,83,71
BROWN COUNTY,049,22 Years,499,247,252,282,134,148,47,23,24,14,6,8,156,84,72
BROWN COUNTY,049,23 Years,531,282,249,322,167,155,32,20,12,16,5,11,161,90,71
BROWN COUNTY,049,24 Years,567,311,256,377,201,176,31,18,13,18,8,10,141,84,57
BROWN COUNTY,049,25 Years,542,282,260,370,189,181,36,22,14,14,6,8,122,65,57
BROWN COUNTY,049,26 Years,513,251,262,351,170,181,29,15,14,13,7,6,120,59,61
BROWN COUNTY,049,27 Years,472,226,246,328,157,171,20,11,9,11,5,6,113,53,60
BROWN COUNTY,049,28 Years,441,206,235,288,127,161,28,17,11,12,5,7,113,57,56
BROWN COUNTY,049,29 Years,393,202,191,250,118,132,19,15,4,13,5,8,111,64,47
BROWN COUNTY,049,30 Years,351,181,170,225,116,109,16,10,6,13,7,6,97,48,49
BROWN COUNTY,049,31 Years,401,209,192,261,130,131,20,16,4,8,4,4,112,59,53
BROWN COUNTY,049,32 Years,384,197,187,263,133,130,17,14,3,7,4,3,97,46,51
BROWN COUNTY,049,33 Years,378,188,190,257,127,130,19,14,5,4,3,1,98,44,54
BROWN COUNTY,049,34 Years,391,206,185,260,134,126,20,11,9,6,3,3,105,58,47
BROWN COUNTY,049,35 Years,405,205,200,278,137,141,17,11,6,7,1,6,103,56,47
BROWN COUNTY,049,36 Years,427,221,206,286,152,134,19,10,9,8,4,4,114,55,59
BROWN COUNTY,049,37 Years,402,209,193,279,147,132,14,10,4,5,3,2,104,49,55
BROWN COUNTY,049,38 Years,403,205,198,279,138,141,14,10,4,6,3,3,104,54,50
BROWN COUNTY,049,39 Years,410,199,211,264,120,144,22,18,4,12,7,5,112,54,58
BROWN COUNTY,049,40 Years,412,206,206,269,123,146,18,13,5,13,8,5,112,62,50
BROWN COUNTY,049,41 Years,419,210,209,289,139,150,15,11,4,11,5,6,104,55,49
BROWN COUNTY,049,42 Years,435,226,209,310,162,148,16,10,6,13,5,8,96,49,47
BROWN COUNTY,049,43 Years,470,230,240,345,167,178,17,12,5,7,3,4,101,48,53
BROWN COUNTY,049,44 Years,463,226,237,342,174,168,17,10,7,5,2,3,99,40,59
BROWN COUNTY,049,45 Years,466,249,217,355,187,168,18,13,5,8,5,3,85,44,41
BROWN COUNTY,049,46 Years,446,235,211,321,167,154,24,15,9,14,8,6,87,45,42
BROWN COUNTY,049,47 Years,432,228,204,310,163,147,22,14,8,10,5,5,90,46,44
BROWN COUNTY,049,48 Years,421,209,212,309,155,154,13,6,7,7,5,2,92,43,49
BROWN COUNTY,049,49 Years,444,219,225,328,163,165,13,7,6,9,5,4,94,44,50
BROWN COUNTY,049,50 Years,479,237,242,359,178,181,11,6,5,13,6,7,96,47,49
BROWN COUNTY,049,51 Years,510,270,240,382,194,188,14,8,6,12,7,5,102,61,41
BROWN COUNTY,049,52 Years,558,270,288,428,195,233,15,7,8,11,8,3,104,60,44
BROWN COUNTY,049,53 Years,542,268,274,419,205,214,13,5,8,12,5,7,98,53,45
BROWN COUNTY,049,54 Years,545,274,271,417,200,217,22,16,6,9,3,6,97,55,42
BROWN COUNTY,049,55 Years,570,281,289,443,208,235,25,19,6,11,4,7,91,50,41
BROWN COUNTY,049,56 Years,545,281,264,426,218,208,24,14,10,9,4,5,86,45,41
BROWN COUNTY,049,57 Years,524,258,266,418,202,216,25,13,12,9,5,4,72,38,34
BROWN COUNTY,049,58 Years,548,261,287,438,203,235,26,14,12,9,3,6,75,41,34
BROWN COUNTY,049,59 Years,525,247,278,443,207,236,16,8,8,7,3,4,59,29,30
BROWN COUNTY,049,60 Years,514,241,273,429,199,230,17,10,7,11,4,7,57,28,29
BROWN COUNTY,049,61 Years,501,240,261,409,199,210,15,8,7,13,5,8,64,28,36
BROWN COUNTY,049,62 Years,502,239,263,416,197,219,13,5,8,9,5,4,64,32,32
BROWN COUNTY,049,63 Years,508,243,265,425,199,226,13,6,7,9,4,5,61,34,27
BROWN COUNTY,049,64 Years,508,237,271,436,202,234,8,5,3,6,3,3,58,27,31
BROWN COUNTY,049,65 Years,538,254,284,456,216,240,8,4,4,10,4,6,64,30,34
BROWN COUNTY,049,66 Years,570,283,287,493,245,248,6,2,4,12,7,5,59,29,30
BROWN COUNTY,049,67 Years,548,262,286,476,225,251,12,6,6,13,8,5,47,23,24
BROWN COUNTY,049,68 Years,557,276,281,490,240,250,11,5,6,10,4,6,46,27,19
BROWN COUNTY,049,69 Years,476,243,233,417,212,205,7,4,3,12,7,5,40,20,20
BROWN COUNTY,049,70 Years,447,213,234,394,191,203,10,4,6,12,6,6,31,12,19
BROWN COUNTY,049,71 Years,436,218,218,388,194,194,7,4,3,10,4,6,31,16,15
BROWN COUNTY,049,72 Years,418,208,210,367,185,182,9,3,6,8,4,4,34,16,18
BROWN COUNTY,049,73 Years,381,172,209,338,154,184,6,2,4,6,3,3,31,13,18
BROWN COUNTY,049,74 Years,362,161,201,324,141,183,6,4,2,4,3,1,28,13,15
BROWN COUNTY,049,75 Years,329,153,176,285,130,155,7,3,4,10,5,5,27,15,12
BROWN COUNTY,049,76 Years,290,131,159,255,115,140,6,2,4,6,3,3,23,11,12
BROWN COUNTY,049,77 Years,264,125,139,232,110,122,3,1,2,6,4,2,23,10,13
BROWN COUNTY,049,78 Years,250,120,130,225,109,116,4,2,2,4,1,3,17,8,9
BROWN COUNTY,049,79 Years,256,120,136,229,106,123,6,2,4,7,4,3,14,8,6
BROWN COUNTY,049,80 Years,223,101,122,195,88,107,5,2,3,4,2,2,19,9,10
BROWN COUNTY,049,81 Years,187,85,102,167,75,92,1,0,1,2,1,1,17,9,8
BROWN COUNTY,049,82 Years,177,80,97,153,69,84,4,2,2,3,1,2,17,8,9
BROWN COUNTY,049,83 Years,176,78,98,151,63,88,6,4,2,5,4,1,14,7,7
BROWN COUNTY,049,84 Years,157,60,97,139,52,87,2,1,1,2,1,1,14,6,8
BROWN COUNTY,049,85 Years +,834,316,518,754,281,473,15,4,11,14,6,8,51,25,26
BURLESON COUNTY,051,All Ages,18113,8949,9164,11722,5710,6012,2177,1041,1136,303,153,150,3911,2045,1866
BURLESON COUNTY,051,< 1 Year,202,95,107,88,39,49,22,11,11,8,4,4,84,41,43
BURLESON COUNTY,051,1 Years,190,93,97,84,40,44,22,11,11,5,2,3,79,40,39
BURLESON COUNTY,051,2 Years,186,93,93,78,38,40,21,11,10,4,3,1,83,41,42
BURLESON COUNTY,051,3 Years,183,95,88,84,44,40,20,8,12,5,3,2,74,40,34
BURLESON COUNTY,051,4 Years,197,105,92,87,44,43,20,11,9,5,3,2,85,47,38
BURLESON COUNTY,051,5 Years,202,109,93,96,53,43,19,8,11,7,3,4,80,45,35
BURLESON COUNTY,051,6 Years,208,116,92,108,62,46,17,10,7,13,5,8,70,39,31
BURLESON COUNTY,051,7 Years,244,131,113,128,68,60,21,11,10,12,6,6,83,46,37
BURLESON COUNTY,051,8 Years,241,125,116,118,58,60,25,15,10,7,5,2,91,47,44
BURLESON COUNTY,051,9 Years,232,116,116,112,54,58,26,13,13,8,6,2,86,43,43
BURLESON COUNTY,051,10 Years,248,124,124,119,59,60,36,16,20,9,6,3,84,43,41
BURLESON COUNTY,051,11 Years,257,139,118,122,70,52,43,19,24,5,3,2,87,47,40
BURLESON COUNTY,051,12 Years,228,114,114,114,57,57,34,17,17,5,1,4,75,39,36
BURLESON COUNTY,051,13 Years,233,118,115,130,65,65,26,12,14,3,1,2,74,40,34
BURLESON COUNTY,051,14 Years,254,128,126,137,65,72,33,17,16,3,1,2,81,45,36
BURLESON COUNTY,051,15 Years,247,124,123,138,65,73,32,17,15,6,2,4,71,40,31
BURLESON COUNTY,051,16 Years,235,123,112,125,64,61,38,17,21,5,3,2,67,39,28
BURLESON COUNTY,051,17 Years,242,115,127,132,57,75,34,17,17,6,5,1,70,36,34
BURLESON COUNTY,051,18 Years,245,127,118,139,70,69,33,19,14,8,6,2,65,32,33
BURLESON COUNTY,051,19 Years,230,133,97,123,72,51,29,16,13,6,4,2,72,41,31
BURLESON COUNTY,051,20 Years,225,117,108,121,62,59,38,17,21,4,2,2,62,36,26
BURLESON COUNTY,051,21 Years,199,105,94,113,57,56,32,18,14,3,1,2,51,29,22
BURLESON COUNTY,051,22 Years,202,98,104,104,53,51,34,12,22,4,2,2,60,31,29
BURLESON COUNTY,051,23 Years,209,101,108,120,61,59,33,12,21,3,2,1,53,26,27
BURLESON COUNTY,051,24 Years,204,96,108,120,54,66,30,13,17,4,3,1,50,26,24
BURLESON COUNTY,051,25 Years,193,99,94,105,48,57,28,16,12,5,2,3,55,33,22
BURLESON COUNTY,051,26 Years,169,92,77,94,53,41,22,10,12,1,0,1,52,29,23
BURLESON COUNTY,051,27 Years,173,79,94,108,50,58,22,8,14,2,1,1,41,20,21
BURLESON COUNTY,051,28 Years,173,85,88,103,51,52,27,13,14,2,1,1,41,20,21
BURLESON COUNTY,051,29 Years,181,94,87,105,55,50,19,9,10,3,1,2,54,29,25
BURLESON COUNTY,051,30 Years,177,91,86,99,48,51,22,11,11,1,0,1,55,32,23
BURLESON COUNTY,051,31 Years,159,82,77,94,43,51,16,10,6,0,0,0,49,29,20
BURLESON COUNTY,051,32 Years,158,75,83,87,44,43,21,11,10,2,0,2,48,20,28
BURLESON COUNTY,051,33 Years,183,91,92,116,61,55,22,9,13,2,1,1,43,20,23
BURLESON COUNTY,051,34 Years,196,103,93,122,67,55,24,10,14,2,2,0,48,24,24
BURLESON COUNTY,051,35 Years,182,87,95,102,48,54,23,13,10,3,2,1,54,24,30
BURLESON COUNTY,051,36 Years,165,76,89,97,45,52,20,9,11,2,2,0,46,20,26
BURLESON COUNTY,051,37 Years,159,81,78,92,52,40,21,9,12,3,1,2,43,19,24
BURLESON COUNTY,051,38 Years,170,86,84,100,56,44,21,7,14,6,2,4,43,21,22
BURLESON COUNTY,051,39 Years,176,85,91,101,50,51,21,9,12,3,1,2,51,25,26
BURLESON COUNTY,051,40 Years,192,97,95,110,56,54,26,12,14,2,1,1,54,28,26
BURLESON COUNTY,051,41 Years,184,89,95,105,52,53,29,13,16,3,2,1,47,22,25
BURLESON COUNTY,051,42 Years,205,95,110,126,57,69,27,12,15,4,2,2,48,24,24
BURLESON COUNTY,051,43 Years,212,110,102,138,69,69,29,17,12,1,1,0,44,23,21
BURLESON COUNTY,051,44 Years,213,121,92,145,83,62,24,11,13,1,1,0,43,26,17
BURLESON COUNTY,051,45 Years,230,115,115,157,81,76,22,9,13,2,0,2,49,25,24
BURLESON COUNTY,051,46 Years,225,109,116,154,75,79,27,12,15,1,1,0,43,21,22
BURLESON COUNTY,051,47 Years,253,134,119,168,84,84,38,22,16,1,0,1,46,28,18
BURLESON COUNTY,051,48 Years,240,114,126,162,75,87,30,15,15,3,1,2,45,23,22
BURLESON COUNTY,051,49 Years,257,126,131,180,87,93,23,14,9,5,3,2,49,22,27
BURLESON COUNTY,051,50 Years,245,121,124,178,83,95,17,10,7,2,1,1,48,27,21
BURLESON COUNTY,051,51 Years,265,136,129,191,97,94,30,15,15,1,0,1,43,24,19
BURLESON COUNTY,051,52 Years,294,145,149,203,97,106,36,19,17,5,2,3,50,27,23
BURLESON COUNTY,051,53 Years,269,130,139,190,84,106,30,20,10,4,1,3,45,25,20
BURLESON COUNTY,051,54 Years,271,133,138,200,92,108,24,16,8,4,2,2,43,23,20
BURLESON COUNTY,051,55 Years,292,144,148,220,109,111,25,14,11,4,1,3,43,20,23
BURLESON COUNTY,051,56 Years,288,138,150,216,98,118,28,18,10,6,3,3,38,19,19
BURLESON COUNTY,051,57 Years,301,144,157,229,102,127,38,21,17,1,1,0,33,20,13
BURLESON COUNTY,051,58 Years,296,138,158,222,104,118,40,17,23,2,1,1,32,16,16
BURLESON COUNTY,051,59 Years,288,129,159,228,110,118,27,5,22,2,1,1,31,13,18
BURLESON COUNTY,051,60 Years,280,129,151,226,104,122,27,10,17,1,0,1,26,15,11
BURLESON COUNTY,051,61 Years,279,129,150,211,95,116,34,18,16,5,2,3,29,14,15
BURLESON COUNTY,051,62 Years,269,142,127,203,107,96,36,21,15,4,1,3,26,13,13
BURLESON COUNTY,051,63 Years,236,113,123,181,88,93,30,15,15,2,1,1,23,9,14
BURLESON COUNTY,051,64 Years,254,128,126,180,92,88,38,19,19,4,2,2,32,15,17
BURLESON COUNTY,051,65 Years,257,124,133,186,92,94,39,17,22,5,1,4,27,14,13
BURLESON COUNTY,051,66 Years,242,120,122,180,89,91,34,14,20,5,1,4,23,16,7
BURLESON COUNTY,051,67 Years,231,113,118,177,88,89,31,12,19,2,0,2,21,13,8
BURLESON COUNTY,051,68 Years,243,118,125,188,92,96,24,10,14,5,2,3,26,14,12
BURLESON COUNTY,051,69 Years,214,108,106,164,87,77,16,7,9,2,0,2,32,14,18
BURLESON COUNTY,051,70 Years,191,105,86,148,83,65,19,11,8,3,2,1,21,9,12
BURLESON COUNTY,051,71 Years,190,99,91,154,79,75,15,8,7,4,2,2,17,10,7
BURLESON COUNTY,051,72 Years,164,83,81,131,65,66,16,9,7,3,1,2,14,8,6
BURLESON COUNTY,051,73 Years,141,75,66,113,61,52,11,3,8,2,2,0,15,9,6
BURLESON COUNTY,051,74 Years,140,62,78,114,49,65,12,3,9,4,4,0,10,6,4
BURLESON COUNTY,051,75 Years,142,70,72,111,51,60,18,9,9,1,1,0,12,9,3
BURLESON COUNTY,051,76 Years,142,66,76,109,49,60,16,8,8,2,1,1,15,8,7
BURLESON COUNTY,051,77 Years,117,53,64,96,45,51,11,4,7,0,0,0,10,4,6
BURLESON COUNTY,051,78 Years,118,55,63,99,51,48,11,3,8,0,0,0,8,1,7
BURLESON COUNTY,051,79 Years,116,54,62,94,44,50,12,6,6,1,1,0,9,3,6
BURLESON COUNTY,051,80 Years,99,43,56,75,31,44,15,6,9,0,0,0,9,6,3
BURLESON COUNTY,051,81 Years,106,44,62,85,35,50,12,6,6,0,0,0,9,3,6
BURLESON COUNTY,051,82 Years,95,41,54,70,29,41,12,5,7,1,1,0,12,6,6
BURLESON COUNTY,051,83 Years,90,37,53,71,31,40,9,2,7,1,1,0,9,3,6
BURLESON COUNTY,051,84 Years,84,39,45,69,33,36,8,2,6,1,1,0,6,3,3
BURLESON COUNTY,051,85 Years +,496,185,311,400,143,257,54,19,35,6,3,3,36,20,16
BURNET COUNTY,053,All Ages,45616,22337,23279,33480,16087,17393,729,390,339,986,447,539,10421,5413,5008
BURNET COUNTY,053,< 1 Year,521,270,251,271,143,128,3,2,1,21,9,12,226,116,110
BURNET COUNTY,053,1 Years,507,260,247,269,141,128,5,3,2,18,8,10,215,108,107
BURNET COUNTY,053,2 Years,483,254,229,267,140,127,5,3,2,17,7,10,194,104,90
BURNET COUNTY,053,3 Years,485,249,236,269,141,128,4,2,2,19,8,11,193,98,95
BURNET COUNTY,053,4 Years,489,250,239,264,132,132,3,2,1,21,10,11,201,106,95
BURNET COUNTY,053,5 Years,513,285,228,277,158,119,5,4,1,16,8,8,215,115,100
BURNET COUNTY,053,6 Years,490,265,225,263,142,121,8,5,3,11,6,5,208,112,96
BURNET COUNTY,053,7 Years,498,274,224,284,156,128,7,5,2,14,7,7,193,106,87
BURNET COUNTY,053,8 Years,508,273,235,283,158,125,9,4,5,15,8,7,201,103,98
BURNET COUNTY,053,9 Years,536,275,261,303,158,145,11,4,7,17,9,8,205,104,101
BURNET COUNTY,053,10 Years,569,292,277,330,169,161,7,3,4,19,10,9,213,110,103
BURNET COUNTY,053,11 Years,574,284,290,329,164,165,7,4,3,16,5,11,222,111,111
BURNET COUNTY,053,12 Years,594,293,301,351,176,175,8,5,3,18,7,11,217,105,112
BURNET COUNTY,053,13 Years,638,318,320,385,192,193,10,4,6,21,9,12,222,113,109
BURNET COUNTY,053,14 Years,614,313,301,369,186,183,13,7,6,24,13,11,208,107,101
BURNET COUNTY,053,15 Years,628,326,302,388,201,187,19,10,9,17,10,7,204,105,99
BURNET COUNTY,053,16 Years,652,324,328,398,197,201,16,10,6,18,8,10,220,109,111
BURNET COUNTY,053,17 Years,635,303,332,375,179,196,11,8,3,16,8,8,233,108,125
BURNET COUNTY,053,18 Years,596,297,299,366,183,183,9,6,3,16,8,8,205,100,105
BURNET COUNTY,053,19 Years,556,292,264,345,182,163,12,7,5,15,8,7,184,95,89
BURNET COUNTY,053,20 Years,517,267,250,316,156,160,10,6,4,13,6,7,178,99,79
BURNET COUNTY,053,21 Years,503,248,255,302,144,158,12,6,6,13,6,7,176,92,84
BURNET COUNTY,053,22 Years,555,279,276,348,169,179,15,8,7,14,8,6,178,94,84
BURNET COUNTY,053,23 Years,531,274,257,323,165,158,16,10,6,16,7,9,176,92,84
BURNET COUNTY,053,24 Years,463,239,224,248,113,135,19,12,7,14,8,6,182,106,76
BURNET COUNTY,053,25 Years,457,260,197,253,138,115,17,11,6,11,5,6,176,106,70
BURNET COUNTY,053,26 Years,409,217,192,234,123,111,10,7,3,8,3,5,157,84,73
BURNET COUNTY,053,27 Years,381,200,181,220,107,113,19,15,4,5,1,4,137,77,60
BURNET COUNTY,053,28 Years,377,189,188,224,104,120,9,6,3,10,3,7,134,76,58
BURNET COUNTY,053,29 Years,391,196,195,233,109,124,13,8,5,8,2,6,137,77,60
BURNET COUNTY,053,30 Years,396,206,190,222,113,109,20,10,10,8,4,4,146,79,67
BURNET COUNTY,053,31 Years,429,206,223,254,115,139,15,7,8,9,4,5,151,80,71
BURNET COUNTY,053,32 Years,436,197,239,255,114,141,18,9,9,8,3,5,155,71,84
BURNET COUNTY,053,33 Years,445,223,222,280,135,145,14,9,5,7,5,2,144,74,70
BURNET COUNTY,053,34 Years,493,243,250,327,155,172,13,7,6,11,5,6,142,76,66
BURNET COUNTY,053,35 Years,499,242,257,324,148,176,16,9,7,5,2,3,154,83,71
BURNET COUNTY,053,36 Years,477,229,248,305,142,163,18,11,7,8,3,5,146,73,73
BURNET COUNTY,053,37 Years,455,208,247,285,135,150,15,10,5,9,4,5,146,59,87
BURNET COUNTY,053,38 Years,429,193,236,277,124,153,15,9,6,7,3,4,130,57,73
BURNET COUNTY,053,39 Years,476,247,229,320,161,159,14,10,4,12,6,6,130,70,60
BURNET COUNTY,053,40 Years,456,232,224,314,150,164,13,8,5,7,4,3,122,70,52
BURNET COUNTY,053,41 Years,465,237,228,320,163,157,7,4,3,8,4,4,130,66,64
BURNET COUNTY,053,42 Years,518,256,262,365,184,181,9,3,6,7,3,4,137,66,71
BURNET COUNTY,053,43 Years,566,286,280,401,203,198,9,3,6,12,7,5,144,73,71
BURNET COUNTY,053,44 Years,563,269,294,411,193,218,14,6,8,9,3,6,129,67,62
BURNET COUNTY,053,45 Years,533,260,273,403,193,210,9,3,6,13,3,10,108,61,47
BURNET COUNTY,053,46 Years,525,264,261,391,187,204,11,5,6,9,4,5,114,68,46
BURNET COUNTY,053,47 Years,526,264,262,373,179,194,9,6,3,10,4,6,134,75,59
BURNET COUNTY,053,48 Years,496,244,252,351,164,187,9,4,5,11,5,6,125,71,54
BURNET COUNTY,053,49 Years,513,247,266,387,180,207,6,3,3,11,4,7,109,60,49
BURNET COUNTY,053,50 Years,608,287,321,476,225,251,10,4,6,12,5,7,110,53,57
BURNET COUNTY,053,51 Years,659,309,350,517,240,277,12,7,5,12,6,6,118,56,62
BURNET COUNTY,053,52 Years,666,307,359,531,239,292,10,4,6,12,4,8,113,60,53
BURNET COUNTY,053,53 Years,684,314,370,547,245,302,7,2,5,17,6,11,113,61,52
BURNET COUNTY,053,54 Years,728,339,389,594,278,316,11,3,8,14,6,8,109,52,57
BURNET COUNTY,053,55 Years,730,358,372,594,295,299,11,3,8,16,8,8,109,52,57
BURNET COUNTY,053,56 Years,687,321,366,575,262,313,7,4,3,16,9,7,89,46,43
BURNET COUNTY,053,57 Years,751,350,401,642,297,345,4,3,1,14,5,9,91,45,46
BURNET COUNTY,053,58 Years,712,326,386,608,277,331,4,2,2,13,3,10,87,44,43
BURNET COUNTY,053,59 Years,712,327,385,614,275,339,6,5,1,12,6,6,80,41,39
BURNET COUNTY,053,60 Years,691,321,370,599,271,328,5,3,2,13,7,6,74,40,34
BURNET COUNTY,053,61 Years,681,336,345,594,284,310,4,3,1,14,8,6,69,41,28
BURNET COUNTY,053,62 Years,708,328,380,630,289,341,2,1,1,13,5,8,63,33,30
BURNET COUNTY,053,63 Years,691,316,375,617,279,338,5,1,4,11,3,8,58,33,25
BURNET COUNTY,053,64 Years,705,317,388,625,275,350,5,2,3,11,6,5,64,34,30
BURNET COUNTY,053,65 Years,696,336,360,631,303,328,4,2,2,12,5,7,49,26,23
BURNET COUNTY,053,66 Years,734,358,376,677,329,348,2,2,0,8,3,5,47,24,23
BURNET COUNTY,053,67 Years,751,355,396,686,318,368,3,2,1,11,7,4,51,28,23
BURNET COUNTY,053,68 Years,742,361,381,667,323,344,3,0,3,17,9,8,55,29,26
BURNET COUNTY,053,69 Years,602,311,291,539,278,261,5,0,5,8,3,5,50,30,20
BURNET COUNTY,053,70 Years,567,298,269,520,272,248,4,1,3,6,3,3,37,22,15
BURNET COUNTY,053,71 Years,552,274,278,508,253,255,6,2,4,8,4,4,30,15,15
BURNET COUNTY,053,72 Years,540,270,270,497,246,251,3,1,2,10,7,3,30,16,14
BURNET COUNTY,053,73 Years,466,234,232,434,220,214,3,2,1,5,2,3,24,10,14
BURNET COUNTY,053,74 Years,407,193,214,384,185,199,2,1,1,5,2,3,16,5,11
BURNET COUNTY,053,75 Years,385,172,213,357,162,195,2,0,2,5,3,2,21,7,14
BURNET COUNTY,053,76 Years,384,167,217,356,158,198,4,0,4,4,1,3,20,8,12
BURNET COUNTY,053,77 Years,358,167,191,339,158,181,1,0,1,3,1,2,15,8,7
BURNET COUNTY,053,78 Years,323,160,163,300,148,152,2,2,0,4,2,2,17,8,9
BURNET COUNTY,053,79 Years,273,143,130,252,133,119,3,1,2,4,2,2,14,7,7
BURNET COUNTY,053,80 Years,277,124,153,257,117,140,2,0,2,5,2,3,13,5,8
BURNET COUNTY,053,81 Years,250,109,141,232,103,129,2,0,2,4,1,3,12,5,7
BURNET COUNTY,053,82 Years,236,109,127,220,102,118,1,0,1,4,1,3,11,6,5
BURNET COUNTY,053,83 Years,208,100,108,195,94,101,0,0,0,3,1,2,10,5,5
BURNET COUNTY,053,84 Years,175,80,95,162,73,89,0,0,0,3,1,2,10,6,4
BURNET COUNTY,053,85 Years +,911,341,570,852,317,535,8,4,4,15,5,10,36,15,21
CALDWELL COUNTY,055,All Ages,40031,20091,19940,16396,8109,8287,2500,1303,1197,918,466,452,20217,10213,10004
CALDWELL COUNTY,055,< 1 Year,499,259,240,134,69,65,15,6,9,18,12,6,332,172,160
CALDWELL COUNTY,055,1 Years,480,247,233,128,66,62,11,6,5,17,11,6,324,164,160
CALDWELL COUNTY,055,2 Years,459,240,219,121,66,55,13,7,6,13,7,6,312,160,152
CALDWELL COUNTY,055,3 Years,453,236,217,125,66,59,13,7,6,11,5,6,304,158,146
CALDWELL COUNTY,055,4 Years,469,242,227,129,66,63,16,10,6,7,1,6,317,165,152
CALDWELL COUNTY,055,5 Years,471,224,247,127,62,65,18,11,7,11,7,4,315,144,171
CALDWELL COUNTY,055,6 Years,495,243,252,141,71,70,22,11,11,13,7,6,319,154,165
CALDWELL COUNTY,055,7 Years,558,285,273,150,77,73,27,13,14,12,5,7,369,190,179
CALDWELL COUNTY,055,8 Years,529,271,258,137,73,64,22,11,11,14,7,7,356,180,176
CALDWELL COUNTY,055,9 Years,534,281,253,142,78,64,24,14,10,10,2,8,358,187,171
CALDWELL COUNTY,055,10 Years,576,309,267,144,80,64,24,12,12,11,4,7,397,213,184
CALDWELL COUNTY,055,11 Years,556,281,275,143,78,65,23,9,14,10,3,7,380,191,189
CALDWELL COUNTY,055,12 Years,546,283,263,141,80,61,17,9,8,16,5,11,372,189,183
CALDWELL COUNTY,055,13 Years,571,281,290,136,65,71,27,11,16,17,9,8,391,196,195
CALDWELL COUNTY,055,14 Years,594,299,295,157,82,75,37,20,17,17,5,12,383,192,191
CALDWELL COUNTY,055,15 Years,591,293,298,160,77,83,30,18,12,18,5,13,383,193,190
CALDWELL COUNTY,055,16 Years,583,318,265,160,90,70,32,19,13,19,8,11,372,201,171
CALDWELL COUNTY,055,17 Years,596,345,251,185,105,80,37,23,14,27,17,10,347,200,147
CALDWELL COUNTY,055,18 Years,616,351,265,181,100,81,48,28,20,30,19,11,357,204,153
CALDWELL COUNTY,055,19 Years,603,320,283,160,83,77,40,22,18,27,12,15,376,203,173
CALDWELL COUNTY,055,20 Years,631,331,300,159,85,74,37,16,21,37,21,16,398,209,189
CALDWELL COUNTY,055,21 Years,662,360,302,181,96,85,47,25,22,30,18,12,404,221,183
CALDWELL COUNTY,055,22 Years,733,394,339,207,98,109,59,31,28,30,19,11,437,246,191
CALDWELL COUNTY,055,23 Years,749,428,321,221,121,100,64,38,26,31,21,10,433,248,185
CALDWELL COUNTY,055,24 Years,737,418,319,249,142,107,65,33,32,31,17,14,392,226,166
CALDWELL COUNTY,055,25 Years,750,424,326,276,156,120,76,50,26,31,18,13,367,200,167
CALDWELL COUNTY,055,26 Years,670,379,291,258,148,110,61,38,23,23,13,10,328,180,148
CALDWELL COUNTY,055,27 Years,619,339,280,224,109,115,48,33,15,19,11,8,328,186,142
CALDWELL COUNTY,055,28 Years,579,325,254,206,112,94,47,30,17,16,10,6,310,173,137
CALDWELL COUNTY,055,29 Years,491,264,227,173,95,78,41,26,15,12,8,4,265,135,130
CALDWELL COUNTY,055,30 Years,472,240,232,180,97,83,36,26,10,13,7,6,243,110,133
CALDWELL COUNTY,055,31 Years,436,216,220,169,88,81,35,20,15,11,6,5,221,102,119
CALDWELL COUNTY,055,32 Years,458,229,229,172,86,86,38,24,14,9,4,5,239,115,124
CALDWELL COUNTY,055,33 Years,463,227,236,179,88,91,28,15,13,8,4,4,248,120,128
CALDWELL COUNTY,055,34 Years,499,254,245,214,104,110,34,21,13,6,5,1,245,124,121
CALDWELL COUNTY,055,35 Years,520,244,276,227,102,125,41,18,23,7,4,3,245,120,125
CALDWELL COUNTY,055,36 Years,523,246,277,212,97,115,39,19,20,6,2,4,266,128,138
CALDWELL COUNTY,055,37 Years,491,224,267,205,89,116,27,11,16,7,2,5,252,122,130
CALDWELL COUNTY,055,38 Years,463,224,239,185,95,90,30,18,12,5,1,4,243,110,133
CALDWELL COUNTY,055,39 Years,472,223,249,174,85,89,24,12,12,4,3,1,270,123,147
CALDWELL COUNTY,055,40 Years,471,237,234,177,93,84,20,12,8,8,5,3,266,127,139
CALDWELL COUNTY,055,41 Years,491,245,246,177,94,83,28,14,14,10,5,5,276,132,144
CALDWELL COUNTY,055,42 Years,503,250,253,201,100,101,32,14,18,5,3,2,265,133,132
CALDWELL COUNTY,055,43 Years,515,255,260,229,113,116,29,18,11,7,2,5,250,122,128
CALDWELL COUNTY,055,44 Years,532,250,282,241,115,126,32,17,15,8,3,5,251,115,136
CALDWELL COUNTY,055,45 Years,515,242,273,231,106,125,27,14,13,10,4,6,247,118,129
CALDWELL COUNTY,055,46 Years,464,226,238,200,94,106,29,16,13,7,5,2,228,111,117
CALDWELL COUNTY,055,47 Years,483,236,247,206,99,107,27,15,12,9,6,3,241,116,125
CALDWELL COUNTY,055,48 Years,478,234,244,207,103,104,28,17,11,9,5,4,234,109,125
CALDWELL COUNTY,055,49 Years,509,265,244,222,116,106,27,13,14,9,6,3,251,130,121
CALDWELL COUNTY,055,50 Years,528,265,263,235,110,125,32,17,15,4,3,1,257,135,122
CALDWELL COUNTY,055,51 Years,516,262,254,230,116,114,42,21,21,5,3,2,239,122,117
CALDWELL COUNTY,055,52 Years,513,260,253,245,122,123,44,19,25,6,4,2,218,115,103
CALDWELL COUNTY,055,53 Years,493,242,251,238,118,120,50,23,27,12,5,7,193,96,97
CALDWELL COUNTY,055,54 Years,504,235,269,262,125,137,40,17,23,11,2,9,191,91,100
CALDWELL COUNTY,055,55 Years,569,290,279,307,161,146,40,21,19,9,2,7,213,106,107
CALDWELL COUNTY,055,56 Years,518,256,262,278,139,139,41,22,19,7,2,5,192,93,99
CALDWELL COUNTY,055,57 Years,504,249,255,266,134,132,42,18,24,10,5,5,186,92,94
CALDWELL COUNTY,055,58 Years,501,243,258,283,138,145,34,16,18,8,4,4,176,85,91
CALDWELL COUNTY,055,59 Years,528,241,287,294,132,162,36,15,21,11,5,6,187,89,98
CALDWELL COUNTY,055,60 Years,495,224,271,268,123,145,29,14,15,7,4,3,191,83,108
CALDWELL COUNTY,055,61 Years,475,223,252,260,125,135,23,11,12,8,4,4,184,83,101
CALDWELL COUNTY,055,62 Years,415,200,215,229,108,121,20,10,10,5,2,3,161,80,81
CALDWELL COUNTY,055,63 Years,421,214,207,252,134,118,22,8,14,4,1,3,143,71,72
CALDWELL COUNTY,055,64 Years,422,214,208,250,132,118,29,10,19,4,3,1,139,69,70
CALDWELL COUNTY,055,65 Years,398,196,202,239,116,123,22,12,10,7,3,4,130,65,65
CALDWELL COUNTY,055,66 Years,378,183,195,224,108,116,19,11,8,5,2,3,130,62,68
CALDWELL COUNTY,055,67 Years,384,191,193,227,108,119,20,12,8,7,2,5,130,69,61
CALDWELL COUNTY,055,68 Years,373,179,194,234,116,118,18,9,9,3,1,2,118,53,65
CALDWELL COUNTY,055,69 Years,321,148,173,188,90,98,17,8,9,1,0,1,115,50,65
CALDWELL COUNTY,055,70 Years,292,129,163,174,77,97,17,7,10,1,0,1,100,45,55
CALDWELL COUNTY,055,71 Years,312,142,170,195,86,109,15,5,10,4,1,3,98,50,48
CALDWELL COUNTY,055,72 Years,303,127,176,188,80,108,16,2,14,4,1,3,95,44,51
CALDWELL COUNTY,055,73 Years,243,103,140,149,64,85,15,4,11,6,3,3,73,32,41
CALDWELL COUNTY,055,74 Years,227,106,121,144,67,77,13,8,5,3,2,1,67,29,38
CALDWELL COUNTY,055,75 Years,217,107,110,139,66,73,15,10,5,3,2,1,60,29,31
CALDWELL COUNTY,055,76 Years,210,96,114,133,63,70,14,9,5,3,2,1,60,22,38
CALDWELL COUNTY,055,77 Years,191,79,112,123,55,68,14,5,9,1,1,0,53,18,35
CALDWELL COUNTY,055,78 Years,161,68,93,97,43,54,11,3,8,3,1,2,50,21,29
CALDWELL COUNTY,055,79 Years,165,71,94,105,46,59,9,3,6,3,0,3,48,22,26
CALDWELL COUNTY,055,80 Years,174,83,91,109,50,59,12,4,8,2,1,1,51,28,23
CALDWELL COUNTY,055,81 Years,141,64,77,89,39,50,11,5,6,2,0,2,39,20,19
CALDWELL COUNTY,055,82 Years,126,52,74,85,35,50,9,5,4,5,1,4,27,11,16
CALDWELL COUNTY,055,83 Years,127,54,73,88,38,50,8,4,4,2,1,1,29,11,18
CALDWELL COUNTY,055,84 Years,117,47,70,78,30,48,10,5,5,1,1,0,28,11,17
CALDWELL COUNTY,055,85 Years +,611,211,400,428,155,273,39,9,30,5,3,2,139,44,95
CALHOUN COUNTY,057,All Ages,21452,10833,10619,9022,4530,4492,495,256,239,1264,698,566,10671,5349,5322
CALHOUN COUNTY,057,< 1 Year,291,150,141,91,49,42,4,3,1,24,12,12,172,86,86
CALHOUN COUNTY,057,1 Years,287,146,141,88,45,43,3,3,0,25,13,12,171,85,86
CALHOUN COUNTY,057,2 Years,274,136,138,81,40,41,3,1,2,24,14,10,166,81,85
CALHOUN COUNTY,057,3 Years,270,129,141,81,39,42,3,1,2,21,12,9,165,77,88
CALHOUN COUNTY,057,4 Years,273,134,139,80,40,40,3,1,2,20,12,8,170,81,89
CALHOUN COUNTY,057,5 Years,322,162,160,95,49,46,3,0,3,20,10,10,204,103,101
CALHOUN COUNTY,057,6 Years,294,151,143,70,32,38,7,4,3,19,9,10,198,106,92
CALHOUN COUNTY,057,7 Years,310,163,147,70,34,36,7,4,3,18,9,9,215,116,99
CALHOUN COUNTY,057,8 Years,310,156,154,79,39,40,6,2,4,15,7,8,210,108,102
CALHOUN COUNTY,057,9 Years,315,159,156,83,46,37,5,0,5,20,9,11,207,104,103
CALHOUN COUNTY,057,10 Years,299,150,149,76,37,39,3,1,2,25,12,13,195,100,95
CALHOUN COUNTY,057,11 Years,320,163,157,83,39,44,7,4,3,23,10,13,207,110,97
CALHOUN COUNTY,057,12 Years,316,168,148,88,50,38,8,5,3,24,8,16,196,105,91
CALHOUN COUNTY,057,13 Years,297,156,141,85,49,36,6,3,3,15,5,10,191,99,92
CALHOUN COUNTY,057,14 Years,297,152,145,78,40,38,4,2,2,12,5,7,203,105,98
CALHOUN COUNTY,057,15 Years,319,159,160,73,41,32,7,3,4,15,6,9,224,109,115
CALHOUN COUNTY,057,16 Years,330,182,148,85,48,37,8,5,3,16,9,7,221,120,101
CALHOUN COUNTY,057,17 Years,324,169,155,81,41,40,5,4,1,13,6,7,225,118,107
CALHOUN COUNTY,057,18 Years,330,170,160,96,51,45,5,2,3,20,10,10,209,107,102
CALHOUN COUNTY,057,19 Years,292,142,150,94,43,51,6,3,3,20,9,11,172,87,85
CALHOUN COUNTY,057,20 Years,275,151,124,78,42,36,5,3,2,20,14,6,172,92,80
CALHOUN COUNTY,057,21 Years,304,159,145,91,43,48,6,2,4,22,17,5,185,97,88
CALHOUN COUNTY,057,22 Years,310,165,145,94,47,47,8,3,5,25,16,9,183,99,84
CALHOUN COUNTY,057,23 Years,298,155,143,103,50,53,8,5,3,21,13,8,166,87,79
CALHOUN COUNTY,057,24 Years,281,134,147,96,45,51,8,3,5,16,9,7,161,77,84
CALHOUN COUNTY,057,25 Years,232,115,117,73,38,35,7,3,4,12,8,4,140,66,74
CALHOUN COUNTY,057,26 Years,249,135,114,100,54,46,1,0,1,10,8,2,138,73,65
CALHOUN COUNTY,057,27 Years,237,129,108,78,42,36,4,2,2,10,8,2,145,77,68
CALHOUN COUNTY,057,28 Years,222,122,100,77,44,33,6,2,4,10,7,3,129,69,60
CALHOUN COUNTY,057,29 Years,229,117,112,73,39,34,7,4,3,13,8,5,136,66,70
CALHOUN COUNTY,057,30 Years,239,125,114,74,43,31,5,3,2,13,7,6,147,72,75
CALHOUN COUNTY,057,31 Years,234,123,111,78,46,32,4,1,3,14,8,6,138,68,70
CALHOUN COUNTY,057,32 Years,239,113,126,80,30,50,3,3,0,18,11,7,138,69,69
CALHOUN COUNTY,057,33 Years,281,126,155,85,31,54,1,1,0,16,11,5,179,83,96
CALHOUN COUNTY,057,34 Years,279,139,140,94,46,48,5,3,2,12,8,4,168,82,86
CALHOUN COUNTY,057,35 Years,267,132,135,90,36,54,3,1,2,14,9,5,160,86,74
CALHOUN COUNTY,057,36 Years,240,116,124,77,41,36,4,1,3,12,6,6,147,68,79
CALHOUN COUNTY,057,37 Years,238,124,114,79,49,30,4,2,2,11,8,3,144,65,79
CALHOUN COUNTY,057,38 Years,230,118,112,85,51,34,3,2,1,11,5,6,131,60,71
CALHOUN COUNTY,057,39 Years,227,122,105,74,43,31,5,3,2,14,6,8,134,70,64
CALHOUN COUNTY,057,40 Years,223,113,110,69,34,35,6,3,3,11,3,8,137,73,64
CALHOUN COUNTY,057,41 Years,215,108,107,79,32,47,10,7,3,8,4,4,118,65,53
CALHOUN COUNTY,057,42 Years,224,109,115,82,39,43,8,3,5,6,3,3,128,64,64
CALHOUN COUNTY,057,43 Years,227,107,120,84,39,45,5,4,1,9,5,4,129,59,70
CALHOUN COUNTY,057,44 Years,237,114,123,98,47,51,7,4,3,11,6,5,121,57,64
CALHOUN COUNTY,057,45 Years,261,130,131,113,58,55,8,4,4,16,7,9,124,61,63
CALHOUN COUNTY,057,46 Years,251,124,127,116,55,61,7,3,4,12,5,7,116,61,55
CALHOUN COUNTY,057,47 Years,235,119,116,104,52,52,6,4,2,12,5,7,113,58,55
CALHOUN COUNTY,057,48 Years,254,123,131,105,48,57,6,4,2,18,7,11,125,64,61
CALHOUN COUNTY,057,49 Years,261,127,134,115,54,61,4,1,3,19,9,10,123,63,60
CALHOUN COUNTY,057,50 Years,299,155,144,140,75,65,10,5,5,14,8,6,135,67,68
CALHOUN COUNTY,057,51 Years,283,152,131,140,80,60,6,4,2,15,10,5,122,58,64
CALHOUN COUNTY,057,52 Years,307,160,147,147,75,72,9,5,4,20,12,8,131,68,63
CALHOUN COUNTY,057,53 Years,293,149,144,146,74,72,9,5,4,17,10,7,121,60,61
CALHOUN COUNTY,057,54 Years,282,140,142,149,75,74,6,2,4,23,10,13,104,53,51
CALHOUN COUNTY,057,55 Years,302,158,144,163,85,78,8,4,4,25,12,13,106,57,49
CALHOUN COUNTY,057,56 Years,304,156,148,159,77,82,8,4,4,20,13,7,117,62,55
CALHOUN COUNTY,057,57 Years,299,154,145,164,82,82,9,5,4,22,14,8,104,53,51
CALHOUN COUNTY,057,58 Years,295,151,144,174,89,85,10,6,4,23,13,10,88,43,45
CALHOUN COUNTY,057,59 Years,289,138,151,169,80,89,9,5,4,18,12,6,93,41,52
CALHOUN COUNTY,057,60 Years,295,151,144,171,86,85,12,6,6,11,8,3,101,51,50
CALHOUN COUNTY,057,61 Years,270,139,131,160,85,75,8,3,5,19,10,9,83,41,42
CALHOUN COUNTY,057,62 Years,270,143,127,153,82,71,8,5,3,23,11,12,86,45,41
CALHOUN COUNTY,057,63 Years,270,144,126,149,76,73,10,8,2,18,9,9,93,51,42
CALHOUN COUNTY,057,64 Years,230,118,112,128,63,65,4,4,0,19,13,6,79,38,41
CALHOUN COUNTY,057,65 Years,223,116,107,122,63,59,6,3,3,23,16,7,72,34,38
CALHOUN COUNTY,057,66 Years,240,121,119,142,70,72,9,3,6,19,10,9,70,38,32
CALHOUN COUNTY,057,67 Years,244,116,128,156,76,80,5,1,4,13,8,5,70,31,39
CALHOUN COUNTY,057,68 Years,227,113,114,151,78,73,3,2,1,9,6,3,64,27,37
CALHOUN COUNTY,057,69 Years,196,104,92,132,71,61,4,4,0,7,6,1,53,23,30
CALHOUN COUNTY,057,70 Years,191,102,89,128,68,60,4,2,2,8,8,0,51,24,27
CALHOUN COUNTY,057,71 Years,195,100,95,135,71,64,4,2,2,6,6,0,50,21,29
CALHOUN COUNTY,057,72 Years,204,101,103,144,73,71,4,2,2,8,5,3,48,21,27
CALHOUN COUNTY,057,73 Years,180,83,97,128,60,68,4,2,2,6,2,4,42,19,23
CALHOUN COUNTY,057,74 Years,157,71,86,109,46,63,5,2,3,6,4,2,37,19,18
CALHOUN COUNTY,057,75 Years,139,66,73,99,47,52,6,3,3,6,3,3,28,13,15
CALHOUN COUNTY,057,76 Years,133,64,69,88,46,42,5,2,3,6,3,3,34,13,21
CALHOUN COUNTY,057,77 Years,128,61,67,86,43,43,5,3,2,3,2,1,34,13,21
CALHOUN COUNTY,057,78 Years,131,62,69,86,42,44,7,4,3,7,4,3,31,12,19
CALHOUN COUNTY,057,79 Years,120,61,59,83,42,41,5,4,1,6,4,2,26,11,15
CALHOUN COUNTY,057,80 Years,107,50,57,69,34,35,3,2,1,6,3,3,29,11,18
CALHOUN COUNTY,057,81 Years,107,44,63,76,32,44,4,2,2,2,1,1,25,9,16
CALHOUN COUNTY,057,82 Years,88,35,53,60,23,37,3,1,2,3,2,1,22,9,13
CALHOUN COUNTY,057,83 Years,85,35,50,55,25,30,3,1,2,5,1,4,22,8,14
CALHOUN COUNTY,057,84 Years,82,36,46,54,24,30,2,1,1,5,1,4,21,10,11
CALHOUN COUNTY,057,85 Years +,418,193,225,306,142,164,11,4,7,18,10,8,83,37,46
CALLAHAN COUNTY,059,All Ages,14154,6672,7482,12326,5731,6595,152,77,75,400,195,205,1276,669,607
CALLAHAN COUNTY,059,< 1 Year,162,92,70,128,73,55,5,3,2,6,3,3,23,13,10
CALLAHAN COUNTY,059,1 Years,156,88,68,120,68,52,4,3,1,10,5,5,22,12,10
CALLAHAN COUNTY,059,2 Years,154,85,69,113,61,52,2,1,1,15,8,7,24,15,9
CALLAHAN COUNTY,059,3 Years,140,77,63,104,57,47,2,1,1,12,7,5,22,12,10
CALLAHAN COUNTY,059,4 Years,140,77,63,106,57,49,2,1,1,12,8,4,20,11,9
CALLAHAN COUNTY,059,5 Years,177,101,76,144,81,63,3,0,3,8,6,2,22,14,8
CALLAHAN COUNTY,059,6 Years,153,77,76,123,57,66,3,1,2,5,3,2,22,16,6
CALLAHAN COUNTY,059,7 Years,151,73,78,121,56,65,2,1,1,5,2,3,23,14,9
CALLAHAN COUNTY,059,8 Years,175,89,86,138,70,68,3,1,2,7,4,3,27,14,13
CALLAHAN COUNTY,059,9 Years,186,98,88,147,77,70,3,1,2,9,5,4,27,15,12
CALLAHAN COUNTY,059,10 Years,173,95,78,136,74,62,2,1,1,10,6,4,25,14,11
CALLAHAN COUNTY,059,11 Years,199,98,101,165,79,86,4,2,2,8,5,3,22,12,10
CALLAHAN COUNTY,059,12 Years,202,92,110,165,68,97,1,1,0,6,5,1,30,18,12
CALLAHAN COUNTY,059,13 Years,224,97,127,187,77,110,1,0,1,7,5,2,29,15,14
CALLAHAN COUNTY,059,14 Years,209,91,118,177,77,100,1,0,1,5,3,2,26,11,15
CALLAHAN COUNTY,059,15 Years,200,91,109,152,67,85,2,2,0,8,5,3,38,17,21
CALLAHAN COUNTY,059,16 Years,219,94,125,168,70,98,3,2,1,11,6,5,37,16,21
CALLAHAN COUNTY,059,17 Years,209,91,118,161,69,92,3,1,2,12,5,7,33,16,17
CALLAHAN COUNTY,059,18 Years,194,89,105,152,65,87,3,2,1,12,5,7,27,17,10
CALLAHAN COUNTY,059,19 Years,178,81,97,145,64,81,4,2,2,4,2,2,25,13,12
CALLAHAN COUNTY,059,20 Years,170,77,93,141,64,77,2,1,1,2,0,2,25,12,13
CALLAHAN COUNTY,059,21 Years,165,80,85,134,63,71,5,4,1,4,1,3,22,12,10
CALLAHAN COUNTY,059,22 Years,176,92,84,150,78,72,2,1,1,5,3,2,19,10,9
CALLAHAN COUNTY,059,23 Years,144,71,73,119,57,62,2,1,1,3,2,1,20,11,9
CALLAHAN COUNTY,059,24 Years,141,75,66,121,64,57,2,1,1,2,2,0,16,8,8
CALLAHAN COUNTY,059,25 Years,138,73,65,111,58,53,3,1,2,4,2,2,20,12,8
CALLAHAN COUNTY,059,26 Years,149,77,72,125,62,63,3,1,2,3,1,2,18,13,5
CALLAHAN COUNTY,059,27 Years,134,60,74,118,54,64,1,0,1,4,0,4,11,6,5
CALLAHAN COUNTY,059,28 Years,127,64,63,108,57,51,1,1,0,3,1,2,15,5,10
CALLAHAN COUNTY,059,29 Years,123,62,61,103,54,49,0,0,0,3,1,2,17,7,10
CALLAHAN COUNTY,059,30 Years,124,55,69,108,48,60,1,1,0,2,0,2,13,6,7
CALLAHAN COUNTY,059,31 Years,144,64,80,121,54,67,2,1,1,5,1,4,16,8,8
CALLAHAN COUNTY,059,32 Years,149,75,74,126,63,63,1,0,1,4,0,4,18,12,6
CALLAHAN COUNTY,059,33 Years,149,75,74,127,63,64,1,0,1,3,0,3,18,12,6
CALLAHAN COUNTY,059,34 Years,150,73,77,126,61,65,3,1,2,3,3,0,18,8,10
CALLAHAN COUNTY,059,35 Years,157,74,83,131,60,71,4,1,3,4,2,2,18,11,7
CALLAHAN COUNTY,059,36 Years,149,65,84,129,53,76,1,0,1,3,1,2,16,11,5
CALLAHAN COUNTY,059,37 Years,160,70,90,147,64,83,0,0,0,4,2,2,9,4,5
CALLAHAN COUNTY,059,38 Years,159,73,86,146,67,79,1,1,0,4,1,3,8,4,4
CALLAHAN COUNTY,059,39 Years,149,63,86,137,58,79,1,1,0,1,0,1,10,4,6
CALLAHAN COUNTY,059,40 Years,146,59,87,129,55,74,4,1,3,4,0,4,9,3,6
CALLAHAN COUNTY,059,41 Years,150,64,86,133,59,74,2,1,1,3,1,2,12,3,9
CALLAHAN COUNTY,059,42 Years,142,54,88,130,50,80,2,2,0,3,1,2,7,1,6
CALLAHAN COUNTY,059,43 Years,149,64,85,139,60,79,1,1,0,1,0,1,8,3,5
CALLAHAN COUNTY,059,44 Years,171,68,103,161,63,98,1,1,0,2,1,1,7,3,4
CALLAHAN COUNTY,059,45 Years,164,70,94,149,64,85,1,0,1,4,1,3,10,5,5
CALLAHAN COUNTY,059,46 Years,174,79,95,151,67,84,3,2,1,5,1,4,15,9,6
CALLAHAN COUNTY,059,47 Years,169,81,88,152,74,78,2,2,0,4,0,4,11,5,6
CALLAHAN COUNTY,059,48 Years,168,85,83,148,76,72,1,0,1,4,1,3,15,8,7
CALLAHAN COUNTY,059,49 Years,156,77,79,136,69,67,1,0,1,3,2,1,16,6,10
CALLAHAN COUNTY,059,50 Years,167,82,85,151,76,75,0,0,0,3,2,1,13,4,9
CALLAHAN COUNTY,059,51 Years,204,99,105,183,90,93,1,1,0,2,1,1,18,7,11
CALLAHAN COUNTY,059,52 Years,234,115,119,207,104,103,2,1,1,2,1,1,23,9,14
CALLAHAN COUNTY,059,53 Years,236,110,126,211,96,115,1,1,0,4,3,1,20,10,10
CALLAHAN COUNTY,059,54 Years,217,108,109,189,90,99,3,2,1,10,6,4,15,10,5
CALLAHAN COUNTY,059,55 Years,244,114,130,209,97,112,4,2,2,9,3,6,22,12,10
CALLAHAN COUNTY,059,56 Years,226,107,119,203,96,107,4,2,2,3,1,2,16,8,8
CALLAHAN COUNTY,059,57 Years,203,93,110,185,82,103,1,1,0,3,3,0,14,7,7
CALLAHAN COUNTY,059,58 Years,199,95,104,178,81,97,0,0,0,6,3,3,15,11,4
CALLAHAN COUNTY,059,59 Years,196,87,109,181,78,103,0,0,0,5,2,3,10,7,3
CALLAHAN COUNTY,059,60 Years,212,98,114,191,87,104,3,1,2,8,5,3,10,5,5
CALLAHAN COUNTY,059,61 Years,219,108,111,200,95,105,2,1,1,8,5,3,9,7,2
CALLAHAN COUNTY,059,62 Years,190,97,93,177,90,87,1,1,0,3,1,2,9,5,4
CALLAHAN COUNTY,059,63 Years,184,89,95,170,80,90,2,2,0,4,3,1,8,4,4
CALLAHAN COUNTY,059,64 Years,182,87,95,169,81,88,1,1,0,5,2,3,7,3,4
CALLAHAN COUNTY,059,65 Years,195,84,111,181,78,103,3,1,2,4,2,2,7,3,4
CALLAHAN COUNTY,059,66 Years,198,83,115,189,81,108,0,0,0,2,0,2,7,2,5
CALLAHAN COUNTY,059,67 Years,197,81,116,190,80,110,0,0,0,3,0,3,4,1,3
CALLAHAN COUNTY,059,68 Years,189,89,100,179,85,94,2,2,0,3,0,3,5,2,3
CALLAHAN COUNTY,059,69 Years,153,78,75,141,72,69,0,0,0,4,2,2,8,4,4
CALLAHAN COUNTY,059,70 Years,161,70,91,150,64,86,3,2,1,3,2,1,5,2,3
CALLAHAN COUNTY,059,71 Years,151,78,73,139,70,69,0,0,0,3,2,1,9,6,3
CALLAHAN COUNTY,059,72 Years,139,67,72,132,61,71,0,0,0,2,2,0,5,4,1
CALLAHAN COUNTY,059,73 Years,131,68,63,120,60,60,1,1,0,3,2,1,7,5,2
CALLAHAN COUNTY,059,74 Years,123,58,65,116,54,62,1,0,1,2,2,0,4,2,2
CALLAHAN COUNTY,059,75 Years,128,59,69,122,56,66,0,0,0,3,1,2,3,2,1
CALLAHAN COUNTY,059,76 Years,123,48,75,116,46,70,2,0,2,2,1,1,3,1,2
CALLAHAN COUNTY,059,77 Years,124,53,71,119,52,67,1,0,1,1,1,0,3,0,3
CALLAHAN COUNTY,059,78 Years,116,58,58,106,53,53,0,0,0,4,2,2,6,3,3
CALLAHAN COUNTY,059,79 Years,92,42,50,84,40,44,0,0,0,3,0,3,5,2,3
CALLAHAN COUNTY,059,80 Years,89,44,45,85,43,42,0,0,0,2,0,2,2,1,1
CALLAHAN COUNTY,059,81 Years,66,29,37,62,28,34,1,0,1,1,0,1,2,1,1
CALLAHAN COUNTY,059,82 Years,66,21,45,61,20,41,1,0,1,1,0,1,3,1,2
CALLAHAN COUNTY,059,83 Years,70,29,41,67,27,40,0,0,0,2,1,1,1,1,0
CALLAHAN COUNTY,059,84 Years,71,27,44,64,22,42,1,1,0,1,1,0,5,3,2
CALLAHAN COUNTY,059,85 Years +,312,122,190,291,110,181,4,1,3,5,4,1,12,7,5
CAMERON COUNTY,061,All Ages,424133,205688,218445,40220,20348,19872,1321,778,543,4579,2281,2298,378013,182281,195732
CAMERON COUNTY,061,< 1 Year,7589,3889,3700,356,186,170,39,20,19,66,35,31,7128,3648,3480
CAMERON COUNTY,061,1 Years,7651,3925,3726,374,187,187,33,16,17,74,39,35,7170,3683,3487
CAMERON COUNTY,061,2 Years,7708,3960,3748,390,192,198,29,16,13,67,37,30,7222,3715,3507
CAMERON COUNTY,061,3 Years,7812,4005,3807,400,199,201,25,13,12,61,32,29,7326,3761,3565
CAMERON COUNTY,061,4 Years,7937,4078,3859,430,227,203,22,11,11,58,34,24,7427,3806,3621
CAMERON COUNTY,061,5 Years,7491,3813,3678,411,204,207,17,5,12,57,27,30,7006,3577,3429
CAMERON COUNTY,061,6 Years,6557,3333,3224,373,187,186,11,6,5,46,26,20,6127,3114,3013
CAMERON COUNTY,061,7 Years,6721,3415,3306,365,189,176,10,4,6,43,22,21,6303,3200,3103
CAMERON COUNTY,061,8 Years,6767,3509,3258,360,185,175,12,4,8,51,29,22,6344,3291,3053
CAMERON COUNTY,061,9 Years,6879,3536,3343,326,164,162,14,5,9,54,29,25,6485,3338,3147
CAMERON COUNTY,061,10 Years,7216,3654,3562,345,166,179,14,8,6,61,28,33,6796,3452,3344
CAMERON COUNTY,061,11 Years,7442,3820,3622,350,180,170,16,10,6,69,35,34,7007,3595,3412
CAMERON COUNTY,061,12 Years,7702,3951,3751,346,178,168,17,7,10,64,37,27,7275,3729,3546
CAMERON COUNTY,061,13 Years,7982,4040,3942,348,183,165,16,8,8,69,44,25,7549,3805,3744
CAMERON COUNTY,061,14 Years,8121,4189,3932,356,201,155,20,7,13,71,38,33,7674,3943,3731
CAMERON COUNTY,061,15 Years,8095,4202,3893,360,200,160,16,4,12,71,33,38,7648,3965,3683
CAMERON COUNTY,061,16 Years,7890,4113,3777,348,178,170,12,7,5,82,39,43,7448,3889,3559
CAMERON COUNTY,061,17 Years,7744,3965,3779,342,177,165,17,9,8,78,34,44,7307,3745,3562
CAMERON COUNTY,061,18 Years,7421,3852,3569,311,157,154,17,10,7,70,34,36,7023,3651,3372
CAMERON COUNTY,061,19 Years,7095,3727,3368,287,145,142,14,6,8,60,30,30,6734,3546,3188
CAMERON COUNTY,061,20 Years,6908,3576,3332,281,134,147,18,7,11,62,35,27,6547,3400,3147
CAMERON COUNTY,061,21 Years,6794,3508,3286,294,154,140,16,8,8,73,35,38,6411,3311,3100
CAMERON COUNTY,061,22 Years,6771,3487,3284,313,158,155,16,6,10,64,38,26,6378,3285,3093
CAMERON COUNTY,061,23 Years,6466,3321,3145,322,177,145,15,6,9,63,38,25,6066,3100,2966
CAMERON COUNTY,061,24 Years,5960,3012,2948,289,153,136,23,12,11,49,26,23,5599,2821,2778
CAMERON COUNTY,061,25 Years,5562,2793,2769,294,155,139,27,16,11,49,25,24,5192,2597,2595
CAMERON COUNTY,061,26 Years,5142,2574,2568,288,153,135,26,20,6,49,29,20,4779,2372,2407
CAMERON COUNTY,061,27 Years,4776,2383,2393,295,167,128,19,15,4,49,32,17,4413,2169,2244
CAMERON COUNTY,061,28 Years,4504,2195,2309,291,153,138,17,12,5,50,31,19,4146,1999,2147
CAMERON COUNTY,061,29 Years,4417,2155,2262,320,159,161,21,12,9,51,30,21,4025,1954,2071
CAMERON COUNTY,061,30 Years,4556,2207,2349,309,159,150,20,13,7,51,27,24,4176,2008,2168
CAMERON COUNTY,061,31 Years,4640,2236,2404,320,170,150,21,14,7,57,35,22,4242,2017,2225
CAMERON COUNTY,061,32 Years,4801,2309,2492,321,154,167,17,12,5,58,36,22,4405,2107,2298
CAMERON COUNTY,061,33 Years,5055,2361,2694,317,149,168,19,14,5,60,32,28,4659,2166,2493
CAMERON COUNTY,061,34 Years,5325,2468,2857,320,156,164,22,16,6,61,31,30,4922,2265,2657
CAMERON COUNTY,061,35 Years,5223,2447,2776,328,155,173,22,16,6,54,29,25,4819,2247,2572
CAMERON COUNTY,061,36 Years,4949,2283,2666,303,153,150,21,15,6,54,20,34,4571,2095,2476
CAMERON COUNTY,061,37 Years,5022,2362,2660,310,156,154,20,14,6,64,30,34,4628,2162,2466
CAMERON COUNTY,061,38 Years,5289,2461,2828,311,163,148,18,14,4,65,32,33,4895,2252,2643
CAMERON COUNTY,061,39 Years,5436,2515,2921,296,154,142,19,14,5,67,32,35,5054,2315,2739
CAMERON COUNTY,061,40 Years,5519,2602,2917,303,145,158,18,13,5,57,25,32,5141,2419,2722
CAMERON COUNTY,061,41 Years,5375,2511,2864,303,167,136,17,9,8,67,32,35,4988,2303,2685
CAMERON COUNTY,061,42 Years,5268,2386,2882,309,159,150,17,12,5,71,33,38,4871,2182,2689
CAMERON COUNTY,061,43 Years,5248,2375,2873,342,177,165,15,12,3,81,33,48,4810,2153,2657
CAMERON COUNTY,061,44 Years,5372,2386,2986,370,187,183,17,12,5,79,28,51,4906,2159,2747
CAMERON COUNTY,061,45 Years,5347,2430,2917,413,213,200,14,10,4,84,30,54,4836,2177,2659
CAMERON COUNTY,061,46 Years,5003,2323,2680,414,226,188,16,10,6,81,33,48,4492,2054,2438
CAMERON COUNTY,061,47 Years,4765,2184,2581,366,183,183,16,10,6,76,31,45,4307,1960,2347
CAMERON COUNTY,061,48 Years,4737,2183,2554,366,178,188,18,12,6,79,36,43,4274,1957,2317
CAMERON COUNTY,061,49 Years,4512,2106,2406,386,192,194,14,10,4,75,37,38,4037,1867,2170
CAMERON COUNTY,061,50 Years,4600,2153,2447,427,210,217,26,19,7,80,40,40,4067,1884,2183
CAMERON COUNTY,061,51 Years,4560,2083,2477,475,243,232,19,10,9,71,36,35,3995,1794,2201
CAMERON COUNTY,061,52 Years,4538,2092,2446,479,238,241,10,4,6,57,28,29,3992,1822,2170
CAMERON COUNTY,061,53 Years,4439,2074,2365,479,239,240,17,10,7,52,24,28,3891,1801,2090
CAMERON COUNTY,061,54 Years,4531,2077,2454,549,266,283,18,14,4,61,25,36,3903,1772,2131
CAMERON COUNTY,061,55 Years,4513,2123,2390,561,284,277,18,10,8,71,34,37,3863,1795,2068
CAMERON COUNTY,061,56 Years,4382,2073,2309,593,296,297,17,10,7,67,31,36,3705,1736,1969
CAMERON COUNTY,061,57 Years,4314,2020,2294,568,292,276,15,10,5,57,31,26,3674,1687,1987
CAMERON COUNTY,061,58 Years,4255,1938,2317,612,309,303,18,10,8,47,25,22,3578,1594,1984
CAMERON COUNTY,061,59 Years,4180,1881,2299,649,311,338,18,10,8,57,34,23,3456,1526,1930
CAMERON COUNTY,061,60 Years,4059,1800,2259,671,317,354,20,15,5,57,27,30,3311,1441,1870
CAMERON COUNTY,061,61 Years,3975,1808,2167,689,336,353,16,12,4,49,23,26,3221,1437,1784
CAMERON COUNTY,061,62 Years,3926,1838,2088,725,346,379,16,8,8,47,22,25,3138,1462,1676
CAMERON COUNTY,061,63 Years,3691,1705,1986,731,356,375,21,12,9,42,19,23,2897,1318,1579
CAMERON COUNTY,061,64 Years,3646,1669,1977,736,383,353,17,10,7,42,18,24,2851,1258,1593
CAMERON COUNTY,061,65 Years,3622,1701,1921,752,404,348,8,4,4,42,14,28,2820,1279,1541
CAMERON COUNTY,061,66 Years,3507,1667,1840,779,424,355,9,4,5,40,17,23,2679,1222,1457
CAMERON COUNTY,061,67 Years,3516,1641,1875,829,421,408,13,8,5,40,24,16,2634,1188,1446
CAMERON COUNTY,061,68 Years,3392,1620,1772,868,443,425,9,6,3,33,15,18,2482,1156,1326
CAMERON COUNTY,061,69 Years,3058,1461,1597,780,411,369,5,4,1,30,15,15,2243,1031,1212
CAMERON COUNTY,061,70 Years,2978,1414,1564,814,426,388,7,5,2,34,14,20,2123,969,1154
CAMERON COUNTY,061,71 Years,2834,1318,1516,853,451,402,9,5,4,28,11,17,1944,851,1093
CAMERON COUNTY,061,72 Years,2582,1219,1363,817,441,376,6,3,3,29,12,17,1730,763,967
CAMERON COUNTY,061,73 Years,2425,1118,1307,745,385,360,5,3,2,25,13,12,1650,717,933
CAMERON COUNTY,061,74 Years,2306,1044,1262,711,359,352,6,5,1,25,14,11,1564,666,898
CAMERON COUNTY,061,75 Years,2166,995,1171,654,333,321,5,3,2,19,8,11,1488,651,837
CAMERON COUNTY,061,76 Years,1971,873,1098,591,292,299,4,3,1,19,8,11,1357,570,787
CAMERON COUNTY,061,77 Years,1888,831,1057,556,273,283,5,2,3,23,15,8,1304,541,763
CAMERON COUNTY,061,78 Years,1740,774,966,512,262,250,4,2,2,20,15,5,1204,495,709
CAMERON COUNTY,061,79 Years,1676,721,955,522,270,252,1,0,1,17,11,6,1136,440,696
CAMERON COUNTY,061,80 Years,1567,650,917,483,233,250,6,3,3,21,11,10,1057,403,654
CAMERON COUNTY,061,81 Years,1391,593,798,411,205,206,4,2,2,14,8,6,962,378,584
CAMERON COUNTY,061,82 Years,1269,525,744,366,174,192,5,3,2,10,5,5,888,343,545
CAMERON COUNTY,061,83 Years,1204,481,723,363,168,195,3,2,1,10,3,7,828,308,520
CAMERON COUNTY,061,84 Years,1172,474,698,373,177,196,2,1,1,10,5,5,787,291,496
CAMERON COUNTY,061,85 Years +,5698,2119,3579,1625,726,899,9,4,5,61,23,38,4003,1366,2637
CAMP COUNTY,063,All Ages,12683,6232,6451,7125,3453,3672,2148,1015,1133,410,191,219,3000,1573,1427
CAMP COUNTY,063,< 1 Year,163,80,83,64,35,29,22,11,11,17,7,10,60,27,33
CAMP COUNTY,063,1 Years,174,88,86,65,38,27,25,14,11,20,5,15,64,31,33
CAMP COUNTY,063,2 Years,177,88,89,66,35,31,32,16,16,16,5,11,63,32,31
CAMP COUNTY,063,3 Years,158,77,81,59,30,29,30,14,16,14,5,9,55,28,27
CAMP COUNTY,063,4 Years,159,73,86,60,27,33,31,13,18,13,7,6,55,26,29
CAMP COUNTY,063,5 Years,157,87,70,58,35,23,28,16,12,16,7,9,55,29,26
CAMP COUNTY,063,6 Years,169,97,72,61,33,28,27,17,10,14,8,6,67,39,28
CAMP COUNTY,063,7 Years,177,88,89,69,33,36,30,15,15,15,6,9,63,34,29
CAMP COUNTY,063,8 Years,185,88,97,75,36,39,29,20,9,16,6,10,65,26,39
CAMP COUNTY,063,9 Years,177,86,91,76,40,36,24,16,8,13,5,8,64,25,39
CAMP COUNTY,063,10 Years,190,95,95,77,45,32,28,14,14,10,4,6,75,32,43
CAMP COUNTY,063,11 Years,195,94,101,78,37,41,33,19,14,8,5,3,76,33,43
CAMP COUNTY,063,12 Years,185,93,92,78,37,41,31,18,13,9,6,3,67,32,35
CAMP COUNTY,063,13 Years,187,88,99,79,36,43,27,11,16,8,5,3,73,36,37
CAMP COUNTY,063,14 Years,180,86,94,76,38,38,23,9,14,8,3,5,73,36,37
CAMP COUNTY,063,15 Years,189,92,97,88,43,45,27,12,15,9,4,5,65,33,32
CAMP COUNTY,063,16 Years,201,105,96,95,50,45,33,17,16,8,4,4,65,34,31
CAMP COUNTY,063,17 Years,204,117,87,95,57,38,34,18,16,7,4,3,68,38,30
CAMP COUNTY,063,18 Years,191,105,86,82,53,29,28,14,14,7,3,4,74,35,39
CAMP COUNTY,063,19 Years,168,92,76,73,41,32,27,14,13,6,3,3,62,34,28
CAMP COUNTY,063,20 Years,171,93,78,71,41,30,26,13,13,5,2,3,69,37,32
CAMP COUNTY,063,21 Years,168,95,73,70,38,32,32,22,10,6,3,3,60,32,28
CAMP COUNTY,063,22 Years,174,88,86,67,33,34,33,15,18,9,5,4,65,35,30
CAMP COUNTY,063,23 Years,167,77,90,72,31,41,31,13,18,6,2,4,58,31,27
CAMP COUNTY,063,24 Years,160,76,84,80,38,42,21,9,12,3,2,1,56,27,29
CAMP COUNTY,063,25 Years,169,89,80,78,36,42,36,23,13,5,2,3,50,28,22
CAMP COUNTY,063,26 Years,153,76,77,68,29,39,31,16,15,4,2,2,50,29,21
CAMP COUNTY,063,27 Years,131,67,64,62,35,27,18,9,9,4,2,2,47,21,26
CAMP COUNTY,063,28 Years,144,74,70,68,34,34,25,14,11,4,1,3,47,25,22
CAMP COUNTY,063,29 Years,122,55,67,56,24,32,22,8,14,3,2,1,41,21,20
CAMP COUNTY,063,30 Years,126,56,70,59,29,30,26,9,17,3,0,3,38,18,20
CAMP COUNTY,063,31 Years,117,64,53,59,28,31,23,14,9,3,2,1,32,20,12
CAMP COUNTY,063,32 Years,123,68,55,61,34,27,20,12,8,5,2,3,37,20,17
CAMP COUNTY,063,33 Years,130,69,61,60,31,29,24,12,12,5,2,3,41,24,17
CAMP COUNTY,063,34 Years,147,76,71,69,35,34,20,7,13,5,2,3,53,32,21
CAMP COUNTY,063,35 Years,143,67,76,73,34,39,27,9,18,4,2,2,39,22,17
CAMP COUNTY,063,36 Years,143,71,72,78,36,42,27,13,14,2,1,1,36,21,15
CAMP COUNTY,063,37 Years,154,65,89,89,35,54,23,7,16,3,1,2,39,22,17
CAMP COUNTY,063,38 Years,149,70,79,78,33,45,27,12,15,3,0,3,41,25,16
CAMP COUNTY,063,39 Years,129,72,57,70,35,35,18,11,7,3,2,1,38,24,14
CAMP COUNTY,063,40 Years,119,60,59,59,27,32,16,8,8,3,2,1,41,23,18
CAMP COUNTY,063,41 Years,112,56,56,60,24,36,14,6,8,2,1,1,36,25,11
CAMP COUNTY,063,42 Years,121,60,61,71,32,39,15,7,8,3,1,2,32,20,12
CAMP COUNTY,063,43 Years,141,61,80,84,37,47,21,8,13,1,1,0,35,15,20
CAMP COUNTY,063,44 Years,151,70,81,87,41,46,23,9,14,2,2,0,39,18,21
CAMP COUNTY,063,45 Years,145,71,74,78,39,39,28,12,16,2,2,0,37,18,19
CAMP COUNTY,063,46 Years,137,62,75,74,33,41,27,10,17,3,2,1,33,17,16
CAMP COUNTY,063,47 Years,132,58,74,77,36,41,21,7,14,2,1,1,32,14,18
CAMP COUNTY,063,48 Years,127,60,67,74,36,38,25,9,16,1,0,1,27,15,12
CAMP COUNTY,063,49 Years,135,59,76,66,30,36,34,14,20,2,0,2,33,15,18
CAMP COUNTY,063,50 Years,167,71,96,92,34,58,33,16,17,4,2,2,38,19,19
CAMP COUNTY,063,51 Years,150,77,73,89,43,46,29,12,17,4,2,2,28,20,8
CAMP COUNTY,063,52 Years,144,79,65,80,46,34,29,13,16,2,2,0,33,18,15
CAMP COUNTY,063,53 Years,168,89,79,109,61,48,25,10,15,3,1,2,31,17,14
CAMP COUNTY,063,54 Years,173,82,91,117,56,61,26,11,15,4,1,3,26,14,12
CAMP COUNTY,063,55 Years,161,75,86,102,48,54,34,12,22,3,2,1,22,13,9
CAMP COUNTY,063,56 Years,157,86,71,104,55,49,32,15,17,1,1,0,20,15,5
CAMP COUNTY,063,57 Years,168,86,82,114,59,55,34,15,19,2,0,2,18,12,6
CAMP COUNTY,063,58 Years,187,87,100,134,59,75,36,19,17,2,1,1,15,8,7
CAMP COUNTY,063,59 Years,170,78,92,124,54,70,33,16,17,4,3,1,9,5,4
CAMP COUNTY,063,60 Years,189,91,98,129,59,70,42,20,22,3,2,1,15,10,5
CAMP COUNTY,063,61 Years,185,91,94,126,58,68,37,19,18,4,2,2,18,12,6
CAMP COUNTY,063,62 Years,173,89,84,125,60,65,27,16,11,3,2,1,18,11,7
CAMP COUNTY,063,63 Years,158,81,77,116,59,57,27,13,14,3,2,1,12,7,5
CAMP COUNTY,063,64 Years,159,68,91,114,50,64,35,13,22,3,1,2,7,4,3
CAMP COUNTY,063,65 Years,167,75,92,129,58,71,30,13,17,2,1,1,6,3,3
CAMP COUNTY,063,66 Years,168,80,88,135,63,72,22,12,10,3,2,1,8,3,5
CAMP COUNTY,063,67 Years,158,78,80,126,62,64,26,13,13,1,0,1,5,3,2
CAMP COUNTY,063,68 Years,157,76,81,124,61,63,20,7,13,3,2,1,10,6,4
CAMP COUNTY,063,69 Years,135,63,72,109,51,58,15,6,9,2,0,2,9,6,3
CAMP COUNTY,063,70 Years,119,53,66,97,41,56,15,8,7,1,1,0,6,3,3
CAMP COUNTY,063,71 Years,117,56,61,89,40,49,18,11,7,2,2,0,8,3,5
CAMP COUNTY,063,72 Years,111,48,63,88,39,49,15,6,9,1,1,0,7,2,5
CAMP COUNTY,063,73 Years,105,53,52,79,43,36,19,7,12,0,0,0,7,3,4
CAMP COUNTY,063,74 Years,111,57,54,83,43,40,21,11,10,0,0,0,7,3,4
CAMP COUNTY,063,75 Years,109,57,52,84,44,40,21,10,11,2,2,0,2,1,1
CAMP COUNTY,063,76 Years,90,50,40,70,39,31,17,8,9,2,2,0,1,1,0
CAMP COUNTY,063,77 Years,87,45,42,70,35,35,14,8,6,1,0,1,2,2,0
CAMP COUNTY,063,78 Years,85,41,44,69,31,38,13,7,6,0,0,0,3,3,0
CAMP COUNTY,063,79 Years,80,41,39,62,31,31,14,6,8,0,0,0,4,4,0
CAMP COUNTY,063,80 Years,65,32,33,54,27,27,9,3,6,0,0,0,2,2,0
CAMP COUNTY,063,81 Years,63,27,36,55,23,32,7,3,4,0,0,0,1,1,0
CAMP COUNTY,063,82 Years,60,22,38,49,19,30,10,3,7,0,0,0,1,0,1
CAMP COUNTY,063,83 Years,61,24,37,53,23,30,6,0,6,1,1,0,1,0,1
CAMP COUNTY,063,84 Years,54,25,29,44,21,23,9,3,6,1,1,0,0,0,0
CAMP COUNTY,063,85 Years +,246,95,151,189,75,114,45,14,31,3,1,2,9,5,4
CARSON COUNTY,065,All Ages,5993,2946,3047,5229,2568,2661,34,18,16,149,82,67,581,278,303
CARSON COUNTY,065,< 1 Year,59,25,34,49,23,26,0,0,0,1,0,1,9,2,7
CARSON COUNTY,065,1 Years,58,27,31,47,23,24,1,0,1,2,1,1,8,3,5
CARSON COUNTY,065,2 Years,61,30,31,48,24,24,1,0,1,2,1,1,10,5,5
CARSON COUNTY,065,3 Years,63,34,29,50,28,22,1,0,1,2,1,1,10,5,5
CARSON COUNTY,065,4 Years,65,35,30,50,27,23,0,0,0,0,0,0,15,8,7
CARSON COUNTY,065,5 Years,54,26,28,41,20,21,0,0,0,0,0,0,13,6,7
CARSON COUNTY,065,6 Years,71,36,35,54,30,24,1,0,1,2,1,1,14,5,9
CARSON COUNTY,065,7 Years,74,39,35,58,31,27,2,1,1,1,1,0,13,6,7
CARSON COUNTY,065,8 Years,84,45,39,68,36,32,3,2,1,1,0,1,12,7,5
CARSON COUNTY,065,9 Years,84,43,41,65,30,35,1,1,0,2,0,2,16,12,4
CARSON COUNTY,065,10 Years,93,45,48,76,35,41,0,0,0,2,1,1,15,9,6
CARSON COUNTY,065,11 Years,94,50,44,75,40,35,0,0,0,5,3,2,14,7,7
CARSON COUNTY,065,12 Years,92,49,43,80,44,36,0,0,0,3,1,2,9,4,5
CARSON COUNTY,065,13 Years,87,43,44,75,37,38,0,0,0,4,2,2,8,4,4
CARSON COUNTY,065,14 Years,96,45,51,81,37,44,0,0,0,5,3,2,10,5,5
CARSON COUNTY,065,15 Years,94,47,47,78,38,40,1,1,0,4,3,1,11,5,6
CARSON COUNTY,065,16 Years,89,43,46,76,37,39,1,1,0,3,3,0,9,2,7
CARSON COUNTY,065,17 Years,92,37,55,79,33,46,1,0,1,3,1,2,9,3,6
CARSON COUNTY,065,18 Years,96,48,48,78,42,36,2,0,2,2,2,0,14,4,10
CARSON COUNTY,065,19 Years,88,47,41,74,42,32,1,0,1,2,1,1,11,4,7
CARSON COUNTY,065,20 Years,75,39,36,65,34,31,1,0,1,3,2,1,6,3,3
CARSON COUNTY,065,21 Years,77,42,35,64,33,31,1,1,0,3,2,1,9,6,3
CARSON COUNTY,065,22 Years,87,48,39,72,39,33,1,0,1,4,2,2,10,7,3
CARSON COUNTY,065,23 Years,73,37,36,60,28,32,0,0,0,4,3,1,9,6,3
CARSON COUNTY,065,24 Years,51,25,26,42,19,23,0,0,0,1,1,0,8,5,3
CARSON COUNTY,065,25 Years,56,25,31,46,21,25,1,1,0,2,1,1,7,2,5
CARSON COUNTY,065,26 Years,53,23,30,44,17,27,1,1,0,0,0,0,8,5,3
CARSON COUNTY,065,27 Years,48,24,24,40,20,20,1,1,0,0,0,0,7,3,4
CARSON COUNTY,065,28 Years,44,23,21,36,19,17,1,1,0,1,1,0,6,2,4
CARSON COUNTY,065,29 Years,48,25,23,42,21,21,0,0,0,1,1,0,5,3,2
CARSON COUNTY,065,30 Years,56,30,26,46,23,23,0,0,0,2,1,1,8,6,2
CARSON COUNTY,065,31 Years,41,23,18,35,19,16,0,0,0,3,2,1,3,2,1
CARSON COUNTY,065,32 Years,56,28,28,50,26,24,0,0,0,0,0,0,6,2,4
CARSON COUNTY,065,33 Years,64,35,29,56,30,26,0,0,0,0,0,0,8,5,3
CARSON COUNTY,065,34 Years,68,30,38,56,28,28,0,0,0,2,1,1,10,1,9
CARSON COUNTY,065,35 Years,73,34,39,59,30,29,1,1,0,3,1,2,10,2,8
CARSON COUNTY,065,36 Years,66,31,35,60,28,32,0,0,0,2,1,1,4,2,2
CARSON COUNTY,065,37 Years,67,29,38,63,27,36,0,0,0,1,1,0,3,1,2
CARSON COUNTY,065,38 Years,64,33,31,57,30,27,0,0,0,2,2,0,5,1,4
CARSON COUNTY,065,39 Years,54,29,25,48,26,22,0,0,0,2,1,1,4,2,2
CARSON COUNTY,065,40 Years,69,31,38,64,28,36,0,0,0,1,0,1,4,3,1
CARSON COUNTY,065,41 Years,65,36,29,58,31,27,0,0,0,2,1,1,5,4,1
CARSON COUNTY,065,42 Years,67,35,32,60,31,29,0,0,0,2,1,1,5,3,2
CARSON COUNTY,065,43 Years,68,36,32,60,30,30,0,0,0,1,0,1,7,6,1
CARSON COUNTY,065,44 Years,74,36,38,66,31,35,0,0,0,2,1,1,6,4,2
CARSON COUNTY,065,45 Years,68,30,38,61,27,34,0,0,0,2,1,1,5,2,3
CARSON COUNTY,065,46 Years,72,33,39,59,28,31,1,0,1,2,2,0,10,3,7
CARSON COUNTY,065,47 Years,77,39,38,71,36,35,0,0,0,0,0,0,6,3,3
CARSON COUNTY,065,48 Years,72,35,37,64,33,31,1,0,1,3,0,3,4,2,2
CARSON COUNTY,065,49 Years,72,34,38,61,30,31,0,0,0,3,0,3,8,4,4
CARSON COUNTY,065,50 Years,80,36,44,71,33,38,0,0,0,2,0,2,7,3,4
CARSON COUNTY,065,51 Years,87,40,47,79,38,41,0,0,0,1,0,1,7,2,5
CARSON COUNTY,065,52 Years,96,45,51,85,43,42,0,0,0,2,0,2,9,2,7
CARSON COUNTY,065,53 Years,96,53,43,83,45,38,2,2,0,0,0,0,11,6,5
CARSON COUNTY,065,54 Years,86,49,37,74,42,32,2,1,1,1,1,0,9,5,4
CARSON COUNTY,065,55 Years,98,45,53,88,40,48,1,1,0,1,1,0,8,3,5
CARSON COUNTY,065,56 Years,93,44,49,84,41,43,0,0,0,3,1,2,6,2,4
CARSON COUNTY,065,57 Years,100,57,43,87,47,40,0,0,0,3,3,0,10,7,3
CARSON COUNTY,065,58 Years,93,47,46,83,41,42,0,0,0,3,1,2,7,5,2
CARSON COUNTY,065,59 Years,92,44,48,84,40,44,1,1,0,1,0,1,6,3,3
CARSON COUNTY,065,60 Years,94,51,43,88,47,41,0,0,0,1,1,0,5,3,2
CARSON COUNTY,065,61 Years,97,50,47,90,46,44,0,0,0,3,2,1,4,2,2
CARSON COUNTY,065,62 Years,93,51,42,86,46,40,0,0,0,2,2,0,5,3,2
CARSON COUNTY,065,63 Years,89,46,43,84,43,41,0,0,0,1,1,0,4,2,2
CARSON COUNTY,065,64 Years,70,33,37,65,31,34,0,0,0,1,1,0,4,1,3
CARSON COUNTY,065,65 Years,72,33,39,68,31,37,0,0,0,1,1,0,3,1,2
CARSON COUNTY,065,66 Years,81,36,45,71,30,41,0,0,0,5,3,2,5,3,2
CARSON COUNTY,065,67 Years,73,34,39,68,29,39,1,1,0,2,2,0,2,2,0
CARSON COUNTY,065,68 Years,73,32,41,68,28,40,0,0,0,2,2,0,3,2,1
CARSON COUNTY,065,69 Years,51,25,26,46,22,24,0,0,0,1,1,0,4,2,2
CARSON COUNTY,065,70 Years,44,23,21,42,22,20,0,0,0,1,1,0,1,0,1
CARSON COUNTY,065,71 Years,61,30,31,58,30,28,0,0,0,1,0,1,2,0,2
CARSON COUNTY,065,72 Years,51,23,28,45,22,23,0,0,0,1,0,1,5,1,4
CARSON COUNTY,065,73 Years,48,25,23,45,24,21,0,0,0,0,0,0,3,1,2
CARSON COUNTY,065,74 Years,41,18,23,39,18,21,1,0,1,0,0,0,1,0,1
CARSON COUNTY,065,75 Years,48,20,28,46,19,27,0,0,0,1,0,1,1,1,0
CARSON COUNTY,065,76 Years,47,24,23,44,23,21,0,0,0,1,0,1,2,1,1
CARSON COUNTY,065,77 Years,42,20,22,39,18,21,0,0,0,1,1,0,2,1,1
CARSON COUNTY,065,78 Years,38,15,23,36,15,21,0,0,0,0,0,0,2,0,2
CARSON COUNTY,065,79 Years,37,20,17,34,19,15,0,0,0,2,1,1,1,0,1
CARSON COUNTY,065,80 Years,33,18,15,30,17,13,0,0,0,2,1,1,1,0,1
CARSON COUNTY,065,81 Years,26,13,13,24,12,12,0,0,0,0,0,0,2,1,1
CARSON COUNTY,065,82 Years,29,11,18,28,10,18,0,0,0,0,0,0,1,1,0
CARSON COUNTY,065,83 Years,23,10,13,21,9,12,0,0,0,0,0,0,2,1,1
CARSON COUNTY,065,84 Years,33,13,20,31,12,19,0,0,0,0,0,0,2,1,1
CARSON COUNTY,065,85 Years +,159,60,99,148,55,93,0,0,0,3,1,2,8,4,4
CASS COUNTY,067,All Ages,31000,15124,15876,23593,11559,12034,5352,2553,2799,722,326,396,1333,686,647
CASS COUNTY,067,< 1 Year,360,184,176,242,123,119,72,40,32,20,8,12,26,13,13
CASS COUNTY,067,1 Years,360,184,176,231,119,112,73,42,31,29,9,20,27,14,13
CASS COUNTY,067,2 Years,348,179,169,222,113,109,76,44,32,20,7,13,30,15,15
CASS COUNTY,067,3 Years,341,176,165,218,111,107,67,37,30,22,11,11,34,17,17
CASS COUNTY,067,4 Years,357,178,179,232,112,120,68,37,31,14,8,6,43,21,22
CASS COUNTY,067,5 Years,362,180,182,242,124,118,61,25,36,15,8,7,44,23,21
CASS COUNTY,067,6 Years,353,188,165,222,118,104,69,39,30,19,7,12,43,24,19
CASS COUNTY,067,7 Years,368,196,172,242,130,112,74,42,32,20,8,12,32,16,16
CASS COUNTY,067,8 Years,372,192,180,256,137,119,68,32,36,19,6,13,29,17,12
CASS COUNTY,067,9 Years,389,206,183,264,141,123,73,37,36,20,10,10,32,18,14
CASS COUNTY,067,10 Years,398,198,200,271,135,136,78,36,42,19,10,9,30,17,13
CASS COUNTY,067,11 Years,401,205,196,280,134,146,80,46,34,14,8,6,27,17,10
CASS COUNTY,067,12 Years,400,216,184,288,150,138,68,44,24,12,6,6,32,16,16
CASS COUNTY,067,13 Years,398,211,187,288,156,132,69,37,32,13,8,5,28,10,18
CASS COUNTY,067,14 Years,404,208,196,298,159,139,66,29,37,17,10,7,23,10,13
CASS COUNTY,067,15 Years,434,212,222,316,157,159,72,30,42,16,8,8,30,17,13
CASS COUNTY,067,16 Years,442,230,212,306,162,144,83,42,41,17,8,9,36,18,18
CASS COUNTY,067,17 Years,429,223,206,302,152,150,83,47,36,11,5,6,33,19,14
CASS COUNTY,067,18 Years,400,207,193,279,143,136,81,42,39,10,5,5,30,17,13
CASS COUNTY,067,19 Years,365,209,156,253,152,101,71,39,32,8,3,5,33,15,18
CASS COUNTY,067,20 Years,378,210,168,266,147,119,76,44,32,9,5,4,27,14,13
CASS COUNTY,067,21 Years,379,200,179,265,129,136,79,48,31,9,6,3,26,17,9
CASS COUNTY,067,22 Years,360,185,175,249,119,130,81,48,33,9,6,3,21,12,9
CASS COUNTY,067,23 Years,362,182,180,256,132,124,83,38,45,7,5,2,16,7,9
CASS COUNTY,067,24 Years,316,161,155,233,124,109,61,26,35,5,3,2,17,8,9
CASS COUNTY,067,25 Years,327,156,171,236,113,123,64,30,34,7,3,4,20,10,10
CASS COUNTY,067,26 Years,331,162,169,240,117,123,71,37,34,6,2,4,14,6,8
CASS COUNTY,067,27 Years,280,131,149,200,91,109,65,33,32,5,3,2,10,4,6
CASS COUNTY,067,28 Years,257,116,141,186,82,104,58,28,30,3,2,1,10,4,6
CASS COUNTY,067,29 Years,288,118,170,211,86,125,57,22,35,6,4,2,14,6,8
CASS COUNTY,067,30 Years,281,136,145,202,106,96,56,20,36,7,1,6,16,9,7
CASS COUNTY,067,31 Years,264,124,140,202,100,102,47,18,29,5,1,4,10,5,5
CASS COUNTY,067,32 Years,267,123,144,197,93,104,51,22,29,5,2,3,14,6,8
CASS COUNTY,067,33 Years,288,138,150,218,105,113,51,24,27,4,2,2,15,7,8
CASS COUNTY,067,34 Years,315,144,171,241,113,128,47,20,27,5,1,4,22,10,12
CASS COUNTY,067,35 Years,328,162,166,231,119,112,68,32,36,5,1,4,24,10,14
CASS COUNTY,067,36 Years,327,157,170,234,116,118,66,30,36,9,3,6,18,8,10
CASS COUNTY,067,37 Years,329,158,171,248,120,128,61,29,32,6,2,4,14,7,7
CASS COUNTY,067,38 Years,314,153,161,241,116,125,51,25,26,2,1,1,20,11,9
CASS COUNTY,067,39 Years,289,128,161,205,91,114,58,22,36,4,3,1,22,12,10
CASS COUNTY,067,40 Years,327,159,168,235,121,114,65,27,38,6,2,4,21,9,12
CASS COUNTY,067,41 Years,322,158,164,233,118,115,60,28,32,9,3,6,20,9,11
CASS COUNTY,067,42 Years,344,163,181,271,129,142,48,22,26,10,4,6,15,8,7
CASS COUNTY,067,43 Years,372,178,194,293,138,155,57,29,28,10,5,5,12,6,6
CASS COUNTY,067,44 Years,385,187,198,306,150,156,52,25,27,13,6,7,14,6,8
CASS COUNTY,067,45 Years,388,173,215,307,137,170,56,25,31,9,3,6,16,8,8
CASS COUNTY,067,46 Years,380,180,200,298,140,158,59,29,30,7,3,4,16,8,8
CASS COUNTY,067,47 Years,361,187,174,271,142,129,69,34,35,7,4,3,14,7,7
CASS COUNTY,067,48 Years,364,182,182,279,139,140,66,33,33,6,4,2,13,6,7
CASS COUNTY,067,49 Years,383,189,194,297,147,150,65,28,37,8,6,2,13,8,5
CASS COUNTY,067,50 Years,428,215,213,348,177,171,63,30,33,7,3,4,10,5,5
CASS COUNTY,067,51 Years,439,212,227,346,168,178,75,37,38,10,4,6,8,3,5
CASS COUNTY,067,52 Years,437,201,236,348,159,189,69,31,38,9,5,4,11,6,5
CASS COUNTY,067,53 Years,435,207,228,331,161,170,81,31,50,11,7,4,12,8,4
CASS COUNTY,067,54 Years,444,220,224,341,181,160,88,32,56,6,2,4,9,5,4
CASS COUNTY,067,55 Years,461,222,239,359,178,181,85,38,47,6,2,4,11,4,7
CASS COUNTY,067,56 Years,482,233,249,377,181,196,86,45,41,7,1,6,12,6,6
CASS COUNTY,067,57 Years,483,245,238,382,193,189,79,38,41,5,1,4,17,13,4
CASS COUNTY,067,58 Years,479,230,249,383,187,196,82,35,47,6,1,5,8,7,1
CASS COUNTY,067,59 Years,463,221,242,370,180,190,78,35,43,10,4,6,5,2,3
CASS COUNTY,067,60 Years,477,227,250,386,191,195,77,32,45,9,3,6,5,1,4
CASS COUNTY,067,61 Years,458,214,244,371,178,193,75,30,45,4,2,2,8,4,4
CASS COUNTY,067,62 Years,415,202,213,339,172,167,64,25,39,6,2,4,6,3,3
CASS COUNTY,067,63 Years,400,206,194,334,176,158,57,26,31,4,2,2,5,2,3
CASS COUNTY,067,64 Years,410,210,200,333,175,158,69,32,37,5,2,3,3,1,2
CASS COUNTY,067,65 Years,430,211,219,349,167,182,75,41,34,3,1,2,3,2,1
CASS COUNTY,067,66 Years,423,206,217,342,163,179,72,39,33,6,3,3,3,1,2
CASS COUNTY,067,67 Years,442,233,209,358,185,173,72,39,33,5,3,2,7,6,1
CASS COUNTY,067,68 Years,445,216,229,372,177,195,66,35,31,4,1,3,3,3,0
CASS COUNTY,067,69 Years,384,181,203,315,150,165,57,23,34,8,5,3,4,3,1
CASS COUNTY,067,70 Years,387,178,209,332,157,175,47,17,30,4,2,2,4,2,2
CASS COUNTY,067,71 Years,393,187,206,341,165,176,43,17,26,6,4,2,3,1,2
CASS COUNTY,067,72 Years,381,190,191,317,153,164,55,31,24,5,4,1,4,2,2
CASS COUNTY,067,73 Years,360,182,178,310,157,153,41,21,20,6,2,4,3,2,1
CASS COUNTY,067,74 Years,306,151,155,268,137,131,34,12,22,2,1,1,2,1,1
CASS COUNTY,067,75 Years,292,137,155,250,120,130,39,17,22,2,0,2,1,0,1
CASS COUNTY,067,76 Years,274,119,155,235,101,134,32,16,16,4,2,2,3,0,3
CASS COUNTY,067,77 Years,226,97,129,195,83,112,24,11,13,4,2,2,3,1,2
CASS COUNTY,067,78 Years,211,97,114,177,81,96,28,12,16,2,1,1,4,3,1
CASS COUNTY,067,79 Years,202,93,109,167,82,85,33,9,24,1,1,0,1,1,0
CASS COUNTY,067,80 Years,203,84,119,174,71,103,26,11,15,2,1,1,1,1,0
CASS COUNTY,067,81 Years,176,78,98,154,66,88,19,10,9,2,1,1,1,1,0
CASS COUNTY,067,82 Years,171,76,95,148,67,81,19,7,12,3,1,2,1,1,0
CASS COUNTY,067,83 Years,153,62,91,135,58,77,17,4,13,1,0,1,0,0,0
CASS COUNTY,067,84 Years,126,47,79,112,43,69,13,4,9,1,0,1,0,0,0
CASS COUNTY,067,85 Years +,717,252,465,591,211,380,112,37,75,8,1,7,6,3,3
CASTRO COUNTY,069,All Ages,7699,3950,3749,2648,1358,1290,136,71,65,89,45,44,4826,2476,2350
CASTRO COUNTY,069,< 1 Year,107,59,48,21,13,8,0,0,0,4,4,0,82,42,40
CASTRO COUNTY,069,1 Years,105,58,47,21,12,9,1,1,0,2,2,0,81,43,38
CASTRO COUNTY,069,2 Years,108,56,52,20,10,10,1,1,0,2,1,1,85,44,41
CASTRO COUNTY,069,3 Years,114,57,57,19,10,9,2,1,1,1,1,0,92,45,47
CASTRO COUNTY,069,4 Years,120,58,62,22,12,10,3,1,2,4,2,2,91,43,48
CASTRO COUNTY,069,5 Years,130,73,57,26,14,12,3,2,1,4,1,3,97,56,41
CASTRO COUNTY,069,6 Years,133,75,58,26,15,11,5,4,1,1,0,1,101,56,45
CASTRO COUNTY,069,7 Years,123,65,58,31,18,13,2,1,1,0,0,0,90,46,44
CASTRO COUNTY,069,8 Years,132,70,62,29,17,12,1,0,1,4,0,4,98,53,45
CASTRO COUNTY,069,9 Years,129,72,57,34,20,14,1,0,1,3,1,2,91,51,40
CASTRO COUNTY,069,10 Years,130,68,62,36,22,14,2,1,1,1,0,1,91,45,46
CASTRO COUNTY,069,11 Years,138,71,67,34,17,17,1,0,1,2,1,1,101,53,48
CASTRO COUNTY,069,12 Years,130,78,52,36,22,14,2,1,1,1,1,0,91,54,37
CASTRO COUNTY,069,13 Years,118,62,56,28,14,14,3,2,1,2,1,1,85,45,40
CASTRO COUNTY,069,14 Years,138,66,72,34,14,20,4,1,3,1,1,0,99,50,49
CASTRO COUNTY,069,15 Years,128,61,67,27,10,17,2,0,2,1,1,0,98,50,48
CASTRO COUNTY,069,16 Years,126,58,68,26,10,16,2,1,1,1,1,0,97,46,51
CASTRO COUNTY,069,17 Years,136,71,65,29,15,14,4,2,2,0,0,0,103,54,49
CASTRO COUNTY,069,18 Years,130,68,62,28,17,11,4,3,1,1,0,1,97,48,49
CASTRO COUNTY,069,19 Years,115,53,62,25,10,15,2,1,1,2,1,1,86,41,45
CASTRO COUNTY,069,20 Years,110,59,51,24,8,16,4,4,0,1,1,0,81,46,35
CASTRO COUNTY,069,21 Years,117,62,55,29,14,15,3,3,0,1,1,0,84,44,40
CASTRO COUNTY,069,22 Years,115,49,66,35,17,18,1,1,0,2,2,0,77,29,48
CASTRO COUNTY,069,23 Years,111,59,52,36,23,13,1,1,0,1,1,0,73,34,39
CASTRO COUNTY,069,24 Years,85,47,38,19,12,7,0,0,0,0,0,0,66,35,31
CASTRO COUNTY,069,25 Years,82,39,43,20,10,10,2,0,2,0,0,0,60,29,31
CASTRO COUNTY,069,26 Years,84,42,42,15,7,8,3,0,3,2,0,2,64,35,29
CASTRO COUNTY,069,27 Years,79,41,38,18,9,9,3,2,1,1,0,1,57,30,27
CASTRO COUNTY,069,28 Years,85,41,44,24,9,15,5,3,2,0,0,0,56,29,27
CASTRO COUNTY,069,29 Years,81,40,41,19,7,12,3,2,1,0,0,0,59,31,28
CASTRO COUNTY,069,30 Years,91,57,34,20,13,7,0,0,0,2,2,0,69,42,27
CASTRO COUNTY,069,31 Years,82,44,38,22,15,7,1,1,0,3,1,2,56,27,29
CASTRO COUNTY,069,32 Years,83,39,44,19,9,10,1,0,1,1,1,0,62,29,33
CASTRO COUNTY,069,33 Years,80,36,44,24,10,14,1,0,1,3,2,1,52,24,28
CASTRO COUNTY,069,34 Years,85,48,37,23,14,9,1,1,0,2,1,1,59,32,27
CASTRO COUNTY,069,35 Years,89,45,44,21,9,12,2,2,0,1,1,0,65,33,32
CASTRO COUNTY,069,36 Years,86,38,48,23,10,13,1,0,1,1,1,0,61,27,34
CASTRO COUNTY,069,37 Years,89,49,40,23,11,12,1,0,1,2,2,0,63,36,27
CASTRO COUNTY,069,38 Years,78,40,38,20,8,12,0,0,0,2,1,1,56,31,25
CASTRO COUNTY,069,39 Years,93,46,47,24,11,13,1,0,1,1,0,1,67,35,32
CASTRO COUNTY,069,40 Years,78,40,38,20,11,9,3,3,0,1,0,1,54,26,28
CASTRO COUNTY,069,41 Years,86,38,48,25,13,12,3,1,2,3,1,2,55,23,32
CASTRO COUNTY,069,42 Years,81,39,42,21,11,10,1,0,1,1,0,1,58,28,30
CASTRO COUNTY,069,43 Years,71,45,26,19,11,8,1,1,0,0,0,0,51,33,18
CASTRO COUNTY,069,44 Years,87,51,36,28,16,12,0,0,0,1,1,0,58,34,24
CASTRO COUNTY,069,45 Years,96,51,45,35,19,16,0,0,0,1,1,0,60,31,29
CASTRO COUNTY,069,46 Years,82,40,42,28,15,13,0,0,0,0,0,0,54,25,29
CASTRO COUNTY,069,47 Years,80,39,41,31,15,16,1,0,1,1,1,0,47,23,24
CASTRO COUNTY,069,48 Years,74,34,40,27,13,14,0,0,0,1,0,1,46,21,25
CASTRO COUNTY,069,49 Years,83,43,40,23,12,11,1,1,0,2,2,0,57,28,29
CASTRO COUNTY,069,50 Years,81,43,38,35,20,15,2,1,1,0,0,0,44,22,22
CASTRO COUNTY,069,51 Years,96,45,51,48,24,24,1,1,0,1,0,1,46,20,26
CASTRO COUNTY,069,52 Years,91,43,48,45,22,23,1,0,1,0,0,0,45,21,24
CASTRO COUNTY,069,53 Years,93,50,43,37,21,16,2,0,2,0,0,0,54,29,25
CASTRO COUNTY,069,54 Years,107,60,47,45,25,20,2,1,1,1,0,1,59,34,25
CASTRO COUNTY,069,55 Years,91,45,46,41,21,20,2,1,1,0,0,0,48,23,25
CASTRO COUNTY,069,56 Years,97,53,44,48,25,23,2,1,1,1,1,0,46,26,20
CASTRO COUNTY,069,57 Years,100,52,48,48,26,22,4,1,3,1,0,1,47,25,22
CASTRO COUNTY,069,58 Years,101,57,44,47,30,17,4,3,1,2,1,1,48,23,25
CASTRO COUNTY,069,59 Years,89,48,41,44,24,20,4,3,1,1,0,1,40,21,19
CASTRO COUNTY,069,60 Years,114,56,58,55,27,28,2,1,1,1,0,1,56,28,28
CASTRO COUNTY,069,61 Years,107,54,53,56,28,28,1,0,1,0,0,0,50,26,24
CASTRO COUNTY,069,62 Years,104,59,45,51,28,23,2,1,1,0,0,0,51,30,21
CASTRO COUNTY,069,63 Years,98,53,45,50,24,26,4,2,2,0,0,0,44,27,17
CASTRO COUNTY,069,64 Years,82,43,39,40,23,17,3,2,1,1,0,1,38,18,20
CASTRO COUNTY,069,65 Years,68,32,36,34,19,15,2,1,1,1,0,1,31,12,19
CASTRO COUNTY,069,66 Years,60,27,33,34,18,16,0,0,0,1,0,1,25,9,16
CASTRO COUNTY,069,67 Years,75,39,36,41,22,19,0,0,0,1,0,1,33,17,16
CASTRO COUNTY,069,68 Years,72,40,32,43,23,20,0,0,0,1,0,1,28,17,11
CASTRO COUNTY,069,69 Years,63,32,31,39,22,17,1,0,1,0,0,0,23,10,13
CASTRO COUNTY,069,70 Years,54,28,26,32,18,14,0,0,0,0,0,0,22,10,12
CASTRO COUNTY,069,71 Years,47,22,25,28,13,15,1,1,0,0,0,0,18,8,10
CASTRO COUNTY,069,72 Years,63,28,35,39,17,22,0,0,0,0,0,0,24,11,13
CASTRO COUNTY,069,73 Years,56,34,22,29,18,11,0,0,0,0,0,0,27,16,11
CASTRO COUNTY,069,74 Years,50,26,24,27,14,13,0,0,0,1,1,0,22,11,11
CASTRO COUNTY,069,75 Years,44,21,23,27,13,14,0,0,0,0,0,0,17,8,9
CASTRO COUNTY,069,76 Years,43,20,23,27,12,15,0,0,0,0,0,0,16,8,8
CASTRO COUNTY,069,77 Years,40,20,20,23,8,15,0,0,0,0,0,0,17,12,5
CASTRO COUNTY,069,78 Years,44,24,20,28,14,14,0,0,0,0,0,0,16,10,6
CASTRO COUNTY,069,79 Years,38,18,20,24,11,13,0,0,0,0,0,0,14,7,7
CASTRO COUNTY,069,80 Years,43,21,22,27,12,15,1,1,0,0,0,0,15,8,7
CASTRO COUNTY,069,81 Years,46,20,26,35,16,19,0,0,0,0,0,0,11,4,7
CASTRO COUNTY,069,82 Years,38,15,23,24,9,15,0,0,0,1,0,1,13,6,7
CASTRO COUNTY,069,83 Years,32,13,19,19,7,12,1,0,1,0,0,0,12,6,6
CASTRO COUNTY,069,84 Years,24,13,11,16,9,7,0,0,0,0,0,0,8,4,4
CASTRO COUNTY,069,85 Years +,135,56,79,95,41,54,5,1,4,0,0,0,35,14,21
CHAMBERS COUNTY,071,All Ages,39041,19556,19485,26054,12877,13177,3116,1590,1526,1060,520,540,8811,4569,4242
CHAMBERS COUNTY,071,< 1 Year,452,238,214,278,144,134,30,16,14,19,9,10,125,69,56
CHAMBERS COUNTY,071,1 Years,444,233,211,275,141,134,26,13,13,16,8,8,127,71,56
CHAMBERS COUNTY,071,2 Years,436,229,207,270,139,131,25,13,12,13,8,5,128,69,59
CHAMBERS COUNTY,071,3 Years,429,218,211,257,128,129,24,13,11,10,6,4,138,71,67
CHAMBERS COUNTY,071,4 Years,460,227,233,254,125,129,27,15,12,15,7,8,164,80,84
CHAMBERS COUNTY,071,5 Years,476,219,257,260,112,148,29,15,14,18,7,11,169,85,84
CHAMBERS COUNTY,071,6 Years,532,274,258,288,149,139,29,16,13,23,9,14,192,100,92
CHAMBERS COUNTY,071,7 Years,535,277,258,309,161,148,29,13,16,26,12,14,171,91,80
CHAMBERS COUNTY,071,8 Years,543,276,267,317,164,153,34,16,18,27,12,15,165,84,81
CHAMBERS COUNTY,071,9 Years,577,308,269,330,179,151,34,18,16,26,14,12,187,97,90
CHAMBERS COUNTY,071,10 Years,596,304,292,341,177,164,37,17,20,22,10,12,196,100,96
CHAMBERS COUNTY,071,11 Years,626,324,302,379,197,182,36,19,17,22,10,12,189,98,91
CHAMBERS COUNTY,071,12 Years,663,353,310,404,226,178,36,18,18,24,13,11,199,96,103
CHAMBERS COUNTY,071,13 Years,671,366,305,412,227,185,43,22,21,22,12,10,194,105,89
CHAMBERS COUNTY,071,14 Years,721,387,334,453,248,205,50,31,19,24,10,14,194,98,96
CHAMBERS COUNTY,071,15 Years,724,375,349,440,231,209,60,33,27,26,12,14,198,99,99
CHAMBERS COUNTY,071,16 Years,696,355,341,420,215,205,53,27,26,21,13,8,202,100,102
CHAMBERS COUNTY,071,17 Years,693,352,341,416,214,202,50,27,23,24,13,11,203,98,105
CHAMBERS COUNTY,071,18 Years,631,322,309,381,198,183,45,24,21,24,11,13,181,89,92
CHAMBERS COUNTY,071,19 Years,588,298,290,350,176,174,47,26,21,23,12,11,168,84,84
CHAMBERS COUNTY,071,20 Years,553,280,273,327,168,159,48,24,24,17,8,9,161,80,81
CHAMBERS COUNTY,071,21 Years,546,281,265,315,160,155,58,33,25,16,9,7,157,79,78
CHAMBERS COUNTY,071,22 Years,549,291,258,311,167,144,58,34,24,12,6,6,168,84,84
CHAMBERS COUNTY,071,23 Years,527,273,254,297,154,143,60,32,28,14,7,7,156,80,76
CHAMBERS COUNTY,071,24 Years,481,255,226,277,144,133,47,26,21,10,7,3,147,78,69
CHAMBERS COUNTY,071,25 Years,405,203,202,235,115,120,37,18,19,5,4,1,128,66,62
CHAMBERS COUNTY,071,26 Years,369,178,191,206,93,113,33,17,16,6,3,3,124,65,59
CHAMBERS COUNTY,071,27 Years,371,179,192,201,90,111,34,21,13,10,2,8,126,66,60
CHAMBERS COUNTY,071,28 Years,336,173,163,188,95,93,21,13,8,11,5,6,116,60,56
CHAMBERS COUNTY,071,29 Years,367,191,176,203,101,102,22,12,10,13,10,3,129,68,61
CHAMBERS COUNTY,071,30 Years,394,199,195,225,100,125,23,14,9,11,6,5,135,79,56
CHAMBERS COUNTY,071,31 Years,388,179,209,227,92,135,17,10,7,10,5,5,134,72,62
CHAMBERS COUNTY,071,32 Years,440,201,239,259,104,155,23,14,9,8,3,5,150,80,70
CHAMBERS COUNTY,071,33 Years,500,230,270,301,123,178,33,20,13,10,4,6,156,83,73
CHAMBERS COUNTY,071,34 Years,530,256,274,333,156,177,29,14,15,12,5,7,156,81,75
CHAMBERS COUNTY,071,35 Years,554,278,276,361,184,177,36,14,22,14,6,8,143,74,69
CHAMBERS COUNTY,071,36 Years,503,249,254,336,159,177,28,14,14,8,3,5,131,73,58
CHAMBERS COUNTY,071,37 Years,533,252,281,352,160,192,33,18,15,10,3,7,138,71,67
CHAMBERS COUNTY,071,38 Years,565,267,298,369,171,198,43,19,24,8,5,3,145,72,73
CHAMBERS COUNTY,071,39 Years,572,271,301,368,173,195,47,18,29,7,3,4,150,77,73
CHAMBERS COUNTY,071,40 Years,559,262,297,359,166,193,50,21,29,9,4,5,141,71,70
CHAMBERS COUNTY,071,41 Years,578,271,307,373,169,204,49,22,27,10,5,5,146,75,71
CHAMBERS COUNTY,071,42 Years,590,282,308,381,182,199,57,28,29,12,5,7,140,67,73
CHAMBERS COUNTY,071,43 Years,619,279,340,413,186,227,55,28,27,15,3,12,136,62,74
CHAMBERS COUNTY,071,44 Years,651,310,341,440,207,233,68,38,30,20,6,14,123,59,64
CHAMBERS COUNTY,071,45 Years,640,308,332,440,205,235,62,34,28,18,9,9,120,60,60
CHAMBERS COUNTY,071,46 Years,614,300,314,433,202,231,56,32,24,11,6,5,114,60,54
CHAMBERS COUNTY,071,47 Years,567,273,294,397,187,210,48,24,24,14,8,6,108,54,54
CHAMBERS COUNTY,071,48 Years,575,280,295,403,191,212,43,20,23,17,9,8,112,60,52
CHAMBERS COUNTY,071,49 Years,563,279,284,409,198,211,44,26,18,16,8,8,94,47,47
CHAMBERS COUNTY,071,50 Years,550,280,270,408,204,204,45,26,19,15,7,8,82,43,39
CHAMBERS COUNTY,071,51 Years,533,277,256,393,199,194,49,28,21,15,7,8,76,43,33
CHAMBERS COUNTY,071,52 Years,545,293,252,409,217,192,47,26,21,16,9,7,73,41,32
CHAMBERS COUNTY,071,53 Years,549,286,263,412,207,205,51,28,23,18,9,9,68,42,26
CHAMBERS COUNTY,071,54 Years,549,288,261,403,207,196,49,25,24,27,15,12,70,41,29
CHAMBERS COUNTY,071,55 Years,571,298,273,415,222,193,57,25,32,20,12,8,79,39,40
CHAMBERS COUNTY,071,56 Years,524,260,264,394,197,197,47,22,25,12,8,4,71,33,38
CHAMBERS COUNTY,071,57 Years,508,252,256,388,187,201,44,26,18,10,5,5,66,34,32
CHAMBERS COUNTY,071,58 Years,533,284,249,415,227,188,42,22,20,12,6,6,64,29,35
CHAMBERS COUNTY,071,59 Years,508,278,230,394,216,178,38,20,18,10,7,3,66,35,31
CHAMBERS COUNTY,071,60 Years,493,256,237,389,200,189,36,18,18,9,6,3,59,32,27
CHAMBERS COUNTY,071,61 Years,493,242,251,390,187,203,38,21,17,12,6,6,53,28,25
CHAMBERS COUNTY,071,62 Years,499,246,253,392,189,203,48,21,27,6,3,3,53,33,20
CHAMBERS COUNTY,071,63 Years,406,217,189,321,172,149,40,17,23,5,3,2,40,25,15
CHAMBERS COUNTY,071,64 Years,360,193,167,279,146,133,37,20,17,6,4,2,38,23,15
CHAMBERS COUNTY,071,65 Years,354,184,170,279,145,134,37,18,19,11,5,6,27,16,11
CHAMBERS COUNTY,071,66 Years,357,172,185,288,135,153,35,19,16,7,2,5,27,16,11
CHAMBERS COUNTY,071,67 Years,381,187,194,308,152,156,35,17,18,11,3,8,27,15,12
CHAMBERS COUNTY,071,68 Years,377,183,194,301,147,154,37,17,20,11,4,7,28,15,13
CHAMBERS COUNTY,071,69 Years,307,149,158,249,118,131,32,15,17,4,1,3,22,15,7
CHAMBERS COUNTY,071,70 Years,259,127,132,209,102,107,29,15,14,3,1,2,18,9,9
CHAMBERS COUNTY,071,71 Years,241,118,123,195,98,97,26,9,17,5,3,2,15,8,7
CHAMBERS COUNTY,071,72 Years,230,119,111,192,100,92,19,7,12,3,2,1,16,10,6
CHAMBERS COUNTY,071,73 Years,204,95,109,172,84,88,15,3,12,6,4,2,11,4,7
CHAMBERS COUNTY,071,74 Years,191,89,102,154,74,80,20,9,11,4,2,2,13,4,9
CHAMBERS COUNTY,071,75 Years,171,83,88,134,65,69,21,9,12,2,0,2,14,9,5
CHAMBERS COUNTY,071,76 Years,152,74,78,118,58,60,17,6,11,2,0,2,15,10,5
CHAMBERS COUNTY,071,77 Years,126,64,62,104,53,51,14,6,8,2,1,1,6,4,2
CHAMBERS COUNTY,071,78 Years,125,60,65,104,49,55,13,7,6,2,1,1,6,3,3
CHAMBERS COUNTY,071,79 Years,117,60,57,103,54,49,10,3,7,0,0,0,4,3,1
CHAMBERS COUNTY,071,80 Years,109,56,53,91,47,44,14,6,8,1,1,0,3,2,1
CHAMBERS COUNTY,071,81 Years,103,50,53,90,41,49,10,6,4,1,1,0,2,2,0
CHAMBERS COUNTY,071,82 Years,89,45,44,74,37,37,11,5,6,1,1,0,3,2,1
CHAMBERS COUNTY,071,83 Years,72,32,40,64,27,37,7,4,3,0,0,0,1,1,0
CHAMBERS COUNTY,071,84 Years,86,30,56,76,25,51,7,4,3,1,0,1,2,1,1
CHAMBERS COUNTY,071,85 Years +,437,164,273,374,136,238,33,10,23,11,6,5,19,12,7
CHEROKEE COUNTY,073,All Ages,52316,26783,25533,31055,15250,15805,7443,4037,3406,1361,637,724,12457,6859,5598
CHEROKEE COUNTY,073,< 1 Year,749,378,371,349,176,173,93,51,42,39,21,18,268,130,138
CHEROKEE COUNTY,073,1 Years,737,372,365,333,167,166,99,53,46,40,18,22,265,134,131
CHEROKEE COUNTY,073,2 Years,706,364,342,323,161,162,97,54,43,38,19,19,248,130,118
CHEROKEE COUNTY,073,3 Years,699,355,344,320,162,158,96,49,47,38,17,21,245,127,118
CHEROKEE COUNTY,073,4 Years,708,366,342,327,169,158,93,49,44,48,26,22,240,122,118
CHEROKEE COUNTY,073,5 Years,689,351,338,314,155,159,90,52,38,41,17,24,244,127,117
CHEROKEE COUNTY,073,6 Years,736,378,358,318,161,157,105,57,48,41,15,26,272,145,127
CHEROKEE COUNTY,073,7 Years,710,365,345,315,161,154,86,44,42,41,20,21,268,140,128
CHEROKEE COUNTY,073,8 Years,704,365,339,315,165,150,92,49,43,37,20,17,260,131,129
CHEROKEE COUNTY,073,9 Years,751,399,352,340,182,158,93,45,48,39,22,17,279,150,129
CHEROKEE COUNTY,073,10 Years,760,395,365,340,183,157,107,46,61,39,21,18,274,145,129
CHEROKEE COUNTY,073,11 Years,767,390,377,353,189,164,97,41,56,42,20,22,275,140,135
CHEROKEE COUNTY,073,12 Years,787,397,390,344,167,177,111,54,57,46,22,24,286,154,132
CHEROKEE COUNTY,073,13 Years,777,398,379,352,166,186,88,49,39,37,19,18,300,164,136
CHEROKEE COUNTY,073,14 Years,781,409,372,372,184,188,103,62,41,25,10,15,281,153,128
CHEROKEE COUNTY,073,15 Years,782,410,372,363,183,180,105,57,48,36,13,23,278,157,121
CHEROKEE COUNTY,073,16 Years,790,401,389,379,193,186,100,53,47,27,9,18,284,146,138
CHEROKEE COUNTY,073,17 Years,747,382,365,371,186,185,91,48,43,17,7,10,268,141,127
CHEROKEE COUNTY,073,18 Years,768,421,347,351,178,173,151,95,56,16,7,9,250,141,109
CHEROKEE COUNTY,073,19 Years,764,439,325,334,176,158,178,127,51,14,8,6,238,128,110
CHEROKEE COUNTY,073,20 Years,691,385,306,311,158,153,127,88,39,18,12,6,235,127,108
CHEROKEE COUNTY,073,21 Years,726,386,340,335,167,168,123,67,56,17,11,6,251,141,110
CHEROKEE COUNTY,073,22 Years,717,384,333,315,159,156,130,71,59,18,7,11,254,147,107
CHEROKEE COUNTY,073,23 Years,752,390,362,337,162,175,126,67,59,21,10,11,268,151,117
CHEROKEE COUNTY,073,24 Years,814,424,390,365,174,191,156,91,65,18,8,10,275,151,124
CHEROKEE COUNTY,073,25 Years,749,390,359,357,174,183,130,76,54,19,9,10,243,131,112
CHEROKEE COUNTY,073,26 Years,681,369,312,337,171,166,120,78,42,13,5,8,211,115,96
CHEROKEE COUNTY,073,27 Years,649,350,299,328,163,165,111,63,48,11,5,6,199,119,80
CHEROKEE COUNTY,073,28 Years,570,304,266,269,128,141,99,55,44,11,6,5,191,115,76
CHEROKEE COUNTY,073,29 Years,518,291,227,269,139,130,72,42,30,6,2,4,171,108,63
CHEROKEE COUNTY,073,30 Years,500,269,231,254,124,130,79,48,31,6,2,4,161,95,66
CHEROKEE COUNTY,073,31 Years,544,280,264,276,137,139,91,50,41,11,6,5,166,87,79
CHEROKEE COUNTY,073,32 Years,524,262,262,284,144,140,69,34,35,13,7,6,158,77,81
CHEROKEE COUNTY,073,33 Years,520,268,252,282,140,142,73,38,35,12,4,8,153,86,67
CHEROKEE COUNTY,073,34 Years,571,287,284,309,153,156,86,42,44,18,7,11,158,85,73
CHEROKEE COUNTY,073,35 Years,602,294,308,316,145,171,95,47,48,15,6,9,176,96,80
CHEROKEE COUNTY,073,36 Years,569,293,276,308,152,156,75,40,35,11,3,8,175,98,77
CHEROKEE COUNTY,073,37 Years,570,307,263,296,149,147,90,55,35,12,6,6,172,97,75
CHEROKEE COUNTY,073,38 Years,613,332,281,321,160,161,95,55,40,10,4,6,187,113,74
CHEROKEE COUNTY,073,39 Years,579,311,268,317,170,147,81,43,38,9,4,5,172,94,78
CHEROKEE COUNTY,073,40 Years,590,310,280,329,164,165,83,51,32,6,2,4,172,93,79
CHEROKEE COUNTY,073,41 Years,620,317,303,363,175,188,78,40,38,8,3,5,171,99,72
CHEROKEE COUNTY,073,42 Years,631,337,294,372,187,185,83,47,36,7,5,2,169,98,71
CHEROKEE COUNTY,073,43 Years,636,326,310,372,185,187,83,46,37,5,3,2,176,92,84
CHEROKEE COUNTY,073,44 Years,640,335,305,404,207,197,83,45,38,5,2,3,148,81,67
CHEROKEE COUNTY,073,45 Years,609,324,285,372,186,186,86,46,40,7,3,4,144,89,55
CHEROKEE COUNTY,073,46 Years,620,340,280,371,192,179,102,56,46,10,7,3,137,85,52
CHEROKEE COUNTY,073,47 Years,599,314,285,368,180,188,94,58,36,11,6,5,126,70,56
CHEROKEE COUNTY,073,48 Years,586,321,265,345,180,165,100,57,43,9,3,6,132,81,51
CHEROKEE COUNTY,073,49 Years,628,343,285,366,194,172,111,64,47,13,5,8,138,80,58
CHEROKEE COUNTY,073,50 Years,676,386,290,424,244,180,113,72,41,13,5,8,126,65,61
CHEROKEE COUNTY,073,51 Years,666,365,301,438,229,209,104,64,40,12,7,5,112,65,47
CHEROKEE COUNTY,073,52 Years,692,379,313,441,231,210,124,74,50,16,8,8,111,66,45
CHEROKEE COUNTY,073,53 Years,680,361,319,439,217,222,115,66,49,16,7,9,110,71,39
CHEROKEE COUNTY,073,54 Years,664,338,326,425,207,218,114,57,57,18,7,11,107,67,40
CHEROKEE COUNTY,073,55 Years,717,362,355,487,240,247,122,60,62,13,8,5,95,54,41
CHEROKEE COUNTY,073,56 Years,727,370,357,518,256,262,112,59,53,13,5,8,84,50,34
CHEROKEE COUNTY,073,57 Years,672,359,313,477,250,227,99,56,43,14,6,8,82,47,35
CHEROKEE COUNTY,073,58 Years,678,348,330,494,245,249,101,56,45,17,7,10,66,40,26
CHEROKEE COUNTY,073,59 Years,653,328,325,473,230,243,102,51,51,14,6,8,64,41,23
CHEROKEE COUNTY,073,60 Years,666,334,332,493,238,255,100,52,48,11,7,4,62,37,25
CHEROKEE COUNTY,073,61 Years,682,330,352,507,230,277,113,65,48,11,6,5,51,29,22
CHEROKEE COUNTY,073,62 Years,663,318,345,512,241,271,94,47,47,12,5,7,45,25,20
CHEROKEE COUNTY,073,63 Years,632,307,325,491,237,254,84,39,45,8,3,5,49,28,21
CHEROKEE COUNTY,073,64 Years,634,312,322,477,227,250,93,46,47,7,3,4,57,36,21
CHEROKEE COUNTY,073,65 Years,620,321,299,487,241,246,89,50,39,8,6,2,36,24,12
CHEROKEE COUNTY,073,66 Years,598,303,295,477,231,246,75,43,32,7,5,2,39,24,15
CHEROKEE COUNTY,073,67 Years,613,288,325,499,225,274,69,40,29,7,3,4,38,20,18
CHEROKEE COUNTY,073,68 Years,602,274,328,505,222,283,50,27,23,9,3,6,38,22,16
CHEROKEE COUNTY,073,69 Years,506,240,266,432,203,229,43,20,23,5,2,3,26,15,11
CHEROKEE COUNTY,073,70 Years,503,245,258,425,208,217,44,20,24,6,1,5,28,16,12
CHEROKEE COUNTY,073,71 Years,461,221,240,396,194,202,37,10,27,7,5,2,21,12,9
CHEROKEE COUNTY,073,72 Years,456,223,233,392,188,204,40,17,23,3,2,1,21,16,5
CHEROKEE COUNTY,073,73 Years,426,203,223,368,173,195,33,16,17,6,2,4,19,12,7
CHEROKEE COUNTY,073,74 Years,392,185,207,344,165,179,27,12,15,5,3,2,16,5,11
CHEROKEE COUNTY,073,75 Years,363,176,187,311,153,158,28,10,18,6,3,3,18,10,8
CHEROKEE COUNTY,073,76 Years,319,156,163,272,134,138,28,13,15,2,1,1,17,8,9
CHEROKEE COUNTY,073,77 Years,279,137,142,237,119,118,25,9,16,5,3,2,12,6,6
CHEROKEE COUNTY,073,78 Years,291,134,157,251,117,134,25,11,14,4,1,3,11,5,6
CHEROKEE COUNTY,073,79 Years,275,123,152,242,108,134,22,8,14,2,1,1,9,6,3
CHEROKEE COUNTY,073,80 Years,281,128,153,238,112,126,28,9,19,4,1,3,11,6,5
CHEROKEE COUNTY,073,81 Years,256,108,148,213,90,123,30,9,21,2,1,1,11,8,3
CHEROKEE COUNTY,073,82 Years,203,90,113,172,74,98,19,8,11,4,3,1,8,5,3
CHEROKEE COUNTY,073,83 Years,177,75,102,150,67,83,16,5,11,3,1,2,8,2,6
CHEROKEE COUNTY,073,84 Years,150,60,90,128,53,75,15,5,10,3,1,2,4,1,3
CHEROKEE COUNTY,073,85 Years +,913,318,595,759,268,491,104,36,68,17,5,12,33,9,24
CHILDRESS COUNTY,075,All Ages,6937,4100,2837,4145,2181,1964,657,527,130,165,83,82,1970,1309,661
CHILDRESS COUNTY,075,< 1 Year,71,38,33,37,18,19,4,2,2,3,1,2,27,17,10
CHILDRESS COUNTY,075,1 Years,74,37,37,40,20,20,3,1,2,5,2,3,26,14,12
CHILDRESS COUNTY,075,2 Years,79,40,39,45,24,21,2,0,2,6,3,3,26,13,13
CHILDRESS COUNTY,075,3 Years,79,42,37,41,22,19,1,0,1,4,2,2,33,18,15
CHILDRESS COUNTY,075,4 Years,83,46,37,44,24,20,2,1,1,5,2,3,32,19,13
CHILDRESS COUNTY,075,5 Years,80,41,39,42,25,17,3,1,2,4,2,2,31,13,18
CHILDRESS COUNTY,075,6 Years,82,45,37,52,29,23,1,0,1,3,2,1,26,14,12
CHILDRESS COUNTY,075,7 Years,85,45,40,50,27,23,4,3,1,3,2,1,28,13,15
CHILDRESS COUNTY,075,8 Years,86,41,45,51,24,27,5,2,3,2,1,1,28,14,14
CHILDRESS COUNTY,075,9 Years,82,43,39,45,21,24,5,4,1,2,2,0,30,16,14
CHILDRESS COUNTY,075,10 Years,79,39,40,48,23,25,3,2,1,3,1,2,25,13,12
CHILDRESS COUNTY,075,11 Years,69,35,34,42,24,18,2,1,1,5,0,5,20,10,10
CHILDRESS COUNTY,075,12 Years,75,41,34,48,27,21,2,2,0,3,1,2,22,11,11
CHILDRESS COUNTY,075,13 Years,87,45,42,47,23,24,3,1,2,3,2,1,34,19,15
CHILDRESS COUNTY,075,14 Years,76,44,32,42,23,19,1,1,0,3,2,1,30,18,12
CHILDRESS COUNTY,075,15 Years,88,54,34,48,26,22,3,1,2,4,3,1,33,24,9
CHILDRESS COUNTY,075,16 Years,81,48,33,45,25,20,5,3,2,3,2,1,28,18,10
CHILDRESS COUNTY,075,17 Years,82,44,38,44,22,22,7,4,3,3,2,1,28,16,12
CHILDRESS COUNTY,075,18 Years,99,60,39,50,26,24,12,9,3,2,1,1,35,24,11
CHILDRESS COUNTY,075,19 Years,95,60,35,46,25,21,14,12,2,1,0,1,34,23,11
CHILDRESS COUNTY,075,20 Years,111,73,38,53,29,24,21,17,4,2,1,1,35,26,9
CHILDRESS COUNTY,075,21 Years,132,106,26,44,29,15,24,22,2,1,0,1,63,55,8
CHILDRESS COUNTY,075,22 Years,165,131,34,59,41,18,36,33,3,2,0,2,68,57,11
CHILDRESS COUNTY,075,23 Years,178,134,44,76,51,25,26,23,3,2,1,1,74,59,15
CHILDRESS COUNTY,075,24 Years,172,139,33,70,49,21,28,27,1,5,2,3,69,61,8
CHILDRESS COUNTY,075,25 Years,162,141,21,64,49,15,39,39,0,2,1,1,57,52,5
CHILDRESS COUNTY,075,26 Years,166,137,29,53,35,18,33,32,1,2,1,1,78,69,9
CHILDRESS COUNTY,075,27 Years,140,116,24,45,30,15,36,35,1,1,1,0,58,50,8
CHILDRESS COUNTY,075,28 Years,141,120,21,55,40,15,26,26,0,2,2,0,58,52,6
CHILDRESS COUNTY,075,29 Years,114,93,21,47,32,15,27,26,1,1,1,0,39,34,5
CHILDRESS COUNTY,075,30 Years,122,90,32,50,29,21,25,25,0,1,1,0,46,35,11
CHILDRESS COUNTY,075,31 Years,118,84,34,57,36,21,21,17,4,1,1,0,39,30,9
CHILDRESS COUNTY,075,32 Years,83,54,29,48,28,20,15,12,3,2,1,1,18,13,5
CHILDRESS COUNTY,075,33 Years,82,55,27,44,24,20,14,14,0,1,1,0,23,16,7
CHILDRESS COUNTY,075,34 Years,86,58,28,37,19,18,12,12,0,2,1,1,35,26,9
CHILDRESS COUNTY,075,35 Years,87,54,33,39,19,20,6,5,1,2,1,1,40,29,11
CHILDRESS COUNTY,075,36 Years,72,34,38,38,15,23,7,5,2,2,2,0,25,12,13
CHILDRESS COUNTY,075,37 Years,78,38,40,40,18,22,7,5,2,5,2,3,26,13,13
CHILDRESS COUNTY,075,38 Years,81,49,32,40,21,19,9,7,2,3,2,1,29,19,10
CHILDRESS COUNTY,075,39 Years,71,38,33,36,17,19,6,4,2,2,1,1,27,16,11
CHILDRESS COUNTY,075,40 Years,81,54,27,52,32,20,6,6,0,3,2,1,20,14,6
CHILDRESS COUNTY,075,41 Years,72,47,25,38,24,14,11,10,1,1,0,1,22,13,9
CHILDRESS COUNTY,075,42 Years,67,36,31,37,18,19,6,5,1,1,1,0,23,12,11
CHILDRESS COUNTY,075,43 Years,71,40,31,49,27,22,6,5,1,1,1,0,15,7,8
CHILDRESS COUNTY,075,44 Years,57,28,29,48,25,23,1,1,0,1,1,0,7,1,6
CHILDRESS COUNTY,075,45 Years,65,38,27,44,25,19,5,4,1,1,1,0,15,8,7
CHILDRESS COUNTY,075,46 Years,71,39,32,40,21,19,7,3,4,4,2,2,20,13,7
CHILDRESS COUNTY,075,47 Years,61,37,24,32,19,13,7,4,3,2,1,1,20,13,7
CHILDRESS COUNTY,075,48 Years,65,32,33,45,23,22,4,1,3,0,0,0,16,8,8
CHILDRESS COUNTY,075,49 Years,64,32,32,43,21,22,6,4,2,0,0,0,15,7,8
CHILDRESS COUNTY,075,50 Years,78,40,38,58,29,29,8,5,3,1,1,0,11,5,6
CHILDRESS COUNTY,075,51 Years,84,44,40,56,28,28,7,3,4,2,1,1,19,12,7
CHILDRESS COUNTY,075,52 Years,77,47,30,58,39,19,3,1,2,3,0,3,13,7,6
CHILDRESS COUNTY,075,53 Years,69,39,30,52,28,24,8,6,2,1,0,1,8,5,3
CHILDRESS COUNTY,075,54 Years,67,29,38,54,23,31,3,2,1,1,0,1,9,4,5
CHILDRESS COUNTY,075,55 Years,69,32,37,48,22,26,3,1,2,2,1,1,16,8,8
CHILDRESS COUNTY,075,56 Years,72,36,36,54,27,27,2,2,0,2,0,2,14,7,7
CHILDRESS COUNTY,075,57 Years,74,33,41,56,23,33,4,4,0,2,1,1,12,5,7
CHILDRESS COUNTY,075,58 Years,75,32,43,59,26,33,3,1,2,1,1,0,12,4,8
CHILDRESS COUNTY,075,59 Years,82,46,36,61,34,27,5,2,3,2,0,2,14,10,4
CHILDRESS COUNTY,075,60 Years,77,44,33,58,33,25,4,2,2,2,1,1,13,8,5
CHILDRESS COUNTY,075,61 Years,74,36,38,58,28,30,1,1,0,3,2,1,12,5,7
CHILDRESS COUNTY,075,62 Years,86,41,45,69,33,36,1,0,1,2,2,0,14,6,8
CHILDRESS COUNTY,075,63 Years,83,44,39,67,37,30,3,2,1,1,1,0,12,4,8
CHILDRESS COUNTY,075,64 Years,70,38,32,52,29,23,5,3,2,2,1,1,11,5,6
CHILDRESS COUNTY,075,65 Years,65,35,30,49,25,24,4,2,2,2,1,1,10,7,3
CHILDRESS COUNTY,075,66 Years,62,33,29,53,27,26,2,1,1,0,0,0,7,5,2
CHILDRESS COUNTY,075,67 Years,66,32,34,56,25,31,2,2,0,0,0,0,8,5,3
CHILDRESS COUNTY,075,68 Years,74,34,40,59,28,31,2,2,0,2,0,2,11,4,7
CHILDRESS COUNTY,075,69 Years,58,28,30,44,24,20,1,0,1,2,0,2,11,4,7
CHILDRESS COUNTY,075,70 Years,60,27,33,50,23,27,0,0,0,1,0,1,9,4,5
CHILDRESS COUNTY,075,71 Years,65,28,37,57,25,32,2,1,1,1,0,1,5,2,3
CHILDRESS COUNTY,075,72 Years,59,31,28,54,28,26,0,0,0,1,0,1,4,3,1
CHILDRESS COUNTY,075,73 Years,56,25,31,48,22,26,3,0,3,2,1,1,3,2,1
CHILDRESS COUNTY,075,74 Years,51,23,28,43,19,24,3,1,2,0,0,0,5,3,2
CHILDRESS COUNTY,075,75 Years,38,19,19,29,15,14,2,0,2,0,0,0,7,4,3
CHILDRESS COUNTY,075,76 Years,36,13,23,30,12,18,2,0,2,0,0,0,4,1,3
CHILDRESS COUNTY,075,77 Years,40,17,23,34,16,18,1,0,1,2,1,1,3,0,3
CHILDRESS COUNTY,075,78 Years,41,15,26,37,12,25,0,0,0,1,1,0,3,2,1
CHILDRESS COUNTY,075,79 Years,39,19,20,32,12,20,2,2,0,0,0,0,5,5,0
CHILDRESS COUNTY,075,80 Years,35,15,20,30,13,17,3,0,3,0,0,0,2,2,0
CHILDRESS COUNTY,075,81 Years,38,16,22,32,13,19,1,0,1,1,1,0,4,2,2
CHILDRESS COUNTY,075,82 Years,37,16,21,33,14,19,1,0,1,1,1,0,2,1,1
CHILDRESS COUNTY,075,83 Years,28,17,11,23,13,10,1,1,0,0,0,0,4,3,1
CHILDRESS COUNTY,075,84 Years,26,11,15,21,9,12,0,0,0,0,0,0,5,2,3
CHILDRESS COUNTY,075,85 Years +,159,50,109,141,43,98,6,1,5,0,0,0,12,6,6
CLAY COUNTY,077,All Ages,10643,5203,5440,9774,4796,4978,50,30,20,322,149,173,497,228,269
CLAY COUNTY,077,< 1 Year,92,45,47,81,42,39,0,0,0,6,1,5,5,2,3
CLAY COUNTY,077,1 Years,101,49,52,84,42,42,0,0,0,6,2,4,11,5,6
CLAY COUNTY,077,2 Years,108,51,57,93,43,50,0,0,0,5,3,2,10,5,5
CLAY COUNTY,077,3 Years,105,46,59,94,41,53,0,0,0,4,1,3,7,4,3
CLAY COUNTY,077,4 Years,104,50,54,94,45,49,0,0,0,4,2,2,6,3,3
CLAY COUNTY,077,5 Years,148,71,77,130,66,64,0,0,0,7,1,6,11,4,7
CLAY COUNTY,077,6 Years,134,65,69,114,59,55,1,1,0,6,1,5,13,4,9
CLAY COUNTY,077,7 Years,132,68,64,114,58,56,1,1,0,7,3,4,10,6,4
CLAY COUNTY,077,8 Years,119,64,55,105,55,50,1,1,0,4,2,2,9,6,3
CLAY COUNTY,077,9 Years,125,71,54,108,60,48,1,1,0,5,4,1,11,6,5
CLAY COUNTY,077,10 Years,131,63,68,117,58,59,1,1,0,4,1,3,9,3,6
CLAY COUNTY,077,11 Years,132,68,64,121,61,60,0,0,0,3,2,1,8,5,3
CLAY COUNTY,077,12 Years,129,66,63,118,60,58,1,0,1,2,1,1,8,5,3
CLAY COUNTY,077,13 Years,130,68,62,114,60,54,1,1,0,4,2,2,11,5,6
CLAY COUNTY,077,14 Years,138,66,72,122,60,62,1,1,0,3,1,2,12,4,8
CLAY COUNTY,077,15 Years,140,67,73,122,63,59,1,0,1,3,1,2,14,3,11
CLAY COUNTY,077,16 Years,137,66,71,121,61,60,0,0,0,4,2,2,12,3,9
CLAY COUNTY,077,17 Years,144,77,67,130,71,59,1,1,0,5,4,1,8,1,7
CLAY COUNTY,077,18 Years,153,81,72,135,72,63,0,0,0,7,5,2,11,4,7
CLAY COUNTY,077,19 Years,140,69,71,122,62,60,2,1,1,6,3,3,10,3,7
CLAY COUNTY,077,20 Years,128,67,61,109,57,52,1,0,1,5,3,2,13,7,6
CLAY COUNTY,077,21 Years,140,78,62,120,69,51,1,0,1,8,6,2,11,3,8
CLAY COUNTY,077,22 Years,126,64,62,109,53,56,0,0,0,6,5,1,11,6,5
CLAY COUNTY,077,23 Years,128,64,64,116,59,57,2,1,1,3,2,1,7,2,5
CLAY COUNTY,077,24 Years,111,52,59,100,47,53,1,1,0,2,1,1,8,3,5
CLAY COUNTY,077,25 Years,107,48,59,96,44,52,2,1,1,3,1,2,6,2,4
CLAY COUNTY,077,26 Years,87,40,47,79,36,43,0,0,0,3,1,2,5,3,2
CLAY COUNTY,077,27 Years,87,48,39,82,44,38,2,2,0,1,1,0,2,1,1
CLAY COUNTY,077,28 Years,79,38,41,71,35,36,1,0,1,2,1,1,5,2,3
CLAY COUNTY,077,29 Years,70,36,34,66,33,33,0,0,0,1,1,0,3,2,1
CLAY COUNTY,077,30 Years,87,47,40,81,44,37,0,0,0,3,1,2,3,2,1
CLAY COUNTY,077,31 Years,75,32,43,70,29,41,1,1,0,2,1,1,2,1,1
CLAY COUNTY,077,32 Years,87,35,52,79,32,47,0,0,0,3,1,2,5,2,3
CLAY COUNTY,077,33 Years,93,43,50,85,39,46,0,0,0,2,0,2,6,4,2
CLAY COUNTY,077,34 Years,98,49,49,92,48,44,0,0,0,2,0,2,4,1,3
CLAY COUNTY,077,35 Years,108,59,49,101,55,46,0,0,0,2,1,1,5,3,2
CLAY COUNTY,077,36 Years,111,59,52,98,51,47,0,0,0,5,2,3,8,6,2
CLAY COUNTY,077,37 Years,124,57,67,114,52,62,1,1,0,3,1,2,6,3,3
CLAY COUNTY,077,38 Years,123,60,63,112,53,59,0,0,0,4,2,2,7,5,2
CLAY COUNTY,077,39 Years,123,59,64,110,53,57,1,0,1,5,1,4,7,5,2
CLAY COUNTY,077,40 Years,112,49,63,103,46,57,1,0,1,2,1,1,6,2,4
CLAY COUNTY,077,41 Years,115,58,57,101,51,50,3,1,2,3,1,2,8,5,3
CLAY COUNTY,077,42 Years,115,56,59,102,49,53,1,0,1,3,1,2,9,6,3
CLAY COUNTY,077,43 Years,124,55,69,114,51,63,2,2,0,3,0,3,5,2,3
CLAY COUNTY,077,44 Years,135,64,71,125,62,63,1,0,1,6,1,5,3,1,2
CLAY COUNTY,077,45 Years,145,68,77,132,62,70,0,0,0,5,2,3,8,4,4
CLAY COUNTY,077,46 Years,134,70,64,124,65,59,0,0,0,5,4,1,5,1,4
CLAY COUNTY,077,47 Years,137,67,70,123,58,65,0,0,0,8,4,4,6,5,1
CLAY COUNTY,077,48 Years,128,65,63,117,61,56,0,0,0,7,2,5,4,2,2
CLAY COUNTY,077,49 Years,126,60,66,117,56,61,0,0,0,2,1,1,7,3,4
CLAY COUNTY,077,50 Years,148,71,77,136,66,70,1,0,1,6,3,3,5,2,3
CLAY COUNTY,077,51 Years,175,83,92,162,79,83,2,2,0,7,1,6,4,1,3
CLAY COUNTY,077,52 Years,177,89,88,161,82,79,0,0,0,10,3,7,6,4,2
CLAY COUNTY,077,53 Years,174,88,86,158,81,77,2,1,1,5,2,3,9,4,5
CLAY COUNTY,077,54 Years,175,86,89,164,82,82,1,0,1,2,1,1,8,3,5
CLAY COUNTY,077,55 Years,181,93,88,169,86,83,0,0,0,4,3,1,8,4,4
CLAY COUNTY,077,56 Years,182,88,94,170,83,87,1,0,1,4,3,1,7,2,5
CLAY COUNTY,077,57 Years,187,93,94,175,85,90,1,1,0,5,3,2,6,4,2
CLAY COUNTY,077,58 Years,169,87,82,159,80,79,2,1,1,5,5,0,3,1,2
CLAY COUNTY,077,59 Years,183,81,102,178,77,101,1,1,0,2,2,0,2,1,1
CLAY COUNTY,077,60 Years,191,95,96,185,90,95,0,0,0,2,2,0,4,3,1
CLAY COUNTY,077,61 Years,182,93,89,176,89,87,1,1,0,4,2,2,1,1,0
CLAY COUNTY,077,62 Years,180,83,97,170,78,92,1,1,0,3,1,2,6,3,3
CLAY COUNTY,077,63 Years,167,77,90,159,73,86,1,1,0,4,2,2,3,1,2
CLAY COUNTY,077,64 Years,143,69,74,136,68,68,1,0,1,4,1,3,2,0,2
CLAY COUNTY,077,65 Years,139,69,70,133,65,68,0,0,0,3,2,1,3,2,1
CLAY COUNTY,077,66 Years,147,69,78,143,67,76,0,0,0,1,1,0,3,1,2
CLAY COUNTY,077,67 Years,152,76,76,144,70,74,1,1,0,4,3,1,3,2,1
CLAY COUNTY,077,68 Years,146,70,76,137,68,69,0,0,0,5,1,4,4,1,3
CLAY COUNTY,077,69 Years,110,52,58,103,50,53,0,0,0,4,1,3,3,1,2
CLAY COUNTY,077,70 Years,121,60,61,115,56,59,0,0,0,3,2,1,3,2,1
CLAY COUNTY,077,71 Years,128,61,67,127,61,66,0,0,0,1,0,1,0,0,0
CLAY COUNTY,077,72 Years,124,59,65,119,57,62,0,0,0,2,1,1,3,1,2
CLAY COUNTY,077,73 Years,99,52,47,95,49,46,0,0,0,2,2,0,2,1,1
CLAY COUNTY,077,74 Years,88,44,44,83,43,40,0,0,0,2,1,1,3,0,3
CLAY COUNTY,077,75 Years,86,43,43,81,40,41,1,1,0,2,1,1,2,1,1
CLAY COUNTY,077,76 Years,100,43,57,95,42,53,0,0,0,3,1,2,2,0,2
CLAY COUNTY,077,77 Years,91,44,47,85,41,44,0,0,0,4,2,2,2,1,1
CLAY COUNTY,077,78 Years,73,35,38,70,34,36,0,0,0,1,0,1,2,1,1
CLAY COUNTY,077,79 Years,65,34,31,63,34,29,0,0,0,2,0,2,0,0,0
CLAY COUNTY,077,80 Years,58,31,27,55,29,26,0,0,0,2,1,1,1,1,0
CLAY COUNTY,077,81 Years,59,25,34,56,23,33,0,0,0,2,1,1,1,1,0
CLAY COUNTY,077,82 Years,52,20,32,49,20,29,0,0,0,2,0,2,1,0,1
CLAY COUNTY,077,83 Years,48,21,27,47,21,26,0,0,0,1,0,1,0,0,0
CLAY COUNTY,077,84 Years,40,18,22,39,17,22,0,0,0,1,1,0,0,0,0
CLAY COUNTY,077,85 Years +,198,83,115,190,77,113,0,0,0,4,3,1,4,3,1
COCHRAN COUNTY,079,All Ages,3053,1521,1532,1260,629,631,101,39,62,34,16,18,1658,837,821
COCHRAN COUNTY,079,< 1 Year,42,24,18,16,11,5,0,0,0,0,0,0,26,13,13
COCHRAN COUNTY,079,1 Years,41,22,19,15,8,7,0,0,0,0,0,0,26,14,12
COCHRAN COUNTY,079,2 Years,46,27,19,17,11,6,0,0,0,0,0,0,29,16,13
COCHRAN COUNTY,079,3 Years,49,29,20,15,8,7,0,0,0,1,1,0,33,20,13
COCHRAN COUNTY,079,4 Years,50,28,22,16,8,8,1,1,0,2,1,1,31,18,13
COCHRAN COUNTY,079,5 Years,48,30,18,15,6,9,0,0,0,0,0,0,33,24,9
COCHRAN COUNTY,079,6 Years,48,23,25,10,4,6,0,0,0,0,0,0,38,19,19
COCHRAN COUNTY,079,7 Years,42,24,18,12,7,5,0,0,0,1,1,0,29,16,13
COCHRAN COUNTY,079,8 Years,47,18,29,11,3,8,1,0,1,0,0,0,35,15,20
COCHRAN COUNTY,079,9 Years,43,22,21,13,6,7,1,0,1,0,0,0,29,16,13
COCHRAN COUNTY,079,10 Years,45,22,23,13,9,4,2,1,1,1,0,1,29,12,17
COCHRAN COUNTY,079,11 Years,48,22,26,10,7,3,1,1,0,0,0,0,37,14,23
COCHRAN COUNTY,079,12 Years,51,28,23,10,6,4,0,0,0,0,0,0,41,22,19
COCHRAN COUNTY,079,13 Years,46,21,25,13,8,5,0,0,0,0,0,0,33,13,20
COCHRAN COUNTY,079,14 Years,36,14,22,8,4,4,1,0,1,0,0,0,27,10,17
COCHRAN COUNTY,079,15 Years,36,16,20,11,4,7,0,0,0,0,0,0,25,12,13
COCHRAN COUNTY,079,16 Years,53,30,23,18,9,9,2,2,0,1,0,1,32,19,13
COCHRAN COUNTY,079,17 Years,43,22,21,12,7,5,1,1,0,2,1,1,28,13,15
COCHRAN COUNTY,079,18 Years,44,23,21,13,6,7,2,0,2,2,1,1,27,16,11
COCHRAN COUNTY,079,19 Years,46,21,25,15,6,9,2,1,1,1,1,0,28,13,15
COCHRAN COUNTY,079,20 Years,42,21,21,11,6,5,2,2,0,0,0,0,29,13,16
COCHRAN COUNTY,079,21 Years,52,22,30,17,8,9,3,1,2,0,0,0,32,13,19
COCHRAN COUNTY,079,22 Years,55,25,30,18,9,9,3,0,3,0,0,0,34,16,18
COCHRAN COUNTY,079,23 Years,45,23,22,19,12,7,2,1,1,1,1,0,23,9,14
COCHRAN COUNTY,079,24 Years,50,27,23,21,11,10,3,2,1,0,0,0,26,14,12
COCHRAN COUNTY,079,25 Years,41,22,19,17,9,8,1,1,0,0,0,0,23,12,11
COCHRAN COUNTY,079,26 Years,41,21,20,19,11,8,1,1,0,0,0,0,21,9,12
COCHRAN COUNTY,079,27 Years,34,15,19,11,6,5,1,1,0,0,0,0,22,8,14
COCHRAN COUNTY,079,28 Years,39,19,20,12,5,7,1,0,1,0,0,0,26,14,12
COCHRAN COUNTY,079,29 Years,33,18,15,10,4,6,2,2,0,0,0,0,21,12,9
COCHRAN COUNTY,079,30 Years,36,19,17,14,7,7,1,1,0,0,0,0,21,11,10
COCHRAN COUNTY,079,31 Years,36,17,19,14,7,7,0,0,0,0,0,0,22,10,12
COCHRAN COUNTY,079,32 Years,25,12,13,11,5,6,1,1,0,0,0,0,13,6,7
COCHRAN COUNTY,079,33 Years,32,12,20,13,5,8,2,0,2,0,0,0,17,7,10
COCHRAN COUNTY,079,34 Years,39,21,18,8,5,3,2,0,2,0,0,0,29,16,13
COCHRAN COUNTY,079,35 Years,37,19,18,10,4,6,1,0,1,0,0,0,26,15,11
COCHRAN COUNTY,079,36 Years,26,17,9,9,5,4,0,0,0,0,0,0,17,12,5
COCHRAN COUNTY,079,37 Years,27,14,13,6,5,1,1,1,0,0,0,0,20,8,12
COCHRAN COUNTY,079,38 Years,29,16,13,11,6,5,0,0,0,0,0,0,18,10,8
COCHRAN COUNTY,079,39 Years,19,10,9,8,5,3,0,0,0,0,0,0,11,5,6
COCHRAN COUNTY,079,40 Years,22,9,13,9,4,5,0,0,0,0,0,0,13,5,8
COCHRAN COUNTY,079,41 Years,22,9,13,9,2,7,0,0,0,0,0,0,13,7,6
COCHRAN COUNTY,079,42 Years,24,9,15,12,4,8,0,0,0,0,0,0,12,5,7
COCHRAN COUNTY,079,43 Years,28,15,13,10,5,5,2,2,0,0,0,0,16,8,8
COCHRAN COUNTY,079,44 Years,34,16,18,9,3,6,1,1,0,0,0,0,24,12,12
COCHRAN COUNTY,079,45 Years,33,11,22,9,4,5,2,0,2,1,0,1,21,7,14
COCHRAN COUNTY,079,46 Years,31,14,17,10,3,7,1,1,0,1,0,1,19,10,9
COCHRAN COUNTY,079,47 Years,43,23,20,18,10,8,4,1,3,0,0,0,21,12,9
COCHRAN COUNTY,079,48 Years,32,18,14,13,8,5,2,0,2,1,0,1,16,10,6
COCHRAN COUNTY,079,49 Years,29,15,14,15,6,9,1,0,1,0,0,0,13,9,4
COCHRAN COUNTY,079,50 Years,40,17,23,17,6,11,1,0,1,1,1,0,21,10,11
COCHRAN COUNTY,079,51 Years,39,16,23,14,6,8,2,0,2,1,0,1,22,10,12
COCHRAN COUNTY,079,52 Years,48,25,23,21,11,10,3,0,3,0,0,0,24,14,10
COCHRAN COUNTY,079,53 Years,46,26,20,24,13,11,1,1,0,1,0,1,20,12,8
COCHRAN COUNTY,079,54 Years,40,21,19,22,12,10,2,0,2,0,0,0,16,9,7
COCHRAN COUNTY,079,55 Years,39,23,16,19,12,7,2,1,1,1,0,1,17,10,7
COCHRAN COUNTY,079,56 Years,37,19,18,18,9,9,2,1,1,1,0,1,16,9,7
COCHRAN COUNTY,079,57 Years,31,14,17,18,9,9,2,1,1,1,0,1,10,4,6
COCHRAN COUNTY,079,58 Years,36,13,23,22,10,12,3,1,2,0,0,0,11,2,9
COCHRAN COUNTY,079,59 Years,46,24,22,28,16,12,1,0,1,0,0,0,17,8,9
COCHRAN COUNTY,079,60 Years,45,24,21,29,17,12,1,0,1,1,0,1,14,7,7
COCHRAN COUNTY,079,61 Years,39,19,20,21,12,9,1,0,1,1,0,1,16,7,9
COCHRAN COUNTY,079,62 Years,30,15,15,16,7,9,1,0,1,0,0,0,13,8,5
COCHRAN COUNTY,079,63 Years,32,14,18,17,7,10,0,0,0,1,1,0,14,6,8
COCHRAN COUNTY,079,64 Years,31,18,13,18,10,8,2,1,1,0,0,0,11,7,4
COCHRAN COUNTY,079,65 Years,31,16,15,17,8,9,1,0,1,1,0,1,12,8,4
COCHRAN COUNTY,079,66 Years,33,18,15,12,8,4,2,1,1,1,0,1,18,9,9
COCHRAN COUNTY,079,67 Years,29,15,14,15,8,7,0,0,0,1,1,0,13,6,7
COCHRAN COUNTY,079,68 Years,32,16,16,19,9,10,2,1,1,0,0,0,11,6,5
COCHRAN COUNTY,079,69 Years,26,15,11,12,7,5,0,0,0,1,1,0,13,7,6
COCHRAN COUNTY,079,70 Years,25,12,13,15,6,9,0,0,0,0,0,0,10,6,4
COCHRAN COUNTY,079,71 Years,26,16,10,15,8,7,0,0,0,1,1,0,10,7,3
COCHRAN COUNTY,079,72 Years,21,13,8,11,6,5,0,0,0,1,1,0,9,6,3
COCHRAN COUNTY,079,73 Years,19,7,12,11,3,8,1,0,1,0,0,0,7,4,3
COCHRAN COUNTY,079,74 Years,29,12,17,18,7,11,2,2,0,0,0,0,9,3,6
COCHRAN COUNTY,079,75 Years,20,9,11,12,7,5,1,0,1,0,0,0,7,2,5
COCHRAN COUNTY,079,76 Years,24,12,12,15,7,8,1,0,1,1,1,0,7,4,3
COCHRAN COUNTY,079,77 Years,27,13,14,18,8,10,0,0,0,0,0,0,9,5,4
COCHRAN COUNTY,079,78 Years,25,11,14,17,8,9,1,1,0,0,0,0,7,2,5
COCHRAN COUNTY,079,79 Years,30,13,17,18,8,10,2,1,1,0,0,0,10,4,6
COCHRAN COUNTY,079,80 Years,21,12,9,13,8,5,2,0,2,0,0,0,6,4,2
COCHRAN COUNTY,079,81 Years,20,8,12,12,5,7,3,0,3,1,0,1,4,3,1
COCHRAN COUNTY,079,82 Years,17,6,11,10,3,7,1,0,1,1,1,0,5,2,3
COCHRAN COUNTY,079,83 Years,15,7,8,10,5,5,1,0,1,1,1,0,3,1,2
COCHRAN COUNTY,079,84 Years,15,8,7,11,5,6,1,1,0,0,0,0,3,2,1
COCHRAN COUNTY,079,85 Years +,49,19,30,39,16,23,2,0,2,0,0,0,8,3,5
COKE COUNTY,081,All Ages,3202,1583,1619,2516,1228,1288,6,4,2,65,34,31,615,317,298
COKE COUNTY,081,< 1 Year,33,20,13,27,17,10,0,0,0,2,1,1,4,2,2
COKE COUNTY,081,1 Years,30,17,13,26,15,11,0,0,0,0,0,0,4,2,2
COKE COUNTY,081,2 Years,28,14,14,24,13,11,0,0,0,0,0,0,4,1,3
COKE COUNTY,081,3 Years,28,15,13,24,13,11,0,0,0,0,0,0,4,2,2
COKE COUNTY,081,4 Years,27,13,14,22,11,11,0,0,0,0,0,0,5,2,3
COKE COUNTY,081,5 Years,30,13,17,23,8,15,1,0,1,1,1,0,5,4,1
COKE COUNTY,081,6 Years,27,14,13,17,6,11,0,0,0,1,1,0,9,7,2
COKE COUNTY,081,7 Years,36,19,17,24,13,11,0,0,0,0,0,0,12,6,6
COKE COUNTY,081,8 Years,33,20,13,22,14,8,0,0,0,0,0,0,11,6,5
COKE COUNTY,081,9 Years,36,20,16,24,15,9,0,0,0,1,0,1,11,5,6
COKE COUNTY,081,10 Years,28,18,10,17,11,6,0,0,0,0,0,0,11,7,4
COKE COUNTY,081,11 Years,27,9,18,16,6,10,0,0,0,0,0,0,11,3,8
COKE COUNTY,081,12 Years,36,12,24,23,8,15,0,0,0,1,1,0,12,3,9
COKE COUNTY,081,13 Years,43,19,24,28,13,15,0,0,0,2,1,1,13,5,8
COKE COUNTY,081,14 Years,51,25,26,36,17,19,0,0,0,1,1,0,14,7,7
COKE COUNTY,081,15 Years,48,23,25,35,15,20,0,0,0,0,0,0,13,8,5
COKE COUNTY,081,16 Years,39,21,18,32,17,15,0,0,0,0,0,0,7,4,3
COKE COUNTY,081,17 Years,37,16,21,27,10,17,0,0,0,1,1,0,9,5,4
COKE COUNTY,081,18 Years,40,22,18,27,15,12,0,0,0,3,1,2,10,6,4
COKE COUNTY,081,19 Years,37,21,16,26,14,12,0,0,0,2,2,0,9,5,4
COKE COUNTY,081,20 Years,37,20,17,24,12,12,0,0,0,2,1,1,11,7,4
COKE COUNTY,081,21 Years,34,20,14,23,13,10,0,0,0,1,1,0,10,6,4
COKE COUNTY,081,22 Years,46,28,18,28,19,9,0,0,0,4,2,2,14,7,7
COKE COUNTY,081,23 Years,38,23,15,22,15,7,0,0,0,2,1,1,14,7,7
COKE COUNTY,081,24 Years,28,17,11,17,10,7,0,0,0,1,1,0,10,6,4
COKE COUNTY,081,25 Years,27,14,13,17,8,9,1,1,0,0,0,0,9,5,4
COKE COUNTY,081,26 Years,30,15,15,21,10,11,1,1,0,0,0,0,8,4,4
COKE COUNTY,081,27 Years,21,13,8,15,10,5,0,0,0,1,1,0,5,2,3
COKE COUNTY,081,28 Years,22,13,9,12,7,5,0,0,0,2,0,2,8,6,2
COKE COUNTY,081,29 Years,25,12,13,16,8,8,0,0,0,2,1,1,7,3,4
COKE COUNTY,081,30 Years,26,15,11,18,9,9,0,0,0,1,1,0,7,5,2
COKE COUNTY,081,31 Years,35,21,14,28,16,12,0,0,0,0,0,0,7,5,2
COKE COUNTY,081,32 Years,25,13,12,21,10,11,0,0,0,0,0,0,4,3,1
COKE COUNTY,081,33 Years,26,11,15,22,10,12,0,0,0,1,0,1,3,1,2
COKE COUNTY,081,34 Years,28,15,13,21,10,11,0,0,0,0,0,0,7,5,2
COKE COUNTY,081,35 Years,28,13,15,19,8,11,0,0,0,2,0,2,7,5,2
COKE COUNTY,081,36 Years,30,12,18,23,10,13,0,0,0,1,0,1,6,2,4
COKE COUNTY,081,37 Years,25,13,12,20,10,10,1,1,0,0,0,0,4,2,2
COKE COUNTY,081,38 Years,24,12,12,19,9,10,1,1,0,0,0,0,4,2,2
COKE COUNTY,081,39 Years,26,13,13,18,10,8,0,0,0,2,1,1,6,2,4
COKE COUNTY,081,40 Years,27,13,14,21,11,10,0,0,0,1,1,0,5,1,4
COKE COUNTY,081,41 Years,22,10,12,17,8,9,0,0,0,0,0,0,5,2,3
COKE COUNTY,081,42 Years,26,12,14,19,10,9,0,0,0,1,0,1,6,2,4
COKE COUNTY,081,43 Years,25,10,15,21,8,13,0,0,0,0,0,0,4,2,2
COKE COUNTY,081,44 Years,24,12,12,18,9,9,0,0,0,0,0,0,6,3,3
COKE COUNTY,081,45 Years,31,15,16,24,11,13,0,0,0,0,0,0,7,4,3
COKE COUNTY,081,46 Years,40,21,19,32,17,15,0,0,0,0,0,0,8,4,4
COKE COUNTY,081,47 Years,36,19,17,24,13,11,0,0,0,0,0,0,12,6,6
COKE COUNTY,081,48 Years,39,21,18,28,15,13,0,0,0,0,0,0,11,6,5
COKE COUNTY,081,49 Years,36,18,18,22,10,12,0,0,0,0,0,0,14,8,6
COKE COUNTY,081,50 Years,56,21,35,45,16,29,0,0,0,0,0,0,11,5,6
COKE COUNTY,081,51 Years,51,25,26,39,20,19,0,0,0,2,0,2,10,5,5
COKE COUNTY,081,52 Years,46,24,22,35,17,18,1,0,1,0,0,0,10,7,3
COKE COUNTY,081,53 Years,52,27,25,40,20,20,0,0,0,2,1,1,10,6,4
COKE COUNTY,081,54 Years,52,26,26,43,21,22,0,0,0,1,1,0,8,4,4
COKE COUNTY,081,55 Years,44,20,24,30,14,16,0,0,0,1,1,0,13,5,8
COKE COUNTY,081,56 Years,49,24,25,38,18,20,0,0,0,2,2,0,9,4,5
COKE COUNTY,081,57 Years,49,25,24,40,20,20,0,0,0,2,2,0,7,3,4
COKE COUNTY,081,58 Years,50,26,24,42,22,20,0,0,0,0,0,0,8,4,4
COKE COUNTY,081,59 Years,45,23,22,40,19,21,0,0,0,0,0,0,5,4,1
COKE COUNTY,081,60 Years,44,25,19,39,22,17,0,0,0,0,0,0,5,3,2
COKE COUNTY,081,61 Years,55,28,27,44,22,22,0,0,0,1,1,0,10,5,5
COKE COUNTY,081,62 Years,49,24,25,42,21,21,0,0,0,0,0,0,7,3,4
COKE COUNTY,081,63 Years,44,22,22,39,19,20,0,0,0,0,0,0,5,3,2
COKE COUNTY,081,64 Years,48,28,20,46,26,20,0,0,0,0,0,0,2,2,0
COKE COUNTY,081,65 Years,45,21,24,40,19,21,0,0,0,1,1,0,4,1,3
COKE COUNTY,081,66 Years,52,23,29,43,19,24,0,0,0,1,1,0,8,3,5
COKE COUNTY,081,67 Years,50,21,29,45,19,26,0,0,0,0,0,0,5,2,3
COKE COUNTY,081,68 Years,50,22,28,41,19,22,0,0,0,1,0,1,8,3,5
COKE COUNTY,081,69 Years,33,10,23,27,10,17,0,0,0,2,0,2,4,0,4
COKE COUNTY,081,70 Years,49,22,27,43,19,24,0,0,0,2,1,1,4,2,2
COKE COUNTY,081,71 Years,51,26,25,43,22,21,0,0,0,3,1,2,5,3,2
COKE COUNTY,081,72 Years,49,22,27,43,21,22,0,0,0,1,0,1,5,1,4
COKE COUNTY,081,73 Years,43,19,24,38,15,23,0,0,0,0,0,0,5,4,1
COKE COUNTY,081,74 Years,44,18,26,39,15,24,0,0,0,1,0,1,4,3,1
COKE COUNTY,081,75 Years,40,22,18,38,21,17,0,0,0,0,0,0,2,1,1
COKE COUNTY,081,76 Years,38,20,18,36,20,16,0,0,0,1,0,1,1,0,1
COKE COUNTY,081,77 Years,35,15,20,32,14,18,0,0,0,1,0,1,2,1,1
COKE COUNTY,081,78 Years,36,21,15,32,18,14,0,0,0,1,1,0,3,2,1
COKE COUNTY,081,79 Years,34,16,18,31,16,15,0,0,0,0,0,0,3,0,3
COKE COUNTY,081,80 Years,30,14,16,27,13,14,0,0,0,0,0,0,3,1,2
COKE COUNTY,081,81 Years,26,13,13,23,11,12,0,0,0,0,0,0,3,2,1
COKE COUNTY,081,82 Years,20,11,9,19,10,9,0,0,0,0,0,0,1,1,0
COKE COUNTY,081,83 Years,19,8,11,18,7,11,0,0,0,0,0,0,1,1,0
COKE COUNTY,081,84 Years,27,14,13,22,10,12,0,0,0,0,0,0,5,4,1
COKE COUNTY,081,85 Years +,116,42,74,104,36,68,0,0,0,0,0,0,12,6,6
COLEMAN COUNTY,083,All Ages,8572,4353,4219,6621,3362,3259,203,100,103,210,100,110,1538,791,747
COLEMAN COUNTY,083,< 1 Year,79,39,40,47,25,22,5,1,4,10,5,5,17,8,9
COLEMAN COUNTY,083,1 Years,84,40,44,49,26,23,7,4,3,10,3,7,18,7,11
COLEMAN COUNTY,083,2 Years,96,45,51,56,30,26,6,3,3,11,3,8,23,9,14
COLEMAN COUNTY,083,3 Years,99,46,53,59,27,32,4,2,2,9,3,6,27,14,13
COLEMAN COUNTY,083,4 Years,109,57,52,66,34,32,5,1,4,6,3,3,32,19,13
COLEMAN COUNTY,083,5 Years,109,57,52,71,34,37,5,2,3,3,2,1,30,19,11
COLEMAN COUNTY,083,6 Years,94,44,50,64,28,36,2,1,1,3,1,2,25,14,11
COLEMAN COUNTY,083,7 Years,95,48,47,67,36,31,1,0,1,3,1,2,24,11,13
COLEMAN COUNTY,083,8 Years,109,55,54,66,32,34,3,2,1,4,2,2,36,19,17
COLEMAN COUNTY,083,9 Years,88,43,45,55,27,28,2,1,1,6,4,2,25,11,14
COLEMAN COUNTY,083,10 Years,101,54,47,70,38,32,2,1,1,3,2,1,26,13,13
COLEMAN COUNTY,083,11 Years,104,57,47,72,38,34,2,2,0,3,2,1,27,15,12
COLEMAN COUNTY,083,12 Years,111,56,55,80,41,39,3,0,3,2,1,1,26,14,12
COLEMAN COUNTY,083,13 Years,101,54,47,70,41,29,2,1,1,1,1,0,28,11,17
COLEMAN COUNTY,083,14 Years,104,58,46,77,44,33,2,1,1,1,1,0,24,12,12
COLEMAN COUNTY,083,15 Years,107,62,45,71,44,27,5,2,3,6,5,1,25,11,14
COLEMAN COUNTY,083,16 Years,126,79,47,88,58,30,1,0,1,3,2,1,34,19,15
COLEMAN COUNTY,083,17 Years,112,61,51,77,42,35,0,0,0,4,4,0,31,15,16
COLEMAN COUNTY,083,18 Years,101,53,48,68,33,35,3,3,0,3,3,0,27,14,13
COLEMAN COUNTY,083,19 Years,101,51,50,71,36,35,2,2,0,2,2,0,26,11,15
COLEMAN COUNTY,083,20 Years,82,48,34,53,31,22,1,1,0,2,2,0,26,14,12
COLEMAN COUNTY,083,21 Years,90,50,40,64,35,29,3,2,1,1,0,1,22,13,9
COLEMAN COUNTY,083,22 Years,115,61,54,80,40,40,5,3,2,3,1,2,27,17,10
COLEMAN COUNTY,083,23 Years,116,52,64,85,38,47,2,1,1,1,1,0,28,12,16
COLEMAN COUNTY,083,24 Years,94,48,46,71,35,36,3,2,1,1,0,1,19,11,8
COLEMAN COUNTY,083,25 Years,89,41,48,66,30,36,3,2,1,1,0,1,19,9,10
COLEMAN COUNTY,083,26 Years,81,45,36,56,32,24,1,1,0,1,0,1,23,12,11
COLEMAN COUNTY,083,27 Years,79,42,37,52,25,27,2,1,1,2,1,1,23,15,8
COLEMAN COUNTY,083,28 Years,81,35,46,58,19,39,3,1,2,2,1,1,18,14,4
COLEMAN COUNTY,083,29 Years,81,34,47,55,21,34,1,0,1,2,1,1,23,12,11
COLEMAN COUNTY,083,30 Years,69,33,36,49,22,27,1,0,1,1,1,0,18,10,8
COLEMAN COUNTY,083,31 Years,78,43,35,58,32,26,1,0,1,2,2,0,17,9,8
COLEMAN COUNTY,083,32 Years,73,37,36,52,26,26,2,2,0,2,0,2,17,9,8
COLEMAN COUNTY,083,33 Years,66,36,30,51,28,23,1,0,1,2,1,1,12,7,5
COLEMAN COUNTY,083,34 Years,66,36,30,51,29,22,1,0,1,0,0,0,14,7,7
COLEMAN COUNTY,083,35 Years,64,37,27,42,24,18,2,1,1,1,0,1,19,12,7
COLEMAN COUNTY,083,36 Years,73,41,32,51,27,24,1,1,0,1,1,0,20,12,8
COLEMAN COUNTY,083,37 Years,67,34,33,51,26,25,1,1,0,0,0,0,15,7,8
COLEMAN COUNTY,083,38 Years,82,36,46,64,29,35,1,0,1,2,0,2,15,7,8
COLEMAN COUNTY,083,39 Years,85,38,47,63,30,33,2,0,2,2,0,2,18,8,10
COLEMAN COUNTY,083,40 Years,90,44,46,67,34,33,3,2,1,1,1,0,19,7,12
COLEMAN COUNTY,083,41 Years,89,43,46,69,35,34,2,2,0,1,0,1,17,6,11
COLEMAN COUNTY,083,42 Years,90,42,48,67,31,36,2,2,0,2,2,0,19,7,12
COLEMAN COUNTY,083,43 Years,96,45,51,72,32,40,5,3,2,1,1,0,18,9,9
COLEMAN COUNTY,083,44 Years,112,57,55,88,44,44,2,1,1,3,2,1,19,10,9
COLEMAN COUNTY,083,45 Years,102,54,48,82,41,41,2,2,0,2,1,1,16,10,6
COLEMAN COUNTY,083,46 Years,94,53,41,70,41,29,1,0,1,2,0,2,21,12,9
COLEMAN COUNTY,083,47 Years,98,51,47,71,38,33,3,1,2,4,1,3,20,11,9
COLEMAN COUNTY,083,48 Years,91,54,37,68,41,27,1,0,1,5,1,4,17,12,5
COLEMAN COUNTY,083,49 Years,88,49,39,67,37,30,4,2,2,1,0,1,16,10,6
COLEMAN COUNTY,083,50 Years,94,53,41,69,40,29,3,1,2,2,1,1,20,11,9
COLEMAN COUNTY,083,51 Years,123,65,58,97,51,46,4,2,2,2,0,2,20,12,8
COLEMAN COUNTY,083,52 Years,117,60,57,97,51,46,3,1,2,2,0,2,15,8,7
COLEMAN COUNTY,083,53 Years,125,65,60,103,56,47,3,1,2,2,0,2,17,8,9
COLEMAN COUNTY,083,54 Years,130,68,62,103,55,48,3,2,1,1,0,1,23,11,12
COLEMAN COUNTY,083,55 Years,139,79,60,121,69,52,3,3,0,1,0,1,14,7,7
COLEMAN COUNTY,083,56 Years,140,75,65,121,64,57,3,2,1,3,1,2,13,8,5
COLEMAN COUNTY,083,57 Years,130,68,62,109,57,52,3,0,3,5,2,3,13,9,4
COLEMAN COUNTY,083,58 Years,121,64,57,101,54,47,3,0,3,5,3,2,12,7,5
COLEMAN COUNTY,083,59 Years,143,78,65,127,70,57,3,2,1,3,2,1,10,4,6
COLEMAN COUNTY,083,60 Years,140,74,66,122,68,54,3,1,2,4,2,2,11,3,8
COLEMAN COUNTY,083,61 Years,128,63,65,113,56,57,3,3,0,2,2,0,10,2,8
COLEMAN COUNTY,083,62 Years,116,53,63,102,46,56,2,1,1,1,1,0,11,5,6
COLEMAN COUNTY,083,63 Years,117,51,66,102,45,57,2,0,2,2,0,2,11,6,5
COLEMAN COUNTY,083,64 Years,114,53,61,102,46,56,3,3,0,2,0,2,7,4,3
COLEMAN COUNTY,083,65 Years,120,54,66,102,45,57,2,1,1,1,1,0,15,7,8
COLEMAN COUNTY,083,66 Years,136,66,70,116,58,58,3,1,2,2,0,2,15,7,8
COLEMAN COUNTY,083,67 Years,145,69,76,125,58,67,1,0,1,1,0,1,18,11,7
COLEMAN COUNTY,083,68 Years,127,66,61,109,55,54,1,1,0,1,0,1,16,10,6
COLEMAN COUNTY,083,69 Years,110,63,47,90,51,39,1,1,0,3,2,1,16,9,7
COLEMAN COUNTY,083,70 Years,116,59,57,93,47,46,3,2,1,3,2,1,17,8,9
COLEMAN COUNTY,083,71 Years,110,52,58,91,44,47,3,2,1,3,2,1,13,4,9
COLEMAN COUNTY,083,72 Years,99,56,43,85,50,35,2,1,1,0,0,0,12,5,7
COLEMAN COUNTY,083,73 Years,96,58,38,81,48,33,1,1,0,0,0,0,14,9,5
COLEMAN COUNTY,083,74 Years,91,49,42,75,41,34,1,0,1,0,0,0,15,8,7
COLEMAN COUNTY,083,75 Years,86,42,44,75,38,37,1,0,1,2,1,1,8,3,5
COLEMAN COUNTY,083,76 Years,77,36,41,65,30,35,2,2,0,1,0,1,9,4,5
COLEMAN COUNTY,083,77 Years,79,41,38,70,36,34,3,1,2,1,1,0,5,3,2
COLEMAN COUNTY,083,78 Years,75,39,36,64,32,32,2,1,1,3,2,1,6,4,2
COLEMAN COUNTY,083,79 Years,71,31,40,63,29,34,1,0,1,1,0,1,6,2,4
COLEMAN COUNTY,083,80 Years,70,32,38,62,28,34,1,0,1,1,1,0,6,3,3
COLEMAN COUNTY,083,81 Years,58,25,33,52,23,29,1,0,1,1,1,0,4,1,3
COLEMAN COUNTY,083,82 Years,55,24,31,50,22,28,1,0,1,1,1,0,3,1,2
COLEMAN COUNTY,083,83 Years,52,22,30,49,20,29,0,0,0,0,0,0,3,2,1
COLEMAN COUNTY,083,84 Years,49,18,31,42,15,27,2,1,1,0,0,0,5,2,3
COLEMAN COUNTY,083,85 Years +,262,104,158,236,97,139,3,0,3,4,1,3,19,6,13
COLLIN COUNTY,085,All Ages,923201,452528,470673,535165,263163,272002,84858,39419,45439,146109,71171,74938,157069,78775,78294
COLLIN COUNTY,085,< 1 Year,10828,5517,5311,5271,2671,2600,971,490,481,2281,1179,1102,2305,1177,1128
COLLIN COUNTY,085,1 Years,10831,5497,5334,5331,2708,2623,978,495,483,2224,1138,1086,2298,1156,1142
COLLIN COUNTY,085,2 Years,10782,5487,5295,5343,2723,2620,965,488,477,2199,1132,1067,2275,1144,1131
COLLIN COUNTY,085,3 Years,10749,5484,5265,5358,2741,2617,955,478,477,2168,1119,1049,2268,1146,1122
COLLIN COUNTY,085,4 Years,11041,5673,5368,5452,2803,2649,980,489,491,2276,1178,1098,2333,1203,1130
COLLIN COUNTY,085,5 Years,11844,6004,5840,5858,2982,2876,1047,502,545,2391,1218,1173,2548,1302,1246
COLLIN COUNTY,085,6 Years,12198,6222,5976,5968,3076,2892,1029,505,524,2512,1268,1244,2689,1373,1316
COLLIN COUNTY,085,7 Years,13064,6608,6456,6399,3266,3133,1127,572,555,2720,1341,1379,2818,1429,1389
COLLIN COUNTY,085,8 Years,13615,6914,6701,6730,3447,3283,1192,616,576,2775,1377,1398,2918,1474,1444
COLLIN COUNTY,085,9 Years,14471,7343,7128,7261,3756,3505,1263,643,620,2876,1410,1466,3071,1534,1537
COLLIN COUNTY,085,10 Years,15249,7767,7482,7679,3959,3720,1363,688,675,2921,1441,1480,3286,1679,1607
COLLIN COUNTY,085,11 Years,15671,8035,7636,7920,4102,3818,1406,724,682,2954,1465,1489,3391,1744,1647
COLLIN COUNTY,085,12 Years,15902,8134,7768,8070,4171,3899,1468,773,695,2938,1464,1474,3426,1726,1700
COLLIN COUNTY,085,13 Years,16153,8194,7959,8152,4155,3997,1548,799,749,2980,1499,1481,3473,1741,1732
COLLIN COUNTY,085,14 Years,16315,8287,8028,8188,4189,3999,1626,810,816,2946,1503,1443,3555,1785,1770
COLLIN COUNTY,085,15 Years,16364,8267,8097,8255,4178,4077,1641,799,842,2949,1519,1430,3519,1771,1748
COLLIN COUNTY,085,16 Years,15829,8096,7733,8011,4147,3864,1641,820,821,2807,1444,1363,3370,1685,1685
COLLIN COUNTY,085,17 Years,15244,7839,7405,7704,3973,3731,1630,847,783,2655,1369,1286,3255,1650,1605
COLLIN COUNTY,085,18 Years,14160,7195,6965,7062,3579,3483,1527,765,762,2477,1271,1206,3094,1580,1514
COLLIN COUNTY,085,19 Years,12738,6548,6190,6266,3244,3022,1428,728,700,2151,1077,1074,2893,1499,1394
COLLIN COUNTY,085,20 Years,11997,6230,5767,5835,3051,2784,1450,747,703,1905,963,942,2807,1469,1338
COLLIN COUNTY,085,21 Years,11431,5957,5474,5526,2866,2660,1434,723,711,1729,890,839,2742,1478,1264
COLLIN COUNTY,085,22 Years,11073,5694,5379,5444,2750,2694,1413,702,711,1598,813,785,2618,1429,1189
COLLIN COUNTY,085,23 Years,10536,5466,5070,5249,2700,2549,1315,645,670,1480,748,732,2492,1373,1119
COLLIN COUNTY,085,24 Years,9326,4865,4461,4476,2330,2146,1173,568,605,1278,653,625,2399,1314,1085
COLLIN COUNTY,085,25 Years,8921,4600,4321,4340,2235,2105,1069,520,549,1163,577,586,2349,1268,1081
COLLIN COUNTY,085,26 Years,8742,4552,4190,4238,2193,2045,1027,499,528,1201,620,581,2276,1240,1036
COLLIN COUNTY,085,27 Years,8948,4538,4410,4334,2156,2178,962,461,501,1292,616,676,2360,1305,1055
COLLIN COUNTY,085,28 Years,9593,4836,4757,4867,2361,2506,985,481,504,1356,640,716,2385,1354,1031
COLLIN COUNTY,085,29 Years,10469,5256,5213,5634,2779,2855,965,452,513,1430,681,749,2440,1344,1096
COLLIN COUNTY,085,30 Years,11116,5539,5577,6153,3046,3107,979,449,530,1555,728,827,2429,1316,1113
COLLIN COUNTY,085,31 Years,11647,5743,5904,6471,3169,3302,1039,475,564,1705,815,890,2432,1284,1148
COLLIN COUNTY,085,32 Years,12579,6170,6409,6938,3409,3529,1199,541,658,1822,879,943,2620,1341,1279
COLLIN COUNTY,085,33 Years,13311,6467,6844,7397,3631,3766,1245,552,693,1932,890,1042,2737,1394,1343
COLLIN COUNTY,085,34 Years,13763,6674,7089,7731,3810,3921,1319,560,759,1988,924,1064,2725,1380,1345
COLLIN COUNTY,085,35 Years,14327,6889,7438,8011,3938,4073,1445,604,841,2119,974,1145,2752,1373,1379
COLLIN COUNTY,085,36 Years,14418,6883,7535,7999,3883,4116,1433,604,829,2287,1041,1246,2699,1355,1344
COLLIN COUNTY,085,37 Years,14704,7007,7697,8206,4061,4145,1320,532,788,2409,1050,1359,2769,1364,1405
COLLIN COUNTY,085,38 Years,14801,6940,7861,8093,3937,4156,1355,573,782,2540,1100,1440,2813,1330,1483
COLLIN COUNTY,085,39 Years,15040,7023,8017,8030,3940,4090,1494,617,877,2684,1156,1528,2832,1310,1522
COLLIN COUNTY,085,40 Years,15531,7300,8231,8298,4051,4247,1592,669,923,2819,1259,1560,2822,1321,1501
COLLIN COUNTY,085,41 Years,15546,7390,8156,8276,4108,4168,1648,696,952,2836,1287,1549,2786,1299,1487
COLLIN COUNTY,085,42 Years,15725,7533,8192,8458,4224,4234,1680,723,957,2872,1317,1555,2715,1269,1446
COLLIN COUNTY,085,43 Years,16243,7800,8443,9046,4539,4507,1722,756,966,2869,1316,1553,2606,1189,1417
COLLIN COUNTY,085,44 Years,16864,8117,8747,9659,4793,4866,1777,776,1001,2874,1374,1500,2554,1174,1380
COLLIN COUNTY,085,45 Years,16421,8023,8398,9428,4646,4782,1646,758,888,2907,1458,1449,2440,1161,1279
COLLIN COUNTY,085,46 Years,15610,7720,7890,9068,4522,4546,1518,696,822,2805,1418,1387,2219,1084,1135
COLLIN COUNTY,085,47 Years,14637,7201,7436,8547,4260,4287,1444,634,810,2550,1294,1256,2096,1013,1083
COLLIN COUNTY,085,48 Years,13934,6908,7026,8224,4102,4122,1370,609,761,2342,1209,1133,1998,988,1010
COLLIN COUNTY,085,49 Years,13820,6804,7016,8210,4007,4203,1350,623,727,2326,1207,1119,1934,967,967
COLLIN COUNTY,085,50 Years,14270,6992,7278,8798,4298,4500,1369,612,757,2247,1167,1080,1856,915,941
COLLIN COUNTY,085,51 Years,14392,7167,7225,9104,4578,4526,1344,606,738,2193,1124,1069,1751,859,892
COLLIN COUNTY,085,52 Years,14065,6949,7116,9116,4535,4581,1325,619,706,2013,1028,985,1611,767,844
COLLIN COUNTY,085,53 Years,13453,6673,6780,8931,4468,4463,1284,586,698,1735,891,844,1503,728,775
COLLIN COUNTY,085,54 Years,12978,6442,6536,8791,4409,4382,1231,569,662,1591,807,784,1365,657,708
COLLIN COUNTY,085,55 Years,12450,6218,6232,8559,4309,4250,1150,537,613,1476,740,736,1265,632,633
COLLIN COUNTY,085,56 Years,11726,5821,5905,8135,4115,4020,1052,472,580,1368,679,689,1171,555,616
COLLIN COUNTY,085,57 Years,11036,5341,5695,7751,3766,3985,955,414,541,1275,647,628,1055,514,541
COLLIN COUNTY,085,58 Years,10672,5163,5509,7531,3693,3838,905,382,523,1264,610,654,972,478,494
COLLIN COUNTY,085,59 Years,9962,4788,5174,7050,3409,3641,827,380,447,1205,583,622,880,416,464
COLLIN COUNTY,085,60 Years,9545,4537,5008,6834,3242,3592,723,335,388,1125,540,585,863,420,443
COLLIN COUNTY,085,61 Years,8981,4263,4718,6501,3111,3390,657,301,356,1045,478,567,778,373,405
COLLIN COUNTY,085,62 Years,8543,4037,4506,6197,2984,3213,614,261,353,1031,462,569,701,330,371
COLLIN COUNTY,085,63 Years,8045,3706,4339,5920,2783,3137,556,219,337,959,419,540,610,285,325
COLLIN COUNTY,085,64 Years,7596,3455,4141,5536,2549,2987,549,225,324,955,421,534,556,260,296
COLLIN COUNTY,085,65 Years,7377,3352,4025,5383,2473,2910,500,211,289,952,409,543,542,259,283
COLLIN COUNTY,085,66 Years,7297,3301,3996,5508,2550,2958,462,171,291,845,374,471,482,206,276
COLLIN COUNTY,085,67 Years,7294,3294,4000,5641,2601,3040,431,169,262,792,351,441,430,173,257
COLLIN COUNTY,085,68 Years,7162,3282,3880,5636,2637,2999,378,166,212,748,317,431,400,162,238
COLLIN COUNTY,085,69 Years,5804,2672,3132,4491,2107,2384,310,140,170,633,277,356,370,148,222
COLLIN COUNTY,085,70 Years,5193,2391,2802,4016,1868,2148,263,110,153,578,270,308,336,143,193
COLLIN COUNTY,085,71 Years,5016,2268,2748,3939,1795,2144,231,99,132,527,235,292,319,139,180
COLLIN COUNTY,085,72 Years,4866,2243,2623,3836,1795,2041,208,91,117,521,228,293,301,129,172
COLLIN COUNTY,085,73 Years,4378,2008,2370,3454,1610,1844,180,78,102,479,210,269,265,110,155
COLLIN COUNTY,085,74 Years,3827,1696,2131,3008,1341,1667,163,66,97,431,187,244,225,102,123
COLLIN COUNTY,085,75 Years,3517,1556,1961,2762,1227,1535,134,51,83,427,191,236,194,87,107
COLLIN COUNTY,085,76 Years,3243,1452,1791,2515,1131,1384,110,44,66,421,196,225,197,81,116
COLLIN COUNTY,085,77 Years,2997,1340,1657,2342,1056,1286,105,39,66,355,163,192,195,82,113
COLLIN COUNTY,085,78 Years,2693,1190,1503,2125,951,1174,92,35,57,317,136,181,159,68,91
COLLIN COUNTY,085,79 Years,2526,1086,1440,2001,868,1133,92,30,62,294,130,164,139,58,81
COLLIN COUNTY,085,80 Years,2267,944,1323,1808,748,1060,76,25,51,237,104,133,146,67,79
COLLIN COUNTY,085,81 Years,2012,811,1201,1651,669,982,54,10,44,187,82,105,120,50,70
COLLIN COUNTY,085,82 Years,1832,741,1091,1526,622,904,45,10,35,169,72,97,92,37,55
COLLIN COUNTY,085,83 Years,1630,649,981,1355,546,809,48,15,33,144,59,85,83,29,54
COLLIN COUNTY,085,84 Years,1540,587,953,1293,493,800,35,8,27,133,57,76,79,29,50
COLLIN COUNTY,085,85 Years +,8895,2877,6018,7657,2459,5198,247,57,190,564,218,346,427,143,284
COLLINGSWORTH COUNTY,087,All Ages,2981,1436,1545,1793,878,915,122,44,78,84,36,48,982,478,504
COLLINGSWORTH COUNTY,087,< 1 Year,26,14,12,14,8,6,0,0,0,0,0,0,12,6,6
COLLINGSWORTH COUNTY,087,1 Years,32,14,18,15,8,7,2,0,2,3,1,2,12,5,7
COLLINGSWORTH COUNTY,087,2 Years,36,14,22,16,7,9,3,1,2,0,0,0,17,6,11
COLLINGSWORTH COUNTY,087,3 Years,46,19,27,23,9,14,2,1,1,0,0,0,21,9,12
COLLINGSWORTH COUNTY,087,4 Years,48,22,26,20,9,11,2,1,1,2,1,1,24,11,13
COLLINGSWORTH COUNTY,087,5 Years,56,26,30,22,12,10,2,0,2,4,2,2,28,12,16
COLLINGSWORTH COUNTY,087,6 Years,51,23,28,24,13,11,0,0,0,3,0,3,24,10,14
COLLINGSWORTH COUNTY,087,7 Years,45,20,25,20,7,13,0,0,0,0,0,0,25,13,12
COLLINGSWORTH COUNTY,087,8 Years,51,30,21,26,14,12,1,1,0,0,0,0,24,15,9
COLLINGSWORTH COUNTY,087,9 Years,49,28,21,18,10,8,0,0,0,0,0,0,31,18,13
COLLINGSWORTH COUNTY,087,10 Years,45,24,21,15,8,7,1,0,1,1,1,0,28,15,13
COLLINGSWORTH COUNTY,087,11 Years,37,16,21,15,6,9,1,0,1,2,2,0,19,8,11
COLLINGSWORTH COUNTY,087,12 Years,43,21,22,19,9,10,1,0,1,3,2,1,20,10,10
COLLINGSWORTH COUNTY,087,13 Years,51,22,29,20,9,11,1,0,1,3,1,2,27,12,15
COLLINGSWORTH COUNTY,087,14 Years,46,22,24,16,8,8,2,0,2,3,1,2,25,13,12
COLLINGSWORTH COUNTY,087,15 Years,42,24,18,19,10,9,1,0,1,1,0,1,21,14,7
COLLINGSWORTH COUNTY,087,16 Years,41,24,17,19,9,10,2,1,1,1,0,1,19,14,5
COLLINGSWORTH COUNTY,087,17 Years,40,19,21,24,11,13,1,1,0,3,2,1,12,5,7
COLLINGSWORTH COUNTY,087,18 Years,46,23,23,23,12,11,2,0,2,2,1,1,19,10,9
COLLINGSWORTH COUNTY,087,19 Years,47,23,24,21,10,11,2,1,1,1,1,0,23,11,12
COLLINGSWORTH COUNTY,087,20 Years,38,21,17,18,11,7,2,1,1,0,0,0,18,9,9
COLLINGSWORTH COUNTY,087,21 Years,42,21,21,26,14,12,2,1,1,0,0,0,14,6,8
COLLINGSWORTH COUNTY,087,22 Years,42,21,21,23,12,11,1,0,1,1,0,1,17,9,8
COLLINGSWORTH COUNTY,087,23 Years,44,24,20,21,14,7,3,1,2,2,1,1,18,8,10
COLLINGSWORTH COUNTY,087,24 Years,27,14,13,11,6,5,3,1,2,0,0,0,13,7,6
COLLINGSWORTH COUNTY,087,25 Years,29,16,13,13,7,6,1,0,1,0,0,0,15,9,6
COLLINGSWORTH COUNTY,087,26 Years,26,13,13,12,6,6,1,0,1,2,1,1,11,6,5
COLLINGSWORTH COUNTY,087,27 Years,29,13,16,15,8,7,0,0,0,1,0,1,13,5,8
COLLINGSWORTH COUNTY,087,28 Years,28,15,13,16,9,7,1,0,1,1,1,0,10,5,5
COLLINGSWORTH COUNTY,087,29 Years,35,16,19,20,8,12,3,2,1,0,0,0,12,6,6
COLLINGSWORTH COUNTY,087,30 Years,39,16,23,22,10,12,3,2,1,0,0,0,14,4,10
COLLINGSWORTH COUNTY,087,31 Years,35,17,18,17,12,5,2,1,1,1,0,1,15,4,11
COLLINGSWORTH COUNTY,087,32 Years,31,16,15,15,8,7,1,1,0,1,1,0,14,6,8
COLLINGSWORTH COUNTY,087,33 Years,28,19,9,13,8,5,2,1,1,0,0,0,13,10,3
COLLINGSWORTH COUNTY,087,34 Years,30,19,11,14,9,5,2,2,0,1,0,1,13,8,5
COLLINGSWORTH COUNTY,087,35 Years,38,19,19,20,13,7,1,0,1,2,1,1,15,5,10
COLLINGSWORTH COUNTY,087,36 Years,30,16,14,16,8,8,0,0,0,1,1,0,13,7,6
COLLINGSWORTH COUNTY,087,37 Years,30,17,13,17,10,7,2,1,1,0,0,0,11,6,5
COLLINGSWORTH COUNTY,087,38 Years,31,14,17,19,9,10,2,1,1,0,0,0,10,4,6
COLLINGSWORTH COUNTY,087,39 Years,31,15,16,18,8,10,1,0,1,1,1,0,11,6,5
COLLINGSWORTH COUNTY,087,40 Years,32,16,16,18,11,7,2,1,1,0,0,0,12,4,8
COLLINGSWORTH COUNTY,087,41 Years,24,12,12,17,9,8,0,0,0,0,0,0,7,3,4
COLLINGSWORTH COUNTY,087,42 Years,30,16,14,21,11,10,1,0,1,0,0,0,8,5,3
COLLINGSWORTH COUNTY,087,43 Years,28,14,14,14,6,8,0,0,0,1,1,0,13,7,6
COLLINGSWORTH COUNTY,087,44 Years,27,11,16,15,6,9,1,0,1,0,0,0,11,5,6
COLLINGSWORTH COUNTY,087,45 Years,26,12,14,14,7,7,1,0,1,0,0,0,11,5,6
COLLINGSWORTH COUNTY,087,46 Years,30,14,16,20,8,12,2,1,1,1,0,1,7,5,2
COLLINGSWORTH COUNTY,087,47 Years,29,12,17,18,8,10,3,0,3,2,1,1,6,3,3
COLLINGSWORTH COUNTY,087,48 Years,35,20,15,22,14,8,1,0,1,2,0,2,10,6,4
COLLINGSWORTH COUNTY,087,49 Years,35,19,16,22,12,10,1,1,0,1,1,0,11,5,6
COLLINGSWORTH COUNTY,087,50 Years,43,20,23,24,13,11,0,0,0,2,1,1,17,6,11
COLLINGSWORTH COUNTY,087,51 Years,38,16,22,24,11,13,2,0,2,2,1,1,10,4,6
COLLINGSWORTH COUNTY,087,52 Years,34,16,18,24,12,12,1,0,1,1,0,1,8,4,4
COLLINGSWORTH COUNTY,087,53 Years,36,19,17,21,12,9,3,2,1,1,1,0,11,4,7
COLLINGSWORTH COUNTY,087,54 Years,46,15,31,30,11,19,1,0,1,3,1,2,12,3,9
COLLINGSWORTH COUNTY,087,55 Years,40,21,19,26,14,12,2,1,1,2,1,1,10,5,5
COLLINGSWORTH COUNTY,087,56 Years,43,22,21,30,14,16,2,2,0,2,1,1,9,5,4
COLLINGSWORTH COUNTY,087,57 Years,33,14,19,25,12,13,0,0,0,0,0,0,8,2,6
COLLINGSWORTH COUNTY,087,58 Years,33,15,18,22,11,11,0,0,0,2,0,2,9,4,5
COLLINGSWORTH COUNTY,087,59 Years,46,22,24,33,14,19,3,1,2,2,1,1,8,6,2
COLLINGSWORTH COUNTY,087,60 Years,45,24,21,30,16,14,4,2,2,1,0,1,10,6,4
COLLINGSWORTH COUNTY,087,61 Years,42,25,17,33,20,13,2,1,1,1,0,1,6,4,2
COLLINGSWORTH COUNTY,087,62 Years,34,17,17,25,12,13,0,0,0,1,0,1,8,5,3
COLLINGSWORTH COUNTY,087,63 Years,30,13,17,23,11,12,0,0,0,0,0,0,7,2,5
COLLINGSWORTH COUNTY,087,64 Years,36,14,22,25,11,14,3,3,0,2,0,2,6,0,6
COLLINGSWORTH COUNTY,087,65 Years,32,18,14,23,12,11,3,2,1,1,0,1,5,4,1
COLLINGSWORTH COUNTY,087,66 Years,29,17,12,20,11,9,1,0,1,2,2,0,6,4,2
COLLINGSWORTH COUNTY,087,67 Years,33,13,20,29,11,18,1,0,1,0,0,0,3,2,1
COLLINGSWORTH COUNTY,087,68 Years,40,16,24,35,15,20,3,0,3,0,0,0,2,1,1
COLLINGSWORTH COUNTY,087,69 Years,26,10,16,21,8,13,1,0,1,0,0,0,4,2,2
COLLINGSWORTH COUNTY,087,70 Years,21,10,11,19,9,10,0,0,0,0,0,0,2,1,1
COLLINGSWORTH COUNTY,087,71 Years,31,18,13,26,16,10,1,0,1,0,0,0,4,2,2
COLLINGSWORTH COUNTY,087,72 Years,28,10,18,23,9,14,1,0,1,0,0,0,4,1,3
COLLINGSWORTH COUNTY,087,73 Years,30,13,17,24,11,13,3,2,1,1,0,1,2,0,2
COLLINGSWORTH COUNTY,087,74 Years,30,16,14,25,13,12,2,1,1,1,0,1,2,2,0
COLLINGSWORTH COUNTY,087,75 Years,27,12,15,24,11,13,1,0,1,0,0,0,2,1,1
COLLINGSWORTH COUNTY,087,76 Years,20,7,13,16,7,9,3,0,3,0,0,0,1,0,1
COLLINGSWORTH COUNTY,087,77 Years,19,11,8,18,11,7,1,0,1,0,0,0,0,0,0
COLLINGSWORTH COUNTY,087,78 Years,17,7,10,14,6,8,1,1,0,1,0,1,1,0,1
COLLINGSWORTH COUNTY,087,79 Years,17,7,10,15,6,9,1,1,0,0,0,0,1,0,1
COLLINGSWORTH COUNTY,087,80 Years,19,5,14,16,5,11,1,0,1,0,0,0,2,0,2
COLLINGSWORTH COUNTY,087,81 Years,15,7,8,14,6,8,0,0,0,0,0,0,1,1,0
COLLINGSWORTH COUNTY,087,82 Years,17,9,8,15,7,8,0,0,0,1,1,0,1,1,0
COLLINGSWORTH COUNTY,087,83 Years,17,7,10,14,6,8,1,0,1,1,1,0,1,0,1
COLLINGSWORTH COUNTY,087,84 Years,20,8,12,18,7,11,0,0,0,1,0,1,1,1,0
COLLINGSWORTH COUNTY,087,85 Years +,77,26,51,73,26,47,3,0,3,0,0,0,1,0,1
COLORADO COUNTY,089,All Ages,21848,10926,10922,12251,6061,6190,2830,1392,1438,376,158,218,6391,3315,3076
COLORADO COUNTY,089,< 1 Year,269,130,139,87,44,43,39,20,19,10,4,6,133,62,71
COLORADO COUNTY,089,1 Years,263,127,136,85,42,43,34,19,15,11,3,8,133,63,70
COLORADO COUNTY,089,2 Years,256,123,133,84,39,45,29,16,13,13,3,10,130,65,65
COLORADO COUNTY,089,3 Years,245,124,121,81,42,39,28,17,11,11,3,8,125,62,63
COLORADO COUNTY,089,4 Years,262,124,138,83,41,42,33,17,16,22,3,19,124,63,61
COLORADO COUNTY,089,5 Years,294,157,137,99,54,45,41,16,25,8,2,6,146,85,61
COLORADO COUNTY,089,6 Years,265,144,121,90,50,40,33,15,18,8,5,3,134,74,60
COLORADO COUNTY,089,7 Years,273,138,135,98,44,54,31,17,14,10,6,4,134,71,63
COLORADO COUNTY,089,8 Years,274,144,130,95,48,47,36,19,17,11,4,7,132,73,59
COLORADO COUNTY,089,9 Years,272,136,136,96,47,49,32,20,12,12,3,9,132,66,66
COLORADO COUNTY,089,10 Years,264,136,128,97,52,45,30,15,15,10,4,6,127,65,62
COLORADO COUNTY,089,11 Years,274,142,132,102,59,43,35,14,21,7,4,3,130,65,65
COLORADO COUNTY,089,12 Years,281,142,139,113,64,49,39,17,22,6,2,4,123,59,64
COLORADO COUNTY,089,13 Years,277,142,135,106,62,44,35,16,19,9,5,4,127,59,68
COLORADO COUNTY,089,14 Years,300,159,141,114,64,50,52,28,24,5,3,2,129,64,65
COLORADO COUNTY,089,15 Years,299,158,141,120,64,56,57,27,30,4,2,2,118,65,53
COLORADO COUNTY,089,16 Years,292,161,131,126,70,56,50,29,21,5,4,1,111,58,53
COLORADO COUNTY,089,17 Years,298,157,141,131,68,63,44,24,20,6,4,2,117,61,56
COLORADO COUNTY,089,18 Years,291,150,141,127,64,63,46,26,20,4,2,2,114,58,56
COLORADO COUNTY,089,19 Years,255,118,137,117,50,67,36,19,17,6,3,3,96,46,50
COLORADO COUNTY,089,20 Years,252,130,122,118,61,57,33,21,12,7,3,4,94,45,49
COLORADO COUNTY,089,21 Years,281,150,131,128,73,55,47,26,21,5,3,2,101,48,53
COLORADO COUNTY,089,22 Years,277,149,128,130,69,61,45,27,18,4,1,3,98,52,46
COLORADO COUNTY,089,23 Years,284,156,128,126,63,63,48,29,19,4,2,2,106,62,44
COLORADO COUNTY,089,24 Years,255,134,121,112,54,58,36,21,15,3,1,2,104,58,46
COLORADO COUNTY,089,25 Years,202,95,107,81,35,46,22,8,14,3,0,3,96,52,44
COLORADO COUNTY,089,26 Years,192,95,97,75,37,38,37,20,17,1,0,1,79,38,41
COLORADO COUNTY,089,27 Years,203,103,100,75,35,40,43,24,19,2,1,1,83,43,40
COLORADO COUNTY,089,28 Years,225,129,96,98,63,35,34,15,19,4,1,3,89,50,39
COLORADO COUNTY,089,29 Years,198,106,92,86,48,38,26,12,14,2,1,1,84,45,39
COLORADO COUNTY,089,30 Years,190,92,98,99,45,54,19,10,9,2,0,2,70,37,33
COLORADO COUNTY,089,31 Years,183,97,86,86,46,40,32,18,14,1,1,0,64,32,32
COLORADO COUNTY,089,32 Years,191,85,106,69,35,34,34,15,19,4,2,2,84,33,51
COLORADO COUNTY,089,33 Years,203,109,94,86,49,37,27,10,17,2,2,0,88,48,40
COLORADO COUNTY,089,34 Years,240,137,103,112,66,46,25,9,16,4,1,3,99,61,38
COLORADO COUNTY,089,35 Years,225,113,112,103,49,54,26,10,16,4,2,2,92,52,40
COLORADO COUNTY,089,36 Years,211,94,117,99,44,55,32,13,19,4,2,2,76,35,41
COLORADO COUNTY,089,37 Years,199,101,98,103,54,49,24,13,11,3,1,2,69,33,36
COLORADO COUNTY,089,38 Years,212,104,108,109,51,58,26,12,14,0,0,0,77,41,36
COLORADO COUNTY,089,39 Years,198,102,96,99,45,54,26,14,12,2,1,1,71,42,29
COLORADO COUNTY,089,40 Years,193,100,93,92,49,43,21,9,12,3,1,2,77,41,36
COLORADO COUNTY,089,41 Years,187,98,89,93,51,42,26,13,13,2,0,2,66,34,32
COLORADO COUNTY,089,42 Years,204,103,101,114,58,56,24,11,13,2,2,0,64,32,32
COLORADO COUNTY,089,43 Years,227,114,113,118,62,56,31,11,20,5,2,3,73,39,34
COLORADO COUNTY,089,44 Years,210,110,100,116,59,57,28,15,13,4,2,2,62,34,28
COLORADO COUNTY,089,45 Years,233,115,118,140,66,74,26,11,15,5,2,3,62,36,26
COLORADO COUNTY,089,46 Years,250,118,132,145,69,76,33,15,18,3,1,2,69,33,36
COLORADO COUNTY,089,47 Years,252,120,132,159,75,84,25,14,11,5,1,4,63,30,33
COLORADO COUNTY,089,48 Years,247,112,135,147,72,75,26,6,20,5,1,4,69,33,36
COLORADO COUNTY,089,49 Years,239,122,117,142,74,68,27,12,15,3,2,1,67,34,33
COLORADO COUNTY,089,50 Years,274,146,128,165,87,78,38,21,17,1,1,0,70,37,33
COLORADO COUNTY,089,51 Years,295,140,155,174,81,93,40,15,25,5,2,3,76,42,34
COLORADO COUNTY,089,52 Years,305,164,141,183,95,88,45,25,20,3,2,1,74,42,32
COLORADO COUNTY,089,53 Years,296,141,155,181,83,98,44,23,21,3,2,1,68,33,35
COLORADO COUNTY,089,54 Years,344,171,173,220,104,116,50,26,24,6,2,4,68,39,29
COLORADO COUNTY,089,55 Years,375,197,178,245,127,118,49,27,22,9,5,4,72,38,34
COLORADO COUNTY,089,56 Years,349,181,168,228,117,111,47,19,28,4,3,1,70,42,28
COLORADO COUNTY,089,57 Years,347,174,173,220,114,106,49,17,32,2,2,0,76,41,35
COLORADO COUNTY,089,58 Years,362,178,184,243,118,125,45,22,23,5,2,3,69,36,33
COLORADO COUNTY,089,59 Years,347,175,172,233,117,116,46,24,22,3,0,3,65,34,31
COLORADO COUNTY,089,60 Years,332,173,159,232,119,113,47,24,23,2,1,1,51,29,22
COLORADO COUNTY,089,61 Years,363,176,187,253,120,133,51,23,28,4,3,1,55,30,25
COLORADO COUNTY,089,62 Years,378,181,197,269,124,145,48,24,24,3,1,2,58,32,26
COLORADO COUNTY,089,63 Years,345,173,172,256,121,135,39,23,16,4,1,3,46,28,18
COLORADO COUNTY,089,64 Years,325,167,158,248,127,121,35,19,16,4,2,2,38,19,19
COLORADO COUNTY,089,65 Years,322,166,156,251,124,127,29,14,15,4,2,2,38,26,12
COLORADO COUNTY,089,66 Years,316,146,170,232,110,122,33,14,19,3,1,2,48,21,27
COLORADO COUNTY,089,67 Years,291,139,152,212,101,111,43,20,23,1,1,0,35,17,18
COLORADO COUNTY,089,68 Years,278,136,142,209,99,110,34,18,16,3,3,0,32,16,16
COLORADO COUNTY,089,69 Years,248,123,125,181,87,94,26,15,11,7,4,3,34,17,17
COLORADO COUNTY,089,70 Years,243,123,120,179,92,87,26,13,13,5,2,3,33,16,17
COLORADO COUNTY,089,71 Years,241,132,109,187,100,87,27,13,14,3,2,1,24,17,7
COLORADO COUNTY,089,72 Years,239,128,111,194,101,93,21,13,8,2,1,1,22,13,9
COLORADO COUNTY,089,73 Years,214,107,107,174,93,81,18,9,9,1,0,1,21,5,16
COLORADO COUNTY,089,74 Years,212,91,121,168,76,92,20,9,11,1,0,1,23,6,17
COLORADO COUNTY,089,75 Years,201,94,107,152,69,83,23,11,12,0,0,0,26,14,12
COLORADO COUNTY,089,76 Years,172,85,87,126,61,65,23,10,13,0,0,0,23,14,9
COLORADO COUNTY,089,77 Years,163,83,80,121,62,59,20,8,12,0,0,0,22,13,9
COLORADO COUNTY,089,78 Years,158,76,82,121,61,60,18,9,9,1,0,1,18,6,12
COLORADO COUNTY,089,79 Years,153,74,79,118,59,59,17,7,10,0,0,0,18,8,10
COLORADO COUNTY,089,80 Years,128,60,68,94,45,49,17,7,10,0,0,0,17,8,9
COLORADO COUNTY,089,81 Years,117,50,67,95,42,53,8,3,5,2,1,1,12,4,8
COLORADO COUNTY,089,82 Years,114,53,61,93,41,52,11,5,6,1,1,0,9,6,3
COLORADO COUNTY,089,83 Years,121,53,68,97,43,54,13,5,8,0,0,0,11,5,6
COLORADO COUNTY,089,84 Years,106,43,63,86,36,50,11,4,7,1,1,0,8,2,6
COLORADO COUNTY,089,85 Years +,607,222,385,500,180,320,50,18,32,7,2,5,50,22,28
COMAL COUNTY,091,All Ages,130021,64062,65959,91102,44938,46164,2089,1107,982,3576,1659,1917,33254,16358,16896
COMAL COUNTY,091,< 1 Year,1540,800,740,839,434,405,23,9,14,73,39,34,605,318,287
COMAL COUNTY,091,1 Years,1461,759,702,796,408,388,20,9,11,72,36,36,573,306,267
COMAL COUNTY,091,2 Years,1370,715,655,763,388,375,17,9,8,70,37,33,520,281,239
COMAL COUNTY,091,3 Years,1311,667,644,739,374,365,16,7,9,58,30,28,498,256,242
COMAL COUNTY,091,4 Years,1280,644,636,717,360,357,13,7,6,68,30,38,482,247,235
COMAL COUNTY,091,5 Years,1161,576,585,630,315,315,15,4,11,52,23,29,464,234,230
COMAL COUNTY,091,6 Years,1295,651,644,720,343,377,16,9,7,54,29,25,505,270,235
COMAL COUNTY,091,7 Years,1373,691,682,751,378,373,23,11,12,60,31,29,539,271,268
COMAL COUNTY,091,8 Years,1395,704,691,782,394,388,22,11,11,58,35,23,533,264,269
COMAL COUNTY,091,9 Years,1462,722,740,827,410,417,20,10,10,63,35,28,552,267,285
COMAL COUNTY,091,10 Years,1574,797,777,909,471,438,19,8,11,61,31,30,585,287,298
COMAL COUNTY,091,11 Years,1695,910,785,978,542,436,21,8,13,61,31,30,635,329,306
COMAL COUNTY,091,12 Years,1779,952,827,1066,583,483,22,10,12,63,31,32,628,328,300
COMAL COUNTY,091,13 Years,1786,936,850,1073,560,513,26,14,12,52,28,24,635,334,301
COMAL COUNTY,091,14 Years,1923,1014,909,1143,603,540,36,22,14,51,28,23,693,361,332
COMAL COUNTY,091,15 Years,1991,1072,919,1201,655,546,39,26,13,57,30,27,694,361,333
COMAL COUNTY,091,16 Years,1922,991,931,1143,605,538,42,27,15,52,24,28,685,335,350
COMAL COUNTY,091,17 Years,1953,1005,948,1165,614,551,35,22,13,53,27,26,700,342,358
COMAL COUNTY,091,18 Years,1878,977,901,1137,615,522,33,16,17,51,25,26,657,321,336
COMAL COUNTY,091,19 Years,1645,856,789,957,505,452,30,14,16,50,26,24,608,311,297
COMAL COUNTY,091,20 Years,1521,781,740,856,436,420,32,16,16,45,23,22,588,306,282
COMAL COUNTY,091,21 Years,1513,757,756,851,418,433,28,15,13,57,33,24,577,291,286
COMAL COUNTY,091,22 Years,1464,747,717,836,415,421,28,18,10,55,35,20,545,279,266
COMAL COUNTY,091,23 Years,1375,730,645,812,416,396,24,17,7,44,27,17,495,270,225
COMAL COUNTY,091,24 Years,1142,592,550,633,328,305,18,7,11,27,15,12,464,242,222
COMAL COUNTY,091,25 Years,1069,546,523,573,283,290,29,16,13,29,12,17,438,235,203
COMAL COUNTY,091,26 Years,1076,544,532,627,321,306,25,13,12,39,14,25,385,196,189
COMAL COUNTY,091,27 Years,1018,516,502,602,306,296,15,8,7,30,11,19,371,191,180
COMAL COUNTY,091,28 Years,1044,533,511,578,282,296,23,15,8,26,12,14,417,224,193
COMAL COUNTY,091,29 Years,1099,562,537,627,303,324,18,11,7,30,14,16,424,234,190
COMAL COUNTY,091,30 Years,1145,577,568,665,324,341,18,12,6,29,15,14,433,226,207
COMAL COUNTY,091,31 Years,1193,612,581,706,349,357,19,12,7,40,22,18,428,229,199
COMAL COUNTY,091,32 Years,1221,589,632,768,372,396,13,6,7,38,21,17,402,190,212
COMAL COUNTY,091,33 Years,1259,594,665,821,388,433,17,9,8,41,20,21,380,177,203
COMAL COUNTY,091,34 Years,1326,636,690,865,409,456,18,10,8,42,16,26,401,201,200
COMAL COUNTY,091,35 Years,1354,639,715,882,422,460,19,9,10,42,15,27,411,193,218
COMAL COUNTY,091,36 Years,1297,583,714,855,388,467,20,8,12,45,17,28,377,170,207
COMAL COUNTY,091,37 Years,1353,667,686,919,445,474,18,10,8,46,22,24,370,190,180
COMAL COUNTY,091,38 Years,1395,682,713,945,445,500,18,14,4,44,24,20,388,199,189
COMAL COUNTY,091,39 Years,1449,701,748,970,474,496,20,13,7,49,20,29,410,194,216
COMAL COUNTY,091,40 Years,1551,735,816,1038,504,534,23,11,12,61,24,37,429,196,233
COMAL COUNTY,091,41 Years,1577,762,815,1088,533,555,25,10,15,46,19,27,418,200,218
COMAL COUNTY,091,42 Years,1674,804,870,1147,576,571,36,21,15,47,18,29,444,189,255
COMAL COUNTY,091,43 Years,1747,843,904,1216,593,623,29,16,13,48,18,30,454,216,238
COMAL COUNTY,091,44 Years,1873,901,972,1331,659,672,33,18,15,53,18,35,456,206,250
COMAL COUNTY,091,45 Years,1916,932,984,1392,701,691,35,21,14,54,20,34,435,190,245
COMAL COUNTY,091,46 Years,1825,881,944,1320,660,660,34,16,18,51,21,30,420,184,236
COMAL COUNTY,091,47 Years,1779,864,915,1280,645,635,36,17,19,51,18,33,412,184,228
COMAL COUNTY,091,48 Years,1740,865,875,1269,638,631,41,23,18,41,16,25,389,188,201
COMAL COUNTY,091,49 Years,1864,909,955,1366,665,701,41,24,17,45,19,26,412,201,211
COMAL COUNTY,091,50 Years,1978,963,1015,1464,723,741,40,22,18,54,24,30,420,194,226
COMAL COUNTY,091,51 Years,2050,984,1066,1541,750,791,43,22,21,52,23,29,414,189,225
COMAL COUNTY,091,52 Years,2084,1004,1080,1587,774,813,41,18,23,49,21,28,407,191,216
COMAL COUNTY,091,53 Years,2117,1030,1087,1620,796,824,46,23,23,50,23,27,401,188,213
COMAL COUNTY,091,54 Years,2150,1049,1101,1641,806,835,46,20,26,56,25,31,407,198,209
COMAL COUNTY,091,55 Years,2136,1035,1101,1651,804,847,55,27,28,51,23,28,379,181,198
COMAL COUNTY,091,56 Years,2114,1040,1074,1667,827,840,43,25,18,44,15,29,360,173,187
COMAL COUNTY,091,57 Years,2143,1062,1081,1688,823,865,41,24,17,33,13,20,381,202,179
COMAL COUNTY,091,58 Years,2184,1057,1127,1724,830,894,37,22,15,49,21,28,374,184,190
COMAL COUNTY,091,59 Years,2103,1026,1077,1670,818,852,34,15,19,53,21,32,346,172,174
COMAL COUNTY,091,60 Years,2069,984,1085,1650,787,863,39,17,22,52,22,30,328,158,170
COMAL COUNTY,091,61 Years,2072,977,1095,1671,786,885,36,16,20,39,20,19,326,155,171
COMAL COUNTY,091,62 Years,2027,959,1068,1625,779,846,27,13,14,44,17,27,331,150,181
COMAL COUNTY,091,63 Years,1963,956,1007,1595,776,819,28,13,15,48,21,27,292,146,146
COMAL COUNTY,091,64 Years,1928,920,1008,1589,763,826,29,15,14,43,16,27,267,126,141
COMAL COUNTY,091,65 Years,1936,929,1007,1604,773,831,26,12,14,34,15,19,272,129,143
COMAL COUNTY,091,66 Years,1925,925,1000,1610,773,837,29,15,14,29,14,15,257,123,134
COMAL COUNTY,091,67 Years,1949,950,999,1640,809,831,26,17,9,26,9,17,257,115,142
COMAL COUNTY,091,68 Years,1873,909,964,1578,787,791,20,13,7,31,11,20,244,98,146
COMAL COUNTY,091,69 Years,1477,720,757,1241,615,626,17,10,7,23,8,15,196,87,109
COMAL COUNTY,091,70 Years,1411,700,711,1183,591,592,16,9,7,23,8,15,189,92,97
COMAL COUNTY,091,71 Years,1391,694,697,1166,593,573,17,8,9,28,13,15,180,80,100
COMAL COUNTY,091,72 Years,1320,670,650,1128,582,546,13,8,5,26,13,13,153,67,86
COMAL COUNTY,091,73 Years,1146,601,545,974,517,457,14,8,6,24,11,13,134,65,69
COMAL COUNTY,091,74 Years,1004,512,492,853,433,420,12,8,4,19,10,9,120,61,59
COMAL COUNTY,091,75 Years,922,450,472,789,378,411,11,7,4,14,9,5,108,56,52
COMAL COUNTY,091,76 Years,834,411,423,707,349,358,13,6,7,12,6,6,102,50,52
COMAL COUNTY,091,77 Years,777,371,406,670,324,346,7,4,3,11,7,4,89,36,53
COMAL COUNTY,091,78 Years,707,338,369,610,296,314,5,4,1,7,4,3,85,34,51
COMAL COUNTY,091,79 Years,655,307,348,561,269,292,4,3,1,8,2,6,82,33,49
COMAL COUNTY,091,80 Years,630,286,344,533,246,287,4,1,3,15,8,7,78,31,47
COMAL COUNTY,091,81 Years,533,227,306,448,199,249,3,1,2,7,4,3,75,23,52
COMAL COUNTY,091,82 Years,513,226,287,441,202,239,2,1,1,8,3,5,62,20,42
COMAL COUNTY,091,83 Years,447,199,248,381,174,207,2,1,1,8,2,6,56,22,34
COMAL COUNTY,091,84 Years,428,192,236,360,167,193,4,3,1,4,2,2,60,20,40
COMAL COUNTY,091,85 Years +,2372,876,1496,2068,764,1304,18,7,11,28,10,18,258,95,163
COMANCHE COUNTY,093,All Ages,13906,6934,6972,9626,4721,4905,26,14,12,222,107,115,4032,2092,1940
COMANCHE COUNTY,093,< 1 Year,168,84,84,85,43,42,0,0,0,8,6,2,75,35,40
COMANCHE COUNTY,093,1 Years,161,82,79,82,43,39,0,0,0,6,4,2,73,35,38
COMANCHE COUNTY,093,2 Years,157,87,70,82,48,34,0,0,0,0,0,0,75,39,36
COMANCHE COUNTY,093,3 Years,172,87,85,91,49,42,0,0,0,4,2,2,77,36,41
COMANCHE COUNTY,093,4 Years,179,89,90,89,47,42,0,0,0,5,2,3,85,40,45
COMANCHE COUNTY,093,5 Years,210,95,115,105,45,60,0,0,0,2,0,2,103,50,53
COMANCHE COUNTY,093,6 Years,190,96,94,92,39,53,1,1,0,4,2,2,93,54,39
COMANCHE COUNTY,093,7 Years,185,93,92,93,48,45,0,0,0,3,1,2,89,44,45
COMANCHE COUNTY,093,8 Years,192,93,99,94,48,46,1,0,1,3,1,2,94,44,50
COMANCHE COUNTY,093,9 Years,175,83,92,90,43,47,1,0,1,5,2,3,79,38,41
COMANCHE COUNTY,093,10 Years,180,79,101,92,39,53,0,0,0,3,0,3,85,40,45
COMANCHE COUNTY,093,11 Years,165,90,75,88,50,38,0,0,0,1,1,0,76,39,37
COMANCHE COUNTY,093,12 Years,167,83,84,91,50,41,0,0,0,3,3,0,73,30,43
COMANCHE COUNTY,093,13 Years,174,86,88,91,51,40,2,0,2,6,3,3,75,32,43
COMANCHE COUNTY,093,14 Years,170,92,78,89,48,41,1,0,1,4,3,1,76,41,35
COMANCHE COUNTY,093,15 Years,191,89,102,105,52,53,0,0,0,3,1,2,83,36,47
COMANCHE COUNTY,093,16 Years,206,114,92,112,65,47,0,0,0,3,0,3,91,49,42
COMANCHE COUNTY,093,17 Years,202,99,103,110,52,58,0,0,0,1,1,0,91,46,45
COMANCHE COUNTY,093,18 Years,179,79,100,100,39,61,1,0,1,3,3,0,75,37,38
COMANCHE COUNTY,093,19 Years,154,79,75,83,40,43,0,0,0,3,3,0,68,36,32
COMANCHE COUNTY,093,20 Years,169,89,80,83,39,44,1,1,0,3,1,2,82,48,34
COMANCHE COUNTY,093,21 Years,172,93,79,94,45,49,0,0,0,4,2,2,74,46,28
COMANCHE COUNTY,093,22 Years,191,103,88,110,60,50,0,0,0,3,2,1,78,41,37
COMANCHE COUNTY,093,23 Years,175,99,76,101,59,42,1,1,0,1,1,0,72,38,34
COMANCHE COUNTY,093,24 Years,157,77,80,87,42,45,0,0,0,5,0,5,65,35,30
COMANCHE COUNTY,093,25 Years,143,69,74,78,33,45,1,0,1,3,2,1,61,34,27
COMANCHE COUNTY,093,26 Years,142,76,66,87,42,45,0,0,0,1,0,1,54,34,20
COMANCHE COUNTY,093,27 Years,152,90,62,85,48,37,1,1,0,2,1,1,64,40,24
COMANCHE COUNTY,093,28 Years,130,69,61,73,36,37,1,1,0,2,1,1,54,31,23
COMANCHE COUNTY,093,29 Years,134,65,69,73,36,37,0,0,0,1,1,0,60,28,32
COMANCHE COUNTY,093,30 Years,113,61,52,67,36,31,0,0,0,1,1,0,45,24,21
COMANCHE COUNTY,093,31 Years,120,64,56,69,36,33,0,0,0,3,2,1,48,26,22
COMANCHE COUNTY,093,32 Years,118,55,63,67,29,38,0,0,0,2,1,1,49,25,24
COMANCHE COUNTY,093,33 Years,124,64,60,72,37,35,0,0,0,2,1,1,50,26,24
COMANCHE COUNTY,093,34 Years,113,60,53,69,38,31,0,0,0,2,1,1,42,21,21
COMANCHE COUNTY,093,35 Years,119,62,57,68,36,32,0,0,0,2,2,0,49,24,25
COMANCHE COUNTY,093,36 Years,123,64,59,77,39,38,0,0,0,1,1,0,45,24,21
COMANCHE COUNTY,093,37 Years,126,63,63,89,43,46,0,0,0,1,1,0,36,19,17
COMANCHE COUNTY,093,38 Years,134,66,68,86,38,48,1,1,0,0,0,0,47,27,20
COMANCHE COUNTY,093,39 Years,131,68,63,78,38,40,1,0,1,1,0,1,51,30,21
COMANCHE COUNTY,093,40 Years,135,72,63,85,47,38,0,0,0,3,0,3,47,25,22
COMANCHE COUNTY,093,41 Years,138,65,73,89,42,47,0,0,0,3,1,2,46,22,24
COMANCHE COUNTY,093,42 Years,130,57,73,83,35,48,0,0,0,2,1,1,45,21,24
COMANCHE COUNTY,093,43 Years,147,63,84,92,39,53,0,0,0,3,0,3,52,24,28
COMANCHE COUNTY,093,44 Years,160,75,85,104,48,56,0,0,0,2,1,1,54,26,28
COMANCHE COUNTY,093,45 Years,172,89,83,114,64,50,0,0,0,2,1,1,56,24,32
COMANCHE COUNTY,093,46 Years,160,86,74,115,63,52,0,0,0,5,2,3,40,21,19
COMANCHE COUNTY,093,47 Years,163,76,87,114,53,61,1,0,1,2,1,1,46,22,24
COMANCHE COUNTY,093,48 Years,187,93,94,128,59,69,0,0,0,2,2,0,57,32,25
COMANCHE COUNTY,093,49 Years,170,98,72,122,71,51,1,1,0,1,1,0,46,25,21
COMANCHE COUNTY,093,50 Years,186,103,83,133,72,61,1,1,0,3,2,1,49,28,21
COMANCHE COUNTY,093,51 Years,205,104,101,155,74,81,1,0,1,1,0,1,48,30,18
COMANCHE COUNTY,093,52 Years,192,97,95,146,67,79,1,1,0,1,0,1,44,29,15
COMANCHE COUNTY,093,53 Years,198,98,100,156,76,80,1,1,0,2,1,1,39,20,19
COMANCHE COUNTY,093,54 Years,198,101,97,156,79,77,0,0,0,3,1,2,39,21,18
COMANCHE COUNTY,093,55 Years,188,97,91,151,80,71,0,0,0,1,1,0,36,16,20
COMANCHE COUNTY,093,56 Years,189,100,89,149,79,70,0,0,0,1,0,1,39,21,18
COMANCHE COUNTY,093,57 Years,209,110,99,173,90,83,0,0,0,4,2,2,32,18,14
COMANCHE COUNTY,093,58 Years,183,96,87,150,74,76,0,0,0,5,4,1,28,18,10
COMANCHE COUNTY,093,59 Years,201,99,102,164,79,85,2,2,0,6,2,4,29,16,13
COMANCHE COUNTY,093,60 Years,182,82,100,149,66,83,2,1,1,4,1,3,27,14,13
COMANCHE COUNTY,093,61 Years,169,75,94,142,60,82,1,0,1,3,1,2,23,14,9
COMANCHE COUNTY,093,62 Years,175,95,80,147,77,70,0,0,0,3,2,1,25,16,9
COMANCHE COUNTY,093,63 Years,182,96,86,155,82,73,0,0,0,3,0,3,24,14,10
COMANCHE COUNTY,093,64 Years,187,94,93,154,76,78,0,0,0,4,2,2,29,16,13
COMANCHE COUNTY,093,65 Years,186,91,95,150,75,75,0,0,0,3,1,2,33,15,18
COMANCHE COUNTY,093,66 Years,192,89,103,161,76,85,0,0,0,2,0,2,29,13,16
COMANCHE COUNTY,093,67 Years,187,93,94,164,82,82,0,0,0,2,1,1,21,10,11
COMANCHE COUNTY,093,68 Years,202,100,102,169,83,86,0,0,0,6,2,4,27,15,12
COMANCHE COUNTY,093,69 Years,168,83,85,148,72,76,0,0,0,4,2,2,16,9,7
COMANCHE COUNTY,093,70 Years,175,81,94,161,76,85,0,0,0,1,0,1,13,5,8
COMANCHE COUNTY,093,71 Years,187,93,94,169,81,88,0,0,0,0,0,0,18,12,6
COMANCHE COUNTY,093,72 Years,180,88,92,166,80,86,0,0,0,0,0,0,14,8,6
COMANCHE COUNTY,093,73 Years,160,75,85,150,69,81,0,0,0,0,0,0,10,6,4
COMANCHE COUNTY,093,74 Years,139,63,76,131,60,71,0,0,0,1,0,1,7,3,4
COMANCHE COUNTY,093,75 Years,146,69,77,135,64,71,0,0,0,1,0,1,10,5,5
COMANCHE COUNTY,093,76 Years,136,69,67,124,63,61,0,0,0,1,1,0,11,5,6
COMANCHE COUNTY,093,77 Years,115,57,58,103,52,51,0,0,0,3,1,2,9,4,5
COMANCHE COUNTY,093,78 Years,113,55,58,107,51,56,0,0,0,1,1,0,5,3,2
COMANCHE COUNTY,093,79 Years,107,51,56,99,46,53,0,0,0,3,2,1,5,3,2
COMANCHE COUNTY,093,80 Years,111,60,51,101,53,48,0,0,0,2,1,1,8,6,2
COMANCHE COUNTY,093,81 Years,92,44,48,84,41,43,0,0,0,2,0,2,6,3,3
COMANCHE COUNTY,093,82 Years,68,33,35,63,31,32,0,0,0,2,1,1,3,1,2
COMANCHE COUNTY,093,83 Years,70,34,36,62,29,33,1,1,0,1,1,0,6,3,3
COMANCHE COUNTY,093,84 Years,72,30,42,66,27,39,0,0,0,0,0,0,6,3,3
COMANCHE COUNTY,093,85 Years +,331,119,212,310,109,201,0,0,0,8,5,3,13,5,8
CONCHO COUNTY,095,All Ages,4183,2850,1333,1821,931,890,55,53,2,53,31,22,2254,1835,419
CONCHO COUNTY,095,< 1 Year,33,18,15,17,8,9,1,1,0,1,1,0,14,8,6
CONCHO COUNTY,095,1 Years,31,18,13,16,9,7,0,0,0,0,0,0,15,9,6
CONCHO COUNTY,095,2 Years,27,15,12,15,7,8,0,0,0,0,0,0,12,8,4
CONCHO COUNTY,095,3 Years,32,18,14,18,9,9,0,0,0,0,0,0,14,9,5
CONCHO COUNTY,095,4 Years,31,17,14,17,8,9,0,0,0,0,0,0,14,9,5
CONCHO COUNTY,095,5 Years,27,16,11,16,9,7,0,0,0,0,0,0,11,7,4
CONCHO COUNTY,095,6 Years,34,18,16,16,6,10,1,1,0,1,1,0,16,10,6
CONCHO COUNTY,095,7 Years,39,21,18,22,10,12,1,1,0,0,0,0,16,10,6
CONCHO COUNTY,095,8 Years,38,14,24,21,8,13,0,0,0,0,0,0,17,6,11
CONCHO COUNTY,095,9 Years,28,11,17,15,6,9,0,0,0,0,0,0,13,5,8
CONCHO COUNTY,095,10 Years,42,21,21,18,7,11,0,0,0,0,0,0,24,14,10
CONCHO COUNTY,095,11 Years,31,16,15,13,6,7,1,1,0,0,0,0,17,9,8
CONCHO COUNTY,095,12 Years,32,12,20,18,6,12,0,0,0,1,0,1,13,6,7
CONCHO COUNTY,095,13 Years,30,20,10,17,12,5,0,0,0,0,0,0,13,8,5
CONCHO COUNTY,095,14 Years,28,20,8,17,10,7,0,0,0,0,0,0,11,10,1
CONCHO COUNTY,095,15 Years,36,19,17,21,11,10,0,0,0,0,0,0,15,8,7
CONCHO COUNTY,095,16 Years,40,18,22,26,13,13,0,0,0,0,0,0,14,5,9
CONCHO COUNTY,095,17 Years,31,15,16,18,8,10,1,1,0,0,0,0,12,6,6
CONCHO COUNTY,095,18 Years,25,13,12,15,7,8,0,0,0,0,0,0,10,6,4
CONCHO COUNTY,095,19 Years,42,23,19,14,5,9,0,0,0,1,1,0,27,17,10
CONCHO COUNTY,095,20 Years,34,19,15,13,6,7,1,1,0,0,0,0,20,12,8
CONCHO COUNTY,095,21 Years,40,23,17,15,8,7,1,1,0,1,0,1,23,14,9
CONCHO COUNTY,095,22 Years,71,54,17,15,7,8,1,1,0,4,2,2,51,44,7
CONCHO COUNTY,095,23 Years,62,43,19,29,18,11,3,3,0,4,2,2,26,20,6
CONCHO COUNTY,095,24 Years,42,27,15,21,11,10,1,1,0,1,0,1,19,15,4
CONCHO COUNTY,095,25 Years,87,77,10,10,7,3,3,3,0,4,3,1,70,64,6
CONCHO COUNTY,095,26 Years,59,50,9,8,4,4,1,1,0,2,1,1,48,44,4
CONCHO COUNTY,095,27 Years,66,58,8,13,9,4,2,2,0,1,0,1,50,47,3
CONCHO COUNTY,095,28 Years,72,64,8,16,13,3,1,1,0,1,1,0,54,49,5
CONCHO COUNTY,095,29 Years,33,28,5,7,4,3,0,0,0,0,0,0,26,24,2
CONCHO COUNTY,095,30 Years,68,63,5,11,8,3,0,0,0,1,1,0,56,54,2
CONCHO COUNTY,095,31 Years,55,43,12,10,5,5,0,0,0,0,0,0,45,38,7
CONCHO COUNTY,095,32 Years,50,40,10,9,5,4,2,1,1,1,1,0,38,33,5
CONCHO COUNTY,095,33 Years,70,59,11,14,8,6,1,1,0,0,0,0,55,50,5
CONCHO COUNTY,095,34 Years,86,69,17,15,6,9,2,2,0,1,0,1,68,61,7
CONCHO COUNTY,095,35 Years,86,73,13,24,17,7,3,3,0,1,1,0,58,52,6
CONCHO COUNTY,095,36 Years,83,69,14,21,14,7,1,1,0,0,0,0,61,54,7
CONCHO COUNTY,095,37 Years,43,32,11,11,5,6,0,0,0,0,0,0,32,27,5
CONCHO COUNTY,095,38 Years,68,60,8,9,5,4,0,0,0,3,2,1,56,53,3
CONCHO COUNTY,095,39 Years,92,83,9,17,10,7,3,3,0,0,0,0,72,70,2
CONCHO COUNTY,095,40 Years,71,58,13,15,7,8,1,1,0,0,0,0,55,50,5
CONCHO COUNTY,095,41 Years,98,86,12,19,11,8,4,4,0,1,1,0,74,70,4
CONCHO COUNTY,095,42 Years,93,80,13,21,14,7,1,1,0,1,1,0,70,64,6
CONCHO COUNTY,095,43 Years,79,60,19,23,10,13,0,0,0,0,0,0,56,50,6
CONCHO COUNTY,095,44 Years,76,65,11,22,15,7,2,2,0,3,3,0,49,45,4
CONCHO COUNTY,095,45 Years,66,52,14,16,7,9,3,3,0,0,0,0,47,42,5
CONCHO COUNTY,095,46 Years,84,67,17,15,7,8,3,3,0,1,0,1,65,57,8
CONCHO COUNTY,095,47 Years,77,62,15,12,6,6,1,1,0,0,0,0,64,55,9
CONCHO COUNTY,095,48 Years,71,55,16,19,12,7,1,0,1,0,0,0,51,43,8
CONCHO COUNTY,095,49 Years,69,59,10,15,11,4,0,0,0,1,1,0,53,47,6
CONCHO COUNTY,095,50 Years,55,36,19,32,17,15,0,0,0,0,0,0,23,19,4
CONCHO COUNTY,095,51 Years,70,41,29,33,14,19,0,0,0,1,0,1,36,27,9
CONCHO COUNTY,095,52 Years,50,29,21,26,12,14,1,1,0,1,0,1,22,16,6
CONCHO COUNTY,095,53 Years,49,36,13,20,10,10,0,0,0,0,0,0,29,26,3
CONCHO COUNTY,095,54 Years,40,30,10,20,11,9,0,0,0,0,0,0,20,19,1
CONCHO COUNTY,095,55 Years,71,56,15,26,13,13,2,2,0,0,0,0,43,41,2
CONCHO COUNTY,095,56 Years,50,27,23,27,11,16,0,0,0,2,1,1,21,15,6
CONCHO COUNTY,095,57 Years,45,23,22,31,17,14,0,0,0,2,0,2,12,6,6
CONCHO COUNTY,095,58 Years,60,38,22,41,25,16,0,0,0,2,1,1,17,12,5
CONCHO COUNTY,095,59 Years,55,32,23,33,16,17,3,3,0,0,0,0,19,13,6
CONCHO COUNTY,095,60 Years,56,35,21,32,15,17,1,1,0,0,0,0,23,19,4
CONCHO COUNTY,095,61 Years,55,32,23,36,18,18,0,0,0,0,0,0,19,14,5
CONCHO COUNTY,095,62 Years,38,22,16,25,15,10,0,0,0,0,0,0,13,7,6
CONCHO COUNTY,095,63 Years,35,21,14,22,13,9,0,0,0,0,0,0,13,8,5
CONCHO COUNTY,095,64 Years,37,18,19,29,14,15,0,0,0,0,0,0,8,4,4
CONCHO COUNTY,095,65 Years,54,27,27,37,15,22,1,1,0,2,1,1,14,10,4
CONCHO COUNTY,095,66 Years,64,37,27,56,32,24,0,0,0,2,1,1,6,4,2
CONCHO COUNTY,095,67 Years,64,35,29,50,26,24,0,0,0,2,1,1,12,8,4
CONCHO COUNTY,095,68 Years,46,25,21,35,18,17,0,0,0,0,0,0,11,7,4
CONCHO COUNTY,095,69 Years,36,17,19,31,14,17,0,0,0,1,1,0,4,2,2
CONCHO COUNTY,095,70 Years,39,20,19,33,17,16,0,0,0,0,0,0,6,3,3
CONCHO COUNTY,095,71 Years,31,17,14,26,14,12,0,0,0,0,0,0,5,3,2
CONCHO COUNTY,095,72 Years,37,20,17,30,16,14,0,0,0,0,0,0,7,4,3
CONCHO COUNTY,095,73 Years,29,15,14,25,13,12,0,0,0,0,0,0,4,2,2
CONCHO COUNTY,095,74 Years,27,13,14,20,10,10,0,0,0,0,0,0,7,3,4
CONCHO COUNTY,095,75 Years,30,15,15,24,12,12,0,0,0,0,0,0,6,3,3
CONCHO COUNTY,095,76 Years,27,9,18,21,7,14,0,0,0,0,0,0,6,2,4
CONCHO COUNTY,095,77 Years,26,12,14,18,8,10,0,0,0,0,0,0,8,4,4
CONCHO COUNTY,095,78 Years,24,14,10,19,10,9,0,0,0,1,1,0,4,3,1
CONCHO COUNTY,095,79 Years,27,15,12,22,10,12,0,0,0,1,1,0,4,4,0
CONCHO COUNTY,095,80 Years,20,9,11,18,8,10,0,0,0,0,0,0,2,1,1
CONCHO COUNTY,095,81 Years,16,8,8,15,7,8,0,0,0,0,0,0,1,1,0
CONCHO COUNTY,095,82 Years,20,8,12,16,7,9,0,0,0,0,0,0,4,1,3
CONCHO COUNTY,095,83 Years,17,8,9,14,6,8,0,0,0,0,0,0,3,2,1
CONCHO COUNTY,095,84 Years,10,5,5,8,4,4,0,0,0,0,0,0,2,1,1
CONCHO COUNTY,095,85 Years +,65,24,41,55,21,34,0,0,0,0,0,0,10,3,7
COOKE COUNTY,097,All Ages,39488,19745,19743,29842,14687,15155,1103,606,497,1335,604,731,7208,3848,3360
COOKE COUNTY,097,< 1 Year,515,262,253,312,165,147,21,10,11,24,10,14,158,77,81
COOKE COUNTY,097,1 Years,512,265,247,313,163,150,19,9,10,24,13,11,156,80,76
COOKE COUNTY,097,2 Years,521,272,249,326,166,160,18,9,9,22,14,8,155,83,72
COOKE COUNTY,097,3 Years,500,255,245,314,155,159,17,10,7,22,14,8,147,76,71
COOKE COUNTY,097,4 Years,500,261,239,313,159,154,15,9,6,25,15,10,147,78,69
COOKE COUNTY,097,5 Years,503,263,240,318,175,143,13,6,7,28,14,14,144,68,76
COOKE COUNTY,097,6 Years,536,283,253,325,179,146,16,9,7,40,19,21,155,76,79
COOKE COUNTY,097,7 Years,560,292,268,344,183,161,11,7,4,40,17,23,165,85,80
COOKE COUNTY,097,8 Years,544,266,278,333,155,178,13,7,6,36,15,21,162,89,73
COOKE COUNTY,097,9 Years,562,280,282,355,177,178,16,7,9,32,15,17,159,81,78
COOKE COUNTY,097,10 Years,535,279,256,330,183,147,17,8,9,34,14,20,154,74,80
COOKE COUNTY,097,11 Years,530,279,251,327,175,152,17,8,9,26,12,14,160,84,76
COOKE COUNTY,097,12 Years,551,284,267,350,167,183,16,7,9,26,11,15,159,99,60
COOKE COUNTY,097,13 Years,545,269,276,349,166,183,16,6,10,24,10,14,156,87,69
COOKE COUNTY,097,14 Years,571,279,292,365,174,191,17,8,9,23,10,13,166,87,79
COOKE COUNTY,097,15 Years,543,266,277,351,171,180,14,6,8,21,6,15,157,83,74
COOKE COUNTY,097,16 Years,518,273,245,340,178,162,8,5,3,22,7,15,148,83,65
COOKE COUNTY,097,17 Years,561,288,273,381,197,184,13,5,8,20,7,13,147,79,68
COOKE COUNTY,097,18 Years,548,287,261,369,189,180,10,5,5,24,13,11,145,80,65
COOKE COUNTY,097,19 Years,505,256,249,329,165,164,11,7,4,20,9,11,145,75,70
COOKE COUNTY,097,20 Years,517,284,233,311,166,145,24,19,5,18,9,9,164,90,74
COOKE COUNTY,097,21 Years,559,337,222,331,181,150,41,38,3,19,11,8,168,107,61
COOKE COUNTY,097,22 Years,565,340,225,329,170,159,57,51,6,23,13,10,156,106,50
COOKE COUNTY,097,23 Years,561,312,249,356,194,162,40,30,10,27,13,14,138,75,63
COOKE COUNTY,097,24 Years,544,271,273,375,182,193,25,16,9,19,8,11,125,65,60
COOKE COUNTY,097,25 Years,524,264,260,380,191,189,19,8,11,12,6,6,113,59,54
COOKE COUNTY,097,26 Years,463,251,212,330,180,150,17,8,9,11,8,3,105,55,50
COOKE COUNTY,097,27 Years,444,232,212,319,169,150,13,6,7,12,7,5,100,50,50
COOKE COUNTY,097,28 Years,417,219,198,307,156,151,10,6,4,8,4,4,92,53,39
COOKE COUNTY,097,29 Years,402,219,183,281,143,138,13,7,6,11,4,7,97,65,32
COOKE COUNTY,097,30 Years,368,190,178,258,133,125,11,4,7,10,5,5,89,48,41
COOKE COUNTY,097,31 Years,373,186,187,257,132,125,11,5,6,9,3,6,96,46,50
COOKE COUNTY,097,32 Years,422,200,222,293,140,153,15,8,7,18,5,13,96,47,49
COOKE COUNTY,097,33 Years,412,202,210,277,130,147,12,7,5,14,4,10,109,61,48
COOKE COUNTY,097,34 Years,416,212,204,292,149,143,10,8,2,20,6,14,94,49,45
COOKE COUNTY,097,35 Years,421,216,205,293,151,142,8,6,2,16,5,11,104,54,50
COOKE COUNTY,097,36 Years,408,213,195,269,140,129,8,5,3,15,7,8,116,61,55
COOKE COUNTY,097,37 Years,404,210,194,278,141,137,10,7,3,15,10,5,101,52,49
COOKE COUNTY,097,38 Years,388,197,191,265,133,132,11,5,6,14,8,6,98,51,47
COOKE COUNTY,097,39 Years,380,188,192,255,125,130,12,8,4,13,6,7,100,49,51
COOKE COUNTY,097,40 Years,411,205,206,285,141,144,14,9,5,19,10,9,93,45,48
COOKE COUNTY,097,41 Years,414,199,215,294,145,149,8,5,3,12,5,7,100,44,56
COOKE COUNTY,097,42 Years,401,199,202,286,139,147,8,5,3,9,4,5,98,51,47
COOKE COUNTY,097,43 Years,420,204,216,305,139,166,12,6,6,13,8,5,90,51,39
COOKE COUNTY,097,44 Years,447,205,242,345,152,193,11,6,5,11,7,4,80,40,40
COOKE COUNTY,097,45 Years,447,209,238,352,160,192,13,6,7,6,2,4,76,41,35
COOKE COUNTY,097,46 Years,447,208,239,347,163,184,14,6,8,11,3,8,75,36,39
COOKE COUNTY,097,47 Years,448,230,218,342,176,166,13,8,5,15,6,9,78,40,38
COOKE COUNTY,097,48 Years,468,233,235,368,185,183,12,5,7,12,4,8,76,39,37
COOKE COUNTY,097,49 Years,472,223,249,381,176,205,9,3,6,15,6,9,67,38,29
COOKE COUNTY,097,50 Years,477,231,246,387,181,206,7,2,5,14,8,6,69,40,29
COOKE COUNTY,097,51 Years,515,246,269,426,203,223,8,3,5,17,7,10,64,33,31
COOKE COUNTY,097,52 Years,573,268,305,479,222,257,9,5,4,18,6,12,67,35,32
COOKE COUNTY,097,53 Years,541,280,261,449,228,221,10,5,5,18,10,8,64,37,27
COOKE COUNTY,097,54 Years,566,287,279,491,239,252,13,9,4,15,11,4,47,28,19
COOKE COUNTY,097,55 Years,588,295,293,496,246,250,16,6,10,17,10,7,59,33,26
COOKE COUNTY,097,56 Years,595,276,319,518,239,279,12,4,8,16,6,10,49,27,22
COOKE COUNTY,097,57 Years,599,290,309,522,254,268,14,6,8,17,3,14,46,27,19
COOKE COUNTY,097,58 Years,558,279,279,486,240,246,16,9,7,16,5,11,40,25,15
COOKE COUNTY,097,59 Years,571,292,279,496,252,244,18,10,8,11,4,7,46,26,20
COOKE COUNTY,097,60 Years,585,302,283,500,256,244,21,12,9,14,5,9,50,29,21
COOKE COUNTY,097,61 Years,593,305,288,528,266,262,13,8,5,11,6,5,41,25,16
COOKE COUNTY,097,62 Years,561,280,281,497,246,251,13,8,5,10,3,7,41,23,18
COOKE COUNTY,097,63 Years,521,261,260,457,226,231,10,5,5,18,10,8,36,20,16
COOKE COUNTY,097,64 Years,491,256,235,439,230,209,10,6,4,11,6,5,31,14,17
COOKE COUNTY,097,65 Years,502,252,250,450,227,223,14,5,9,7,3,4,31,17,14
COOKE COUNTY,097,66 Years,506,237,269,451,212,239,12,3,9,14,7,7,29,15,14
COOKE COUNTY,097,67 Years,474,215,259,430,196,234,6,2,4,11,5,6,27,12,15
COOKE COUNTY,097,68 Years,489,238,251,449,220,229,10,5,5,9,5,4,21,8,13
COOKE COUNTY,097,69 Years,422,209,213,386,191,195,10,4,6,10,6,4,16,8,8
COOKE COUNTY,097,70 Years,400,195,205,371,182,189,7,2,5,10,4,6,12,7,5
COOKE COUNTY,097,71 Years,377,173,204,355,165,190,2,0,2,7,3,4,13,5,8
COOKE COUNTY,097,72 Years,374,189,185,344,172,172,8,5,3,6,3,3,16,9,7
COOKE COUNTY,097,73 Years,320,154,166,293,144,149,7,3,4,7,1,6,13,6,7
COOKE COUNTY,097,74 Years,305,143,162,281,132,149,5,2,3,7,2,5,12,7,5
COOKE COUNTY,097,75 Years,308,147,161,289,139,150,5,1,4,7,3,4,7,4,3
COOKE COUNTY,097,76 Years,274,127,147,251,117,134,4,1,3,7,1,6,12,8,4
COOKE COUNTY,097,77 Years,248,113,135,229,104,125,6,2,4,4,2,2,9,5,4
COOKE COUNTY,097,78 Years,241,104,137,222,98,124,5,1,4,7,2,5,7,3,4
COOKE COUNTY,097,79 Years,226,106,120,216,102,114,2,0,2,4,3,1,4,1,3
COOKE COUNTY,097,80 Years,213,94,119,201,90,111,3,0,3,2,2,0,7,2,5
COOKE COUNTY,097,81 Years,211,89,122,199,82,117,2,1,1,3,2,1,7,4,3
COOKE COUNTY,097,82 Years,181,78,103,167,71,96,3,2,1,5,1,4,6,4,2
COOKE COUNTY,097,83 Years,162,73,89,146,64,82,5,4,1,4,2,2,7,3,4
COOKE COUNTY,097,84 Years,149,61,88,136,57,79,3,1,2,6,2,4,4,1,3
COOKE COUNTY,097,85 Years +,749,283,466,700,270,430,15,5,10,15,3,12,19,5,14
CORYELL COUNTY,099,All Ages,77827,37974,39853,46070,22448,23622,11332,5431,5901,6323,3024,3299,14102,7071,7031
CORYELL COUNTY,099,< 1 Year,995,497,498,532,270,262,112,50,62,122,62,60,229,115,114
CORYELL COUNTY,099,1 Years,1030,524,506,557,286,271,118,59,59,109,55,54,246,124,122
CORYELL COUNTY,099,2 Years,1020,526,494,546,281,265,112,59,53,104,58,46,258,128,130
CORYELL COUNTY,099,3 Years,1036,538,498,552,281,271,110,64,46,111,63,48,263,130,133
CORYELL COUNTY,099,4 Years,1097,567,530,545,279,266,113,61,52,150,89,61,289,138,151
CORYELL COUNTY,099,5 Years,1361,652,709,678,328,350,156,66,90,176,90,86,351,168,183
CORYELL COUNTY,099,6 Years,1503,730,773,738,352,386,180,78,102,189,98,91,396,202,194
CORYELL COUNTY,099,7 Years,1477,722,755,720,340,380,178,85,93,194,103,91,385,194,191
CORYELL COUNTY,099,8 Years,1525,779,746,749,388,361,186,89,97,211,116,95,379,186,193
CORYELL COUNTY,099,9 Years,1578,820,758,773,404,369,206,102,104,191,102,89,408,212,196
CORYELL COUNTY,099,10 Years,1414,740,674,675,353,322,184,95,89,161,86,75,394,206,188
CORYELL COUNTY,099,11 Years,1324,684,640,649,327,322,172,86,86,145,74,71,358,197,161
CORYELL COUNTY,099,12 Years,1364,692,672,691,336,355,192,99,93,149,73,76,332,184,148
CORYELL COUNTY,099,13 Years,1236,639,597,656,337,319,156,74,82,125,65,60,299,163,136
CORYELL COUNTY,099,14 Years,1179,609,570,607,308,299,157,83,74,134,68,66,281,150,131
CORYELL COUNTY,099,15 Years,1145,584,561,593,296,297,165,89,76,134,66,68,253,133,120
CORYELL COUNTY,099,16 Years,1101,577,524,572,303,269,155,80,75,126,62,64,248,132,116
CORYELL COUNTY,099,17 Years,1213,675,538,634,364,270,180,97,83,134,71,63,265,143,122
CORYELL COUNTY,099,18 Years,1132,647,485,579,342,237,184,102,82,107,56,51,262,147,115
CORYELL COUNTY,099,19 Years,1053,598,455,535,315,220,166,93,73,95,52,43,257,138,119
CORYELL COUNTY,099,20 Years,1532,1023,509,834,596,238,260,152,108,124,76,48,314,199,115
CORYELL COUNTY,099,21 Years,1655,1124,531,933,676,257,291,177,114,130,85,45,301,186,115
CORYELL COUNTY,099,22 Years,1616,979,637,981,623,358,254,126,128,109,63,46,272,167,105
CORYELL COUNTY,099,23 Years,1629,967,662,973,597,376,257,149,108,116,58,58,283,163,120
CORYELL COUNTY,099,24 Years,1899,1125,774,1207,755,452,251,119,132,106,52,54,335,199,136
CORYELL COUNTY,099,25 Years,1248,569,679,751,331,420,206,97,109,72,29,43,219,112,107
CORYELL COUNTY,099,26 Years,1267,504,763,804,296,508,158,77,81,86,35,51,219,96,123
CORYELL COUNTY,099,27 Years,1044,406,638,535,178,357,174,86,88,106,47,59,229,95,134
CORYELL COUNTY,099,28 Years,963,359,604,467,164,303,179,65,114,101,48,53,216,82,134
CORYELL COUNTY,099,29 Years,961,340,621,497,156,341,175,82,93,88,33,55,201,69,132
CORYELL COUNTY,099,30 Years,1119,459,660,610,259,351,161,62,99,104,43,61,244,95,149
CORYELL COUNTY,099,31 Years,1119,484,635,637,272,365,167,73,94,88,39,49,227,100,127
CORYELL COUNTY,099,32 Years,1223,541,682,682,303,379,174,81,93,83,47,36,284,110,174
CORYELL COUNTY,099,33 Years,1169,540,629,654,293,361,183,87,96,90,47,43,242,113,129
CORYELL COUNTY,099,34 Years,1131,478,653,652,279,373,172,66,106,96,46,50,211,87,124
CORYELL COUNTY,099,35 Years,1196,571,625,700,339,361,167,82,85,98,50,48,231,100,131
CORYELL COUNTY,099,36 Years,1146,541,605,645,307,338,180,87,93,92,44,48,229,103,126
CORYELL COUNTY,099,37 Years,1102,521,581,640,302,338,192,87,105,77,33,44,193,99,94
CORYELL COUNTY,099,38 Years,1046,495,551,604,284,320,189,91,98,73,37,36,180,83,97
CORYELL COUNTY,099,39 Years,1015,459,556,543,239,304,191,88,103,70,33,37,211,99,112
CORYELL COUNTY,099,40 Years,1041,474,567,585,265,320,192,89,103,72,28,44,192,92,100
CORYELL COUNTY,099,41 Years,1011,449,562,596,260,336,177,78,99,61,25,36,177,86,91
CORYELL COUNTY,099,42 Years,1078,490,588,617,273,344,220,110,110,63,22,41,178,85,93
CORYELL COUNTY,099,43 Years,1068,484,584,637,281,356,226,108,118,56,23,33,149,72,77
CORYELL COUNTY,099,44 Years,1113,504,609,692,308,384,207,85,122,61,26,35,153,85,68
CORYELL COUNTY,099,45 Years,1089,468,621,690,297,393,192,79,113,71,27,44,136,65,71
CORYELL COUNTY,099,46 Years,980,426,554,617,270,347,182,74,108,54,25,29,127,57,70
CORYELL COUNTY,099,47 Years,971,456,515,597,281,316,198,80,118,50,27,23,126,68,58
CORYELL COUNTY,099,48 Years,914,420,494,580,272,308,164,65,99,48,23,25,122,60,62
CORYELL COUNTY,099,49 Years,873,404,469,561,262,299,161,69,92,48,22,26,103,51,52
CORYELL COUNTY,099,50 Years,930,458,472,583,288,295,172,79,93,57,27,30,118,64,54
CORYELL COUNTY,099,51 Years,908,446,462,591,276,315,159,79,80,42,19,23,116,72,44
CORYELL COUNTY,099,52 Years,858,401,457,580,268,312,149,67,82,35,16,19,94,50,44
CORYELL COUNTY,099,53 Years,879,417,462,565,272,293,171,76,95,33,14,19,110,55,55
CORYELL COUNTY,099,54 Years,814,383,431,522,249,273,154,73,81,46,16,30,92,45,47
CORYELL COUNTY,099,55 Years,778,361,417,516,246,270,131,61,70,48,16,32,83,38,45
CORYELL COUNTY,099,56 Years,741,323,418,486,214,272,128,61,67,48,16,32,79,32,47
CORYELL COUNTY,099,57 Years,757,336,421,506,228,278,132,59,73,48,20,28,71,29,42
CORYELL COUNTY,099,58 Years,733,330,403,516,216,300,113,59,54,40,22,18,64,33,31
CORYELL COUNTY,099,59 Years,664,306,358,479,216,263,89,44,45,39,16,23,57,30,27
CORYELL COUNTY,099,60 Years,636,287,349,449,206,243,88,39,49,39,13,26,60,29,31
CORYELL COUNTY,099,61 Years,604,275,329,422,199,223,78,38,40,48,11,37,56,27,29
CORYELL COUNTY,099,62 Years,559,251,308,422,201,221,62,23,39,39,7,32,36,20,16
CORYELL COUNTY,099,63 Years,559,275,284,415,207,208,62,29,33,31,8,23,51,31,20
CORYELL COUNTY,099,64 Years,528,255,273,381,190,191,56,28,28,35,15,20,56,22,34
CORYELL COUNTY,099,65 Years,477,222,255,365,174,191,48,26,22,27,8,19,37,14,23
CORYELL COUNTY,099,66 Years,486,229,257,386,180,206,42,24,18,22,7,15,36,18,18
CORYELL COUNTY,099,67 Years,511,234,277,396,179,217,43,23,20,24,7,17,48,25,23
CORYELL COUNTY,099,68 Years,521,240,281,412,197,215,41,19,22,25,7,18,43,17,26
CORYELL COUNTY,099,69 Years,392,169,223,308,137,171,32,16,16,16,5,11,36,11,25
CORYELL COUNTY,099,70 Years,380,165,215,292,131,161,43,20,23,19,4,15,26,10,16
CORYELL COUNTY,099,71 Years,378,171,207,301,141,160,37,15,22,19,5,14,21,10,11
CORYELL COUNTY,099,72 Years,357,170,187,285,138,147,27,12,15,17,3,14,28,17,11
CORYELL COUNTY,099,73 Years,329,158,171,267,131,136,23,11,12,16,3,13,23,13,10
CORYELL COUNTY,099,74 Years,306,137,169,256,117,139,19,11,8,13,3,10,18,6,12
CORYELL COUNTY,099,75 Years,271,117,154,218,99,119,22,12,10,15,1,14,16,5,11
CORYELL COUNTY,099,76 Years,267,111,156,206,86,120,22,9,13,16,6,10,23,10,13
CORYELL COUNTY,099,77 Years,272,122,150,223,104,119,19,6,13,14,5,9,16,7,9
CORYELL COUNTY,099,78 Years,264,114,150,222,97,125,13,5,8,13,5,8,16,7,9
CORYELL COUNTY,099,79 Years,214,88,126,177,71,106,11,5,6,10,4,6,16,8,8
CORYELL COUNTY,099,80 Years,188,76,112,158,66,92,9,2,7,7,0,7,14,8,6
CORYELL COUNTY,099,81 Years,162,71,91,137,64,73,8,2,6,9,1,8,8,4,4
CORYELL COUNTY,099,82 Years,149,66,83,122,58,64,7,2,5,13,2,11,7,4,3
CORYELL COUNTY,099,83 Years,150,62,88,122,51,71,8,4,4,7,1,6,13,6,7
CORYELL COUNTY,099,84 Years,139,51,88,111,40,71,7,3,4,8,2,6,13,6,7
CORYELL COUNTY,099,85 Years +,665,237,428,571,203,368,25,7,18,25,7,18,44,20,24
COTTLE COUNTY,101,All Ages,1423,675,748,956,451,505,120,55,65,17,11,6,330,158,172
COTTLE COUNTY,101,< 1 Year,12,5,7,6,3,3,2,1,1,0,0,0,4,1,3
COTTLE COUNTY,101,1 Years,18,9,9,8,4,4,3,2,1,0,0,0,7,3,4
COTTLE COUNTY,101,2 Years,16,9,7,6,4,2,3,2,1,0,0,0,7,3,4
COTTLE COUNTY,101,3 Years,15,8,7,6,3,3,2,1,1,0,0,0,7,4,3
COTTLE COUNTY,101,4 Years,18,9,9,7,4,3,1,0,1,0,0,0,10,5,5
COTTLE COUNTY,101,5 Years,19,8,11,9,2,7,0,0,0,1,0,1,9,6,3
COTTLE COUNTY,101,6 Years,17,10,7,9,6,3,0,0,0,0,0,0,8,4,4
COTTLE COUNTY,101,7 Years,11,7,4,5,4,1,0,0,0,1,1,0,5,2,3
COTTLE COUNTY,101,8 Years,14,8,6,6,4,2,1,1,0,0,0,0,7,3,4
COTTLE COUNTY,101,9 Years,16,7,9,8,4,4,2,0,2,0,0,0,6,3,3
COTTLE COUNTY,101,10 Years,14,5,9,9,4,5,1,0,1,0,0,0,4,1,3
COTTLE COUNTY,101,11 Years,20,9,11,14,6,8,1,1,0,0,0,0,5,2,3
COTTLE COUNTY,101,12 Years,27,12,15,18,8,10,1,1,0,0,0,0,8,3,5
COTTLE COUNTY,101,13 Years,24,14,10,17,10,7,2,2,0,0,0,0,5,2,3
COTTLE COUNTY,101,14 Years,27,16,11,20,12,8,1,0,1,0,0,0,6,4,2
COTTLE COUNTY,101,15 Years,23,15,8,16,11,5,0,0,0,0,0,0,7,4,3
COTTLE COUNTY,101,16 Years,19,10,9,11,7,4,2,0,2,0,0,0,6,3,3
COTTLE COUNTY,101,17 Years,15,7,8,8,3,5,1,0,1,1,1,0,5,3,2
COTTLE COUNTY,101,18 Years,18,9,9,12,6,6,1,0,1,0,0,0,5,3,2
COTTLE COUNTY,101,19 Years,14,8,6,7,4,3,2,1,1,0,0,0,5,3,2
COTTLE COUNTY,101,20 Years,17,8,9,5,2,3,4,1,3,1,1,0,7,4,3
COTTLE COUNTY,101,21 Years,15,7,8,5,2,3,7,3,4,0,0,0,3,2,1
COTTLE COUNTY,101,22 Years,19,12,7,6,3,3,7,6,1,0,0,0,6,3,3
COTTLE COUNTY,101,23 Years,20,12,8,8,6,2,4,3,1,2,2,0,6,1,5
COTTLE COUNTY,101,24 Years,14,7,7,8,4,4,2,1,1,1,0,1,3,2,1
COTTLE COUNTY,101,25 Years,11,6,5,8,3,5,0,0,0,0,0,0,3,3,0
COTTLE COUNTY,101,26 Years,8,2,6,3,0,3,1,0,1,0,0,0,4,2,2
COTTLE COUNTY,101,27 Years,7,3,4,4,2,2,1,0,1,0,0,0,2,1,1
COTTLE COUNTY,101,28 Years,10,5,5,5,3,2,2,1,1,0,0,0,3,1,2
COTTLE COUNTY,101,29 Years,13,5,8,7,4,3,2,1,1,0,0,0,4,0,4
COTTLE COUNTY,101,30 Years,12,8,4,8,5,3,0,0,0,0,0,0,4,3,1
COTTLE COUNTY,101,31 Years,8,5,3,5,3,2,0,0,0,0,0,0,3,2,1
COTTLE COUNTY,101,32 Years,15,6,9,8,4,4,2,1,1,1,0,1,4,1,3
COTTLE COUNTY,101,33 Years,12,6,6,9,5,4,0,0,0,0,0,0,3,1,2
COTTLE COUNTY,101,34 Years,10,3,7,6,3,3,1,0,1,0,0,0,3,0,3
COTTLE COUNTY,101,35 Years,15,6,9,9,5,4,0,0,0,0,0,0,6,1,5
COTTLE COUNTY,101,36 Years,13,6,7,8,3,5,0,0,0,0,0,0,5,3,2
COTTLE COUNTY,101,37 Years,12,6,6,7,4,3,0,0,0,0,0,0,5,2,3
COTTLE COUNTY,101,38 Years,10,2,8,5,1,4,1,0,1,0,0,0,4,1,3
COTTLE COUNTY,101,39 Years,10,3,7,7,2,5,1,1,0,0,0,0,2,0,2
COTTLE COUNTY,101,40 Years,13,3,10,8,2,6,1,1,0,0,0,0,4,0,4
COTTLE COUNTY,101,41 Years,17,6,11,9,3,6,4,1,3,0,0,0,4,2,2
COTTLE COUNTY,101,42 Years,9,5,4,4,2,2,2,1,1,0,0,0,3,2,1
COTTLE COUNTY,101,43 Years,8,3,5,5,3,2,1,0,1,0,0,0,2,0,2
COTTLE COUNTY,101,44 Years,9,5,4,5,3,2,2,1,1,0,0,0,2,1,1
COTTLE COUNTY,101,45 Years,13,6,7,8,4,4,2,1,1,0,0,0,3,1,2
COTTLE COUNTY,101,46 Years,11,4,7,9,3,6,1,0,1,0,0,0,1,1,0
COTTLE COUNTY,101,47 Years,20,8,12,16,6,10,2,1,1,1,0,1,1,1,0
COTTLE COUNTY,101,48 Years,16,10,6,12,7,5,2,1,1,0,0,0,2,2,0
COTTLE COUNTY,101,49 Years,12,6,6,8,4,4,0,0,0,0,0,0,4,2,2
COTTLE COUNTY,101,50 Years,16,6,10,9,5,4,3,0,3,0,0,0,4,1,3
COTTLE COUNTY,101,51 Years,20,8,12,15,7,8,2,0,2,0,0,0,3,1,2
COTTLE COUNTY,101,52 Years,24,12,12,15,7,8,2,1,1,1,1,0,6,3,3
COTTLE COUNTY,101,53 Years,21,12,9,14,7,7,2,2,0,1,1,0,4,2,2
COTTLE COUNTY,101,54 Years,23,12,11,15,8,7,2,1,1,0,0,0,6,3,3
COTTLE COUNTY,101,55 Years,21,10,11,15,7,8,2,1,1,0,0,0,4,2,2
COTTLE COUNTY,101,56 Years,18,13,5,14,9,5,0,0,0,0,0,0,4,4,0
COTTLE COUNTY,101,57 Years,19,10,9,12,6,6,1,0,1,0,0,0,6,4,2
COTTLE COUNTY,101,58 Years,19,9,10,14,6,8,2,1,1,0,0,0,3,2,1
COTTLE COUNTY,101,59 Years,14,9,5,9,5,4,1,1,0,1,0,1,3,3,0
COTTLE COUNTY,101,60 Years,20,10,10,11,5,6,2,1,1,0,0,0,7,4,3
COTTLE COUNTY,101,61 Years,19,8,11,14,6,8,1,0,1,0,0,0,4,2,2
COTTLE COUNTY,101,62 Years,16,5,11,15,5,10,0,0,0,0,0,0,1,0,1
COTTLE COUNTY,101,63 Years,18,7,11,13,5,8,3,1,2,0,0,0,2,1,1
COTTLE COUNTY,101,64 Years,29,15,14,24,12,12,2,1,1,0,0,0,3,2,1
COTTLE COUNTY,101,65 Years,24,14,10,20,12,8,1,1,0,0,0,0,3,1,2
COTTLE COUNTY,101,66 Years,17,8,9,13,6,7,1,1,0,0,0,0,3,1,2
COTTLE COUNTY,101,67 Years,18,8,10,15,6,9,0,0,0,0,0,0,3,2,1
COTTLE COUNTY,101,68 Years,21,8,13,19,7,12,0,0,0,0,0,0,2,1,1
COTTLE COUNTY,101,69 Years,20,10,10,18,9,9,0,0,0,0,0,0,2,1,1
COTTLE COUNTY,101,70 Years,19,13,6,14,10,4,2,1,1,1,1,0,2,1,1
COTTLE COUNTY,101,71 Years,23,10,13,18,7,11,1,0,1,1,1,0,3,2,1
COTTLE COUNTY,101,72 Years,17,7,10,15,6,9,1,0,1,0,0,0,1,1,0
COTTLE COUNTY,101,73 Years,16,6,10,15,6,9,1,0,1,0,0,0,0,0,0
COTTLE COUNTY,101,74 Years,21,8,13,19,7,12,0,0,0,0,0,0,2,1,1
COTTLE COUNTY,101,75 Years,18,6,12,14,4,10,2,1,1,1,1,0,1,0,1
COTTLE COUNTY,101,76 Years,20,10,10,17,9,8,2,1,1,1,0,1,0,0,0
COTTLE COUNTY,101,77 Years,15,8,7,14,7,7,0,0,0,0,0,0,1,1,0
COTTLE COUNTY,101,78 Years,13,5,8,11,4,7,0,0,0,0,0,0,2,1,1
COTTLE COUNTY,101,79 Years,12,4,8,10,3,7,0,0,0,0,0,0,2,1,1
COTTLE COUNTY,101,80 Years,11,7,4,10,6,4,0,0,0,0,0,0,1,1,0
COTTLE COUNTY,101,81 Years,14,5,9,12,4,8,0,0,0,1,1,0,1,0,1
COTTLE COUNTY,101,82 Years,16,6,10,14,6,8,0,0,0,0,0,0,2,0,2
COTTLE COUNTY,101,83 Years,15,6,9,12,5,7,1,0,1,0,0,0,2,1,1
COTTLE COUNTY,101,84 Years,12,5,7,9,3,6,1,1,0,0,0,0,2,1,1
COTTLE COUNTY,101,85 Years +,48,16,32,41,14,27,4,2,2,0,0,0,3,0,3
CRANE COUNTY,103,All Ages,5022,2494,2528,1884,918,966,137,71,66,87,43,44,2914,1462,1452
CRANE COUNTY,103,< 1 Year,76,46,30,13,8,5,5,4,1,0,0,0,58,34,24
CRANE COUNTY,103,1 Years,76,41,35,14,8,6,3,2,1,0,0,0,59,31,28
CRANE COUNTY,103,2 Years,77,37,40,17,9,8,0,0,0,0,0,0,60,28,32
CRANE COUNTY,103,3 Years,73,35,38,16,8,8,0,0,0,0,0,0,57,27,30
CRANE COUNTY,103,4 Years,66,29,37,12,6,6,4,2,2,0,0,0,50,21,29
CRANE COUNTY,103,5 Years,76,28,48,14,4,10,4,0,4,0,0,0,58,24,34
CRANE COUNTY,103,6 Years,74,37,37,15,6,9,3,2,1,2,2,0,54,27,27
CRANE COUNTY,103,7 Years,69,36,33,19,7,12,1,1,0,1,1,0,48,27,21
CRANE COUNTY,103,8 Years,61,30,31,12,7,5,3,2,1,2,1,1,44,20,24
CRANE COUNTY,103,9 Years,70,36,34,17,9,8,3,2,1,1,1,0,49,24,25
CRANE COUNTY,103,10 Years,82,44,38,24,12,12,0,0,0,0,0,0,58,32,26
CRANE COUNTY,103,11 Years,86,40,46,24,14,10,2,0,2,0,0,0,60,26,34
CRANE COUNTY,103,12 Years,72,40,32,22,15,7,1,1,0,0,0,0,49,24,25
CRANE COUNTY,103,13 Years,72,39,33,21,10,11,4,2,2,2,1,1,45,26,19
CRANE COUNTY,103,14 Years,79,41,38,21,10,11,3,2,1,3,1,2,52,28,24
CRANE COUNTY,103,15 Years,89,45,44,28,12,16,1,0,1,1,1,0,59,32,27
CRANE COUNTY,103,16 Years,81,42,39,24,12,12,2,1,1,0,0,0,55,29,26
CRANE COUNTY,103,17 Years,77,39,38,18,10,8,1,1,0,0,0,0,58,28,30
CRANE COUNTY,103,18 Years,76,34,42,17,8,9,4,2,2,0,0,0,55,24,31
CRANE COUNTY,103,19 Years,73,36,37,19,12,7,4,1,3,0,0,0,50,23,27
CRANE COUNTY,103,20 Years,81,38,43,21,11,10,1,0,1,2,1,1,57,26,31
CRANE COUNTY,103,21 Years,91,42,49,26,10,16,2,0,2,2,1,1,61,31,30
CRANE COUNTY,103,22 Years,82,40,42,23,9,14,2,1,1,2,1,1,55,29,26
CRANE COUNTY,103,23 Years,86,45,41,21,12,9,2,1,1,6,3,3,57,29,28
CRANE COUNTY,103,24 Years,68,38,30,15,8,7,2,2,0,5,3,2,46,25,21
CRANE COUNTY,103,25 Years,52,29,23,13,6,7,1,1,0,2,1,1,36,21,15
CRANE COUNTY,103,26 Years,57,29,28,22,10,12,0,0,0,1,1,0,34,18,16
CRANE COUNTY,103,27 Years,54,30,24,17,11,6,1,1,0,1,1,0,35,17,18
CRANE COUNTY,103,28 Years,45,25,20,11,6,5,5,3,2,1,1,0,28,15,13
CRANE COUNTY,103,29 Years,57,27,30,18,8,10,2,0,2,1,0,1,36,19,17
CRANE COUNTY,103,30 Years,55,26,29,18,8,10,3,2,1,2,2,0,32,14,18
CRANE COUNTY,103,31 Years,56,26,30,13,6,7,1,1,0,2,1,1,40,18,22
CRANE COUNTY,103,32 Years,58,24,34,18,8,10,0,0,0,2,0,2,38,16,22
CRANE COUNTY,103,33 Years,56,26,30,21,8,13,3,2,1,1,1,0,31,15,16
CRANE COUNTY,103,34 Years,65,35,30,25,12,13,2,2,0,1,1,0,37,20,17
CRANE COUNTY,103,35 Years,51,27,24,17,10,7,2,2,0,0,0,0,32,15,17
CRANE COUNTY,103,36 Years,48,27,21,17,12,5,2,1,1,0,0,0,29,14,15
CRANE COUNTY,103,37 Years,59,33,26,20,11,9,3,1,2,1,1,0,35,20,15
CRANE COUNTY,103,38 Years,53,30,23,15,7,8,2,2,0,0,0,0,36,21,15
CRANE COUNTY,103,39 Years,56,30,26,14,9,5,0,0,0,0,0,0,42,21,21
CRANE COUNTY,103,40 Years,56,28,28,14,7,7,0,0,0,1,0,1,41,21,20
CRANE COUNTY,103,41 Years,45,28,17,8,5,3,1,1,0,0,0,0,36,22,14
CRANE COUNTY,103,42 Years,50,24,26,14,5,9,1,1,0,0,0,0,35,18,17
CRANE COUNTY,103,43 Years,62,30,32,17,8,9,1,1,0,0,0,0,44,21,23
CRANE COUNTY,103,44 Years,66,24,42,24,8,16,0,0,0,0,0,0,42,16,26
CRANE COUNTY,103,45 Years,53,23,30,24,12,12,1,0,1,2,2,0,26,9,17
CRANE COUNTY,103,46 Years,63,36,27,23,12,11,1,0,1,3,1,2,36,23,13
CRANE COUNTY,103,47 Years,68,35,33,30,13,17,0,0,0,1,0,1,37,22,15
CRANE COUNTY,103,48 Years,74,36,38,37,18,19,0,0,0,0,0,0,37,18,19
CRANE COUNTY,103,49 Years,75,33,42,34,17,17,0,0,0,0,0,0,41,16,25
CRANE COUNTY,103,50 Years,71,35,36,33,14,19,3,2,1,0,0,0,35,19,16
CRANE COUNTY,103,51 Years,79,35,44,36,14,22,2,0,2,1,0,1,40,21,19
CRANE COUNTY,103,52 Years,84,40,44,46,23,23,1,0,1,1,0,1,36,17,19
CRANE COUNTY,103,53 Years,78,43,35,44,24,20,2,1,1,1,0,1,31,18,13
CRANE COUNTY,103,54 Years,73,37,36,33,15,18,1,1,0,4,2,2,35,19,16
CRANE COUNTY,103,55 Years,75,42,33,37,19,18,2,2,0,3,1,2,33,20,13
CRANE COUNTY,103,56 Years,73,33,40,37,16,21,0,0,0,2,1,1,34,16,18
CRANE COUNTY,103,57 Years,65,34,31,41,22,19,1,0,1,1,1,0,22,11,11
CRANE COUNTY,103,58 Years,63,29,34,31,17,14,2,1,1,3,1,2,27,10,17
CRANE COUNTY,103,59 Years,64,35,29,32,17,15,3,2,1,1,0,1,28,16,12
CRANE COUNTY,103,60 Years,64,31,33,28,11,17,4,2,2,2,1,1,30,17,13
CRANE COUNTY,103,61 Years,56,27,29,31,15,16,1,0,1,1,0,1,23,12,11
CRANE COUNTY,103,62 Years,54,31,23,29,15,14,2,1,1,2,2,0,21,13,8
CRANE COUNTY,103,63 Years,57,31,26,33,17,16,2,1,1,0,0,0,22,13,9
CRANE COUNTY,103,64 Years,44,25,19,27,15,12,1,0,1,0,0,0,16,10,6
CRANE COUNTY,103,65 Years,50,22,28,24,11,13,2,1,1,2,0,2,22,10,12
CRANE COUNTY,103,66 Years,45,24,21,20,12,8,2,1,1,2,1,1,21,10,11
CRANE COUNTY,103,67 Years,41,23,18,29,17,12,2,0,2,2,1,1,8,5,3
CRANE COUNTY,103,68 Years,44,23,21,31,17,14,0,0,0,3,1,2,10,5,5
CRANE COUNTY,103,69 Years,40,18,22,23,11,12,0,0,0,0,0,0,17,7,10
CRANE COUNTY,103,70 Years,33,14,19,17,8,9,1,1,0,0,0,0,15,5,10
CRANE COUNTY,103,71 Years,32,12,20,15,5,10,1,1,0,1,0,1,15,6,9
CRANE COUNTY,103,72 Years,34,18,16,22,11,11,1,1,0,0,0,0,11,6,5
CRANE COUNTY,103,73 Years,26,14,12,18,9,9,1,1,0,0,0,0,7,4,3
CRANE COUNTY,103,74 Years,33,15,18,18,9,9,2,0,2,0,0,0,13,6,7
CRANE COUNTY,103,75 Years,27,14,13,17,8,9,1,0,1,0,0,0,9,6,3
CRANE COUNTY,103,76 Years,30,14,16,20,9,11,1,0,1,0,0,0,9,5,4
CRANE COUNTY,103,77 Years,23,11,12,17,7,10,0,0,0,0,0,0,6,4,2
CRANE COUNTY,103,78 Years,24,13,11,13,8,5,2,1,1,1,0,1,8,4,4
CRANE COUNTY,103,79 Years,24,11,13,14,6,8,2,1,1,0,0,0,8,4,4
CRANE COUNTY,103,80 Years,22,7,15,15,5,10,0,0,0,1,0,1,6,2,4
CRANE COUNTY,103,81 Years,18,7,11,10,4,6,0,0,0,0,0,0,8,3,5
CRANE COUNTY,103,82 Years,16,7,9,11,6,5,0,0,0,0,0,0,5,1,4
CRANE COUNTY,103,83 Years,15,6,9,9,4,5,0,0,0,0,0,0,6,2,4
CRANE COUNTY,103,84 Years,15,4,11,8,2,6,0,0,0,0,0,0,7,2,5
CRANE COUNTY,103,85 Years +,83,30,53,58,21,37,3,0,3,2,1,1,20,8,12
CROCKETT COUNTY,105,All Ages,3785,1871,1914,1295,643,652,12,9,3,45,28,17,2433,1191,1242
CROCKETT COUNTY,105,< 1 Year,56,26,30,13,8,5,0,0,0,1,0,1,42,18,24
CROCKETT COUNTY,105,1 Years,54,25,29,12,6,6,0,0,0,1,1,0,41,18,23
CROCKETT COUNTY,105,2 Years,52,24,28,15,6,9,0,0,0,0,0,0,37,18,19
CROCKETT COUNTY,105,3 Years,53,27,26,17,7,10,0,0,0,0,0,0,36,20,16
CROCKETT COUNTY,105,4 Years,56,29,27,19,7,12,0,0,0,0,0,0,37,22,15
CROCKETT COUNTY,105,5 Years,53,29,24,17,7,10,0,0,0,0,0,0,36,22,14
CROCKETT COUNTY,105,6 Years,54,29,25,14,7,7,0,0,0,2,1,1,38,21,17
CROCKETT COUNTY,105,7 Years,55,27,28,16,7,9,0,0,0,0,0,0,39,20,19
CROCKETT COUNTY,105,8 Years,63,31,32,17,8,9,0,0,0,0,0,0,46,23,23
CROCKETT COUNTY,105,9 Years,55,23,32,11,6,5,0,0,0,0,0,0,44,17,27
CROCKETT COUNTY,105,10 Years,52,25,27,10,5,5,0,0,0,1,1,0,41,19,22
CROCKETT COUNTY,105,11 Years,57,31,26,12,7,5,0,0,0,0,0,0,45,24,21
CROCKETT COUNTY,105,12 Years,54,29,25,7,6,1,0,0,0,0,0,0,47,23,24
CROCKETT COUNTY,105,13 Years,51,27,24,7,3,4,0,0,0,1,1,0,43,23,20
CROCKETT COUNTY,105,14 Years,45,25,20,7,5,2,0,0,0,1,1,0,37,19,18
CROCKETT COUNTY,105,15 Years,44,25,19,8,6,2,0,0,0,0,0,0,36,19,17
CROCKETT COUNTY,105,16 Years,46,23,23,7,2,5,0,0,0,0,0,0,39,21,18
CROCKETT COUNTY,105,17 Years,53,23,30,12,8,4,0,0,0,0,0,0,41,15,26
CROCKETT COUNTY,105,18 Years,48,21,27,9,3,6,0,0,0,0,0,0,39,18,21
CROCKETT COUNTY,105,19 Years,47,21,26,6,3,3,0,0,0,0,0,0,41,18,23
CROCKETT COUNTY,105,20 Years,44,19,25,7,3,4,0,0,0,0,0,0,37,16,21
CROCKETT COUNTY,105,21 Years,57,27,30,10,5,5,0,0,0,0,0,0,47,22,25
CROCKETT COUNTY,105,22 Years,53,27,26,12,5,7,1,1,0,1,1,0,39,20,19
CROCKETT COUNTY,105,23 Years,50,23,27,14,7,7,0,0,0,1,1,0,35,15,20
CROCKETT COUNTY,105,24 Years,38,19,19,13,6,7,0,0,0,0,0,0,25,13,12
CROCKETT COUNTY,105,25 Years,33,16,17,12,7,5,0,0,0,1,0,1,20,9,11
CROCKETT COUNTY,105,26 Years,22,12,10,7,5,2,0,0,0,1,0,1,14,7,7
CROCKETT COUNTY,105,27 Years,32,18,14,12,8,4,0,0,0,0,0,0,20,10,10
CROCKETT COUNTY,105,28 Years,36,17,19,14,9,5,0,0,0,0,0,0,22,8,14
CROCKETT COUNTY,105,29 Years,34,14,20,10,5,5,0,0,0,0,0,0,24,9,15
CROCKETT COUNTY,105,30 Years,34,17,17,10,4,6,0,0,0,0,0,0,24,13,11
CROCKETT COUNTY,105,31 Years,36,18,18,14,6,8,0,0,0,0,0,0,22,12,10
CROCKETT COUNTY,105,32 Years,37,16,21,13,6,7,0,0,0,0,0,0,24,10,14
CROCKETT COUNTY,105,33 Years,47,26,21,16,9,7,0,0,0,0,0,0,31,17,14
CROCKETT COUNTY,105,34 Years,50,30,20,19,10,9,0,0,0,0,0,0,31,20,11
CROCKETT COUNTY,105,35 Years,53,23,30,18,7,11,0,0,0,1,1,0,34,15,19
CROCKETT COUNTY,105,36 Years,38,16,22,14,7,7,0,0,0,0,0,0,24,9,15
CROCKETT COUNTY,105,37 Years,37,18,19,13,8,5,0,0,0,0,0,0,24,10,14
CROCKETT COUNTY,105,38 Years,40,19,21,9,6,3,1,0,1,0,0,0,30,13,17
CROCKETT COUNTY,105,39 Years,43,19,24,10,4,6,0,0,0,0,0,0,33,15,18
CROCKETT COUNTY,105,40 Years,33,16,17,8,4,4,0,0,0,0,0,0,25,12,13
CROCKETT COUNTY,105,41 Years,34,18,16,10,6,4,0,0,0,1,1,0,23,11,12
CROCKETT COUNTY,105,42 Years,48,24,24,14,6,8,0,0,0,1,1,0,33,17,16
CROCKETT COUNTY,105,43 Years,50,26,24,16,9,7,1,1,0,1,1,0,32,15,17
CROCKETT COUNTY,105,44 Years,47,30,17,12,8,4,0,0,0,1,0,1,34,22,12
CROCKETT COUNTY,105,45 Years,38,19,19,11,4,7,0,0,0,1,0,1,26,15,11
CROCKETT COUNTY,105,46 Years,40,21,19,12,6,6,0,0,0,0,0,0,28,15,13
CROCKETT COUNTY,105,47 Years,41,21,20,12,5,7,1,1,0,0,0,0,28,15,13
CROCKETT COUNTY,105,48 Years,41,18,23,10,6,4,0,0,0,1,0,1,30,12,18
CROCKETT COUNTY,105,49 Years,54,28,26,17,9,8,0,0,0,3,2,1,34,17,17
CROCKETT COUNTY,105,50 Years,49,23,26,22,7,15,2,2,0,2,1,1,23,13,10
CROCKETT COUNTY,105,51 Years,45,18,27,22,10,12,1,1,0,1,0,1,21,7,14
CROCKETT COUNTY,105,52 Years,52,23,29,26,12,14,0,0,0,1,0,1,25,11,14
CROCKETT COUNTY,105,53 Years,48,26,22,18,10,8,0,0,0,2,0,2,28,16,12
CROCKETT COUNTY,105,54 Years,49,25,24,24,13,11,0,0,0,1,0,1,24,12,12
CROCKETT COUNTY,105,55 Years,55,27,28,26,13,13,0,0,0,1,1,0,28,13,15
CROCKETT COUNTY,105,56 Years,56,29,27,30,14,16,0,0,0,2,2,0,24,13,11
CROCKETT COUNTY,105,57 Years,62,31,31,26,11,15,0,0,0,2,2,0,34,18,16
CROCKETT COUNTY,105,58 Years,54,28,26,24,12,12,0,0,0,2,1,1,28,15,13
CROCKETT COUNTY,105,59 Years,66,37,29,35,19,16,0,0,0,1,0,1,30,18,12
CROCKETT COUNTY,105,60 Years,70,36,34,33,15,18,0,0,0,1,0,1,36,21,15
CROCKETT COUNTY,105,61 Years,55,31,24,28,15,13,0,0,0,1,1,0,26,15,11
CROCKETT COUNTY,105,62 Years,56,27,29,21,13,8,0,0,0,1,1,0,34,13,21
CROCKETT COUNTY,105,63 Years,49,26,23,21,14,7,0,0,0,0,0,0,28,12,16
CROCKETT COUNTY,105,64 Years,42,23,19,18,9,9,0,0,0,2,2,0,22,12,10
CROCKETT COUNTY,105,65 Years,48,18,30,18,6,12,0,0,0,1,1,0,29,11,18
CROCKETT COUNTY,105,66 Years,44,23,21,23,11,12,0,0,0,1,1,0,20,11,9
CROCKETT COUNTY,105,67 Years,38,20,18,23,12,11,0,0,0,0,0,0,15,8,7
CROCKETT COUNTY,105,68 Years,45,25,20,24,15,9,0,0,0,1,1,0,20,9,11
CROCKETT COUNTY,105,69 Years,33,17,16,14,8,6,0,0,0,1,1,0,18,8,10
CROCKETT COUNTY,105,70 Years,36,17,19,20,10,10,0,0,0,0,0,0,16,7,9
CROCKETT COUNTY,105,71 Years,47,26,21,16,8,8,0,0,0,0,0,0,31,18,13
CROCKETT COUNTY,105,72 Years,41,22,19,18,9,9,0,0,0,0,0,0,23,13,10
CROCKETT COUNTY,105,73 Years,31,15,16,14,6,8,1,1,0,0,0,0,16,8,8
CROCKETT COUNTY,105,74 Years,30,9,21,14,4,10,1,0,1,0,0,0,15,5,10
CROCKETT COUNTY,105,75 Years,27,12,15,11,4,7,0,0,0,0,0,0,16,8,8
CROCKETT COUNTY,105,76 Years,22,10,12,9,4,5,0,0,0,0,0,0,13,6,7
CROCKETT COUNTY,105,77 Years,26,13,13,9,5,4,1,1,0,0,0,0,16,7,9
CROCKETT COUNTY,105,78 Years,23,13,10,15,9,6,0,0,0,0,0,0,8,4,4
CROCKETT COUNTY,105,79 Years,22,12,10,10,6,4,0,0,0,0,0,0,12,6,6
CROCKETT COUNTY,105,80 Years,24,12,12,10,3,7,0,0,0,0,0,0,14,9,5
CROCKETT COUNTY,105,81 Years,20,10,10,9,5,4,0,0,0,0,0,0,11,5,6
CROCKETT COUNTY,105,82 Years,20,9,11,10,5,5,0,0,0,0,0,0,10,4,6
CROCKETT COUNTY,105,83 Years,20,6,14,9,3,6,0,0,0,0,0,0,11,3,8
CROCKETT COUNTY,105,84 Years,19,9,10,9,5,4,0,0,0,0,0,0,10,4,6
CROCKETT COUNTY,105,85 Years +,73,28,45,31,11,20,2,1,1,0,0,0,40,16,24
CROSBY COUNTY,107,All Ages,5999,2895,3104,2289,1090,1199,182,78,104,68,39,29,3460,1688,1772
CROSBY COUNTY,107,< 1 Year,86,45,41,17,8,9,3,1,2,0,0,0,66,36,30
CROSBY COUNTY,107,1 Years,79,41,38,16,8,8,1,0,1,1,1,0,61,32,29
CROSBY COUNTY,107,2 Years,71,34,37,14,7,7,0,0,0,1,1,0,56,26,30
CROSBY COUNTY,107,3 Years,69,31,38,15,8,7,0,0,0,2,1,1,52,22,30
CROSBY COUNTY,107,4 Years,78,36,42,14,7,7,1,1,0,0,0,0,63,28,35
CROSBY COUNTY,107,5 Years,98,55,43,16,8,8,2,2,0,1,1,0,79,44,35
CROSBY COUNTY,107,6 Years,86,45,41,23,11,12,2,1,1,0,0,0,61,33,28
CROSBY COUNTY,107,7 Years,98,54,44,23,16,7,5,2,3,1,0,1,69,36,33
CROSBY COUNTY,107,8 Years,104,50,54,26,12,14,6,3,3,2,1,1,70,34,36
CROSBY COUNTY,107,9 Years,103,53,50,27,13,14,4,2,2,2,1,1,70,37,33
CROSBY COUNTY,107,10 Years,92,50,42,22,11,11,2,1,1,2,1,1,66,37,29
CROSBY COUNTY,107,11 Years,96,46,50,26,15,11,3,1,2,0,0,0,67,30,37
CROSBY COUNTY,107,12 Years,90,43,47,24,12,12,2,1,1,0,0,0,64,30,34
CROSBY COUNTY,107,13 Years,94,53,41,23,15,8,3,3,0,1,1,0,67,34,33
CROSBY COUNTY,107,14 Years,93,47,46,24,14,10,2,1,1,2,1,1,65,31,34
CROSBY COUNTY,107,15 Years,97,45,52,24,11,13,3,1,2,0,0,0,70,33,37
CROSBY COUNTY,107,16 Years,93,43,50,26,11,15,3,1,2,0,0,0,64,31,33
CROSBY COUNTY,107,17 Years,100,52,48,28,15,13,3,2,1,1,1,0,68,34,34
CROSBY COUNTY,107,18 Years,98,57,41,24,12,12,7,5,2,1,1,0,66,39,27
CROSBY COUNTY,107,19 Years,83,40,43,20,9,11,2,1,1,0,0,0,61,30,31
CROSBY COUNTY,107,20 Years,84,42,42,21,13,8,1,1,0,2,0,2,60,28,32
CROSBY COUNTY,107,21 Years,93,47,46,29,18,11,3,3,0,1,0,1,60,26,34
CROSBY COUNTY,107,22 Years,102,49,53,30,16,14,2,1,1,3,0,3,67,32,35
CROSBY COUNTY,107,23 Years,89,40,49,25,13,12,1,0,1,1,0,1,62,27,35
CROSBY COUNTY,107,24 Years,63,27,36,11,4,7,1,1,0,1,1,0,50,21,29
CROSBY COUNTY,107,25 Years,59,26,33,13,4,9,0,0,0,2,2,0,44,20,24
CROSBY COUNTY,107,26 Years,65,35,30,16,10,6,3,2,1,2,2,0,44,21,23
CROSBY COUNTY,107,27 Years,53,26,27,10,4,6,1,1,0,1,1,0,41,20,21
CROSBY COUNTY,107,28 Years,51,23,28,12,5,7,2,0,2,2,1,1,35,17,18
CROSBY COUNTY,107,29 Years,44,23,21,13,6,7,1,1,0,1,0,1,29,16,13
CROSBY COUNTY,107,30 Years,55,25,30,20,10,10,1,1,0,0,0,0,34,14,20
CROSBY COUNTY,107,31 Years,62,28,34,20,10,10,3,0,3,0,0,0,39,18,21
CROSBY COUNTY,107,32 Years,62,28,34,20,10,10,1,0,1,0,0,0,41,18,23
CROSBY COUNTY,107,33 Years,67,27,40,23,7,16,1,0,1,0,0,0,43,20,23
CROSBY COUNTY,107,34 Years,67,30,37,21,7,14,3,1,2,0,0,0,43,22,21
CROSBY COUNTY,107,35 Years,70,35,35,22,11,11,1,0,1,0,0,0,47,24,23
CROSBY COUNTY,107,36 Years,70,37,33,26,15,11,3,2,1,0,0,0,41,20,21
CROSBY COUNTY,107,37 Years,79,35,44,25,11,14,4,1,3,2,0,2,48,23,25
CROSBY COUNTY,107,38 Years,81,35,46,28,11,17,1,0,1,1,0,1,51,24,27
CROSBY COUNTY,107,39 Years,65,33,32,25,13,12,0,0,0,0,0,0,40,20,20
CROSBY COUNTY,107,40 Years,58,30,28,19,9,10,2,1,1,1,1,0,36,19,17
CROSBY COUNTY,107,41 Years,54,26,28,19,10,9,2,1,1,1,1,0,32,14,18
CROSBY COUNTY,107,42 Years,68,35,33,25,12,13,1,1,0,2,1,1,40,21,19
CROSBY COUNTY,107,43 Years,62,29,33,25,12,13,1,0,1,0,0,0,36,17,19
CROSBY COUNTY,107,44 Years,69,34,35,27,13,14,2,1,1,0,0,0,40,20,20
CROSBY COUNTY,107,45 Years,63,32,31,24,12,12,3,1,2,0,0,0,36,19,17
CROSBY COUNTY,107,46 Years,56,24,32,19,9,10,1,0,1,0,0,0,36,15,21
CROSBY COUNTY,107,47 Years,70,35,35,32,17,15,0,0,0,0,0,0,38,18,20
CROSBY COUNTY,107,48 Years,63,31,32,20,11,9,2,2,0,0,0,0,41,18,23
CROSBY COUNTY,107,49 Years,71,39,32,21,12,9,4,2,2,1,0,1,45,25,20
CROSBY COUNTY,107,50 Years,70,33,37,31,15,16,2,1,1,1,0,1,36,17,19
CROSBY COUNTY,107,51 Years,58,27,31,29,15,14,1,1,0,1,0,1,27,11,16
CROSBY COUNTY,107,52 Years,64,26,38,32,13,19,0,0,0,2,1,1,30,12,18
CROSBY COUNTY,107,53 Years,70,32,38,30,16,14,3,0,3,1,0,1,36,16,20
CROSBY COUNTY,107,54 Years,71,38,33,34,19,15,1,0,1,1,1,0,35,18,17
CROSBY COUNTY,107,55 Years,89,43,46,43,19,24,2,1,1,1,1,0,43,22,21
CROSBY COUNTY,107,56 Years,71,31,40,36,13,23,1,1,0,0,0,0,34,17,17
CROSBY COUNTY,107,57 Years,78,35,43,38,16,22,4,2,2,1,1,0,35,16,19
CROSBY COUNTY,107,58 Years,82,39,43,39,18,21,2,1,1,1,1,0,40,19,21
CROSBY COUNTY,107,59 Years,84,41,43,47,26,21,2,1,1,1,0,1,34,14,20
CROSBY COUNTY,107,60 Years,64,30,34,33,15,18,1,0,1,1,1,0,29,14,15
CROSBY COUNTY,107,61 Years,71,30,41,35,14,21,1,0,1,1,1,0,34,15,19
CROSBY COUNTY,107,62 Years,69,35,34,37,19,18,4,1,3,1,1,0,27,14,13
CROSBY COUNTY,107,63 Years,70,39,31,35,18,17,2,1,1,1,0,1,32,20,12
CROSBY COUNTY,107,64 Years,69,39,30,39,20,19,1,1,0,0,0,0,29,18,11
CROSBY COUNTY,107,65 Years,57,28,29,36,17,19,1,0,1,0,0,0,20,11,9
CROSBY COUNTY,107,66 Years,68,33,35,39,18,21,2,0,2,1,0,1,26,15,11
CROSBY COUNTY,107,67 Years,69,28,41,39,18,21,2,0,2,1,0,1,27,10,17
CROSBY COUNTY,107,68 Years,48,25,23,26,15,11,3,1,2,0,0,0,19,9,10
CROSBY COUNTY,107,69 Years,54,30,24,26,14,12,2,0,2,2,2,0,24,14,10
CROSBY COUNTY,107,70 Years,67,31,36,33,16,17,2,0,2,3,3,0,29,12,17
CROSBY COUNTY,107,71 Years,58,25,33,37,18,19,1,0,1,1,1,0,19,6,13
CROSBY COUNTY,107,72 Years,64,30,34,38,17,21,3,1,2,1,0,1,22,12,10
CROSBY COUNTY,107,73 Years,54,28,26,35,17,18,3,1,2,0,0,0,16,10,6
CROSBY COUNTY,107,74 Years,50,21,29,32,15,17,2,0,2,0,0,0,16,6,10
CROSBY COUNTY,107,75 Years,50,22,28,32,14,18,1,0,1,1,1,0,16,7,9
CROSBY COUNTY,107,76 Years,43,19,24,30,12,18,1,1,0,1,1,0,11,5,6
CROSBY COUNTY,107,77 Years,36,17,19,26,11,15,1,1,0,1,1,0,8,4,4
CROSBY COUNTY,107,78 Years,43,19,24,26,11,15,2,1,1,1,1,0,14,6,8
CROSBY COUNTY,107,79 Years,35,16,19,21,9,12,0,0,0,0,0,0,14,7,7
CROSBY COUNTY,107,80 Years,33,17,16,23,12,11,2,0,2,0,0,0,8,5,3
CROSBY COUNTY,107,81 Years,33,17,16,19,9,10,4,2,2,0,0,0,10,6,4
CROSBY COUNTY,107,82 Years,27,10,17,15,6,9,4,1,3,0,0,0,8,3,5
CROSBY COUNTY,107,83 Years,32,12,20,19,6,13,3,0,3,0,0,0,10,6,4
CROSBY COUNTY,107,84 Years,25,9,16,16,5,11,2,1,1,0,0,0,7,3,4
CROSBY COUNTY,107,85 Years +,150,54,96,110,36,74,9,4,5,0,0,0,31,14,17
CULBERSON COUNTY,109,All Ages,2302,1137,1165,472,244,228,8,4,4,54,32,22,1768,857,911
CULBERSON COUNTY,109,< 1 Year,41,26,15,7,4,3,0,0,0,2,1,1,32,21,11
CULBERSON COUNTY,109,1 Years,39,23,16,6,4,2,0,0,0,2,0,2,31,19,12
CULBERSON COUNTY,109,2 Years,37,20,17,6,3,3,0,0,0,0,0,0,31,17,14
CULBERSON COUNTY,109,3 Years,35,18,17,5,2,3,0,0,0,1,0,1,29,16,13
CULBERSON COUNTY,109,4 Years,31,13,18,4,1,3,0,0,0,1,0,1,26,12,14
CULBERSON COUNTY,109,5 Years,38,13,25,5,3,2,0,0,0,0,0,0,33,10,23
CULBERSON COUNTY,109,6 Years,34,15,19,5,3,2,0,0,0,0,0,0,29,12,17
CULBERSON COUNTY,109,7 Years,38,24,14,3,2,1,0,0,0,0,0,0,35,22,13
CULBERSON COUNTY,109,8 Years,27,17,10,3,1,2,0,0,0,0,0,0,24,16,8
CULBERSON COUNTY,109,9 Years,29,13,16,4,2,2,0,0,0,0,0,0,25,11,14
CULBERSON COUNTY,109,10 Years,29,11,18,3,1,2,0,0,0,0,0,0,26,10,16
CULBERSON COUNTY,109,11 Years,28,17,11,2,1,1,0,0,0,0,0,0,26,16,10
CULBERSON COUNTY,109,12 Years,36,20,16,5,4,1,0,0,0,0,0,0,31,16,15
CULBERSON COUNTY,109,13 Years,31,18,13,4,3,1,1,1,0,0,0,0,26,14,12
CULBERSON COUNTY,109,14 Years,35,20,15,6,4,2,0,0,0,0,0,0,29,16,13
CULBERSON COUNTY,109,15 Years,33,17,16,5,3,2,0,0,0,1,1,0,27,13,14
CULBERSON COUNTY,109,16 Years,31,17,14,5,3,2,0,0,0,1,1,0,25,13,12
CULBERSON COUNTY,109,17 Years,34,17,17,5,2,3,0,0,0,1,1,0,28,14,14
CULBERSON COUNTY,109,18 Years,32,16,16,8,4,4,0,0,0,2,2,0,22,10,12
CULBERSON COUNTY,109,19 Years,34,19,15,5,2,3,0,0,0,2,2,0,27,15,12
CULBERSON COUNTY,109,20 Years,34,16,18,6,2,4,0,0,0,1,0,1,27,14,13
CULBERSON COUNTY,109,21 Years,34,18,16,4,2,2,0,0,0,3,2,1,27,14,13
CULBERSON COUNTY,109,22 Years,35,21,14,2,2,0,0,0,0,2,2,0,31,17,14
CULBERSON COUNTY,109,23 Years,33,14,19,5,2,3,0,0,0,1,1,0,27,11,16
CULBERSON COUNTY,109,24 Years,25,11,14,3,1,2,0,0,0,0,0,0,22,10,12
CULBERSON COUNTY,109,25 Years,33,19,14,4,1,3,0,0,0,2,2,0,27,16,11
CULBERSON COUNTY,109,26 Years,32,15,17,5,3,2,0,0,0,1,0,1,26,12,14
CULBERSON COUNTY,109,27 Years,24,14,10,3,2,1,0,0,0,1,1,0,20,11,9
CULBERSON COUNTY,109,28 Years,24,15,9,5,3,2,0,0,0,1,1,0,18,11,7
CULBERSON COUNTY,109,29 Years,22,8,14,5,1,4,0,0,0,0,0,0,17,7,10
CULBERSON COUNTY,109,30 Years,20,8,12,7,4,3,0,0,0,1,0,1,12,4,8
CULBERSON COUNTY,109,31 Years,16,10,6,4,4,0,1,1,0,0,0,0,11,5,6
CULBERSON COUNTY,109,32 Years,22,9,13,4,2,2,0,0,0,2,1,1,16,6,10
CULBERSON COUNTY,109,33 Years,27,15,12,5,3,2,0,0,0,0,0,0,22,12,10
CULBERSON COUNTY,109,34 Years,25,12,13,6,4,2,0,0,0,1,1,0,18,7,11
CULBERSON COUNTY,109,35 Years,26,11,15,5,2,3,0,0,0,1,0,1,20,9,11
CULBERSON COUNTY,109,36 Years,20,10,10,2,0,2,0,0,0,0,0,0,18,10,8
CULBERSON COUNTY,109,37 Years,22,8,14,5,2,3,0,0,0,1,0,1,16,6,10
CULBERSON COUNTY,109,38 Years,24,14,10,6,3,3,0,0,0,0,0,0,18,11,7
CULBERSON COUNTY,109,39 Years,18,12,6,6,3,3,0,0,0,0,0,0,12,9,3
CULBERSON COUNTY,109,40 Years,20,10,10,4,2,2,0,0,0,0,0,0,16,8,8
CULBERSON COUNTY,109,41 Years,25,6,19,5,1,4,0,0,0,1,0,1,19,5,14
CULBERSON COUNTY,109,42 Years,24,13,11,3,2,1,0,0,0,0,0,0,21,11,10
CULBERSON COUNTY,109,43 Years,28,14,14,5,4,1,0,0,0,0,0,0,23,10,13
CULBERSON COUNTY,109,44 Years,26,13,13,6,3,3,0,0,0,0,0,0,20,10,10
CULBERSON COUNTY,109,45 Years,23,11,12,6,4,2,1,1,0,0,0,0,16,6,10
CULBERSON COUNTY,109,46 Years,23,8,15,3,2,1,1,0,1,0,0,0,19,6,13
CULBERSON COUNTY,109,47 Years,28,14,14,3,3,0,0,0,0,1,0,1,24,11,13
CULBERSON COUNTY,109,48 Years,29,12,17,5,3,2,0,0,0,1,0,1,23,9,14
CULBERSON COUNTY,109,49 Years,30,13,17,7,4,3,0,0,0,0,0,0,23,9,14
CULBERSON COUNTY,109,50 Years,31,15,16,7,3,4,0,0,0,0,0,0,24,12,12
CULBERSON COUNTY,109,51 Years,28,13,15,6,3,3,0,0,0,0,0,0,22,10,12
CULBERSON COUNTY,109,52 Years,24,11,13,6,3,3,0,0,0,0,0,0,18,8,10
CULBERSON COUNTY,109,53 Years,32,17,15,7,4,3,0,0,0,2,1,1,23,12,11
CULBERSON COUNTY,109,54 Years,32,17,15,3,2,1,0,0,0,0,0,0,29,15,14
CULBERSON COUNTY,109,55 Years,27,12,15,5,2,3,0,0,0,0,0,0,22,10,12
CULBERSON COUNTY,109,56 Years,25,13,12,6,3,3,0,0,0,0,0,0,19,10,9
CULBERSON COUNTY,109,57 Years,33,17,16,9,3,6,0,0,0,1,1,0,23,13,10
CULBERSON COUNTY,109,58 Years,31,16,15,7,2,5,0,0,0,2,1,1,22,13,9
CULBERSON COUNTY,109,59 Years,30,14,16,8,4,4,0,0,0,1,0,1,21,10,11
CULBERSON COUNTY,109,60 Years,33,15,18,9,5,4,0,0,0,1,1,0,23,9,14
CULBERSON COUNTY,109,61 Years,25,10,15,8,4,4,0,0,0,1,1,0,16,5,11
CULBERSON COUNTY,109,62 Years,27,11,16,9,4,5,0,0,0,2,2,0,16,5,11
CULBERSON COUNTY,109,63 Years,32,15,17,10,5,5,0,0,0,1,1,0,21,9,12
CULBERSON COUNTY,109,64 Years,28,12,16,7,2,5,0,0,0,1,0,1,20,10,10
CULBERSON COUNTY,109,65 Years,28,12,16,8,3,5,0,0,0,1,0,1,19,9,10
CULBERSON COUNTY,109,66 Years,28,16,12,9,6,3,0,0,0,1,1,0,18,9,9
CULBERSON COUNTY,109,67 Years,27,14,13,7,5,2,0,0,0,1,1,0,19,8,11
CULBERSON COUNTY,109,68 Years,24,8,16,5,3,2,0,0,0,1,0,1,18,5,13
CULBERSON COUNTY,109,69 Years,23,7,16,5,2,3,0,0,0,0,0,0,18,5,13
CULBERSON COUNTY,109,70 Years,22,9,13,6,2,4,0,0,0,0,0,0,16,7,9
CULBERSON COUNTY,109,71 Years,27,16,11,11,6,5,0,0,0,1,1,0,15,9,6
CULBERSON COUNTY,109,72 Years,19,10,9,6,4,2,0,0,0,0,0,0,13,6,7
CULBERSON COUNTY,109,73 Years,17,10,7,5,2,3,0,0,0,0,0,0,12,8,4
CULBERSON COUNTY,109,74 Years,20,10,10,6,2,4,1,0,1,0,0,0,13,8,5
CULBERSON COUNTY,109,75 Years,11,4,7,3,1,2,0,0,0,0,0,0,8,3,5
CULBERSON COUNTY,109,76 Years,17,11,6,5,4,1,2,1,1,0,0,0,10,6,4
CULBERSON COUNTY,109,77 Years,16,7,9,4,2,2,1,0,1,1,1,0,10,4,6
CULBERSON COUNTY,109,78 Years,19,6,13,8,2,6,0,0,0,1,0,1,10,4,6
CULBERSON COUNTY,109,79 Years,15,6,9,7,2,5,0,0,0,0,0,0,8,4,4
CULBERSON COUNTY,109,80 Years,14,7,7,2,1,1,0,0,0,0,0,0,12,6,6
CULBERSON COUNTY,109,81 Years,11,5,6,2,1,1,0,0,0,1,1,0,8,3,5
CULBERSON COUNTY,109,82 Years,7,3,4,3,2,1,0,0,0,0,0,0,4,1,3
CULBERSON COUNTY,109,83 Years,14,8,6,5,5,0,0,0,0,0,0,0,9,3,6
CULBERSON COUNTY,109,84 Years,12,5,7,5,3,2,0,0,0,0,0,0,7,2,5
CULBERSON COUNTY,109,85 Years +,49,27,22,18,11,7,0,0,0,0,0,0,31,16,15
DALLAM COUNTY,111,All Ages,7108,3741,3367,3713,1925,1788,76,38,38,233,128,105,3086,1650,1436
DALLAM COUNTY,111,< 1 Year,129,68,61,45,23,22,0,0,0,13,9,4,71,36,35
DALLAM COUNTY,111,1 Years,124,67,57,45,24,21,0,0,0,16,9,7,63,34,29
DALLAM COUNTY,111,2 Years,123,64,59,51,26,25,0,0,0,14,8,6,58,30,28
DALLAM COUNTY,111,3 Years,125,66,59,53,28,25,2,1,1,8,4,4,62,33,29
DALLAM COUNTY,111,4 Years,127,61,66,59,27,32,1,0,1,6,4,2,61,30,31
DALLAM COUNTY,111,5 Years,109,57,52,52,27,25,0,0,0,4,3,1,53,27,26
DALLAM COUNTY,111,6 Years,120,66,54,57,32,25,0,0,0,2,0,2,61,34,27
DALLAM COUNTY,111,7 Years,125,70,55,55,28,27,0,0,0,6,3,3,64,39,25
DALLAM COUNTY,111,8 Years,124,62,62,53,26,27,0,0,0,6,3,3,65,33,32
DALLAM COUNTY,111,9 Years,131,66,65,56,28,28,3,2,1,4,2,2,68,34,34
DALLAM COUNTY,111,10 Years,112,61,51,52,30,22,1,0,1,8,4,4,51,27,24
DALLAM COUNTY,111,11 Years,116,65,51,44,25,19,1,0,1,8,5,3,63,35,28
DALLAM COUNTY,111,12 Years,121,67,54,52,30,22,1,0,1,5,3,2,63,34,29
DALLAM COUNTY,111,13 Years,107,61,46,42,24,18,1,0,1,1,1,0,63,36,27
DALLAM COUNTY,111,14 Years,100,54,46,38,20,18,1,0,1,2,1,1,59,33,26
DALLAM COUNTY,111,15 Years,111,53,58,51,22,29,1,0,1,3,1,2,56,30,26
DALLAM COUNTY,111,16 Years,112,55,57,42,22,20,2,1,1,5,2,3,63,30,33
DALLAM COUNTY,111,17 Years,97,53,44,35,19,16,0,0,0,5,2,3,57,32,25
DALLAM COUNTY,111,18 Years,94,50,44,38,18,20,0,0,0,2,1,1,54,31,23
DALLAM COUNTY,111,19 Years,90,47,43,40,19,21,1,0,1,2,1,1,47,27,20
DALLAM COUNTY,111,20 Years,87,44,43,33,17,16,2,0,2,1,1,0,51,26,25
DALLAM COUNTY,111,21 Years,87,42,45,40,22,18,2,1,1,1,1,0,44,18,26
DALLAM COUNTY,111,22 Years,96,47,49,45,22,23,1,1,0,3,2,1,47,22,25
DALLAM COUNTY,111,23 Years,92,47,45,48,24,24,1,0,1,2,1,1,41,22,19
DALLAM COUNTY,111,24 Years,95,49,46,47,22,25,2,0,2,0,0,0,46,27,19
DALLAM COUNTY,111,25 Years,91,49,42,39,20,19,2,0,2,0,0,0,50,29,21
DALLAM COUNTY,111,26 Years,91,56,35,43,24,19,2,1,1,1,1,0,45,30,15
DALLAM COUNTY,111,27 Years,92,52,40,51,28,23,2,1,1,1,1,0,38,22,16
DALLAM COUNTY,111,28 Years,82,41,41,43,23,20,1,0,1,3,1,2,35,17,18
DALLAM COUNTY,111,29 Years,102,51,51,56,26,30,1,0,1,3,2,1,42,23,19
DALLAM COUNTY,111,30 Years,109,60,49,63,34,29,2,1,1,5,3,2,39,22,17
DALLAM COUNTY,111,31 Years,111,61,50,63,34,29,1,0,1,3,2,1,44,25,19
DALLAM COUNTY,111,32 Years,108,61,47,59,33,26,1,1,0,1,1,0,47,26,21
DALLAM COUNTY,111,33 Years,97,59,38,49,29,20,1,1,0,3,1,2,44,28,16
DALLAM COUNTY,111,34 Years,97,58,39,49,30,19,0,0,0,2,1,1,46,27,19
DALLAM COUNTY,111,35 Years,104,63,41,48,32,16,2,1,1,5,2,3,49,28,21
DALLAM COUNTY,111,36 Years,86,46,40,42,22,20,1,1,0,2,0,2,41,23,18
DALLAM COUNTY,111,37 Years,84,43,41,35,17,18,1,1,0,1,0,1,47,25,22
DALLAM COUNTY,111,38 Years,75,33,42,32,11,21,1,1,0,5,2,3,37,19,18
DALLAM COUNTY,111,39 Years,78,40,38,28,14,14,2,1,1,1,0,1,47,25,22
DALLAM COUNTY,111,40 Years,89,48,41,40,23,17,1,0,1,2,0,2,46,25,21
DALLAM COUNTY,111,41 Years,93,42,51,47,21,26,2,1,1,3,1,2,41,19,22
DALLAM COUNTY,111,42 Years,97,53,44,48,28,20,1,1,0,3,3,0,45,21,24
DALLAM COUNTY,111,43 Years,92,44,48,50,24,26,0,0,0,3,1,2,39,19,20
DALLAM COUNTY,111,44 Years,89,42,47,48,20,28,1,0,1,2,1,1,38,21,17
DALLAM COUNTY,111,45 Years,84,47,37,46,25,21,0,0,0,2,1,1,36,21,15
DALLAM COUNTY,111,46 Years,84,52,32,47,27,20,1,1,0,1,1,0,35,23,12
DALLAM COUNTY,111,47 Years,90,44,46,49,26,23,1,1,0,0,0,0,40,17,23
DALLAM COUNTY,111,48 Years,84,42,42,44,24,20,0,0,0,3,2,1,37,16,21
DALLAM COUNTY,111,49 Years,88,46,42,44,21,23,1,0,1,3,3,0,40,22,18
DALLAM COUNTY,111,50 Years,94,54,40,52,28,24,1,1,0,2,2,0,39,23,16
DALLAM COUNTY,111,51 Years,87,48,39,51,26,25,2,2,0,4,2,2,30,18,12
DALLAM COUNTY,111,52 Years,104,58,46,58,31,27,2,2,0,2,1,1,42,24,18
DALLAM COUNTY,111,53 Years,103,56,47,64,36,28,1,1,0,2,0,2,36,19,17
DALLAM COUNTY,111,54 Years,81,40,41,47,22,25,1,1,0,3,2,1,30,15,15
DALLAM COUNTY,111,55 Years,78,42,36,47,23,24,1,0,1,1,1,0,29,18,11
DALLAM COUNTY,111,56 Years,79,39,40,52,30,22,0,0,0,1,0,1,26,9,17
DALLAM COUNTY,111,57 Years,76,42,34,52,32,20,1,1,0,2,1,1,21,8,13
DALLAM COUNTY,111,58 Years,79,34,45,51,22,29,0,0,0,3,2,1,25,10,15
DALLAM COUNTY,111,59 Years,68,35,33,45,23,22,0,0,0,1,1,0,22,11,11
DALLAM COUNTY,111,60 Years,64,37,27,41,22,19,3,3,0,2,2,0,18,10,8
DALLAM COUNTY,111,61 Years,83,47,36,60,32,28,1,1,0,2,0,2,20,14,6
DALLAM COUNTY,111,62 Years,89,53,36,65,39,26,2,1,1,2,1,1,20,12,8
DALLAM COUNTY,111,63 Years,69,39,30,51,30,21,1,0,1,1,0,1,16,9,7
DALLAM COUNTY,111,64 Years,69,38,31,48,27,21,1,1,0,2,1,1,18,9,9
DALLAM COUNTY,111,65 Years,75,39,36,52,29,23,1,0,1,1,1,0,21,9,12
DALLAM COUNTY,111,66 Years,70,35,35,48,26,22,0,0,0,0,0,0,22,9,13
DALLAM COUNTY,111,67 Years,65,33,32,46,23,23,0,0,0,0,0,0,19,10,9
DALLAM COUNTY,111,68 Years,61,33,28,40,21,19,0,0,0,3,1,2,18,11,7
DALLAM COUNTY,111,69 Years,42,22,20,27,13,14,2,1,1,1,1,0,12,7,5
DALLAM COUNTY,111,70 Years,43,22,21,32,16,16,0,0,0,1,1,0,10,5,5
DALLAM COUNTY,111,71 Years,43,21,22,31,15,16,1,0,1,0,0,0,11,6,5
DALLAM COUNTY,111,72 Years,41,18,23,29,11,18,0,0,0,0,0,0,12,7,5
DALLAM COUNTY,111,73 Years,43,24,19,28,14,14,0,0,0,1,1,0,14,9,5
DALLAM COUNTY,111,74 Years,41,22,19,29,15,14,0,0,0,2,2,0,10,5,5
DALLAM COUNTY,111,75 Years,35,19,16,25,14,11,1,0,1,1,1,0,8,4,4
DALLAM COUNTY,111,76 Years,29,15,14,22,10,12,0,0,0,1,1,0,6,4,2
DALLAM COUNTY,111,77 Years,30,13,17,22,8,14,0,0,0,1,1,0,7,4,3
DALLAM COUNTY,111,78 Years,27,10,17,23,9,14,0,0,0,0,0,0,4,1,3
DALLAM COUNTY,111,79 Years,27,10,17,22,9,13,0,0,0,0,0,0,5,1,4
DALLAM COUNTY,111,80 Years,16,10,6,11,8,3,0,0,0,0,0,0,5,2,3
DALLAM COUNTY,111,81 Years,17,10,7,12,6,6,2,2,0,0,0,0,3,2,1
DALLAM COUNTY,111,82 Years,21,12,9,14,7,7,1,1,0,1,1,0,5,3,2
DALLAM COUNTY,111,83 Years,15,6,9,11,4,7,0,0,0,0,0,0,4,2,2
DALLAM COUNTY,111,84 Years,13,5,8,11,5,6,0,0,0,0,0,0,2,0,2
DALLAM COUNTY,111,85 Years +,80,25,55,58,18,40,0,0,0,5,0,5,17,7,10
DALLAS COUNTY,113,All Ages,2541528,1265361,1276167,713835,351815,362020,565020,263246,301774,197082,97601,99481,1065591,552699,512892
DALLAS COUNTY,113,< 1 Year,42282,21606,20676,8063,4140,3923,8795,4460,4335,4038,2066,1972,21386,10940,10446
DALLAS COUNTY,113,1 Years,41687,21388,20299,7879,4067,3812,8652,4412,4240,3947,2032,1915,21209,10877,10332
DALLAS COUNTY,113,2 Years,41157,21213,19944,7639,3962,3677,8551,4387,4164,3879,2011,1868,21088,10853,10235
DALLAS COUNTY,113,3 Years,40612,20923,19689,7421,3838,3583,8458,4341,4117,3713,1941,1772,21020,10803,10217
DALLAS COUNTY,113,4 Years,40876,20998,19878,7379,3796,3583,8539,4381,4158,3640,1920,1720,21318,10901,10417
DALLAS COUNTY,113,5 Years,39457,20176,19281,6838,3556,3282,8183,4201,3982,3223,1683,1540,21213,10736,10477
DALLAS COUNTY,113,6 Years,37912,19366,18546,6388,3273,3115,7937,4026,3911,3122,1598,1524,20465,10469,9996
DALLAS COUNTY,113,7 Years,38718,19877,18841,6336,3216,3120,8129,4177,3952,3244,1647,1597,21009,10837,10172
DALLAS COUNTY,113,8 Years,38770,19978,18792,6203,3221,2982,8217,4243,3974,3175,1595,1580,21175,10919,10256
DALLAS COUNTY,113,9 Years,38279,19640,18639,5970,3110,2860,8204,4183,4021,3168,1615,1553,20937,10732,10205
DALLAS COUNTY,113,10 Years,37763,19363,18400,5845,3039,2806,8146,4143,4003,3136,1611,1525,20636,10570,10066
DALLAS COUNTY,113,11 Years,37237,19098,18139,5737,2971,2766,8223,4153,4070,3049,1584,1465,20228,10390,9838
DALLAS COUNTY,113,12 Years,36687,18817,17870,5563,2905,2658,8267,4192,4075,2857,1464,1393,20000,10256,9744
DALLAS COUNTY,113,13 Years,37113,19087,18026,5588,2904,2684,8568,4382,4186,2596,1320,1276,20361,10481,9880
DALLAS COUNTY,113,14 Years,37237,19194,18043,5741,3026,2715,8702,4497,4205,2489,1258,1231,20305,10413,9892
DALLAS COUNTY,113,15 Years,36739,18853,17886,5818,3025,2793,8888,4522,4366,2280,1160,1120,19753,10146,9607
DALLAS COUNTY,113,16 Years,35664,18237,17427,5868,3047,2821,8676,4409,4267,2160,1098,1062,18960,9683,9277
DALLAS COUNTY,113,17 Years,34808,17875,16933,5874,3050,2824,8530,4373,4157,2108,1077,1031,18296,9375,8921
DALLAS COUNTY,113,18 Years,33869,17457,16412,5882,3062,2820,8219,4173,4046,1995,1003,992,17773,9219,8554
DALLAS COUNTY,113,19 Years,32280,16680,15600,5414,2785,2629,7722,3977,3745,1956,1001,955,17188,8917,8271
DALLAS COUNTY,113,20 Years,32350,16857,15493,5452,2831,2621,7819,3975,3844,2004,1033,971,17075,9018,8057
DALLAS COUNTY,113,21 Years,32971,17124,15847,5727,2956,2771,7879,3925,3954,2077,1038,1039,17288,9205,8083
DALLAS COUNTY,113,22 Years,34096,17615,16481,6010,3048,2962,8213,4013,4200,2067,1027,1040,17806,9527,8279
DALLAS COUNTY,113,23 Years,35038,18205,16833,6728,3361,3367,7992,3930,4062,2168,1087,1081,18150,9827,8323
DALLAS COUNTY,113,24 Years,36268,18891,17377,7340,3626,3714,7824,3792,4032,2353,1214,1139,18751,10259,8492
DALLAS COUNTY,113,25 Years,37954,19922,18032,8216,4123,4093,7739,3677,4062,2629,1335,1294,19370,10787,8583
DALLAS COUNTY,113,26 Years,39015,20419,18596,8879,4322,4557,7552,3569,3983,2957,1488,1469,19627,11040,8587
DALLAS COUNTY,113,27 Years,40781,21166,19615,10047,4870,5177,7460,3507,3953,3311,1694,1617,19963,11095,8868
DALLAS COUNTY,113,28 Years,42506,21673,20833,11352,5472,5880,7389,3466,3923,3699,1822,1877,20066,10913,9153
DALLAS COUNTY,113,29 Years,43733,21986,21747,12391,5980,6411,7462,3420,4042,4151,2061,2090,19729,10525,9204
DALLAS COUNTY,113,30 Years,43725,21925,21800,12710,6192,6518,7494,3431,4063,4375,2190,2185,19146,10112,9034
DALLAS COUNTY,113,31 Years,43397,21705,21692,12311,6204,6107,7628,3457,4171,4750,2284,2466,18708,9760,8948
DALLAS COUNTY,113,32 Years,44148,22003,22145,12083,6174,5909,8044,3572,4472,4952,2372,2580,19069,9885,9184
DALLAS COUNTY,113,33 Years,43623,21879,21744,11699,6006,5693,8275,3663,4612,4801,2337,2464,18848,9873,8975
DALLAS COUNTY,113,34 Years,42768,21406,21362,11103,5720,5383,8702,3791,4911,4490,2185,2305,18473,9710,8763
DALLAS COUNTY,113,35 Years,41859,21031,20828,10382,5430,4952,8903,3851,5052,4340,2153,2187,18234,9597,8637
DALLAS COUNTY,113,36 Years,38549,19439,19110,9246,4851,4395,8516,3721,4795,3944,1976,1968,16843,8891,7952
DALLAS COUNTY,113,37 Years,36983,18650,18333,8620,4492,4128,8167,3554,4613,3620,1784,1836,16576,8820,7756
DALLAS COUNTY,113,38 Years,35614,17784,17830,8162,4299,3863,7984,3455,4529,3434,1678,1756,16034,8352,7682
DALLAS COUNTY,113,39 Years,35094,17321,17773,7809,4085,3724,7756,3333,4423,3450,1682,1768,16079,8221,7858
DALLAS COUNTY,113,40 Years,35506,17705,17801,7977,4169,3808,7788,3409,4379,3330,1658,1672,16411,8469,7942
DALLAS COUNTY,113,41 Years,34107,16863,17244,7718,3988,3730,7730,3371,4359,3025,1526,1499,15634,7978,7656
DALLAS COUNTY,113,42 Years,33862,16821,17041,7834,4107,3727,7867,3488,4379,2863,1438,1425,15298,7788,7510
DALLAS COUNTY,113,43 Years,34198,16977,17221,8277,4298,3979,8161,3662,4499,2753,1407,1346,15007,7610,7397
DALLAS COUNTY,113,44 Years,34543,17012,17531,9118,4732,4386,8426,3732,4694,2681,1362,1319,14318,7186,7132
DALLAS COUNTY,113,45 Years,34706,17177,17529,9502,4937,4565,8292,3662,4630,2545,1259,1286,14367,7319,7048
DALLAS COUNTY,113,46 Years,32679,16437,16242,9131,4742,4389,7747,3527,4220,2404,1215,1189,13397,6953,6444
DALLAS COUNTY,113,47 Years,31672,15832,15840,8879,4562,4317,7737,3509,4228,2298,1156,1142,12758,6605,6153
DALLAS COUNTY,113,48 Years,30862,15419,15443,8917,4611,4306,7650,3454,4196,2057,987,1070,12238,6367,5871
DALLAS COUNTY,113,49 Years,30891,15437,15454,9053,4644,4409,7924,3570,4354,2056,1004,1052,11858,6219,5639
DALLAS COUNTY,113,50 Years,32033,16102,15931,10042,5193,4849,8385,3798,4587,2164,1058,1106,11442,6053,5389
DALLAS COUNTY,113,51 Years,31935,16018,15917,10834,5497,5337,8266,3735,4531,2163,1072,1091,10672,5714,4958
DALLAS COUNTY,113,52 Years,31835,15778,16057,11557,5844,5713,8139,3663,4476,2111,1023,1088,10028,5248,4780
DALLAS COUNTY,113,53 Years,31431,15496,15935,12065,6009,6056,8041,3675,4366,1948,926,1022,9377,4886,4491
DALLAS COUNTY,113,54 Years,31464,15579,15885,12303,6140,6163,8117,3728,4389,1971,949,1022,9073,4762,4311
DALLAS COUNTY,113,55 Years,31612,15709,15903,12659,6300,6359,8132,3779,4353,1972,937,1035,8849,4693,4156
DALLAS COUNTY,113,56 Years,30151,14845,15306,12528,6261,6267,7740,3556,4184,1816,832,984,8067,4196,3871
DALLAS COUNTY,113,57 Years,29307,14378,14929,12635,6315,6320,7519,3460,4059,1821,848,973,7332,3755,3577
DALLAS COUNTY,113,58 Years,28464,13807,14657,12483,6146,6337,7279,3298,3981,1825,856,969,6877,3507,3370
DALLAS COUNTY,113,59 Years,27361,13350,14011,12254,6112,6142,6870,3121,3749,1719,804,915,6518,3313,3205
DALLAS COUNTY,113,60 Years,26233,12774,13459,12165,6021,6144,6441,2918,3523,1599,749,850,6028,3086,2942
DALLAS COUNTY,113,61 Years,24202,11540,12662,11502,5526,5976,5800,2598,3202,1530,712,818,5370,2704,2666
DALLAS COUNTY,113,62 Years,23324,11087,12237,11249,5426,5823,5526,2456,3070,1587,725,862,4962,2480,2482
DALLAS COUNTY,113,63 Years,22053,10339,11714,10726,5119,5607,5336,2310,3026,1426,670,756,4565,2240,2325
DALLAS COUNTY,113,64 Years,21021,9880,11141,10032,4816,5216,5222,2236,2986,1408,657,751,4359,2171,2188
DALLAS COUNTY,113,65 Years,20132,9422,10710,9713,4631,5082,4957,2153,2804,1424,658,766,4038,1980,2058
DALLAS COUNTY,113,66 Years,19064,8929,10135,9347,4441,4906,4722,2066,2656,1289,596,693,3706,1826,1880
DALLAS COUNTY,113,67 Years,18557,8583,9974,9575,4505,5070,4444,1939,2505,1160,541,619,3378,1598,1780
DALLAS COUNTY,113,68 Years,17977,8289,9688,9917,4704,5213,3882,1659,2223,1081,498,583,3097,1428,1669
DALLAS COUNTY,113,69 Years,14672,6729,7943,7643,3588,4055,3314,1400,1914,926,433,493,2789,1308,1481
DALLAS COUNTY,113,70 Years,13528,6092,7436,6925,3158,3767,3171,1291,1880,936,441,495,2496,1202,1294
DALLAS COUNTY,113,71 Years,12993,5900,7093,6885,3222,3663,2901,1198,1703,876,408,468,2331,1072,1259
DALLAS COUNTY,113,72 Years,12282,5508,6774,6758,3092,3666,2682,1107,1575,798,386,412,2044,923,1121
DALLAS COUNTY,113,73 Years,10912,4812,6100,6019,2692,3327,2415,985,1430,684,315,369,1794,820,974
DALLAS COUNTY,113,74 Years,10113,4412,5701,5566,2478,3088,2218,866,1352,615,283,332,1714,785,929
DALLAS COUNTY,113,75 Years,9270,3993,5277,5148,2257,2891,1962,763,1199,565,262,303,1595,711,884
DALLAS COUNTY,113,76 Years,8606,3717,4889,4916,2168,2748,1748,686,1062,516,241,275,1426,622,804
DALLAS COUNTY,113,77 Years,7990,3447,4543,4650,2045,2605,1568,610,958,462,220,242,1310,572,738
DALLAS COUNTY,113,78 Years,7345,3073,4272,4279,1818,2461,1464,551,913,435,197,238,1167,507,660
DALLAS COUNTY,113,79 Years,6963,2879,4084,4144,1759,2385,1346,482,864,405,176,229,1068,462,606
DALLAS COUNTY,113,80 Years,6711,2688,4023,4099,1649,2450,1283,488,795,346,146,200,983,405,578
DALLAS COUNTY,113,81 Years,6145,2457,3688,3812,1529,2283,1188,436,752,284,125,159,861,367,494
DALLAS COUNTY,113,82 Years,5649,2206,3443,3571,1422,2149,1091,366,725,260,116,144,727,302,425
DALLAS COUNTY,113,83 Years,5220,2039,3181,3428,1367,2061,886,297,589,245,99,146,661,276,385
DALLAS COUNTY,113,84 Years,4856,1841,3015,3217,1248,1969,800,258,542,223,87,136,616,248,368
DALLAS COUNTY,113,85 Years +,27472,9156,18316,19070,6492,12578,4439,1196,3243,1133,419,714,2830,1049,1781
DAWSON COUNTY,115,All Ages,13812,7847,5965,5082,2838,2244,855,634,221,243,135,108,7632,4240,3392
DAWSON COUNTY,115,< 1 Year,180,88,92,46,21,25,6,5,1,21,8,13,107,54,53
DAWSON COUNTY,115,1 Years,176,87,89,44,22,22,7,5,2,17,7,10,108,53,55
DAWSON COUNTY,115,2 Years,170,88,82,45,24,21,8,5,3,11,7,4,106,52,54
DAWSON COUNTY,115,3 Years,174,92,82,49,26,23,7,5,2,9,6,3,109,55,54
DAWSON COUNTY,115,4 Years,173,92,81,49,25,24,8,5,3,6,5,1,110,57,53
DAWSON COUNTY,115,5 Years,194,105,89,51,33,18,7,2,5,6,3,3,130,67,63
DAWSON COUNTY,115,6 Years,202,105,97,65,36,29,7,4,3,3,1,2,127,64,63
DAWSON COUNTY,115,7 Years,202,106,96,53,28,25,5,3,2,3,1,2,141,74,67
DAWSON COUNTY,115,8 Years,201,106,95,43,23,20,5,2,3,2,1,1,151,80,71
DAWSON COUNTY,115,9 Years,198,102,96,55,31,24,3,0,3,3,2,1,137,69,68
DAWSON COUNTY,115,10 Years,181,96,85,53,29,24,6,3,3,5,4,1,117,60,57
DAWSON COUNTY,115,11 Years,172,99,73,44,26,18,5,2,3,4,3,1,119,68,51
DAWSON COUNTY,115,12 Years,180,98,82,41,24,17,7,3,4,3,3,0,129,68,61
DAWSON COUNTY,115,13 Years,177,95,82,45,25,20,6,3,3,5,4,1,121,63,58
DAWSON COUNTY,115,14 Years,189,96,93,45,22,23,7,4,3,3,1,2,134,69,65
DAWSON COUNTY,115,15 Years,190,108,82,52,24,28,9,6,3,4,1,3,125,77,48
DAWSON COUNTY,115,16 Years,180,97,83,49,27,22,15,10,5,2,0,2,114,60,54
DAWSON COUNTY,115,17 Years,159,92,67,39,24,15,9,8,1,1,1,0,110,59,51
DAWSON COUNTY,115,18 Years,166,95,71,40,24,16,12,9,3,1,0,1,113,62,51
DAWSON COUNTY,115,19 Years,203,123,80,44,24,20,13,9,4,4,3,1,142,87,55
DAWSON COUNTY,115,20 Years,211,132,79,46,27,19,16,11,5,3,0,3,146,94,52
DAWSON COUNTY,115,21 Years,237,162,75,43,27,16,29,26,3,3,2,1,162,107,55
DAWSON COUNTY,115,22 Years,251,166,85,64,39,25,34,31,3,2,2,0,151,94,57
DAWSON COUNTY,115,23 Years,252,168,84,68,43,25,21,19,2,5,3,2,158,103,55
DAWSON COUNTY,115,24 Years,248,181,67,64,44,20,29,26,3,3,2,1,152,109,43
DAWSON COUNTY,115,25 Years,269,203,66,87,67,20,35,33,2,5,3,2,142,100,42
DAWSON COUNTY,115,26 Years,258,184,74,85,61,24,33,30,3,5,4,1,135,89,46
DAWSON COUNTY,115,27 Years,214,171,43,77,58,19,29,29,0,2,2,0,106,82,24
DAWSON COUNTY,115,28 Years,245,175,70,84,61,23,35,32,3,3,2,1,123,80,43
DAWSON COUNTY,115,29 Years,270,212,58,103,86,17,28,26,2,4,4,0,135,96,39
DAWSON COUNTY,115,30 Years,258,193,65,95,75,20,22,21,1,2,1,1,139,96,43
DAWSON COUNTY,115,31 Years,230,150,80,87,58,29,21,19,2,3,2,1,119,71,48
DAWSON COUNTY,115,32 Years,235,156,79,90,61,29,19,16,3,1,0,1,125,79,46
DAWSON COUNTY,115,33 Years,207,130,77,81,55,26,8,6,2,3,2,1,115,67,48
DAWSON COUNTY,115,34 Years,180,107,73,67,43,24,6,3,3,4,3,1,103,58,45
DAWSON COUNTY,115,35 Years,168,96,72,64,40,24,11,9,2,4,3,1,89,44,45
DAWSON COUNTY,115,36 Years,195,126,69,59,37,22,14,13,1,1,0,1,121,76,45
DAWSON COUNTY,115,37 Years,189,128,61,53,36,17,10,8,2,2,1,1,124,83,41
DAWSON COUNTY,115,38 Years,163,103,60,58,39,19,4,4,0,2,2,0,99,58,41
DAWSON COUNTY,115,39 Years,148,87,61,53,36,17,11,10,1,2,1,1,82,40,42
DAWSON COUNTY,115,40 Years,155,98,57,56,35,21,13,12,1,1,1,0,85,50,35
DAWSON COUNTY,115,41 Years,157,95,62,51,32,19,14,12,2,1,0,1,91,51,40
DAWSON COUNTY,115,42 Years,133,70,63,45,25,20,15,12,3,2,1,1,71,32,39
DAWSON COUNTY,115,43 Years,126,70,56,54,32,22,7,4,3,4,2,2,61,32,29
DAWSON COUNTY,115,44 Years,143,74,69,63,37,26,2,1,1,5,2,3,73,34,39
DAWSON COUNTY,115,45 Years,153,84,69,51,27,24,12,9,3,2,1,1,88,47,41
DAWSON COUNTY,115,46 Years,136,68,68,60,32,28,10,9,1,1,1,0,65,26,39
DAWSON COUNTY,115,47 Years,134,70,64,52,25,27,3,3,0,0,0,0,79,42,37
DAWSON COUNTY,115,48 Years,128,66,62,32,16,16,13,10,3,3,1,2,80,39,41
DAWSON COUNTY,115,49 Years,135,80,55,33,19,14,11,8,3,2,1,1,89,52,37
DAWSON COUNTY,115,50 Years,153,85,68,54,33,21,13,9,4,1,0,1,85,43,42
DAWSON COUNTY,115,51 Years,153,88,65,61,40,21,8,4,4,2,1,1,82,43,39
DAWSON COUNTY,115,52 Years,159,88,71,57,33,24,8,5,3,1,0,1,93,50,43
DAWSON COUNTY,115,53 Years,178,89,89,70,36,34,9,5,4,1,0,1,98,48,50
DAWSON COUNTY,115,54 Years,175,96,79,68,37,31,7,3,4,1,1,0,99,55,44
DAWSON COUNTY,115,55 Years,152,79,73,69,36,33,4,1,3,1,1,0,78,41,37
DAWSON COUNTY,115,56 Years,148,78,70,71,38,33,9,5,4,1,1,0,67,34,33
DAWSON COUNTY,115,57 Years,136,65,71,61,29,32,5,2,3,4,1,3,66,33,33
DAWSON COUNTY,115,58 Years,163,77,86,70,33,37,8,3,5,3,1,2,82,40,42
DAWSON COUNTY,115,59 Years,145,70,75,71,36,35,8,3,5,1,1,0,65,30,35
DAWSON COUNTY,115,60 Years,159,83,76,77,38,39,9,7,2,2,1,1,71,37,34
DAWSON COUNTY,115,61 Years,140,79,61,70,39,31,7,6,1,2,1,1,61,33,28
DAWSON COUNTY,115,62 Years,142,75,67,70,37,33,9,5,4,2,0,2,61,33,28
DAWSON COUNTY,115,63 Years,129,60,69,65,28,37,7,3,4,2,1,1,55,28,27
DAWSON COUNTY,115,64 Years,135,66,69,64,30,34,3,1,2,2,1,1,66,34,32
DAWSON COUNTY,115,65 Years,116,55,61,62,29,33,5,2,3,2,2,0,47,22,25
DAWSON COUNTY,115,66 Years,110,61,49,59,32,27,3,2,1,1,1,0,47,26,21
DAWSON COUNTY,115,67 Years,122,63,59,69,32,37,5,2,3,2,2,0,46,27,19
DAWSON COUNTY,115,68 Years,125,55,70,67,29,38,3,2,1,1,1,0,54,23,31
DAWSON COUNTY,115,69 Years,111,40,71,52,19,33,4,1,3,1,0,1,54,20,34
DAWSON COUNTY,115,70 Years,105,40,65,51,19,32,5,0,5,1,0,1,48,21,27
DAWSON COUNTY,115,71 Years,111,48,63,54,25,29,5,1,4,3,1,2,49,21,28
DAWSON COUNTY,115,72 Years,102,51,51,59,30,29,2,1,1,1,1,0,40,19,21
DAWSON COUNTY,115,73 Years,93,39,54,56,23,33,2,1,1,0,0,0,35,15,20
DAWSON COUNTY,115,74 Years,81,37,44,51,25,26,4,2,2,1,1,0,25,9,16
DAWSON COUNTY,115,75 Years,81,36,45,44,20,24,4,2,2,2,1,1,31,13,18
DAWSON COUNTY,115,76 Years,81,35,46,44,19,25,3,0,3,0,0,0,34,16,18
DAWSON COUNTY,115,77 Years,79,35,44,48,21,27,3,1,2,0,0,0,28,13,15
DAWSON COUNTY,115,78 Years,70,27,43,44,20,24,2,0,2,1,0,1,23,7,16
DAWSON COUNTY,115,79 Years,78,27,51,52,18,34,1,0,1,1,0,1,24,9,15
DAWSON COUNTY,115,80 Years,80,33,47,54,22,32,1,0,1,2,1,1,23,10,13
DAWSON COUNTY,115,81 Years,66,29,37,43,20,23,3,1,2,0,0,0,20,8,12
DAWSON COUNTY,115,82 Years,59,26,33,40,18,22,1,1,0,0,0,0,18,7,11
DAWSON COUNTY,115,83 Years,61,28,33,45,20,25,2,1,1,1,1,0,13,6,7
DAWSON COUNTY,115,84 Years,52,23,29,37,16,21,2,1,1,0,0,0,13,6,7
DAWSON COUNTY,115,85 Years +,267,106,161,176,67,109,14,6,8,4,2,2,73,31,42
DEAF SMITH COUNTY,117,All Ages,19678,9889,9789,5346,2612,2734,151,73,78,229,101,128,13952,7103,6849
DEAF SMITH COUNTY,117,< 1 Year,342,170,172,41,21,20,3,3,0,1,0,1,297,146,151
DEAF SMITH COUNTY,117,1 Years,338,164,174,42,20,22,2,1,1,1,0,1,293,143,150
DEAF SMITH COUNTY,117,2 Years,342,171,171,48,23,25,2,1,1,1,0,1,291,147,144
DEAF SMITH COUNTY,117,3 Years,356,178,178,51,24,27,2,1,1,1,0,1,302,153,149
DEAF SMITH COUNTY,117,4 Years,349,177,172,50,22,28,3,2,1,2,1,1,294,152,142
DEAF SMITH COUNTY,117,5 Years,354,168,186,56,28,28,1,0,1,1,1,0,296,139,157
DEAF SMITH COUNTY,117,6 Years,339,161,178,54,28,26,0,0,0,5,3,2,280,130,150
DEAF SMITH COUNTY,117,7 Years,372,182,190,55,30,25,0,0,0,7,3,4,310,149,161
DEAF SMITH COUNTY,117,8 Years,368,199,169,44,23,21,2,1,1,5,3,2,317,172,145
DEAF SMITH COUNTY,117,9 Years,343,184,159,53,28,25,1,1,0,3,3,0,286,152,134
DEAF SMITH COUNTY,117,10 Years,335,172,163,56,31,25,2,1,1,4,2,2,273,138,135
DEAF SMITH COUNTY,117,11 Years,347,171,176,50,25,25,5,1,4,7,4,3,285,141,144
DEAF SMITH COUNTY,117,12 Years,343,163,180,59,25,34,2,0,2,3,2,1,279,136,143
DEAF SMITH COUNTY,117,13 Years,335,173,162,67,37,30,0,0,0,4,2,2,264,134,130
DEAF SMITH COUNTY,117,14 Years,330,165,165,68,33,35,1,1,0,5,1,4,256,130,126
DEAF SMITH COUNTY,117,15 Years,338,165,173,63,30,33,0,0,0,4,1,3,271,134,137
DEAF SMITH COUNTY,117,16 Years,334,167,167,77,39,38,1,0,1,3,1,2,253,127,126
DEAF SMITH COUNTY,117,17 Years,328,171,157,67,32,35,2,1,1,2,1,1,257,137,120
DEAF SMITH COUNTY,117,18 Years,301,152,149,56,31,25,2,1,1,3,3,0,240,117,123
DEAF SMITH COUNTY,117,19 Years,286,150,136,60,34,26,2,2,0,3,3,0,221,111,110
DEAF SMITH COUNTY,117,20 Years,280,151,129,54,27,27,1,1,0,1,1,0,224,122,102
DEAF SMITH COUNTY,117,21 Years,286,159,127,50,26,24,1,1,0,3,0,3,232,132,100
DEAF SMITH COUNTY,117,22 Years,287,156,131,57,26,31,2,1,1,4,1,3,224,128,96
DEAF SMITH COUNTY,117,23 Years,310,166,144,61,36,25,2,0,2,4,1,3,243,129,114
DEAF SMITH COUNTY,117,24 Years,286,142,144,44,23,21,2,0,2,4,1,3,236,118,118
DEAF SMITH COUNTY,117,25 Years,255,140,115,38,19,19,2,1,1,3,2,1,212,118,94
DEAF SMITH COUNTY,117,26 Years,257,142,115,45,25,20,1,1,0,2,1,1,209,115,94
DEAF SMITH COUNTY,117,27 Years,267,151,116,55,36,19,2,1,1,3,1,2,207,113,94
DEAF SMITH COUNTY,117,28 Years,229,131,98,47,28,19,2,0,2,2,1,1,178,102,76
DEAF SMITH COUNTY,117,29 Years,231,114,117,45,21,24,4,2,2,1,0,1,181,91,90
DEAF SMITH COUNTY,117,30 Years,231,121,110,50,25,25,3,1,2,4,2,2,174,93,81
DEAF SMITH COUNTY,117,31 Years,250,124,126,56,23,33,1,0,1,3,2,1,190,99,91
DEAF SMITH COUNTY,117,32 Years,245,127,118,47,26,21,1,0,1,7,3,4,190,98,92
DEAF SMITH COUNTY,117,33 Years,239,117,122,40,24,16,2,1,1,4,1,3,193,91,102
DEAF SMITH COUNTY,117,34 Years,238,120,118,52,27,25,1,0,1,1,0,1,184,93,91
DEAF SMITH COUNTY,117,35 Years,267,136,131,55,24,31,2,0,2,7,4,3,203,108,95
DEAF SMITH COUNTY,117,36 Years,249,128,121,51,24,27,2,1,1,2,1,1,194,102,92
DEAF SMITH COUNTY,117,37 Years,233,126,107,44,22,22,1,1,0,2,1,1,186,102,84
DEAF SMITH COUNTY,117,38 Years,242,115,127,47,21,26,3,2,1,4,3,1,188,89,99
DEAF SMITH COUNTY,117,39 Years,241,121,120,54,27,27,4,3,1,2,1,1,181,90,91
DEAF SMITH COUNTY,117,40 Years,228,115,113,49,23,26,3,1,2,1,1,0,175,90,85
DEAF SMITH COUNTY,117,41 Years,202,104,98,46,26,20,1,0,1,3,2,1,152,76,76
DEAF SMITH COUNTY,117,42 Years,200,104,96,49,25,24,1,0,1,3,1,2,147,78,69
DEAF SMITH COUNTY,117,43 Years,226,109,117,54,27,27,2,1,1,5,1,4,165,80,85
DEAF SMITH COUNTY,117,44 Years,233,119,114,68,33,35,3,2,1,5,2,3,157,82,75
DEAF SMITH COUNTY,117,45 Years,236,123,113,73,34,39,7,2,5,1,0,1,155,87,68
DEAF SMITH COUNTY,117,46 Years,231,114,117,61,28,33,2,1,1,3,2,1,165,83,82
DEAF SMITH COUNTY,117,47 Years,202,97,105,48,22,26,1,1,0,2,0,2,151,74,77
DEAF SMITH COUNTY,117,48 Years,222,115,107,64,38,26,2,1,1,3,1,2,153,75,78
DEAF SMITH COUNTY,117,49 Years,221,121,100,64,32,32,2,1,1,1,1,0,154,87,67
DEAF SMITH COUNTY,117,50 Years,241,121,120,72,36,36,4,2,2,5,3,2,160,80,80
DEAF SMITH COUNTY,117,51 Years,216,116,100,69,37,32,3,2,1,2,1,1,142,76,66
DEAF SMITH COUNTY,117,52 Years,213,113,100,68,37,31,3,0,3,2,0,2,140,76,64
DEAF SMITH COUNTY,117,53 Years,219,112,107,79,38,41,1,1,0,2,1,1,137,72,65
DEAF SMITH COUNTY,117,54 Years,236,112,124,89,44,45,3,2,1,5,1,4,139,65,74
DEAF SMITH COUNTY,117,55 Years,214,109,105,80,40,40,1,1,0,3,0,3,130,68,62
DEAF SMITH COUNTY,117,56 Years,212,115,97,81,40,41,4,2,2,1,0,1,126,73,53
DEAF SMITH COUNTY,117,57 Years,243,123,120,102,52,50,3,2,1,2,0,2,136,69,67
DEAF SMITH COUNTY,117,58 Years,230,121,109,105,58,47,1,1,0,1,0,1,123,62,61
DEAF SMITH COUNTY,117,59 Years,216,106,110,99,49,50,1,1,0,0,0,0,116,56,60
DEAF SMITH COUNTY,117,60 Years,208,101,107,93,42,51,1,1,0,0,0,0,114,58,56
DEAF SMITH COUNTY,117,61 Years,214,101,113,99,48,51,3,1,2,3,1,2,109,51,58
DEAF SMITH COUNTY,117,62 Years,197,100,97,98,50,48,2,2,0,4,3,1,93,45,48
DEAF SMITH COUNTY,117,63 Years,193,94,99,95,46,49,2,2,0,5,3,2,91,43,48
DEAF SMITH COUNTY,117,64 Years,185,87,98,86,39,47,2,1,1,2,0,2,95,47,48
DEAF SMITH COUNTY,117,65 Years,179,86,93,92,43,49,2,0,2,1,0,1,84,43,41
DEAF SMITH COUNTY,117,66 Years,173,88,85,89,44,45,1,0,1,3,1,2,80,43,37
DEAF SMITH COUNTY,117,67 Years,152,72,80,79,37,42,0,0,0,4,1,3,69,34,35
DEAF SMITH COUNTY,117,68 Years,135,64,71,77,36,41,1,0,1,3,1,2,54,27,27
DEAF SMITH COUNTY,117,69 Years,109,46,63,59,26,33,0,0,0,3,1,2,47,19,28
DEAF SMITH COUNTY,117,70 Years,114,43,71,51,21,30,2,1,1,3,1,2,58,20,38
DEAF SMITH COUNTY,117,71 Years,123,50,73,63,28,35,2,0,2,2,1,1,56,21,35
DEAF SMITH COUNTY,117,72 Years,109,56,53,53,27,26,2,1,1,2,2,0,52,26,26
DEAF SMITH COUNTY,117,73 Years,92,50,42,50,28,22,0,0,0,2,1,1,40,21,19
DEAF SMITH COUNTY,117,74 Years,98,46,52,58,27,31,0,0,0,1,1,0,39,18,21
DEAF SMITH COUNTY,117,75 Years,97,45,52,57,27,30,2,1,1,0,0,0,38,17,21
DEAF SMITH COUNTY,117,76 Years,85,41,44,47,25,22,0,0,0,1,1,0,37,15,22
DEAF SMITH COUNTY,117,77 Years,86,40,46,52,24,28,0,0,0,1,0,1,33,16,17
DEAF SMITH COUNTY,117,78 Years,84,35,49,47,19,28,0,0,0,1,0,1,36,16,20
DEAF SMITH COUNTY,117,79 Years,75,34,41,47,20,27,2,1,1,2,1,1,24,12,12
DEAF SMITH COUNTY,117,80 Years,68,33,35,44,22,22,0,0,0,1,0,1,23,11,12
DEAF SMITH COUNTY,117,81 Years,70,30,40,49,20,29,0,0,0,0,0,0,21,10,11
DEAF SMITH COUNTY,117,82 Years,61,25,36,41,18,23,2,0,2,0,0,0,18,7,11
DEAF SMITH COUNTY,117,83 Years,58,25,33,39,16,23,2,1,1,0,0,0,17,8,9
DEAF SMITH COUNTY,117,84 Years,56,22,34,40,14,26,0,0,0,0,0,0,16,8,8
DEAF SMITH COUNTY,117,85 Years +,313,116,197,212,72,140,3,3,0,7,4,3,91,37,54
DELTA COUNTY,119,All Ages,5326,2602,2724,4348,2120,2228,399,187,212,234,104,130,345,191,154
DELTA COUNTY,119,< 1 Year,59,33,26,42,24,18,6,2,4,0,0,0,11,7,4
DELTA COUNTY,119,1 Years,58,29,29,34,19,15,7,3,4,4,1,3,13,6,7
DELTA COUNTY,119,2 Years,58,27,31,34,17,17,8,3,5,4,3,1,12,4,8
DELTA COUNTY,119,3 Years,55,25,30,32,14,18,6,4,2,6,4,2,11,3,8
DELTA COUNTY,119,4 Years,57,25,32,36,15,21,7,3,4,7,6,1,7,1,6
DELTA COUNTY,119,5 Years,60,24,36,40,18,22,8,2,6,5,3,2,7,1,6
DELTA COUNTY,119,6 Years,63,30,33,40,18,22,7,3,4,7,5,2,9,4,5
DELTA COUNTY,119,7 Years,49,25,24,35,16,19,5,4,1,3,2,1,6,3,3
DELTA COUNTY,119,8 Years,64,32,32,46,21,25,7,4,3,3,1,2,8,6,2
DELTA COUNTY,119,9 Years,68,38,30,47,26,21,5,2,3,5,1,4,11,9,2
DELTA COUNTY,119,10 Years,55,28,27,42,22,20,2,0,2,4,1,3,7,5,2
DELTA COUNTY,119,11 Years,57,27,30,41,20,21,3,0,3,5,2,3,8,5,3
DELTA COUNTY,119,12 Years,67,35,32,46,25,21,4,1,3,6,3,3,11,6,5
DELTA COUNTY,119,13 Years,64,38,26,54,32,22,2,1,1,2,1,1,6,4,2
DELTA COUNTY,119,14 Years,61,37,24,48,29,19,4,3,1,6,3,3,3,2,1
DELTA COUNTY,119,15 Years,67,34,33,51,27,24,6,4,2,5,2,3,5,1,4
DELTA COUNTY,119,16 Years,69,28,41,54,23,31,6,2,4,3,1,2,6,2,4
DELTA COUNTY,119,17 Years,58,26,32,45,20,25,3,1,2,4,0,4,6,5,1
DELTA COUNTY,119,18 Years,62,33,29,46,23,23,6,4,2,5,2,3,5,4,1
DELTA COUNTY,119,19 Years,67,39,28,48,27,21,6,4,2,5,3,2,8,5,3
DELTA COUNTY,119,20 Years,72,39,33,49,26,23,10,3,7,5,5,0,8,5,3
DELTA COUNTY,119,21 Years,72,36,36,52,27,25,11,4,7,2,1,1,7,4,3
DELTA COUNTY,119,22 Years,68,37,31,54,29,25,6,3,3,4,2,2,4,3,1
DELTA COUNTY,119,23 Years,65,38,27,46,27,19,9,5,4,5,3,2,5,3,2
DELTA COUNTY,119,24 Years,58,34,24,43,26,17,7,3,4,2,1,1,6,4,2
DELTA COUNTY,119,25 Years,66,34,32,49,26,23,8,4,4,1,1,0,8,3,5
DELTA COUNTY,119,26 Years,62,35,27,53,30,23,5,3,2,2,2,0,2,0,2
DELTA COUNTY,119,27 Years,43,18,25,34,12,22,4,2,2,3,2,1,2,2,0
DELTA COUNTY,119,28 Years,60,29,31,47,24,23,8,3,5,2,1,1,3,1,2
DELTA COUNTY,119,29 Years,52,23,29,39,19,20,7,1,6,1,1,0,5,2,3
DELTA COUNTY,119,30 Years,45,21,24,37,19,18,3,0,3,2,0,2,3,2,1
DELTA COUNTY,119,31 Years,56,28,28,48,24,24,3,1,2,1,0,1,4,3,1
DELTA COUNTY,119,32 Years,58,30,28,45,22,23,3,1,2,3,3,0,7,4,3
DELTA COUNTY,119,33 Years,45,21,24,37,19,18,2,0,2,3,1,2,3,1,2
DELTA COUNTY,119,34 Years,48,18,30,39,15,24,3,1,2,3,1,2,3,1,2
DELTA COUNTY,119,35 Years,64,26,38,55,21,34,2,1,1,3,1,2,4,3,1
DELTA COUNTY,119,36 Years,52,26,26,46,22,24,2,1,1,0,0,0,4,3,1
DELTA COUNTY,119,37 Years,46,25,21,43,22,21,1,1,0,0,0,0,2,2,0
DELTA COUNTY,119,38 Years,50,25,25,41,20,21,3,1,2,1,1,0,5,3,2
DELTA COUNTY,119,39 Years,53,29,24,45,25,20,4,2,2,0,0,0,4,2,2
DELTA COUNTY,119,40 Years,54,28,26,48,25,23,3,2,1,1,0,1,2,1,1
DELTA COUNTY,119,41 Years,65,32,33,49,27,22,7,2,5,4,0,4,5,3,2
DELTA COUNTY,119,42 Years,58,32,26,45,27,18,6,2,4,2,0,2,5,3,2
DELTA COUNTY,119,43 Years,60,29,31,50,27,23,4,0,4,3,0,3,3,2,1
DELTA COUNTY,119,44 Years,63,29,34,53,26,27,4,2,2,2,0,2,4,1,3
DELTA COUNTY,119,45 Years,64,31,33,58,26,32,3,3,0,0,0,0,3,2,1
DELTA COUNTY,119,46 Years,70,32,38,56,26,30,8,4,4,3,0,3,3,2,1
DELTA COUNTY,119,47 Years,62,31,31,51,25,26,7,4,3,3,1,2,1,1,0
DELTA COUNTY,119,48 Years,64,31,33,53,24,29,6,5,1,2,1,1,3,1,2
DELTA COUNTY,119,49 Years,71,29,42,62,24,38,5,3,2,1,0,1,3,2,1
DELTA COUNTY,119,50 Years,75,30,45,66,26,40,4,2,2,1,0,1,4,2,2
DELTA COUNTY,119,51 Years,65,28,37,55,24,31,7,4,3,1,0,1,2,0,2
DELTA COUNTY,119,52 Years,61,30,31,50,24,26,6,2,4,1,0,1,4,4,0
DELTA COUNTY,119,53 Years,63,33,30,58,32,26,2,0,2,2,0,2,1,1,0
DELTA COUNTY,119,54 Years,74,42,32,65,37,28,3,2,1,4,1,3,2,2,0
DELTA COUNTY,119,55 Years,72,38,34,63,33,30,3,2,1,6,3,3,0,0,0
DELTA COUNTY,119,56 Years,83,34,49,67,28,39,7,4,3,3,1,2,6,1,5
DELTA COUNTY,119,57 Years,91,49,42,77,41,36,6,4,2,4,3,1,4,1,3
DELTA COUNTY,119,58 Years,97,48,49,84,41,43,5,3,2,6,3,3,2,1,1
DELTA COUNTY,119,59 Years,94,45,49,75,38,37,6,2,4,8,3,5,5,2,3
DELTA COUNTY,119,60 Years,68,34,34,57,29,28,5,3,2,4,1,3,2,1,1
DELTA COUNTY,119,61 Years,73,35,38,61,29,32,3,2,1,4,1,3,5,3,2
DELTA COUNTY,119,62 Years,83,39,44,76,35,41,3,2,1,3,1,2,1,1,0
DELTA COUNTY,119,63 Years,74,34,40,62,26,36,6,5,1,4,2,2,2,1,1
DELTA COUNTY,119,64 Years,72,34,38,66,29,37,3,2,1,2,2,0,1,1,0
DELTA COUNTY,119,65 Years,80,38,42,69,30,39,5,2,3,2,2,0,4,4,0
DELTA COUNTY,119,66 Years,81,34,47,74,31,43,5,2,3,1,0,1,1,1,0
DELTA COUNTY,119,67 Years,78,39,39,70,35,35,3,1,2,2,0,2,3,3,0
DELTA COUNTY,119,68 Years,78,37,41,72,33,39,3,2,1,2,1,1,1,1,0
DELTA COUNTY,119,69 Years,72,31,41,66,27,39,3,2,1,2,1,1,1,1,0
DELTA COUNTY,119,70 Years,68,30,38,62,28,34,4,1,3,2,1,1,0,0,0
DELTA COUNTY,119,71 Years,68,34,34,63,32,31,4,2,2,1,0,1,0,0,0
DELTA COUNTY,119,72 Years,74,37,37,62,31,31,5,2,3,5,3,2,2,1,1
DELTA COUNTY,119,73 Years,61,31,30,55,28,27,3,1,2,1,1,0,2,1,1
DELTA COUNTY,119,74 Years,56,27,29,50,23,27,3,2,1,2,1,1,1,1,0
DELTA COUNTY,119,75 Years,66,30,36,60,27,33,5,2,3,0,0,0,1,1,0
DELTA COUNTY,119,76 Years,49,25,24,46,23,23,2,1,1,1,1,0,0,0,0
DELTA COUNTY,119,77 Years,40,20,20,36,18,18,3,2,1,0,0,0,1,0,1
DELTA COUNTY,119,78 Years,41,20,21,36,19,17,3,1,2,1,0,1,1,0,1
DELTA COUNTY,119,79 Years,37,18,19,32,15,17,4,3,1,1,0,1,0,0,0
DELTA COUNTY,119,80 Years,34,19,15,29,16,13,2,1,1,1,0,1,2,2,0
DELTA COUNTY,119,81 Years,31,18,13,27,16,11,2,1,1,0,0,0,2,1,1
DELTA COUNTY,119,82 Years,24,13,11,22,13,9,1,0,1,1,0,1,0,0,0
DELTA COUNTY,119,83 Years,21,12,9,18,10,8,1,1,0,1,0,1,1,1,0
DELTA COUNTY,119,84 Years,16,8,8,14,7,7,1,1,0,1,0,1,0,0,0
DELTA COUNTY,119,85 Years +,122,39,83,115,38,77,6,1,5,1,0,1,0,0,0
DENTON COUNTY,121,All Ages,778846,383484,395362,459448,226292,233156,69040,32883,36157,85406,41840,43566,164952,82469,82483
DENTON COUNTY,121,< 1 Year,10007,5097,4910,5001,2565,2436,928,478,450,1424,702,722,2654,1352,1302
DENTON COUNTY,121,1 Years,9959,5083,4876,4998,2549,2449,888,466,422,1407,711,696,2666,1357,1309
DENTON COUNTY,121,2 Years,9847,5015,4832,4959,2510,2449,854,456,398,1386,703,683,2648,1346,1302
DENTON COUNTY,121,3 Years,9755,4982,4773,4926,2508,2418,829,436,393,1379,708,671,2621,1330,1291
DENTON COUNTY,121,4 Years,9791,5029,4762,4900,2528,2372,801,415,386,1442,744,698,2648,1342,1306
DENTON COUNTY,121,5 Years,10246,5338,4908,5127,2660,2467,812,439,373,1531,802,729,2776,1437,1339
DENTON COUNTY,121,6 Years,10392,5362,5030,5141,2639,2502,832,442,390,1589,829,760,2830,1452,1378
DENTON COUNTY,121,7 Years,10897,5514,5383,5418,2739,2679,880,445,435,1642,843,799,2957,1487,1470
DENTON COUNTY,121,8 Years,11323,5765,5558,5699,2954,2745,887,439,448,1672,857,815,3065,1515,1550
DENTON COUNTY,121,9 Years,11768,6033,5735,5973,3105,2868,920,469,451,1673,859,814,3202,1600,1602
DENTON COUNTY,121,10 Years,12232,6352,5880,6206,3222,2984,972,519,453,1686,878,808,3368,1733,1635
DENTON COUNTY,121,11 Years,12545,6469,6076,6291,3233,3058,1059,559,500,1664,855,809,3531,1822,1709
DENTON COUNTY,121,12 Years,12749,6483,6266,6379,3259,3120,1079,557,522,1691,848,843,3600,1819,1781
DENTON COUNTY,121,13 Years,12824,6533,6291,6395,3270,3125,1138,596,542,1653,832,821,3638,1835,1803
DENTON COUNTY,121,14 Years,12919,6663,6256,6439,3300,3139,1196,663,533,1601,818,783,3683,1882,1801
DENTON COUNTY,121,15 Years,12774,6587,6187,6429,3296,3133,1225,641,584,1578,821,757,3542,1829,1713
DENTON COUNTY,121,16 Years,12477,6390,6087,6369,3261,3108,1177,601,576,1528,778,750,3403,1750,1653
DENTON COUNTY,121,17 Years,12108,6205,5903,6166,3172,2994,1141,581,560,1504,759,745,3297,1693,1604
DENTON COUNTY,121,18 Years,12469,6252,6217,6233,3162,3071,1344,645,699,1416,712,704,3476,1733,1743
DENTON COUNTY,121,19 Years,12478,6228,6250,6096,3044,3052,1495,708,787,1407,677,730,3480,1799,1681
DENTON COUNTY,121,20 Years,12228,6041,6187,5998,2935,3063,1599,740,859,1323,647,676,3308,1719,1589
DENTON COUNTY,121,21 Years,12685,6223,6462,6391,3063,3328,1593,706,887,1378,681,697,3323,1773,1550
DENTON COUNTY,121,22 Years,12674,6273,6401,6525,3148,3377,1560,716,844,1380,689,691,3209,1720,1489
DENTON COUNTY,121,23 Years,12360,5958,6402,6556,3150,3406,1487,678,809,1308,598,710,3009,1532,1477
DENTON COUNTY,121,24 Years,12075,5530,6545,6681,3064,3617,1349,580,769,1249,564,685,2796,1322,1474
DENTON COUNTY,121,25 Years,11608,5384,6224,6462,2997,3465,1229,525,704,1256,580,676,2661,1282,1379
DENTON COUNTY,121,26 Years,11199,5379,5820,6267,2989,3278,1125,499,626,1149,586,563,2658,1305,1353
DENTON COUNTY,121,27 Years,10598,5307,5291,5866,2957,2909,1025,470,555,1075,548,527,2632,1332,1300
DENTON COUNTY,121,28 Years,10387,5367,5020,5796,3018,2778,975,435,540,1040,540,500,2576,1374,1202
DENTON COUNTY,121,29 Years,10443,5429,5014,5827,3033,2794,1015,489,526,1071,567,504,2530,1340,1190
DENTON COUNTY,121,30 Years,10534,5457,5077,5930,3076,2854,1053,513,540,1039,536,503,2512,1332,1180
DENTON COUNTY,121,31 Years,10455,5464,4991,5725,3002,2723,1072,529,543,1071,541,530,2587,1392,1195
DENTON COUNTY,121,32 Years,10745,5548,5197,5834,3030,2804,1124,550,574,1069,519,550,2718,1449,1269
DENTON COUNTY,121,33 Years,10734,5420,5314,5742,2935,2807,1124,553,571,1086,517,569,2782,1415,1367
DENTON COUNTY,121,34 Years,10891,5430,5461,5795,2935,2860,1182,567,615,1109,534,575,2805,1394,1411
DENTON COUNTY,121,35 Years,11131,5515,5616,5893,2972,2921,1202,574,628,1196,559,637,2840,1410,1430
DENTON COUNTY,121,36 Years,10980,5278,5702,5783,2863,2920,1141,511,630,1306,577,729,2750,1327,1423
DENTON COUNTY,121,37 Years,10982,5174,5808,5880,2829,3051,1090,468,622,1296,558,738,2716,1319,1397
DENTON COUNTY,121,38 Years,11321,5360,5961,6086,2914,3172,1112,493,619,1353,599,754,2770,1354,1416
DENTON COUNTY,121,39 Years,11597,5601,5996,6256,3087,3169,1073,478,595,1459,669,790,2809,1367,1442
DENTON COUNTY,121,40 Years,11842,5671,6171,6427,3149,3278,1049,478,571,1516,682,834,2850,1362,1488
DENTON COUNTY,121,41 Years,11874,5703,6171,6541,3210,3331,1116,530,586,1535,695,840,2682,1268,1414
DENTON COUNTY,121,42 Years,12138,5961,6177,6753,3381,3372,1203,574,629,1548,736,812,2634,1270,1364
DENTON COUNTY,121,43 Years,12647,6280,6367,7358,3737,3621,1200,575,625,1513,735,778,2576,1233,1343
DENTON COUNTY,121,44 Years,13261,6513,6748,8100,4029,4071,1187,561,626,1515,746,769,2459,1177,1282
DENTON COUNTY,121,45 Years,13005,6412,6593,8103,4020,4083,1118,548,570,1432,704,728,2352,1140,1212
DENTON COUNTY,121,46 Years,12157,6010,6147,7589,3802,3787,1038,500,538,1313,653,660,2217,1055,1162
DENTON COUNTY,121,47 Years,11334,5622,5712,7039,3540,3499,1003,467,536,1196,602,594,2096,1013,1083
DENTON COUNTY,121,48 Years,10938,5432,5506,6856,3472,3384,1016,475,541,1096,541,555,1970,944,1026
DENTON COUNTY,121,49 Years,10782,5324,5458,6778,3373,3405,1053,505,548,1057,513,544,1894,933,961
DENTON COUNTY,121,50 Years,11182,5501,5681,7231,3574,3657,1056,507,549,1050,505,545,1845,915,930
DENTON COUNTY,121,51 Years,11379,5658,5721,7632,3839,3793,1001,456,545,1016,503,513,1730,860,870
DENTON COUNTY,121,52 Years,11136,5486,5650,7573,3779,3794,974,442,532,1011,485,526,1578,780,798
DENTON COUNTY,121,53 Years,10781,5273,5508,7413,3664,3749,912,414,498,941,449,492,1515,746,769
DENTON COUNTY,121,54 Years,10488,5152,5336,7390,3659,3731,854,395,459,876,428,448,1368,670,698
DENTON COUNTY,121,55 Years,9909,4904,5005,7068,3509,3559,792,379,413,802,394,408,1247,622,625
DENTON COUNTY,121,56 Years,9290,4571,4719,6667,3293,3374,725,335,390,767,384,383,1131,559,572
DENTON COUNTY,121,57 Years,8963,4432,4531,6492,3220,3272,652,308,344,756,384,372,1063,520,543
DENTON COUNTY,121,58 Years,8524,4130,4394,6224,3023,3201,614,295,319,715,350,365,971,462,509
DENTON COUNTY,121,59 Years,7985,3863,4122,5818,2835,2983,571,272,299,707,343,364,889,413,476
DENTON COUNTY,121,60 Years,7624,3733,3891,5622,2780,2842,541,248,293,647,311,336,814,394,420
DENTON COUNTY,121,61 Years,7177,3389,3788,5409,2560,2849,484,217,267,583,278,305,701,334,367
DENTON COUNTY,121,62 Years,6699,3182,3517,5049,2422,2627,443,191,252,554,261,293,653,308,345
DENTON COUNTY,121,63 Years,6289,3017,3272,4740,2315,2425,411,178,233,515,235,280,623,289,334
DENTON COUNTY,121,64 Years,6007,2834,3173,4480,2126,2354,419,184,235,509,235,274,599,289,310
DENTON COUNTY,121,65 Years,6000,2795,3205,4529,2127,2402,393,165,228,515,243,272,563,260,303
DENTON COUNTY,121,66 Years,5783,2722,3061,4438,2127,2311,347,139,208,483,224,259,515,232,283
DENTON COUNTY,121,67 Years,5765,2729,3036,4517,2158,2359,325,141,184,443,207,236,480,223,257
DENTON COUNTY,121,68 Years,5551,2612,2939,4481,2111,2370,255,115,140,375,180,195,440,206,234
DENTON COUNTY,121,69 Years,4432,2063,2369,3492,1629,1863,201,88,113,347,167,180,392,179,213
DENTON COUNTY,121,70 Years,4068,1863,2205,3236,1482,1754,151,64,87,330,160,170,351,157,194
DENTON COUNTY,121,71 Years,3989,1803,2186,3231,1480,1751,147,64,83,299,135,164,312,124,188
DENTON COUNTY,121,72 Years,3751,1706,2045,3064,1407,1657,129,55,74,279,128,151,279,116,163
DENTON COUNTY,121,73 Years,3248,1510,1738,2624,1226,1398,128,57,71,255,118,137,241,109,132
DENTON COUNTY,121,74 Years,2908,1341,1567,2350,1083,1267,107,46,61,229,108,121,222,104,118
DENTON COUNTY,121,75 Years,2581,1157,1424,2058,931,1127,102,38,64,219,105,114,202,83,119
DENTON COUNTY,121,76 Years,2336,1045,1291,1869,853,1016,96,39,57,195,91,104,176,62,114
DENTON COUNTY,121,77 Years,2146,943,1203,1739,768,971,89,38,51,160,69,91,158,68,90
DENTON COUNTY,121,78 Years,1985,860,1125,1601,696,905,84,32,52,155,65,90,145,67,78
DENTON COUNTY,121,79 Years,1821,794,1027,1456,643,813,71,26,45,151,63,88,143,62,81
DENTON COUNTY,121,80 Years,1669,674,995,1361,562,799,64,19,45,128,54,74,116,39,77
DENTON COUNTY,121,81 Years,1522,605,917,1271,506,765,53,16,37,102,45,57,96,38,58
DENTON COUNTY,121,82 Years,1374,560,814,1156,471,685,44,16,28,80,35,45,94,38,56
DENTON COUNTY,121,83 Years,1236,501,735,1050,424,626,34,11,23,71,35,36,81,31,50
DENTON COUNTY,121,84 Years,1145,427,718,977,369,608,28,7,21,72,26,46,68,25,43
DENTON COUNTY,121,85 Years +,6938,2203,4735,6158,1955,4203,173,44,129,262,85,177,345,119,226
DE WITT COUNTY,123,All Ages,21127,11105,10022,11305,5702,5603,1888,1113,775,424,198,226,7510,4092,3418
DE WITT COUNTY,123,< 1 Year,262,131,131,124,57,67,7,4,3,11,4,7,120,66,54
DE WITT COUNTY,123,1 Years,263,132,131,121,57,64,8,5,3,12,6,6,122,64,58
DE WITT COUNTY,123,2 Years,262,136,126,111,53,58,8,5,3,11,8,3,132,70,62
DE WITT COUNTY,123,3 Years,239,126,113,97,49,48,7,3,4,11,8,3,124,66,58
DE WITT COUNTY,123,4 Years,235,127,108,90,45,45,8,4,4,13,12,1,124,66,58
DE WITT COUNTY,123,5 Years,236,118,118,89,45,44,8,5,3,12,8,4,127,60,67
DE WITT COUNTY,123,6 Years,259,136,123,101,58,43,16,8,8,14,5,9,128,65,63
DE WITT COUNTY,123,7 Years,264,142,122,106,62,44,20,7,13,14,5,9,124,68,56
DE WITT COUNTY,123,8 Years,279,147,132,114,66,48,19,11,8,13,6,7,133,64,69
DE WITT COUNTY,123,9 Years,262,130,132,105,59,46,21,10,11,12,4,8,124,57,67
DE WITT COUNTY,123,10 Years,250,124,126,101,54,47,23,12,11,11,3,8,115,55,60
DE WITT COUNTY,123,11 Years,274,145,129,106,55,51,22,13,9,12,5,7,134,72,62
DE WITT COUNTY,123,12 Years,272,141,131,110,57,53,22,10,12,11,6,5,129,68,61
DE WITT COUNTY,123,13 Years,229,117,112,87,47,40,22,9,13,9,5,4,111,56,55
DE WITT COUNTY,123,14 Years,265,149,116,109,57,52,23,13,10,9,7,2,124,72,52
DE WITT COUNTY,123,15 Years,283,155,128,115,64,51,33,17,16,9,5,4,126,69,57
DE WITT COUNTY,123,16 Years,255,133,122,106,58,48,27,14,13,9,4,5,113,57,56
DE WITT COUNTY,123,17 Years,257,139,118,119,64,55,23,15,8,8,3,5,107,57,50
DE WITT COUNTY,123,18 Years,262,140,122,118,64,54,22,14,8,11,5,6,111,57,54
DE WITT COUNTY,123,19 Years,240,124,116,114,59,55,15,7,8,10,4,6,101,54,47
DE WITT COUNTY,123,20 Years,240,129,111,111,60,51,17,10,7,10,5,5,102,54,48
DE WITT COUNTY,123,21 Years,246,125,121,119,58,61,21,11,10,8,4,4,98,52,46
DE WITT COUNTY,123,22 Years,260,130,130,129,67,62,19,7,12,9,2,7,103,54,49
DE WITT COUNTY,123,23 Years,282,145,137,143,70,73,22,7,15,5,2,3,112,66,46
DE WITT COUNTY,123,24 Years,240,130,110,118,65,53,23,11,12,4,3,1,95,51,44
DE WITT COUNTY,123,25 Years,243,142,101,135,81,54,23,12,11,3,2,1,82,47,35
DE WITT COUNTY,123,26 Years,227,131,96,128,69,59,22,14,8,3,1,2,74,47,27
DE WITT COUNTY,123,27 Years,231,136,95,102,62,40,19,14,5,5,1,4,105,59,46
DE WITT COUNTY,123,28 Years,231,131,100,95,53,42,31,24,7,3,1,2,102,53,49
DE WITT COUNTY,123,29 Years,227,126,101,100,53,47,26,19,7,4,2,2,97,52,45
DE WITT COUNTY,123,30 Years,235,130,105,100,53,47,25,16,9,2,1,1,108,60,48
DE WITT COUNTY,123,31 Years,211,119,92,82,42,40,26,18,8,1,0,1,102,59,43
DE WITT COUNTY,123,32 Years,233,147,86,90,51,39,24,18,6,3,2,1,116,76,40
DE WITT COUNTY,123,33 Years,252,157,95,99,55,44,32,26,6,5,3,2,116,73,43
DE WITT COUNTY,123,34 Years,237,137,100,105,54,51,29,19,10,2,1,1,101,63,38
DE WITT COUNTY,123,35 Years,222,127,95,92,44,48,30,19,11,1,0,1,99,64,35
DE WITT COUNTY,123,36 Years,244,146,98,106,58,48,30,23,7,2,1,1,106,64,42
DE WITT COUNTY,123,37 Years,243,151,92,107,64,43,26,20,6,3,1,2,107,66,41
DE WITT COUNTY,123,38 Years,268,163,105,116,66,50,34,27,7,5,3,2,113,67,46
DE WITT COUNTY,123,39 Years,248,142,106,108,57,51,33,28,5,3,2,1,104,55,49
DE WITT COUNTY,123,40 Years,252,158,94,114,67,47,22,19,3,2,1,1,114,71,43
DE WITT COUNTY,123,41 Years,231,141,90,102,55,47,31,28,3,2,0,2,96,58,38
DE WITT COUNTY,123,42 Years,243,155,88,111,62,49,29,22,7,3,2,1,100,69,31
DE WITT COUNTY,123,43 Years,236,131,105,107,54,53,26,16,10,5,4,1,98,57,41
DE WITT COUNTY,123,44 Years,272,156,116,133,72,61,24,13,11,3,2,1,112,69,43
DE WITT COUNTY,123,45 Years,268,148,120,151,76,75,23,15,8,5,3,2,89,54,35
DE WITT COUNTY,123,46 Years,275,154,121,129,59,70,34,21,13,5,1,4,107,73,34
DE WITT COUNTY,123,47 Years,243,137,106,123,69,54,27,14,13,3,1,2,90,53,37
DE WITT COUNTY,123,48 Years,261,150,111,146,88,58,33,22,11,3,1,2,79,39,40
DE WITT COUNTY,123,49 Years,273,150,123,139,71,68,36,26,10,6,2,4,92,51,41
DE WITT COUNTY,123,50 Years,290,173,117,156,89,67,35,25,10,4,2,2,95,57,38
DE WITT COUNTY,123,51 Years,304,173,131,182,100,82,27,19,8,4,1,3,91,53,38
DE WITT COUNTY,123,52 Years,290,153,137,168,86,82,31,18,13,3,1,2,88,48,40
DE WITT COUNTY,123,53 Years,290,157,133,153,75,78,29,19,10,4,1,3,104,62,42
DE WITT COUNTY,123,54 Years,313,183,130,179,98,81,28,22,6,3,1,2,103,62,41
DE WITT COUNTY,123,55 Years,328,170,158,193,99,94,26,17,9,5,2,3,104,52,52
DE WITT COUNTY,123,56 Years,341,182,159,207,114,93,31,20,11,5,2,3,98,46,52
DE WITT COUNTY,123,57 Years,312,161,151,204,98,106,25,14,11,2,2,0,81,47,34
DE WITT COUNTY,123,58 Years,307,147,160,196,83,113,28,15,13,1,0,1,82,49,33
DE WITT COUNTY,123,59 Years,286,143,143,176,89,87,31,14,17,2,0,2,77,40,37
DE WITT COUNTY,123,60 Years,292,162,130,199,115,84,29,14,15,3,3,0,61,30,31
DE WITT COUNTY,123,61 Years,282,142,140,176,87,89,31,16,15,2,1,1,73,38,35
DE WITT COUNTY,123,62 Years,287,152,135,193,100,93,29,14,15,2,1,1,63,37,26
DE WITT COUNTY,123,63 Years,270,132,138,185,87,98,25,13,12,2,2,0,58,30,28
DE WITT COUNTY,123,64 Years,267,133,134,168,76,92,36,21,15,2,1,1,61,35,26
DE WITT COUNTY,123,65 Years,260,130,130,175,84,91,27,16,11,2,1,1,56,29,27
DE WITT COUNTY,123,66 Years,272,127,145,195,93,102,17,8,9,2,0,2,58,26,32
DE WITT COUNTY,123,67 Years,256,124,132,178,87,91,18,10,8,2,0,2,58,27,31
DE WITT COUNTY,123,68 Years,241,115,126,169,84,85,15,6,9,2,0,2,55,25,30
DE WITT COUNTY,123,69 Years,235,110,125,157,77,80,19,9,10,4,1,3,55,23,32
DE WITT COUNTY,123,70 Years,242,109,133,152,69,83,27,11,16,3,1,2,60,28,32
DE WITT COUNTY,123,71 Years,206,95,111,141,65,76,10,3,7,0,0,0,55,27,28
DE WITT COUNTY,123,72 Years,194,88,106,148,64,84,6,4,2,3,1,2,37,19,18
DE WITT COUNTY,123,73 Years,169,72,97,126,51,75,13,6,7,1,0,1,29,15,14
DE WITT COUNTY,123,74 Years,157,73,84,119,58,61,9,3,6,0,0,0,29,12,17
DE WITT COUNTY,123,75 Years,142,66,76,104,50,54,9,4,5,3,1,2,26,11,15
DE WITT COUNTY,123,76 Years,146,67,79,106,52,54,11,3,8,2,0,2,27,12,15
DE WITT COUNTY,123,77 Years,142,63,79,101,43,58,13,7,6,1,0,1,27,13,14
DE WITT COUNTY,123,78 Years,149,69,80,114,53,61,9,6,3,0,0,0,26,10,16
DE WITT COUNTY,123,79 Years,138,60,78,101,46,55,8,2,6,4,2,2,25,10,15
DE WITT COUNTY,123,80 Years,130,56,74,93,42,51,11,3,8,2,1,1,24,10,14
DE WITT COUNTY,123,81 Years,112,54,58,80,39,41,10,5,5,1,1,0,21,9,12
DE WITT COUNTY,123,82 Years,117,43,74,76,29,47,10,3,7,1,0,1,30,11,19
DE WITT COUNTY,123,83 Years,106,47,59,73,34,39,10,3,7,2,1,1,21,9,12
DE WITT COUNTY,123,84 Years,104,40,64,78,29,49,9,3,6,1,0,1,16,8,8
DE WITT COUNTY,123,85 Years +,628,218,410,501,172,329,35,12,23,4,1,3,88,33,55
DICKENS COUNTY,125,All Ages,2232,1267,965,1433,743,690,82,67,15,48,29,19,669,428,241
DICKENS COUNTY,125,< 1 Year,19,10,9,13,7,6,0,0,0,0,0,0,6,3,3
DICKENS COUNTY,125,1 Years,19,10,9,12,7,5,0,0,0,0,0,0,7,3,4
DICKENS COUNTY,125,2 Years,16,8,8,9,4,5,0,0,0,0,0,0,7,4,3
DICKENS COUNTY,125,3 Years,19,11,8,13,7,6,0,0,0,0,0,0,6,4,2
DICKENS COUNTY,125,4 Years,19,11,8,13,6,7,0,0,0,0,0,0,6,5,1
DICKENS COUNTY,125,5 Years,35,22,13,23,12,11,0,0,0,0,0,0,12,10,2
DICKENS COUNTY,125,6 Years,18,13,5,8,4,4,0,0,0,0,0,0,10,9,1
DICKENS COUNTY,125,7 Years,20,9,11,10,3,7,0,0,0,0,0,0,10,6,4
DICKENS COUNTY,125,8 Years,24,12,12,11,4,7,0,0,0,2,1,1,11,7,4
DICKENS COUNTY,125,9 Years,24,12,12,12,4,8,0,0,0,1,1,0,11,7,4
DICKENS COUNTY,125,10 Years,25,14,11,10,5,5,0,0,0,1,0,1,14,9,5
DICKENS COUNTY,125,11 Years,25,14,11,12,6,6,0,0,0,0,0,0,13,8,5
DICKENS COUNTY,125,12 Years,27,15,12,14,9,5,1,1,0,0,0,0,12,5,7
DICKENS COUNTY,125,13 Years,27,13,14,15,9,6,1,0,1,0,0,0,11,4,7
DICKENS COUNTY,125,14 Years,31,18,13,18,12,6,1,0,1,0,0,0,12,6,6
DICKENS COUNTY,125,15 Years,25,9,16,14,7,7,0,0,0,1,0,1,10,2,8
DICKENS COUNTY,125,16 Years,21,15,6,15,12,3,0,0,0,0,0,0,6,3,3
DICKENS COUNTY,125,17 Years,22,12,10,14,8,6,0,0,0,0,0,0,8,4,4
DICKENS COUNTY,125,18 Years,23,14,9,11,8,3,0,0,0,3,1,2,9,5,4
DICKENS COUNTY,125,19 Years,25,14,11,10,7,3,0,0,0,1,0,1,14,7,7
DICKENS COUNTY,125,20 Years,18,9,9,10,4,6,0,0,0,1,1,0,7,4,3
DICKENS COUNTY,125,21 Years,24,14,10,12,5,7,0,0,0,2,2,0,10,7,3
DICKENS COUNTY,125,22 Years,25,16,9,14,8,6,1,0,1,0,0,0,10,8,2
DICKENS COUNTY,125,23 Years,22,12,10,10,6,4,0,0,0,0,0,0,12,6,6
DICKENS COUNTY,125,24 Years,28,20,8,12,7,5,7,7,0,0,0,0,9,6,3
DICKENS COUNTY,125,25 Years,26,18,8,11,5,6,5,5,0,0,0,0,10,8,2
DICKENS COUNTY,125,26 Years,24,18,6,8,4,4,4,4,0,0,0,0,12,10,2
DICKENS COUNTY,125,27 Years,29,22,7,18,12,6,1,1,0,1,1,0,9,8,1
DICKENS COUNTY,125,28 Years,20,14,6,10,7,3,1,1,0,1,1,0,8,5,3
DICKENS COUNTY,125,29 Years,20,14,6,9,7,2,2,2,0,1,1,0,8,4,4
DICKENS COUNTY,125,30 Years,22,17,5,9,7,2,2,2,0,1,1,0,10,7,3
DICKENS COUNTY,125,31 Years,25,20,5,10,9,1,4,3,1,0,0,0,11,8,3
DICKENS COUNTY,125,32 Years,27,20,7,12,9,3,4,3,1,0,0,0,11,8,3
DICKENS COUNTY,125,33 Years,32,21,11,16,10,6,3,2,1,0,0,0,13,9,4
DICKENS COUNTY,125,34 Years,28,22,6,12,7,5,1,1,0,0,0,0,15,14,1
DICKENS COUNTY,125,35 Years,34,24,10,16,8,8,3,3,0,0,0,0,15,13,2
DICKENS COUNTY,125,36 Years,34,25,9,16,12,4,4,4,0,1,0,1,13,9,4
DICKENS COUNTY,125,37 Years,30,22,8,14,8,6,3,3,0,1,0,1,12,11,1
DICKENS COUNTY,125,38 Years,30,22,8,13,8,5,2,2,0,1,0,1,14,12,2
DICKENS COUNTY,125,39 Years,27,19,8,12,6,6,2,2,0,2,2,0,11,9,2
DICKENS COUNTY,125,40 Years,28,16,12,18,8,10,2,2,0,1,1,0,7,5,2
DICKENS COUNTY,125,41 Years,28,17,11,20,10,10,1,1,0,0,0,0,7,6,1
DICKENS COUNTY,125,42 Years,31,20,11,21,13,8,1,1,0,0,0,0,9,6,3
DICKENS COUNTY,125,43 Years,30,18,12,15,8,7,2,2,0,0,0,0,13,8,5
DICKENS COUNTY,125,44 Years,27,17,10,13,7,6,1,1,0,2,1,1,11,8,3
DICKENS COUNTY,125,45 Years,27,20,7,16,12,4,0,0,0,0,0,0,11,8,3
DICKENS COUNTY,125,46 Years,19,13,6,12,8,4,0,0,0,0,0,0,7,5,2
DICKENS COUNTY,125,47 Years,20,12,8,8,4,4,2,1,1,0,0,0,10,7,3
DICKENS COUNTY,125,48 Years,24,16,8,12,7,5,2,2,0,0,0,0,10,7,3
DICKENS COUNTY,125,49 Years,23,12,11,14,7,7,2,2,0,0,0,0,7,3,4
DICKENS COUNTY,125,50 Years,21,10,11,15,6,9,1,1,0,0,0,0,5,3,2
DICKENS COUNTY,125,51 Years,28,14,14,21,10,11,1,1,0,1,1,0,5,2,3
DICKENS COUNTY,125,52 Years,33,16,17,24,11,13,0,0,0,2,1,1,7,4,3
DICKENS COUNTY,125,53 Years,31,16,15,21,9,12,0,0,0,1,0,1,9,7,2
DICKENS COUNTY,125,54 Years,37,20,17,23,11,12,0,0,0,0,0,0,14,9,5
DICKENS COUNTY,125,55 Years,42,21,21,28,12,16,2,1,1,1,1,0,11,7,4
DICKENS COUNTY,125,56 Years,35,20,15,26,15,11,1,0,1,1,1,0,7,4,3
DICKENS COUNTY,125,57 Years,34,15,19,25,12,13,1,0,1,1,0,1,7,3,4
DICKENS COUNTY,125,58 Years,35,18,17,27,13,14,1,0,1,2,2,0,5,3,2
DICKENS COUNTY,125,59 Years,39,20,19,29,14,15,0,0,0,1,0,1,9,6,3
DICKENS COUNTY,125,60 Years,39,23,16,33,20,13,1,1,0,1,0,1,4,2,2
DICKENS COUNTY,125,61 Years,29,19,10,24,15,9,1,1,0,0,0,0,4,3,1
DICKENS COUNTY,125,62 Years,28,14,14,24,11,13,1,0,1,0,0,0,3,3,0
DICKENS COUNTY,125,63 Years,28,14,14,20,9,11,0,0,0,2,1,1,6,4,2
DICKENS COUNTY,125,64 Years,23,12,11,18,9,9,0,0,0,1,1,0,4,2,2
DICKENS COUNTY,125,65 Years,28,10,18,21,8,13,1,1,0,0,0,0,6,1,5
DICKENS COUNTY,125,66 Years,27,11,16,23,10,13,0,0,0,1,0,1,3,1,2
DICKENS COUNTY,125,67 Years,30,14,16,23,9,14,1,1,0,1,1,0,5,3,2
DICKENS COUNTY,125,68 Years,27,9,18,21,7,14,0,0,0,1,1,0,5,1,4
DICKENS COUNTY,125,69 Years,27,12,15,22,10,12,0,0,0,0,0,0,5,2,3
DICKENS COUNTY,125,70 Years,27,15,12,24,14,10,0,0,0,0,0,0,3,1,2
DICKENS COUNTY,125,71 Years,29,13,16,26,12,14,0,0,0,0,0,0,3,1,2
DICKENS COUNTY,125,72 Years,25,11,14,22,9,13,0,0,0,1,1,0,2,1,1
DICKENS COUNTY,125,73 Years,29,15,14,27,13,14,0,0,0,1,1,0,1,1,0
DICKENS COUNTY,125,74 Years,28,13,15,25,12,13,0,0,0,0,0,0,3,1,2
DICKENS COUNTY,125,75 Years,20,11,9,19,10,9,0,0,0,0,0,0,1,1,0
DICKENS COUNTY,125,76 Years,21,12,9,19,10,9,0,0,0,0,0,0,2,2,0
DICKENS COUNTY,125,77 Years,24,11,13,22,9,13,0,0,0,0,0,0,2,2,0
DICKENS COUNTY,125,78 Years,21,9,12,17,8,9,2,1,1,0,0,0,2,0,2
DICKENS COUNTY,125,79 Years,20,9,11,15,8,7,2,1,1,0,0,0,3,0,3
DICKENS COUNTY,125,80 Years,13,7,6,11,6,5,0,0,0,0,0,0,2,1,1
DICKENS COUNTY,125,81 Years,10,7,3,9,6,3,0,0,0,0,0,0,1,1,0
DICKENS COUNTY,125,82 Years,14,7,7,12,6,6,0,0,0,1,1,0,1,0,1
DICKENS COUNTY,125,83 Years,12,4,8,11,4,7,0,0,0,1,0,1,0,0,0
DICKENS COUNTY,125,84 Years,12,5,7,11,4,7,0,0,0,0,0,0,1,1,0
DICKENS COUNTY,125,85 Years +,60,24,36,45,17,28,1,0,1,3,2,1,11,5,6
DIMMIT COUNTY,127,All Ages,10997,5373,5624,1378,723,655,88,50,38,93,48,45,9438,4552,4886
DIMMIT COUNTY,127,< 1 Year,169,91,78,28,18,10,0,0,0,0,0,0,141,73,68
DIMMIT COUNTY,127,1 Years,175,90,85,26,14,12,0,0,0,3,2,1,146,74,72
DIMMIT COUNTY,127,2 Years,185,93,92,26,12,14,0,0,0,3,2,1,156,79,77
DIMMIT COUNTY,127,3 Years,176,90,86,28,14,14,0,0,0,2,2,0,146,74,72
DIMMIT COUNTY,127,4 Years,156,80,76,22,12,10,2,1,1,2,1,1,130,66,64
DIMMIT COUNTY,127,5 Years,148,70,78,19,9,10,1,0,1,3,1,2,125,60,65
DIMMIT COUNTY,127,6 Years,164,83,81,17,9,8,0,0,0,2,1,1,145,73,72
DIMMIT COUNTY,127,7 Years,153,78,75,13,9,4,1,1,0,2,1,1,137,67,70
DIMMIT COUNTY,127,8 Years,170,83,87,15,9,6,3,1,2,1,1,0,151,72,79
DIMMIT COUNTY,127,9 Years,183,89,94,16,8,8,3,1,2,0,0,0,164,80,84
DIMMIT COUNTY,127,10 Years,181,89,92,15,7,8,1,1,0,2,1,1,163,80,83
DIMMIT COUNTY,127,11 Years,180,88,92,15,6,9,2,1,1,1,0,1,162,81,81
DIMMIT COUNTY,127,12 Years,158,80,78,15,9,6,2,1,1,1,0,1,140,70,70
DIMMIT COUNTY,127,13 Years,165,90,75,16,10,6,3,2,1,1,1,0,145,77,68
DIMMIT COUNTY,127,14 Years,185,93,92,9,6,3,1,0,1,0,0,0,175,87,88
DIMMIT COUNTY,127,15 Years,167,84,83,11,4,7,0,0,0,2,2,0,154,78,76
DIMMIT COUNTY,127,16 Years,176,87,89,17,8,9,2,1,1,2,2,0,155,76,79
DIMMIT COUNTY,127,17 Years,174,82,92,11,3,8,1,1,0,1,1,0,161,77,84
DIMMIT COUNTY,127,18 Years,172,78,94,9,2,7,1,1,0,2,1,1,160,74,86
DIMMIT COUNTY,127,19 Years,161,78,83,11,4,7,0,0,0,0,0,0,150,74,76
DIMMIT COUNTY,127,20 Years,164,87,77,9,4,5,1,0,1,1,0,1,153,83,70
DIMMIT COUNTY,127,21 Years,176,93,83,10,5,5,3,2,1,0,0,0,163,86,77
DIMMIT COUNTY,127,22 Years,174,93,81,13,6,7,2,1,1,2,0,2,157,86,71
DIMMIT COUNTY,127,23 Years,169,84,85,13,8,5,1,0,1,1,0,1,154,76,78
DIMMIT COUNTY,127,24 Years,119,59,60,14,6,8,1,0,1,1,1,0,103,52,51
DIMMIT COUNTY,127,25 Years,121,62,59,16,6,10,0,0,0,1,1,0,104,55,49
DIMMIT COUNTY,127,26 Years,119,66,53,11,6,5,3,1,2,2,2,0,103,57,46
DIMMIT COUNTY,127,27 Years,137,79,58,17,13,4,1,0,1,1,1,0,118,65,53
DIMMIT COUNTY,127,28 Years,108,60,48,17,11,6,0,0,0,1,1,0,90,48,42
DIMMIT COUNTY,127,29 Years,110,52,58,12,8,4,2,1,1,1,0,1,95,43,52
DIMMIT COUNTY,127,30 Years,97,52,45,13,9,4,1,0,1,1,0,1,82,43,39
DIMMIT COUNTY,127,31 Years,102,58,44,18,12,6,1,0,1,1,1,0,82,45,37
DIMMIT COUNTY,127,32 Years,105,50,55,14,8,6,2,1,1,1,0,1,88,41,47
DIMMIT COUNTY,127,33 Years,109,46,63,15,5,10,1,1,0,4,0,4,89,40,49
DIMMIT COUNTY,127,34 Years,101,47,54,13,7,6,2,1,1,1,0,1,85,39,46
DIMMIT COUNTY,127,35 Years,118,58,60,12,4,8,0,0,0,1,1,0,105,53,52
DIMMIT COUNTY,127,36 Years,100,51,49,13,6,7,1,0,1,0,0,0,86,45,41
DIMMIT COUNTY,127,37 Years,95,44,51,15,10,5,0,0,0,0,0,0,80,34,46
DIMMIT COUNTY,127,38 Years,121,54,67,16,11,5,0,0,0,1,0,1,104,43,61
DIMMIT COUNTY,127,39 Years,136,60,76,20,9,11,1,0,1,0,0,0,115,51,64
DIMMIT COUNTY,127,40 Years,129,65,64,17,10,7,0,0,0,1,0,1,111,55,56
DIMMIT COUNTY,127,41 Years,118,54,64,18,11,7,0,0,0,1,1,0,99,42,57
DIMMIT COUNTY,127,42 Years,92,43,49,11,6,5,0,0,0,1,0,1,80,37,43
DIMMIT COUNTY,127,43 Years,108,51,57,14,6,8,1,1,0,2,1,1,91,43,48
DIMMIT COUNTY,127,44 Years,124,65,59,14,9,5,1,1,0,0,0,0,109,55,54
DIMMIT COUNTY,127,45 Years,146,73,73,17,6,11,1,1,0,0,0,0,128,66,62
DIMMIT COUNTY,127,46 Years,122,60,62,15,7,8,1,1,0,0,0,0,106,52,54
DIMMIT COUNTY,127,47 Years,120,53,67,18,9,9,0,0,0,1,1,0,101,43,58
DIMMIT COUNTY,127,48 Years,126,54,72,19,8,11,1,1,0,3,0,3,103,45,58
DIMMIT COUNTY,127,49 Years,128,62,66,10,6,4,1,1,0,1,0,1,116,55,61
DIMMIT COUNTY,127,50 Years,135,66,69,9,3,6,2,1,1,1,1,0,123,61,62
DIMMIT COUNTY,127,51 Years,135,71,64,17,12,5,1,1,0,2,1,1,115,57,58
DIMMIT COUNTY,127,52 Years,124,67,57,13,9,4,1,1,0,1,1,0,109,56,53
DIMMIT COUNTY,127,53 Years,136,79,57,14,9,5,2,2,0,3,3,0,117,65,52
DIMMIT COUNTY,127,54 Years,146,71,75,24,11,13,1,1,0,1,1,0,120,58,62
DIMMIT COUNTY,127,55 Years,139,73,66,26,19,7,2,2,0,0,0,0,111,52,59
DIMMIT COUNTY,127,56 Years,121,66,55,17,13,4,2,1,1,1,1,0,101,51,50
DIMMIT COUNTY,127,57 Years,132,66,66,21,12,9,1,1,0,1,0,1,109,53,56
DIMMIT COUNTY,127,58 Years,138,69,69,16,7,9,2,1,1,2,1,1,118,60,58
DIMMIT COUNTY,127,59 Years,136,67,69,18,11,7,2,0,2,1,0,1,115,56,59
DIMMIT COUNTY,127,60 Years,135,67,68,16,9,7,2,2,0,4,1,3,113,55,58
DIMMIT COUNTY,127,61 Years,134,65,69,22,9,13,3,3,0,2,1,1,107,52,55
DIMMIT COUNTY,127,62 Years,139,65,74,20,11,9,1,0,1,0,0,0,118,54,64
DIMMIT COUNTY,127,63 Years,138,64,74,16,7,9,1,1,0,2,2,0,119,54,65
DIMMIT COUNTY,127,64 Years,132,65,67,24,14,10,1,1,0,1,1,0,106,49,57
DIMMIT COUNTY,127,65 Years,132,51,81,16,9,7,2,1,1,0,0,0,114,41,73
DIMMIT COUNTY,127,66 Years,150,58,92,23,12,11,1,1,0,1,0,1,125,45,80
DIMMIT COUNTY,127,67 Years,129,61,68,24,13,11,0,0,0,0,0,0,105,48,57
DIMMIT COUNTY,127,68 Years,133,62,71,23,11,12,1,0,1,1,0,1,108,51,57
DIMMIT COUNTY,127,69 Years,114,53,61,20,11,9,1,0,1,1,1,0,92,41,51
DIMMIT COUNTY,127,70 Years,101,45,56,18,7,11,0,0,0,0,0,0,83,38,45
DIMMIT COUNTY,127,71 Years,91,46,45,14,7,7,0,0,0,0,0,0,77,39,38
DIMMIT COUNTY,127,72 Years,87,38,49,15,9,6,0,0,0,0,0,0,72,29,43
DIMMIT COUNTY,127,73 Years,80,33,47,13,6,7,1,1,0,0,0,0,66,26,40
DIMMIT COUNTY,127,74 Years,78,35,43,18,10,8,1,1,0,0,0,0,59,24,35
DIMMIT COUNTY,127,75 Years,67,28,39,14,7,7,0,0,0,1,0,1,52,21,31
DIMMIT COUNTY,127,76 Years,64,29,35,10,5,5,0,0,0,0,0,0,54,24,30
DIMMIT COUNTY,127,77 Years,60,25,35,4,1,3,0,0,0,0,0,0,56,24,32
DIMMIT COUNTY,127,78 Years,57,30,27,4,3,1,1,1,0,0,0,0,52,26,26
DIMMIT COUNTY,127,79 Years,56,26,30,13,8,5,1,1,0,2,2,0,40,15,25
DIMMIT COUNTY,127,80 Years,56,24,32,12,5,7,0,0,0,0,0,0,44,19,25
DIMMIT COUNTY,127,81 Years,61,27,34,10,5,5,0,0,0,0,0,0,51,22,29
DIMMIT COUNTY,127,82 Years,52,28,24,14,7,7,0,0,0,0,0,0,38,21,17
DIMMIT COUNTY,127,83 Years,46,21,25,12,5,7,0,0,0,0,0,0,34,16,18
DIMMIT COUNTY,127,84 Years,45,17,28,7,2,5,0,0,0,0,0,0,38,15,23
DIMMIT COUNTY,127,85 Years +,226,84,142,48,19,29,3,0,3,4,1,3,171,64,107
DONLEY COUNTY,129,All Ages,3528,1776,1752,2952,1495,1457,189,94,95,63,24,39,324,163,161
DONLEY COUNTY,129,< 1 Year,33,19,14,21,12,9,8,5,3,0,0,0,4,2,2
DONLEY COUNTY,129,1 Years,34,20,14,23,13,10,9,6,3,0,0,0,2,1,1
DONLEY COUNTY,129,2 Years,38,21,17,26,14,12,8,5,3,0,0,0,4,2,2
DONLEY COUNTY,129,3 Years,39,23,16,27,15,12,7,5,2,0,0,0,5,3,2
DONLEY COUNTY,129,4 Years,41,20,21,30,14,16,4,3,1,0,0,0,7,3,4
DONLEY COUNTY,129,5 Years,43,20,23,33,18,15,4,2,2,0,0,0,6,0,6
DONLEY COUNTY,129,6 Years,50,25,25,43,23,20,1,1,0,1,0,1,5,1,4
DONLEY COUNTY,129,7 Years,38,23,15,29,18,11,2,2,0,0,0,0,7,3,4
DONLEY COUNTY,129,8 Years,37,22,15,29,18,11,3,2,1,0,0,0,5,2,3
DONLEY COUNTY,129,9 Years,35,20,15,27,17,10,3,1,2,2,0,2,3,2,1
DONLEY COUNTY,129,10 Years,28,13,15,18,9,9,2,1,1,2,0,2,6,3,3
DONLEY COUNTY,129,11 Years,38,15,23,29,11,18,4,2,2,1,0,1,4,2,2
DONLEY COUNTY,129,12 Years,37,18,19,27,12,15,4,3,1,1,0,1,5,3,2
DONLEY COUNTY,129,13 Years,32,16,16,23,13,10,3,1,2,1,0,1,5,2,3
DONLEY COUNTY,129,14 Years,37,19,18,23,14,9,4,1,3,2,1,1,8,3,5
DONLEY COUNTY,129,15 Years,32,17,15,25,16,9,3,0,3,1,0,1,3,1,2
DONLEY COUNTY,129,16 Years,42,21,21,32,18,14,3,0,3,1,0,1,6,3,3
DONLEY COUNTY,129,17 Years,39,21,18,32,19,13,1,0,1,2,0,2,4,2,2
DONLEY COUNTY,129,18 Years,41,20,21,32,18,14,3,1,2,1,0,1,5,1,4
DONLEY COUNTY,129,19 Years,36,19,17,27,17,10,4,1,3,0,0,0,5,1,4
DONLEY COUNTY,129,20 Years,47,26,21,37,22,15,3,0,3,1,0,1,6,4,2
DONLEY COUNTY,129,21 Years,54,30,24,40,23,17,3,0,3,2,1,1,9,6,3
DONLEY COUNTY,129,22 Years,50,23,27,39,20,19,3,1,2,1,0,1,7,2,5
DONLEY COUNTY,129,23 Years,72,34,38,50,23,27,6,3,3,3,2,1,13,6,7
DONLEY COUNTY,129,24 Years,129,66,63,101,50,51,8,4,4,2,1,1,18,11,7
DONLEY COUNTY,129,25 Years,118,69,49,95,53,42,8,5,3,1,0,1,14,11,3
DONLEY COUNTY,129,26 Years,55,29,26,45,21,24,4,3,1,0,0,0,6,5,1
DONLEY COUNTY,129,27 Years,41,20,21,32,14,18,3,3,0,0,0,0,6,3,3
DONLEY COUNTY,129,28 Years,24,12,12,18,9,9,2,1,1,1,1,0,3,1,2
DONLEY COUNTY,129,29 Years,25,15,10,21,12,9,0,0,0,2,2,0,2,1,1
DONLEY COUNTY,129,30 Years,34,17,17,26,13,13,0,0,0,1,1,0,7,3,4
DONLEY COUNTY,129,31 Years,34,17,17,29,16,13,1,0,1,0,0,0,4,1,3
DONLEY COUNTY,129,32 Years,31,18,13,26,16,10,0,0,0,0,0,0,5,2,3
DONLEY COUNTY,129,33 Years,44,24,20,34,18,16,0,0,0,2,1,1,8,5,3
DONLEY COUNTY,129,34 Years,33,16,17,27,14,13,1,0,1,1,0,1,4,2,2
DONLEY COUNTY,129,35 Years,36,19,17,30,16,14,1,0,1,0,0,0,5,3,2
DONLEY COUNTY,129,36 Years,31,18,13,25,16,9,1,0,1,0,0,0,5,2,3
DONLEY COUNTY,129,37 Years,28,16,12,23,14,9,2,1,1,1,1,0,2,0,2
DONLEY COUNTY,129,38 Years,27,13,14,21,10,11,1,0,1,1,1,0,4,2,2
DONLEY COUNTY,129,39 Years,27,12,15,22,10,12,2,0,2,0,0,0,3,2,1
DONLEY COUNTY,129,40 Years,29,16,13,24,14,10,1,0,1,0,0,0,4,2,2
DONLEY COUNTY,129,41 Years,27,11,16,23,10,13,2,1,1,0,0,0,2,0,2
DONLEY COUNTY,129,42 Years,26,12,14,19,7,12,2,1,1,0,0,0,5,4,1
DONLEY COUNTY,129,43 Years,31,17,14,24,12,12,3,2,1,1,1,0,3,2,1
DONLEY COUNTY,129,44 Years,37,20,17,34,18,16,2,2,0,0,0,0,1,0,1
DONLEY COUNTY,129,45 Years,36,20,16,33,17,16,2,2,0,1,1,0,0,0,0
DONLEY COUNTY,129,46 Years,32,18,14,28,15,13,1,1,0,2,1,1,1,1,0
DONLEY COUNTY,129,47 Years,31,15,16,25,13,12,2,0,2,2,1,1,2,1,1
DONLEY COUNTY,129,48 Years,32,14,18,27,13,14,1,0,1,1,0,1,3,1,2
DONLEY COUNTY,129,49 Years,40,15,25,34,13,21,2,0,2,1,0,1,3,2,1
DONLEY COUNTY,129,50 Years,36,19,17,33,16,17,1,1,0,0,0,0,2,2,0
DONLEY COUNTY,129,51 Years,45,19,26,41,18,23,1,1,0,1,0,1,2,0,2
DONLEY COUNTY,129,52 Years,55,28,27,50,26,24,1,1,0,2,0,2,2,1,1
DONLEY COUNTY,129,53 Years,54,27,27,46,24,22,5,2,3,1,0,1,2,1,1
DONLEY COUNTY,129,54 Years,48,24,24,41,21,20,1,0,1,0,0,0,6,3,3
DONLEY COUNTY,129,55 Years,49,23,26,41,18,23,2,2,0,0,0,0,6,3,3
DONLEY COUNTY,129,56 Years,46,23,23,39,18,21,2,2,0,0,0,0,5,3,2
DONLEY COUNTY,129,57 Years,41,18,23,35,16,19,2,0,2,1,1,0,3,1,2
DONLEY COUNTY,129,58 Years,46,22,24,39,19,20,1,0,1,2,1,1,4,2,2
DONLEY COUNTY,129,59 Years,55,28,27,51,26,25,0,0,0,1,0,1,3,2,1
DONLEY COUNTY,129,60 Years,55,31,24,50,30,20,3,1,2,1,0,1,1,0,1
DONLEY COUNTY,129,61 Years,47,26,21,44,25,19,1,0,1,1,0,1,1,1,0
DONLEY COUNTY,129,62 Years,43,23,20,40,21,19,2,1,1,0,0,0,1,1,0
DONLEY COUNTY,129,63 Years,42,23,19,39,20,19,1,1,0,0,0,0,2,2,0
DONLEY COUNTY,129,64 Years,49,26,23,46,23,23,1,1,0,0,0,0,2,2,0
DONLEY COUNTY,129,65 Years,54,28,26,49,27,22,0,0,0,1,0,1,4,1,3
DONLEY COUNTY,129,66 Years,58,30,28,53,28,25,1,1,0,1,0,1,3,1,2
DONLEY COUNTY,129,67 Years,50,19,31,47,18,29,0,0,0,1,0,1,2,1,1
DONLEY COUNTY,129,68 Years,48,23,25,46,22,24,0,0,0,2,1,1,0,0,0
DONLEY COUNTY,129,69 Years,41,18,23,38,16,22,0,0,0,0,0,0,3,2,1
DONLEY COUNTY,129,70 Years,36,18,18,32,15,17,1,1,0,0,0,0,3,2,1
DONLEY COUNTY,129,71 Years,44,19,25,42,19,23,1,0,1,0,0,0,1,0,1
DONLEY COUNTY,129,72 Years,41,21,20,39,19,20,0,0,0,1,1,0,1,1,0
DONLEY COUNTY,129,73 Years,35,15,20,33,14,19,1,1,0,0,0,0,1,0,1
DONLEY COUNTY,129,74 Years,37,19,18,34,17,17,2,1,1,0,0,0,1,1,0
DONLEY COUNTY,129,75 Years,41,20,21,36,17,19,2,1,1,1,1,0,2,1,1
DONLEY COUNTY,129,76 Years,30,14,16,28,13,15,0,0,0,0,0,0,2,1,1
DONLEY COUNTY,129,77 Years,28,11,17,27,11,16,0,0,0,0,0,0,1,0,1
DONLEY COUNTY,129,78 Years,32,14,18,31,14,17,1,0,1,0,0,0,0,0,0
DONLEY COUNTY,129,79 Years,26,11,15,25,11,14,1,0,1,0,0,0,0,0,0
DONLEY COUNTY,129,80 Years,27,13,14,24,11,13,0,0,0,2,1,1,1,1,0
DONLEY COUNTY,129,81 Years,22,11,11,18,7,11,2,2,0,1,1,0,1,1,0
DONLEY COUNTY,129,82 Years,18,10,8,16,8,8,1,1,0,0,0,0,1,1,0
DONLEY COUNTY,129,83 Years,17,9,8,17,9,8,0,0,0,0,0,0,0,0,0
DONLEY COUNTY,129,84 Years,18,7,11,18,7,11,0,0,0,0,0,0,0,0,0
DONLEY COUNTY,129,85 Years +,103,42,61,96,40,56,5,1,4,1,1,0,1,0,1
DUVAL COUNTY,131,All Ages,11359,5873,5486,1127,639,488,81,78,3,56,21,35,10095,5135,4960
DUVAL COUNTY,131,< 1 Year,169,85,84,7,2,5,0,0,0,0,0,0,162,83,79
DUVAL COUNTY,131,1 Years,160,76,84,7,3,4,0,0,0,0,0,0,153,73,80
DUVAL COUNTY,131,2 Years,159,79,80,7,5,2,0,0,0,0,0,0,152,74,78
DUVAL COUNTY,131,3 Years,157,77,80,9,5,4,0,0,0,0,0,0,148,72,76
DUVAL COUNTY,131,4 Years,159,81,78,9,5,4,0,0,0,1,1,0,149,75,74
DUVAL COUNTY,131,5 Years,158,74,84,9,4,5,1,1,0,1,1,0,147,68,79
DUVAL COUNTY,131,6 Years,164,87,77,13,6,7,1,1,0,0,0,0,150,80,70
DUVAL COUNTY,131,7 Years,160,73,87,13,5,8,0,0,0,2,0,2,145,68,77
DUVAL COUNTY,131,8 Years,151,79,72,10,4,6,0,0,0,1,0,1,140,75,65
DUVAL COUNTY,131,9 Years,135,59,76,8,4,4,0,0,0,1,0,1,126,55,71
DUVAL COUNTY,131,10 Years,167,88,79,16,9,7,0,0,0,1,1,0,150,78,72
DUVAL COUNTY,131,11 Years,154,86,68,13,7,6,0,0,0,1,1,0,140,78,62
DUVAL COUNTY,131,12 Years,155,93,62,15,10,5,0,0,0,0,0,0,140,83,57
DUVAL COUNTY,131,13 Years,145,80,65,12,9,3,0,0,0,0,0,0,133,71,62
DUVAL COUNTY,131,14 Years,139,69,70,9,6,3,0,0,0,1,0,1,129,63,66
DUVAL COUNTY,131,15 Years,178,83,95,19,9,10,0,0,0,1,0,1,158,74,84
DUVAL COUNTY,131,16 Years,152,73,79,14,7,7,0,0,0,0,0,0,138,66,72
DUVAL COUNTY,131,17 Years,154,74,80,11,6,5,0,0,0,1,0,1,142,68,74
DUVAL COUNTY,131,18 Years,160,76,84,8,6,2,0,0,0,1,0,1,151,70,81
DUVAL COUNTY,131,19 Years,179,94,85,14,5,9,0,0,0,1,0,1,164,89,75
DUVAL COUNTY,131,20 Years,182,104,78,14,8,6,0,0,0,1,0,1,167,96,71
DUVAL COUNTY,131,21 Years,197,117,80,14,7,7,1,1,0,1,1,0,181,108,73
DUVAL COUNTY,131,22 Years,169,102,67,15,11,4,0,0,0,0,0,0,154,91,63
DUVAL COUNTY,131,23 Years,174,95,79,13,8,5,4,4,0,0,0,0,157,83,74
DUVAL COUNTY,131,24 Years,166,86,80,17,13,4,2,2,0,0,0,0,147,71,76
DUVAL COUNTY,131,25 Years,145,84,61,16,12,4,1,1,0,0,0,0,128,71,57
DUVAL COUNTY,131,26 Years,149,93,56,18,13,5,2,2,0,1,1,0,128,77,51
DUVAL COUNTY,131,27 Years,133,79,54,12,10,2,3,3,0,1,1,0,117,65,52
DUVAL COUNTY,131,28 Years,141,89,52,9,6,3,1,1,0,0,0,0,131,82,49
DUVAL COUNTY,131,29 Years,133,75,58,9,6,3,0,0,0,2,2,0,122,67,55
DUVAL COUNTY,131,30 Years,113,62,51,10,8,2,1,1,0,0,0,0,102,53,49
DUVAL COUNTY,131,31 Years,112,58,54,14,10,4,1,1,0,0,0,0,97,47,50
DUVAL COUNTY,131,32 Years,112,59,53,11,6,5,1,1,0,1,0,1,99,52,47
DUVAL COUNTY,131,33 Years,118,72,46,13,8,5,3,3,0,0,0,0,102,61,41
DUVAL COUNTY,131,34 Years,118,58,60,6,2,4,1,0,1,1,0,1,110,56,54
DUVAL COUNTY,131,35 Years,133,72,61,14,8,6,1,1,0,0,0,0,118,63,55
DUVAL COUNTY,131,36 Years,111,58,53,13,8,5,0,0,0,1,1,0,97,49,48
DUVAL COUNTY,131,37 Years,119,64,55,14,6,8,0,0,0,1,1,0,104,57,47
DUVAL COUNTY,131,38 Years,127,69,58,18,11,7,2,2,0,2,2,0,105,54,51
DUVAL COUNTY,131,39 Years,116,62,54,12,5,7,1,1,0,1,0,1,102,56,46
DUVAL COUNTY,131,40 Years,114,61,53,12,8,4,2,2,0,1,1,0,99,50,49
DUVAL COUNTY,131,41 Years,132,65,67,13,8,5,2,2,0,0,0,0,117,55,62
DUVAL COUNTY,131,42 Years,128,65,63,12,5,7,3,3,0,1,0,1,112,57,55
DUVAL COUNTY,131,43 Years,130,82,48,16,12,4,1,1,0,1,0,1,112,69,43
DUVAL COUNTY,131,44 Years,138,74,64,15,8,7,5,5,0,0,0,0,118,61,57
DUVAL COUNTY,131,45 Years,122,69,53,8,6,2,4,4,0,0,0,0,110,59,51
DUVAL COUNTY,131,46 Years,129,67,62,16,12,4,3,3,0,1,0,1,109,52,57
DUVAL COUNTY,131,47 Years,132,73,59,16,13,3,2,2,0,2,1,1,112,57,55
DUVAL COUNTY,131,48 Years,129,75,54,16,12,4,5,5,0,0,0,0,108,58,50
DUVAL COUNTY,131,49 Years,130,65,65,8,5,3,3,2,1,3,0,3,116,58,58
DUVAL COUNTY,131,50 Years,141,76,65,12,11,1,3,3,0,2,1,1,124,61,63
DUVAL COUNTY,131,51 Years,136,72,64,14,8,6,1,1,0,0,0,0,121,63,58
DUVAL COUNTY,131,52 Years,147,69,78,14,6,8,1,1,0,0,0,0,132,62,70
DUVAL COUNTY,131,53 Years,163,86,77,15,8,7,1,1,0,1,0,1,146,77,69
DUVAL COUNTY,131,54 Years,177,101,76,17,10,7,0,0,0,1,0,1,159,91,68
DUVAL COUNTY,131,55 Years,166,85,81,17,11,6,5,4,1,2,1,1,142,69,73
DUVAL COUNTY,131,56 Years,145,76,69,21,15,6,1,1,0,1,0,1,122,60,62
DUVAL COUNTY,131,57 Years,150,80,70,18,10,8,3,3,0,0,0,0,129,67,62
DUVAL COUNTY,131,58 Years,144,75,69,16,6,10,2,2,0,0,0,0,126,67,59
DUVAL COUNTY,131,59 Years,127,67,60,16,6,10,3,3,0,0,0,0,108,58,50
DUVAL COUNTY,131,60 Years,131,65,66,17,7,10,0,0,0,1,1,0,113,57,56
DUVAL COUNTY,131,61 Years,126,64,62,12,6,6,1,1,0,0,0,0,113,57,56
DUVAL COUNTY,131,62 Years,122,70,52,15,12,3,0,0,0,0,0,0,107,58,49
DUVAL COUNTY,131,63 Years,114,70,44,16,14,2,1,1,0,0,0,0,97,55,42
DUVAL COUNTY,131,64 Years,114,54,60,11,6,5,2,2,0,0,0,0,101,46,55
DUVAL COUNTY,131,65 Years,114,46,68,17,5,12,0,0,0,1,0,1,96,41,55
DUVAL COUNTY,131,66 Years,116,56,60,13,7,6,0,0,0,1,0,1,102,49,53
DUVAL COUNTY,131,67 Years,117,59,58,14,7,7,0,0,0,2,1,1,101,51,50
DUVAL COUNTY,131,68 Years,114,59,55,13,5,8,0,0,0,0,0,0,101,54,47
DUVAL COUNTY,131,69 Years,124,58,66,16,8,8,0,0,0,1,1,0,107,49,58
DUVAL COUNTY,131,70 Years,137,65,72,16,9,7,0,0,0,0,0,0,121,56,65
DUVAL COUNTY,131,71 Years,124,60,64,16,8,8,0,0,0,2,1,1,106,51,55
DUVAL COUNTY,131,72 Years,103,53,50,8,5,3,0,0,0,1,0,1,94,48,46
DUVAL COUNTY,131,73 Years,88,43,45,9,5,4,0,0,0,0,0,0,79,38,41
DUVAL COUNTY,131,74 Years,87,39,48,12,5,7,0,0,0,1,0,1,74,34,40
DUVAL COUNTY,131,75 Years,78,38,40,12,4,8,0,0,0,2,0,2,64,34,30
DUVAL COUNTY,131,76 Years,93,41,52,15,6,9,0,0,0,1,0,1,77,35,42
DUVAL COUNTY,131,77 Years,65,26,39,13,5,8,0,0,0,0,0,0,52,21,31
DUVAL COUNTY,131,78 Years,61,26,35,11,6,5,0,0,0,0,0,0,50,20,30
DUVAL COUNTY,131,79 Years,74,31,43,11,5,6,0,0,0,0,0,0,63,26,37
DUVAL COUNTY,131,80 Years,68,30,38,10,6,4,0,0,0,0,0,0,58,24,34
DUVAL COUNTY,131,81 Years,53,22,31,9,6,3,0,0,0,1,0,1,43,16,27
DUVAL COUNTY,131,82 Years,62,28,34,11,7,4,0,0,0,0,0,0,51,21,30
DUVAL COUNTY,131,83 Years,61,25,36,10,5,5,0,0,0,0,0,0,51,20,31
DUVAL COUNTY,131,84 Years,61,29,32,10,5,5,0,0,0,0,0,0,51,24,27
DUVAL COUNTY,131,85 Years +,249,89,160,33,12,21,0,0,0,0,0,0,216,77,139
EASTLAND COUNTY,133,All Ages,18419,9079,9340,14837,7193,7644,324,193,131,348,187,161,2910,1506,1404
EASTLAND COUNTY,133,< 1 Year,223,117,106,173,90,83,4,2,2,9,5,4,37,20,17
EASTLAND COUNTY,133,1 Years,230,126,104,183,100,83,2,1,1,7,5,2,38,20,18
EASTLAND COUNTY,133,2 Years,217,116,101,171,93,78,2,1,1,9,6,3,35,16,19
EASTLAND COUNTY,133,3 Years,213,113,100,164,87,77,2,1,1,7,5,2,40,20,20
EASTLAND COUNTY,133,4 Years,217,108,109,168,84,84,2,1,1,4,3,1,43,20,23
EASTLAND COUNTY,133,5 Years,244,129,115,181,96,85,2,2,0,3,1,2,58,30,28
EASTLAND COUNTY,133,6 Years,212,107,105,143,74,69,2,1,1,4,2,2,63,30,33
EASTLAND COUNTY,133,7 Years,222,111,111,146,72,74,3,2,1,5,2,3,68,35,33
EASTLAND COUNTY,133,8 Years,214,103,111,144,75,69,2,1,1,6,3,3,62,24,38
EASTLAND COUNTY,133,9 Years,242,112,130,167,79,88,1,1,0,5,4,1,69,28,41
EASTLAND COUNTY,133,10 Years,227,106,121,154,70,84,3,2,1,4,2,2,66,32,34
EASTLAND COUNTY,133,11 Years,230,110,120,155,74,81,3,1,2,5,2,3,67,33,34
EASTLAND COUNTY,133,12 Years,246,135,111,175,97,78,2,1,1,5,4,1,64,33,31
EASTLAND COUNTY,133,13 Years,229,123,106,166,90,76,2,1,1,4,1,3,57,31,26
EASTLAND COUNTY,133,14 Years,216,120,96,154,87,67,2,1,1,4,1,3,56,31,25
EASTLAND COUNTY,133,15 Years,220,119,101,160,91,69,2,1,1,3,1,2,55,26,29
EASTLAND COUNTY,133,16 Years,240,126,114,174,92,82,1,0,1,8,5,3,57,29,28
EASTLAND COUNTY,133,17 Years,213,103,110,151,72,79,2,1,1,3,1,2,57,29,28
EASTLAND COUNTY,133,18 Years,226,115,111,168,79,89,2,1,1,2,1,1,54,34,20
EASTLAND COUNTY,133,19 Years,222,110,112,167,77,90,1,0,1,2,1,1,52,32,20
EASTLAND COUNTY,133,20 Years,210,103,107,146,64,82,2,2,0,4,2,2,58,35,23
EASTLAND COUNTY,133,21 Years,215,107,108,151,73,78,3,2,1,4,3,1,57,29,28
EASTLAND COUNTY,133,22 Years,220,121,99,154,84,70,7,5,2,3,2,1,56,30,26
EASTLAND COUNTY,133,23 Years,287,141,146,189,86,103,22,9,13,3,2,1,73,44,29
EASTLAND COUNTY,133,24 Years,446,251,195,280,161,119,58,35,23,14,10,4,94,45,49
EASTLAND COUNTY,133,25 Years,357,201,156,230,129,101,38,25,13,12,8,4,77,39,38
EASTLAND COUNTY,133,26 Years,241,132,109,161,83,78,27,22,5,5,4,1,48,23,25
EASTLAND COUNTY,133,27 Years,183,95,88,126,61,65,15,11,4,2,1,1,40,22,18
EASTLAND COUNTY,133,28 Years,164,88,76,109,59,50,8,5,3,2,1,1,45,23,22
EASTLAND COUNTY,133,29 Years,165,79,86,120,56,64,3,2,1,1,1,0,41,20,21
EASTLAND COUNTY,133,30 Years,184,83,101,138,59,79,1,1,0,4,2,2,41,21,20
EASTLAND COUNTY,133,31 Years,150,76,74,116,59,57,1,1,0,2,1,1,31,15,16
EASTLAND COUNTY,133,32 Years,183,86,97,133,60,73,4,3,1,2,0,2,44,23,21
EASTLAND COUNTY,133,33 Years,181,93,88,145,72,73,2,1,1,1,0,1,33,20,13
EASTLAND COUNTY,133,34 Years,181,93,88,143,76,67,3,3,0,3,1,2,32,13,19
EASTLAND COUNTY,133,35 Years,190,89,101,150,68,82,3,3,0,3,1,2,34,17,17
EASTLAND COUNTY,133,36 Years,182,93,89,140,67,73,1,1,0,5,3,2,36,22,14
EASTLAND COUNTY,133,37 Years,159,77,82,123,61,62,2,1,1,3,1,2,31,14,17
EASTLAND COUNTY,133,38 Years,170,92,78,133,72,61,1,1,0,2,1,1,34,18,16
EASTLAND COUNTY,133,39 Years,185,95,90,155,76,79,1,1,0,1,0,1,28,18,10
EASTLAND COUNTY,133,40 Years,176,93,83,149,77,72,2,1,1,2,0,2,23,15,8
EASTLAND COUNTY,133,41 Years,158,85,73,131,70,61,1,1,0,4,2,2,22,12,10
EASTLAND COUNTY,133,42 Years,155,67,88,126,58,68,0,0,0,5,2,3,24,7,17
EASTLAND COUNTY,133,43 Years,177,89,88,151,76,75,0,0,0,3,2,1,23,11,12
EASTLAND COUNTY,133,44 Years,174,82,92,143,68,75,0,0,0,5,3,2,26,11,15
EASTLAND COUNTY,133,45 Years,183,93,90,146,75,71,0,0,0,2,2,0,35,16,19
EASTLAND COUNTY,133,46 Years,184,94,90,150,75,75,0,0,0,4,3,1,30,16,14
EASTLAND COUNTY,133,47 Years,175,81,94,147,68,79,2,0,2,5,2,3,21,11,10
EASTLAND COUNTY,133,48 Years,186,82,104,157,66,91,1,1,0,3,1,2,25,14,11
EASTLAND COUNTY,133,49 Years,197,97,100,166,79,87,1,1,0,3,2,1,27,15,12
EASTLAND COUNTY,133,50 Years,218,111,107,188,94,94,1,1,0,3,1,2,26,15,11
EASTLAND COUNTY,133,51 Years,237,113,124,197,94,103,3,2,1,7,3,4,30,14,16
EASTLAND COUNTY,133,52 Years,263,132,131,211,108,103,0,0,0,7,2,5,45,22,23
EASTLAND COUNTY,133,53 Years,282,140,142,245,120,125,4,3,1,5,3,2,28,14,14
EASTLAND COUNTY,133,54 Years,264,132,132,224,105,119,3,2,1,5,4,1,32,21,11
EASTLAND COUNTY,133,55 Years,272,129,143,229,104,125,3,1,2,5,4,1,35,20,15
EASTLAND COUNTY,133,56 Years,297,136,161,258,115,143,3,1,2,6,4,2,30,16,14
EASTLAND COUNTY,133,57 Years,293,144,149,253,123,130,4,1,3,7,4,3,29,16,13
EASTLAND COUNTY,133,58 Years,264,132,132,227,112,115,4,2,2,4,3,1,29,15,14
EASTLAND COUNTY,133,59 Years,255,127,128,224,109,115,3,1,2,3,1,2,25,16,9
EASTLAND COUNTY,133,60 Years,249,125,124,217,107,110,2,1,1,5,0,5,25,17,8
EASTLAND COUNTY,133,61 Years,223,115,108,199,100,99,2,2,0,4,1,3,18,12,6
EASTLAND COUNTY,133,62 Years,232,121,111,199,100,99,4,3,1,4,2,2,25,16,9
EASTLAND COUNTY,133,63 Years,263,129,134,233,113,120,2,1,1,5,3,2,23,12,11
EASTLAND COUNTY,133,64 Years,265,127,138,242,115,127,2,1,1,4,2,2,17,9,8
EASTLAND COUNTY,133,65 Years,256,119,137,238,109,129,4,2,2,2,1,1,12,7,5
EASTLAND COUNTY,133,66 Years,229,106,123,218,102,116,3,1,2,1,0,1,7,3,4
EASTLAND COUNTY,133,67 Years,273,124,149,247,111,136,1,0,1,5,2,3,20,11,9
EASTLAND COUNTY,133,68 Years,282,127,155,257,111,146,2,1,1,4,3,1,19,12,7
EASTLAND COUNTY,133,69 Years,225,103,122,204,92,112,0,0,0,5,3,2,16,8,8
EASTLAND COUNTY,133,70 Years,213,104,109,202,99,103,0,0,0,2,1,1,9,4,5
EASTLAND COUNTY,133,71 Years,206,107,99,192,100,92,2,1,1,2,2,0,10,4,6
EASTLAND COUNTY,133,72 Years,219,99,120,203,92,111,1,1,0,5,3,2,10,3,7
EASTLAND COUNTY,133,73 Years,195,89,106,180,84,96,0,0,0,5,2,3,10,3,7
EASTLAND COUNTY,133,74 Years,166,72,94,157,68,89,0,0,0,1,1,0,8,3,5
EASTLAND COUNTY,133,75 Years,169,80,89,156,74,82,4,2,2,3,2,1,6,2,4
EASTLAND COUNTY,133,76 Years,169,79,90,154,73,81,2,1,1,4,2,2,9,3,6
EASTLAND COUNTY,133,77 Years,147,70,77,137,65,72,1,0,1,3,2,1,6,3,3
EASTLAND COUNTY,133,78 Years,135,59,76,124,53,71,2,0,2,3,2,1,6,4,2
EASTLAND COUNTY,133,79 Years,125,55,70,115,50,65,0,0,0,2,1,1,8,4,4
EASTLAND COUNTY,133,80 Years,123,55,68,115,51,64,0,0,0,2,1,1,6,3,3
EASTLAND COUNTY,133,81 Years,108,50,58,99,46,53,3,1,2,1,1,0,5,2,3
EASTLAND COUNTY,133,82 Years,108,51,57,96,43,53,1,1,0,2,1,1,9,6,3
EASTLAND COUNTY,133,83 Years,101,43,58,92,39,53,2,0,2,2,0,2,5,4,1
EASTLAND COUNTY,133,84 Years,88,38,50,80,37,43,1,0,1,1,0,1,6,1,5
EASTLAND COUNTY,133,85 Years +,484,169,315,453,158,295,4,0,4,8,2,6,19,9,10
ECTOR COUNTY,135,All Ages,159095,79072,80023,58107,28621,29486,6358,3127,3231,4023,2080,1943,90607,45244,45363
ECTOR COUNTY,135,< 1 Year,3023,1567,1456,714,370,344,105,56,49,140,72,68,2064,1069,995
ECTOR COUNTY,135,1 Years,3001,1554,1447,707,367,340,104,61,43,142,75,67,2048,1051,997
ECTOR COUNTY,135,2 Years,2915,1519,1396,696,365,331,105,63,42,133,79,54,1981,1012,969
ECTOR COUNTY,135,3 Years,2675,1379,1296,652,343,309,102,55,47,102,59,43,1819,922,897
ECTOR COUNTY,135,4 Years,2522,1298,1224,616,322,294,106,53,53,99,55,44,1701,868,833
ECTOR COUNTY,135,5 Years,2453,1272,1181,575,315,260,108,51,57,79,43,36,1691,863,828
ECTOR COUNTY,135,6 Years,2628,1322,1306,685,358,327,98,48,50,67,34,33,1778,882,896
ECTOR COUNTY,135,7 Years,2615,1322,1293,673,357,316,117,58,59,71,36,35,1754,871,883
ECTOR COUNTY,135,8 Years,2575,1315,1260,658,327,331,104,49,55,68,35,33,1745,904,841
ECTOR COUNTY,135,9 Years,2424,1247,1177,595,295,300,92,50,42,65,33,32,1672,869,803
ECTOR COUNTY,135,10 Years,2448,1261,1187,580,299,281,93,48,45,73,37,36,1702,877,825
ECTOR COUNTY,135,11 Years,2497,1288,1209,626,322,304,91,49,42,67,38,29,1713,879,834
ECTOR COUNTY,135,12 Years,2530,1280,1250,603,299,304,102,51,51,63,32,31,1762,898,864
ECTOR COUNTY,135,13 Years,2448,1252,1196,592,323,269,99,45,54,54,21,33,1703,863,840
ECTOR COUNTY,135,14 Years,2385,1240,1145,580,307,273,85,42,43,63,33,30,1657,858,799
ECTOR COUNTY,135,15 Years,2380,1239,1141,573,302,271,106,57,49,71,38,33,1630,842,788
ECTOR COUNTY,135,16 Years,2360,1248,1112,595,330,265,103,57,46,67,39,28,1595,822,773
ECTOR COUNTY,135,17 Years,2330,1215,1115,636,334,302,97,49,48,68,40,28,1529,792,737
ECTOR COUNTY,135,18 Years,2201,1145,1056,589,305,284,78,45,33,57,33,24,1477,762,715
ECTOR COUNTY,135,19 Years,2024,1037,987,535,260,275,83,42,41,40,23,17,1366,712,654
ECTOR COUNTY,135,20 Years,1966,987,979,480,240,240,77,38,39,51,29,22,1358,680,678
ECTOR COUNTY,135,21 Years,2062,1033,1029,528,274,254,83,46,37,36,19,17,1415,694,721
ECTOR COUNTY,135,22 Years,2253,1103,1150,603,304,299,106,52,54,41,26,15,1503,721,782
ECTOR COUNTY,135,23 Years,2460,1208,1252,732,367,365,105,45,60,57,34,23,1566,762,804
ECTOR COUNTY,135,24 Years,2617,1266,1351,862,404,458,109,52,57,56,31,25,1590,779,811
ECTOR COUNTY,135,25 Years,2666,1312,1354,881,408,473,115,54,61,52,27,25,1618,823,795
ECTOR COUNTY,135,26 Years,2649,1335,1314,852,444,408,116,53,63,51,25,26,1630,813,817
ECTOR COUNTY,135,27 Years,2481,1230,1251,844,431,413,112,48,64,46,21,25,1479,730,749
ECTOR COUNTY,135,28 Years,2499,1253,1246,837,433,404,112,59,53,54,26,28,1496,735,761
ECTOR COUNTY,135,29 Years,2443,1244,1199,828,421,407,101,50,51,56,27,29,1458,746,712
ECTOR COUNTY,135,30 Years,2337,1160,1177,812,403,409,94,47,47,50,22,28,1381,688,693
ECTOR COUNTY,135,31 Years,2262,1152,1110,756,389,367,83,46,37,46,21,25,1377,696,681
ECTOR COUNTY,135,32 Years,2413,1252,1161,814,417,397,85,42,43,51,28,23,1463,765,698
ECTOR COUNTY,135,33 Years,2325,1202,1123,771,385,386,81,46,35,62,32,30,1411,739,672
ECTOR COUNTY,135,34 Years,2238,1152,1086,766,383,383,82,46,36,59,32,27,1331,691,640
ECTOR COUNTY,135,35 Years,2189,1127,1062,779,387,392,74,41,33,57,30,27,1279,669,610
ECTOR COUNTY,135,36 Years,2012,1013,999,705,371,334,79,40,39,52,21,31,1176,581,595
ECTOR COUNTY,135,37 Years,1925,961,964,674,359,315,79,37,42,54,22,32,1118,543,575
ECTOR COUNTY,135,38 Years,1924,956,968,642,332,310,67,33,34,47,22,25,1168,569,599
ECTOR COUNTY,135,39 Years,1915,974,941,609,324,285,64,34,30,49,25,24,1193,591,602
ECTOR COUNTY,135,40 Years,1884,952,932,619,320,299,71,40,31,39,21,18,1155,571,584
ECTOR COUNTY,135,41 Years,1786,853,933,601,300,301,67,35,32,38,20,18,1080,498,582
ECTOR COUNTY,135,42 Years,1775,865,910,633,312,321,58,31,27,44,23,21,1040,499,541
ECTOR COUNTY,135,43 Years,1873,907,966,646,313,333,72,34,38,56,29,27,1099,531,568
ECTOR COUNTY,135,44 Years,1929,971,958,697,339,358,72,41,31,60,28,32,1100,563,537
ECTOR COUNTY,135,45 Years,1825,928,897,681,351,330,66,35,31,44,24,20,1034,518,516
ECTOR COUNTY,135,46 Years,1746,848,898,677,328,349,61,28,33,32,19,13,976,473,503
ECTOR COUNTY,135,47 Years,1742,857,885,647,313,334,65,32,33,38,23,15,992,489,503
ECTOR COUNTY,135,48 Years,1691,841,850,620,300,320,69,29,40,33,21,12,969,491,478
ECTOR COUNTY,135,49 Years,1734,857,877,686,334,352,65,35,30,33,22,11,950,466,484
ECTOR COUNTY,135,50 Years,1846,921,925,753,385,368,81,45,36,35,19,16,977,472,505
ECTOR COUNTY,135,51 Years,1864,897,967,814,396,418,92,43,49,35,17,18,923,441,482
ECTOR COUNTY,135,52 Years,1945,940,1005,913,426,487,75,36,39,42,23,19,915,455,460
ECTOR COUNTY,135,53 Years,1954,970,984,900,442,458,79,38,41,42,24,18,933,466,467
ECTOR COUNTY,135,54 Years,1995,981,1014,940,455,485,97,47,50,43,19,24,915,460,455
ECTOR COUNTY,135,55 Years,1977,973,1004,927,459,468,93,49,44,43,20,23,914,445,469
ECTOR COUNTY,135,56 Years,1962,946,1016,995,496,499,88,40,48,42,19,23,837,391,446
ECTOR COUNTY,135,57 Years,1927,932,995,971,477,494,79,37,42,52,21,31,825,397,428
ECTOR COUNTY,135,58 Years,1923,947,976,975,483,492,89,46,43,62,27,35,797,391,406
ECTOR COUNTY,135,59 Years,1904,928,976,999,491,508,83,44,39,46,22,24,776,371,405
ECTOR COUNTY,135,60 Years,1787,878,909,951,468,483,75,35,40,39,20,19,722,355,367
ECTOR COUNTY,135,61 Years,1675,820,855,903,455,448,74,33,41,45,26,19,653,306,347
ECTOR COUNTY,135,62 Years,1629,825,804,881,455,426,62,30,32,37,20,17,649,320,329
ECTOR COUNTY,135,63 Years,1535,755,780,852,411,441,55,26,29,34,19,15,594,299,295
ECTOR COUNTY,135,64 Years,1395,678,717,752,354,398,56,28,28,29,14,15,558,282,276
ECTOR COUNTY,135,65 Years,1403,702,701,763,395,368,56,28,28,31,15,16,553,264,289
ECTOR COUNTY,135,66 Years,1279,634,645,719,369,350,54,24,30,25,11,14,481,230,251
ECTOR COUNTY,135,67 Years,1207,575,632,700,334,366,44,20,24,22,11,11,441,210,231
ECTOR COUNTY,135,68 Years,1172,565,607,699,336,363,36,18,18,23,11,12,414,200,214
ECTOR COUNTY,135,69 Years,1007,479,528,554,269,285,37,17,20,21,12,9,395,181,214
ECTOR COUNTY,135,70 Years,928,455,473,519,254,265,37,16,21,18,7,11,354,178,176
ECTOR COUNTY,135,71 Years,927,450,477,547,263,284,39,15,24,22,13,9,319,159,160
ECTOR COUNTY,135,72 Years,862,368,494,503,217,286,33,13,20,25,9,16,301,129,172
ECTOR COUNTY,135,73 Years,783,333,450,485,214,271,30,12,18,15,8,7,253,99,154
ECTOR COUNTY,135,74 Years,747,324,423,449,194,255,27,11,16,14,8,6,257,111,146
ECTOR COUNTY,135,75 Years,665,300,365,385,171,214,32,12,20,16,7,9,232,110,122
ECTOR COUNTY,135,76 Years,651,295,356,415,183,232,27,10,17,13,7,6,196,95,101
ECTOR COUNTY,135,77 Years,652,294,358,424,183,241,22,9,13,12,8,4,194,94,100
ECTOR COUNTY,135,78 Years,603,290,313,376,169,207,22,9,13,16,10,6,189,102,87
ECTOR COUNTY,135,79 Years,559,239,320,364,153,211,23,8,15,12,5,7,160,73,87
ECTOR COUNTY,135,80 Years,543,213,330,366,140,226,22,9,13,12,6,6,143,58,85
ECTOR COUNTY,135,81 Years,492,190,302,334,127,207,17,5,12,9,2,7,132,56,76
ECTOR COUNTY,135,82 Years,447,174,273,316,126,190,16,5,11,6,1,5,109,42,67
ECTOR COUNTY,135,83 Years,406,169,237,278,114,164,15,5,10,9,4,5,104,46,58
ECTOR COUNTY,135,84 Years,382,145,237,268,101,167,12,5,7,8,2,6,94,37,57
ECTOR COUNTY,135,85 Years +,2007,688,1319,1355,470,885,111,21,90,35,8,27,506,189,317
EDWARDS COUNTY,137,All Ages,1897,963,934,858,421,437,9,8,1,18,6,12,1012,528,484
EDWARDS COUNTY,137,< 1 Year,24,11,13,6,2,4,0,0,0,0,0,0,18,9,9
EDWARDS COUNTY,137,1 Years,24,12,12,5,2,3,0,0,0,0,0,0,19,10,9
EDWARDS COUNTY,137,2 Years,23,12,11,5,2,3,0,0,0,0,0,0,18,10,8
EDWARDS COUNTY,137,3 Years,24,13,11,8,4,4,0,0,0,0,0,0,16,9,7
EDWARDS COUNTY,137,4 Years,25,14,11,9,4,5,0,0,0,0,0,0,16,10,6
EDWARDS COUNTY,137,5 Years,25,11,14,8,5,3,0,0,0,0,0,0,17,6,11
EDWARDS COUNTY,137,6 Years,23,10,13,6,2,4,0,0,0,0,0,0,17,8,9
EDWARDS COUNTY,137,7 Years,16,7,9,6,3,3,0,0,0,0,0,0,10,4,6
EDWARDS COUNTY,137,8 Years,18,12,6,6,4,2,0,0,0,0,0,0,12,8,4
EDWARDS COUNTY,137,9 Years,26,15,11,9,4,5,0,0,0,1,1,0,16,10,6
EDWARDS COUNTY,137,10 Years,26,15,11,8,5,3,0,0,0,0,0,0,18,10,8
EDWARDS COUNTY,137,11 Years,23,14,9,8,4,4,1,1,0,0,0,0,14,9,5
EDWARDS COUNTY,137,12 Years,25,12,13,11,4,7,1,0,1,0,0,0,13,8,5
EDWARDS COUNTY,137,13 Years,27,19,8,13,9,4,0,0,0,0,0,0,14,10,4
EDWARDS COUNTY,137,14 Years,22,16,6,7,4,3,0,0,0,0,0,0,15,12,3
EDWARDS COUNTY,137,15 Years,16,7,9,3,1,2,0,0,0,0,0,0,13,6,7
EDWARDS COUNTY,137,16 Years,16,8,8,2,0,2,0,0,0,0,0,0,14,8,6
EDWARDS COUNTY,137,17 Years,15,7,8,0,0,0,0,0,0,0,0,0,15,7,8
EDWARDS COUNTY,137,18 Years,15,8,7,2,0,2,0,0,0,1,0,1,12,8,4
EDWARDS COUNTY,137,19 Years,24,13,11,4,3,1,0,0,0,1,0,1,19,10,9
EDWARDS COUNTY,137,20 Years,20,11,9,4,3,1,0,0,0,0,0,0,16,8,8
EDWARDS COUNTY,137,21 Years,18,10,8,5,4,1,0,0,0,0,0,0,13,6,7
EDWARDS COUNTY,137,22 Years,24,13,11,7,4,3,2,2,0,0,0,0,15,7,8
EDWARDS COUNTY,137,23 Years,27,15,12,7,5,2,1,1,0,0,0,0,19,9,10
EDWARDS COUNTY,137,24 Years,21,11,10,3,2,1,0,0,0,1,1,0,17,8,9
EDWARDS COUNTY,137,25 Years,20,10,10,3,1,2,0,0,0,0,0,0,17,9,8
EDWARDS COUNTY,137,26 Years,15,9,6,3,1,2,0,0,0,0,0,0,12,8,4
EDWARDS COUNTY,137,27 Years,10,5,5,1,0,1,0,0,0,0,0,0,9,5,4
EDWARDS COUNTY,137,28 Years,15,7,8,1,0,1,0,0,0,0,0,0,14,7,7
EDWARDS COUNTY,137,29 Years,24,12,12,6,2,4,0,0,0,0,0,0,18,10,8
EDWARDS COUNTY,137,30 Years,17,7,10,6,2,4,1,1,0,0,0,0,10,4,6
EDWARDS COUNTY,137,31 Years,17,7,10,6,2,4,0,0,0,1,0,1,10,5,5
EDWARDS COUNTY,137,32 Years,17,11,6,5,4,1,0,0,0,1,0,1,11,7,4
EDWARDS COUNTY,137,33 Years,15,9,6,5,3,2,0,0,0,0,0,0,10,6,4
EDWARDS COUNTY,137,34 Years,14,5,9,5,2,3,0,0,0,0,0,0,9,3,6
EDWARDS COUNTY,137,35 Years,19,9,10,5,1,4,0,0,0,0,0,0,14,8,6
EDWARDS COUNTY,137,36 Years,17,7,10,5,3,2,0,0,0,0,0,0,12,4,8
EDWARDS COUNTY,137,37 Years,16,8,8,7,5,2,0,0,0,0,0,0,9,3,6
EDWARDS COUNTY,137,38 Years,12,7,5,7,4,3,0,0,0,0,0,0,5,3,2
EDWARDS COUNTY,137,39 Years,12,5,7,7,2,5,0,0,0,0,0,0,5,3,2
EDWARDS COUNTY,137,40 Years,10,3,7,4,1,3,0,0,0,0,0,0,6,2,4
EDWARDS COUNTY,137,41 Years,15,7,8,4,3,1,0,0,0,0,0,0,11,4,7
EDWARDS COUNTY,137,42 Years,18,6,12,7,2,5,0,0,0,0,0,0,11,4,7
EDWARDS COUNTY,137,43 Years,21,7,14,9,4,5,0,0,0,0,0,0,12,3,9
EDWARDS COUNTY,137,44 Years,19,11,8,7,3,4,0,0,0,1,1,0,11,7,4
EDWARDS COUNTY,137,45 Years,21,10,11,9,2,7,0,0,0,0,0,0,12,8,4
EDWARDS COUNTY,137,46 Years,21,11,10,12,5,7,0,0,0,0,0,0,9,6,3
EDWARDS COUNTY,137,47 Years,19,8,11,10,4,6,0,0,0,1,1,0,8,3,5
EDWARDS COUNTY,137,48 Years,15,4,11,5,2,3,0,0,0,0,0,0,10,2,8
EDWARDS COUNTY,137,49 Years,18,9,9,7,3,4,0,0,0,1,1,0,10,5,5
EDWARDS COUNTY,137,50 Years,23,9,14,12,2,10,0,0,0,0,0,0,11,7,4
EDWARDS COUNTY,137,51 Years,34,19,15,13,7,6,0,0,0,1,0,1,20,12,8
EDWARDS COUNTY,137,52 Years,31,13,18,10,4,6,0,0,0,1,0,1,20,9,11
EDWARDS COUNTY,137,53 Years,27,11,16,10,5,5,0,0,0,0,0,0,17,6,11
EDWARDS COUNTY,137,54 Years,22,11,11,8,3,5,0,0,0,0,0,0,14,8,6
EDWARDS COUNTY,137,55 Years,27,14,13,13,7,6,0,0,0,1,0,1,13,7,6
EDWARDS COUNTY,137,56 Years,24,14,10,12,8,4,0,0,0,1,0,1,11,6,5
EDWARDS COUNTY,137,57 Years,26,14,12,12,5,7,0,0,0,1,0,1,13,9,4
EDWARDS COUNTY,137,58 Years,28,11,17,15,5,10,0,0,0,0,0,0,13,6,7
EDWARDS COUNTY,137,59 Years,27,12,15,17,6,11,1,1,0,0,0,0,9,5,4
EDWARDS COUNTY,137,60 Years,28,14,14,13,7,6,0,0,0,0,0,0,15,7,8
EDWARDS COUNTY,137,61 Years,30,14,16,18,8,10,0,0,0,1,0,1,11,6,5
EDWARDS COUNTY,137,62 Years,37,20,17,25,11,14,0,0,0,1,0,1,11,9,2
EDWARDS COUNTY,137,63 Years,33,16,17,22,10,12,0,0,0,0,0,0,11,6,5
EDWARDS COUNTY,137,64 Years,36,20,16,25,15,10,0,0,0,1,0,1,10,5,5
EDWARDS COUNTY,137,65 Years,29,13,16,17,8,9,0,0,0,0,0,0,12,5,7
EDWARDS COUNTY,137,66 Years,22,10,12,12,5,7,0,0,0,0,0,0,10,5,5
EDWARDS COUNTY,137,67 Years,35,25,10,23,18,5,0,0,0,0,0,0,12,7,5
EDWARDS COUNTY,137,68 Years,33,20,13,20,13,7,0,0,0,1,1,0,12,6,6
EDWARDS COUNTY,137,69 Years,25,14,11,15,9,6,0,0,0,0,0,0,10,5,5
EDWARDS COUNTY,137,70 Years,30,15,15,20,12,8,0,0,0,0,0,0,10,3,7
EDWARDS COUNTY,137,71 Years,33,17,16,24,13,11,0,0,0,0,0,0,9,4,5
EDWARDS COUNTY,137,72 Years,26,15,11,18,11,7,0,0,0,0,0,0,8,4,4
EDWARDS COUNTY,137,73 Years,31,18,13,23,13,10,0,0,0,0,0,0,8,5,3
EDWARDS COUNTY,137,74 Years,26,11,15,19,8,11,0,0,0,0,0,0,7,3,4
EDWARDS COUNTY,137,75 Years,20,10,10,15,8,7,0,0,0,0,0,0,5,2,3
EDWARDS COUNTY,137,76 Years,23,14,9,17,10,7,0,0,0,0,0,0,6,4,2
EDWARDS COUNTY,137,77 Years,17,9,8,12,5,7,0,0,0,0,0,0,5,4,1
EDWARDS COUNTY,137,78 Years,15,8,7,7,4,3,0,0,0,0,0,0,8,4,4
EDWARDS COUNTY,137,79 Years,14,7,7,9,4,5,1,1,0,0,0,0,4,2,2
EDWARDS COUNTY,137,80 Years,15,7,8,12,5,7,0,0,0,0,0,0,3,2,1
EDWARDS COUNTY,137,81 Years,12,7,5,8,4,4,0,0,0,0,0,0,4,3,1
EDWARDS COUNTY,137,82 Years,16,5,11,11,4,7,0,0,0,0,0,0,5,1,4
EDWARDS COUNTY,137,83 Years,15,6,9,11,4,7,0,0,0,0,0,0,4,2,2
EDWARDS COUNTY,137,84 Years,13,6,7,9,4,5,0,0,0,0,0,0,4,2,2
EDWARDS COUNTY,137,85 Years +,50,24,26,33,15,18,1,1,0,0,0,0,16,8,8
ELLIS COUNTY,139,All Ages,162687,80045,82642,100747,48962,51785,14761,7142,7619,4258,2033,2225,42921,21908,21013
ELLIS COUNTY,139,< 1 Year,2081,1074,1007,1120,561,559,176,95,81,62,36,26,723,382,341
ELLIS COUNTY,139,1 Years,2072,1052,1020,1122,564,558,173,89,84,63,32,31,714,367,347
ELLIS COUNTY,139,2 Years,1998,1018,980,1074,555,519,164,82,82,68,34,34,692,347,345
ELLIS COUNTY,139,3 Years,1949,1006,943,1053,549,504,153,77,76,69,35,34,674,345,329
ELLIS COUNTY,139,4 Years,1989,1064,925,1050,565,485,163,86,77,81,47,34,695,366,329
ELLIS COUNTY,139,5 Years,2117,1112,1005,1122,588,534,178,90,88,77,39,38,740,395,345
ELLIS COUNTY,139,6 Years,2067,1085,982,1057,554,503,190,95,95,88,49,39,732,387,345
ELLIS COUNTY,139,7 Years,2192,1148,1044,1112,579,533,203,101,102,101,55,46,776,413,363
ELLIS COUNTY,139,8 Years,2303,1198,1105,1167,608,559,209,112,97,100,48,52,827,430,397
ELLIS COUNTY,139,9 Years,2401,1222,1179,1211,598,613,235,121,114,96,38,58,859,465,394
ELLIS COUNTY,139,10 Years,2455,1248,1207,1253,626,627,220,111,109,97,40,57,885,471,414
ELLIS COUNTY,139,11 Years,2523,1286,1237,1279,654,625,219,109,110,90,38,52,935,485,450
ELLIS COUNTY,139,12 Years,2702,1398,1304,1370,717,653,248,117,131,98,47,51,986,517,469
ELLIS COUNTY,139,13 Years,2822,1471,1351,1454,769,685,276,131,145,92,48,44,1000,523,477
ELLIS COUNTY,139,14 Years,2828,1465,1363,1458,749,709,293,152,141,93,51,42,984,513,471
ELLIS COUNTY,139,15 Years,2884,1509,1375,1486,766,720,293,151,142,99,48,51,1006,544,462
ELLIS COUNTY,139,16 Years,2892,1507,1385,1524,790,734,304,158,146,108,60,48,956,499,457
ELLIS COUNTY,139,17 Years,2882,1503,1379,1514,785,729,290,154,136,110,63,47,968,501,467
ELLIS COUNTY,139,18 Years,2787,1443,1344,1463,753,710,286,151,135,101,53,48,937,486,451
ELLIS COUNTY,139,19 Years,2606,1353,1253,1338,693,645,294,159,135,90,45,45,884,456,428
ELLIS COUNTY,139,20 Years,2450,1245,1205,1250,634,616,267,145,122,79,41,38,854,425,429
ELLIS COUNTY,139,21 Years,2378,1210,1168,1215,611,604,251,140,111,75,36,39,837,423,414
ELLIS COUNTY,139,22 Years,2322,1165,1157,1179,586,593,261,129,132,78,40,38,804,410,394
ELLIS COUNTY,139,23 Years,2201,1103,1098,1142,562,580,252,129,123,71,37,34,736,375,361
ELLIS COUNTY,139,24 Years,2101,1037,1064,1112,552,560,227,116,111,59,28,31,703,341,362
ELLIS COUNTY,139,25 Years,1991,1007,984,1042,514,528,201,103,98,54,31,23,694,359,335
ELLIS COUNTY,139,26 Years,1877,987,890,1015,504,511,164,89,75,52,31,21,646,363,283
ELLIS COUNTY,139,27 Years,1736,916,820,979,485,494,151,91,60,48,25,23,558,315,243
ELLIS COUNTY,139,28 Years,1709,854,855,973,469,504,160,76,84,34,13,21,542,296,246
ELLIS COUNTY,139,29 Years,1744,867,877,1041,495,546,128,65,63,25,12,13,550,295,255
ELLIS COUNTY,139,30 Years,1757,832,925,1031,461,570,132,70,62,27,13,14,567,288,279
ELLIS COUNTY,139,31 Years,1808,846,962,1046,470,576,116,60,56,36,14,22,610,302,308
ELLIS COUNTY,139,32 Years,1875,890,985,1096,504,592,109,50,59,42,19,23,628,317,311
ELLIS COUNTY,139,33 Years,1974,897,1077,1152,515,637,129,53,76,39,19,20,654,310,344
ELLIS COUNTY,139,34 Years,2067,968,1099,1212,566,646,145,68,77,45,20,25,665,314,351
ELLIS COUNTY,139,35 Years,2068,1005,1063,1222,595,627,166,73,93,40,22,18,640,315,325
ELLIS COUNTY,139,36 Years,2075,995,1080,1236,575,661,181,81,100,41,17,24,617,322,295
ELLIS COUNTY,139,37 Years,2115,1012,1103,1256,594,662,183,86,97,40,14,26,636,318,318
ELLIS COUNTY,139,38 Years,2179,1018,1161,1292,616,676,190,87,103,40,20,20,657,295,362
ELLIS COUNTY,139,39 Years,2229,1054,1175,1317,646,671,191,83,108,51,21,30,670,304,366
ELLIS COUNTY,139,40 Years,2238,1051,1187,1344,639,705,194,82,112,51,19,32,649,311,338
ELLIS COUNTY,139,41 Years,2194,1002,1192,1305,596,709,222,93,129,50,25,25,617,288,329
ELLIS COUNTY,139,42 Years,2235,1070,1165,1353,650,703,233,101,132,55,24,31,594,295,299
ELLIS COUNTY,139,43 Years,2343,1131,1212,1467,724,743,233,98,135,51,23,28,592,286,306
ELLIS COUNTY,139,44 Years,2510,1254,1256,1596,812,784,247,111,136,56,26,30,611,305,306
ELLIS COUNTY,139,45 Years,2431,1184,1247,1554,763,791,230,106,124,58,26,32,589,289,300
ELLIS COUNTY,139,46 Years,2241,1102,1139,1425,698,727,220,113,107,59,28,31,537,263,274
ELLIS COUNTY,139,47 Years,2178,1083,1095,1339,672,667,214,106,108,65,29,36,560,276,284
ELLIS COUNTY,139,48 Years,2189,1071,1118,1373,680,693,213,97,116,54,23,31,549,271,278
ELLIS COUNTY,139,49 Years,2194,1069,1125,1389,679,710,242,105,137,47,18,29,516,267,249
ELLIS COUNTY,139,50 Years,2232,1110,1122,1474,736,738,232,113,119,51,19,32,475,242,233
ELLIS COUNTY,139,51 Years,2261,1127,1134,1582,786,796,212,108,104,56,26,30,411,207,204
ELLIS COUNTY,139,52 Years,2279,1127,1152,1595,788,807,213,102,111,54,25,29,417,212,205
ELLIS COUNTY,139,53 Years,2343,1121,1222,1660,783,877,206,86,120,44,22,22,433,230,203
ELLIS COUNTY,139,54 Years,2316,1104,1212,1692,795,897,199,92,107,45,19,26,380,198,182
ELLIS COUNTY,139,55 Years,2322,1111,1211,1722,816,906,194,89,105,47,18,29,359,188,171
ELLIS COUNTY,139,56 Years,2154,1041,1113,1593,752,841,199,91,108,43,16,27,319,182,137
ELLIS COUNTY,139,57 Years,2188,1062,1126,1621,779,842,198,95,103,48,20,28,321,168,153
ELLIS COUNTY,139,58 Years,2123,1051,1072,1577,771,806,191,99,92,47,24,23,308,157,151
ELLIS COUNTY,139,59 Years,2072,1062,1010,1549,795,754,192,95,97,37,19,18,294,153,141
ELLIS COUNTY,139,60 Years,1988,999,989,1477,739,738,199,98,101,32,15,17,280,147,133
ELLIS COUNTY,139,61 Years,1884,924,960,1428,699,729,180,85,95,37,19,18,239,121,118
ELLIS COUNTY,139,62 Years,1735,836,899,1309,623,686,164,77,87,38,17,21,224,119,105
ELLIS COUNTY,139,63 Years,1644,792,852,1242,598,644,157,74,83,36,13,23,209,107,102
ELLIS COUNTY,139,64 Years,1611,760,851,1217,580,637,149,63,86,32,13,19,213,104,109
ELLIS COUNTY,139,65 Years,1551,751,800,1154,563,591,155,68,87,33,14,19,209,106,103
ELLIS COUNTY,139,66 Years,1493,711,782,1154,553,601,136,68,68,22,9,13,181,81,100
ELLIS COUNTY,139,67 Years,1497,708,789,1179,565,614,117,54,63,26,8,18,175,81,94
ELLIS COUNTY,139,68 Years,1463,691,772,1166,548,618,107,49,58,27,10,17,163,84,79
ELLIS COUNTY,139,69 Years,1170,554,616,910,427,483,102,47,55,22,9,13,136,71,65
ELLIS COUNTY,139,70 Years,1094,526,568,848,412,436,98,44,54,19,6,13,129,64,65
ELLIS COUNTY,139,71 Years,1069,519,550,852,411,441,83,42,41,20,9,11,114,57,57
ELLIS COUNTY,139,72 Years,1002,479,523,801,384,417,75,37,38,20,11,9,106,47,59
ELLIS COUNTY,139,73 Years,896,424,472,736,350,386,60,30,30,12,6,6,88,38,50
ELLIS COUNTY,139,74 Years,817,393,424,673,327,346,53,23,30,10,5,5,81,38,43
ELLIS COUNTY,139,75 Years,768,347,421,637,292,345,43,13,30,12,4,8,76,38,38
ELLIS COUNTY,139,76 Years,699,321,378,587,273,314,40,16,24,8,3,5,64,29,35
ELLIS COUNTY,139,77 Years,639,292,347,527,239,288,43,19,24,8,5,3,61,29,32
ELLIS COUNTY,139,78 Years,568,251,317,463,206,257,39,15,24,10,5,5,56,25,31
ELLIS COUNTY,139,79 Years,530,232,298,438,189,249,32,15,17,10,7,3,50,21,29
ELLIS COUNTY,139,80 Years,508,217,291,415,176,239,37,16,21,4,3,1,52,22,30
ELLIS COUNTY,139,81 Years,450,184,266,371,149,222,35,15,20,7,2,5,37,18,19
ELLIS COUNTY,139,82 Years,398,146,252,331,122,209,27,10,17,8,1,7,32,13,19
ELLIS COUNTY,139,83 Years,383,147,236,326,124,202,22,6,16,5,1,4,30,16,14
ELLIS COUNTY,139,84 Years,378,150,228,323,125,198,24,6,18,3,2,1,28,17,11
ELLIS COUNTY,139,85 Years +,2203,688,1515,1938,597,1341,129,35,94,20,8,12,116,48,68
EL PASO COUNTY,141,All Ages,837353,407939,429414,97439,51929,45510,21137,12136,9001,20243,9849,10394,698534,334025,364509
EL PASO COUNTY,141,< 1 Year,13498,6857,6641,1449,754,695,411,206,205,553,288,265,11085,5609,5476
EL PASO COUNTY,141,1 Years,13538,6888,6650,1435,740,695,392,197,195,541,282,259,11170,5669,5501
EL PASO COUNTY,141,2 Years,13697,6986,6711,1499,772,727,378,190,188,528,282,246,11292,5742,5550
EL PASO COUNTY,141,3 Years,13783,7014,6769,1503,776,727,364,172,192,491,257,234,11425,5809,5616
EL PASO COUNTY,141,4 Years,13787,7050,6737,1461,754,707,351,169,182,489,256,233,11486,5871,5615
EL PASO COUNTY,141,5 Years,12504,6367,6137,1192,614,578,295,162,133,403,197,206,10614,5394,5220
EL PASO COUNTY,141,6 Years,12108,6133,5975,1148,598,550,272,144,128,383,190,193,10305,5201,5104
EL PASO COUNTY,141,7 Years,12282,6196,6086,1142,576,566,298,170,128,389,196,193,10453,5254,5199
EL PASO COUNTY,141,8 Years,12318,6322,5996,1073,562,511,288,164,124,347,178,169,10610,5418,5192
EL PASO COUNTY,141,9 Years,12470,6391,6079,992,508,484,285,149,136,334,164,170,10859,5570,5289
EL PASO COUNTY,141,10 Years,12688,6433,6255,984,497,487,289,148,141,305,150,155,11110,5638,5472
EL PASO COUNTY,141,11 Years,12881,6537,6344,919,456,463,270,128,142,289,145,144,11403,5808,5595
EL PASO COUNTY,141,12 Years,13246,6797,6449,912,453,459,262,121,141,291,140,151,11781,6083,5698
EL PASO COUNTY,141,13 Years,13279,6775,6504,856,412,444,261,123,138,272,137,135,11890,6103,5787
EL PASO COUNTY,141,14 Years,13877,7156,6721,888,467,421,295,143,152,264,132,132,12430,6414,6016
EL PASO COUNTY,141,15 Years,13828,7148,6680,870,446,424,310,159,151,257,127,130,12391,6416,5975
EL PASO COUNTY,141,16 Years,13924,7177,6747,875,440,435,316,157,159,261,129,132,12472,6451,6021
EL PASO COUNTY,141,17 Years,13877,7163,6714,858,465,393,315,173,142,229,107,122,12475,6418,6057
EL PASO COUNTY,141,18 Years,13737,7137,6600,835,459,376,302,164,138,247,116,131,12353,6398,5955
EL PASO COUNTY,141,19 Years,13792,7350,6442,998,610,388,311,181,130,238,120,118,12245,6439,5806
EL PASO COUNTY,141,20 Years,14032,7469,6563,1147,688,459,350,217,133,246,120,126,12289,6444,5845
EL PASO COUNTY,141,21 Years,14190,7491,6699,1176,706,470,353,214,139,263,136,127,12398,6435,5963
EL PASO COUNTY,141,22 Years,14469,7597,6872,1245,707,538,363,220,143,258,140,118,12603,6530,6073
EL PASO COUNTY,141,23 Years,14668,7659,7009,1392,761,631,357,222,135,268,157,111,12651,6519,6132
EL PASO COUNTY,141,24 Years,15070,7823,7247,1695,932,763,364,229,135,321,185,136,12690,6477,6213
EL PASO COUNTY,141,25 Years,14548,7566,6982,1820,1046,774,355,218,137,327,188,139,12046,6114,5932
EL PASO COUNTY,141,26 Years,13435,7080,6355,1777,1109,668,395,245,150,329,175,154,10934,5551,5383
EL PASO COUNTY,141,27 Years,12696,6661,6035,1638,1004,634,417,276,141,316,174,142,10325,5207,5118
EL PASO COUNTY,141,28 Years,12167,6306,5861,1495,937,558,379,255,124,347,190,157,9946,4924,5022
EL PASO COUNTY,141,29 Years,11749,5986,5763,1462,895,567,317,179,138,336,180,156,9634,4732,4902
EL PASO COUNTY,141,30 Years,11330,5689,5641,1423,834,589,281,169,112,360,198,162,9266,4488,4778
EL PASO COUNTY,141,31 Years,10731,5281,5450,1293,670,623,298,168,130,370,186,184,8770,4257,4513
EL PASO COUNTY,141,32 Years,10488,5059,5429,1279,684,595,287,165,122,344,164,180,8578,4046,4532
EL PASO COUNTY,141,33 Years,10326,4897,5429,1221,619,602,261,136,125,332,160,172,8512,3982,4530
EL PASO COUNTY,141,34 Years,10247,4945,5302,1123,591,532,300,166,134,318,147,171,8506,4041,4465
EL PASO COUNTY,141,35 Years,10021,4765,5256,1063,553,510,309,175,134,327,154,173,8322,3883,4439
EL PASO COUNTY,141,36 Years,9519,4444,5075,1009,543,466,282,171,111,313,156,157,7915,3574,4341
EL PASO COUNTY,141,37 Years,9620,4584,5036,1046,555,491,298,186,112,311,140,171,7965,3703,4262
EL PASO COUNTY,141,38 Years,9856,4698,5158,998,534,464,272,169,103,307,140,167,8279,3855,4424
EL PASO COUNTY,141,39 Years,10028,4708,5320,985,518,467,268,157,111,278,131,147,8497,3902,4595
EL PASO COUNTY,141,40 Years,10314,4871,5443,1017,562,455,274,175,99,262,129,133,8761,4005,4756
EL PASO COUNTY,141,41 Years,10401,4897,5504,1000,536,464,296,187,109,273,137,136,8832,4037,4795
EL PASO COUNTY,141,42 Years,10721,4984,5737,1017,561,456,293,178,115,279,133,146,9132,4112,5020
EL PASO COUNTY,141,43 Years,10704,4979,5725,1125,618,507,305,190,115,287,143,144,8987,4028,4959
EL PASO COUNTY,141,44 Years,10497,4936,5561,1164,644,520,315,192,123,263,126,137,8755,3974,4781
EL PASO COUNTY,141,45 Years,10472,4936,5536,1154,637,517,323,189,134,222,102,120,8773,4008,4765
EL PASO COUNTY,141,46 Years,9949,4704,5245,1129,633,496,310,191,119,210,98,112,8300,3782,4518
EL PASO COUNTY,141,47 Years,9756,4590,5166,1097,625,472,312,192,120,209,102,107,8138,3671,4467
EL PASO COUNTY,141,48 Years,9606,4452,5154,1134,653,481,308,185,123,187,95,92,7977,3519,4458
EL PASO COUNTY,141,49 Years,9752,4573,5179,1290,718,572,320,204,116,189,102,87,7953,3549,4404
EL PASO COUNTY,141,50 Years,9996,4663,5333,1289,722,567,326,203,123,205,103,102,8176,3635,4541
EL PASO COUNTY,141,51 Years,9920,4661,5259,1334,721,613,312,196,116,195,85,110,8079,3659,4420
EL PASO COUNTY,141,52 Years,9917,4652,5265,1285,693,592,278,168,110,194,88,106,8160,3703,4457
EL PASO COUNTY,141,53 Years,10053,4683,5370,1374,744,630,247,150,97,176,78,98,8256,3711,4545
EL PASO COUNTY,141,54 Years,10056,4662,5394,1382,734,648,227,144,83,164,69,95,8283,3715,4568
EL PASO COUNTY,141,55 Years,10145,4757,5388,1384,729,655,265,165,100,186,88,98,8310,3775,4535
EL PASO COUNTY,141,56 Years,9752,4540,5212,1381,726,655,282,172,110,196,88,108,7893,3554,4339
EL PASO COUNTY,141,57 Years,9610,4477,5133,1406,738,668,254,164,90,202,95,107,7748,3480,4268
EL PASO COUNTY,141,58 Years,9262,4264,4998,1399,732,667,244,156,88,212,101,111,7407,3275,4132
EL PASO COUNTY,141,59 Years,9108,4178,4930,1378,709,669,246,154,92,179,82,97,7305,3233,4072
EL PASO COUNTY,141,60 Years,8670,3968,4702,1354,698,656,230,130,100,200,86,114,6886,3054,3832
EL PASO COUNTY,141,61 Years,8211,3743,4468,1363,703,660,185,108,77,161,68,93,6502,2864,3638
EL PASO COUNTY,141,62 Years,7835,3556,4279,1371,705,666,178,104,74,162,69,93,6124,2678,3446
EL PASO COUNTY,141,63 Years,7334,3411,3923,1293,687,606,155,93,62,151,58,93,5735,2573,3162
EL PASO COUNTY,141,64 Years,7091,3292,3799,1199,644,555,137,83,54,134,56,78,5621,2509,3112
EL PASO COUNTY,141,65 Years,6802,3131,3671,1185,636,549,129,78,51,150,61,89,5338,2356,2982
EL PASO COUNTY,141,66 Years,6523,2978,3545,1160,613,547,116,76,40,148,62,86,5099,2227,2872
EL PASO COUNTY,141,67 Years,6377,2950,3427,1204,662,542,109,66,43,133,58,75,4931,2164,2767
EL PASO COUNTY,141,68 Years,6105,2843,3262,1231,687,544,108,58,50,131,59,72,4635,2039,2596
EL PASO COUNTY,141,69 Years,5242,2393,2849,928,516,412,97,55,42,117,51,66,4100,1771,2329
EL PASO COUNTY,141,70 Years,4884,2189,2695,831,440,391,103,54,49,91,35,56,3859,1660,2199
EL PASO COUNTY,141,71 Years,4656,2042,2614,850,446,404,101,49,52,86,32,54,3619,1515,2104
EL PASO COUNTY,141,72 Years,4490,1973,2517,861,455,406,97,51,46,87,32,55,3445,1435,2010
EL PASO COUNTY,141,73 Years,4151,1796,2355,801,406,395,89,45,44,80,28,52,3181,1317,1864
EL PASO COUNTY,141,74 Years,3879,1612,2267,723,341,382,77,36,41,66,22,44,3013,1213,1800
EL PASO COUNTY,141,75 Years,3745,1571,2174,664,316,348,67,29,38,70,20,50,2944,1206,1738
EL PASO COUNTY,141,76 Years,3536,1474,2062,649,318,331,62,33,29,64,22,42,2761,1101,1660
EL PASO COUNTY,141,77 Years,3354,1413,1941,622,311,311,60,26,34,56,26,30,2616,1050,1566
EL PASO COUNTY,141,78 Years,3156,1309,1847,612,296,316,57,24,33,47,21,26,2440,968,1472
EL PASO COUNTY,141,79 Years,3033,1239,1794,601,276,325,59,32,27,42,17,25,2331,914,1417
EL PASO COUNTY,141,80 Years,2821,1133,1688,568,264,304,46,20,26,42,15,27,2165,834,1331
EL PASO COUNTY,141,81 Years,2615,1025,1590,538,236,302,58,27,31,37,12,25,1982,750,1232
EL PASO COUNTY,141,82 Years,2416,937,1479,508,223,285,52,26,26,47,10,37,1809,678,1131
EL PASO COUNTY,141,83 Years,2313,916,1397,470,219,251,54,26,28,44,13,31,1745,658,1087
EL PASO COUNTY,141,84 Years,2180,843,1337,430,195,235,40,19,21,40,9,31,1670,620,1050
EL PASO COUNTY,141,85 Years +,11639,4158,7481,2508,956,1552,163,76,87,185,49,136,8783,3077,5706
ERATH COUNTY,143,All Ages,40968,20221,20747,30558,14764,15794,482,291,191,1032,525,507,8896,4641,4255
ERATH COUNTY,143,< 1 Year,561,287,274,336,172,164,6,4,2,21,6,15,198,105,93
ERATH COUNTY,143,1 Years,578,300,278,353,185,168,9,6,3,24,9,15,192,100,92
ERATH COUNTY,143,2 Years,603,311,292,365,189,176,12,6,6,26,13,13,200,103,97
ERATH COUNTY,143,3 Years,594,295,299,358,181,177,9,4,5,25,13,12,202,97,105
ERATH COUNTY,143,4 Years,581,293,288,341,172,169,9,3,6,26,13,13,205,105,100
ERATH COUNTY,143,5 Years,584,311,273,353,186,167,7,5,2,21,13,8,203,107,96
ERATH COUNTY,143,6 Years,524,269,255,326,164,162,5,3,2,18,12,6,175,90,85
ERATH COUNTY,143,7 Years,518,275,243,326,170,156,3,3,0,16,10,6,173,92,81
ERATH COUNTY,143,8 Years,511,264,247,312,158,154,3,2,1,18,10,8,178,94,84
ERATH COUNTY,143,9 Years,514,263,251,299,154,145,2,1,1,24,10,14,189,98,91
ERATH COUNTY,143,10 Years,498,265,233,305,169,136,5,1,4,22,11,11,166,84,82
ERATH COUNTY,143,11 Years,517,272,245,309,155,154,6,4,2,23,14,9,179,99,80
ERATH COUNTY,143,12 Years,526,261,265,318,154,164,6,3,3,16,10,6,186,94,92
ERATH COUNTY,143,13 Years,470,235,235,291,148,143,4,1,3,8,6,2,167,80,87
ERATH COUNTY,143,14 Years,485,233,252,321,156,165,4,1,3,10,6,4,150,70,80
ERATH COUNTY,143,15 Years,487,244,243,309,157,152,2,1,1,10,7,3,166,79,87
ERATH COUNTY,143,16 Years,488,256,232,314,167,147,4,3,1,11,4,7,159,82,77
ERATH COUNTY,143,17 Years,442,232,210,286,146,140,5,3,2,10,6,4,141,77,64
ERATH COUNTY,143,18 Years,768,348,420,530,237,293,27,13,14,16,6,10,195,92,103
ERATH COUNTY,143,19 Years,1287,579,708,977,440,537,32,16,16,23,12,11,255,111,144
ERATH COUNTY,143,20 Years,1166,520,646,905,394,511,27,12,15,16,6,10,218,108,110
ERATH COUNTY,143,21 Years,1181,555,626,899,402,497,37,23,14,12,6,6,233,124,109
ERATH COUNTY,143,22 Years,1124,536,588,810,365,445,34,26,8,25,13,12,255,132,123
ERATH COUNTY,143,23 Years,933,428,505,651,278,373,21,14,7,18,7,11,243,129,114
ERATH COUNTY,143,24 Years,860,426,434,616,296,320,22,12,10,28,14,14,194,104,90
ERATH COUNTY,143,25 Years,750,376,374,498,245,253,23,18,5,31,17,14,198,96,102
ERATH COUNTY,143,26 Years,712,348,364,504,235,269,18,15,3,26,17,9,164,81,83
ERATH COUNTY,143,27 Years,653,317,336,466,214,252,19,12,7,21,14,7,147,77,70
ERATH COUNTY,143,28 Years,646,356,290,489,267,222,13,9,4,17,11,6,127,69,58
ERATH COUNTY,143,29 Years,539,299,240,386,206,180,9,7,2,13,9,4,131,77,54
ERATH COUNTY,143,30 Years,560,303,257,410,224,186,7,4,3,6,4,2,137,71,66
ERATH COUNTY,143,31 Years,475,236,239,338,169,169,4,3,1,11,4,7,122,60,62
ERATH COUNTY,143,32 Years,445,227,218,317,166,151,4,2,2,11,2,9,113,57,56
ERATH COUNTY,143,33 Years,464,255,209,330,186,144,2,1,1,7,3,4,125,65,60
ERATH COUNTY,143,34 Years,388,218,170,274,149,125,2,1,1,6,3,3,106,65,41
ERATH COUNTY,143,35 Years,400,198,202,273,134,139,2,2,0,13,5,8,112,57,55
ERATH COUNTY,143,36 Years,329,150,179,236,106,130,6,5,1,9,3,6,78,36,42
ERATH COUNTY,143,37 Years,348,190,158,251,138,113,3,2,1,8,4,4,86,46,40
ERATH COUNTY,143,38 Years,354,193,161,264,146,118,2,1,1,9,2,7,79,44,35
ERATH COUNTY,143,39 Years,379,195,184,279,139,140,6,4,2,12,4,8,82,48,34
ERATH COUNTY,143,40 Years,389,201,188,291,144,147,4,2,2,8,2,6,86,53,33
ERATH COUNTY,143,41 Years,389,195,194,284,144,140,2,0,2,16,6,10,87,45,42
ERATH COUNTY,143,42 Years,365,178,187,275,140,135,3,2,1,7,3,4,80,33,47
ERATH COUNTY,143,43 Years,403,194,209,301,152,149,4,2,2,6,4,2,92,36,56
ERATH COUNTY,143,44 Years,424,202,222,318,154,164,2,1,1,8,6,2,96,41,55
ERATH COUNTY,143,45 Years,447,226,221,323,163,160,3,1,2,12,8,4,109,54,55
ERATH COUNTY,143,46 Years,414,209,205,310,155,155,1,1,0,10,3,7,93,50,43
ERATH COUNTY,143,47 Years,437,222,215,323,158,165,4,2,2,11,4,7,99,58,41
ERATH COUNTY,143,48 Years,400,200,200,298,143,155,5,2,3,7,3,4,90,52,38
ERATH COUNTY,143,49 Years,405,191,214,293,130,163,4,2,2,6,6,0,102,53,49
ERATH COUNTY,143,50 Years,468,235,233,348,165,183,1,1,0,11,7,4,108,62,46
ERATH COUNTY,143,51 Years,482,238,244,371,173,198,5,3,2,12,5,7,94,57,37
ERATH COUNTY,143,52 Years,489,248,241,383,185,198,1,1,0,13,7,6,92,55,37
ERATH COUNTY,143,53 Years,515,258,257,403,199,204,5,4,1,15,6,9,92,49,43
ERATH COUNTY,143,54 Years,499,243,256,409,197,212,3,2,1,8,4,4,79,40,39
ERATH COUNTY,143,55 Years,445,238,207,372,195,177,1,1,0,6,3,3,66,39,27
ERATH COUNTY,143,56 Years,439,228,211,374,189,185,0,0,0,8,4,4,57,35,22
ERATH COUNTY,143,57 Years,426,216,210,357,174,183,0,0,0,9,3,6,60,39,21
ERATH COUNTY,143,58 Years,449,236,213,370,186,184,1,1,0,9,6,3,69,43,26
ERATH COUNTY,143,59 Years,431,217,214,368,178,190,0,0,0,7,5,2,56,34,22
ERATH COUNTY,143,60 Years,426,233,193,365,190,175,0,0,0,14,11,3,47,32,15
ERATH COUNTY,143,61 Years,431,218,213,369,180,189,1,1,0,15,10,5,46,27,19
ERATH COUNTY,143,62 Years,441,191,250,383,164,219,2,1,1,11,6,5,45,20,25
ERATH COUNTY,143,63 Years,419,197,222,373,173,200,3,2,1,9,5,4,34,17,17
ERATH COUNTY,143,64 Years,406,195,211,357,167,190,1,1,0,12,6,6,36,21,15
ERATH COUNTY,143,65 Years,416,200,216,360,170,190,0,0,0,18,7,11,38,23,15
ERATH COUNTY,143,66 Years,396,197,199,352,172,180,0,0,0,12,4,8,32,21,11
ERATH COUNTY,143,67 Years,413,207,206,367,182,185,0,0,0,11,5,6,35,20,15
ERATH COUNTY,143,68 Years,406,193,213,376,176,200,1,1,0,6,3,3,23,13,10
ERATH COUNTY,143,69 Years,343,163,180,304,143,161,1,0,1,8,5,3,30,15,15
ERATH COUNTY,143,70 Years,339,164,175,308,147,161,0,0,0,6,3,3,25,14,11
ERATH COUNTY,143,71 Years,340,168,172,317,155,162,0,0,0,3,1,2,20,12,8
ERATH COUNTY,143,72 Years,306,151,155,283,136,147,0,0,0,5,4,1,18,11,7
ERATH COUNTY,143,73 Years,271,127,144,255,119,136,0,0,0,4,3,1,12,5,7
ERATH COUNTY,143,74 Years,263,129,134,245,118,127,0,0,0,4,2,2,14,9,5
ERATH COUNTY,143,75 Years,232,114,118,219,107,112,0,0,0,6,3,3,7,4,3
ERATH COUNTY,143,76 Years,201,96,105,186,87,99,1,0,1,2,1,1,12,8,4
ERATH COUNTY,143,77 Years,205,95,110,187,85,102,1,1,0,4,2,2,13,7,6
ERATH COUNTY,143,78 Years,184,80,104,169,75,94,0,0,0,2,1,1,13,4,9
ERATH COUNTY,143,79 Years,180,82,98,172,80,92,0,0,0,2,0,2,6,2,4
ERATH COUNTY,143,80 Years,164,74,90,153,70,83,0,0,0,2,1,1,9,3,6
ERATH COUNTY,143,81 Years,152,56,96,144,54,90,0,0,0,2,0,2,6,2,4
ERATH COUNTY,143,82 Years,145,57,88,139,55,84,0,0,0,2,1,1,4,1,3
ERATH COUNTY,143,83 Years,137,59,78,128,54,74,0,0,0,3,2,1,6,3,3
ERATH COUNTY,143,84 Years,126,53,73,120,49,71,0,0,0,2,1,1,4,3,1
ERATH COUNTY,143,85 Years +,668,228,440,631,213,418,1,0,1,11,4,7,25,11,14
FALLS COUNTY,145,All Ages,17254,8257,8997,8678,4104,4574,4310,1881,2429,383,202,181,3883,2070,1813
FALLS COUNTY,145,< 1 Year,198,95,103,70,29,41,47,24,23,19,12,7,62,30,32
FALLS COUNTY,145,1 Years,197,102,95,64,30,34,52,28,24,19,12,7,62,32,30
FALLS COUNTY,145,2 Years,195,104,91,60,31,29,56,28,28,17,10,7,62,35,27
FALLS COUNTY,145,3 Years,194,103,91,64,33,31,57,29,28,17,10,7,56,31,25
FALLS COUNTY,145,4 Years,191,93,98,60,30,30,58,28,30,17,6,11,56,29,27
FALLS COUNTY,145,5 Years,205,103,102,69,32,37,61,34,27,13,3,10,62,34,28
FALLS COUNTY,145,6 Years,183,98,85,64,34,30,56,31,25,9,4,5,54,29,25
FALLS COUNTY,145,7 Years,197,96,101,72,33,39,52,27,25,8,4,4,65,32,33
FALLS COUNTY,145,8 Years,205,110,95,68,36,32,52,26,26,6,3,3,79,45,34
FALLS COUNTY,145,9 Years,216,110,106,79,41,38,49,22,27,7,5,2,81,42,39
FALLS COUNTY,145,10 Years,201,106,95,74,37,37,43,20,23,10,9,1,74,40,34
FALLS COUNTY,145,11 Years,211,118,93,75,45,30,54,26,28,7,6,1,75,41,34
FALLS COUNTY,145,12 Years,200,108,92,82,45,37,44,26,18,5,3,2,69,34,35
FALLS COUNTY,145,13 Years,198,106,92,82,45,37,39,22,17,7,4,3,70,35,35
FALLS COUNTY,145,14 Years,201,104,97,83,50,33,47,19,28,5,2,3,66,33,33
FALLS COUNTY,145,15 Years,211,111,100,88,47,41,48,23,25,5,1,4,70,40,30
FALLS COUNTY,145,16 Years,196,98,98,80,40,40,51,27,24,4,3,1,61,28,33
FALLS COUNTY,145,17 Years,192,105,87,81,45,36,51,27,24,6,5,1,54,28,26
FALLS COUNTY,145,18 Years,188,102,86,74,41,33,45,23,22,7,3,4,62,35,27
FALLS COUNTY,145,19 Years,187,102,85,63,33,30,53,26,27,7,3,4,64,40,24
FALLS COUNTY,145,20 Years,202,111,91,71,35,36,62,32,30,5,3,2,64,41,23
FALLS COUNTY,145,21 Years,207,105,102,73,37,36,73,33,40,7,5,2,54,30,24
FALLS COUNTY,145,22 Years,236,118,118,80,38,42,93,46,47,7,4,3,56,30,26
FALLS COUNTY,145,23 Years,261,130,131,91,43,48,89,40,49,4,2,2,77,45,32
FALLS COUNTY,145,24 Years,266,143,123,97,45,52,84,44,40,3,1,2,82,53,29
FALLS COUNTY,145,25 Years,260,130,130,91,47,44,84,37,47,3,1,2,82,45,37
FALLS COUNTY,145,26 Years,249,121,128,96,50,46,81,29,52,2,1,1,70,41,29
FALLS COUNTY,145,27 Years,230,112,118,81,41,40,78,32,46,1,1,0,70,38,32
FALLS COUNTY,145,28 Years,230,109,121,99,43,56,70,34,36,2,1,1,59,31,28
FALLS COUNTY,145,29 Years,220,106,114,76,35,41,65,30,35,4,2,2,75,39,36
FALLS COUNTY,145,30 Years,238,118,120,89,44,45,69,31,38,3,2,1,77,41,36
FALLS COUNTY,145,31 Years,200,93,107,84,37,47,55,24,31,4,2,2,57,30,27
FALLS COUNTY,145,32 Years,200,87,113,92,35,57,54,24,30,3,1,2,51,27,24
FALLS COUNTY,145,33 Years,205,87,118,87,32,55,61,25,36,2,1,1,55,29,26
FALLS COUNTY,145,34 Years,229,94,135,96,35,61,70,25,45,3,2,1,60,32,28
FALLS COUNTY,145,35 Years,213,93,120,95,40,55,52,20,32,3,3,0,63,30,33
FALLS COUNTY,145,36 Years,220,102,118,103,46,57,54,22,32,2,2,0,61,32,29
FALLS COUNTY,145,37 Years,195,73,122,94,37,57,48,13,35,4,1,3,49,22,27
FALLS COUNTY,145,38 Years,202,87,115,90,38,52,54,20,34,4,1,3,54,28,26
FALLS COUNTY,145,39 Years,199,83,116,87,39,48,48,15,33,4,2,2,60,27,33
FALLS COUNTY,145,40 Years,199,73,126,85,30,55,58,16,42,2,0,2,54,27,27
FALLS COUNTY,145,41 Years,179,76,103,81,35,46,46,16,30,1,0,1,51,25,26
FALLS COUNTY,145,42 Years,198,88,110,99,42,57,47,19,28,2,2,0,50,25,25
FALLS COUNTY,145,43 Years,204,82,122,101,43,58,59,22,37,5,1,4,39,16,23
FALLS COUNTY,145,44 Years,227,94,133,112,46,66,58,19,39,3,1,2,54,28,26
FALLS COUNTY,145,45 Years,223,101,122,110,46,64,60,22,38,3,2,1,50,31,19
FALLS COUNTY,145,46 Years,217,93,124,111,48,63,55,16,39,1,1,0,50,28,22
FALLS COUNTY,145,47 Years,222,94,128,121,50,71,55,20,35,3,1,2,43,23,20
FALLS COUNTY,145,48 Years,249,105,144,120,49,71,74,25,49,3,1,2,52,30,22
FALLS COUNTY,145,49 Years,264,126,138,134,60,74,76,35,41,1,0,1,53,31,22
FALLS COUNTY,145,50 Years,264,119,145,138,63,75,75,31,44,4,2,2,47,23,24
FALLS COUNTY,145,51 Years,265,131,134,144,72,72,76,37,39,3,2,1,42,20,22
FALLS COUNTY,145,52 Years,266,120,146,146,66,80,73,31,42,2,0,2,45,23,22
FALLS COUNTY,145,53 Years,249,115,134,149,69,80,57,23,34,3,1,2,40,22,18
FALLS COUNTY,145,54 Years,225,110,115,150,75,75,41,16,25,3,1,2,31,18,13
FALLS COUNTY,145,55 Years,249,123,126,162,77,85,48,21,27,3,2,1,36,23,13
FALLS COUNTY,145,56 Years,229,104,125,152,70,82,47,17,30,2,1,1,28,16,12
FALLS COUNTY,145,57 Years,250,117,133,158,80,78,54,21,33,3,1,2,35,15,20
FALLS COUNTY,145,58 Years,247,118,129,146,73,73,61,28,33,2,1,1,38,16,22
FALLS COUNTY,145,59 Years,245,120,125,151,75,76,61,32,29,3,2,1,30,11,19
FALLS COUNTY,145,60 Years,238,120,118,149,69,80,50,28,22,4,1,3,35,22,13
FALLS COUNTY,145,61 Years,236,123,113,150,76,74,52,26,26,2,1,1,32,20,12
FALLS COUNTY,145,62 Years,223,115,108,145,76,69,51,23,28,3,1,2,24,15,9
FALLS COUNTY,145,63 Years,208,97,111,147,69,78,41,17,24,0,0,0,20,11,9
FALLS COUNTY,145,64 Years,215,110,105,141,72,69,42,20,22,3,3,0,29,15,14
FALLS COUNTY,145,65 Years,210,106,104,143,71,72,37,18,19,3,1,2,27,16,11
FALLS COUNTY,145,66 Years,206,104,102,145,76,69,35,15,20,4,2,2,22,11,11
FALLS COUNTY,145,67 Years,194,91,103,143,73,70,31,10,21,2,1,1,18,7,11
FALLS COUNTY,145,68 Years,179,87,92,129,65,64,32,12,20,2,1,1,16,9,7
FALLS COUNTY,145,69 Years,165,83,82,109,53,56,31,15,16,2,2,0,23,13,10
FALLS COUNTY,145,70 Years,162,71,91,120,56,64,27,9,18,2,1,1,13,5,8
FALLS COUNTY,145,71 Years,157,78,79,111,58,53,24,8,16,6,3,3,16,9,7
FALLS COUNTY,145,72 Years,153,81,72,108,57,51,25,11,14,5,4,1,15,9,6
FALLS COUNTY,145,73 Years,153,70,83,107,48,59,26,12,14,4,2,2,16,8,8
FALLS COUNTY,145,74 Years,150,67,83,114,49,65,23,11,12,3,1,2,10,6,4
FALLS COUNTY,145,75 Years,116,57,59,80,39,41,24,11,13,2,1,1,10,6,4
FALLS COUNTY,145,76 Years,123,59,64,89,43,46,20,8,12,5,2,3,9,6,3
FALLS COUNTY,145,77 Years,109,48,61,78,34,44,18,8,10,3,1,2,10,5,5
FALLS COUNTY,145,78 Years,105,50,55,75,35,40,16,5,11,2,2,0,12,8,4
FALLS COUNTY,145,79 Years,96,47,49,72,36,36,15,6,9,2,1,1,7,4,3
FALLS COUNTY,145,80 Years,84,38,46,61,30,31,15,6,9,1,0,1,7,2,5
FALLS COUNTY,145,81 Years,86,35,51,59,25,34,18,6,12,1,0,1,8,4,4
FALLS COUNTY,145,82 Years,85,41,44,60,29,31,14,5,9,1,1,0,10,6,4
FALLS COUNTY,145,83 Years,73,35,38,54,27,27,12,4,8,0,0,0,7,4,3
FALLS COUNTY,145,84 Years,71,24,47,49,18,31,16,4,12,0,0,0,6,2,4
FALLS COUNTY,145,85 Years +,358,135,223,246,97,149,75,24,51,4,2,2,33,12,21
FANNIN COUNTY,147,All Ages,34273,18206,16067,27086,13782,13304,2242,1521,721,1131,569,562,3814,2334,1480
FANNIN COUNTY,147,< 1 Year,360,191,169,253,130,123,16,6,10,21,14,7,70,41,29
FANNIN COUNTY,147,1 Years,355,189,166,249,125,124,17,8,9,21,14,7,68,42,26
FANNIN COUNTY,147,2 Years,343,178,165,238,119,119,16,7,9,18,10,8,71,42,29
FANNIN COUNTY,147,3 Years,350,180,170,240,121,119,19,9,10,18,8,10,73,42,31
FANNIN COUNTY,147,4 Years,370,186,184,252,127,125,17,8,9,23,11,12,78,40,38
FANNIN COUNTY,147,5 Years,413,214,199,288,157,131,19,7,12,32,18,14,74,32,42
FANNIN COUNTY,147,6 Years,407,212,195,287,153,134,16,7,9,38,18,20,66,34,32
FANNIN COUNTY,147,7 Years,389,197,192,272,136,136,13,8,5,33,15,18,71,38,33
FANNIN COUNTY,147,8 Years,416,221,195,289,149,140,16,11,5,30,18,12,81,43,38
FANNIN COUNTY,147,9 Years,433,221,212,310,159,151,18,9,9,31,15,16,74,38,36
FANNIN COUNTY,147,10 Years,442,230,212,324,169,155,24,12,12,23,11,12,71,38,33
FANNIN COUNTY,147,11 Years,433,226,207,309,162,147,22,14,8,26,11,15,76,39,37
FANNIN COUNTY,147,12 Years,433,224,209,317,163,154,24,11,13,22,9,13,70,41,29
FANNIN COUNTY,147,13 Years,422,218,204,304,150,154,26,14,12,21,10,11,71,44,27
FANNIN COUNTY,147,14 Years,430,222,208,310,157,153,23,12,11,20,10,10,77,43,34
FANNIN COUNTY,147,15 Years,454,239,215,337,172,165,21,11,10,21,12,9,75,44,31
FANNIN COUNTY,147,16 Years,413,213,200,312,158,154,21,13,8,19,12,7,61,30,31
FANNIN COUNTY,147,17 Years,431,215,216,337,169,168,19,8,11,19,10,9,56,28,28
FANNIN COUNTY,147,18 Years,417,216,201,311,160,151,23,14,9,16,8,8,67,34,33
FANNIN COUNTY,147,19 Years,408,232,176,285,156,129,34,24,10,14,7,7,75,45,30
FANNIN COUNTY,147,20 Years,421,247,174,286,156,130,44,36,8,15,10,5,76,45,31
FANNIN COUNTY,147,21 Years,480,292,188,321,178,143,53,42,11,19,12,7,87,60,27
FANNIN COUNTY,147,22 Years,459,288,171,314,183,131,56,46,10,15,9,6,74,50,24
FANNIN COUNTY,147,23 Years,507,315,192,359,210,149,54,44,10,14,5,9,80,56,24
FANNIN COUNTY,147,24 Years,480,304,176,315,184,131,51,39,12,10,5,5,104,76,28
FANNIN COUNTY,147,25 Years,484,305,179,338,197,141,53,44,9,14,9,5,79,55,24
FANNIN COUNTY,147,26 Years,412,235,177,285,142,143,46,38,8,11,5,6,70,50,20
FANNIN COUNTY,147,27 Years,401,250,151,289,169,120,43,36,7,12,5,7,57,40,17
FANNIN COUNTY,147,28 Years,372,248,124,240,144,96,50,45,5,11,5,6,71,54,17
FANNIN COUNTY,147,29 Years,352,209,143,239,128,111,43,37,6,9,4,5,61,40,21
FANNIN COUNTY,147,30 Years,349,209,140,228,122,106,40,30,10,9,4,5,72,53,19
FANNIN COUNTY,147,31 Years,337,196,141,225,115,110,38,30,8,13,7,6,61,44,17
FANNIN COUNTY,147,32 Years,380,226,154,272,146,126,40,32,8,6,4,2,62,44,18
FANNIN COUNTY,147,33 Years,342,198,144,234,124,110,46,35,11,11,7,4,51,32,19
FANNIN COUNTY,147,34 Years,365,206,159,278,149,129,24,18,6,8,4,4,55,35,20
FANNIN COUNTY,147,35 Years,383,218,165,275,141,134,35,29,6,7,5,2,66,43,23
FANNIN COUNTY,147,36 Years,379,209,170,279,145,134,34,27,7,7,1,6,59,36,23
FANNIN COUNTY,147,37 Years,378,218,160,269,137,132,30,24,6,9,4,5,70,53,17
FANNIN COUNTY,147,38 Years,368,203,165,251,123,128,34,26,8,11,3,8,72,51,21
FANNIN COUNTY,147,39 Years,367,207,160,257,127,130,32,26,6,10,7,3,68,47,21
FANNIN COUNTY,147,40 Years,361,206,155,261,137,124,40,34,6,10,8,2,50,27,23
FANNIN COUNTY,147,41 Years,395,215,180,302,157,145,34,27,7,8,3,5,51,28,23
FANNIN COUNTY,147,42 Years,369,194,175,280,142,138,30,22,8,7,2,5,52,28,24
FANNIN COUNTY,147,43 Years,376,198,178,287,142,145,34,27,7,14,6,8,41,23,18
FANNIN COUNTY,147,44 Years,411,222,189,324,172,152,27,19,8,16,6,10,44,25,19
FANNIN COUNTY,147,45 Years,462,245,217,374,197,177,20,9,11,16,7,9,52,32,20
FANNIN COUNTY,147,46 Years,403,198,205,321,145,176,29,18,11,11,5,6,42,30,12
FANNIN COUNTY,147,47 Years,419,219,200,328,158,170,41,31,10,12,5,7,38,25,13
FANNIN COUNTY,147,48 Years,445,250,195,354,187,167,33,24,9,14,6,8,44,33,11
FANNIN COUNTY,147,49 Years,496,275,221,396,203,193,39,29,10,12,6,6,49,37,12
FANNIN COUNTY,147,50 Years,471,259,212,378,192,186,36,28,8,14,8,6,43,31,12
FANNIN COUNTY,147,51 Years,527,289,238,426,223,203,46,32,14,15,7,8,40,27,13
FANNIN COUNTY,147,52 Years,496,241,255,430,207,223,31,19,12,16,5,11,19,10,9
FANNIN COUNTY,147,53 Years,508,251,257,440,218,222,32,16,16,13,6,7,23,11,12
FANNIN COUNTY,147,54 Years,505,246,259,445,211,234,16,9,7,12,7,5,32,19,13
FANNIN COUNTY,147,55 Years,540,265,275,464,219,245,29,21,8,10,5,5,37,20,17
FANNIN COUNTY,147,56 Years,532,269,263,456,224,232,37,24,13,10,5,5,29,16,13
FANNIN COUNTY,147,57 Years,513,258,255,450,226,224,24,10,14,13,5,8,26,17,9
FANNIN COUNTY,147,58 Years,499,252,247,436,216,220,29,18,11,15,7,8,19,11,8
FANNIN COUNTY,147,59 Years,506,280,226,442,236,206,35,28,7,14,10,4,15,6,9
FANNIN COUNTY,147,60 Years,451,244,207,407,221,186,17,9,8,10,5,5,17,9,8
FANNIN COUNTY,147,61 Years,453,238,215,399,208,191,20,9,11,11,6,5,23,15,8
FANNIN COUNTY,147,62 Years,453,235,218,406,209,197,20,12,8,11,6,5,16,8,8
FANNIN COUNTY,147,63 Years,440,219,221,387,188,199,21,12,9,14,8,6,18,11,7
FANNIN COUNTY,147,64 Years,419,207,212,373,184,189,15,6,9,14,7,7,17,10,7
FANNIN COUNTY,147,65 Years,444,220,224,401,200,201,22,10,12,7,4,3,14,6,8
FANNIN COUNTY,147,66 Years,465,228,237,431,210,221,15,8,7,7,2,5,12,8,4
FANNIN COUNTY,147,67 Years,450,231,219,414,210,204,14,10,4,7,3,4,15,8,7
FANNIN COUNTY,147,68 Years,451,251,200,407,222,185,16,11,5,14,9,5,14,9,5
FANNIN COUNTY,147,69 Years,386,201,185,356,184,172,12,7,5,10,5,5,8,5,3
FANNIN COUNTY,147,70 Years,390,182,208,363,169,194,13,7,6,7,4,3,7,2,5
FANNIN COUNTY,147,71 Years,381,187,194,345,166,179,15,9,6,7,3,4,14,9,5
FANNIN COUNTY,147,72 Years,350,171,179,319,156,163,16,8,8,7,3,4,8,4,4
FANNIN COUNTY,147,73 Years,329,160,169,307,149,158,10,4,6,8,5,3,4,2,2
FANNIN COUNTY,147,74 Years,276,137,139,251,121,130,14,8,6,8,6,2,3,2,1
FANNIN COUNTY,147,75 Years,267,124,143,243,111,132,12,7,5,6,3,3,6,3,3
FANNIN COUNTY,147,76 Years,247,117,130,231,109,122,9,5,4,3,1,2,4,2,2
FANNIN COUNTY,147,77 Years,253,127,126,241,119,122,8,6,2,1,1,0,3,1,2
FANNIN COUNTY,147,78 Years,209,100,109,193,90,103,7,4,3,2,1,1,7,5,2
FANNIN COUNTY,147,79 Years,207,99,108,189,92,97,7,2,5,4,1,3,7,4,3
FANNIN COUNTY,147,80 Years,200,100,100,189,96,93,6,4,2,1,0,1,4,0,4
FANNIN COUNTY,147,81 Years,189,87,102,174,82,92,5,2,3,6,2,4,4,1,3
FANNIN COUNTY,147,82 Years,182,82,100,164,76,88,9,2,7,6,2,4,3,2,1
FANNIN COUNTY,147,83 Years,151,69,82,137,66,71,9,2,7,4,1,3,1,0,1
FANNIN COUNTY,147,84 Years,134,57,77,125,55,70,7,2,5,1,0,1,1,0,1
FANNIN COUNTY,147,85 Years +,727,294,433,662,265,397,31,13,18,16,6,10,18,10,8
FAYETTE COUNTY,149,All Ages,25563,12681,12882,18157,8919,9238,1663,821,842,374,175,199,5369,2766,2603
FAYETTE COUNTY,149,< 1 Year,267,139,128,148,78,70,25,16,9,11,4,7,83,41,42
FAYETTE COUNTY,149,1 Years,257,132,125,142,75,67,22,14,8,12,5,7,81,38,43
FAYETTE COUNTY,149,2 Years,235,122,113,132,73,59,18,9,9,10,5,5,75,35,40
FAYETTE COUNTY,149,3 Years,242,125,117,138,75,63,18,8,10,11,5,6,75,37,38
FAYETTE COUNTY,149,4 Years,241,124,117,135,69,66,19,7,12,7,3,4,80,45,35
FAYETTE COUNTY,149,5 Years,276,152,124,151,81,70,23,12,11,7,6,1,95,53,42
FAYETTE COUNTY,149,6 Years,284,141,143,135,69,66,23,10,13,9,2,7,117,60,57
FAYETTE COUNTY,149,7 Years,281,145,136,140,73,67,18,8,10,6,3,3,117,61,56
FAYETTE COUNTY,149,8 Years,281,141,140,140,72,68,19,10,9,5,3,2,117,56,61
FAYETTE COUNTY,149,9 Years,284,136,148,142,70,72,21,11,10,4,2,2,117,53,64
FAYETTE COUNTY,149,10 Years,296,160,136,142,79,63,28,12,16,5,4,1,121,65,56
FAYETTE COUNTY,149,11 Years,293,146,147,143,71,72,33,14,19,9,4,5,108,57,51
FAYETTE COUNTY,149,12 Years,325,161,164,184,97,87,28,12,16,12,6,6,101,46,55
FAYETTE COUNTY,149,13 Years,315,148,167,175,83,92,28,14,14,8,4,4,104,47,57
FAYETTE COUNTY,149,14 Years,332,167,165,186,94,92,26,15,11,6,2,4,114,56,58
FAYETTE COUNTY,149,15 Years,327,160,167,190,94,96,24,11,13,8,3,5,105,52,53
FAYETTE COUNTY,149,16 Years,320,146,174,173,80,93,31,15,16,8,2,6,108,49,59
FAYETTE COUNTY,149,17 Years,335,176,159,203,104,99,27,14,13,7,4,3,98,54,44
FAYETTE COUNTY,149,18 Years,330,175,155,209,109,100,26,14,12,6,4,2,89,48,41
FAYETTE COUNTY,149,19 Years,326,177,149,194,105,89,23,13,10,6,3,3,103,56,47
FAYETTE COUNTY,149,20 Years,300,147,153,176,88,88,18,7,11,6,3,3,100,49,51
FAYETTE COUNTY,149,21 Years,267,136,131,164,84,80,21,8,13,3,3,0,79,41,38
FAYETTE COUNTY,149,22 Years,277,134,143,161,74,87,28,16,12,5,3,2,83,41,42
FAYETTE COUNTY,149,23 Years,289,158,131,169,94,75,30,15,15,4,1,3,86,48,38
FAYETTE COUNTY,149,24 Years,239,129,110,131,72,59,20,8,12,7,5,2,81,44,37
FAYETTE COUNTY,149,25 Years,210,109,101,97,52,45,20,11,9,4,2,2,89,44,45
FAYETTE COUNTY,149,26 Years,232,117,115,118,57,61,19,12,7,4,3,1,91,45,46
FAYETTE COUNTY,149,27 Years,196,90,106,106,41,65,15,9,6,3,2,1,72,38,34
FAYETTE COUNTY,149,28 Years,200,101,99,108,47,61,14,10,4,2,1,1,76,43,33
FAYETTE COUNTY,149,29 Years,200,105,95,107,53,54,13,6,7,3,1,2,77,45,32
FAYETTE COUNTY,149,30 Years,206,107,99,107,55,52,14,6,8,6,2,4,79,44,35
FAYETTE COUNTY,149,31 Years,208,105,103,110,52,58,14,6,8,5,3,2,79,44,35
FAYETTE COUNTY,149,32 Years,231,114,117,121,57,64,22,8,14,7,5,2,81,44,37
FAYETTE COUNTY,149,33 Years,238,120,118,132,69,63,19,10,9,3,2,1,84,39,45
FAYETTE COUNTY,149,34 Years,242,116,126,154,75,79,15,7,8,3,2,1,70,32,38
FAYETTE COUNTY,149,35 Years,246,127,119,153,77,76,23,13,10,3,1,2,67,36,31
FAYETTE COUNTY,149,36 Years,237,119,118,156,78,78,17,10,7,3,1,2,61,30,31
FAYETTE COUNTY,149,37 Years,240,124,116,150,74,76,20,14,6,1,0,1,69,36,33
FAYETTE COUNTY,149,38 Years,237,117,120,145,70,75,20,12,8,5,2,3,67,33,34
FAYETTE COUNTY,149,39 Years,254,134,120,154,81,73,15,6,9,2,1,1,83,46,37
FAYETTE COUNTY,149,40 Years,261,140,121,156,79,77,11,7,4,4,2,2,90,52,38
FAYETTE COUNTY,149,41 Years,240,127,113,146,78,68,14,6,8,3,2,1,77,41,36
FAYETTE COUNTY,149,42 Years,278,138,140,176,90,86,24,12,12,4,2,2,74,34,40
FAYETTE COUNTY,149,43 Years,263,146,117,176,97,79,17,12,5,2,2,0,68,35,33
FAYETTE COUNTY,149,44 Years,272,141,131,188,98,90,17,9,8,0,0,0,67,34,33
FAYETTE COUNTY,149,45 Years,270,137,133,195,103,92,12,5,7,1,0,1,62,29,33
FAYETTE COUNTY,149,46 Years,268,128,140,197,94,103,10,4,6,4,1,3,57,29,28
FAYETTE COUNTY,149,47 Years,288,132,156,204,94,110,11,6,5,3,2,1,70,30,40
FAYETTE COUNTY,149,48 Years,266,136,130,192,100,92,13,7,6,4,2,2,57,27,30
FAYETTE COUNTY,149,49 Years,315,159,156,216,105,111,20,10,10,5,1,4,74,43,31
FAYETTE COUNTY,149,50 Years,361,166,195,256,114,142,30,14,16,9,4,5,66,34,32
FAYETTE COUNTY,149,51 Years,378,183,195,289,139,150,25,13,12,5,1,4,59,30,29
FAYETTE COUNTY,149,52 Years,399,192,207,312,151,161,23,13,10,3,0,3,61,28,33
FAYETTE COUNTY,149,53 Years,418,201,217,326,152,174,24,12,12,3,0,3,65,37,28
FAYETTE COUNTY,149,54 Years,419,216,203,334,174,160,29,13,16,1,0,1,55,29,26
FAYETTE COUNTY,149,55 Years,408,209,199,328,164,164,25,14,11,3,1,2,52,30,22
FAYETTE COUNTY,149,56 Years,402,197,205,327,158,169,25,14,11,4,1,3,46,24,22
FAYETTE COUNTY,149,57 Years,401,200,201,323,154,169,23,14,9,4,2,2,51,30,21
FAYETTE COUNTY,149,58 Years,398,203,195,327,164,163,20,13,7,5,2,3,46,24,22
FAYETTE COUNTY,149,59 Years,439,222,217,360,186,174,27,12,15,3,1,2,49,23,26
FAYETTE COUNTY,149,60 Years,457,227,230,369,184,185,29,8,21,6,4,2,53,31,22
FAYETTE COUNTY,149,61 Years,453,217,236,374,172,202,29,15,14,4,2,2,46,28,18
FAYETTE COUNTY,149,62 Years,427,197,230,356,168,188,29,12,17,4,1,3,38,16,22
FAYETTE COUNTY,149,63 Years,398,198,200,335,168,167,28,11,17,2,2,0,33,17,16
FAYETTE COUNTY,149,64 Years,389,204,185,330,174,156,22,9,13,3,1,2,34,20,14
FAYETTE COUNTY,149,65 Years,396,197,199,343,168,175,18,8,10,1,0,1,34,21,13
FAYETTE COUNTY,149,66 Years,409,202,207,366,177,189,15,10,5,2,1,1,26,14,12
FAYETTE COUNTY,149,67 Years,391,205,186,357,185,172,12,6,6,4,3,1,18,11,7
FAYETTE COUNTY,149,68 Years,397,196,201,360,174,186,12,5,7,4,3,1,21,14,7
FAYETTE COUNTY,149,69 Years,355,175,180,314,154,160,15,7,8,3,2,1,23,12,11
FAYETTE COUNTY,149,70 Years,344,172,172,304,150,154,16,9,7,3,1,2,21,12,9
FAYETTE COUNTY,149,71 Years,350,160,190,315,143,172,12,7,5,4,1,3,19,9,10
FAYETTE COUNTY,149,72 Years,329,162,167,291,142,149,12,7,5,5,3,2,21,10,11
FAYETTE COUNTY,149,73 Years,298,164,134,261,145,116,15,8,7,3,0,3,19,11,8
FAYETTE COUNTY,149,74 Years,262,127,135,230,110,120,15,9,6,2,0,2,15,8,7
FAYETTE COUNTY,149,75 Years,251,125,126,227,113,114,13,6,7,1,0,1,10,6,4
FAYETTE COUNTY,149,76 Years,242,122,120,222,108,114,12,9,3,1,1,0,7,4,3
FAYETTE COUNTY,149,77 Years,223,114,109,198,99,99,9,7,2,1,1,0,15,7,8
FAYETTE COUNTY,149,78 Years,206,106,100,183,95,88,8,5,3,0,0,0,15,6,9
FAYETTE COUNTY,149,79 Years,178,89,89,165,82,83,3,2,1,1,0,1,9,5,4
FAYETTE COUNTY,149,80 Years,161,74,87,146,68,78,7,1,6,0,0,0,8,5,3
FAYETTE COUNTY,149,81 Years,148,63,85,131,56,75,9,3,6,2,1,1,6,3,3
FAYETTE COUNTY,149,82 Years,136,58,78,118,50,68,10,3,7,0,0,0,8,5,3
FAYETTE COUNTY,149,83 Years,135,58,77,120,55,65,8,1,7,0,0,0,7,2,5
FAYETTE COUNTY,149,84 Years,118,48,70,106,43,63,9,3,6,0,0,0,3,2,1
FAYETTE COUNTY,149,85 Years +,770,266,504,687,241,446,39,7,32,12,5,7,32,13,19
FISHER COUNTY,151,All Ages,3858,1902,1956,2623,1291,1332,132,55,77,53,28,25,1050,528,522
FISHER COUNTY,151,< 1 Year,52,28,24,35,18,17,0,0,0,0,0,0,17,10,7
FISHER COUNTY,151,1 Years,46,23,23,30,14,16,0,0,0,0,0,0,16,9,7
FISHER COUNTY,151,2 Years,39,19,20,25,12,13,0,0,0,0,0,0,14,7,7
FISHER COUNTY,151,3 Years,34,14,20,18,6,12,3,1,2,0,0,0,13,7,6
FISHER COUNTY,151,4 Years,41,22,19,22,10,12,2,1,1,0,0,0,17,11,6
FISHER COUNTY,151,5 Years,44,22,22,23,9,14,0,0,0,1,0,1,20,13,7
FISHER COUNTY,151,6 Years,40,17,23,20,6,14,0,0,0,1,0,1,19,11,8
FISHER COUNTY,151,7 Years,40,23,17,23,15,8,1,0,1,1,0,1,15,8,7
FISHER COUNTY,151,8 Years,46,22,24,27,14,13,0,0,0,1,1,0,18,7,11
FISHER COUNTY,151,9 Years,47,21,26,29,13,16,1,0,1,2,0,2,15,8,7
FISHER COUNTY,151,10 Years,43,22,21,23,10,13,2,2,0,1,1,0,17,9,8
FISHER COUNTY,151,11 Years,42,24,18,22,12,10,2,2,0,1,1,0,17,9,8
FISHER COUNTY,151,12 Years,41,20,21,23,13,10,1,0,1,1,1,0,16,6,10
FISHER COUNTY,151,13 Years,48,25,23,33,18,15,1,0,1,0,0,0,14,7,7
FISHER COUNTY,151,14 Years,42,19,23,29,14,15,1,0,1,0,0,0,12,5,7
FISHER COUNTY,151,15 Years,44,19,25,27,11,16,0,0,0,2,1,1,15,7,8
FISHER COUNTY,151,16 Years,42,25,17,26,15,11,2,2,0,1,1,0,13,7,6
FISHER COUNTY,151,17 Years,49,24,25,28,15,13,3,2,1,0,0,0,18,7,11
FISHER COUNTY,151,18 Years,46,24,22,28,16,12,2,1,1,0,0,0,16,7,9
FISHER COUNTY,151,19 Years,41,25,16,24,14,10,0,0,0,0,0,0,17,11,6
FISHER COUNTY,151,20 Years,54,28,26,30,13,17,4,3,1,0,0,0,20,12,8
FISHER COUNTY,151,21 Years,65,36,29,39,24,15,5,1,4,1,0,1,20,11,9
FISHER COUNTY,151,22 Years,69,32,37,41,22,19,4,1,3,3,1,2,21,8,13
FISHER COUNTY,151,23 Years,57,27,30,34,15,19,5,2,3,1,1,0,17,9,8
FISHER COUNTY,151,24 Years,44,23,21,21,9,12,2,1,1,1,0,1,20,13,7
FISHER COUNTY,151,25 Years,39,24,15,21,13,8,3,3,0,1,0,1,14,8,6
FISHER COUNTY,151,26 Years,33,19,14,20,10,10,1,1,0,1,1,0,11,7,4
FISHER COUNTY,151,27 Years,40,22,18,28,14,14,2,1,1,1,1,0,9,6,3
FISHER COUNTY,151,28 Years,33,20,13,21,10,11,2,2,0,1,1,0,9,7,2
FISHER COUNTY,151,29 Years,27,13,14,22,10,12,0,0,0,0,0,0,5,3,2
FISHER COUNTY,151,30 Years,31,14,17,18,10,8,0,0,0,0,0,0,13,4,9
FISHER COUNTY,151,31 Years,35,16,19,20,10,10,0,0,0,0,0,0,15,6,9
FISHER COUNTY,151,32 Years,37,17,20,23,10,13,0,0,0,0,0,0,14,7,7
FISHER COUNTY,151,33 Years,31,14,17,21,10,11,2,0,2,0,0,0,8,4,4
FISHER COUNTY,151,34 Years,36,14,22,21,10,11,1,0,1,1,0,1,13,4,9
FISHER COUNTY,151,35 Years,26,14,12,19,11,8,0,0,0,1,0,1,6,3,3
FISHER COUNTY,151,36 Years,22,12,10,17,9,8,0,0,0,0,0,0,5,3,2
FISHER COUNTY,151,37 Years,30,14,16,24,10,14,0,0,0,0,0,0,6,4,2
FISHER COUNTY,151,38 Years,32,20,12,20,11,9,0,0,0,0,0,0,12,9,3
FISHER COUNTY,151,39 Years,34,20,14,19,10,9,2,1,1,1,0,1,12,9,3
FISHER COUNTY,151,40 Years,32,14,18,15,7,8,3,2,1,0,0,0,14,5,9
FISHER COUNTY,151,41 Years,36,15,21,22,9,13,4,1,3,0,0,0,10,5,5
FISHER COUNTY,151,42 Years,45,24,21,29,16,13,2,0,2,1,1,0,13,7,6
FISHER COUNTY,151,43 Years,48,26,22,31,17,14,3,2,1,0,0,0,14,7,7
FISHER COUNTY,151,44 Years,56,24,32,40,20,20,1,0,1,0,0,0,15,4,11
FISHER COUNTY,151,45 Years,52,27,25,38,21,17,3,2,1,0,0,0,11,4,7
FISHER COUNTY,151,46 Years,43,19,24,33,15,18,2,0,2,0,0,0,8,4,4
FISHER COUNTY,151,47 Years,40,19,21,25,12,13,1,0,1,1,1,0,13,6,7
FISHER COUNTY,151,48 Years,42,21,21,26,15,11,2,0,2,1,1,0,13,5,8
FISHER COUNTY,151,49 Years,42,18,24,28,11,17,3,2,1,0,0,0,11,5,6
FISHER COUNTY,151,50 Years,46,26,20,27,14,13,5,3,2,1,0,1,13,9,4
FISHER COUNTY,151,51 Years,52,27,25,32,17,15,3,0,3,1,0,1,16,10,6
FISHER COUNTY,151,52 Years,57,29,28,40,23,17,2,0,2,2,1,1,13,5,8
FISHER COUNTY,151,53 Years,59,28,31,44,23,21,1,0,1,1,1,0,13,4,9
FISHER COUNTY,151,54 Years,53,28,25,37,22,15,1,0,1,1,0,1,14,6,8
FISHER COUNTY,151,55 Years,65,38,27,45,26,19,2,2,0,1,1,0,17,9,8
FISHER COUNTY,151,56 Years,60,34,26,44,25,19,2,1,1,2,2,0,12,6,6
FISHER COUNTY,151,57 Years,56,27,29,42,18,24,3,3,0,0,0,0,11,6,5
FISHER COUNTY,151,58 Years,55,23,32,40,16,24,1,1,0,0,0,0,14,6,8
FISHER COUNTY,151,59 Years,64,33,31,48,23,25,0,0,0,0,0,0,16,10,6
FISHER COUNTY,151,60 Years,64,38,26,47,27,20,1,0,1,1,1,0,15,10,5
FISHER COUNTY,151,61 Years,60,30,30,47,22,25,0,0,0,1,1,0,12,7,5
FISHER COUNTY,151,62 Years,52,27,25,38,19,19,1,1,0,0,0,0,13,7,6
FISHER COUNTY,151,63 Years,54,27,27,44,21,23,0,0,0,1,1,0,9,5,4
FISHER COUNTY,151,64 Years,49,23,26,41,20,21,0,0,0,0,0,0,8,3,5
FISHER COUNTY,151,65 Years,56,26,30,40,19,21,2,0,2,2,1,1,12,6,6
FISHER COUNTY,151,66 Years,49,22,27,38,17,21,0,0,0,1,0,1,10,5,5
FISHER COUNTY,151,67 Years,53,22,31,43,21,22,3,0,3,0,0,0,7,1,6
FISHER COUNTY,151,68 Years,51,28,23,40,25,15,3,1,2,1,0,1,7,2,5
FISHER COUNTY,151,69 Years,47,26,21,34,19,15,3,1,2,1,1,0,9,5,4
FISHER COUNTY,151,70 Years,42,23,19,31,16,15,1,0,1,2,1,1,8,6,2
FISHER COUNTY,151,71 Years,44,25,19,34,18,16,1,1,0,1,1,0,8,5,3
FISHER COUNTY,151,72 Years,41,18,23,29,11,18,2,0,2,1,1,0,9,6,3
FISHER COUNTY,151,73 Years,42,15,27,31,11,20,1,0,1,1,0,1,9,4,5
FISHER COUNTY,151,74 Years,40,17,23,35,14,21,1,1,0,0,0,0,4,2,2
FISHER COUNTY,151,75 Years,43,16,27,34,13,21,0,0,0,0,0,0,9,3,6
FISHER COUNTY,151,76 Years,42,19,23,34,14,20,2,2,0,1,1,0,5,2,3
FISHER COUNTY,151,77 Years,38,17,21,28,12,16,1,1,0,1,0,1,8,4,4
FISHER COUNTY,151,78 Years,38,19,19,31,16,15,1,1,0,0,0,0,6,2,4
FISHER COUNTY,151,79 Years,37,19,18,28,15,13,1,0,1,0,0,0,8,4,4
FISHER COUNTY,151,80 Years,35,18,17,28,16,12,1,0,1,0,0,0,6,2,4
FISHER COUNTY,151,81 Years,29,15,14,25,14,11,0,0,0,0,0,0,4,1,3
FISHER COUNTY,151,82 Years,23,13,10,21,12,9,0,0,0,0,0,0,2,1,1
FISHER COUNTY,151,83 Years,23,9,14,16,8,8,2,0,2,0,0,0,5,1,4
FISHER COUNTY,151,84 Years,24,10,14,18,9,9,1,0,1,0,0,0,5,1,4
FISHER COUNTY,151,85 Years +,137,43,94,108,36,72,6,0,6,1,0,1,22,7,15
FLOYD COUNTY,153,All Ages,5881,2918,2963,2298,1121,1177,189,96,93,48,20,28,3346,1681,1665
FLOYD COUNTY,153,< 1 Year,72,38,34,11,6,5,0,0,0,0,0,0,61,32,29
FLOYD COUNTY,153,1 Years,71,35,36,10,5,5,1,1,0,0,0,0,60,29,31
FLOYD COUNTY,153,2 Years,77,36,41,11,6,5,2,1,1,0,0,0,64,29,35
FLOYD COUNTY,153,3 Years,84,39,45,15,7,8,1,0,1,3,1,2,65,31,34
FLOYD COUNTY,153,4 Years,89,44,45,17,10,7,2,1,1,2,1,1,68,32,36
FLOYD COUNTY,153,5 Years,94,50,44,18,13,5,2,0,2,2,1,1,72,36,36
FLOYD COUNTY,153,6 Years,77,38,39,18,11,7,2,0,2,0,0,0,57,27,30
FLOYD COUNTY,153,7 Years,92,46,46,18,7,11,2,0,2,1,1,0,71,38,33
FLOYD COUNTY,153,8 Years,85,47,38,16,9,7,4,2,2,0,0,0,65,36,29
FLOYD COUNTY,153,9 Years,90,51,39,19,12,7,2,1,1,1,0,1,68,38,30
FLOYD COUNTY,153,10 Years,94,48,46,16,9,7,3,2,1,1,0,1,74,37,37
FLOYD COUNTY,153,11 Years,87,40,47,21,9,12,2,1,1,1,0,1,63,30,33
FLOYD COUNTY,153,12 Years,91,48,43,25,15,10,3,2,1,1,0,1,62,31,31
FLOYD COUNTY,153,13 Years,92,47,45,24,13,11,4,2,2,1,1,0,63,31,32
FLOYD COUNTY,153,14 Years,83,47,36,17,10,7,3,2,1,0,0,0,63,35,28
FLOYD COUNTY,153,15 Years,91,54,37,23,13,10,3,2,1,1,0,1,64,39,25
FLOYD COUNTY,153,16 Years,98,52,46,23,11,12,5,4,1,0,0,0,70,37,33
FLOYD COUNTY,153,17 Years,95,55,40,22,13,9,3,3,0,0,0,0,70,39,31
FLOYD COUNTY,153,18 Years,96,46,50,27,13,14,1,1,0,2,1,1,66,31,35
FLOYD COUNTY,153,19 Years,80,43,37,23,11,12,2,1,1,0,0,0,55,31,24
FLOYD COUNTY,153,20 Years,87,48,39,25,12,13,3,2,1,1,1,0,58,33,25
FLOYD COUNTY,153,21 Years,93,45,48,27,11,16,3,3,0,0,0,0,63,31,32
FLOYD COUNTY,153,22 Years,98,54,44,24,11,13,5,4,1,2,1,1,67,38,29
FLOYD COUNTY,153,23 Years,87,45,42,28,15,13,2,1,1,1,0,1,56,29,27
FLOYD COUNTY,153,24 Years,59,31,28,13,8,5,3,2,1,2,1,1,41,20,21
FLOYD COUNTY,153,25 Years,57,26,31,13,9,4,3,2,1,1,1,0,40,14,26
FLOYD COUNTY,153,26 Years,60,26,34,19,11,8,2,1,1,1,0,1,38,14,24
FLOYD COUNTY,153,27 Years,60,32,28,18,12,6,1,0,1,1,0,1,40,20,20
FLOYD COUNTY,153,28 Years,55,26,29,20,11,9,1,0,1,1,0,1,33,15,18
FLOYD COUNTY,153,29 Years,57,26,31,19,10,9,2,1,1,0,0,0,36,15,21
FLOYD COUNTY,153,30 Years,62,33,29,23,12,11,1,0,1,1,1,0,37,20,17
FLOYD COUNTY,153,31 Years,51,24,27,19,8,11,1,1,0,0,0,0,31,15,16
FLOYD COUNTY,153,32 Years,60,28,32,19,6,13,3,2,1,0,0,0,38,20,18
FLOYD COUNTY,153,33 Years,57,32,25,20,11,9,4,1,3,0,0,0,33,20,13
FLOYD COUNTY,153,34 Years,63,26,37,17,10,7,3,2,1,0,0,0,43,14,29
FLOYD COUNTY,153,35 Years,61,29,32,18,9,9,1,1,0,1,0,1,41,19,22
FLOYD COUNTY,153,36 Years,52,26,26,18,8,10,0,0,0,0,0,0,34,18,16
FLOYD COUNTY,153,37 Years,55,27,28,23,11,12,1,1,0,0,0,0,31,15,16
FLOYD COUNTY,153,38 Years,55,29,26,19,11,8,1,0,1,0,0,0,35,18,17
FLOYD COUNTY,153,39 Years,63,23,40,18,8,10,1,0,1,0,0,0,44,15,29
FLOYD COUNTY,153,40 Years,56,22,34,18,9,9,2,0,2,0,0,0,36,13,23
FLOYD COUNTY,153,41 Years,57,27,30,20,9,11,2,1,1,0,0,0,35,17,18
FLOYD COUNTY,153,42 Years,56,26,30,16,5,11,1,0,1,0,0,0,39,21,18
FLOYD COUNTY,153,43 Years,62,33,29,20,9,11,1,1,0,1,1,0,40,22,18
FLOYD COUNTY,153,44 Years,76,43,33,25,13,12,2,2,0,0,0,0,49,28,21
FLOYD COUNTY,153,45 Years,72,39,33,21,11,10,2,1,1,1,0,1,48,27,21
FLOYD COUNTY,153,46 Years,64,35,29,25,12,13,1,0,1,0,0,0,38,23,15
FLOYD COUNTY,153,47 Years,59,26,33,28,10,18,1,0,1,0,0,0,30,16,14
FLOYD COUNTY,153,48 Years,71,38,33,34,17,17,3,2,1,0,0,0,34,19,15
FLOYD COUNTY,153,49 Years,66,30,36,25,12,13,4,2,2,1,0,1,36,16,20
FLOYD COUNTY,153,50 Years,68,31,37,30,16,14,4,2,2,0,0,0,34,13,21
FLOYD COUNTY,153,51 Years,74,33,41,38,18,20,4,3,1,0,0,0,32,12,20
FLOYD COUNTY,153,52 Years,67,30,37,34,15,19,2,2,0,0,0,0,31,13,18
FLOYD COUNTY,153,53 Years,77,34,43,38,15,23,2,1,1,0,0,0,37,18,19
FLOYD COUNTY,153,54 Years,82,43,39,41,20,21,2,1,1,0,0,0,39,22,17
FLOYD COUNTY,153,55 Years,86,48,38,50,26,24,2,0,2,1,1,0,33,21,12
FLOYD COUNTY,153,56 Years,83,43,40,47,21,26,2,0,2,1,1,0,33,21,12
FLOYD COUNTY,153,57 Years,75,42,33,42,26,16,3,1,2,1,0,1,29,15,14
FLOYD COUNTY,153,58 Years,67,36,31,31,19,12,2,1,1,1,1,0,33,15,18
FLOYD COUNTY,153,59 Years,72,39,33,36,20,16,1,0,1,1,1,0,34,18,16
FLOYD COUNTY,153,60 Years,83,44,39,44,22,22,3,1,2,1,1,0,35,20,15
FLOYD COUNTY,153,61 Years,72,40,32,38,23,15,3,1,2,1,1,0,30,15,15
FLOYD COUNTY,153,62 Years,79,46,33,44,22,22,5,4,1,1,1,0,29,19,10
FLOYD COUNTY,153,63 Years,81,41,40,46,26,20,4,3,1,1,1,0,30,11,19
FLOYD COUNTY,153,64 Years,68,31,37,37,19,18,2,1,1,0,0,0,29,11,18
FLOYD COUNTY,153,65 Years,61,29,32,37,19,18,2,1,1,1,0,1,21,9,12
FLOYD COUNTY,153,66 Years,58,25,33,34,15,19,1,0,1,1,0,1,22,10,12
FLOYD COUNTY,153,67 Years,55,28,27,27,11,16,3,3,0,0,0,0,25,14,11
FLOYD COUNTY,153,68 Years,49,25,24,27,15,12,2,1,1,0,0,0,20,9,11
FLOYD COUNTY,153,69 Years,54,28,26,34,19,15,1,0,1,0,0,0,19,9,10
FLOYD COUNTY,153,70 Years,50,21,29,30,11,19,1,0,1,0,0,0,19,10,9
FLOYD COUNTY,153,71 Years,48,23,25,29,12,17,1,0,1,1,0,1,17,11,6
FLOYD COUNTY,153,72 Years,56,23,33,37,16,21,1,0,1,0,0,0,18,7,11
FLOYD COUNTY,153,73 Years,55,19,36,33,11,22,2,1,1,2,0,2,18,7,11
FLOYD COUNTY,153,74 Years,52,25,27,33,17,16,3,2,1,1,0,1,15,6,9
FLOYD COUNTY,153,75 Years,48,21,27,32,14,18,1,0,1,1,0,1,14,7,7
FLOYD COUNTY,153,76 Years,46,19,27,29,12,17,1,0,1,0,0,0,16,7,9
FLOYD COUNTY,153,77 Years,40,18,22,26,11,15,1,1,0,0,0,0,13,6,7
FLOYD COUNTY,153,78 Years,39,19,20,23,11,12,2,2,0,0,0,0,14,6,8
FLOYD COUNTY,153,79 Years,40,21,19,30,14,16,2,2,0,0,0,0,8,5,3
FLOYD COUNTY,153,80 Years,34,15,19,26,10,16,1,0,1,0,0,0,7,5,2
FLOYD COUNTY,153,81 Years,29,10,19,17,6,11,1,0,1,0,0,0,11,4,7
FLOYD COUNTY,153,82 Years,34,13,21,17,7,10,4,0,4,0,0,0,13,6,7
FLOYD COUNTY,153,83 Years,25,11,14,18,7,11,1,0,1,0,0,0,6,4,2
FLOYD COUNTY,153,84 Years,29,13,16,21,9,12,1,0,1,0,0,0,7,4,3
FLOYD COUNTY,153,85 Years +,176,72,104,136,52,84,9,3,6,1,0,1,30,17,13
FOARD COUNTY,155,All Ages,1213,594,619,958,461,497,56,26,30,5,3,2,194,104,90
FOARD COUNTY,155,< 1 Year,9,4,5,6,2,4,0,0,0,0,0,0,3,2,1
FOARD COUNTY,155,1 Years,10,5,5,6,2,4,0,0,0,0,0,0,4,3,1
FOARD COUNTY,155,2 Years,14,6,8,8,3,5,2,1,1,0,0,0,4,2,2
FOARD COUNTY,155,3 Years,15,7,8,8,4,4,2,1,1,0,0,0,5,2,3
FOARD COUNTY,155,4 Years,17,9,8,8,4,4,3,2,1,0,0,0,6,3,3
FOARD COUNTY,155,5 Years,14,4,10,7,2,5,2,1,1,0,0,0,5,1,4
FOARD COUNTY,155,6 Years,12,5,7,9,4,5,1,0,1,1,0,1,1,1,0
FOARD COUNTY,155,7 Years,11,7,4,8,5,3,0,0,0,0,0,0,3,2,1
FOARD COUNTY,155,8 Years,7,3,4,6,2,4,0,0,0,0,0,0,1,1,0
FOARD COUNTY,155,9 Years,9,5,4,7,4,3,0,0,0,0,0,0,2,1,1
FOARD COUNTY,155,10 Years,13,5,8,8,3,5,0,0,0,0,0,0,5,2,3
FOARD COUNTY,155,11 Years,13,6,7,8,4,4,1,0,1,0,0,0,4,2,2
FOARD COUNTY,155,12 Years,11,7,4,7,4,3,2,1,1,0,0,0,2,2,0
FOARD COUNTY,155,13 Years,17,8,9,14,7,7,2,1,1,0,0,0,1,0,1
FOARD COUNTY,155,14 Years,15,5,10,12,4,8,2,1,1,0,0,0,1,0,1
FOARD COUNTY,155,15 Years,13,6,7,10,3,7,2,2,0,0,0,0,1,1,0
FOARD COUNTY,155,16 Years,11,4,7,6,1,5,1,1,0,0,0,0,4,2,2
FOARD COUNTY,155,17 Years,15,7,8,10,5,5,2,0,2,0,0,0,3,2,1
FOARD COUNTY,155,18 Years,13,7,6,8,4,4,1,0,1,0,0,0,4,3,1
FOARD COUNTY,155,19 Years,14,5,9,10,4,6,2,1,1,0,0,0,2,0,2
FOARD COUNTY,155,20 Years,20,11,9,14,9,5,2,1,1,0,0,0,4,1,3
FOARD COUNTY,155,21 Years,18,10,8,12,8,4,0,0,0,0,0,0,6,2,4
FOARD COUNTY,155,22 Years,16,10,6,9,7,2,1,0,1,0,0,0,6,3,3
FOARD COUNTY,155,23 Years,19,7,12,15,6,9,1,0,1,0,0,0,3,1,2
FOARD COUNTY,155,24 Years,14,4,10,11,3,8,0,0,0,0,0,0,3,1,2
FOARD COUNTY,155,25 Years,13,4,9,11,4,7,0,0,0,0,0,0,2,0,2
FOARD COUNTY,155,26 Years,13,7,6,9,6,3,2,0,2,0,0,0,2,1,1
FOARD COUNTY,155,27 Years,9,3,6,6,3,3,1,0,1,0,0,0,2,0,2
FOARD COUNTY,155,28 Years,7,3,4,5,2,3,0,0,0,0,0,0,2,1,1
FOARD COUNTY,155,29 Years,14,8,6,10,6,4,0,0,0,0,0,0,4,2,2
FOARD COUNTY,155,30 Years,12,6,6,8,3,5,0,0,0,0,0,0,4,3,1
FOARD COUNTY,155,31 Years,10,7,3,6,4,2,1,1,0,0,0,0,3,2,1
FOARD COUNTY,155,32 Years,15,11,4,11,8,3,1,0,1,0,0,0,3,3,0
FOARD COUNTY,155,33 Years,11,7,4,10,6,4,0,0,0,0,0,0,1,1,0
FOARD COUNTY,155,34 Years,7,3,4,5,1,4,0,0,0,0,0,0,2,2,0
FOARD COUNTY,155,35 Years,10,5,5,7,4,3,0,0,0,0,0,0,3,1,2
FOARD COUNTY,155,36 Years,7,4,3,5,3,2,0,0,0,0,0,0,2,1,1
FOARD COUNTY,155,37 Years,6,4,2,5,3,2,0,0,0,0,0,0,1,1,0
FOARD COUNTY,155,38 Years,6,3,3,4,2,2,0,0,0,0,0,0,2,1,1
FOARD COUNTY,155,39 Years,12,6,6,10,5,5,1,0,1,0,0,0,1,1,0
FOARD COUNTY,155,40 Years,12,6,6,10,6,4,1,0,1,0,0,0,1,0,1
FOARD COUNTY,155,41 Years,8,4,4,5,2,3,0,0,0,0,0,0,3,2,1
FOARD COUNTY,155,42 Years,8,5,3,6,3,3,1,1,0,0,0,0,1,1,0
FOARD COUNTY,155,43 Years,10,6,4,8,5,3,0,0,0,0,0,0,2,1,1
FOARD COUNTY,155,44 Years,17,8,9,14,6,8,2,1,1,0,0,0,1,1,0
FOARD COUNTY,155,45 Years,17,7,10,15,6,9,0,0,0,0,0,0,2,1,1
FOARD COUNTY,155,46 Years,12,6,6,11,6,5,0,0,0,0,0,0,1,0,1
FOARD COUNTY,155,47 Years,19,11,8,14,9,5,2,1,1,0,0,0,3,1,2
FOARD COUNTY,155,48 Years,15,9,6,11,5,6,1,1,0,0,0,0,3,3,0
FOARD COUNTY,155,49 Years,15,5,10,12,3,9,0,0,0,0,0,0,3,2,1
FOARD COUNTY,155,50 Years,14,7,7,9,4,5,1,1,0,0,0,0,4,2,2
FOARD COUNTY,155,51 Years,24,13,11,20,10,10,1,1,0,0,0,0,3,2,1
FOARD COUNTY,155,52 Years,19,11,8,13,7,6,0,0,0,0,0,0,6,4,2
FOARD COUNTY,155,53 Years,20,11,9,15,8,7,1,1,0,0,0,0,4,2,2
FOARD COUNTY,155,54 Years,22,13,9,17,10,7,1,1,0,0,0,0,4,2,2
FOARD COUNTY,155,55 Years,21,13,8,19,13,6,0,0,0,0,0,0,2,0,2
FOARD COUNTY,155,56 Years,16,10,6,14,8,6,0,0,0,0,0,0,2,2,0
FOARD COUNTY,155,57 Years,15,10,5,11,7,4,0,0,0,2,2,0,2,1,1
FOARD COUNTY,155,58 Years,21,9,12,19,8,11,1,0,1,0,0,0,1,1,0
FOARD COUNTY,155,59 Years,16,6,10,14,4,10,0,0,0,0,0,0,2,2,0
FOARD COUNTY,155,60 Years,10,5,5,7,3,4,0,0,0,0,0,0,3,2,1
FOARD COUNTY,155,61 Years,9,5,4,7,3,4,0,0,0,0,0,0,2,2,0
FOARD COUNTY,155,62 Years,15,8,7,13,7,6,0,0,0,0,0,0,2,1,1
FOARD COUNTY,155,63 Years,19,11,8,17,9,8,1,1,0,1,1,0,0,0,0
FOARD COUNTY,155,64 Years,21,13,8,19,11,8,1,1,0,0,0,0,1,1,0
FOARD COUNTY,155,65 Years,15,7,8,13,6,7,1,1,0,0,0,0,1,0,1
FOARD COUNTY,155,66 Years,17,9,8,16,9,7,0,0,0,0,0,0,1,0,1
FOARD COUNTY,155,67 Years,18,10,8,17,10,7,0,0,0,0,0,0,1,0,1
FOARD COUNTY,155,68 Years,16,7,9,16,7,9,0,0,0,0,0,0,0,0,0
FOARD COUNTY,155,69 Years,16,7,9,16,7,9,0,0,0,0,0,0,0,0,0
FOARD COUNTY,155,70 Years,16,7,9,13,5,8,0,0,0,0,0,0,3,2,1
FOARD COUNTY,155,71 Years,15,6,9,12,5,7,1,0,1,0,0,0,2,1,1
FOARD COUNTY,155,72 Years,16,9,7,14,8,6,0,0,0,0,0,0,2,1,1
FOARD COUNTY,155,73 Years,13,8,5,13,8,5,0,0,0,0,0,0,0,0,0
FOARD COUNTY,155,74 Years,15,8,7,13,7,6,0,0,0,0,0,0,2,1,1
FOARD COUNTY,155,75 Years,16,6,10,15,6,9,0,0,0,0,0,0,1,0,1
FOARD COUNTY,155,76 Years,19,6,13,17,6,11,2,0,2,0,0,0,0,0,0
FOARD COUNTY,155,77 Years,12,3,9,11,3,8,0,0,0,0,0,0,1,0,1
FOARD COUNTY,155,78 Years,13,5,8,11,4,7,2,1,1,0,0,0,0,0,0
FOARD COUNTY,155,79 Years,13,6,7,11,6,5,0,0,0,1,0,1,1,0,1
FOARD COUNTY,155,80 Years,12,6,6,11,6,5,0,0,0,0,0,0,1,0,1
FOARD COUNTY,155,81 Years,9,4,5,9,4,5,0,0,0,0,0,0,0,0,0
FOARD COUNTY,155,82 Years,11,6,5,10,5,5,0,0,0,0,0,0,1,1,0
FOARD COUNTY,155,83 Years,9,3,6,9,3,6,0,0,0,0,0,0,0,0,0
FOARD COUNTY,155,84 Years,7,3,4,6,2,4,0,0,0,0,0,0,1,1,0
FOARD COUNTY,155,85 Years +,48,18,30,46,17,29,1,0,1,0,0,0,1,1,0
FORT BEND COUNTY,157,All Ages,716491,350343,366148,232428,114842,117586,152189,71476,80713,149192,73623,75569,182682,90402,92280
FORT BEND COUNTY,157,< 1 Year,8848,4519,4329,2436,1249,1187,1790,909,881,2075,1089,986,2547,1272,1275
FORT BEND COUNTY,157,1 Years,8520,4369,4151,2410,1229,1181,1660,846,814,1959,1039,920,2491,1255,1236
FORT BEND COUNTY,157,2 Years,8123,4176,3947,2349,1182,1167,1518,782,736,1849,986,863,2407,1226,1181
FORT BEND COUNTY,157,3 Years,7821,4023,3798,2267,1153,1114,1442,745,697,1753,919,834,2359,1206,1153
FORT BEND COUNTY,157,4 Years,7954,4096,3858,2221,1139,1082,1470,757,713,1796,938,858,2467,1262,1205
FORT BEND COUNTY,157,5 Years,8614,4446,4168,2392,1284,1108,1612,804,808,1920,1001,919,2690,1357,1333
FORT BEND COUNTY,157,6 Years,9955,5067,4888,2802,1443,1359,1942,966,976,2219,1154,1065,2992,1504,1488
FORT BEND COUNTY,157,7 Years,10603,5389,5214,2935,1471,1464,2129,1072,1057,2413,1253,1160,3126,1593,1533
FORT BEND COUNTY,157,8 Years,11377,5761,5616,3144,1564,1580,2320,1171,1149,2553,1329,1224,3360,1697,1663
FORT BEND COUNTY,157,9 Years,11954,6125,5829,3426,1739,1687,2431,1254,1177,2544,1319,1225,3553,1813,1740
FORT BEND COUNTY,157,10 Years,12435,6317,6118,3554,1778,1776,2585,1307,1278,2520,1305,1215,3776,1927,1849
FORT BEND COUNTY,157,11 Years,12871,6521,6350,3630,1764,1866,2781,1432,1349,2524,1318,1206,3936,2007,1929
FORT BEND COUNTY,157,12 Years,13003,6618,6385,3589,1742,1847,2899,1531,1368,2453,1283,1170,4062,2062,2000
FORT BEND COUNTY,157,13 Years,12966,6707,6259,3560,1796,1764,2988,1556,1432,2326,1258,1068,4092,2097,1995
FORT BEND COUNTY,157,14 Years,13246,6849,6397,3538,1805,1733,3176,1624,1552,2453,1314,1139,4079,2106,1973
FORT BEND COUNTY,157,15 Years,13321,6884,6437,3551,1856,1695,3242,1652,1590,2469,1277,1192,4059,2099,1960
FORT BEND COUNTY,157,16 Years,13209,6739,6470,3397,1742,1655,3289,1661,1628,2522,1284,1238,4001,2052,1949
FORT BEND COUNTY,157,17 Years,13046,6686,6360,3300,1678,1622,3327,1669,1658,2611,1361,1250,3808,1978,1830
FORT BEND COUNTY,157,18 Years,12380,6460,5920,3185,1655,1530,3143,1627,1516,2511,1324,1187,3541,1854,1687
FORT BEND COUNTY,157,19 Years,11291,5908,5383,2811,1463,1348,2876,1488,1388,2288,1212,1076,3316,1745,1571
FORT BEND COUNTY,157,20 Years,10601,5501,5100,2532,1304,1228,2705,1375,1330,2174,1125,1049,3190,1697,1493
FORT BEND COUNTY,157,21 Years,10204,5277,4927,2462,1237,1225,2603,1349,1254,2057,1062,995,3082,1629,1453
FORT BEND COUNTY,157,22 Years,9846,5187,4659,2417,1250,1167,2546,1345,1201,1955,1029,926,2928,1563,1365
FORT BEND COUNTY,157,23 Years,8900,4725,4175,2264,1180,1084,2262,1184,1078,1691,891,800,2683,1470,1213
FORT BEND COUNTY,157,24 Years,7513,3963,3550,1691,862,829,1942,1031,911,1423,721,702,2457,1349,1108
FORT BEND COUNTY,157,25 Years,6890,3590,3300,1473,757,716,1743,908,835,1370,682,688,2304,1243,1061
FORT BEND COUNTY,157,26 Years,6579,3454,3125,1503,785,718,1577,819,758,1319,675,644,2180,1175,1005
FORT BEND COUNTY,157,27 Years,6328,3197,3131,1542,765,777,1396,663,733,1306,641,665,2084,1128,956
FORT BEND COUNTY,157,28 Years,6535,3315,3220,1727,856,871,1349,668,681,1345,680,665,2114,1111,1003
FORT BEND COUNTY,157,29 Years,6805,3422,3383,1851,939,912,1334,648,686,1404,695,709,2216,1140,1076
FORT BEND COUNTY,157,30 Years,7334,3603,3731,2143,1066,1077,1400,667,733,1491,752,739,2300,1118,1182
FORT BEND COUNTY,157,31 Years,7544,3582,3962,2218,1073,1145,1421,651,770,1523,741,782,2382,1117,1265
FORT BEND COUNTY,157,32 Years,8261,3926,4335,2541,1236,1305,1534,705,829,1535,735,800,2651,1250,1401
FORT BEND COUNTY,157,33 Years,8836,4191,4645,2739,1319,1420,1689,760,929,1595,764,831,2813,1348,1465
FORT BEND COUNTY,157,34 Years,9181,4290,4891,2863,1379,1484,1808,797,1011,1645,767,878,2865,1347,1518
FORT BEND COUNTY,157,35 Years,9492,4348,5144,2906,1382,1524,1984,837,1147,1741,766,975,2861,1363,1498
FORT BEND COUNTY,157,36 Years,9500,4338,5162,2887,1381,1506,1928,787,1141,1809,784,1025,2876,1386,1490
FORT BEND COUNTY,157,37 Years,9651,4416,5235,2916,1381,1535,1883,784,1099,1905,825,1080,2947,1426,1521
FORT BEND COUNTY,157,38 Years,9994,4503,5491,3011,1423,1588,1962,817,1145,2003,844,1159,3018,1419,1599
FORT BEND COUNTY,157,39 Years,10500,4763,5737,3109,1483,1626,2104,870,1234,2145,920,1225,3142,1490,1652
FORT BEND COUNTY,157,40 Years,11139,5045,6094,3370,1594,1776,2252,935,1317,2307,984,1323,3210,1532,1678
FORT BEND COUNTY,157,41 Years,11380,5145,6235,3417,1645,1772,2491,1022,1469,2392,1039,1353,3080,1439,1641
FORT BEND COUNTY,157,42 Years,11877,5411,6466,3574,1736,1838,2728,1132,1596,2453,1103,1350,3122,1440,1682
FORT BEND COUNTY,157,43 Years,12265,5584,6681,3843,1858,1985,2844,1183,1661,2460,1098,1362,3118,1445,1673
FORT BEND COUNTY,157,44 Years,12518,5782,6736,4022,1949,2073,2899,1229,1670,2545,1164,1381,3052,1440,1612
FORT BEND COUNTY,157,45 Years,12223,5670,6553,3980,1922,2058,2746,1172,1574,2577,1194,1383,2920,1382,1538
FORT BEND COUNTY,157,46 Years,11555,5412,6143,3718,1796,1922,2608,1150,1458,2544,1186,1358,2685,1280,1405
FORT BEND COUNTY,157,47 Years,11087,5288,5799,3588,1806,1782,2502,1118,1384,2456,1160,1296,2541,1204,1337
FORT BEND COUNTY,157,48 Years,10841,5241,5600,3540,1786,1754,2378,1080,1298,2506,1217,1289,2417,1158,1259
FORT BEND COUNTY,157,49 Years,10748,5207,5541,3475,1734,1741,2333,1071,1262,2534,1245,1289,2406,1157,1249
FORT BEND COUNTY,157,50 Years,10733,5206,5527,3624,1821,1803,2313,1040,1273,2473,1224,1249,2323,1121,1202
FORT BEND COUNTY,157,51 Years,10684,5091,5593,3660,1780,1880,2287,1002,1285,2518,1256,1262,2219,1053,1166
FORT BEND COUNTY,157,52 Years,10624,5161,5463,3787,1903,1884,2226,1008,1218,2495,1242,1253,2116,1008,1108
FORT BEND COUNTY,157,53 Years,10294,5024,5270,3880,1931,1949,2147,994,1153,2289,1141,1148,1978,958,1020
FORT BEND COUNTY,157,54 Years,10221,4911,5310,3949,1915,2034,2158,1003,1155,2249,1099,1150,1865,894,971
FORT BEND COUNTY,157,55 Years,10401,5098,5303,4214,2106,2108,2178,1029,1149,2189,1066,1123,1820,897,923
FORT BEND COUNTY,157,56 Years,10221,4957,5264,4359,2154,2205,2079,950,1129,2059,1006,1053,1724,847,877
FORT BEND COUNTY,157,57 Years,9992,4864,5128,4334,2186,2148,2038,916,1122,1988,982,1006,1632,780,852
FORT BEND COUNTY,157,58 Years,9662,4735,4927,4237,2162,2075,1959,887,1072,1925,941,984,1541,745,796
FORT BEND COUNTY,157,59 Years,9245,4596,4649,3949,2035,1914,1906,891,1015,1918,944,974,1472,726,746
FORT BEND COUNTY,157,60 Years,8743,4242,4501,3726,1860,1866,1873,862,1011,1780,875,905,1364,645,719
FORT BEND COUNTY,157,61 Years,8054,3897,4157,3465,1749,1716,1702,741,961,1644,833,811,1243,574,669
FORT BEND COUNTY,157,62 Years,7747,3737,4010,3348,1679,1669,1611,695,916,1632,810,822,1156,553,603
FORT BEND COUNTY,157,63 Years,7364,3521,3843,3243,1659,1584,1527,621,906,1501,709,792,1093,532,561
FORT BEND COUNTY,157,64 Years,6835,3290,3545,2945,1483,1462,1414,621,793,1492,705,787,984,481,503
FORT BEND COUNTY,157,65 Years,6567,3184,3383,2789,1400,1389,1377,621,756,1457,706,751,944,457,487
FORT BEND COUNTY,157,66 Years,6105,2931,3174,2594,1299,1295,1307,567,740,1338,650,688,866,415,451
FORT BEND COUNTY,157,67 Years,5827,2771,3056,2600,1299,1301,1163,507,656,1240,598,642,824,367,457
FORT BEND COUNTY,157,68 Years,5546,2655,2891,2608,1309,1299,991,422,569,1180,581,599,767,343,424
FORT BEND COUNTY,157,69 Years,4514,2152,2362,1986,988,998,788,343,445,1055,515,540,685,306,379
FORT BEND COUNTY,157,70 Years,4052,1903,2149,1791,869,922,690,292,398,984,481,503,587,261,326
FORT BEND COUNTY,157,71 Years,3812,1800,2012,1766,873,893,629,250,379,889,453,436,528,224,304
FORT BEND COUNTY,157,72 Years,3474,1670,1804,1643,807,836,540,229,311,808,429,379,483,205,278
FORT BEND COUNTY,157,73 Years,3036,1453,1583,1402,680,722,461,197,264,743,375,368,430,201,229
FORT BEND COUNTY,157,74 Years,2757,1271,1486,1229,578,651,424,177,247,685,332,353,419,184,235
FORT BEND COUNTY,157,75 Years,2507,1175,1332,1134,533,601,365,153,212,618,322,296,390,167,223
FORT BEND COUNTY,157,76 Years,2253,1039,1214,1050,490,560,331,137,194,532,280,252,340,132,208
FORT BEND COUNTY,157,77 Years,2036,904,1132,953,431,522,295,108,187,466,237,229,322,128,194
FORT BEND COUNTY,157,78 Years,1797,782,1015,835,384,451,252,89,163,418,200,218,292,109,183
FORT BEND COUNTY,157,79 Years,1683,709,974,803,354,449,221,82,139,388,179,209,271,94,177
FORT BEND COUNTY,157,80 Years,1498,646,852,733,313,420,192,75,117,334,161,173,239,97,142
FORT BEND COUNTY,157,81 Years,1302,546,756,667,272,395,173,64,109,261,131,130,201,79,122
FORT BEND COUNTY,157,82 Years,1241,502,739,658,263,395,160,54,106,235,111,124,188,74,114
FORT BEND COUNTY,157,83 Years,1126,457,669,616,245,371,124,40,84,204,100,104,182,72,110
FORT BEND COUNTY,157,84 Years,1042,400,642,576,222,354,110,34,76,185,81,104,171,63,108
FORT BEND COUNTY,157,85 Years +,5832,2027,3805,3456,1194,2262,607,165,442,1052,416,636,717,252,465
FRANKLIN COUNTY,159,All Ages,10793,5490,5303,8427,4255,4172,433,218,215,291,125,166,1642,892,750
FRANKLIN COUNTY,159,< 1 Year,115,65,50,74,40,34,5,2,3,6,4,2,30,19,11
FRANKLIN COUNTY,159,1 Years,115,61,54,71,38,33,8,4,4,7,3,4,29,16,13
FRANKLIN COUNTY,159,2 Years,106,51,55,59,29,30,7,4,3,7,2,5,33,16,17
FRANKLIN COUNTY,159,3 Years,118,59,59,69,33,36,7,5,2,7,2,5,35,19,16
FRANKLIN COUNTY,159,4 Years,118,56,62,67,32,35,4,2,2,6,2,4,41,20,21
FRANKLIN COUNTY,159,5 Years,153,76,77,92,44,48,6,3,3,7,6,1,48,23,25
FRANKLIN COUNTY,159,6 Years,139,74,65,88,50,38,2,1,1,5,3,2,44,20,24
FRANKLIN COUNTY,159,7 Years,143,79,64,85,51,34,5,1,4,6,2,4,47,25,22
FRANKLIN COUNTY,159,8 Years,159,83,76,100,50,50,8,4,4,5,2,3,46,27,19
FRANKLIN COUNTY,159,9 Years,148,76,72,97,49,48,6,2,4,7,3,4,38,22,16
FRANKLIN COUNTY,159,10 Years,174,93,81,114,63,51,8,4,4,10,4,6,42,22,20
FRANKLIN COUNTY,159,11 Years,177,105,72,114,71,43,10,6,4,11,5,6,42,23,19
FRANKLIN COUNTY,159,12 Years,137,79,58,89,55,34,9,6,3,3,1,2,36,17,19
FRANKLIN COUNTY,159,13 Years,160,90,70,113,64,49,8,6,2,5,2,3,34,18,16
FRANKLIN COUNTY,159,14 Years,157,90,67,111,64,47,11,5,6,5,2,3,30,19,11
FRANKLIN COUNTY,159,15 Years,159,82,77,109,61,48,14,6,8,4,2,2,32,13,19
FRANKLIN COUNTY,159,16 Years,148,73,75,105,57,48,7,3,4,3,1,2,33,12,21
FRANKLIN COUNTY,159,17 Years,145,76,69,103,59,44,5,2,3,6,1,5,31,14,17
FRANKLIN COUNTY,159,18 Years,145,80,65,102,58,44,4,1,3,9,3,6,30,18,12
FRANKLIN COUNTY,159,19 Years,127,71,56,92,51,41,3,2,1,3,1,2,29,17,12
FRANKLIN COUNTY,159,20 Years,124,63,61,84,41,43,7,4,3,6,4,2,27,14,13
FRANKLIN COUNTY,159,21 Years,132,70,62,89,50,39,6,2,4,4,1,3,33,17,16
FRANKLIN COUNTY,159,22 Years,140,77,63,92,50,42,8,4,4,3,2,1,37,21,16
FRANKLIN COUNTY,159,23 Years,142,74,68,93,46,47,8,6,2,7,4,3,34,18,16
FRANKLIN COUNTY,159,24 Years,132,71,61,86,43,43,8,6,2,4,2,2,34,20,14
FRANKLIN COUNTY,159,25 Years,133,72,61,91,46,45,7,5,2,3,1,2,32,20,12
FRANKLIN COUNTY,159,26 Years,125,65,60,94,48,46,3,1,2,3,1,2,25,15,10
FRANKLIN COUNTY,159,27 Years,126,65,61,92,44,48,5,2,3,3,2,1,26,17,9
FRANKLIN COUNTY,159,28 Years,117,58,59,82,41,41,3,1,2,2,2,0,30,14,16
FRANKLIN COUNTY,159,29 Years,112,51,61,79,35,44,3,2,1,2,1,1,28,13,15
FRANKLIN COUNTY,159,30 Years,101,48,53,73,35,38,3,0,3,2,1,1,23,12,11
FRANKLIN COUNTY,159,31 Years,89,44,45,66,30,36,6,3,3,0,0,0,17,11,6
FRANKLIN COUNTY,159,32 Years,92,46,46,66,29,37,8,5,3,1,0,1,17,12,5
FRANKLIN COUNTY,159,33 Years,103,48,55,73,33,40,5,2,3,1,0,1,24,13,11
FRANKLIN COUNTY,159,34 Years,93,49,44,74,35,39,1,1,0,0,0,0,18,13,5
FRANKLIN COUNTY,159,35 Years,114,53,61,89,38,51,8,3,5,2,1,1,15,11,4
FRANKLIN COUNTY,159,36 Years,98,49,49,72,36,36,8,4,4,3,0,3,15,9,6
FRANKLIN COUNTY,159,37 Years,97,55,42,68,36,32,6,5,1,2,1,1,21,13,8
FRANKLIN COUNTY,159,38 Years,97,42,55,69,30,39,7,3,4,4,2,2,17,7,10
FRANKLIN COUNTY,159,39 Years,94,47,47,71,35,36,7,4,3,1,0,1,15,8,7
FRANKLIN COUNTY,159,40 Years,100,42,58,77,34,43,4,2,2,3,1,2,16,5,11
FRANKLIN COUNTY,159,41 Years,97,47,50,75,38,37,3,1,2,2,1,1,17,7,10
FRANKLIN COUNTY,159,42 Years,114,61,53,88,46,42,3,1,2,5,2,3,18,12,6
FRANKLIN COUNTY,159,43 Years,117,61,56,89,49,40,3,0,3,2,1,1,23,11,12
FRANKLIN COUNTY,159,44 Years,123,65,58,94,51,43,4,2,2,4,2,2,21,10,11
FRANKLIN COUNTY,159,45 Years,122,70,52,93,53,40,7,4,3,4,3,1,18,10,8
FRANKLIN COUNTY,159,46 Years,134,75,59,113,64,49,6,3,3,5,3,2,10,5,5
FRANKLIN COUNTY,159,47 Years,120,67,53,96,53,43,4,2,2,3,2,1,17,10,7
FRANKLIN COUNTY,159,48 Years,116,56,60,88,43,45,6,2,4,2,0,2,20,11,9
FRANKLIN COUNTY,159,49 Years,128,62,66,105,51,54,5,2,3,2,2,0,16,7,9
FRANKLIN COUNTY,159,50 Years,146,70,76,120,59,61,5,2,3,3,1,2,18,8,10
FRANKLIN COUNTY,159,51 Years,154,72,82,126,53,73,4,4,0,5,2,3,19,13,6
FRANKLIN COUNTY,159,52 Years,160,89,71,134,71,63,6,5,1,2,1,1,18,12,6
FRANKLIN COUNTY,159,53 Years,147,79,68,121,61,60,5,3,2,4,2,2,17,13,4
FRANKLIN COUNTY,159,54 Years,144,73,71,123,60,63,5,3,2,1,1,0,15,9,6
FRANKLIN COUNTY,159,55 Years,147,73,74,122,61,61,5,2,3,5,2,3,15,8,7
FRANKLIN COUNTY,159,56 Years,157,79,78,132,64,68,6,3,3,3,2,1,16,10,6
FRANKLIN COUNTY,159,57 Years,147,73,74,129,63,66,4,2,2,4,2,2,10,6,4
FRANKLIN COUNTY,159,58 Years,150,74,76,128,63,65,6,2,4,3,1,2,13,8,5
FRANKLIN COUNTY,159,59 Years,144,75,69,126,65,61,8,4,4,1,0,1,9,6,3
FRANKLIN COUNTY,159,60 Years,135,74,61,116,62,54,11,7,4,1,0,1,7,5,2
FRANKLIN COUNTY,159,61 Years,134,63,71,121,59,62,2,1,1,2,0,2,9,3,6
FRANKLIN COUNTY,159,62 Years,148,69,79,132,63,69,5,3,2,3,1,2,8,2,6
FRANKLIN COUNTY,159,63 Years,162,71,91,145,66,79,5,2,3,3,1,2,9,2,7
FRANKLIN COUNTY,159,64 Years,153,77,76,136,71,65,4,1,3,3,1,2,10,4,6
FRANKLIN COUNTY,159,65 Years,151,86,65,137,79,58,4,2,2,4,1,3,6,4,2
FRANKLIN COUNTY,159,66 Years,156,85,71,144,79,65,2,1,1,4,1,3,6,4,2
FRANKLIN COUNTY,159,67 Years,153,74,79,145,71,74,2,1,1,4,0,4,2,2,0
FRANKLIN COUNTY,159,68 Years,154,66,88,145,61,84,1,0,1,3,0,3,5,5,0
FRANKLIN COUNTY,159,69 Years,137,65,72,125,57,68,2,1,1,3,1,2,7,6,1
FRANKLIN COUNTY,159,70 Years,109,58,51,102,55,47,1,0,1,2,1,1,4,2,2
FRANKLIN COUNTY,159,71 Years,124,64,60,113,59,54,4,3,1,3,1,2,4,1,3
FRANKLIN COUNTY,159,72 Years,120,57,63,114,55,59,4,2,2,1,0,1,1,0,1
FRANKLIN COUNTY,159,73 Years,109,52,57,106,50,56,1,0,1,1,1,0,1,1,0
FRANKLIN COUNTY,159,74 Years,98,54,44,91,49,42,2,1,1,2,1,1,3,3,0
FRANKLIN COUNTY,159,75 Years,86,47,39,80,44,36,1,0,1,3,2,1,2,1,1
FRANKLIN COUNTY,159,76 Years,93,45,48,89,43,46,3,1,2,1,1,0,0,0,0
FRANKLIN COUNTY,159,77 Years,99,46,53,92,41,51,6,4,2,1,1,0,0,0,0
FRANKLIN COUNTY,159,78 Years,85,36,49,77,34,43,5,2,3,1,0,1,2,0,2
FRANKLIN COUNTY,159,79 Years,70,30,40,62,27,35,3,1,2,1,0,1,4,2,2
FRANKLIN COUNTY,159,80 Years,68,36,32,65,33,32,1,1,0,0,0,0,2,2,0
FRANKLIN COUNTY,159,81 Years,65,31,34,64,30,34,0,0,0,0,0,0,1,1,0
FRANKLIN COUNTY,159,82 Years,54,21,33,53,21,32,1,0,1,0,0,0,0,0,0
FRANKLIN COUNTY,159,83 Years,45,21,24,45,21,24,0,0,0,0,0,0,0,0,0
FRANKLIN COUNTY,159,84 Years,52,29,23,45,24,21,2,1,1,3,2,1,2,2,0
FRANKLIN COUNTY,159,85 Years +,262,104,158,247,99,148,8,2,6,4,2,2,3,1,2
FREESTONE COUNTY,161,All Ages,20192,10613,9579,13510,6863,6647,3276,1790,1486,323,173,150,3083,1787,1296
FREESTONE COUNTY,161,< 1 Year,217,108,109,112,60,52,41,18,23,7,3,4,57,27,30
FREESTONE COUNTY,161,1 Years,220,111,109,115,62,53,43,19,24,6,3,3,56,27,29
FREESTONE COUNTY,161,2 Years,224,112,112,117,60,57,43,18,25,5,3,2,59,31,28
FREESTONE COUNTY,161,3 Years,241,121,120,126,66,60,46,20,26,5,3,2,64,32,32
FREESTONE COUNTY,161,4 Years,243,118,125,132,66,66,46,19,27,5,4,1,60,29,31
FREESTONE COUNTY,161,5 Years,250,117,133,141,65,76,44,21,23,5,1,4,60,30,30
FREESTONE COUNTY,161,6 Years,234,124,110,130,69,61,39,19,20,5,3,2,60,33,27
FREESTONE COUNTY,161,7 Years,254,141,113,159,92,67,35,20,15,8,3,5,52,26,26
FREESTONE COUNTY,161,8 Years,254,135,119,155,87,68,40,22,18,9,4,5,50,22,28
FREESTONE COUNTY,161,9 Years,246,128,118,144,77,67,37,19,18,9,6,3,56,26,30
FREESTONE COUNTY,161,10 Years,261,126,135,155,72,83,27,13,14,8,3,5,71,38,33
FREESTONE COUNTY,161,11 Years,265,121,144,160,78,82,31,11,20,3,2,1,71,30,41
FREESTONE COUNTY,161,12 Years,270,130,140,166,84,82,32,15,17,5,3,2,67,28,39
FREESTONE COUNTY,161,13 Years,295,155,140,182,94,88,42,27,15,8,5,3,63,29,34
FREESTONE COUNTY,161,14 Years,295,156,139,177,93,84,44,25,19,7,5,2,67,33,34
FREESTONE COUNTY,161,15 Years,285,149,136,177,92,85,48,25,23,3,3,0,57,29,28
FREESTONE COUNTY,161,16 Years,260,143,117,169,89,80,38,22,16,2,1,1,51,31,20
FREESTONE COUNTY,161,17 Years,243,129,114,157,81,76,40,24,16,6,3,3,40,21,19
FREESTONE COUNTY,161,18 Years,242,127,115,154,84,70,39,22,17,5,2,3,44,19,25
FREESTONE COUNTY,161,19 Years,229,125,104,137,74,63,33,18,15,5,4,1,54,29,25
FREESTONE COUNTY,161,20 Years,222,116,106,140,69,71,36,20,16,3,2,1,43,25,18
FREESTONE COUNTY,161,21 Years,235,123,112,147,75,72,37,16,21,3,1,2,48,31,17
FREESTONE COUNTY,161,22 Years,223,123,100,129,69,60,39,19,20,3,0,3,52,35,17
FREESTONE COUNTY,161,23 Years,223,116,107,133,65,68,42,22,20,3,1,2,45,28,17
FREESTONE COUNTY,161,24 Years,192,100,92,116,59,57,28,14,14,2,1,1,46,26,20
FREESTONE COUNTY,161,25 Years,194,105,89,111,61,50,28,15,13,2,1,1,53,28,25
FREESTONE COUNTY,161,26 Years,209,129,80,120,75,45,37,23,14,4,1,3,48,30,18
FREESTONE COUNTY,161,27 Years,213,112,101,121,62,59,43,24,19,3,1,2,46,25,21
FREESTONE COUNTY,161,28 Years,223,127,96,116,59,57,47,27,20,4,2,2,56,39,17
FREESTONE COUNTY,161,29 Years,217,120,97,120,63,57,46,25,21,5,2,3,46,30,16
FREESTONE COUNTY,161,30 Years,212,126,86,120,67,53,38,27,11,5,2,3,49,30,19
FREESTONE COUNTY,161,31 Years,206,121,85,125,68,57,32,24,8,1,0,1,48,29,19
FREESTONE COUNTY,161,32 Years,226,134,92,121,66,55,41,28,13,3,3,0,61,37,24
FREESTONE COUNTY,161,33 Years,234,123,111,136,66,70,30,16,14,4,3,1,64,38,26
FREESTONE COUNTY,161,34 Years,262,151,111,157,80,77,34,22,12,3,2,1,68,47,21
FREESTONE COUNTY,161,35 Years,256,144,112,158,85,73,42,22,20,2,2,0,54,35,19
FREESTONE COUNTY,161,36 Years,249,139,110,142,77,65,43,22,21,1,1,0,63,39,24
FREESTONE COUNTY,161,37 Years,253,148,105,156,84,72,40,22,18,3,2,1,54,40,14
FREESTONE COUNTY,161,38 Years,258,160,98,166,96,70,44,29,15,3,2,1,45,33,12
FREESTONE COUNTY,161,39 Years,244,152,92,150,85,65,38,28,10,2,2,0,54,37,17
FREESTONE COUNTY,161,40 Years,244,145,99,148,79,69,45,35,10,4,2,2,47,29,18
FREESTONE COUNTY,161,41 Years,241,141,100,154,86,68,31,22,9,5,2,3,51,31,20
FREESTONE COUNTY,161,42 Years,231,150,81,150,95,55,35,25,10,3,2,1,43,28,15
FREESTONE COUNTY,161,43 Years,296,178,118,185,105,80,41,27,14,6,4,2,64,42,22
FREESTONE COUNTY,161,44 Years,275,144,131,177,83,94,52,35,17,3,1,2,43,25,18
FREESTONE COUNTY,161,45 Years,312,178,134,213,110,103,46,32,14,4,2,2,49,34,15
FREESTONE COUNTY,161,46 Years,292,172,120,199,110,89,51,34,17,4,2,2,38,26,12
FREESTONE COUNTY,161,47 Years,244,157,87,165,96,69,40,30,10,2,1,1,37,30,7
FREESTONE COUNTY,161,48 Years,248,144,104,163,84,79,48,33,15,3,2,1,34,25,9
FREESTONE COUNTY,161,49 Years,264,149,115,166,83,83,47,30,17,7,4,3,44,32,12
FREESTONE COUNTY,161,50 Years,245,118,127,174,83,91,39,17,22,5,2,3,27,16,11
FREESTONE COUNTY,161,51 Years,276,150,126,196,107,89,48,25,23,2,0,2,30,18,12
FREESTONE COUNTY,161,52 Years,275,163,112,189,104,85,54,38,16,4,2,2,28,19,9
FREESTONE COUNTY,161,53 Years,255,122,133,179,83,96,44,23,21,3,2,1,29,14,15
FREESTONE COUNTY,161,54 Years,276,142,134,196,96,100,58,36,22,4,3,1,18,7,11
FREESTONE COUNTY,161,55 Years,298,159,139,209,107,102,55,30,25,4,3,1,30,19,11
FREESTONE COUNTY,161,56 Years,278,149,129,201,105,96,53,30,23,5,3,2,19,11,8
FREESTONE COUNTY,161,57 Years,267,130,137,200,97,103,48,23,25,3,2,1,16,8,8
FREESTONE COUNTY,161,58 Years,284,157,127,201,108,93,54,32,22,5,2,3,24,15,9
FREESTONE COUNTY,161,59 Years,282,145,137,199,101,98,57,29,28,2,1,1,24,14,10
FREESTONE COUNTY,161,60 Years,301,160,141,221,117,104,54,29,25,3,1,2,23,13,10
FREESTONE COUNTY,161,61 Years,280,148,132,218,110,108,45,27,18,5,4,1,12,7,5
FREESTONE COUNTY,161,62 Years,288,144,144,223,110,113,48,22,26,5,3,2,12,9,3
FREESTONE COUNTY,161,63 Years,264,131,133,204,99,105,44,19,25,2,2,0,14,11,3
FREESTONE COUNTY,161,64 Years,260,139,121,200,101,99,42,23,19,1,1,0,17,14,3
FREESTONE COUNTY,161,65 Years,274,132,142,210,99,111,44,23,21,4,1,3,16,9,7
FREESTONE COUNTY,161,66 Years,274,122,152,222,96,126,37,20,17,4,1,3,11,5,6
FREESTONE COUNTY,161,67 Years,265,121,144,222,97,125,32,18,14,4,2,2,7,4,3
FREESTONE COUNTY,161,68 Years,270,137,133,223,113,110,34,17,17,5,4,1,8,3,5
FREESTONE COUNTY,161,69 Years,214,97,117,166,77,89,37,14,23,3,2,1,8,4,4
FREESTONE COUNTY,161,70 Years,211,92,119,167,75,92,30,10,20,5,2,3,9,5,4
FREESTONE COUNTY,161,71 Years,221,100,121,179,79,100,31,14,17,2,1,1,9,6,3
FREESTONE COUNTY,161,72 Years,218,104,114,180,82,98,28,14,14,3,2,1,7,6,1
FREESTONE COUNTY,161,73 Years,199,95,104,168,77,91,23,11,12,2,2,0,6,5,1
FREESTONE COUNTY,161,74 Years,169,87,82,144,74,70,21,11,10,2,1,1,2,1,1
FREESTONE COUNTY,161,75 Years,154,80,74,131,68,63,19,10,9,3,1,2,1,1,0
FREESTONE COUNTY,161,76 Years,148,73,75,124,63,61,19,9,10,2,1,1,3,0,3
FREESTONE COUNTY,161,77 Years,144,70,74,121,61,60,20,8,12,2,1,1,1,0,1
FREESTONE COUNTY,161,78 Years,128,62,66,105,52,53,21,9,12,1,1,0,1,0,1
FREESTONE COUNTY,161,79 Years,122,54,68,102,46,56,17,7,10,1,0,1,2,1,1
FREESTONE COUNTY,161,80 Years,114,51,63,93,42,51,16,6,10,2,1,1,3,2,1
FREESTONE COUNTY,161,81 Years,95,41,54,78,34,44,15,6,9,0,0,0,2,1,1
FREESTONE COUNTY,161,82 Years,83,29,54,66,23,43,13,5,8,2,0,2,2,1,1
FREESTONE COUNTY,161,83 Years,74,31,43,58,26,32,14,5,9,2,0,2,0,0,0
FREESTONE COUNTY,161,84 Years,76,36,40,62,30,32,11,5,6,1,0,1,2,1,1
FREESTONE COUNTY,161,85 Years +,384,139,245,310,114,196,62,20,42,4,2,2,8,3,5
FRIO COUNTY,163,All Ages,18836,10999,7837,2941,1580,1361,532,500,32,574,474,100,14789,8445,6344
FRIO COUNTY,163,< 1 Year,247,121,126,27,13,14,1,0,1,2,1,1,217,107,110
FRIO COUNTY,163,1 Years,252,124,128,31,15,16,2,1,1,2,0,2,217,108,109
FRIO COUNTY,163,2 Years,256,130,126,35,20,15,2,1,1,3,1,2,216,108,108
FRIO COUNTY,163,3 Years,246,123,123,33,17,16,0,0,0,4,2,2,209,104,105
FRIO COUNTY,163,4 Years,241,123,118,32,18,14,0,0,0,2,1,1,207,104,103
FRIO COUNTY,163,5 Years,241,124,117,28,14,14,0,0,0,1,1,0,212,109,103
FRIO COUNTY,163,6 Years,226,117,109,21,11,10,0,0,0,3,0,3,202,106,96
FRIO COUNTY,163,7 Years,241,139,102,23,12,11,0,0,0,2,0,2,216,127,89
FRIO COUNTY,163,8 Years,238,122,116,26,12,14,0,0,0,3,1,2,209,109,100
FRIO COUNTY,163,9 Years,249,129,120,22,12,10,1,0,1,2,0,2,224,117,107
FRIO COUNTY,163,10 Years,238,121,117,20,11,9,1,1,0,3,2,1,214,107,107
FRIO COUNTY,163,11 Years,215,107,108,22,8,14,0,0,0,2,2,0,191,97,94
FRIO COUNTY,163,12 Years,224,116,108,27,10,17,0,0,0,2,2,0,195,104,91
FRIO COUNTY,163,13 Years,256,119,137,28,17,11,1,0,1,2,1,1,225,101,124
FRIO COUNTY,163,14 Years,265,137,128,24,13,11,1,0,1,2,1,1,238,123,115
FRIO COUNTY,163,15 Years,271,136,135,31,16,15,1,1,0,2,1,1,237,118,119
FRIO COUNTY,163,16 Years,243,120,123,26,13,13,0,0,0,3,1,2,214,106,108
FRIO COUNTY,163,17 Years,231,122,109,22,12,10,0,0,0,3,1,2,206,109,97
FRIO COUNTY,163,18 Years,237,136,101,27,15,12,7,7,0,3,1,2,200,113,87
FRIO COUNTY,163,19 Years,242,151,91,22,15,7,6,6,0,15,14,1,199,116,83
FRIO COUNTY,163,20 Years,296,179,117,32,21,11,14,12,2,8,8,0,242,138,104
FRIO COUNTY,163,21 Years,312,193,119,23,13,10,27,27,0,7,7,0,255,146,109
FRIO COUNTY,163,22 Years,369,240,129,35,25,10,28,28,0,9,7,2,297,180,117
FRIO COUNTY,163,23 Years,402,268,134,37,24,13,44,44,0,12,11,1,309,189,120
FRIO COUNTY,163,24 Years,405,285,120,41,31,10,36,36,0,16,14,2,312,204,108
FRIO COUNTY,163,25 Years,368,283,85,32,25,7,28,28,0,26,22,4,282,208,74
FRIO COUNTY,163,26 Years,361,270,91,35,22,13,29,28,1,26,24,2,271,196,75
FRIO COUNTY,163,27 Years,346,266,80,41,32,9,25,25,0,26,25,1,254,184,70
FRIO COUNTY,163,28 Years,361,273,88,27,17,10,20,20,0,26,22,4,288,214,74
FRIO COUNTY,163,29 Years,308,219,89,39,25,14,24,24,0,20,19,1,225,151,74
FRIO COUNTY,163,30 Years,320,236,84,34,25,9,28,28,0,23,23,0,235,160,75
FRIO COUNTY,163,31 Years,315,226,89,32,20,12,18,18,0,17,17,0,248,171,77
FRIO COUNTY,163,32 Years,340,242,98,30,18,12,15,15,0,23,23,0,272,186,86
FRIO COUNTY,163,33 Years,279,198,81,25,15,10,11,10,1,16,15,1,227,158,69
FRIO COUNTY,163,34 Years,275,196,79,26,15,11,22,22,0,10,9,1,217,150,67
FRIO COUNTY,163,35 Years,274,190,84,27,12,15,18,18,0,10,9,1,219,151,68
FRIO COUNTY,163,36 Years,240,161,79,34,22,12,10,9,1,14,12,2,182,118,64
FRIO COUNTY,163,37 Years,223,155,68,20,13,7,7,6,1,15,14,1,181,122,59
FRIO COUNTY,163,38 Years,237,163,74,26,18,8,8,8,0,13,12,1,190,125,65
FRIO COUNTY,163,39 Years,246,175,71,19,11,8,7,7,0,15,14,1,205,143,62
FRIO COUNTY,163,40 Years,238,161,77,24,15,9,8,8,0,16,15,1,190,123,67
FRIO COUNTY,163,41 Years,217,135,82,24,17,7,5,5,0,11,10,1,177,103,74
FRIO COUNTY,163,42 Years,231,148,83,26,18,8,5,5,0,15,13,2,185,112,73
FRIO COUNTY,163,43 Years,221,138,83,18,10,8,3,2,1,12,10,2,188,116,72
FRIO COUNTY,163,44 Years,227,138,89,31,15,16,5,4,1,7,6,1,184,113,71
FRIO COUNTY,163,45 Years,216,133,83,34,15,19,6,5,1,7,4,3,169,109,60
FRIO COUNTY,163,46 Years,200,111,89,26,10,16,4,2,2,5,3,2,165,96,69
FRIO COUNTY,163,47 Years,216,138,78,36,20,16,1,1,0,7,6,1,172,111,61
FRIO COUNTY,163,48 Years,241,144,97,41,22,19,6,4,2,8,7,1,186,111,75
FRIO COUNTY,163,49 Years,240,121,119,28,13,15,8,5,3,7,6,1,197,97,100
FRIO COUNTY,163,50 Years,221,121,100,28,16,12,2,1,1,7,5,2,184,99,85
FRIO COUNTY,163,51 Years,248,126,122,51,23,28,1,0,1,10,7,3,186,96,90
FRIO COUNTY,163,52 Years,218,126,92,46,20,26,3,3,0,9,7,2,160,96,64
FRIO COUNTY,163,53 Years,192,104,88,43,24,19,6,6,0,4,3,1,139,71,68
FRIO COUNTY,163,54 Years,190,103,87,44,28,16,3,3,0,4,4,0,139,68,71
FRIO COUNTY,163,55 Years,213,123,90,48,30,18,3,3,0,6,3,3,156,87,69
FRIO COUNTY,163,56 Years,224,120,104,45,26,19,5,4,1,4,2,2,170,88,82
FRIO COUNTY,163,57 Years,218,110,108,46,22,24,3,1,2,4,3,1,165,84,81
FRIO COUNTY,163,58 Years,214,102,112,54,25,29,1,0,1,1,1,0,158,76,82
FRIO COUNTY,163,59 Years,199,99,100,52,25,27,0,0,0,5,3,2,142,71,71
FRIO COUNTY,163,60 Years,184,93,91,54,29,25,1,0,1,4,2,2,125,62,63
FRIO COUNTY,163,61 Years,176,95,81,54,28,26,1,1,0,2,1,1,119,65,54
FRIO COUNTY,163,62 Years,180,90,90,56,27,29,2,2,0,1,1,0,121,60,61
FRIO COUNTY,163,63 Years,169,76,93,54,26,28,0,0,0,2,2,0,113,48,65
FRIO COUNTY,163,64 Years,177,84,93,49,23,26,0,0,0,3,2,1,125,59,66
FRIO COUNTY,163,65 Years,200,110,90,56,31,25,0,0,0,2,1,1,142,78,64
FRIO COUNTY,163,66 Years,189,90,99,59,29,30,1,1,0,1,0,1,128,60,68
FRIO COUNTY,163,67 Years,166,76,90,55,25,30,0,0,0,2,1,1,109,50,59
FRIO COUNTY,163,68 Years,149,77,72,42,22,20,0,0,0,1,1,0,106,54,52
FRIO COUNTY,163,69 Years,143,66,77,44,24,20,0,0,0,0,0,0,99,42,57
FRIO COUNTY,163,70 Years,147,73,74,46,25,21,0,0,0,1,0,1,100,48,52
FRIO COUNTY,163,71 Years,139,75,64,47,23,24,0,0,0,1,1,0,91,51,40
FRIO COUNTY,163,72 Years,120,55,65,43,21,22,1,1,0,1,0,1,75,33,42
FRIO COUNTY,163,73 Years,105,49,56,37,18,19,0,0,0,2,0,2,66,31,35
FRIO COUNTY,163,74 Years,93,41,52,38,16,22,1,1,0,1,0,1,53,24,29
FRIO COUNTY,163,75 Years,90,46,44,36,16,20,1,1,0,0,0,0,53,29,24
FRIO COUNTY,163,76 Years,80,34,46,32,13,19,1,1,0,1,0,1,46,20,26
FRIO COUNTY,163,77 Years,75,35,40,31,16,15,0,0,0,0,0,0,44,19,25
FRIO COUNTY,163,78 Years,82,36,46,26,13,13,0,0,0,0,0,0,56,23,33
FRIO COUNTY,163,79 Years,76,31,45,24,11,13,0,0,0,0,0,0,52,20,32
FRIO COUNTY,163,80 Years,82,34,48,17,10,7,2,0,2,0,0,0,63,24,39
FRIO COUNTY,163,81 Years,69,27,42,17,8,9,1,0,1,0,0,0,51,19,32
FRIO COUNTY,163,82 Years,54,25,29,16,6,10,0,0,0,0,0,0,38,19,19
FRIO COUNTY,163,83 Years,52,22,30,15,6,9,0,0,0,0,0,0,37,16,21
FRIO COUNTY,163,84 Years,54,21,33,17,6,11,0,0,0,0,0,0,37,15,22
FRIO COUNTY,163,85 Years +,265,102,163,89,36,53,0,0,0,7,4,3,169,62,107
GAINES COUNTY,165,All Ages,19826,9913,9913,12113,5960,6153,312,156,156,247,134,113,7154,3663,3491
GAINES COUNTY,165,< 1 Year,388,189,199,221,107,114,7,1,6,4,2,2,156,79,77
GAINES COUNTY,165,1 Years,378,186,192,221,108,113,7,3,4,4,2,2,146,73,73
GAINES COUNTY,165,2 Years,349,172,177,203,103,100,8,4,4,2,0,2,136,65,71
GAINES COUNTY,165,3 Years,342,172,170,204,105,99,8,4,4,2,0,2,128,63,65
GAINES COUNTY,165,4 Years,344,179,165,208,111,97,11,4,7,2,0,2,123,64,59
GAINES COUNTY,165,5 Years,365,190,175,213,117,96,9,3,6,3,2,1,140,68,72
GAINES COUNTY,165,6 Years,406,204,202,253,123,130,10,5,5,3,2,1,140,74,66
GAINES COUNTY,165,7 Years,423,200,223,274,122,152,5,1,4,6,2,4,138,75,63
GAINES COUNTY,165,8 Years,415,195,220,281,122,159,6,3,3,4,1,3,124,69,55
GAINES COUNTY,165,9 Years,438,214,224,294,143,151,6,4,2,2,0,2,136,67,69
GAINES COUNTY,165,10 Years,439,205,234,290,135,155,3,2,1,5,0,5,141,68,73
GAINES COUNTY,165,11 Years,442,215,227,283,135,148,5,4,1,4,1,3,150,75,75
GAINES COUNTY,165,12 Years,411,210,201,257,131,126,4,3,1,5,2,3,145,74,71
GAINES COUNTY,165,13 Years,377,195,182,241,122,119,2,1,1,2,1,1,132,71,61
GAINES COUNTY,165,14 Years,383,186,197,241,117,124,5,3,2,0,0,0,137,66,71
GAINES COUNTY,165,15 Years,373,175,198,232,110,122,6,4,2,6,3,3,129,58,71
GAINES COUNTY,165,16 Years,364,179,185,227,109,118,4,3,1,6,5,1,127,62,65
GAINES COUNTY,165,17 Years,342,177,165,207,105,102,4,3,1,9,6,3,122,63,59
GAINES COUNTY,165,18 Years,314,163,151,190,96,94,4,1,3,7,5,2,113,61,52
GAINES COUNTY,165,19 Years,307,158,149,172,86,86,5,2,3,7,5,2,123,65,58
GAINES COUNTY,165,20 Years,295,151,144,161,82,79,4,2,2,7,4,3,123,63,60
GAINES COUNTY,165,21 Years,284,148,136,163,87,76,4,2,2,6,5,1,111,54,57
GAINES COUNTY,165,22 Years,308,157,151,172,89,83,7,3,4,12,7,5,117,58,59
GAINES COUNTY,165,23 Years,326,174,152,180,92,88,6,4,2,12,9,3,128,69,59
GAINES COUNTY,165,24 Years,288,159,129,168,89,79,5,4,1,5,4,1,110,62,48
GAINES COUNTY,165,25 Years,257,138,119,150,74,76,4,3,1,5,5,0,98,56,42
GAINES COUNTY,165,26 Years,277,140,137,164,77,87,3,2,1,4,2,2,106,59,47
GAINES COUNTY,165,27 Years,268,133,135,162,82,80,3,2,1,1,0,1,102,49,53
GAINES COUNTY,165,28 Years,245,134,111,145,84,61,2,1,1,1,0,1,97,49,48
GAINES COUNTY,165,29 Years,265,136,129,162,82,80,3,2,1,2,1,1,98,51,47
GAINES COUNTY,165,30 Years,245,114,131,144,72,72,4,2,2,2,0,2,95,40,55
GAINES COUNTY,165,31 Years,266,137,129,160,88,72,3,1,2,3,0,3,100,48,52
GAINES COUNTY,165,32 Years,250,127,123,149,80,69,3,2,1,2,0,2,96,45,51
GAINES COUNTY,165,33 Years,239,125,114,142,78,64,3,2,1,3,1,2,91,44,47
GAINES COUNTY,165,34 Years,252,134,118,145,79,66,3,2,1,2,0,2,102,53,49
GAINES COUNTY,165,35 Years,241,120,121,143,70,73,2,1,1,0,0,0,96,49,47
GAINES COUNTY,165,36 Years,231,116,115,139,70,69,1,1,0,1,0,1,90,45,45
GAINES COUNTY,165,37 Years,218,111,107,126,64,62,2,1,1,3,2,1,87,44,43
GAINES COUNTY,165,38 Years,222,115,107,121,59,62,3,1,2,1,1,0,97,54,43
GAINES COUNTY,165,39 Years,225,115,110,128,59,69,4,2,2,3,2,1,90,52,38
GAINES COUNTY,165,40 Years,199,99,100,118,54,64,3,1,2,3,3,0,75,41,34
GAINES COUNTY,165,41 Years,201,106,95,123,64,59,4,1,3,1,1,0,73,40,33
GAINES COUNTY,165,42 Years,190,94,96,111,55,56,2,0,2,2,0,2,75,39,36
GAINES COUNTY,165,43 Years,210,102,108,130,59,71,2,2,0,4,2,2,74,39,35
GAINES COUNTY,165,44 Years,207,89,118,133,54,79,6,2,4,2,1,1,66,32,34
GAINES COUNTY,165,45 Years,217,106,111,152,69,83,4,1,3,1,0,1,60,36,24
GAINES COUNTY,165,46 Years,211,101,110,133,63,70,2,1,1,1,1,0,75,36,39
GAINES COUNTY,165,47 Years,223,107,116,139,70,69,3,1,2,1,0,1,80,36,44
GAINES COUNTY,165,48 Years,210,104,106,130,65,65,2,1,1,2,1,1,76,37,39
GAINES COUNTY,165,49 Years,207,101,106,129,62,67,2,1,1,2,1,1,74,37,37
GAINES COUNTY,165,50 Years,230,115,115,142,71,71,6,2,4,4,4,0,78,38,40
GAINES COUNTY,165,51 Years,233,122,111,141,78,63,4,1,3,2,2,0,86,41,45
GAINES COUNTY,165,52 Years,234,114,120,145,74,71,6,1,5,2,2,0,81,37,44
GAINES COUNTY,165,53 Years,237,115,122,139,70,69,7,5,2,5,1,4,86,39,47
GAINES COUNTY,165,54 Years,234,116,118,136,60,76,5,4,1,5,3,2,88,49,39
GAINES COUNTY,165,55 Years,245,130,115,151,75,76,5,4,1,6,3,3,83,48,35
GAINES COUNTY,165,56 Years,229,130,99,144,79,65,2,2,0,6,3,3,77,46,31
GAINES COUNTY,165,57 Years,219,120,99,124,67,57,5,2,3,4,3,1,86,48,38
GAINES COUNTY,165,58 Years,203,103,100,123,62,61,4,2,2,5,2,3,71,37,34
GAINES COUNTY,165,59 Years,188,100,88,112,61,51,2,2,0,4,2,2,70,35,35
GAINES COUNTY,165,60 Years,181,94,87,107,52,55,0,0,0,2,2,0,72,40,32
GAINES COUNTY,165,61 Years,167,82,85,103,47,56,1,0,1,4,3,1,59,32,27
GAINES COUNTY,165,62 Years,179,87,92,113,51,62,2,1,1,2,1,1,62,34,28
GAINES COUNTY,165,63 Years,171,86,85,105,53,52,2,1,1,1,0,1,63,32,31
GAINES COUNTY,165,64 Years,139,66,73,88,39,49,0,0,0,1,0,1,50,27,23
GAINES COUNTY,165,65 Years,138,65,73,86,38,48,3,2,1,0,0,0,49,25,24
GAINES COUNTY,165,66 Years,141,77,64,86,44,42,2,2,0,0,0,0,53,31,22
GAINES COUNTY,165,67 Years,132,64,68,79,39,40,0,0,0,1,1,0,52,24,28
GAINES COUNTY,165,68 Years,108,57,51,63,34,29,1,1,0,3,3,0,41,19,22
GAINES COUNTY,165,69 Years,91,50,41,54,29,25,2,1,1,2,1,1,33,19,14
GAINES COUNTY,165,70 Years,96,40,56,62,25,37,1,0,1,1,1,0,32,14,18
GAINES COUNTY,165,71 Years,91,39,52,58,25,33,1,1,0,1,1,0,31,12,19
GAINES COUNTY,165,72 Years,93,48,45,60,28,32,2,1,1,1,0,1,30,19,11
GAINES COUNTY,165,73 Years,86,41,45,53,20,33,3,1,2,1,1,0,29,19,10
GAINES COUNTY,165,74 Years,64,28,36,40,15,25,2,1,1,1,1,0,21,11,10
GAINES COUNTY,165,75 Years,69,32,37,45,19,26,1,1,0,0,0,0,23,12,11
GAINES COUNTY,165,76 Years,70,31,39,49,24,25,1,0,1,0,0,0,20,7,13
GAINES COUNTY,165,77 Years,71,33,38,45,24,21,3,2,1,1,0,1,22,7,15
GAINES COUNTY,165,78 Years,74,31,43,49,19,30,3,1,2,0,0,0,22,11,11
GAINES COUNTY,165,79 Years,68,35,33,44,22,22,2,0,2,1,1,0,21,12,9
GAINES COUNTY,165,80 Years,61,33,28,41,21,20,1,1,0,1,0,1,18,11,7
GAINES COUNTY,165,81 Years,58,26,32,39,16,23,4,2,2,0,0,0,15,8,7
GAINES COUNTY,165,82 Years,49,19,30,36,14,22,3,0,3,0,0,0,10,5,5
GAINES COUNTY,165,83 Years,48,19,29,36,13,23,2,0,2,0,0,0,10,6,4
GAINES COUNTY,165,84 Years,45,21,24,34,14,20,2,1,1,0,0,0,9,6,3
GAINES COUNTY,165,85 Years +,207,87,120,147,59,88,4,2,2,3,1,2,53,25,28
GALVESTON COUNTY,167,All Ages,320926,160244,160682,181897,91407,90490,41192,19648,21544,18777,9271,9506,79060,39918,39142
GALVESTON COUNTY,167,< 1 Year,4351,2237,2114,2028,1050,978,624,315,309,281,155,126,1418,717,701
GALVESTON COUNTY,167,1 Years,4293,2191,2102,2005,1024,981,620,315,305,290,162,128,1378,690,688
GALVESTON COUNTY,167,2 Years,4224,2133,2091,1975,992,983,595,301,294,310,172,138,1344,668,676
GALVESTON COUNTY,167,3 Years,4198,2139,2059,1917,976,941,571,292,279,339,183,156,1371,688,683
GALVESTON COUNTY,167,4 Years,4239,2147,2092,1907,969,938,562,282,280,355,184,171,1415,712,703
GALVESTON COUNTY,167,5 Years,4245,2142,2103,1907,954,953,561,276,285,354,192,162,1423,720,703
GALVESTON COUNTY,167,6 Years,4245,2192,2053,1919,991,928,576,288,288,339,189,150,1411,724,687
GALVESTON COUNTY,167,7 Years,4343,2260,2083,1937,996,941,594,312,282,341,193,148,1471,759,712
GALVESTON COUNTY,167,8 Years,4373,2251,2122,1982,1009,973,583,311,272,334,182,152,1474,749,725
GALVESTON COUNTY,167,9 Years,4296,2195,2101,1970,1002,968,598,317,281,327,173,154,1401,703,698
GALVESTON COUNTY,167,10 Years,4311,2219,2092,2013,1038,975,539,294,245,318,162,156,1441,725,716
GALVESTON COUNTY,167,11 Years,4506,2372,2134,2160,1124,1036,579,316,263,311,168,143,1456,764,692
GALVESTON COUNTY,167,12 Years,4526,2320,2206,2121,1078,1043,650,328,322,300,151,149,1455,763,692
GALVESTON COUNTY,167,13 Years,4480,2290,2190,2112,1077,1035,590,286,304,292,149,143,1486,778,708
GALVESTON COUNTY,167,14 Years,4611,2385,2226,2192,1119,1073,592,312,280,320,165,155,1507,789,718
GALVESTON COUNTY,167,15 Years,4656,2405,2251,2207,1163,1044,652,328,324,298,157,141,1499,757,742
GALVESTON COUNTY,167,16 Years,4670,2428,2242,2304,1205,1099,635,350,285,273,151,122,1458,722,736
GALVESTON COUNTY,167,17 Years,4554,2351,2203,2230,1178,1052,630,333,297,269,135,134,1425,705,720
GALVESTON COUNTY,167,18 Years,4228,2161,2067,2027,1054,973,557,290,267,259,119,140,1385,698,687
GALVESTON COUNTY,167,19 Years,3901,2025,1876,1799,944,855,511,268,243,246,114,132,1345,699,646
GALVESTON COUNTY,167,20 Years,3864,1981,1883,1742,882,860,552,291,261,224,113,111,1346,695,651
GALVESTON COUNTY,167,21 Years,3995,2064,1931,1807,943,864,599,303,296,230,123,107,1359,695,664
GALVESTON COUNTY,167,22 Years,4141,2119,2022,1877,986,891,686,330,356,248,121,127,1330,682,648
GALVESTON COUNTY,167,23 Years,4280,2235,2045,2031,1075,956,670,324,346,237,123,114,1342,713,629
GALVESTON COUNTY,167,24 Years,4339,2280,2059,2160,1142,1018,655,309,346,229,127,102,1295,702,593
GALVESTON COUNTY,167,25 Years,4185,2216,1969,2121,1094,1027,623,325,298,227,121,106,1214,676,538
GALVESTON COUNTY,167,26 Years,3892,2027,1865,1963,994,969,594,302,292,215,113,102,1120,618,502
GALVESTON COUNTY,167,27 Years,3837,1933,1904,1952,998,954,571,245,326,239,117,122,1075,573,502
GALVESTON COUNTY,167,28 Years,3987,1977,2010,2095,1057,1038,540,221,319,265,125,140,1087,574,513
GALVESTON COUNTY,167,29 Years,4137,2115,2022,2226,1142,1084,533,259,274,257,125,132,1121,589,532
GALVESTON COUNTY,167,30 Years,4149,2133,2016,2232,1148,1084,534,277,257,255,123,132,1128,585,543
GALVESTON COUNTY,167,31 Years,4124,2024,2100,2229,1090,1139,525,251,274,256,123,133,1114,560,554
GALVESTON COUNTY,167,32 Years,4210,2091,2119,2263,1107,1156,496,257,239,271,124,147,1180,603,577
GALVESTON COUNTY,167,33 Years,4250,2139,2111,2323,1156,1167,481,265,216,292,128,164,1154,590,564
GALVESTON COUNTY,167,34 Years,4443,2209,2234,2385,1183,1202,570,285,285,283,124,159,1205,617,588
GALVESTON COUNTY,167,35 Years,4583,2305,2278,2439,1244,1195,611,287,324,290,133,157,1243,641,602
GALVESTON COUNTY,167,36 Years,4366,2192,2174,2361,1207,1154,541,252,289,281,133,148,1183,600,583
GALVESTON COUNTY,167,37 Years,4155,2075,2080,2247,1142,1105,508,240,268,252,117,135,1148,576,572
GALVESTON COUNTY,167,38 Years,4114,2055,2059,2180,1120,1060,502,227,275,281,131,150,1151,577,574
GALVESTON COUNTY,167,39 Years,4150,2064,2086,2183,1089,1094,497,231,266,297,150,147,1173,594,579
GALVESTON COUNTY,167,40 Years,4178,2091,2087,2232,1109,1123,472,233,239,301,146,155,1173,603,570
GALVESTON COUNTY,167,41 Years,4124,2012,2112,2240,1105,1135,467,208,259,286,128,158,1131,571,560
GALVESTON COUNTY,167,42 Years,4144,2046,2098,2272,1141,1131,459,209,250,307,137,170,1106,559,547
GALVESTON COUNTY,167,43 Years,4212,2088,2124,2312,1170,1142,453,220,233,346,157,189,1101,541,560
GALVESTON COUNTY,167,44 Years,4505,2212,2293,2644,1322,1322,466,217,249,328,154,174,1067,519,548
GALVESTON COUNTY,167,45 Years,4378,2138,2240,2607,1306,1301,448,216,232,294,137,157,1029,479,550
GALVESTON COUNTY,167,46 Years,4116,2065,2051,2433,1249,1184,413,207,206,279,123,156,991,486,505
GALVESTON COUNTY,167,47 Years,4118,2028,2090,2479,1241,1238,437,208,229,257,112,145,945,467,478
GALVESTON COUNTY,167,48 Years,4058,2021,2037,2428,1214,1214,475,238,237,236,113,123,919,456,463
GALVESTON COUNTY,167,49 Years,4283,2086,2197,2570,1268,1302,539,258,281,259,127,132,915,433,482
GALVESTON COUNTY,167,50 Years,4530,2214,2316,2747,1372,1375,569,250,319,250,115,135,964,477,487
GALVESTON COUNTY,167,51 Years,4614,2274,2340,2913,1449,1464,575,263,312,237,110,127,889,452,437
GALVESTON COUNTY,167,52 Years,4766,2383,2383,3083,1561,1522,560,264,296,225,103,122,898,455,443
GALVESTON COUNTY,167,53 Years,4835,2384,2451,3136,1555,1581,582,283,299,232,112,120,885,434,451
GALVESTON COUNTY,167,54 Years,4999,2493,2506,3303,1663,1640,607,291,316,231,112,119,858,427,431
GALVESTON COUNTY,167,55 Years,5067,2533,2534,3406,1717,1689,615,290,325,226,114,112,820,412,408
GALVESTON COUNTY,167,56 Years,4934,2452,2482,3344,1692,1652,615,277,338,217,104,113,758,379,379
GALVESTON COUNTY,167,57 Years,4799,2401,2398,3251,1649,1602,580,269,311,222,115,107,746,368,378
GALVESTON COUNTY,167,58 Years,4638,2352,2286,3163,1616,1547,572,276,296,210,106,104,693,354,339
GALVESTON COUNTY,167,59 Years,4465,2261,2204,3050,1559,1491,567,277,290,207,101,106,641,324,317
GALVESTON COUNTY,167,60 Years,4337,2151,2186,2982,1525,1457,549,245,304,203,95,108,603,286,317
GALVESTON COUNTY,167,61 Years,4147,2029,2118,2846,1438,1408,542,226,316,173,78,95,586,287,299
GALVESTON COUNTY,167,62 Years,4017,1996,2021,2763,1404,1359,539,230,309,155,79,76,560,283,277
GALVESTON COUNTY,167,63 Years,3806,1877,1929,2642,1335,1307,481,208,273,148,77,71,535,257,278
GALVESTON COUNTY,167,64 Years,3476,1717,1759,2377,1203,1174,445,195,250,139,69,70,515,250,265
GALVESTON COUNTY,167,65 Years,3342,1652,1690,2284,1158,1126,440,195,245,136,67,69,482,232,250
GALVESTON COUNTY,167,66 Years,3146,1524,1622,2168,1073,1095,404,179,225,134,62,72,440,210,230
GALVESTON COUNTY,167,67 Years,3134,1528,1606,2272,1140,1132,371,155,216,102,44,58,389,189,200
GALVESTON COUNTY,167,68 Years,2997,1501,1496,2195,1118,1077,320,157,163,107,54,53,375,172,203
GALVESTON COUNTY,167,69 Years,2394,1195,1199,1700,874,826,286,131,155,93,41,52,315,149,166
GALVESTON COUNTY,167,70 Years,2227,1116,1111,1553,809,744,271,108,163,97,43,54,306,156,150
GALVESTON COUNTY,167,71 Years,2262,1093,1169,1644,823,821,257,95,162,88,43,45,273,132,141
GALVESTON COUNTY,167,72 Years,2111,997,1114,1532,739,793,231,93,138,80,35,45,268,130,138
GALVESTON COUNTY,167,73 Years,1910,898,1012,1357,653,704,217,92,125,82,37,45,254,116,138
GALVESTON COUNTY,167,74 Years,1734,816,918,1235,594,641,208,84,124,82,37,45,209,101,108
GALVESTON COUNTY,167,75 Years,1573,734,839,1118,540,578,186,72,114,73,35,38,196,87,109
GALVESTON COUNTY,167,76 Years,1439,671,768,1035,500,535,172,70,102,56,27,29,176,74,102
GALVESTON COUNTY,167,77 Years,1352,628,724,968,463,505,166,64,102,59,32,27,159,69,90
GALVESTON COUNTY,167,78 Years,1271,564,707,898,417,481,168,57,111,50,23,27,155,67,88
GALVESTON COUNTY,167,79 Years,1161,505,656,820,374,446,161,53,108,41,17,24,139,61,78
GALVESTON COUNTY,167,80 Years,1084,465,619,776,342,434,136,47,89,35,15,20,137,61,76
GALVESTON COUNTY,167,81 Years,956,399,557,677,289,388,120,41,79,32,14,18,127,55,72
GALVESTON COUNTY,167,82 Years,889,365,524,627,268,359,116,38,78,27,10,17,119,49,70
GALVESTON COUNTY,167,83 Years,831,335,496,601,248,353,104,36,68,22,9,13,104,42,62
GALVESTON COUNTY,167,84 Years,766,315,451,556,239,317,97,33,64,23,9,14,90,34,56
GALVESTON COUNTY,167,85 Years +,4350,1562,2788,3130,1141,1989,627,195,432,105,43,62,488,183,305
GARZA COUNTY,169,All Ages,6529,4093,2436,2926,1634,1292,395,268,127,69,25,44,3139,2166,973
GARZA COUNTY,169,< 1 Year,78,37,41,37,19,18,2,1,1,0,0,0,39,17,22
GARZA COUNTY,169,1 Years,78,36,42,37,17,20,3,2,1,3,1,2,35,16,19
GARZA COUNTY,169,2 Years,65,27,38,30,12,18,4,2,2,3,1,2,28,12,16
GARZA COUNTY,169,3 Years,67,31,36,29,15,14,3,1,2,4,2,2,31,13,18
GARZA COUNTY,169,4 Years,74,35,39,35,16,19,4,2,2,0,0,0,35,17,18
GARZA COUNTY,169,5 Years,91,42,49,39,15,24,5,1,4,1,0,1,46,26,20
GARZA COUNTY,169,6 Years,91,50,41,29,17,12,5,4,1,2,0,2,55,29,26
GARZA COUNTY,169,7 Years,71,36,35,27,14,13,4,2,2,1,0,1,39,20,19
GARZA COUNTY,169,8 Years,73,38,35,28,16,12,4,2,2,2,1,1,39,19,20
GARZA COUNTY,169,9 Years,62,28,34,30,14,16,4,4,0,1,1,0,27,9,18
GARZA COUNTY,169,10 Years,62,26,36,28,14,14,4,2,2,1,0,1,29,10,19
GARZA COUNTY,169,11 Years,66,37,29,29,15,14,3,3,0,0,0,0,34,19,15
GARZA COUNTY,169,12 Years,76,40,36,29,15,14,5,2,3,2,1,1,40,22,18
GARZA COUNTY,169,13 Years,58,24,34,23,11,12,4,1,3,0,0,0,31,12,19
GARZA COUNTY,169,14 Years,60,28,32,22,11,11,4,3,1,1,0,1,33,14,19
GARZA COUNTY,169,15 Years,55,32,23,25,14,11,5,2,3,0,0,0,25,16,9
GARZA COUNTY,169,16 Years,63,34,29,22,13,9,3,1,2,1,1,0,37,19,18
GARZA COUNTY,169,17 Years,75,42,33,26,14,12,4,3,1,2,1,1,43,24,19
GARZA COUNTY,169,18 Years,114,87,27,32,22,10,9,8,1,2,2,0,71,55,16
GARZA COUNTY,169,19 Years,101,75,26,29,20,9,8,6,2,4,2,2,60,47,13
GARZA COUNTY,169,20 Years,102,80,22,32,23,9,9,8,1,2,1,1,59,48,11
GARZA COUNTY,169,21 Years,149,118,31,46,33,13,10,8,2,2,0,2,91,77,14
GARZA COUNTY,169,22 Years,196,159,37,59,40,19,13,11,2,1,0,1,123,108,15
GARZA COUNTY,169,23 Years,127,88,39,46,29,17,9,7,2,1,0,1,71,52,19
GARZA COUNTY,169,24 Years,86,57,29,33,23,10,4,2,2,0,0,0,49,32,17
GARZA COUNTY,169,25 Years,128,99,29,25,14,11,20,17,3,2,0,2,81,68,13
GARZA COUNTY,169,26 Years,187,154,33,59,47,12,16,12,4,1,0,1,111,95,16
GARZA COUNTY,169,27 Years,123,93,30,44,30,14,9,7,2,1,0,1,69,56,13
GARZA COUNTY,169,28 Years,92,62,30,39,25,14,5,3,2,1,0,1,47,34,13
GARZA COUNTY,169,29 Years,192,160,32,54,46,8,15,11,4,1,0,1,122,103,19
GARZA COUNTY,169,30 Years,153,114,39,42,24,18,14,12,2,1,0,1,96,78,18
GARZA COUNTY,169,31 Years,120,86,34,37,22,15,15,12,3,0,0,0,68,52,16
GARZA COUNTY,169,32 Years,94,67,27,31,19,12,6,5,1,0,0,0,57,43,14
GARZA COUNTY,169,33 Years,55,31,24,15,8,7,1,1,0,3,1,2,36,21,15
GARZA COUNTY,169,34 Years,97,76,21,30,20,10,7,6,1,2,0,2,58,50,8
GARZA COUNTY,169,35 Years,55,32,23,23,12,11,6,4,2,0,0,0,26,16,10
GARZA COUNTY,169,36 Years,58,34,24,26,15,11,4,2,2,0,0,0,28,17,11
GARZA COUNTY,169,37 Years,46,25,21,21,11,10,4,3,1,0,0,0,21,11,10
GARZA COUNTY,169,38 Years,91,74,17,31,22,9,5,4,1,0,0,0,55,48,7
GARZA COUNTY,169,39 Years,76,46,30,32,16,16,9,5,4,0,0,0,35,25,10
GARZA COUNTY,169,40 Years,76,44,32,27,12,15,8,3,5,0,0,0,41,29,12
GARZA COUNTY,169,41 Years,47,23,24,22,11,11,3,1,2,1,1,0,21,10,11
GARZA COUNTY,169,42 Years,42,14,28,20,6,14,1,0,1,0,0,0,21,8,13
GARZA COUNTY,169,43 Years,132,106,26,53,39,14,9,7,2,0,0,0,70,60,10
GARZA COUNTY,169,44 Years,75,41,34,36,17,19,3,2,1,2,2,0,34,20,14
GARZA COUNTY,169,45 Years,135,104,31,51,32,19,8,6,2,0,0,0,76,66,10
GARZA COUNTY,169,46 Years,124,78,46,46,22,24,7,4,3,0,0,0,71,52,19
GARZA COUNTY,169,47 Years,98,67,31,42,26,16,2,1,1,0,0,0,54,40,14
GARZA COUNTY,169,48 Years,89,64,25,39,27,12,4,3,1,4,3,1,42,31,11
GARZA COUNTY,169,49 Years,54,28,26,35,18,17,1,1,0,1,0,1,17,9,8
GARZA COUNTY,169,50 Years,103,73,30,40,21,19,2,1,1,0,0,0,61,51,10
GARZA COUNTY,169,51 Years,69,38,31,42,22,20,3,2,1,0,0,0,24,14,10
GARZA COUNTY,169,52 Years,104,72,32,53,33,20,8,5,3,2,1,1,41,33,8
GARZA COUNTY,169,53 Years,54,31,23,33,18,15,3,2,1,0,0,0,18,11,7
GARZA COUNTY,169,54 Years,81,48,33,54,32,22,3,2,1,0,0,0,24,14,10
GARZA COUNTY,169,55 Years,97,55,42,62,36,26,7,4,3,0,0,0,28,15,13
GARZA COUNTY,169,56 Years,150,116,34,61,44,17,6,5,1,3,0,3,80,67,13
GARZA COUNTY,169,57 Years,95,69,26,35,20,15,8,6,2,1,0,1,51,43,8
GARZA COUNTY,169,58 Years,71,44,27,41,24,17,3,3,0,0,0,0,27,17,10
GARZA COUNTY,169,59 Years,57,30,27,41,21,20,6,3,3,0,0,0,10,6,4
GARZA COUNTY,169,60 Years,42,23,19,27,14,13,5,3,2,0,0,0,10,6,4
GARZA COUNTY,169,61 Years,60,37,23,33,18,15,4,3,1,0,0,0,23,16,7
GARZA COUNTY,169,62 Years,68,36,32,41,21,20,0,0,0,2,1,1,25,14,11
GARZA COUNTY,169,63 Years,69,36,33,41,21,20,1,0,1,2,1,1,25,14,11
GARZA COUNTY,169,64 Years,42,19,23,30,13,17,3,1,2,0,0,0,9,5,4
GARZA COUNTY,169,65 Years,55,25,30,40,18,22,3,1,2,0,0,0,12,6,6
GARZA COUNTY,169,66 Years,51,26,25,38,20,18,1,0,1,1,0,1,11,6,5
GARZA COUNTY,169,67 Years,54,31,23,35,20,15,1,1,0,0,0,0,18,10,8
GARZA COUNTY,169,68 Years,49,24,25,37,19,18,2,1,1,2,1,1,8,3,5
GARZA COUNTY,169,69 Years,50,24,26,43,23,20,1,0,1,0,0,0,6,1,5
GARZA COUNTY,169,70 Years,46,21,25,30,15,15,2,1,1,0,0,0,14,5,9
GARZA COUNTY,169,71 Years,39,17,22,27,14,13,1,1,0,0,0,0,11,2,9
GARZA COUNTY,169,72 Years,32,15,17,26,13,13,0,0,0,0,0,0,6,2,4
GARZA COUNTY,169,73 Years,33,12,21,28,11,17,0,0,0,0,0,0,5,1,4
GARZA COUNTY,169,74 Years,33,14,19,24,11,13,1,0,1,0,0,0,8,3,5
GARZA COUNTY,169,75 Years,32,12,20,24,9,15,1,0,1,0,0,0,7,3,4
GARZA COUNTY,169,76 Years,35,13,22,29,11,18,1,0,1,0,0,0,5,2,3
GARZA COUNTY,169,77 Years,33,15,18,29,14,15,0,0,0,0,0,0,4,1,3
GARZA COUNTY,169,78 Years,31,14,17,26,11,15,0,0,0,0,0,0,5,3,2
GARZA COUNTY,169,79 Years,28,13,15,20,9,11,0,0,0,0,0,0,8,4,4
GARZA COUNTY,169,80 Years,28,14,14,23,12,11,0,0,0,0,0,0,5,2,3
GARZA COUNTY,169,81 Years,22,10,12,19,8,11,0,0,0,0,0,0,3,2,1
GARZA COUNTY,169,82 Years,18,9,9,16,7,9,0,0,0,0,0,0,2,2,0
GARZA COUNTY,169,83 Years,19,8,11,13,5,8,1,1,0,0,0,0,5,2,3
GARZA COUNTY,169,84 Years,16,6,10,12,5,7,0,0,0,0,0,0,4,1,3
GARZA COUNTY,169,85 Years +,84,34,50,71,28,43,4,2,2,0,0,0,9,4,5
GILLESPIE COUNTY,171,All Ages,26299,12680,13619,20011,9411,10600,73,40,33,380,191,189,5835,3038,2797
GILLESPIE COUNTY,171,< 1 Year,266,129,137,121,61,60,9,7,2,6,1,5,130,60,70
GILLESPIE COUNTY,171,1 Years,262,139,123,120,64,56,9,7,2,7,5,2,126,63,63
GILLESPIE COUNTY,171,2 Years,260,138,122,119,65,54,8,5,3,8,7,1,125,61,64
GILLESPIE COUNTY,171,3 Years,250,130,120,115,65,50,0,0,0,10,7,3,125,58,67
GILLESPIE COUNTY,171,4 Years,258,127,131,122,64,58,0,0,0,10,7,3,126,56,70
GILLESPIE COUNTY,171,5 Years,230,117,113,106,57,49,2,2,0,6,1,5,116,57,59
GILLESPIE COUNTY,171,6 Years,241,130,111,141,75,66,0,0,0,5,3,2,95,52,43
GILLESPIE COUNTY,171,7 Years,266,142,124,152,79,73,1,0,1,7,5,2,106,58,48
GILLESPIE COUNTY,171,8 Years,247,124,123,142,69,73,1,0,1,3,2,1,101,53,48
GILLESPIE COUNTY,171,9 Years,245,134,111,145,76,69,0,0,0,4,2,2,96,56,40
GILLESPIE COUNTY,171,10 Years,270,149,121,160,88,72,0,0,0,6,2,4,104,59,45
GILLESPIE COUNTY,171,11 Years,305,164,141,180,98,82,2,0,2,8,2,6,115,64,51
GILLESPIE COUNTY,171,12 Years,304,159,145,201,105,96,1,0,1,5,4,1,97,50,47
GILLESPIE COUNTY,171,13 Years,311,161,150,218,113,105,0,0,0,3,2,1,90,46,44
GILLESPIE COUNTY,171,14 Years,313,161,152,215,111,104,0,0,0,6,4,2,92,46,46
GILLESPIE COUNTY,171,15 Years,333,172,161,222,117,105,0,0,0,6,3,3,105,52,53
GILLESPIE COUNTY,171,16 Years,332,163,169,217,106,111,0,0,0,6,2,4,109,55,54
GILLESPIE COUNTY,171,17 Years,339,175,164,215,107,108,0,0,0,5,1,4,119,67,52
GILLESPIE COUNTY,171,18 Years,335,180,155,208,103,105,1,0,1,9,5,4,117,72,45
GILLESPIE COUNTY,171,19 Years,291,144,147,171,78,93,0,0,0,8,4,4,112,62,50
GILLESPIE COUNTY,171,20 Years,277,145,132,159,79,80,2,0,2,6,3,3,110,63,47
GILLESPIE COUNTY,171,21 Years,275,141,134,157,79,78,1,0,1,8,6,2,109,56,53
GILLESPIE COUNTY,171,22 Years,268,133,135,158,74,84,0,0,0,3,3,0,107,56,51
GILLESPIE COUNTY,171,23 Years,259,128,131,155,75,80,0,0,0,3,1,2,101,52,49
GILLESPIE COUNTY,171,24 Years,208,113,95,109,60,49,1,0,1,5,2,3,93,51,42
GILLESPIE COUNTY,171,25 Years,184,99,85,84,47,37,0,0,0,7,2,5,93,50,43
GILLESPIE COUNTY,171,26 Years,186,90,96,100,42,58,2,1,1,4,2,2,80,45,35
GILLESPIE COUNTY,171,27 Years,191,109,82,103,53,50,1,1,0,4,4,0,83,51,32
GILLESPIE COUNTY,171,28 Years,213,112,101,120,52,68,1,1,0,3,3,0,89,56,33
GILLESPIE COUNTY,171,29 Years,181,100,81,107,56,51,1,1,0,3,1,2,70,42,28
GILLESPIE COUNTY,171,30 Years,190,98,92,124,59,65,0,0,0,3,0,3,63,39,24
GILLESPIE COUNTY,171,31 Years,203,100,103,134,63,71,0,0,0,4,1,3,65,36,29
GILLESPIE COUNTY,171,32 Years,212,108,104,135,64,71,0,0,0,3,2,1,74,42,32
GILLESPIE COUNTY,171,33 Years,211,101,110,136,61,75,2,1,1,3,2,1,70,37,33
GILLESPIE COUNTY,171,34 Years,239,125,114,156,79,77,2,1,1,3,1,2,78,44,34
GILLESPIE COUNTY,171,35 Years,237,122,115,154,79,75,1,0,1,4,3,1,78,40,38
GILLESPIE COUNTY,171,36 Years,220,119,101,140,72,68,1,0,1,4,3,1,75,44,31
GILLESPIE COUNTY,171,37 Years,205,103,102,136,65,71,2,2,0,5,3,2,62,33,29
GILLESPIE COUNTY,171,38 Years,204,102,102,139,66,73,1,1,0,3,2,1,61,33,28
GILLESPIE COUNTY,171,39 Years,231,105,126,160,74,86,0,0,0,3,2,1,68,29,39
GILLESPIE COUNTY,171,40 Years,242,106,136,158,71,87,0,0,0,6,2,4,78,33,45
GILLESPIE COUNTY,171,41 Years,257,131,126,175,84,91,0,0,0,4,2,2,78,45,33
GILLESPIE COUNTY,171,42 Years,245,116,129,173,79,94,0,0,0,2,1,1,70,36,34
GILLESPIE COUNTY,171,43 Years,252,117,135,188,89,99,0,0,0,2,1,1,62,27,35
GILLESPIE COUNTY,171,44 Years,283,141,142,213,111,102,1,0,1,2,1,1,67,29,38
GILLESPIE COUNTY,171,45 Years,288,136,152,207,99,108,1,1,0,5,1,4,75,35,40
GILLESPIE COUNTY,171,46 Years,270,127,143,194,87,107,0,0,0,4,1,3,72,39,33
GILLESPIE COUNTY,171,47 Years,279,123,156,198,87,111,0,0,0,4,1,3,77,35,42
GILLESPIE COUNTY,171,48 Years,283,138,145,206,99,107,0,0,0,3,2,1,74,37,37
GILLESPIE COUNTY,171,49 Years,306,163,143,228,118,110,2,2,0,3,1,2,73,42,31
GILLESPIE COUNTY,171,50 Years,322,159,163,237,118,119,0,0,0,5,2,3,80,39,41
GILLESPIE COUNTY,171,51 Years,345,162,183,256,116,140,0,0,0,7,5,2,82,41,41
GILLESPIE COUNTY,171,52 Years,372,162,210,294,123,171,0,0,0,6,3,3,72,36,36
GILLESPIE COUNTY,171,53 Years,413,195,218,333,155,178,0,0,0,5,2,3,75,38,37
GILLESPIE COUNTY,171,54 Years,407,194,213,333,155,178,0,0,0,5,2,3,69,37,32
GILLESPIE COUNTY,171,55 Years,411,201,210,345,162,183,0,0,0,6,3,3,60,36,24
GILLESPIE COUNTY,171,56 Years,403,180,223,341,146,195,1,0,1,8,3,5,53,31,22
GILLESPIE COUNTY,171,57 Years,397,172,225,339,140,199,0,0,0,5,1,4,53,31,22
GILLESPIE COUNTY,171,58 Years,423,172,251,361,150,211,1,0,1,4,0,4,57,22,35
GILLESPIE COUNTY,171,59 Years,407,180,227,356,155,201,1,0,1,2,1,1,48,24,24
GILLESPIE COUNTY,171,60 Years,413,193,220,362,167,195,2,2,0,5,2,3,44,22,22
GILLESPIE COUNTY,171,61 Years,430,190,240,381,170,211,1,1,0,4,1,3,44,18,26
GILLESPIE COUNTY,171,62 Years,462,197,265,414,179,235,2,1,1,5,1,4,41,16,25
GILLESPIE COUNTY,171,63 Years,458,199,259,416,176,240,1,0,1,2,1,1,39,22,17
GILLESPIE COUNTY,171,64 Years,444,198,246,404,179,225,0,0,0,3,2,1,37,17,20
GILLESPIE COUNTY,171,65 Years,428,203,225,398,189,209,0,0,0,4,1,3,26,13,13
GILLESPIE COUNTY,171,66 Years,413,193,220,379,176,203,2,1,1,5,3,2,27,13,14
GILLESPIE COUNTY,171,67 Years,453,224,229,416,204,212,1,0,1,5,4,1,31,16,15
GILLESPIE COUNTY,171,68 Years,487,219,268,458,204,254,0,0,0,3,2,1,26,13,13
GILLESPIE COUNTY,171,69 Years,430,203,227,398,181,217,1,1,0,2,2,0,29,19,10
GILLESPIE COUNTY,171,70 Years,400,189,211,372,175,197,0,0,0,4,2,2,24,12,12
GILLESPIE COUNTY,171,71 Years,402,192,210,376,182,194,1,0,1,4,0,4,21,10,11
GILLESPIE COUNTY,171,72 Years,384,177,207,357,165,192,2,1,1,4,1,3,21,10,11
GILLESPIE COUNTY,171,73 Years,358,174,184,331,158,173,1,0,1,2,1,1,24,15,9
GILLESPIE COUNTY,171,74 Years,351,166,185,323,151,172,0,0,0,2,1,1,26,14,12
GILLESPIE COUNTY,171,75 Years,316,150,166,298,142,156,0,0,0,3,2,1,15,6,9
GILLESPIE COUNTY,171,76 Years,303,152,151,285,143,142,0,0,0,4,3,1,14,6,8
GILLESPIE COUNTY,171,77 Years,281,139,142,266,133,133,0,0,0,2,2,0,13,4,9
GILLESPIE COUNTY,171,78 Years,254,121,133,240,115,125,0,0,0,2,1,1,12,5,7
GILLESPIE COUNTY,171,79 Years,227,111,116,212,105,107,0,0,0,2,1,1,13,5,8
GILLESPIE COUNTY,171,80 Years,227,112,115,212,106,106,0,0,0,2,1,1,13,5,8
GILLESPIE COUNTY,171,81 Years,214,107,107,197,99,98,0,0,0,0,0,0,17,8,9
GILLESPIE COUNTY,171,82 Years,182,84,98,171,79,92,0,0,0,0,0,0,11,5,6
GILLESPIE COUNTY,171,83 Years,163,72,91,152,67,85,0,0,0,1,0,1,10,5,5
GILLESPIE COUNTY,171,84 Years,154,68,86,146,62,84,0,0,0,1,1,0,7,5,2
GILLESPIE COUNTY,171,85 Years +,1008,381,627,956,360,596,0,0,0,12,6,6,40,15,25
GLASSCOCK COUNTY,173,All Ages,1333,699,634,885,464,421,15,10,5,8,4,4,425,221,204
GLASSCOCK COUNTY,173,< 1 Year,18,11,7,9,7,2,0,0,0,0,0,0,9,4,5
GLASSCOCK COUNTY,173,1 Years,16,6,10,9,4,5,0,0,0,0,0,0,7,2,5
GLASSCOCK COUNTY,173,2 Years,14,5,9,8,3,5,0,0,0,0,0,0,6,2,4
GLASSCOCK COUNTY,173,3 Years,15,5,10,9,3,6,0,0,0,0,0,0,6,2,4
GLASSCOCK COUNTY,173,4 Years,15,7,8,7,4,3,0,0,0,0,0,0,8,3,5
GLASSCOCK COUNTY,173,5 Years,15,8,7,7,3,4,0,0,0,0,0,0,8,5,3
GLASSCOCK COUNTY,173,6 Years,16,7,9,8,3,5,1,1,0,0,0,0,7,3,4
GLASSCOCK COUNTY,173,7 Years,18,8,10,10,4,6,0,0,0,0,0,0,8,4,4
GLASSCOCK COUNTY,173,8 Years,16,6,10,9,4,5,0,0,0,1,0,1,6,2,4
GLASSCOCK COUNTY,173,9 Years,18,9,9,10,5,5,0,0,0,0,0,0,8,4,4
GLASSCOCK COUNTY,173,10 Years,22,12,10,12,8,4,0,0,0,0,0,0,10,4,6
GLASSCOCK COUNTY,173,11 Years,18,9,9,11,5,6,0,0,0,0,0,0,7,4,3
GLASSCOCK COUNTY,173,12 Years,21,11,10,14,6,8,0,0,0,0,0,0,7,5,2
GLASSCOCK COUNTY,173,13 Years,16,11,5,11,8,3,0,0,0,0,0,0,5,3,2
GLASSCOCK COUNTY,173,14 Years,18,11,7,12,8,4,0,0,0,0,0,0,6,3,3
GLASSCOCK COUNTY,173,15 Years,18,6,12,12,5,7,0,0,0,0,0,0,6,1,5
GLASSCOCK COUNTY,173,16 Years,19,9,10,13,7,6,0,0,0,0,0,0,6,2,4
GLASSCOCK COUNTY,173,17 Years,23,14,9,13,8,5,0,0,0,0,0,0,10,6,4
GLASSCOCK COUNTY,173,18 Years,21,12,9,12,7,5,1,0,1,0,0,0,8,5,3
GLASSCOCK COUNTY,173,19 Years,21,16,5,12,10,2,0,0,0,0,0,0,9,6,3
GLASSCOCK COUNTY,173,20 Years,25,19,6,14,11,3,3,3,0,0,0,0,8,5,3
GLASSCOCK COUNTY,173,21 Years,22,12,10,13,6,7,2,1,1,0,0,0,7,5,2
GLASSCOCK COUNTY,173,22 Years,25,12,13,17,8,9,0,0,0,0,0,0,8,4,4
GLASSCOCK COUNTY,173,23 Years,20,6,14,12,4,8,1,1,0,1,0,1,6,1,5
GLASSCOCK COUNTY,173,24 Years,11,6,5,6,2,4,1,1,0,0,0,0,4,3,1
GLASSCOCK COUNTY,173,25 Years,6,2,4,2,0,2,0,0,0,0,0,0,4,2,2
GLASSCOCK COUNTY,173,26 Years,6,3,3,2,0,2,0,0,0,0,0,0,4,3,1
GLASSCOCK COUNTY,173,27 Years,9,7,2,4,3,1,1,0,1,0,0,0,4,4,0
GLASSCOCK COUNTY,173,28 Years,15,9,6,9,5,4,1,1,0,0,0,0,5,3,2
GLASSCOCK COUNTY,173,29 Years,8,4,4,4,2,2,0,0,0,0,0,0,4,2,2
GLASSCOCK COUNTY,173,30 Years,12,5,7,11,5,6,0,0,0,0,0,0,1,0,1
GLASSCOCK COUNTY,173,31 Years,16,10,6,11,7,4,0,0,0,0,0,0,5,3,2
GLASSCOCK COUNTY,173,32 Years,14,7,7,9,5,4,0,0,0,0,0,0,5,2,3
GLASSCOCK COUNTY,173,33 Years,15,7,8,6,4,2,0,0,0,1,0,1,8,3,5
GLASSCOCK COUNTY,173,34 Years,11,5,6,6,3,3,0,0,0,0,0,0,5,2,3
GLASSCOCK COUNTY,173,35 Years,13,5,8,8,4,4,0,0,0,0,0,0,5,1,4
GLASSCOCK COUNTY,173,36 Years,14,8,6,7,4,3,0,0,0,1,0,1,6,4,2
GLASSCOCK COUNTY,173,37 Years,15,8,7,10,5,5,0,0,0,0,0,0,5,3,2
GLASSCOCK COUNTY,173,38 Years,18,10,8,8,3,5,0,0,0,1,1,0,9,6,3
GLASSCOCK COUNTY,173,39 Years,22,11,11,15,8,7,0,0,0,0,0,0,7,3,4
GLASSCOCK COUNTY,173,40 Years,16,7,9,8,4,4,0,0,0,0,0,0,8,3,5
GLASSCOCK COUNTY,173,41 Years,16,11,5,9,6,3,0,0,0,0,0,0,7,5,2
GLASSCOCK COUNTY,173,42 Years,12,9,3,7,5,2,0,0,0,0,0,0,5,4,1
GLASSCOCK COUNTY,173,43 Years,19,7,12,11,6,5,1,0,1,0,0,0,7,1,6
GLASSCOCK COUNTY,173,44 Years,19,10,9,12,6,6,0,0,0,0,0,0,7,4,3
GLASSCOCK COUNTY,173,45 Years,23,14,9,15,9,6,1,0,1,0,0,0,7,5,2
GLASSCOCK COUNTY,173,46 Years,14,6,8,11,5,6,0,0,0,0,0,0,3,1,2
GLASSCOCK COUNTY,173,47 Years,8,3,5,6,2,4,0,0,0,0,0,0,2,1,1
GLASSCOCK COUNTY,173,48 Years,15,11,4,10,6,4,1,1,0,0,0,0,4,4,0
GLASSCOCK COUNTY,173,49 Years,15,8,7,6,4,2,0,0,0,0,0,0,9,4,5
GLASSCOCK COUNTY,173,50 Years,15,10,5,10,7,3,0,0,0,0,0,0,5,3,2
GLASSCOCK COUNTY,173,51 Years,19,7,12,14,6,8,0,0,0,0,0,0,5,1,4
GLASSCOCK COUNTY,173,52 Years,23,11,12,15,8,7,0,0,0,0,0,0,8,3,5
GLASSCOCK COUNTY,173,53 Years,15,6,9,12,5,7,0,0,0,1,1,0,2,0,2
GLASSCOCK COUNTY,173,54 Years,18,6,12,15,4,11,0,0,0,0,0,0,3,2,1
GLASSCOCK COUNTY,173,55 Years,21,12,9,16,9,7,1,1,0,0,0,0,4,2,2
GLASSCOCK COUNTY,173,56 Years,24,15,9,20,13,7,0,0,0,0,0,0,4,2,2
GLASSCOCK COUNTY,173,57 Years,28,16,12,20,11,9,0,0,0,0,0,0,8,5,3
GLASSCOCK COUNTY,173,58 Years,19,11,8,13,7,6,0,0,0,0,0,0,6,4,2
GLASSCOCK COUNTY,173,59 Years,14,7,7,13,6,7,0,0,0,0,0,0,1,1,0
GLASSCOCK COUNTY,173,60 Years,16,7,9,15,7,8,0,0,0,0,0,0,1,0,1
GLASSCOCK COUNTY,173,61 Years,14,7,7,12,6,6,0,0,0,0,0,0,2,1,1
GLASSCOCK COUNTY,173,62 Years,16,10,6,7,4,3,0,0,0,0,0,0,9,6,3
GLASSCOCK COUNTY,173,63 Years,13,9,4,10,7,3,0,0,0,0,0,0,3,2,1
GLASSCOCK COUNTY,173,64 Years,16,7,9,14,7,7,0,0,0,0,0,0,2,0,2
GLASSCOCK COUNTY,173,65 Years,21,14,7,14,10,4,0,0,0,0,0,0,7,4,3
GLASSCOCK COUNTY,173,66 Years,15,11,4,9,7,2,0,0,0,0,0,0,6,4,2
GLASSCOCK COUNTY,173,67 Years,17,9,8,14,8,6,0,0,0,0,0,0,3,1,2
GLASSCOCK COUNTY,173,68 Years,20,11,9,15,7,8,0,0,0,2,2,0,3,2,1
GLASSCOCK COUNTY,173,69 Years,12,8,4,10,6,4,0,0,0,0,0,0,2,2,0
GLASSCOCK COUNTY,173,70 Years,8,5,3,6,3,3,0,0,0,0,0,0,2,2,0
GLASSCOCK COUNTY,173,71 Years,12,7,5,9,4,5,0,0,0,0,0,0,3,3,0
GLASSCOCK COUNTY,173,72 Years,16,8,8,14,7,7,0,0,0,0,0,0,2,1,1
GLASSCOCK COUNTY,173,73 Years,13,6,7,12,6,6,0,0,0,0,0,0,1,0,1
GLASSCOCK COUNTY,173,74 Years,6,3,3,6,3,3,0,0,0,0,0,0,0,0,0
GLASSCOCK COUNTY,173,75 Years,8,1,7,6,1,5,0,0,0,0,0,0,2,0,2
GLASSCOCK COUNTY,173,76 Years,9,4,5,8,3,5,0,0,0,0,0,0,1,1,0
GLASSCOCK COUNTY,173,77 Years,14,6,8,11,5,6,0,0,0,0,0,0,3,1,2
GLASSCOCK COUNTY,173,78 Years,11,6,5,8,5,3,0,0,0,0,0,0,3,1,2
GLASSCOCK COUNTY,173,79 Years,11,6,5,9,4,5,0,0,0,0,0,0,2,2,0
GLASSCOCK COUNTY,173,80 Years,11,7,4,8,5,3,0,0,0,0,0,0,3,2,1
GLASSCOCK COUNTY,173,81 Years,10,3,7,8,2,6,0,0,0,0,0,0,2,1,1
GLASSCOCK COUNTY,173,82 Years,9,5,4,9,5,4,0,0,0,0,0,0,0,0,0
GLASSCOCK COUNTY,173,83 Years,4,3,1,4,3,1,0,0,0,0,0,0,0,0,0
GLASSCOCK COUNTY,173,84 Years,8,2,6,7,1,6,0,0,0,0,0,0,1,1,0
GLASSCOCK COUNTY,173,85 Years +,15,8,7,15,8,7,0,0,0,0,0,0,0,0,0
GOLIAD COUNTY,175,All Ages,7766,3839,3927,4486,2198,2288,333,165,168,105,60,45,2842,1416,1426
GOLIAD COUNTY,175,< 1 Year,76,46,30,29,15,14,6,5,1,0,0,0,41,26,15
GOLIAD COUNTY,175,1 Years,72,39,33,26,13,13,6,4,2,3,2,1,37,20,17
GOLIAD COUNTY,175,2 Years,68,31,37,24,11,13,6,4,2,2,1,1,36,15,21
GOLIAD COUNTY,175,3 Years,62,29,33,21,10,11,6,4,2,2,1,1,33,14,19
GOLIAD COUNTY,175,4 Years,70,31,39,23,11,12,5,2,3,2,1,1,40,17,23
GOLIAD COUNTY,175,5 Years,82,40,42,30,16,14,6,1,5,1,1,0,45,22,23
GOLIAD COUNTY,175,6 Years,78,44,34,33,20,13,4,1,3,3,2,1,38,21,17
GOLIAD COUNTY,175,7 Years,91,49,42,31,19,12,6,2,4,4,2,2,50,26,24
GOLIAD COUNTY,175,8 Years,79,41,38,30,19,11,4,2,2,1,0,1,44,20,24
GOLIAD COUNTY,175,9 Years,75,43,32,31,15,16,3,2,1,0,0,0,41,26,15
GOLIAD COUNTY,175,10 Years,90,48,42,39,16,23,4,3,1,2,0,2,45,29,16
GOLIAD COUNTY,175,11 Years,92,50,42,39,18,21,6,4,2,1,0,1,46,28,18
GOLIAD COUNTY,175,12 Years,97,55,42,42,22,20,4,2,2,0,0,0,51,31,20
GOLIAD COUNTY,175,13 Years,116,63,53,46,24,22,5,3,2,2,1,1,63,35,28
GOLIAD COUNTY,175,14 Years,96,49,47,46,22,24,4,1,3,1,0,1,45,26,19
GOLIAD COUNTY,175,15 Years,102,48,54,48,23,25,3,2,1,1,1,0,50,22,28
GOLIAD COUNTY,175,16 Years,105,51,54,49,27,22,4,2,2,1,0,1,51,22,29
GOLIAD COUNTY,175,17 Years,110,60,50,58,33,25,4,2,2,2,1,1,46,24,22
GOLIAD COUNTY,175,18 Years,101,58,43,48,25,23,6,5,1,3,3,0,44,25,19
GOLIAD COUNTY,175,19 Years,97,56,41,40,20,20,4,2,2,2,2,0,51,32,19
GOLIAD COUNTY,175,20 Years,107,52,55,48,24,24,1,0,1,2,1,1,56,27,29
GOLIAD COUNTY,175,21 Years,104,55,49,49,27,22,5,2,3,2,1,1,48,25,23
GOLIAD COUNTY,175,22 Years,106,50,56,63,30,33,2,0,2,2,2,0,39,18,21
GOLIAD COUNTY,175,23 Years,96,53,43,58,30,28,2,2,0,1,1,0,35,20,15
GOLIAD COUNTY,175,24 Years,90,49,41,44,23,21,5,4,1,2,1,1,39,21,18
GOLIAD COUNTY,175,25 Years,76,43,33,36,22,14,4,1,3,2,1,1,34,19,15
GOLIAD COUNTY,175,26 Years,58,31,27,31,16,15,2,0,2,0,0,0,25,15,10
GOLIAD COUNTY,175,27 Years,51,25,26,26,14,12,2,0,2,1,1,0,22,10,12
GOLIAD COUNTY,175,28 Years,51,24,27,23,11,12,2,2,0,2,1,1,24,10,14
GOLIAD COUNTY,175,29 Years,57,31,26,34,20,14,1,1,0,1,0,1,21,10,11
GOLIAD COUNTY,175,30 Years,55,24,31,33,13,20,1,0,1,0,0,0,21,11,10
GOLIAD COUNTY,175,31 Years,59,27,32,35,13,22,2,1,1,0,0,0,22,13,9
GOLIAD COUNTY,175,32 Years,67,33,34,39,19,20,2,1,1,0,0,0,26,13,13
GOLIAD COUNTY,175,33 Years,68,33,35,38,19,19,0,0,0,1,1,0,29,13,16
GOLIAD COUNTY,175,34 Years,80,36,44,44,21,23,3,2,1,0,0,0,33,13,20
GOLIAD COUNTY,175,35 Years,71,40,31,36,21,15,1,0,1,1,1,0,33,18,15
GOLIAD COUNTY,175,36 Years,68,40,28,37,22,15,4,3,1,1,0,1,26,15,11
GOLIAD COUNTY,175,37 Years,69,29,40,37,13,24,2,2,0,1,1,0,29,13,16
GOLIAD COUNTY,175,38 Years,74,32,42,40,18,22,3,2,1,0,0,0,31,12,19
GOLIAD COUNTY,175,39 Years,68,29,39,37,15,22,4,2,2,1,0,1,26,12,14
GOLIAD COUNTY,175,40 Years,79,37,42,42,17,25,2,1,1,0,0,0,35,19,16
GOLIAD COUNTY,175,41 Years,88,42,46,48,22,26,5,4,1,0,0,0,35,16,19
GOLIAD COUNTY,175,42 Years,90,46,44,45,24,21,4,2,2,3,3,0,38,17,21
GOLIAD COUNTY,175,43 Years,94,48,46,53,26,27,3,2,1,1,1,0,37,19,18
GOLIAD COUNTY,175,44 Years,90,42,48,51,26,25,6,2,4,1,0,1,32,14,18
GOLIAD COUNTY,175,45 Years,98,52,46,60,31,29,4,3,1,0,0,0,34,18,16
GOLIAD COUNTY,175,46 Years,92,53,39,54,32,22,1,1,0,3,2,1,34,18,16
GOLIAD COUNTY,175,47 Years,98,52,46,60,33,27,2,1,1,1,1,0,35,17,18
GOLIAD COUNTY,175,48 Years,99,50,49,60,29,31,4,2,2,3,1,2,32,18,14
GOLIAD COUNTY,175,49 Years,112,47,65,64,25,39,6,4,2,1,0,1,41,18,23
GOLIAD COUNTY,175,50 Years,109,44,65,71,27,44,3,1,2,2,1,1,33,15,18
GOLIAD COUNTY,175,51 Years,111,49,62,71,34,37,2,0,2,4,2,2,34,13,21
GOLIAD COUNTY,175,52 Years,98,45,53,65,32,33,3,1,2,2,1,1,28,11,17
GOLIAD COUNTY,175,53 Years,117,55,62,78,38,40,4,2,2,1,0,1,34,15,19
GOLIAD COUNTY,175,54 Years,128,66,62,82,43,39,4,2,2,2,2,0,40,19,21
GOLIAD COUNTY,175,55 Years,133,67,66,82,40,42,7,3,4,1,1,0,43,23,20
GOLIAD COUNTY,175,56 Years,128,66,62,78,41,37,7,4,3,2,2,0,41,19,22
GOLIAD COUNTY,175,57 Years,137,63,74,85,40,45,7,3,4,2,1,1,43,19,24
GOLIAD COUNTY,175,58 Years,132,68,64,87,42,45,6,2,4,0,0,0,39,24,15
GOLIAD COUNTY,175,59 Years,113,60,53,79,41,38,4,2,2,1,0,1,29,17,12
GOLIAD COUNTY,175,60 Years,137,66,71,93,44,49,5,2,3,1,1,0,38,19,19
GOLIAD COUNTY,175,61 Years,129,56,73,91,39,52,7,2,5,1,1,0,30,14,16
GOLIAD COUNTY,175,62 Years,125,58,67,87,38,49,6,2,4,1,1,0,31,17,14
GOLIAD COUNTY,175,63 Years,139,64,75,103,45,58,5,3,2,1,1,0,30,15,15
GOLIAD COUNTY,175,64 Years,138,68,70,95,45,50,6,3,3,1,1,0,36,19,17
GOLIAD COUNTY,175,65 Years,121,63,58,85,45,40,5,3,2,0,0,0,31,15,16
GOLIAD COUNTY,175,66 Years,121,63,58,88,46,42,8,5,3,1,1,0,24,11,13
GOLIAD COUNTY,175,67 Years,115,60,55,87,45,42,2,1,1,1,0,1,25,14,11
GOLIAD COUNTY,175,68 Years,120,56,64,84,42,42,5,1,4,2,0,2,29,13,16
GOLIAD COUNTY,175,69 Years,100,45,55,67,30,37,3,2,1,2,0,2,28,13,15
GOLIAD COUNTY,175,70 Years,93,43,50,67,31,36,2,1,1,2,1,1,22,10,12
GOLIAD COUNTY,175,71 Years,92,40,52,66,30,36,4,3,1,1,0,1,21,7,14
GOLIAD COUNTY,175,72 Years,90,40,50,64,32,32,3,1,2,1,0,1,22,7,15
GOLIAD COUNTY,175,73 Years,81,33,48,54,25,29,4,2,2,0,0,0,23,6,17
GOLIAD COUNTY,175,74 Years,91,46,45,65,32,33,6,4,2,0,0,0,20,10,10
GOLIAD COUNTY,175,75 Years,81,44,37,59,31,28,4,3,1,1,0,1,17,10,7
GOLIAD COUNTY,175,76 Years,58,25,33,43,20,23,1,0,1,1,0,1,13,5,8
GOLIAD COUNTY,175,77 Years,66,29,37,48,22,26,2,1,1,0,0,0,16,6,10
GOLIAD COUNTY,175,78 Years,49,25,24,36,19,17,0,0,0,0,0,0,13,6,7
GOLIAD COUNTY,175,79 Years,46,25,21,30,17,13,1,0,1,0,0,0,15,8,7
GOLIAD COUNTY,175,80 Years,51,26,25,31,19,12,3,0,3,1,1,0,16,6,10
GOLIAD COUNTY,175,81 Years,45,20,25,22,11,11,2,0,2,1,1,0,20,8,12
GOLIAD COUNTY,175,82 Years,33,13,20,20,7,13,2,1,1,0,0,0,11,5,6
GOLIAD COUNTY,175,83 Years,39,18,21,24,11,13,1,1,0,1,1,0,13,5,8
GOLIAD COUNTY,175,84 Years,32,13,19,17,7,10,2,1,1,0,0,0,13,5,8
GOLIAD COUNTY,175,85 Years +,194,81,113,124,52,72,16,3,13,2,2,0,52,24,28
GONZALES COUNTY,177,All Ages,20328,10340,9988,8436,4162,4274,1373,718,655,288,133,155,10231,5327,4904
GONZALES COUNTY,177,< 1 Year,337,169,168,94,50,44,19,9,10,5,2,3,219,108,111
GONZALES COUNTY,177,1 Years,318,162,156,89,47,42,16,9,7,7,2,5,206,104,102
GONZALES COUNTY,177,2 Years,291,152,139,85,46,39,14,7,7,7,3,4,185,96,89
GONZALES COUNTY,177,3 Years,279,153,126,78,44,34,13,8,5,7,4,3,181,97,84
GONZALES COUNTY,177,4 Years,283,150,133,79,41,38,15,8,7,7,4,3,182,97,85
GONZALES COUNTY,177,5 Years,291,145,146,73,36,37,16,11,5,9,4,5,193,94,99
GONZALES COUNTY,177,6 Years,290,150,140,68,36,32,16,7,9,8,4,4,198,103,95
GONZALES COUNTY,177,7 Years,297,164,133,75,42,33,15,7,8,7,3,4,200,112,88
GONZALES COUNTY,177,8 Years,296,152,144,78,40,38,14,5,9,8,5,3,196,102,94
GONZALES COUNTY,177,9 Years,298,154,144,78,41,37,16,7,9,7,2,5,197,104,93
GONZALES COUNTY,177,10 Years,293,151,142,62,32,30,16,8,8,4,0,4,211,111,100
GONZALES COUNTY,177,11 Years,303,160,143,73,36,37,14,8,6,5,3,2,211,113,98
GONZALES COUNTY,177,12 Years,327,160,167,81,35,46,15,7,8,8,3,5,223,115,108
GONZALES COUNTY,177,13 Years,311,156,155,80,38,42,15,8,7,7,1,6,209,109,100
GONZALES COUNTY,177,14 Years,309,162,147,82,46,36,23,14,9,6,2,4,198,100,98
GONZALES COUNTY,177,15 Years,296,143,153,96,45,51,21,12,9,7,4,3,172,82,90
GONZALES COUNTY,177,16 Years,304,148,156,94,44,50,20,13,7,5,3,2,185,88,97
GONZALES COUNTY,177,17 Years,288,156,132,98,53,45,18,11,7,4,3,1,168,89,79
GONZALES COUNTY,177,18 Years,276,148,128,103,58,45,18,10,8,3,2,1,152,78,74
GONZALES COUNTY,177,19 Years,253,138,115,90,44,46,18,9,9,3,2,1,142,83,59
GONZALES COUNTY,177,20 Years,236,130,106,74,36,38,15,7,8,4,4,0,143,83,60
GONZALES COUNTY,177,21 Years,265,135,130,83,42,41,13,7,6,6,4,2,163,82,81
GONZALES COUNTY,177,22 Years,270,135,135,85,43,42,21,9,12,4,2,2,160,81,79
GONZALES COUNTY,177,23 Years,284,138,146,87,44,43,21,13,8,7,3,4,169,78,91
GONZALES COUNTY,177,24 Years,256,144,112,76,46,30,22,15,7,3,2,1,155,81,74
GONZALES COUNTY,177,25 Years,254,150,104,75,48,27,24,17,7,2,0,2,153,85,68
GONZALES COUNTY,177,26 Years,253,141,112,88,46,42,23,13,10,1,1,0,141,81,60
GONZALES COUNTY,177,27 Years,242,133,109,76,35,41,21,14,7,1,0,1,144,84,60
GONZALES COUNTY,177,28 Years,221,113,108,70,31,39,18,11,7,3,0,3,130,71,59
GONZALES COUNTY,177,29 Years,239,113,126,67,31,36,24,16,8,3,1,2,145,65,80
GONZALES COUNTY,177,30 Years,233,121,112,65,33,32,25,15,10,3,1,2,140,72,68
GONZALES COUNTY,177,31 Years,211,108,103,65,31,34,15,8,7,1,0,1,130,69,61
GONZALES COUNTY,177,32 Years,245,135,110,77,37,40,20,10,10,1,0,1,147,88,59
GONZALES COUNTY,177,33 Years,214,111,103,64,28,36,17,10,7,3,1,2,130,72,58
GONZALES COUNTY,177,34 Years,197,109,88,62,31,31,15,11,4,2,1,1,118,66,52
GONZALES COUNTY,177,35 Years,233,126,107,75,47,28,13,7,6,1,0,1,144,72,72
GONZALES COUNTY,177,36 Years,225,114,111,76,35,41,12,7,5,5,3,2,132,69,63
GONZALES COUNTY,177,37 Years,216,112,104,60,27,33,14,9,5,6,2,4,136,74,62
GONZALES COUNTY,177,38 Years,211,109,102,65,30,35,13,7,6,5,3,2,128,69,59
GONZALES COUNTY,177,39 Years,212,102,110,71,31,40,10,4,6,4,2,2,127,65,62
GONZALES COUNTY,177,40 Years,230,117,113,78,36,42,16,9,7,2,2,0,134,70,64
GONZALES COUNTY,177,41 Years,217,118,99,78,42,36,15,9,6,4,1,3,120,66,54
GONZALES COUNTY,177,42 Years,206,99,107,81,38,43,14,7,7,5,1,4,106,53,53
GONZALES COUNTY,177,43 Years,225,112,113,95,46,49,10,4,6,2,1,1,118,61,57
GONZALES COUNTY,177,44 Years,225,115,110,105,57,48,10,5,5,2,1,1,108,52,56
GONZALES COUNTY,177,45 Years,241,124,117,95,50,45,13,6,7,2,2,0,131,66,65
GONZALES COUNTY,177,46 Years,249,124,125,104,53,51,9,4,5,5,3,2,131,64,67
GONZALES COUNTY,177,47 Years,216,108,108,90,47,43,7,3,4,3,1,2,116,57,59
GONZALES COUNTY,177,48 Years,210,101,109,85,39,46,13,3,10,4,2,2,108,57,51
GONZALES COUNTY,177,49 Years,233,119,114,103,51,52,15,7,8,2,1,1,113,60,53
GONZALES COUNTY,177,50 Years,248,133,115,114,62,52,17,11,6,2,1,1,115,59,56
GONZALES COUNTY,177,51 Years,262,135,127,117,63,54,23,12,11,1,0,1,121,60,61
GONZALES COUNTY,177,52 Years,289,144,145,136,66,70,23,8,15,3,1,2,127,69,58
GONZALES COUNTY,177,53 Years,292,144,148,147,70,77,21,8,13,1,1,0,123,65,58
GONZALES COUNTY,177,54 Years,276,142,134,138,67,71,28,14,14,0,0,0,110,61,49
GONZALES COUNTY,177,55 Years,297,153,144,155,74,81,27,14,13,2,1,1,113,64,49
GONZALES COUNTY,177,56 Years,303,150,153,152,69,83,24,13,11,2,1,1,125,67,58
GONZALES COUNTY,177,57 Years,294,148,146,159,74,85,18,10,8,3,1,2,114,63,51
GONZALES COUNTY,177,58 Years,287,144,143,161,78,83,22,12,10,5,2,3,99,52,47
GONZALES COUNTY,177,59 Years,279,143,136,158,74,84,26,15,11,5,2,3,90,52,38
GONZALES COUNTY,177,60 Years,265,137,128,146,69,77,26,14,12,1,1,0,92,53,39
GONZALES COUNTY,177,61 Years,255,128,127,145,72,73,23,12,11,2,1,1,85,43,42
GONZALES COUNTY,177,62 Years,244,130,114,147,76,71,24,13,11,1,1,0,72,40,32
GONZALES COUNTY,177,63 Years,237,123,114,138,67,71,26,17,9,2,1,1,71,38,33
GONZALES COUNTY,177,64 Years,205,97,108,117,53,64,17,8,9,2,0,2,69,36,33
GONZALES COUNTY,177,65 Years,207,109,98,127,67,60,14,6,8,1,0,1,65,36,29
GONZALES COUNTY,177,66 Years,241,127,114,164,88,76,13,6,7,2,1,1,62,32,30
GONZALES COUNTY,177,67 Years,224,116,108,149,83,66,11,4,7,2,1,1,62,28,34
GONZALES COUNTY,177,68 Years,239,121,118,167,85,82,12,5,7,1,1,0,59,30,29
GONZALES COUNTY,177,69 Years,187,95,92,119,60,59,9,5,4,2,2,0,57,28,29
GONZALES COUNTY,177,70 Years,162,73,89,92,42,50,7,4,3,4,2,2,59,25,34
GONZALES COUNTY,177,71 Years,170,82,88,113,55,58,6,3,3,6,1,5,45,23,22
GONZALES COUNTY,177,72 Years,165,82,83,118,57,61,7,3,4,2,0,2,38,22,16
GONZALES COUNTY,177,73 Years,170,83,87,125,60,65,9,4,5,0,0,0,36,19,17
GONZALES COUNTY,177,74 Years,155,76,79,107,55,52,12,3,9,0,0,0,36,18,18
GONZALES COUNTY,177,75 Years,150,66,84,101,48,53,9,2,7,0,0,0,40,16,24
GONZALES COUNTY,177,76 Years,145,65,80,99,44,55,13,6,7,1,0,1,32,15,17
GONZALES COUNTY,177,77 Years,123,56,67,83,40,43,11,4,7,0,0,0,29,12,17
GONZALES COUNTY,177,78 Years,118,55,63,79,39,40,8,2,6,1,0,1,30,14,16
GONZALES COUNTY,177,79 Years,108,50,58,70,33,37,8,3,5,1,1,0,29,13,16
GONZALES COUNTY,177,80 Years,113,61,52,71,37,34,10,6,4,3,3,0,29,15,14
GONZALES COUNTY,177,81 Years,86,42,44,55,26,29,9,6,3,1,1,0,21,9,12
GONZALES COUNTY,177,82 Years,89,41,48,60,28,32,7,4,3,0,0,0,22,9,13
GONZALES COUNTY,177,83 Years,79,37,42,56,27,29,5,2,3,0,0,0,18,8,10
GONZALES COUNTY,177,84 Years,65,24,41,46,17,29,6,2,4,0,0,0,13,5,8
GONZALES COUNTY,177,85 Years +,390,139,251,274,92,182,32,12,20,9,5,4,75,30,45
GRAY COUNTY,179,All Ages,23242,12190,11052,14877,7457,7420,1071,777,294,631,307,324,6663,3649,3014
GRAY COUNTY,179,< 1 Year,338,176,162,173,90,83,6,3,3,9,3,6,150,80,70
GRAY COUNTY,179,1 Years,343,180,163,170,89,81,6,3,3,13,7,6,154,81,73
GRAY COUNTY,179,2 Years,345,180,165,168,88,80,7,4,3,14,8,6,156,80,76
GRAY COUNTY,179,3 Years,344,187,157,168,86,82,8,4,4,21,17,4,147,80,67
GRAY COUNTY,179,4 Years,340,180,160,165,84,81,9,4,5,20,15,5,146,77,69
GRAY COUNTY,179,5 Years,342,176,166,167,87,80,9,2,7,18,11,7,148,76,72
GRAY COUNTY,179,6 Years,337,170,167,167,81,86,8,3,5,13,9,4,149,77,72
GRAY COUNTY,179,7 Years,356,183,173,178,90,88,5,2,3,14,5,9,159,86,73
GRAY COUNTY,179,8 Years,338,166,172,167,86,81,7,4,3,14,4,10,150,72,78
GRAY COUNTY,179,9 Years,345,180,165,168,93,75,4,2,2,16,6,10,157,79,78
GRAY COUNTY,179,10 Years,382,205,177,184,99,85,10,6,4,13,3,10,175,97,78
GRAY COUNTY,179,11 Years,346,168,178,172,84,88,12,4,8,11,1,10,151,79,72
GRAY COUNTY,179,12 Years,326,154,172,161,75,86,14,7,7,9,4,5,142,68,74
GRAY COUNTY,179,13 Years,324,164,160,173,87,86,11,7,4,11,7,4,129,63,66
GRAY COUNTY,179,14 Years,321,165,156,176,90,86,8,5,3,9,6,3,128,64,64
GRAY COUNTY,179,15 Years,316,175,141,164,87,77,8,5,3,8,6,2,136,77,59
GRAY COUNTY,179,16 Years,297,152,145,155,87,68,6,1,5,9,6,3,127,58,69
GRAY COUNTY,179,17 Years,284,132,152,164,84,80,10,5,5,10,4,6,100,39,61
GRAY COUNTY,179,18 Years,281,139,142,153,79,74,5,3,2,8,2,6,115,55,60
GRAY COUNTY,179,19 Years,249,134,115,128,68,60,10,7,3,6,2,4,105,57,48
GRAY COUNTY,179,20 Years,255,131,124,130,67,63,8,4,4,8,4,4,109,56,53
GRAY COUNTY,179,21 Years,279,137,142,155,75,80,12,5,7,7,3,4,105,54,51
GRAY COUNTY,179,22 Years,278,139,139,157,78,79,10,3,7,6,2,4,105,56,49
GRAY COUNTY,179,23 Years,291,156,135,172,88,84,13,7,6,9,5,4,97,56,41
GRAY COUNTY,179,24 Years,251,135,116,130,63,67,13,9,4,4,3,1,104,60,44
GRAY COUNTY,179,25 Years,246,136,110,137,73,64,10,6,4,4,2,2,95,55,40
GRAY COUNTY,179,26 Years,255,139,116,136,65,71,17,13,4,6,4,2,96,57,39
GRAY COUNTY,179,27 Years,301,186,115,159,88,71,23,20,3,5,2,3,114,76,38
GRAY COUNTY,179,28 Years,318,188,130,163,82,81,22,20,2,8,4,4,125,82,43
GRAY COUNTY,179,29 Years,300,174,126,152,83,69,27,24,3,6,3,3,115,64,51
GRAY COUNTY,179,30 Years,303,176,127,171,91,80,28,25,3,4,2,2,100,58,42
GRAY COUNTY,179,31 Years,291,167,124,158,87,71,27,23,4,9,3,6,97,54,43
GRAY COUNTY,179,32 Years,279,163,116,155,92,63,16,14,2,9,3,6,99,54,45
GRAY COUNTY,179,33 Years,306,164,142,177,84,93,19,18,1,7,3,4,103,59,44
GRAY COUNTY,179,34 Years,283,163,120,161,81,80,19,16,3,5,3,2,98,63,35
GRAY COUNTY,179,35 Years,281,150,131,172,85,87,13,12,1,3,2,1,93,51,42
GRAY COUNTY,179,36 Years,287,164,123,167,89,78,14,12,2,6,3,3,100,60,40
GRAY COUNTY,179,37 Years,251,145,106,133,70,63,17,14,3,10,6,4,91,55,36
GRAY COUNTY,179,38 Years,269,138,131,157,73,84,14,11,3,9,5,4,89,49,40
GRAY COUNTY,179,39 Years,272,151,121,160,86,74,17,16,1,4,1,3,91,48,43
GRAY COUNTY,179,40 Years,277,175,102,159,93,66,20,19,1,5,3,2,93,60,33
GRAY COUNTY,179,41 Years,275,160,115,161,87,74,16,13,3,7,3,4,91,57,34
GRAY COUNTY,179,42 Years,294,169,125,164,82,82,24,23,1,4,2,2,102,62,40
GRAY COUNTY,179,43 Years,316,190,126,199,111,88,25,24,1,4,2,2,88,53,35
GRAY COUNTY,179,44 Years,324,189,135,207,110,97,25,24,1,4,2,2,88,53,35
GRAY COUNTY,179,45 Years,297,159,138,193,97,96,12,10,2,6,2,4,86,50,36
GRAY COUNTY,179,46 Years,309,180,129,197,115,82,22,17,5,4,1,3,86,47,39
GRAY COUNTY,179,47 Years,300,177,123,192,111,81,27,23,4,5,2,3,76,41,35
GRAY COUNTY,179,48 Years,274,159,115,179,97,82,17,16,1,4,2,2,74,44,30
GRAY COUNTY,179,49 Years,272,157,115,185,100,85,24,22,2,5,4,1,58,31,27
GRAY COUNTY,179,50 Years,278,169,109,182,100,82,32,29,3,6,3,3,58,37,21
GRAY COUNTY,179,51 Years,296,170,126,205,108,97,27,24,3,5,2,3,59,36,23
GRAY COUNTY,179,52 Years,304,173,131,223,119,104,16,12,4,8,4,4,57,38,19
GRAY COUNTY,179,53 Years,311,166,145,237,123,114,16,13,3,8,3,5,50,27,23
GRAY COUNTY,179,54 Years,323,165,158,237,116,121,16,13,3,9,2,7,61,34,27
GRAY COUNTY,179,55 Years,319,164,155,229,109,120,19,14,5,11,8,3,60,33,27
GRAY COUNTY,179,56 Years,319,169,150,227,111,116,18,14,4,9,4,5,65,40,25
GRAY COUNTY,179,57 Years,284,142,142,222,109,113,12,7,5,10,2,8,40,24,16
GRAY COUNTY,179,58 Years,315,172,143,251,130,121,17,13,4,7,4,3,40,25,15
GRAY COUNTY,179,59 Years,301,154,147,237,118,119,9,6,3,9,4,5,46,26,20
GRAY COUNTY,179,60 Years,288,148,140,216,105,111,18,13,5,9,6,3,45,24,21
GRAY COUNTY,179,61 Years,286,141,145,237,113,124,20,12,8,7,4,3,22,12,10
GRAY COUNTY,179,62 Years,272,134,138,218,103,115,17,9,8,4,2,2,33,20,13
GRAY COUNTY,179,63 Years,253,138,115,198,103,95,14,8,6,6,4,2,35,23,12
GRAY COUNTY,179,64 Years,244,123,121,213,107,106,6,2,4,3,1,2,22,13,9
GRAY COUNTY,179,65 Years,243,123,120,207,110,97,6,0,6,4,3,1,26,10,16
GRAY COUNTY,179,66 Years,235,120,115,193,102,91,7,3,4,6,2,4,29,13,16
GRAY COUNTY,179,67 Years,223,105,118,187,89,98,9,5,4,5,1,4,22,10,12
GRAY COUNTY,179,68 Years,219,100,119,188,86,102,4,2,2,8,5,3,19,7,12
GRAY COUNTY,179,69 Years,198,95,103,160,80,80,7,3,4,9,4,5,22,8,14
GRAY COUNTY,179,70 Years,190,92,98,161,78,83,5,2,3,5,1,4,19,11,8
GRAY COUNTY,179,71 Years,194,93,101,169,80,89,4,3,1,6,2,4,15,8,7
GRAY COUNTY,179,72 Years,190,84,106,159,69,90,7,4,3,7,4,3,17,7,10
GRAY COUNTY,179,73 Years,157,71,86,143,66,77,3,1,2,4,1,3,7,3,4
GRAY COUNTY,179,74 Years,151,69,82,135,62,73,5,2,3,2,1,1,9,4,5
GRAY COUNTY,179,75 Years,154,75,79,134,63,71,6,3,3,2,2,0,12,7,5
GRAY COUNTY,179,76 Years,155,74,81,130,60,70,6,3,3,6,4,2,13,7,6
GRAY COUNTY,179,77 Years,140,57,83,128,52,76,3,1,2,3,1,2,6,3,3
GRAY COUNTY,179,78 Years,129,48,81,117,43,74,1,1,0,3,1,2,8,3,5
GRAY COUNTY,179,79 Years,140,64,76,123,58,65,3,1,2,4,0,4,10,5,5
GRAY COUNTY,179,80 Years,126,54,72,108,50,58,6,1,5,4,1,3,8,2,6
GRAY COUNTY,179,81 Years,108,41,67,98,38,60,2,0,2,3,1,2,5,2,3
GRAY COUNTY,179,82 Years,126,51,75,116,43,73,2,2,0,2,2,0,6,4,2
GRAY COUNTY,179,83 Years,106,42,64,96,35,61,2,2,0,2,1,1,6,4,2
GRAY COUNTY,179,84 Years,102,36,66,91,31,60,3,2,1,3,1,2,5,2,3
GRAY COUNTY,179,85 Years +,475,185,290,443,171,272,9,3,6,9,4,5,14,7,7
GRAYSON COUNTY,181,All Ages,125091,61223,63868,94127,45684,48443,7034,3468,3566,6547,3096,3451,17383,8975,8408
GRAYSON COUNTY,181,< 1 Year,1515,745,770,928,464,464,86,43,43,144,63,81,357,175,182
GRAYSON COUNTY,181,1 Years,1510,762,748,930,479,451,84,41,43,140,62,78,356,180,176
GRAYSON COUNTY,181,2 Years,1489,777,712,923,491,432,89,41,48,128,61,67,349,184,165
GRAYSON COUNTY,181,3 Years,1474,768,706,917,493,424,92,43,49,123,52,71,342,180,162
GRAYSON COUNTY,181,4 Years,1510,789,721,930,488,442,94,46,48,135,69,66,351,186,165
GRAYSON COUNTY,181,5 Years,1535,792,743,961,501,460,95,46,49,123,70,53,356,175,181
GRAYSON COUNTY,181,6 Years,1577,796,781,985,496,489,99,47,52,136,73,63,357,180,177
GRAYSON COUNTY,181,7 Years,1611,818,793,1005,509,496,101,56,45,145,74,71,360,179,181
GRAYSON COUNTY,181,8 Years,1563,800,763,984,504,480,113,67,46,128,64,64,338,165,173
GRAYSON COUNTY,181,9 Years,1658,840,818,1060,534,526,108,55,53,146,74,72,344,177,167
GRAYSON COUNTY,181,10 Years,1686,851,835,1088,554,534,95,41,54,142,68,74,361,188,173
GRAYSON COUNTY,181,11 Years,1644,822,822,1070,543,527,102,51,51,120,59,61,352,169,183
GRAYSON COUNTY,181,12 Years,1609,782,827,1059,529,530,121,54,67,106,52,54,323,147,176
GRAYSON COUNTY,181,13 Years,1692,903,789,1094,592,502,119,58,61,121,63,58,358,190,168
GRAYSON COUNTY,181,14 Years,1739,917,822,1133,601,532,107,60,47,115,59,56,384,197,187
GRAYSON COUNTY,181,15 Years,1735,872,863,1129,580,549,115,56,59,123,65,58,368,171,197
GRAYSON COUNTY,181,16 Years,1741,879,862,1132,584,548,119,59,60,117,64,53,373,172,201
GRAYSON COUNTY,181,17 Years,1686,872,814,1115,585,530,104,60,44,111,52,59,356,175,181
GRAYSON COUNTY,181,18 Years,1633,861,772,1087,581,506,109,66,43,105,47,58,332,167,165
GRAYSON COUNTY,181,19 Years,1481,766,715,973,503,470,101,55,46,101,50,51,306,158,148
GRAYSON COUNTY,181,20 Years,1431,769,662,930,495,435,91,48,43,105,57,48,305,169,136
GRAYSON COUNTY,181,21 Years,1527,809,718,1015,535,480,97,47,50,109,60,49,306,167,139
GRAYSON COUNTY,181,22 Years,1641,862,779,1076,568,508,103,45,58,111,58,53,351,191,160
GRAYSON COUNTY,181,23 Years,1834,952,882,1195,630,565,114,60,54,146,68,78,379,194,185
GRAYSON COUNTY,181,24 Years,2087,1041,1046,1396,695,701,137,69,68,160,71,89,394,206,188
GRAYSON COUNTY,181,25 Years,2027,983,1044,1357,651,706,138,63,75,134,61,73,398,208,190
GRAYSON COUNTY,181,26 Years,1875,906,969,1272,587,685,125,64,61,129,63,66,349,192,157
GRAYSON COUNTY,181,27 Years,1720,873,847,1171,587,584,104,55,49,95,44,51,350,187,163
GRAYSON COUNTY,181,28 Years,1560,788,772,1050,520,530,99,50,49,82,40,42,329,178,151
GRAYSON COUNTY,181,29 Years,1387,712,675,937,474,463,77,40,37,75,33,42,298,165,133
GRAYSON COUNTY,181,30 Years,1363,689,674,931,454,477,91,51,40,61,26,35,280,158,122
GRAYSON COUNTY,181,31 Years,1261,629,632,850,408,442,85,47,38,71,34,37,255,140,115
GRAYSON COUNTY,181,32 Years,1266,632,634,866,422,444,77,44,33,62,32,30,261,134,127
GRAYSON COUNTY,181,33 Years,1305,667,638,904,464,440,89,47,42,56,27,29,256,129,127
GRAYSON COUNTY,181,34 Years,1375,679,696,944,477,467,100,47,53,64,29,35,267,126,141
GRAYSON COUNTY,181,35 Years,1374,694,680,936,479,457,93,48,45,79,33,46,266,134,132
GRAYSON COUNTY,181,36 Years,1292,660,632,887,450,437,93,46,47,74,32,42,238,132,106
GRAYSON COUNTY,181,37 Years,1284,650,634,883,432,451,82,43,39,68,34,34,251,141,110
GRAYSON COUNTY,181,38 Years,1287,637,650,904,450,454,73,27,46,74,40,34,236,120,116
GRAYSON COUNTY,181,39 Years,1279,625,654,908,444,464,69,30,39,79,34,45,223,117,106
GRAYSON COUNTY,181,40 Years,1372,682,690,970,476,494,70,35,35,83,37,46,249,134,115
GRAYSON COUNTY,181,41 Years,1417,705,712,1023,504,519,73,38,35,70,31,39,251,132,119
GRAYSON COUNTY,181,42 Years,1377,680,697,1004,495,509,81,36,45,63,25,38,229,124,105
GRAYSON COUNTY,181,43 Years,1468,701,767,1094,512,582,76,34,42,74,35,39,224,120,104
GRAYSON COUNTY,181,44 Years,1561,758,803,1190,569,621,72,34,38,79,38,41,220,117,103
GRAYSON COUNTY,181,45 Years,1555,743,812,1186,549,637,79,40,39,71,34,37,219,120,99
GRAYSON COUNTY,181,46 Years,1539,758,781,1190,573,617,70,39,31,62,29,33,217,117,100
GRAYSON COUNTY,181,47 Years,1481,676,805,1145,517,628,76,37,39,65,31,34,195,91,104
GRAYSON COUNTY,181,48 Years,1454,701,753,1131,534,597,85,46,39,69,35,34,169,86,83
GRAYSON COUNTY,181,49 Years,1544,770,774,1211,590,621,77,43,34,70,34,36,186,103,83
GRAYSON COUNTY,181,50 Years,1667,806,861,1329,639,690,93,48,45,78,32,46,167,87,80
GRAYSON COUNTY,181,51 Years,1773,885,888,1449,723,726,105,52,53,71,33,38,148,77,71
GRAYSON COUNTY,181,52 Years,1801,874,927,1480,714,766,111,58,53,66,29,37,144,73,71
GRAYSON COUNTY,181,53 Years,1770,875,895,1446,715,731,107,54,53,74,32,42,143,74,69
GRAYSON COUNTY,181,54 Years,1845,904,941,1512,739,773,112,60,52,77,31,46,144,74,70
GRAYSON COUNTY,181,55 Years,1834,886,948,1536,743,793,107,51,56,71,33,38,120,59,61
GRAYSON COUNTY,181,56 Years,1826,873,953,1552,738,814,107,55,52,62,25,37,105,55,50
GRAYSON COUNTY,181,57 Years,1832,908,924,1554,773,781,107,51,56,71,29,42,100,55,45
GRAYSON COUNTY,181,58 Years,1818,864,954,1529,729,800,120,53,67,70,31,39,99,51,48
GRAYSON COUNTY,181,59 Years,1832,851,981,1571,729,842,104,49,55,65,29,36,92,44,48
GRAYSON COUNTY,181,60 Years,1744,843,901,1506,724,782,97,47,50,61,29,32,80,43,37
GRAYSON COUNTY,181,61 Years,1635,769,866,1425,674,751,81,36,45,60,22,38,69,37,32
GRAYSON COUNTY,181,62 Years,1531,728,803,1352,644,708,75,36,39,41,14,27,63,34,29
GRAYSON COUNTY,181,63 Years,1511,717,794,1329,623,706,71,39,32,48,21,27,63,34,29
GRAYSON COUNTY,181,64 Years,1439,672,767,1253,581,672,78,40,38,47,21,26,61,30,31
GRAYSON COUNTY,181,65 Years,1521,706,815,1332,611,721,81,43,38,43,19,24,65,33,32
GRAYSON COUNTY,181,66 Years,1492,711,781,1333,629,704,74,36,38,34,16,18,51,30,21
GRAYSON COUNTY,181,67 Years,1504,730,774,1368,659,709,58,29,29,36,17,19,42,25,17
GRAYSON COUNTY,181,68 Years,1555,737,818,1407,667,740,66,36,30,38,13,25,44,21,23
GRAYSON COUNTY,181,69 Years,1320,603,717,1198,553,645,51,22,29,38,14,24,33,14,19
GRAYSON COUNTY,181,70 Years,1216,558,658,1096,510,586,42,15,27,41,21,20,37,12,25
GRAYSON COUNTY,181,71 Years,1236,589,647,1121,535,586,46,23,23,38,15,23,31,16,15
GRAYSON COUNTY,181,72 Years,1194,578,616,1099,531,568,38,18,20,30,14,16,27,15,12
GRAYSON COUNTY,181,73 Years,1108,522,586,1015,480,535,31,13,18,25,12,13,37,17,20
GRAYSON COUNTY,181,74 Years,966,425,541,888,393,495,29,11,18,18,7,11,31,14,17
GRAYSON COUNTY,181,75 Years,905,416,489,820,376,444,42,16,26,14,9,5,29,15,14
GRAYSON COUNTY,181,76 Years,834,389,445,768,361,407,27,10,17,17,9,8,22,9,13
GRAYSON COUNTY,181,77 Years,754,348,406,693,317,376,22,9,13,20,12,8,19,10,9
GRAYSON COUNTY,181,78 Years,723,336,387,663,311,352,23,8,15,18,8,10,19,9,10
GRAYSON COUNTY,181,79 Years,638,275,363,586,251,335,20,8,12,19,8,11,13,8,5
GRAYSON COUNTY,181,80 Years,635,269,366,588,248,340,19,7,12,14,7,7,14,7,7
GRAYSON COUNTY,181,81 Years,588,247,341,544,228,316,16,6,10,13,6,7,15,7,8
GRAYSON COUNTY,181,82 Years,556,230,326,519,214,305,13,5,8,12,4,8,12,7,5
GRAYSON COUNTY,181,83 Years,495,203,292,463,190,273,13,5,8,7,2,5,12,6,6
GRAYSON COUNTY,181,84 Years,453,184,269,422,170,252,11,3,8,10,5,5,10,6,4
GRAYSON COUNTY,181,85 Years +,2509,869,1640,2322,810,1512,88,18,70,51,21,30,48,20,28
GREGG COUNTY,183,All Ages,126378,62375,64003,71192,34533,36659,24427,11550,12877,4786,2358,2428,25973,13934,12039
GREGG COUNTY,183,< 1 Year,1830,954,876,789,412,377,350,180,170,128,56,72,563,306,257
GREGG COUNTY,183,1 Years,1835,953,882,785,405,380,352,180,172,126,57,69,572,311,261
GREGG COUNTY,183,2 Years,1857,956,901,791,406,385,365,186,179,116,55,61,585,309,276
GREGG COUNTY,183,3 Years,1839,936,903,783,396,387,355,181,174,123,56,67,578,303,275
GREGG COUNTY,183,4 Years,1887,965,922,801,413,388,345,180,165,135,65,70,606,307,299
GREGG COUNTY,183,5 Years,1791,942,849,764,400,364,328,175,153,117,65,52,582,302,280
GREGG COUNTY,183,6 Years,1768,928,840,758,408,350,351,182,169,100,51,49,559,287,272
GREGG COUNTY,183,7 Years,1787,912,875,740,385,355,375,189,186,112,49,63,560,289,271
GREGG COUNTY,183,8 Years,1773,893,880,762,390,372,335,172,163,98,48,50,578,283,295
GREGG COUNTY,183,9 Years,1757,917,840,744,405,339,329,173,156,83,43,40,601,296,305
GREGG COUNTY,183,10 Years,1766,880,886,718,372,346,367,183,184,104,42,62,577,283,294
GREGG COUNTY,183,11 Years,1739,877,862,698,369,329,369,187,182,100,44,56,572,277,295
GREGG COUNTY,183,12 Years,1750,892,858,744,393,351,356,175,181,90,51,39,560,273,287
GREGG COUNTY,183,13 Years,1743,913,830,757,392,365,375,205,170,79,45,34,532,271,261
GREGG COUNTY,183,14 Years,1694,892,802,733,386,347,377,193,184,85,49,36,499,264,235
GREGG COUNTY,183,15 Years,1709,904,805,748,396,352,395,193,202,86,46,40,480,269,211
GREGG COUNTY,183,16 Years,1703,903,800,773,409,364,396,189,207,87,47,40,447,258,189
GREGG COUNTY,183,17 Years,1683,864,819,784,387,397,381,194,187,81,44,37,437,239,198
GREGG COUNTY,183,18 Years,1576,818,758,709,354,355,370,196,174,79,44,35,418,224,194
GREGG COUNTY,183,19 Years,1524,780,744,681,348,333,363,184,179,77,39,38,403,209,194
GREGG COUNTY,183,20 Years,1552,800,752,700,366,334,351,179,172,76,35,41,425,220,205
GREGG COUNTY,183,21 Years,1565,798,767,704,351,353,348,170,178,72,31,41,441,246,195
GREGG COUNTY,183,22 Years,1680,849,831,761,378,383,396,192,204,72,33,39,451,246,205
GREGG COUNTY,183,23 Years,1947,1015,932,947,486,461,427,221,206,94,51,43,479,257,222
GREGG COUNTY,183,24 Years,2182,1138,1044,1112,562,550,451,234,217,95,56,39,524,286,238
GREGG COUNTY,183,25 Years,2201,1140,1061,1145,584,561,436,217,219,87,46,41,533,293,240
GREGG COUNTY,183,26 Years,2085,1120,965,1136,604,532,357,189,168,84,49,35,508,278,230
GREGG COUNTY,183,27 Years,2054,1068,986,1108,573,535,367,172,195,76,43,33,503,280,223
GREGG COUNTY,183,28 Years,1964,1000,964,1055,523,532,343,158,185,72,39,33,494,280,214
GREGG COUNTY,183,29 Years,1804,922,882,953,465,488,318,148,170,62,37,25,471,272,199
GREGG COUNTY,183,30 Years,1764,903,861,898,442,456,305,141,164,67,40,27,494,280,214
GREGG COUNTY,183,31 Years,1735,866,869,867,413,454,297,145,152,65,36,29,506,272,234
GREGG COUNTY,183,32 Years,1750,889,861,868,441,427,330,155,175,55,31,24,497,262,235
GREGG COUNTY,183,33 Years,1721,857,864,832,424,408,335,152,183,55,30,25,499,251,248
GREGG COUNTY,183,34 Years,1691,818,873,851,420,431,330,140,190,60,31,29,450,227,223
GREGG COUNTY,183,35 Years,1669,843,826,828,415,413,338,157,181,69,32,37,434,239,195
GREGG COUNTY,183,36 Years,1582,811,771,777,407,370,337,155,182,65,29,36,403,220,183
GREGG COUNTY,183,37 Years,1591,810,781,789,391,398,356,169,187,56,28,28,390,222,168
GREGG COUNTY,183,38 Years,1548,792,756,767,392,375,335,161,174,53,22,31,393,217,176
GREGG COUNTY,183,39 Years,1464,732,732,754,389,365,286,108,178,49,22,27,375,213,162
GREGG COUNTY,183,40 Years,1433,727,706,740,378,362,271,111,160,50,23,27,372,215,157
GREGG COUNTY,183,41 Years,1437,728,709,750,376,374,292,133,159,49,22,27,346,197,149
GREGG COUNTY,183,42 Years,1373,684,689,713,349,364,300,134,166,44,22,22,316,179,137
GREGG COUNTY,183,43 Years,1441,710,731,768,363,405,312,143,169,45,23,22,316,181,135
GREGG COUNTY,183,44 Years,1573,780,793,848,407,441,344,170,174,56,21,35,325,182,143
GREGG COUNTY,183,45 Years,1585,792,793,913,456,457,322,147,175,47,21,26,303,168,135
GREGG COUNTY,183,46 Years,1483,717,766,884,416,468,295,132,163,38,18,20,266,151,115
GREGG COUNTY,183,47 Years,1379,683,696,783,387,396,295,136,159,43,20,23,258,140,118
GREGG COUNTY,183,48 Years,1370,693,677,787,398,389,283,132,151,47,21,26,253,142,111
GREGG COUNTY,183,49 Years,1378,688,690,817,399,418,268,128,140,46,23,23,247,138,109
GREGG COUNTY,183,50 Years,1501,739,762,924,450,474,292,133,159,39,16,23,246,140,106
GREGG COUNTY,183,51 Years,1545,741,804,966,463,503,294,133,161,39,16,23,246,129,117
GREGG COUNTY,183,52 Years,1556,753,803,964,461,503,312,141,171,53,25,28,227,126,101
GREGG COUNTY,183,53 Years,1653,780,873,1060,501,559,329,137,192,43,18,25,221,124,97
GREGG COUNTY,183,54 Years,1621,772,849,1037,488,549,330,147,183,47,23,24,207,114,93
GREGG COUNTY,183,55 Years,1673,791,882,1086,515,571,354,154,200,44,20,24,189,102,87
GREGG COUNTY,183,56 Years,1620,775,845,1080,506,574,335,160,175,46,17,29,159,92,67
GREGG COUNTY,183,57 Years,1681,816,865,1162,565,597,335,152,183,39,12,27,145,87,58
GREGG COUNTY,183,58 Years,1612,815,797,1125,568,557,328,158,170,36,13,23,123,76,47
GREGG COUNTY,183,59 Years,1559,775,784,1074,535,539,332,159,173,40,16,24,113,65,48
GREGG COUNTY,183,60 Years,1520,751,769,1043,515,528,320,151,169,46,24,22,111,61,50
GREGG COUNTY,183,61 Years,1421,674,747,1007,477,530,282,124,158,38,20,18,94,53,41
GREGG COUNTY,183,62 Years,1430,654,776,1025,464,561,262,115,147,37,19,18,106,56,50
GREGG COUNTY,183,63 Years,1376,681,695,1017,503,514,254,122,132,30,15,15,75,41,34
GREGG COUNTY,183,64 Years,1325,661,664,974,494,480,250,112,138,29,15,14,72,40,32
GREGG COUNTY,183,65 Years,1262,601,661,931,455,476,234,99,135,28,15,13,69,32,37
GREGG COUNTY,183,66 Years,1197,540,657,893,404,489,211,89,122,30,12,18,63,35,28
GREGG COUNTY,183,67 Years,1174,528,646,913,416,497,189,73,116,20,11,9,52,28,24
GREGG COUNTY,183,68 Years,1165,528,637,919,423,496,176,73,103,20,11,9,50,21,29
GREGG COUNTY,183,69 Years,956,447,509,742,342,400,152,71,81,17,9,8,45,25,20
GREGG COUNTY,183,70 Years,846,390,456,667,300,367,123,56,67,17,11,6,39,23,16
GREGG COUNTY,183,71 Years,880,396,484,717,322,395,112,46,66,19,12,7,32,16,16
GREGG COUNTY,183,72 Years,896,403,493,741,330,411,109,51,58,15,8,7,31,14,17
GREGG COUNTY,183,73 Years,779,346,433,625,278,347,113,52,61,16,7,9,25,9,16
GREGG COUNTY,183,74 Years,743,337,406,595,271,324,114,50,64,14,8,6,20,8,12
GREGG COUNTY,183,75 Years,704,301,403,582,250,332,91,35,56,10,6,4,21,10,11
GREGG COUNTY,183,76 Years,685,290,395,552,239,313,91,32,59,13,6,7,29,13,16
GREGG COUNTY,183,77 Years,648,268,380,535,219,316,81,34,47,7,4,3,25,11,14
GREGG COUNTY,183,78 Years,655,267,388,539,215,324,81,36,45,12,6,6,23,10,13
GREGG COUNTY,183,79 Years,622,257,365,519,211,308,74,32,42,10,5,5,19,9,10
GREGG COUNTY,183,80 Years,592,241,351,495,206,289,74,28,46,7,1,6,16,6,10
GREGG COUNTY,183,81 Years,526,217,309,438,183,255,70,27,43,5,1,4,13,6,7
GREGG COUNTY,183,82 Years,523,215,308,444,181,263,54,22,32,11,5,6,14,7,7
GREGG COUNTY,183,83 Years,490,187,303,411,158,253,54,15,39,11,8,3,14,6,8
GREGG COUNTY,183,84 Years,452,170,282,384,148,236,52,13,39,8,5,3,8,4,4
GREGG COUNTY,183,85 Years +,2478,816,1662,2089,696,1393,304,92,212,35,7,28,50,21,29
GRIMES COUNTY,185,All Ages,27670,15275,12395,16177,8745,7432,4415,2603,1812,588,287,301,6490,3640,2850
GRIMES COUNTY,185,< 1 Year,331,155,176,156,75,81,41,18,23,22,4,18,112,58,54
GRIMES COUNTY,185,1 Years,331,167,164,151,75,76,46,22,24,27,12,15,107,58,49
GRIMES COUNTY,185,2 Years,319,170,149,149,77,72,43,23,20,27,15,12,100,55,45
GRIMES COUNTY,185,3 Years,299,158,141,141,72,69,40,20,20,25,17,8,93,49,44
GRIMES COUNTY,185,4 Years,298,160,138,154,81,73,38,21,17,15,9,6,91,49,42
GRIMES COUNTY,185,5 Years,290,136,154,142,65,77,39,18,21,11,1,10,98,52,46
GRIMES COUNTY,185,6 Years,294,144,150,129,58,71,39,20,19,12,6,6,114,60,54
GRIMES COUNTY,185,7 Years,314,155,159,153,74,79,32,16,16,8,4,4,121,61,60
GRIMES COUNTY,185,8 Years,335,158,177,154,70,84,49,25,24,13,7,6,119,56,63
GRIMES COUNTY,185,9 Years,325,160,165,138,61,77,53,32,21,14,8,6,120,59,61
GRIMES COUNTY,185,10 Years,327,175,152,138,70,68,49,31,18,15,10,5,125,64,61
GRIMES COUNTY,185,11 Years,343,173,170,147,77,70,57,30,27,9,3,6,130,63,67
GRIMES COUNTY,185,12 Years,348,176,172,164,83,81,47,23,24,6,3,3,131,67,64
GRIMES COUNTY,185,13 Years,338,157,181,142,64,78,57,22,35,6,2,4,133,69,64
GRIMES COUNTY,185,14 Years,363,187,176,165,91,74,57,26,31,12,5,7,129,65,64
GRIMES COUNTY,185,15 Years,356,179,177,167,82,85,58,28,30,10,6,4,121,63,58
GRIMES COUNTY,185,16 Years,334,174,160,163,79,84,46,22,24,8,6,2,117,67,50
GRIMES COUNTY,185,17 Years,363,203,160,188,107,81,49,29,20,7,4,3,119,63,56
GRIMES COUNTY,185,18 Years,351,174,177,166,86,80,49,24,25,9,4,5,127,60,67
GRIMES COUNTY,185,19 Years,354,186,168,162,84,78,56,31,25,12,8,4,124,63,61
GRIMES COUNTY,185,20 Years,364,204,160,167,87,80,59,34,25,10,6,4,128,77,51
GRIMES COUNTY,185,21 Years,353,204,149,155,84,71,56,35,21,6,4,2,136,81,55
GRIMES COUNTY,185,22 Years,379,216,163,168,98,70,72,41,31,9,3,6,130,74,56
GRIMES COUNTY,185,23 Years,381,219,162,169,93,76,81,51,30,9,4,5,122,71,51
GRIMES COUNTY,185,24 Years,391,239,152,199,109,90,87,66,21,7,3,4,98,61,37
GRIMES COUNTY,185,25 Years,362,234,128,185,116,69,75,58,17,3,0,3,99,60,39
GRIMES COUNTY,185,26 Years,361,226,135,187,113,74,77,54,23,0,0,0,97,59,38
GRIMES COUNTY,185,27 Years,345,220,125,165,105,60,76,53,23,3,2,1,101,60,41
GRIMES COUNTY,185,28 Years,347,233,114,162,103,59,78,64,14,5,3,2,102,63,39
GRIMES COUNTY,185,29 Years,341,214,127,167,97,70,63,48,15,9,6,3,102,63,39
GRIMES COUNTY,185,30 Years,354,230,124,189,123,66,70,51,19,6,2,4,89,54,35
GRIMES COUNTY,185,31 Years,343,218,125,173,101,72,61,44,17,4,1,3,105,72,33
GRIMES COUNTY,185,32 Years,320,200,120,167,98,69,58,35,23,2,1,1,93,66,27
GRIMES COUNTY,185,33 Years,287,166,121,147,85,62,55,30,25,3,3,0,82,48,34
GRIMES COUNTY,185,34 Years,323,188,135,163,91,72,74,52,22,2,2,0,84,43,41
GRIMES COUNTY,185,35 Years,315,178,137,160,84,76,63,38,25,5,4,1,87,52,35
GRIMES COUNTY,185,36 Years,294,166,128,162,95,67,54,33,21,5,1,4,73,37,36
GRIMES COUNTY,185,37 Years,293,172,121,150,87,63,59,42,17,3,1,2,81,42,39
GRIMES COUNTY,185,38 Years,305,179,126,156,90,66,45,26,19,2,2,0,102,61,41
GRIMES COUNTY,185,39 Years,328,184,144,174,102,72,47,25,22,3,2,1,104,55,49
GRIMES COUNTY,185,40 Years,344,201,143,176,96,80,66,48,18,3,0,3,99,57,42
GRIMES COUNTY,185,41 Years,311,174,137,179,105,74,38,21,17,3,1,2,91,47,44
GRIMES COUNTY,185,42 Years,343,197,146,193,114,79,52,31,21,6,2,4,92,50,42
GRIMES COUNTY,185,43 Years,368,215,153,219,128,91,56,35,21,7,3,4,86,49,37
GRIMES COUNTY,185,44 Years,372,230,142,221,130,91,60,43,17,3,1,2,88,56,32
GRIMES COUNTY,185,45 Years,360,215,145,213,120,93,48,33,15,5,2,3,94,60,34
GRIMES COUNTY,185,46 Years,364,222,142,207,122,85,60,41,19,5,2,3,92,57,35
GRIMES COUNTY,185,47 Years,365,228,137,213,130,83,61,45,16,5,3,2,86,50,36
GRIMES COUNTY,185,48 Years,353,222,131,204,134,70,65,43,22,5,3,2,79,42,37
GRIMES COUNTY,185,49 Years,380,226,154,206,125,81,82,48,34,10,4,6,82,49,33
GRIMES COUNTY,185,50 Years,380,210,170,216,118,98,85,49,36,9,3,6,70,40,30
GRIMES COUNTY,185,51 Years,418,248,170,258,156,102,77,45,32,9,4,5,74,43,31
GRIMES COUNTY,185,52 Years,420,232,188,266,138,128,88,55,33,6,3,3,60,36,24
GRIMES COUNTY,185,53 Years,411,227,184,276,142,134,78,52,26,3,1,2,54,32,22
GRIMES COUNTY,185,54 Years,419,227,192,294,153,141,67,42,25,4,2,2,54,30,24
GRIMES COUNTY,185,55 Years,447,237,210,302,153,149,69,43,26,9,3,6,67,38,29
GRIMES COUNTY,185,56 Years,470,272,198,309,172,137,88,54,34,7,2,5,66,44,22
GRIMES COUNTY,185,57 Years,428,237,191,291,151,140,79,50,29,9,5,4,49,31,18
GRIMES COUNTY,185,58 Years,426,233,193,300,156,144,59,38,21,6,3,3,61,36,25
GRIMES COUNTY,185,59 Years,429,230,199,291,145,146,69,36,33,8,4,4,61,45,16
GRIMES COUNTY,185,60 Years,441,234,207,321,165,156,56,29,27,8,4,4,56,36,20
GRIMES COUNTY,185,61 Years,439,251,188,318,185,133,65,34,31,5,3,2,51,29,22
GRIMES COUNTY,185,62 Years,384,218,166,281,163,118,54,25,29,8,5,3,41,25,16
GRIMES COUNTY,185,63 Years,367,194,173,270,143,127,58,28,30,6,3,3,33,20,13
GRIMES COUNTY,185,64 Years,362,190,172,257,135,122,54,28,26,5,5,0,46,22,24
GRIMES COUNTY,185,65 Years,343,191,152,254,137,117,50,30,20,5,4,1,34,20,14
GRIMES COUNTY,185,66 Years,308,173,135,218,122,96,49,26,23,7,4,3,34,21,13
GRIMES COUNTY,185,67 Years,337,178,159,255,140,115,39,18,21,5,2,3,38,18,20
GRIMES COUNTY,185,68 Years,333,185,148,254,141,113,36,19,17,5,3,2,38,22,16
GRIMES COUNTY,185,69 Years,275,153,122,212,116,96,32,19,13,2,1,1,29,17,12
GRIMES COUNTY,185,70 Years,284,160,124,215,121,94,26,13,13,3,0,3,40,26,14
GRIMES COUNTY,185,71 Years,280,153,127,224,127,97,19,8,11,7,3,4,30,15,15
GRIMES COUNTY,185,72 Years,272,137,135,217,110,107,20,10,10,6,3,3,29,14,15
GRIMES COUNTY,185,73 Years,205,107,98,166,86,80,17,9,8,3,3,0,19,9,10
GRIMES COUNTY,185,74 Years,200,112,88,155,89,66,23,11,12,2,2,0,20,10,10
GRIMES COUNTY,185,75 Years,181,99,82,141,82,59,22,10,12,4,2,2,14,5,9
GRIMES COUNTY,185,76 Years,157,83,74,128,68,60,16,9,7,2,1,1,11,5,6
GRIMES COUNTY,185,77 Years,143,67,76,111,52,59,18,7,11,1,0,1,13,8,5
GRIMES COUNTY,185,78 Years,125,58,67,99,45,54,18,8,10,1,0,1,7,5,2
GRIMES COUNTY,185,79 Years,126,57,69,103,49,54,15,6,9,3,0,3,5,2,3
GRIMES COUNTY,185,80 Years,115,54,61,90,43,47,16,7,9,1,1,0,8,3,5
GRIMES COUNTY,185,81 Years,105,49,56,82,38,44,11,4,7,1,1,0,11,6,5
GRIMES COUNTY,185,82 Years,84,33,51,70,28,42,11,4,7,0,0,0,3,1,2
GRIMES COUNTY,185,83 Years,90,38,52,70,30,40,11,5,6,3,0,3,6,3,3
GRIMES COUNTY,185,84 Years,78,30,48,61,24,37,12,5,7,2,0,2,3,1,2
GRIMES COUNTY,185,85 Years +,429,151,278,337,126,211,65,18,47,7,2,5,20,5,15
GUADALUPE COUNTY,187,All Ages,152544,74271,78273,79794,38295,41499,9475,4767,4708,6011,2715,3296,57264,28494,28770
GUADALUPE COUNTY,187,< 1 Year,1726,885,841,763,393,370,85,42,43,72,32,40,806,418,388
GUADALUPE COUNTY,187,1 Years,1714,884,830,744,382,362,87,46,41,72,35,37,811,421,390
GUADALUPE COUNTY,187,2 Years,1711,881,830,747,381,366,82,43,39,74,40,34,808,417,391
GUADALUPE COUNTY,187,3 Years,1699,877,822,739,371,368,78,42,36,84,49,35,798,415,383
GUADALUPE COUNTY,187,4 Years,1762,897,865,735,368,367,81,41,40,96,59,37,850,429,421
GUADALUPE COUNTY,187,5 Years,1922,1012,910,783,419,364,91,52,39,102,49,53,946,492,454
GUADALUPE COUNTY,187,6 Years,2047,1058,989,811,418,393,96,49,47,114,51,63,1026,540,486
GUADALUPE COUNTY,187,7 Years,2146,1101,1045,873,439,434,95,49,46,119,63,56,1059,550,509
GUADALUPE COUNTY,187,8 Years,2234,1145,1089,924,463,461,102,48,54,112,58,54,1096,576,520
GUADALUPE COUNTY,187,9 Years,2292,1184,1108,949,488,461,92,46,46,122,64,58,1129,586,543
GUADALUPE COUNTY,187,10 Years,2358,1216,1142,999,501,498,96,57,39,126,66,60,1137,592,545
GUADALUPE COUNTY,187,11 Years,2335,1203,1132,1005,510,495,116,65,51,114,59,55,1100,569,531
GUADALUPE COUNTY,187,12 Years,2400,1226,1174,1039,511,528,135,72,63,107,56,51,1119,587,532
GUADALUPE COUNTY,187,13 Years,2496,1273,1223,1089,542,547,155,81,74,110,60,50,1142,590,552
GUADALUPE COUNTY,187,14 Years,2618,1321,1297,1115,550,565,156,79,77,125,63,62,1222,629,593
GUADALUPE COUNTY,187,15 Years,2626,1327,1299,1121,556,565,168,84,84,123,62,61,1214,625,589
GUADALUPE COUNTY,187,16 Years,2662,1380,1282,1181,608,573,179,90,89,118,55,63,1184,627,557
GUADALUPE COUNTY,187,17 Years,2649,1390,1259,1165,598,567,175,96,79,126,62,64,1183,634,549
GUADALUPE COUNTY,187,18 Years,2498,1289,1209,1061,542,519,177,89,88,124,62,62,1136,596,540
GUADALUPE COUNTY,187,19 Years,2340,1212,1128,969,481,488,183,91,92,121,61,60,1067,579,488
GUADALUPE COUNTY,187,20 Years,2259,1166,1093,917,452,465,176,92,84,110,58,52,1056,564,492
GUADALUPE COUNTY,187,21 Years,2161,1126,1035,885,457,428,186,98,88,98,50,48,992,521,471
GUADALUPE COUNTY,187,22 Years,2038,1035,1003,827,415,412,182,87,95,114,59,55,915,474,441
GUADALUPE COUNTY,187,23 Years,1934,931,1003,821,387,434,152,75,77,117,54,63,844,415,429
GUADALUPE COUNTY,187,24 Years,1827,911,916,801,383,418,150,76,74,90,46,44,786,406,380
GUADALUPE COUNTY,187,25 Years,1614,829,785,710,350,360,127,71,56,77,40,37,700,368,332
GUADALUPE COUNTY,187,26 Years,1580,809,771,724,344,380,116,68,48,67,34,33,673,363,310
GUADALUPE COUNTY,187,27 Years,1486,722,764,667,303,364,102,59,43,51,27,24,666,333,333
GUADALUPE COUNTY,187,28 Years,1397,718,679,614,303,311,93,52,41,46,27,19,644,336,308
GUADALUPE COUNTY,187,29 Years,1428,735,693,623,311,312,78,45,33,34,23,11,693,356,337
GUADALUPE COUNTY,187,30 Years,1468,729,739,668,323,345,78,40,38,44,20,24,678,346,332
GUADALUPE COUNTY,187,31 Years,1547,740,807,702,332,370,84,42,42,55,26,29,706,340,366
GUADALUPE COUNTY,187,32 Years,1729,833,896,798,394,404,93,49,44,59,26,33,779,364,415
GUADALUPE COUNTY,187,33 Years,1837,866,971,903,431,472,92,48,44,60,26,34,782,361,421
GUADALUPE COUNTY,187,34 Years,1898,877,1021,970,453,517,96,53,43,59,19,40,773,352,421
GUADALUPE COUNTY,187,35 Years,1978,919,1059,1013,470,543,100,52,48,69,24,45,796,373,423
GUADALUPE COUNTY,187,36 Years,1989,911,1078,1035,473,562,106,41,65,74,30,44,774,367,407
GUADALUPE COUNTY,187,37 Years,1986,886,1100,1064,474,590,102,39,63,78,31,47,742,342,400
GUADALUPE COUNTY,187,38 Years,2000,919,1081,1069,485,584,98,42,56,87,40,47,746,352,394
GUADALUPE COUNTY,187,39 Years,2095,972,1123,1130,517,613,104,47,57,85,35,50,776,373,403
GUADALUPE COUNTY,187,40 Years,2180,1000,1180,1190,546,644,114,51,63,88,37,51,788,366,422
GUADALUPE COUNTY,187,41 Years,2108,984,1124,1122,520,602,123,62,61,78,32,46,785,370,415
GUADALUPE COUNTY,187,42 Years,2231,1042,1189,1188,558,630,131,68,63,78,27,51,834,389,445
GUADALUPE COUNTY,187,43 Years,2379,1090,1289,1320,620,700,147,68,79,77,27,50,835,375,460
GUADALUPE COUNTY,187,44 Years,2431,1147,1284,1342,617,725,163,83,80,79,33,46,847,414,433
GUADALUPE COUNTY,187,45 Years,2411,1148,1263,1320,616,704,165,78,87,91,42,49,835,412,423
GUADALUPE COUNTY,187,46 Years,2317,1101,1216,1295,614,681,148,66,82,95,42,53,779,379,400
GUADALUPE COUNTY,187,47 Years,2266,1087,1179,1260,590,670,176,89,87,87,36,51,743,372,371
GUADALUPE COUNTY,187,48 Years,2242,1086,1156,1232,586,646,184,96,88,81,44,37,745,360,385
GUADALUPE COUNTY,187,49 Years,2216,1068,1148,1217,580,637,196,96,100,88,46,42,715,346,369
GUADALUPE COUNTY,187,50 Years,2302,1103,1199,1282,627,655,204,97,107,85,32,53,731,347,384
GUADALUPE COUNTY,187,51 Years,2246,1077,1169,1285,621,664,203,96,107,85,31,54,673,329,344
GUADALUPE COUNTY,187,52 Years,2244,1068,1176,1278,623,655,194,97,97,86,35,51,686,313,373
GUADALUPE COUNTY,187,53 Years,2215,1071,1144,1267,616,651,200,103,97,94,36,58,654,316,338
GUADALUPE COUNTY,187,54 Years,2153,1063,1090,1266,635,631,184,94,90,92,39,53,611,295,316
GUADALUPE COUNTY,187,55 Years,2194,1083,1111,1288,649,639,147,73,74,67,25,42,692,336,356
GUADALUPE COUNTY,187,56 Years,2039,1000,1039,1218,597,621,153,77,76,67,27,40,601,299,302
GUADALUPE COUNTY,187,57 Years,1932,933,999,1154,560,594,154,72,82,71,23,48,553,278,275
GUADALUPE COUNTY,187,58 Years,1843,886,957,1134,552,582,146,68,78,68,16,52,495,250,245
GUADALUPE COUNTY,187,59 Years,1866,913,953,1152,550,602,148,87,61,57,18,39,509,258,251
GUADALUPE COUNTY,187,60 Years,1819,861,958,1123,510,613,136,76,60,69,27,42,491,248,243
GUADALUPE COUNTY,187,61 Years,1694,803,891,1059,488,571,113,59,54,63,28,35,459,228,231
GUADALUPE COUNTY,187,62 Years,1624,768,856,1018,486,532,104,54,50,53,18,35,449,210,239
GUADALUPE COUNTY,187,63 Years,1564,746,818,974,449,525,92,54,38,51,17,34,447,226,221
GUADALUPE COUNTY,187,64 Years,1472,683,789,941,438,503,79,43,36,48,12,36,404,190,214
GUADALUPE COUNTY,187,65 Years,1487,685,802,975,467,508,77,38,39,41,10,31,394,170,224
GUADALUPE COUNTY,187,66 Years,1470,675,795,978,451,527,84,42,42,36,15,21,372,167,205
GUADALUPE COUNTY,187,67 Years,1457,686,771,987,471,516,76,38,38,37,13,24,357,164,193
GUADALUPE COUNTY,187,68 Years,1434,677,757,987,470,517,63,28,35,34,10,24,350,169,181
GUADALUPE COUNTY,187,69 Years,1243,599,644,817,398,419,61,28,33,30,9,21,335,164,171
GUADALUPE COUNTY,187,70 Years,1140,527,613,764,360,404,55,23,32,26,10,16,295,134,161
GUADALUPE COUNTY,187,71 Years,1141,550,591,798,390,408,54,25,29,27,12,15,262,123,139
GUADALUPE COUNTY,187,72 Years,1084,508,576,780,382,398,57,25,32,27,12,15,220,89,131
GUADALUPE COUNTY,187,73 Years,971,458,513,692,338,354,52,21,31,25,10,15,202,89,113
GUADALUPE COUNTY,187,74 Years,866,418,448,612,304,308,48,21,27,23,4,19,183,89,94
GUADALUPE COUNTY,187,75 Years,760,354,406,534,249,285,39,20,19,24,8,16,163,77,86
GUADALUPE COUNTY,187,76 Years,732,334,398,551,251,300,28,13,15,17,7,10,136,63,73
GUADALUPE COUNTY,187,77 Years,669,295,374,489,214,275,29,15,14,13,5,8,138,61,77
GUADALUPE COUNTY,187,78 Years,649,289,360,461,205,256,33,20,13,16,6,10,139,58,81
GUADALUPE COUNTY,187,79 Years,629,274,355,445,203,242,26,12,14,17,4,13,141,55,86
GUADALUPE COUNTY,187,80 Years,560,246,314,402,177,225,20,8,12,14,5,9,124,56,68
GUADALUPE COUNTY,187,81 Years,513,218,295,372,158,214,18,8,10,11,4,7,112,48,64
GUADALUPE COUNTY,187,82 Years,450,192,258,327,140,187,15,7,8,10,4,6,98,41,57
GUADALUPE COUNTY,187,83 Years,403,180,223,302,143,159,12,4,8,9,3,6,80,30,50
GUADALUPE COUNTY,187,84 Years,377,177,200,287,139,148,10,5,5,6,3,3,74,30,44
GUADALUPE COUNTY,187,85 Years +,2035,723,1312,1556,559,997,70,21,49,35,10,25,374,133,241
HALE COUNTY,189,All Ages,35371,18335,17036,12326,6276,6050,1774,1106,668,601,310,291,20670,10643,10027
HALE COUNTY,189,< 1 Year,534,281,253,127,65,62,15,6,9,22,11,11,370,199,171
HALE COUNTY,189,1 Years,544,273,271,130,65,65,16,5,11,18,10,8,380,193,187
HALE COUNTY,189,2 Years,563,277,286,124,62,62,17,8,9,11,6,5,411,201,210
HALE COUNTY,189,3 Years,602,304,298,127,63,64,19,10,9,11,8,3,445,223,222
HALE COUNTY,189,4 Years,636,330,306,133,70,63,20,10,10,15,8,7,468,242,226
HALE COUNTY,189,5 Years,647,295,352,129,64,65,24,9,15,13,8,5,481,214,267
HALE COUNTY,189,6 Years,576,294,282,124,63,61,28,16,12,11,6,5,413,209,204
HALE COUNTY,189,7 Years,568,294,274,114,57,57,25,15,10,13,8,5,416,214,202
HALE COUNTY,189,8 Years,557,284,273,111,61,50,23,14,9,10,4,6,413,205,208
HALE COUNTY,189,9 Years,547,280,267,120,65,55,18,11,7,12,3,9,397,201,196
HALE COUNTY,189,10 Years,548,283,265,126,69,57,16,7,9,5,2,3,401,205,196
HALE COUNTY,189,11 Years,572,281,291,117,55,62,18,7,11,6,3,3,431,216,215
HALE COUNTY,189,12 Years,536,284,252,114,61,53,21,7,14,10,6,4,391,210,181
HALE COUNTY,189,13 Years,559,278,281,139,77,62,18,7,11,12,5,7,390,189,201
HALE COUNTY,189,14 Years,532,254,278,132,66,66,18,12,6,10,5,5,372,171,201
HALE COUNTY,189,15 Years,569,308,261,140,75,65,19,13,6,13,8,5,397,212,185
HALE COUNTY,189,16 Years,540,283,257,125,62,63,19,14,5,8,4,4,388,203,185
HALE COUNTY,189,17 Years,530,278,252,125,65,60,20,12,8,7,5,2,378,196,182
HALE COUNTY,189,18 Years,512,276,236,139,75,64,21,12,9,9,6,3,343,183,160
HALE COUNTY,189,19 Years,547,299,248,130,72,58,25,19,6,8,6,2,384,202,182
HALE COUNTY,189,20 Years,511,290,221,133,83,50,27,20,7,9,6,3,342,181,161
HALE COUNTY,189,21 Years,537,314,223,133,83,50,40,26,14,9,6,3,355,199,156
HALE COUNTY,189,22 Years,525,284,241,127,73,54,41,28,13,11,4,7,346,179,167
HALE COUNTY,189,23 Years,574,330,244,146,84,62,52,38,14,11,5,6,365,203,162
HALE COUNTY,189,24 Years,576,316,260,181,93,88,51,37,14,10,3,7,334,183,151
HALE COUNTY,189,25 Years,547,291,256,202,106,96,52,34,18,11,5,6,282,146,136
HALE COUNTY,189,26 Years,527,298,229,194,110,84,47,35,12,11,7,4,275,146,129
HALE COUNTY,189,27 Years,541,306,235,189,110,79,44,35,9,9,5,4,299,156,143
HALE COUNTY,189,28 Years,523,299,224,178,98,80,45,31,14,10,6,4,290,164,126
HALE COUNTY,189,29 Years,477,274,203,148,86,62,40,27,13,8,4,4,281,157,124
HALE COUNTY,189,30 Years,448,256,192,136,81,55,34,25,9,4,3,1,274,147,127
HALE COUNTY,189,31 Years,431,261,170,127,82,45,30,25,5,1,1,0,273,153,120
HALE COUNTY,189,32 Years,449,255,194,125,69,56,24,18,6,5,4,1,295,164,131
HALE COUNTY,189,33 Years,466,259,207,129,73,56,22,19,3,11,5,6,304,162,142
HALE COUNTY,189,34 Years,455,247,208,129,69,60,25,21,4,9,5,4,292,152,140
HALE COUNTY,189,35 Years,437,230,207,144,74,70,31,23,8,3,1,2,259,132,127
HALE COUNTY,189,36 Years,419,229,190,133,75,58,25,18,7,6,3,3,255,133,122
HALE COUNTY,189,37 Years,401,214,187,121,68,53,24,16,8,6,4,2,250,126,124
HALE COUNTY,189,38 Years,374,205,169,104,52,52,28,22,6,6,4,2,236,127,109
HALE COUNTY,189,39 Years,385,210,175,109,57,52,33,25,8,5,2,3,238,126,112
HALE COUNTY,189,40 Years,367,191,176,105,56,49,20,12,8,5,2,3,237,121,116
HALE COUNTY,189,41 Years,391,193,198,112,56,56,17,12,5,8,4,4,254,121,133
HALE COUNTY,189,42 Years,399,208,191,118,63,55,22,12,10,8,5,3,251,128,123
HALE COUNTY,189,43 Years,431,229,202,131,71,60,16,9,7,10,5,5,274,144,130
HALE COUNTY,189,44 Years,430,216,214,146,77,69,14,8,6,8,4,4,262,127,135
HALE COUNTY,189,45 Years,425,238,187,164,94,70,22,13,9,7,2,5,232,129,103
HALE COUNTY,189,46 Years,402,219,183,152,87,65,21,12,9,5,1,4,224,119,105
HALE COUNTY,189,47 Years,434,223,211,160,85,75,27,17,10,6,2,4,241,119,122
HALE COUNTY,189,48 Years,423,228,195,157,85,72,20,13,7,5,1,4,241,129,112
HALE COUNTY,189,49 Years,416,226,190,146,73,73,25,20,5,7,3,4,238,130,108
HALE COUNTY,189,50 Years,423,215,208,158,74,84,23,15,8,5,2,3,237,124,113
HALE COUNTY,189,51 Years,423,214,209,170,82,88,23,20,3,7,3,4,223,109,114
HALE COUNTY,189,52 Years,423,216,207,171,87,84,16,8,8,9,4,5,227,117,110
HALE COUNTY,189,53 Years,418,212,206,177,88,89,20,10,10,7,4,3,214,110,104
HALE COUNTY,189,54 Years,408,217,191,174,91,83,21,12,9,4,2,2,209,112,97
HALE COUNTY,189,55 Years,446,236,210,188,102,86,22,12,10,6,3,3,230,119,111
HALE COUNTY,189,56 Years,408,204,204,195,92,103,19,10,9,8,4,4,186,98,88
HALE COUNTY,189,57 Years,411,197,214,194,88,106,21,12,9,6,3,3,190,94,96
HALE COUNTY,189,58 Years,423,205,218,193,93,100,29,20,9,4,1,3,197,91,106
HALE COUNTY,189,59 Years,408,196,212,192,92,100,20,11,9,3,2,1,193,91,102
HALE COUNTY,189,60 Years,380,197,183,188,100,88,14,6,8,6,3,3,172,88,84
HALE COUNTY,189,61 Years,378,198,180,192,102,90,20,11,9,4,3,1,162,82,80
HALE COUNTY,189,62 Years,365,182,183,188,95,93,16,12,4,3,1,2,158,74,84
HALE COUNTY,189,63 Years,310,158,152,173,84,89,18,10,8,3,1,2,116,63,53
HALE COUNTY,189,64 Years,290,158,132,158,85,73,9,4,5,4,2,2,119,67,52
HALE COUNTY,189,65 Years,300,149,151,162,77,85,7,4,3,4,2,2,127,66,61
HALE COUNTY,189,66 Years,306,147,159,171,82,89,11,3,8,3,2,1,121,60,61
HALE COUNTY,189,67 Years,284,139,145,156,75,81,12,4,8,3,1,2,113,59,54
HALE COUNTY,189,68 Years,259,129,130,146,70,76,12,6,6,5,2,3,96,51,45
HALE COUNTY,189,69 Years,229,110,119,124,53,71,9,5,4,4,3,1,92,49,43
HALE COUNTY,189,70 Years,216,105,111,112,54,58,8,2,6,7,3,4,89,46,43
HALE COUNTY,189,71 Years,238,117,121,145,70,75,5,0,5,8,4,4,80,43,37
HALE COUNTY,189,72 Years,223,107,116,141,70,71,5,2,3,5,2,3,72,33,39
HALE COUNTY,189,73 Years,226,107,119,140,69,71,14,7,7,3,2,1,69,29,40
HALE COUNTY,189,74 Years,190,86,104,125,57,68,8,4,4,3,2,1,54,23,31
HALE COUNTY,189,75 Years,176,75,101,109,47,62,6,2,4,1,0,1,60,26,34
HALE COUNTY,189,76 Years,158,66,92,97,38,59,5,2,3,1,0,1,55,26,29
HALE COUNTY,189,77 Years,175,72,103,110,45,65,5,2,3,2,0,2,58,25,33
HALE COUNTY,189,78 Years,145,62,83,88,36,52,5,2,3,4,1,3,48,23,25
HALE COUNTY,189,79 Years,130,62,68,89,43,46,3,2,1,2,1,1,36,16,20
HALE COUNTY,189,80 Years,149,72,77,97,45,52,5,3,2,1,1,0,46,23,23
HALE COUNTY,189,81 Years,138,60,78,94,40,54,5,1,4,3,2,1,36,17,19
HALE COUNTY,189,82 Years,137,55,82,93,34,59,3,1,2,3,3,0,38,17,21
HALE COUNTY,189,83 Years,129,59,70,91,39,52,4,2,2,2,1,1,32,17,15
HALE COUNTY,189,84 Years,98,40,58,74,28,46,6,3,3,1,1,0,17,8,9
HALE COUNTY,189,85 Years +,611,236,375,446,164,282,26,11,15,9,5,4,130,56,74
HALL COUNTY,191,All Ages,3166,1562,1604,1755,847,908,247,136,111,38,11,27,1126,568,558
HALL COUNTY,191,< 1 Year,27,15,12,8,4,4,5,3,2,0,0,0,14,8,6
HALL COUNTY,191,1 Years,32,17,15,8,5,3,8,4,4,0,0,0,16,8,8
HALL COUNTY,191,2 Years,35,16,19,7,3,4,6,4,2,0,0,0,22,9,13
HALL COUNTY,191,3 Years,38,14,24,7,4,3,5,2,3,3,1,2,23,7,16
HALL COUNTY,191,4 Years,38,15,23,8,4,4,5,1,4,2,1,1,23,9,14
HALL COUNTY,191,5 Years,43,20,23,9,5,4,4,3,1,0,0,0,30,12,18
HALL COUNTY,191,6 Years,46,20,26,17,6,11,1,0,1,0,0,0,28,14,14
HALL COUNTY,191,7 Years,38,20,18,12,5,7,3,3,0,0,0,0,23,12,11
HALL COUNTY,191,8 Years,39,20,19,11,5,6,6,4,2,0,0,0,22,11,11
HALL COUNTY,191,9 Years,42,21,21,14,5,9,5,2,3,0,0,0,23,14,9
HALL COUNTY,191,10 Years,43,24,19,15,9,6,4,1,3,1,0,1,23,14,9
HALL COUNTY,191,11 Years,36,20,16,18,11,7,2,1,1,0,0,0,16,8,8
HALL COUNTY,191,12 Years,47,26,21,14,9,5,5,3,2,1,0,1,27,14,13
HALL COUNTY,191,13 Years,49,24,25,17,9,8,3,1,2,1,0,1,28,14,14
HALL COUNTY,191,14 Years,55,26,29,20,10,10,3,2,1,0,0,0,32,14,18
HALL COUNTY,191,15 Years,39,17,22,16,7,9,4,1,3,0,0,0,19,9,10
HALL COUNTY,191,16 Years,49,25,24,23,10,13,7,4,3,0,0,0,19,11,8
HALL COUNTY,191,17 Years,42,23,19,23,13,10,4,2,2,0,0,0,15,8,7
HALL COUNTY,191,18 Years,53,25,28,24,10,14,3,1,2,0,0,0,26,14,12
HALL COUNTY,191,19 Years,52,25,27,30,14,16,2,1,1,0,0,0,20,10,10
HALL COUNTY,191,20 Years,36,19,17,17,8,9,4,4,0,0,0,0,15,7,8
HALL COUNTY,191,21 Years,47,28,19,21,13,8,6,4,2,1,1,0,19,10,9
HALL COUNTY,191,22 Years,45,21,24,22,10,12,3,2,1,0,0,0,20,9,11
HALL COUNTY,191,23 Years,47,26,21,18,10,8,6,5,1,1,0,1,22,11,11
HALL COUNTY,191,24 Years,45,29,16,15,9,6,3,2,1,1,1,0,26,17,9
HALL COUNTY,191,25 Years,31,17,14,11,6,5,2,1,1,0,0,0,18,10,8
HALL COUNTY,191,26 Years,27,14,13,12,5,7,2,2,0,0,0,0,13,7,6
HALL COUNTY,191,27 Years,29,13,16,9,3,6,3,2,1,1,0,1,16,8,8
HALL COUNTY,191,28 Years,28,18,10,10,7,3,1,0,1,1,0,1,16,11,5
HALL COUNTY,191,29 Years,22,11,11,6,3,3,2,1,1,0,0,0,14,7,7
HALL COUNTY,191,30 Years,27,12,15,9,5,4,4,2,2,1,0,1,13,5,8
HALL COUNTY,191,31 Years,29,16,13,8,5,3,2,1,1,1,0,1,18,10,8
HALL COUNTY,191,32 Years,31,13,18,18,8,10,2,0,2,1,0,1,10,5,5
HALL COUNTY,191,33 Years,21,9,12,15,8,7,1,0,1,1,0,1,4,1,3
HALL COUNTY,191,34 Years,25,9,16,10,5,5,2,0,2,0,0,0,13,4,9
HALL COUNTY,191,35 Years,27,12,15,11,6,5,1,0,1,0,0,0,15,6,9
HALL COUNTY,191,36 Years,29,15,14,13,8,5,0,0,0,1,0,1,15,7,8
HALL COUNTY,191,37 Years,30,16,14,17,8,9,2,2,0,1,0,1,10,6,4
HALL COUNTY,191,38 Years,31,12,19,18,6,12,4,2,2,1,0,1,8,4,4
HALL COUNTY,191,39 Years,26,12,14,13,6,7,1,1,0,0,0,0,12,5,7
HALL COUNTY,191,40 Years,31,12,19,18,8,10,1,0,1,0,0,0,12,4,8
HALL COUNTY,191,41 Years,27,13,14,14,7,7,1,0,1,0,0,0,12,6,6
HALL COUNTY,191,42 Years,28,15,13,13,6,7,2,1,1,0,0,0,13,8,5
HALL COUNTY,191,43 Years,35,17,18,17,9,8,2,1,1,0,0,0,16,7,9
HALL COUNTY,191,44 Years,34,13,21,18,7,11,1,0,1,0,0,0,15,6,9
HALL COUNTY,191,45 Years,28,13,15,20,8,12,2,2,0,0,0,0,6,3,3
HALL COUNTY,191,46 Years,34,20,14,19,11,8,4,2,2,0,0,0,11,7,4
HALL COUNTY,191,47 Years,30,18,12,15,9,6,5,2,3,0,0,0,10,7,3
HALL COUNTY,191,48 Years,30,17,13,17,12,5,2,1,1,0,0,0,11,4,7
HALL COUNTY,191,49 Years,32,17,15,18,11,7,2,1,1,0,0,0,12,5,7
HALL COUNTY,191,50 Years,36,21,15,23,14,9,1,0,1,1,0,1,11,7,4
HALL COUNTY,191,51 Years,38,22,16,24,12,12,1,1,0,1,0,1,12,9,3
HALL COUNTY,191,52 Years,43,25,18,25,12,13,4,2,2,1,1,0,13,10,3
HALL COUNTY,191,53 Years,45,25,20,27,14,13,4,2,2,1,1,0,13,8,5
HALL COUNTY,191,54 Years,40,21,19,28,15,13,3,1,2,1,0,1,8,5,3
HALL COUNTY,191,55 Years,42,19,23,27,13,14,4,2,2,0,0,0,11,4,7
HALL COUNTY,191,56 Years,48,25,23,28,13,15,4,3,1,0,0,0,16,9,7
HALL COUNTY,191,57 Years,40,21,19,26,11,15,3,2,1,0,0,0,11,8,3
HALL COUNTY,191,58 Years,30,13,17,20,8,12,1,0,1,0,0,0,9,5,4
HALL COUNTY,191,59 Years,50,24,26,32,15,17,3,2,1,0,0,0,15,7,8
HALL COUNTY,191,60 Years,46,23,23,30,15,15,3,2,1,1,1,0,12,5,7
HALL COUNTY,191,61 Years,42,19,23,29,14,15,2,1,1,1,0,1,10,4,6
HALL COUNTY,191,62 Years,31,15,16,22,10,12,2,1,1,0,0,0,7,4,3
HALL COUNTY,191,63 Years,40,15,25,25,11,14,5,2,3,0,0,0,10,2,8
HALL COUNTY,191,64 Years,41,18,23,28,14,14,5,2,3,0,0,0,8,2,6
HALL COUNTY,191,65 Years,37,18,19,30,14,16,1,1,0,0,0,0,6,3,3
HALL COUNTY,191,66 Years,39,17,22,27,9,18,4,3,1,0,0,0,8,5,3
HALL COUNTY,191,67 Years,39,22,17,28,15,13,2,0,2,0,0,0,9,7,2
HALL COUNTY,191,68 Years,47,24,23,34,18,16,3,1,2,0,0,0,10,5,5
HALL COUNTY,191,69 Years,41,21,20,34,16,18,1,1,0,1,1,0,5,3,2
HALL COUNTY,191,70 Years,46,26,20,31,16,15,6,5,1,0,0,0,9,5,4
HALL COUNTY,191,71 Years,36,20,16,29,16,13,3,2,1,0,0,0,4,2,2
HALL COUNTY,191,72 Years,40,20,20,34,17,17,2,1,1,2,1,1,2,1,1
HALL COUNTY,191,73 Years,38,14,24,31,12,19,1,0,1,1,0,1,5,2,3
HALL COUNTY,191,74 Years,36,12,24,30,10,20,2,0,2,2,1,1,2,1,1
HALL COUNTY,191,75 Years,38,18,20,31,13,18,4,4,0,0,0,0,3,1,2
HALL COUNTY,191,76 Years,30,17,13,26,14,12,2,2,0,0,0,0,2,1,1
HALL COUNTY,191,77 Years,30,15,15,25,12,13,1,1,0,0,0,0,4,2,2
HALL COUNTY,191,78 Years,35,16,19,29,15,14,1,0,1,2,0,2,3,1,2
HALL COUNTY,191,79 Years,29,14,15,24,11,13,1,1,0,1,1,0,3,1,2
HALL COUNTY,191,80 Years,27,13,14,23,11,12,1,1,0,0,0,0,3,1,2
HALL COUNTY,191,81 Years,22,9,13,18,8,10,0,0,0,1,0,1,3,1,2
HALL COUNTY,191,82 Years,18,9,9,15,7,8,0,0,0,1,0,1,2,2,0
HALL COUNTY,191,83 Years,16,9,7,14,7,7,1,1,0,0,0,0,1,1,0
HALL COUNTY,191,84 Years,18,10,8,16,8,8,1,1,0,0,0,0,1,1,0
HALL COUNTY,191,85 Years +,107,42,65,89,32,57,7,4,3,0,0,0,11,6,5
HAMILTON COUNTY,193,All Ages,8430,4217,4213,7293,3607,3686,35,25,10,118,61,57,984,524,460
HAMILTON COUNTY,193,< 1 Year,90,46,44,66,35,31,0,0,0,2,1,1,22,10,12
HAMILTON COUNTY,193,1 Years,86,46,40,62,35,27,0,0,0,1,1,0,23,10,13
HAMILTON COUNTY,193,2 Years,88,45,43,65,34,31,0,0,0,0,0,0,23,11,12
HAMILTON COUNTY,193,3 Years,93,50,43,67,35,32,0,0,0,1,1,0,25,14,11
HAMILTON COUNTY,193,4 Years,99,52,47,73,36,37,0,0,0,0,0,0,26,16,10
HAMILTON COUNTY,193,5 Years,88,43,45,66,28,38,0,0,0,0,0,0,22,15,7
HAMILTON COUNTY,193,6 Years,107,55,52,85,45,40,2,0,2,1,0,1,19,10,9
HAMILTON COUNTY,193,7 Years,92,51,41,74,39,35,0,0,0,1,0,1,17,12,5
HAMILTON COUNTY,193,8 Years,86,42,44,70,33,37,0,0,0,0,0,0,16,9,7
HAMILTON COUNTY,193,9 Years,94,51,43,74,38,36,0,0,0,2,1,1,18,12,6
HAMILTON COUNTY,193,10 Years,85,41,44,65,31,34,0,0,0,2,1,1,18,9,9
HAMILTON COUNTY,193,11 Years,91,51,40,72,41,31,0,0,0,0,0,0,19,10,9
HAMILTON COUNTY,193,12 Years,93,51,42,75,43,32,0,0,0,1,0,1,17,8,9
HAMILTON COUNTY,193,13 Years,103,49,54,78,36,42,2,2,0,1,0,1,22,11,11
HAMILTON COUNTY,193,14 Years,99,46,53,77,32,45,2,2,0,2,1,1,18,11,7
HAMILTON COUNTY,193,15 Years,101,51,50,82,41,41,1,1,0,2,1,1,16,8,8
HAMILTON COUNTY,193,16 Years,90,50,40,69,41,28,0,0,0,5,2,3,16,7,9
HAMILTON COUNTY,193,17 Years,119,65,54,98,56,42,0,0,0,5,3,2,16,6,10
HAMILTON COUNTY,193,18 Years,112,58,54,85,46,39,1,1,0,4,2,2,22,9,13
HAMILTON COUNTY,193,19 Years,92,48,44,67,35,32,1,1,0,4,2,2,20,10,10
HAMILTON COUNTY,193,20 Years,86,47,39,65,33,32,2,2,0,1,0,1,18,12,6
HAMILTON COUNTY,193,21 Years,98,48,50,72,35,37,1,0,1,3,3,0,22,10,12
HAMILTON COUNTY,193,22 Years,89,47,42,65,34,31,1,0,1,2,1,1,21,12,9
HAMILTON COUNTY,193,23 Years,109,58,51,83,44,39,1,1,0,4,2,2,21,11,10
HAMILTON COUNTY,193,24 Years,77,38,39,59,29,30,1,1,0,1,1,0,16,7,9
HAMILTON COUNTY,193,25 Years,70,30,40,56,23,33,1,1,0,0,0,0,13,6,7
HAMILTON COUNTY,193,26 Years,69,27,42,56,21,35,0,0,0,0,0,0,13,6,7
HAMILTON COUNTY,193,27 Years,89,45,44,70,37,33,1,0,1,0,0,0,18,8,10
HAMILTON COUNTY,193,28 Years,92,52,40,77,45,32,0,0,0,1,1,0,14,6,8
HAMILTON COUNTY,193,29 Years,64,33,31,57,30,27,0,0,0,1,1,0,6,2,4
HAMILTON COUNTY,193,30 Years,82,48,34,63,35,28,2,2,0,1,0,1,16,11,5
HAMILTON COUNTY,193,31 Years,74,36,38,62,31,31,2,1,1,0,0,0,10,4,6
HAMILTON COUNTY,193,32 Years,91,49,42,81,43,38,0,0,0,0,0,0,10,6,4
HAMILTON COUNTY,193,33 Years,85,50,35,70,43,27,2,1,1,0,0,0,13,6,7
HAMILTON COUNTY,193,34 Years,76,43,33,62,36,26,2,1,1,0,0,0,12,6,6
HAMILTON COUNTY,193,35 Years,81,47,34,70,39,31,0,0,0,0,0,0,11,8,3
HAMILTON COUNTY,193,36 Years,71,40,31,61,34,27,0,0,0,0,0,0,10,6,4
HAMILTON COUNTY,193,37 Years,74,44,30,64,37,27,0,0,0,1,1,0,9,6,3
HAMILTON COUNTY,193,38 Years,81,44,37,69,39,30,0,0,0,1,0,1,11,5,6
HAMILTON COUNTY,193,39 Years,81,39,42,68,32,36,1,1,0,1,0,1,11,6,5
HAMILTON COUNTY,193,40 Years,93,46,47,76,37,39,0,0,0,4,2,2,13,7,6
HAMILTON COUNTY,193,41 Years,76,40,36,66,35,31,1,0,1,2,2,0,7,3,4
HAMILTON COUNTY,193,42 Years,82,39,43,68,29,39,0,0,0,2,2,0,12,8,4
HAMILTON COUNTY,193,43 Years,102,49,53,87,43,44,0,0,0,2,0,2,13,6,7
HAMILTON COUNTY,193,44 Years,93,48,45,78,40,38,1,0,1,3,2,1,11,6,5
HAMILTON COUNTY,193,45 Years,98,53,45,84,44,40,1,1,0,2,2,0,11,6,5
HAMILTON COUNTY,193,46 Years,96,52,44,86,45,41,0,0,0,3,1,2,7,6,1
HAMILTON COUNTY,193,47 Years,85,46,39,77,40,37,0,0,0,1,1,0,7,5,2
HAMILTON COUNTY,193,48 Years,84,41,43,69,35,34,0,0,0,2,2,0,13,4,9
HAMILTON COUNTY,193,49 Years,91,43,48,76,37,39,0,0,0,4,2,2,11,4,7
HAMILTON COUNTY,193,50 Years,101,52,49,85,40,45,0,0,0,1,1,0,15,11,4
HAMILTON COUNTY,193,51 Years,121,63,58,107,56,51,0,0,0,1,0,1,13,7,6
HAMILTON COUNTY,193,52 Years,135,68,67,124,63,61,1,1,0,1,0,1,9,4,5
HAMILTON COUNTY,193,53 Years,124,65,59,111,57,54,2,2,0,2,1,1,9,5,4
HAMILTON COUNTY,193,54 Years,133,70,63,112,58,54,1,1,0,3,3,0,17,8,9
HAMILTON COUNTY,193,55 Years,133,75,58,117,65,52,0,0,0,2,0,2,14,10,4
HAMILTON COUNTY,193,56 Years,122,60,62,113,56,57,0,0,0,2,0,2,7,4,3
HAMILTON COUNTY,193,57 Years,127,65,62,116,60,56,0,0,0,1,0,1,10,5,5
HAMILTON COUNTY,193,58 Years,119,62,57,105,55,50,0,0,0,2,1,1,12,6,6
HAMILTON COUNTY,193,59 Years,110,54,56,101,48,53,0,0,0,0,0,0,9,6,3
HAMILTON COUNTY,193,60 Years,119,52,67,109,46,63,0,0,0,1,0,1,9,6,3
HAMILTON COUNTY,193,61 Years,131,61,70,118,55,63,1,1,0,2,0,2,10,5,5
HAMILTON COUNTY,193,62 Years,114,56,58,105,50,55,0,0,0,2,1,1,7,5,2
HAMILTON COUNTY,193,63 Years,128,54,74,121,49,72,0,0,0,3,2,1,4,3,1
HAMILTON COUNTY,193,64 Years,112,46,66,108,43,65,0,0,0,1,1,0,3,2,1
HAMILTON COUNTY,193,65 Years,110,55,55,104,53,51,0,0,0,2,1,1,4,1,3
HAMILTON COUNTY,193,66 Years,124,67,57,116,63,53,1,1,0,1,0,1,6,3,3
HAMILTON COUNTY,193,67 Years,115,55,60,110,52,58,0,0,0,0,0,0,5,3,2
HAMILTON COUNTY,193,68 Years,122,60,62,115,57,58,0,0,0,1,0,1,6,3,3
HAMILTON COUNTY,193,69 Years,101,43,58,97,41,56,0,0,0,1,1,0,3,1,2
HAMILTON COUNTY,193,70 Years,113,53,60,109,50,59,0,0,0,0,0,0,4,3,1
HAMILTON COUNTY,193,71 Years,111,51,60,106,48,58,0,0,0,1,0,1,4,3,1
HAMILTON COUNTY,193,72 Years,119,60,59,116,58,58,0,0,0,1,1,0,2,1,1
HAMILTON COUNTY,193,73 Years,111,54,57,108,52,56,0,0,0,1,1,0,2,1,1
HAMILTON COUNTY,193,74 Years,105,50,55,102,48,54,0,0,0,1,1,0,2,1,1
HAMILTON COUNTY,193,75 Years,92,44,48,88,43,45,0,0,0,2,1,1,2,0,2
HAMILTON COUNTY,193,76 Years,92,49,43,87,45,42,0,0,0,2,2,0,3,2,1
HAMILTON COUNTY,193,77 Years,85,40,45,82,38,44,0,0,0,0,0,0,3,2,1
HAMILTON COUNTY,193,78 Years,71,33,38,70,32,38,0,0,0,0,0,0,1,1,0
HAMILTON COUNTY,193,79 Years,77,36,41,75,35,40,0,0,0,1,1,0,1,0,1
HAMILTON COUNTY,193,80 Years,83,39,44,81,38,43,0,0,0,0,0,0,2,1,1
HAMILTON COUNTY,193,81 Years,60,27,33,59,27,32,0,0,0,0,0,0,1,0,1
HAMILTON COUNTY,193,82 Years,55,27,28,55,27,28,0,0,0,0,0,0,0,0,0
HAMILTON COUNTY,193,83 Years,49,25,24,48,25,23,0,0,0,0,0,0,1,0,1
HAMILTON COUNTY,193,84 Years,46,22,24,43,22,21,0,0,0,1,0,1,2,0,2
HAMILTON COUNTY,193,85 Years +,313,111,202,303,107,196,0,0,0,3,0,3,7,4,3
HANSFORD COUNTY,195,All Ages,5574,2845,2729,2827,1393,1434,31,17,14,75,41,34,2641,1394,1247
HANSFORD COUNTY,195,< 1 Year,77,44,33,22,12,10,0,0,0,11,9,2,44,23,21
HANSFORD COUNTY,195,1 Years,80,45,35,28,16,12,0,0,0,6,4,2,46,25,21
HANSFORD COUNTY,195,2 Years,79,41,38,29,15,14,0,0,0,0,0,0,50,26,24
HANSFORD COUNTY,195,3 Years,76,42,34,28,16,12,0,0,0,0,0,0,48,26,22
HANSFORD COUNTY,195,4 Years,76,40,36,27,14,13,0,0,0,0,0,0,49,26,23
HANSFORD COUNTY,195,5 Years,86,46,40,34,16,18,0,0,0,2,2,0,50,28,22
HANSFORD COUNTY,195,6 Years,85,40,45,35,16,19,0,0,0,2,1,1,48,23,25
HANSFORD COUNTY,195,7 Years,89,41,48,39,15,24,0,0,0,1,1,0,49,25,24
HANSFORD COUNTY,195,8 Years,90,52,38,32,19,13,3,3,0,1,1,0,54,29,25
HANSFORD COUNTY,195,9 Years,89,52,37,36,21,15,2,2,0,1,1,0,50,28,22
HANSFORD COUNTY,195,10 Years,100,49,51,40,19,21,1,1,0,1,1,0,58,28,30
HANSFORD COUNTY,195,11 Years,95,49,46,34,17,17,0,0,0,0,0,0,61,32,29
HANSFORD COUNTY,195,12 Years,89,43,46,34,18,16,2,0,2,0,0,0,53,25,28
HANSFORD COUNTY,195,13 Years,91,51,40,39,24,15,0,0,0,0,0,0,52,27,25
HANSFORD COUNTY,195,14 Years,103,54,49,37,21,16,0,0,0,1,1,0,65,32,33
HANSFORD COUNTY,195,15 Years,98,51,47,37,19,18,0,0,0,2,2,0,59,30,29
HANSFORD COUNTY,195,16 Years,90,44,46,37,20,17,0,0,0,1,1,0,52,23,29
HANSFORD COUNTY,195,17 Years,79,42,37,33,19,14,0,0,0,1,0,1,45,23,22
HANSFORD COUNTY,195,18 Years,88,48,40,35,18,17,1,0,1,4,2,2,48,28,20
HANSFORD COUNTY,195,19 Years,85,46,39,32,13,19,0,0,0,2,1,1,51,32,19
HANSFORD COUNTY,195,20 Years,82,38,44,32,12,20,0,0,0,2,0,2,48,26,22
HANSFORD COUNTY,195,21 Years,79,36,43,30,13,17,0,0,0,2,0,2,47,23,24
HANSFORD COUNTY,195,22 Years,94,51,43,35,17,18,1,1,0,1,0,1,57,33,24
HANSFORD COUNTY,195,23 Years,92,45,47,29,12,17,1,1,0,1,0,1,61,32,29
HANSFORD COUNTY,195,24 Years,62,33,29,21,11,10,2,1,1,0,0,0,39,21,18
HANSFORD COUNTY,195,25 Years,54,29,25,20,9,11,0,0,0,0,0,0,34,20,14
HANSFORD COUNTY,195,26 Years,43,21,22,21,10,11,0,0,0,0,0,0,22,11,11
HANSFORD COUNTY,195,27 Years,50,27,23,23,10,13,1,0,1,0,0,0,26,17,9
HANSFORD COUNTY,195,28 Years,55,31,24,21,12,9,0,0,0,1,0,1,33,19,14
HANSFORD COUNTY,195,29 Years,56,30,26,21,14,7,1,1,0,2,1,1,32,14,18
HANSFORD COUNTY,195,30 Years,50,26,24,21,11,10,0,0,0,1,1,0,28,14,14
HANSFORD COUNTY,195,31 Years,61,36,25,22,12,10,1,1,0,1,1,0,37,22,15
HANSFORD COUNTY,195,32 Years,76,37,39,31,16,15,2,1,1,0,0,0,43,20,23
HANSFORD COUNTY,195,33 Years,66,26,40,26,9,17,0,0,0,2,1,1,38,16,22
HANSFORD COUNTY,195,34 Years,69,30,39,28,10,18,1,1,0,2,1,1,38,18,20
HANSFORD COUNTY,195,35 Years,66,32,34,28,13,15,0,0,0,0,0,0,38,19,19
HANSFORD COUNTY,195,36 Years,63,31,32,28,13,15,0,0,0,0,0,0,35,18,17
HANSFORD COUNTY,195,37 Years,64,33,31,31,15,16,0,0,0,2,2,0,31,16,15
HANSFORD COUNTY,195,38 Years,67,36,31,31,17,14,1,1,0,0,0,0,35,18,17
HANSFORD COUNTY,195,39 Years,70,35,35,29,15,14,0,0,0,0,0,0,41,20,21
HANSFORD COUNTY,195,40 Years,64,35,29,29,15,14,0,0,0,1,0,1,34,20,14
HANSFORD COUNTY,195,41 Years,67,35,32,32,16,16,1,0,1,0,0,0,34,19,15
HANSFORD COUNTY,195,42 Years,74,39,35,29,15,14,1,0,1,0,0,0,44,24,20
HANSFORD COUNTY,195,43 Years,56,28,28,27,13,14,0,0,0,0,0,0,29,15,14
HANSFORD COUNTY,195,44 Years,67,35,32,32,15,17,0,0,0,0,0,0,35,20,15
HANSFORD COUNTY,195,45 Years,66,32,34,30,13,17,0,0,0,0,0,0,36,19,17
HANSFORD COUNTY,195,46 Years,59,29,30,29,16,13,0,0,0,0,0,0,30,13,17
HANSFORD COUNTY,195,47 Years,65,35,30,37,21,16,0,0,0,1,1,0,27,13,14
HANSFORD COUNTY,195,48 Years,58,31,27,31,16,15,0,0,0,1,1,0,26,14,12
HANSFORD COUNTY,195,49 Years,69,39,30,31,15,16,0,0,0,1,0,1,37,24,13
HANSFORD COUNTY,195,50 Years,72,38,34,37,16,21,0,0,0,2,2,0,33,20,13
HANSFORD COUNTY,195,51 Years,74,36,38,39,18,21,0,0,0,1,0,1,34,18,16
HANSFORD COUNTY,195,52 Years,83,46,37,43,25,18,0,0,0,0,0,0,40,21,19
HANSFORD COUNTY,195,53 Years,73,43,30,42,23,19,1,0,1,0,0,0,30,20,10
HANSFORD COUNTY,195,54 Years,69,35,34,38,17,21,2,2,0,1,0,1,28,16,12
HANSFORD COUNTY,195,55 Years,73,35,38,37,17,20,1,0,1,0,0,0,35,18,17
HANSFORD COUNTY,195,56 Years,68,39,29,47,26,21,0,0,0,0,0,0,21,13,8
HANSFORD COUNTY,195,57 Years,73,35,38,52,25,27,0,0,0,0,0,0,21,10,11
HANSFORD COUNTY,195,58 Years,69,33,36,46,22,24,0,0,0,1,0,1,22,11,11
HANSFORD COUNTY,195,59 Years,75,40,35,50,25,25,0,0,0,2,0,2,23,15,8
HANSFORD COUNTY,195,60 Years,72,33,39,47,23,24,0,0,0,1,0,1,24,10,14
HANSFORD COUNTY,195,61 Years,71,34,37,51,26,25,0,0,0,1,1,0,19,7,12
HANSFORD COUNTY,195,62 Years,62,31,31,51,26,25,0,0,0,0,0,0,11,5,6
HANSFORD COUNTY,195,63 Years,53,26,27,36,20,16,0,0,0,0,0,0,17,6,11
HANSFORD COUNTY,195,64 Years,59,33,26,44,26,18,0,0,0,0,0,0,15,7,8
HANSFORD COUNTY,195,65 Years,55,34,21,41,26,15,0,0,0,0,0,0,14,8,6
HANSFORD COUNTY,195,66 Years,60,28,32,49,21,28,0,0,0,1,0,1,10,7,3
HANSFORD COUNTY,195,67 Years,46,20,26,39,17,22,0,0,0,0,0,0,7,3,4
HANSFORD COUNTY,195,68 Years,58,33,25,42,23,19,0,0,0,2,0,2,14,10,4
HANSFORD COUNTY,195,69 Years,44,21,23,32,14,18,0,0,0,1,0,1,11,7,4
HANSFORD COUNTY,195,70 Years,39,21,18,26,12,14,1,1,0,0,0,0,12,8,4
HANSFORD COUNTY,195,71 Years,38,23,15,28,16,12,0,0,0,0,0,0,10,7,3
HANSFORD COUNTY,195,72 Years,47,24,23,38,21,17,1,0,1,0,0,0,8,3,5
HANSFORD COUNTY,195,73 Years,43,20,23,34,17,17,1,0,1,0,0,0,8,3,5
HANSFORD COUNTY,195,74 Years,33,14,19,29,13,16,0,0,0,1,0,1,3,1,2
HANSFORD COUNTY,195,75 Years,31,16,15,26,13,13,0,0,0,0,0,0,5,3,2
HANSFORD COUNTY,195,76 Years,33,16,17,26,12,14,0,0,0,0,0,0,7,4,3
HANSFORD COUNTY,195,77 Years,32,11,21,27,9,18,1,0,1,0,0,0,4,2,2
HANSFORD COUNTY,195,78 Years,27,9,18,22,7,15,0,0,0,0,0,0,5,2,3
HANSFORD COUNTY,195,79 Years,26,15,11,24,13,11,0,0,0,0,0,0,2,2,0
HANSFORD COUNTY,195,80 Years,24,12,12,22,11,11,0,0,0,0,0,0,2,1,1
HANSFORD COUNTY,195,81 Years,24,11,13,22,10,12,0,0,0,1,1,0,1,0,1
HANSFORD COUNTY,195,82 Years,25,11,14,21,7,14,0,0,0,1,1,0,3,3,0
HANSFORD COUNTY,195,83 Years,17,6,11,14,5,9,0,0,0,0,0,0,3,1,2
HANSFORD COUNTY,195,84 Years,16,5,11,15,5,10,0,0,0,0,0,0,1,0,1
HANSFORD COUNTY,195,85 Years +,101,37,64,87,32,55,1,0,1,2,0,2,11,5,6
HARDEMAN COUNTY,197,All Ages,3814,1949,1865,2560,1271,1289,195,108,87,105,61,44,954,509,445
HARDEMAN COUNTY,197,< 1 Year,47,25,22,19,11,8,2,1,1,6,2,4,20,11,9
HARDEMAN COUNTY,197,1 Years,43,25,18,20,13,7,2,1,1,3,1,2,18,10,8
HARDEMAN COUNTY,197,2 Years,40,20,20,20,10,10,2,1,1,0,0,0,18,9,9
HARDEMAN COUNTY,197,3 Years,40,21,19,18,10,8,2,1,1,3,1,2,17,9,8
HARDEMAN COUNTY,197,4 Years,52,24,28,19,9,10,3,1,2,4,1,3,26,13,13
HARDEMAN COUNTY,197,5 Years,59,34,25,23,11,12,3,2,1,4,4,0,29,17,12
HARDEMAN COUNTY,197,6 Years,55,32,23,19,12,7,4,1,3,3,2,1,29,17,12
HARDEMAN COUNTY,197,7 Years,51,26,25,21,11,10,3,2,1,1,1,0,26,12,14
HARDEMAN COUNTY,197,8 Years,51,23,28,22,10,12,1,0,1,4,2,2,24,11,13
HARDEMAN COUNTY,197,9 Years,53,30,23,25,12,13,1,1,0,5,4,1,22,13,9
HARDEMAN COUNTY,197,10 Years,53,36,17,26,17,9,2,2,0,5,5,0,20,12,8
HARDEMAN COUNTY,197,11 Years,57,34,23,26,15,11,3,2,1,2,2,0,26,15,11
HARDEMAN COUNTY,197,12 Years,48,26,22,22,11,11,1,1,0,2,1,1,23,13,10
HARDEMAN COUNTY,197,13 Years,49,24,25,26,13,13,2,2,0,2,1,1,19,8,11
HARDEMAN COUNTY,197,14 Years,56,29,27,33,17,16,2,2,0,1,0,1,20,10,10
HARDEMAN COUNTY,197,15 Years,46,25,21,25,14,11,2,1,1,1,0,1,18,10,8
HARDEMAN COUNTY,197,16 Years,58,30,28,35,17,18,1,1,0,2,1,1,20,11,9
HARDEMAN COUNTY,197,17 Years,56,33,23,34,19,15,2,1,1,0,0,0,20,13,7
HARDEMAN COUNTY,197,18 Years,50,33,17,31,18,13,2,2,0,1,1,0,16,12,4
HARDEMAN COUNTY,197,19 Years,52,29,23,31,17,14,4,3,1,1,1,0,16,8,8
HARDEMAN COUNTY,197,20 Years,45,22,23,22,10,12,5,2,3,2,1,1,16,9,7
HARDEMAN COUNTY,197,21 Years,47,24,23,24,12,12,5,2,3,2,1,1,16,9,7
HARDEMAN COUNTY,197,22 Years,50,24,26,26,11,15,3,1,2,1,1,0,20,11,9
HARDEMAN COUNTY,197,23 Years,48,23,25,28,14,14,2,1,1,0,0,0,18,8,10
HARDEMAN COUNTY,197,24 Years,41,20,21,26,13,13,2,1,1,1,0,1,12,6,6
HARDEMAN COUNTY,197,25 Years,28,19,9,20,13,7,0,0,0,0,0,0,8,6,2
HARDEMAN COUNTY,197,26 Years,26,13,13,16,8,8,1,1,0,1,0,1,8,4,4
HARDEMAN COUNTY,197,27 Years,31,12,19,18,8,10,2,2,0,1,0,1,10,2,8
HARDEMAN COUNTY,197,28 Years,34,15,19,25,11,14,3,2,1,1,1,0,5,1,4
HARDEMAN COUNTY,197,29 Years,38,21,17,24,13,11,2,1,1,2,2,0,10,5,5
HARDEMAN COUNTY,197,30 Years,37,20,17,23,12,11,2,1,1,3,2,1,9,5,4
HARDEMAN COUNTY,197,31 Years,40,23,17,27,15,12,3,2,1,0,0,0,10,6,4
HARDEMAN COUNTY,197,32 Years,40,24,16,22,13,9,1,0,1,0,0,0,17,11,6
HARDEMAN COUNTY,197,33 Years,38,20,18,20,10,10,1,1,0,0,0,0,17,9,8
HARDEMAN COUNTY,197,34 Years,34,18,16,20,11,9,3,2,1,0,0,0,11,5,6
HARDEMAN COUNTY,197,35 Years,39,16,23,23,11,12,2,1,1,1,0,1,13,4,9
HARDEMAN COUNTY,197,36 Years,31,16,15,16,9,7,3,2,1,0,0,0,12,5,7
HARDEMAN COUNTY,197,37 Years,41,21,20,24,10,14,1,1,0,0,0,0,16,10,6
HARDEMAN COUNTY,197,38 Years,41,19,22,26,11,15,1,1,0,1,0,1,13,7,6
HARDEMAN COUNTY,197,39 Years,36,19,17,22,10,12,3,3,0,0,0,0,11,6,5
HARDEMAN COUNTY,197,40 Years,33,20,13,23,13,10,4,3,1,0,0,0,6,4,2
HARDEMAN COUNTY,197,41 Years,38,22,16,28,14,14,3,3,0,0,0,0,7,5,2
HARDEMAN COUNTY,197,42 Years,32,15,17,22,9,13,2,2,0,2,1,1,6,3,3
HARDEMAN COUNTY,197,43 Years,44,26,18,30,17,13,5,3,2,2,2,0,7,4,3
HARDEMAN COUNTY,197,44 Years,44,20,24,35,16,19,3,1,2,1,1,0,5,2,3
HARDEMAN COUNTY,197,45 Years,45,22,23,36,17,19,1,0,1,0,0,0,8,5,3
HARDEMAN COUNTY,197,46 Years,43,21,22,34,17,17,3,0,3,1,1,0,5,3,2
HARDEMAN COUNTY,197,47 Years,40,18,22,30,15,15,1,0,1,1,0,1,8,3,5
HARDEMAN COUNTY,197,48 Years,39,16,23,30,13,17,1,1,0,1,0,1,7,2,5
HARDEMAN COUNTY,197,49 Years,48,25,23,31,18,13,3,1,2,1,0,1,13,6,7
HARDEMAN COUNTY,197,50 Years,56,31,25,33,17,16,4,2,2,2,1,1,17,11,6
HARDEMAN COUNTY,197,51 Years,53,25,28,38,16,22,2,1,1,1,0,1,12,8,4
HARDEMAN COUNTY,197,52 Years,43,19,24,32,14,18,3,1,2,1,0,1,7,4,3
HARDEMAN COUNTY,197,53 Years,43,23,20,31,15,16,3,2,1,2,1,1,7,5,2
HARDEMAN COUNTY,197,54 Years,50,23,27,37,18,19,4,1,3,1,1,0,8,3,5
HARDEMAN COUNTY,197,55 Years,43,25,18,36,22,14,2,1,1,0,0,0,5,2,3
HARDEMAN COUNTY,197,56 Years,47,26,21,37,18,19,3,2,1,1,1,0,6,5,1
HARDEMAN COUNTY,197,57 Years,65,29,36,48,20,28,5,2,3,3,3,0,9,4,5
HARDEMAN COUNTY,197,58 Years,57,34,23,48,27,21,2,2,0,1,1,0,6,4,2
HARDEMAN COUNTY,197,59 Years,60,37,23,42,25,17,4,3,1,1,1,0,13,8,5
HARDEMAN COUNTY,197,60 Years,69,38,31,51,28,23,2,2,0,1,1,0,15,7,8
HARDEMAN COUNTY,197,61 Years,61,30,31,50,22,28,1,1,0,1,1,0,9,6,3
HARDEMAN COUNTY,197,62 Years,50,23,27,43,21,22,1,0,1,1,0,1,5,2,3
HARDEMAN COUNTY,197,63 Years,52,24,28,43,19,24,1,1,0,1,1,0,7,3,4
HARDEMAN COUNTY,197,64 Years,51,30,21,43,25,18,2,1,1,1,1,0,5,3,2
HARDEMAN COUNTY,197,65 Years,47,31,16,40,26,14,3,1,2,1,1,0,3,3,0
HARDEMAN COUNTY,197,66 Years,50,26,24,42,23,19,2,1,1,1,0,1,5,2,3
HARDEMAN COUNTY,197,67 Years,52,22,30,43,17,26,2,1,1,2,2,0,5,2,3
HARDEMAN COUNTY,197,68 Years,52,22,30,43,19,24,2,1,1,1,1,0,6,1,5
HARDEMAN COUNTY,197,69 Years,60,26,34,47,22,25,3,2,1,2,0,2,8,2,6
HARDEMAN COUNTY,197,70 Years,53,22,31,45,20,25,1,0,1,1,0,1,6,2,4
HARDEMAN COUNTY,197,71 Years,50,21,29,44,18,26,2,0,2,0,0,0,4,3,1
HARDEMAN COUNTY,197,72 Years,44,21,23,39,17,22,1,0,1,0,0,0,4,4,0
HARDEMAN COUNTY,197,73 Years,43,22,21,34,17,17,1,1,0,1,0,1,7,4,3
HARDEMAN COUNTY,197,74 Years,38,18,20,33,16,17,2,1,1,0,0,0,3,1,2
HARDEMAN COUNTY,197,75 Years,36,15,21,31,13,18,2,0,2,0,0,0,3,2,1
HARDEMAN COUNTY,197,76 Years,31,16,15,26,13,13,3,1,2,0,0,0,2,2,0
HARDEMAN COUNTY,197,77 Years,22,12,10,19,11,8,2,1,1,0,0,0,1,0,1
HARDEMAN COUNTY,197,78 Years,28,12,16,23,10,13,2,1,1,0,0,0,3,1,2
HARDEMAN COUNTY,197,79 Years,28,11,17,24,9,15,2,1,1,0,0,0,2,1,1
HARDEMAN COUNTY,197,80 Years,25,13,12,24,12,12,1,1,0,0,0,0,0,0,0
HARDEMAN COUNTY,197,81 Years,18,8,10,17,8,9,0,0,0,0,0,0,1,0,1
HARDEMAN COUNTY,197,82 Years,16,8,8,15,7,8,0,0,0,0,0,0,1,1,0
HARDEMAN COUNTY,197,83 Years,15,6,9,13,6,7,0,0,0,1,0,1,1,0,1
HARDEMAN COUNTY,197,84 Years,17,10,7,14,8,6,2,1,1,0,0,0,1,1,0
HARDEMAN COUNTY,197,85 Years +,102,37,65,86,31,55,8,3,5,2,1,1,6,2,4
HARDIN COUNTY,199,All Ages,57641,28461,29180,49850,24539,25311,3390,1606,1784,1283,673,610,3118,1643,1475
HARDIN COUNTY,199,< 1 Year,661,339,322,548,276,272,29,17,12,26,17,9,58,29,29
HARDIN COUNTY,199,1 Years,671,350,321,557,286,271,29,16,13,28,17,11,57,31,26
HARDIN COUNTY,199,2 Years,678,359,319,565,297,268,33,17,16,32,19,13,48,26,22
HARDIN COUNTY,199,3 Years,676,360,316,555,292,263,35,18,17,35,22,13,51,28,23
HARDIN COUNTY,199,4 Years,708,376,332,560,292,268,36,20,16,52,34,18,60,30,30
HARDIN COUNTY,199,5 Years,748,379,369,610,302,308,41,23,18,34,20,14,63,34,29
HARDIN COUNTY,199,6 Years,780,414,366,648,348,300,53,26,27,28,16,12,51,24,27
HARDIN COUNTY,199,7 Years,778,402,376,631,325,306,52,25,27,35,19,16,60,33,27
HARDIN COUNTY,199,8 Years,798,421,377,646,337,309,53,30,23,37,19,18,62,35,27
HARDIN COUNTY,199,9 Years,784,415,369,640,338,302,50,26,24,35,18,17,59,33,26
HARDIN COUNTY,199,10 Years,833,426,407,684,347,337,44,25,19,33,14,19,72,40,32
HARDIN COUNTY,199,11 Years,813,418,395,677,349,328,46,24,22,27,10,17,63,35,28
HARDIN COUNTY,199,12 Years,815,416,399,685,353,332,46,23,23,22,8,14,62,32,30
HARDIN COUNTY,199,13 Years,857,454,403,721,382,339,49,28,21,17,9,8,70,35,35
HARDIN COUNTY,199,14 Years,902,472,430,753,387,366,53,28,25,21,14,7,75,43,32
HARDIN COUNTY,199,15 Years,923,494,429,761,401,360,66,35,31,22,15,7,74,43,31
HARDIN COUNTY,199,16 Years,895,468,427,749,390,359,54,25,29,22,16,6,70,37,33
HARDIN COUNTY,199,17 Years,867,451,416,729,379,350,50,24,26,18,11,7,70,37,33
HARDIN COUNTY,199,18 Years,813,431,382,674,356,318,53,22,31,17,10,7,69,43,26
HARDIN COUNTY,199,19 Years,722,394,328,603,324,279,47,24,23,13,8,5,59,38,21
HARDIN COUNTY,199,20 Years,670,344,326,559,278,281,48,27,21,11,5,6,52,34,18
HARDIN COUNTY,199,21 Years,657,334,323,538,259,279,49,32,17,14,9,5,56,34,22
HARDIN COUNTY,199,22 Years,712,370,342,575,295,280,59,35,24,18,11,7,60,29,31
HARDIN COUNTY,199,23 Years,715,360,355,593,299,294,50,26,24,17,9,8,55,26,29
HARDIN COUNTY,199,24 Years,688,355,333,567,299,268,39,11,28,22,14,8,60,31,29
HARDIN COUNTY,199,25 Years,705,359,346,579,300,279,55,22,33,19,10,9,52,27,25
HARDIN COUNTY,199,26 Years,632,315,317,529,266,263,46,21,25,14,6,8,43,22,21
HARDIN COUNTY,199,27 Years,635,314,321,552,274,278,38,17,21,10,5,5,35,18,17
HARDIN COUNTY,199,28 Years,600,306,294,521,271,250,35,14,21,8,5,3,36,16,20
HARDIN COUNTY,199,29 Years,618,306,312,522,254,268,44,21,23,11,7,4,41,24,17
HARDIN COUNTY,199,30 Years,576,276,300,487,230,257,41,22,19,12,5,7,36,19,17
HARDIN COUNTY,199,31 Years,578,267,311,492,223,269,37,19,18,7,3,4,42,22,20
HARDIN COUNTY,199,32 Years,638,311,327,547,266,281,34,18,16,5,3,2,52,24,28
HARDIN COUNTY,199,33 Years,675,327,348,579,282,297,42,21,21,8,5,3,46,19,27
HARDIN COUNTY,199,34 Years,716,348,368,610,295,315,40,22,18,12,6,6,54,25,29
HARDIN COUNTY,199,35 Years,761,374,387,649,319,330,43,22,21,16,8,8,53,25,28
HARDIN COUNTY,199,36 Years,740,359,381,638,307,331,43,20,23,12,6,6,47,26,21
HARDIN COUNTY,199,37 Years,735,353,382,631,302,329,44,20,24,10,5,5,50,26,24
HARDIN COUNTY,199,38 Years,695,329,366,606,286,320,37,17,20,9,4,5,43,22,21
HARDIN COUNTY,199,39 Years,681,327,354,598,288,310,35,15,20,13,3,10,35,21,14
HARDIN COUNTY,199,40 Years,679,338,341,595,300,295,37,15,22,10,4,6,37,19,18
HARDIN COUNTY,199,41 Years,680,313,367,594,277,317,35,11,24,12,6,6,39,19,20
HARDIN COUNTY,199,42 Years,733,332,401,635,298,337,48,13,35,15,6,9,35,15,20
HARDIN COUNTY,199,43 Years,757,353,404,663,319,344,45,17,28,20,8,12,29,9,20
HARDIN COUNTY,199,44 Years,818,404,414,731,361,370,35,16,19,15,8,7,37,19,18
HARDIN COUNTY,199,45 Years,836,433,403,745,381,364,39,20,19,12,6,6,40,26,14
HARDIN COUNTY,199,46 Years,741,365,376,642,315,327,37,18,19,17,11,6,45,21,24
HARDIN COUNTY,199,47 Years,747,370,377,658,330,328,34,15,19,15,8,7,40,17,23
HARDIN COUNTY,199,48 Years,762,377,385,668,327,341,42,20,22,19,11,8,33,19,14
HARDIN COUNTY,199,49 Years,766,378,388,665,324,341,48,22,26,17,9,8,36,23,13
HARDIN COUNTY,199,50 Years,799,387,412,686,330,356,57,25,32,16,8,8,40,24,16
HARDIN COUNTY,199,51 Years,796,389,407,694,338,356,53,26,27,18,9,9,31,16,15
HARDIN COUNTY,199,52 Years,832,424,408,743,383,360,45,21,24,19,8,11,25,12,13
HARDIN COUNTY,199,53 Years,846,401,445,752,362,390,40,15,25,21,11,10,33,13,20
HARDIN COUNTY,199,54 Years,876,435,441,779,391,388,51,23,28,18,12,6,28,9,19
HARDIN COUNTY,199,55 Years,871,427,444,771,380,391,58,26,32,16,9,7,26,12,14
HARDIN COUNTY,199,56 Years,857,409,448,772,372,400,51,20,31,14,6,8,20,11,9
HARDIN COUNTY,199,57 Years,842,399,443,756,357,399,50,23,27,13,6,7,23,13,10
HARDIN COUNTY,199,58 Years,831,409,422,744,365,379,51,24,27,14,6,8,22,14,8
HARDIN COUNTY,199,59 Years,830,418,412,748,374,374,44,26,18,16,5,11,22,13,9
HARDIN COUNTY,199,60 Years,786,406,380,695,359,336,55,27,28,14,7,7,22,13,9
HARDIN COUNTY,199,61 Years,758,385,373,674,342,332,49,24,25,11,4,7,24,15,9
HARDIN COUNTY,199,62 Years,707,322,385,635,292,343,46,16,30,10,3,7,16,11,5
HARDIN COUNTY,199,63 Years,658,299,359,592,269,323,41,15,26,8,3,5,17,12,5
HARDIN COUNTY,199,64 Years,689,338,351,607,298,309,46,19,27,11,5,6,25,16,9
HARDIN COUNTY,199,65 Years,649,323,326,580,286,294,39,20,19,9,6,3,21,11,10
HARDIN COUNTY,199,66 Years,624,297,327,573,273,300,32,17,15,8,4,4,11,3,8
HARDIN COUNTY,199,67 Years,643,307,336,588,283,305,36,16,20,11,4,7,8,4,4
HARDIN COUNTY,199,68 Years,614,305,309,560,274,286,36,19,17,6,4,2,12,8,4
HARDIN COUNTY,199,69 Years,491,245,246,447,221,226,26,15,11,7,3,4,11,6,5
HARDIN COUNTY,199,70 Years,515,248,267,470,228,242,26,15,11,8,2,6,11,3,8
HARDIN COUNTY,199,71 Years,498,229,269,451,209,242,32,14,18,5,2,3,10,4,6
HARDIN COUNTY,199,72 Years,496,231,265,454,212,242,28,12,16,5,4,1,9,3,6
HARDIN COUNTY,199,73 Years,461,217,244,421,197,224,25,11,14,7,4,3,8,5,3
HARDIN COUNTY,199,74 Years,407,184,223,371,173,198,20,5,15,8,3,5,8,3,5
HARDIN COUNTY,199,75 Years,370,164,206,340,152,188,19,9,10,4,2,2,7,1,6
HARDIN COUNTY,199,76 Years,329,142,187,304,129,175,17,10,7,2,1,1,6,2,4
HARDIN COUNTY,199,77 Years,312,140,172,285,129,156,15,8,7,3,1,2,9,2,7
HARDIN COUNTY,199,78 Years,294,129,165,270,121,149,16,5,11,1,1,0,7,2,5
HARDIN COUNTY,199,79 Years,282,117,165,263,106,157,13,6,7,1,1,0,5,4,1
HARDIN COUNTY,199,80 Years,261,114,147,248,109,139,9,4,5,3,0,3,1,1,0
HARDIN COUNTY,199,81 Years,234,101,133,218,95,123,7,2,5,2,1,1,7,3,4
HARDIN COUNTY,199,82 Years,224,104,120,206,96,110,11,5,6,2,0,2,5,3,2
HARDIN COUNTY,199,83 Years,197,85,112,183,80,103,10,4,6,2,0,2,2,1,1
HARDIN COUNTY,199,84 Years,172,73,99,161,69,92,9,3,6,1,1,0,1,0,1
HARDIN COUNTY,199,85 Years +,922,322,600,845,299,546,49,11,38,15,5,10,13,7,6
HARRIS COUNTY,201,All Ages,4530268,2267217,2263051,1323437,661817,661620,817096,383977,433119,395206,194459,200747,1994529,1026964,967565
HARRIS COUNTY,201,< 1 Year,73788,37485,36303,15704,7969,7735,13051,6627,6424,6878,3498,3380,38155,19391,18764
HARRIS COUNTY,201,1 Years,72002,36668,35334,15398,7852,7546,12716,6451,6265,6598,3362,3236,37290,19003,18287
HARRIS COUNTY,201,2 Years,69923,35702,34221,14991,7679,7312,12292,6242,6050,6402,3286,3116,36238,18495,17743
HARRIS COUNTY,201,3 Years,68014,34643,33371,14488,7414,7074,11850,6012,5838,5972,3064,2908,35704,18153,17551
HARRIS COUNTY,201,4 Years,67813,34479,33334,14255,7267,6988,11752,5956,5796,5934,3033,2901,35872,18223,17649
HARRIS COUNTY,201,5 Years,69096,35165,33931,14210,7313,6897,11842,5985,5857,5702,2873,2829,37342,18994,18348
HARRIS COUNTY,201,6 Years,67544,34391,33153,13834,7073,6761,11641,5862,5779,5542,2872,2670,36527,18584,17943
HARRIS COUNTY,201,7 Years,67213,34311,32902,13703,7060,6643,11605,5850,5755,5524,2909,2615,36381,18492,17889
HARRIS COUNTY,201,8 Years,66687,34053,32634,13577,6991,6586,11742,6013,5729,5408,2767,2641,35960,18282,17678
HARRIS COUNTY,201,9 Years,65305,33311,31994,13406,6909,6497,11584,5818,5766,5234,2682,2552,35081,17902,17179
HARRIS COUNTY,201,10 Years,65443,33436,32007,13373,6809,6564,11641,5858,5783,5166,2645,2521,35263,18124,17139
HARRIS COUNTY,201,11 Years,65872,33638,32234,13458,6873,6585,11773,5983,5790,5151,2614,2537,35490,18168,17322
HARRIS COUNTY,201,12 Years,66072,33871,32201,13620,7028,6592,11775,6036,5739,5152,2631,2521,35525,18176,17349
HARRIS COUNTY,201,13 Years,65921,34086,31835,13305,6902,6403,12125,6317,5808,5034,2579,2455,35457,18288,17169
HARRIS COUNTY,201,14 Years,66911,34448,32463,13573,7040,6533,12380,6328,6052,5086,2653,2433,35872,18427,17445
HARRIS COUNTY,201,15 Years,67258,34536,32722,14131,7264,6867,12601,6483,6118,4906,2525,2381,35620,18264,17356
HARRIS COUNTY,201,16 Years,65189,33513,31676,13984,7170,6814,12446,6488,5958,4537,2311,2226,34222,17544,16678
HARRIS COUNTY,201,17 Years,64162,33043,31119,13853,7177,6676,12342,6285,6057,4495,2287,2208,33472,17294,16178
HARRIS COUNTY,201,18 Years,61970,31993,29977,13465,6976,6489,11749,5930,5819,4437,2258,2179,32319,16829,15490
HARRIS COUNTY,201,19 Years,58534,30412,28122,12245,6378,5867,11031,5654,5377,4196,2165,2031,31062,16215,14847
HARRIS COUNTY,201,20 Years,58345,30304,28041,11922,6161,5761,11191,5703,5488,4172,2153,2019,31060,16287,14773
HARRIS COUNTY,201,21 Years,59774,31103,28671,12122,6228,5894,11682,5912,5770,4329,2237,2092,31641,16726,14915
HARRIS COUNTY,201,22 Years,62496,32593,29903,12857,6617,6240,12373,6185,6188,4651,2397,2254,32615,17394,15221
HARRIS COUNTY,201,23 Years,64823,34092,30731,13419,6967,6452,12615,6268,6347,4921,2574,2347,33868,18283,15585
HARRIS COUNTY,201,24 Years,65991,34689,31302,13041,6728,6313,12746,6107,6639,5149,2651,2498,35055,19203,15852
HARRIS COUNTY,201,25 Years,67899,35793,32106,13469,6948,6521,12996,6154,6842,5610,2845,2765,35824,19846,15978
HARRIS COUNTY,201,26 Years,69204,36243,32961,14136,7104,7032,12653,5887,6766,6248,3163,3085,36167,20089,16078
HARRIS COUNTY,201,27 Years,71670,37503,34167,15789,7925,7864,12274,5662,6612,6706,3356,3350,36901,20560,16341
HARRIS COUNTY,201,28 Years,74695,38811,35884,18129,9017,9112,12143,5647,6496,7056,3443,3613,37367,20704,16663
HARRIS COUNTY,201,29 Years,77947,40345,37602,20267,10185,10082,12551,5871,6680,7690,3779,3911,37439,20510,16929
HARRIS COUNTY,201,30 Years,79621,40866,38755,21563,10950,10613,12506,5756,6750,8147,3996,4151,37405,20164,17241
HARRIS COUNTY,201,31 Years,79954,40776,39178,21965,11299,10666,12504,5682,6822,8617,4201,4416,36868,19594,17274
HARRIS COUNTY,201,32 Years,81030,41350,39680,22266,11555,10711,12945,5889,7056,8777,4252,4525,37042,19654,17388
HARRIS COUNTY,201,33 Years,79966,40614,39352,21655,11326,10329,13175,5960,7215,8509,4124,4385,36627,19204,17423
HARRIS COUNTY,201,34 Years,78174,39471,38703,20679,10859,9820,13470,6065,7405,8074,3917,4157,35951,18630,17321
HARRIS COUNTY,201,35 Years,76381,38610,37771,19900,10423,9477,13575,6094,7481,7658,3753,3905,35248,18340,16908
HARRIS COUNTY,201,36 Years,70667,35532,35135,17858,9365,8493,12886,5819,7067,7101,3459,3642,32822,16889,15933
HARRIS COUNTY,201,37 Years,67506,33944,33562,16813,8720,8093,12123,5457,6666,6584,3224,3360,31986,16543,15443
HARRIS COUNTY,201,38 Years,65287,32915,32372,16298,8408,7890,11528,5244,6284,6173,2991,3182,31288,16272,15016
HARRIS COUNTY,201,39 Years,64069,32151,31918,15757,8110,7647,11112,5020,6092,6286,3025,3261,30914,15996,14918
HARRIS COUNTY,201,40 Years,63828,31932,31896,15901,8155,7746,10927,5049,5878,6329,3079,3250,30671,15649,15022
HARRIS COUNTY,201,41 Years,61820,30797,31023,15392,7874,7518,10832,4991,5841,6294,3016,3278,29302,14916,14386
HARRIS COUNTY,201,42 Years,61572,30489,31083,15400,7966,7434,11176,5066,6110,6437,3075,3362,28559,14382,14177
HARRIS COUNTY,201,43 Years,62241,30869,31372,16730,8605,8125,11304,5197,6107,6342,3016,3326,27865,14051,13814
HARRIS COUNTY,201,44 Years,62917,31268,31649,18112,9176,8936,11493,5384,6109,6198,2923,3275,27114,13785,13329
HARRIS COUNTY,201,45 Years,61868,30786,31082,18555,9483,9072,11003,5097,5906,5919,2808,3111,26391,13398,12993
HARRIS COUNTY,201,46 Years,57705,28868,28837,17561,9004,8557,10102,4646,5456,5477,2659,2818,24565,12559,12006
HARRIS COUNTY,201,47 Years,55568,27736,27832,17072,8686,8386,9908,4605,5303,5029,2436,2593,23559,12009,11550
HARRIS COUNTY,201,48 Years,54464,26935,27529,17077,8555,8522,10074,4628,5446,4637,2216,2421,22676,11536,11140
HARRIS COUNTY,201,49 Years,54091,26770,27321,17104,8576,8528,10217,4681,5536,4603,2218,2385,22167,11295,10872
HARRIS COUNTY,201,50 Years,55581,27403,28178,18618,9250,9368,10626,4805,5821,4522,2173,2349,21815,11175,10640
HARRIS COUNTY,201,51 Years,55534,27352,28182,19533,9744,9789,10464,4751,5713,4665,2256,2409,20872,10601,10271
HARRIS COUNTY,201,52 Years,55336,27147,28189,20203,10008,10195,10372,4701,5671,4661,2260,2401,20100,10178,9922
HARRIS COUNTY,201,53 Years,54667,26862,27805,20850,10304,10546,10412,4732,5680,4334,2079,2255,19071,9747,9324
HARRIS COUNTY,201,54 Years,55114,26923,28191,21535,10653,10882,10772,4877,5895,4290,2018,2272,18517,9375,9142
HARRIS COUNTY,201,55 Years,56030,27458,28572,22537,11203,11334,10860,4934,5926,4378,2075,2303,18255,9246,9009
HARRIS COUNTY,201,56 Years,54370,26488,27882,22691,11329,11362,10688,4791,5897,4293,2014,2279,16698,8354,8344
HARRIS COUNTY,201,57 Years,53832,26293,27539,23249,11677,11572,10492,4761,5731,4220,1970,2250,15871,7885,7986
HARRIS COUNTY,201,58 Years,51835,25390,26445,22709,11467,11242,10134,4613,5521,4069,1914,2155,14923,7396,7527
HARRIS COUNTY,201,59 Years,50157,24441,25716,22196,11038,11158,9736,4447,5289,4112,1942,2170,14113,7014,7099
HARRIS COUNTY,201,60 Years,48634,23870,24764,21924,11102,10822,9391,4278,5113,4044,1913,2131,13275,6577,6698
HARRIS COUNTY,201,61 Years,45801,22367,23434,21128,10627,10501,8709,3911,4798,3811,1834,1977,12153,5995,6158
HARRIS COUNTY,201,62 Years,43650,21103,22547,20416,10225,10191,8341,3735,4606,3695,1743,1952,11198,5400,5798
HARRIS COUNTY,201,63 Years,40850,19628,21222,19404,9705,9699,7926,3489,4437,3432,1602,1830,10088,4832,5256
HARRIS COUNTY,201,64 Years,38381,18347,20034,17865,8808,9057,7563,3338,4225,3337,1537,1800,9616,4664,4952
HARRIS COUNTY,201,65 Years,36776,17520,19256,17291,8503,8788,7150,3111,4039,3347,1554,1793,8988,4352,4636
HARRIS COUNTY,201,66 Years,34445,16416,18029,16569,8173,8396,6630,2892,3738,3188,1496,1692,8058,3855,4203
HARRIS COUNTY,201,67 Years,33418,15949,17469,16715,8183,8532,6062,2676,3386,2988,1439,1549,7653,3651,4002
HARRIS COUNTY,201,68 Years,32145,15230,16915,16879,8255,8624,5545,2388,3157,2697,1276,1421,7024,3311,3713
HARRIS COUNTY,201,69 Years,26395,12459,13936,13101,6408,6693,4685,1987,2698,2329,1125,1204,6280,2939,3341
HARRIS COUNTY,201,70 Years,24316,11405,12911,11990,5781,6209,4381,1850,2531,2225,1092,1133,5720,2682,3038
HARRIS COUNTY,201,71 Years,22994,10610,12384,11793,5591,6202,4019,1674,2345,1980,977,1003,5202,2368,2834
HARRIS COUNTY,201,72 Years,21841,10066,11775,11429,5423,6006,3797,1580,2217,1915,955,960,4700,2108,2592
HARRIS COUNTY,201,73 Years,19285,8879,10406,10018,4760,5258,3375,1397,1978,1772,895,877,4120,1827,2293
HARRIS COUNTY,201,74 Years,17384,7881,9503,8840,4118,4722,3128,1271,1857,1595,799,796,3821,1693,2128
HARRIS COUNTY,201,75 Years,15767,7109,8658,8010,3691,4319,2828,1146,1682,1426,684,742,3503,1588,1915
HARRIS COUNTY,201,76 Years,14355,6435,7920,7503,3432,4071,2495,1014,1481,1244,594,650,3113,1395,1718
HARRIS COUNTY,201,77 Years,13617,5871,7746,7125,3117,4008,2343,901,1442,1182,572,610,2967,1281,1686
HARRIS COUNTY,201,78 Years,12320,5302,7018,6382,2835,3547,2146,803,1343,1090,526,564,2702,1138,1564
HARRIS COUNTY,201,79 Years,11571,4839,6732,6137,2672,3465,2024,729,1295,950,443,507,2460,995,1465
HARRIS COUNTY,201,80 Years,10957,4589,6368,5967,2537,3430,1899,687,1212,815,417,398,2276,948,1328
HARRIS COUNTY,201,81 Years,9725,4010,5715,5291,2232,3059,1665,609,1056,746,346,400,2023,823,1200
HARRIS COUNTY,201,82 Years,8841,3571,5270,4915,2051,2864,1539,557,982,656,292,364,1731,671,1060
HARRIS COUNTY,201,83 Years,8227,3235,4992,4697,1883,2814,1347,462,885,577,259,318,1606,631,975
HARRIS COUNTY,201,84 Years,7656,2980,4676,4469,1797,2672,1186,394,792,547,234,313,1454,555,899
HARRIS COUNTY,201,85 Years +,42171,14450,27721,26076,9116,16960,6344,1782,4562,2997,1154,1843,6754,2398,4356
HARRISON COUNTY,203,All Ages,68482,34004,34478,42779,21245,21534,14401,6770,7631,1743,868,875,9559,5121,4438
HARRISON COUNTY,203,< 1 Year,857,421,436,429,212,217,173,80,93,39,19,20,216,110,106
HARRISON COUNTY,203,1 Years,864,429,435,434,218,216,178,83,95,34,16,18,218,112,106
HARRISON COUNTY,203,2 Years,864,444,420,436,226,210,179,90,89,33,16,17,216,112,104
HARRISON COUNTY,203,3 Years,879,458,421,446,241,205,181,90,91,32,14,18,220,113,107
HARRISON COUNTY,203,4 Years,916,480,436,469,249,220,183,94,89,34,17,17,230,120,110
HARRISON COUNTY,203,5 Years,1005,522,483,516,270,246,206,106,100,41,28,13,242,118,124
HARRISON COUNTY,203,6 Years,926,493,433,490,268,222,180,87,93,48,28,20,208,110,98
HARRISON COUNTY,203,7 Years,958,511,447,498,274,224,197,106,91,41,18,23,222,113,109
HARRISON COUNTY,203,8 Years,1039,523,516,548,265,283,199,106,93,54,28,26,238,124,114
HARRISON COUNTY,203,9 Years,1044,536,508,566,290,276,194,98,96,55,32,23,229,116,113
HARRISON COUNTY,203,10 Years,1022,552,470,558,297,261,195,104,91,48,29,19,221,122,99
HARRISON COUNTY,203,11 Years,1033,523,510,561,286,275,198,97,101,46,24,22,228,116,112
HARRISON COUNTY,203,12 Years,1010,492,518,538,259,279,199,97,102,42,22,20,231,114,117
HARRISON COUNTY,203,13 Years,1013,510,503,554,269,285,201,107,94,38,17,21,220,117,103
HARRISON COUNTY,203,14 Years,1017,526,491,582,299,283,188,99,89,31,15,16,216,113,103
HARRISON COUNTY,203,15 Years,1043,555,488,598,324,274,206,109,97,32,17,15,207,105,102
HARRISON COUNTY,203,16 Years,1010,499,511,566,285,281,221,110,111,25,15,10,198,89,109
HARRISON COUNTY,203,17 Years,1003,525,478,572,301,271,205,112,93,27,15,12,199,97,102
HARRISON COUNTY,203,18 Years,960,514,446,548,295,253,192,109,83,26,12,14,194,98,96
HARRISON COUNTY,203,19 Years,856,460,396,472,257,215,169,88,81,28,15,13,187,100,87
HARRISON COUNTY,203,20 Years,837,446,391,443,240,203,192,85,107,19,13,6,183,108,75
HARRISON COUNTY,203,21 Years,868,468,400,463,247,216,208,109,99,23,12,11,174,100,74
HARRISON COUNTY,203,22 Years,884,476,408,475,264,211,209,109,100,23,13,10,177,90,87
HARRISON COUNTY,203,23 Years,950,499,451,480,259,221,269,128,141,21,13,8,180,99,81
HARRISON COUNTY,203,24 Years,927,471,456,434,222,212,286,135,151,19,11,8,188,103,85
HARRISON COUNTY,203,25 Years,955,458,497,459,228,231,298,128,170,16,7,9,182,95,87
HARRISON COUNTY,203,26 Years,920,462,458,470,248,222,268,119,149,18,7,11,164,88,76
HARRISON COUNTY,203,27 Years,873,424,449,471,236,235,216,82,134,20,10,10,166,96,70
HARRISON COUNTY,203,28 Years,760,379,381,405,198,207,188,87,101,14,7,7,153,87,66
HARRISON COUNTY,203,29 Years,746,382,364,407,209,198,166,81,85,18,9,9,155,83,72
HARRISON COUNTY,203,30 Years,753,376,377,443,219,224,150,71,79,15,5,10,145,81,64
HARRISON COUNTY,203,31 Years,707,356,351,400,191,209,146,69,77,15,7,8,146,89,57
HARRISON COUNTY,203,32 Years,726,367,359,423,206,217,138,64,74,12,6,6,153,91,62
HARRISON COUNTY,203,33 Years,752,392,360,438,223,215,137,66,71,14,8,6,163,95,68
HARRISON COUNTY,203,34 Years,829,417,412,512,257,255,155,69,86,17,8,9,145,83,62
HARRISON COUNTY,203,35 Years,839,401,438,512,244,268,163,65,98,16,5,11,148,87,61
HARRISON COUNTY,203,36 Years,771,379,392,461,218,243,150,65,85,25,13,12,135,83,52
HARRISON COUNTY,203,37 Years,811,392,419,510,238,272,152,69,83,15,8,7,134,77,57
HARRISON COUNTY,203,38 Years,797,381,416,482,233,249,164,71,93,14,6,8,137,71,66
HARRISON COUNTY,203,39 Years,777,393,384,466,246,220,167,75,92,15,5,10,129,67,62
HARRISON COUNTY,203,40 Years,788,418,370,479,258,221,162,79,83,14,5,9,133,76,57
HARRISON COUNTY,203,41 Years,749,387,362,461,231,230,140,74,66,21,7,14,127,75,52
HARRISON COUNTY,203,42 Years,802,390,412,513,245,268,146,72,74,28,14,14,115,59,56
HARRISON COUNTY,203,43 Years,841,424,417,538,265,273,155,80,75,29,11,18,119,68,51
HARRISON COUNTY,203,44 Years,885,432,453,576,288,288,175,74,101,22,9,13,112,61,51
HARRISON COUNTY,203,45 Years,900,445,455,598,299,299,172,78,94,20,9,11,110,59,51
HARRISON COUNTY,203,46 Years,796,386,410,528,263,265,156,63,93,18,10,8,94,50,44
HARRISON COUNTY,203,47 Years,741,362,379,499,249,250,148,61,87,18,10,8,76,42,34
HARRISON COUNTY,203,48 Years,748,363,385,503,246,257,149,69,80,13,4,9,83,44,39
HARRISON COUNTY,203,49 Years,772,362,410,519,243,276,168,74,94,10,3,7,75,42,33
HARRISON COUNTY,203,50 Years,911,426,485,631,297,334,191,80,111,10,3,7,79,46,33
HARRISON COUNTY,203,51 Years,931,426,505,647,295,352,195,83,112,14,5,9,75,43,32
HARRISON COUNTY,203,52 Years,997,481,516,690,336,354,217,99,118,17,8,9,73,38,35
HARRISON COUNTY,203,53 Years,967,490,477,684,352,332,196,90,106,20,11,9,67,37,30
HARRISON COUNTY,203,54 Years,983,511,472,696,365,331,214,105,109,15,7,8,58,34,24
HARRISON COUNTY,203,55 Years,964,485,479,677,342,335,215,98,117,13,8,5,59,37,22
HARRISON COUNTY,203,56 Years,974,495,479,707,353,354,200,103,97,14,6,8,53,33,20
HARRISON COUNTY,203,57 Years,1028,527,501,712,353,359,226,123,103,23,11,12,67,40,27
HARRISON COUNTY,203,58 Years,996,509,487,713,362,351,214,111,103,25,10,15,44,26,18
HARRISON COUNTY,203,59 Years,941,462,479,661,325,336,215,104,111,21,12,9,44,21,23
HARRISON COUNTY,203,60 Years,931,459,472,665,321,344,202,100,102,24,12,12,40,26,14
HARRISON COUNTY,203,61 Years,889,418,471,648,298,350,187,92,95,19,10,9,35,18,17
HARRISON COUNTY,203,62 Years,864,398,466,622,283,339,190,89,101,18,7,11,34,19,15
HARRISON COUNTY,203,63 Years,840,398,442,608,295,313,185,81,104,22,9,13,25,13,12
HARRISON COUNTY,203,64 Years,814,383,431,593,280,313,181,86,95,17,8,9,23,9,14
HARRISON COUNTY,203,65 Years,818,401,417,597,292,305,182,92,90,16,9,7,23,8,15
HARRISON COUNTY,203,66 Years,816,389,427,610,298,312,168,75,93,17,8,9,21,8,13
HARRISON COUNTY,203,67 Years,831,415,416,625,323,302,168,75,93,16,8,8,22,9,13
HARRISON COUNTY,203,68 Years,794,391,403,605,302,303,145,67,78,21,12,9,23,10,13
HARRISON COUNTY,203,69 Years,663,334,329,502,260,242,128,56,72,13,8,5,20,10,10
HARRISON COUNTY,203,70 Years,598,284,314,441,213,228,131,57,74,10,6,4,16,8,8
HARRISON COUNTY,203,71 Years,543,267,276,411,207,204,113,50,63,6,2,4,13,8,5
HARRISON COUNTY,203,72 Years,546,279,267,413,215,198,111,50,61,7,5,2,15,9,6
HARRISON COUNTY,203,73 Years,496,235,261,378,184,194,99,43,56,10,4,6,9,4,5
HARRISON COUNTY,203,74 Years,441,207,234,344,160,184,84,39,45,5,2,3,8,6,2
HARRISON COUNTY,203,75 Years,423,202,221,330,156,174,82,40,42,5,3,2,6,3,3
HARRISON COUNTY,203,76 Years,388,181,207,303,148,155,72,26,46,7,2,5,6,5,1
HARRISON COUNTY,203,77 Years,360,162,198,289,132,157,59,23,36,5,3,2,7,4,3
HARRISON COUNTY,203,78 Years,328,140,188,253,110,143,62,24,38,5,3,2,8,3,5
HARRISON COUNTY,203,79 Years,321,136,185,254,110,144,55,20,35,3,1,2,9,5,4
HARRISON COUNTY,203,80 Years,291,128,163,229,105,124,53,20,33,3,1,2,6,2,4
HARRISON COUNTY,203,81 Years,259,102,157,211,86,125,44,15,29,2,1,1,2,0,2
HARRISON COUNTY,203,82 Years,254,101,153,201,87,114,47,12,35,2,2,0,4,0,4
HARRISON COUNTY,203,83 Years,223,90,133,175,72,103,39,13,26,5,3,2,4,2,2
HARRISON COUNTY,203,84 Years,215,84,131,164,68,96,45,13,32,2,1,1,4,2,2
HARRISON COUNTY,203,85 Years +,1021,347,674,741,262,479,249,73,176,15,5,10,16,7,9
HARTLEY COUNTY,205,All Ages,6165,3786,2379,4072,2248,1824,414,408,6,91,42,49,1588,1088,500
HARTLEY COUNTY,205,< 1 Year,49,27,22,29,16,13,0,0,0,0,0,0,20,11,9
HARTLEY COUNTY,205,1 Years,56,30,26,31,16,15,0,0,0,2,1,1,23,13,10
HARTLEY COUNTY,205,2 Years,58,30,28,33,16,17,0,0,0,1,0,1,24,14,10
HARTLEY COUNTY,205,3 Years,60,31,29,33,16,17,0,0,0,2,1,1,25,14,11
HARTLEY COUNTY,205,4 Years,54,29,25,31,15,16,0,0,0,3,2,1,20,12,8
HARTLEY COUNTY,205,5 Years,55,33,22,31,18,13,1,0,1,2,2,0,21,13,8
HARTLEY COUNTY,205,6 Years,66,37,29,39,22,17,0,0,0,1,1,0,26,14,12
HARTLEY COUNTY,205,7 Years,73,42,31,50,27,23,0,0,0,1,1,0,22,14,8
HARTLEY COUNTY,205,8 Years,78,39,39,53,28,25,0,0,0,1,0,1,24,11,13
HARTLEY COUNTY,205,9 Years,82,38,44,53,25,28,1,1,0,0,0,0,28,12,16
HARTLEY COUNTY,205,10 Years,84,41,43,49,27,22,0,0,0,2,0,2,33,14,19
HARTLEY COUNTY,205,11 Years,81,41,40,51,27,24,0,0,0,1,0,1,29,14,15
HARTLEY COUNTY,205,12 Years,79,44,35,48,28,20,0,0,0,1,1,0,30,15,15
HARTLEY COUNTY,205,13 Years,80,38,42,51,28,23,0,0,0,3,1,2,26,9,17
HARTLEY COUNTY,205,14 Years,72,39,33,47,30,17,0,0,0,1,0,1,24,9,15
HARTLEY COUNTY,205,15 Years,77,37,40,57,28,29,0,0,0,2,2,0,18,7,11
HARTLEY COUNTY,205,16 Years,88,39,49,61,25,36,1,0,1,2,1,1,24,13,11
HARTLEY COUNTY,205,17 Years,74,39,35,50,25,25,1,1,0,1,1,0,22,12,10
HARTLEY COUNTY,205,18 Years,69,40,29,49,26,23,2,2,0,2,2,0,16,10,6
HARTLEY COUNTY,205,19 Years,72,35,37,47,24,23,1,0,1,2,0,2,22,11,11
HARTLEY COUNTY,205,20 Years,57,28,29,37,18,19,1,1,0,2,1,1,17,8,9
HARTLEY COUNTY,205,21 Years,72,32,40,51,23,28,0,0,0,2,1,1,19,8,11
HARTLEY COUNTY,205,22 Years,71,35,36,51,23,28,0,0,0,1,1,0,19,11,8
HARTLEY COUNTY,205,23 Years,56,34,22,39,22,17,0,0,0,2,1,1,15,11,4
HARTLEY COUNTY,205,24 Years,39,24,15,21,12,9,0,0,0,1,1,0,17,11,6
HARTLEY COUNTY,205,25 Years,38,24,14,19,13,6,0,0,0,3,1,2,16,10,6
HARTLEY COUNTY,205,26 Years,53,39,14,25,17,8,6,6,0,2,0,2,20,16,4
HARTLEY COUNTY,205,27 Years,90,76,14,30,22,8,18,18,0,1,1,0,41,35,6
HARTLEY COUNTY,205,28 Years,90,74,16,49,42,7,8,8,0,1,0,1,32,24,8
HARTLEY COUNTY,205,29 Years,103,86,17,44,33,11,20,20,0,3,2,1,36,31,5
HARTLEY COUNTY,205,30 Years,103,77,26,49,31,18,18,18,0,2,1,1,34,27,7
HARTLEY COUNTY,205,31 Years,101,74,27,45,24,21,20,20,0,2,1,1,34,29,5
HARTLEY COUNTY,205,32 Years,87,68,19,43,28,15,16,16,0,3,1,2,25,23,2
HARTLEY COUNTY,205,33 Years,80,63,17,39,27,12,14,14,0,1,0,1,26,22,4
HARTLEY COUNTY,205,34 Years,97,69,28,46,28,18,16,16,0,0,0,0,35,25,10
HARTLEY COUNTY,205,35 Years,98,72,26,42,24,18,12,12,0,3,3,0,41,33,8
HARTLEY COUNTY,205,36 Years,86,60,26,39,21,18,13,13,0,2,1,1,32,25,7
HARTLEY COUNTY,205,37 Years,97,63,34,65,38,27,9,8,1,0,0,0,23,17,6
HARTLEY COUNTY,205,38 Years,95,64,31,55,33,22,9,9,0,1,0,1,30,22,8
HARTLEY COUNTY,205,39 Years,100,71,29,53,33,20,12,12,0,2,1,1,33,25,8
HARTLEY COUNTY,205,40 Years,108,83,25,63,45,18,12,12,0,1,0,1,32,26,6
HARTLEY COUNTY,205,41 Years,117,83,34,66,43,23,12,12,0,1,1,0,38,27,11
HARTLEY COUNTY,205,42 Years,121,79,42,68,38,30,14,14,0,0,0,0,39,27,12
HARTLEY COUNTY,205,43 Years,136,94,42,79,46,33,19,19,0,0,0,0,38,29,9
HARTLEY COUNTY,205,44 Years,124,90,34,68,40,28,17,17,0,1,0,1,38,33,5
HARTLEY COUNTY,205,45 Years,114,81,33,66,41,25,13,13,0,2,1,1,33,26,7
HARTLEY COUNTY,205,46 Years,98,71,27,51,31,20,14,14,0,0,0,0,33,26,7
HARTLEY COUNTY,205,47 Years,125,98,27,72,50,22,8,8,0,1,1,0,44,39,5
HARTLEY COUNTY,205,48 Years,99,71,28,64,39,25,12,12,0,0,0,0,23,20,3
HARTLEY COUNTY,205,49 Years,89,61,28,54,29,25,18,18,0,2,1,1,15,13,2
HARTLEY COUNTY,205,50 Years,100,72,28,60,39,21,11,11,0,2,1,1,27,21,6
HARTLEY COUNTY,205,51 Years,118,88,30,77,52,25,11,11,0,1,0,1,29,25,4
HARTLEY COUNTY,205,52 Years,86,56,30,59,34,25,7,7,0,1,0,1,19,15,4
HARTLEY COUNTY,205,53 Years,99,62,37,74,42,32,13,13,0,1,0,1,11,7,4
HARTLEY COUNTY,205,54 Years,101,62,39,85,49,36,2,2,0,0,0,0,14,11,3
HARTLEY COUNTY,205,55 Years,88,60,28,75,49,26,2,2,0,0,0,0,11,9,2
HARTLEY COUNTY,205,56 Years,71,40,31,65,37,28,0,0,0,0,0,0,6,3,3
HARTLEY COUNTY,205,57 Years,81,50,31,62,36,26,4,4,0,0,0,0,15,10,5
HARTLEY COUNTY,205,58 Years,71,42,29,59,32,27,4,4,0,1,1,0,7,5,2
HARTLEY COUNTY,205,59 Years,70,42,28,63,35,28,2,2,0,1,1,0,4,4,0
HARTLEY COUNTY,205,60 Years,62,36,26,55,29,26,4,4,0,0,0,0,3,3,0
HARTLEY COUNTY,205,61 Years,71,36,35,54,23,31,3,3,0,2,0,2,12,10,2
HARTLEY COUNTY,205,62 Years,58,30,28,45,21,24,4,4,0,1,0,1,8,5,3
HARTLEY COUNTY,205,63 Years,65,37,28,56,32,24,3,2,1,2,1,1,4,2,2
HARTLEY COUNTY,205,64 Years,52,26,26,43,19,24,3,2,1,0,0,0,6,5,1
HARTLEY COUNTY,205,65 Years,51,27,24,46,24,22,0,0,0,0,0,0,5,3,2
HARTLEY COUNTY,205,66 Years,43,21,22,40,21,19,0,0,0,2,0,2,1,0,1
HARTLEY COUNTY,205,67 Years,56,27,29,51,26,25,0,0,0,1,0,1,4,1,3
HARTLEY COUNTY,205,68 Years,56,25,31,51,24,27,0,0,0,1,1,0,4,0,4
HARTLEY COUNTY,205,69 Years,41,20,21,35,15,20,0,0,0,0,0,0,6,5,1
HARTLEY COUNTY,205,70 Years,33,16,17,30,14,16,1,1,0,0,0,0,2,1,1
HARTLEY COUNTY,205,71 Years,38,17,21,35,16,19,0,0,0,1,0,1,2,1,1
HARTLEY COUNTY,205,72 Years,38,15,23,36,14,22,0,0,0,1,0,1,1,1,0
HARTLEY COUNTY,205,73 Years,50,26,24,47,24,23,0,0,0,1,0,1,2,2,0
HARTLEY COUNTY,205,74 Years,48,21,27,45,19,26,0,0,0,0,0,0,3,2,1
HARTLEY COUNTY,205,75 Years,42,20,22,39,18,21,0,0,0,0,0,0,3,2,1
HARTLEY COUNTY,205,76 Years,34,17,17,30,14,16,1,1,0,0,0,0,3,2,1
HARTLEY COUNTY,205,77 Years,30,15,15,29,14,15,0,0,0,0,0,0,1,1,0
HARTLEY COUNTY,205,78 Years,30,12,18,27,11,16,0,0,0,0,0,0,3,1,2
HARTLEY COUNTY,205,79 Years,25,10,15,23,9,14,0,0,0,0,0,0,2,1,1
HARTLEY COUNTY,205,80 Years,22,9,13,21,8,13,1,1,0,0,0,0,0,0,0
HARTLEY COUNTY,205,81 Years,21,9,12,20,8,12,0,0,0,0,0,0,1,1,0
HARTLEY COUNTY,205,82 Years,17,7,10,16,7,9,0,0,0,0,0,0,1,0,1
HARTLEY COUNTY,205,83 Years,20,11,9,17,9,8,0,0,0,0,0,0,3,2,1
HARTLEY COUNTY,205,84 Years,18,11,7,17,10,7,0,0,0,0,0,0,1,1,0
HARTLEY COUNTY,205,85 Years +,108,38,70,99,33,66,0,0,0,0,0,0,9,5,4
HASKELL COUNTY,207,All Ages,5716,3037,2679,3825,1997,1828,206,129,77,136,82,54,1549,829,720
HASKELL COUNTY,207,< 1 Year,60,29,31,29,15,14,0,0,0,1,1,0,30,13,17
HASKELL COUNTY,207,1 Years,57,26,31,25,12,13,4,1,3,3,1,2,25,12,13
HASKELL COUNTY,207,2 Years,50,22,28,22,10,12,3,1,2,0,0,0,25,11,14
HASKELL COUNTY,207,3 Years,53,25,28,23,12,11,3,1,2,3,1,2,24,11,13
HASKELL COUNTY,207,4 Years,55,28,27,22,12,10,3,2,1,2,1,1,28,13,15
HASKELL COUNTY,207,5 Years,74,34,40,35,14,21,2,0,2,1,0,1,36,20,16
HASKELL COUNTY,207,6 Years,64,32,32,29,12,17,2,1,1,3,2,1,30,17,13
HASKELL COUNTY,207,7 Years,64,34,30,33,18,15,2,1,1,4,3,1,25,12,13
HASKELL COUNTY,207,8 Years,63,33,30,32,16,16,0,0,0,3,3,0,28,14,14
HASKELL COUNTY,207,9 Years,58,36,22,28,16,12,1,1,0,4,4,0,25,15,10
HASKELL COUNTY,207,10 Years,68,37,31,39,21,18,1,1,0,1,1,0,27,14,13
HASKELL COUNTY,207,11 Years,68,38,30,38,23,15,2,1,1,1,0,1,27,14,13
HASKELL COUNTY,207,12 Years,77,38,39,48,26,22,1,1,0,3,0,3,25,11,14
HASKELL COUNTY,207,13 Years,76,40,36,38,18,20,5,3,2,2,1,1,31,18,13
HASKELL COUNTY,207,14 Years,62,36,26,28,17,11,3,1,2,2,2,0,29,16,13
HASKELL COUNTY,207,15 Years,72,42,30,44,26,18,4,1,3,4,4,0,20,11,9
HASKELL COUNTY,207,16 Years,71,38,33,39,22,17,3,1,2,1,1,0,28,14,14
HASKELL COUNTY,207,17 Years,54,31,23,30,17,13,0,0,0,1,1,0,23,13,10
HASKELL COUNTY,207,18 Years,57,33,24,33,20,13,2,1,1,2,1,1,20,11,9
HASKELL COUNTY,207,19 Years,60,35,25,35,23,12,2,1,1,2,1,1,21,10,11
HASKELL COUNTY,207,20 Years,65,34,31,35,19,16,3,1,2,4,3,1,23,11,12
HASKELL COUNTY,207,21 Years,64,30,34,37,19,18,1,0,1,6,3,3,20,8,12
HASKELL COUNTY,207,22 Years,71,32,39,47,25,22,0,0,0,5,1,4,19,6,13
HASKELL COUNTY,207,23 Years,72,37,35,41,22,19,0,0,0,3,1,2,28,14,14
HASKELL COUNTY,207,24 Years,71,38,33,38,20,18,2,1,1,1,1,0,30,16,14
HASKELL COUNTY,207,25 Years,69,40,29,40,22,18,3,3,0,0,0,0,26,15,11
HASKELL COUNTY,207,26 Years,65,41,24,40,27,13,5,3,2,1,1,0,19,10,9
HASKELL COUNTY,207,27 Years,59,41,18,33,23,10,2,2,0,2,1,1,22,15,7
HASKELL COUNTY,207,28 Years,58,40,18,29,19,10,3,2,1,3,2,1,23,17,6
HASKELL COUNTY,207,29 Years,57,37,20,34,21,13,2,2,0,1,1,0,20,13,7
HASKELL COUNTY,207,30 Years,54,29,25,33,18,15,2,1,1,1,0,1,18,10,8
HASKELL COUNTY,207,31 Years,61,31,30,38,18,20,1,1,0,2,2,0,20,10,10
HASKELL COUNTY,207,32 Years,58,37,21,33,18,15,4,4,0,1,1,0,20,14,6
HASKELL COUNTY,207,33 Years,61,39,22,32,17,15,4,3,1,1,1,0,24,18,6
HASKELL COUNTY,207,34 Years,58,39,19,37,23,14,3,2,1,2,2,0,16,12,4
HASKELL COUNTY,207,35 Years,67,41,26,48,29,19,2,1,1,2,2,0,15,9,6
HASKELL COUNTY,207,36 Years,68,41,27,48,28,20,3,2,1,2,1,1,15,10,5
HASKELL COUNTY,207,37 Years,60,36,24,38,20,18,4,3,1,2,2,0,16,11,5
HASKELL COUNTY,207,38 Years,63,39,24,38,25,13,5,4,1,2,2,0,18,8,10
HASKELL COUNTY,207,39 Years,69,40,29,42,24,18,3,3,0,2,1,1,22,12,10
HASKELL COUNTY,207,40 Years,69,38,31,44,25,19,4,3,1,1,0,1,20,10,10
HASKELL COUNTY,207,41 Years,64,37,27,41,24,17,6,5,1,1,0,1,16,8,8
HASKELL COUNTY,207,42 Years,64,40,24,48,30,18,5,4,1,0,0,0,11,6,5
HASKELL COUNTY,207,43 Years,59,35,24,37,22,15,5,4,1,1,1,0,16,8,8
HASKELL COUNTY,207,44 Years,59,33,26,37,23,14,2,1,1,3,3,0,17,6,11
HASKELL COUNTY,207,45 Years,68,37,31,47,27,20,2,1,1,2,1,1,17,8,9
HASKELL COUNTY,207,46 Years,59,37,22,38,26,12,3,2,1,1,1,0,17,8,9
HASKELL COUNTY,207,47 Years,61,35,26,35,18,17,4,2,2,1,1,0,21,14,7
HASKELL COUNTY,207,48 Years,59,36,23,34,21,13,4,3,1,2,1,1,19,11,8
HASKELL COUNTY,207,49 Years,67,38,29,42,25,17,5,3,2,2,2,0,18,8,10
HASKELL COUNTY,207,50 Years,65,35,30,46,25,21,1,1,0,0,0,0,18,9,9
HASKELL COUNTY,207,51 Years,74,40,34,56,28,28,2,2,0,0,0,0,16,10,6
HASKELL COUNTY,207,52 Years,88,48,40,62,34,28,5,2,3,2,1,1,19,11,8
HASKELL COUNTY,207,53 Years,94,48,46,68,35,33,4,3,1,1,0,1,21,10,11
HASKELL COUNTY,207,54 Years,89,44,45,64,30,34,5,3,2,1,0,1,19,11,8
HASKELL COUNTY,207,55 Years,92,45,47,68,30,38,3,2,1,1,1,0,20,12,8
HASKELL COUNTY,207,56 Years,81,41,40,56,30,26,1,0,1,2,1,1,22,10,12
HASKELL COUNTY,207,57 Years,73,44,29,51,30,21,3,3,0,2,1,1,17,10,7
HASKELL COUNTY,207,58 Years,83,46,37,63,33,30,3,3,0,1,1,0,16,9,7
HASKELL COUNTY,207,59 Years,86,39,47,64,25,39,2,1,1,4,2,2,16,11,5
HASKELL COUNTY,207,60 Years,89,43,46,67,29,38,2,1,1,3,1,2,17,12,5
HASKELL COUNTY,207,61 Years,74,42,32,57,31,26,3,2,1,1,0,1,13,9,4
HASKELL COUNTY,207,62 Years,86,51,35,68,41,27,2,1,1,1,0,1,15,9,6
HASKELL COUNTY,207,63 Years,82,48,34,69,40,29,1,1,0,0,0,0,12,7,5
HASKELL COUNTY,207,64 Years,88,48,40,71,37,34,2,2,0,0,0,0,15,9,6
HASKELL COUNTY,207,65 Years,86,43,43,69,34,35,3,2,1,1,1,0,13,6,7
HASKELL COUNTY,207,66 Years,78,41,37,57,30,27,2,1,1,2,1,1,17,9,8
HASKELL COUNTY,207,67 Years,79,34,45,64,28,36,2,1,1,1,0,1,12,5,7
HASKELL COUNTY,207,68 Years,78,35,43,59,24,35,4,3,1,1,1,0,14,7,7
HASKELL COUNTY,207,69 Years,57,28,29,43,20,23,1,0,1,2,1,1,11,7,4
HASKELL COUNTY,207,70 Years,68,34,34,57,28,29,1,0,1,1,1,0,9,5,4
HASKELL COUNTY,207,71 Years,67,30,37,59,24,35,2,2,0,0,0,0,6,4,2
HASKELL COUNTY,207,72 Years,60,23,37,49,18,31,2,1,1,1,0,1,8,4,4
HASKELL COUNTY,207,73 Years,64,31,33,52,29,23,2,0,2,1,0,1,9,2,7
HASKELL COUNTY,207,74 Years,56,30,26,46,26,20,2,0,2,0,0,0,8,4,4
HASKELL COUNTY,207,75 Years,50,23,27,42,18,24,0,0,0,1,1,0,7,4,3
HASKELL COUNTY,207,76 Years,39,19,20,32,14,18,0,0,0,1,1,0,6,4,2
HASKELL COUNTY,207,77 Years,46,26,20,40,23,17,1,1,0,0,0,0,5,2,3
HASKELL COUNTY,207,78 Years,41,18,23,35,15,20,1,1,0,0,0,0,5,2,3
HASKELL COUNTY,207,79 Years,48,24,24,43,21,22,1,1,0,0,0,0,4,2,2
HASKELL COUNTY,207,80 Years,46,21,25,36,17,19,1,1,0,1,0,1,8,3,5
HASKELL COUNTY,207,81 Years,42,19,23,36,18,18,0,0,0,1,0,1,5,1,4
HASKELL COUNTY,207,82 Years,40,20,20,34,16,18,1,1,0,1,1,0,4,2,2
HASKELL COUNTY,207,83 Years,35,14,21,29,10,19,1,1,0,0,0,0,5,3,2
HASKELL COUNTY,207,84 Years,30,13,17,25,11,14,0,0,0,0,0,0,5,2,3
HASKELL COUNTY,207,85 Years +,200,74,126,174,67,107,5,1,4,2,0,2,19,6,13
HAYS COUNTY,209,All Ages,193963,95779,98184,106919,52401,54518,5860,3171,2689,6624,3257,3367,74560,36950,37610
HAYS COUNTY,209,< 1 Year,3004,1555,1449,1275,663,612,63,33,30,152,80,72,1514,779,735
HAYS COUNTY,209,1 Years,2881,1505,1376,1214,638,576,60,32,28,156,83,73,1451,752,699
HAYS COUNTY,209,2 Years,2735,1426,1309,1163,607,556,56,29,27,151,89,62,1365,701,664
HAYS COUNTY,209,3 Years,2641,1350,1291,1121,578,543,55,28,27,145,79,66,1320,665,655
HAYS COUNTY,209,4 Years,2673,1351,1322,1136,579,557,56,30,26,133,71,62,1348,671,677
HAYS COUNTY,209,5 Years,2690,1365,1325,1134,570,564,55,37,18,129,63,66,1372,695,677
HAYS COUNTY,209,6 Years,2233,1125,1108,944,478,466,51,26,25,98,45,53,1140,576,564
HAYS COUNTY,209,7 Years,2289,1135,1154,954,482,472,62,28,34,95,51,44,1178,574,604
HAYS COUNTY,209,8 Years,2344,1191,1153,976,515,461,53,31,22,109,56,53,1206,589,617
HAYS COUNTY,209,9 Years,2394,1229,1165,1024,536,488,63,34,29,116,56,60,1191,603,588
HAYS COUNTY,209,10 Years,2500,1263,1237,1075,540,535,66,37,29,96,44,52,1263,642,621
HAYS COUNTY,209,11 Years,2618,1291,1327,1139,558,581,59,36,23,104,50,54,1316,647,669
HAYS COUNTY,209,12 Years,2727,1385,1342,1132,591,541,68,34,34,112,52,60,1415,708,707
HAYS COUNTY,209,13 Years,2776,1399,1377,1156,585,571,72,38,34,109,47,62,1439,729,710
HAYS COUNTY,209,14 Years,2893,1452,1441,1194,599,595,79,38,41,117,51,66,1503,764,739
HAYS COUNTY,209,15 Years,2872,1500,1372,1173,620,553,79,41,38,99,50,49,1521,789,732
HAYS COUNTY,209,16 Years,2810,1465,1345,1161,600,561,85,51,34,106,58,48,1458,756,702
HAYS COUNTY,209,17 Years,2803,1446,1357,1173,583,590,100,59,41,125,71,54,1405,733,672
HAYS COUNTY,209,18 Years,3775,1825,1950,1775,822,953,146,69,77,147,78,69,1707,856,851
HAYS COUNTY,209,19 Years,5182,2405,2777,2611,1163,1448,258,121,137,153,75,78,2160,1046,1114
HAYS COUNTY,209,20 Years,5288,2461,2827,2770,1255,1515,239,125,114,141,65,76,2138,1016,1122
HAYS COUNTY,209,21 Years,5249,2575,2674,2793,1344,1449,231,110,121,177,93,84,2048,1028,1020
HAYS COUNTY,209,22 Years,4838,2589,2249,2659,1404,1255,211,101,110,208,109,99,1760,975,785
HAYS COUNTY,209,23 Years,4875,2553,2322,2731,1382,1349,231,118,113,187,92,95,1726,961,765
HAYS COUNTY,209,24 Years,4407,2372,2035,2711,1411,1300,153,98,55,181,97,84,1362,766,596
HAYS COUNTY,209,25 Years,3956,1988,1968,2461,1179,1282,121,71,50,174,92,82,1200,646,554
HAYS COUNTY,209,26 Years,3573,1838,1735,2139,1097,1042,130,90,40,159,85,74,1145,566,579
HAYS COUNTY,209,27 Years,3277,1672,1605,1905,986,919,102,71,31,138,75,63,1132,540,592
HAYS COUNTY,209,28 Years,2746,1422,1324,1537,849,688,62,34,28,117,65,52,1030,474,556
HAYS COUNTY,209,29 Years,2407,1242,1165,1215,664,551,74,38,36,95,55,40,1023,485,538
HAYS COUNTY,209,30 Years,2246,1175,1071,1119,605,514,69,38,31,74,39,35,984,493,491
HAYS COUNTY,209,31 Years,2099,1111,988,1037,567,470,55,31,24,66,34,32,941,479,462
HAYS COUNTY,209,32 Years,2048,1095,953,999,544,455,61,40,21,64,33,31,924,478,446
HAYS COUNTY,209,33 Years,2054,1065,989,998,521,477,57,30,27,68,39,29,931,475,456
HAYS COUNTY,209,34 Years,2141,1067,1074,1077,546,531,49,25,24,78,31,47,937,465,472
HAYS COUNTY,209,35 Years,2283,1141,1142,1125,569,556,63,34,29,77,38,39,1018,500,518
HAYS COUNTY,209,36 Years,2202,1094,1108,1085,542,543,70,34,36,65,28,37,982,490,492
HAYS COUNTY,209,37 Years,2216,1077,1139,1096,536,560,68,41,27,68,29,39,984,471,513
HAYS COUNTY,209,38 Years,2265,1087,1178,1101,536,565,86,51,35,72,32,40,1006,468,538
HAYS COUNTY,209,39 Years,2311,1073,1238,1097,525,572,75,39,36,79,34,45,1060,475,585
HAYS COUNTY,209,40 Years,2425,1107,1318,1177,538,639,76,38,38,63,25,38,1109,506,603
HAYS COUNTY,209,41 Years,2385,1118,1267,1190,549,641,75,37,38,66,28,38,1054,504,550
HAYS COUNTY,209,42 Years,2421,1164,1257,1258,591,667,74,43,31,76,36,40,1013,494,519
HAYS COUNTY,209,43 Years,2502,1170,1332,1378,619,759,73,38,35,68,34,34,983,479,504
HAYS COUNTY,209,44 Years,2604,1253,1351,1471,702,769,83,50,33,87,42,45,963,459,504
HAYS COUNTY,209,45 Years,2460,1229,1231,1374,680,694,75,49,26,88,43,45,923,457,466
HAYS COUNTY,209,46 Years,2292,1141,1151,1269,637,632,70,43,27,74,33,41,879,428,451
HAYS COUNTY,209,47 Years,2230,1131,1099,1246,619,627,77,50,27,60,24,36,847,438,409
HAYS COUNTY,209,48 Years,2191,1089,1102,1234,600,634,79,53,26,58,21,37,820,415,405
HAYS COUNTY,209,49 Years,2201,1076,1125,1227,586,641,68,45,23,64,28,36,842,417,425
HAYS COUNTY,209,50 Years,2302,1109,1193,1368,653,715,66,32,34,62,29,33,806,395,411
HAYS COUNTY,209,51 Years,2284,1086,1198,1366,633,733,73,33,40,61,30,31,784,390,394
HAYS COUNTY,209,52 Years,2251,1087,1164,1388,646,742,63,34,29,65,33,32,735,374,361
HAYS COUNTY,209,53 Years,2298,1099,1199,1471,679,792,74,43,31,55,27,28,698,350,348
HAYS COUNTY,209,54 Years,2256,1055,1201,1485,665,820,78,45,33,55,26,29,638,319,319
HAYS COUNTY,209,55 Years,2169,1085,1084,1439,718,721,78,43,35,50,19,31,602,305,297
HAYS COUNTY,209,56 Years,2087,1049,1038,1393,708,685,68,44,24,52,20,32,574,277,297
HAYS COUNTY,209,57 Years,2050,987,1063,1400,681,719,61,38,23,52,18,34,537,250,287
HAYS COUNTY,209,58 Years,1985,946,1039,1368,654,714,50,30,20,50,20,30,517,242,275
HAYS COUNTY,209,59 Years,1967,921,1046,1364,639,725,61,34,27,45,21,24,497,227,270
HAYS COUNTY,209,60 Years,2031,960,1071,1448,684,764,66,34,32,48,23,25,469,219,250
HAYS COUNTY,209,61 Years,1915,904,1011,1384,657,727,57,29,28,46,22,24,428,196,232
HAYS COUNTY,209,62 Years,1906,907,999,1384,667,717,51,28,23,49,23,26,422,189,233
HAYS COUNTY,209,63 Years,1814,875,939,1320,636,684,45,27,18,46,20,26,403,192,211
HAYS COUNTY,209,64 Years,1749,833,916,1281,614,667,46,23,23,45,19,26,377,177,200
HAYS COUNTY,209,65 Years,1702,836,866,1255,626,629,39,20,19,43,23,20,365,167,198
HAYS COUNTY,209,66 Years,1596,779,817,1171,576,595,35,18,17,38,20,18,352,165,187
HAYS COUNTY,209,67 Years,1620,779,841,1207,592,615,20,10,10,37,16,21,356,161,195
HAYS COUNTY,209,68 Years,1607,788,819,1219,610,609,18,7,11,33,16,17,337,155,182
HAYS COUNTY,209,69 Years,1321,646,675,985,496,489,28,9,19,30,11,19,278,130,148
HAYS COUNTY,209,70 Years,1211,576,635,895,437,458,25,9,16,26,12,14,265,118,147
HAYS COUNTY,209,71 Years,1123,516,607,843,397,446,18,7,11,24,11,13,238,101,137
HAYS COUNTY,209,72 Years,1033,482,551,792,386,406,17,8,9,21,9,12,203,79,124
HAYS COUNTY,209,73 Years,895,410,485,680,322,358,19,7,12,17,8,9,179,73,106
HAYS COUNTY,209,74 Years,772,354,418,582,268,314,15,8,7,12,6,6,163,72,91
HAYS COUNTY,209,75 Years,719,318,401,551,244,307,16,9,7,13,5,8,139,60,79
HAYS COUNTY,209,76 Years,691,315,376,532,248,284,17,5,12,10,4,6,132,58,74
HAYS COUNTY,209,77 Years,639,297,342,490,234,256,15,4,11,11,4,7,123,55,68
HAYS COUNTY,209,78 Years,558,244,314,418,188,230,14,6,8,14,7,7,112,43,69
HAYS COUNTY,209,79 Years,519,224,295,390,171,219,13,7,6,11,5,6,105,41,64
HAYS COUNTY,209,80 Years,463,204,259,356,155,201,9,4,5,7,3,4,91,42,49
HAYS COUNTY,209,81 Years,424,179,245,329,142,187,9,3,6,8,4,4,78,30,48
HAYS COUNTY,209,82 Years,380,160,220,291,130,161,9,3,6,8,3,5,72,24,48
HAYS COUNTY,209,83 Years,360,151,209,281,118,163,10,4,6,8,3,5,61,26,35
HAYS COUNTY,209,84 Years,334,141,193,271,115,156,9,4,5,6,3,3,48,19,29
HAYS COUNTY,209,85 Years +,1900,639,1261,1513,522,991,25,5,20,22,6,16,340,106,234
HEMPHILL COUNTY,211,All Ages,4168,2128,2040,2795,1387,1408,2,1,1,58,25,33,1313,715,598
HEMPHILL COUNTY,211,< 1 Year,61,30,31,30,15,15,0,0,0,1,0,1,30,15,15
HEMPHILL COUNTY,211,1 Years,57,30,27,28,15,13,0,0,0,0,0,0,29,15,14
HEMPHILL COUNTY,211,2 Years,55,31,24,29,16,13,0,0,0,0,0,0,26,15,11
HEMPHILL COUNTY,211,3 Years,55,32,23,29,17,12,0,0,0,0,0,0,26,15,11
HEMPHILL COUNTY,211,4 Years,60,36,24,33,21,12,0,0,0,0,0,0,27,15,12
HEMPHILL COUNTY,211,5 Years,45,25,20,21,12,9,0,0,0,0,0,0,24,13,11
HEMPHILL COUNTY,211,6 Years,67,40,27,30,19,11,0,0,0,1,0,1,36,21,15
HEMPHILL COUNTY,211,7 Years,75,36,39,39,22,17,0,0,0,2,1,1,34,13,21
HEMPHILL COUNTY,211,8 Years,76,33,43,40,18,22,0,0,0,0,0,0,36,15,21
HEMPHILL COUNTY,211,9 Years,66,28,38,35,13,22,0,0,0,1,0,1,30,15,15
HEMPHILL COUNTY,211,10 Years,71,35,36,44,21,23,0,0,0,1,0,1,26,14,12
HEMPHILL COUNTY,211,11 Years,74,40,34,41,23,18,0,0,0,1,0,1,32,17,15
HEMPHILL COUNTY,211,12 Years,86,40,46,44,19,25,0,0,0,0,0,0,42,21,21
HEMPHILL COUNTY,211,13 Years,68,32,36,39,17,22,0,0,0,0,0,0,29,15,14
HEMPHILL COUNTY,211,14 Years,66,30,36,41,15,26,0,0,0,1,1,0,24,14,10
HEMPHILL COUNTY,211,15 Years,79,39,40,51,23,28,0,0,0,1,1,0,27,15,12
HEMPHILL COUNTY,211,16 Years,61,30,31,38,19,19,0,0,0,0,0,0,23,11,12
HEMPHILL COUNTY,211,17 Years,59,29,30,34,17,17,0,0,0,0,0,0,25,12,13
HEMPHILL COUNTY,211,18 Years,51,26,25,33,16,17,0,0,0,0,0,0,18,10,8
HEMPHILL COUNTY,211,19 Years,42,27,15,22,15,7,0,0,0,2,1,1,18,11,7
HEMPHILL COUNTY,211,20 Years,56,34,22,32,19,13,0,0,0,1,0,1,23,15,8
HEMPHILL COUNTY,211,21 Years,57,30,27,34,17,17,1,1,0,1,0,1,21,12,9
HEMPHILL COUNTY,211,22 Years,54,26,28,33,16,17,0,0,0,1,0,1,20,10,10
HEMPHILL COUNTY,211,23 Years,44,18,26,25,13,12,0,0,0,0,0,0,19,5,14
HEMPHILL COUNTY,211,24 Years,38,21,17,24,13,11,0,0,0,0,0,0,14,8,6
HEMPHILL COUNTY,211,25 Years,33,21,12,17,9,8,0,0,0,0,0,0,16,12,4
HEMPHILL COUNTY,211,26 Years,34,19,15,19,11,8,0,0,0,1,0,1,14,8,6
HEMPHILL COUNTY,211,27 Years,33,19,14,16,9,7,0,0,0,1,0,1,16,10,6
HEMPHILL COUNTY,211,28 Years,39,23,16,20,11,9,0,0,0,1,1,0,18,11,7
HEMPHILL COUNTY,211,29 Years,47,21,26,32,14,18,0,0,0,2,1,1,13,6,7
HEMPHILL COUNTY,211,30 Years,44,25,19,30,17,13,0,0,0,0,0,0,14,8,6
HEMPHILL COUNTY,211,31 Years,50,32,18,29,21,8,0,0,0,0,0,0,21,11,10
HEMPHILL COUNTY,211,32 Years,53,28,25,26,15,11,0,0,0,1,1,0,26,12,14
HEMPHILL COUNTY,211,33 Years,56,32,24,28,17,11,0,0,0,0,0,0,28,15,13
HEMPHILL COUNTY,211,34 Years,49,28,21,19,13,6,0,0,0,1,0,1,29,15,14
HEMPHILL COUNTY,211,35 Years,59,24,35,28,10,18,1,0,1,2,0,2,28,14,14
HEMPHILL COUNTY,211,36 Years,58,26,32,30,9,21,0,0,0,2,1,1,26,16,10
HEMPHILL COUNTY,211,37 Years,55,27,28,32,11,21,0,0,0,2,2,0,21,14,7
HEMPHILL COUNTY,211,38 Years,51,28,23,32,17,15,0,0,0,2,1,1,17,10,7
HEMPHILL COUNTY,211,39 Years,48,22,26,30,15,15,0,0,0,2,1,1,16,6,10
HEMPHILL COUNTY,211,40 Years,51,26,25,32,18,14,0,0,0,0,0,0,19,8,11
HEMPHILL COUNTY,211,41 Years,58,30,28,40,20,20,0,0,0,0,0,0,18,10,8
HEMPHILL COUNTY,211,42 Years,62,33,29,37,17,20,0,0,0,0,0,0,25,16,9
HEMPHILL COUNTY,211,43 Years,62,31,31,40,17,23,0,0,0,1,0,1,21,14,7
HEMPHILL COUNTY,211,44 Years,60,27,33,40,20,20,0,0,0,0,0,0,20,7,13
HEMPHILL COUNTY,211,45 Years,48,26,22,30,15,15,0,0,0,1,1,0,17,10,7
HEMPHILL COUNTY,211,46 Years,48,27,21,32,17,15,0,0,0,1,1,0,15,9,6
HEMPHILL COUNTY,211,47 Years,54,28,26,36,17,19,0,0,0,1,0,1,17,11,6
HEMPHILL COUNTY,211,48 Years,55,32,23,37,20,17,0,0,0,0,0,0,18,12,6
HEMPHILL COUNTY,211,49 Years,53,29,24,38,20,18,0,0,0,1,1,0,14,8,6
HEMPHILL COUNTY,211,50 Years,49,27,22,34,17,17,0,0,0,1,1,0,14,9,5
HEMPHILL COUNTY,211,51 Years,58,30,28,44,19,25,0,0,0,1,1,0,13,10,3
HEMPHILL COUNTY,211,52 Years,59,32,27,42,22,20,0,0,0,2,1,1,15,9,6
HEMPHILL COUNTY,211,53 Years,56,34,22,41,25,16,0,0,0,2,1,1,13,8,5
HEMPHILL COUNTY,211,54 Years,55,27,28,43,20,23,0,0,0,2,2,0,10,5,5
HEMPHILL COUNTY,211,55 Years,52,27,25,41,21,20,0,0,0,2,1,1,9,5,4
HEMPHILL COUNTY,211,56 Years,43,22,21,35,17,18,0,0,0,0,0,0,8,5,3
HEMPHILL COUNTY,211,57 Years,50,22,28,43,20,23,0,0,0,1,0,1,6,2,4
HEMPHILL COUNTY,211,58 Years,50,25,25,42,21,21,0,0,0,1,0,1,7,4,3
HEMPHILL COUNTY,211,59 Years,43,21,22,34,15,19,0,0,0,0,0,0,9,6,3
HEMPHILL COUNTY,211,60 Years,50,27,23,44,24,20,0,0,0,1,0,1,5,3,2
HEMPHILL COUNTY,211,61 Years,55,32,23,49,28,21,0,0,0,1,1,0,5,3,2
HEMPHILL COUNTY,211,62 Years,53,28,25,44,23,21,0,0,0,1,1,0,8,4,4
HEMPHILL COUNTY,211,63 Years,51,25,26,45,22,23,0,0,0,1,0,1,5,3,2
HEMPHILL COUNTY,211,64 Years,46,21,25,41,18,23,0,0,0,1,0,1,4,3,1
HEMPHILL COUNTY,211,65 Years,45,24,21,41,21,20,0,0,0,0,0,0,4,3,1
HEMPHILL COUNTY,211,66 Years,37,21,16,36,20,16,0,0,0,0,0,0,1,1,0
HEMPHILL COUNTY,211,67 Years,39,21,18,35,18,17,0,0,0,0,0,0,4,3,1
HEMPHILL COUNTY,211,68 Years,48,23,25,43,20,23,0,0,0,0,0,0,5,3,2
HEMPHILL COUNTY,211,69 Years,35,16,19,31,14,17,0,0,0,0,0,0,4,2,2
HEMPHILL COUNTY,211,70 Years,33,15,18,31,13,18,0,0,0,0,0,0,2,2,0
HEMPHILL COUNTY,211,71 Years,31,15,16,31,15,16,0,0,0,0,0,0,0,0,0
HEMPHILL COUNTY,211,72 Years,35,18,17,33,17,16,0,0,0,0,0,0,2,1,1
HEMPHILL COUNTY,211,73 Years,23,12,11,23,12,11,0,0,0,0,0,0,0,0,0
HEMPHILL COUNTY,211,74 Years,33,16,17,30,14,16,0,0,0,0,0,0,3,2,1
HEMPHILL COUNTY,211,75 Years,29,13,16,27,13,14,0,0,0,1,0,1,1,0,1
HEMPHILL COUNTY,211,76 Years,21,10,11,21,10,11,0,0,0,0,0,0,0,0,0
HEMPHILL COUNTY,211,77 Years,17,5,12,16,5,11,0,0,0,1,0,1,0,0,0
HEMPHILL COUNTY,211,78 Years,20,7,13,18,7,11,0,0,0,1,0,1,1,0,1
HEMPHILL COUNTY,211,79 Years,21,9,12,19,8,11,0,0,0,0,0,0,2,1,1
HEMPHILL COUNTY,211,80 Years,15,8,7,15,8,7,0,0,0,0,0,0,0,0,0
HEMPHILL COUNTY,211,81 Years,11,6,5,11,6,5,0,0,0,0,0,0,0,0,0
HEMPHILL COUNTY,211,82 Years,15,6,9,13,6,7,0,0,0,0,0,0,2,0,2
HEMPHILL COUNTY,211,83 Years,18,6,12,17,6,11,0,0,0,1,0,1,0,0,0
HEMPHILL COUNTY,211,84 Years,15,6,9,14,5,9,0,0,0,0,0,0,1,1,0
HEMPHILL COUNTY,211,85 Years +,74,29,45,69,26,43,0,0,0,1,1,0,4,2,2
HENDERSON COUNTY,213,All Ages,80926,39747,41179,63220,30721,32499,4935,2430,2505,2249,1121,1128,10522,5475,5047
HENDERSON COUNTY,213,< 1 Year,975,511,464,631,338,293,60,31,29,53,28,25,231,114,117
HENDERSON COUNTY,213,1 Years,970,508,462,635,339,296,58,28,30,53,25,28,224,116,108
HENDERSON COUNTY,213,2 Years,970,505,465,634,327,307,61,30,31,53,26,27,222,122,100
HENDERSON COUNTY,213,3 Years,991,508,483,645,326,319,60,29,31,55,28,27,231,125,106
HENDERSON COUNTY,213,4 Years,1022,525,497,658,337,321,64,33,31,60,33,27,240,122,118
HENDERSON COUNTY,213,5 Years,997,502,495,653,333,320,60,36,24,60,28,32,224,105,119
HENDERSON COUNTY,213,6 Years,970,475,495,654,321,333,60,30,30,53,17,36,203,107,96
HENDERSON COUNTY,213,7 Years,976,487,489,643,311,332,58,33,25,55,24,31,220,119,101
HENDERSON COUNTY,213,8 Years,956,487,469,632,311,321,63,41,22,47,26,21,214,109,105
HENDERSON COUNTY,213,9 Years,983,501,482,639,321,318,70,42,28,50,29,21,224,109,115
HENDERSON COUNTY,213,10 Years,1016,523,493,679,364,315,64,29,35,51,22,29,222,108,114
HENDERSON COUNTY,213,11 Years,1000,522,478,653,337,316,70,37,33,55,28,27,222,120,102
HENDERSON COUNTY,213,12 Years,1013,539,474,661,357,304,74,40,34,49,21,28,229,121,108
HENDERSON COUNTY,213,13 Years,993,499,494,677,345,332,67,34,33,42,24,18,207,96,111
HENDERSON COUNTY,213,14 Years,1053,542,511,715,367,348,78,42,36,39,22,17,221,111,110
HENDERSON COUNTY,213,15 Years,1090,576,514,750,406,344,77,37,40,33,18,15,230,115,115
HENDERSON COUNTY,213,16 Years,1081,568,513,747,395,352,78,38,40,41,23,18,215,112,103
HENDERSON COUNTY,213,17 Years,1064,565,499,741,386,355,70,37,33,36,24,12,217,118,99
HENDERSON COUNTY,213,18 Years,1030,527,503,698,350,348,63,39,24,34,18,16,235,120,115
HENDERSON COUNTY,213,19 Years,961,480,481,651,324,327,54,32,22,33,17,16,223,107,116
HENDERSON COUNTY,213,20 Years,892,460,432,608,312,296,67,37,30,24,14,10,193,97,96
HENDERSON COUNTY,213,21 Years,927,477,450,626,323,303,72,37,35,25,13,12,204,104,100
HENDERSON COUNTY,213,22 Years,957,507,450,682,357,325,78,45,33,23,12,11,174,93,81
HENDERSON COUNTY,213,23 Years,1031,532,499,716,363,353,96,54,42,21,16,5,198,99,99
HENDERSON COUNTY,213,24 Years,1140,576,564,786,382,404,134,83,51,17,9,8,203,102,101
HENDERSON COUNTY,213,25 Years,1069,567,502,754,381,373,116,71,45,18,9,9,181,106,75
HENDERSON COUNTY,213,26 Years,958,503,455,718,361,357,80,47,33,12,9,3,148,86,62
HENDERSON COUNTY,213,27 Years,888,450,438,666,334,332,65,29,36,13,7,6,144,80,64
HENDERSON COUNTY,213,28 Years,822,406,416,588,285,303,65,27,38,17,7,10,152,87,65
HENDERSON COUNTY,213,29 Years,816,398,418,585,290,295,70,27,43,14,5,9,147,76,71
HENDERSON COUNTY,213,30 Years,826,421,405,604,315,289,68,29,39,18,7,11,136,70,66
HENDERSON COUNTY,213,31 Years,760,384,376,555,282,273,55,24,31,22,12,10,128,66,62
HENDERSON COUNTY,213,32 Years,779,411,368,553,284,269,56,29,27,21,12,9,149,86,63
HENDERSON COUNTY,213,33 Years,755,385,370,526,264,262,58,28,30,23,12,11,148,81,67
HENDERSON COUNTY,213,34 Years,816,401,415,588,293,295,60,24,36,27,8,19,141,76,65
HENDERSON COUNTY,213,35 Years,810,386,424,590,280,310,57,20,37,28,10,18,135,76,59
HENDERSON COUNTY,213,36 Years,817,392,425,591,279,312,55,23,32,27,11,16,144,79,65
HENDERSON COUNTY,213,37 Years,822,413,409,612,302,310,57,26,31,21,8,13,132,77,55
HENDERSON COUNTY,213,38 Years,806,391,415,594,282,312,58,22,36,23,10,13,131,77,54
HENDERSON COUNTY,213,39 Years,820,415,405,619,308,311,44,21,23,22,12,10,135,74,61
HENDERSON COUNTY,213,40 Years,811,413,398,621,317,304,41,17,24,24,16,8,125,63,62
HENDERSON COUNTY,213,41 Years,778,371,407,585,279,306,49,25,24,22,13,9,122,54,68
HENDERSON COUNTY,213,42 Years,830,393,437,631,294,337,60,36,24,21,11,10,118,52,66
HENDERSON COUNTY,213,43 Years,931,455,476,707,335,372,68,42,26,27,15,12,129,63,66
HENDERSON COUNTY,213,44 Years,999,481,518,789,372,417,58,29,29,21,12,9,131,68,63
HENDERSON COUNTY,213,45 Years,958,445,513,747,348,399,65,33,32,18,8,10,128,56,72
HENDERSON COUNTY,213,46 Years,969,479,490,767,379,388,55,29,26,23,7,16,124,64,60
HENDERSON COUNTY,213,47 Years,958,481,477,756,382,374,59,30,29,24,8,16,119,61,58
HENDERSON COUNTY,213,48 Years,936,484,452,736,384,352,52,25,27,26,10,16,122,65,57
HENDERSON COUNTY,213,49 Years,972,504,468,758,390,368,51,21,30,22,12,10,141,81,60
HENDERSON COUNTY,213,50 Years,988,502,486,790,400,390,58,24,34,18,9,9,122,69,53
HENDERSON COUNTY,213,51 Years,1055,526,529,851,413,438,62,32,30,25,14,11,117,67,50
HENDERSON COUNTY,213,52 Years,1127,547,580,930,454,476,75,35,40,25,11,14,97,47,50
HENDERSON COUNTY,213,53 Years,1156,549,607,943,448,495,79,39,40,24,12,12,110,50,60
HENDERSON COUNTY,213,54 Years,1180,556,624,977,449,528,73,38,35,27,13,14,103,56,47
HENDERSON COUNTY,213,55 Years,1186,572,614,1002,479,523,72,33,39,25,11,14,87,49,38
HENDERSON COUNTY,213,56 Years,1157,529,628,979,445,534,70,27,43,34,16,18,74,41,33
HENDERSON COUNTY,213,57 Years,1179,570,609,981,466,515,78,39,39,34,14,20,86,51,35
HENDERSON COUNTY,213,58 Years,1176,586,590,1001,487,514,73,36,37,25,13,12,77,50,27
HENDERSON COUNTY,213,59 Years,1117,554,563,967,475,492,67,31,36,18,10,8,65,38,27
HENDERSON COUNTY,213,60 Years,1142,554,588,1000,485,515,65,30,35,22,10,12,55,29,26
HENDERSON COUNTY,213,61 Years,1133,544,589,997,477,520,61,27,34,25,14,11,50,26,24
HENDERSON COUNTY,213,62 Years,1127,546,581,997,483,514,62,27,35,20,11,9,48,25,23
HENDERSON COUNTY,213,63 Years,1104,509,595,970,442,528,63,29,34,21,12,9,50,26,24
HENDERSON COUNTY,213,64 Years,1079,506,573,958,447,511,55,27,28,27,13,14,39,19,20
HENDERSON COUNTY,213,65 Years,1119,543,576,992,474,518,51,27,24,33,18,15,43,24,19
HENDERSON COUNTY,213,66 Years,1100,517,583,986,462,524,50,26,24,26,13,13,38,16,22
HENDERSON COUNTY,213,67 Years,1145,523,622,1045,475,570,43,21,22,20,7,13,37,20,17
HENDERSON COUNTY,213,68 Years,1153,521,632,1061,478,583,41,18,23,19,9,10,32,16,16
HENDERSON COUNTY,213,69 Years,963,445,518,879,415,464,34,10,24,13,6,7,37,14,23
HENDERSON COUNTY,213,70 Years,969,453,516,882,416,466,38,12,26,15,8,7,34,17,17
HENDERSON COUNTY,213,71 Years,953,453,500,875,415,460,34,13,21,13,8,5,31,17,14
HENDERSON COUNTY,213,72 Years,953,432,521,872,390,482,34,15,19,17,10,7,30,17,13
HENDERSON COUNTY,213,73 Years,887,403,484,815,370,445,34,15,19,13,6,7,25,12,13
HENDERSON COUNTY,213,74 Years,803,367,436,743,346,397,28,11,17,13,6,7,19,4,15
HENDERSON COUNTY,213,75 Years,749,346,403,694,325,369,26,11,15,8,4,4,21,6,15
HENDERSON COUNTY,213,76 Years,730,357,373,682,335,347,24,11,13,8,5,3,16,6,10
HENDERSON COUNTY,213,77 Years,653,337,316,600,314,286,22,9,13,12,5,7,19,9,10
HENDERSON COUNTY,213,78 Years,562,269,293,514,245,269,21,9,12,10,6,4,17,9,8
HENDERSON COUNTY,213,79 Years,564,271,293,527,253,274,15,7,8,9,4,5,13,7,6
HENDERSON COUNTY,213,80 Years,526,247,279,489,228,261,17,7,10,7,4,3,13,8,5
HENDERSON COUNTY,213,81 Years,462,192,270,430,180,250,16,7,9,3,2,1,13,3,10
HENDERSON COUNTY,213,82 Years,437,189,248,407,176,231,14,6,8,6,5,1,10,2,8
HENDERSON COUNTY,213,83 Years,408,177,231,376,164,212,12,3,9,8,4,4,12,6,6
HENDERSON COUNTY,213,84 Years,360,150,210,330,138,192,13,4,9,5,1,4,12,7,5
HENDERSON COUNTY,213,85 Years +,1760,674,1086,1624,620,1004,77,26,51,25,11,14,34,17,17
HIDALGO COUNTY,215,All Ages,841667,411874,429793,62232,31277,30955,2973,1953,1020,11106,5352,5754,765356,373292,392064
HIDALGO COUNTY,215,< 1 Year,15140,7748,7392,573,287,286,28,10,18,116,65,51,14423,7386,7037
HIDALGO COUNTY,215,1 Years,15169,7781,7388,583,306,277,35,17,18,123,63,60,14428,7395,7033
HIDALGO COUNTY,215,2 Years,15277,7870,7407,616,335,281,36,17,19,133,68,65,14492,7450,7042
HIDALGO COUNTY,215,3 Years,15258,7849,7409,703,371,332,38,18,20,134,68,66,14383,7392,6991
HIDALGO COUNTY,215,4 Years,15379,7891,7488,815,414,401,38,14,24,141,75,66,14385,7388,6997
HIDALGO COUNTY,215,5 Years,13738,6916,6822,626,314,312,35,14,21,130,70,60,12947,6518,6429
HIDALGO COUNTY,215,6 Years,13927,7081,6846,609,316,293,44,23,21,140,70,70,13134,6672,6462
HIDALGO COUNTY,215,7 Years,14040,7104,6936,565,281,284,39,25,14,153,80,73,13283,6718,6565
HIDALGO COUNTY,215,8 Years,14088,7064,7024,521,260,261,51,33,18,153,87,66,13363,6684,6679
HIDALGO COUNTY,215,9 Years,14221,7220,7001,490,241,249,50,30,20,154,83,71,13527,6866,6661
HIDALGO COUNTY,215,10 Years,14794,7620,7174,455,218,237,42,24,18,164,82,82,14133,7296,6837
HIDALGO COUNTY,215,11 Years,15053,7749,7304,486,254,232,32,18,14,159,76,83,14376,7401,6975
HIDALGO COUNTY,215,12 Years,15523,7950,7573,512,266,246,29,18,11,176,94,82,14806,7572,7234
HIDALGO COUNTY,215,13 Years,16094,8241,7853,526,271,255,36,23,13,198,112,86,15334,7835,7499
HIDALGO COUNTY,215,14 Years,16651,8502,8149,552,291,261,42,24,18,214,115,99,15843,8072,7771
HIDALGO COUNTY,215,15 Years,16430,8499,7931,509,261,248,42,27,15,223,121,102,15656,8090,7566
HIDALGO COUNTY,215,16 Years,15877,8255,7622,524,276,248,42,23,19,207,100,107,15104,7856,7248
HIDALGO COUNTY,215,17 Years,15309,7952,7357,546,301,245,42,21,21,204,98,106,14517,7532,6985
HIDALGO COUNTY,215,18 Years,15095,7693,7402,520,284,236,43,23,20,200,97,103,14332,7289,7043
HIDALGO COUNTY,215,19 Years,14896,7612,7284,499,272,227,46,23,23,197,93,104,14154,7224,6930
HIDALGO COUNTY,215,20 Years,14438,7392,7046,452,252,200,50,23,27,174,85,89,13762,7032,6730
HIDALGO COUNTY,215,21 Years,14209,7226,6983,494,266,228,63,40,23,156,77,79,13496,6843,6653
HIDALGO COUNTY,215,22 Years,14031,7134,6897,485,268,217,58,44,14,143,75,68,13345,6747,6598
HIDALGO COUNTY,215,23 Years,13579,6822,6757,493,255,238,51,35,16,140,70,70,12895,6462,6433
HIDALGO COUNTY,215,24 Years,13051,6530,6521,516,251,265,56,42,14,149,66,83,12330,6171,6159
HIDALGO COUNTY,215,25 Years,12514,6364,6150,550,291,259,53,30,23,122,56,66,11789,5987,5802
HIDALGO COUNTY,215,26 Years,11836,5963,5873,529,279,250,62,44,18,129,66,63,11116,5574,5542
HIDALGO COUNTY,215,27 Years,11584,5890,5694,518,274,244,50,39,11,123,64,59,10893,5513,5380
HIDALGO COUNTY,215,28 Years,11298,5669,5629,514,274,240,50,40,10,134,68,66,10600,5287,5313
HIDALGO COUNTY,215,29 Years,11029,5453,5576,545,271,274,55,40,15,156,78,78,10273,5064,5209
HIDALGO COUNTY,215,30 Years,10791,5305,5486,528,274,254,51,38,13,148,72,76,10064,4921,5143
HIDALGO COUNTY,215,31 Years,10633,5180,5453,538,294,244,52,39,13,123,64,59,9920,4783,5137
HIDALGO COUNTY,215,32 Years,10789,5214,5575,529,274,255,48,33,15,127,64,63,10085,4843,5242
HIDALGO COUNTY,215,33 Years,11214,5350,5864,577,289,288,48,37,11,135,60,75,10454,4964,5490
HIDALGO COUNTY,215,34 Years,11505,5519,5986,606,321,285,50,40,10,148,62,86,10701,5096,5605
HIDALGO COUNTY,215,35 Years,11412,5541,5871,601,327,274,51,39,12,152,64,88,10608,5111,5497
HIDALGO COUNTY,215,36 Years,10820,5192,5628,560,303,257,52,41,11,133,59,74,10075,4789,5286
HIDALGO COUNTY,215,37 Years,10877,5184,5693,514,265,249,43,34,9,138,58,80,10182,4827,5355
HIDALGO COUNTY,215,38 Years,11174,5317,5857,511,266,245,41,29,12,168,81,87,10454,4941,5513
HIDALGO COUNTY,215,39 Years,11243,5322,5921,499,256,243,36,22,14,151,71,80,10557,4973,5584
HIDALGO COUNTY,215,40 Years,11356,5398,5958,484,248,236,45,31,14,183,77,106,10644,5042,5602
HIDALGO COUNTY,215,41 Years,11092,5301,5791,458,241,217,47,36,11,207,93,114,10380,4931,5449
HIDALGO COUNTY,215,42 Years,11043,5216,5827,480,259,221,48,36,12,229,98,131,10286,4823,5463
HIDALGO COUNTY,215,43 Years,10929,5085,5844,547,294,253,43,31,12,238,109,129,10101,4651,5450
HIDALGO COUNTY,215,44 Years,10826,5102,5724,574,297,277,56,37,19,242,134,108,9954,4634,5320
HIDALGO COUNTY,215,45 Years,10696,5059,5637,589,322,267,50,38,12,232,109,123,9825,4590,5235
HIDALGO COUNTY,215,46 Years,9953,4710,5243,564,312,252,38,31,7,193,85,108,9158,4282,4876
HIDALGO COUNTY,215,47 Years,9533,4453,5080,516,276,240,49,36,13,173,73,100,8795,4068,4727
HIDALGO COUNTY,215,48 Years,9186,4297,4889,516,256,260,49,34,15,151,60,91,8470,3947,4523
HIDALGO COUNTY,215,49 Years,9009,4261,4748,520,284,236,51,35,16,150,61,89,8288,3881,4407
HIDALGO COUNTY,215,50 Years,8781,4168,4613,565,294,271,49,37,12,139,67,72,8028,3770,4258
HIDALGO COUNTY,215,51 Years,8467,4056,4411,588,297,291,57,44,13,131,65,66,7691,3650,4041
HIDALGO COUNTY,215,52 Years,8371,4075,4296,578,306,272,62,45,17,123,66,57,7608,3658,3950
HIDALGO COUNTY,215,53 Years,8209,3964,4245,605,325,280,44,30,14,144,73,71,7416,3536,3880
HIDALGO COUNTY,215,54 Years,7997,3784,4213,639,336,303,47,36,11,150,68,82,7161,3344,3817
HIDALGO COUNTY,215,55 Years,7869,3703,4166,645,323,322,30,19,11,130,63,67,7064,3298,3766
HIDALGO COUNTY,215,56 Years,7487,3498,3989,650,322,328,24,15,9,150,74,76,6663,3087,3576
HIDALGO COUNTY,215,57 Years,7367,3400,3967,671,333,338,27,15,12,161,70,91,6508,2982,3526
HIDALGO COUNTY,215,58 Years,7189,3319,3870,695,338,357,37,26,11,159,72,87,6298,2883,3415
HIDALGO COUNTY,215,59 Years,6937,3167,3770,711,334,377,30,17,13,152,65,87,6044,2751,3293
HIDALGO COUNTY,215,60 Years,6814,3092,3722,802,379,423,26,18,8,135,57,78,5851,2638,3213
HIDALGO COUNTY,215,61 Years,6439,2928,3511,886,414,472,18,14,4,115,51,64,5420,2449,2971
HIDALGO COUNTY,215,62 Years,6439,2927,3512,970,446,524,21,13,8,106,52,54,5342,2416,2926
HIDALGO COUNTY,215,63 Years,6166,2789,3377,1043,484,559,19,11,8,100,48,52,5004,2246,2758
HIDALGO COUNTY,215,64 Years,6177,2804,3373,1055,504,551,22,17,5,80,35,45,5020,2248,2772
HIDALGO COUNTY,215,65 Years,6244,2832,3412,1147,556,591,20,12,8,85,41,44,4992,2223,2769
HIDALGO COUNTY,215,66 Years,6012,2787,3225,1264,624,640,14,8,6,71,37,34,4663,2118,2545
HIDALGO COUNTY,215,67 Years,5888,2736,3152,1373,686,687,12,6,6,79,41,38,4424,2003,2421
HIDALGO COUNTY,215,68 Years,5712,2648,3064,1360,663,697,16,11,5,73,36,37,4263,1938,2325
HIDALGO COUNTY,215,69 Years,5193,2394,2799,1293,632,661,9,5,4,50,25,25,3841,1732,2109
HIDALGO COUNTY,215,70 Years,5017,2280,2737,1387,671,716,11,8,3,46,23,23,3573,1578,1995
HIDALGO COUNTY,215,71 Years,4868,2249,2619,1477,723,754,9,6,3,37,19,18,3345,1501,1844
HIDALGO COUNTY,215,72 Years,4559,2108,2451,1489,745,744,9,5,4,39,20,19,3022,1338,1684
HIDALGO COUNTY,215,73 Years,4115,1904,2211,1292,656,636,8,5,3,48,19,29,2767,1224,1543
HIDALGO COUNTY,215,74 Years,3820,1744,2076,1188,591,597,6,3,3,43,21,22,2583,1129,1454
HIDALGO COUNTY,215,75 Years,3652,1669,1983,1094,518,576,5,2,3,40,17,23,2513,1132,1381
HIDALGO COUNTY,215,76 Years,3259,1479,1780,985,456,529,6,3,3,35,14,21,2233,1006,1227
HIDALGO COUNTY,215,77 Years,3034,1327,1707,845,384,461,6,3,3,38,18,20,2145,922,1223
HIDALGO COUNTY,215,78 Years,2887,1263,1624,834,393,441,4,2,2,42,18,24,2007,850,1157
HIDALGO COUNTY,215,79 Years,2723,1183,1540,813,393,420,7,1,6,37,16,21,1866,773,1093
HIDALGO COUNTY,215,80 Years,2601,1135,1466,769,380,389,3,0,3,33,14,19,1796,741,1055
HIDALGO COUNTY,215,81 Years,2329,1039,1290,717,357,360,2,1,1,30,12,18,1580,669,911
HIDALGO COUNTY,215,82 Years,2082,902,1180,685,332,353,4,3,1,26,10,16,1367,557,810
HIDALGO COUNTY,215,83 Years,1955,846,1109,662,312,350,4,3,1,16,7,9,1273,524,749
HIDALGO COUNTY,215,84 Years,1855,789,1066,597,285,312,5,3,2,14,5,9,1239,496,743
HIDALGO COUNTY,215,85 Years +,9544,3840,5704,2821,1327,1494,14,7,7,83,37,46,6626,2469,4157
HILL COUNTY,217,All Ages,35694,17736,17958,25347,12423,12924,2183,1038,1145,851,431,420,7313,3844,3469
HILL COUNTY,217,< 1 Year,415,222,193,215,122,93,20,10,10,33,17,16,147,73,74
HILL COUNTY,217,1 Years,418,220,198,223,121,102,20,9,11,35,20,15,140,70,70
HILL COUNTY,217,2 Years,430,231,199,232,125,107,19,10,9,34,19,15,145,77,68
HILL COUNTY,217,3 Years,442,233,209,238,125,113,19,11,8,28,15,13,157,82,75
HILL COUNTY,217,4 Years,465,247,218,254,132,122,20,12,8,28,15,13,163,88,75
HILL COUNTY,217,5 Years,484,253,231,269,130,139,21,13,8,23,11,12,171,99,72
HILL COUNTY,217,6 Years,438,203,235,241,110,131,28,15,13,21,10,11,148,68,80
HILL COUNTY,217,7 Years,463,223,240,263,132,131,24,12,12,19,8,11,157,71,86
HILL COUNTY,217,8 Years,469,230,239,272,130,142,26,14,12,18,11,7,153,75,78
HILL COUNTY,217,9 Years,463,235,228,279,145,134,26,13,13,19,11,8,139,66,73
HILL COUNTY,217,10 Years,470,260,210,267,148,119,32,17,15,19,12,7,152,83,69
HILL COUNTY,217,11 Years,459,251,208,260,140,120,20,7,13,18,14,4,161,90,71
HILL COUNTY,217,12 Years,450,226,224,254,127,127,22,8,14,14,9,5,160,82,78
HILL COUNTY,217,13 Years,494,251,243,277,133,144,33,16,17,15,9,6,169,93,76
HILL COUNTY,217,14 Years,499,255,244,279,143,136,41,18,23,13,6,7,166,88,78
HILL COUNTY,217,15 Years,490,255,235,293,153,140,35,22,13,11,6,5,151,74,77
HILL COUNTY,217,16 Years,474,250,224,298,155,143,31,20,11,14,8,6,131,67,64
HILL COUNTY,217,17 Years,481,232,249,303,146,157,29,13,16,15,11,4,134,62,72
HILL COUNTY,217,18 Years,488,241,247,308,155,153,40,17,23,13,8,5,127,61,66
HILL COUNTY,217,19 Years,446,238,208,263,139,124,44,20,24,11,7,4,128,72,56
HILL COUNTY,217,20 Years,405,211,194,234,118,116,31,16,15,9,5,4,131,72,59
HILL COUNTY,217,21 Years,401,216,185,230,125,105,29,15,14,10,5,5,132,71,61
HILL COUNTY,217,22 Years,412,205,207,239,119,120,39,16,23,10,5,5,124,65,59
HILL COUNTY,217,23 Years,440,241,199,251,134,117,44,25,19,8,4,4,137,78,59
HILL COUNTY,217,24 Years,492,245,247,287,136,151,41,21,20,12,8,4,152,80,72
HILL COUNTY,217,25 Years,464,205,259,275,119,156,45,17,28,13,8,5,131,61,70
HILL COUNTY,217,26 Years,397,200,197,240,112,128,31,17,14,12,7,5,114,64,50
HILL COUNTY,217,27 Years,393,192,201,233,109,124,36,21,15,10,4,6,114,58,56
HILL COUNTY,217,28 Years,375,193,182,225,111,114,33,18,15,7,4,3,110,60,50
HILL COUNTY,217,29 Years,370,190,180,235,111,124,23,13,10,8,6,2,104,60,44
HILL COUNTY,217,30 Years,337,172,165,219,109,110,16,7,9,5,2,3,97,54,43
HILL COUNTY,217,31 Years,335,161,174,207,97,110,21,8,13,4,1,3,103,55,48
HILL COUNTY,217,32 Years,341,168,173,213,97,116,22,11,11,6,4,2,100,56,44
HILL COUNTY,217,33 Years,342,175,167,217,106,111,17,12,5,7,2,5,101,55,46
HILL COUNTY,217,34 Years,383,199,184,242,121,121,19,9,10,8,3,5,114,66,48
HILL COUNTY,217,35 Years,389,199,190,238,121,117,31,12,19,8,4,4,112,62,50
HILL COUNTY,217,36 Years,352,178,174,227,112,115,28,17,11,6,3,3,91,46,45
HILL COUNTY,217,37 Years,350,179,171,220,119,101,25,12,13,5,0,5,100,48,52
HILL COUNTY,217,38 Years,361,186,175,240,130,110,24,10,14,6,2,4,91,44,47
HILL COUNTY,217,39 Years,346,162,184,236,111,125,22,8,14,5,0,5,83,43,40
HILL COUNTY,217,40 Years,361,175,186,262,129,133,24,10,14,5,2,3,70,34,36
HILL COUNTY,217,41 Years,354,175,179,230,111,119,22,11,11,10,3,7,92,50,42
HILL COUNTY,217,42 Years,363,175,188,245,119,126,22,11,11,7,3,4,89,42,47
HILL COUNTY,217,43 Years,395,186,209,270,128,142,23,12,11,4,1,3,98,45,53
HILL COUNTY,217,44 Years,415,212,203,285,141,144,30,16,14,9,4,5,91,51,40
HILL COUNTY,217,45 Years,429,216,213,307,153,154,29,13,16,10,6,4,83,44,39
HILL COUNTY,217,46 Years,421,208,213,305,145,160,32,16,16,6,3,3,78,44,34
HILL COUNTY,217,47 Years,422,219,203,301,155,146,39,18,21,9,5,4,73,41,32
HILL COUNTY,217,48 Years,384,200,184,277,141,136,31,15,16,7,4,3,69,40,29
HILL COUNTY,217,49 Years,436,217,219,319,166,153,30,14,16,6,1,5,81,36,45
HILL COUNTY,217,50 Years,448,217,231,326,157,169,36,20,16,7,4,3,79,36,43
HILL COUNTY,217,51 Years,446,225,221,340,167,173,33,17,16,6,2,4,67,39,28
HILL COUNTY,217,52 Years,471,237,234,368,183,185,30,12,18,4,2,2,69,40,29
HILL COUNTY,217,53 Years,489,235,254,386,182,204,28,10,18,4,1,3,71,42,29
HILL COUNTY,217,54 Years,513,237,276,399,183,216,32,13,19,10,4,6,72,37,35
HILL COUNTY,217,55 Years,530,271,259,419,218,201,38,17,21,6,2,4,67,34,33
HILL COUNTY,217,56 Years,493,235,258,399,190,209,32,11,21,8,3,5,54,31,23
HILL COUNTY,217,57 Years,502,244,258,410,195,215,32,16,16,6,3,3,54,30,24
HILL COUNTY,217,58 Years,510,245,265,417,197,220,28,14,14,10,4,6,55,30,25
HILL COUNTY,217,59 Years,483,224,259,405,179,226,23,11,12,8,4,4,47,30,17
HILL COUNTY,217,60 Years,519,251,268,442,210,232,28,15,13,7,2,5,42,24,18
HILL COUNTY,217,61 Years,505,250,255,433,216,217,26,13,13,6,1,5,40,20,20
HILL COUNTY,217,62 Years,467,238,229,404,206,198,22,12,10,9,2,7,32,18,14
HILL COUNTY,217,63 Years,469,226,243,405,197,208,29,13,16,9,1,8,26,15,11
HILL COUNTY,217,64 Years,481,226,255,398,189,209,32,12,20,5,1,4,46,24,22
HILL COUNTY,217,65 Years,517,250,267,436,210,226,29,13,16,6,2,4,46,25,21
HILL COUNTY,217,66 Years,490,227,263,419,192,227,22,10,12,6,2,4,43,23,20
HILL COUNTY,217,67 Years,496,240,256,437,210,227,18,9,9,8,3,5,33,18,15
HILL COUNTY,217,68 Years,503,247,256,447,212,235,14,8,6,10,7,3,32,20,12
HILL COUNTY,217,69 Years,406,207,199,353,180,173,19,8,11,5,3,2,29,16,13
HILL COUNTY,217,70 Years,426,204,222,372,179,193,20,8,12,6,3,3,28,14,14
HILL COUNTY,217,71 Years,429,220,209,389,199,190,12,5,7,6,3,3,22,13,9
HILL COUNTY,217,72 Years,405,205,200,372,189,183,12,5,7,5,2,3,16,9,7
HILL COUNTY,217,73 Years,363,192,171,323,172,151,17,8,9,7,4,3,16,8,8
HILL COUNTY,217,74 Years,349,179,170,311,159,152,15,7,8,5,3,2,18,10,8
HILL COUNTY,217,75 Years,338,159,179,293,140,153,19,7,12,6,3,3,20,9,11
HILL COUNTY,217,76 Years,294,145,149,262,132,130,11,3,8,7,4,3,14,6,8
HILL COUNTY,217,77 Years,290,147,143,258,131,127,13,4,9,4,3,1,15,9,6
HILL COUNTY,217,78 Years,248,120,128,221,108,113,12,4,8,3,2,1,12,6,6
HILL COUNTY,217,79 Years,200,102,98,177,89,88,9,4,5,6,3,3,8,6,2
HILL COUNTY,217,80 Years,211,99,112,189,87,102,9,5,4,4,1,3,9,6,3
HILL COUNTY,217,81 Years,218,97,121,193,85,108,12,5,7,2,2,0,11,5,6
HILL COUNTY,217,82 Years,177,81,96,158,74,84,9,2,7,2,2,0,8,3,5
HILL COUNTY,217,83 Years,164,70,94,144,61,83,9,3,6,4,2,2,7,4,3
HILL COUNTY,217,84 Years,151,69,82,136,62,74,9,4,5,1,1,0,5,2,3
HILL COUNTY,217,85 Years +,790,299,491,709,267,442,35,12,23,10,4,6,36,16,20
HOCKLEY COUNTY,219,All Ages,23600,11789,11811,11437,5665,5772,921,453,468,397,205,192,10845,5466,5379
HOCKLEY COUNTY,219,< 1 Year,349,170,179,107,54,53,16,2,14,9,3,6,217,111,106
HOCKLEY COUNTY,219,1 Years,341,175,166,107,58,49,16,5,11,10,4,6,208,108,100
HOCKLEY COUNTY,219,2 Years,352,186,166,108,59,49,20,7,13,11,6,5,213,114,99
HOCKLEY COUNTY,219,3 Years,355,193,162,106,59,47,20,12,8,10,7,3,219,115,104
HOCKLEY COUNTY,219,4 Years,366,190,176,106,59,47,21,10,11,11,7,4,228,114,114
HOCKLEY COUNTY,219,5 Years,339,170,169,101,59,42,20,9,11,11,6,5,207,96,111
HOCKLEY COUNTY,219,6 Years,336,165,171,114,63,51,11,5,6,7,4,3,204,93,111
HOCKLEY COUNTY,219,7 Years,358,169,189,127,60,67,11,3,8,10,5,5,210,101,109
HOCKLEY COUNTY,219,8 Years,341,171,170,113,58,55,13,5,8,9,4,5,206,104,102
HOCKLEY COUNTY,219,9 Years,341,173,168,116,66,50,9,2,7,8,4,4,208,101,107
HOCKLEY COUNTY,219,10 Years,335,171,164,122,64,58,9,3,6,6,4,2,198,100,98
HOCKLEY COUNTY,219,11 Years,330,161,169,108,53,55,14,9,5,3,1,2,205,98,107
HOCKLEY COUNTY,219,12 Years,344,173,171,121,56,65,12,5,7,3,0,3,208,112,96
HOCKLEY COUNTY,219,13 Years,338,173,165,133,62,71,11,5,6,6,4,2,188,102,86
HOCKLEY COUNTY,219,14 Years,348,183,165,134,69,65,12,7,5,4,2,2,198,105,93
HOCKLEY COUNTY,219,15 Years,356,179,177,129,67,62,13,8,5,5,3,2,209,101,108
HOCKLEY COUNTY,219,16 Years,363,196,167,137,71,66,15,10,5,7,4,3,204,111,93
HOCKLEY COUNTY,219,17 Years,319,166,153,129,63,66,10,7,3,6,3,3,174,93,81
HOCKLEY COUNTY,219,18 Years,313,149,164,134,65,69,10,7,3,6,3,3,163,74,89
HOCKLEY COUNTY,219,19 Years,286,135,151,118,58,60,8,5,3,6,2,4,154,70,84
HOCKLEY COUNTY,219,20 Years,325,170,155,130,64,66,13,10,3,6,5,1,176,91,85
HOCKLEY COUNTY,219,21 Years,312,167,145,146,80,66,11,7,4,6,4,2,149,76,73
HOCKLEY COUNTY,219,22 Years,357,189,168,162,87,75,13,9,4,5,3,2,177,90,87
HOCKLEY COUNTY,219,23 Years,469,246,223,214,115,99,35,15,20,5,2,3,215,114,101
HOCKLEY COUNTY,219,24 Years,563,283,280,247,129,118,65,30,35,8,4,4,243,120,123
HOCKLEY COUNTY,219,25 Years,548,281,267,251,134,117,56,30,26,11,6,5,230,111,119
HOCKLEY COUNTY,219,26 Years,419,237,182,195,111,84,36,21,15,6,4,2,182,101,81
HOCKLEY COUNTY,219,27 Years,309,163,146,131,67,64,17,10,7,3,3,0,158,83,75
HOCKLEY COUNTY,219,28 Years,292,150,142,132,62,70,9,7,2,5,4,1,146,77,69
HOCKLEY COUNTY,219,29 Years,305,160,145,121,60,61,10,7,3,4,1,3,170,92,78
HOCKLEY COUNTY,219,30 Years,281,150,131,111,63,48,6,2,4,4,0,4,160,85,75
HOCKLEY COUNTY,219,31 Years,293,156,137,107,54,53,12,6,6,3,2,1,171,94,77
HOCKLEY COUNTY,219,32 Years,285,149,136,105,51,54,14,8,6,4,1,3,162,89,73
HOCKLEY COUNTY,219,33 Years,273,142,131,109,55,54,7,4,3,4,1,3,153,82,71
HOCKLEY COUNTY,219,34 Years,270,139,131,118,59,59,5,3,2,7,1,6,140,76,64
HOCKLEY COUNTY,219,35 Years,287,149,138,118,58,60,10,5,5,9,4,5,150,82,68
HOCKLEY COUNTY,219,36 Years,269,132,137,125,61,64,7,5,2,6,4,2,131,62,69
HOCKLEY COUNTY,219,37 Years,240,122,118,110,56,54,8,5,3,2,1,1,120,60,60
HOCKLEY COUNTY,219,38 Years,231,111,120,110,51,59,6,2,4,4,3,1,111,55,56
HOCKLEY COUNTY,219,39 Years,239,118,121,116,59,57,7,2,5,5,3,2,111,54,57
HOCKLEY COUNTY,219,40 Years,232,122,110,119,59,60,6,5,1,4,2,2,103,56,47
HOCKLEY COUNTY,219,41 Years,212,102,110,109,51,58,5,4,1,2,0,2,96,47,49
HOCKLEY COUNTY,219,42 Years,227,104,123,101,45,56,6,1,5,4,3,1,116,55,61
HOCKLEY COUNTY,219,43 Years,257,123,134,136,63,73,3,0,3,3,2,1,115,58,57
HOCKLEY COUNTY,219,44 Years,249,113,136,127,56,71,4,2,2,3,1,2,115,54,61
HOCKLEY COUNTY,219,45 Years,252,121,131,131,67,64,8,3,5,3,1,2,110,50,60
HOCKLEY COUNTY,219,46 Years,239,117,122,131,64,67,4,1,3,3,1,2,101,51,50
HOCKLEY COUNTY,219,47 Years,242,114,128,118,55,63,9,3,6,5,3,2,110,53,57
HOCKLEY COUNTY,219,48 Years,222,101,121,114,51,63,6,4,2,4,2,2,98,44,54
HOCKLEY COUNTY,219,49 Years,262,134,128,141,72,69,10,6,4,5,1,4,106,55,51
HOCKLEY COUNTY,219,50 Years,306,157,149,154,77,77,12,5,7,5,3,2,135,72,63
HOCKLEY COUNTY,219,51 Years,290,142,148,148,74,74,8,4,4,4,1,3,130,63,67
HOCKLEY COUNTY,219,52 Years,308,152,156,157,75,82,10,4,6,3,1,2,138,72,66
HOCKLEY COUNTY,219,53 Years,319,164,155,176,86,90,14,6,8,4,3,1,125,69,56
HOCKLEY COUNTY,219,54 Years,326,138,188,191,87,104,13,4,9,3,2,1,119,45,74
HOCKLEY COUNTY,219,55 Years,321,153,168,197,96,101,10,5,5,2,1,1,112,51,61
HOCKLEY COUNTY,219,56 Years,303,162,141,177,89,88,7,4,3,4,3,1,115,66,49
HOCKLEY COUNTY,219,57 Years,314,161,153,190,93,97,11,3,8,2,2,0,111,63,48
HOCKLEY COUNTY,219,58 Years,290,146,144,165,82,83,14,6,8,4,2,2,107,56,51
HOCKLEY COUNTY,219,59 Years,326,174,152,200,106,94,14,7,7,4,2,2,108,59,49
HOCKLEY COUNTY,219,60 Years,292,158,134,187,99,88,9,6,3,2,0,2,94,53,41
HOCKLEY COUNTY,219,61 Years,290,143,147,181,88,93,9,3,6,4,2,2,96,50,46
HOCKLEY COUNTY,219,62 Years,295,147,148,192,96,96,9,5,4,4,2,2,90,44,46
HOCKLEY COUNTY,219,63 Years,267,135,132,181,91,90,7,3,4,3,2,1,76,39,37
HOCKLEY COUNTY,219,64 Years,249,124,125,159,82,77,8,3,5,3,1,2,79,38,41
HOCKLEY COUNTY,219,65 Years,224,118,106,142,80,62,6,2,4,3,2,1,73,34,39
HOCKLEY COUNTY,219,66 Years,223,108,115,145,74,71,6,3,3,4,3,1,68,28,40
HOCKLEY COUNTY,219,67 Years,213,97,116,138,59,79,3,3,0,4,1,3,68,34,34
HOCKLEY COUNTY,219,68 Years,209,97,112,137,65,72,3,2,1,3,1,2,66,29,37
HOCKLEY COUNTY,219,69 Years,195,92,103,127,64,63,2,1,1,5,2,3,61,25,36
HOCKLEY COUNTY,219,70 Years,179,88,91,112,57,55,3,1,2,3,2,1,61,28,33
HOCKLEY COUNTY,219,71 Years,176,89,87,120,63,57,3,1,2,1,1,0,52,24,28
HOCKLEY COUNTY,219,72 Years,183,85,98,139,66,73,2,1,1,2,0,2,40,18,22
HOCKLEY COUNTY,219,73 Years,161,73,88,116,52,64,3,3,0,3,1,2,39,17,22
HOCKLEY COUNTY,219,74 Years,142,67,75,105,46,59,5,3,2,2,2,0,30,16,14
HOCKLEY COUNTY,219,75 Years,133,60,73,95,45,50,4,1,3,2,2,0,32,12,20
HOCKLEY COUNTY,219,76 Years,117,50,67,83,32,51,5,4,1,1,1,0,28,13,15
HOCKLEY COUNTY,219,77 Years,124,48,76,91,34,57,1,1,0,1,0,1,31,13,18
HOCKLEY COUNTY,219,78 Years,129,61,68,96,44,52,8,4,4,3,2,1,22,11,11
HOCKLEY COUNTY,219,79 Years,125,56,69,91,40,51,6,2,4,5,4,1,23,10,13
HOCKLEY COUNTY,219,80 Years,113,48,65,78,31,47,4,2,2,3,2,1,28,13,15
HOCKLEY COUNTY,219,81 Years,96,47,49,70,34,36,1,1,0,2,1,1,23,11,12
HOCKLEY COUNTY,219,82 Years,89,41,48,69,33,36,0,0,0,2,0,2,18,8,10
HOCKLEY COUNTY,219,83 Years,73,32,41,52,25,27,3,0,3,1,0,1,17,7,10
HOCKLEY COUNTY,219,84 Years,69,28,41,53,22,31,4,2,2,0,0,0,12,4,8
HOCKLEY COUNTY,219,85 Years +,360,135,225,268,96,172,15,5,10,5,3,2,72,31,41
HOOD COUNTY,221,All Ages,55684,27441,28243,47641,23200,24441,245,161,84,1325,633,692,6473,3447,3026
HOOD COUNTY,221,< 1 Year,615,340,275,467,260,207,2,2,0,26,13,13,120,65,55
HOOD COUNTY,221,1 Years,596,319,277,453,244,209,1,1,0,24,13,11,118,61,57
HOOD COUNTY,221,2 Years,563,290,273,434,227,207,3,2,1,19,10,9,107,51,56
HOOD COUNTY,221,3 Years,559,284,275,434,224,210,3,2,1,18,11,7,104,47,57
HOOD COUNTY,221,4 Years,547,289,258,417,221,196,3,2,1,25,18,7,102,48,54
HOOD COUNTY,221,5 Years,542,274,268,411,212,199,0,0,0,23,12,11,108,50,58
HOOD COUNTY,221,6 Years,571,289,282,432,210,222,1,1,0,25,12,13,113,66,47
HOOD COUNTY,221,7 Years,624,299,325,473,226,247,2,1,1,27,11,16,122,61,61
HOOD COUNTY,221,8 Years,645,316,329,489,238,251,1,0,1,28,15,13,127,63,64
HOOD COUNTY,221,9 Years,634,335,299,469,250,219,3,1,2,31,14,17,131,70,61
HOOD COUNTY,221,10 Years,631,338,293,464,244,220,4,2,2,27,13,14,136,79,57
HOOD COUNTY,221,11 Years,636,316,320,469,226,243,2,1,1,22,12,10,143,77,66
HOOD COUNTY,221,12 Years,660,321,339,503,242,261,2,2,0,22,12,10,133,65,68
HOOD COUNTY,221,13 Years,627,317,310,477,247,230,5,2,3,19,7,12,126,61,65
HOOD COUNTY,221,14 Years,636,344,292,477,270,207,3,0,3,22,7,15,134,67,67
HOOD COUNTY,221,15 Years,700,367,333,537,289,248,3,2,1,17,9,8,143,67,76
HOOD COUNTY,221,16 Years,673,351,322,511,271,240,4,2,2,18,7,11,140,71,69
HOOD COUNTY,221,17 Years,659,334,325,510,255,255,3,2,1,20,10,10,126,67,59
HOOD COUNTY,221,18 Years,646,341,305,494,263,231,4,3,1,15,8,7,133,67,66
HOOD COUNTY,221,19 Years,574,318,256,425,238,187,4,2,2,19,10,9,126,68,58
HOOD COUNTY,221,20 Years,572,321,251,426,237,189,7,5,2,15,10,5,124,69,55
HOOD COUNTY,221,21 Years,585,311,274,428,217,211,14,9,5,18,13,5,125,72,53
HOOD COUNTY,221,22 Years,600,316,284,433,218,215,10,8,2,20,10,10,137,80,57
HOOD COUNTY,221,23 Years,579,293,286,422,201,221,5,4,1,20,10,10,132,78,54
HOOD COUNTY,221,24 Years,499,260,239,366,182,184,2,0,2,19,12,7,112,66,46
HOOD COUNTY,221,25 Years,504,257,247,372,177,195,4,2,2,9,5,4,119,73,46
HOOD COUNTY,221,26 Years,492,244,248,366,170,196,3,2,1,11,6,5,112,66,46
HOOD COUNTY,221,27 Years,494,254,240,366,179,187,3,3,0,10,4,6,115,68,47
HOOD COUNTY,221,28 Years,486,243,243,375,179,196,1,1,0,7,2,5,103,61,42
HOOD COUNTY,221,29 Years,433,233,200,328,167,161,3,2,1,12,5,7,90,59,31
HOOD COUNTY,221,30 Years,498,250,248,398,194,204,4,3,1,12,4,8,84,49,35
HOOD COUNTY,221,31 Years,534,263,271,429,208,221,2,1,1,11,5,6,92,49,43
HOOD COUNTY,221,32 Years,547,269,278,439,214,225,3,2,1,14,7,7,91,46,45
HOOD COUNTY,221,33 Years,570,290,280,465,238,227,2,1,1,11,4,7,92,47,45
HOOD COUNTY,221,34 Years,591,301,290,479,240,239,2,1,1,13,6,7,97,54,43
HOOD COUNTY,221,35 Years,566,287,279,447,220,227,1,0,1,13,4,9,105,63,42
HOOD COUNTY,221,36 Years,529,266,263,426,212,214,4,4,0,15,4,11,84,46,38
HOOD COUNTY,221,37 Years,524,282,242,435,230,205,2,2,0,10,5,5,77,45,32
HOOD COUNTY,221,38 Years,518,262,256,430,211,219,3,3,0,11,8,3,74,40,34
HOOD COUNTY,221,39 Years,505,231,274,420,182,238,4,4,0,9,8,1,72,37,35
HOOD COUNTY,221,40 Years,530,251,279,434,205,229,5,3,2,12,7,5,79,36,43
HOOD COUNTY,221,41 Years,530,273,257,452,234,218,2,2,0,7,2,5,69,35,34
HOOD COUNTY,221,42 Years,549,276,273,459,235,224,3,1,2,9,4,5,78,36,42
HOOD COUNTY,221,43 Years,626,287,339,536,246,290,3,2,1,18,7,11,69,32,37
HOOD COUNTY,221,44 Years,627,306,321,550,265,285,5,4,1,13,5,8,59,32,27
HOOD COUNTY,221,45 Years,646,317,329,554,268,286,3,3,0,13,6,7,76,40,36
HOOD COUNTY,221,46 Years,612,285,327,517,237,280,2,2,0,13,8,5,80,38,42
HOOD COUNTY,221,47 Years,596,286,310,506,241,265,1,0,1,9,5,4,80,40,40
HOOD COUNTY,221,48 Years,632,298,334,538,255,283,3,1,2,12,4,8,79,38,41
HOOD COUNTY,221,49 Years,657,329,328,562,287,275,2,1,1,17,5,12,76,36,40
HOOD COUNTY,221,50 Years,723,359,364,625,314,311,3,2,1,18,7,11,77,36,41
HOOD COUNTY,221,51 Years,748,369,379,667,327,340,1,1,0,14,6,8,66,35,31
HOOD COUNTY,221,52 Years,793,386,407,696,338,358,4,3,1,18,9,9,75,36,39
HOOD COUNTY,221,53 Years,811,403,408,716,347,369,3,3,0,27,15,12,65,38,27
HOOD COUNTY,221,54 Years,841,422,419,755,368,387,3,3,0,22,12,10,61,39,22
HOOD COUNTY,221,55 Years,903,430,473,809,382,427,5,1,4,24,12,12,65,35,30
HOOD COUNTY,221,56 Years,877,411,466,793,370,423,3,2,1,22,10,12,59,29,30
HOOD COUNTY,221,57 Years,868,428,440,783,385,398,2,2,0,20,8,12,63,33,30
HOOD COUNTY,221,58 Years,869,412,457,789,369,420,3,2,1,23,8,15,54,33,21
HOOD COUNTY,221,59 Years,897,426,471,809,378,431,6,5,1,25,11,14,57,32,25
HOOD COUNTY,221,60 Years,892,444,448,809,401,408,3,2,1,25,11,14,55,30,25
HOOD COUNTY,221,61 Years,912,456,456,851,427,424,3,2,1,19,11,8,39,16,23
HOOD COUNTY,221,62 Years,910,401,509,855,379,476,4,1,3,19,8,11,32,13,19
HOOD COUNTY,221,63 Years,881,413,468,837,391,446,2,1,1,16,5,11,26,16,10
HOOD COUNTY,221,64 Years,891,418,473,836,386,450,4,2,2,15,5,10,36,25,11
HOOD COUNTY,221,65 Years,960,436,524,907,411,496,4,2,2,14,5,9,35,18,17
HOOD COUNTY,221,66 Years,963,428,535,917,410,507,3,2,1,15,6,9,28,10,18
HOOD COUNTY,221,67 Years,972,462,510,930,441,489,5,3,2,12,6,6,25,12,13
HOOD COUNTY,221,68 Years,959,478,481,921,454,467,4,4,0,10,5,5,24,15,9
HOOD COUNTY,221,69 Years,850,406,444,805,381,424,4,2,2,13,7,6,28,16,12
HOOD COUNTY,221,70 Years,860,413,447,814,392,422,2,0,2,15,7,8,29,14,15
HOOD COUNTY,221,71 Years,834,430,404,797,409,388,2,2,0,14,9,5,21,10,11
HOOD COUNTY,221,72 Years,759,379,380,726,359,367,2,2,0,7,3,4,24,15,9
HOOD COUNTY,221,73 Years,696,337,359,664,316,348,2,1,1,10,6,4,20,14,6
HOOD COUNTY,221,74 Years,665,319,346,634,300,334,2,1,1,11,5,6,18,13,5
HOOD COUNTY,221,75 Years,599,291,308,577,278,299,1,1,0,7,3,4,14,9,5
HOOD COUNTY,221,76 Years,570,287,283,549,274,275,0,0,0,6,2,4,15,11,4
HOOD COUNTY,221,77 Years,514,255,259,495,246,249,0,0,0,7,4,3,12,5,7
HOOD COUNTY,221,78 Years,468,223,245,455,214,241,1,1,0,3,3,0,9,5,4
HOOD COUNTY,221,79 Years,451,212,239,436,204,232,0,0,0,7,3,4,8,5,3
HOOD COUNTY,221,80 Years,397,186,211,386,180,206,0,0,0,4,1,3,7,5,2
HOOD COUNTY,221,81 Years,345,163,182,335,160,175,0,0,0,6,2,4,4,1,3
HOOD COUNTY,221,82 Years,300,136,164,290,133,157,1,1,0,2,1,1,7,1,6
HOOD COUNTY,221,83 Years,266,120,146,256,118,138,0,0,0,4,0,4,6,2,4
HOOD COUNTY,221,84 Years,243,111,132,233,107,126,1,0,1,2,0,2,7,4,3
HOOD COUNTY,221,85 Years +,1228,468,760,1180,445,735,1,1,0,19,8,11,28,14,14
HOPKINS COUNTY,223,All Ages,36502,18218,18284,26263,12841,13422,2583,1267,1316,1135,579,556,6521,3531,2990
HOPKINS COUNTY,223,< 1 Year,468,242,226,292,143,149,29,12,17,23,17,6,124,70,54
HOPKINS COUNTY,223,1 Years,470,243,227,293,145,148,27,12,15,29,21,8,121,65,56
HOPKINS COUNTY,223,2 Years,478,243,235,303,154,149,26,9,17,34,23,11,115,57,58
HOPKINS COUNTY,223,3 Years,487,248,239,302,151,151,28,11,17,40,29,11,117,57,60
HOPKINS COUNTY,223,4 Years,523,267,256,319,159,160,31,14,17,38,24,14,135,70,65
HOPKINS COUNTY,223,5 Years,530,276,254,319,169,150,32,20,12,37,18,19,142,69,73
HOPKINS COUNTY,223,6 Years,506,269,237,278,153,125,39,21,18,37,15,22,152,80,72
HOPKINS COUNTY,223,7 Years,501,266,235,283,155,128,31,16,15,41,19,22,146,76,70
HOPKINS COUNTY,223,8 Years,526,270,256,297,145,152,30,15,15,38,18,20,161,92,69
HOPKINS COUNTY,223,9 Years,530,266,264,300,151,149,36,21,15,42,18,24,152,76,76
HOPKINS COUNTY,223,10 Years,504,253,251,286,142,144,40,22,18,41,19,22,137,70,67
HOPKINS COUNTY,223,11 Years,536,280,256,316,169,147,37,20,17,38,16,22,145,75,70
HOPKINS COUNTY,223,12 Years,517,252,265,314,149,165,31,20,11,32,12,20,140,71,69
HOPKINS COUNTY,223,13 Years,513,257,256,322,161,161,30,18,12,24,11,13,137,67,70
HOPKINS COUNTY,223,14 Years,536,291,245,343,191,152,40,25,15,19,9,10,134,66,68
HOPKINS COUNTY,223,15 Years,514,283,231,324,170,154,38,24,14,22,14,8,130,75,55
HOPKINS COUNTY,223,16 Years,517,267,250,327,162,165,35,21,14,18,12,6,137,72,65
HOPKINS COUNTY,223,17 Years,495,240,255,316,157,159,34,13,21,17,9,8,128,61,67
HOPKINS COUNTY,223,18 Years,485,256,229,307,171,136,41,19,22,13,3,10,124,63,61
HOPKINS COUNTY,223,19 Years,472,245,227,291,163,128,39,18,21,14,5,9,128,59,69
HOPKINS COUNTY,223,20 Years,478,246,232,291,156,135,34,13,21,14,8,6,139,69,70
HOPKINS COUNTY,223,21 Years,506,264,242,307,156,151,38,18,20,19,13,6,142,77,65
HOPKINS COUNTY,223,22 Years,499,257,242,321,167,154,35,17,18,15,6,9,128,67,61
HOPKINS COUNTY,223,23 Years,495,252,243,312,151,161,46,24,22,17,8,9,120,69,51
HOPKINS COUNTY,223,24 Years,493,253,240,333,161,172,38,20,18,10,7,3,112,65,47
HOPKINS COUNTY,223,25 Years,450,227,223,299,145,154,34,15,19,7,6,1,110,61,49
HOPKINS COUNTY,223,26 Years,435,230,205,293,152,141,24,12,12,5,4,1,113,62,51
HOPKINS COUNTY,223,27 Years,474,243,231,329,158,171,21,11,10,7,5,2,117,69,48
HOPKINS COUNTY,223,28 Years,447,220,227,316,153,163,20,11,9,8,3,5,103,53,50
HOPKINS COUNTY,223,29 Years,427,233,194,300,156,144,22,13,9,14,6,8,91,58,33
HOPKINS COUNTY,223,30 Years,408,213,195,271,134,137,23,13,10,9,5,4,105,61,44
HOPKINS COUNTY,223,31 Years,375,192,183,247,127,120,28,13,15,6,3,3,94,49,45
HOPKINS COUNTY,223,32 Years,390,194,196,260,128,132,28,14,14,10,4,6,92,48,44
HOPKINS COUNTY,223,33 Years,374,198,176,256,127,129,25,13,12,8,4,4,85,54,31
HOPKINS COUNTY,223,34 Years,386,202,184,255,127,128,29,17,12,13,6,7,89,52,37
HOPKINS COUNTY,223,35 Years,401,214,187,267,141,126,28,14,14,13,8,5,93,51,42
HOPKINS COUNTY,223,36 Years,379,188,191,267,128,139,26,11,15,9,5,4,77,44,33
HOPKINS COUNTY,223,37 Years,381,198,183,263,133,130,27,15,12,11,6,5,80,44,36
HOPKINS COUNTY,223,38 Years,388,197,191,265,129,136,23,12,11,11,7,4,89,49,40
HOPKINS COUNTY,223,39 Years,390,193,197,261,132,129,28,11,17,8,6,2,93,44,49
HOPKINS COUNTY,223,40 Years,405,193,212,287,141,146,26,6,20,7,4,3,85,42,43
HOPKINS COUNTY,223,41 Years,433,200,233,300,139,161,29,12,17,5,2,3,99,47,52
HOPKINS COUNTY,223,42 Years,406,197,209,289,139,150,30,17,13,7,3,4,80,38,42
HOPKINS COUNTY,223,43 Years,450,223,227,332,164,168,34,17,17,10,2,8,74,40,34
HOPKINS COUNTY,223,44 Years,453,222,231,339,167,172,38,19,19,11,4,7,65,32,33
HOPKINS COUNTY,223,45 Years,440,220,220,334,163,171,27,14,13,12,7,5,67,36,31
HOPKINS COUNTY,223,46 Years,459,227,232,341,159,182,34,14,20,13,6,7,71,48,23
HOPKINS COUNTY,223,47 Years,464,222,242,354,161,193,34,16,18,11,5,6,65,40,25
HOPKINS COUNTY,223,48 Years,402,202,200,292,146,146,36,21,15,9,3,6,65,32,33
HOPKINS COUNTY,223,49 Years,444,216,228,331,157,174,34,21,13,8,2,6,71,36,35
HOPKINS COUNTY,223,50 Years,489,237,252,370,179,191,30,14,16,8,1,7,81,43,38
HOPKINS COUNTY,223,51 Years,503,256,247,370,181,189,31,15,16,11,4,7,91,56,35
HOPKINS COUNTY,223,52 Years,502,275,227,380,201,179,33,14,19,9,5,4,80,55,25
HOPKINS COUNTY,223,53 Years,524,267,257,411,202,209,36,15,21,7,4,3,70,46,24
HOPKINS COUNTY,223,54 Years,506,246,260,383,186,197,46,18,28,12,7,5,65,35,30
HOPKINS COUNTY,223,55 Years,505,252,253,402,196,206,43,21,22,7,3,4,53,32,21
HOPKINS COUNTY,223,56 Years,489,251,238,385,193,192,42,21,21,8,4,4,54,33,21
HOPKINS COUNTY,223,57 Years,484,246,238,384,185,199,37,24,13,13,6,7,50,31,19
HOPKINS COUNTY,223,58 Years,480,249,231,383,189,194,41,27,14,11,6,5,45,27,18
HOPKINS COUNTY,223,59 Years,504,260,244,404,195,209,37,23,14,12,8,4,51,34,17
HOPKINS COUNTY,223,60 Years,488,241,247,408,193,215,40,22,18,7,5,2,33,21,12
HOPKINS COUNTY,223,61 Years,456,227,229,375,175,200,45,27,18,6,4,2,30,21,9
HOPKINS COUNTY,223,62 Years,439,210,229,347,159,188,48,26,22,9,3,6,35,22,13
HOPKINS COUNTY,223,63 Years,431,211,220,350,169,181,44,24,20,9,3,6,28,15,13
HOPKINS COUNTY,223,64 Years,410,195,215,346,166,180,36,16,20,7,2,5,21,11,10
HOPKINS COUNTY,223,65 Years,416,195,221,349,164,185,34,14,20,7,2,5,26,15,11
HOPKINS COUNTY,223,66 Years,442,203,239,383,177,206,32,13,19,9,3,6,18,10,8
HOPKINS COUNTY,223,67 Years,408,185,223,352,163,189,32,11,21,10,5,5,14,6,8
HOPKINS COUNTY,223,68 Years,406,185,221,351,160,191,34,13,21,8,4,4,13,8,5
HOPKINS COUNTY,223,69 Years,349,173,176,301,148,153,29,14,15,4,1,3,15,10,5
HOPKINS COUNTY,223,70 Years,335,171,164,304,156,148,15,6,9,4,1,3,12,8,4
HOPKINS COUNTY,223,71 Years,337,169,168,305,155,150,14,4,10,4,2,2,14,8,6
HOPKINS COUNTY,223,72 Years,328,163,165,288,144,144,20,9,11,7,5,2,13,5,8
HOPKINS COUNTY,223,73 Years,293,133,160,256,111,145,22,11,11,5,4,1,10,7,3
HOPKINS COUNTY,223,74 Years,296,126,170,261,110,151,19,6,13,4,2,2,12,8,4
HOPKINS COUNTY,223,75 Years,251,118,133,217,105,112,20,7,13,2,0,2,12,6,6
HOPKINS COUNTY,223,76 Years,240,118,122,207,103,104,21,8,13,5,4,1,7,3,4
HOPKINS COUNTY,223,77 Years,216,99,117,193,90,103,17,6,11,3,2,1,3,1,2
HOPKINS COUNTY,223,78 Years,210,99,111,195,94,101,11,2,9,0,0,0,4,3,1
HOPKINS COUNTY,223,79 Years,203,92,111,187,84,103,9,5,4,1,0,1,6,3,3
HOPKINS COUNTY,223,80 Years,200,87,113,179,79,100,14,5,9,4,2,2,3,1,2
HOPKINS COUNTY,223,81 Years,187,80,107,167,72,95,12,4,8,2,1,1,6,3,3
HOPKINS COUNTY,223,82 Years,161,69,92,141,60,81,10,3,7,1,0,1,9,6,3
HOPKINS COUNTY,223,83 Years,139,60,79,122,53,69,12,5,7,0,0,0,5,2,3
HOPKINS COUNTY,223,84 Years,122,52,70,111,47,64,8,4,4,1,0,1,2,1,1
HOPKINS COUNTY,223,85 Years +,713,268,445,652,240,412,36,15,21,14,6,8,11,7,4
HOUSTON COUNTY,225,All Ages,23162,12458,10704,14050,7165,6885,6042,3412,2630,503,222,281,2567,1659,908
HOUSTON COUNTY,225,< 1 Year,228,115,113,106,50,56,73,38,35,12,7,5,37,20,17
HOUSTON COUNTY,225,1 Years,233,121,112,101,49,52,72,37,35,15,10,5,45,25,20
HOUSTON COUNTY,225,2 Years,242,126,116,105,51,54,72,36,36,17,11,6,48,28,20
HOUSTON COUNTY,225,3 Years,241,123,118,103,49,54,73,35,38,17,10,7,48,29,19
HOUSTON COUNTY,225,4 Years,253,122,131,108,53,55,78,32,46,17,8,9,50,29,21
HOUSTON COUNTY,225,5 Years,283,143,140,122,74,48,85,33,52,14,3,11,62,33,29
HOUSTON COUNTY,225,6 Years,282,148,134,128,71,57,80,40,40,14,4,10,60,33,27
HOUSTON COUNTY,225,7 Years,248,125,123,116,58,58,64,32,32,15,4,11,53,31,22
HOUSTON COUNTY,225,8 Years,263,135,128,129,64,65,65,38,27,20,7,13,49,26,23
HOUSTON COUNTY,225,9 Years,276,144,132,135,72,63,71,39,32,20,5,15,50,28,22
HOUSTON COUNTY,225,10 Years,269,146,123,143,72,71,62,38,24,15,7,8,49,29,20
HOUSTON COUNTY,225,11 Years,251,133,118,134,74,60,60,30,30,15,7,8,42,22,20
HOUSTON COUNTY,225,12 Years,234,126,108,123,70,53,55,27,28,14,7,7,42,22,20
HOUSTON COUNTY,225,13 Years,239,122,117,130,68,62,56,33,23,12,3,9,41,18,23
HOUSTON COUNTY,225,14 Years,242,117,125,133,68,65,64,31,33,9,4,5,36,14,22
HOUSTON COUNTY,225,15 Years,256,132,124,135,70,65,69,36,33,9,4,5,43,22,21
HOUSTON COUNTY,225,16 Years,257,132,125,140,70,70,78,43,35,6,2,4,33,17,16
HOUSTON COUNTY,225,17 Years,271,135,136,146,74,72,73,40,33,10,4,6,42,17,25
HOUSTON COUNTY,225,18 Years,228,119,109,127,58,69,63,42,21,7,4,3,31,15,16
HOUSTON COUNTY,225,19 Years,231,136,95,132,74,58,60,38,22,4,1,3,35,23,12
HOUSTON COUNTY,225,20 Years,254,156,98,142,84,58,73,50,23,7,3,4,32,19,13
HOUSTON COUNTY,225,21 Years,273,158,115,145,83,62,83,47,36,6,3,3,39,25,14
HOUSTON COUNTY,225,22 Years,303,165,138,148,79,69,109,59,50,5,3,2,41,24,17
HOUSTON COUNTY,225,23 Years,307,187,120,141,81,60,107,69,38,2,2,0,57,35,22
HOUSTON COUNTY,225,24 Years,315,189,126,136,72,64,115,74,41,3,0,3,61,43,18
HOUSTON COUNTY,225,25 Years,265,159,106,117,66,51,99,52,47,3,3,0,46,38,8
HOUSTON COUNTY,225,26 Years,249,145,104,126,69,57,82,44,38,2,2,0,39,30,9
HOUSTON COUNTY,225,27 Years,255,161,94,126,83,43,84,49,35,4,3,1,41,26,15
HOUSTON COUNTY,225,28 Years,257,155,102,122,69,53,82,50,32,4,3,1,49,33,16
HOUSTON COUNTY,225,29 Years,248,157,91,121,78,43,80,48,32,5,2,3,42,29,13
HOUSTON COUNTY,225,30 Years,233,143,90,107,55,52,79,50,29,5,3,2,42,35,7
HOUSTON COUNTY,225,31 Years,247,150,97,126,66,60,77,48,29,3,2,1,41,34,7
HOUSTON COUNTY,225,32 Years,272,166,106,142,80,62,76,50,26,4,0,4,50,36,14
HOUSTON COUNTY,225,33 Years,259,151,108,136,71,65,78,50,28,2,1,1,43,29,14
HOUSTON COUNTY,225,34 Years,259,161,98,138,84,54,74,45,29,4,2,2,43,30,13
HOUSTON COUNTY,225,35 Years,261,147,114,128,72,56,77,42,35,7,2,5,49,31,18
HOUSTON COUNTY,225,36 Years,267,167,100,141,81,60,73,51,22,6,1,5,47,34,13
HOUSTON COUNTY,225,37 Years,244,139,105,120,59,61,74,44,30,5,1,4,45,35,10
HOUSTON COUNTY,225,38 Years,262,162,100,117,67,50,87,53,34,5,2,3,53,40,13
HOUSTON COUNTY,225,39 Years,237,147,90,112,62,50,79,52,27,2,1,1,44,32,12
HOUSTON COUNTY,225,40 Years,270,174,96,142,84,58,82,57,25,5,2,3,41,31,10
HOUSTON COUNTY,225,41 Years,227,131,96,126,61,65,57,37,20,5,3,2,39,30,9
HOUSTON COUNTY,225,42 Years,268,162,106,149,81,68,75,51,24,5,2,3,39,28,11
HOUSTON COUNTY,225,43 Years,289,175,114,145,75,70,100,68,32,3,2,1,41,30,11
HOUSTON COUNTY,225,44 Years,298,182,116,170,96,74,87,54,33,2,1,1,39,31,8
HOUSTON COUNTY,225,45 Years,281,167,114,152,80,72,97,63,34,2,1,1,30,23,7
HOUSTON COUNTY,225,46 Years,293,179,114,170,97,73,83,54,29,7,3,4,33,25,8
HOUSTON COUNTY,225,47 Years,307,200,107,178,107,71,91,65,26,6,3,3,32,25,7
HOUSTON COUNTY,225,48 Years,302,184,118,175,100,75,92,58,34,2,1,1,33,25,8
HOUSTON COUNTY,225,49 Years,320,183,137,177,96,81,107,64,43,3,1,2,33,22,11
HOUSTON COUNTY,225,50 Years,353,218,135,195,111,84,119,77,42,1,1,0,38,29,9
HOUSTON COUNTY,225,51 Years,340,200,140,192,102,90,114,73,41,4,2,2,30,23,7
HOUSTON COUNTY,225,52 Years,358,201,157,219,110,109,109,70,39,3,2,1,27,19,8
HOUSTON COUNTY,225,53 Years,355,196,159,216,107,109,106,65,41,2,2,0,31,22,9
HOUSTON COUNTY,225,54 Years,354,206,148,230,127,103,91,53,38,5,4,1,28,22,6
HOUSTON COUNTY,225,55 Years,364,204,160,247,132,115,88,55,33,3,1,2,26,16,10
HOUSTON COUNTY,225,56 Years,335,181,154,222,111,111,88,55,33,5,2,3,20,13,7
HOUSTON COUNTY,225,57 Years,341,174,167,234,117,117,80,44,36,7,2,5,20,11,9
HOUSTON COUNTY,225,58 Years,328,158,170,225,112,113,80,36,44,7,2,5,16,8,8
HOUSTON COUNTY,225,59 Years,327,170,157,229,121,108,84,42,42,2,1,1,12,6,6
HOUSTON COUNTY,225,60 Years,319,151,168,225,106,119,79,35,44,1,1,0,14,9,5
HOUSTON COUNTY,225,61 Years,307,138,169,215,96,119,74,32,42,3,0,3,15,10,5
HOUSTON COUNTY,225,62 Years,308,146,162,219,104,115,65,30,35,7,1,6,17,11,6
HOUSTON COUNTY,225,63 Years,331,164,167,248,118,130,68,36,32,4,2,2,11,8,3
HOUSTON COUNTY,225,64 Years,295,138,157,222,105,117,60,26,34,2,0,2,11,7,4
HOUSTON COUNTY,225,65 Years,280,137,143,209,103,106,55,23,32,4,3,1,12,8,4
HOUSTON COUNTY,225,66 Years,299,144,155,238,116,122,53,24,29,3,1,2,5,3,2
HOUSTON COUNTY,225,67 Years,315,144,171,247,110,137,58,31,27,5,0,5,5,3,2
HOUSTON COUNTY,225,68 Years,311,142,169,254,113,141,49,24,25,4,1,3,4,4,0
HOUSTON COUNTY,225,69 Years,291,141,150,235,113,122,46,20,26,2,1,1,8,7,1
HOUSTON COUNTY,225,70 Years,295,140,155,236,111,125,49,23,26,2,1,1,8,5,3
HOUSTON COUNTY,225,71 Years,261,126,135,217,103,114,39,19,20,1,0,1,4,4,0
HOUSTON COUNTY,225,72 Years,268,130,138,223,108,115,39,18,21,2,2,0,4,2,2
HOUSTON COUNTY,225,73 Years,265,121,144,222,104,118,37,16,21,2,0,2,4,1,3
HOUSTON COUNTY,225,74 Years,248,125,123,206,103,103,36,19,17,2,1,1,4,2,2
HOUSTON COUNTY,225,75 Years,226,112,114,191,94,97,31,16,15,2,1,1,2,1,1
HOUSTON COUNTY,225,76 Years,209,94,115,172,75,97,31,16,15,4,3,1,2,0,2
HOUSTON COUNTY,225,77 Years,181,88,93,153,75,78,25,12,13,2,1,1,1,0,1
HOUSTON COUNTY,225,78 Years,164,75,89,134,61,73,22,11,11,4,1,3,4,2,2
HOUSTON COUNTY,225,79 Years,155,71,84,123,54,69,28,15,13,3,1,2,1,1,0
HOUSTON COUNTY,225,80 Years,162,85,77,130,65,65,26,16,10,3,2,1,3,2,1
HOUSTON COUNTY,225,81 Years,133,64,69,101,48,53,26,12,14,1,1,0,5,3,2
HOUSTON COUNTY,225,82 Years,124,61,63,99,49,50,18,8,10,3,2,1,4,2,2
HOUSTON COUNTY,225,83 Years,107,49,58,92,41,51,12,5,7,1,1,0,2,2,0
HOUSTON COUNTY,225,84 Years,97,43,54,81,35,46,13,6,7,1,1,0,2,1,1
HOUSTON COUNTY,225,85 Years +,607,219,388,478,178,300,112,33,79,10,5,5,7,3,4
HOWARD COUNTY,227,All Ages,36851,20813,16038,19066,10277,8789,2259,1633,626,988,568,420,14538,8335,6203
HOWARD COUNTY,227,< 1 Year,457,248,209,176,95,81,23,15,8,11,6,5,247,132,115
HOWARD COUNTY,227,1 Years,448,235,213,176,93,83,18,10,8,11,5,6,243,127,116
HOWARD COUNTY,227,2 Years,442,235,207,183,96,87,16,10,6,7,4,3,236,125,111
HOWARD COUNTY,227,3 Years,403,202,201,160,81,79,13,6,7,5,2,3,225,113,112
HOWARD COUNTY,227,4 Years,413,212,201,162,83,79,15,10,5,9,4,5,227,115,112
HOWARD COUNTY,227,5 Years,423,203,220,159,73,86,18,10,8,18,10,8,228,110,118
HOWARD COUNTY,227,6 Years,470,236,234,182,81,101,21,10,11,24,12,12,243,133,110
HOWARD COUNTY,227,7 Years,445,224,221,181,85,96,14,7,7,21,9,12,229,123,106
HOWARD COUNTY,227,8 Years,479,244,235,199,99,100,15,9,6,20,8,12,245,128,117
HOWARD COUNTY,227,9 Years,482,252,230,180,89,91,19,9,10,26,14,12,257,140,117
HOWARD COUNTY,227,10 Years,479,245,234,187,98,89,28,13,15,28,12,16,236,122,114
HOWARD COUNTY,227,11 Years,432,229,203,157,87,70,32,17,15,22,10,12,221,115,106
HOWARD COUNTY,227,12 Years,424,227,197,166,83,83,32,20,12,17,10,7,209,114,95
HOWARD COUNTY,227,13 Years,463,245,218,181,98,83,25,15,10,13,7,6,244,125,119
HOWARD COUNTY,227,14 Years,452,231,221,168,80,88,24,17,7,9,4,5,251,130,121
HOWARD COUNTY,227,15 Years,442,226,216,184,86,98,20,12,8,11,6,5,227,122,105
HOWARD COUNTY,227,16 Years,423,215,208,161,77,84,21,10,11,16,6,10,225,122,103
HOWARD COUNTY,227,17 Years,549,314,235,197,104,93,44,33,11,15,6,9,293,171,122
HOWARD COUNTY,227,18 Years,503,280,223,181,105,76,38,22,16,19,12,7,265,141,124
HOWARD COUNTY,227,19 Years,430,233,197,161,85,76,31,24,7,17,12,5,221,112,109
HOWARD COUNTY,227,20 Years,568,383,185,217,133,84,59,51,8,12,7,5,280,192,88
HOWARD COUNTY,227,21 Years,431,226,205,192,100,92,16,9,7,11,6,5,212,111,101
HOWARD COUNTY,227,22 Years,558,352,206,226,129,97,34,25,9,21,12,9,277,186,91
HOWARD COUNTY,227,23 Years,650,385,265,303,174,129,58,41,17,19,14,5,270,156,114
HOWARD COUNTY,227,24 Years,577,321,256,286,149,137,38,21,17,10,8,2,243,143,100
HOWARD COUNTY,227,25 Years,638,380,258,313,187,126,43,35,8,23,13,10,259,145,114
HOWARD COUNTY,227,26 Years,549,343,206,274,165,109,35,29,6,19,14,5,221,135,86
HOWARD COUNTY,227,27 Years,551,300,251,285,148,137,38,32,6,14,13,1,214,107,107
HOWARD COUNTY,227,28 Years,608,361,247,292,162,130,49,43,6,14,8,6,253,148,105
HOWARD COUNTY,227,29 Years,451,266,185,209,118,91,36,31,5,12,7,5,194,110,84
HOWARD COUNTY,227,30 Years,435,243,192,221,125,96,26,16,10,6,4,2,182,98,84
HOWARD COUNTY,227,31 Years,541,378,163,220,138,82,50,45,5,15,13,2,256,182,74
HOWARD COUNTY,227,32 Years,455,278,177,219,140,79,31,24,7,9,5,4,196,109,87
HOWARD COUNTY,227,33 Years,463,285,178,203,125,78,39,26,13,12,6,6,209,128,81
HOWARD COUNTY,227,34 Years,510,305,205,256,144,112,37,29,8,14,9,5,203,123,80
HOWARD COUNTY,227,35 Years,411,220,191,236,125,111,20,13,7,11,6,5,144,76,68
HOWARD COUNTY,227,36 Years,388,230,158,224,137,87,20,14,6,10,7,3,134,72,62
HOWARD COUNTY,227,37 Years,342,187,155,187,104,83,12,7,5,10,3,7,133,73,60
HOWARD COUNTY,227,38 Years,482,299,183,258,144,114,39,33,6,10,6,4,175,116,59
HOWARD COUNTY,227,39 Years,380,218,162,203,117,86,12,6,6,18,8,10,147,87,60
HOWARD COUNTY,227,40 Years,453,255,198,231,129,102,25,19,6,15,9,6,182,98,84
HOWARD COUNTY,227,41 Years,335,176,159,163,85,78,15,9,6,14,6,8,143,76,67
HOWARD COUNTY,227,42 Years,389,230,159,178,98,80,31,26,5,4,1,3,176,105,71
HOWARD COUNTY,227,43 Years,452,288,164,230,144,86,43,36,7,9,7,2,170,101,69
HOWARD COUNTY,227,44 Years,525,336,189,236,147,89,42,30,12,5,4,1,242,155,87
HOWARD COUNTY,227,45 Years,530,341,189,245,150,95,49,43,6,11,7,4,225,141,84
HOWARD COUNTY,227,46 Years,352,178,174,185,90,95,14,8,6,9,4,5,144,76,68
HOWARD COUNTY,227,47 Years,596,432,164,263,171,92,59,55,4,16,13,3,258,193,65
HOWARD COUNTY,227,48 Years,563,365,198,267,163,104,59,52,7,14,6,8,223,144,79
HOWARD COUNTY,227,49 Years,548,349,199,251,143,108,48,33,15,23,16,7,226,157,69
HOWARD COUNTY,227,50 Years,836,646,190,360,252,108,109,101,8,24,17,7,343,276,67
HOWARD COUNTY,227,51 Years,537,306,231,274,130,144,43,30,13,12,7,5,208,139,69
HOWARD COUNTY,227,52 Years,536,325,211,290,158,132,39,29,10,14,11,3,193,127,66
HOWARD COUNTY,227,53 Years,594,382,212,317,183,134,61,49,12,14,11,3,202,139,63
HOWARD COUNTY,227,54 Years,606,380,226,365,205,160,53,46,7,11,8,3,177,121,56
HOWARD COUNTY,227,55 Years,686,460,226,421,262,159,52,45,7,13,11,2,200,142,58
HOWARD COUNTY,227,56 Years,506,282,224,319,176,143,30,21,9,19,12,7,138,73,65
HOWARD COUNTY,227,57 Years,531,332,199,345,204,141,33,26,7,10,5,5,143,97,46
HOWARD COUNTY,227,58 Years,482,244,238,316,149,167,26,16,10,11,6,5,129,73,56
HOWARD COUNTY,227,59 Years,486,278,208,315,181,134,25,19,6,8,4,4,138,74,64
HOWARD COUNTY,227,60 Years,504,280,224,331,194,137,18,13,5,13,9,4,142,64,78
HOWARD COUNTY,227,61 Years,486,246,240,328,166,162,16,6,10,14,9,5,128,65,63
HOWARD COUNTY,227,62 Years,379,209,170,259,147,112,2,1,1,11,6,5,107,55,52
HOWARD COUNTY,227,63 Years,378,179,199,260,121,139,11,5,6,14,7,7,93,46,47
HOWARD COUNTY,227,64 Years,360,189,171,243,129,114,15,9,6,6,3,3,96,48,48
HOWARD COUNTY,227,65 Years,341,175,166,228,114,114,15,10,5,5,2,3,93,49,44
HOWARD COUNTY,227,66 Years,326,171,155,229,124,105,12,6,6,2,0,2,83,41,42
HOWARD COUNTY,227,67 Years,312,160,152,205,100,105,18,11,7,9,8,1,80,41,39
HOWARD COUNTY,227,68 Years,354,201,153,225,125,100,22,15,7,11,9,2,96,52,44
HOWARD COUNTY,227,69 Years,236,117,119,150,77,73,12,6,6,7,3,4,67,31,36
HOWARD COUNTY,227,70 Years,252,122,130,174,84,90,8,4,4,9,5,4,61,29,32
HOWARD COUNTY,227,71 Years,239,113,126,171,83,88,5,2,3,7,2,5,56,26,30
HOWARD COUNTY,227,72 Years,241,109,132,180,81,99,7,4,3,2,0,2,52,24,28
HOWARD COUNTY,227,73 Years,251,125,126,185,92,93,5,2,3,1,0,1,60,31,29
HOWARD COUNTY,227,74 Years,227,108,119,170,82,88,5,2,3,3,1,2,49,23,26
HOWARD COUNTY,227,75 Years,187,79,108,140,60,80,4,1,3,0,0,0,43,18,25
HOWARD COUNTY,227,76 Years,184,77,107,135,58,77,8,3,5,0,0,0,41,16,25
HOWARD COUNTY,227,77 Years,185,84,101,132,62,70,10,4,6,2,0,2,41,18,23
HOWARD COUNTY,227,78 Years,186,82,104,139,60,79,9,4,5,3,1,2,35,17,18
HOWARD COUNTY,227,79 Years,165,74,91,128,57,71,4,3,1,3,0,3,30,14,16
HOWARD COUNTY,227,80 Years,162,76,86,122,56,66,7,3,4,2,0,2,31,17,14
HOWARD COUNTY,227,81 Years,168,72,96,125,51,74,3,2,1,4,2,2,36,17,19
HOWARD COUNTY,227,82 Years,146,52,94,111,41,70,3,0,3,3,2,1,29,9,20
HOWARD COUNTY,227,83 Years,138,61,77,107,50,57,4,3,1,3,1,2,24,7,17
HOWARD COUNTY,227,84 Years,135,68,67,99,49,50,3,2,1,3,1,2,30,16,14
HOWARD COUNTY,227,85 Years +,719,303,416,594,252,342,18,10,8,6,4,2,101,37,64
HUDSPETH COUNTY,229,All Ages,3382,1723,1659,597,327,270,27,20,7,49,19,30,2709,1357,1352
HUDSPETH COUNTY,229,< 1 Year,44,25,19,6,2,4,0,0,0,0,0,0,38,23,15
HUDSPETH COUNTY,229,1 Years,42,24,18,4,2,2,0,0,0,0,0,0,38,22,16
HUDSPETH COUNTY,229,2 Years,40,21,19,3,2,1,0,0,0,0,0,0,37,19,18
HUDSPETH COUNTY,229,3 Years,45,21,24,3,2,1,0,0,0,0,0,0,42,19,23
HUDSPETH COUNTY,229,4 Years,50,24,26,5,2,3,0,0,0,0,0,0,45,22,23
HUDSPETH COUNTY,229,5 Years,52,25,27,5,3,2,0,0,0,1,1,0,46,21,25
HUDSPETH COUNTY,229,6 Years,42,25,17,4,3,1,0,0,0,3,1,2,35,21,14
HUDSPETH COUNTY,229,7 Years,42,26,16,1,1,0,1,1,0,0,0,0,40,24,16
HUDSPETH COUNTY,229,8 Years,43,27,16,3,2,1,0,0,0,2,2,0,38,23,15
HUDSPETH COUNTY,229,9 Years,42,18,24,5,2,3,0,0,0,0,0,0,37,16,21
HUDSPETH COUNTY,229,10 Years,52,19,33,3,1,2,1,0,1,1,0,1,47,18,29
HUDSPETH COUNTY,229,11 Years,53,22,31,6,1,5,2,1,1,0,0,0,45,20,25
HUDSPETH COUNTY,229,12 Years,49,24,25,5,2,3,1,1,0,0,0,0,43,21,22
HUDSPETH COUNTY,229,13 Years,49,20,29,5,0,5,0,0,0,1,0,1,43,20,23
HUDSPETH COUNTY,229,14 Years,47,24,23,8,3,5,0,0,0,0,0,0,39,21,18
HUDSPETH COUNTY,229,15 Years,52,24,28,4,1,3,0,0,0,0,0,0,48,23,25
HUDSPETH COUNTY,229,16 Years,60,31,29,5,1,4,0,0,0,1,1,0,54,29,25
HUDSPETH COUNTY,229,17 Years,50,23,27,4,3,1,0,0,0,1,0,1,45,20,25
HUDSPETH COUNTY,229,18 Years,55,29,26,4,1,3,0,0,0,0,0,0,51,28,23
HUDSPETH COUNTY,229,19 Years,58,28,30,6,2,4,0,0,0,3,1,2,49,25,24
HUDSPETH COUNTY,229,20 Years,57,29,28,3,2,1,2,2,0,2,1,1,50,24,26
HUDSPETH COUNTY,229,21 Years,68,30,38,3,1,2,2,0,2,1,0,1,62,29,33
HUDSPETH COUNTY,229,22 Years,61,26,35,3,1,2,0,0,0,2,0,2,56,25,31
HUDSPETH COUNTY,229,23 Years,48,32,16,2,2,0,1,1,0,1,0,1,44,29,15
HUDSPETH COUNTY,229,24 Years,50,24,26,1,0,1,0,0,0,1,1,0,48,23,25
HUDSPETH COUNTY,229,25 Years,35,20,15,2,2,0,0,0,0,0,0,0,33,18,15
HUDSPETH COUNTY,229,26 Years,30,17,13,1,1,0,0,0,0,0,0,0,29,16,13
HUDSPETH COUNTY,229,27 Years,34,21,13,2,2,0,0,0,0,1,0,1,31,19,12
HUDSPETH COUNTY,229,28 Years,34,18,16,4,3,1,0,0,0,1,0,1,29,15,14
HUDSPETH COUNTY,229,29 Years,25,15,10,3,2,1,0,0,0,1,0,1,21,13,8
HUDSPETH COUNTY,229,30 Years,34,15,19,5,2,3,0,0,0,0,0,0,29,13,16
HUDSPETH COUNTY,229,31 Years,38,18,20,6,2,4,0,0,0,0,0,0,32,16,16
HUDSPETH COUNTY,229,32 Years,30,18,12,3,2,1,0,0,0,0,0,0,27,16,11
HUDSPETH COUNTY,229,33 Years,33,18,15,3,1,2,0,0,0,1,0,1,29,17,12
HUDSPETH COUNTY,229,34 Years,38,23,15,5,4,1,2,2,0,0,0,0,31,17,14
HUDSPETH COUNTY,229,35 Years,28,15,13,3,2,1,0,0,0,0,0,0,25,13,12
HUDSPETH COUNTY,229,36 Years,32,16,16,5,3,2,0,0,0,1,1,0,26,12,14
HUDSPETH COUNTY,229,37 Years,32,15,17,6,3,3,2,2,0,1,1,0,23,9,14
HUDSPETH COUNTY,229,38 Years,39,15,24,8,2,6,2,2,0,1,1,0,28,10,18
HUDSPETH COUNTY,229,39 Years,27,13,14,3,2,1,1,1,0,0,0,0,23,10,13
HUDSPETH COUNTY,229,40 Years,31,13,18,5,4,1,0,0,0,1,1,0,25,8,17
HUDSPETH COUNTY,229,41 Years,29,15,14,4,3,1,0,0,0,0,0,0,25,12,13
HUDSPETH COUNTY,229,42 Years,31,17,14,6,5,1,0,0,0,1,0,1,24,12,12
HUDSPETH COUNTY,229,43 Years,30,20,10,4,3,1,0,0,0,1,1,0,25,16,9
HUDSPETH COUNTY,229,44 Years,31,15,16,2,1,1,0,0,0,0,0,0,29,14,15
HUDSPETH COUNTY,229,45 Years,39,20,19,4,2,2,0,0,0,0,0,0,35,18,17
HUDSPETH COUNTY,229,46 Years,49,23,26,6,2,4,1,0,1,0,0,0,42,21,21
HUDSPETH COUNTY,229,47 Years,40,18,22,5,1,4,1,1,0,0,0,0,34,16,18
HUDSPETH COUNTY,229,48 Years,44,24,20,9,5,4,0,0,0,1,1,0,34,18,16
HUDSPETH COUNTY,229,49 Years,31,17,14,5,3,2,0,0,0,0,0,0,26,14,12
HUDSPETH COUNTY,229,50 Years,37,16,21,7,3,4,0,0,0,0,0,0,30,13,17
HUDSPETH COUNTY,229,51 Years,42,22,20,6,3,3,2,2,0,1,1,0,33,16,17
HUDSPETH COUNTY,229,52 Years,46,23,23,9,6,3,2,0,2,1,0,1,34,17,17
HUDSPETH COUNTY,229,53 Years,52,30,22,12,9,3,0,0,0,1,1,0,39,20,19
HUDSPETH COUNTY,229,54 Years,55,32,23,14,11,3,0,0,0,1,0,1,40,21,19
HUDSPETH COUNTY,229,55 Years,51,26,25,13,7,6,0,0,0,0,0,0,38,19,19
HUDSPETH COUNTY,229,56 Years,49,26,23,13,6,7,0,0,0,0,0,0,36,20,16
HUDSPETH COUNTY,229,57 Years,51,24,27,16,7,9,0,0,0,2,0,2,33,17,16
HUDSPETH COUNTY,229,58 Years,50,22,28,15,7,8,0,0,0,3,1,2,32,14,18
HUDSPETH COUNTY,229,59 Years,54,25,29,20,11,9,0,0,0,0,0,0,34,14,20
HUDSPETH COUNTY,229,60 Years,46,20,26,18,10,8,0,0,0,0,0,0,28,10,18
HUDSPETH COUNTY,229,61 Years,46,25,21,13,9,4,0,0,0,0,0,0,33,16,17
HUDSPETH COUNTY,229,62 Years,44,20,24,12,7,5,0,0,0,0,0,0,32,13,19
HUDSPETH COUNTY,229,63 Years,37,20,17,12,7,5,0,0,0,1,1,0,24,12,12
HUDSPETH COUNTY,229,64 Years,36,18,18,10,8,2,0,0,0,2,0,2,24,10,14
HUDSPETH COUNTY,229,65 Years,38,18,20,14,8,6,0,0,0,1,0,1,23,10,13
HUDSPETH COUNTY,229,66 Years,37,21,16,9,6,3,1,1,0,0,0,0,27,14,13
HUDSPETH COUNTY,229,67 Years,39,18,21,11,7,4,1,1,0,0,0,0,27,10,17
HUDSPETH COUNTY,229,68 Years,39,21,18,16,10,6,0,0,0,2,0,2,21,11,10
HUDSPETH COUNTY,229,69 Years,32,19,13,11,7,4,0,0,0,1,0,1,20,12,8
HUDSPETH COUNTY,229,70 Years,37,23,14,8,7,1,1,1,0,0,0,0,28,15,13
HUDSPETH COUNTY,229,71 Years,31,18,13,9,4,5,0,0,0,0,0,0,22,14,8
HUDSPETH COUNTY,229,72 Years,27,19,8,9,5,4,0,0,0,0,0,0,18,14,4
HUDSPETH COUNTY,229,73 Years,26,12,14,11,4,7,1,1,0,0,0,0,14,7,7
HUDSPETH COUNTY,229,74 Years,33,17,16,15,8,7,0,0,0,0,0,0,18,9,9
HUDSPETH COUNTY,229,75 Years,34,17,17,16,10,6,0,0,0,0,0,0,18,7,11
HUDSPETH COUNTY,229,76 Years,24,14,10,12,9,3,0,0,0,0,0,0,12,5,7
HUDSPETH COUNTY,229,77 Years,23,12,11,8,6,2,0,0,0,0,0,0,15,6,9
HUDSPETH COUNTY,229,78 Years,19,12,7,5,3,2,0,0,0,1,0,1,13,9,4
HUDSPETH COUNTY,229,79 Years,20,12,8,5,2,3,0,0,0,0,0,0,15,10,5
HUDSPETH COUNTY,229,80 Years,15,6,9,3,0,3,0,0,0,0,0,0,12,6,6
HUDSPETH COUNTY,229,81 Years,13,6,7,3,1,2,0,0,0,1,1,0,9,4,5
HUDSPETH COUNTY,229,82 Years,18,6,12,7,2,5,0,0,0,0,0,0,11,4,7
HUDSPETH COUNTY,229,83 Years,15,8,7,5,2,3,0,0,0,0,0,0,10,6,4
HUDSPETH COUNTY,229,84 Years,12,5,7,3,1,2,0,0,0,0,0,0,9,4,5
HUDSPETH COUNTY,229,85 Years +,59,30,29,17,10,7,0,0,0,0,0,0,42,20,22
HUNT COUNTY,231,All Ages,90112,44200,45912,63659,30829,32830,7404,3528,3876,3929,1914,2015,15120,7929,7191
HUNT COUNTY,231,< 1 Year,1087,544,543,610,310,300,82,41,41,80,36,44,315,157,158
HUNT COUNTY,231,1 Years,1091,547,544,612,320,292,90,43,47,80,34,46,309,150,159
HUNT COUNTY,231,2 Years,1088,550,538,619,323,296,95,45,50,81,36,45,293,146,147
HUNT COUNTY,231,3 Years,1071,549,522,616,321,295,93,45,48,78,40,38,284,143,141
HUNT COUNTY,231,4 Years,1107,567,540,635,322,313,99,49,50,78,40,38,295,156,139
HUNT COUNTY,231,5 Years,1109,569,540,630,321,309,102,51,51,76,41,35,301,156,145
HUNT COUNTY,231,6 Years,1115,582,533,655,336,319,89,49,40,71,40,31,300,157,143
HUNT COUNTY,231,7 Years,1200,619,581,682,347,335,103,54,49,78,44,34,337,174,163
HUNT COUNTY,231,8 Years,1211,639,572,714,376,338,92,51,41,73,38,35,332,174,158
HUNT COUNTY,231,9 Years,1274,666,608,758,400,358,106,51,55,67,37,30,343,178,165
HUNT COUNTY,231,10 Years,1220,615,605,715,352,363,106,60,46,65,34,31,334,169,165
HUNT COUNTY,231,11 Years,1257,656,601,754,400,354,103,62,41,62,32,30,338,162,176
HUNT COUNTY,231,12 Years,1317,676,641,791,411,380,118,64,54,62,32,30,346,169,177
HUNT COUNTY,231,13 Years,1368,687,681,823,402,421,120,64,56,68,36,32,357,185,172
HUNT COUNTY,231,14 Years,1344,663,681,806,392,414,104,51,53,67,35,32,367,185,182
HUNT COUNTY,231,15 Years,1354,718,636,806,425,381,120,71,49,78,40,38,350,182,168
HUNT COUNTY,231,16 Years,1352,695,657,830,420,410,105,63,42,78,40,38,339,172,167
HUNT COUNTY,231,17 Years,1380,702,678,838,424,414,140,76,64,74,39,35,328,163,165
HUNT COUNTY,231,18 Years,1450,764,686,855,438,417,185,109,76,71,35,36,339,182,157
HUNT COUNTY,231,19 Years,1537,798,739,897,473,424,218,93,125,77,40,37,345,192,153
HUNT COUNTY,231,20 Years,1379,733,646,841,437,404,178,104,74,70,35,35,290,157,133
HUNT COUNTY,231,21 Years,1426,686,740,867,412,455,188,83,105,79,37,42,292,154,138
HUNT COUNTY,231,22 Years,1466,711,755,888,423,465,166,77,89,103,55,48,309,156,153
HUNT COUNTY,231,23 Years,1458,695,763,944,430,514,130,61,69,112,58,54,272,146,126
HUNT COUNTY,231,24 Years,1376,678,698,842,389,453,169,80,89,118,68,50,247,141,106
HUNT COUNTY,231,25 Years,1280,597,683,807,362,445,160,64,96,81,43,38,232,128,104
HUNT COUNTY,231,26 Years,1216,572,644,764,343,421,140,62,78,69,29,40,243,138,105
HUNT COUNTY,231,27 Years,1029,511,518,636,307,329,111,43,68,67,29,38,215,132,83
HUNT COUNTY,231,28 Years,978,522,456,611,325,286,109,48,61,55,24,31,203,125,78
HUNT COUNTY,231,29 Years,960,528,432,592,328,264,99,46,53,58,28,30,211,126,85
HUNT COUNTY,231,30 Years,959,519,440,611,324,287,84,50,34,44,23,21,220,122,98
HUNT COUNTY,231,31 Years,937,428,509,607,258,349,84,41,43,34,15,19,212,114,98
HUNT COUNTY,231,32 Years,931,459,472,614,290,324,68,41,27,34,15,19,215,113,102
HUNT COUNTY,231,33 Years,901,422,479,573,266,307,77,34,43,28,11,17,223,111,112
HUNT COUNTY,231,34 Years,980,485,495,654,317,337,70,29,41,36,20,16,220,119,101
HUNT COUNTY,231,35 Years,1003,479,524,678,308,370,89,38,51,34,18,16,202,115,87
HUNT COUNTY,231,36 Years,945,449,496,660,310,350,69,29,40,36,20,16,180,90,90
HUNT COUNTY,231,37 Years,971,447,524,661,303,358,88,32,56,43,19,24,179,93,86
HUNT COUNTY,231,38 Years,986,480,506,668,316,352,75,29,46,42,20,22,201,115,86
HUNT COUNTY,231,39 Years,985,487,498,642,310,332,82,39,43,42,20,22,219,118,101
HUNT COUNTY,231,40 Years,992,497,495,637,327,310,84,33,51,44,17,27,227,120,107
HUNT COUNTY,231,41 Years,1010,495,515,674,346,328,84,38,46,40,13,27,212,98,114
HUNT COUNTY,231,42 Years,1070,519,551,748,368,380,86,41,45,39,14,25,197,96,101
HUNT COUNTY,231,43 Years,1104,521,583,801,376,425,88,35,53,39,18,21,176,92,84
HUNT COUNTY,231,44 Years,1084,521,563,786,375,411,78,32,46,39,20,19,181,94,87
HUNT COUNTY,231,45 Years,1129,575,554,831,431,400,86,39,47,35,20,15,177,85,92
HUNT COUNTY,231,46 Years,1120,560,560,846,415,431,67,34,33,30,16,14,177,95,82
HUNT COUNTY,231,47 Years,1108,551,557,831,413,418,71,38,33,35,14,21,171,86,85
HUNT COUNTY,231,48 Years,1114,540,574,830,397,433,87,47,40,39,15,24,158,81,77
HUNT COUNTY,231,49 Years,1170,564,606,874,418,456,101,47,54,42,18,24,153,81,72
HUNT COUNTY,231,50 Years,1261,618,643,961,456,505,116,59,57,47,27,20,137,76,61
HUNT COUNTY,231,51 Years,1321,641,680,1011,476,535,111,59,52,43,22,21,156,84,72
HUNT COUNTY,231,52 Years,1318,623,695,1015,481,534,102,45,57,52,22,30,149,75,74
HUNT COUNTY,231,53 Years,1332,641,691,1059,498,561,79,36,43,49,25,24,145,82,63
HUNT COUNTY,231,54 Years,1343,661,682,1080,532,548,83,35,48,47,21,26,133,73,60
HUNT COUNTY,231,55 Years,1217,630,587,999,518,481,78,38,40,26,11,15,114,63,51
HUNT COUNTY,231,56 Years,1183,595,588,977,490,487,83,42,41,27,12,15,96,51,45
HUNT COUNTY,231,57 Years,1159,568,591,950,458,492,86,42,44,31,15,16,92,53,39
HUNT COUNTY,231,58 Years,1179,574,605,980,470,510,78,39,39,32,17,15,89,48,41
HUNT COUNTY,231,59 Years,1179,598,581,977,490,487,90,42,48,30,17,13,82,49,33
HUNT COUNTY,231,60 Years,1213,613,600,1006,501,505,87,44,43,27,14,13,93,54,39
HUNT COUNTY,231,61 Years,1151,571,580,976,484,492,76,34,42,29,11,18,70,42,28
HUNT COUNTY,231,62 Years,1068,515,553,906,434,472,76,32,44,28,11,17,58,38,20
HUNT COUNTY,231,63 Years,996,479,517,830,396,434,75,35,40,24,7,17,67,41,26
HUNT COUNTY,231,64 Years,986,459,527,824,390,434,68,29,39,28,7,21,66,33,33
HUNT COUNTY,231,65 Years,985,477,508,821,405,416,68,29,39,36,16,20,60,27,33
HUNT COUNTY,231,66 Years,965,467,498,809,396,413,64,30,34,33,16,17,59,25,34
HUNT COUNTY,231,67 Years,976,467,509,827,399,428,64,28,36,30,11,19,55,29,26
HUNT COUNTY,231,68 Years,960,471,489,833,416,417,54,23,31,23,8,15,50,24,26
HUNT COUNTY,231,69 Years,811,382,429,689,321,368,56,27,29,23,12,11,43,22,21
HUNT COUNTY,231,70 Years,800,378,422,693,326,367,45,21,24,25,12,13,37,19,18
HUNT COUNTY,231,71 Years,777,369,408,686,329,357,38,17,21,21,10,11,32,13,19
HUNT COUNTY,231,72 Years,766,344,422,669,313,356,43,15,28,23,8,15,31,8,23
HUNT COUNTY,231,73 Years,733,331,402,652,298,354,31,11,20,20,8,12,30,14,16
HUNT COUNTY,231,74 Years,673,302,371,598,262,336,26,13,13,25,14,11,24,13,11
HUNT COUNTY,231,75 Years,592,270,322,532,239,293,23,11,12,17,11,6,20,9,11
HUNT COUNTY,231,76 Years,570,272,298,511,243,268,27,13,14,15,8,7,17,8,9
HUNT COUNTY,231,77 Years,533,251,282,476,224,252,24,9,15,15,9,6,18,9,9
HUNT COUNTY,231,78 Years,482,224,258,430,198,232,23,9,14,11,7,4,18,10,8
HUNT COUNTY,231,79 Years,482,205,277,424,186,238,28,7,21,9,4,5,21,8,13
HUNT COUNTY,231,80 Years,426,171,255,373,153,220,24,7,17,12,5,7,17,6,11
HUNT COUNTY,231,81 Years,366,135,231,330,123,207,20,6,14,6,2,4,10,4,6
HUNT COUNTY,231,82 Years,330,138,192,301,127,174,17,5,12,3,1,2,9,5,4
HUNT COUNTY,231,83 Years,310,131,179,282,123,159,16,5,11,4,1,3,8,2,6
HUNT COUNTY,231,84 Years,290,122,168,261,110,151,15,5,10,7,4,3,7,3,4
HUNT COUNTY,231,85 Years +,1380,470,910,1247,427,820,72,20,52,20,7,13,41,16,25
HUTCHINSON COUNTY,233,All Ages,21424,10798,10626,15317,7649,7668,527,289,238,880,440,440,4700,2420,2280
HUTCHINSON COUNTY,233,< 1 Year,276,137,139,164,85,79,11,4,7,24,8,16,77,40,37
HUTCHINSON COUNTY,233,1 Years,284,148,136,173,91,82,10,5,5,21,11,10,80,41,39
HUTCHINSON COUNTY,233,2 Years,292,154,138,182,95,87,9,5,4,16,10,6,85,44,41
HUTCHINSON COUNTY,233,3 Years,295,154,141,181,95,86,5,3,2,17,10,7,92,46,46
HUTCHINSON COUNTY,233,4 Years,287,148,139,173,89,84,5,2,3,21,14,7,88,43,45
HUTCHINSON COUNTY,233,5 Years,303,154,149,183,100,83,4,3,1,20,11,9,96,40,56
HUTCHINSON COUNTY,233,6 Years,312,160,152,191,104,87,5,3,2,19,9,10,97,44,53
HUTCHINSON COUNTY,233,7 Years,336,182,154,206,112,94,4,2,2,14,5,9,112,63,49
HUTCHINSON COUNTY,233,8 Years,313,156,157,184,94,90,7,4,3,18,6,12,104,52,52
HUTCHINSON COUNTY,233,9 Years,301,144,157,161,78,83,6,3,3,23,8,15,111,55,56
HUTCHINSON COUNTY,233,10 Years,332,159,173,197,97,100,4,2,2,20,10,10,111,50,61
HUTCHINSON COUNTY,233,11 Years,306,153,153,169,83,86,4,2,2,19,11,8,114,57,57
HUTCHINSON COUNTY,233,12 Years,309,161,148,169,88,81,5,2,3,17,13,4,118,58,60
HUTCHINSON COUNTY,233,13 Years,316,164,152,194,100,94,7,4,3,17,12,5,98,48,50
HUTCHINSON COUNTY,233,14 Years,319,176,143,197,113,84,10,5,5,14,10,4,98,48,50
HUTCHINSON COUNTY,233,15 Years,312,160,152,192,100,92,10,5,5,11,6,5,99,49,50
HUTCHINSON COUNTY,233,16 Years,311,158,153,200,103,97,9,5,4,14,7,7,88,43,45
HUTCHINSON COUNTY,233,17 Years,297,154,143,195,99,96,5,4,1,14,6,8,83,45,38
HUTCHINSON COUNTY,233,18 Years,293,146,147,188,98,90,9,5,4,11,5,6,85,38,47
HUTCHINSON COUNTY,233,19 Years,274,134,140,174,86,88,8,3,5,15,9,6,77,36,41
HUTCHINSON COUNTY,233,20 Years,285,150,135,179,93,86,7,5,2,12,4,8,87,48,39
HUTCHINSON COUNTY,233,21 Years,250,133,117,156,81,75,7,6,1,11,4,7,76,42,34
HUTCHINSON COUNTY,233,22 Years,264,145,119,166,84,82,12,7,5,10,8,2,76,46,30
HUTCHINSON COUNTY,233,23 Years,261,136,125,173,92,81,7,1,6,13,7,6,68,36,32
HUTCHINSON COUNTY,233,24 Years,249,132,117,160,90,70,10,5,5,7,4,3,72,33,39
HUTCHINSON COUNTY,233,25 Years,235,115,120,146,76,70,8,6,2,10,5,5,71,28,43
HUTCHINSON COUNTY,233,26 Years,224,102,122,140,65,75,5,4,1,12,6,6,67,27,40
HUTCHINSON COUNTY,233,27 Years,222,110,112,155,80,75,6,3,3,7,3,4,54,24,30
HUTCHINSON COUNTY,233,28 Years,205,99,106,139,63,76,6,3,3,6,2,4,54,31,23
HUTCHINSON COUNTY,233,29 Years,218,113,105,148,74,74,4,2,2,8,3,5,58,34,24
HUTCHINSON COUNTY,233,30 Years,220,111,109,142,65,77,6,4,2,9,5,4,63,37,26
HUTCHINSON COUNTY,233,31 Years,226,121,105,151,77,74,8,7,1,9,5,4,58,32,26
HUTCHINSON COUNTY,233,32 Years,264,136,128,180,90,90,7,5,2,7,4,3,70,37,33
HUTCHINSON COUNTY,233,33 Years,243,125,118,156,76,80,6,4,2,9,5,4,72,40,32
HUTCHINSON COUNTY,233,34 Years,233,126,107,153,78,75,6,5,1,8,5,3,66,38,28
HUTCHINSON COUNTY,233,35 Years,252,131,121,175,90,85,6,3,3,6,3,3,65,35,30
HUTCHINSON COUNTY,233,36 Years,263,132,131,178,93,85,6,3,3,9,5,4,70,31,39
HUTCHINSON COUNTY,233,37 Years,268,133,135,180,90,90,9,5,4,14,4,10,65,34,31
HUTCHINSON COUNTY,233,38 Years,267,133,134,181,87,94,8,6,2,9,4,5,69,36,33
HUTCHINSON COUNTY,233,39 Years,247,131,116,172,89,83,5,3,2,9,6,3,61,33,28
HUTCHINSON COUNTY,233,40 Years,261,134,127,181,89,92,8,4,4,8,4,4,64,37,27
HUTCHINSON COUNTY,233,41 Years,248,122,126,170,78,92,7,5,2,5,2,3,66,37,29
HUTCHINSON COUNTY,233,42 Years,267,133,134,185,90,95,8,4,4,7,4,3,67,35,32
HUTCHINSON COUNTY,233,43 Years,255,124,131,181,85,96,9,4,5,9,6,3,56,29,27
HUTCHINSON COUNTY,233,44 Years,248,121,127,176,86,90,5,2,3,9,5,4,58,28,30
HUTCHINSON COUNTY,233,45 Years,252,119,133,192,90,102,2,1,1,6,3,3,52,25,27
HUTCHINSON COUNTY,233,46 Years,242,123,119,170,79,91,5,5,0,10,7,3,57,32,25
HUTCHINSON COUNTY,233,47 Years,235,119,116,170,85,85,3,1,2,10,4,6,52,29,23
HUTCHINSON COUNTY,233,48 Years,232,125,107,168,89,79,6,1,5,7,4,3,51,31,20
HUTCHINSON COUNTY,233,49 Years,221,113,108,163,85,78,5,2,3,11,6,5,42,20,22
HUTCHINSON COUNTY,233,50 Years,231,118,113,175,86,89,9,6,3,5,3,2,42,23,19
HUTCHINSON COUNTY,233,51 Years,273,130,143,204,99,105,4,2,2,12,5,7,53,24,29
HUTCHINSON COUNTY,233,52 Years,279,140,139,209,106,103,6,3,3,12,5,7,52,26,26
HUTCHINSON COUNTY,233,53 Years,303,157,146,242,122,120,6,3,3,10,5,5,45,27,18
HUTCHINSON COUNTY,233,54 Years,318,162,156,254,128,126,5,2,3,15,7,8,44,25,19
HUTCHINSON COUNTY,233,55 Years,310,167,143,243,121,122,11,6,5,11,8,3,45,32,13
HUTCHINSON COUNTY,233,56 Years,317,159,158,255,129,126,9,4,5,9,3,6,44,23,21
HUTCHINSON COUNTY,233,57 Years,330,164,166,269,136,133,7,4,3,8,3,5,46,21,25
HUTCHINSON COUNTY,233,58 Years,351,185,166,283,147,136,9,6,3,7,4,3,52,28,24
HUTCHINSON COUNTY,233,59 Years,319,166,153,262,135,127,13,7,6,9,5,4,35,19,16
HUTCHINSON COUNTY,233,60 Years,331,173,158,277,142,135,13,7,6,11,6,5,30,18,12
HUTCHINSON COUNTY,233,61 Years,318,167,151,262,135,127,11,4,7,13,6,7,32,22,10
HUTCHINSON COUNTY,233,62 Years,310,148,162,254,124,130,7,3,4,15,5,10,34,16,18
HUTCHINSON COUNTY,233,63 Years,278,138,140,232,116,116,6,4,2,10,3,7,30,15,15
HUTCHINSON COUNTY,233,64 Years,297,149,148,251,125,126,5,3,2,9,4,5,32,17,15
HUTCHINSON COUNTY,233,65 Years,254,135,119,215,113,102,5,2,3,7,2,5,27,18,9
HUTCHINSON COUNTY,233,66 Years,230,118,112,197,103,94,7,4,3,4,1,3,22,10,12
HUTCHINSON COUNTY,233,67 Years,243,124,119,205,103,102,7,4,3,5,2,3,26,15,11
HUTCHINSON COUNTY,233,68 Years,204,103,101,178,90,88,6,4,2,3,1,2,17,8,9
HUTCHINSON COUNTY,233,69 Years,178,86,92,154,74,80,4,3,1,3,2,1,17,7,10
HUTCHINSON COUNTY,233,70 Years,179,88,91,154,75,79,5,3,2,5,2,3,15,8,7
HUTCHINSON COUNTY,233,71 Years,179,95,84,151,83,68,1,1,0,9,3,6,18,8,10
HUTCHINSON COUNTY,233,72 Years,158,78,80,138,67,71,2,1,1,5,2,3,13,8,5
HUTCHINSON COUNTY,233,73 Years,152,65,87,134,55,79,8,5,3,1,1,0,9,4,5
HUTCHINSON COUNTY,233,74 Years,135,72,63,118,61,57,3,2,1,3,1,2,11,8,3
HUTCHINSON COUNTY,233,75 Years,140,72,68,117,60,57,2,1,1,10,5,5,11,6,5
HUTCHINSON COUNTY,233,76 Years,128,52,76,112,44,68,2,0,2,7,4,3,7,4,3
HUTCHINSON COUNTY,233,77 Years,109,46,63,98,39,59,1,0,1,5,4,1,5,3,2
HUTCHINSON COUNTY,233,78 Years,119,56,63,107,49,58,1,0,1,6,4,2,5,3,2
HUTCHINSON COUNTY,233,79 Years,114,55,59,98,49,49,3,1,2,6,3,3,7,2,5
HUTCHINSON COUNTY,233,80 Years,99,42,57,88,38,50,1,0,1,4,2,2,6,2,4
HUTCHINSON COUNTY,233,81 Years,99,44,55,86,37,49,1,1,0,4,2,2,8,4,4
HUTCHINSON COUNTY,233,82 Years,103,43,60,88,35,53,2,1,1,4,1,3,9,6,3
HUTCHINSON COUNTY,233,83 Years,95,41,54,83,35,48,2,1,1,3,1,2,7,4,3
HUTCHINSON COUNTY,233,84 Years,85,35,50,75,30,45,2,1,1,3,1,2,5,3,2
HUTCHINSON COUNTY,233,85 Years +,431,176,255,390,159,231,7,3,4,15,6,9,19,8,11
IRION COUNTY,235,All Ages,1660,834,826,1203,602,601,11,5,6,25,13,12,421,214,207
IRION COUNTY,235,< 1 Year,17,6,11,14,5,9,0,0,0,0,0,0,3,1,2
IRION COUNTY,235,1 Years,20,6,14,16,5,11,0,0,0,0,0,0,4,1,3
IRION COUNTY,235,2 Years,19,7,12,15,6,9,0,0,0,0,0,0,4,1,3
IRION COUNTY,235,3 Years,24,12,12,18,9,9,0,0,0,0,0,0,6,3,3
IRION COUNTY,235,4 Years,20,10,10,16,9,7,0,0,0,0,0,0,4,1,3
IRION COUNTY,235,5 Years,18,8,10,14,6,8,0,0,0,0,0,0,4,2,2
IRION COUNTY,235,6 Years,15,9,6,10,5,5,0,0,0,1,1,0,4,3,1
IRION COUNTY,235,7 Years,15,8,7,9,6,3,0,0,0,1,0,1,5,2,3
IRION COUNTY,235,8 Years,12,7,5,6,3,3,0,0,0,0,0,0,6,4,2
IRION COUNTY,235,9 Years,12,6,6,8,3,5,0,0,0,0,0,0,4,3,1
IRION COUNTY,235,10 Years,11,5,6,6,2,4,0,0,0,0,0,0,5,3,2
IRION COUNTY,235,11 Years,20,9,11,14,5,9,0,0,0,1,1,0,5,3,2
IRION COUNTY,235,12 Years,18,10,8,9,5,4,1,0,1,0,0,0,8,5,3
IRION COUNTY,235,13 Years,22,15,7,16,11,5,0,0,0,1,0,1,5,4,1
IRION COUNTY,235,14 Years,16,9,7,12,7,5,0,0,0,1,0,1,3,2,1
IRION COUNTY,235,15 Years,22,13,9,15,9,6,0,0,0,1,1,0,6,3,3
IRION COUNTY,235,16 Years,21,9,12,13,5,8,0,0,0,0,0,0,8,4,4
IRION COUNTY,235,17 Years,17,8,9,12,5,7,0,0,0,1,0,1,4,3,1
IRION COUNTY,235,18 Years,26,13,13,16,7,9,0,0,0,0,0,0,10,6,4
IRION COUNTY,235,19 Years,27,15,12,17,10,7,0,0,0,0,0,0,10,5,5
IRION COUNTY,235,20 Years,26,11,15,12,5,7,1,0,1,0,0,0,13,6,7
IRION COUNTY,235,21 Years,26,14,12,15,7,8,1,1,0,0,0,0,10,6,4
IRION COUNTY,235,22 Years,28,14,14,17,8,9,1,1,0,0,0,0,10,5,5
IRION COUNTY,235,23 Years,30,15,15,17,9,8,1,1,0,0,0,0,12,5,7
IRION COUNTY,235,24 Years,20,13,7,11,8,3,1,1,0,0,0,0,8,4,4
IRION COUNTY,235,25 Years,10,8,2,6,6,0,0,0,0,0,0,0,4,2,2
IRION COUNTY,235,26 Years,17,10,7,11,7,4,0,0,0,1,0,1,5,3,2
IRION COUNTY,235,27 Years,10,6,4,7,4,3,0,0,0,0,0,0,3,2,1
IRION COUNTY,235,28 Years,14,6,8,9,5,4,0,0,0,0,0,0,5,1,4
IRION COUNTY,235,29 Years,14,8,6,10,7,3,0,0,0,1,0,1,3,1,2
IRION COUNTY,235,30 Years,17,10,7,12,6,6,0,0,0,1,0,1,4,4,0
IRION COUNTY,235,31 Years,17,10,7,12,7,5,0,0,0,0,0,0,5,3,2
IRION COUNTY,235,32 Years,10,7,3,8,6,2,0,0,0,0,0,0,2,1,1
IRION COUNTY,235,33 Years,8,4,4,7,4,3,0,0,0,0,0,0,1,0,1
IRION COUNTY,235,34 Years,12,7,5,9,5,4,0,0,0,1,1,0,2,1,1
IRION COUNTY,235,35 Years,8,3,5,6,3,3,0,0,0,0,0,0,2,0,2
IRION COUNTY,235,36 Years,11,5,6,8,3,5,0,0,0,0,0,0,3,2,1
IRION COUNTY,235,37 Years,18,8,10,14,6,8,0,0,0,0,0,0,4,2,2
IRION COUNTY,235,38 Years,16,8,8,10,5,5,0,0,0,0,0,0,6,3,3
IRION COUNTY,235,39 Years,13,5,8,7,3,4,0,0,0,1,0,1,5,2,3
IRION COUNTY,235,40 Years,15,8,7,11,7,4,0,0,0,1,1,0,3,0,3
IRION COUNTY,235,41 Years,16,8,8,12,7,5,0,0,0,0,0,0,4,1,3
IRION COUNTY,235,42 Years,19,9,10,16,8,8,0,0,0,0,0,0,3,1,2
IRION COUNTY,235,43 Years,21,13,8,17,11,6,1,0,1,0,0,0,3,2,1
IRION COUNTY,235,44 Years,16,9,7,11,6,5,0,0,0,1,0,1,4,3,1
IRION COUNTY,235,45 Years,22,6,16,18,5,13,0,0,0,0,0,0,4,1,3
IRION COUNTY,235,46 Years,24,8,16,19,6,13,0,0,0,0,0,0,5,2,3
IRION COUNTY,235,47 Years,19,10,9,14,6,8,0,0,0,0,0,0,5,4,1
IRION COUNTY,235,48 Years,20,10,10,13,7,6,0,0,0,0,0,0,7,3,4
IRION COUNTY,235,49 Years,16,10,6,9,6,3,0,0,0,0,0,0,7,4,3
IRION COUNTY,235,50 Years,29,13,16,22,11,11,0,0,0,0,0,0,7,2,5
IRION COUNTY,235,51 Years,28,15,13,20,11,9,0,0,0,0,0,0,8,4,4
IRION COUNTY,235,52 Years,30,17,13,23,12,11,0,0,0,1,0,1,6,5,1
IRION COUNTY,235,53 Years,29,12,17,23,8,15,0,0,0,1,1,0,5,3,2
IRION COUNTY,235,54 Years,29,13,16,22,9,13,0,0,0,2,1,1,5,3,2
IRION COUNTY,235,55 Years,30,19,11,25,16,9,0,0,0,0,0,0,5,3,2
IRION COUNTY,235,56 Years,31,18,13,25,15,10,0,0,0,1,1,0,5,2,3
IRION COUNTY,235,57 Years,33,18,15,27,15,12,0,0,0,1,1,0,5,2,3
IRION COUNTY,235,58 Years,33,13,20,24,12,12,0,0,0,0,0,0,9,1,8
IRION COUNTY,235,59 Years,26,14,12,12,8,4,1,0,1,0,0,0,13,6,7
IRION COUNTY,235,60 Years,18,9,9,13,6,7,0,0,0,0,0,0,5,3,2
IRION COUNTY,235,61 Years,22,9,13,17,5,12,0,0,0,0,0,0,5,4,1
IRION COUNTY,235,62 Years,25,10,15,21,8,13,0,0,0,0,0,0,4,2,2
IRION COUNTY,235,63 Years,20,8,12,17,7,10,0,0,0,0,0,0,3,1,2
IRION COUNTY,235,64 Years,14,9,5,12,8,4,0,0,0,0,0,0,2,1,1
IRION COUNTY,235,65 Years,24,12,12,19,8,11,0,0,0,0,0,0,5,4,1
IRION COUNTY,235,66 Years,22,12,10,19,9,10,0,0,0,0,0,0,3,3,0
IRION COUNTY,235,67 Years,28,17,11,22,14,8,0,0,0,0,0,0,6,3,3
IRION COUNTY,235,68 Years,25,14,11,18,9,9,0,0,0,0,0,0,7,5,2
IRION COUNTY,235,69 Years,16,7,9,9,4,5,0,0,0,1,0,1,6,3,3
IRION COUNTY,235,70 Years,15,3,12,13,3,10,0,0,0,0,0,0,2,0,2
IRION COUNTY,235,71 Years,23,12,11,18,9,9,0,0,0,1,1,0,4,2,2
IRION COUNTY,235,72 Years,19,12,7,15,9,6,1,1,0,1,1,0,2,1,1
IRION COUNTY,235,73 Years,22,13,9,19,12,7,0,0,0,0,0,0,3,1,2
IRION COUNTY,235,74 Years,24,14,10,23,14,9,0,0,0,0,0,0,1,0,1
IRION COUNTY,235,75 Years,15,6,9,13,6,7,1,0,1,0,0,0,1,0,1
IRION COUNTY,235,76 Years,15,6,9,13,6,7,1,0,1,0,0,0,1,0,1
IRION COUNTY,235,77 Years,11,7,4,9,5,4,0,0,0,0,0,0,2,2,0
IRION COUNTY,235,78 Years,9,5,4,4,2,2,0,0,0,0,0,0,5,3,2
IRION COUNTY,235,79 Years,11,5,6,7,3,4,0,0,0,0,0,0,4,2,2
IRION COUNTY,235,80 Years,14,5,9,11,4,7,0,0,0,0,0,0,3,1,2
IRION COUNTY,235,81 Years,13,6,7,9,4,5,0,0,0,0,0,0,4,2,2
IRION COUNTY,235,82 Years,11,7,4,9,6,3,0,0,0,0,0,0,2,1,1
IRION COUNTY,235,83 Years,14,7,7,11,5,6,0,0,0,0,0,0,3,2,1
IRION COUNTY,235,84 Years,10,3,7,8,2,6,0,0,0,0,0,0,2,1,1
IRION COUNTY,235,85 Years +,37,16,21,27,11,16,0,0,0,2,2,0,8,3,5
JACK COUNTY,237,All Ages,9236,5150,4086,7270,3882,3388,331,294,37,138,69,69,1497,905,592
JACK COUNTY,237,< 1 Year,100,58,42,68,38,30,0,0,0,0,0,0,32,20,12
JACK COUNTY,237,1 Years,99,51,48,69,34,35,0,0,0,2,2,0,28,15,13
JACK COUNTY,237,2 Years,94,48,46,68,35,33,0,0,0,3,2,1,23,11,12
JACK COUNTY,237,3 Years,95,46,49,68,34,34,0,0,0,2,1,1,25,11,14
JACK COUNTY,237,4 Years,104,55,49,72,37,35,0,0,0,2,1,1,30,17,13
JACK COUNTY,237,5 Years,101,41,60,65,21,44,3,1,2,2,2,0,31,17,14
JACK COUNTY,237,6 Years,92,44,48,59,25,34,1,0,1,1,0,1,31,19,12
JACK COUNTY,237,7 Years,92,52,40,62,33,29,0,0,0,1,1,0,29,18,11
JACK COUNTY,237,8 Years,103,61,42,71,42,29,1,1,0,4,2,2,27,16,11
JACK COUNTY,237,9 Years,104,59,45,73,42,31,0,0,0,5,4,1,26,13,13
JACK COUNTY,237,10 Years,102,58,44,69,43,26,1,1,0,1,1,0,31,13,18
JACK COUNTY,237,11 Years,103,53,50,73,40,33,2,1,1,1,0,1,27,12,15
JACK COUNTY,237,12 Years,109,52,57,81,38,43,3,2,1,1,1,0,24,11,13
JACK COUNTY,237,13 Years,104,49,55,84,39,45,1,1,0,1,0,1,18,9,9
JACK COUNTY,237,14 Years,111,54,57,89,43,46,2,1,1,1,0,1,19,10,9
JACK COUNTY,237,15 Years,134,72,62,102,54,48,3,2,1,0,0,0,29,16,13
JACK COUNTY,237,16 Years,127,64,63,98,49,49,2,1,1,1,1,0,26,13,13
JACK COUNTY,237,17 Years,118,58,60,91,46,45,0,0,0,2,1,1,25,11,14
JACK COUNTY,237,18 Years,125,63,62,96,49,47,3,1,2,3,0,3,23,13,10
JACK COUNTY,237,19 Years,129,72,57,91,45,46,10,9,1,1,0,1,27,18,9
JACK COUNTY,237,20 Years,132,81,51,91,54,37,6,6,0,4,2,2,31,19,12
JACK COUNTY,237,21 Years,146,97,49,98,64,34,13,13,0,2,2,0,33,18,15
JACK COUNTY,237,22 Years,146,96,50,103,65,38,10,10,0,1,1,0,32,20,12
JACK COUNTY,237,23 Years,147,96,51,98,58,40,11,11,0,2,2,0,36,25,11
JACK COUNTY,237,24 Years,137,90,47,94,57,37,5,5,0,2,1,1,36,27,9
JACK COUNTY,237,25 Years,139,96,43,90,57,33,11,11,0,0,0,0,38,28,10
JACK COUNTY,237,26 Years,132,92,40,81,52,29,5,5,0,2,1,1,44,34,10
JACK COUNTY,237,27 Years,156,103,53,108,68,40,12,12,0,4,3,1,32,20,12
JACK COUNTY,237,28 Years,118,80,38,82,51,31,9,8,1,1,1,0,26,20,6
JACK COUNTY,237,29 Years,133,89,44,88,55,33,14,14,0,0,0,0,31,20,11
JACK COUNTY,237,30 Years,123,86,37,86,58,28,11,11,0,1,0,1,25,17,8
JACK COUNTY,237,31 Years,112,80,32,83,57,26,7,7,0,3,2,1,19,14,5
JACK COUNTY,237,32 Years,109,75,34,73,46,27,12,11,1,2,1,1,22,17,5
JACK COUNTY,237,33 Years,104,69,35,71,44,27,10,9,1,0,0,0,23,16,7
JACK COUNTY,237,34 Years,103,63,40,69,39,30,10,9,1,0,0,0,24,15,9
JACK COUNTY,237,35 Years,89,54,35,62,38,24,6,5,1,2,1,1,19,10,9
JACK COUNTY,237,36 Years,95,60,35,71,43,28,9,8,1,1,0,1,14,9,5
JACK COUNTY,237,37 Years,100,60,40,74,46,28,5,4,1,1,0,1,20,10,10
JACK COUNTY,237,38 Years,98,56,42,73,39,34,3,3,0,2,1,1,20,13,7
JACK COUNTY,237,39 Years,95,56,39,71,39,32,3,3,0,2,1,1,19,13,6
JACK COUNTY,237,40 Years,102,49,53,72,30,42,5,5,0,3,1,2,22,13,9
JACK COUNTY,237,41 Years,119,70,49,84,45,39,7,7,0,0,0,0,28,18,10
JACK COUNTY,237,42 Years,124,71,53,86,45,41,6,6,0,2,1,1,30,19,11
JACK COUNTY,237,43 Years,117,71,46,79,40,39,11,11,0,2,2,0,25,18,7
JACK COUNTY,237,44 Years,121,71,50,93,52,41,5,4,1,3,2,1,20,13,7
JACK COUNTY,237,45 Years,128,76,52,102,61,41,7,7,0,3,2,1,16,6,10
JACK COUNTY,237,46 Years,131,81,50,100,58,42,5,5,0,4,2,2,22,16,6
JACK COUNTY,237,47 Years,146,87,59,113,64,49,9,9,0,1,0,1,23,14,9
JACK COUNTY,237,48 Years,122,74,48,96,55,41,7,7,0,0,0,0,19,12,7
JACK COUNTY,237,49 Years,115,66,49,98,53,45,4,3,1,1,1,0,12,9,3
JACK COUNTY,237,50 Years,130,73,57,109,58,51,5,4,1,2,1,1,14,10,4
JACK COUNTY,237,51 Years,137,81,56,113,64,49,7,6,1,1,0,1,16,11,5
JACK COUNTY,237,52 Years,140,84,56,114,63,51,8,8,0,1,0,1,17,13,4
JACK COUNTY,237,53 Years,147,84,63,124,73,51,3,3,0,3,0,3,17,8,9
JACK COUNTY,237,54 Years,141,71,70,119,61,58,4,3,1,3,1,2,15,6,9
JACK COUNTY,237,55 Years,137,72,65,120,62,58,3,2,1,2,2,0,12,6,6
JACK COUNTY,237,56 Years,129,67,62,112,57,55,3,2,1,3,2,1,11,6,5
JACK COUNTY,237,57 Years,124,69,55,110,60,50,1,1,0,1,0,1,12,8,4
JACK COUNTY,237,58 Years,125,65,60,111,58,53,2,0,2,3,2,1,9,5,4
JACK COUNTY,237,59 Years,137,72,65,125,64,61,2,2,0,3,1,2,7,5,2
JACK COUNTY,237,60 Years,117,61,56,108,57,51,0,0,0,3,0,3,6,4,2
JACK COUNTY,237,61 Years,111,57,54,101,50,51,1,0,1,2,1,1,7,6,1
JACK COUNTY,237,62 Years,137,71,66,126,64,62,2,2,0,2,1,1,7,4,3
JACK COUNTY,237,63 Years,117,59,58,104,50,54,6,5,1,3,2,1,4,2,2
JACK COUNTY,237,64 Years,86,42,44,80,40,40,3,1,2,2,1,1,1,0,1
JACK COUNTY,237,65 Years,90,44,46,86,42,44,2,1,1,1,0,1,1,1,0
JACK COUNTY,237,66 Years,103,48,55,100,45,55,1,1,0,0,0,0,2,2,0
JACK COUNTY,237,67 Years,107,54,53,104,51,53,2,2,0,0,0,0,1,1,0
JACK COUNTY,237,68 Years,104,50,54,102,49,53,1,0,1,0,0,0,1,1,0
JACK COUNTY,237,69 Years,92,49,43,87,48,39,0,0,0,2,1,1,3,0,3
JACK COUNTY,237,70 Years,90,45,45,84,41,43,0,0,0,2,1,1,4,3,1
JACK COUNTY,237,71 Years,80,36,44,77,35,42,0,0,0,1,0,1,2,1,1
JACK COUNTY,237,72 Years,73,30,43,69,29,40,0,0,0,1,0,1,3,1,2
JACK COUNTY,237,73 Years,76,41,35,69,37,32,1,0,1,1,0,1,5,4,1
JACK COUNTY,237,74 Years,77,39,38,72,37,35,0,0,0,3,0,3,2,2,0
JACK COUNTY,237,75 Years,72,35,37,67,32,35,0,0,0,2,1,1,3,2,1
JACK COUNTY,237,76 Years,61,31,30,57,29,28,1,1,0,0,0,0,3,1,2
JACK COUNTY,237,77 Years,62,34,28,59,32,27,0,0,0,0,0,0,3,2,1
JACK COUNTY,237,78 Years,45,17,28,43,17,26,0,0,0,0,0,0,2,0,2
JACK COUNTY,237,79 Years,54,26,28,50,23,27,0,0,0,2,2,0,2,1,1
JACK COUNTY,237,80 Years,55,24,31,51,23,28,0,0,0,2,1,1,2,0,2
JACK COUNTY,237,81 Years,41,17,24,40,17,23,0,0,0,0,0,0,1,0,1
JACK COUNTY,237,82 Years,38,19,19,37,18,19,0,0,0,0,0,0,1,1,0
JACK COUNTY,237,83 Years,34,13,21,27,11,16,1,0,1,1,0,1,5,2,3
JACK COUNTY,237,84 Years,29,10,19,27,10,17,1,0,1,0,0,0,1,0,1
JACK COUNTY,237,85 Years +,153,55,98,148,55,93,1,0,1,1,0,1,3,0,3
JACKSON COUNTY,239,All Ages,14677,7271,7406,8781,4309,4472,1031,481,550,241,122,119,4624,2359,2265
JACKSON COUNTY,239,< 1 Year,217,107,110,92,51,41,15,6,9,6,2,4,104,48,56
JACKSON COUNTY,239,1 Years,210,100,110,92,45,47,16,7,9,5,2,3,97,46,51
JACKSON COUNTY,239,2 Years,206,100,106,92,43,49,19,9,10,6,3,3,89,45,44
JACKSON COUNTY,239,3 Years,197,90,107,87,36,51,17,7,10,5,3,2,88,44,44
JACKSON COUNTY,239,4 Years,200,94,106,85,38,47,18,8,10,8,5,3,89,43,46
JACKSON COUNTY,239,5 Years,218,120,98,98,56,42,21,6,15,6,2,4,93,56,37
JACKSON COUNTY,239,6 Years,210,101,109,94,50,44,17,7,10,6,3,3,93,41,52
JACKSON COUNTY,239,7 Years,210,98,112,85,42,43,21,15,6,8,4,4,96,37,59
JACKSON COUNTY,239,8 Years,202,90,112,83,40,43,16,10,6,5,2,3,98,38,60
JACKSON COUNTY,239,9 Years,211,97,114,95,43,52,15,7,8,5,1,4,96,46,50
JACKSON COUNTY,239,10 Years,201,96,105,91,44,47,15,8,7,4,1,3,91,43,48
JACKSON COUNTY,239,11 Years,201,103,98,94,45,49,15,8,7,4,1,3,88,49,39
JACKSON COUNTY,239,12 Years,197,97,100,90,43,47,18,11,7,3,2,1,86,41,45
JACKSON COUNTY,239,13 Years,184,92,92,97,47,50,18,10,8,1,1,0,68,34,34
JACKSON COUNTY,239,14 Years,203,113,90,99,55,44,12,8,4,1,1,0,91,49,42
JACKSON COUNTY,239,15 Years,218,120,98,103,56,47,13,5,8,4,2,2,98,57,41
JACKSON COUNTY,239,16 Years,180,94,86,100,52,48,10,3,7,1,0,1,69,39,30
JACKSON COUNTY,239,17 Years,198,113,85,109,61,48,17,9,8,1,1,0,71,42,29
JACKSON COUNTY,239,18 Years,214,116,98,110,62,48,17,9,8,2,1,1,85,44,41
JACKSON COUNTY,239,19 Years,184,93,91,93,50,43,13,5,8,3,2,1,75,36,39
JACKSON COUNTY,239,20 Years,167,90,77,87,51,36,14,6,8,5,1,4,61,32,29
JACKSON COUNTY,239,21 Years,164,88,76,84,43,41,18,12,6,4,3,1,58,30,28
JACKSON COUNTY,239,22 Years,192,107,85,99,59,40,20,11,9,3,2,1,70,35,35
JACKSON COUNTY,239,23 Years,210,109,101,114,55,59,18,10,8,4,3,1,74,41,33
JACKSON COUNTY,239,24 Years,199,90,109,111,44,67,16,8,8,6,5,1,66,33,33
JACKSON COUNTY,239,25 Years,165,74,91,85,34,51,12,7,5,4,1,3,64,32,32
JACKSON COUNTY,239,26 Years,155,90,65,89,52,37,10,7,3,3,2,1,53,29,24
JACKSON COUNTY,239,27 Years,154,81,73,84,48,36,11,4,7,4,3,1,55,26,29
JACKSON COUNTY,239,28 Years,154,80,74,89,52,37,9,1,8,2,2,0,54,25,29
JACKSON COUNTY,239,29 Years,168,90,78,93,48,45,9,5,4,1,0,1,65,37,28
JACKSON COUNTY,239,30 Years,156,84,72,83,45,38,7,4,3,2,1,1,64,34,30
JACKSON COUNTY,239,31 Years,158,81,77,94,49,45,9,5,4,3,2,1,52,25,27
JACKSON COUNTY,239,32 Years,183,97,86,105,55,50,11,5,6,3,1,2,64,36,28
JACKSON COUNTY,239,33 Years,171,87,84,99,54,45,12,2,10,3,0,3,57,31,26
JACKSON COUNTY,239,34 Years,171,86,85,95,50,45,11,4,7,0,0,0,65,32,33
JACKSON COUNTY,239,35 Years,167,83,84,92,45,47,8,5,3,1,0,1,66,33,33
JACKSON COUNTY,239,36 Years,172,89,83,101,53,48,14,7,7,0,0,0,57,29,28
JACKSON COUNTY,239,37 Years,162,78,84,98,45,53,12,4,8,2,1,1,50,28,22
JACKSON COUNTY,239,38 Years,144,72,72,81,40,41,9,2,7,2,1,1,52,29,23
JACKSON COUNTY,239,39 Years,131,63,68,81,41,40,6,3,3,0,0,0,44,19,25
JACKSON COUNTY,239,40 Years,151,84,67,89,48,41,6,4,2,2,0,2,54,32,22
JACKSON COUNTY,239,41 Years,149,69,80,81,38,43,9,3,6,1,0,1,58,28,30
JACKSON COUNTY,239,42 Years,164,79,85,95,41,54,9,6,3,2,2,0,58,30,28
JACKSON COUNTY,239,43 Years,170,80,90,109,47,62,6,4,2,3,3,0,52,26,26
JACKSON COUNTY,239,44 Years,157,79,78,102,50,52,10,7,3,2,1,1,43,21,22
JACKSON COUNTY,239,45 Years,145,75,70,89,47,42,9,3,6,3,2,1,44,23,21
JACKSON COUNTY,239,46 Years,153,81,72,95,49,46,8,3,5,2,1,1,48,28,20
JACKSON COUNTY,239,47 Years,159,84,75,99,50,49,11,5,6,3,2,1,46,27,19
JACKSON COUNTY,239,48 Years,145,74,71,95,48,47,11,6,5,1,1,0,38,19,19
JACKSON COUNTY,239,49 Years,176,90,86,113,61,52,9,4,5,3,2,1,51,23,28
JACKSON COUNTY,239,50 Years,200,97,103,119,59,60,11,3,8,3,3,0,67,32,35
JACKSON COUNTY,239,51 Years,204,90,114,125,55,70,19,9,10,4,1,3,56,25,31
JACKSON COUNTY,239,52 Years,201,104,97,129,64,65,17,9,8,2,2,0,53,29,24
JACKSON COUNTY,239,53 Years,204,96,108,136,64,72,9,2,7,2,2,0,57,28,29
JACKSON COUNTY,239,54 Years,222,113,109,149,77,72,13,5,8,4,3,1,56,28,28
JACKSON COUNTY,239,55 Years,199,105,94,137,74,63,12,6,6,2,0,2,48,25,23
JACKSON COUNTY,239,56 Years,204,104,100,146,75,71,16,5,11,0,0,0,42,24,18
JACKSON COUNTY,239,57 Years,225,107,118,156,72,84,14,4,10,3,2,1,52,29,23
JACKSON COUNTY,239,58 Years,202,104,98,132,65,67,13,7,6,4,2,2,53,30,23
JACKSON COUNTY,239,59 Years,212,98,114,148,65,83,11,6,5,2,1,1,51,26,25
JACKSON COUNTY,239,60 Years,222,106,116,156,68,88,18,10,8,1,1,0,47,27,20
JACKSON COUNTY,239,61 Years,210,97,113,145,61,84,16,7,9,3,1,2,46,28,18
JACKSON COUNTY,239,62 Years,203,102,101,143,74,69,15,5,10,3,2,1,42,21,21
JACKSON COUNTY,239,63 Years,193,106,87,134,73,61,17,10,7,3,2,1,39,21,18
JACKSON COUNTY,239,64 Years,197,104,93,133,67,66,19,9,10,5,4,1,40,24,16
JACKSON COUNTY,239,65 Years,174,89,85,121,63,58,16,7,9,3,1,2,34,18,16
JACKSON COUNTY,239,66 Years,141,65,76,95,45,50,16,8,8,3,1,2,27,11,16
JACKSON COUNTY,239,67 Years,145,74,71,108,54,54,9,4,5,3,1,2,25,15,10
JACKSON COUNTY,239,68 Years,148,73,75,114,49,65,10,6,4,3,2,1,21,16,5
JACKSON COUNTY,239,69 Years,148,75,73,109,53,56,8,5,3,1,0,1,30,17,13
JACKSON COUNTY,239,70 Years,129,66,63,96,48,48,8,5,3,2,2,0,23,11,12
JACKSON COUNTY,239,71 Years,136,68,68,99,47,52,9,5,4,1,1,0,27,15,12
JACKSON COUNTY,239,72 Years,141,60,81,108,46,62,7,3,4,1,1,0,25,10,15
JACKSON COUNTY,239,73 Years,128,56,72,107,48,59,3,1,2,3,1,2,15,6,9
JACKSON COUNTY,239,74 Years,125,59,66,101,48,53,5,2,3,3,1,2,16,8,8
JACKSON COUNTY,239,75 Years,111,52,59,86,41,45,7,3,4,1,0,1,17,8,9
JACKSON COUNTY,239,76 Years,101,52,49,76,40,36,6,2,4,2,0,2,17,10,7
JACKSON COUNTY,239,77 Years,97,50,47,75,37,38,3,1,2,1,0,1,18,12,6
JACKSON COUNTY,239,78 Years,86,34,52,68,26,42,2,0,2,1,0,1,15,8,7
JACKSON COUNTY,239,79 Years,91,37,54,70,28,42,3,1,2,1,0,1,17,8,9
JACKSON COUNTY,239,80 Years,77,39,38,56,29,27,5,3,2,2,1,1,14,6,8
JACKSON COUNTY,239,81 Years,78,32,46,55,24,31,7,3,4,3,2,1,13,3,10
JACKSON COUNTY,239,82 Years,81,30,51,61,23,38,7,2,5,2,1,1,11,4,7
JACKSON COUNTY,239,83 Years,72,26,46,57,22,35,4,0,4,2,0,2,9,4,5
JACKSON COUNTY,239,84 Years,70,29,41,56,25,31,5,1,4,1,0,1,8,3,5
JACKSON COUNTY,239,85 Years +,327,124,203,255,99,156,24,7,17,3,0,3,45,18,27
JASPER COUNTY,241,All Ages,34853,17220,17633,25792,12643,13149,5796,2809,2987,1001,489,512,2264,1279,985
JASPER COUNTY,241,< 1 Year,431,216,215,283,142,141,73,34,39,30,18,12,45,22,23
JASPER COUNTY,241,1 Years,429,220,209,276,140,136,73,35,38,35,22,13,45,23,22
JASPER COUNTY,241,2 Years,415,215,200,262,136,126,78,38,40,33,19,14,42,22,20
JASPER COUNTY,241,3 Years,440,226,214,289,145,144,81,40,41,26,15,11,44,26,18
JASPER COUNTY,241,4 Years,455,234,221,293,146,147,87,45,42,33,19,14,42,24,18
JASPER COUNTY,241,5 Years,495,229,266,328,153,175,90,38,52,30,12,18,47,26,21
JASPER COUNTY,241,6 Years,466,224,242,298,142,156,89,46,43,33,13,20,46,23,23
JASPER COUNTY,241,7 Years,473,224,249,313,148,165,89,43,46,31,12,19,40,21,19
JASPER COUNTY,241,8 Years,488,244,244,322,164,158,89,45,44,30,11,19,47,24,23
JASPER COUNTY,241,9 Years,468,239,229,310,164,146,80,40,40,28,11,17,50,24,26
JASPER COUNTY,241,10 Years,496,260,236,320,169,151,89,47,42,32,14,18,55,30,25
JASPER COUNTY,241,11 Years,517,271,246,329,177,152,103,52,51,30,12,18,55,30,25
JASPER COUNTY,241,12 Years,478,244,234,317,167,150,86,41,45,25,10,15,50,26,24
JASPER COUNTY,241,13 Years,465,252,213,309,165,144,88,50,38,21,11,10,47,26,21
JASPER COUNTY,241,14 Years,480,246,234,309,163,146,94,51,43,21,11,10,56,21,35
JASPER COUNTY,241,15 Years,475,236,239,324,164,160,79,46,33,20,7,13,52,19,33
JASPER COUNTY,241,16 Years,449,218,231,308,150,158,92,50,42,13,4,9,36,14,22
JASPER COUNTY,241,17 Years,433,231,202,302,162,140,82,41,41,17,8,9,32,20,12
JASPER COUNTY,241,18 Years,447,238,209,303,163,140,91,49,42,15,6,9,38,20,18
JASPER COUNTY,241,19 Years,430,218,212,269,134,135,97,53,44,17,6,11,47,25,22
JASPER COUNTY,241,20 Years,427,224,203,274,139,135,93,49,44,19,11,8,41,25,16
JASPER COUNTY,241,21 Years,411,218,193,258,137,121,104,56,48,16,7,9,33,18,15
JASPER COUNTY,241,22 Years,451,249,202,291,155,136,103,63,40,13,5,8,44,26,18
JASPER COUNTY,241,23 Years,422,210,212,276,138,138,101,46,55,13,6,7,32,20,12
JASPER COUNTY,241,24 Years,408,212,196,259,125,134,103,60,43,10,4,6,36,23,13
JASPER COUNTY,241,25 Years,395,205,190,262,122,140,88,54,34,7,3,4,38,26,12
JASPER COUNTY,241,26 Years,368,207,161,263,135,128,72,48,24,5,4,1,28,20,8
JASPER COUNTY,241,27 Years,383,205,178,257,127,130,76,41,35,7,6,1,43,31,12
JASPER COUNTY,241,28 Years,346,168,178,249,120,129,60,25,35,4,2,2,33,21,12
JASPER COUNTY,241,29 Years,328,153,175,228,104,124,58,24,34,8,4,4,34,21,13
JASPER COUNTY,241,30 Years,358,171,187,249,117,132,62,24,38,5,2,3,42,28,14
JASPER COUNTY,241,31 Years,358,183,175,251,127,124,65,28,37,4,4,0,38,24,14
JASPER COUNTY,241,32 Years,376,195,181,266,135,131,63,30,33,11,6,5,36,24,12
JASPER COUNTY,241,33 Years,364,187,177,252,129,123,64,30,34,8,4,4,40,24,16
JASPER COUNTY,241,34 Years,391,185,206,278,135,143,71,30,41,6,2,4,36,18,18
JASPER COUNTY,241,35 Years,394,195,199,287,140,147,67,34,33,8,4,4,32,17,15
JASPER COUNTY,241,36 Years,357,186,171,260,132,128,59,36,23,6,3,3,32,15,17
JASPER COUNTY,241,37 Years,357,176,181,246,119,127,72,36,36,4,2,2,35,19,16
JASPER COUNTY,241,38 Years,355,180,175,238,122,116,79,37,42,9,3,6,29,18,11
JASPER COUNTY,241,39 Years,366,198,168,256,142,114,66,30,36,9,2,7,35,24,11
JASPER COUNTY,241,40 Years,379,199,180,264,132,132,64,37,27,11,5,6,40,25,15
JASPER COUNTY,241,41 Years,354,190,164,258,133,125,54,32,22,8,5,3,34,20,14
JASPER COUNTY,241,42 Years,340,176,164,252,129,123,56,29,27,6,4,2,26,14,12
JASPER COUNTY,241,43 Years,385,183,202,292,139,153,54,23,31,8,3,5,31,18,13
JASPER COUNTY,241,44 Years,428,230,198,325,169,156,56,30,26,18,9,9,29,22,7
JASPER COUNTY,241,45 Years,400,190,210,302,138,164,60,27,33,14,9,5,24,16,8
JASPER COUNTY,241,46 Years,423,214,209,333,162,171,59,30,29,10,7,3,21,15,6
JASPER COUNTY,241,47 Years,434,231,203,334,178,156,69,33,36,10,7,3,21,13,8
JASPER COUNTY,241,48 Years,412,197,215,311,149,162,68,30,38,10,6,4,23,12,11
JASPER COUNTY,241,49 Years,421,199,222,322,153,169,67,28,39,10,6,4,22,12,10
JASPER COUNTY,241,50 Years,463,217,246,358,160,198,78,41,37,9,4,5,18,12,6
JASPER COUNTY,241,51 Years,472,227,245,368,171,197,72,37,35,9,4,5,23,15,8
JASPER COUNTY,241,52 Years,492,225,267,388,177,211,78,35,43,8,2,6,18,11,7
JASPER COUNTY,241,53 Years,534,272,262,411,208,203,89,41,48,9,5,4,25,18,7
JASPER COUNTY,241,54 Years,522,259,263,404,207,197,94,36,58,4,3,1,20,13,7
JASPER COUNTY,241,55 Years,518,249,269,404,199,205,93,38,55,6,3,3,15,9,6
JASPER COUNTY,241,56 Years,491,253,238,378,194,184,94,48,46,5,3,2,14,8,6
JASPER COUNTY,241,57 Years,532,250,282,430,201,229,80,35,45,7,4,3,15,10,5
JASPER COUNTY,241,58 Years,550,271,279,427,214,213,97,42,55,11,7,4,15,8,7
JASPER COUNTY,241,59 Years,499,253,246,379,195,184,95,45,50,10,7,3,15,6,9
JASPER COUNTY,241,60 Years,502,245,257,396,197,199,79,32,47,6,4,2,21,12,9
JASPER COUNTY,241,61 Years,519,254,265,422,208,214,80,36,44,5,3,2,12,7,5
JASPER COUNTY,241,62 Years,472,227,245,393,187,206,61,30,31,6,4,2,12,6,6
JASPER COUNTY,241,63 Years,431,212,219,361,179,182,54,26,28,6,2,4,10,5,5
JASPER COUNTY,241,64 Years,454,214,240,381,181,200,54,23,31,9,5,4,10,5,5
JASPER COUNTY,241,65 Years,478,227,251,401,192,209,62,29,33,7,2,5,8,4,4
JASPER COUNTY,241,66 Years,457,208,249,379,167,212,62,31,31,7,4,3,9,6,3
JASPER COUNTY,241,67 Years,448,209,239,379,175,204,54,27,27,8,5,3,7,2,5
JASPER COUNTY,241,68 Years,437,219,218,368,191,177,49,18,31,13,7,6,7,3,4
JASPER COUNTY,241,69 Years,362,177,185,309,156,153,40,15,25,6,3,3,7,3,4
JASPER COUNTY,241,70 Years,368,173,195,318,154,164,39,14,25,3,2,1,8,3,5
JASPER COUNTY,241,71 Years,363,165,198,313,145,168,35,15,20,7,3,4,8,2,6
JASPER COUNTY,241,72 Years,360,182,178,306,153,153,40,21,19,8,4,4,6,4,2
JASPER COUNTY,241,73 Years,310,142,168,271,124,147,33,15,18,4,2,2,2,1,1
JASPER COUNTY,241,74 Years,272,127,145,234,107,127,29,13,16,2,1,1,7,6,1
JASPER COUNTY,241,75 Years,290,129,161,251,114,137,34,13,21,2,0,2,3,2,1
JASPER COUNTY,241,76 Years,278,114,164,238,100,138,34,12,22,3,1,2,3,1,2
JASPER COUNTY,241,77 Years,231,97,134,199,86,113,27,10,17,2,0,2,3,1,2
JASPER COUNTY,241,78 Years,207,95,112,177,80,97,21,7,14,2,2,0,7,6,1
JASPER COUNTY,241,79 Years,215,97,118,190,86,104,19,6,13,2,2,0,4,3,1
JASPER COUNTY,241,80 Years,213,93,120,189,84,105,19,7,12,3,1,2,2,1,1
JASPER COUNTY,241,81 Years,194,88,106,165,79,86,27,9,18,1,0,1,1,0,1
JASPER COUNTY,241,82 Years,168,80,88,149,74,75,16,6,10,1,0,1,2,0,2
JASPER COUNTY,241,83 Years,139,62,77,123,57,66,11,4,7,1,0,1,4,1,3
JASPER COUNTY,241,84 Years,137,62,75,117,55,62,14,5,9,1,1,0,5,1,4
JASPER COUNTY,241,85 Years +,654,245,409,559,210,349,70,23,47,11,3,8,14,9,5
JEFF DAVIS COUNTY,243,All Ages,2238,1120,1118,1351,664,687,13,9,4,45,25,20,829,422,407
JEFF DAVIS COUNTY,243,< 1 Year,21,12,9,2,2,0,0,0,0,0,0,0,19,10,9
JEFF DAVIS COUNTY,243,1 Years,22,8,14,3,0,3,0,0,0,0,0,0,19,8,11
JEFF DAVIS COUNTY,243,2 Years,20,8,12,3,0,3,0,0,0,0,0,0,17,8,9
JEFF DAVIS COUNTY,243,3 Years,26,13,13,4,0,4,0,0,0,0,0,0,22,13,9
JEFF DAVIS COUNTY,243,4 Years,28,14,14,3,0,3,0,0,0,0,0,0,25,14,11
JEFF DAVIS COUNTY,243,5 Years,23,14,9,2,2,0,2,2,0,2,2,0,17,8,9
JEFF DAVIS COUNTY,243,6 Years,17,8,9,5,2,3,0,0,0,0,0,0,12,6,6
JEFF DAVIS COUNTY,243,7 Years,16,7,9,4,1,3,0,0,0,0,0,0,12,6,6
JEFF DAVIS COUNTY,243,8 Years,18,7,11,8,5,3,0,0,0,0,0,0,10,2,8
JEFF DAVIS COUNTY,243,9 Years,17,8,9,8,5,3,0,0,0,0,0,0,9,3,6
JEFF DAVIS COUNTY,243,10 Years,16,9,7,6,5,1,0,0,0,0,0,0,10,4,6
JEFF DAVIS COUNTY,243,11 Years,20,10,10,12,6,6,0,0,0,1,0,1,7,4,3
JEFF DAVIS COUNTY,243,12 Years,19,11,8,7,3,4,0,0,0,0,0,0,12,8,4
JEFF DAVIS COUNTY,243,13 Years,24,11,13,9,5,4,0,0,0,1,0,1,14,6,8
JEFF DAVIS COUNTY,243,14 Years,19,11,8,10,7,3,0,0,0,0,0,0,9,4,5
JEFF DAVIS COUNTY,243,15 Years,20,11,9,12,6,6,0,0,0,0,0,0,8,5,3
JEFF DAVIS COUNTY,243,16 Years,23,10,13,12,4,8,0,0,0,1,1,0,10,5,5
JEFF DAVIS COUNTY,243,17 Years,20,9,11,10,5,5,0,0,0,0,0,0,10,4,6
JEFF DAVIS COUNTY,243,18 Years,19,10,9,8,4,4,0,0,0,0,0,0,11,6,5
JEFF DAVIS COUNTY,243,19 Years,24,12,12,15,7,8,0,0,0,0,0,0,9,5,4
JEFF DAVIS COUNTY,243,20 Years,26,13,13,13,7,6,2,0,2,0,0,0,11,6,5
JEFF DAVIS COUNTY,243,21 Years,35,19,16,17,11,6,2,1,1,1,0,1,15,7,8
JEFF DAVIS COUNTY,243,22 Years,54,33,21,33,19,14,2,2,0,4,3,1,15,9,6
JEFF DAVIS COUNTY,243,23 Years,35,22,13,23,15,8,1,1,0,1,0,1,10,6,4
JEFF DAVIS COUNTY,243,24 Years,14,7,7,7,4,3,0,0,0,0,0,0,7,3,4
JEFF DAVIS COUNTY,243,25 Years,11,8,3,5,5,0,0,0,0,0,0,0,6,3,3
JEFF DAVIS COUNTY,243,26 Years,15,8,7,8,4,4,0,0,0,1,0,1,6,4,2
JEFF DAVIS COUNTY,243,27 Years,15,9,6,6,4,2,0,0,0,0,0,0,9,5,4
JEFF DAVIS COUNTY,243,28 Years,12,7,5,4,3,1,0,0,0,0,0,0,8,4,4
JEFF DAVIS COUNTY,243,29 Years,11,7,4,2,2,0,1,0,1,0,0,0,8,5,3
JEFF DAVIS COUNTY,243,30 Years,11,6,5,3,1,2,0,0,0,1,1,0,7,4,3
JEFF DAVIS COUNTY,243,31 Years,12,6,6,5,2,3,0,0,0,0,0,0,7,4,3
JEFF DAVIS COUNTY,243,32 Years,16,7,9,7,4,3,0,0,0,1,1,0,8,2,6
JEFF DAVIS COUNTY,243,33 Years,15,5,10,6,2,4,0,0,0,0,0,0,9,3,6
JEFF DAVIS COUNTY,243,34 Years,15,6,9,5,2,3,0,0,0,0,0,0,10,4,6
JEFF DAVIS COUNTY,243,35 Years,14,7,7,4,2,2,0,0,0,0,0,0,10,5,5
JEFF DAVIS COUNTY,243,36 Years,14,9,5,4,2,2,1,1,0,0,0,0,9,6,3
JEFF DAVIS COUNTY,243,37 Years,15,7,8,6,2,4,0,0,0,2,0,2,7,5,2
JEFF DAVIS COUNTY,243,38 Years,14,8,6,9,5,4,0,0,0,0,0,0,5,3,2
JEFF DAVIS COUNTY,243,39 Years,14,6,8,10,4,6,0,0,0,0,0,0,4,2,2
JEFF DAVIS COUNTY,243,40 Years,12,4,8,6,2,4,0,0,0,0,0,0,6,2,4
JEFF DAVIS COUNTY,243,41 Years,13,5,8,9,4,5,0,0,0,0,0,0,4,1,3
JEFF DAVIS COUNTY,243,42 Years,19,7,12,12,5,7,0,0,0,0,0,0,7,2,5
JEFF DAVIS COUNTY,243,43 Years,20,8,12,9,4,5,0,0,0,0,0,0,11,4,7
JEFF DAVIS COUNTY,243,44 Years,13,7,6,6,2,4,0,0,0,0,0,0,7,5,2
JEFF DAVIS COUNTY,243,45 Years,25,13,12,11,3,8,0,0,0,1,1,0,13,9,4
JEFF DAVIS COUNTY,243,46 Years,20,9,11,10,3,7,0,0,0,1,1,0,9,5,4
JEFF DAVIS COUNTY,243,47 Years,20,11,9,10,5,5,0,0,0,1,1,0,9,5,4
JEFF DAVIS COUNTY,243,48 Years,17,9,8,10,6,4,0,0,0,0,0,0,7,3,4
JEFF DAVIS COUNTY,243,49 Years,24,10,14,17,6,11,0,0,0,0,0,0,7,4,3
JEFF DAVIS COUNTY,243,50 Years,30,15,15,17,8,9,1,1,0,1,1,0,11,5,6
JEFF DAVIS COUNTY,243,51 Years,34,17,17,23,11,12,0,0,0,1,1,0,10,5,5
JEFF DAVIS COUNTY,243,52 Years,35,17,18,22,11,11,0,0,0,2,0,2,11,6,5
JEFF DAVIS COUNTY,243,53 Years,28,13,15,19,10,9,0,0,0,1,0,1,8,3,5
JEFF DAVIS COUNTY,243,54 Years,35,17,18,19,8,11,0,0,0,1,0,1,15,9,6
JEFF DAVIS COUNTY,243,55 Years,35,19,16,21,12,9,0,0,0,2,1,1,12,6,6
JEFF DAVIS COUNTY,243,56 Years,32,16,16,22,10,12,0,0,0,2,1,1,8,5,3
JEFF DAVIS COUNTY,243,57 Years,39,18,21,27,14,13,0,0,0,1,0,1,11,4,7
JEFF DAVIS COUNTY,243,58 Years,41,21,20,28,13,15,0,0,0,1,1,0,12,7,5
JEFF DAVIS COUNTY,243,59 Years,43,20,23,32,14,18,0,0,0,1,1,0,10,5,5
JEFF DAVIS COUNTY,243,60 Years,49,23,26,41,19,22,1,1,0,0,0,0,7,3,4
JEFF DAVIS COUNTY,243,61 Years,46,21,25,38,17,21,0,0,0,1,1,0,7,3,4
JEFF DAVIS COUNTY,243,62 Years,49,21,28,37,16,21,0,0,0,1,0,1,11,5,6
JEFF DAVIS COUNTY,243,63 Years,52,22,30,41,17,24,0,0,0,1,0,1,10,5,5
JEFF DAVIS COUNTY,243,64 Years,49,25,24,38,20,18,0,0,0,1,0,1,10,5,5
JEFF DAVIS COUNTY,243,65 Years,40,19,21,33,15,18,0,0,0,0,0,0,7,4,3
JEFF DAVIS COUNTY,243,66 Years,51,29,22,42,24,18,0,0,0,1,1,0,8,4,4
JEFF DAVIS COUNTY,243,67 Years,54,30,24,40,21,19,0,0,0,0,0,0,14,9,5
JEFF DAVIS COUNTY,243,68 Years,46,24,22,35,18,17,0,0,0,0,0,0,11,6,5
JEFF DAVIS COUNTY,243,69 Years,37,21,16,29,17,12,0,0,0,0,0,0,8,4,4
JEFF DAVIS COUNTY,243,70 Years,46,22,24,38,19,19,0,0,0,1,0,1,7,3,4
JEFF DAVIS COUNTY,243,71 Years,50,26,24,40,19,21,0,0,0,2,1,1,8,6,2
JEFF DAVIS COUNTY,243,72 Years,36,24,12,26,15,11,0,0,0,2,2,0,8,7,1
JEFF DAVIS COUNTY,243,73 Years,31,14,17,25,9,16,0,0,0,1,1,0,5,4,1
JEFF DAVIS COUNTY,243,74 Years,33,18,15,23,11,12,0,0,0,2,2,0,8,5,3
JEFF DAVIS COUNTY,243,75 Years,33,18,15,25,14,11,0,0,0,0,0,0,8,4,4
JEFF DAVIS COUNTY,243,76 Years,23,14,9,14,8,6,0,0,0,0,0,0,9,6,3
JEFF DAVIS COUNTY,243,77 Years,23,13,10,14,9,5,0,0,0,0,0,0,9,4,5
JEFF DAVIS COUNTY,243,78 Years,22,13,9,15,9,6,0,0,0,0,0,0,7,4,3
JEFF DAVIS COUNTY,243,79 Years,18,6,12,13,4,9,0,0,0,0,0,0,5,2,3
JEFF DAVIS COUNTY,243,80 Years,17,8,9,11,5,6,0,0,0,0,0,0,6,3,3
JEFF DAVIS COUNTY,243,81 Years,15,7,8,11,6,5,0,0,0,0,0,0,4,1,3
JEFF DAVIS COUNTY,243,82 Years,13,6,7,11,6,5,0,0,0,0,0,0,2,0,2
JEFF DAVIS COUNTY,243,83 Years,15,6,9,12,6,6,0,0,0,0,0,0,3,0,3
JEFF DAVIS COUNTY,243,84 Years,16,7,9,11,5,6,0,0,0,0,0,0,5,2,3
JEFF DAVIS COUNTY,243,85 Years +,59,24,35,38,15,23,0,0,0,0,0,0,21,9,12
JEFFERSON COUNTY,245,All Ages,251059,129309,121750,101442,51321,50121,83871,41561,42310,14558,7617,6941,51188,28810,22378
JEFFERSON COUNTY,245,< 1 Year,3584,1850,1734,983,502,481,1276,667,609,277,139,138,1048,542,506
JEFFERSON COUNTY,245,1 Years,3504,1797,1707,961,486,475,1249,645,604,267,137,130,1027,529,498
JEFFERSON COUNTY,245,2 Years,3401,1739,1662,947,484,463,1199,608,591,271,140,131,984,507,477
JEFFERSON COUNTY,245,3 Years,3356,1696,1660,944,477,467,1161,576,585,274,139,135,977,504,473
JEFFERSON COUNTY,245,4 Years,3399,1732,1667,970,496,474,1169,578,591,292,156,136,968,502,466
JEFFERSON COUNTY,245,5 Years,3388,1766,1622,964,529,435,1183,592,591,265,134,131,976,511,465
JEFFERSON COUNTY,245,6 Years,3358,1723,1635,943,504,439,1210,608,602,244,124,120,961,487,474
JEFFERSON COUNTY,245,7 Years,3378,1686,1692,914,464,450,1216,588,628,251,125,126,997,509,488
JEFFERSON COUNTY,245,8 Years,3431,1757,1674,975,504,471,1219,623,596,242,119,123,995,511,484
JEFFERSON COUNTY,245,9 Years,3279,1663,1616,927,476,451,1193,584,609,238,114,124,921,489,432
JEFFERSON COUNTY,245,10 Years,3251,1673,1578,884,466,418,1190,570,620,242,122,120,935,515,420
JEFFERSON COUNTY,245,11 Years,3160,1616,1544,888,470,418,1155,548,607,227,117,110,890,481,409
JEFFERSON COUNTY,245,12 Years,3211,1639,1572,900,454,446,1192,607,585,208,104,104,911,474,437
JEFFERSON COUNTY,245,13 Years,3111,1599,1512,861,427,434,1152,607,545,213,108,105,885,457,428
JEFFERSON COUNTY,245,14 Years,3238,1688,1550,914,454,460,1208,643,565,215,106,109,901,485,416
JEFFERSON COUNTY,245,15 Years,3284,1651,1633,945,457,488,1243,628,615,204,102,102,892,464,428
JEFFERSON COUNTY,245,16 Years,3261,1618,1643,1024,507,517,1200,606,594,220,104,116,817,401,416
JEFFERSON COUNTY,245,17 Years,3340,1656,1684,1105,549,556,1162,562,600,220,113,107,853,432,421
JEFFERSON COUNTY,245,18 Years,3490,1749,1741,1130,563,567,1289,614,675,241,127,114,830,445,385
JEFFERSON COUNTY,245,19 Years,3722,1956,1766,1168,598,570,1464,751,713,227,116,111,863,491,372
JEFFERSON COUNTY,245,20 Years,3859,2059,1800,1188,617,571,1572,817,755,205,111,94,894,514,380
JEFFERSON COUNTY,245,21 Years,3957,2198,1759,1232,660,572,1602,880,722,213,114,99,910,544,366
JEFFERSON COUNTY,245,22 Years,3977,2147,1830,1274,657,617,1550,822,728,258,142,116,895,526,369
JEFFERSON COUNTY,245,23 Years,4171,2239,1932,1394,727,667,1500,773,727,294,153,141,983,586,397
JEFFERSON COUNTY,245,24 Years,4089,2167,1922,1338,667,671,1461,769,692,309,153,156,981,578,403
JEFFERSON COUNTY,245,25 Years,4038,2194,1844,1426,746,680,1296,682,614,307,168,139,1009,598,411
JEFFERSON COUNTY,245,26 Years,3846,2075,1771,1383,719,664,1148,568,580,282,158,124,1033,630,403
JEFFERSON COUNTY,245,27 Years,3812,2139,1673,1390,762,628,1124,580,544,263,156,107,1035,641,394
JEFFERSON COUNTY,245,28 Years,3738,2050,1688,1394,773,621,1058,522,536,246,127,119,1040,628,412
JEFFERSON COUNTY,245,29 Years,3687,2071,1616,1361,764,597,1025,537,488,249,140,109,1052,630,422
JEFFERSON COUNTY,245,30 Years,3616,2038,1578,1343,732,611,999,531,468,226,134,92,1048,641,407
JEFFERSON COUNTY,245,31 Years,3505,1959,1546,1311,726,585,1011,539,472,217,127,90,966,567,399
JEFFERSON COUNTY,245,32 Years,3569,1976,1593,1334,706,628,1053,563,490,193,111,82,989,596,393
JEFFERSON COUNTY,245,33 Years,3341,1867,1474,1218,681,537,1032,564,468,167,92,75,924,530,394
JEFFERSON COUNTY,245,34 Years,3433,1879,1554,1269,703,566,1081,554,527,185,94,91,898,528,370
JEFFERSON COUNTY,245,35 Years,3443,1886,1557,1239,664,575,1111,581,530,208,108,100,885,533,352
JEFFERSON COUNTY,245,36 Years,3206,1757,1449,1126,608,518,1086,565,521,179,100,79,815,484,331
JEFFERSON COUNTY,245,37 Years,3119,1699,1420,1108,612,496,1054,540,514,192,107,85,765,440,325
JEFFERSON COUNTY,245,38 Years,3046,1672,1374,1081,604,477,1045,531,514,193,102,91,727,435,292
JEFFERSON COUNTY,245,39 Years,2983,1656,1327,1056,592,464,1033,554,479,173,86,87,721,424,297
JEFFERSON COUNTY,245,40 Years,2939,1603,1336,1062,583,479,960,494,466,180,94,86,737,432,305
JEFFERSON COUNTY,245,41 Years,2891,1569,1322,1052,564,488,930,487,443,199,105,94,710,413,297
JEFFERSON COUNTY,245,42 Years,2900,1590,1310,1079,610,469,899,459,440,199,104,95,723,417,306
JEFFERSON COUNTY,245,43 Years,3011,1630,1381,1165,646,519,991,511,480,191,86,105,664,387,277
JEFFERSON COUNTY,245,44 Years,3022,1634,1388,1164,632,532,1043,530,513,192,95,97,623,377,246
JEFFERSON COUNTY,245,45 Years,2974,1639,1335,1187,647,540,1019,539,480,180,91,89,588,362,226
JEFFERSON COUNTY,245,46 Years,2923,1599,1324,1239,664,575,966,503,463,199,112,87,519,320,199
JEFFERSON COUNTY,245,47 Years,2872,1529,1343,1197,639,558,979,482,497,182,96,86,514,312,202
JEFFERSON COUNTY,245,48 Years,2897,1590,1307,1209,651,558,1033,542,491,157,90,67,498,307,191
JEFFERSON COUNTY,245,49 Years,2950,1552,1398,1246,649,597,1052,531,521,140,76,64,512,296,216
JEFFERSON COUNTY,245,50 Years,3262,1658,1604,1440,729,711,1104,534,570,172,85,87,546,310,236
JEFFERSON COUNTY,245,51 Years,3227,1632,1595,1511,770,741,1050,490,560,158,88,70,508,284,224
JEFFERSON COUNTY,245,52 Years,3369,1743,1626,1574,806,768,1137,561,576,174,97,77,484,279,205
JEFFERSON COUNTY,245,53 Years,3490,1794,1696,1713,879,834,1140,541,599,179,100,79,458,274,184
JEFFERSON COUNTY,245,54 Years,3607,1868,1739,1722,868,854,1249,614,635,171,99,72,465,287,178
JEFFERSON COUNTY,245,55 Years,3517,1815,1702,1779,910,869,1157,567,590,174,92,82,407,246,161
JEFFERSON COUNTY,245,56 Years,3467,1800,1667,1773,911,862,1173,584,589,153,79,74,368,226,142
JEFFERSON COUNTY,245,57 Years,3437,1752,1685,1748,892,856,1155,544,611,154,87,67,380,229,151
JEFFERSON COUNTY,245,58 Years,3468,1722,1746,1751,844,907,1175,560,615,160,87,73,382,231,151
JEFFERSON COUNTY,245,59 Years,3261,1581,1680,1662,812,850,1139,522,617,154,84,70,306,163,143
JEFFERSON COUNTY,245,60 Years,3312,1632,1680,1766,896,870,1090,491,599,142,70,72,314,175,139
JEFFERSON COUNTY,245,61 Years,3087,1531,1556,1659,817,842,984,459,525,141,76,65,303,179,124
JEFFERSON COUNTY,245,62 Years,2913,1474,1439,1562,800,762,980,464,516,130,71,59,241,139,102
JEFFERSON COUNTY,245,63 Years,2670,1351,1319,1433,738,695,885,428,457,115,60,55,237,125,112
JEFFERSON COUNTY,245,64 Years,2549,1283,1266,1384,711,673,831,399,432,105,48,57,229,125,104
JEFFERSON COUNTY,245,65 Years,2534,1238,1296,1355,676,679,846,386,460,111,47,64,222,129,93
JEFFERSON COUNTY,245,66 Years,2325,1168,1157,1259,640,619,787,377,410,85,50,35,194,101,93
JEFFERSON COUNTY,245,67 Years,2333,1166,1167,1319,670,649,762,361,401,75,43,32,177,92,85
JEFFERSON COUNTY,245,68 Years,2132,1036,1096,1247,614,633,657,300,357,73,38,35,155,84,71
JEFFERSON COUNTY,245,69 Years,1763,835,928,1008,480,528,553,247,306,62,30,32,140,78,62
JEFFERSON COUNTY,245,70 Years,1622,747,875,933,452,481,509,212,297,59,25,34,121,58,63
JEFFERSON COUNTY,245,71 Years,1636,745,891,983,456,527,482,196,286,58,29,29,113,64,49
JEFFERSON COUNTY,245,72 Years,1580,717,863,932,423,509,470,201,269,53,26,27,125,67,58
JEFFERSON COUNTY,245,73 Years,1419,637,782,848,386,462,417,181,236,48,24,24,106,46,60
JEFFERSON COUNTY,245,74 Years,1312,588,724,786,358,428,388,162,226,39,22,17,99,46,53
JEFFERSON COUNTY,245,75 Years,1273,529,744,785,331,454,371,147,224,40,20,20,77,31,46
JEFFERSON COUNTY,245,76 Years,1207,516,691,757,312,445,337,146,191,38,20,18,75,38,37
JEFFERSON COUNTY,245,77 Years,1140,503,637,742,324,418,304,131,173,31,17,14,63,31,32
JEFFERSON COUNTY,245,78 Years,1088,461,627,689,296,393,304,120,184,31,14,17,64,31,33
JEFFERSON COUNTY,245,79 Years,1046,452,594,669,294,375,286,111,175,31,16,15,60,31,29
JEFFERSON COUNTY,245,80 Years,1051,433,618,664,278,386,294,116,178,35,14,21,58,25,33
JEFFERSON COUNTY,245,81 Years,967,398,569,636,257,379,242,103,139,27,12,15,62,26,36
JEFFERSON COUNTY,245,82 Years,910,355,555,607,235,372,225,87,138,23,11,12,55,22,33
JEFFERSON COUNTY,245,83 Years,858,338,520,596,233,363,194,74,120,20,10,10,48,21,27
JEFFERSON COUNTY,245,84 Years,814,324,490,567,223,344,184,71,113,21,10,11,42,20,22
JEFFERSON COUNTY,245,85 Years +,4453,1570,2883,3171,1128,2043,967,319,648,100,38,62,215,85,130
JIM HOGG COUNTY,247,All Ages,5196,2600,2596,333,183,150,19,18,1,42,20,22,4802,2379,2423
JIM HOGG COUNTY,247,< 1 Year,81,45,36,3,1,2,0,0,0,2,1,1,76,43,33
JIM HOGG COUNTY,247,1 Years,82,44,38,4,2,2,0,0,0,1,1,0,77,41,36
JIM HOGG COUNTY,247,2 Years,83,43,40,5,3,2,0,0,0,0,0,0,78,40,38
JIM HOGG COUNTY,247,3 Years,83,41,42,5,3,2,0,0,0,0,0,0,78,38,40
JIM HOGG COUNTY,247,4 Years,80,41,39,4,3,1,0,0,0,1,0,1,75,38,37
JIM HOGG COUNTY,247,5 Years,77,41,36,3,3,0,1,1,0,0,0,0,73,37,36
JIM HOGG COUNTY,247,6 Years,74,38,36,5,3,2,0,0,0,1,1,0,68,34,34
JIM HOGG COUNTY,247,7 Years,91,43,48,5,2,3,0,0,0,0,0,0,86,41,45
JIM HOGG COUNTY,247,8 Years,76,32,44,5,3,2,0,0,0,1,0,1,70,29,41
JIM HOGG COUNTY,247,9 Years,92,45,47,6,3,3,1,1,0,1,1,0,84,40,44
JIM HOGG COUNTY,247,10 Years,74,40,34,4,2,2,1,1,0,2,2,0,67,35,32
JIM HOGG COUNTY,247,11 Years,83,38,45,2,1,1,2,2,0,1,0,1,78,35,43
JIM HOGG COUNTY,247,12 Years,86,49,37,2,1,1,1,1,0,0,0,0,83,47,36
JIM HOGG COUNTY,247,13 Years,77,39,38,2,1,1,0,0,0,1,1,0,74,37,37
JIM HOGG COUNTY,247,14 Years,68,34,34,1,1,0,0,0,0,0,0,0,67,33,34
JIM HOGG COUNTY,247,15 Years,65,36,29,1,1,0,0,0,0,1,0,1,63,35,28
JIM HOGG COUNTY,247,16 Years,86,48,38,3,2,1,0,0,0,1,1,0,82,45,37
JIM HOGG COUNTY,247,17 Years,82,41,41,3,1,2,0,0,0,1,1,0,78,39,39
JIM HOGG COUNTY,247,18 Years,79,41,38,2,1,1,0,0,0,0,0,0,77,40,37
JIM HOGG COUNTY,247,19 Years,76,34,42,1,1,0,0,0,0,1,0,1,74,33,41
JIM HOGG COUNTY,247,20 Years,54,27,27,2,2,0,0,0,0,1,0,1,51,25,26
JIM HOGG COUNTY,247,21 Years,67,40,27,1,1,0,2,2,0,1,1,0,63,36,27
JIM HOGG COUNTY,247,22 Years,91,49,42,2,2,0,1,1,0,1,0,1,87,46,41
JIM HOGG COUNTY,247,23 Years,67,34,33,5,3,2,0,0,0,0,0,0,62,31,31
JIM HOGG COUNTY,247,24 Years,53,24,29,1,1,0,0,0,0,0,0,0,52,23,29
JIM HOGG COUNTY,247,25 Years,58,26,32,1,0,1,0,0,0,0,0,0,57,26,31
JIM HOGG COUNTY,247,26 Years,54,29,25,3,1,2,0,0,0,0,0,0,51,28,23
JIM HOGG COUNTY,247,27 Years,60,36,24,1,0,1,0,0,0,0,0,0,59,36,23
JIM HOGG COUNTY,247,28 Years,69,40,29,2,0,2,1,1,0,0,0,0,66,39,27
JIM HOGG COUNTY,247,29 Years,64,31,33,4,2,2,0,0,0,0,0,0,60,29,31
JIM HOGG COUNTY,247,30 Years,60,29,31,5,4,1,0,0,0,0,0,0,55,25,30
JIM HOGG COUNTY,247,31 Years,56,31,25,6,3,3,0,0,0,1,0,1,49,28,21
JIM HOGG COUNTY,247,32 Years,61,32,29,2,1,1,0,0,0,0,0,0,59,31,28
JIM HOGG COUNTY,247,33 Years,61,36,25,5,2,3,0,0,0,1,1,0,55,33,22
JIM HOGG COUNTY,247,34 Years,62,36,26,8,5,3,0,0,0,1,1,0,53,30,23
JIM HOGG COUNTY,247,35 Years,56,29,27,6,4,2,0,0,0,0,0,0,50,25,25
JIM HOGG COUNTY,247,36 Years,54,26,28,3,1,2,0,0,0,2,1,1,49,24,25
JIM HOGG COUNTY,247,37 Years,65,33,32,6,3,3,1,1,0,0,0,0,58,29,29
JIM HOGG COUNTY,247,38 Years,54,30,24,2,1,1,1,1,0,0,0,0,51,28,23
JIM HOGG COUNTY,247,39 Years,53,23,30,3,1,2,0,0,0,0,0,0,50,22,28
JIM HOGG COUNTY,247,40 Years,64,29,35,5,2,3,0,0,0,0,0,0,59,27,32
JIM HOGG COUNTY,247,41 Years,56,28,28,4,1,3,1,1,0,0,0,0,51,26,25
JIM HOGG COUNTY,247,42 Years,55,27,28,3,2,1,0,0,0,0,0,0,52,25,27
JIM HOGG COUNTY,247,43 Years,53,28,25,4,2,2,0,0,0,1,0,1,48,26,22
JIM HOGG COUNTY,247,44 Years,51,26,25,3,2,1,0,0,0,1,0,1,47,24,23
JIM HOGG COUNTY,247,45 Years,58,25,33,3,1,2,0,0,0,1,0,1,54,24,30
JIM HOGG COUNTY,247,46 Years,52,24,28,6,3,3,0,0,0,1,1,0,45,20,25
JIM HOGG COUNTY,247,47 Years,56,32,24,4,3,1,0,0,0,1,1,0,51,28,23
JIM HOGG COUNTY,247,48 Years,51,25,26,2,0,2,1,1,0,0,0,0,48,24,24
JIM HOGG COUNTY,247,49 Years,71,38,33,4,3,1,1,1,0,0,0,0,66,34,32
JIM HOGG COUNTY,247,50 Years,61,34,27,4,3,1,0,0,0,0,0,0,57,31,26
JIM HOGG COUNTY,247,51 Years,60,31,29,3,1,2,0,0,0,0,0,0,57,30,27
JIM HOGG COUNTY,247,52 Years,69,34,35,4,3,1,0,0,0,0,0,0,65,31,34
JIM HOGG COUNTY,247,53 Years,52,26,26,3,1,2,0,0,0,0,0,0,49,25,24
JIM HOGG COUNTY,247,54 Years,65,33,32,4,2,2,0,0,0,2,0,2,59,31,28
JIM HOGG COUNTY,247,55 Years,64,29,35,5,3,2,1,1,0,0,0,0,58,25,33
JIM HOGG COUNTY,247,56 Years,52,34,18,3,3,0,0,0,0,0,0,0,49,31,18
JIM HOGG COUNTY,247,57 Years,62,39,23,6,3,3,0,0,0,2,1,1,54,35,19
JIM HOGG COUNTY,247,58 Years,64,32,32,6,3,3,0,0,0,0,0,0,58,29,29
JIM HOGG COUNTY,247,59 Years,54,29,25,6,5,1,0,0,0,0,0,0,48,24,24
JIM HOGG COUNTY,247,60 Years,53,24,29,4,1,3,0,0,0,1,0,1,48,23,25
JIM HOGG COUNTY,247,61 Years,53,20,33,3,1,2,0,0,0,1,0,1,49,19,30
JIM HOGG COUNTY,247,62 Years,71,33,38,9,4,5,0,0,0,1,0,1,61,29,32
JIM HOGG COUNTY,247,63 Years,59,27,32,6,2,4,0,0,0,1,0,1,52,25,27
JIM HOGG COUNTY,247,64 Years,48,20,28,3,0,3,0,0,0,1,1,0,44,19,25
JIM HOGG COUNTY,247,65 Years,59,25,34,5,4,1,0,0,0,0,0,0,54,21,33
JIM HOGG COUNTY,247,66 Years,62,24,38,4,2,2,0,0,0,0,0,0,58,22,36
JIM HOGG COUNTY,247,67 Years,55,27,28,5,4,1,0,0,0,0,0,0,50,23,27
JIM HOGG COUNTY,247,68 Years,68,33,35,7,5,2,2,1,1,0,0,0,59,27,32
JIM HOGG COUNTY,247,69 Years,65,36,29,7,4,3,1,1,0,2,1,1,55,30,25
JIM HOGG COUNTY,247,70 Years,58,29,29,4,2,2,0,0,0,2,1,1,52,26,26
JIM HOGG COUNTY,247,71 Years,46,24,22,2,1,1,0,0,0,0,0,0,44,23,21
JIM HOGG COUNTY,247,72 Years,43,22,21,6,2,4,0,0,0,0,0,0,37,20,17
JIM HOGG COUNTY,247,73 Years,38,17,21,5,1,4,0,0,0,0,0,0,33,16,17
JIM HOGG COUNTY,247,74 Years,39,21,18,4,3,1,0,0,0,1,1,0,34,17,17
JIM HOGG COUNTY,247,75 Years,39,19,20,3,3,0,0,0,0,0,0,0,36,16,20
JIM HOGG COUNTY,247,76 Years,40,16,24,3,1,2,0,0,0,0,0,0,37,15,22
JIM HOGG COUNTY,247,77 Years,36,16,20,6,4,2,0,0,0,0,0,0,30,12,18
JIM HOGG COUNTY,247,78 Years,32,14,18,3,2,1,0,0,0,0,0,0,29,12,17
JIM HOGG COUNTY,247,79 Years,31,13,18,2,0,2,0,0,0,0,0,0,29,13,16
JIM HOGG COUNTY,247,80 Years,27,13,14,2,2,0,0,0,0,0,0,0,25,11,14
JIM HOGG COUNTY,247,81 Years,23,10,13,1,1,0,0,0,0,0,0,0,22,9,13
JIM HOGG COUNTY,247,82 Years,25,8,17,4,2,2,0,0,0,0,0,0,21,6,15
JIM HOGG COUNTY,247,83 Years,26,11,15,8,5,3,0,0,0,0,0,0,18,6,12
JIM HOGG COUNTY,247,84 Years,23,9,14,4,3,1,0,0,0,0,0,0,19,6,13
JIM HOGG COUNTY,247,85 Years +,93,32,61,7,3,4,0,0,0,0,0,0,86,29,57
JIM WELLS COUNTY,249,All Ages,40569,20098,20471,7408,3678,3730,160,96,64,376,189,187,32625,16135,16490
JIM WELLS COUNTY,249,< 1 Year,737,368,369,85,47,38,2,1,1,6,4,2,644,316,328
JIM WELLS COUNTY,249,1 Years,743,375,368,86,44,42,1,1,0,6,5,1,650,325,325
JIM WELLS COUNTY,249,2 Years,735,362,373,85,42,43,1,1,0,5,3,2,644,316,328
JIM WELLS COUNTY,249,3 Years,696,352,344,81,38,43,1,1,0,6,3,3,608,310,298
JIM WELLS COUNTY,249,4 Years,696,344,352,86,41,45,2,2,0,7,3,4,601,298,303
JIM WELLS COUNTY,249,5 Years,709,369,340,86,40,46,1,1,0,9,6,3,613,322,291
JIM WELLS COUNTY,249,6 Years,569,296,273,78,46,32,2,2,0,7,3,4,482,245,237
JIM WELLS COUNTY,249,7 Years,655,338,317,79,42,37,3,2,1,4,1,3,569,293,276
JIM WELLS COUNTY,249,8 Years,646,323,323,84,38,46,3,1,2,4,1,3,555,283,272
JIM WELLS COUNTY,249,9 Years,614,312,302,86,46,40,5,1,4,3,1,2,520,264,256
JIM WELLS COUNTY,249,10 Years,580,303,277,92,49,43,3,2,1,4,3,1,481,249,232
JIM WELLS COUNTY,249,11 Years,570,311,259,74,39,35,3,2,1,7,5,2,486,265,221
JIM WELLS COUNTY,249,12 Years,576,310,266,74,43,31,4,3,1,4,2,2,494,262,232
JIM WELLS COUNTY,249,13 Years,542,286,256,73,39,34,1,1,0,4,3,1,464,243,221
JIM WELLS COUNTY,249,14 Years,607,328,279,84,43,41,3,2,1,7,3,4,513,280,233
JIM WELLS COUNTY,249,15 Years,648,350,298,85,41,44,2,1,1,6,2,4,555,306,249
JIM WELLS COUNTY,249,16 Years,648,337,311,106,52,54,3,0,3,4,2,2,535,283,252
JIM WELLS COUNTY,249,17 Years,635,302,333,107,45,62,4,1,3,6,5,1,518,251,267
JIM WELLS COUNTY,249,18 Years,615,326,289,89,43,46,2,0,2,2,2,0,522,281,241
JIM WELLS COUNTY,249,19 Years,605,324,281,88,46,42,1,0,1,2,0,2,514,278,236
JIM WELLS COUNTY,249,20 Years,590,300,290,90,41,49,1,0,1,2,0,2,497,259,238
JIM WELLS COUNTY,249,21 Years,571,300,271,87,44,43,0,0,0,2,1,1,482,255,227
JIM WELLS COUNTY,249,22 Years,571,289,282,75,36,39,3,1,2,9,7,2,484,245,239
JIM WELLS COUNTY,249,23 Years,599,307,292,86,48,38,3,1,2,5,2,3,505,256,249
JIM WELLS COUNTY,249,24 Years,551,267,284,80,45,35,2,0,2,4,1,3,465,221,244
JIM WELLS COUNTY,249,25 Years,503,267,236,70,40,30,3,2,1,8,5,3,422,220,202
JIM WELLS COUNTY,249,26 Years,488,242,246,71,33,38,3,2,1,6,4,2,408,203,205
JIM WELLS COUNTY,249,27 Years,442,237,205,57,32,25,2,2,0,5,2,3,378,201,177
JIM WELLS COUNTY,249,28 Years,462,238,224,66,28,38,3,3,0,2,1,1,391,206,185
JIM WELLS COUNTY,249,29 Years,461,231,230,71,36,35,2,2,0,5,2,3,383,191,192
JIM WELLS COUNTY,249,30 Years,435,207,228,69,34,35,1,1,0,3,1,2,362,171,191
JIM WELLS COUNTY,249,31 Years,433,217,216,71,34,37,5,3,2,5,1,4,352,179,173
JIM WELLS COUNTY,249,32 Years,491,234,257,74,43,31,4,2,2,8,2,6,405,187,218
JIM WELLS COUNTY,249,33 Years,501,263,238,80,43,37,3,2,1,7,3,4,411,215,196
JIM WELLS COUNTY,249,34 Years,457,233,224,82,41,41,2,2,0,7,3,4,366,187,179
JIM WELLS COUNTY,249,35 Years,452,226,226,79,34,45,1,1,0,7,4,3,365,187,178
JIM WELLS COUNTY,249,36 Years,434,212,222,81,37,44,3,3,0,6,4,2,344,168,176
JIM WELLS COUNTY,249,37 Years,453,228,225,83,41,42,5,5,0,4,3,1,361,179,182
JIM WELLS COUNTY,249,38 Years,426,228,198,73,40,33,2,2,0,5,2,3,346,184,162
JIM WELLS COUNTY,249,39 Years,415,197,218,66,28,38,0,0,0,5,1,4,344,168,176
JIM WELLS COUNTY,249,40 Years,442,203,239,72,40,32,1,0,1,2,1,1,367,162,205
JIM WELLS COUNTY,249,41 Years,421,208,213,81,43,38,0,0,0,1,0,1,339,165,174
JIM WELLS COUNTY,249,42 Years,449,233,216,83,45,38,0,0,0,3,2,1,363,186,177
JIM WELLS COUNTY,249,43 Years,477,241,236,87,37,50,2,0,2,3,2,1,385,202,183
JIM WELLS COUNTY,249,44 Years,492,247,245,88,47,41,1,1,0,3,1,2,400,198,202
JIM WELLS COUNTY,249,45 Years,493,232,261,83,45,38,0,0,0,6,3,3,404,184,220
JIM WELLS COUNTY,249,46 Years,448,204,244,72,31,41,2,2,0,3,1,2,371,170,201
JIM WELLS COUNTY,249,47 Years,414,183,231,65,25,40,1,0,1,2,0,2,346,158,188
JIM WELLS COUNTY,249,48 Years,433,200,233,72,34,38,1,0,1,3,1,2,357,165,192
JIM WELLS COUNTY,249,49 Years,477,233,244,86,40,46,2,2,0,5,2,3,384,189,195
JIM WELLS COUNTY,249,50 Years,492,244,248,86,39,47,2,1,1,1,1,0,403,203,200
JIM WELLS COUNTY,249,51 Years,495,238,257,111,47,64,1,0,1,5,3,2,378,188,190
JIM WELLS COUNTY,249,52 Years,494,232,262,119,58,61,2,1,1,4,3,1,369,170,199
JIM WELLS COUNTY,249,53 Years,477,234,243,108,58,50,2,1,1,3,2,1,364,173,191
JIM WELLS COUNTY,249,54 Years,517,250,267,108,53,55,3,3,0,5,3,2,401,191,210
JIM WELLS COUNTY,249,55 Years,528,269,259,129,65,64,2,2,0,6,4,2,391,198,193
JIM WELLS COUNTY,249,56 Years,546,253,293,137,66,71,1,1,0,5,2,3,403,184,219
JIM WELLS COUNTY,249,57 Years,521,259,262,138,74,64,2,1,1,6,4,2,375,180,195
JIM WELLS COUNTY,249,58 Years,558,277,281,142,70,72,2,0,2,7,3,4,407,204,203
JIM WELLS COUNTY,249,59 Years,500,239,261,132,63,69,2,0,2,6,3,3,360,173,187
JIM WELLS COUNTY,249,60 Years,491,218,273,122,60,62,4,3,1,8,4,4,357,151,206
JIM WELLS COUNTY,249,61 Years,479,225,254,124,65,59,2,1,1,4,1,3,349,158,191
JIM WELLS COUNTY,249,62 Years,466,233,233,131,72,59,5,4,1,9,5,4,321,152,169
JIM WELLS COUNTY,249,63 Years,440,210,230,117,56,61,2,1,1,5,3,2,316,150,166
JIM WELLS COUNTY,249,64 Years,424,210,214,111,54,57,1,0,1,4,2,2,308,154,154
JIM WELLS COUNTY,249,65 Years,434,237,197,122,68,54,1,1,0,3,1,2,308,167,141
JIM WELLS COUNTY,249,66 Years,423,216,207,97,48,49,2,1,1,4,3,1,320,164,156
JIM WELLS COUNTY,249,67 Years,404,188,216,85,40,45,2,1,1,6,2,4,311,145,166
JIM WELLS COUNTY,249,68 Years,400,199,201,92,53,39,2,1,1,6,4,2,300,141,159
JIM WELLS COUNTY,249,69 Years,364,181,183,79,42,37,0,0,0,7,5,2,278,134,144
JIM WELLS COUNTY,249,70 Years,344,175,169,74,38,36,0,0,0,4,2,2,266,135,131
JIM WELLS COUNTY,249,71 Years,310,141,169,64,32,32,1,0,1,3,2,1,242,107,135
JIM WELLS COUNTY,249,72 Years,279,120,159,68,36,32,2,1,1,1,0,1,208,83,125
JIM WELLS COUNTY,249,73 Years,248,111,137,71,36,35,1,1,0,1,0,1,175,74,101
JIM WELLS COUNTY,249,74 Years,244,117,127,70,36,34,0,0,0,1,0,1,173,81,92
JIM WELLS COUNTY,249,75 Years,226,115,111,64,35,29,0,0,0,0,0,0,162,80,82
JIM WELLS COUNTY,249,76 Years,226,102,124,68,29,39,2,2,0,2,1,1,154,70,84
JIM WELLS COUNTY,249,77 Years,230,102,128,67,29,38,0,0,0,3,0,3,160,73,87
JIM WELLS COUNTY,249,78 Years,212,90,122,58,22,36,0,0,0,1,0,1,153,68,85
JIM WELLS COUNTY,249,79 Years,201,90,111,49,22,27,0,0,0,1,0,1,151,68,83
JIM WELLS COUNTY,249,80 Years,197,87,110,58,28,30,1,1,0,1,0,1,137,58,79
JIM WELLS COUNTY,249,81 Years,164,73,91,46,22,24,0,0,0,2,1,1,116,50,66
JIM WELLS COUNTY,249,82 Years,142,56,86,44,18,26,0,0,0,1,0,1,97,38,59
JIM WELLS COUNTY,249,83 Years,145,65,80,53,25,28,1,1,0,2,0,2,89,39,50
JIM WELLS COUNTY,249,84 Years,129,60,69,40,19,21,1,1,0,0,0,0,88,40,48
JIM WELLS COUNTY,249,85 Years +,712,259,453,216,91,125,6,2,4,10,6,4,480,160,320
JOHNSON COUNTY,251,All Ages,161905,80809,81096,116794,57279,59515,4570,2485,2085,5696,2892,2804,34845,18153,16692
JOHNSON COUNTY,251,< 1 Year,2078,1070,1008,1293,667,626,57,26,31,113,58,55,615,319,296
JOHNSON COUNTY,251,1 Years,2080,1076,1004,1306,676,630,53,22,31,118,65,53,603,313,290
JOHNSON COUNTY,251,2 Years,2049,1038,1011,1294,657,637,51,22,29,108,60,48,596,299,297
JOHNSON COUNTY,251,3 Years,2038,1044,994,1281,655,626,45,22,23,104,62,42,608,305,303
JOHNSON COUNTY,251,4 Years,2086,1082,1004,1295,672,623,49,28,21,119,71,48,623,311,312
JOHNSON COUNTY,251,5 Years,2228,1157,1071,1400,732,668,52,27,25,111,64,47,665,334,331
JOHNSON COUNTY,251,6 Years,2203,1157,1046,1367,713,654,58,30,28,111,58,53,667,356,311
JOHNSON COUNTY,251,7 Years,2226,1149,1077,1392,713,679,55,27,28,106,58,48,673,351,322
JOHNSON COUNTY,251,8 Years,2302,1175,1127,1453,745,708,55,26,29,109,60,49,685,344,341
JOHNSON COUNTY,251,9 Years,2401,1213,1188,1520,775,745,61,31,30,120,56,64,700,351,349
JOHNSON COUNTY,251,10 Years,2505,1292,1213,1588,821,767,62,31,31,136,66,70,719,374,345
JOHNSON COUNTY,251,11 Years,2494,1299,1195,1585,813,772,66,35,31,117,55,62,726,396,330
JOHNSON COUNTY,251,12 Years,2494,1266,1228,1566,789,777,62,31,31,108,47,61,758,399,359
JOHNSON COUNTY,251,13 Years,2524,1298,1226,1587,822,765,65,30,35,105,51,54,767,395,372
JOHNSON COUNTY,251,14 Years,2590,1328,1262,1630,825,805,81,43,38,107,55,52,772,405,367
JOHNSON COUNTY,251,15 Years,2597,1358,1239,1647,861,786,82,44,38,112,64,48,756,389,367
JOHNSON COUNTY,251,16 Years,2575,1314,1261,1644,834,810,69,30,39,114,66,48,748,384,364
JOHNSON COUNTY,251,17 Years,2614,1340,1274,1655,839,816,77,36,41,122,68,54,760,397,363
JOHNSON COUNTY,251,18 Years,2458,1272,1186,1522,781,741,76,38,38,125,71,54,735,382,353
JOHNSON COUNTY,251,19 Years,2230,1163,1067,1372,712,660,78,42,36,113,61,52,667,348,319
JOHNSON COUNTY,251,20 Years,2165,1133,1032,1331,697,634,74,39,35,109,64,45,651,333,318
JOHNSON COUNTY,251,21 Years,2100,1123,977,1260,669,591,81,46,35,108,61,47,651,347,304
JOHNSON COUNTY,251,22 Years,2135,1105,1030,1298,665,633,72,38,34,90,54,36,675,348,327
JOHNSON COUNTY,251,23 Years,2158,1116,1042,1319,658,661,88,52,36,96,52,44,655,354,301
JOHNSON COUNTY,251,24 Years,2020,1063,957,1204,627,577,84,43,41,102,52,50,630,341,289
JOHNSON COUNTY,251,25 Years,1974,1015,959,1190,580,610,90,47,43,96,45,51,598,343,255
JOHNSON COUNTY,251,26 Years,1822,970,852,1152,575,577,75,44,31,67,37,30,528,314,214
JOHNSON COUNTY,251,27 Years,1744,887,857,1123,536,587,63,42,21,64,33,31,494,276,218
JOHNSON COUNTY,251,28 Years,1781,894,887,1135,543,592,65,38,27,66,29,37,515,284,231
JOHNSON COUNTY,251,29 Years,1817,918,899,1189,576,613,65,37,28,71,36,35,492,269,223
JOHNSON COUNTY,251,30 Years,1825,902,923,1214,580,634,62,39,23,65,33,32,484,250,234
JOHNSON COUNTY,251,31 Years,1891,960,931,1285,629,656,58,38,20,71,42,29,477,251,226
JOHNSON COUNTY,251,32 Years,1976,1000,976,1322,640,682,67,48,19,73,35,38,514,277,237
JOHNSON COUNTY,251,33 Years,2021,1019,1002,1355,658,697,65,47,18,65,31,34,536,283,253
JOHNSON COUNTY,251,34 Years,2118,1064,1054,1427,700,727,67,44,23,70,34,36,554,286,268
JOHNSON COUNTY,251,35 Years,2124,1073,1051,1436,711,725,68,40,28,79,33,46,541,289,252
JOHNSON COUNTY,251,36 Years,2021,1035,986,1381,691,690,47,29,18,70,28,42,523,287,236
JOHNSON COUNTY,251,37 Years,1956,961,995,1343,659,684,43,27,16,71,32,39,499,243,256
JOHNSON COUNTY,251,38 Years,1963,946,1017,1345,653,692,53,30,23,64,28,36,501,235,266
JOHNSON COUNTY,251,39 Years,1951,968,983,1352,685,667,43,23,20,70,30,40,486,230,256
JOHNSON COUNTY,251,40 Years,1990,966,1024,1375,664,711,56,33,23,69,30,39,490,239,251
JOHNSON COUNTY,251,41 Years,1938,954,984,1344,653,691,73,38,35,56,24,32,465,239,226
JOHNSON COUNTY,251,42 Years,2037,1014,1023,1454,714,740,73,41,32,55,24,31,455,235,220
JOHNSON COUNTY,251,43 Years,2171,1062,1109,1595,765,830,68,40,28,61,27,34,447,230,217
JOHNSON COUNTY,251,44 Years,2302,1140,1162,1667,813,854,74,45,29,65,31,34,496,251,245
JOHNSON COUNTY,251,45 Years,2308,1152,1156,1708,847,861,62,39,23,57,26,31,481,240,241
JOHNSON COUNTY,251,46 Years,2192,1093,1099,1644,802,842,56,33,23,66,31,35,426,227,199
JOHNSON COUNTY,251,47 Years,2115,1080,1035,1560,788,772,69,40,29,66,31,35,420,221,199
JOHNSON COUNTY,251,48 Years,2171,1116,1055,1621,826,795,72,47,25,60,29,31,418,214,204
JOHNSON COUNTY,251,49 Years,2203,1148,1055,1675,863,812,77,54,23,56,29,27,395,202,193
JOHNSON COUNTY,251,50 Years,2280,1181,1099,1765,903,862,60,37,23,52,29,23,403,212,191
JOHNSON COUNTY,251,51 Years,2322,1175,1147,1836,922,914,63,37,26,55,31,24,368,185,183
JOHNSON COUNTY,251,52 Years,2295,1144,1151,1831,902,929,69,33,36,65,35,30,330,174,156
JOHNSON COUNTY,251,53 Years,2303,1146,1157,1845,901,944,70,36,34,56,25,31,332,184,148
JOHNSON COUNTY,251,54 Years,2347,1178,1169,1905,939,966,59,33,26,61,29,32,322,177,145
JOHNSON COUNTY,251,55 Years,2396,1225,1171,1947,980,967,67,40,27,68,29,39,314,176,138
JOHNSON COUNTY,251,56 Years,2204,1117,1087,1823,901,922,63,38,25,58,27,31,260,151,109
JOHNSON COUNTY,251,57 Years,2197,1090,1107,1840,899,941,61,32,29,55,22,33,241,137,104
JOHNSON COUNTY,251,58 Years,2053,1025,1028,1718,846,872,63,34,29,57,24,33,215,121,94
JOHNSON COUNTY,251,59 Years,2045,988,1057,1718,820,898,59,30,29,55,21,34,213,117,96
JOHNSON COUNTY,251,60 Years,1984,975,1009,1669,810,859,55,27,28,52,27,25,208,111,97
JOHNSON COUNTY,251,61 Years,1889,933,956,1597,782,815,47,22,25,53,23,30,192,106,86
JOHNSON COUNTY,251,62 Years,1780,870,910,1505,729,776,54,26,28,46,23,23,175,92,83
JOHNSON COUNTY,251,63 Years,1761,850,911,1505,714,791,51,29,22,40,22,18,165,85,80
JOHNSON COUNTY,251,64 Years,1603,764,839,1370,650,720,44,22,22,36,20,16,153,72,81
JOHNSON COUNTY,251,65 Years,1553,738,815,1329,640,689,47,21,26,40,17,23,137,60,77
JOHNSON COUNTY,251,66 Years,1608,756,852,1383,653,730,42,18,24,43,20,23,140,65,75
JOHNSON COUNTY,251,67 Years,1669,788,881,1448,678,770,37,19,18,38,20,18,146,71,75
JOHNSON COUNTY,251,68 Years,1626,765,861,1428,658,770,34,18,16,36,22,14,128,67,61
JOHNSON COUNTY,251,69 Years,1332,636,696,1150,535,615,30,18,12,29,19,10,123,64,59
JOHNSON COUNTY,251,70 Years,1250,603,647,1073,510,563,28,12,16,23,16,7,126,65,61
JOHNSON COUNTY,251,71 Years,1234,588,646,1079,508,571,19,8,11,24,11,13,112,61,51
JOHNSON COUNTY,251,72 Years,1188,558,630,1069,501,568,16,5,11,22,11,11,81,41,40
JOHNSON COUNTY,251,73 Years,1051,487,564,938,429,509,17,7,10,28,16,12,68,35,33
JOHNSON COUNTY,251,74 Years,960,457,503,862,409,453,14,9,5,20,10,10,64,29,35
JOHNSON COUNTY,251,75 Years,885,426,459,794,381,413,16,11,5,13,4,9,62,30,32
JOHNSON COUNTY,251,76 Years,853,397,456,766,356,410,17,7,10,15,7,8,55,27,28
JOHNSON COUNTY,251,77 Years,800,366,434,725,331,394,12,3,9,14,9,5,49,23,26
JOHNSON COUNTY,251,78 Years,738,342,396,665,309,356,11,5,6,14,7,7,48,21,27
JOHNSON COUNTY,251,79 Years,696,310,386,637,284,353,5,1,4,10,4,6,44,21,23
JOHNSON COUNTY,251,80 Years,617,263,354,571,244,327,5,2,3,9,4,5,32,13,19
JOHNSON COUNTY,251,81 Years,567,252,315,522,231,291,12,6,6,10,5,5,23,10,13
JOHNSON COUNTY,251,82 Years,520,219,301,480,199,281,8,3,5,9,6,3,23,11,12
JOHNSON COUNTY,251,83 Years,458,180,278,423,165,258,6,3,3,6,3,3,23,9,14
JOHNSON COUNTY,251,84 Years,440,180,260,409,171,238,6,2,4,5,1,4,20,6,14
JOHNSON COUNTY,251,85 Years +,2640,869,1771,2468,820,1648,39,9,30,23,6,17,110,34,76
JONES COUNTY,253,All Ages,19938,12368,7570,11945,6488,5457,2165,1878,287,384,190,194,5444,3812,1632
JONES COUNTY,253,< 1 Year,159,74,85,90,39,51,3,1,2,10,7,3,56,27,29
JONES COUNTY,253,1 Years,170,85,85,96,45,51,4,2,2,7,4,3,63,34,29
JONES COUNTY,253,2 Years,184,101,83,105,56,49,6,3,3,6,3,3,67,39,28
JONES COUNTY,253,3 Years,176,98,78,102,55,47,6,3,3,7,3,4,61,37,24
JONES COUNTY,253,4 Years,174,95,79,100,53,47,6,3,3,6,3,3,62,36,26
JONES COUNTY,253,5 Years,203,98,105,119,62,57,6,2,4,6,3,3,72,31,41
JONES COUNTY,253,6 Years,184,98,86,109,60,49,8,4,4,4,2,2,63,32,31
JONES COUNTY,253,7 Years,172,99,73,98,53,45,6,3,3,6,4,2,62,39,23
JONES COUNTY,253,8 Years,184,103,81,111,61,50,3,1,2,7,4,3,63,37,26
JONES COUNTY,253,9 Years,196,104,92,103,55,48,4,1,3,10,7,3,79,41,38
JONES COUNTY,253,10 Years,199,96,103,108,50,58,7,4,3,11,6,5,73,36,37
JONES COUNTY,253,11 Years,204,107,97,118,59,59,6,4,2,12,5,7,68,39,29
JONES COUNTY,253,12 Years,216,112,104,120,64,56,12,3,9,9,3,6,75,42,33
JONES COUNTY,253,13 Years,213,112,101,115,57,58,9,3,6,7,2,5,82,50,32
JONES COUNTY,253,14 Years,221,117,104,126,60,66,13,7,6,10,3,7,72,47,25
JONES COUNTY,253,15 Years,233,137,96,139,81,58,9,5,4,6,2,4,79,49,30
JONES COUNTY,253,16 Years,237,131,106,134,76,58,13,7,6,10,4,6,80,44,36
JONES COUNTY,253,17 Years,216,114,102,118,57,61,13,6,7,9,1,8,76,50,26
JONES COUNTY,253,18 Years,231,130,101,139,73,66,9,4,5,8,3,5,75,50,25
JONES COUNTY,253,19 Years,249,159,90,130,71,59,32,27,5,9,6,3,78,55,23
JONES COUNTY,253,20 Years,276,198,78,132,82,50,39,38,1,7,3,4,98,75,23
JONES COUNTY,253,21 Years,296,207,89,145,80,65,41,40,1,4,2,2,106,85,21
JONES COUNTY,253,22 Years,322,228,94,153,90,63,52,49,3,5,3,2,112,86,26
JONES COUNTY,253,23 Years,326,235,91,146,88,58,62,55,7,3,2,1,115,90,25
JONES COUNTY,253,24 Years,348,271,77,141,88,53,74,69,5,2,1,1,131,113,18
JONES COUNTY,253,25 Years,312,236,76,132,81,51,67,65,2,2,1,1,111,89,22
JONES COUNTY,253,26 Years,307,243,64,148,100,48,66,65,1,3,2,1,90,76,14
JONES COUNTY,253,27 Years,322,250,72,125,81,44,83,78,5,3,2,1,111,89,22
JONES COUNTY,253,28 Years,332,269,63,139,101,38,68,64,4,4,3,1,121,101,20
JONES COUNTY,253,29 Years,292,228,64,114,71,43,54,50,4,2,1,1,122,106,16
JONES COUNTY,253,30 Years,304,226,78,134,80,54,70,67,3,4,3,1,96,76,20
JONES COUNTY,253,31 Years,301,229,72,135,88,47,65,62,3,2,2,0,99,77,22
JONES COUNTY,253,32 Years,298,228,70,139,93,46,56,53,3,2,1,1,101,81,20
JONES COUNTY,253,33 Years,298,224,74,140,86,54,48,47,1,4,1,3,106,90,16
JONES COUNTY,253,34 Years,320,234,86,161,97,64,50,49,1,5,2,3,104,86,18
JONES COUNTY,253,35 Years,303,219,84,146,88,58,49,47,2,3,1,2,105,83,22
JONES COUNTY,253,36 Years,291,223,68,140,91,49,57,54,3,2,1,1,92,77,15
JONES COUNTY,253,37 Years,289,219,70,141,90,51,56,52,4,4,4,0,88,73,15
JONES COUNTY,253,38 Years,277,207,70,132,81,51,57,53,4,3,3,0,85,70,15
JONES COUNTY,253,39 Years,271,191,80,135,77,58,44,40,4,2,2,0,90,72,18
JONES COUNTY,253,40 Years,291,199,92,143,77,66,56,53,3,3,1,2,89,68,21
JONES COUNTY,253,41 Years,293,213,80,145,84,61,55,52,3,5,4,1,88,73,15
JONES COUNTY,253,42 Years,280,198,82,159,97,62,35,34,1,6,3,3,80,64,16
JONES COUNTY,253,43 Years,290,204,86,163,100,63,36,34,2,5,2,3,86,68,18
JONES COUNTY,253,44 Years,292,200,92,159,93,66,43,37,6,5,2,3,85,68,17
JONES COUNTY,253,45 Years,315,206,109,190,104,86,42,37,5,3,2,1,80,63,17
JONES COUNTY,253,46 Years,288,196,92,176,104,72,35,33,2,4,2,2,73,57,16
JONES COUNTY,253,47 Years,277,195,82,174,106,68,35,34,1,3,2,1,65,53,12
JONES COUNTY,253,48 Years,282,197,85,179,112,67,35,32,3,5,4,1,63,49,14
JONES COUNTY,253,49 Years,278,188,90,171,102,69,36,33,3,3,2,1,68,51,17
JONES COUNTY,253,50 Years,307,205,102,186,109,77,45,40,5,7,6,1,69,50,19
JONES COUNTY,253,51 Years,296,183,113,195,108,87,32,29,3,5,2,3,64,44,20
JONES COUNTY,253,52 Years,297,180,117,201,109,92,31,28,3,4,2,2,61,41,20
JONES COUNTY,253,53 Years,273,161,112,193,102,91,29,26,3,2,0,2,49,33,16
JONES COUNTY,253,54 Years,285,154,131,192,93,99,34,28,6,3,2,1,56,31,25
JONES COUNTY,253,55 Years,274,148,126,185,89,96,27,23,4,2,1,1,60,35,25
JONES COUNTY,253,56 Years,249,147,102,184,107,77,13,7,6,5,3,2,47,30,17
JONES COUNTY,253,57 Years,245,141,104,173,91,82,21,14,7,4,2,2,47,34,13
JONES COUNTY,253,58 Years,250,135,115,175,89,86,23,18,5,3,1,2,49,27,22
JONES COUNTY,253,59 Years,250,131,119,182,90,92,14,10,4,5,2,3,49,29,20
JONES COUNTY,253,60 Years,243,125,118,183,91,92,11,8,3,7,3,4,42,23,19
JONES COUNTY,253,61 Years,229,115,114,182,89,93,12,7,5,5,3,2,30,16,14
JONES COUNTY,253,62 Years,222,121,101,169,89,80,18,12,6,2,1,1,33,19,14
JONES COUNTY,253,63 Years,225,122,103,170,87,83,10,7,3,3,2,1,42,26,16
JONES COUNTY,253,64 Years,220,125,95,167,93,74,8,5,3,6,3,3,39,24,15
JONES COUNTY,253,65 Years,202,110,92,162,89,73,3,2,1,5,1,4,32,18,14
JONES COUNTY,253,66 Years,201,108,93,165,85,80,8,6,2,4,1,3,24,16,8
JONES COUNTY,253,67 Years,220,105,115,178,85,93,4,3,1,2,1,1,36,16,20
JONES COUNTY,253,68 Years,215,117,98,179,97,82,3,1,2,2,1,1,31,18,13
JONES COUNTY,253,69 Years,168,91,77,132,73,59,2,0,2,3,0,3,31,18,13
JONES COUNTY,253,70 Years,156,81,75,125,61,64,4,3,1,2,1,1,25,16,9
JONES COUNTY,253,71 Years,181,79,102,138,55,83,7,3,4,1,0,1,35,21,14
JONES COUNTY,253,72 Years,165,80,85,130,59,71,5,3,2,1,0,1,29,18,11
JONES COUNTY,253,73 Years,140,71,69,116,57,59,5,2,3,2,1,1,17,11,6
JONES COUNTY,253,74 Years,146,71,75,119,57,62,6,2,4,3,2,1,18,10,8
JONES COUNTY,253,75 Years,140,68,72,111,55,56,3,1,2,4,3,1,22,9,13
JONES COUNTY,253,76 Years,118,56,62,95,44,51,4,2,2,1,0,1,18,10,8
JONES COUNTY,253,77 Years,117,54,63,98,46,52,4,1,3,3,2,1,12,5,7
JONES COUNTY,253,78 Years,113,51,62,93,43,50,6,4,2,1,1,0,13,3,10
JONES COUNTY,253,79 Years,97,40,57,83,36,47,5,2,3,1,0,1,8,2,6
JONES COUNTY,253,80 Years,83,35,48,65,29,36,2,0,2,1,1,0,15,5,10
JONES COUNTY,253,81 Years,75,25,50,57,20,37,4,1,3,2,0,2,12,4,8
JONES COUNTY,253,82 Years,67,26,41,54,22,32,2,1,1,2,0,2,9,3,6
JONES COUNTY,253,83 Years,78,28,50,62,22,40,4,3,1,2,0,2,10,3,7
JONES COUNTY,253,84 Years,61,25,36,49,18,31,5,3,2,1,0,1,6,4,2
JONES COUNTY,253,85 Years +,338,123,215,280,100,180,10,4,6,10,3,7,38,16,22
KARNES COUNTY,255,All Ages,15687,9356,6331,6219,3390,2829,1374,1275,99,158,78,80,7936,4613,3323
KARNES COUNTY,255,< 1 Year,165,90,75,58,36,22,4,2,2,4,2,2,99,50,49
KARNES COUNTY,255,1 Years,162,87,75,57,34,23,4,3,1,2,0,2,99,50,49
KARNES COUNTY,255,2 Years,161,84,77,57,32,25,3,3,0,3,1,2,98,48,50
KARNES COUNTY,255,3 Years,148,75,73,54,28,26,2,1,1,0,0,0,92,46,46
KARNES COUNTY,255,4 Years,135,68,67,45,24,21,4,2,2,1,1,0,85,41,44
KARNES COUNTY,255,5 Years,147,77,70,49,34,15,5,3,2,3,0,3,90,40,50
KARNES COUNTY,255,6 Years,152,76,76,38,25,13,3,0,3,3,1,2,108,50,58
KARNES COUNTY,255,7 Years,154,75,79,46,22,24,1,0,1,3,2,1,104,51,53
KARNES COUNTY,255,8 Years,169,86,83,50,26,24,5,4,1,4,2,2,110,54,56
KARNES COUNTY,255,9 Years,182,93,89,57,32,25,8,6,2,4,2,2,113,53,60
KARNES COUNTY,255,10 Years,158,81,77,50,29,21,5,5,0,2,1,1,101,46,55
KARNES COUNTY,255,11 Years,164,86,78,49,24,25,4,2,2,3,1,2,108,59,49
KARNES COUNTY,255,12 Years,184,97,87,64,29,35,1,0,1,4,2,2,115,66,49
KARNES COUNTY,255,13 Years,167,85,82,55,26,29,2,1,1,4,2,2,106,56,50
KARNES COUNTY,255,14 Years,176,82,94,59,26,33,1,0,1,4,3,1,112,53,59
KARNES COUNTY,255,15 Years,180,88,92,61,27,34,1,0,1,3,2,1,115,59,56
KARNES COUNTY,255,16 Years,176,90,86,60,30,30,4,2,2,3,2,1,109,56,53
KARNES COUNTY,255,17 Years,169,92,77,57,35,22,3,2,1,2,1,1,107,54,53
KARNES COUNTY,255,18 Years,181,99,82,66,35,31,4,3,1,1,1,0,110,60,50
KARNES COUNTY,255,19 Years,196,126,70,59,34,25,16,16,0,2,1,1,119,75,44
KARNES COUNTY,255,20 Years,212,140,72,62,37,25,22,21,1,2,2,0,126,80,46
KARNES COUNTY,255,21 Years,220,145,75,68,41,27,27,25,2,1,1,0,124,78,46
KARNES COUNTY,255,22 Years,246,163,83,69,41,28,30,28,2,1,0,1,146,94,52
KARNES COUNTY,255,23 Years,289,210,79,76,48,28,45,44,1,3,1,2,165,117,48
KARNES COUNTY,255,24 Years,276,195,81,70,41,29,56,56,0,1,0,1,149,98,51
KARNES COUNTY,255,25 Years,280,203,77,65,42,23,58,57,1,2,2,0,155,102,53
KARNES COUNTY,255,26 Years,265,206,59,64,46,18,55,53,2,1,1,0,145,106,39
KARNES COUNTY,255,27 Years,269,197,72,70,44,26,53,50,3,3,2,1,143,101,42
KARNES COUNTY,255,28 Years,249,184,65,71,44,27,50,48,2,3,2,1,125,90,35
KARNES COUNTY,255,29 Years,264,191,73,70,46,24,68,65,3,5,1,4,121,79,42
KARNES COUNTY,255,30 Years,258,198,60,67,45,22,51,49,2,4,3,1,136,101,35
KARNES COUNTY,255,31 Years,247,190,57,58,36,22,56,54,2,1,1,0,132,99,33
KARNES COUNTY,255,32 Years,224,169,55,61,41,20,35,34,1,2,2,0,126,92,34
KARNES COUNTY,255,33 Years,242,182,60,67,46,21,46,44,2,2,1,1,127,91,36
KARNES COUNTY,255,34 Years,244,178,66,63,39,24,50,49,1,3,2,1,128,88,40
KARNES COUNTY,255,35 Years,242,172,70,65,40,25,47,46,1,1,0,1,129,86,43
KARNES COUNTY,255,36 Years,222,160,62,51,29,22,41,40,1,1,1,0,129,90,39
KARNES COUNTY,255,37 Years,198,144,54,52,32,20,35,35,0,2,1,1,109,76,33
KARNES COUNTY,255,38 Years,188,125,63,46,27,19,28,27,1,3,2,1,111,69,42
KARNES COUNTY,255,39 Years,197,140,57,57,35,22,32,31,1,2,2,0,106,72,34
KARNES COUNTY,255,40 Years,200,142,58,54,35,19,31,30,1,1,1,0,114,76,38
KARNES COUNTY,255,41 Years,189,124,65,65,40,25,24,22,2,2,0,2,98,62,36
KARNES COUNTY,255,42 Years,188,123,65,56,34,22,27,26,1,2,1,1,103,62,41
KARNES COUNTY,255,43 Years,198,136,62,67,44,23,19,18,1,0,0,0,112,74,38
KARNES COUNTY,255,44 Years,208,139,69,83,50,33,24,24,0,2,2,0,99,63,36
KARNES COUNTY,255,45 Years,212,137,75,89,55,34,21,20,1,1,1,0,101,61,40
KARNES COUNTY,255,46 Years,193,132,61,66,38,28,25,23,2,2,1,1,100,70,30
KARNES COUNTY,255,47 Years,197,120,77,83,42,41,21,20,1,1,0,1,92,58,34
KARNES COUNTY,255,48 Years,190,114,76,78,39,39,17,17,0,5,5,0,90,53,37
KARNES COUNTY,255,49 Years,200,120,80,82,46,36,19,18,1,3,1,2,96,55,41
KARNES COUNTY,255,50 Years,231,135,96,106,58,48,17,16,1,4,0,4,104,61,43
KARNES COUNTY,255,51 Years,231,142,89,120,70,50,18,17,1,2,1,1,91,54,37
KARNES COUNTY,255,52 Years,209,131,78,102,61,41,16,16,0,2,1,1,89,53,36
KARNES COUNTY,255,53 Years,206,127,79,90,58,32,12,10,2,2,1,1,102,58,44
KARNES COUNTY,255,54 Years,213,129,84,98,60,38,13,11,2,3,1,2,99,57,42
KARNES COUNTY,255,55 Years,206,121,85,117,70,47,8,7,1,3,2,1,78,42,36
KARNES COUNTY,255,56 Years,198,103,95,102,50,52,6,5,1,2,1,1,88,47,41
KARNES COUNTY,255,57 Years,200,93,107,102,44,58,6,5,1,0,0,0,92,44,48
KARNES COUNTY,255,58 Years,224,119,105,114,57,57,8,6,2,3,1,2,99,55,44
KARNES COUNTY,255,59 Years,214,113,101,118,59,59,6,4,2,1,1,0,89,49,40
KARNES COUNTY,255,60 Years,210,106,104,117,62,55,7,5,2,0,0,0,86,39,47
KARNES COUNTY,255,61 Years,211,106,105,117,57,60,10,8,2,2,0,2,82,41,41
KARNES COUNTY,255,62 Years,213,108,105,123,58,65,6,5,1,2,0,2,82,45,37
KARNES COUNTY,255,63 Years,184,85,99,113,51,62,2,2,0,2,0,2,67,32,35
KARNES COUNTY,255,64 Years,167,80,87,100,50,50,0,0,0,2,1,1,65,29,36
KARNES COUNTY,255,65 Years,165,86,79,95,54,41,4,3,1,1,0,1,65,29,36
KARNES COUNTY,255,66 Years,160,86,74,100,56,44,2,1,1,0,0,0,58,29,29
KARNES COUNTY,255,67 Years,169,88,81,103,56,47,2,2,0,0,0,0,64,30,34
KARNES COUNTY,255,68 Years,167,88,79,101,54,47,5,4,1,0,0,0,61,30,31
KARNES COUNTY,255,69 Years,130,61,69,73,36,37,5,3,2,2,1,1,50,21,29
KARNES COUNTY,255,70 Years,109,48,61,58,26,32,2,1,1,1,0,1,48,21,27
KARNES COUNTY,255,71 Years,110,51,59,66,32,34,2,1,1,1,1,0,41,17,24
KARNES COUNTY,255,72 Years,103,53,50,62,32,30,2,1,1,0,0,0,39,20,19
KARNES COUNTY,255,73 Years,98,49,49,59,28,31,2,2,0,0,0,0,37,19,18
KARNES COUNTY,255,74 Years,103,54,49,64,35,29,1,1,0,0,0,0,38,18,20
KARNES COUNTY,255,75 Years,91,42,49,58,31,27,0,0,0,2,0,2,31,11,20
KARNES COUNTY,255,76 Years,98,46,52,62,32,30,3,1,2,2,0,2,31,13,18
KARNES COUNTY,255,77 Years,93,41,52,55,25,30,1,0,1,1,0,1,36,16,20
KARNES COUNTY,255,78 Years,84,43,41,53,24,29,2,2,0,0,0,0,29,17,12
KARNES COUNTY,255,79 Years,89,39,50,60,27,33,2,1,1,0,0,0,27,11,16
KARNES COUNTY,255,80 Years,81,32,49,49,22,27,0,0,0,0,0,0,32,10,22
KARNES COUNTY,255,81 Years,79,30,49,47,20,27,0,0,0,1,0,1,31,10,21
KARNES COUNTY,255,82 Years,74,32,42,48,20,28,1,1,0,0,0,0,25,11,14
KARNES COUNTY,255,83 Years,61,28,33,41,18,23,1,1,0,0,0,0,19,9,10
KARNES COUNTY,255,84 Years,57,21,36,37,11,26,0,0,0,0,0,0,20,10,10
KARNES COUNTY,255,85 Years +,316,124,192,203,75,128,9,4,5,0,0,0,104,45,59
KAUFMAN COUNTY,257,All Ages,114037,55527,58510,75587,36552,39035,11982,5703,6279,3841,1783,2058,22627,11489,11138
KAUFMAN COUNTY,257,< 1 Year,1431,736,695,802,427,375,155,76,79,93,39,54,381,194,187
KAUFMAN COUNTY,257,1 Years,1437,733,704,814,429,385,155,76,79,97,40,57,371,188,183
KAUFMAN COUNTY,257,2 Years,1419,720,699,831,431,400,146,71,75,84,34,50,358,184,174
KAUFMAN COUNTY,257,3 Years,1385,701,684,811,418,393,142,70,72,76,29,47,356,184,172
KAUFMAN COUNTY,257,4 Years,1400,711,689,813,424,389,140,67,73,87,36,51,360,184,176
KAUFMAN COUNTY,257,5 Years,1409,707,702,796,394,402,148,73,75,76,38,38,389,202,187
KAUFMAN COUNTY,257,6 Years,1441,718,723,816,400,416,143,75,68,77,36,41,405,207,198
KAUFMAN COUNTY,257,7 Years,1581,763,818,910,421,489,160,81,79,89,41,48,422,220,202
KAUFMAN COUNTY,257,8 Years,1657,825,832,971,478,493,167,88,79,92,43,49,427,216,211
KAUFMAN COUNTY,257,9 Years,1761,879,882,1016,512,504,154,75,79,98,48,50,493,244,249
KAUFMAN COUNTY,257,10 Years,1780,910,870,1009,516,493,177,89,88,95,45,50,499,260,239
KAUFMAN COUNTY,257,11 Years,1859,964,895,1056,556,500,184,93,91,81,41,40,538,274,264
KAUFMAN COUNTY,257,12 Years,1912,975,937,1090,552,538,183,96,87,85,42,43,554,285,269
KAUFMAN COUNTY,257,13 Years,2002,1007,995,1157,572,585,195,92,103,89,46,43,561,297,264
KAUFMAN COUNTY,257,14 Years,2100,1066,1034,1221,618,603,205,96,109,92,48,44,582,304,278
KAUFMAN COUNTY,257,15 Years,2061,1066,995,1203,608,595,196,97,99,84,46,38,578,315,263
KAUFMAN COUNTY,257,16 Years,2002,1036,966,1190,602,588,204,110,94,71,37,34,537,287,250
KAUFMAN COUNTY,257,17 Years,1948,1025,923,1133,597,536,189,104,85,73,37,36,553,287,266
KAUFMAN COUNTY,257,18 Years,1838,978,860,1076,565,511,196,108,88,63,31,32,503,274,229
KAUFMAN COUNTY,257,19 Years,1654,864,790,932,491,441,200,99,101,58,25,33,464,249,215
KAUFMAN COUNTY,257,20 Years,1550,824,726,853,467,386,211,102,109,63,29,34,423,226,197
KAUFMAN COUNTY,257,21 Years,1504,759,745,805,415,390,217,104,113,61,30,31,421,210,211
KAUFMAN COUNTY,257,22 Years,1445,709,736,778,387,391,213,98,115,58,29,29,396,195,201
KAUFMAN COUNTY,257,23 Years,1373,675,698,773,388,385,220,103,117,45,22,23,335,162,173
KAUFMAN COUNTY,257,24 Years,1233,621,612,678,347,331,196,87,109,46,25,21,313,162,151
KAUFMAN COUNTY,257,25 Years,1174,599,575,654,344,310,172,77,95,40,22,18,308,156,152
KAUFMAN COUNTY,257,26 Years,1116,560,556,622,310,312,142,67,75,36,20,16,316,163,153
KAUFMAN COUNTY,257,27 Years,1067,522,545,620,288,332,111,57,54,36,17,19,300,160,140
KAUFMAN COUNTY,257,28 Years,1141,573,568,690,334,356,122,64,58,41,17,24,288,158,130
KAUFMAN COUNTY,257,29 Years,1185,577,608,712,339,373,137,63,74,37,17,20,299,158,141
KAUFMAN COUNTY,257,30 Years,1198,564,634,739,348,391,136,65,71,32,14,18,291,137,154
KAUFMAN COUNTY,257,31 Years,1283,603,680,819,377,442,135,62,73,33,16,17,296,148,148
KAUFMAN COUNTY,257,32 Years,1412,657,755,892,401,491,142,70,72,38,16,22,340,170,170
KAUFMAN COUNTY,257,33 Years,1486,685,801,965,433,532,150,80,70,39,15,24,332,157,175
KAUFMAN COUNTY,257,34 Years,1599,735,864,1069,477,592,137,73,64,38,19,19,355,166,189
KAUFMAN COUNTY,257,35 Years,1636,761,875,1104,500,604,124,61,63,38,17,21,370,183,187
KAUFMAN COUNTY,257,36 Years,1656,776,880,1113,518,595,137,63,74,39,17,22,367,178,189
KAUFMAN COUNTY,257,37 Years,1672,796,876,1102,522,580,156,75,81,37,17,20,377,182,195
KAUFMAN COUNTY,257,38 Years,1671,801,870,1090,526,564,150,64,86,46,19,27,385,192,193
KAUFMAN COUNTY,257,39 Years,1720,817,903,1135,549,586,160,63,97,46,18,28,379,187,192
KAUFMAN COUNTY,257,40 Years,1734,828,906,1134,545,589,175,79,96,43,16,27,382,188,194
KAUFMAN COUNTY,257,41 Years,1695,793,902,1113,517,596,181,87,94,48,21,27,353,168,185
KAUFMAN COUNTY,257,42 Years,1679,772,907,1090,497,593,195,93,102,51,20,31,343,162,181
KAUFMAN COUNTY,257,43 Years,1731,797,934,1151,529,622,194,93,101,45,21,24,341,154,187
KAUFMAN COUNTY,257,44 Years,1746,823,923,1183,562,621,193,88,105,45,22,23,325,151,174
KAUFMAN COUNTY,257,45 Years,1736,844,892,1171,572,599,197,95,102,55,28,27,313,149,164
KAUFMAN COUNTY,257,46 Years,1640,784,856,1088,516,572,188,90,98,56,28,28,308,150,158
KAUFMAN COUNTY,257,47 Years,1539,756,783,1027,498,529,183,88,95,43,21,22,286,149,137
KAUFMAN COUNTY,257,48 Years,1545,748,797,1049,497,552,185,90,95,36,18,18,275,143,132
KAUFMAN COUNTY,257,49 Years,1530,727,803,1030,485,545,208,99,109,35,14,21,257,129,128
KAUFMAN COUNTY,257,50 Years,1573,757,816,1062,514,548,204,93,111,41,19,22,266,131,135
KAUFMAN COUNTY,257,51 Years,1637,799,838,1149,560,589,191,85,106,41,21,20,256,133,123
KAUFMAN COUNTY,257,52 Years,1604,786,818,1157,563,594,174,78,96,34,17,17,239,128,111
KAUFMAN COUNTY,257,53 Years,1558,777,781,1147,578,569,171,77,94,33,12,21,207,110,97
KAUFMAN COUNTY,257,54 Years,1581,784,797,1182,590,592,161,72,89,40,18,22,198,104,94
KAUFMAN COUNTY,257,55 Years,1599,786,813,1221,594,627,154,71,83,44,24,20,180,97,83
KAUFMAN COUNTY,257,56 Years,1521,743,778,1183,565,618,149,71,78,42,22,20,147,85,62
KAUFMAN COUNTY,257,57 Years,1544,754,790,1213,592,621,162,73,89,39,20,19,130,69,61
KAUFMAN COUNTY,257,58 Years,1464,721,743,1154,564,590,147,73,74,39,16,23,124,68,56
KAUFMAN COUNTY,257,59 Years,1397,677,720,1076,515,561,141,69,72,46,22,24,134,71,63
KAUFMAN COUNTY,257,60 Years,1357,655,702,1062,514,548,127,56,71,40,19,21,128,66,62
KAUFMAN COUNTY,257,61 Years,1284,641,643,1019,505,514,121,59,62,32,16,16,112,61,51
KAUFMAN COUNTY,257,62 Years,1253,622,631,992,490,502,123,61,62,32,15,17,106,56,50
KAUFMAN COUNTY,257,63 Years,1168,559,609,928,444,484,117,59,58,29,13,16,94,43,51
KAUFMAN COUNTY,257,64 Years,1103,524,579,865,405,460,120,62,58,28,13,15,90,44,46
KAUFMAN COUNTY,257,65 Years,1107,519,588,884,414,470,114,55,59,32,13,19,77,37,40
KAUFMAN COUNTY,257,66 Years,1064,517,547,855,420,435,106,51,55,26,12,14,77,34,43
KAUFMAN COUNTY,257,67 Years,1028,487,541,821,395,426,104,43,61,20,8,12,83,41,42
KAUFMAN COUNTY,257,68 Years,968,456,512,792,380,412,90,35,55,22,8,14,64,33,31
KAUFMAN COUNTY,257,69 Years,860,395,465,687,326,361,83,32,51,25,8,17,65,29,36
KAUFMAN COUNTY,257,70 Years,793,350,443,634,284,350,72,30,42,25,9,16,62,27,35
KAUFMAN COUNTY,257,71 Years,741,338,403,600,273,327,67,32,35,19,8,11,55,25,30
KAUFMAN COUNTY,257,72 Years,708,316,392,590,261,329,55,28,27,18,9,9,45,18,27
KAUFMAN COUNTY,257,73 Years,659,301,358,546,253,293,57,28,29,17,6,11,39,14,25
KAUFMAN COUNTY,257,74 Years,603,283,320,501,237,264,54,24,30,17,6,11,31,16,15
KAUFMAN COUNTY,257,75 Years,544,264,280,457,222,235,52,21,31,12,8,4,23,13,10
KAUFMAN COUNTY,257,76 Years,514,240,274,433,203,230,48,20,28,9,4,5,24,13,11
KAUFMAN COUNTY,257,77 Years,436,196,240,363,163,200,38,16,22,9,5,4,26,12,14
KAUFMAN COUNTY,257,78 Years,399,179,220,323,149,174,38,13,25,12,6,6,26,11,15
KAUFMAN COUNTY,257,79 Years,367,164,203,311,142,169,30,11,19,11,3,8,15,8,7
KAUFMAN COUNTY,257,80 Years,357,148,209,311,126,185,22,9,13,11,4,7,13,9,4
KAUFMAN COUNTY,257,81 Years,318,131,187,280,115,165,21,8,13,6,3,3,11,5,6
KAUFMAN COUNTY,257,82 Years,305,128,177,264,113,151,26,9,17,3,1,2,12,5,7
KAUFMAN COUNTY,257,83 Years,263,109,154,229,97,132,21,8,13,3,0,3,10,4,6
KAUFMAN COUNTY,257,84 Years,248,95,153,219,85,134,17,6,11,2,1,1,10,3,7
KAUFMAN COUNTY,257,85 Years +,1339,456,883,1181,402,779,99,29,70,16,7,9,43,18,25
KENDALL COUNTY,259,All Ages,40419,19448,20971,30563,14394,16169,159,91,68,866,431,435,8831,4532,4299
KENDALL COUNTY,259,< 1 Year,394,205,189,249,124,125,2,1,1,6,3,3,137,77,60
KENDALL COUNTY,259,1 Years,375,195,180,241,121,120,2,1,1,5,3,2,127,70,57
KENDALL COUNTY,259,2 Years,363,186,177,238,123,115,1,1,0,7,5,2,117,57,60
KENDALL COUNTY,259,3 Years,351,179,172,223,112,111,2,1,1,7,5,2,119,61,58
KENDALL COUNTY,259,4 Years,368,179,189,233,111,122,1,1,0,7,5,2,127,62,65
KENDALL COUNTY,259,5 Years,381,187,194,238,117,121,2,2,0,8,5,3,133,63,70
KENDALL COUNTY,259,6 Years,365,181,184,231,114,117,0,0,0,10,5,5,124,62,62
KENDALL COUNTY,259,7 Years,408,210,198,262,136,126,1,1,0,6,3,3,139,70,69
KENDALL COUNTY,259,8 Years,410,207,203,274,140,134,1,1,0,8,3,5,127,63,64
KENDALL COUNTY,259,9 Years,469,223,246,310,145,165,2,1,1,14,5,9,143,72,71
KENDALL COUNTY,259,10 Years,528,245,283,344,157,187,2,0,2,22,10,12,160,78,82
KENDALL COUNTY,259,11 Years,535,267,268,375,177,198,2,1,1,12,8,4,146,81,65
KENDALL COUNTY,259,12 Years,552,273,279,381,183,198,3,1,2,9,4,5,159,85,74
KENDALL COUNTY,259,13 Years,600,314,286,404,201,203,2,2,0,17,7,10,177,104,73
KENDALL COUNTY,259,14 Years,642,323,319,434,210,224,2,1,1,15,7,8,191,105,86
KENDALL COUNTY,259,15 Years,668,327,341,461,216,245,3,2,1,13,7,6,191,102,89
KENDALL COUNTY,259,16 Years,667,345,322,453,223,230,3,2,1,19,10,9,192,110,82
KENDALL COUNTY,259,17 Years,652,335,317,437,221,216,4,2,2,28,11,17,183,101,82
KENDALL COUNTY,259,18 Years,627,326,301,399,203,196,4,2,2,27,12,15,197,109,88
KENDALL COUNTY,259,19 Years,603,313,290,381,192,189,4,2,2,21,11,10,197,108,89
KENDALL COUNTY,259,20 Years,547,264,283,344,168,176,7,3,4,19,10,9,177,83,94
KENDALL COUNTY,259,21 Years,476,232,244,294,140,154,2,1,1,15,10,5,165,81,84
KENDALL COUNTY,259,22 Years,474,233,241,296,146,150,4,3,1,12,8,4,162,76,86
KENDALL COUNTY,259,23 Years,444,220,224,292,149,143,2,1,1,12,6,6,138,64,74
KENDALL COUNTY,259,24 Years,388,199,189,243,120,123,1,0,1,10,6,4,134,73,61
KENDALL COUNTY,259,25 Years,322,177,145,210,117,93,1,0,1,5,4,1,106,56,50
KENDALL COUNTY,259,26 Years,305,178,127,196,120,76,1,0,1,11,8,3,97,50,47
KENDALL COUNTY,259,27 Years,296,155,141,188,93,95,2,2,0,9,5,4,97,55,42
KENDALL COUNTY,259,28 Years,263,133,130,147,74,73,2,2,0,7,4,3,107,53,54
KENDALL COUNTY,259,29 Years,293,160,133,181,102,79,1,1,0,5,3,2,106,54,52
KENDALL COUNTY,259,30 Years,278,150,128,163,80,83,1,0,1,5,3,2,109,67,42
KENDALL COUNTY,259,31 Years,281,141,140,171,81,90,1,0,1,2,1,1,107,59,48
KENDALL COUNTY,259,32 Years,315,157,158,202,96,106,0,0,0,4,2,2,109,59,50
KENDALL COUNTY,259,33 Years,333,165,168,215,101,114,0,0,0,7,2,5,111,62,49
KENDALL COUNTY,259,34 Years,356,175,181,226,106,120,1,1,0,5,2,3,124,66,58
KENDALL COUNTY,259,35 Years,356,168,188,241,108,133,1,1,0,4,2,2,110,57,53
KENDALL COUNTY,259,36 Years,376,168,208,248,107,141,3,0,3,9,3,6,116,58,58
KENDALL COUNTY,259,37 Years,384,180,204,266,119,147,2,1,1,7,4,3,109,56,53
KENDALL COUNTY,259,38 Years,404,203,201,283,140,143,1,0,1,7,3,4,113,60,53
KENDALL COUNTY,259,39 Years,432,224,208,299,151,148,0,0,0,7,4,3,126,69,57
KENDALL COUNTY,259,40 Years,455,224,231,328,160,168,1,1,0,9,4,5,117,59,58
KENDALL COUNTY,259,41 Years,450,216,234,330,158,172,1,1,0,8,5,3,111,52,59
KENDALL COUNTY,259,42 Years,473,219,254,343,156,187,1,1,0,5,3,2,124,59,65
KENDALL COUNTY,259,43 Years,508,231,277,383,166,217,1,1,0,9,3,6,115,61,54
KENDALL COUNTY,259,44 Years,542,228,314,421,173,248,3,1,2,12,5,7,106,49,57
KENDALL COUNTY,259,45 Years,531,236,295,413,181,232,2,1,1,16,8,8,100,46,54
KENDALL COUNTY,259,46 Years,529,244,285,412,187,225,1,1,0,15,8,7,101,48,53
KENDALL COUNTY,259,47 Years,557,249,308,413,179,234,3,2,1,18,10,8,123,58,65
KENDALL COUNTY,259,48 Years,580,270,310,432,200,232,2,1,1,18,10,8,128,59,69
KENDALL COUNTY,259,49 Years,601,292,309,455,218,237,1,1,0,16,8,8,129,65,64
KENDALL COUNTY,259,50 Years,685,318,367,528,242,286,2,1,1,17,8,9,138,67,71
KENDALL COUNTY,259,51 Years,690,330,360,528,247,281,2,2,0,18,8,10,142,73,69
KENDALL COUNTY,259,52 Years,666,313,353,540,250,290,2,2,0,17,5,12,107,56,51
KENDALL COUNTY,259,53 Years,691,307,384,555,243,312,5,2,3,11,3,8,120,59,61
KENDALL COUNTY,259,54 Years,680,312,368,552,250,302,3,0,3,10,3,7,115,59,56
KENDALL COUNTY,259,55 Years,680,316,364,556,257,299,2,0,2,11,5,6,111,54,57
KENDALL COUNTY,259,56 Years,667,308,359,563,259,304,2,1,1,12,5,7,90,43,47
KENDALL COUNTY,259,57 Years,678,323,355,572,261,311,3,2,1,12,7,5,91,53,38
KENDALL COUNTY,259,58 Years,671,325,346,562,267,295,4,2,2,10,7,3,95,49,46
KENDALL COUNTY,259,59 Years,614,273,341,521,226,295,2,1,1,10,4,6,81,42,39
KENDALL COUNTY,259,60 Years,641,292,349,553,245,308,2,1,1,14,10,4,72,36,36
KENDALL COUNTY,259,61 Years,648,312,336,560,265,295,1,0,1,12,8,4,75,39,36
KENDALL COUNTY,259,62 Years,609,292,317,525,247,278,3,2,1,9,6,3,72,37,35
KENDALL COUNTY,259,63 Years,595,272,323,512,225,287,4,4,0,9,6,3,70,37,33
KENDALL COUNTY,259,64 Years,613,287,326,530,240,290,7,5,2,7,2,5,69,40,29
KENDALL COUNTY,259,65 Years,597,282,315,516,240,276,4,3,1,9,2,7,68,37,31
KENDALL COUNTY,259,66 Years,587,288,299,510,253,257,4,3,1,8,2,6,65,30,35
KENDALL COUNTY,259,67 Years,608,299,309,536,264,272,3,2,1,8,3,5,61,30,31
KENDALL COUNTY,259,68 Years,607,297,310,547,271,276,2,2,0,7,2,5,51,22,29
KENDALL COUNTY,259,69 Years,505,250,255,454,226,228,2,1,1,7,3,4,42,20,22
KENDALL COUNTY,259,70 Years,482,235,247,430,209,221,0,0,0,12,7,5,40,19,21
KENDALL COUNTY,259,71 Years,460,227,233,419,211,208,0,0,0,9,4,5,32,12,20
KENDALL COUNTY,259,72 Years,429,204,225,386,184,202,1,1,0,10,4,6,32,15,17
KENDALL COUNTY,259,73 Years,387,187,200,337,162,175,1,1,0,7,4,3,42,20,22
KENDALL COUNTY,259,74 Years,340,155,185,297,135,162,0,0,0,3,2,1,40,18,22
KENDALL COUNTY,259,75 Years,294,131,163,257,114,143,1,0,1,3,2,1,33,15,18
KENDALL COUNTY,259,76 Years,291,144,147,262,130,132,1,0,1,3,2,1,25,12,13
KENDALL COUNTY,259,77 Years,256,134,122,230,119,111,1,0,1,4,2,2,21,13,8
KENDALL COUNTY,259,78 Years,244,119,125,218,107,111,0,0,0,6,2,4,20,10,10
KENDALL COUNTY,259,79 Years,220,103,117,197,90,107,0,0,0,7,4,3,16,9,7
KENDALL COUNTY,259,80 Years,192,91,101,170,83,87,0,0,0,5,2,3,17,6,11
KENDALL COUNTY,259,81 Years,193,97,96,164,84,80,1,1,0,8,4,4,20,8,12
KENDALL COUNTY,259,82 Years,180,79,101,157,68,89,0,0,0,7,3,4,16,8,8
KENDALL COUNTY,259,83 Years,148,72,76,135,65,70,0,0,0,2,1,1,11,6,5
KENDALL COUNTY,259,84 Years,138,58,80,127,52,75,0,0,0,1,0,1,10,6,4
KENDALL COUNTY,259,85 Years +,926,305,621,854,281,573,2,0,2,12,6,6,58,18,40
KENEDY COUNTY,261,All Ages,415,216,199,91,42,49,2,0,2,12,7,5,310,167,143
KENEDY COUNTY,261,< 1 Year,2,1,1,0,0,0,0,0,0,0,0,0,2,1,1
KENEDY COUNTY,261,1 Years,4,2,2,0,0,0,0,0,0,0,0,0,4,2,2
KENEDY COUNTY,261,2 Years,6,3,3,0,0,0,0,0,0,0,0,0,6,3,3
KENEDY COUNTY,261,3 Years,5,2,3,1,1,0,0,0,0,0,0,0,4,1,3
KENEDY COUNTY,261,4 Years,4,2,2,2,1,1,0,0,0,0,0,0,2,1,1
KENEDY COUNTY,261,5 Years,9,5,4,3,1,2,0,0,0,2,2,0,4,2,2
KENEDY COUNTY,261,6 Years,6,3,3,2,0,2,0,0,0,1,1,0,3,2,1
KENEDY COUNTY,261,7 Years,5,3,2,1,0,1,0,0,0,1,0,1,3,3,0
KENEDY COUNTY,261,8 Years,4,3,1,0,0,0,0,0,0,1,0,1,3,3,0
KENEDY COUNTY,261,9 Years,4,2,2,1,0,1,0,0,0,0,0,0,3,2,1
KENEDY COUNTY,261,10 Years,3,0,3,0,0,0,0,0,0,0,0,0,3,0,3
KENEDY COUNTY,261,11 Years,3,1,2,0,0,0,0,0,0,0,0,0,3,1,2
KENEDY COUNTY,261,12 Years,3,3,0,0,0,0,0,0,0,0,0,0,3,3,0
KENEDY COUNTY,261,13 Years,5,3,2,1,1,0,0,0,0,0,0,0,4,2,2
KENEDY COUNTY,261,14 Years,5,3,2,2,1,1,0,0,0,0,0,0,3,2,1
KENEDY COUNTY,261,15 Years,5,3,2,0,0,0,0,0,0,0,0,0,5,3,2
KENEDY COUNTY,261,16 Years,7,4,3,2,1,1,0,0,0,0,0,0,5,3,2
KENEDY COUNTY,261,17 Years,7,4,3,1,1,0,0,0,0,0,0,0,6,3,3
KENEDY COUNTY,261,18 Years,6,3,3,0,0,0,0,0,0,1,0,1,5,3,2
KENEDY COUNTY,261,19 Years,5,2,3,1,0,1,0,0,0,1,0,1,3,2,1
KENEDY COUNTY,261,20 Years,4,3,1,0,0,0,0,0,0,1,1,0,3,2,1
KENEDY COUNTY,261,21 Years,7,4,3,1,0,1,0,0,0,1,1,0,5,3,2
KENEDY COUNTY,261,22 Years,9,6,3,3,1,2,0,0,0,0,0,0,6,5,1
KENEDY COUNTY,261,23 Years,7,4,3,2,1,1,0,0,0,0,0,0,5,3,2
KENEDY COUNTY,261,24 Years,2,1,1,0,0,0,0,0,0,0,0,0,2,1,1
KENEDY COUNTY,261,25 Years,4,1,3,1,1,0,0,0,0,0,0,0,3,0,3
KENEDY COUNTY,261,26 Years,5,1,4,1,1,0,1,0,1,0,0,0,3,0,3
KENEDY COUNTY,261,27 Years,4,1,3,1,0,1,1,0,1,0,0,0,2,1,1
KENEDY COUNTY,261,28 Years,12,7,5,1,1,0,0,0,0,1,1,0,10,5,5
KENEDY COUNTY,261,29 Years,7,3,4,2,0,2,0,0,0,0,0,0,5,3,2
KENEDY COUNTY,261,30 Years,4,2,2,2,0,2,0,0,0,0,0,0,2,2,0
KENEDY COUNTY,261,31 Years,5,3,2,2,1,1,0,0,0,0,0,0,3,2,1
KENEDY COUNTY,261,32 Years,3,0,3,2,0,2,0,0,0,0,0,0,1,0,1
KENEDY COUNTY,261,33 Years,4,2,2,1,1,0,0,0,0,0,0,0,3,1,2
KENEDY COUNTY,261,34 Years,9,5,4,3,2,1,0,0,0,0,0,0,6,3,3
KENEDY COUNTY,261,35 Years,4,0,4,1,0,1,0,0,0,0,0,0,3,0,3
KENEDY COUNTY,261,36 Years,3,0,3,0,0,0,0,0,0,0,0,0,3,0,3
KENEDY COUNTY,261,37 Years,4,2,2,2,1,1,0,0,0,0,0,0,2,1,1
KENEDY COUNTY,261,38 Years,3,1,2,1,0,1,0,0,0,0,0,0,2,1,1
KENEDY COUNTY,261,39 Years,2,1,1,0,0,0,0,0,0,0,0,0,2,1,1
KENEDY COUNTY,261,40 Years,2,2,0,1,1,0,0,0,0,0,0,0,1,1,0
KENEDY COUNTY,261,41 Years,3,2,1,1,0,1,0,0,0,0,0,0,2,2,0
KENEDY COUNTY,261,42 Years,3,2,1,1,1,0,0,0,0,0,0,0,2,1,1
KENEDY COUNTY,261,43 Years,3,3,0,2,2,0,0,0,0,1,1,0,0,0,0
KENEDY COUNTY,261,44 Years,3,1,2,1,1,0,0,0,0,0,0,0,2,0,2
KENEDY COUNTY,261,45 Years,4,3,1,1,1,0,0,0,0,0,0,0,3,2,1
KENEDY COUNTY,261,46 Years,5,4,1,1,1,0,0,0,0,0,0,0,4,3,1
KENEDY COUNTY,261,47 Years,8,4,4,1,0,1,0,0,0,0,0,0,7,4,3
KENEDY COUNTY,261,48 Years,9,4,5,1,1,0,0,0,0,0,0,0,8,3,5
KENEDY COUNTY,261,49 Years,3,2,1,0,0,0,0,0,0,0,0,0,3,2,1
KENEDY COUNTY,261,50 Years,6,3,3,1,1,0,0,0,0,0,0,0,5,2,3
KENEDY COUNTY,261,51 Years,9,5,4,2,0,2,0,0,0,0,0,0,7,5,2
KENEDY COUNTY,261,52 Years,5,2,3,1,0,1,0,0,0,0,0,0,4,2,2
KENEDY COUNTY,261,53 Years,6,3,3,0,0,0,0,0,0,0,0,0,6,3,3
KENEDY COUNTY,261,54 Years,6,5,1,2,2,0,0,0,0,0,0,0,4,3,1
KENEDY COUNTY,261,55 Years,5,3,2,1,1,0,0,0,0,0,0,0,4,2,2
KENEDY COUNTY,261,56 Years,7,3,4,1,0,1,0,0,0,0,0,0,6,3,3
KENEDY COUNTY,261,57 Years,7,3,4,1,0,1,0,0,0,0,0,0,6,3,3
KENEDY COUNTY,261,58 Years,4,1,3,1,0,1,0,0,0,0,0,0,3,1,2
KENEDY COUNTY,261,59 Years,7,5,2,2,1,1,0,0,0,0,0,0,5,4,1
KENEDY COUNTY,261,60 Years,7,6,1,3,2,1,0,0,0,0,0,0,4,4,0
KENEDY COUNTY,261,61 Years,7,6,1,1,1,0,0,0,0,0,0,0,6,5,1
KENEDY COUNTY,261,62 Years,8,5,3,1,0,1,0,0,0,0,0,0,7,5,2
KENEDY COUNTY,261,63 Years,5,3,2,2,1,1,0,0,0,0,0,0,3,2,1
KENEDY COUNTY,261,64 Years,2,1,1,2,1,1,0,0,0,0,0,0,0,0,0
KENEDY COUNTY,261,65 Years,2,1,1,1,0,1,0,0,0,0,0,0,1,1,0
KENEDY COUNTY,261,66 Years,6,4,2,2,1,1,0,0,0,0,0,0,4,3,1
KENEDY COUNTY,261,67 Years,5,1,4,0,0,0,0,0,0,0,0,0,5,1,4
KENEDY COUNTY,261,68 Years,10,5,5,2,2,0,0,0,0,0,0,0,8,3,5
KENEDY COUNTY,261,69 Years,7,3,4,0,0,0,0,0,0,0,0,0,7,3,4
KENEDY COUNTY,261,70 Years,3,2,1,0,0,0,0,0,0,0,0,0,3,2,1
KENEDY COUNTY,261,71 Years,3,3,0,1,1,0,0,0,0,0,0,0,2,2,0
KENEDY COUNTY,261,72 Years,1,1,0,0,0,0,0,0,0,0,0,0,1,1,0
KENEDY COUNTY,261,73 Years,2,2,0,0,0,0,0,0,0,0,0,0,2,2,0
KENEDY COUNTY,261,74 Years,3,0,3,0,0,0,0,0,0,0,0,0,3,0,3
KENEDY COUNTY,261,75 Years,4,2,2,1,0,1,0,0,0,0,0,0,3,2,1
KENEDY COUNTY,261,76 Years,3,1,2,0,0,0,0,0,0,0,0,0,3,1,2
KENEDY COUNTY,261,77 Years,2,1,1,0,0,0,0,0,0,0,0,0,2,1,1
KENEDY COUNTY,261,78 Years,5,4,1,1,1,0,0,0,0,0,0,0,4,3,1
KENEDY COUNTY,261,79 Years,2,1,1,0,0,0,0,0,0,0,0,0,2,1,1
KENEDY COUNTY,261,80 Years,2,0,2,1,0,1,0,0,0,0,0,0,1,0,1
KENEDY COUNTY,261,81 Years,2,0,2,1,0,1,0,0,0,0,0,0,1,0,1
KENEDY COUNTY,261,82 Years,0,0,0,0,0,0,0,0,0,0,0,0,0,0,0
KENEDY COUNTY,261,83 Years,2,0,2,1,0,1,0,0,0,1,0,1,0,0,0
KENEDY COUNTY,261,84 Years,3,1,2,1,1,0,0,0,0,0,0,0,2,0,2
KENEDY COUNTY,261,85 Years +,14,4,10,5,1,4,0,0,0,0,0,0,9,3,6
KENT COUNTY,263,All Ages,803,404,399,651,321,330,5,1,4,16,6,10,131,76,55
KENT COUNTY,263,< 1 Year,8,5,3,8,5,3,0,0,0,0,0,0,0,0,0
KENT COUNTY,263,1 Years,9,6,3,9,6,3,0,0,0,0,0,0,0,0,0
KENT COUNTY,263,2 Years,10,6,4,6,3,3,0,0,0,0,0,0,4,3,1
KENT COUNTY,263,3 Years,8,5,3,4,2,2,0,0,0,0,0,0,4,3,1
KENT COUNTY,263,4 Years,6,3,3,4,2,2,0,0,0,0,0,0,2,1,1
KENT COUNTY,263,5 Years,8,3,5,5,2,3,1,1,0,0,0,0,2,0,2
KENT COUNTY,263,6 Years,9,5,4,5,3,2,0,0,0,0,0,0,4,2,2
KENT COUNTY,263,7 Years,7,5,2,5,4,1,0,0,0,0,0,0,2,1,1
KENT COUNTY,263,8 Years,7,5,2,4,3,1,0,0,0,1,0,1,2,2,0
KENT COUNTY,263,9 Years,7,3,4,4,2,2,0,0,0,1,0,1,2,1,1
KENT COUNTY,263,10 Years,7,4,3,5,3,2,0,0,0,0,0,0,2,1,1
KENT COUNTY,263,11 Years,11,6,5,8,3,5,0,0,0,0,0,0,3,3,0
KENT COUNTY,263,12 Years,10,5,5,8,3,5,0,0,0,0,0,0,2,2,0
KENT COUNTY,263,13 Years,15,9,6,11,7,4,0,0,0,0,0,0,4,2,2
KENT COUNTY,263,14 Years,13,7,6,7,4,3,0,0,0,0,0,0,6,3,3
KENT COUNTY,263,15 Years,12,8,4,6,3,3,0,0,0,0,0,0,6,5,1
KENT COUNTY,263,16 Years,10,5,5,6,3,3,0,0,0,0,0,0,4,2,2
KENT COUNTY,263,17 Years,10,4,6,6,3,3,0,0,0,1,0,1,3,1,2
KENT COUNTY,263,18 Years,11,4,7,8,4,4,0,0,0,1,0,1,2,0,2
KENT COUNTY,263,19 Years,14,7,7,11,6,5,0,0,0,1,1,0,2,0,2
KENT COUNTY,263,20 Years,11,6,5,9,5,4,0,0,0,0,0,0,2,1,1
KENT COUNTY,263,21 Years,7,4,3,5,2,3,0,0,0,0,0,0,2,2,0
KENT COUNTY,263,22 Years,10,5,5,7,3,4,0,0,0,1,1,0,2,1,1
KENT COUNTY,263,23 Years,8,4,4,6,3,3,0,0,0,0,0,0,2,1,1
KENT COUNTY,263,24 Years,9,6,3,8,5,3,0,0,0,0,0,0,1,1,0
KENT COUNTY,263,25 Years,4,1,3,3,1,2,0,0,0,0,0,0,1,0,1
KENT COUNTY,263,26 Years,4,3,1,3,3,0,0,0,0,0,0,0,1,0,1
KENT COUNTY,263,27 Years,5,3,2,5,3,2,0,0,0,0,0,0,0,0,0
KENT COUNTY,263,28 Years,6,3,3,5,2,3,0,0,0,1,1,0,0,0,0
KENT COUNTY,263,29 Years,5,3,2,5,3,2,0,0,0,0,0,0,0,0,0
KENT COUNTY,263,30 Years,7,5,2,6,4,2,0,0,0,0,0,0,1,1,0
KENT COUNTY,263,31 Years,5,4,1,4,3,1,0,0,0,0,0,0,1,1,0
KENT COUNTY,263,32 Years,6,2,4,6,2,4,0,0,0,0,0,0,0,0,0
KENT COUNTY,263,33 Years,6,2,4,6,2,4,0,0,0,0,0,0,0,0,0
KENT COUNTY,263,34 Years,7,1,6,6,1,5,0,0,0,0,0,0,1,0,1
KENT COUNTY,263,35 Years,9,6,3,6,4,2,0,0,0,0,0,0,3,2,1
KENT COUNTY,263,36 Years,6,4,2,4,3,1,0,0,0,1,1,0,1,0,1
KENT COUNTY,263,37 Years,3,2,1,2,1,1,0,0,0,0,0,0,1,1,0
KENT COUNTY,263,38 Years,3,2,1,2,1,1,0,0,0,0,0,0,1,1,0
KENT COUNTY,263,39 Years,6,2,4,3,1,2,1,0,1,1,0,1,1,1,0
KENT COUNTY,263,40 Years,9,4,5,6,4,2,0,0,0,1,0,1,2,0,2
KENT COUNTY,263,41 Years,6,4,2,5,3,2,0,0,0,0,0,0,1,1,0
KENT COUNTY,263,42 Years,8,4,4,6,2,4,0,0,0,0,0,0,2,2,0
KENT COUNTY,263,43 Years,9,3,6,7,2,5,0,0,0,0,0,0,2,1,1
KENT COUNTY,263,44 Years,8,5,3,7,4,3,0,0,0,0,0,0,1,1,0
KENT COUNTY,263,45 Years,5,3,2,3,1,2,0,0,0,0,0,0,2,2,0
KENT COUNTY,263,46 Years,9,5,4,5,3,2,0,0,0,0,0,0,4,2,2
KENT COUNTY,263,47 Years,6,2,4,5,1,4,0,0,0,0,0,0,1,1,0
KENT COUNTY,263,48 Years,10,5,5,10,5,5,0,0,0,0,0,0,0,0,0
KENT COUNTY,263,49 Years,14,6,8,12,6,6,0,0,0,0,0,0,2,0,2
KENT COUNTY,263,50 Years,14,6,8,10,3,7,0,0,0,0,0,0,4,3,1
KENT COUNTY,263,51 Years,11,6,5,9,5,4,0,0,0,0,0,0,2,1,1
KENT COUNTY,263,52 Years,9,8,1,8,7,1,0,0,0,0,0,0,1,1,0
KENT COUNTY,263,53 Years,8,2,6,7,2,5,0,0,0,0,0,0,1,0,1
KENT COUNTY,263,54 Years,11,6,5,11,6,5,0,0,0,0,0,0,0,0,0
KENT COUNTY,263,55 Years,14,7,7,13,7,6,0,0,0,0,0,0,1,0,1
KENT COUNTY,263,56 Years,9,5,4,8,4,4,0,0,0,0,0,0,1,1,0
KENT COUNTY,263,57 Years,19,10,9,16,7,9,0,0,0,0,0,0,3,3,0
KENT COUNTY,263,58 Years,16,11,5,14,10,4,0,0,0,0,0,0,2,1,1
KENT COUNTY,263,59 Years,11,7,4,10,6,4,0,0,0,0,0,0,1,1,0
KENT COUNTY,263,60 Years,11,6,5,11,6,5,0,0,0,0,0,0,0,0,0
KENT COUNTY,263,61 Years,9,3,6,9,3,6,0,0,0,0,0,0,0,0,0
KENT COUNTY,263,62 Years,10,4,6,10,4,6,0,0,0,0,0,0,0,0,0
KENT COUNTY,263,63 Years,8,3,5,7,3,4,0,0,0,0,0,0,1,0,1
KENT COUNTY,263,64 Years,5,3,2,5,3,2,0,0,0,0,0,0,0,0,0
KENT COUNTY,263,65 Years,9,4,5,9,4,5,0,0,0,0,0,0,0,0,0
KENT COUNTY,263,66 Years,9,4,5,7,3,4,0,0,0,0,0,0,2,1,1
KENT COUNTY,263,67 Years,21,9,12,19,9,10,0,0,0,1,0,1,1,0,1
KENT COUNTY,263,68 Years,18,9,9,15,8,7,0,0,0,0,0,0,3,1,2
KENT COUNTY,263,69 Years,11,5,6,9,4,5,0,0,0,0,0,0,2,1,1
KENT COUNTY,263,70 Years,9,5,4,9,5,4,0,0,0,0,0,0,0,0,0
KENT COUNTY,263,71 Years,9,5,4,9,5,4,0,0,0,0,0,0,0,0,0
KENT COUNTY,263,72 Years,7,4,3,7,4,3,0,0,0,0,0,0,0,0,0
KENT COUNTY,263,73 Years,9,4,5,8,4,4,0,0,0,1,0,1,0,0,0
KENT COUNTY,263,74 Years,9,6,3,6,3,3,0,0,0,0,0,0,3,3,0
KENT COUNTY,263,75 Years,12,5,7,10,3,7,0,0,0,0,0,0,2,2,0
KENT COUNTY,263,76 Years,15,4,11,12,4,8,2,0,2,0,0,0,1,0,1
KENT COUNTY,263,77 Years,7,3,4,5,3,2,1,0,1,1,0,1,0,0,0
KENT COUNTY,263,78 Years,6,3,3,4,1,3,0,0,0,1,1,0,1,1,0
KENT COUNTY,263,79 Years,3,2,1,2,1,1,0,0,0,1,1,0,0,0,0
KENT COUNTY,263,80 Years,5,4,1,5,4,1,0,0,0,0,0,0,0,0,0
KENT COUNTY,263,81 Years,8,4,4,5,3,2,0,0,0,0,0,0,3,1,2
KENT COUNTY,263,82 Years,7,0,7,5,0,5,0,0,0,0,0,0,2,0,2
KENT COUNTY,263,83 Years,6,3,3,6,3,3,0,0,0,0,0,0,0,0,0
KENT COUNTY,263,84 Years,11,5,6,11,5,6,0,0,0,0,0,0,0,0,0
KENT COUNTY,263,85 Years +,44,15,29,43,15,28,0,0,0,1,0,1,0,0,0
KERR COUNTY,265,All Ages,51414,24915,26499,35809,17023,18786,756,456,300,1337,624,713,13512,6812,6700
KERR COUNTY,265,< 1 Year,576,281,295,255,129,126,6,4,2,29,15,14,286,133,153
KERR COUNTY,265,1 Years,560,274,286,253,128,125,6,4,2,27,12,15,274,130,144
KERR COUNTY,265,2 Years,545,272,273,253,126,127,7,4,3,24,12,12,261,130,131
KERR COUNTY,265,3 Years,520,254,266,241,117,124,6,3,3,25,11,14,248,123,125
KERR COUNTY,265,4 Years,540,266,274,249,118,131,8,4,4,32,16,16,251,128,123
KERR COUNTY,265,5 Years,554,273,281,259,134,125,8,4,4,23,12,11,264,123,141
KERR COUNTY,265,6 Years,509,252,257,251,121,130,7,3,4,18,11,7,233,117,116
KERR COUNTY,265,7 Years,526,272,254,254,128,126,3,2,1,16,11,5,253,131,122
KERR COUNTY,265,8 Years,514,275,239,235,123,112,3,3,0,22,14,8,254,135,119
KERR COUNTY,265,9 Years,527,277,250,254,133,121,9,4,5,23,14,9,241,126,115
KERR COUNTY,265,10 Years,560,286,274,271,142,129,9,5,4,17,9,8,263,130,133
KERR COUNTY,265,11 Years,554,280,274,281,145,136,8,5,3,20,7,13,245,123,122
KERR COUNTY,265,12 Years,552,287,265,282,151,131,6,3,3,20,5,15,244,128,116
KERR COUNTY,265,13 Years,596,310,286,321,169,152,6,2,4,20,5,15,249,134,115
KERR COUNTY,265,14 Years,610,311,299,343,175,168,5,3,2,16,5,11,246,128,118
KERR COUNTY,265,15 Years,596,299,297,309,159,150,8,4,4,16,7,9,263,129,134
KERR COUNTY,265,16 Years,590,300,290,313,158,155,12,7,5,14,7,7,251,128,123
KERR COUNTY,265,17 Years,581,309,272,322,175,147,12,9,3,18,9,9,229,116,113
KERR COUNTY,265,18 Years,560,290,270,308,154,154,14,11,3,16,7,9,222,118,104
KERR COUNTY,265,19 Years,568,316,252,298,165,133,11,7,4,21,11,10,238,133,105
KERR COUNTY,265,20 Years,553,296,257,279,154,125,10,6,4,17,12,5,247,124,123
KERR COUNTY,265,21 Years,552,283,269,275,141,134,13,9,4,14,8,6,250,125,125
KERR COUNTY,265,22 Years,603,320,283,308,162,146,15,12,3,20,12,8,260,134,126
KERR COUNTY,265,23 Years,640,320,320,323,159,164,17,11,6,18,9,9,282,141,141
KERR COUNTY,265,24 Years,693,346,347,377,179,198,15,11,4,23,13,10,278,143,135
KERR COUNTY,265,25 Years,627,314,313,345,159,186,24,14,10,21,13,8,237,128,109
KERR COUNTY,265,26 Years,529,270,259,308,141,167,21,13,8,15,9,6,185,107,78
KERR COUNTY,265,27 Years,503,260,243,300,143,157,9,6,3,15,8,7,179,103,76
KERR COUNTY,265,28 Years,447,239,208,268,139,129,5,5,0,10,5,5,164,90,74
KERR COUNTY,265,29 Years,445,231,214,252,128,124,9,7,2,8,5,3,176,91,85
KERR COUNTY,265,30 Years,421,217,204,237,123,114,7,6,1,9,4,5,168,84,84
KERR COUNTY,265,31 Years,426,211,215,246,123,123,6,2,4,9,4,5,165,82,83
KERR COUNTY,265,32 Years,429,194,235,252,113,139,4,2,2,12,6,6,161,73,88
KERR COUNTY,265,33 Years,453,210,243,263,126,137,6,5,1,15,5,10,169,74,95
KERR COUNTY,265,34 Years,452,227,225,265,135,130,8,6,2,14,4,10,165,82,83
KERR COUNTY,265,35 Years,452,241,211,263,136,127,8,5,3,11,4,7,170,96,74
KERR COUNTY,265,36 Years,429,215,214,244,123,121,11,7,4,13,5,8,161,80,81
KERR COUNTY,265,37 Years,456,228,228,267,130,137,8,4,4,12,6,6,169,88,81
KERR COUNTY,265,38 Years,448,216,232,272,125,147,8,4,4,8,3,5,160,84,76
KERR COUNTY,265,39 Years,451,229,222,290,143,147,4,2,2,8,4,4,149,80,69
KERR COUNTY,265,40 Years,434,226,208,269,139,130,4,3,1,8,4,4,153,80,73
KERR COUNTY,265,41 Years,440,222,218,258,133,125,8,3,5,12,5,7,162,81,81
KERR COUNTY,265,42 Years,485,232,253,303,147,156,8,2,6,12,6,6,162,77,85
KERR COUNTY,265,43 Years,481,225,256,313,143,170,10,7,3,12,3,9,146,72,74
KERR COUNTY,265,44 Years,508,232,276,352,155,197,8,6,2,9,4,5,139,67,72
KERR COUNTY,265,45 Years,553,263,290,366,173,193,12,8,4,13,5,8,162,77,85
KERR COUNTY,265,46 Years,559,272,287,380,178,202,9,6,3,18,7,11,152,81,71
KERR COUNTY,265,47 Years,548,268,280,376,178,198,11,9,2,17,6,11,144,75,69
KERR COUNTY,265,48 Years,579,269,310,403,188,215,13,8,5,16,8,8,147,65,82
KERR COUNTY,265,49 Years,577,273,304,386,177,209,15,10,5,14,7,7,162,79,83
KERR COUNTY,265,50 Years,623,298,325,431,205,226,12,9,3,16,5,11,164,79,85
KERR COUNTY,265,51 Years,640,319,321,443,210,233,9,5,4,20,7,13,168,97,71
KERR COUNTY,265,52 Years,675,330,345,473,222,251,13,9,4,23,8,15,166,91,75
KERR COUNTY,265,53 Years,685,331,354,498,238,260,13,10,3,23,11,12,151,72,79
KERR COUNTY,265,54 Years,748,346,402,555,245,310,14,7,7,26,16,10,153,78,75
KERR COUNTY,265,55 Years,762,350,412,569,255,314,12,5,7,24,12,12,157,78,79
KERR COUNTY,265,56 Years,762,347,415,580,256,324,14,6,8,23,11,12,145,74,71
KERR COUNTY,265,57 Years,797,373,424,627,285,342,14,8,6,17,8,9,139,72,67
KERR COUNTY,265,58 Years,761,368,393,608,285,323,16,11,5,17,9,8,120,63,57
KERR COUNTY,265,59 Years,737,353,384,574,272,302,16,9,7,19,9,10,128,63,65
KERR COUNTY,265,60 Years,738,347,391,594,272,322,10,7,3,22,11,11,112,57,55
KERR COUNTY,265,61 Years,748,357,391,622,293,329,6,4,2,19,10,9,101,50,51
KERR COUNTY,265,62 Years,787,369,418,659,306,353,6,4,2,22,9,13,100,50,50
KERR COUNTY,265,63 Years,799,370,429,683,314,369,8,4,4,18,11,7,90,41,49
KERR COUNTY,265,64 Years,824,381,443,705,332,373,6,3,3,15,6,9,98,40,58
KERR COUNTY,265,65 Years,845,408,437,738,358,380,8,5,3,12,5,7,87,40,47
KERR COUNTY,265,66 Years,898,448,450,782,393,389,9,5,4,10,4,6,97,46,51
KERR COUNTY,265,67 Years,927,438,489,812,385,427,8,6,2,15,5,10,92,42,50
KERR COUNTY,265,68 Years,910,429,481,807,380,427,11,8,3,16,6,10,76,35,41
KERR COUNTY,265,69 Years,751,352,399,670,311,359,6,3,3,10,6,4,65,32,33
KERR COUNTY,265,70 Years,719,334,385,642,292,350,5,2,3,9,6,3,63,34,29
KERR COUNTY,265,71 Years,750,349,401,677,312,365,8,4,4,5,2,3,60,31,29
KERR COUNTY,265,72 Years,715,331,384,647,296,351,5,3,2,8,2,6,55,30,25
KERR COUNTY,265,73 Years,660,315,345,603,283,320,4,3,1,10,3,7,43,26,17
KERR COUNTY,265,74 Years,655,314,341,586,280,306,7,2,5,11,5,6,51,27,24
KERR COUNTY,265,75 Years,622,280,342,560,253,307,6,3,3,13,4,9,43,20,23
KERR COUNTY,265,76 Years,544,251,293,495,230,265,3,2,1,9,3,6,37,16,21
KERR COUNTY,265,77 Years,522,241,281,472,224,248,4,2,2,11,3,8,35,12,23
KERR COUNTY,265,78 Years,498,222,276,450,204,246,4,2,2,11,4,7,33,12,21
KERR COUNTY,265,79 Years,427,193,234,392,181,211,4,1,3,4,1,3,27,10,17
KERR COUNTY,265,80 Years,420,201,219,378,182,196,6,4,2,7,1,6,29,14,15
KERR COUNTY,265,81 Years,377,172,205,341,154,187,4,3,1,7,4,3,25,11,14
KERR COUNTY,265,82 Years,354,151,203,324,140,184,3,0,3,7,4,3,20,7,13
KERR COUNTY,265,83 Years,323,146,177,294,134,160,2,0,2,8,5,3,19,7,12
KERR COUNTY,265,84 Years,317,148,169,291,136,155,2,1,1,6,3,3,18,8,10
KERR COUNTY,265,85 Years +,1783,720,1063,1635,662,973,18,6,12,24,11,13,106,41,65
KIMBLE COUNTY,267,All Ages,4659,2340,2319,3398,1670,1728,17,13,4,57,27,30,1187,630,557
KIMBLE COUNTY,267,< 1 Year,43,24,19,15,6,9,0,0,0,0,0,0,28,18,10
KIMBLE COUNTY,267,1 Years,45,24,21,18,7,11,0,0,0,0,0,0,27,17,10
KIMBLE COUNTY,267,2 Years,45,23,22,20,9,11,0,0,0,0,0,0,25,14,11
KIMBLE COUNTY,267,3 Years,43,21,22,18,7,11,0,0,0,0,0,0,25,14,11
KIMBLE COUNTY,267,4 Years,44,21,23,19,8,11,0,0,0,0,0,0,25,13,12
KIMBLE COUNTY,267,5 Years,37,17,20,17,6,11,0,0,0,0,0,0,20,11,9
KIMBLE COUNTY,267,6 Years,41,21,20,26,13,13,0,0,0,0,0,0,15,8,7
KIMBLE COUNTY,267,7 Years,48,24,24,29,15,14,2,0,2,0,0,0,17,9,8
KIMBLE COUNTY,267,8 Years,49,30,19,25,15,10,1,0,1,0,0,0,23,15,8
KIMBLE COUNTY,267,9 Years,50,28,22,28,17,11,0,0,0,0,0,0,22,11,11
KIMBLE COUNTY,267,10 Years,42,19,23,22,11,11,0,0,0,0,0,0,20,8,12
KIMBLE COUNTY,267,11 Years,37,18,19,19,10,9,0,0,0,0,0,0,18,8,10
KIMBLE COUNTY,267,12 Years,46,30,16,25,18,7,1,1,0,0,0,0,20,11,9
KIMBLE COUNTY,267,13 Years,67,33,34,41,21,20,1,1,0,0,0,0,25,11,14
KIMBLE COUNTY,267,14 Years,52,27,25,31,18,13,0,0,0,0,0,0,21,9,12
KIMBLE COUNTY,267,15 Years,54,30,24,35,21,14,0,0,0,0,0,0,19,9,10
KIMBLE COUNTY,267,16 Years,59,32,27,44,25,19,0,0,0,1,1,0,14,6,8
KIMBLE COUNTY,267,17 Years,60,32,28,36,18,18,0,0,0,0,0,0,24,14,10
KIMBLE COUNTY,267,18 Years,52,25,27,34,15,19,0,0,0,0,0,0,18,10,8
KIMBLE COUNTY,267,19 Years,56,26,30,33,18,15,0,0,0,0,0,0,23,8,15
KIMBLE COUNTY,267,20 Years,46,21,25,23,11,12,0,0,0,0,0,0,23,10,13
KIMBLE COUNTY,267,21 Years,53,28,25,33,16,17,0,0,0,1,1,0,19,11,8
KIMBLE COUNTY,267,22 Years,54,31,23,27,13,14,0,0,0,2,0,2,25,18,7
KIMBLE COUNTY,267,23 Years,50,30,20,22,13,9,0,0,0,0,0,0,28,17,11
KIMBLE COUNTY,267,24 Years,37,18,19,19,10,9,0,0,0,1,0,1,17,8,9
KIMBLE COUNTY,267,25 Years,25,12,13,16,8,8,0,0,0,0,0,0,9,4,5
KIMBLE COUNTY,267,26 Years,28,14,14,19,9,10,0,0,0,0,0,0,9,5,4
KIMBLE COUNTY,267,27 Years,30,13,17,19,9,10,0,0,0,0,0,0,11,4,7
KIMBLE COUNTY,267,28 Years,36,23,13,24,15,9,2,2,0,0,0,0,10,6,4
KIMBLE COUNTY,267,29 Years,39,20,19,27,15,12,1,1,0,0,0,0,11,4,7
KIMBLE COUNTY,267,30 Years,36,24,12,25,16,9,0,0,0,1,1,0,10,7,3
KIMBLE COUNTY,267,31 Years,35,24,11,24,16,8,0,0,0,0,0,0,11,8,3
KIMBLE COUNTY,267,32 Years,40,21,19,27,14,13,0,0,0,1,0,1,12,7,5
KIMBLE COUNTY,267,33 Years,39,21,18,23,11,12,1,1,0,1,0,1,14,9,5
KIMBLE COUNTY,267,34 Years,40,20,20,27,13,14,1,1,0,0,0,0,12,6,6
KIMBLE COUNTY,267,35 Years,39,17,22,25,8,17,0,0,0,0,0,0,14,9,5
KIMBLE COUNTY,267,36 Years,39,15,24,24,5,19,0,0,0,0,0,0,15,10,5
KIMBLE COUNTY,267,37 Years,44,24,20,27,13,14,0,0,0,1,1,0,16,10,6
KIMBLE COUNTY,267,38 Years,49,25,24,30,12,18,1,1,0,1,1,0,17,11,6
KIMBLE COUNTY,267,39 Years,41,19,22,24,10,14,1,1,0,1,0,1,15,8,7
KIMBLE COUNTY,267,40 Years,44,21,23,29,15,14,0,0,0,3,0,3,12,6,6
KIMBLE COUNTY,267,41 Years,39,16,23,23,11,12,0,0,0,1,0,1,15,5,10
KIMBLE COUNTY,267,42 Years,42,20,22,32,15,17,0,0,0,0,0,0,10,5,5
KIMBLE COUNTY,267,43 Years,52,24,28,39,22,17,1,1,0,1,0,1,11,1,10
KIMBLE COUNTY,267,44 Years,53,27,26,39,22,17,0,0,0,0,0,0,14,5,9
KIMBLE COUNTY,267,45 Years,57,30,27,42,23,19,0,0,0,1,1,0,14,6,8
KIMBLE COUNTY,267,46 Years,43,23,20,32,18,14,0,0,0,0,0,0,11,5,6
KIMBLE COUNTY,267,47 Years,50,32,18,32,18,14,0,0,0,3,3,0,15,11,4
KIMBLE COUNTY,267,48 Years,44,25,19,34,18,16,0,0,0,2,1,1,8,6,2
KIMBLE COUNTY,267,49 Years,51,25,26,36,18,18,0,0,0,0,0,0,15,7,8
KIMBLE COUNTY,267,50 Years,57,32,25,42,23,19,0,0,0,0,0,0,15,9,6
KIMBLE COUNTY,267,51 Years,63,36,27,50,29,21,0,0,0,0,0,0,13,7,6
KIMBLE COUNTY,267,52 Years,71,37,34,60,32,28,0,0,0,0,0,0,11,5,6
KIMBLE COUNTY,267,53 Years,70,40,30,58,34,24,0,0,0,1,0,1,11,6,5
KIMBLE COUNTY,267,54 Years,71,38,33,57,34,23,0,0,0,1,0,1,13,4,9
KIMBLE COUNTY,267,55 Years,70,30,40,57,23,34,0,0,0,0,0,0,13,7,6
KIMBLE COUNTY,267,56 Years,78,37,41,60,24,36,0,0,0,1,1,0,17,12,5
KIMBLE COUNTY,267,57 Years,74,42,32,61,32,29,0,0,0,0,0,0,13,10,3
KIMBLE COUNTY,267,58 Years,65,37,28,53,29,24,0,0,0,0,0,0,12,8,4
KIMBLE COUNTY,267,59 Years,73,35,38,57,27,30,2,2,0,2,1,1,12,5,7
KIMBLE COUNTY,267,60 Years,84,41,43,72,35,37,1,1,0,3,0,3,8,5,3
KIMBLE COUNTY,267,61 Years,97,50,47,77,36,41,1,0,1,7,5,2,12,9,3
KIMBLE COUNTY,267,62 Years,81,40,41,69,33,36,0,0,0,3,2,1,9,5,4
KIMBLE COUNTY,267,63 Years,89,38,51,76,31,45,0,0,0,1,1,0,12,6,6
KIMBLE COUNTY,267,64 Years,94,42,52,81,32,49,0,0,0,0,0,0,13,10,3
KIMBLE COUNTY,267,65 Years,90,37,53,77,30,47,0,0,0,0,0,0,13,7,6
KIMBLE COUNTY,267,66 Years,99,47,52,85,42,43,0,0,0,0,0,0,14,5,9
KIMBLE COUNTY,267,67 Years,98,45,53,88,43,45,0,0,0,2,0,2,8,2,6
KIMBLE COUNTY,267,68 Years,91,39,52,80,36,44,0,0,0,2,1,1,9,2,7
KIMBLE COUNTY,267,69 Years,81,37,44,69,31,38,0,0,0,1,0,1,11,6,5
KIMBLE COUNTY,267,70 Years,74,35,39,65,30,35,0,0,0,0,0,0,9,5,4
KIMBLE COUNTY,267,71 Years,79,39,40,68,33,35,0,0,0,1,1,0,10,5,5
KIMBLE COUNTY,267,72 Years,61,29,32,56,26,30,0,0,0,0,0,0,5,3,2
KIMBLE COUNTY,267,73 Years,54,25,29,46,21,25,0,0,0,0,0,0,8,4,4
KIMBLE COUNTY,267,74 Years,53,26,27,44,20,24,0,0,0,0,0,0,9,6,3
KIMBLE COUNTY,267,75 Years,49,24,25,41,18,23,0,0,0,2,2,0,6,4,2
KIMBLE COUNTY,267,76 Years,50,26,24,44,23,21,0,0,0,0,0,0,6,3,3
KIMBLE COUNTY,267,77 Years,53,27,26,48,25,23,0,0,0,1,1,0,4,1,3
KIMBLE COUNTY,267,78 Years,45,26,19,38,22,16,0,0,0,2,1,1,5,3,2
KIMBLE COUNTY,267,79 Years,28,15,13,26,14,12,0,0,0,1,0,1,1,1,0
KIMBLE COUNTY,267,80 Years,35,16,19,32,16,16,0,0,0,0,0,0,3,0,3
KIMBLE COUNTY,267,81 Years,32,21,11,28,18,10,0,0,0,0,0,0,4,3,1
KIMBLE COUNTY,267,82 Years,23,11,12,21,10,11,0,0,0,1,0,1,1,1,0
KIMBLE COUNTY,267,83 Years,23,13,10,19,10,9,0,0,0,1,1,0,3,2,1
KIMBLE COUNTY,267,84 Years,25,10,15,21,9,12,0,0,0,1,0,1,3,1,2
KIMBLE COUNTY,267,85 Years +,134,49,85,114,44,70,0,0,0,1,0,1,19,5,14
KING COUNTY,269,All Ages,294,144,150,253,120,133,0,0,0,5,1,4,36,23,13
KING COUNTY,269,< 1 Year,0,0,0,0,0,0,0,0,0,0,0,0,0,0,0
KING COUNTY,269,1 Years,0,0,0,0,0,0,0,0,0,0,0,0,0,0,0
KING COUNTY,269,2 Years,0,0,0,0,0,0,0,0,0,0,0,0,0,0,0
KING COUNTY,269,3 Years,3,0,3,3,0,3,0,0,0,0,0,0,0,0,0
KING COUNTY,269,4 Years,5,0,5,5,0,5,0,0,0,0,0,0,0,0,0
KING COUNTY,269,5 Years,3,0,3,3,0,3,0,0,0,0,0,0,0,0,0
KING COUNTY,269,6 Years,2,1,1,1,0,1,0,0,0,0,0,0,1,1,0
KING COUNTY,269,7 Years,2,0,2,2,0,2,0,0,0,0,0,0,0,0,0
KING COUNTY,269,8 Years,1,0,1,1,0,1,0,0,0,0,0,0,0,0,0
KING COUNTY,269,9 Years,3,2,1,3,2,1,0,0,0,0,0,0,0,0,0
KING COUNTY,269,10 Years,4,2,2,4,2,2,0,0,0,0,0,0,0,0,0
KING COUNTY,269,11 Years,3,2,1,3,2,1,0,0,0,0,0,0,0,0,0
KING COUNTY,269,12 Years,4,2,2,4,2,2,0,0,0,0,0,0,0,0,0
KING COUNTY,269,13 Years,4,1,3,4,1,3,0,0,0,0,0,0,0,0,0
KING COUNTY,269,14 Years,4,1,3,4,1,3,0,0,0,0,0,0,0,0,0
KING COUNTY,269,15 Years,3,3,0,3,3,0,0,0,0,0,0,0,0,0,0
KING COUNTY,269,16 Years,5,3,2,4,3,1,0,0,0,0,0,0,1,0,1
KING COUNTY,269,17 Years,8,5,3,5,3,2,0,0,0,0,0,0,3,2,1
KING COUNTY,269,18 Years,5,2,3,3,1,2,0,0,0,0,0,0,2,1,1
KING COUNTY,269,19 Years,3,1,2,2,1,1,0,0,0,0,0,0,1,0,1
KING COUNTY,269,20 Years,4,2,2,3,1,2,0,0,0,0,0,0,1,1,0
KING COUNTY,269,21 Years,3,2,1,2,1,1,0,0,0,0,0,0,1,1,0
KING COUNTY,269,22 Years,6,1,5,4,1,3,0,0,0,1,0,1,1,0,1
KING COUNTY,269,23 Years,5,2,3,5,2,3,0,0,0,0,0,0,0,0,0
KING COUNTY,269,24 Years,6,4,2,4,2,2,0,0,0,1,1,0,1,1,0
KING COUNTY,269,25 Years,3,2,1,2,2,0,0,0,0,1,0,1,0,0,0
KING COUNTY,269,26 Years,0,0,0,0,0,0,0,0,0,0,0,0,0,0,0
KING COUNTY,269,27 Years,2,1,1,1,1,0,0,0,0,0,0,0,1,0,1
KING COUNTY,269,28 Years,2,1,1,2,1,1,0,0,0,0,0,0,0,0,0
KING COUNTY,269,29 Years,2,2,0,1,1,0,0,0,0,0,0,0,1,1,0
KING COUNTY,269,30 Years,3,2,1,3,2,1,0,0,0,0,0,0,0,0,0
KING COUNTY,269,31 Years,2,0,2,2,0,2,0,0,0,0,0,0,0,0,0
KING COUNTY,269,32 Years,3,2,1,2,1,1,0,0,0,0,0,0,1,1,0
KING COUNTY,269,33 Years,1,1,0,1,1,0,0,0,0,0,0,0,0,0,0
KING COUNTY,269,34 Years,2,0,2,2,0,2,0,0,0,0,0,0,0,0,0
KING COUNTY,269,35 Years,4,2,2,4,2,2,0,0,0,0,0,0,0,0,0
KING COUNTY,269,36 Years,2,1,1,2,1,1,0,0,0,0,0,0,0,0,0
KING COUNTY,269,37 Years,2,1,1,2,1,1,0,0,0,0,0,0,0,0,0
KING COUNTY,269,38 Years,1,0,1,1,0,1,0,0,0,0,0,0,0,0,0
KING COUNTY,269,39 Years,3,2,1,1,1,0,0,0,0,0,0,0,2,1,1
KING COUNTY,269,40 Years,4,4,0,4,4,0,0,0,0,0,0,0,0,0,0
KING COUNTY,269,41 Years,3,1,2,3,1,2,0,0,0,0,0,0,0,0,0
KING COUNTY,269,42 Years,2,2,0,1,1,0,0,0,0,0,0,0,1,1,0
KING COUNTY,269,43 Years,2,1,1,2,1,1,0,0,0,0,0,0,0,0,0
KING COUNTY,269,44 Years,4,2,2,3,2,1,0,0,0,0,0,0,1,0,1
KING COUNTY,269,45 Years,7,5,2,5,4,1,0,0,0,0,0,0,2,1,1
KING COUNTY,269,46 Years,3,2,1,3,2,1,0,0,0,0,0,0,0,0,0
KING COUNTY,269,47 Years,4,2,2,2,1,1,0,0,0,0,0,0,2,1,1
KING COUNTY,269,48 Years,8,2,6,4,0,4,0,0,0,0,0,0,4,2,2
KING COUNTY,269,49 Years,5,1,4,4,0,4,0,0,0,0,0,0,1,1,0
KING COUNTY,269,50 Years,5,2,3,4,1,3,0,0,0,0,0,0,1,1,0
KING COUNTY,269,51 Years,5,2,3,3,1,2,0,0,0,0,0,0,2,1,1
KING COUNTY,269,52 Years,3,2,1,2,1,1,0,0,0,0,0,0,1,1,0
KING COUNTY,269,53 Years,4,1,3,4,1,3,0,0,0,0,0,0,0,0,0
KING COUNTY,269,54 Years,6,1,5,6,1,5,0,0,0,0,0,0,0,0,0
KING COUNTY,269,55 Years,8,2,6,7,1,6,0,0,0,0,0,0,1,1,0
KING COUNTY,269,56 Years,6,4,2,6,4,2,0,0,0,0,0,0,0,0,0
KING COUNTY,269,57 Years,6,5,1,5,4,1,0,0,0,0,0,0,1,1,0
KING COUNTY,269,58 Years,7,5,2,6,4,2,0,0,0,0,0,0,1,1,0
KING COUNTY,269,59 Years,9,3,6,7,2,5,0,0,0,1,0,1,1,1,0
KING COUNTY,269,60 Years,7,2,5,6,2,4,0,0,0,1,0,1,0,0,0
KING COUNTY,269,61 Years,5,2,3,5,2,3,0,0,0,0,0,0,0,0,0
KING COUNTY,269,62 Years,4,2,2,4,2,2,0,0,0,0,0,0,0,0,0
KING COUNTY,269,63 Years,2,2,0,2,2,0,0,0,0,0,0,0,0,0,0
KING COUNTY,269,64 Years,5,5,0,5,5,0,0,0,0,0,0,0,0,0,0
KING COUNTY,269,65 Years,5,3,2,5,3,2,0,0,0,0,0,0,0,0,0
KING COUNTY,269,66 Years,3,2,1,3,2,1,0,0,0,0,0,0,0,0,0
KING COUNTY,269,67 Years,2,2,0,2,2,0,0,0,0,0,0,0,0,0,0
KING COUNTY,269,68 Years,2,2,0,2,2,0,0,0,0,0,0,0,0,0,0
KING COUNTY,269,69 Years,2,1,1,2,1,1,0,0,0,0,0,0,0,0,0
KING COUNTY,269,70 Years,2,1,1,2,1,1,0,0,0,0,0,0,0,0,0
KING COUNTY,269,71 Years,4,2,2,4,2,2,0,0,0,0,0,0,0,0,0
KING COUNTY,269,72 Years,2,1,1,2,1,1,0,0,0,0,0,0,0,0,0
KING COUNTY,269,73 Years,1,1,0,1,1,0,0,0,0,0,0,0,0,0,0
KING COUNTY,269,74 Years,2,1,1,2,1,1,0,0,0,0,0,0,0,0,0
KING COUNTY,269,75 Years,2,2,0,2,2,0,0,0,0,0,0,0,0,0,0
KING COUNTY,269,76 Years,2,2,0,2,2,0,0,0,0,0,0,0,0,0,0
KING COUNTY,269,77 Years,4,1,3,4,1,3,0,0,0,0,0,0,0,0,0
KING COUNTY,269,78 Years,1,0,1,1,0,1,0,0,0,0,0,0,0,0,0
KING COUNTY,269,79 Years,1,0,1,1,0,1,0,0,0,0,0,0,0,0,0
KING COUNTY,269,80 Years,2,0,2,2,0,2,0,0,0,0,0,0,0,0,0
KING COUNTY,269,81 Years,5,1,4,5,1,4,0,0,0,0,0,0,0,0,0
KING COUNTY,269,82 Years,3,2,1,3,2,1,0,0,0,0,0,0,0,0,0
KING COUNTY,269,83 Years,1,1,0,1,1,0,0,0,0,0,0,0,0,0,0
KING COUNTY,269,84 Years,1,1,0,1,1,0,0,0,0,0,0,0,0,0,0
KING COUNTY,269,85 Years +,5,3,2,5,3,2,0,0,0,0,0,0,0,0,0
KINNEY COUNTY,271,All Ages,3692,2008,1684,1414,685,729,36,21,15,62,33,29,2180,1269,911
KINNEY COUNTY,271,< 1 Year,45,26,19,6,3,3,0,0,0,0,0,0,39,23,16
KINNEY COUNTY,271,1 Years,41,21,20,6,2,4,0,0,0,0,0,0,35,19,16
KINNEY COUNTY,271,2 Years,36,17,19,7,2,5,0,0,0,1,1,0,28,14,14
KINNEY COUNTY,271,3 Years,39,21,18,8,4,4,0,0,0,3,2,1,28,15,13
KINNEY COUNTY,271,4 Years,40,20,20,11,5,6,0,0,0,0,0,0,29,15,14
KINNEY COUNTY,271,5 Years,48,18,30,9,6,3,0,0,0,1,0,1,38,12,26
KINNEY COUNTY,271,6 Years,39,22,17,8,5,3,1,1,0,1,1,0,29,15,14
KINNEY COUNTY,271,7 Years,33,21,12,10,6,4,0,0,0,0,0,0,23,15,8
KINNEY COUNTY,271,8 Years,35,16,19,10,2,8,0,0,0,0,0,0,25,14,11
KINNEY COUNTY,271,9 Years,41,20,21,11,4,7,0,0,0,1,0,1,29,16,13
KINNEY COUNTY,271,10 Years,31,15,16,7,3,4,0,0,0,1,0,1,23,12,11
KINNEY COUNTY,271,11 Years,32,22,10,7,5,2,0,0,0,1,0,1,24,17,7
KINNEY COUNTY,271,12 Years,39,20,19,13,8,5,1,0,1,1,1,0,24,11,13
KINNEY COUNTY,271,13 Years,32,17,15,11,7,4,0,0,0,1,1,0,20,9,11
KINNEY COUNTY,271,14 Years,32,19,13,11,6,5,0,0,0,2,2,0,19,11,8
KINNEY COUNTY,271,15 Years,32,15,17,8,3,5,0,0,0,0,0,0,24,12,12
KINNEY COUNTY,271,16 Years,35,21,14,9,6,3,0,0,0,0,0,0,26,15,11
KINNEY COUNTY,271,17 Years,47,23,24,16,7,9,0,0,0,2,1,1,29,15,14
KINNEY COUNTY,271,18 Years,50,30,20,11,6,5,0,0,0,0,0,0,39,24,15
KINNEY COUNTY,271,19 Years,50,28,22,9,5,4,0,0,0,1,1,0,40,22,18
KINNEY COUNTY,271,20 Years,40,21,19,6,3,3,0,0,0,0,0,0,34,18,16
KINNEY COUNTY,271,21 Years,47,25,22,14,7,7,0,0,0,3,2,1,30,16,14
KINNEY COUNTY,271,22 Years,51,28,23,14,8,6,0,0,0,1,0,1,36,20,16
KINNEY COUNTY,271,23 Years,53,28,25,14,7,7,0,0,0,1,1,0,38,20,18
KINNEY COUNTY,271,24 Years,36,19,17,8,5,3,0,0,0,1,1,0,27,13,14
KINNEY COUNTY,271,25 Years,47,27,20,11,5,6,1,1,0,0,0,0,35,21,14
KINNEY COUNTY,271,26 Years,43,28,15,8,3,5,1,1,0,0,0,0,34,24,10
KINNEY COUNTY,271,27 Years,38,29,9,8,4,4,1,1,0,0,0,0,29,24,5
KINNEY COUNTY,271,28 Years,36,26,10,8,5,3,0,0,0,0,0,0,28,21,7
KINNEY COUNTY,271,29 Years,45,34,11,6,2,4,0,0,0,0,0,0,39,32,7
KINNEY COUNTY,271,30 Years,39,23,16,5,1,4,1,1,0,0,0,0,33,21,12
KINNEY COUNTY,271,31 Years,41,23,18,6,1,5,1,0,1,0,0,0,34,22,12
KINNEY COUNTY,271,32 Years,43,29,14,8,4,4,0,0,0,0,0,0,35,25,10
KINNEY COUNTY,271,33 Years,38,28,10,7,4,3,0,0,0,1,0,1,30,24,6
KINNEY COUNTY,271,34 Years,29,22,7,7,5,2,0,0,0,0,0,0,22,17,5
KINNEY COUNTY,271,35 Years,37,22,15,9,3,6,1,1,0,1,1,0,26,17,9
KINNEY COUNTY,271,36 Years,31,17,14,6,3,3,0,0,0,2,1,1,23,13,10
KINNEY COUNTY,271,37 Years,26,19,7,6,5,1,0,0,0,1,0,1,19,14,5
KINNEY COUNTY,271,38 Years,36,23,13,9,4,5,0,0,0,0,0,0,27,19,8
KINNEY COUNTY,271,39 Years,41,29,12,7,2,5,0,0,0,1,0,1,33,27,6
KINNEY COUNTY,271,40 Years,42,24,18,8,4,4,0,0,0,1,0,1,33,20,13
KINNEY COUNTY,271,41 Years,43,28,15,10,6,4,0,0,0,0,0,0,33,22,11
KINNEY COUNTY,271,42 Years,45,29,16,7,1,6,1,0,1,0,0,0,37,28,9
KINNEY COUNTY,271,43 Years,46,29,17,7,4,3,0,0,0,1,1,0,38,24,14
KINNEY COUNTY,271,44 Years,46,29,17,15,10,5,0,0,0,0,0,0,31,19,12
KINNEY COUNTY,271,45 Years,43,26,17,13,6,7,0,0,0,0,0,0,30,20,10
KINNEY COUNTY,271,46 Years,38,23,15,8,4,4,0,0,0,0,0,0,30,19,11
KINNEY COUNTY,271,47 Years,41,26,15,9,6,3,0,0,0,0,0,0,32,20,12
KINNEY COUNTY,271,48 Years,55,36,19,15,9,6,2,2,0,1,0,1,37,25,12
KINNEY COUNTY,271,49 Years,43,28,15,14,7,7,0,0,0,1,1,0,28,20,8
KINNEY COUNTY,271,50 Years,43,23,20,10,3,7,0,0,0,1,1,0,32,19,13
KINNEY COUNTY,271,51 Years,45,28,17,11,8,3,0,0,0,1,1,0,33,19,14
KINNEY COUNTY,271,52 Years,47,29,18,17,8,9,0,0,0,1,1,0,29,20,9
KINNEY COUNTY,271,53 Years,44,24,20,22,11,11,0,0,0,0,0,0,22,13,9
KINNEY COUNTY,271,54 Years,34,16,18,18,9,9,1,0,1,0,0,0,15,7,8
KINNEY COUNTY,271,55 Years,45,24,21,26,12,14,1,0,1,0,0,0,18,12,6
KINNEY COUNTY,271,56 Years,42,21,21,22,12,10,1,1,0,0,0,0,19,8,11
KINNEY COUNTY,271,57 Years,46,23,23,21,10,11,0,0,0,0,0,0,25,13,12
KINNEY COUNTY,271,58 Years,56,24,32,27,9,18,0,0,0,1,1,0,28,14,14
KINNEY COUNTY,271,59 Years,56,26,30,26,7,19,2,1,1,1,1,0,27,17,10
KINNEY COUNTY,271,60 Years,54,27,27,23,9,14,1,1,0,1,0,1,29,17,12
KINNEY COUNTY,271,61 Years,58,31,27,27,16,11,1,1,0,2,0,2,28,14,14
KINNEY COUNTY,271,62 Years,46,23,23,21,14,7,1,0,1,0,0,0,24,9,15
KINNEY COUNTY,271,63 Years,47,21,26,22,7,15,2,1,1,2,2,0,21,11,10
KINNEY COUNTY,271,64 Years,43,19,24,24,8,16,1,1,0,1,1,0,17,9,8
KINNEY COUNTY,271,65 Years,45,22,23,27,12,15,1,1,0,0,0,0,17,9,8
KINNEY COUNTY,271,66 Years,45,23,22,27,13,14,1,0,1,1,0,1,16,10,6
KINNEY COUNTY,271,67 Years,52,29,23,31,16,15,1,0,1,1,0,1,19,13,6
KINNEY COUNTY,271,68 Years,67,31,36,35,17,18,2,0,2,3,2,1,27,12,15
KINNEY COUNTY,271,69 Years,47,25,22,29,15,14,1,1,0,1,1,0,16,8,8
KINNEY COUNTY,271,70 Years,38,20,18,30,16,14,0,0,0,1,0,1,7,4,3
KINNEY COUNTY,271,71 Years,51,27,24,36,20,16,0,0,0,2,1,1,13,6,7
KINNEY COUNTY,271,72 Years,48,24,24,33,19,14,0,0,0,1,0,1,14,5,9
KINNEY COUNTY,271,73 Years,44,17,27,33,14,19,0,0,0,1,0,1,10,3,7
KINNEY COUNTY,271,74 Years,48,21,27,38,16,22,0,0,0,2,0,2,8,5,3
KINNEY COUNTY,271,75 Years,46,26,20,33,17,16,0,0,0,1,1,0,12,8,4
KINNEY COUNTY,271,76 Years,45,21,24,31,15,16,0,0,0,1,0,1,13,6,7
KINNEY COUNTY,271,77 Years,45,17,28,29,10,19,2,2,0,0,0,0,14,5,9
KINNEY COUNTY,271,78 Years,37,15,22,27,11,16,2,2,0,0,0,0,8,2,6
KINNEY COUNTY,271,79 Years,33,11,22,25,9,16,0,0,0,0,0,0,8,2,6
KINNEY COUNTY,271,80 Years,38,15,23,25,12,13,0,0,0,0,0,0,13,3,10
KINNEY COUNTY,271,81 Years,36,14,22,21,10,11,1,0,1,2,0,2,12,4,8
KINNEY COUNTY,271,82 Years,31,14,17,19,10,9,1,0,1,0,0,0,11,4,7
KINNEY COUNTY,271,83 Years,25,12,13,14,7,7,0,0,0,1,1,0,10,4,6
KINNEY COUNTY,271,84 Years,29,17,12,21,13,8,0,0,0,1,1,0,7,3,4
KINNEY COUNTY,271,85 Years +,120,58,62,72,37,35,2,1,1,0,0,0,46,20,26
KLEBERG COUNTY,273,All Ages,31297,16039,15258,6864,3646,3218,1082,626,456,1100,651,449,22251,11116,11135
KLEBERG COUNTY,273,< 1 Year,461,241,220,67,38,29,20,10,10,17,11,6,357,182,175
KLEBERG COUNTY,273,1 Years,481,245,236,69,39,30,20,9,11,19,10,9,373,187,186
KLEBERG COUNTY,273,2 Years,497,253,244,72,37,35,19,9,10,18,10,8,388,197,191
KLEBERG COUNTY,273,3 Years,495,252,243,79,41,38,15,7,8,17,11,6,384,193,191
KLEBERG COUNTY,273,4 Years,486,250,236,73,36,37,16,9,7,19,11,8,378,194,184
KLEBERG COUNTY,273,5 Years,530,279,251,79,39,40,22,12,10,21,15,6,408,213,195
KLEBERG COUNTY,273,6 Years,450,231,219,61,35,26,20,9,11,13,8,5,356,179,177
KLEBERG COUNTY,273,7 Years,470,242,228,71,42,29,11,3,8,12,7,5,376,190,186
KLEBERG COUNTY,273,8 Years,447,220,227,71,38,33,5,2,3,15,9,6,356,171,185
KLEBERG COUNTY,273,9 Years,428,222,206,60,32,28,14,9,5,16,11,5,338,170,168
KLEBERG COUNTY,273,10 Years,405,217,188,58,31,27,11,5,6,15,9,6,321,172,149
KLEBERG COUNTY,273,11 Years,418,217,201,64,36,28,7,3,4,14,7,7,333,171,162
KLEBERG COUNTY,273,12 Years,424,225,199,54,31,23,8,5,3,9,4,5,353,185,168
KLEBERG COUNTY,273,13 Years,416,210,206,52,27,25,10,8,2,7,4,3,347,171,176
KLEBERG COUNTY,273,14 Years,403,190,213,47,24,23,7,3,4,8,2,6,341,161,180
KLEBERG COUNTY,273,15 Years,390,210,180,53,31,22,11,6,5,9,6,3,317,167,150
KLEBERG COUNTY,273,16 Years,402,215,187,56,30,26,13,4,9,3,2,1,330,179,151
KLEBERG COUNTY,273,17 Years,464,240,224,74,37,37,8,5,3,8,3,5,374,195,179
KLEBERG COUNTY,273,18 Years,665,342,323,97,48,49,32,17,15,10,4,6,526,273,253
KLEBERG COUNTY,273,19 Years,1016,562,454,167,98,69,82,54,28,12,9,3,755,401,354
KLEBERG COUNTY,273,20 Years,769,438,331,131,85,46,42,29,13,10,6,4,586,318,268
KLEBERG COUNTY,273,21 Years,853,486,367,169,106,63,38,26,12,30,18,12,616,336,280
KLEBERG COUNTY,273,22 Years,782,454,328,157,93,64,17,10,7,48,35,13,560,316,244
KLEBERG COUNTY,273,23 Years,813,462,351,169,105,64,26,19,7,79,49,30,539,289,250
KLEBERG COUNTY,273,24 Years,750,417,333,190,109,81,19,16,3,72,50,22,469,242,227
KLEBERG COUNTY,273,25 Years,625,345,280,149,90,59,26,19,7,47,42,5,403,194,209
KLEBERG COUNTY,273,26 Years,509,273,236,120,72,48,30,19,11,33,22,11,326,160,166
KLEBERG COUNTY,273,27 Years,464,231,233,96,50,46,31,16,15,31,18,13,306,147,159
KLEBERG COUNTY,273,28 Years,448,220,228,92,48,44,24,15,9,37,23,14,295,134,161
KLEBERG COUNTY,273,29 Years,430,225,205,101,58,43,21,16,5,27,20,7,281,131,150
KLEBERG COUNTY,273,30 Years,426,224,202,100,56,44,25,18,7,28,16,12,273,134,139
KLEBERG COUNTY,273,31 Years,388,210,178,95,50,45,18,11,7,23,16,7,252,133,119
KLEBERG COUNTY,273,32 Years,368,205,163,78,46,32,16,10,6,23,15,8,251,134,117
KLEBERG COUNTY,273,33 Years,319,163,156,74,35,39,11,8,3,14,8,6,220,112,108
KLEBERG COUNTY,273,34 Years,313,167,146,60,38,22,9,7,2,13,6,7,231,116,115
KLEBERG COUNTY,273,35 Years,311,163,148,71,40,31,7,6,1,15,9,6,218,108,110
KLEBERG COUNTY,273,36 Years,281,143,138,69,35,34,10,6,4,9,5,4,193,97,96
KLEBERG COUNTY,273,37 Years,275,137,138,68,35,33,4,4,0,12,5,7,191,93,98
KLEBERG COUNTY,273,38 Years,281,141,140,53,31,22,5,2,3,11,6,5,212,102,110
KLEBERG COUNTY,273,39 Years,263,134,129,55,29,26,8,2,6,8,5,3,192,98,94
KLEBERG COUNTY,273,40 Years,304,164,140,58,34,24,14,8,6,10,6,4,222,116,106
KLEBERG COUNTY,273,41 Years,302,147,155,60,31,29,11,8,3,8,4,4,223,104,119
KLEBERG COUNTY,273,42 Years,297,142,155,63,28,35,8,5,3,11,4,7,215,105,110
KLEBERG COUNTY,273,43 Years,314,158,156,61,31,30,11,8,3,11,5,6,231,114,117
KLEBERG COUNTY,273,44 Years,323,174,149,74,35,39,16,11,5,10,5,5,223,123,100
KLEBERG COUNTY,273,45 Years,306,136,170,70,30,40,7,2,5,6,1,5,223,103,120
KLEBERG COUNTY,273,46 Years,297,148,149,62,36,26,5,0,5,6,3,3,224,109,115
KLEBERG COUNTY,273,47 Years,299,149,150,59,34,25,9,0,9,9,3,6,222,112,110
KLEBERG COUNTY,273,48 Years,267,133,134,53,29,24,9,3,6,7,4,3,198,97,101
KLEBERG COUNTY,273,49 Years,292,142,150,68,33,35,8,1,7,9,4,5,207,104,103
KLEBERG COUNTY,273,50 Years,329,153,176,73,39,34,7,3,4,10,6,4,239,105,134
KLEBERG COUNTY,273,51 Years,345,176,169,76,39,37,11,5,6,5,3,2,253,129,124
KLEBERG COUNTY,273,52 Years,359,169,190,87,37,50,10,6,4,9,4,5,253,122,131
KLEBERG COUNTY,273,53 Years,323,157,166,86,40,46,11,6,5,6,3,3,220,108,112
KLEBERG COUNTY,273,54 Years,326,165,161,94,48,46,5,3,2,5,3,2,222,111,111
KLEBERG COUNTY,273,55 Years,318,174,144,92,49,43,8,6,2,6,3,3,212,116,96
KLEBERG COUNTY,273,56 Years,296,143,153,89,38,51,9,5,4,6,4,2,192,96,96
KLEBERG COUNTY,273,57 Years,322,165,157,102,55,47,10,4,6,10,7,3,200,99,101
KLEBERG COUNTY,273,58 Years,333,163,170,91,45,46,10,6,4,8,3,5,224,109,115
KLEBERG COUNTY,273,59 Years,337,161,176,96,43,53,8,3,5,8,4,4,225,111,114
KLEBERG COUNTY,273,60 Years,356,164,192,103,47,56,12,5,7,6,2,4,235,110,125
KLEBERG COUNTY,273,61 Years,325,150,175,93,43,50,7,2,5,5,0,5,220,105,115
KLEBERG COUNTY,273,62 Years,287,152,135,89,46,43,7,6,1,6,2,4,185,98,87
KLEBERG COUNTY,273,63 Years,288,151,137,93,49,44,6,5,1,3,1,2,186,96,90
KLEBERG COUNTY,273,64 Years,271,127,144,76,42,34,6,4,2,5,1,4,184,80,104
KLEBERG COUNTY,273,65 Years,283,143,140,96,55,41,7,3,4,7,5,2,173,80,93
KLEBERG COUNTY,273,66 Years,269,133,136,90,46,44,9,4,5,6,3,3,164,80,84
KLEBERG COUNTY,273,67 Years,257,113,144,72,32,40,3,1,2,6,1,5,176,79,97
KLEBERG COUNTY,273,68 Years,263,128,135,79,39,40,5,5,0,4,1,3,175,83,92
KLEBERG COUNTY,273,69 Years,243,120,123,82,43,39,8,4,4,4,2,2,149,71,78
KLEBERG COUNTY,273,70 Years,241,120,121,70,32,38,12,7,5,5,2,3,154,79,75
KLEBERG COUNTY,273,71 Years,219,96,123,67,27,40,10,6,4,5,1,4,137,62,75
KLEBERG COUNTY,273,72 Years,201,91,110,64,30,34,6,3,3,3,1,2,128,57,71
KLEBERG COUNTY,273,73 Years,183,93,90,73,37,36,5,3,2,4,3,1,101,50,51
KLEBERG COUNTY,273,74 Years,157,82,75,64,39,25,5,2,3,3,2,1,85,39,46
KLEBERG COUNTY,273,75 Years,166,79,87,64,37,27,6,2,4,3,1,2,93,39,54
KLEBERG COUNTY,273,76 Years,182,78,104,67,34,33,3,2,1,8,5,3,104,37,67
KLEBERG COUNTY,273,77 Years,151,65,86,49,25,24,9,6,3,3,2,1,90,32,58
KLEBERG COUNTY,273,78 Years,145,68,77,50,27,23,8,4,4,2,1,1,85,36,49
KLEBERG COUNTY,273,79 Years,141,60,81,45,23,22,4,2,2,2,1,1,90,34,56
KLEBERG COUNTY,273,80 Years,129,55,74,39,22,17,2,1,1,1,0,1,87,32,55
KLEBERG COUNTY,273,81 Years,105,51,54,34,20,14,2,2,0,2,2,0,67,27,40
KLEBERG COUNTY,273,82 Years,97,47,50,33,18,15,1,1,0,3,1,2,60,27,33
KLEBERG COUNTY,273,83 Years,92,43,49,35,16,19,2,1,1,2,1,1,53,25,28
KLEBERG COUNTY,273,84 Years,89,35,54,34,14,20,1,1,0,0,0,0,54,20,34
KLEBERG COUNTY,273,85 Years +,452,175,277,168,68,100,11,3,8,10,4,6,263,100,163
KNOX COUNTY,275,All Ages,3754,1865,1889,2236,1111,1125,219,103,116,58,32,26,1241,619,622
KNOX COUNTY,275,< 1 Year,51,27,24,20,12,8,2,1,1,0,0,0,29,14,15
KNOX COUNTY,275,1 Years,52,25,27,20,11,9,2,1,1,0,0,0,30,13,17
KNOX COUNTY,275,2 Years,54,25,29,20,11,9,1,0,1,0,0,0,33,14,19
KNOX COUNTY,275,3 Years,47,21,26,19,9,10,1,0,1,0,0,0,27,12,15
KNOX COUNTY,275,4 Years,50,27,23,20,12,8,1,0,1,0,0,0,29,15,14
KNOX COUNTY,275,5 Years,57,24,33,22,8,14,1,1,0,2,0,2,32,15,17
KNOX COUNTY,275,6 Years,55,32,23,27,12,15,0,0,0,2,1,1,26,19,7
KNOX COUNTY,275,7 Years,59,30,29,29,12,17,0,0,0,3,2,1,27,16,11
KNOX COUNTY,275,8 Years,59,28,31,32,14,18,2,2,0,1,1,0,24,11,13
KNOX COUNTY,275,9 Years,48,22,26,19,11,8,2,2,0,2,1,1,25,8,17
KNOX COUNTY,275,10 Years,56,27,29,28,15,13,4,2,2,1,0,1,23,10,13
KNOX COUNTY,275,11 Years,46,22,24,22,9,13,2,1,1,2,1,1,20,11,9
KNOX COUNTY,275,12 Years,46,20,26,17,9,8,2,1,1,1,0,1,26,10,16
KNOX COUNTY,275,13 Years,51,23,28,26,14,12,5,1,4,1,0,1,19,8,11
KNOX COUNTY,275,14 Years,57,36,21,25,15,10,9,4,5,1,1,0,22,16,6
KNOX COUNTY,275,15 Years,55,29,26,26,12,14,8,6,2,1,1,0,20,10,10
KNOX COUNTY,275,16 Years,59,27,32,32,14,18,6,3,3,3,1,2,18,9,9
KNOX COUNTY,275,17 Years,46,19,27,23,9,14,5,3,2,1,0,1,17,7,10
KNOX COUNTY,275,18 Years,41,20,21,14,5,9,3,2,1,1,1,0,23,12,11
KNOX COUNTY,275,19 Years,48,26,22,21,10,11,4,3,1,1,1,0,22,12,10
KNOX COUNTY,275,20 Years,46,26,20,21,12,9,5,3,2,2,2,0,18,9,9
KNOX COUNTY,275,21 Years,40,20,20,18,9,9,6,2,4,1,1,0,15,8,7
KNOX COUNTY,275,22 Years,51,27,24,20,11,9,3,2,1,3,2,1,25,12,13
KNOX COUNTY,275,23 Years,54,26,28,26,14,12,7,4,3,2,1,1,19,7,12
KNOX COUNTY,275,24 Years,40,15,25,16,6,10,6,3,3,1,0,1,17,6,11
KNOX COUNTY,275,25 Years,34,15,19,15,8,7,2,1,1,1,0,1,16,6,10
KNOX COUNTY,275,26 Years,26,14,12,14,8,6,2,2,0,0,0,0,10,4,6
KNOX COUNTY,275,27 Years,28,15,13,15,7,8,1,1,0,0,0,0,12,7,5
KNOX COUNTY,275,28 Years,31,16,15,21,11,10,0,0,0,0,0,0,10,5,5
KNOX COUNTY,275,29 Years,39,19,20,24,15,9,2,1,1,0,0,0,13,3,10
KNOX COUNTY,275,30 Years,48,26,22,29,17,12,3,2,1,1,1,0,15,6,9
KNOX COUNTY,275,31 Years,38,19,19,23,11,12,3,1,2,2,1,1,10,6,4
KNOX COUNTY,275,32 Years,44,24,20,26,14,12,4,2,2,0,0,0,14,8,6
KNOX COUNTY,275,33 Years,33,13,20,18,8,10,1,0,1,0,0,0,14,5,9
KNOX COUNTY,275,34 Years,40,20,20,24,12,12,2,0,2,0,0,0,14,8,6
KNOX COUNTY,275,35 Years,43,26,17,25,14,11,0,0,0,1,1,0,17,11,6
KNOX COUNTY,275,36 Years,32,17,15,18,8,10,2,1,1,1,1,0,11,7,4
KNOX COUNTY,275,37 Years,42,25,17,23,13,10,3,2,1,1,1,0,15,9,6
KNOX COUNTY,275,38 Years,40,24,16,28,17,11,1,1,0,0,0,0,11,6,5
KNOX COUNTY,275,39 Years,35,20,15,21,12,9,1,1,0,0,0,0,13,7,6
KNOX COUNTY,275,40 Years,42,23,19,21,12,9,1,1,0,0,0,0,20,10,10
KNOX COUNTY,275,41 Years,34,18,16,17,10,7,2,1,1,0,0,0,15,7,8
KNOX COUNTY,275,42 Years,35,17,18,23,11,12,3,1,2,0,0,0,9,5,4
KNOX COUNTY,275,43 Years,31,13,18,16,5,11,2,0,2,1,1,0,12,7,5
KNOX COUNTY,275,44 Years,46,18,28,24,9,15,2,1,1,2,1,1,18,7,11
KNOX COUNTY,275,45 Years,50,24,26,34,18,16,1,1,0,0,0,0,15,5,10
KNOX COUNTY,275,46 Years,38,18,20,21,10,11,4,1,3,0,0,0,13,7,6
KNOX COUNTY,275,47 Years,40,20,20,23,13,10,5,1,4,0,0,0,12,6,6
KNOX COUNTY,275,48 Years,39,20,19,20,11,9,3,1,2,1,1,0,15,7,8
KNOX COUNTY,275,49 Years,42,22,20,23,11,12,4,2,2,1,1,0,14,8,6
KNOX COUNTY,275,50 Years,51,28,23,30,14,16,6,4,2,0,0,0,15,10,5
KNOX COUNTY,275,51 Years,45,23,22,26,11,15,3,2,1,0,0,0,16,10,6
KNOX COUNTY,275,52 Years,41,19,22,24,10,14,4,2,2,1,0,1,12,7,5
KNOX COUNTY,275,53 Years,43,23,20,27,16,11,4,2,2,2,1,1,10,4,6
KNOX COUNTY,275,54 Years,51,28,23,37,22,15,4,2,2,0,0,0,10,4,6
KNOX COUNTY,275,55 Years,57,31,26,43,22,21,1,1,0,0,0,0,13,8,5
KNOX COUNTY,275,56 Years,60,31,29,38,22,16,2,0,2,0,0,0,20,9,11
KNOX COUNTY,275,57 Years,56,31,25,39,21,18,2,0,2,0,0,0,15,10,5
KNOX COUNTY,275,58 Years,51,29,22,34,18,16,3,1,2,0,0,0,14,10,4
KNOX COUNTY,275,59 Years,53,32,21,40,23,17,1,1,0,0,0,0,12,8,4
KNOX COUNTY,275,60 Years,50,28,22,36,20,16,1,1,0,0,0,0,13,7,6
KNOX COUNTY,275,61 Years,48,23,25,31,15,16,2,0,2,2,0,2,13,8,5
KNOX COUNTY,275,62 Years,36,23,13,25,15,10,2,1,1,0,0,0,9,7,2
KNOX COUNTY,275,63 Years,56,28,28,44,24,20,2,0,2,1,0,1,9,4,5
KNOX COUNTY,275,64 Years,37,20,17,29,17,12,2,0,2,1,0,1,5,3,2
KNOX COUNTY,275,65 Years,41,21,20,29,15,14,4,1,3,1,1,0,7,4,3
KNOX COUNTY,275,66 Years,36,17,19,29,14,15,2,1,1,0,0,0,5,2,3
KNOX COUNTY,275,67 Years,37,17,20,25,11,14,3,1,2,0,0,0,9,5,4
KNOX COUNTY,275,68 Years,43,19,24,34,18,16,3,0,3,1,0,1,5,1,4
KNOX COUNTY,275,69 Years,40,23,17,31,18,13,0,0,0,1,1,0,8,4,4
KNOX COUNTY,275,70 Years,38,20,18,30,15,15,2,1,1,1,1,0,5,3,2
KNOX COUNTY,275,71 Years,44,18,26,31,14,17,4,1,3,0,0,0,9,3,6
KNOX COUNTY,275,72 Years,31,13,18,24,10,14,2,1,1,0,0,0,5,2,3
KNOX COUNTY,275,73 Years,32,15,17,28,14,14,1,1,0,1,0,1,2,0,2
KNOX COUNTY,275,74 Years,27,16,11,25,15,10,0,0,0,0,0,0,2,1,1
KNOX COUNTY,275,75 Years,34,15,19,27,12,15,0,0,0,0,0,0,7,3,4
KNOX COUNTY,275,76 Years,35,14,21,26,11,15,1,0,1,0,0,0,8,3,5
KNOX COUNTY,275,77 Years,36,14,22,28,10,18,0,0,0,1,1,0,7,3,4
KNOX COUNTY,275,78 Years,36,16,20,28,11,17,1,1,0,0,0,0,7,4,3
KNOX COUNTY,275,79 Years,35,13,22,27,9,18,3,2,1,0,0,0,5,2,3
KNOX COUNTY,275,80 Years,32,12,20,23,8,15,2,1,1,0,0,0,7,3,4
KNOX COUNTY,275,81 Years,27,11,16,22,10,12,1,0,1,0,0,0,4,1,3
KNOX COUNTY,275,82 Years,22,9,13,18,8,10,1,0,1,0,0,0,3,1,2
KNOX COUNTY,275,83 Years,19,9,10,15,6,9,1,1,0,0,0,0,3,2,1
KNOX COUNTY,275,84 Years,22,10,12,15,7,8,3,1,2,0,0,0,4,2,2
KNOX COUNTY,275,85 Years +,134,56,78,109,44,65,5,1,4,1,1,0,19,10,9
LAMAR COUNTY,277,All Ages,50890,24788,26102,37329,18211,19118,6891,3219,3672,2594,1240,1354,4076,2118,1958
LAMAR COUNTY,277,< 1 Year,665,342,323,423,215,208,101,53,48,59,31,28,82,43,39
LAMAR COUNTY,277,1 Years,661,332,329,414,204,210,99,51,48,63,32,31,85,45,40
LAMAR COUNTY,277,2 Years,657,334,323,406,204,202,97,50,47,67,34,33,87,46,41
LAMAR COUNTY,277,3 Years,644,332,312,394,199,195,88,47,41,73,37,36,89,49,40
LAMAR COUNTY,277,4 Years,665,350,315,403,208,195,98,53,45,70,37,33,94,52,42
LAMAR COUNTY,277,5 Years,633,317,316,395,206,189,91,46,45,60,26,34,87,39,48
LAMAR COUNTY,277,6 Years,668,335,333,398,200,198,107,57,50,65,34,31,98,44,54
LAMAR COUNTY,277,7 Years,682,351,331,406,206,200,103,60,43,64,35,29,109,50,59
LAMAR COUNTY,277,8 Years,679,345,334,400,211,189,105,56,49,67,33,34,107,45,62
LAMAR COUNTY,277,9 Years,670,340,330,400,206,194,95,51,44,57,29,28,118,54,64
LAMAR COUNTY,277,10 Years,700,351,349,435,221,214,94,43,51,57,26,31,114,61,53
LAMAR COUNTY,277,11 Years,653,335,318,400,207,193,102,54,48,49,23,26,102,51,51
LAMAR COUNTY,277,12 Years,666,340,326,423,215,208,98,48,50,46,23,23,99,54,45
LAMAR COUNTY,277,13 Years,635,325,310,396,207,189,104,49,55,44,21,23,91,48,43
LAMAR COUNTY,277,14 Years,687,368,319,442,243,199,98,51,47,40,21,19,107,53,54
LAMAR COUNTY,277,15 Years,707,362,345,463,236,227,99,55,44,41,21,20,104,50,54
LAMAR COUNTY,277,16 Years,705,351,354,463,234,229,100,48,52,47,23,24,95,46,49
LAMAR COUNTY,277,17 Years,693,348,345,452,226,226,109,54,55,38,18,20,94,50,44
LAMAR COUNTY,277,18 Years,684,350,334,446,233,213,112,57,55,43,20,23,83,40,43
LAMAR COUNTY,277,19 Years,644,332,312,415,211,204,96,56,40,51,24,27,82,41,41
LAMAR COUNTY,277,20 Years,617,312,305,393,190,203,106,60,46,41,21,20,77,41,36
LAMAR COUNTY,277,21 Years,640,323,317,419,205,214,103,50,53,44,23,21,74,45,29
LAMAR COUNTY,277,22 Years,637,346,291,421,232,189,112,55,57,37,21,16,67,38,29
LAMAR COUNTY,277,23 Years,708,372,336,479,260,219,123,61,62,39,16,23,67,35,32
LAMAR COUNTY,277,24 Years,754,360,394,501,246,255,132,58,74,47,19,28,74,37,37
LAMAR COUNTY,277,25 Years,768,374,394,515,249,266,144,65,79,45,22,23,64,38,26
LAMAR COUNTY,277,26 Years,674,311,363,482,223,259,106,45,61,34,16,18,52,27,25
LAMAR COUNTY,277,27 Years,618,301,317,427,212,215,97,42,55,35,15,20,59,32,27
LAMAR COUNTY,277,28 Years,581,291,290,410,204,206,75,32,43,32,18,14,64,37,27
LAMAR COUNTY,277,29 Years,546,278,268,367,183,184,88,44,44,28,18,10,63,33,30
LAMAR COUNTY,277,30 Years,517,267,250,355,185,170,79,35,44,21,13,8,62,34,28
LAMAR COUNTY,277,31 Years,485,248,237,336,180,156,73,30,43,21,10,11,55,28,27
LAMAR COUNTY,277,32 Years,513,247,266,353,175,178,77,31,46,24,9,15,59,32,27
LAMAR COUNTY,277,33 Years,503,243,260,351,171,180,72,31,41,22,9,13,58,32,26
LAMAR COUNTY,277,34 Years,505,255,250,365,185,180,61,24,37,25,13,12,54,33,21
LAMAR COUNTY,277,35 Years,557,276,281,387,196,191,80,35,45,23,11,12,67,34,33
LAMAR COUNTY,277,36 Years,548,268,280,378,185,193,93,43,50,26,16,10,51,24,27
LAMAR COUNTY,277,37 Years,534,263,271,361,178,183,86,37,49,28,14,14,59,34,25
LAMAR COUNTY,277,38 Years,555,279,276,370,190,180,92,40,52,30,15,15,63,34,29
LAMAR COUNTY,277,39 Years,551,277,274,385,202,183,86,42,44,29,12,17,51,21,30
LAMAR COUNTY,277,40 Years,574,283,291,399,199,200,91,42,49,26,11,15,58,31,27
LAMAR COUNTY,277,41 Years,547,272,275,402,193,209,78,42,36,21,13,8,46,24,22
LAMAR COUNTY,277,42 Years,551,257,294,390,184,206,83,35,48,26,12,14,52,26,26
LAMAR COUNTY,277,43 Years,599,290,309,439,214,225,96,42,54,22,11,11,42,23,19
LAMAR COUNTY,277,44 Years,654,308,346,491,233,258,96,41,55,30,13,17,37,21,16
LAMAR COUNTY,277,45 Years,698,327,371,527,249,278,96,44,52,33,13,20,42,21,21
LAMAR COUNTY,277,46 Years,690,332,358,517,251,266,100,43,57,31,11,20,42,27,15
LAMAR COUNTY,277,47 Years,669,326,343,496,249,247,103,45,58,31,11,20,39,21,18
LAMAR COUNTY,277,48 Years,651,316,335,489,242,247,97,43,54,34,13,21,31,18,13
LAMAR COUNTY,277,49 Years,627,306,321,478,236,242,92,45,47,30,11,19,27,14,13
LAMAR COUNTY,277,50 Years,667,336,331,521,271,250,94,45,49,24,9,15,28,11,17
LAMAR COUNTY,277,51 Years,710,339,371,559,278,281,106,42,64,22,10,12,23,9,14
LAMAR COUNTY,277,52 Years,709,336,373,564,271,293,98,45,53,23,9,14,24,11,13
LAMAR COUNTY,277,53 Years,701,337,364,565,272,293,85,38,47,26,12,14,25,15,10
LAMAR COUNTY,277,54 Years,683,327,356,546,263,283,95,45,50,19,9,10,23,10,13
LAMAR COUNTY,277,55 Years,726,346,380,573,270,303,102,52,50,28,13,15,23,11,12
LAMAR COUNTY,277,56 Years,668,327,341,519,257,262,98,43,55,23,11,12,28,16,12
LAMAR COUNTY,277,57 Years,716,355,361,568,282,286,93,41,52,28,15,13,27,17,10
LAMAR COUNTY,277,58 Years,695,331,364,553,264,289,94,40,54,28,13,15,20,14,6
LAMAR COUNTY,277,59 Years,664,325,339,539,267,272,89,39,50,20,8,12,16,11,5
LAMAR COUNTY,277,60 Years,656,325,331,520,262,258,93,42,51,23,8,15,20,13,7
LAMAR COUNTY,277,61 Years,604,298,306,487,249,238,80,31,49,18,8,10,19,10,9
LAMAR COUNTY,277,62 Years,593,290,303,490,244,246,65,27,38,23,9,14,15,10,5
LAMAR COUNTY,277,63 Years,605,280,325,506,233,273,68,27,41,15,8,7,16,12,4
LAMAR COUNTY,277,64 Years,613,295,318,508,246,262,69,29,40,21,12,9,15,8,7
LAMAR COUNTY,277,65 Years,634,306,328,534,253,281,55,29,26,26,13,13,19,11,8
LAMAR COUNTY,277,66 Years,645,288,357,548,247,301,55,23,32,27,10,17,15,8,7
LAMAR COUNTY,277,67 Years,572,262,310,489,224,265,53,23,30,18,8,10,12,7,5
LAMAR COUNTY,277,68 Years,608,289,319,531,254,277,50,24,26,15,5,10,12,6,6
LAMAR COUNTY,277,69 Years,529,252,277,461,219,242,43,21,22,13,6,7,12,6,6
LAMAR COUNTY,277,70 Years,536,248,288,473,222,251,45,18,27,11,5,6,7,3,4
LAMAR COUNTY,277,71 Years,542,246,296,473,218,255,43,16,27,15,8,7,11,4,7
LAMAR COUNTY,277,72 Years,517,246,271,457,221,236,40,15,25,12,6,6,8,4,4
LAMAR COUNTY,277,73 Years,475,233,242,421,206,215,34,14,20,11,7,4,9,6,3
LAMAR COUNTY,277,74 Years,435,198,237,392,176,216,31,15,16,7,3,4,5,4,1
LAMAR COUNTY,277,75 Years,410,177,233,370,161,209,27,11,16,6,2,4,7,3,4
LAMAR COUNTY,277,76 Years,374,173,201,333,158,175,28,10,18,8,2,6,5,3,2
LAMAR COUNTY,277,77 Years,366,171,195,331,160,171,24,8,16,7,2,5,4,1,3
LAMAR COUNTY,277,78 Years,328,149,179,293,136,157,25,10,15,5,1,4,5,2,3
LAMAR COUNTY,277,79 Years,274,121,153,245,110,135,20,8,12,7,2,5,2,1,1
LAMAR COUNTY,277,80 Years,274,121,153,242,109,133,19,6,13,10,4,6,3,2,1
LAMAR COUNTY,277,81 Years,264,118,146,231,104,127,19,7,12,7,5,2,7,2,5
LAMAR COUNTY,277,82 Years,227,92,135,190,77,113,28,11,17,4,3,1,5,1,4
LAMAR COUNTY,277,83 Years,208,84,124,185,74,111,18,7,11,2,1,1,3,2,1
LAMAR COUNTY,277,84 Years,189,75,114,165,64,101,16,7,9,5,2,3,3,2,1
LAMAR COUNTY,277,85 Years +,1004,344,660,890,296,594,76,29,47,21,13,8,17,6,11
LAMB COUNTY,279,All Ages,13225,6629,6596,5190,2542,2648,551,281,270,229,102,127,7255,3704,3551
LAMB COUNTY,279,< 1 Year,192,93,99,40,22,18,8,5,3,16,9,7,128,57,71
LAMB COUNTY,279,1 Years,195,100,95,41,21,20,9,6,3,17,10,7,128,63,65
LAMB COUNTY,279,2 Years,193,96,97,42,20,22,9,5,4,16,8,8,126,63,63
LAMB COUNTY,279,3 Years,201,103,98,49,24,25,7,4,3,13,8,5,132,67,65
LAMB COUNTY,279,4 Years,205,100,105,51,25,26,7,4,3,9,5,4,138,66,72
LAMB COUNTY,279,5 Years,235,124,111,56,35,21,7,4,3,5,2,3,167,83,84
LAMB COUNTY,279,6 Years,209,109,100,49,24,25,7,2,5,6,3,3,147,80,67
LAMB COUNTY,279,7 Years,196,101,95,46,20,26,10,4,6,3,1,2,137,76,61
LAMB COUNTY,279,8 Years,211,108,103,57,27,30,9,4,5,5,2,3,140,75,65
LAMB COUNTY,279,9 Years,204,104,100,52,22,30,11,9,2,3,1,2,138,72,66
LAMB COUNTY,279,10 Years,206,103,103,51,24,27,10,7,3,4,2,2,141,70,71
LAMB COUNTY,279,11 Years,202,98,104,52,24,28,8,5,3,3,2,1,139,67,72
LAMB COUNTY,279,12 Years,202,110,92,50,25,25,9,6,3,3,1,2,140,78,62
LAMB COUNTY,279,13 Years,210,112,98,52,26,26,15,8,7,3,0,3,140,78,62
LAMB COUNTY,279,14 Years,202,100,102,57,27,30,14,7,7,3,0,3,128,66,62
LAMB COUNTY,279,15 Years,211,106,105,65,28,37,7,3,4,3,1,2,136,74,62
LAMB COUNTY,279,16 Years,209,108,101,64,28,36,13,7,6,3,2,1,129,71,58
LAMB COUNTY,279,17 Years,203,109,94,65,38,27,11,4,7,2,1,1,125,66,59
LAMB COUNTY,279,18 Years,199,111,88,66,43,23,11,6,5,2,0,2,120,62,58
LAMB COUNTY,279,19 Years,185,108,77,57,36,21,6,4,2,1,1,0,121,67,54
LAMB COUNTY,279,20 Years,193,108,85,57,30,27,5,3,2,4,3,1,127,72,55
LAMB COUNTY,279,21 Years,213,123,90,66,41,25,8,3,5,5,4,1,134,75,59
LAMB COUNTY,279,22 Years,203,114,89,64,36,28,8,4,4,4,3,1,127,71,56
LAMB COUNTY,279,23 Years,195,102,93,61,32,29,9,3,6,3,1,2,122,66,56
LAMB COUNTY,279,24 Years,158,86,72,46,24,22,7,3,4,2,0,2,103,59,44
LAMB COUNTY,279,25 Years,160,84,76,48,24,24,5,3,2,1,0,1,106,57,49
LAMB COUNTY,279,26 Years,149,83,66,47,25,22,2,1,1,1,0,1,99,57,42
LAMB COUNTY,279,27 Years,155,81,74,48,25,23,6,5,1,2,0,2,99,51,48
LAMB COUNTY,279,28 Years,134,68,66,29,15,14,4,2,2,2,1,1,99,50,49
LAMB COUNTY,279,29 Years,132,71,61,38,22,16,5,3,2,1,0,1,88,46,42
LAMB COUNTY,279,30 Years,125,54,71,34,16,18,7,5,2,1,1,0,83,32,51
LAMB COUNTY,279,31 Years,138,66,72,40,24,16,7,2,5,1,1,0,90,39,51
LAMB COUNTY,279,32 Years,158,75,83,57,27,30,8,2,6,0,0,0,93,46,47
LAMB COUNTY,279,33 Years,141,75,66,42,22,20,8,5,3,1,1,0,90,47,43
LAMB COUNTY,279,34 Years,140,74,66,40,20,20,8,4,4,1,0,1,91,50,41
LAMB COUNTY,279,35 Years,157,80,77,48,24,24,6,3,3,2,0,2,101,53,48
LAMB COUNTY,279,36 Years,143,67,76,46,21,25,7,3,4,2,0,2,88,43,45
LAMB COUNTY,279,37 Years,140,65,75,42,19,23,9,4,5,2,0,2,87,42,45
LAMB COUNTY,279,38 Years,142,77,65,55,32,23,4,1,3,2,1,1,81,43,38
LAMB COUNTY,279,39 Years,125,67,58,46,25,21,5,1,4,1,1,0,73,40,33
LAMB COUNTY,279,40 Years,133,65,68,45,23,22,6,2,4,0,0,0,82,40,42
LAMB COUNTY,279,41 Years,119,54,65,45,21,24,5,2,3,1,0,1,68,31,37
LAMB COUNTY,279,42 Years,124,63,61,51,25,26,2,1,1,0,0,0,71,37,34
LAMB COUNTY,279,43 Years,111,53,58,40,22,18,2,0,2,0,0,0,69,31,38
LAMB COUNTY,279,44 Years,133,63,70,49,22,27,2,1,1,1,0,1,81,40,41
LAMB COUNTY,279,45 Years,158,82,76,52,25,27,4,2,2,1,0,1,101,55,46
LAMB COUNTY,279,46 Years,151,76,75,47,25,22,7,5,2,1,1,0,96,45,51
LAMB COUNTY,279,47 Years,158,78,80,55,26,29,5,3,2,3,1,2,95,48,47
LAMB COUNTY,279,48 Years,157,83,74,69,35,34,7,4,3,1,1,0,80,43,37
LAMB COUNTY,279,49 Years,153,78,75,59,33,26,3,1,2,0,0,0,91,44,47
LAMB COUNTY,279,50 Years,148,62,86,53,22,31,6,2,4,1,0,1,88,38,50
LAMB COUNTY,279,51 Years,180,88,92,73,36,37,9,7,2,5,0,5,93,45,48
LAMB COUNTY,279,52 Years,186,87,99,92,41,51,9,5,4,3,0,3,82,41,41
LAMB COUNTY,279,53 Years,177,89,88,82,38,44,10,5,5,1,1,0,84,45,39
LAMB COUNTY,279,54 Years,175,89,86,95,53,42,7,2,5,2,1,1,71,33,38
LAMB COUNTY,279,55 Years,177,85,92,109,56,53,6,3,3,3,1,2,59,25,34
LAMB COUNTY,279,56 Years,168,81,87,87,45,42,11,8,3,3,1,2,67,27,40
LAMB COUNTY,279,57 Years,170,89,81,88,48,40,12,5,7,4,1,3,66,35,31
LAMB COUNTY,279,58 Years,169,95,74,97,53,44,9,6,3,3,1,2,60,35,25
LAMB COUNTY,279,59 Years,185,102,83,96,53,43,6,4,2,5,3,2,78,42,36
LAMB COUNTY,279,60 Years,168,84,84,98,50,48,4,1,3,4,2,2,62,31,31
LAMB COUNTY,279,61 Years,172,89,83,95,47,48,4,1,3,3,1,2,70,40,30
LAMB COUNTY,279,62 Years,155,82,73,84,44,40,6,4,2,3,1,2,62,33,29
LAMB COUNTY,279,63 Years,147,80,67,84,42,42,6,3,3,1,1,0,56,34,22
LAMB COUNTY,279,64 Years,126,71,55,73,40,33,3,2,1,2,1,1,48,28,20
LAMB COUNTY,279,65 Years,127,60,67,69,32,37,2,1,1,1,1,0,55,26,29
LAMB COUNTY,279,66 Years,124,56,68,72,30,42,6,5,1,0,0,0,46,21,25
LAMB COUNTY,279,67 Years,111,51,60,62,27,35,6,3,3,0,0,0,43,21,22
LAMB COUNTY,279,68 Years,108,53,55,62,32,30,5,3,2,1,0,1,40,18,22
LAMB COUNTY,279,69 Years,120,50,70,56,26,30,7,3,4,2,0,2,55,21,34
LAMB COUNTY,279,70 Years,105,46,59,54,22,32,4,1,3,1,1,0,46,22,24
LAMB COUNTY,279,71 Years,104,52,52,61,27,34,3,2,1,1,1,0,39,22,17
LAMB COUNTY,279,72 Years,101,49,52,58,28,30,4,2,2,1,0,1,38,19,19
LAMB COUNTY,279,73 Years,101,45,56,64,26,38,2,1,1,1,0,1,34,18,16
LAMB COUNTY,279,74 Years,94,38,56,60,24,36,4,2,2,2,1,1,28,11,17
LAMB COUNTY,279,75 Years,95,43,52,61,29,32,3,1,2,1,0,1,30,13,17
LAMB COUNTY,279,76 Years,86,44,42,56,30,26,4,1,3,1,1,0,25,12,13
LAMB COUNTY,279,77 Years,88,41,47,57,27,30,4,2,2,0,0,0,27,12,15
LAMB COUNTY,279,78 Years,74,32,42,47,18,29,2,1,1,0,0,0,25,13,12
LAMB COUNTY,279,79 Years,82,35,47,54,23,31,3,1,2,0,0,0,25,11,14
LAMB COUNTY,279,80 Years,82,34,48,60,25,35,1,0,1,1,0,1,20,9,11
LAMB COUNTY,279,81 Years,78,32,46,55,22,33,3,2,1,1,0,1,19,8,11
LAMB COUNTY,279,82 Years,61,26,35,46,19,27,2,1,1,0,0,0,13,6,7
LAMB COUNTY,279,83 Years,62,22,40,43,15,28,2,0,2,1,0,1,16,7,9
LAMB COUNTY,279,84 Years,64,23,41,47,17,30,2,0,2,1,0,1,14,6,8
LAMB COUNTY,279,85 Years +,287,106,181,212,75,137,15,6,9,4,3,1,56,22,34
LAMPASAS COUNTY,281,All Ages,20553,10175,10378,14803,7282,7521,590,307,283,1012,453,559,4148,2133,2015
LAMPASAS COUNTY,281,< 1 Year,233,121,112,128,64,64,6,4,2,32,18,14,67,35,32
LAMPASAS COUNTY,281,1 Years,247,129,118,139,74,65,7,5,2,30,15,15,71,35,36
LAMPASAS COUNTY,281,2 Years,249,125,124,142,74,68,6,3,3,30,13,17,71,35,36
LAMPASAS COUNTY,281,3 Years,248,128,120,143,75,68,4,1,3,25,11,14,76,41,35
LAMPASAS COUNTY,281,4 Years,258,130,128,137,69,68,4,1,3,28,14,14,89,46,43
LAMPASAS COUNTY,281,5 Years,256,143,113,140,79,61,3,2,1,23,12,11,90,50,40
LAMPASAS COUNTY,281,6 Years,258,135,123,156,78,78,5,2,3,20,13,7,77,42,35
LAMPASAS COUNTY,281,7 Years,263,133,130,155,74,81,4,1,3,24,14,10,80,44,36
LAMPASAS COUNTY,281,8 Years,285,139,146,165,79,86,4,3,1,25,14,11,91,43,48
LAMPASAS COUNTY,281,9 Years,276,129,147,151,70,81,2,1,1,21,11,10,102,47,55
LAMPASAS COUNTY,281,10 Years,282,143,139,170,85,85,6,4,2,20,12,8,86,42,44
LAMPASAS COUNTY,281,11 Years,267,141,126,174,93,81,5,3,2,17,9,8,71,36,35
LAMPASAS COUNTY,281,12 Years,279,151,128,175,93,82,4,2,2,16,10,6,84,46,38
LAMPASAS COUNTY,281,13 Years,265,136,129,168,89,79,4,2,2,15,8,7,78,37,41
LAMPASAS COUNTY,281,14 Years,254,127,127,171,90,81,1,0,1,16,8,8,66,29,37
LAMPASAS COUNTY,281,15 Years,279,148,131,181,93,88,4,3,1,22,9,13,72,43,29
LAMPASAS COUNTY,281,16 Years,281,148,133,180,95,85,8,5,3,20,9,11,73,39,34
LAMPASAS COUNTY,281,17 Years,280,145,135,187,100,87,10,4,6,15,6,9,68,35,33
LAMPASAS COUNTY,281,18 Years,297,144,153,192,90,102,8,3,5,17,11,6,80,40,40
LAMPASAS COUNTY,281,19 Years,281,148,133,169,90,79,11,4,7,16,11,5,85,43,42
LAMPASAS COUNTY,281,20 Years,289,138,151,177,87,90,13,4,9,15,6,9,84,41,43
LAMPASAS COUNTY,281,21 Years,269,146,123,160,89,71,12,5,7,15,10,5,82,42,40
LAMPASAS COUNTY,281,22 Years,254,125,129,155,77,78,18,7,11,11,6,5,70,35,35
LAMPASAS COUNTY,281,23 Years,257,142,115,156,83,73,9,4,5,17,9,8,75,46,29
LAMPASAS COUNTY,281,24 Years,232,128,104,135,73,62,8,6,2,13,7,6,76,42,34
LAMPASAS COUNTY,281,25 Years,198,108,90,130,72,58,12,4,8,4,2,2,52,30,22
LAMPASAS COUNTY,281,26 Years,186,90,96,128,58,70,7,3,4,3,2,1,48,27,21
LAMPASAS COUNTY,281,27 Years,188,99,89,119,61,58,4,4,0,7,3,4,58,31,27
LAMPASAS COUNTY,281,28 Years,195,99,96,122,65,57,6,4,2,10,4,6,57,26,31
LAMPASAS COUNTY,281,29 Years,201,110,91,130,69,61,5,3,2,8,4,4,58,34,24
LAMPASAS COUNTY,281,30 Years,193,85,108,138,58,80,6,2,4,6,2,4,43,23,20
LAMPASAS COUNTY,281,31 Years,190,93,97,134,63,71,5,3,2,6,2,4,45,25,20
LAMPASAS COUNTY,281,32 Years,207,110,97,145,77,68,2,1,1,6,2,4,54,30,24
LAMPASAS COUNTY,281,33 Years,233,114,119,173,87,86,4,2,2,3,1,2,53,24,29
LAMPASAS COUNTY,281,34 Years,226,112,114,175,86,89,4,2,2,4,2,2,43,22,21
LAMPASAS COUNTY,281,35 Years,222,107,115,164,82,82,2,2,0,8,3,5,48,20,28
LAMPASAS COUNTY,281,36 Years,207,101,106,149,73,76,3,3,0,10,5,5,45,20,25
LAMPASAS COUNTY,281,37 Years,224,108,116,162,79,83,5,2,3,9,3,6,48,24,24
LAMPASAS COUNTY,281,38 Years,218,110,108,159,79,80,3,2,1,9,5,4,47,24,23
LAMPASAS COUNTY,281,39 Years,210,104,106,156,76,80,4,3,1,11,6,5,39,19,20
LAMPASAS COUNTY,281,40 Years,222,105,117,161,77,84,5,3,2,12,5,7,44,20,24
LAMPASAS COUNTY,281,41 Years,241,118,123,178,82,96,7,5,2,11,6,5,45,25,20
LAMPASAS COUNTY,281,42 Years,242,118,124,178,86,92,7,5,2,10,5,5,47,22,25
LAMPASAS COUNTY,281,43 Years,241,117,124,175,83,92,7,4,3,12,5,7,47,25,22
LAMPASAS COUNTY,281,44 Years,263,119,144,197,91,106,11,5,6,12,4,8,43,19,24
LAMPASAS COUNTY,281,45 Years,299,145,154,233,116,117,9,5,4,11,6,5,46,18,28
LAMPASAS COUNTY,281,46 Years,294,145,149,223,115,108,10,5,5,13,3,10,48,22,26
LAMPASAS COUNTY,281,47 Years,274,139,135,201,106,95,13,5,8,13,4,9,47,24,23
LAMPASAS COUNTY,281,48 Years,288,137,151,217,105,112,13,5,8,13,6,7,45,21,24
LAMPASAS COUNTY,281,49 Years,300,142,158,220,100,120,19,12,7,10,5,5,51,25,26
LAMPASAS COUNTY,281,50 Years,333,171,162,251,127,124,17,10,7,7,2,5,58,32,26
LAMPASAS COUNTY,281,51 Years,341,178,163,268,139,129,14,9,5,7,2,5,52,28,24
LAMPASAS COUNTY,281,52 Years,305,152,153,233,112,121,8,6,2,9,5,4,55,29,26
LAMPASAS COUNTY,281,53 Years,320,171,149,233,117,116,10,6,4,11,6,5,66,42,24
LAMPASAS COUNTY,281,54 Years,320,163,157,254,125,129,8,5,3,11,5,6,47,28,19
LAMPASAS COUNTY,281,55 Years,294,146,148,229,113,116,7,4,3,11,5,6,47,24,23
LAMPASAS COUNTY,281,56 Years,316,146,170,245,113,132,10,4,6,12,2,10,49,27,22
LAMPASAS COUNTY,281,57 Years,304,145,159,236,110,126,13,7,6,9,2,7,46,26,20
LAMPASAS COUNTY,281,58 Years,293,153,140,229,121,108,11,3,8,10,3,7,43,26,17
LAMPASAS COUNTY,281,59 Years,292,139,153,226,104,122,12,5,7,15,4,11,39,26,13
LAMPASAS COUNTY,281,60 Years,291,130,161,230,108,122,13,4,9,15,3,12,33,15,18
LAMPASAS COUNTY,281,61 Years,265,118,147,219,100,119,7,2,5,9,4,5,30,12,18
LAMPASAS COUNTY,281,62 Years,273,134,139,219,111,108,13,9,4,9,1,8,32,13,19
LAMPASAS COUNTY,281,63 Years,259,126,133,203,100,103,10,5,5,13,2,11,33,19,14
LAMPASAS COUNTY,281,64 Years,251,114,137,196,89,107,6,4,2,18,7,11,31,14,17
LAMPASAS COUNTY,281,65 Years,264,130,134,216,106,110,8,3,5,14,8,6,26,13,13
LAMPASAS COUNTY,281,66 Years,247,118,129,202,96,106,9,4,5,11,5,6,25,13,12
LAMPASAS COUNTY,281,67 Years,261,131,130,216,113,103,9,5,4,10,2,8,26,11,15
LAMPASAS COUNTY,281,68 Years,247,127,120,207,104,103,8,4,4,5,1,4,27,18,9
LAMPASAS COUNTY,281,69 Years,197,103,94,170,87,83,7,5,2,3,0,3,17,11,6
LAMPASAS COUNTY,281,70 Years,197,95,102,167,81,86,5,3,2,8,2,6,17,9,8
LAMPASAS COUNTY,281,71 Years,210,95,115,184,85,99,6,3,3,10,3,7,10,4,6
LAMPASAS COUNTY,281,72 Years,214,94,120,186,82,104,11,6,5,6,1,5,11,5,6
LAMPASAS COUNTY,281,73 Years,195,92,103,165,76,89,9,6,3,4,1,3,17,9,8
LAMPASAS COUNTY,281,74 Years,169,78,91,147,67,80,5,3,2,2,1,1,15,7,8
LAMPASAS COUNTY,281,75 Years,151,74,77,130,63,67,2,2,0,3,1,2,16,8,8
LAMPASAS COUNTY,281,76 Years,148,67,81,128,60,68,1,1,0,8,2,6,11,4,7
LAMPASAS COUNTY,281,77 Years,126,54,72,111,47,64,1,1,0,8,2,6,6,4,2
LAMPASAS COUNTY,281,78 Years,123,59,64,107,50,57,1,1,0,4,2,2,11,6,5
LAMPASAS COUNTY,281,79 Years,129,56,73,110,50,60,3,1,2,1,0,1,15,5,10
LAMPASAS COUNTY,281,80 Years,108,53,55,93,46,47,2,1,1,4,2,2,9,4,5
LAMPASAS COUNTY,281,81 Years,79,35,44,68,30,38,0,0,0,4,3,1,7,2,5
LAMPASAS COUNTY,281,82 Years,80,42,38,69,38,31,0,0,0,3,1,2,8,3,5
LAMPASAS COUNTY,281,83 Years,82,42,40,70,37,33,1,1,0,2,1,1,9,3,6
LAMPASAS COUNTY,281,84 Years,68,37,31,60,34,26,0,0,0,2,0,2,6,3,3
LAMPASAS COUNTY,281,85 Years +,400,150,250,353,132,221,4,1,3,10,1,9,33,16,17
LA SALLE COUNTY,283,All Ages,7636,4547,3089,932,494,438,16,15,1,66,37,29,6622,4001,2621
LA SALLE COUNTY,283,< 1 Year,105,59,46,8,4,4,0,0,0,2,1,1,95,54,41
LA SALLE COUNTY,283,1 Years,104,60,44,7,5,2,0,0,0,1,1,0,96,54,42
LA SALLE COUNTY,283,2 Years,103,56,47,6,4,2,0,0,0,2,1,1,95,51,44
LA SALLE COUNTY,283,3 Years,101,53,48,4,2,2,0,0,0,1,0,1,96,51,45
LA SALLE COUNTY,283,4 Years,97,54,43,6,3,3,0,0,0,0,0,0,91,51,40
LA SALLE COUNTY,283,5 Years,87,43,44,5,3,2,1,1,0,0,0,0,81,39,42
LA SALLE COUNTY,283,6 Years,81,30,51,6,2,4,0,0,0,1,0,1,74,28,46
LA SALLE COUNTY,283,7 Years,84,46,38,8,5,3,0,0,0,1,0,1,75,41,34
LA SALLE COUNTY,283,8 Years,78,48,30,7,3,4,0,0,0,0,0,0,71,45,26
LA SALLE COUNTY,283,9 Years,79,41,38,8,4,4,0,0,0,1,1,0,70,36,34
LA SALLE COUNTY,283,10 Years,82,49,33,9,6,3,1,0,1,0,0,0,72,43,29
LA SALLE COUNTY,283,11 Years,81,46,35,8,6,2,1,1,0,1,0,1,71,39,32
LA SALLE COUNTY,283,12 Years,79,33,46,6,3,3,1,1,0,1,0,1,71,29,42
LA SALLE COUNTY,283,13 Years,78,31,47,6,2,4,0,0,0,1,0,1,71,29,42
LA SALLE COUNTY,283,14 Years,78,37,41,7,6,1,0,0,0,0,0,0,71,31,40
LA SALLE COUNTY,283,15 Years,90,43,47,9,5,4,0,0,0,1,1,0,80,37,43
LA SALLE COUNTY,283,16 Years,94,45,49,7,4,3,1,1,0,0,0,0,86,40,46
LA SALLE COUNTY,283,17 Years,108,63,45,8,6,2,0,0,0,0,0,0,100,57,43
LA SALLE COUNTY,283,18 Years,94,49,45,10,6,4,0,0,0,0,0,0,84,43,41
LA SALLE COUNTY,283,19 Years,93,60,33,5,4,1,0,0,0,0,0,0,88,56,32
LA SALLE COUNTY,283,20 Years,111,64,47,6,3,3,0,0,0,0,0,0,105,61,44
LA SALLE COUNTY,283,21 Years,129,88,41,8,5,3,0,0,0,0,0,0,121,83,38
LA SALLE COUNTY,283,22 Years,126,85,41,10,6,4,0,0,0,0,0,0,116,79,37
LA SALLE COUNTY,283,23 Years,187,138,49,11,7,4,0,0,0,1,0,1,175,131,44
LA SALLE COUNTY,283,24 Years,188,150,38,14,8,6,0,0,0,0,0,0,174,142,32
LA SALLE COUNTY,283,25 Years,179,125,54,6,3,3,0,0,0,0,0,0,173,122,51
LA SALLE COUNTY,283,26 Years,202,158,44,13,11,2,0,0,0,1,1,0,188,146,42
LA SALLE COUNTY,283,27 Years,165,128,37,11,4,7,0,0,0,1,1,0,153,123,30
LA SALLE COUNTY,283,28 Years,206,164,42,7,4,3,1,1,0,3,2,1,195,157,38
LA SALLE COUNTY,283,29 Years,230,191,39,8,4,4,1,1,0,4,3,1,217,183,34
LA SALLE COUNTY,283,30 Years,158,123,35,10,5,5,0,0,0,5,5,0,143,113,30
LA SALLE COUNTY,283,31 Years,145,112,33,12,8,4,0,0,0,2,2,0,131,102,29
LA SALLE COUNTY,283,32 Years,118,88,30,7,3,4,0,0,0,1,1,0,110,84,26
LA SALLE COUNTY,283,33 Years,101,71,30,7,4,3,0,0,0,0,0,0,94,67,27
LA SALLE COUNTY,283,34 Years,112,84,28,8,4,4,0,0,0,2,2,0,102,78,24
LA SALLE COUNTY,283,35 Years,76,47,29,6,1,5,0,0,0,0,0,0,70,46,24
LA SALLE COUNTY,283,36 Years,93,58,35,8,3,5,0,0,0,2,2,0,83,53,30
LA SALLE COUNTY,283,37 Years,98,59,39,12,5,7,0,0,0,0,0,0,86,54,32
LA SALLE COUNTY,283,38 Years,84,48,36,6,1,5,0,0,0,0,0,0,78,47,31
LA SALLE COUNTY,283,39 Years,63,33,30,2,0,2,0,0,0,2,2,0,59,31,28
LA SALLE COUNTY,283,40 Years,59,34,25,11,6,5,0,0,0,1,1,0,47,27,20
LA SALLE COUNTY,283,41 Years,66,36,30,9,4,5,0,0,0,0,0,0,57,32,25
LA SALLE COUNTY,283,42 Years,72,49,23,8,6,2,0,0,0,2,1,1,62,42,20
LA SALLE COUNTY,283,43 Years,82,55,27,8,5,3,0,0,0,2,1,1,72,49,23
LA SALLE COUNTY,283,44 Years,79,41,38,11,7,4,0,0,0,1,1,0,67,33,34
LA SALLE COUNTY,283,45 Years,92,52,40,11,7,4,0,0,0,0,0,0,81,45,36
LA SALLE COUNTY,283,46 Years,88,49,39,12,4,8,0,0,0,1,1,0,75,44,31
LA SALLE COUNTY,283,47 Years,91,44,47,14,7,7,0,0,0,1,0,1,76,37,39
LA SALLE COUNTY,283,48 Years,101,57,44,10,5,5,0,0,0,0,0,0,91,52,39
LA SALLE COUNTY,283,49 Years,85,50,35,13,9,4,0,0,0,0,0,0,72,41,31
LA SALLE COUNTY,283,50 Years,78,45,33,8,4,4,0,0,0,0,0,0,70,41,29
LA SALLE COUNTY,283,51 Years,80,48,32,14,8,6,1,1,0,0,0,0,65,39,26
LA SALLE COUNTY,283,52 Years,89,54,35,14,5,9,0,0,0,0,0,0,75,49,26
LA SALLE COUNTY,283,53 Years,69,35,34,14,5,9,0,0,0,0,0,0,55,30,25
LA SALLE COUNTY,283,54 Years,70,31,39,14,8,6,0,0,0,0,0,0,56,23,33
LA SALLE COUNTY,283,55 Years,66,36,30,11,6,5,0,0,0,0,0,0,55,30,25
LA SALLE COUNTY,283,56 Years,84,51,33,16,10,6,2,2,0,1,0,1,65,39,26
LA SALLE COUNTY,283,57 Years,74,33,41,10,6,4,1,1,0,1,0,1,62,26,36
LA SALLE COUNTY,283,58 Years,62,27,35,8,3,5,0,0,0,1,0,1,53,24,29
LA SALLE COUNTY,283,59 Years,58,28,30,12,5,7,0,0,0,0,0,0,46,23,23
LA SALLE COUNTY,283,60 Years,66,27,39,14,7,7,0,0,0,0,0,0,52,20,32
LA SALLE COUNTY,283,61 Years,65,28,37,11,3,8,0,0,0,0,0,0,54,25,29
LA SALLE COUNTY,283,62 Years,74,37,37,9,4,5,0,0,0,1,1,0,64,32,32
LA SALLE COUNTY,283,63 Years,73,42,31,15,7,8,0,0,0,1,1,0,57,34,23
LA SALLE COUNTY,283,64 Years,82,34,48,14,5,9,0,0,0,2,0,2,66,29,37
LA SALLE COUNTY,283,65 Years,80,34,46,13,5,8,0,0,0,2,1,1,65,28,37
LA SALLE COUNTY,283,66 Years,73,41,32,21,12,9,0,0,0,0,0,0,52,29,23
LA SALLE COUNTY,283,67 Years,74,46,28,25,15,10,0,0,0,0,0,0,49,31,18
LA SALLE COUNTY,283,68 Years,90,48,42,28,17,11,1,1,0,0,0,0,61,30,31
LA SALLE COUNTY,283,69 Years,79,32,47,25,11,14,0,0,0,2,1,1,52,20,32
LA SALLE COUNTY,283,70 Years,79,36,43,28,13,15,0,0,0,1,0,1,50,23,27
LA SALLE COUNTY,283,71 Years,68,30,38,21,12,9,0,0,0,0,0,0,47,18,29
LA SALLE COUNTY,283,72 Years,58,30,28,20,11,9,0,0,0,1,0,1,37,19,18
LA SALLE COUNTY,283,73 Years,61,26,35,20,9,11,0,0,0,1,0,1,40,17,23
LA SALLE COUNTY,283,74 Years,49,25,24,12,8,4,0,0,0,2,1,1,35,16,19
LA SALLE COUNTY,283,75 Years,43,23,20,11,8,3,0,0,0,1,0,1,31,15,16
LA SALLE COUNTY,283,76 Years,45,23,22,11,7,4,0,0,0,0,0,0,34,16,18
LA SALLE COUNTY,283,77 Years,40,22,18,10,6,4,0,0,0,0,0,0,30,16,14
LA SALLE COUNTY,283,78 Years,36,19,17,8,4,4,0,0,0,0,0,0,28,15,13
LA SALLE COUNTY,283,79 Years,34,13,21,6,1,5,3,3,0,0,0,0,25,9,16
LA SALLE COUNTY,283,80 Years,32,13,19,5,3,2,1,1,0,0,0,0,26,9,17
LA SALLE COUNTY,283,81 Years,35,18,17,9,6,3,0,0,0,0,0,0,26,12,14
LA SALLE COUNTY,283,82 Years,37,21,16,14,8,6,0,0,0,0,0,0,23,13,10
LA SALLE COUNTY,283,83 Years,23,10,13,7,3,4,0,0,0,1,1,0,15,6,9
LA SALLE COUNTY,283,84 Years,20,10,10,6,4,2,0,0,0,0,0,0,14,6,8
LA SALLE COUNTY,283,85 Years +,108,44,64,29,13,16,0,0,0,3,0,3,76,31,45
LAVACA COUNTY,285,All Ages,19694,9728,9966,14461,7078,7383,1346,670,676,297,150,147,3590,1830,1760
LAVACA COUNTY,285,< 1 Year,214,102,112,125,68,57,14,7,7,7,1,6,68,26,42
LAVACA COUNTY,285,1 Years,205,98,107,117,59,58,15,9,6,5,1,4,68,29,39
LAVACA COUNTY,285,2 Years,207,98,109,119,55,64,17,9,8,3,2,1,68,32,36
LAVACA COUNTY,285,3 Years,201,98,103,112,49,63,16,10,6,5,4,1,68,35,33
LAVACA COUNTY,285,4 Years,207,107,100,113,54,59,18,10,8,6,5,1,70,38,32
LAVACA COUNTY,285,5 Years,218,105,113,116,57,59,23,9,14,5,4,1,74,35,39
LAVACA COUNTY,285,6 Years,216,105,111,119,54,65,14,6,8,6,3,3,77,42,35
LAVACA COUNTY,285,7 Years,253,130,123,142,75,67,21,11,10,6,2,4,84,42,42
LAVACA COUNTY,285,8 Years,283,142,141,161,84,77,26,12,14,2,2,0,94,44,50
LAVACA COUNTY,285,9 Years,267,131,136,158,77,81,19,11,8,6,3,3,84,40,44
LAVACA COUNTY,285,10 Years,259,132,127,148,68,80,19,11,8,7,6,1,85,47,38
LAVACA COUNTY,285,11 Years,258,144,114,158,81,77,20,10,10,7,5,2,73,48,25
LAVACA COUNTY,285,12 Years,248,122,126,149,70,79,17,11,6,8,4,4,74,37,37
LAVACA COUNTY,285,13 Years,238,124,114,146,78,68,17,8,9,7,3,4,68,35,33
LAVACA COUNTY,285,14 Years,252,125,127,159,76,83,24,12,12,2,2,0,67,35,32
LAVACA COUNTY,285,15 Years,250,137,113,156,87,69,30,15,15,5,2,3,59,33,26
LAVACA COUNTY,285,16 Years,254,135,119,173,94,79,20,10,10,6,2,4,55,29,26
LAVACA COUNTY,285,17 Years,249,129,120,172,88,84,11,8,3,6,4,2,60,29,31
LAVACA COUNTY,285,18 Years,252,136,116,166,88,78,15,8,7,8,4,4,63,36,27
LAVACA COUNTY,285,19 Years,229,111,118,148,70,78,17,8,9,4,2,2,60,31,29
LAVACA COUNTY,285,20 Years,222,115,107,143,69,74,18,13,5,5,2,3,56,31,25
LAVACA COUNTY,285,21 Years,214,121,93,134,74,60,21,12,9,6,5,1,53,30,23
LAVACA COUNTY,285,22 Years,226,120,106,142,73,69,26,16,10,7,5,2,51,26,25
LAVACA COUNTY,285,23 Years,231,127,104,159,81,78,22,13,9,3,2,1,47,31,16
LAVACA COUNTY,285,24 Years,186,102,84,121,66,55,17,8,9,3,1,2,45,27,18
LAVACA COUNTY,285,25 Years,176,98,78,113,60,53,12,7,5,4,3,1,47,28,19
LAVACA COUNTY,285,26 Years,170,79,91,105,49,56,13,6,7,3,2,1,49,22,27
LAVACA COUNTY,285,27 Years,151,71,80,91,45,46,16,8,8,2,0,2,42,18,24
LAVACA COUNTY,285,28 Years,167,83,84,109,56,53,13,6,7,4,1,3,41,20,21
LAVACA COUNTY,285,29 Years,169,88,81,104,55,49,14,5,9,2,2,0,49,26,23
LAVACA COUNTY,285,30 Years,168,83,85,106,50,56,8,5,3,2,2,0,52,26,26
LAVACA COUNTY,285,31 Years,168,83,85,103,51,52,9,4,5,3,1,2,53,27,26
LAVACA COUNTY,285,32 Years,193,101,92,125,70,55,14,7,7,3,1,2,51,23,28
LAVACA COUNTY,285,33 Years,196,113,83,118,68,50,16,10,6,2,1,1,60,34,26
LAVACA COUNTY,285,34 Years,173,85,88,109,49,60,15,8,7,1,0,1,48,28,20
LAVACA COUNTY,285,35 Years,181,91,90,111,57,54,12,7,5,0,0,0,58,27,31
LAVACA COUNTY,285,36 Years,192,99,93,119,59,60,13,8,5,3,2,1,57,30,27
LAVACA COUNTY,285,37 Years,184,92,92,123,63,60,11,4,7,4,3,1,46,22,24
LAVACA COUNTY,285,38 Years,164,78,86,110,52,58,11,5,6,3,2,1,40,19,21
LAVACA COUNTY,285,39 Years,194,97,97,122,59,63,20,14,6,6,1,5,46,23,23
LAVACA COUNTY,285,40 Years,203,108,95,140,73,67,11,7,4,6,1,5,46,27,19
LAVACA COUNTY,285,41 Years,197,94,103,144,63,81,10,7,3,4,1,3,39,23,16
LAVACA COUNTY,285,42 Years,195,91,104,143,63,80,14,8,6,2,1,1,36,19,17
LAVACA COUNTY,285,43 Years,213,107,106,154,77,77,17,9,8,1,1,0,41,20,21
LAVACA COUNTY,285,44 Years,220,105,115,153,73,80,19,9,10,2,1,1,46,22,24
LAVACA COUNTY,285,45 Years,228,113,115,164,77,87,18,11,7,2,1,1,44,24,20
LAVACA COUNTY,285,46 Years,229,110,119,177,85,92,17,9,8,2,1,1,33,15,18
LAVACA COUNTY,285,47 Years,227,114,113,173,86,87,16,9,7,3,2,1,35,17,18
LAVACA COUNTY,285,48 Years,244,128,116,186,96,90,17,8,9,2,1,1,39,23,16
LAVACA COUNTY,285,49 Years,236,127,109,184,99,85,16,9,7,5,1,4,31,18,13
LAVACA COUNTY,285,50 Years,275,153,122,220,124,96,15,8,7,4,2,2,36,19,17
LAVACA COUNTY,285,51 Years,261,142,119,207,110,97,12,6,6,5,3,2,37,23,14
LAVACA COUNTY,285,52 Years,280,134,146,222,104,118,16,8,8,3,1,2,39,21,18
LAVACA COUNTY,285,53 Years,291,135,156,240,109,131,17,9,8,5,3,2,29,14,15
LAVACA COUNTY,285,54 Years,283,146,137,239,123,116,18,8,10,2,2,0,24,13,11
LAVACA COUNTY,285,55 Years,282,141,141,238,121,117,20,10,10,1,1,0,23,9,14
LAVACA COUNTY,285,56 Years,288,153,135,245,133,112,14,9,5,4,2,2,25,9,16
LAVACA COUNTY,285,57 Years,305,138,167,249,119,130,17,5,12,3,0,3,36,14,22
LAVACA COUNTY,285,58 Years,297,132,165,242,111,131,16,4,12,5,2,3,34,15,19
LAVACA COUNTY,285,59 Years,297,152,145,238,124,114,18,8,10,5,2,3,36,18,18
LAVACA COUNTY,285,60 Years,300,155,145,251,131,120,15,6,9,2,1,1,32,17,15
LAVACA COUNTY,285,61 Years,310,145,165,263,119,144,18,12,6,1,1,0,28,13,15
LAVACA COUNTY,285,62 Years,300,145,155,258,127,131,20,8,12,1,1,0,21,9,12
LAVACA COUNTY,285,63 Years,306,150,156,259,128,131,15,7,8,3,2,1,29,13,16
LAVACA COUNTY,285,64 Years,305,150,155,254,128,126,17,7,10,3,0,3,31,15,16
LAVACA COUNTY,285,65 Years,307,156,151,262,130,132,16,9,7,2,1,1,27,16,11
LAVACA COUNTY,285,66 Years,304,156,148,261,129,132,19,10,9,4,3,1,20,14,6
LAVACA COUNTY,285,67 Years,315,156,159,268,132,136,18,8,10,7,3,4,22,13,9
LAVACA COUNTY,285,68 Years,302,146,156,253,120,133,18,9,9,4,2,2,27,15,12
LAVACA COUNTY,285,69 Years,246,113,133,208,98,110,19,8,11,2,0,2,17,7,10
LAVACA COUNTY,285,70 Years,207,107,100,180,94,86,13,6,7,0,0,0,14,7,7
LAVACA COUNTY,285,71 Years,217,100,117,187,89,98,9,2,7,3,2,1,18,7,11
LAVACA COUNTY,285,72 Years,236,108,128,199,91,108,13,6,7,3,2,1,21,9,12
LAVACA COUNTY,285,73 Years,214,104,110,187,91,96,12,5,7,1,0,1,14,8,6
LAVACA COUNTY,285,74 Years,191,89,102,158,78,80,15,4,11,1,0,1,17,7,10
LAVACA COUNTY,285,75 Years,162,81,81,136,71,65,13,4,9,2,1,1,11,5,6
LAVACA COUNTY,285,76 Years,172,87,85,152,80,72,8,3,5,4,1,3,8,3,5
LAVACA COUNTY,285,77 Years,168,76,92,152,72,80,10,2,8,2,1,1,4,1,3
LAVACA COUNTY,285,78 Years,169,70,99,150,63,87,7,2,5,1,0,1,11,5,6
LAVACA COUNTY,285,79 Years,156,72,84,141,64,77,7,5,2,1,0,1,7,3,4
LAVACA COUNTY,285,80 Years,137,60,77,115,49,66,9,5,4,1,1,0,12,5,7
LAVACA COUNTY,285,81 Years,132,59,73,110,51,59,11,5,6,1,0,1,10,3,7
LAVACA COUNTY,285,82 Years,129,55,74,112,49,63,7,3,4,0,0,0,10,3,7
LAVACA COUNTY,285,83 Years,112,44,68,96,36,60,4,2,2,0,0,0,12,6,6
LAVACA COUNTY,285,84 Years,116,51,65,101,44,57,5,1,4,0,0,0,10,6,4
LAVACA COUNTY,285,85 Years +,645,233,412,566,206,360,36,9,27,5,2,3,38,16,22
LEE COUNTY,287,All Ages,17143,8645,8498,10789,5282,5507,1822,988,834,365,177,188,4167,2198,1969
LEE COUNTY,287,< 1 Year,204,93,111,104,45,59,19,10,9,7,3,4,74,35,39
LEE COUNTY,287,1 Years,195,94,101,97,46,51,16,8,8,8,3,5,74,37,37
LEE COUNTY,287,2 Years,192,99,93,95,48,47,15,9,6,10,5,5,72,37,35
LEE COUNTY,287,3 Years,179,92,87,91,46,45,13,7,6,6,3,3,69,36,33
LEE COUNTY,287,4 Years,192,95,97,97,47,50,15,7,8,6,3,3,74,38,36
LEE COUNTY,287,5 Years,205,110,95,100,53,47,16,7,9,5,4,1,84,46,38
LEE COUNTY,287,6 Years,210,103,107,99,44,55,18,9,9,5,5,0,88,45,43
LEE COUNTY,287,7 Years,214,105,109,99,46,53,19,10,9,8,6,2,88,43,45
LEE COUNTY,287,8 Years,225,108,117,106,44,62,13,7,6,13,8,5,93,49,44
LEE COUNTY,287,9 Years,222,103,119,102,43,59,10,4,6,18,7,11,92,49,43
LEE COUNTY,287,10 Years,215,103,112,109,54,55,15,6,9,16,6,10,75,37,38
LEE COUNTY,287,11 Years,230,107,123,119,57,62,18,10,8,11,4,7,82,36,46
LEE COUNTY,287,12 Years,221,90,131,117,50,67,20,6,14,8,3,5,76,31,45
LEE COUNTY,287,13 Years,220,105,115,119,61,58,16,5,11,9,4,5,76,35,41
LEE COUNTY,287,14 Years,241,131,110,129,71,58,16,9,7,9,4,5,87,47,40
LEE COUNTY,287,15 Years,244,137,107,124,74,50,23,14,9,8,3,5,89,46,43
LEE COUNTY,287,16 Years,254,136,118,136,72,64,28,19,9,10,5,5,80,40,40
LEE COUNTY,287,17 Years,245,127,118,126,69,57,20,9,11,7,4,3,92,45,47
LEE COUNTY,287,18 Years,249,129,120,124,67,57,22,12,10,8,3,5,95,47,48
LEE COUNTY,287,19 Years,247,135,112,122,65,57,23,16,7,6,3,3,96,51,45
LEE COUNTY,287,20 Years,261,137,124,124,62,62,33,20,13,8,3,5,96,52,44
LEE COUNTY,287,21 Years,272,167,105,117,65,52,42,32,10,8,5,3,105,65,40
LEE COUNTY,287,22 Years,277,167,110,102,53,49,59,41,18,7,5,2,109,68,41
LEE COUNTY,287,23 Years,285,181,104,133,82,51,55,39,16,4,2,2,93,58,35
LEE COUNTY,287,24 Years,204,120,84,98,56,42,29,24,5,2,1,1,75,39,36
LEE COUNTY,287,25 Years,175,103,72,79,50,29,32,21,11,4,2,2,60,30,30
LEE COUNTY,287,26 Years,176,101,75,77,44,33,30,19,11,3,3,0,66,35,31
LEE COUNTY,287,27 Years,166,82,84,90,44,46,19,9,10,3,1,2,54,28,26
LEE COUNTY,287,28 Years,159,85,74,91,43,48,15,8,7,2,1,1,51,33,18
LEE COUNTY,287,29 Years,142,71,71,70,31,39,19,11,8,0,0,0,53,29,24
LEE COUNTY,287,30 Years,161,81,80,101,48,53,16,8,8,2,1,1,42,24,18
LEE COUNTY,287,31 Years,140,74,66,81,40,41,13,7,6,1,0,1,45,27,18
LEE COUNTY,287,32 Years,163,74,89,88,36,52,18,11,7,5,3,2,52,24,28
LEE COUNTY,287,33 Years,177,84,93,108,49,59,19,9,10,2,1,1,48,25,23
LEE COUNTY,287,34 Years,186,93,93,114,53,61,17,11,6,2,1,1,53,28,25
LEE COUNTY,287,35 Years,186,107,79,117,65,52,14,10,4,2,1,1,53,31,22
LEE COUNTY,287,36 Years,193,102,91,123,62,61,10,6,4,3,1,2,57,33,24
LEE COUNTY,287,37 Years,189,90,99,122,55,67,11,6,5,5,2,3,51,27,24
LEE COUNTY,287,38 Years,183,86,97,121,53,68,11,6,5,1,1,0,50,26,24
LEE COUNTY,287,39 Years,175,83,92,112,48,64,14,6,8,1,0,1,48,29,19
LEE COUNTY,287,40 Years,176,91,85,103,53,50,19,10,9,6,3,3,48,25,23
LEE COUNTY,287,41 Years,190,102,88,125,67,58,16,12,4,4,1,3,45,22,23
LEE COUNTY,287,42 Years,199,107,92,131,68,63,18,11,7,1,0,1,49,28,21
LEE COUNTY,287,43 Years,199,98,101,123,62,61,23,12,11,0,0,0,53,24,29
LEE COUNTY,287,44 Years,198,100,98,128,65,63,28,14,14,2,0,2,40,21,19
LEE COUNTY,287,45 Years,213,95,118,134,62,72,28,11,17,5,3,2,46,19,27
LEE COUNTY,287,46 Years,215,100,115,128,59,69,22,11,11,5,1,4,60,29,31
LEE COUNTY,287,47 Years,196,94,102,125,59,66,20,9,11,4,1,3,47,25,22
LEE COUNTY,287,48 Years,210,107,103,139,68,71,19,11,8,2,2,0,50,26,24
LEE COUNTY,287,49 Years,231,116,115,151,78,73,18,10,8,2,1,1,60,27,33
LEE COUNTY,287,50 Years,243,112,131,160,72,88,28,13,15,3,0,3,52,27,25
LEE COUNTY,287,51 Years,237,113,124,170,78,92,26,15,11,5,2,3,36,18,18
LEE COUNTY,287,52 Years,253,117,136,185,82,103,28,14,14,6,4,2,34,17,17
LEE COUNTY,287,53 Years,281,132,149,203,91,112,33,17,16,5,3,2,40,21,19
LEE COUNTY,287,54 Years,283,144,139,192,92,100,38,21,17,2,1,1,51,30,21
LEE COUNTY,287,55 Years,274,131,143,190,88,102,32,16,16,3,1,2,49,26,23
LEE COUNTY,287,56 Years,268,130,138,195,89,106,27,13,14,5,4,1,41,24,17
LEE COUNTY,287,57 Years,273,137,136,193,91,102,28,14,14,5,3,2,47,29,18
LEE COUNTY,287,58 Years,264,140,124,189,94,95,37,22,15,2,1,1,36,23,13
LEE COUNTY,287,59 Years,265,131,134,195,95,100,29,16,13,4,2,2,37,18,19
LEE COUNTY,287,60 Years,274,145,129,214,113,101,27,13,14,2,1,1,31,18,13
LEE COUNTY,287,61 Years,249,136,113,187,102,85,30,16,14,4,0,4,28,18,10
LEE COUNTY,287,62 Years,220,120,100,163,86,77,28,16,12,5,1,4,24,17,7
LEE COUNTY,287,63 Years,214,119,95,166,95,71,28,14,14,3,1,2,17,9,8
LEE COUNTY,287,64 Years,207,107,100,165,84,81,20,10,10,3,2,1,19,11,8
LEE COUNTY,287,65 Years,202,100,102,160,79,81,22,11,11,2,1,1,18,9,9
LEE COUNTY,287,66 Years,201,101,100,165,81,84,20,11,9,2,1,1,14,8,6
LEE COUNTY,287,67 Years,211,99,112,176,83,93,19,7,12,3,2,1,13,7,6
LEE COUNTY,287,68 Years,202,101,101,171,84,87,17,10,7,2,1,1,12,6,6
LEE COUNTY,287,69 Years,163,91,72,134,75,59,16,7,9,1,1,0,12,8,4
LEE COUNTY,287,70 Years,158,87,71,125,66,59,17,11,6,4,3,1,12,7,5
LEE COUNTY,287,71 Years,159,80,79,126,62,64,15,8,7,3,2,1,15,8,7
LEE COUNTY,287,72 Years,158,69,89,127,60,67,17,4,13,3,0,3,11,5,6
LEE COUNTY,287,73 Years,154,76,78,123,56,67,15,9,6,1,1,0,15,10,5
LEE COUNTY,287,74 Years,147,75,72,120,61,59,17,9,8,2,1,1,8,4,4
LEE COUNTY,287,75 Years,129,63,66,108,53,55,13,6,7,1,0,1,7,4,3
LEE COUNTY,287,76 Years,115,49,66,88,38,50,18,8,10,0,0,0,9,3,6
LEE COUNTY,287,77 Years,117,50,67,85,35,50,21,9,12,3,1,2,8,5,3
LEE COUNTY,287,78 Years,106,53,53,82,39,43,14,8,6,2,2,0,8,4,4
LEE COUNTY,287,79 Years,105,46,59,79,36,43,14,6,8,1,0,1,11,4,7
LEE COUNTY,287,80 Years,94,44,50,71,34,37,14,6,8,1,1,0,8,3,5
LEE COUNTY,287,81 Years,74,37,37,60,29,31,10,5,5,1,1,0,3,2,1
LEE COUNTY,287,82 Years,65,29,36,53,26,27,8,2,6,0,0,0,4,1,3
LEE COUNTY,287,83 Years,70,30,40,56,24,32,9,4,5,0,0,0,5,2,3
LEE COUNTY,287,84 Years,61,29,32,49,23,26,8,4,4,1,1,0,3,1,2
LEE COUNTY,287,85 Years +,346,122,224,294,104,190,37,14,23,1,0,1,14,4,10
LEON COUNTY,289,All Ages,17272,8683,8589,13174,6603,6571,1135,550,585,291,122,169,2672,1408,1264
LEON COUNTY,289,< 1 Year,200,110,90,142,81,61,5,2,3,3,1,2,50,26,24
LEON COUNTY,289,1 Years,195,102,93,139,73,66,6,3,3,3,2,1,47,24,23
LEON COUNTY,289,2 Years,204,104,100,146,76,70,7,3,4,6,3,3,45,22,23
LEON COUNTY,289,3 Years,204,104,100,150,76,74,7,4,3,6,3,3,41,21,20
LEON COUNTY,289,4 Years,205,104,101,152,81,71,7,4,3,6,2,4,40,17,23
LEON COUNTY,289,5 Years,204,96,108,147,72,75,8,1,7,5,1,4,44,22,22
LEON COUNTY,289,6 Years,193,106,87,125,70,55,10,5,5,7,4,3,51,27,24
LEON COUNTY,289,7 Years,193,106,87,119,68,51,10,6,4,4,2,2,60,30,30
LEON COUNTY,289,8 Years,200,110,90,129,70,59,7,3,4,2,1,1,62,36,26
LEON COUNTY,289,9 Years,213,106,107,136,66,70,13,8,5,2,1,1,62,31,31
LEON COUNTY,289,10 Years,199,97,102,129,64,65,13,6,7,2,0,2,55,27,28
LEON COUNTY,289,11 Years,197,103,94,123,69,54,9,4,5,5,1,4,60,29,31
LEON COUNTY,289,12 Years,198,86,112,123,52,71,11,7,4,2,1,1,62,26,36
LEON COUNTY,289,13 Years,224,103,121,149,67,82,10,5,5,4,1,3,61,30,31
LEON COUNTY,289,14 Years,216,107,109,133,67,66,18,7,11,4,2,2,61,31,30
LEON COUNTY,289,15 Years,218,111,107,146,74,72,15,9,6,3,1,2,54,27,27
LEON COUNTY,289,16 Years,228,119,109,159,84,75,10,6,4,6,2,4,53,27,26
LEON COUNTY,289,17 Years,231,131,100,159,97,62,17,8,9,4,1,3,51,25,26
LEON COUNTY,289,18 Years,208,115,93,144,80,64,12,7,5,5,1,4,47,27,20
LEON COUNTY,289,19 Years,185,90,95,122,57,65,10,4,6,4,2,2,49,27,22
LEON COUNTY,289,20 Years,198,107,91,123,66,57,12,4,8,4,1,3,59,36,23
LEON COUNTY,289,21 Years,194,104,90,115,61,54,13,6,7,7,2,5,59,35,24
LEON COUNTY,289,22 Years,204,97,107,119,52,67,16,9,7,6,4,2,63,32,31
LEON COUNTY,289,23 Years,189,102,87,116,60,56,13,7,6,4,3,1,56,32,24
LEON COUNTY,289,24 Years,184,99,85,128,64,64,10,5,5,1,1,0,45,29,16
LEON COUNTY,289,25 Years,155,79,76,94,42,52,14,8,6,4,2,2,43,27,16
LEON COUNTY,289,26 Years,144,71,73,93,40,53,8,4,4,3,2,1,40,25,15
LEON COUNTY,289,27 Years,140,74,66,94,50,44,9,4,5,3,1,2,34,19,15
LEON COUNTY,289,28 Years,144,69,75,96,48,48,6,3,3,3,0,3,39,18,21
LEON COUNTY,289,29 Years,161,81,80,111,57,54,12,5,7,1,1,0,37,18,19
LEON COUNTY,289,30 Years,155,79,76,106,50,56,8,6,2,0,0,0,41,23,18
LEON COUNTY,289,31 Years,157,82,75,106,50,56,10,8,2,0,0,0,41,24,17
LEON COUNTY,289,32 Years,147,74,73,98,50,48,12,7,5,1,0,1,36,17,19
LEON COUNTY,289,33 Years,147,79,68,105,56,49,10,6,4,0,0,0,32,17,15
LEON COUNTY,289,34 Years,155,98,57,110,65,45,8,7,1,2,1,1,35,25,10
LEON COUNTY,289,35 Years,180,92,88,118,58,60,8,4,4,5,1,4,49,29,20
LEON COUNTY,289,36 Years,159,73,86,105,48,57,8,3,5,5,1,4,41,21,20
LEON COUNTY,289,37 Years,176,86,90,119,63,56,9,3,6,5,1,4,43,19,24
LEON COUNTY,289,38 Years,181,94,87,135,72,63,12,4,8,1,0,1,33,18,15
LEON COUNTY,289,39 Years,152,74,78,109,56,53,11,3,8,1,1,0,31,14,17
LEON COUNTY,289,40 Years,167,83,84,120,60,60,9,4,5,1,0,1,37,19,18
LEON COUNTY,289,41 Years,161,75,86,115,52,63,15,7,8,1,0,1,30,16,14
LEON COUNTY,289,42 Years,150,73,77,107,51,56,10,6,4,4,1,3,29,15,14
LEON COUNTY,289,43 Years,191,102,89,135,73,62,10,4,6,4,2,2,42,23,19
LEON COUNTY,289,44 Years,186,98,88,142,76,66,10,5,5,5,3,2,29,14,15
LEON COUNTY,289,45 Years,167,75,92,129,55,74,10,6,4,4,2,2,24,12,12
LEON COUNTY,289,46 Years,153,71,82,119,54,65,14,6,8,3,2,1,17,9,8
LEON COUNTY,289,47 Years,170,76,94,130,54,76,16,8,8,1,1,0,23,13,10
LEON COUNTY,289,48 Years,200,94,106,149,68,81,13,8,5,5,3,2,33,15,18
LEON COUNTY,289,49 Years,198,101,97,147,76,71,14,11,3,4,2,2,33,12,21
LEON COUNTY,289,50 Years,255,126,129,186,90,96,19,13,6,5,1,4,45,22,23
LEON COUNTY,289,51 Years,246,121,125,181,89,92,18,8,10,7,4,3,40,20,20
LEON COUNTY,289,52 Years,240,113,127,189,90,99,17,6,11,6,4,2,28,13,15
LEON COUNTY,289,53 Years,245,126,119,194,100,94,21,10,11,3,1,2,27,15,12
LEON COUNTY,289,54 Years,265,144,121,210,111,99,19,13,6,6,3,3,30,17,13
LEON COUNTY,289,55 Years,276,140,136,228,111,117,18,10,8,5,1,4,25,18,7
LEON COUNTY,289,56 Years,253,132,121,216,112,104,17,9,8,2,1,1,18,10,8
LEON COUNTY,289,57 Years,291,153,138,241,126,115,24,15,9,4,2,2,22,10,12
LEON COUNTY,289,58 Years,265,129,136,219,104,115,23,11,12,6,2,4,17,12,5
LEON COUNTY,289,59 Years,238,113,125,196,98,98,20,6,14,3,2,1,19,7,12
LEON COUNTY,289,60 Years,254,146,108,210,122,88,23,12,11,2,0,2,19,12,7
LEON COUNTY,289,61 Years,272,151,121,231,127,104,22,13,9,5,2,3,14,9,5
LEON COUNTY,289,62 Years,255,133,122,220,113,107,18,10,8,4,3,1,13,7,6
LEON COUNTY,289,63 Years,255,125,130,212,104,108,27,11,16,4,2,2,12,8,4
LEON COUNTY,289,64 Years,244,120,124,202,102,100,26,12,14,5,2,3,11,4,7
LEON COUNTY,289,65 Years,270,133,137,234,116,118,20,11,9,9,4,5,7,2,5
LEON COUNTY,289,66 Years,277,129,148,247,119,128,12,4,8,8,1,7,10,5,5
LEON COUNTY,289,67 Years,286,139,147,258,127,131,11,5,6,3,0,3,14,7,7
LEON COUNTY,289,68 Years,278,136,142,251,120,131,14,7,7,3,3,0,10,6,4
LEON COUNTY,289,69 Years,242,121,121,219,110,109,11,4,7,3,1,2,9,6,3
LEON COUNTY,289,70 Years,241,118,123,222,112,110,14,4,10,1,0,1,4,2,2
LEON COUNTY,289,71 Years,261,136,125,236,125,111,14,7,7,2,1,1,9,3,6
LEON COUNTY,289,72 Years,254,130,124,232,115,117,14,10,4,2,2,0,6,3,3
LEON COUNTY,289,73 Years,222,107,115,202,97,105,11,5,6,2,1,1,7,4,3
LEON COUNTY,289,74 Years,206,100,106,185,89,96,15,7,8,1,1,0,5,3,2
LEON COUNTY,289,75 Years,194,97,97,177,89,88,14,6,8,0,0,0,3,2,1
LEON COUNTY,289,76 Years,185,94,91,167,85,82,12,4,8,0,0,0,6,5,1
LEON COUNTY,289,77 Years,155,75,80,139,66,73,12,7,5,0,0,0,4,2,2
LEON COUNTY,289,78 Years,145,66,79,129,59,70,12,6,6,1,0,1,3,1,2
LEON COUNTY,289,79 Years,130,67,63,113,60,53,11,4,7,4,2,2,2,1,1
LEON COUNTY,289,80 Years,126,58,68,110,52,58,12,3,9,2,1,1,2,2,0
LEON COUNTY,289,81 Years,111,53,58,98,49,49,8,2,6,1,0,1,4,2,2
LEON COUNTY,289,82 Years,100,46,54,89,43,46,6,1,5,1,0,1,4,2,2
LEON COUNTY,289,83 Years,85,40,45,75,36,39,7,3,4,0,0,0,3,1,2
LEON COUNTY,289,84 Years,72,32,40,62,27,35,9,4,5,0,0,0,1,1,0
LEON COUNTY,289,85 Years +,398,162,236,329,137,192,49,14,35,10,5,5,10,6,4
LIBERTY COUNTY,291,All Ages,79746,39241,40505,52386,25647,26739,8248,3890,4358,2013,916,1097,17099,8788,8311
LIBERTY COUNTY,291,< 1 Year,1079,553,526,601,308,293,80,40,40,39,15,24,359,190,169
LIBERTY COUNTY,291,1 Years,1069,553,516,604,311,293,77,40,37,38,19,19,350,183,167
LIBERTY COUNTY,291,2 Years,1051,549,502,594,309,285,72,38,34,39,24,15,346,178,168
LIBERTY COUNTY,291,3 Years,1032,539,493,576,303,273,73,39,34,46,27,19,337,170,167
LIBERTY COUNTY,291,4 Years,1056,549,507,577,306,271,80,44,36,58,29,29,341,170,171
LIBERTY COUNTY,291,5 Years,1034,511,523,587,299,288,81,44,37,48,18,30,318,150,168
LIBERTY COUNTY,291,6 Years,1080,557,523,625,328,297,81,43,38,49,23,26,325,163,162
LIBERTY COUNTY,291,7 Years,1085,555,530,624,327,297,80,32,48,53,24,29,328,172,156
LIBERTY COUNTY,291,8 Years,1077,537,540,586,299,287,90,35,55,58,21,37,343,182,161
LIBERTY COUNTY,291,9 Years,1054,527,527,595,298,297,89,46,43,52,19,33,318,164,154
LIBERTY COUNTY,291,10 Years,1047,555,492,580,304,276,94,55,39,40,15,25,333,181,152
LIBERTY COUNTY,291,11 Years,1095,571,524,632,329,303,92,49,43,33,12,21,338,181,157
LIBERTY COUNTY,291,12 Years,1096,546,550,617,301,316,106,56,50,29,10,19,344,179,165
LIBERTY COUNTY,291,13 Years,1061,538,523,604,297,307,100,51,49,31,12,19,326,178,148
LIBERTY COUNTY,291,14 Years,1139,596,543,662,351,311,106,54,52,38,20,18,333,171,162
LIBERTY COUNTY,291,15 Years,1163,601,562,696,369,327,97,48,49,34,16,18,336,168,168
LIBERTY COUNTY,291,16 Years,1150,612,538,678,363,315,102,49,53,36,18,18,334,182,152
LIBERTY COUNTY,291,17 Years,1135,607,528,675,365,310,104,50,54,34,20,14,322,172,150
LIBERTY COUNTY,291,18 Years,1093,532,561,637,304,333,111,59,52,38,16,22,307,153,154
LIBERTY COUNTY,291,19 Years,1026,522,504,594,297,297,105,55,50,30,11,19,297,159,138
LIBERTY COUNTY,291,20 Years,1067,543,524,604,304,300,135,69,66,18,8,10,310,162,148
LIBERTY COUNTY,291,21 Years,1055,551,504,591,320,271,127,61,66,26,9,17,311,161,150
LIBERTY COUNTY,291,22 Years,1081,547,534,629,319,310,136,64,72,23,14,9,293,150,143
LIBERTY COUNTY,291,23 Years,1114,553,561,638,314,324,143,66,77,24,14,10,309,159,150
LIBERTY COUNTY,291,24 Years,1130,566,564,635,309,326,169,84,85,23,11,12,303,162,141
LIBERTY COUNTY,291,25 Years,1142,534,608,693,307,386,142,61,81,15,8,7,292,158,134
LIBERTY COUNTY,291,26 Years,1034,524,510,607,298,309,152,75,77,17,10,7,258,141,117
LIBERTY COUNTY,291,27 Years,1014,482,532,590,276,314,135,52,83,25,20,5,264,134,130
LIBERTY COUNTY,291,28 Years,954,444,510,543,246,297,111,47,64,18,13,5,282,138,144
LIBERTY COUNTY,291,29 Years,990,467,523,565,264,301,123,53,70,13,5,8,289,145,144
LIBERTY COUNTY,291,30 Years,1003,496,507,585,283,302,116,56,60,19,8,11,283,149,134
LIBERTY COUNTY,291,31 Years,969,465,504,555,263,292,119,57,62,13,6,7,282,139,143
LIBERTY COUNTY,291,32 Years,1033,481,552,587,276,311,143,57,86,12,6,6,291,142,149
LIBERTY COUNTY,291,33 Years,1042,485,557,631,291,340,123,51,72,13,8,5,275,135,140
LIBERTY COUNTY,291,34 Years,1050,512,538,652,309,343,121,58,63,17,12,5,260,133,127
LIBERTY COUNTY,291,35 Years,1124,564,560,675,338,337,145,68,77,24,14,10,280,144,136
LIBERTY COUNTY,291,36 Years,1044,508,536,646,319,327,114,49,65,23,12,11,261,128,133
LIBERTY COUNTY,291,37 Years,1038,489,549,652,309,343,115,59,56,17,8,9,254,113,141
LIBERTY COUNTY,291,38 Years,1037,508,529,634,310,324,114,66,48,24,9,15,265,123,142
LIBERTY COUNTY,291,39 Years,1079,519,560,688,329,359,115,58,57,19,4,15,257,128,129
LIBERTY COUNTY,291,40 Years,1012,486,526,627,299,328,112,55,57,18,8,10,255,124,131
LIBERTY COUNTY,291,41 Years,981,462,519,594,282,312,102,50,52,21,10,11,264,120,144
LIBERTY COUNTY,291,42 Years,1055,487,568,675,306,369,109,50,59,15,6,9,256,125,131
LIBERTY COUNTY,291,43 Years,1120,541,579,742,354,388,117,55,62,13,7,6,248,125,123
LIBERTY COUNTY,291,44 Years,1127,558,569,751,388,363,124,54,70,15,6,9,237,110,127
LIBERTY COUNTY,291,45 Years,1151,557,594,797,391,406,113,51,62,21,9,12,220,106,114
LIBERTY COUNTY,291,46 Years,1123,540,583,782,380,402,116,47,69,23,10,13,202,103,99
LIBERTY COUNTY,291,47 Years,1001,474,527,688,333,355,107,38,69,17,4,13,189,99,90
LIBERTY COUNTY,291,48 Years,1005,481,524,673,328,345,105,41,64,17,7,10,210,105,105
LIBERTY COUNTY,291,49 Years,1069,542,527,712,362,350,136,72,64,21,7,14,200,101,99
LIBERTY COUNTY,291,50 Years,1130,568,562,776,403,373,141,56,85,21,10,11,192,99,93
LIBERTY COUNTY,291,51 Years,1141,566,575,796,399,397,131,53,78,17,7,10,197,107,90
LIBERTY COUNTY,291,52 Years,1116,536,580,798,378,420,123,57,66,28,11,17,167,90,77
LIBERTY COUNTY,291,53 Years,1119,554,565,803,392,411,134,62,72,24,11,13,158,89,69
LIBERTY COUNTY,291,54 Years,1155,572,583,832,408,424,135,62,73,30,12,18,158,90,68
LIBERTY COUNTY,291,55 Years,1202,597,605,872,414,458,141,74,67,29,14,15,160,95,65
LIBERTY COUNTY,291,56 Years,1115,544,571,826,387,439,121,64,57,36,17,19,132,76,56
LIBERTY COUNTY,291,57 Years,1104,566,538,838,431,407,108,49,59,41,21,20,117,65,52
LIBERTY COUNTY,291,58 Years,1036,517,519,791,392,399,97,46,51,39,19,20,109,60,49
LIBERTY COUNTY,291,59 Years,1031,509,522,806,398,408,101,48,53,25,13,12,99,50,49
LIBERTY COUNTY,291,60 Years,1025,503,522,784,387,397,107,50,57,27,10,17,107,56,51
LIBERTY COUNTY,291,61 Years,986,473,513,762,372,390,100,39,61,23,10,13,101,52,49
LIBERTY COUNTY,291,62 Years,953,486,467,740,379,361,106,51,55,19,7,12,88,49,39
LIBERTY COUNTY,291,63 Years,890,434,456,697,326,371,101,56,45,19,9,10,73,43,30
LIBERTY COUNTY,291,64 Years,853,426,427,658,317,341,93,52,41,20,11,9,82,46,36
LIBERTY COUNTY,291,65 Years,840,414,426,681,339,342,82,36,46,16,7,9,61,32,29
LIBERTY COUNTY,291,66 Years,813,382,431,659,312,347,79,42,37,13,5,8,62,23,39
LIBERTY COUNTY,291,67 Years,793,406,387,651,335,316,67,36,31,17,5,12,58,30,28
LIBERTY COUNTY,291,68 Years,778,380,398,650,320,330,63,29,34,14,4,10,51,27,24
LIBERTY COUNTY,291,69 Years,665,329,336,547,268,279,53,26,27,15,7,8,50,28,22
LIBERTY COUNTY,291,70 Years,611,283,328,501,227,274,46,21,25,19,8,11,45,27,18
LIBERTY COUNTY,291,71 Years,616,285,331,524,245,279,45,20,25,13,4,9,34,16,18
LIBERTY COUNTY,291,72 Years,562,269,293,482,234,248,45,18,27,13,7,6,22,10,12
LIBERTY COUNTY,291,73 Years,543,259,284,462,225,237,43,15,28,16,9,7,22,10,12
LIBERTY COUNTY,291,74 Years,462,222,240,387,184,203,38,19,19,12,6,6,25,13,12
LIBERTY COUNTY,291,75 Years,425,213,212,356,184,172,41,20,21,8,2,6,20,7,13
LIBERTY COUNTY,291,76 Years,383,184,199,322,157,165,29,12,17,7,3,4,25,12,13
LIBERTY COUNTY,291,77 Years,342,164,178,290,134,156,24,11,13,9,5,4,19,14,5
LIBERTY COUNTY,291,78 Years,318,155,163,260,127,133,37,17,20,6,2,4,15,9,6
LIBERTY COUNTY,291,79 Years,290,124,166,245,105,140,25,10,15,4,1,3,16,8,8
LIBERTY COUNTY,291,80 Years,264,114,150,217,98,119,26,6,20,6,2,4,15,8,7
LIBERTY COUNTY,291,81 Years,255,104,151,217,89,128,26,10,16,3,1,2,9,4,5
LIBERTY COUNTY,291,82 Years,252,108,144,210,91,119,25,9,16,6,2,4,11,6,5
LIBERTY COUNTY,291,83 Years,223,93,130,182,75,107,22,10,12,5,2,3,14,6,8
LIBERTY COUNTY,291,84 Years,211,90,121,176,70,106,19,10,9,5,4,1,11,6,5
LIBERTY COUNTY,291,85 Years +,978,336,642,803,270,533,115,43,72,21,6,15,39,17,22
LIMESTONE COUNTY,293,All Ages,24037,12561,11476,14209,7244,6965,4047,2059,1988,556,287,269,5225,2971,2254
LIMESTONE COUNTY,293,< 1 Year,315,158,157,122,56,66,43,21,22,18,15,3,132,66,66
LIMESTONE COUNTY,293,1 Years,304,156,148,121,58,63,38,19,19,17,12,5,128,67,61
LIMESTONE COUNTY,293,2 Years,313,162,151,135,67,68,38,19,19,19,11,8,121,65,56
LIMESTONE COUNTY,293,3 Years,306,157,149,137,70,67,39,20,19,17,10,7,113,57,56
LIMESTONE COUNTY,293,4 Years,316,157,159,142,71,71,46,24,22,16,7,9,112,55,57
LIMESTONE COUNTY,293,5 Years,309,165,144,128,65,63,54,28,26,16,9,7,111,63,48
LIMESTONE COUNTY,293,6 Years,302,157,145,139,67,72,48,26,22,12,4,8,103,60,43
LIMESTONE COUNTY,293,7 Years,305,150,155,123,58,65,56,29,27,13,5,8,113,58,55
LIMESTONE COUNTY,293,8 Years,316,161,155,126,65,61,60,29,31,17,8,9,113,59,54
LIMESTONE COUNTY,293,9 Years,310,170,140,133,75,58,50,28,22,20,10,10,107,57,50
LIMESTONE COUNTY,293,10 Years,285,156,129,114,61,53,54,29,25,15,8,7,102,58,44
LIMESTONE COUNTY,293,11 Years,291,152,139,133,70,63,61,29,32,8,4,4,89,49,40
LIMESTONE COUNTY,293,12 Years,291,154,137,125,67,58,56,27,29,8,3,5,102,57,45
LIMESTONE COUNTY,293,13 Years,310,169,141,132,71,61,58,30,28,13,5,8,107,63,44
LIMESTONE COUNTY,293,14 Years,322,171,151,152,83,69,61,27,34,9,4,5,100,57,43
LIMESTONE COUNTY,293,15 Years,329,174,155,144,86,58,60,25,35,10,4,6,115,59,56
LIMESTONE COUNTY,293,16 Years,308,164,144,138,78,60,54,30,24,15,7,8,101,49,52
LIMESTONE COUNTY,293,17 Years,300,175,125,147,83,64,45,29,16,12,6,6,96,57,39
LIMESTONE COUNTY,293,18 Years,301,160,141,150,80,70,49,27,22,14,7,7,88,46,42
LIMESTONE COUNTY,293,19 Years,277,147,130,128,67,61,56,29,27,8,5,3,85,46,39
LIMESTONE COUNTY,293,20 Years,285,158,127,128,66,62,65,36,29,8,5,3,84,51,33
LIMESTONE COUNTY,293,21 Years,294,158,136,138,70,68,55,30,25,6,4,2,95,54,41
LIMESTONE COUNTY,293,22 Years,309,165,144,142,78,64,68,40,28,5,1,4,94,46,48
LIMESTONE COUNTY,293,23 Years,339,188,151,170,91,79,71,41,30,5,2,3,93,54,39
LIMESTONE COUNTY,293,24 Years,308,187,121,141,79,62,60,36,24,8,6,2,99,66,33
LIMESTONE COUNTY,293,25 Years,322,193,129,161,95,66,62,34,28,6,3,3,93,61,32
LIMESTONE COUNTY,293,26 Years,334,191,143,171,96,75,70,38,32,8,4,4,85,53,32
LIMESTONE COUNTY,293,27 Years,308,188,120,146,86,60,65,40,25,6,4,2,91,58,33
LIMESTONE COUNTY,293,28 Years,281,163,118,147,77,70,59,39,20,5,4,1,70,43,27
LIMESTONE COUNTY,293,29 Years,282,169,113,151,88,63,56,34,22,2,1,1,73,46,27
LIMESTONE COUNTY,293,30 Years,264,140,124,130,66,64,50,26,24,5,3,2,79,45,34
LIMESTONE COUNTY,293,31 Years,282,170,112,141,85,56,49,26,23,4,2,2,88,57,31
LIMESTONE COUNTY,293,32 Years,306,188,118,148,93,55,54,30,24,7,4,3,97,61,36
LIMESTONE COUNTY,293,33 Years,284,164,120,137,75,62,45,21,24,5,3,2,97,65,32
LIMESTONE COUNTY,293,34 Years,296,174,122,143,83,60,54,28,26,1,1,0,98,62,36
LIMESTONE COUNTY,293,35 Years,309,169,140,158,87,71,56,29,27,2,1,1,93,52,41
LIMESTONE COUNTY,293,36 Years,288,173,115,155,92,63,44,24,20,2,1,1,87,56,31
LIMESTONE COUNTY,293,37 Years,290,161,129,146,84,62,63,27,36,2,2,0,79,48,31
LIMESTONE COUNTY,293,38 Years,252,141,111,136,72,64,48,25,23,3,2,1,65,42,23
LIMESTONE COUNTY,293,39 Years,279,158,121,139,76,63,62,37,25,5,3,2,73,42,31
LIMESTONE COUNTY,293,40 Years,275,158,117,154,87,67,48,26,22,3,2,1,70,43,27
LIMESTONE COUNTY,293,41 Years,234,125,109,128,64,64,35,22,13,3,2,1,68,37,31
LIMESTONE COUNTY,293,42 Years,273,150,123,152,81,71,47,27,20,4,2,2,70,40,30
LIMESTONE COUNTY,293,43 Years,282,153,129,171,89,82,46,25,21,3,1,2,62,38,24
LIMESTONE COUNTY,293,44 Years,284,155,129,170,91,79,50,25,25,8,5,3,56,34,22
LIMESTONE COUNTY,293,45 Years,277,149,128,175,88,87,45,22,23,6,4,2,51,35,16
LIMESTONE COUNTY,293,46 Years,255,134,121,157,79,78,44,25,19,5,3,2,49,27,22
LIMESTONE COUNTY,293,47 Years,265,138,127,163,85,78,41,20,21,5,2,3,56,31,25
LIMESTONE COUNTY,293,48 Years,273,126,147,169,81,88,50,20,30,3,1,2,51,24,27
LIMESTONE COUNTY,293,49 Years,278,146,132,181,90,91,46,25,21,2,1,1,49,30,19
LIMESTONE COUNTY,293,50 Years,326,157,169,212,95,117,53,27,26,6,3,3,55,32,23
LIMESTONE COUNTY,293,51 Years,328,165,163,221,111,110,54,25,29,10,4,6,43,25,18
LIMESTONE COUNTY,293,52 Years,316,178,138,206,120,86,59,31,28,5,1,4,46,26,20
LIMESTONE COUNTY,293,53 Years,342,187,155,228,126,102,61,34,27,3,2,1,50,25,25
LIMESTONE COUNTY,293,54 Years,326,164,162,219,105,114,59,35,24,4,2,2,44,22,22
LIMESTONE COUNTY,293,55 Years,332,159,173,215,100,115,62,31,31,5,2,3,50,26,24
LIMESTONE COUNTY,293,56 Years,338,153,185,216,97,119,76,30,46,6,1,5,40,25,15
LIMESTONE COUNTY,293,57 Years,320,154,166,221,105,116,60,25,35,2,0,2,37,24,13
LIMESTONE COUNTY,293,58 Years,328,167,161,227,116,111,63,30,33,2,2,0,36,19,17
LIMESTONE COUNTY,293,59 Years,345,175,170,256,123,133,58,31,27,6,3,3,25,18,7
LIMESTONE COUNTY,293,60 Years,346,176,170,244,120,124,63,32,31,8,4,4,31,20,11
LIMESTONE COUNTY,293,61 Years,327,160,167,247,119,128,46,22,24,8,3,5,26,16,10
LIMESTONE COUNTY,293,62 Years,298,140,158,215,102,113,51,24,27,5,1,4,27,13,14
LIMESTONE COUNTY,293,63 Years,311,139,172,226,97,129,50,23,27,6,4,2,29,15,14
LIMESTONE COUNTY,293,64 Years,310,150,160,231,111,120,52,24,28,5,4,1,22,11,11
LIMESTONE COUNTY,293,65 Years,293,148,145,223,113,110,49,25,24,5,4,1,16,6,10
LIMESTONE COUNTY,293,66 Years,288,142,146,233,115,118,41,20,21,2,1,1,12,6,6
LIMESTONE COUNTY,293,67 Years,330,163,167,274,133,141,39,18,21,3,2,1,14,10,4
LIMESTONE COUNTY,293,68 Years,311,161,150,255,134,121,39,16,23,3,2,1,14,9,5
LIMESTONE COUNTY,293,69 Years,256,135,121,205,109,96,34,16,18,3,2,1,14,8,6
LIMESTONE COUNTY,293,70 Years,272,138,134,208,107,101,34,15,19,5,2,3,25,14,11
LIMESTONE COUNTY,293,71 Years,278,142,136,226,118,108,33,13,20,4,1,3,15,10,5
LIMESTONE COUNTY,293,72 Years,235,108,127,192,91,101,27,10,17,3,1,2,13,6,7
LIMESTONE COUNTY,293,73 Years,212,99,113,182,89,93,19,6,13,1,1,0,10,3,7
LIMESTONE COUNTY,293,74 Years,210,100,110,176,84,92,22,10,12,3,1,2,9,5,4
LIMESTONE COUNTY,293,75 Years,179,93,86,151,80,71,20,11,9,3,0,3,5,2,3
LIMESTONE COUNTY,293,76 Years,170,81,89,142,68,74,19,9,10,6,3,3,3,1,2
LIMESTONE COUNTY,293,77 Years,133,61,72,114,50,64,16,9,7,1,1,0,2,1,1
LIMESTONE COUNTY,293,78 Years,132,61,71,106,50,56,19,8,11,2,1,1,5,2,3
LIMESTONE COUNTY,293,79 Years,138,59,79,110,48,62,17,7,10,1,0,1,10,4,6
LIMESTONE COUNTY,293,80 Years,134,64,70,109,53,56,17,7,10,2,2,0,6,2,4
LIMESTONE COUNTY,293,81 Years,107,46,61,90,40,50,11,2,9,2,1,1,4,3,1
LIMESTONE COUNTY,293,82 Years,104,43,61,89,37,52,11,4,7,2,1,1,2,1,1
LIMESTONE COUNTY,293,83 Years,90,39,51,73,32,41,11,5,6,2,0,2,4,2,2
LIMESTONE COUNTY,293,84 Years,88,35,53,70,29,41,10,4,6,3,1,2,5,1,4
LIMESTONE COUNTY,293,85 Years +,466,172,294,380,145,235,58,17,41,5,1,4,23,9,14
LIPSCOMB COUNTY,295,All Ages,3555,1843,1712,2257,1151,1106,8,2,6,82,33,49,1208,657,551
LIPSCOMB COUNTY,295,< 1 Year,43,23,20,22,11,11,0,0,0,0,0,0,21,12,9
LIPSCOMB COUNTY,295,1 Years,44,25,19,20,11,9,0,0,0,2,1,1,22,13,9
LIPSCOMB COUNTY,295,2 Years,42,24,18,19,10,9,0,0,0,2,1,1,21,13,8
LIPSCOMB COUNTY,295,3 Years,44,26,18,21,11,10,0,0,0,0,0,0,23,15,8
LIPSCOMB COUNTY,295,4 Years,46,27,19,23,13,10,0,0,0,1,1,0,22,13,9
LIPSCOMB COUNTY,295,5 Years,50,30,20,26,15,11,0,0,0,0,0,0,24,15,9
LIPSCOMB COUNTY,295,6 Years,51,28,23,25,16,9,0,0,0,2,1,1,24,11,13
LIPSCOMB COUNTY,295,7 Years,52,25,27,23,13,10,0,0,0,3,1,2,26,11,15
LIPSCOMB COUNTY,295,8 Years,48,22,26,22,9,13,0,0,0,2,1,1,24,12,12
LIPSCOMB COUNTY,295,9 Years,52,25,27,29,17,12,0,0,0,2,1,1,21,7,14
LIPSCOMB COUNTY,295,10 Years,51,20,31,22,10,12,0,0,0,1,0,1,28,10,18
LIPSCOMB COUNTY,295,11 Years,55,27,28,28,12,16,1,1,0,0,0,0,26,14,12
LIPSCOMB COUNTY,295,12 Years,46,21,25,25,10,15,1,0,1,0,0,0,20,11,9
LIPSCOMB COUNTY,295,13 Years,50,25,25,26,12,14,0,0,0,2,0,2,22,13,9
LIPSCOMB COUNTY,295,14 Years,46,21,25,23,11,12,1,0,1,1,1,0,21,9,12
LIPSCOMB COUNTY,295,15 Years,47,19,28,26,10,16,0,0,0,3,1,2,18,8,10
LIPSCOMB COUNTY,295,16 Years,50,21,29,28,14,14,0,0,0,2,1,1,20,6,14
LIPSCOMB COUNTY,295,17 Years,53,27,26,30,16,14,1,0,1,2,1,1,20,10,10
LIPSCOMB COUNTY,295,18 Years,54,29,25,29,15,14,1,0,1,2,1,1,22,13,9
LIPSCOMB COUNTY,295,19 Years,56,27,29,29,16,13,1,0,1,1,0,1,25,11,14
LIPSCOMB COUNTY,295,20 Years,48,26,22,25,15,10,0,0,0,3,2,1,20,9,11
LIPSCOMB COUNTY,295,21 Years,41,24,17,24,14,10,0,0,0,1,1,0,16,9,7
LIPSCOMB COUNTY,295,22 Years,54,26,28,32,16,16,0,0,0,1,1,0,21,9,12
LIPSCOMB COUNTY,295,23 Years,43,22,21,23,14,9,0,0,0,1,0,1,19,8,11
LIPSCOMB COUNTY,295,24 Years,40,22,18,20,11,9,0,0,0,0,0,0,20,11,9
LIPSCOMB COUNTY,295,25 Years,44,24,20,24,13,11,0,0,0,1,0,1,19,11,8
LIPSCOMB COUNTY,295,26 Years,46,26,20,22,15,7,0,0,0,1,0,1,23,11,12
LIPSCOMB COUNTY,295,27 Years,43,24,19,16,9,7,0,0,0,2,0,2,25,15,10
LIPSCOMB COUNTY,295,28 Years,39,22,17,16,6,10,0,0,0,1,0,1,22,16,6
LIPSCOMB COUNTY,295,29 Years,52,31,21,22,14,8,0,0,0,2,0,2,28,17,11
LIPSCOMB COUNTY,295,30 Years,49,26,23,20,13,7,0,0,0,1,0,1,28,13,15
LIPSCOMB COUNTY,295,31 Years,47,28,19,21,11,10,0,0,0,1,1,0,25,16,9
LIPSCOMB COUNTY,295,32 Years,51,33,18,27,14,13,0,0,0,0,0,0,24,19,5
LIPSCOMB COUNTY,295,33 Years,47,32,15,24,14,10,0,0,0,0,0,0,23,18,5
LIPSCOMB COUNTY,295,34 Years,44,27,17,22,13,9,0,0,0,1,0,1,21,14,7
LIPSCOMB COUNTY,295,35 Years,43,27,16,16,9,7,1,0,1,2,2,0,24,16,8
LIPSCOMB COUNTY,295,36 Years,43,26,17,18,11,7,0,0,0,1,0,1,24,15,9
LIPSCOMB COUNTY,295,37 Years,36,15,21,14,5,9,0,0,0,0,0,0,22,10,12
LIPSCOMB COUNTY,295,38 Years,38,14,24,16,5,11,0,0,0,0,0,0,22,9,13
LIPSCOMB COUNTY,295,39 Years,38,17,21,20,9,11,1,1,0,0,0,0,17,7,10
LIPSCOMB COUNTY,295,40 Years,40,22,18,26,15,11,0,0,0,1,0,1,13,7,6
LIPSCOMB COUNTY,295,41 Years,34,20,14,20,12,8,0,0,0,0,0,0,14,8,6
LIPSCOMB COUNTY,295,42 Years,39,21,18,21,11,10,0,0,0,1,1,0,17,9,8
LIPSCOMB COUNTY,295,43 Years,44,21,23,28,14,14,0,0,0,1,0,1,15,7,8
LIPSCOMB COUNTY,295,44 Years,41,18,23,29,12,17,0,0,0,1,0,1,11,6,5
LIPSCOMB COUNTY,295,45 Years,41,25,16,21,10,11,0,0,0,2,1,1,18,14,4
LIPSCOMB COUNTY,295,46 Years,40,26,14,20,11,9,0,0,0,3,2,1,17,13,4
LIPSCOMB COUNTY,295,47 Years,33,16,17,19,8,11,0,0,0,1,0,1,13,8,5
LIPSCOMB COUNTY,295,48 Years,34,17,17,22,10,12,0,0,0,1,1,0,11,6,5
LIPSCOMB COUNTY,295,49 Years,46,24,22,29,15,14,0,0,0,0,0,0,17,9,8
LIPSCOMB COUNTY,295,50 Years,52,26,26,33,15,18,0,0,0,0,0,0,19,11,8
LIPSCOMB COUNTY,295,51 Years,46,26,20,33,17,16,0,0,0,0,0,0,13,9,4
LIPSCOMB COUNTY,295,52 Years,53,27,26,43,23,20,0,0,0,0,0,0,10,4,6
LIPSCOMB COUNTY,295,53 Years,54,26,28,46,24,22,0,0,0,0,0,0,8,2,6
LIPSCOMB COUNTY,295,54 Years,55,23,32,45,20,25,0,0,0,1,0,1,9,3,6
LIPSCOMB COUNTY,295,55 Years,50,28,22,40,23,17,0,0,0,1,0,1,9,5,4
LIPSCOMB COUNTY,295,56 Years,50,24,26,40,19,21,0,0,0,2,1,1,8,4,4
LIPSCOMB COUNTY,295,57 Years,45,21,24,34,16,18,0,0,0,1,1,0,10,4,6
LIPSCOMB COUNTY,295,58 Years,42,22,20,35,19,16,0,0,0,2,0,2,5,3,2
LIPSCOMB COUNTY,295,59 Years,40,22,18,32,18,14,0,0,0,2,1,1,6,3,3
LIPSCOMB COUNTY,295,60 Years,38,18,20,31,12,19,0,0,0,1,1,0,6,5,1
LIPSCOMB COUNTY,295,61 Years,52,26,26,46,22,24,0,0,0,1,1,0,5,3,2
LIPSCOMB COUNTY,295,62 Years,48,29,19,42,26,16,0,0,0,2,0,2,4,3,1
LIPSCOMB COUNTY,295,63 Years,52,34,18,45,31,14,0,0,0,1,0,1,6,3,3
LIPSCOMB COUNTY,295,64 Years,43,23,20,39,21,18,0,0,0,0,0,0,4,2,2
LIPSCOMB COUNTY,295,65 Years,37,17,20,34,16,18,0,0,0,1,0,1,2,1,1
LIPSCOMB COUNTY,295,66 Years,37,21,16,33,18,15,0,0,0,0,0,0,4,3,1
LIPSCOMB COUNTY,295,67 Years,45,26,19,39,23,16,0,0,0,0,0,0,6,3,3
LIPSCOMB COUNTY,295,68 Years,38,22,16,35,20,15,0,0,0,0,0,0,3,2,1
LIPSCOMB COUNTY,295,69 Years,22,12,10,21,11,10,0,0,0,0,0,0,1,1,0
LIPSCOMB COUNTY,295,70 Years,23,12,11,22,11,11,0,0,0,0,0,0,1,1,0
LIPSCOMB COUNTY,295,71 Years,27,12,15,23,9,14,0,0,0,1,1,0,3,2,1
LIPSCOMB COUNTY,295,72 Years,29,11,18,26,10,16,0,0,0,0,0,0,3,1,2
LIPSCOMB COUNTY,295,73 Years,30,13,17,28,12,16,0,0,0,0,0,0,2,1,1
LIPSCOMB COUNTY,295,74 Years,22,12,10,19,10,9,0,0,0,0,0,0,3,2,1
LIPSCOMB COUNTY,295,75 Years,18,9,9,14,7,7,0,0,0,2,1,1,2,1,1
LIPSCOMB COUNTY,295,76 Years,29,12,17,26,11,15,0,0,0,2,1,1,1,0,1
LIPSCOMB COUNTY,295,77 Years,26,13,13,25,12,13,0,0,0,0,0,0,1,1,0
LIPSCOMB COUNTY,295,78 Years,22,8,14,21,8,13,0,0,0,0,0,0,1,0,1
LIPSCOMB COUNTY,295,79 Years,17,9,8,14,8,6,0,0,0,1,0,1,2,1,1
LIPSCOMB COUNTY,295,80 Years,16,8,8,15,8,7,0,0,0,1,0,1,0,0,0
LIPSCOMB COUNTY,295,81 Years,18,9,9,16,7,9,0,0,0,0,0,0,2,2,0
LIPSCOMB COUNTY,295,82 Years,14,6,8,12,5,7,0,0,0,0,0,0,2,1,1
LIPSCOMB COUNTY,295,83 Years,16,7,9,14,6,8,0,0,0,1,0,1,1,1,0
LIPSCOMB COUNTY,295,84 Years,13,5,8,11,5,6,0,0,0,0,0,0,2,0,2
LIPSCOMB COUNTY,295,85 Years +,78,30,48,72,27,45,0,0,0,1,1,0,5,2,3
LIVE OAK COUNTY,297,All Ages,12057,6473,5584,6959,3565,3394,465,446,19,225,130,95,4408,2332,2076
LIVE OAK COUNTY,297,< 1 Year,133,70,63,69,38,31,0,0,0,0,0,0,64,32,32
LIVE OAK COUNTY,297,1 Years,126,66,60,69,37,32,0,0,0,0,0,0,57,29,28
LIVE OAK COUNTY,297,2 Years,129,69,60,74,38,36,0,0,0,0,0,0,55,31,24
LIVE OAK COUNTY,297,3 Years,124,64,60,68,34,34,0,0,0,0,0,0,56,30,26
LIVE OAK COUNTY,297,4 Years,125,60,65,70,33,37,0,0,0,0,0,0,55,27,28
LIVE OAK COUNTY,297,5 Years,100,46,54,52,23,29,1,1,0,1,0,1,46,22,24
LIVE OAK COUNTY,297,6 Years,128,61,67,64,28,36,1,1,0,2,0,2,61,32,29
LIVE OAK COUNTY,297,7 Years,124,61,63,54,23,31,1,1,0,2,1,1,67,36,31
LIVE OAK COUNTY,297,8 Years,120,63,57,61,31,30,1,0,1,1,1,0,57,31,26
LIVE OAK COUNTY,297,9 Years,129,69,60,72,35,37,1,1,0,1,1,0,55,32,23
LIVE OAK COUNTY,297,10 Years,123,63,60,64,34,30,2,0,2,3,1,2,54,28,26
LIVE OAK COUNTY,297,11 Years,116,59,57,54,29,25,1,0,1,2,1,1,59,29,30
LIVE OAK COUNTY,297,12 Years,121,66,55,56,28,28,0,0,0,2,2,0,63,36,27
LIVE OAK COUNTY,297,13 Years,149,76,73,71,35,36,0,0,0,2,2,0,76,39,37
LIVE OAK COUNTY,297,14 Years,142,76,66,71,40,31,1,1,0,3,1,2,67,34,33
LIVE OAK COUNTY,297,15 Years,146,73,73,74,39,35,1,1,0,4,1,3,67,32,35
LIVE OAK COUNTY,297,16 Years,139,70,69,70,37,33,0,0,0,3,1,2,66,32,34
LIVE OAK COUNTY,297,17 Years,154,89,65,86,52,34,3,1,2,2,2,0,63,34,29
LIVE OAK COUNTY,297,18 Years,133,66,67,66,36,30,3,1,2,1,0,1,63,29,34
LIVE OAK COUNTY,297,19 Years,139,66,73,59,29,30,2,2,0,3,1,2,75,34,41
LIVE OAK COUNTY,297,20 Years,157,88,69,58,27,31,3,3,0,5,4,1,91,54,37
LIVE OAK COUNTY,297,21 Years,174,99,75,85,47,38,7,7,0,3,1,2,79,44,35
LIVE OAK COUNTY,297,22 Years,159,77,82,71,34,37,9,9,0,2,2,0,77,32,45
LIVE OAK COUNTY,297,23 Years,172,92,80,80,39,41,9,9,0,2,1,1,81,43,38
LIVE OAK COUNTY,297,24 Years,183,124,59,76,47,29,18,18,0,6,5,1,83,54,29
LIVE OAK COUNTY,297,25 Years,124,67,57,61,28,33,15,15,0,1,0,1,47,24,23
LIVE OAK COUNTY,297,26 Years,134,80,54,64,32,32,25,25,0,2,2,0,43,21,22
LIVE OAK COUNTY,297,27 Years,143,86,57,75,42,33,13,13,0,6,4,2,49,27,22
LIVE OAK COUNTY,297,28 Years,147,98,49,72,45,27,31,30,1,7,5,2,37,18,19
LIVE OAK COUNTY,297,29 Years,155,111,44,68,48,20,19,17,2,6,6,0,62,40,22
LIVE OAK COUNTY,297,30 Years,142,96,46,50,28,22,26,26,0,2,2,0,64,40,24
LIVE OAK COUNTY,297,31 Years,148,95,53,52,28,24,25,24,1,4,4,0,67,39,28
LIVE OAK COUNTY,297,32 Years,128,86,42,50,29,21,23,23,0,1,1,0,54,33,21
LIVE OAK COUNTY,297,33 Years,142,96,46,54,34,20,23,23,0,2,1,1,63,38,25
LIVE OAK COUNTY,297,34 Years,118,70,48,42,19,23,22,21,1,4,4,0,50,26,24
LIVE OAK COUNTY,297,35 Years,140,92,48,62,34,28,14,14,0,2,2,0,62,42,20
LIVE OAK COUNTY,297,36 Years,121,74,47,63,35,28,18,18,0,4,4,0,36,17,19
LIVE OAK COUNTY,297,37 Years,117,72,45,50,29,21,19,18,1,5,4,1,43,21,22
LIVE OAK COUNTY,297,38 Years,127,86,41,58,35,23,11,11,0,4,3,1,54,37,17
LIVE OAK COUNTY,297,39 Years,159,97,62,76,39,37,14,14,0,2,2,0,67,42,25
LIVE OAK COUNTY,297,40 Years,151,97,54,78,45,33,13,13,0,4,4,0,56,35,21
LIVE OAK COUNTY,297,41 Years,147,89,58,65,33,32,7,7,0,2,1,1,73,48,25
LIVE OAK COUNTY,297,42 Years,143,88,55,65,38,27,7,7,0,5,2,3,66,41,25
LIVE OAK COUNTY,297,43 Years,134,83,51,72,43,29,11,11,0,7,3,4,44,26,18
LIVE OAK COUNTY,297,44 Years,132,85,47,57,29,28,15,15,0,7,5,2,53,36,17
LIVE OAK COUNTY,297,45 Years,112,60,52,56,27,29,5,4,1,0,0,0,51,29,22
LIVE OAK COUNTY,297,46 Years,105,51,54,70,33,37,6,6,0,3,2,1,26,10,16
LIVE OAK COUNTY,297,47 Years,122,61,61,80,39,41,6,6,0,1,0,1,35,16,19
LIVE OAK COUNTY,297,48 Years,154,97,57,86,55,31,6,6,0,0,0,0,62,36,26
LIVE OAK COUNTY,297,49 Years,156,90,66,91,49,42,5,5,0,1,1,0,59,35,24
LIVE OAK COUNTY,297,50 Years,164,82,82,118,59,59,3,3,0,1,0,1,42,20,22
LIVE OAK COUNTY,297,51 Years,172,82,90,110,49,61,0,0,0,1,0,1,61,33,28
LIVE OAK COUNTY,297,52 Years,225,117,108,134,61,73,8,7,1,8,6,2,75,43,32
LIVE OAK COUNTY,297,53 Years,176,92,84,117,58,59,2,2,0,3,1,2,54,31,23
LIVE OAK COUNTY,297,54 Years,163,78,85,119,58,61,1,1,0,1,0,1,42,19,23
LIVE OAK COUNTY,297,55 Years,203,109,94,142,80,62,0,0,0,3,0,3,58,29,29
LIVE OAK COUNTY,297,56 Years,168,85,83,111,54,57,0,0,0,4,0,4,53,31,22
LIVE OAK COUNTY,297,57 Years,196,104,92,136,72,64,2,2,0,5,4,1,53,26,27
LIVE OAK COUNTY,297,58 Years,176,87,89,125,61,64,0,0,0,7,5,2,44,21,23
LIVE OAK COUNTY,297,59 Years,179,80,99,124,58,66,1,1,0,3,0,3,51,21,30
LIVE OAK COUNTY,297,60 Years,163,76,87,118,55,63,1,1,0,2,1,1,42,19,23
LIVE OAK COUNTY,297,61 Years,179,85,94,121,53,68,0,0,0,3,2,1,55,30,25
LIVE OAK COUNTY,297,62 Years,182,91,91,137,68,69,1,1,0,4,2,2,40,20,20
LIVE OAK COUNTY,297,63 Years,161,76,85,119,56,63,0,0,0,2,1,1,40,19,21
LIVE OAK COUNTY,297,64 Years,172,94,78,128,73,55,0,0,0,3,1,2,41,20,21
LIVE OAK COUNTY,297,65 Years,164,78,86,116,56,60,0,0,0,2,1,1,46,21,25
LIVE OAK COUNTY,297,66 Years,179,101,78,130,72,58,0,0,0,0,0,0,49,29,20
LIVE OAK COUNTY,297,67 Years,161,92,69,103,56,47,0,0,0,2,1,1,56,35,21
LIVE OAK COUNTY,297,68 Years,155,75,80,109,54,55,0,0,0,4,2,2,42,19,23
LIVE OAK COUNTY,297,69 Years,155,80,75,109,64,45,0,0,0,4,0,4,42,16,26
LIVE OAK COUNTY,297,70 Years,133,63,70,94,48,46,0,0,0,4,2,2,35,13,22
LIVE OAK COUNTY,297,71 Years,130,62,68,91,45,46,1,0,1,3,1,2,35,16,19
LIVE OAK COUNTY,297,72 Years,112,54,58,87,43,44,0,0,0,2,1,1,23,10,13
LIVE OAK COUNTY,297,73 Years,122,59,63,91,45,46,0,0,0,4,1,3,27,13,14
LIVE OAK COUNTY,297,74 Years,108,52,56,78,38,40,0,0,0,1,0,1,29,14,15
LIVE OAK COUNTY,297,75 Years,103,49,54,66,33,33,1,0,1,0,0,0,36,16,20
LIVE OAK COUNTY,297,76 Years,103,48,55,71,35,36,1,0,1,0,0,0,31,13,18
LIVE OAK COUNTY,297,77 Years,94,46,48,64,33,31,0,0,0,2,1,1,28,12,16
LIVE OAK COUNTY,297,78 Years,90,41,49,61,29,32,0,0,0,1,0,1,28,12,16
LIVE OAK COUNTY,297,79 Years,92,39,53,62,28,34,0,0,0,1,0,1,29,11,18
LIVE OAK COUNTY,297,80 Years,93,43,50,67,32,35,0,0,0,1,1,0,25,10,15
LIVE OAK COUNTY,297,81 Years,77,36,41,56,26,30,0,0,0,2,2,0,19,8,11
LIVE OAK COUNTY,297,82 Years,69,31,38,47,21,26,0,0,0,2,1,1,20,9,11
LIVE OAK COUNTY,297,83 Years,67,33,34,47,25,22,0,0,0,1,0,1,19,8,11
LIVE OAK COUNTY,297,84 Years,61,26,35,44,19,25,0,0,0,2,0,2,15,7,8
LIVE OAK COUNTY,297,85 Years +,264,107,157,196,79,117,0,0,0,5,3,2,63,25,38
LLANO COUNTY,299,All Ages,19904,9626,10278,17705,8564,9141,105,63,42,380,174,206,1714,825,889
LLANO COUNTY,299,< 1 Year,171,86,85,128,66,62,3,1,2,7,3,4,33,16,17
LLANO COUNTY,299,1 Years,167,88,79,128,69,59,2,1,1,5,2,3,32,16,16
LLANO COUNTY,299,2 Years,162,84,78,126,67,59,2,1,1,5,3,2,29,13,16
LLANO COUNTY,299,3 Years,157,85,72,119,64,55,2,2,0,5,3,2,31,16,15
LLANO COUNTY,299,4 Years,153,74,79,114,56,58,2,2,0,5,2,3,32,14,18
LLANO COUNTY,299,5 Years,146,71,75,106,58,48,2,1,1,5,2,3,33,10,23
LLANO COUNTY,299,6 Years,150,80,70,115,61,54,1,1,0,7,4,3,27,14,13
LLANO COUNTY,299,7 Years,188,97,91,143,72,71,1,1,0,8,4,4,36,20,16
LLANO COUNTY,299,8 Years,170,80,90,124,59,65,0,0,0,6,2,4,40,19,21
LLANO COUNTY,299,9 Years,160,81,79,119,66,53,0,0,0,6,2,4,35,13,22
LLANO COUNTY,299,10 Years,160,83,77,129,71,58,1,1,0,4,0,4,26,11,15
LLANO COUNTY,299,11 Years,164,87,77,131,68,63,1,1,0,2,1,1,30,17,13
LLANO COUNTY,299,12 Years,173,93,80,132,72,60,2,2,0,5,3,2,34,16,18
LLANO COUNTY,299,13 Years,197,100,97,154,77,77,4,1,3,6,6,0,33,16,17
LLANO COUNTY,299,14 Years,197,100,97,150,75,75,2,1,1,8,5,3,37,19,18
LLANO COUNTY,299,15 Years,178,82,96,140,67,73,1,0,1,7,2,5,30,13,17
LLANO COUNTY,299,16 Years,188,92,96,152,74,78,3,1,2,7,4,3,26,13,13
LLANO COUNTY,299,17 Years,186,96,90,149,73,76,3,1,2,6,4,2,28,18,10
LLANO COUNTY,299,18 Years,181,92,89,148,78,70,1,0,1,3,1,2,29,13,16
LLANO COUNTY,299,19 Years,168,83,85,133,66,67,2,2,0,4,2,2,29,13,16
LLANO COUNTY,299,20 Years,150,78,72,116,61,55,3,1,2,5,3,2,26,13,13
LLANO COUNTY,299,21 Years,147,82,65,111,61,50,1,0,1,6,6,0,29,15,14
LLANO COUNTY,299,22 Years,141,69,72,113,52,61,1,1,0,3,3,0,24,13,11
LLANO COUNTY,299,23 Years,151,74,77,121,54,67,0,0,0,4,3,1,26,17,9
LLANO COUNTY,299,24 Years,135,64,71,106,49,57,1,0,1,4,2,2,24,13,11
LLANO COUNTY,299,25 Years,135,63,72,107,49,58,2,1,1,2,2,0,24,11,13
LLANO COUNTY,299,26 Years,118,51,67,91,42,49,1,0,1,3,1,2,23,8,15
LLANO COUNTY,299,27 Years,123,63,60,97,49,48,1,0,1,2,1,1,23,13,10
LLANO COUNTY,299,28 Years,123,70,53,96,51,45,0,0,0,2,1,1,25,18,7
LLANO COUNTY,299,29 Years,133,78,55,110,63,47,1,1,0,2,1,1,20,13,7
LLANO COUNTY,299,30 Years,126,65,61,104,54,50,0,0,0,2,1,1,20,10,10
LLANO COUNTY,299,31 Years,145,78,67,120,64,56,2,1,1,5,3,2,18,10,8
LLANO COUNTY,299,32 Years,145,70,75,123,59,64,1,1,0,2,1,1,19,9,10
LLANO COUNTY,299,33 Years,158,74,84,124,57,67,1,1,0,4,3,1,29,13,16
LLANO COUNTY,299,34 Years,160,84,76,132,69,63,2,2,0,6,4,2,20,9,11
LLANO COUNTY,299,35 Years,150,80,70,123,69,54,3,3,0,5,2,3,19,6,13
LLANO COUNTY,299,36 Years,146,76,70,121,67,54,1,1,0,3,0,3,21,8,13
LLANO COUNTY,299,37 Years,121,60,61,99,53,46,2,0,2,4,0,4,16,7,9
LLANO COUNTY,299,38 Years,134,69,65,113,59,54,2,0,2,3,0,3,16,10,6
LLANO COUNTY,299,39 Years,142,68,74,119,58,61,2,1,1,3,0,3,18,9,9
LLANO COUNTY,299,40 Years,148,78,70,126,68,58,2,1,1,3,0,3,17,9,8
LLANO COUNTY,299,41 Years,143,77,66,126,68,58,0,0,0,4,1,3,13,8,5
LLANO COUNTY,299,42 Years,142,70,72,124,62,62,1,1,0,3,1,2,14,6,8
LLANO COUNTY,299,43 Years,173,83,90,152,73,79,3,1,2,3,2,1,15,7,8
LLANO COUNTY,299,44 Years,210,105,105,185,91,94,0,0,0,3,2,1,22,12,10
LLANO COUNTY,299,45 Years,204,103,101,175,92,83,0,0,0,5,4,1,24,7,17
LLANO COUNTY,299,46 Years,193,91,102,171,79,92,1,1,0,4,3,1,17,8,9
LLANO COUNTY,299,47 Years,177,83,94,153,70,83,0,0,0,5,2,3,19,11,8
LLANO COUNTY,299,48 Years,194,91,103,163,79,84,0,0,0,6,1,5,25,11,14
LLANO COUNTY,299,49 Years,219,108,111,190,95,95,0,0,0,5,1,4,24,12,12
LLANO COUNTY,299,50 Years,230,106,124,195,88,107,2,2,0,9,4,5,24,12,12
LLANO COUNTY,299,51 Years,253,119,134,221,105,116,3,2,1,7,2,5,22,10,12
LLANO COUNTY,299,52 Years,278,137,141,253,126,127,1,1,0,5,2,3,19,8,11
LLANO COUNTY,299,53 Years,286,141,145,263,128,135,1,1,0,3,3,0,19,9,10
LLANO COUNTY,299,54 Years,314,145,169,287,133,154,1,1,0,3,2,1,23,9,14
LLANO COUNTY,299,55 Years,323,143,180,288,123,165,2,1,1,6,4,2,27,15,12
LLANO COUNTY,299,56 Years,327,150,177,298,131,167,3,2,1,5,4,1,21,13,8
LLANO COUNTY,299,57 Years,338,164,174,310,150,160,3,1,2,5,3,2,20,10,10
LLANO COUNTY,299,58 Years,355,176,179,330,162,168,2,2,0,4,3,1,19,9,10
LLANO COUNTY,299,59 Years,373,174,199,353,166,187,1,1,0,4,1,3,15,6,9
LLANO COUNTY,299,60 Years,408,179,229,387,173,214,0,0,0,6,0,6,15,6,9
LLANO COUNTY,299,61 Years,418,195,223,397,186,211,0,0,0,6,2,4,15,7,8
LLANO COUNTY,299,62 Years,425,202,223,406,196,210,1,0,1,7,2,5,11,4,7
LLANO COUNTY,299,63 Years,441,211,230,423,202,221,1,0,1,6,2,4,11,7,4
LLANO COUNTY,299,64 Years,445,214,231,423,204,219,0,0,0,5,2,3,17,8,9
LLANO COUNTY,299,65 Years,452,202,250,439,197,242,0,0,0,5,1,4,8,4,4
LLANO COUNTY,299,66 Years,425,191,234,409,184,225,0,0,0,5,2,3,11,5,6
LLANO COUNTY,299,67 Years,429,208,221,411,199,212,1,1,0,7,3,4,10,5,5
LLANO COUNTY,299,68 Years,437,204,233,411,193,218,0,0,0,12,4,8,14,7,7
LLANO COUNTY,299,69 Years,377,183,194,356,176,180,2,0,2,6,2,4,13,5,8
LLANO COUNTY,299,70 Years,350,162,188,335,155,180,1,0,1,3,1,2,11,6,5
LLANO COUNTY,299,71 Years,369,177,192,355,171,184,1,1,0,2,1,1,11,4,7
LLANO COUNTY,299,72 Years,361,180,181,348,174,174,1,1,0,3,2,1,9,3,6
LLANO COUNTY,299,73 Years,346,179,167,338,176,162,0,0,0,1,0,1,7,3,4
LLANO COUNTY,299,74 Years,300,145,155,291,140,151,0,0,0,2,1,1,7,4,3
LLANO COUNTY,299,75 Years,274,134,140,264,129,135,0,0,0,2,1,1,8,4,4
LLANO COUNTY,299,76 Years,253,127,126,241,122,119,0,0,0,3,1,2,9,4,5
LLANO COUNTY,299,77 Years,272,130,142,261,125,136,0,0,0,2,1,1,9,4,5
LLANO COUNTY,299,78 Years,248,118,130,235,113,122,2,2,0,3,1,2,8,2,6
LLANO COUNTY,299,79 Years,221,108,113,214,106,108,1,1,0,1,0,1,5,1,4
LLANO COUNTY,299,80 Years,209,110,99,198,104,94,2,2,0,2,1,1,7,3,4
LLANO COUNTY,299,81 Years,187,90,97,177,86,91,2,1,1,2,1,1,6,2,4
LLANO COUNTY,299,82 Years,163,71,92,158,69,89,1,1,0,1,0,1,3,1,2
LLANO COUNTY,299,83 Years,169,77,92,163,75,88,1,1,0,2,1,1,3,0,3
LLANO COUNTY,299,84 Years,143,63,80,139,60,79,0,0,0,1,1,0,3,2,1
LLANO COUNTY,299,85 Years +,703,272,431,677,261,416,0,0,0,12,4,8,14,7,7
LOVING COUNTY,301,All Ages,81,46,35,54,31,23,0,0,0,5,4,1,22,11,11
LOVING COUNTY,301,< 1 Year,0,0,0,0,0,0,0,0,0,0,0,0,0,0,0
LOVING COUNTY,301,1 Years,0,0,0,0,0,0,0,0,0,0,0,0,0,0,0
LOVING COUNTY,301,2 Years,0,0,0,0,0,0,0,0,0,0,0,0,0,0,0
LOVING COUNTY,301,3 Years,0,0,0,0,0,0,0,0,0,0,0,0,0,0,0
LOVING COUNTY,301,4 Years,0,0,0,0,0,0,0,0,0,0,0,0,0,0,0
LOVING COUNTY,301,5 Years,1,1,0,0,0,0,0,0,0,0,0,0,1,1,0
LOVING COUNTY,301,6 Years,1,1,0,1,1,0,0,0,0,0,0,0,0,0,0
LOVING COUNTY,301,7 Years,0,0,0,0,0,0,0,0,0,0,0,0,0,0,0
LOVING COUNTY,301,8 Years,1,0,1,1,0,1,0,0,0,0,0,0,0,0,0
LOVING COUNTY,301,9 Years,0,0,0,0,0,0,0,0,0,0,0,0,0,0,0
LOVING COUNTY,301,10 Years,0,0,0,0,0,0,0,0,0,0,0,0,0,0,0
LOVING COUNTY,301,11 Years,0,0,0,0,0,0,0,0,0,0,0,0,0,0,0
LOVING COUNTY,301,12 Years,1,1,0,1,1,0,0,0,0,0,0,0,0,0,0
LOVING COUNTY,301,13 Years,0,0,0,0,0,0,0,0,0,0,0,0,0,0,0
LOVING COUNTY,301,14 Years,1,0,1,1,0,1,0,0,0,0,0,0,0,0,0
LOVING COUNTY,301,15 Years,0,0,0,0,0,0,0,0,0,0,0,0,0,0,0
LOVING COUNTY,301,16 Years,1,0,1,0,0,0,0,0,0,0,0,0,1,0,1
LOVING COUNTY,301,17 Years,0,0,0,0,0,0,0,0,0,0,0,0,0,0,0
LOVING COUNTY,301,18 Years,1,1,0,0,0,0,0,0,0,0,0,0,1,1,0
LOVING COUNTY,301,19 Years,0,0,0,0,0,0,0,0,0,0,0,0,0,0,0
LOVING COUNTY,301,20 Years,0,0,0,0,0,0,0,0,0,0,0,0,0,0,0
LOVING COUNTY,301,21 Years,1,0,1,0,0,0,0,0,0,0,0,0,1,0,1
LOVING COUNTY,301,22 Years,1,0,1,0,0,0,0,0,0,0,0,0,1,0,1
LOVING COUNTY,301,23 Years,0,0,0,0,0,0,0,0,0,0,0,0,0,0,0
LOVING COUNTY,301,24 Years,1,1,0,1,1,0,0,0,0,0,0,0,0,0,0
LOVING COUNTY,301,25 Years,0,0,0,0,0,0,0,0,0,0,0,0,0,0,0
LOVING COUNTY,301,26 Years,1,0,1,1,0,1,0,0,0,0,0,0,0,0,0
LOVING COUNTY,301,27 Years,3,2,1,0,0,0,0,0,0,0,0,0,3,2,1
LOVING COUNTY,301,28 Years,4,3,1,2,2,0,0,0,0,0,0,0,2,1,1
LOVING COUNTY,301,29 Years,2,1,1,1,1,0,0,0,0,0,0,0,1,0,1
LOVING COUNTY,301,30 Years,0,0,0,0,0,0,0,0,0,0,0,0,0,0,0
LOVING COUNTY,301,31 Years,0,0,0,0,0,0,0,0,0,0,0,0,0,0,0
LOVING COUNTY,301,32 Years,1,1,0,0,0,0,0,0,0,0,0,0,1,1,0
LOVING COUNTY,301,33 Years,1,0,1,1,0,1,0,0,0,0,0,0,0,0,0
LOVING COUNTY,301,34 Years,0,0,0,0,0,0,0,0,0,0,0,0,0,0,0
LOVING COUNTY,301,35 Years,1,0,1,1,0,1,0,0,0,0,0,0,0,0,0
LOVING COUNTY,301,36 Years,0,0,0,0,0,0,0,0,0,0,0,0,0,0,0
LOVING COUNTY,301,37 Years,0,0,0,0,0,0,0,0,0,0,0,0,0,0,0
LOVING COUNTY,301,38 Years,0,0,0,0,0,0,0,0,0,0,0,0,0,0,0
LOVING COUNTY,301,39 Years,1,1,0,1,1,0,0,0,0,0,0,0,0,0,0
LOVING COUNTY,301,40 Years,0,0,0,0,0,0,0,0,0,0,0,0,0,0,0
LOVING COUNTY,301,41 Years,0,0,0,0,0,0,0,0,0,0,0,0,0,0,0
LOVING COUNTY,301,42 Years,1,0,1,0,0,0,0,0,0,0,0,0,1,0,1
LOVING COUNTY,301,43 Years,0,0,0,0,0,0,0,0,0,0,0,0,0,0,0
LOVING COUNTY,301,44 Years,0,0,0,0,0,0,0,0,0,0,0,0,0,0,0
LOVING COUNTY,301,45 Years,0,0,0,0,0,0,0,0,0,0,0,0,0,0,0
LOVING COUNTY,301,46 Years,0,0,0,0,0,0,0,0,0,0,0,0,0,0,0
LOVING COUNTY,301,47 Years,4,1,3,3,0,3,0,0,0,0,0,0,1,1,0
LOVING COUNTY,301,48 Years,2,2,0,1,1,0,0,0,0,0,0,0,1,1,0
LOVING COUNTY,301,49 Years,2,0,2,1,0,1,0,0,0,1,0,1,0,0,0
LOVING COUNTY,301,50 Years,1,0,1,0,0,0,0,0,0,0,0,0,1,0,1
LOVING COUNTY,301,51 Years,2,1,1,1,0,1,0,0,0,0,0,0,1,1,0
LOVING COUNTY,301,52 Years,1,1,0,1,1,0,0,0,0,0,0,0,0,0,0
LOVING COUNTY,301,53 Years,1,0,1,0,0,0,0,0,0,0,0,0,1,0,1
LOVING COUNTY,301,54 Years,0,0,0,0,0,0,0,0,0,0,0,0,0,0,0
LOVING COUNTY,301,55 Years,0,0,0,0,0,0,0,0,0,0,0,0,0,0,0
LOVING COUNTY,301,56 Years,1,1,0,1,1,0,0,0,0,0,0,0,0,0,0
LOVING COUNTY,301,57 Years,2,1,1,2,1,1,0,0,0,0,0,0,0,0,0
LOVING COUNTY,301,58 Years,3,2,1,3,2,1,0,0,0,0,0,0,0,0,0
LOVING COUNTY,301,59 Years,2,1,1,1,0,1,0,0,0,0,0,0,1,1,0
LOVING COUNTY,301,60 Years,3,2,1,2,1,1,0,0,0,0,0,0,1,1,0
LOVING COUNTY,301,61 Years,4,3,1,4,3,1,0,0,0,0,0,0,0,0,0
LOVING COUNTY,301,62 Years,3,2,1,3,2,1,0,0,0,0,0,0,0,0,0
LOVING COUNTY,301,63 Years,2,1,1,2,1,1,0,0,0,0,0,0,0,0,0
LOVING COUNTY,301,64 Years,3,1,2,3,1,2,0,0,0,0,0,0,0,0,0
LOVING COUNTY,301,65 Years,1,0,1,1,0,1,0,0,0,0,0,0,0,0,0
LOVING COUNTY,301,66 Years,1,1,0,1,1,0,0,0,0,0,0,0,0,0,0
LOVING COUNTY,301,67 Years,0,0,0,0,0,0,0,0,0,0,0,0,0,0,0
LOVING COUNTY,301,68 Years,4,3,1,3,2,1,0,0,0,1,1,0,0,0,0
LOVING COUNTY,301,69 Years,3,2,1,2,1,1,0,0,0,1,1,0,0,0,0
LOVING COUNTY,301,70 Years,0,0,0,0,0,0,0,0,0,0,0,0,0,0,0
LOVING COUNTY,301,71 Years,0,0,0,0,0,0,0,0,0,0,0,0,0,0,0
LOVING COUNTY,301,72 Years,1,0,1,0,0,0,0,0,0,0,0,0,1,0,1
LOVING COUNTY,301,73 Years,2,1,1,1,1,0,0,0,0,0,0,0,1,0,1
LOVING COUNTY,301,74 Years,2,2,0,1,1,0,0,0,0,1,1,0,0,0,0
LOVING COUNTY,301,75 Years,1,1,0,0,0,0,0,0,0,1,1,0,0,0,0
LOVING COUNTY,301,76 Years,0,0,0,0,0,0,0,0,0,0,0,0,0,0,0
LOVING COUNTY,301,77 Years,1,1,0,1,1,0,0,0,0,0,0,0,0,0,0
LOVING COUNTY,301,78 Years,0,0,0,0,0,0,0,0,0,0,0,0,0,0,0
LOVING COUNTY,301,79 Years,1,1,0,1,1,0,0,0,0,0,0,0,0,0,0
LOVING COUNTY,301,80 Years,0,0,0,0,0,0,0,0,0,0,0,0,0,0,0
LOVING COUNTY,301,81 Years,1,1,0,1,1,0,0,0,0,0,0,0,0,0,0
LOVING COUNTY,301,82 Years,0,0,0,0,0,0,0,0,0,0,0,0,0,0,0
LOVING COUNTY,301,83 Years,0,0,0,0,0,0,0,0,0,0,0,0,0,0,0
LOVING COUNTY,301,84 Years,1,0,1,1,0,1,0,0,0,0,0,0,0,0,0
LOVING COUNTY,301,85 Years +,1,1,0,1,1,0,0,0,0,0,0,0,0,0,0
LUBBOCK COUNTY,303,All Ages,298941,148721,150220,161266,79602,81664,21760,10880,10880,12880,6573,6307,103035,51666,51369
LUBBOCK COUNTY,303,< 1 Year,4551,2309,2242,1893,933,960,416,212,204,207,102,105,2035,1062,973
LUBBOCK COUNTY,303,1 Years,4569,2320,2249,1931,950,981,410,208,202,213,112,101,2015,1050,965
LUBBOCK COUNTY,303,2 Years,4527,2303,2224,1929,980,949,403,208,195,214,119,95,1981,996,985
LUBBOCK COUNTY,303,3 Years,4412,2265,2147,1919,986,933,382,196,186,208,115,93,1903,968,935
LUBBOCK COUNTY,303,4 Years,4411,2271,2140,1896,988,908,367,193,174,201,115,86,1947,975,972
LUBBOCK COUNTY,303,5 Years,4525,2334,2191,1925,1001,924,367,189,178,209,119,90,2024,1025,999
LUBBOCK COUNTY,303,6 Years,4236,2175,2061,1764,905,859,351,167,184,205,112,93,1916,991,925
LUBBOCK COUNTY,303,7 Years,4285,2184,2101,1752,890,862,342,164,178,221,123,98,1970,1007,963
LUBBOCK COUNTY,303,8 Years,4230,2153,2077,1719,864,855,339,165,174,214,110,104,1958,1014,944
LUBBOCK COUNTY,303,9 Years,3956,2009,1947,1566,808,758,329,165,164,202,95,107,1859,941,918
LUBBOCK COUNTY,303,10 Years,4034,2058,1976,1624,825,799,352,189,163,196,89,107,1862,955,907
LUBBOCK COUNTY,303,11 Years,4053,2038,2015,1651,822,829,344,180,164,196,94,102,1862,942,920
LUBBOCK COUNTY,303,12 Years,3883,2028,1855,1553,795,758,356,184,172,159,87,72,1815,962,853
LUBBOCK COUNTY,303,13 Years,3947,2008,1939,1556,766,790,348,185,163,165,91,74,1878,966,912
LUBBOCK COUNTY,303,14 Years,3985,2021,1964,1547,760,787,350,184,166,179,94,85,1909,983,926
LUBBOCK COUNTY,303,15 Years,3898,1979,1919,1519,774,745,330,182,148,168,88,80,1881,935,946
LUBBOCK COUNTY,303,16 Years,3805,1948,1857,1467,747,720,313,163,150,163,86,77,1862,952,910
LUBBOCK COUNTY,303,17 Years,3735,1924,1811,1477,782,695,304,153,151,151,75,76,1803,914,889
LUBBOCK COUNTY,303,18 Years,4952,2423,2529,2391,1105,1286,385,207,178,211,105,106,1965,1006,959
LUBBOCK COUNTY,303,19 Years,6831,3437,3394,3885,1950,1935,441,231,210,266,127,139,2239,1129,1110
LUBBOCK COUNTY,303,20 Years,6705,3430,3275,3936,2039,1897,445,214,231,234,113,121,2090,1064,1026
LUBBOCK COUNTY,303,21 Years,6830,3591,3239,3878,2022,1856,521,290,231,252,140,112,2179,1139,1040
LUBBOCK COUNTY,303,22 Years,6664,3575,3089,3788,2073,1715,474,256,218,284,151,133,2118,1095,1023
LUBBOCK COUNTY,303,23 Years,6255,3318,2937,3408,1845,1563,439,232,207,317,164,153,2091,1077,1014
LUBBOCK COUNTY,303,24 Years,6442,3304,3138,3610,1821,1789,431,215,216,354,201,153,2047,1067,980
LUBBOCK COUNTY,303,25 Years,6342,3280,3062,3627,1843,1784,406,206,200,351,216,135,1958,1015,943
LUBBOCK COUNTY,303,26 Years,5690,3024,2666,3217,1703,1514,357,195,162,333,195,138,1783,931,852
LUBBOCK COUNTY,303,27 Years,5333,2802,2531,3011,1586,1425,327,176,151,310,169,141,1685,871,814
LUBBOCK COUNTY,303,28 Years,5090,2650,2440,2830,1486,1344,310,163,147,304,178,126,1646,823,823
LUBBOCK COUNTY,303,29 Years,4874,2510,2364,2616,1324,1292,321,171,150,277,169,108,1660,846,814
LUBBOCK COUNTY,303,30 Years,4406,2317,2089,2248,1197,1051,307,163,144,242,145,97,1609,812,797
LUBBOCK COUNTY,303,31 Years,4155,2192,1963,2119,1129,990,302,163,139,217,125,92,1517,775,742
LUBBOCK COUNTY,303,32 Years,4072,2135,1937,2097,1112,985,273,141,132,220,115,105,1482,767,715
LUBBOCK COUNTY,303,33 Years,3861,1998,1863,1911,1013,898,299,151,148,217,105,112,1434,729,705
LUBBOCK COUNTY,303,34 Years,3687,1867,1820,1807,943,864,266,126,140,190,88,102,1424,710,714
LUBBOCK COUNTY,303,35 Years,3763,1900,1863,1856,942,914,274,139,135,201,94,107,1432,725,707
LUBBOCK COUNTY,303,36 Years,3557,1796,1761,1785,914,871,253,133,120,207,93,114,1312,656,656
LUBBOCK COUNTY,303,37 Years,3364,1710,1654,1695,863,832,256,125,131,193,94,99,1220,628,592
LUBBOCK COUNTY,303,38 Years,3219,1597,1622,1600,814,786,229,108,121,198,87,111,1192,588,604
LUBBOCK COUNTY,303,39 Years,3197,1579,1618,1534,767,767,232,110,122,204,98,106,1227,604,623
LUBBOCK COUNTY,303,40 Years,3101,1500,1601,1521,728,793,232,114,118,192,88,104,1156,570,586
LUBBOCK COUNTY,303,41 Years,2977,1486,1491,1474,736,738,219,108,111,178,72,106,1106,570,536
LUBBOCK COUNTY,303,42 Years,2960,1451,1509,1442,739,703,213,98,115,203,81,122,1102,533,569
LUBBOCK COUNTY,303,43 Years,3081,1490,1591,1579,771,808,214,106,108,168,77,91,1120,536,584
LUBBOCK COUNTY,303,44 Years,3150,1511,1639,1658,797,861,228,108,120,156,79,77,1108,527,581
LUBBOCK COUNTY,303,45 Years,3096,1500,1596,1669,834,835,229,105,124,137,66,71,1061,495,566
LUBBOCK COUNTY,303,46 Years,3021,1469,1552,1606,793,813,211,99,112,141,74,67,1063,503,560
LUBBOCK COUNTY,303,47 Years,2963,1451,1512,1618,800,818,219,102,117,111,56,55,1015,493,522
LUBBOCK COUNTY,303,48 Years,2933,1441,1492,1570,775,795,231,111,120,99,44,55,1033,511,522
LUBBOCK COUNTY,303,49 Years,3034,1494,1540,1608,792,816,235,116,119,112,51,61,1079,535,544
LUBBOCK COUNTY,303,50 Years,3276,1606,1670,1751,858,893,268,133,135,124,55,69,1133,560,573
LUBBOCK COUNTY,303,51 Years,3464,1668,1796,1955,922,1033,277,142,135,128,64,64,1104,540,564
LUBBOCK COUNTY,303,52 Years,3544,1701,1843,2031,969,1062,277,137,140,124,66,58,1112,529,583
LUBBOCK COUNTY,303,53 Years,3506,1731,1775,2078,1033,1045,286,142,144,100,48,52,1042,508,534
LUBBOCK COUNTY,303,54 Years,3522,1721,1801,2112,1039,1073,278,131,147,95,45,50,1037,506,531
LUBBOCK COUNTY,303,55 Years,3517,1725,1792,2120,1025,1095,264,134,130,103,49,54,1030,517,513
LUBBOCK COUNTY,303,56 Years,3356,1667,1689,2038,1002,1036,255,129,126,98,55,43,965,481,484
LUBBOCK COUNTY,303,57 Years,3352,1636,1716,2074,1015,1059,268,129,139,99,51,48,911,441,470
LUBBOCK COUNTY,303,58 Years,3321,1621,1700,2082,1020,1062,234,121,113,102,50,52,903,430,473
LUBBOCK COUNTY,303,59 Years,3234,1576,1658,2023,975,1048,264,130,134,94,44,50,853,427,426
LUBBOCK COUNTY,303,60 Years,3254,1553,1701,2107,1003,1104,221,94,127,90,41,49,836,415,421
LUBBOCK COUNTY,303,61 Years,3144,1495,1649,2030,968,1062,215,105,110,99,43,56,800,379,421
LUBBOCK COUNTY,303,62 Years,2943,1404,1539,1951,935,1016,211,103,108,98,48,50,683,318,365
LUBBOCK COUNTY,303,63 Years,2856,1397,1459,1929,946,983,195,102,93,75,37,38,657,312,345
LUBBOCK COUNTY,303,64 Years,2719,1287,1432,1841,872,969,189,85,104,80,32,48,609,298,311
LUBBOCK COUNTY,303,65 Years,2540,1180,1360,1704,789,915,172,79,93,70,29,41,594,283,311
LUBBOCK COUNTY,303,66 Years,2417,1137,1280,1625,776,849,162,75,87,67,28,39,563,258,305
LUBBOCK COUNTY,303,67 Years,2365,1116,1249,1622,762,860,148,64,84,70,34,36,525,256,269
LUBBOCK COUNTY,303,68 Years,2283,1078,1205,1570,748,822,134,55,79,59,29,30,520,246,274
LUBBOCK COUNTY,303,69 Years,1903,883,1020,1279,604,675,114,52,62,50,23,27,460,204,256
LUBBOCK COUNTY,303,70 Years,1847,861,986,1297,618,679,101,48,53,37,14,23,412,181,231
LUBBOCK COUNTY,303,71 Years,1737,806,931,1267,588,679,90,40,50,38,15,23,342,163,179
LUBBOCK COUNTY,303,72 Years,1702,779,923,1267,573,694,86,37,49,53,24,29,296,145,151
LUBBOCK COUNTY,303,73 Years,1569,706,863,1156,523,633,89,35,54,39,17,22,285,131,154
LUBBOCK COUNTY,303,74 Years,1473,627,846,1087,467,620,81,32,49,34,14,20,271,114,157
LUBBOCK COUNTY,303,75 Years,1371,598,773,1028,450,578,77,31,46,39,14,25,227,103,124
LUBBOCK COUNTY,303,76 Years,1309,572,737,997,434,563,68,30,38,33,14,19,211,94,117
LUBBOCK COUNTY,303,77 Years,1296,542,754,967,404,563,60,25,35,30,13,17,239,100,139
LUBBOCK COUNTY,303,78 Years,1225,537,688,916,397,519,50,24,26,26,12,14,233,104,129
LUBBOCK COUNTY,303,79 Years,1182,481,701,887,355,532,51,19,32,26,10,16,218,97,121
LUBBOCK COUNTY,303,80 Years,1157,486,671,869,355,514,48,19,29,20,11,9,220,101,119
LUBBOCK COUNTY,303,81 Years,1019,435,584,782,321,461,48,22,26,20,10,10,169,82,87
LUBBOCK COUNTY,303,82 Years,936,390,546,723,300,423,43,17,26,23,10,13,147,63,84
LUBBOCK COUNTY,303,83 Years,860,329,531,682,259,423,35,14,21,14,7,7,129,49,80
LUBBOCK COUNTY,303,84 Years,795,325,470,629,256,373,38,16,22,13,6,7,115,47,68
LUBBOCK COUNTY,303,85 Years +,4300,1510,2790,3508,1209,2299,181,60,121,60,25,35,551,216,335
LYNN COUNTY,305,All Ages,5943,2973,2970,2881,1399,1482,107,58,49,80,41,39,2875,1475,1400
LYNN COUNTY,305,< 1 Year,75,35,40,38,14,24,1,1,0,0,0,0,36,20,16
LYNN COUNTY,305,1 Years,75,37,38,33,15,18,1,1,0,0,0,0,41,21,20
LYNN COUNTY,305,2 Years,82,41,41,32,16,16,2,0,2,0,0,0,48,25,23
LYNN COUNTY,305,3 Years,89,45,44,33,17,16,2,2,0,1,0,1,53,26,27
LYNN COUNTY,305,4 Years,83,43,40,36,20,16,1,1,0,0,0,0,46,22,24
LYNN COUNTY,305,5 Years,84,35,49,34,14,20,1,0,1,0,0,0,49,21,28
LYNN COUNTY,305,6 Years,81,47,34,34,19,15,2,1,1,0,0,0,45,27,18
LYNN COUNTY,305,7 Years,87,45,42,37,17,20,2,1,1,2,1,1,46,26,20
LYNN COUNTY,305,8 Years,102,44,58,40,18,22,1,1,0,1,0,1,60,25,35
LYNN COUNTY,305,9 Years,77,36,41,27,14,13,0,0,0,1,0,1,49,22,27
LYNN COUNTY,305,10 Years,81,38,43,32,12,20,0,0,0,0,0,0,49,26,23
LYNN COUNTY,305,11 Years,89,49,40,33,18,15,2,2,0,1,0,1,53,29,24
LYNN COUNTY,305,12 Years,96,54,42,34,21,13,3,3,0,2,1,1,57,29,28
LYNN COUNTY,305,13 Years,81,36,45,28,13,15,1,1,0,5,4,1,47,18,29
LYNN COUNTY,305,14 Years,85,39,46,32,15,17,2,1,1,2,2,0,49,21,28
LYNN COUNTY,305,15 Years,92,51,41,37,19,18,0,0,0,2,1,1,53,31,22
LYNN COUNTY,305,16 Years,92,50,42,28,15,13,0,0,0,3,2,1,61,33,28
LYNN COUNTY,305,17 Years,97,48,49,33,13,20,1,1,0,4,4,0,59,30,29
LYNN COUNTY,305,18 Years,93,43,50,35,12,23,1,0,1,4,2,2,53,29,24
LYNN COUNTY,305,19 Years,73,33,40,22,7,15,1,0,1,5,3,2,45,23,22
LYNN COUNTY,305,20 Years,72,35,37,30,14,16,3,2,1,3,1,2,36,18,18
LYNN COUNTY,305,21 Years,77,37,40,30,15,15,1,1,0,2,0,2,44,21,23
LYNN COUNTY,305,22 Years,96,48,48,38,18,20,5,3,2,1,1,0,52,26,26
LYNN COUNTY,305,23 Years,90,49,41,37,21,16,1,1,0,1,1,0,51,26,25
LYNN COUNTY,305,24 Years,62,35,27,25,15,10,0,0,0,1,0,1,36,20,16
LYNN COUNTY,305,25 Years,65,36,29,24,13,11,1,1,0,2,1,1,38,21,17
LYNN COUNTY,305,26 Years,47,24,23,19,10,9,1,1,0,2,1,1,25,12,13
LYNN COUNTY,305,27 Years,48,22,26,17,6,11,3,1,2,1,1,0,27,14,13
LYNN COUNTY,305,28 Years,50,29,21,24,14,10,1,1,0,0,0,0,25,14,11
LYNN COUNTY,305,29 Years,56,28,28,25,14,11,1,0,1,2,1,1,28,13,15
LYNN COUNTY,305,30 Years,57,32,25,20,10,10,0,0,0,0,0,0,37,22,15
LYNN COUNTY,305,31 Years,62,33,29,30,15,15,2,2,0,0,0,0,30,16,14
LYNN COUNTY,305,32 Years,63,34,29,26,13,13,1,1,0,0,0,0,36,20,16
LYNN COUNTY,305,33 Years,66,34,32,24,13,11,1,0,1,0,0,0,41,21,20
LYNN COUNTY,305,34 Years,61,26,35,21,8,13,3,1,2,1,0,1,36,17,19
LYNN COUNTY,305,35 Years,52,25,27,22,11,11,1,0,1,1,0,1,28,14,14
LYNN COUNTY,305,36 Years,54,26,28,23,11,12,0,0,0,1,1,0,30,14,16
LYNN COUNTY,305,37 Years,62,31,31,31,15,16,1,0,1,1,0,1,29,16,13
LYNN COUNTY,305,38 Years,61,35,26,39,22,17,0,0,0,1,1,0,21,12,9
LYNN COUNTY,305,39 Years,63,33,30,30,17,13,0,0,0,1,1,0,32,15,17
LYNN COUNTY,305,40 Years,61,30,31,28,13,15,0,0,0,2,1,1,31,16,15
LYNN COUNTY,305,41 Years,73,32,41,37,14,23,0,0,0,3,1,2,33,17,16
LYNN COUNTY,305,42 Years,52,31,21,26,14,12,0,0,0,1,1,0,25,16,9
LYNN COUNTY,305,43 Years,52,27,25,26,14,12,1,1,0,0,0,0,25,12,13
LYNN COUNTY,305,44 Years,57,28,29,29,16,13,1,0,1,0,0,0,27,12,15
LYNN COUNTY,305,45 Years,71,34,37,36,19,17,1,1,0,0,0,0,34,14,20
LYNN COUNTY,305,46 Years,70,34,36,32,15,17,1,1,0,0,0,0,37,18,19
LYNN COUNTY,305,47 Years,67,37,30,29,15,14,2,0,2,1,1,0,35,21,14
LYNN COUNTY,305,48 Years,72,41,31,30,16,14,2,1,1,1,0,1,39,24,15
LYNN COUNTY,305,49 Years,77,43,34,33,18,15,1,1,0,1,0,1,42,24,18
LYNN COUNTY,305,50 Years,88,41,47,47,20,27,1,1,0,1,0,1,39,20,19
LYNN COUNTY,305,51 Years,87,35,52,44,18,26,1,1,0,3,0,3,39,16,23
LYNN COUNTY,305,52 Years,94,45,49,52,23,29,2,1,1,3,2,1,37,19,18
LYNN COUNTY,305,53 Years,95,50,45,49,24,25,2,1,1,1,1,0,43,24,19
LYNN COUNTY,305,54 Years,79,42,37,43,23,20,1,1,0,0,0,0,35,18,17
LYNN COUNTY,305,55 Years,87,43,44,43,19,24,1,1,0,0,0,0,43,23,20
LYNN COUNTY,305,56 Years,98,53,45,52,28,24,3,2,1,0,0,0,43,23,20
LYNN COUNTY,305,57 Years,88,50,38,51,31,20,2,1,1,0,0,0,35,18,17
LYNN COUNTY,305,58 Years,87,44,43,50,27,23,1,1,0,0,0,0,36,16,20
LYNN COUNTY,305,59 Years,80,46,34,47,28,19,2,1,1,0,0,0,31,17,14
LYNN COUNTY,305,60 Years,86,45,41,49,26,23,2,1,1,0,0,0,35,18,17
LYNN COUNTY,305,61 Years,80,39,41,47,19,28,2,1,1,0,0,0,31,19,12
LYNN COUNTY,305,62 Years,72,34,38,41,18,23,2,0,2,0,0,0,29,16,13
LYNN COUNTY,305,63 Years,72,44,28,49,26,23,0,0,0,0,0,0,23,18,5
LYNN COUNTY,305,64 Years,72,41,31,43,23,20,0,0,0,0,0,0,29,18,11
LYNN COUNTY,305,65 Years,65,38,27,43,27,16,3,2,1,0,0,0,19,9,10
LYNN COUNTY,305,66 Years,70,38,32,43,26,17,2,0,2,2,1,1,23,11,12
LYNN COUNTY,305,67 Years,55,31,24,34,20,14,2,1,1,0,0,0,19,10,9
LYNN COUNTY,305,68 Years,57,31,26,37,19,18,2,1,1,0,0,0,18,11,7
LYNN COUNTY,305,69 Years,54,26,28,31,13,18,0,0,0,1,0,1,22,13,9
LYNN COUNTY,305,70 Years,51,28,23,30,15,15,1,0,1,0,0,0,20,13,7
LYNN COUNTY,305,71 Years,53,21,32,36,14,22,1,0,1,0,0,0,16,7,9
LYNN COUNTY,305,72 Years,56,26,30,34,14,20,0,0,0,0,0,0,22,12,10
LYNN COUNTY,305,73 Years,51,24,27,37,15,22,0,0,0,1,1,0,13,8,5
LYNN COUNTY,305,74 Years,51,21,30,36,14,22,1,0,1,1,1,0,13,6,7
LYNN COUNTY,305,75 Years,40,16,24,28,11,17,2,1,1,0,0,0,10,4,6
LYNN COUNTY,305,76 Years,49,24,25,35,19,16,1,0,1,1,0,1,12,5,7
LYNN COUNTY,305,77 Years,45,20,25,29,14,15,2,1,1,2,1,1,12,4,8
LYNN COUNTY,305,78 Years,45,15,30,26,11,15,0,0,0,1,0,1,18,4,14
LYNN COUNTY,305,79 Years,38,14,24,22,8,14,2,1,1,0,0,0,14,5,9
LYNN COUNTY,305,80 Years,38,15,23,20,7,13,0,0,0,0,0,0,18,8,10
LYNN COUNTY,305,81 Years,35,15,20,20,9,11,2,1,1,0,0,0,13,5,8
LYNN COUNTY,305,82 Years,28,12,16,17,8,9,1,0,1,0,0,0,10,4,6
LYNN COUNTY,305,83 Years,19,8,11,13,5,8,0,0,0,0,0,0,6,3,3
LYNN COUNTY,305,84 Years,18,10,8,12,5,7,0,0,0,0,0,0,6,5,1
LYNN COUNTY,305,85 Years +,130,50,80,92,34,58,4,1,3,0,0,0,34,15,19
MCCULLOCH COUNTY,307,All Ages,8336,4125,4211,5439,2642,2797,126,68,58,115,60,55,2656,1355,1301
MCCULLOCH COUNTY,307,< 1 Year,87,42,45,50,24,26,0,0,0,0,0,0,37,18,19
MCCULLOCH COUNTY,307,1 Years,87,45,42,50,26,24,0,0,0,0,0,0,37,19,18
MCCULLOCH COUNTY,307,2 Years,87,45,42,47,24,23,0,0,0,5,4,1,35,17,18
MCCULLOCH COUNTY,307,3 Years,97,50,47,52,27,25,0,0,0,7,3,4,38,20,18
MCCULLOCH COUNTY,307,4 Years,102,51,51,53,27,26,0,0,0,6,2,4,43,22,21
MCCULLOCH COUNTY,307,5 Years,102,54,48,58,30,28,0,0,0,3,1,2,41,23,18
MCCULLOCH COUNTY,307,6 Years,108,60,48,57,30,27,2,2,0,3,3,0,46,25,21
MCCULLOCH COUNTY,307,7 Years,98,53,45,48,24,24,1,1,0,2,2,0,47,26,21
MCCULLOCH COUNTY,307,8 Years,112,63,49,63,35,28,1,1,0,2,2,0,46,25,21
MCCULLOCH COUNTY,307,9 Years,110,62,48,58,34,24,1,1,0,2,0,2,49,27,22
MCCULLOCH COUNTY,307,10 Years,116,57,59,62,33,29,0,0,0,3,2,1,51,22,29
MCCULLOCH COUNTY,307,11 Years,111,58,53,56,33,23,2,1,1,0,0,0,53,24,29
MCCULLOCH COUNTY,307,12 Years,100,52,48,48,27,21,1,0,1,2,1,1,49,24,25
MCCULLOCH COUNTY,307,13 Years,112,67,45,54,33,21,3,2,1,1,1,0,54,31,23
MCCULLOCH COUNTY,307,14 Years,109,59,50,59,31,28,3,2,1,1,1,0,46,25,21
MCCULLOCH COUNTY,307,15 Years,108,55,53,63,34,29,3,1,2,0,0,0,42,20,22
MCCULLOCH COUNTY,307,16 Years,129,63,66,77,40,37,1,0,1,0,0,0,51,23,28
MCCULLOCH COUNTY,307,17 Years,128,62,66,73,37,36,5,2,3,1,0,1,49,23,26
MCCULLOCH COUNTY,307,18 Years,110,52,58,57,28,29,5,2,3,2,1,1,46,21,25
MCCULLOCH COUNTY,307,19 Years,101,50,51,51,24,27,4,3,1,2,1,1,44,22,22
MCCULLOCH COUNTY,307,20 Years,94,44,50,57,26,31,1,0,1,1,0,1,35,18,17
MCCULLOCH COUNTY,307,21 Years,109,51,58,62,27,35,0,0,0,1,1,0,46,23,23
MCCULLOCH COUNTY,307,22 Years,106,61,45,58,32,26,2,0,2,3,3,0,43,26,17
MCCULLOCH COUNTY,307,23 Years,94,56,38,50,29,21,1,0,1,2,1,1,41,26,15
MCCULLOCH COUNTY,307,24 Years,72,40,32,41,22,19,0,0,0,1,0,1,30,18,12
MCCULLOCH COUNTY,307,25 Years,79,42,37,44,23,21,1,0,1,0,0,0,34,19,15
MCCULLOCH COUNTY,307,26 Years,72,33,39,39,17,22,1,1,0,0,0,0,32,15,17
MCCULLOCH COUNTY,307,27 Years,77,42,35,39,21,18,3,3,0,0,0,0,35,18,17
MCCULLOCH COUNTY,307,28 Years,71,35,36,39,20,19,2,1,1,0,0,0,30,14,16
MCCULLOCH COUNTY,307,29 Years,74,36,38,36,17,19,1,1,0,2,1,1,35,17,18
MCCULLOCH COUNTY,307,30 Years,75,43,32,43,28,15,2,1,1,0,0,0,30,14,16
MCCULLOCH COUNTY,307,31 Years,72,43,29,45,24,21,2,1,1,1,1,0,24,17,7
MCCULLOCH COUNTY,307,32 Years,84,43,41,52,21,31,1,1,0,2,1,1,29,20,9
MCCULLOCH COUNTY,307,33 Years,84,43,41,52,23,29,2,1,1,1,1,0,29,18,11
MCCULLOCH COUNTY,307,34 Years,84,37,47,47,20,27,2,1,1,1,0,1,34,16,18
MCCULLOCH COUNTY,307,35 Years,77,35,42,47,23,24,0,0,0,0,0,0,30,12,18
MCCULLOCH COUNTY,307,36 Years,72,36,36,48,25,23,0,0,0,1,1,0,23,10,13
MCCULLOCH COUNTY,307,37 Years,79,41,38,58,31,27,1,0,1,1,0,1,19,10,9
MCCULLOCH COUNTY,307,38 Years,79,34,45,53,25,28,2,0,2,1,0,1,23,9,14
MCCULLOCH COUNTY,307,39 Years,83,43,40,53,26,27,3,2,1,1,0,1,26,15,11
MCCULLOCH COUNTY,307,40 Years,94,51,43,62,29,33,1,0,1,1,1,0,30,21,9
MCCULLOCH COUNTY,307,41 Years,86,44,42,54,25,29,1,1,0,0,0,0,31,18,13
MCCULLOCH COUNTY,307,42 Years,72,36,36,45,22,23,1,1,0,0,0,0,26,13,13
MCCULLOCH COUNTY,307,43 Years,75,40,35,49,27,22,1,0,1,1,1,0,24,12,12
MCCULLOCH COUNTY,307,44 Years,96,47,49,68,34,34,1,0,1,0,0,0,27,13,14
MCCULLOCH COUNTY,307,45 Years,83,42,41,54,28,26,2,1,1,2,1,1,25,12,13
MCCULLOCH COUNTY,307,46 Years,93,43,50,65,33,32,1,0,1,1,1,0,26,9,17
MCCULLOCH COUNTY,307,47 Years,88,35,53,53,22,31,0,0,0,1,0,1,34,13,21
MCCULLOCH COUNTY,307,48 Years,94,37,57,60,24,36,1,0,1,2,0,2,31,13,18
MCCULLOCH COUNTY,307,49 Years,107,46,61,71,31,40,1,0,1,3,1,2,32,14,18
MCCULLOCH COUNTY,307,50 Years,107,61,46,73,40,33,0,0,0,2,1,1,32,20,12
MCCULLOCH COUNTY,307,51 Years,100,52,48,67,34,33,2,1,1,2,1,1,29,16,13
MCCULLOCH COUNTY,307,52 Years,122,58,64,84,38,46,2,2,0,1,1,0,35,17,18
MCCULLOCH COUNTY,307,53 Years,110,51,59,73,34,39,1,1,0,0,0,0,36,16,20
MCCULLOCH COUNTY,307,54 Years,110,56,54,77,36,41,0,0,0,2,2,0,31,18,13
MCCULLOCH COUNTY,307,55 Years,99,48,51,72,30,42,1,1,0,0,0,0,26,17,9
MCCULLOCH COUNTY,307,56 Years,117,55,62,80,34,46,2,1,1,1,0,1,34,20,14
MCCULLOCH COUNTY,307,57 Years,128,63,65,92,42,50,2,1,1,1,0,1,33,20,13
MCCULLOCH COUNTY,307,58 Years,127,62,65,94,45,49,2,1,1,2,1,1,29,15,14
MCCULLOCH COUNTY,307,59 Years,137,62,75,101,42,59,3,2,1,2,1,1,31,17,14
MCCULLOCH COUNTY,307,60 Years,140,66,74,104,46,58,4,2,2,3,2,1,29,16,13
MCCULLOCH COUNTY,307,61 Years,129,68,61,92,48,44,2,1,1,3,2,1,32,17,15
MCCULLOCH COUNTY,307,62 Years,135,61,74,101,46,55,2,1,1,2,0,2,30,14,16
MCCULLOCH COUNTY,307,63 Years,109,51,58,87,37,50,2,2,0,0,0,0,20,12,8
MCCULLOCH COUNTY,307,64 Years,113,58,55,86,41,45,4,3,1,2,1,1,21,13,8
MCCULLOCH COUNTY,307,65 Years,106,54,52,81,39,42,4,3,1,1,1,0,20,11,9
MCCULLOCH COUNTY,307,66 Years,119,56,63,90,42,48,1,1,0,2,1,1,26,12,14
MCCULLOCH COUNTY,307,67 Years,129,64,65,98,49,49,2,2,0,2,0,2,27,13,14
MCCULLOCH COUNTY,307,68 Years,137,67,70,106,53,53,2,1,1,0,0,0,29,13,16
MCCULLOCH COUNTY,307,69 Years,116,56,60,91,47,44,1,0,1,0,0,0,24,9,15
MCCULLOCH COUNTY,307,70 Years,108,52,56,84,41,43,0,0,0,1,0,1,23,11,12
MCCULLOCH COUNTY,307,71 Years,99,53,46,77,41,36,0,0,0,0,0,0,22,12,10
MCCULLOCH COUNTY,307,72 Years,105,53,52,82,42,40,2,1,1,2,1,1,19,9,10
MCCULLOCH COUNTY,307,73 Years,83,42,41,67,35,32,1,1,0,1,0,1,14,6,8
MCCULLOCH COUNTY,307,74 Years,78,40,38,58,29,29,2,1,1,1,1,0,17,9,8
MCCULLOCH COUNTY,307,75 Years,74,39,35,56,29,27,2,0,2,1,1,0,15,9,6
MCCULLOCH COUNTY,307,76 Years,61,27,34,46,21,25,0,0,0,1,0,1,14,6,8
MCCULLOCH COUNTY,307,77 Years,61,27,34,45,21,24,0,0,0,1,1,0,15,5,10
MCCULLOCH COUNTY,307,78 Years,71,35,36,49,26,23,0,0,0,1,0,1,21,9,12
MCCULLOCH COUNTY,307,79 Years,64,29,35,45,20,25,1,0,1,1,1,0,17,8,9
MCCULLOCH COUNTY,307,80 Years,60,22,38,47,17,30,1,0,1,0,0,0,12,5,7
MCCULLOCH COUNTY,307,81 Years,57,26,31,44,21,23,0,0,0,1,0,1,12,5,7
MCCULLOCH COUNTY,307,82 Years,47,20,27,35,16,19,1,1,0,1,0,1,10,3,7
MCCULLOCH COUNTY,307,83 Years,45,21,24,31,15,16,1,1,0,2,2,0,11,3,8
MCCULLOCH COUNTY,307,84 Years,43,17,26,35,15,20,1,1,0,0,0,0,7,1,6
MCCULLOCH COUNTY,307,85 Years +,251,94,157,209,74,135,6,2,4,1,0,1,35,18,17
MCLENNAN COUNTY,309,All Ages,250050,122437,127613,136611,66619,69992,37040,17458,19582,9305,4270,5035,67094,34090,33004
MCLENNAN COUNTY,309,< 1 Year,3691,1876,1815,1470,749,721,640,323,317,221,116,105,1360,688,672
MCLENNAN COUNTY,309,1 Years,3683,1887,1796,1449,741,708,646,331,315,231,118,113,1357,697,660
MCLENNAN COUNTY,309,2 Years,3641,1875,1766,1432,733,699,651,336,315,230,117,113,1328,689,639
MCLENNAN COUNTY,309,3 Years,3574,1855,1719,1425,737,688,631,327,304,217,111,106,1301,680,621
MCLENNAN COUNTY,309,4 Years,3583,1838,1745,1444,736,708,619,315,304,221,113,108,1299,674,625
MCLENNAN COUNTY,309,5 Years,3467,1778,1689,1400,725,675,583,297,286,185,92,93,1299,664,635
MCLENNAN COUNTY,309,6 Years,3340,1729,1611,1349,701,648,509,255,254,180,91,89,1302,682,620
MCLENNAN COUNTY,309,7 Years,3390,1749,1641,1353,703,650,514,258,256,184,92,92,1339,696,643
MCLENNAN COUNTY,309,8 Years,3381,1764,1617,1373,732,641,533,271,262,156,75,81,1319,686,633
MCLENNAN COUNTY,309,9 Years,3401,1783,1618,1397,762,635,561,281,280,141,67,74,1302,673,629
MCLENNAN COUNTY,309,10 Years,3323,1690,1633,1351,708,643,515,260,255,136,60,76,1321,662,659
MCLENNAN COUNTY,309,11 Years,3397,1731,1666,1382,699,683,550,285,265,152,70,82,1313,677,636
MCLENNAN COUNTY,309,12 Years,3414,1708,1706,1389,691,698,546,268,278,161,80,81,1318,669,649
MCLENNAN COUNTY,309,13 Years,3495,1791,1704,1464,752,712,513,251,262,145,68,77,1373,720,653
MCLENNAN COUNTY,309,14 Years,3476,1763,1713,1431,713,718,564,288,276,158,75,83,1323,687,636
MCLENNAN COUNTY,309,15 Years,3441,1774,1667,1452,745,707,571,298,273,156,77,79,1262,654,608
MCLENNAN COUNTY,309,16 Years,3537,1856,1681,1533,812,721,587,313,274,156,73,83,1261,658,603
MCLENNAN COUNTY,309,17 Years,3472,1802,1670,1570,823,747,552,284,268,141,69,72,1209,626,583
MCLENNAN COUNTY,309,18 Years,4361,2174,2187,2281,1136,1145,587,276,311,233,104,129,1260,658,602
MCLENNAN COUNTY,309,19 Years,5522,2702,2820,3142,1575,1567,600,303,297,329,135,194,1451,689,762
MCLENNAN COUNTY,309,20 Years,5351,2576,2775,2997,1387,1610,648,357,291,258,116,142,1448,716,732
MCLENNAN COUNTY,309,21 Years,5317,2681,2636,2950,1497,1453,689,360,329,265,112,153,1413,712,701
MCLENNAN COUNTY,309,22 Years,5055,2531,2524,2717,1336,1381,665,342,323,206,89,117,1467,764,703
MCLENNAN COUNTY,309,23 Years,4451,2258,2193,2105,1019,1086,672,362,310,231,105,126,1443,772,671
MCLENNAN COUNTY,309,24 Years,4699,2356,2343,2252,1149,1103,725,347,378,256,110,146,1466,750,716
MCLENNAN COUNTY,309,25 Years,4629,2305,2324,2300,1147,1153,713,334,379,270,117,153,1346,707,639
MCLENNAN COUNTY,309,26 Years,4022,2000,2022,1890,961,929,637,283,354,234,102,132,1261,654,607
MCLENNAN COUNTY,309,27 Years,3786,1887,1899,1777,912,865,579,244,335,216,101,115,1214,630,584
MCLENNAN COUNTY,309,28 Years,3569,1785,1784,1707,860,847,544,241,303,159,86,73,1159,598,561
MCLENNAN COUNTY,309,29 Years,3206,1548,1658,1528,728,800,488,221,267,102,52,50,1088,547,541
MCLENNAN COUNTY,309,30 Years,3053,1566,1487,1463,741,722,478,243,235,93,43,50,1019,539,480
MCLENNAN COUNTY,309,31 Years,2940,1474,1466,1390,688,702,456,222,234,85,42,43,1009,522,487
MCLENNAN COUNTY,309,32 Years,2922,1450,1472,1347,671,676,458,207,251,88,47,41,1029,525,504
MCLENNAN COUNTY,309,33 Years,2863,1409,1454,1320,666,654,446,203,243,104,45,59,993,495,498
MCLENNAN COUNTY,309,34 Years,2868,1426,1442,1367,698,669,457,201,256,86,38,48,958,489,469
MCLENNAN COUNTY,309,35 Years,2972,1446,1526,1393,700,693,514,217,297,85,34,51,980,495,485
MCLENNAN COUNTY,309,36 Years,2786,1365,1421,1378,697,681,466,205,261,91,36,55,851,427,424
MCLENNAN COUNTY,309,37 Years,2737,1388,1349,1393,709,684,432,214,218,86,38,48,826,427,399
MCLENNAN COUNTY,309,38 Years,2654,1314,1340,1340,670,670,415,186,229,82,38,44,817,420,397
MCLENNAN COUNTY,309,39 Years,2643,1292,1351,1314,659,655,433,185,248,94,42,52,802,406,396
MCLENNAN COUNTY,309,40 Years,2690,1307,1383,1381,696,685,419,185,234,91,43,48,799,383,416
MCLENNAN COUNTY,309,41 Years,2613,1267,1346,1376,665,711,412,179,233,83,41,42,742,382,360
MCLENNAN COUNTY,309,42 Years,2566,1227,1339,1367,676,691,388,170,218,84,40,44,727,341,386
MCLENNAN COUNTY,309,43 Years,2769,1331,1438,1515,738,777,397,189,208,86,33,53,771,371,400
MCLENNAN COUNTY,309,44 Years,2818,1349,1469,1603,777,826,419,188,231,94,41,53,702,343,359
MCLENNAN COUNTY,309,45 Years,2833,1390,1443,1628,800,828,416,194,222,89,38,51,700,358,342
MCLENNAN COUNTY,309,46 Years,2697,1292,1405,1578,759,819,395,183,212,82,34,48,642,316,326
MCLENNAN COUNTY,309,47 Years,2640,1267,1373,1523,741,782,381,174,207,79,34,45,657,318,339
MCLENNAN COUNTY,309,48 Years,2658,1254,1404,1529,738,791,396,173,223,76,34,42,657,309,348
MCLENNAN COUNTY,309,49 Years,2705,1301,1404,1584,753,831,417,196,221,67,28,39,637,324,313
MCLENNAN COUNTY,309,50 Years,3060,1449,1611,1849,866,983,469,218,251,79,36,43,663,329,334
MCLENNAN COUNTY,309,51 Years,2973,1467,1506,1823,899,924,425,191,234,72,33,39,653,344,309
MCLENNAN COUNTY,309,52 Years,2914,1442,1472,1796,891,905,425,197,228,68,35,33,625,319,306
MCLENNAN COUNTY,309,53 Years,3050,1551,1499,1889,945,944,448,226,222,79,41,38,634,339,295
MCLENNAN COUNTY,309,54 Years,3073,1505,1568,1898,940,958,467,210,257,82,35,47,626,320,306
MCLENNAN COUNTY,309,55 Years,3143,1537,1606,1985,964,1021,495,243,252,77,32,45,586,298,288
MCLENNAN COUNTY,309,56 Years,3091,1539,1552,1970,976,994,478,232,246,75,37,38,568,294,274
MCLENNAN COUNTY,309,57 Years,3026,1446,1580,2000,965,1035,460,201,259,70,31,39,496,249,247
MCLENNAN COUNTY,309,58 Years,3031,1475,1556,2008,982,1026,481,216,265,65,28,37,477,249,228
MCLENNAN COUNTY,309,59 Years,3026,1454,1572,1994,957,1037,481,215,266,66,32,34,485,250,235
MCLENNAN COUNTY,309,60 Years,3002,1419,1583,2015,965,1050,471,206,265,73,31,42,443,217,226
MCLENNAN COUNTY,309,61 Years,2809,1338,1471,1913,920,993,436,191,245,62,27,35,398,200,198
MCLENNAN COUNTY,309,62 Years,2830,1358,1472,1949,950,999,427,187,240,52,19,33,402,202,200
MCLENNAN COUNTY,309,63 Years,2634,1220,1414,1853,876,977,398,155,243,49,17,32,334,172,162
MCLENNAN COUNTY,309,64 Years,2474,1172,1302,1735,824,911,363,163,200,51,18,33,325,167,158
MCLENNAN COUNTY,309,65 Years,2400,1154,1246,1710,826,884,321,147,174,57,26,31,312,155,157
MCLENNAN COUNTY,309,66 Years,2403,1170,1233,1726,848,878,332,154,178,53,25,28,292,143,149
MCLENNAN COUNTY,309,67 Years,2325,1107,1218,1724,826,898,295,137,158,52,20,32,254,124,130
MCLENNAN COUNTY,309,68 Years,2224,1043,1181,1684,791,893,252,113,139,48,19,29,240,120,120
MCLENNAN COUNTY,309,69 Years,1800,839,961,1326,624,702,210,90,120,44,16,28,220,109,111
MCLENNAN COUNTY,309,70 Years,1741,811,930,1297,613,684,214,92,122,32,12,20,198,94,104
MCLENNAN COUNTY,309,71 Years,1703,783,920,1280,610,670,193,77,116,29,8,21,201,88,113
MCLENNAN COUNTY,309,72 Years,1617,748,869,1234,581,653,181,75,106,31,15,16,171,77,94
MCLENNAN COUNTY,309,73 Years,1504,676,828,1157,528,629,163,63,100,36,18,18,148,67,81
MCLENNAN COUNTY,309,74 Years,1386,608,778,1061,472,589,155,67,88,28,9,19,142,60,82
MCLENNAN COUNTY,309,75 Years,1307,581,726,1004,454,550,145,61,84,24,8,16,134,58,76
MCLENNAN COUNTY,309,76 Years,1236,552,684,962,444,518,134,48,86,18,8,10,122,52,70
MCLENNAN COUNTY,309,77 Years,1221,553,668,936,433,503,143,57,86,23,10,13,119,53,66
MCLENNAN COUNTY,309,78 Years,1078,483,595,826,377,449,129,48,81,20,11,9,103,47,56
MCLENNAN COUNTY,309,79 Years,1064,450,614,830,359,471,115,43,72,18,9,9,101,39,62
MCLENNAN COUNTY,309,80 Years,1008,434,574,802,355,447,100,38,62,11,6,5,95,35,60
MCLENNAN COUNTY,309,81 Years,948,385,563,747,308,439,95,32,63,13,7,6,93,38,55
MCLENNAN COUNTY,309,82 Years,874,358,516,688,281,407,96,36,60,11,4,7,79,37,42
MCLENNAN COUNTY,309,83 Years,798,335,463,634,267,367,82,32,50,14,4,10,68,32,36
MCLENNAN COUNTY,309,84 Years,744,303,441,593,238,355,85,36,49,9,3,6,57,26,31
MCLENNAN COUNTY,309,85 Years +,4432,1525,2907,3614,1253,2361,449,136,313,59,18,41,310,118,192
MCMULLEN COUNTY,311,All Ages,861,437,424,497,242,255,9,5,4,8,1,7,347,189,158
MCMULLEN COUNTY,311,< 1 Year,13,8,5,2,0,2,0,0,0,0,0,0,11,8,3
MCMULLEN COUNTY,311,1 Years,11,5,6,1,0,1,0,0,0,0,0,0,10,5,5
MCMULLEN COUNTY,311,2 Years,11,4,7,1,0,1,0,0,0,0,0,0,10,4,6
MCMULLEN COUNTY,311,3 Years,13,6,7,3,0,3,0,0,0,0,0,0,10,6,4
MCMULLEN COUNTY,311,4 Years,10,7,3,3,1,2,0,0,0,0,0,0,7,6,1
MCMULLEN COUNTY,311,5 Years,6,1,5,1,0,1,0,0,0,0,0,0,5,1,4
MCMULLEN COUNTY,311,6 Years,5,2,3,1,0,1,0,0,0,0,0,0,4,2,2
MCMULLEN COUNTY,311,7 Years,6,3,3,4,2,2,0,0,0,0,0,0,2,1,1
MCMULLEN COUNTY,311,8 Years,8,4,4,6,3,3,0,0,0,0,0,0,2,1,1
MCMULLEN COUNTY,311,9 Years,7,6,1,2,2,0,0,0,0,0,0,0,5,4,1
MCMULLEN COUNTY,311,10 Years,9,5,4,5,3,2,0,0,0,0,0,0,4,2,2
MCMULLEN COUNTY,311,11 Years,5,3,2,2,1,1,1,1,0,0,0,0,2,1,1
MCMULLEN COUNTY,311,12 Years,4,1,3,2,1,1,0,0,0,0,0,0,2,0,2
MCMULLEN COUNTY,311,13 Years,8,2,6,2,0,2,0,0,0,0,0,0,6,2,4
MCMULLEN COUNTY,311,14 Years,10,6,4,5,4,1,0,0,0,0,0,0,5,2,3
MCMULLEN COUNTY,311,15 Years,8,6,2,3,3,0,0,0,0,0,0,0,5,3,2
MCMULLEN COUNTY,311,16 Years,14,7,7,5,2,3,0,0,0,0,0,0,9,5,4
MCMULLEN COUNTY,311,17 Years,16,9,7,7,4,3,1,1,0,0,0,0,8,4,4
MCMULLEN COUNTY,311,18 Years,6,2,4,2,1,1,0,0,0,0,0,0,4,1,3
MCMULLEN COUNTY,311,19 Years,6,4,2,2,1,1,0,0,0,0,0,0,4,3,1
MCMULLEN COUNTY,311,20 Years,7,4,3,4,2,2,0,0,0,0,0,0,3,2,1
MCMULLEN COUNTY,311,21 Years,4,1,3,1,0,1,0,0,0,0,0,0,3,1,2
MCMULLEN COUNTY,311,22 Years,7,3,4,4,2,2,0,0,0,0,0,0,3,1,2
MCMULLEN COUNTY,311,23 Years,14,7,7,6,1,5,0,0,0,0,0,0,8,6,2
MCMULLEN COUNTY,311,24 Years,8,4,4,3,0,3,1,1,0,0,0,0,4,3,1
MCMULLEN COUNTY,311,25 Years,11,8,3,4,2,2,0,0,0,0,0,0,7,6,1
MCMULLEN COUNTY,311,26 Years,8,3,5,3,1,2,0,0,0,0,0,0,5,2,3
MCMULLEN COUNTY,311,27 Years,4,2,2,1,0,1,0,0,0,0,0,0,3,2,1
MCMULLEN COUNTY,311,28 Years,9,4,5,2,1,1,0,0,0,0,0,0,7,3,4
MCMULLEN COUNTY,311,29 Years,6,4,2,2,1,1,0,0,0,0,0,0,4,3,1
MCMULLEN COUNTY,311,30 Years,10,7,3,6,3,3,0,0,0,0,0,0,4,4,0
MCMULLEN COUNTY,311,31 Years,9,3,6,8,2,6,0,0,0,0,0,0,1,1,0
MCMULLEN COUNTY,311,32 Years,8,2,6,6,2,4,0,0,0,0,0,0,2,0,2
MCMULLEN COUNTY,311,33 Years,5,2,3,3,2,1,0,0,0,0,0,0,2,0,2
MCMULLEN COUNTY,311,34 Years,5,4,1,2,2,0,0,0,0,0,0,0,3,2,1
MCMULLEN COUNTY,311,35 Years,10,5,5,4,3,1,1,0,1,3,0,3,2,2,0
MCMULLEN COUNTY,311,36 Years,9,4,5,6,3,3,1,0,1,1,0,1,1,1,0
MCMULLEN COUNTY,311,37 Years,7,5,2,4,4,0,0,0,0,0,0,0,3,1,2
MCMULLEN COUNTY,311,38 Years,5,2,3,3,1,2,0,0,0,0,0,0,2,1,1
MCMULLEN COUNTY,311,39 Years,6,2,4,2,0,2,0,0,0,0,0,0,4,2,2
MCMULLEN COUNTY,311,40 Years,5,2,3,3,1,2,0,0,0,0,0,0,2,1,1
MCMULLEN COUNTY,311,41 Years,7,3,4,5,3,2,0,0,0,0,0,0,2,0,2
MCMULLEN COUNTY,311,42 Years,5,2,3,3,1,2,0,0,0,0,0,0,2,1,1
MCMULLEN COUNTY,311,43 Years,8,4,4,4,3,1,0,0,0,0,0,0,4,1,3
MCMULLEN COUNTY,311,44 Years,4,2,2,2,2,0,0,0,0,0,0,0,2,0,2
MCMULLEN COUNTY,311,45 Years,7,2,5,5,1,4,0,0,0,0,0,0,2,1,1
MCMULLEN COUNTY,311,46 Years,12,8,4,5,2,3,0,0,0,0,0,0,7,6,1
MCMULLEN COUNTY,311,47 Years,8,3,5,3,1,2,1,1,0,0,0,0,4,1,3
MCMULLEN COUNTY,311,48 Years,10,3,7,7,3,4,0,0,0,0,0,0,3,0,3
MCMULLEN COUNTY,311,49 Years,14,6,8,8,3,5,0,0,0,2,0,2,4,3,1
MCMULLEN COUNTY,311,50 Years,18,8,10,7,2,5,0,0,0,1,0,1,10,6,4
MCMULLEN COUNTY,311,51 Years,7,4,3,2,1,1,0,0,0,0,0,0,5,3,2
MCMULLEN COUNTY,311,52 Years,7,4,3,5,4,1,0,0,0,0,0,0,2,0,2
MCMULLEN COUNTY,311,53 Years,10,5,5,5,3,2,0,0,0,0,0,0,5,2,3
MCMULLEN COUNTY,311,54 Years,16,6,10,11,4,7,0,0,0,0,0,0,5,2,3
MCMULLEN COUNTY,311,55 Years,12,6,6,9,4,5,0,0,0,0,0,0,3,2,1
MCMULLEN COUNTY,311,56 Years,13,8,5,7,4,3,0,0,0,0,0,0,6,4,2
MCMULLEN COUNTY,311,57 Years,13,9,4,8,6,2,1,0,1,0,0,0,4,3,1
MCMULLEN COUNTY,311,58 Years,11,6,5,5,3,2,0,0,0,0,0,0,6,3,3
MCMULLEN COUNTY,311,59 Years,24,12,12,17,9,8,0,0,0,0,0,0,7,3,4
MCMULLEN COUNTY,311,60 Years,22,12,10,16,9,7,0,0,0,0,0,0,6,3,3
MCMULLEN COUNTY,311,61 Years,13,4,9,9,3,6,0,0,0,0,0,0,4,1,3
MCMULLEN COUNTY,311,62 Years,14,8,6,11,7,4,0,0,0,0,0,0,3,1,2
MCMULLEN COUNTY,311,63 Years,9,4,5,8,3,5,0,0,0,0,0,0,1,1,0
MCMULLEN COUNTY,311,64 Years,10,7,3,7,5,2,0,0,0,0,0,0,3,2,1
MCMULLEN COUNTY,311,65 Years,10,6,4,6,3,3,0,0,0,0,0,0,4,3,1
MCMULLEN COUNTY,311,66 Years,14,8,6,10,5,5,0,0,0,0,0,0,4,3,1
MCMULLEN COUNTY,311,67 Years,8,4,4,7,4,3,0,0,0,0,0,0,1,0,1
MCMULLEN COUNTY,311,68 Years,11,6,5,10,5,5,0,0,0,0,0,0,1,1,0
MCMULLEN COUNTY,311,69 Years,6,1,5,4,1,3,0,0,0,0,0,0,2,0,2
MCMULLEN COUNTY,311,70 Years,16,8,8,9,5,4,0,0,0,0,0,0,7,3,4
MCMULLEN COUNTY,311,71 Years,13,5,8,9,4,5,0,0,0,0,0,0,4,1,3
MCMULLEN COUNTY,311,72 Years,6,2,4,4,2,2,0,0,0,0,0,0,2,0,2
MCMULLEN COUNTY,311,73 Years,15,7,8,10,3,7,0,0,0,0,0,0,5,4,1
MCMULLEN COUNTY,311,74 Years,11,7,4,9,5,4,0,0,0,0,0,0,2,2,0
MCMULLEN COUNTY,311,75 Years,15,14,1,10,9,1,0,0,0,0,0,0,5,5,0
MCMULLEN COUNTY,311,76 Years,9,6,3,5,3,2,0,0,0,0,0,0,4,3,1
MCMULLEN COUNTY,311,77 Years,16,4,12,11,1,10,0,0,0,0,0,0,5,3,2
MCMULLEN COUNTY,311,78 Years,16,5,11,15,5,10,0,0,0,0,0,0,1,0,1
MCMULLEN COUNTY,311,79 Years,12,6,6,11,5,6,1,1,0,0,0,0,0,0,0
MCMULLEN COUNTY,311,80 Years,9,6,3,8,6,2,0,0,0,0,0,0,1,0,1
MCMULLEN COUNTY,311,81 Years,5,4,1,3,3,0,0,0,0,0,0,0,2,1,1
MCMULLEN COUNTY,311,82 Years,12,5,7,10,4,6,0,0,0,0,0,0,2,1,1
MCMULLEN COUNTY,311,83 Years,14,6,8,11,5,6,1,0,1,0,0,0,2,1,1
MCMULLEN COUNTY,311,84 Years,12,6,6,10,5,5,0,0,0,1,1,0,1,0,1
MCMULLEN COUNTY,311,85 Years +,24,16,8,20,12,8,0,0,0,0,0,0,4,4,0
MADISON COUNTY,313,All Ages,14185,8127,6058,8119,4290,3829,2703,1769,934,354,173,181,3009,1895,1114
MADISON COUNTY,313,< 1 Year,152,77,75,71,36,35,21,10,11,16,8,8,44,23,21
MADISON COUNTY,313,1 Years,155,82,73,74,39,35,20,10,10,14,9,5,47,24,23
MADISON COUNTY,313,2 Years,158,84,74,73,40,33,22,12,10,15,10,5,48,22,26
MADISON COUNTY,313,3 Years,152,81,71,70,38,32,19,10,9,19,13,6,44,20,24
MADISON COUNTY,313,4 Years,161,83,78,73,39,34,21,11,10,24,11,13,43,22,21
MADISON COUNTY,313,5 Years,171,88,83,86,49,37,23,11,12,15,5,10,47,23,24
MADISON COUNTY,313,6 Years,159,79,80,87,47,40,21,8,13,16,5,11,35,19,16
MADISON COUNTY,313,7 Years,158,82,76,78,41,37,23,12,11,13,4,9,44,25,19
MADISON COUNTY,313,8 Years,163,84,79,80,42,38,34,17,17,9,4,5,40,21,19
MADISON COUNTY,313,9 Years,163,76,87,77,34,43,35,13,22,6,3,3,45,26,19
MADISON COUNTY,313,10 Years,159,83,76,81,44,37,29,12,17,8,3,5,41,24,17
MADISON COUNTY,313,11 Years,156,81,75,85,46,39,25,14,11,9,1,8,37,20,17
MADISON COUNTY,313,12 Years,156,73,83,83,41,42,27,10,17,7,0,7,39,22,17
MADISON COUNTY,313,13 Years,178,93,85,85,48,37,34,19,15,5,3,2,54,23,31
MADISON COUNTY,313,14 Years,172,94,78,87,50,37,29,17,12,5,4,1,51,23,28
MADISON COUNTY,313,15 Years,179,88,91,97,49,48,28,10,18,4,3,1,50,26,24
MADISON COUNTY,313,16 Years,189,93,96,93,49,44,35,9,26,3,2,1,58,33,25
MADISON COUNTY,313,17 Years,192,94,98,103,51,52,33,13,20,5,2,3,51,28,23
MADISON COUNTY,313,18 Years,191,110,81,92,51,41,35,23,12,5,4,1,59,32,27
MADISON COUNTY,313,19 Years,209,140,69,74,43,31,55,42,13,3,2,1,77,53,24
MADISON COUNTY,313,20 Years,219,139,80,91,48,43,42,30,12,3,2,1,83,59,24
MADISON COUNTY,313,21 Years,263,177,86,99,56,43,69,53,16,2,2,0,93,66,27
MADISON COUNTY,313,22 Years,285,202,83,98,60,38,80,63,17,3,2,1,104,77,27
MADISON COUNTY,313,23 Years,277,199,78,105,72,33,59,47,12,2,1,1,111,79,32
MADISON COUNTY,313,24 Years,310,238,72,113,77,36,93,84,9,1,0,1,103,77,26
MADISON COUNTY,313,25 Years,332,262,70,119,84,35,108,96,12,1,0,1,104,82,22
MADISON COUNTY,313,26 Years,310,236,74,121,78,43,96,80,16,1,1,0,92,77,15
MADISON COUNTY,313,27 Years,254,191,63,109,73,36,85,70,15,1,0,1,59,48,11
MADISON COUNTY,313,28 Years,254,189,65,112,71,41,65,55,10,1,1,0,76,62,14
MADISON COUNTY,313,29 Years,220,166,54,101,64,37,59,55,4,5,4,1,55,43,12
MADISON COUNTY,313,30 Years,208,149,59,103,65,38,57,48,9,5,3,2,43,33,10
MADISON COUNTY,313,31 Years,226,153,73,109,66,43,52,41,11,6,3,3,59,43,16
MADISON COUNTY,313,32 Years,201,127,74,89,48,41,62,48,14,3,1,2,47,30,17
MADISON COUNTY,313,33 Years,194,133,61,93,57,36,47,36,11,4,2,2,50,38,12
MADISON COUNTY,313,34 Years,197,135,62,95,57,38,58,48,10,2,1,1,42,29,13
MADISON COUNTY,313,35 Years,205,133,72,95,54,41,50,39,11,3,2,1,57,38,19
MADISON COUNTY,313,36 Years,172,100,72,89,46,43,40,27,13,4,1,3,39,26,13
MADISON COUNTY,313,37 Years,199,131,68,91,46,45,60,49,11,3,1,2,45,35,10
MADISON COUNTY,313,38 Years,171,113,58,93,57,36,36,30,6,5,3,2,37,23,14
MADISON COUNTY,313,39 Years,161,102,59,83,48,35,33,27,6,4,3,1,41,24,17
MADISON COUNTY,313,40 Years,165,99,66,93,58,35,26,14,12,4,2,2,42,25,17
MADISON COUNTY,313,41 Years,180,106,74,99,53,46,40,26,14,1,1,0,40,26,14
MADISON COUNTY,313,42 Years,178,110,68,95,55,40,35,22,13,0,0,0,48,33,15
MADISON COUNTY,313,43 Years,165,93,72,84,41,43,30,22,8,3,1,2,48,29,19
MADISON COUNTY,313,44 Years,181,112,69,108,63,45,33,27,6,6,3,3,34,19,15
MADISON COUNTY,313,45 Years,182,101,81,118,63,55,34,23,11,1,0,1,29,15,14
MADISON COUNTY,313,46 Years,168,92,76,94,48,46,36,22,14,1,1,0,37,21,16
MADISON COUNTY,313,47 Years,162,93,69,97,54,43,31,18,13,5,3,2,29,18,11
MADISON COUNTY,313,48 Years,137,72,65,97,53,44,14,5,9,1,1,0,25,13,12
MADISON COUNTY,313,49 Years,140,73,67,99,51,48,19,8,11,2,2,0,20,12,8
MADISON COUNTY,313,50 Years,135,70,65,84,42,42,20,8,12,1,1,0,30,19,11
MADISON COUNTY,313,51 Years,153,75,78,91,44,47,28,17,11,5,2,3,29,12,17
MADISON COUNTY,313,52 Years,142,75,67,94,51,43,23,12,11,4,2,2,21,10,11
MADISON COUNTY,313,53 Years,148,69,79,106,46,60,15,7,8,2,1,1,25,15,10
MADISON COUNTY,313,54 Years,142,64,78,101,41,60,18,10,8,2,1,1,21,12,9
MADISON COUNTY,313,55 Years,153,72,81,111,48,63,25,14,11,1,1,0,16,9,7
MADISON COUNTY,313,56 Years,158,70,88,128,59,69,14,3,11,3,3,0,13,5,8
MADISON COUNTY,313,57 Years,160,78,82,137,70,67,6,0,6,2,1,1,15,7,8
MADISON COUNTY,313,58 Years,159,78,81,116,61,55,28,11,17,4,3,1,11,3,8
MADISON COUNTY,313,59 Years,147,75,72,113,60,53,21,7,14,2,1,1,11,7,4
MADISON COUNTY,313,60 Years,164,79,85,118,55,63,29,18,11,3,1,2,14,5,9
MADISON COUNTY,313,61 Years,166,78,88,117,58,59,27,11,16,4,1,3,18,8,10
MADISON COUNTY,313,62 Years,158,80,78,108,50,58,30,18,12,1,0,1,19,12,7
MADISON COUNTY,313,63 Years,138,61,77,107,45,62,18,11,7,3,0,3,10,5,5
MADISON COUNTY,313,64 Years,149,68,81,113,48,65,27,17,10,1,0,1,8,3,5
MADISON COUNTY,313,65 Years,143,69,74,116,54,62,17,11,6,1,0,1,9,4,5
MADISON COUNTY,313,66 Years,158,77,81,124,62,62,21,9,12,4,1,3,9,5,4
MADISON COUNTY,313,67 Years,146,69,77,127,62,65,13,4,9,1,0,1,5,3,2
MADISON COUNTY,313,68 Years,144,73,71,121,60,61,9,4,5,6,4,2,8,5,3
MADISON COUNTY,313,69 Years,122,62,60,100,49,51,12,8,4,4,2,2,6,3,3
MADISON COUNTY,313,70 Years,115,49,66,93,40,53,17,8,9,2,1,1,3,0,3
MADISON COUNTY,313,71 Years,116,55,61,101,46,55,11,6,5,0,0,0,4,3,1
MADISON COUNTY,313,72 Years,113,50,63,91,38,53,15,8,7,2,2,0,5,2,3
MADISON COUNTY,313,73 Years,113,57,56,92,48,44,11,5,6,2,0,2,8,4,4
MADISON COUNTY,313,74 Years,112,60,52,99,53,46,6,3,3,2,1,1,5,3,2
MADISON COUNTY,313,75 Years,115,58,57,98,50,48,12,6,6,1,0,1,4,2,2
MADISON COUNTY,313,76 Years,98,50,48,75,41,34,15,6,9,2,0,2,6,3,3
MADISON COUNTY,313,77 Years,79,41,38,64,36,28,7,1,6,1,0,1,7,4,3
MADISON COUNTY,313,78 Years,72,27,45,59,24,35,9,2,7,0,0,0,4,1,3
MADISON COUNTY,313,79 Years,72,34,38,60,27,33,8,5,3,1,0,1,3,2,1
MADISON COUNTY,313,80 Years,65,29,36,55,24,31,9,4,5,0,0,0,1,1,0
MADISON COUNTY,313,81 Years,57,26,31,50,23,27,5,2,3,0,0,0,2,1,1
MADISON COUNTY,313,82 Years,48,24,24,40,21,19,5,2,3,0,0,0,3,1,2
MADISON COUNTY,313,83 Years,45,20,25,34,17,17,10,3,7,0,0,0,1,0,1
MADISON COUNTY,313,84 Years,44,23,21,32,17,15,11,5,6,0,0,0,1,1,0
MADISON COUNTY,313,85 Years +,247,91,156,203,77,126,33,7,26,3,1,2,8,6,2
MARION COUNTY,315,All Ages,10350,5111,5239,7272,3653,3619,2336,1096,1240,378,183,195,364,179,185
MARION COUNTY,315,< 1 Year,96,51,45,54,26,28,22,15,7,16,9,7,4,1,3
MARION COUNTY,315,1 Years,97,48,49,55,24,31,24,14,10,12,7,5,6,3,3
MARION COUNTY,315,2 Years,100,45,55,54,23,31,27,14,13,10,5,5,9,3,6
MARION COUNTY,315,3 Years,102,45,57,54,23,31,24,12,12,12,5,7,12,5,7
MARION COUNTY,315,4 Years,101,48,53,53,26,27,24,11,13,12,5,7,12,6,6
MARION COUNTY,315,5 Years,113,55,58,59,26,33,34,19,15,11,3,8,9,7,2
MARION COUNTY,315,6 Years,101,54,47,57,27,30,30,18,12,7,3,4,7,6,1
MARION COUNTY,315,7 Years,116,61,55,72,38,34,23,12,11,9,7,2,12,4,8
MARION COUNTY,315,8 Years,102,49,53,67,33,34,22,11,11,5,2,3,8,3,5
MARION COUNTY,315,9 Years,102,53,49,65,34,31,24,13,11,5,3,2,8,3,5
MARION COUNTY,315,10 Years,95,46,49,61,29,32,23,12,11,5,3,2,6,2,4
MARION COUNTY,315,11 Years,89,48,41,57,33,24,22,11,11,4,2,2,6,2,4
MARION COUNTY,315,12 Years,95,50,45,69,35,34,20,13,7,2,1,1,4,1,3
MARION COUNTY,315,13 Years,101,52,49,66,37,29,28,13,15,2,1,1,5,1,4
MARION COUNTY,315,14 Years,99,56,43,64,40,24,25,11,14,6,3,3,4,2,2
MARION COUNTY,315,15 Years,102,52,50,60,32,28,31,13,18,6,4,2,5,3,2
MARION COUNTY,315,16 Years,109,62,47,59,34,25,40,21,19,3,2,1,7,5,2
MARION COUNTY,315,17 Years,124,77,47,77,50,27,34,17,17,5,4,1,8,6,2
MARION COUNTY,315,18 Years,109,60,49,75,45,30,22,8,14,7,4,3,5,3,2
MARION COUNTY,315,19 Years,101,55,46,60,33,27,27,13,14,5,3,2,9,6,3
MARION COUNTY,315,20 Years,101,57,44,49,27,22,35,19,16,5,3,2,12,8,4
MARION COUNTY,315,21 Years,100,49,51,58,26,32,27,12,15,6,3,3,9,8,1
MARION COUNTY,315,22 Years,105,56,49,66,37,29,26,12,14,6,3,3,7,4,3
MARION COUNTY,315,23 Years,115,64,51,77,43,34,29,17,12,4,2,2,5,2,3
MARION COUNTY,315,24 Years,106,57,49,78,44,34,21,9,12,2,2,0,5,2,3
MARION COUNTY,315,25 Years,88,42,46,63,33,30,20,8,12,0,0,0,5,1,4
MARION COUNTY,315,26 Years,80,41,39,47,25,22,26,12,14,3,1,2,4,3,1
MARION COUNTY,315,27 Years,98,49,49,62,34,28,23,10,13,5,3,2,8,2,6
MARION COUNTY,315,28 Years,99,45,54,65,33,32,24,8,16,5,2,3,5,2,3
MARION COUNTY,315,29 Years,94,49,45,69,38,31,19,8,11,3,1,2,3,2,1
MARION COUNTY,315,30 Years,75,33,42,60,28,32,12,4,8,2,1,1,1,0,1
MARION COUNTY,315,31 Years,77,35,42,55,26,29,13,6,7,4,1,3,5,2,3
MARION COUNTY,315,32 Years,89,37,52,49,21,28,27,10,17,7,2,5,6,4,2
MARION COUNTY,315,33 Years,88,37,51,55,25,30,25,10,15,3,1,2,5,1,4
MARION COUNTY,315,34 Years,83,42,41,56,28,28,22,11,11,3,2,1,2,1,1
MARION COUNTY,315,35 Years,95,45,50,63,28,35,26,12,14,5,4,1,1,1,0
MARION COUNTY,315,36 Years,80,36,44,57,26,31,18,8,10,2,1,1,3,1,2
MARION COUNTY,315,37 Years,73,32,41,55,25,30,16,6,10,0,0,0,2,1,1
MARION COUNTY,315,38 Years,94,51,43,64,35,29,21,11,10,5,3,2,4,2,2
MARION COUNTY,315,39 Years,93,48,45,66,36,30,19,9,10,2,1,1,6,2,4
MARION COUNTY,315,40 Years,77,37,40,55,27,28,14,6,8,3,2,1,5,2,3
MARION COUNTY,315,41 Years,85,46,39,64,33,31,15,9,6,3,1,2,3,3,0
MARION COUNTY,315,42 Years,95,46,49,68,37,31,19,5,14,2,1,1,6,3,3
MARION COUNTY,315,43 Years,101,39,62,72,30,42,17,5,12,3,0,3,9,4,5
MARION COUNTY,315,44 Years,118,57,61,83,42,41,24,12,12,6,1,5,5,2,3
MARION COUNTY,315,45 Years,113,59,54,78,42,36,28,16,12,3,1,2,4,0,4
MARION COUNTY,315,46 Years,110,54,56,77,39,38,28,14,14,3,0,3,2,1,1
MARION COUNTY,315,47 Years,116,60,56,85,46,39,26,11,15,3,1,2,2,2,0
MARION COUNTY,315,48 Years,133,67,66,95,48,47,31,15,16,3,1,2,4,3,1
MARION COUNTY,315,49 Years,154,79,75,105,54,51,37,18,19,6,3,3,6,4,2
MARION COUNTY,315,50 Years,152,80,72,110,58,52,34,17,17,5,3,2,3,2,1
MARION COUNTY,315,51 Years,154,81,73,113,59,54,35,19,16,4,2,2,2,1,1
MARION COUNTY,315,52 Years,159,78,81,117,57,60,34,18,16,6,2,4,2,1,1
MARION COUNTY,315,53 Years,178,86,92,133,66,67,37,17,20,3,2,1,5,1,4
MARION COUNTY,315,54 Years,188,86,102,140,71,69,39,12,27,6,3,3,3,0,3
MARION COUNTY,315,55 Years,207,106,101,150,82,68,48,20,28,6,4,2,3,0,3
MARION COUNTY,315,56 Years,198,95,103,142,70,72,48,19,29,4,3,1,4,3,1
MARION COUNTY,315,57 Years,180,84,96,129,63,66,41,16,25,5,2,3,5,3,2
MARION COUNTY,315,58 Years,174,94,80,121,65,56,41,21,20,5,2,3,7,6,1
MARION COUNTY,315,59 Years,167,91,76,120,61,59,37,24,13,6,4,2,4,2,2
MARION COUNTY,315,60 Years,177,88,89,130,62,68,37,21,16,7,4,3,3,1,2
MARION COUNTY,315,61 Years,185,81,104,134,58,76,46,21,25,5,2,3,0,0,0
MARION COUNTY,315,62 Years,170,83,87,123,59,64,41,22,19,3,0,3,3,2,1
MARION COUNTY,315,63 Years,166,81,85,127,63,64,35,16,19,3,2,1,1,0,1
MARION COUNTY,315,64 Years,183,86,97,130,64,66,48,21,27,5,1,4,0,0,0
MARION COUNTY,315,65 Years,194,101,93,136,71,65,51,26,25,5,3,2,2,1,1
MARION COUNTY,315,66 Years,193,99,94,144,76,68,41,18,23,4,2,2,4,3,1
MARION COUNTY,315,67 Years,204,95,109,163,77,86,34,14,20,3,2,1,4,2,2
MARION COUNTY,315,68 Years,211,101,110,168,82,86,36,16,20,5,3,2,2,0,2
MARION COUNTY,315,69 Years,179,86,93,141,69,72,34,16,18,3,1,2,1,0,1
MARION COUNTY,315,70 Years,150,75,75,115,60,55,31,14,17,4,1,3,0,0,0
MARION COUNTY,315,71 Years,143,71,72,117,57,60,23,12,11,2,2,0,1,0,1
MARION COUNTY,315,72 Years,132,67,65,109,54,55,20,11,9,3,2,1,0,0,0
MARION COUNTY,315,73 Years,130,67,63,99,52,47,26,13,13,3,1,2,2,1,1
MARION COUNTY,315,74 Years,135,62,73,108,51,57,23,9,14,3,1,2,1,1,0
MARION COUNTY,315,75 Years,117,62,55,96,52,44,20,10,10,0,0,0,1,0,1
MARION COUNTY,315,76 Years,111,53,58,88,44,44,21,9,12,1,0,1,1,0,1
MARION COUNTY,315,77 Years,99,46,53,77,39,38,18,6,12,3,1,2,1,0,1
MARION COUNTY,315,78 Years,79,31,48,63,25,38,14,6,8,1,0,1,1,0,1
MARION COUNTY,315,79 Years,98,40,58,80,33,47,15,6,9,2,1,1,1,0,1
MARION COUNTY,315,80 Years,69,37,32,48,28,20,16,6,10,2,1,1,3,2,1
MARION COUNTY,315,81 Years,70,34,36,52,26,26,15,6,9,2,1,1,1,1,0
MARION COUNTY,315,82 Years,59,25,34,45,20,25,13,5,8,1,0,1,0,0,0
MARION COUNTY,315,83 Years,59,29,30,47,24,23,10,4,6,1,0,1,1,1,0
MARION COUNTY,315,84 Years,47,21,26,37,17,20,10,4,6,0,0,0,0,0,0
MARION COUNTY,315,85 Years +,244,93,151,186,74,112,50,17,33,6,2,4,2,0,2
MARTIN COUNTY,317,All Ages,5552,2828,2724,2898,1473,1425,75,33,42,81,43,38,2498,1279,1219
MARTIN COUNTY,317,< 1 Year,96,51,45,40,22,18,0,0,0,3,2,1,53,27,26
MARTIN COUNTY,317,1 Years,100,56,44,43,24,19,0,0,0,3,2,1,54,30,24
MARTIN COUNTY,317,2 Years,93,53,40,41,23,18,0,0,0,2,1,1,50,29,21
MARTIN COUNTY,317,3 Years,81,46,35,35,18,17,0,0,0,2,1,1,44,27,17
MARTIN COUNTY,317,4 Years,76,42,34,35,18,17,0,0,0,1,1,0,40,23,17
MARTIN COUNTY,317,5 Years,86,47,39,38,23,15,4,2,2,0,0,0,44,22,22
MARTIN COUNTY,317,6 Years,86,44,42,36,19,17,4,3,1,2,1,1,44,21,23
MARTIN COUNTY,317,7 Years,79,39,40,33,18,15,3,1,2,2,1,1,41,19,22
MARTIN COUNTY,317,8 Years,84,47,37,36,19,17,2,0,2,3,2,1,43,26,17
MARTIN COUNTY,317,9 Years,83,45,38,34,18,16,2,1,1,1,0,1,46,26,20
MARTIN COUNTY,317,10 Years,87,50,37,36,18,18,2,2,0,0,0,0,49,30,19
MARTIN COUNTY,317,11 Years,88,48,40,37,18,19,3,1,2,0,0,0,48,29,19
MARTIN COUNTY,317,12 Years,86,42,44,37,18,19,1,0,1,1,1,0,47,23,24
MARTIN COUNTY,317,13 Years,76,39,37,32,19,13,0,0,0,3,1,2,41,19,22
MARTIN COUNTY,317,14 Years,88,46,42,38,22,16,0,0,0,2,0,2,48,24,24
MARTIN COUNTY,317,15 Years,86,40,46,39,20,19,1,0,1,3,1,2,43,19,24
MARTIN COUNTY,317,16 Years,86,43,43,37,23,14,2,0,2,4,2,2,43,18,25
MARTIN COUNTY,317,17 Years,87,45,42,42,22,20,1,0,1,1,1,0,43,22,21
MARTIN COUNTY,317,18 Years,85,42,43,45,21,24,0,0,0,0,0,0,40,21,19
MARTIN COUNTY,317,19 Years,80,44,36,39,22,17,0,0,0,1,0,1,40,22,18
MARTIN COUNTY,317,20 Years,76,39,37,36,18,18,0,0,0,1,1,0,39,20,19
MARTIN COUNTY,317,21 Years,79,44,35,33,19,14,0,0,0,3,3,0,43,22,21
MARTIN COUNTY,317,22 Years,100,51,49,51,28,23,1,0,1,1,1,0,47,22,25
MARTIN COUNTY,317,23 Years,86,44,42,35,19,16,0,0,0,3,2,1,48,23,25
MARTIN COUNTY,317,24 Years,70,35,35,35,17,18,2,0,2,2,2,0,31,16,15
MARTIN COUNTY,317,25 Years,72,39,33,27,15,12,3,0,3,1,0,1,41,24,17
MARTIN COUNTY,317,26 Years,63,33,30,24,14,10,2,0,2,0,0,0,37,19,18
MARTIN COUNTY,317,27 Years,54,28,26,26,14,12,1,0,1,0,0,0,27,14,13
MARTIN COUNTY,317,28 Years,65,28,37,25,12,13,2,1,1,0,0,0,38,15,23
MARTIN COUNTY,317,29 Years,65,27,38,27,13,14,3,0,3,0,0,0,35,14,21
MARTIN COUNTY,317,30 Years,72,33,39,32,17,15,2,1,1,0,0,0,38,15,23
MARTIN COUNTY,317,31 Years,75,39,36,38,22,16,1,1,0,1,0,1,35,16,19
MARTIN COUNTY,317,32 Years,66,36,30,37,22,15,1,1,0,1,0,1,27,13,14
MARTIN COUNTY,317,33 Years,58,30,28,34,16,18,1,1,0,0,0,0,23,13,10
MARTIN COUNTY,317,34 Years,50,22,28,29,11,18,0,0,0,1,0,1,20,11,9
MARTIN COUNTY,317,35 Years,66,37,29,34,17,17,1,1,0,0,0,0,31,19,12
MARTIN COUNTY,317,36 Years,66,37,29,29,13,16,0,0,0,0,0,0,37,24,13
MARTIN COUNTY,317,37 Years,54,25,29,26,13,13,0,0,0,0,0,0,28,12,16
MARTIN COUNTY,317,38 Years,54,29,25,24,13,11,1,1,0,0,0,0,29,15,14
MARTIN COUNTY,317,39 Years,53,29,24,23,12,11,0,0,0,0,0,0,30,17,13
MARTIN COUNTY,317,40 Years,55,28,27,28,14,14,1,1,0,0,0,0,26,13,13
MARTIN COUNTY,317,41 Years,65,32,33,28,12,16,1,1,0,0,0,0,36,19,17
MARTIN COUNTY,317,42 Years,67,35,32,34,14,20,0,0,0,0,0,0,33,21,12
MARTIN COUNTY,317,43 Years,71,33,38,33,15,18,1,1,0,0,0,0,37,17,20
MARTIN COUNTY,317,44 Years,68,34,34,38,16,22,2,1,1,0,0,0,28,17,11
MARTIN COUNTY,317,45 Years,62,33,29,41,21,20,1,1,0,0,0,0,20,11,9
MARTIN COUNTY,317,46 Years,64,32,32,31,17,14,0,0,0,0,0,0,33,15,18
MARTIN COUNTY,317,47 Years,71,31,40,31,13,18,1,1,0,0,0,0,39,17,22
MARTIN COUNTY,317,48 Years,61,29,32,26,12,14,1,1,0,0,0,0,34,16,18
MARTIN COUNTY,317,49 Years,72,40,32,34,21,13,0,0,0,2,1,1,36,18,18
MARTIN COUNTY,317,50 Years,71,40,31,42,23,19,0,0,0,1,1,0,28,16,12
MARTIN COUNTY,317,51 Years,85,47,38,51,29,22,0,0,0,1,1,0,33,17,16
MARTIN COUNTY,317,52 Years,79,41,38,41,22,19,1,0,1,1,1,0,36,18,18
MARTIN COUNTY,317,53 Years,79,40,39,49,27,22,2,1,1,2,1,1,26,11,15
MARTIN COUNTY,317,54 Years,69,34,35,48,26,22,1,1,0,2,1,1,18,6,12
MARTIN COUNTY,317,55 Years,80,39,41,47,19,28,0,0,0,1,1,0,32,19,13
MARTIN COUNTY,317,56 Years,62,27,35,41,17,24,0,0,0,0,0,0,21,10,11
MARTIN COUNTY,317,57 Years,73,32,41,50,21,29,1,1,0,0,0,0,22,10,12
MARTIN COUNTY,317,58 Years,75,34,41,50,24,26,1,0,1,0,0,0,24,10,14
MARTIN COUNTY,317,59 Years,68,34,34,43,23,20,1,0,1,1,1,0,23,10,13
MARTIN COUNTY,317,60 Years,66,40,26,41,25,16,1,1,0,2,2,0,22,12,10
MARTIN COUNTY,317,61 Years,67,36,31,48,27,21,0,0,0,1,0,1,18,9,9
MARTIN COUNTY,317,62 Years,59,32,27,43,21,22,0,0,0,2,2,0,14,9,5
MARTIN COUNTY,317,63 Years,55,25,30,36,16,20,1,0,1,3,1,2,15,8,7
MARTIN COUNTY,317,64 Years,53,26,27,32,15,17,0,0,0,3,0,3,18,11,7
MARTIN COUNTY,317,65 Years,57,33,24,40,25,15,0,0,0,1,0,1,16,8,8
MARTIN COUNTY,317,66 Years,56,30,26,37,21,16,1,0,1,2,2,0,16,7,9
MARTIN COUNTY,317,67 Years,52,25,27,34,19,15,0,0,0,2,0,2,16,6,10
MARTIN COUNTY,317,68 Years,51,24,27,32,17,15,2,2,0,2,1,1,15,4,11
MARTIN COUNTY,317,69 Years,48,19,29,27,11,16,2,2,0,0,0,0,19,6,13
MARTIN COUNTY,317,70 Years,56,28,28,35,16,19,0,0,0,0,0,0,21,12,9
MARTIN COUNTY,317,71 Years,52,26,26,32,17,15,1,0,1,2,1,1,17,8,9
MARTIN COUNTY,317,72 Years,42,17,25,23,7,16,1,0,1,0,0,0,18,10,8
MARTIN COUNTY,317,73 Years,33,13,20,23,8,15,0,0,0,0,0,0,10,5,5
MARTIN COUNTY,317,74 Years,31,13,18,19,8,11,2,1,1,0,0,0,10,4,6
MARTIN COUNTY,317,75 Years,29,12,17,19,7,12,0,0,0,1,0,1,9,5,4
MARTIN COUNTY,317,76 Years,33,16,17,23,11,12,0,0,0,0,0,0,10,5,5
MARTIN COUNTY,317,77 Years,28,15,13,20,10,10,0,0,0,0,0,0,8,5,3
MARTIN COUNTY,317,78 Years,29,13,16,18,7,11,0,0,0,0,0,0,11,6,5
MARTIN COUNTY,317,79 Years,27,14,13,17,9,8,0,0,0,0,0,0,10,5,5
MARTIN COUNTY,317,80 Years,25,13,12,16,8,8,0,0,0,0,0,0,9,5,4
MARTIN COUNTY,317,81 Years,21,10,11,18,8,10,0,0,0,0,0,0,3,2,1
MARTIN COUNTY,317,82 Years,17,10,7,13,7,6,0,0,0,0,0,0,4,3,1
MARTIN COUNTY,317,83 Years,14,8,6,12,6,6,0,0,0,0,0,0,2,2,0
MARTIN COUNTY,317,84 Years,14,6,8,11,4,7,0,0,0,1,0,1,2,2,0
MARTIN COUNTY,317,85 Years +,83,35,48,65,27,38,3,0,3,0,0,0,15,8,7
MASON COUNTY,319,All Ages,4108,2027,2081,3093,1483,1610,12,7,5,43,26,17,960,511,449
MASON COUNTY,319,< 1 Year,40,20,20,20,10,10,0,0,0,0,0,0,20,10,10
MASON COUNTY,319,1 Years,36,19,17,19,10,9,0,0,0,0,0,0,17,9,8
MASON COUNTY,319,2 Years,36,17,19,17,8,9,0,0,0,0,0,0,19,9,10
MASON COUNTY,319,3 Years,39,18,21,22,10,12,0,0,0,0,0,0,17,8,9
MASON COUNTY,319,4 Years,37,20,17,23,11,12,0,0,0,0,0,0,14,9,5
MASON COUNTY,319,5 Years,31,18,13,19,10,9,1,1,0,0,0,0,11,7,4
MASON COUNTY,319,6 Years,37,20,17,26,13,13,1,1,0,0,0,0,10,6,4
MASON COUNTY,319,7 Years,46,23,23,29,15,14,0,0,0,1,0,1,16,8,8
MASON COUNTY,319,8 Years,44,25,19,30,15,15,0,0,0,1,1,0,13,9,4
MASON COUNTY,319,9 Years,41,24,17,26,15,11,0,0,0,0,0,0,15,9,6
MASON COUNTY,319,10 Years,42,21,21,25,12,13,1,1,0,0,0,0,16,8,8
MASON COUNTY,319,11 Years,42,21,21,33,16,17,1,0,1,0,0,0,8,5,3
MASON COUNTY,319,12 Years,46,25,21,29,16,13,0,0,0,1,1,0,16,8,8
MASON COUNTY,319,13 Years,58,29,29,45,21,24,0,0,0,0,0,0,13,8,5
MASON COUNTY,319,14 Years,42,19,23,31,15,16,0,0,0,1,1,0,10,3,7
MASON COUNTY,319,15 Years,54,29,25,37,20,17,0,0,0,1,1,0,16,8,8
MASON COUNTY,319,16 Years,70,28,42,50,21,29,0,0,0,0,0,0,20,7,13
MASON COUNTY,319,17 Years,54,24,30,40,17,23,1,0,1,1,0,1,12,7,5
MASON COUNTY,319,18 Years,49,23,26,28,11,17,0,0,0,2,1,1,19,11,8
MASON COUNTY,319,19 Years,50,26,24,28,14,14,0,0,0,1,0,1,21,12,9
MASON COUNTY,319,20 Years,49,30,19,29,17,12,0,0,0,1,0,1,19,13,6
MASON COUNTY,319,21 Years,45,24,21,28,16,12,0,0,0,0,0,0,17,8,9
MASON COUNTY,319,22 Years,45,29,16,27,16,11,0,0,0,2,2,0,16,11,5
MASON COUNTY,319,23 Years,47,26,21,29,13,16,2,2,0,0,0,0,16,11,5
MASON COUNTY,319,24 Years,37,22,15,22,12,10,0,0,0,0,0,0,15,10,5
MASON COUNTY,319,25 Years,23,15,8,15,9,6,0,0,0,1,1,0,7,5,2
MASON COUNTY,319,26 Years,28,17,11,16,10,6,0,0,0,1,1,0,11,6,5
MASON COUNTY,319,27 Years,31,18,13,20,13,7,0,0,0,0,0,0,11,5,6
MASON COUNTY,319,28 Years,35,23,12,19,10,9,0,0,0,0,0,0,16,13,3
MASON COUNTY,319,29 Years,22,14,8,13,7,6,0,0,0,0,0,0,9,7,2
MASON COUNTY,319,30 Years,27,12,15,15,6,9,0,0,0,0,0,0,12,6,6
MASON COUNTY,319,31 Years,23,12,11,15,8,7,0,0,0,0,0,0,8,4,4
MASON COUNTY,319,32 Years,21,8,13,13,4,9,1,0,1,0,0,0,7,4,3
MASON COUNTY,319,33 Years,29,12,17,21,8,13,0,0,0,0,0,0,8,4,4
MASON COUNTY,319,34 Years,35,15,20,25,10,15,0,0,0,1,0,1,9,5,4
MASON COUNTY,319,35 Years,27,12,15,19,8,11,0,0,0,1,0,1,7,4,3
MASON COUNTY,319,36 Years,29,11,18,21,8,13,0,0,0,0,0,0,8,3,5
MASON COUNTY,319,37 Years,30,10,20,25,8,17,0,0,0,0,0,0,5,2,3
MASON COUNTY,319,38 Years,40,18,22,30,14,16,0,0,0,1,1,0,9,3,6
MASON COUNTY,319,39 Years,49,27,22,34,20,14,0,0,0,1,1,0,14,6,8
MASON COUNTY,319,40 Years,32,21,11,22,17,5,0,0,0,0,0,0,10,4,6
MASON COUNTY,319,41 Years,32,18,14,22,12,10,0,0,0,0,0,0,10,6,4
MASON COUNTY,319,42 Years,39,21,18,28,14,14,1,1,0,1,1,0,9,5,4
MASON COUNTY,319,43 Years,44,21,23,36,17,19,0,0,0,1,1,0,7,3,4
MASON COUNTY,319,44 Years,44,20,24,28,13,15,0,0,0,1,0,1,15,7,8
MASON COUNTY,319,45 Years,50,26,24,34,18,16,0,0,0,2,2,0,14,6,8
MASON COUNTY,319,46 Years,43,22,21,29,15,14,0,0,0,1,1,0,13,6,7
MASON COUNTY,319,47 Years,40,18,22,29,13,16,0,0,0,0,0,0,11,5,6
MASON COUNTY,319,48 Years,45,21,24,29,16,13,1,0,1,0,0,0,15,5,10
MASON COUNTY,319,49 Years,49,26,23,31,16,15,0,0,0,0,0,0,18,10,8
MASON COUNTY,319,50 Years,42,17,25,26,10,16,0,0,0,0,0,0,16,7,9
MASON COUNTY,319,51 Years,46,20,26,32,13,19,0,0,0,0,0,0,14,7,7
MASON COUNTY,319,52 Years,61,25,36,42,16,26,0,0,0,1,0,1,18,9,9
MASON COUNTY,319,53 Years,68,32,36,50,23,27,1,1,0,1,0,1,16,8,8
MASON COUNTY,319,54 Years,71,40,31,50,26,24,0,0,0,1,1,0,20,13,7
MASON COUNTY,319,55 Years,66,40,26,52,34,18,0,0,0,1,1,0,13,5,8
MASON COUNTY,319,56 Years,62,34,28,52,28,24,0,0,0,0,0,0,10,6,4
MASON COUNTY,319,57 Years,73,35,38,60,30,30,0,0,0,0,0,0,13,5,8
MASON COUNTY,319,58 Years,74,37,37,64,32,32,0,0,0,0,0,0,10,5,5
MASON COUNTY,319,59 Years,63,30,33,45,19,26,0,0,0,0,0,0,18,11,7
MASON COUNTY,319,60 Years,56,28,28,45,21,24,0,0,0,1,1,0,10,6,4
MASON COUNTY,319,61 Years,66,34,32,55,27,28,0,0,0,0,0,0,11,7,4
MASON COUNTY,319,62 Years,64,32,32,55,27,28,0,0,0,0,0,0,9,5,4
MASON COUNTY,319,63 Years,66,33,33,60,29,31,0,0,0,0,0,0,6,4,2
MASON COUNTY,319,64 Years,67,31,36,59,26,33,0,0,0,0,0,0,8,5,3
MASON COUNTY,319,65 Years,71,34,37,67,31,36,0,0,0,0,0,0,4,3,1
MASON COUNTY,319,66 Years,79,34,45,72,29,43,0,0,0,1,1,0,6,4,2
MASON COUNTY,319,67 Years,74,34,40,66,30,36,0,0,0,1,0,1,7,4,3
MASON COUNTY,319,68 Years,91,45,46,81,41,40,0,0,0,0,0,0,10,4,6
MASON COUNTY,319,69 Years,75,34,41,64,33,31,0,0,0,1,0,1,10,1,9
MASON COUNTY,319,70 Years,72,34,38,65,31,34,0,0,0,0,0,0,7,3,4
MASON COUNTY,319,71 Years,71,30,41,63,27,36,0,0,0,1,0,1,7,3,4
MASON COUNTY,319,72 Years,62,24,38,57,23,34,0,0,0,1,0,1,4,1,3
MASON COUNTY,319,73 Years,66,32,34,58,26,32,0,0,0,1,1,0,7,5,2
MASON COUNTY,319,74 Years,58,31,27,52,27,25,0,0,0,1,1,0,5,3,2
MASON COUNTY,319,75 Years,56,25,31,48,19,29,0,0,0,1,1,0,7,5,2
MASON COUNTY,319,76 Years,42,21,21,38,18,20,0,0,0,0,0,0,4,3,1
MASON COUNTY,319,77 Years,36,15,21,31,13,18,0,0,0,1,0,1,4,2,2
MASON COUNTY,319,78 Years,40,21,19,35,19,16,0,0,0,0,0,0,5,2,3
MASON COUNTY,319,79 Years,36,21,15,28,16,12,0,0,0,1,1,0,7,4,3
MASON COUNTY,319,80 Years,35,16,19,30,12,18,0,0,0,1,1,0,4,3,1
MASON COUNTY,319,81 Years,32,17,15,28,14,14,0,0,0,1,1,0,3,2,1
MASON COUNTY,319,82 Years,22,11,11,19,9,10,0,0,0,0,0,0,3,2,1
MASON COUNTY,319,83 Years,23,10,13,20,8,12,0,0,0,0,0,0,3,2,1
MASON COUNTY,319,84 Years,18,7,11,16,7,9,0,0,0,0,0,0,2,0,2
MASON COUNTY,319,85 Years +,120,45,75,107,41,66,1,0,1,2,0,2,10,4,6
MATAGORDA COUNTY,321,All Ages,36643,18470,18173,16324,8176,8148,4014,1920,2094,1181,599,582,15124,7775,7349
MATAGORDA COUNTY,321,< 1 Year,527,271,256,146,76,70,53,25,28,6,3,3,322,167,155
MATAGORDA COUNTY,321,1 Years,526,276,250,147,78,69,54,26,28,7,4,3,318,168,150
MATAGORDA COUNTY,321,2 Years,514,266,248,146,77,69,57,27,30,6,3,3,305,159,146
MATAGORDA COUNTY,321,3 Years,508,256,252,148,74,74,52,25,27,9,5,4,299,152,147
MATAGORDA COUNTY,321,4 Years,517,255,262,146,71,75,62,29,33,7,4,3,302,151,151
MATAGORDA COUNTY,321,5 Years,507,241,266,140,74,66,60,24,36,15,6,9,292,137,155
MATAGORDA COUNTY,321,6 Years,482,263,219,133,68,65,47,25,22,24,12,12,278,158,120
MATAGORDA COUNTY,321,7 Years,498,254,244,154,74,80,45,23,22,19,10,9,280,147,133
MATAGORDA COUNTY,321,8 Years,519,269,250,144,70,74,61,33,28,20,10,10,294,156,138
MATAGORDA COUNTY,321,9 Years,498,260,238,141,77,64,46,22,24,20,9,11,291,152,139
MATAGORDA COUNTY,321,10 Years,499,260,239,151,74,77,43,21,22,21,12,9,284,153,131
MATAGORDA COUNTY,321,11 Years,474,245,229,147,70,77,39,21,18,20,11,9,268,143,125
MATAGORDA COUNTY,321,12 Years,525,284,241,183,102,81,46,23,23,23,12,11,273,147,126
MATAGORDA COUNTY,321,13 Years,496,273,223,175,93,82,51,31,20,19,8,11,251,141,110
MATAGORDA COUNTY,321,14 Years,528,283,245,181,93,88,48,31,17,22,12,10,277,147,130
MATAGORDA COUNTY,321,15 Years,538,285,253,170,87,83,51,32,19,24,13,11,293,153,140
MATAGORDA COUNTY,321,16 Years,523,274,249,168,90,78,61,31,30,28,15,13,266,138,128
MATAGORDA COUNTY,321,17 Years,542,289,253,175,89,86,64,38,26,19,11,8,284,151,133
MATAGORDA COUNTY,321,18 Years,511,264,247,167,89,78,62,30,32,17,8,9,265,137,128
MATAGORDA COUNTY,321,19 Years,497,254,243,145,72,73,59,28,31,22,13,9,271,141,130
MATAGORDA COUNTY,321,20 Years,483,265,218,157,86,71,58,28,30,19,11,8,249,140,109
MATAGORDA COUNTY,321,21 Years,493,254,239,148,74,74,62,32,30,23,10,13,260,138,122
MATAGORDA COUNTY,321,22 Years,552,288,264,175,91,84,71,39,32,26,14,12,280,144,136
MATAGORDA COUNTY,321,23 Years,518,265,253,171,78,93,58,34,24,22,13,9,267,140,127
MATAGORDA COUNTY,321,24 Years,463,257,206,149,85,64,55,30,25,18,11,7,241,131,110
MATAGORDA COUNTY,321,25 Years,454,234,220,155,74,81,61,33,28,13,10,3,225,117,108
MATAGORDA COUNTY,321,26 Years,432,208,224,146,75,71,62,26,36,7,5,2,217,102,115
MATAGORDA COUNTY,321,27 Years,429,207,222,149,77,72,51,19,32,12,5,7,217,106,111
MATAGORDA COUNTY,321,28 Years,396,199,197,141,66,75,35,18,17,13,5,8,207,110,97
MATAGORDA COUNTY,321,29 Years,382,201,181,129,68,61,48,25,23,8,4,4,197,104,93
MATAGORDA COUNTY,321,30 Years,404,204,200,165,71,94,37,22,15,12,6,6,190,105,85
MATAGORDA COUNTY,321,31 Years,388,188,200,145,68,77,46,24,22,15,7,8,182,89,93
MATAGORDA COUNTY,321,32 Years,375,188,187,130,60,70,40,18,22,9,5,4,196,105,91
MATAGORDA COUNTY,321,33 Years,390,204,186,152,84,68,31,12,19,9,4,5,198,104,94
MATAGORDA COUNTY,321,34 Years,394,204,190,157,82,75,35,14,21,9,3,6,193,105,88
MATAGORDA COUNTY,321,35 Years,431,229,202,167,91,76,38,13,25,9,5,4,217,120,97
MATAGORDA COUNTY,321,36 Years,386,191,195,134,67,67,36,18,18,11,6,5,205,100,105
MATAGORDA COUNTY,321,37 Years,376,185,191,140,65,75,30,15,15,10,5,5,196,100,96
MATAGORDA COUNTY,321,38 Years,383,190,193,147,72,75,34,16,18,10,4,6,192,98,94
MATAGORDA COUNTY,321,39 Years,376,183,193,145,66,79,42,22,20,9,5,4,180,90,90
MATAGORDA COUNTY,321,40 Years,372,177,195,145,62,83,40,20,20,12,6,6,175,89,86
MATAGORDA COUNTY,321,41 Years,347,160,187,140,62,78,35,13,22,12,6,6,160,79,81
MATAGORDA COUNTY,321,42 Years,371,166,205,149,66,83,29,11,18,13,4,9,180,85,95
MATAGORDA COUNTY,321,43 Years,395,198,197,166,84,82,36,18,18,20,10,10,173,86,87
MATAGORDA COUNTY,321,44 Years,400,198,202,176,90,86,31,18,13,22,11,11,171,79,92
MATAGORDA COUNTY,321,45 Years,400,191,209,188,86,102,31,16,15,14,7,7,167,82,85
MATAGORDA COUNTY,321,46 Years,420,201,219,201,97,104,43,18,25,18,8,10,158,78,80
MATAGORDA COUNTY,321,47 Years,392,191,201,181,88,93,46,19,27,12,5,7,153,79,74
MATAGORDA COUNTY,321,48 Years,423,213,210,175,91,84,53,20,33,16,7,9,179,95,84
MATAGORDA COUNTY,321,49 Years,434,214,220,182,86,96,61,28,33,15,9,6,176,91,85
MATAGORDA COUNTY,321,50 Years,471,242,229,225,111,114,49,23,26,16,8,8,181,100,81
MATAGORDA COUNTY,321,51 Years,525,280,245,253,127,126,57,32,25,21,9,12,194,112,82
MATAGORDA COUNTY,321,52 Years,530,262,268,265,130,135,67,34,33,19,9,10,179,89,90
MATAGORDA COUNTY,321,53 Years,569,266,303,307,153,154,68,25,43,19,10,9,175,78,97
MATAGORDA COUNTY,321,54 Years,534,264,270,289,144,145,65,26,39,17,8,9,163,86,77
MATAGORDA COUNTY,321,55 Years,567,291,276,314,167,147,73,30,43,20,11,9,160,83,77
MATAGORDA COUNTY,321,56 Years,555,289,266,306,162,144,71,33,38,21,11,10,157,83,74
MATAGORDA COUNTY,321,57 Years,559,292,267,323,168,155,73,34,39,25,11,14,138,79,59
MATAGORDA COUNTY,321,58 Years,585,309,276,330,182,148,90,40,50,17,9,8,148,78,70
MATAGORDA COUNTY,321,59 Years,542,281,261,329,172,157,71,32,39,14,8,6,128,69,59
MATAGORDA COUNTY,321,60 Years,527,277,250,303,158,145,63,36,27,17,8,9,144,75,69
MATAGORDA COUNTY,321,61 Years,534,274,260,322,175,147,61,28,33,16,8,8,135,63,72
MATAGORDA COUNTY,321,62 Years,518,248,270,320,155,165,59,25,34,12,6,6,127,62,65
MATAGORDA COUNTY,321,63 Years,481,227,254,293,136,157,56,29,27,14,7,7,118,55,63
MATAGORDA COUNTY,321,64 Years,448,238,210,272,146,126,47,26,21,16,8,8,113,58,55
MATAGORDA COUNTY,321,65 Years,471,267,204,305,171,134,47,28,19,16,9,7,103,59,44
MATAGORDA COUNTY,321,66 Years,428,229,199,274,144,130,43,23,20,15,7,8,96,55,41
MATAGORDA COUNTY,321,67 Years,419,204,215,281,137,144,41,19,22,14,9,5,83,39,44
MATAGORDA COUNTY,321,68 Years,386,186,200,258,132,126,42,18,24,10,6,4,76,30,46
MATAGORDA COUNTY,321,69 Years,341,167,174,222,113,109,40,21,19,5,3,2,74,30,44
MATAGORDA COUNTY,321,70 Years,319,162,157,218,113,105,30,17,13,5,3,2,66,29,37
MATAGORDA COUNTY,321,71 Years,320,152,168,219,102,117,33,16,17,6,6,0,62,28,34
MATAGORDA COUNTY,321,72 Years,310,143,167,207,94,113,34,17,17,7,5,2,62,27,35
MATAGORDA COUNTY,321,73 Years,291,137,154,192,92,100,30,13,17,6,1,5,63,31,32
MATAGORDA COUNTY,321,74 Years,260,129,131,178,92,86,23,11,12,7,5,2,52,21,31
MATAGORDA COUNTY,321,75 Years,245,125,120,170,97,73,22,10,12,5,2,3,48,16,32
MATAGORDA COUNTY,321,76 Years,243,119,124,180,95,85,21,10,11,2,0,2,40,14,26
MATAGORDA COUNTY,321,77 Years,233,117,116,162,89,73,19,9,10,5,1,4,47,18,29
MATAGORDA COUNTY,321,78 Years,219,100,119,153,70,83,23,9,14,5,2,3,38,19,19
MATAGORDA COUNTY,321,79 Years,180,85,95,115,55,60,24,8,16,5,3,2,36,19,17
MATAGORDA COUNTY,321,80 Years,164,70,94,107,49,58,19,6,13,7,2,5,31,13,18
MATAGORDA COUNTY,321,81 Years,149,61,88,100,43,57,18,6,12,7,2,5,24,10,14
MATAGORDA COUNTY,321,82 Years,133,59,74,91,45,46,16,5,11,4,1,3,22,8,14
MATAGORDA COUNTY,321,83 Years,123,58,65,89,44,45,14,5,9,3,2,1,17,7,10
MATAGORDA COUNTY,321,84 Years,121,51,70,86,39,47,15,4,11,5,2,3,15,6,9
MATAGORDA COUNTY,321,85 Years +,655,234,421,454,164,290,94,28,66,12,5,7,95,37,58
MAVERICK COUNTY,323,All Ages,57299,28154,29145,1765,979,786,74,42,32,833,424,409,54627,26709,27918
MAVERICK COUNTY,323,< 1 Year,1130,575,555,61,34,27,1,1,0,20,10,10,1048,530,518
MAVERICK COUNTY,323,1 Years,1111,557,554,54,29,25,1,1,0,18,9,9,1038,518,520
MAVERICK COUNTY,323,2 Years,1101,545,556,51,29,22,0,0,0,14,6,8,1036,510,526
MAVERICK COUNTY,323,3 Years,1058,536,522,43,27,16,0,0,0,13,4,9,1002,505,497
MAVERICK COUNTY,323,4 Years,1021,519,502,34,24,10,0,0,0,16,5,11,971,490,481
MAVERICK COUNTY,323,5 Years,909,465,444,27,13,14,0,0,0,14,3,11,868,449,419
MAVERICK COUNTY,323,6 Years,880,458,422,27,15,12,1,1,0,13,7,6,839,435,404
MAVERICK COUNTY,323,7 Years,901,466,435,24,14,10,1,1,0,21,11,10,855,440,415
MAVERICK COUNTY,323,8 Years,933,471,462,30,18,12,1,1,0,23,15,8,879,437,442
MAVERICK COUNTY,323,9 Years,985,496,489,35,19,16,0,0,0,26,16,10,924,461,463
MAVERICK COUNTY,323,10 Years,1008,509,499,30,18,12,1,0,1,26,15,11,951,476,475
MAVERICK COUNTY,323,11 Years,998,502,496,32,14,18,2,0,2,22,13,9,942,475,467
MAVERICK COUNTY,323,12 Years,996,508,488,26,14,12,0,0,0,19,12,7,951,482,469
MAVERICK COUNTY,323,13 Years,1085,562,523,22,10,12,2,0,2,21,12,9,1040,540,500
MAVERICK COUNTY,323,14 Years,1047,555,492,20,8,12,2,0,2,17,7,10,1008,540,468
MAVERICK COUNTY,323,15 Years,1047,560,487,14,4,10,1,0,1,11,7,4,1021,549,472
MAVERICK COUNTY,323,16 Years,1081,564,517,19,8,11,1,1,0,8,3,5,1053,552,501
MAVERICK COUNTY,323,17 Years,1041,546,495,15,7,8,1,1,0,12,4,8,1013,534,479
MAVERICK COUNTY,323,18 Years,1021,533,488,12,8,4,2,0,2,14,8,6,993,517,476
MAVERICK COUNTY,323,19 Years,1026,537,489,14,9,5,1,0,1,8,7,1,1003,521,482
MAVERICK COUNTY,323,20 Years,976,501,475,18,11,7,1,0,1,9,6,3,948,484,464
MAVERICK COUNTY,323,21 Years,970,500,470,20,14,6,0,0,0,13,6,7,937,480,457
MAVERICK COUNTY,323,22 Years,999,514,485,20,11,9,1,0,1,8,6,2,970,497,473
MAVERICK COUNTY,323,23 Years,931,494,437,16,9,7,1,1,0,11,6,5,903,478,425
MAVERICK COUNTY,323,24 Years,856,457,399,18,11,7,1,0,1,13,8,5,824,438,386
MAVERICK COUNTY,323,25 Years,750,395,355,15,8,7,2,1,1,13,10,3,720,376,344
MAVERICK COUNTY,323,26 Years,703,358,345,10,5,5,1,0,1,14,10,4,678,343,335
MAVERICK COUNTY,323,27 Years,680,360,320,17,9,8,0,0,0,16,9,7,647,342,305
MAVERICK COUNTY,323,28 Years,658,381,277,29,20,9,1,0,1,16,9,7,612,352,260
MAVERICK COUNTY,323,29 Years,632,365,267,35,23,12,2,1,1,16,11,5,579,330,249
MAVERICK COUNTY,323,30 Years,606,330,276,34,21,13,2,2,0,16,11,5,554,296,258
MAVERICK COUNTY,323,31 Years,615,319,296,28,14,14,1,0,1,15,8,7,571,297,274
MAVERICK COUNTY,323,32 Years,628,313,315,24,14,10,3,3,0,16,7,9,585,289,296
MAVERICK COUNTY,323,33 Years,614,299,315,26,15,11,3,3,0,14,7,7,571,274,297
MAVERICK COUNTY,323,34 Years,649,315,334,24,15,9,1,1,0,10,5,5,614,294,320
MAVERICK COUNTY,323,35 Years,652,316,336,19,11,8,1,1,0,12,5,7,620,299,321
MAVERICK COUNTY,323,36 Years,635,317,318,22,15,7,1,0,1,11,6,5,601,296,305
MAVERICK COUNTY,323,37 Years,630,309,321,16,10,6,1,1,0,10,6,4,603,292,311
MAVERICK COUNTY,323,38 Years,633,280,353,14,8,6,3,1,2,11,5,6,605,266,339
MAVERICK COUNTY,323,39 Years,670,313,357,19,9,10,1,0,1,12,7,5,638,297,341
MAVERICK COUNTY,323,40 Years,694,316,378,17,7,10,0,0,0,8,4,4,669,305,364
MAVERICK COUNTY,323,41 Years,696,323,373,22,11,11,0,0,0,7,4,3,667,308,359
MAVERICK COUNTY,323,42 Years,719,342,377,18,13,5,1,1,0,8,4,4,692,324,368
MAVERICK COUNTY,323,43 Years,713,321,392,19,10,9,0,0,0,9,4,5,685,307,378
MAVERICK COUNTY,323,44 Years,693,311,382,19,10,9,1,1,0,6,4,2,667,296,371
MAVERICK COUNTY,323,45 Years,679,317,362,19,11,8,0,0,0,9,3,6,651,303,348
MAVERICK COUNTY,323,46 Years,698,337,361,15,7,8,1,1,0,14,3,11,668,326,342
MAVERICK COUNTY,323,47 Years,665,320,345,14,5,9,1,1,0,12,5,7,638,309,329
MAVERICK COUNTY,323,48 Years,634,298,336,17,8,9,1,1,0,12,6,6,604,283,321
MAVERICK COUNTY,323,49 Years,627,291,336,27,13,14,1,1,0,8,4,4,591,273,318
MAVERICK COUNTY,323,50 Years,628,314,314,20,12,8,2,1,1,8,3,5,598,298,300
MAVERICK COUNTY,323,51 Years,640,315,325,18,9,9,0,0,0,10,4,6,612,302,310
MAVERICK COUNTY,323,52 Years,618,293,325,14,8,6,1,1,0,10,7,3,593,277,316
MAVERICK COUNTY,323,53 Years,578,273,305,17,11,6,1,1,0,7,4,3,553,257,296
MAVERICK COUNTY,323,54 Years,596,293,303,18,9,9,1,1,0,11,5,6,566,278,288
MAVERICK COUNTY,323,55 Years,607,299,308,13,7,6,1,1,0,7,3,4,586,288,298
MAVERICK COUNTY,323,56 Years,600,274,326,15,8,7,0,0,0,8,2,6,577,264,313
MAVERICK COUNTY,323,57 Years,573,257,316,13,7,6,1,1,0,6,3,3,553,246,307
MAVERICK COUNTY,323,58 Years,581,244,337,17,6,11,1,0,1,3,1,2,560,237,323
MAVERICK COUNTY,323,59 Years,571,269,302,21,11,10,1,1,0,7,1,6,542,256,286
MAVERICK COUNTY,323,60 Years,591,268,323,21,9,12,2,2,0,5,1,4,563,256,307
MAVERICK COUNTY,323,61 Years,569,251,318,22,10,12,3,2,1,3,2,1,541,237,304
MAVERICK COUNTY,323,62 Years,552,250,302,19,11,8,1,0,1,3,1,2,529,238,291
MAVERICK COUNTY,323,63 Years,518,241,277,19,9,10,1,0,1,6,1,5,492,231,261
MAVERICK COUNTY,323,64 Years,526,243,283,21,8,13,0,0,0,3,1,2,502,234,268
MAVERICK COUNTY,323,65 Years,511,237,274,21,9,12,0,0,0,1,0,1,489,228,261
MAVERICK COUNTY,323,66 Years,440,200,240,23,13,10,0,0,0,4,2,2,413,185,228
MAVERICK COUNTY,323,67 Years,427,184,243,18,10,8,0,0,0,3,2,1,406,172,234
MAVERICK COUNTY,323,68 Years,429,193,236,20,14,6,0,0,0,1,0,1,408,179,229
MAVERICK COUNTY,323,69 Years,405,186,219,17,14,3,0,0,0,7,2,5,381,170,211
MAVERICK COUNTY,323,70 Years,392,174,218,16,9,7,0,0,0,4,2,2,372,163,209
MAVERICK COUNTY,323,71 Years,351,158,193,15,7,8,0,0,0,5,3,2,331,148,183
MAVERICK COUNTY,323,72 Years,343,153,190,18,11,7,1,1,0,2,1,1,322,140,182
MAVERICK COUNTY,323,73 Years,321,123,198,17,10,7,1,1,0,0,0,0,303,112,191
MAVERICK COUNTY,323,74 Years,313,139,174,16,11,5,0,0,0,3,2,1,294,126,168
MAVERICK COUNTY,323,75 Years,291,135,156,14,9,5,1,0,1,1,0,1,275,126,149
MAVERICK COUNTY,323,76 Years,256,109,147,11,7,4,0,0,0,1,0,1,244,102,142
MAVERICK COUNTY,323,77 Years,257,111,146,7,3,4,1,0,1,4,0,4,245,108,137
MAVERICK COUNTY,323,78 Years,248,109,139,8,6,2,0,0,0,3,0,3,237,103,134
MAVERICK COUNTY,323,79 Years,227,105,122,8,6,2,0,0,0,2,1,1,217,98,119
MAVERICK COUNTY,323,80 Years,220,102,118,8,7,1,0,0,0,1,1,0,211,94,117
MAVERICK COUNTY,323,81 Years,205,85,120,8,4,4,0,0,0,0,0,0,197,81,116
MAVERICK COUNTY,323,82 Years,165,67,98,12,4,8,0,0,0,0,0,0,153,63,90
MAVERICK COUNTY,323,83 Years,145,56,89,7,3,4,1,0,1,0,0,0,137,53,84
MAVERICK COUNTY,323,84 Years,149,62,87,7,4,3,1,0,1,0,0,0,141,58,83
MAVERICK COUNTY,323,85 Years +,772,306,466,25,13,12,1,1,0,9,6,3,737,286,451
MEDINA COUNTY,325,All Ages,49326,25162,24164,22159,10902,11257,918,788,130,896,483,413,25353,12989,12364
MEDINA COUNTY,325,< 1 Year,593,300,293,211,106,105,2,1,1,14,9,5,366,184,182
MEDINA COUNTY,325,1 Years,577,296,281,205,104,101,1,1,0,11,7,4,360,184,176
MEDINA COUNTY,325,2 Years,553,298,255,196,105,91,1,1,0,8,5,3,348,187,161
MEDINA COUNTY,325,3 Years,522,279,243,180,93,87,0,0,0,9,5,4,333,181,152
MEDINA COUNTY,325,4 Years,540,286,254,188,95,93,1,1,0,13,6,7,338,184,154
MEDINA COUNTY,325,5 Years,596,314,282,205,107,98,1,0,1,13,6,7,377,201,176
MEDINA COUNTY,325,6 Years,603,300,303,206,116,90,2,0,2,13,3,10,382,181,201
MEDINA COUNTY,325,7 Years,579,278,301,194,101,93,1,1,0,11,5,6,373,171,202
MEDINA COUNTY,325,8 Years,635,315,320,213,102,111,4,1,3,11,6,5,407,206,201
MEDINA COUNTY,325,9 Years,675,351,324,233,119,114,3,1,2,11,5,6,428,226,202
MEDINA COUNTY,325,10 Years,663,328,335,232,115,117,2,0,2,11,6,5,418,207,211
MEDINA COUNTY,325,11 Years,693,336,357,247,121,126,5,2,3,18,12,6,423,201,222
MEDINA COUNTY,325,12 Years,765,380,385,275,130,145,10,5,5,18,10,8,462,235,227
MEDINA COUNTY,325,13 Years,757,396,361,291,145,146,6,4,2,19,13,6,441,234,207
MEDINA COUNTY,325,14 Years,760,386,374,288,144,144,3,1,2,18,11,7,451,230,221
MEDINA COUNTY,325,15 Years,771,404,367,286,144,142,4,2,2,14,8,6,467,250,217
MEDINA COUNTY,325,16 Years,758,393,365,279,131,148,5,1,4,13,7,6,461,254,207
MEDINA COUNTY,325,17 Years,757,392,365,275,137,138,10,8,2,14,6,8,458,241,217
MEDINA COUNTY,325,18 Years,773,421,352,278,159,119,12,10,2,15,7,8,468,245,223
MEDINA COUNTY,325,19 Years,791,453,338,260,151,109,24,21,3,15,7,8,492,274,218
MEDINA COUNTY,325,20 Years,747,426,321,229,124,105,35,32,3,14,7,7,469,263,206
MEDINA COUNTY,325,21 Years,717,420,297,231,125,106,29,27,2,12,10,2,445,258,187
MEDINA COUNTY,325,22 Years,693,392,301,223,128,95,16,14,2,10,6,4,444,244,200
MEDINA COUNTY,325,23 Years,696,400,296,210,112,98,29,28,1,16,12,4,441,248,193
MEDINA COUNTY,325,24 Years,629,387,242,180,100,80,34,33,1,22,16,6,393,238,155
MEDINA COUNTY,325,25 Years,636,419,217,162,96,66,59,58,1,21,18,3,394,247,147
MEDINA COUNTY,325,26 Years,555,360,195,153,92,61,44,43,1,13,10,3,345,215,130
MEDINA COUNTY,325,27 Years,484,284,200,170,92,78,23,22,1,11,10,1,280,160,120
MEDINA COUNTY,325,28 Years,528,314,214,153,87,66,37,36,1,12,9,3,326,182,144
MEDINA COUNTY,325,29 Years,517,318,199,152,89,63,21,21,0,19,16,3,325,192,133
MEDINA COUNTY,325,30 Years,542,326,216,165,90,75,52,51,1,18,15,3,307,170,137
MEDINA COUNTY,325,31 Years,517,265,252,189,91,98,20,19,1,20,13,7,288,142,146
MEDINA COUNTY,325,32 Years,496,229,267,197,84,113,10,10,0,13,7,6,276,128,148
MEDINA COUNTY,325,33 Years,554,282,272,216,97,119,15,15,0,9,6,3,314,164,150
MEDINA COUNTY,325,34 Years,511,264,247,224,109,115,11,11,0,8,4,4,268,140,128
MEDINA COUNTY,325,35 Years,593,318,275,245,121,124,28,28,0,7,3,4,313,166,147
MEDINA COUNTY,325,36 Years,499,236,263,237,111,126,10,9,1,5,1,4,247,115,132
MEDINA COUNTY,325,37 Years,487,215,272,245,114,131,4,2,2,7,4,3,231,95,136
MEDINA COUNTY,325,38 Years,500,237,263,238,119,119,3,2,1,9,5,4,250,111,139
MEDINA COUNTY,325,39 Years,529,261,268,244,123,121,17,17,0,4,1,3,264,120,144
MEDINA COUNTY,325,40 Years,522,261,261,239,112,127,11,11,0,5,2,3,267,136,131
MEDINA COUNTY,325,41 Years,528,237,291,238,95,143,15,13,2,7,3,4,268,126,142
MEDINA COUNTY,325,42 Years,558,252,306,254,106,148,6,6,0,11,4,7,287,136,151
MEDINA COUNTY,325,43 Years,571,276,295,262,114,148,6,4,2,8,3,5,295,155,140
MEDINA COUNTY,325,44 Years,657,344,313,287,141,146,17,16,1,9,4,5,344,183,161
MEDINA COUNTY,325,45 Years,671,322,349,294,134,160,8,7,1,14,5,9,355,176,179
MEDINA COUNTY,325,46 Years,688,336,352,299,132,167,26,26,0,13,7,6,350,171,179
MEDINA COUNTY,325,47 Years,631,310,321,286,138,148,12,12,0,15,6,9,318,154,164
MEDINA COUNTY,325,48 Years,604,299,305,277,133,144,8,8,0,11,6,5,308,152,156
MEDINA COUNTY,325,49 Years,686,353,333,319,158,161,12,10,2,12,5,7,343,180,163
MEDINA COUNTY,325,50 Years,703,351,352,326,159,167,13,8,5,13,4,9,351,180,171
MEDINA COUNTY,325,51 Years,748,397,351,348,177,171,25,21,4,11,4,7,364,195,169
MEDINA COUNTY,325,52 Years,772,417,355,376,185,191,20,17,3,13,5,8,363,210,153
MEDINA COUNTY,325,53 Years,745,375,370,381,181,200,9,5,4,16,8,8,339,181,158
MEDINA COUNTY,325,54 Years,774,380,394,415,208,207,6,3,3,15,4,11,338,165,173
MEDINA COUNTY,325,55 Years,794,375,419,439,212,227,12,7,5,13,6,7,330,150,180
MEDINA COUNTY,325,56 Years,707,353,354,392,191,201,7,3,4,10,6,4,298,153,145
MEDINA COUNTY,325,57 Years,712,330,382,392,182,210,9,4,5,13,3,10,298,141,157
MEDINA COUNTY,325,58 Years,739,370,369,415,199,216,14,10,4,13,5,8,297,156,141
MEDINA COUNTY,325,59 Years,702,339,363,414,202,212,6,4,2,8,2,6,274,131,143
MEDINA COUNTY,325,60 Years,656,327,329,383,195,188,7,6,1,10,4,6,256,122,134
MEDINA COUNTY,325,61 Years,613,304,309,353,178,175,4,3,1,7,3,4,249,120,129
MEDINA COUNTY,325,62 Years,636,310,326,368,177,191,8,5,3,7,3,4,253,125,128
MEDINA COUNTY,325,63 Years,634,303,331,360,171,189,12,9,3,10,7,3,252,116,136
MEDINA COUNTY,325,64 Years,609,290,319,350,168,182,6,4,2,7,3,4,246,115,131
MEDINA COUNTY,325,65 Years,576,274,302,339,162,177,4,2,2,6,3,3,227,107,120
MEDINA COUNTY,325,66 Years,608,299,309,360,175,185,2,1,1,9,5,4,237,118,119
MEDINA COUNTY,325,67 Years,620,300,320,366,172,194,3,1,2,9,6,3,242,121,121
MEDINA COUNTY,325,68 Years,580,277,303,348,171,177,2,1,1,8,3,5,222,102,120
MEDINA COUNTY,325,69 Years,460,231,229,284,148,136,1,0,1,4,2,2,171,81,90
MEDINA COUNTY,325,70 Years,432,217,215,268,138,130,1,0,1,4,4,0,159,75,84
MEDINA COUNTY,325,71 Years,427,201,226,261,125,136,1,1,0,8,6,2,157,69,88
MEDINA COUNTY,325,72 Years,412,194,218,259,121,138,3,2,1,5,2,3,145,69,76
MEDINA COUNTY,325,73 Years,361,170,191,223,108,115,2,1,1,5,2,3,131,59,72
MEDINA COUNTY,325,74 Years,317,153,164,203,99,104,2,1,1,6,2,4,106,51,55
MEDINA COUNTY,325,75 Years,303,166,137,184,93,91,7,6,1,3,2,1,109,65,44
MEDINA COUNTY,325,76 Years,285,141,144,172,92,80,3,3,0,8,2,6,102,44,58
MEDINA COUNTY,325,77 Years,272,123,149,171,84,87,1,1,0,6,0,6,94,38,56
MEDINA COUNTY,325,78 Years,233,101,132,149,70,79,1,0,1,4,2,2,79,29,50
MEDINA COUNTY,325,79 Years,244,112,132,155,74,81,3,2,1,5,3,2,81,33,48
MEDINA COUNTY,325,80 Years,215,99,116,140,67,73,3,1,2,2,2,0,70,29,41
MEDINA COUNTY,325,81 Years,201,92,109,131,62,69,1,0,1,2,1,1,67,29,38
MEDINA COUNTY,325,82 Years,187,90,97,116,55,61,0,0,0,1,1,0,70,34,36
MEDINA COUNTY,325,83 Years,168,74,94,111,48,63,1,1,0,1,1,0,55,24,31
MEDINA COUNTY,325,84 Years,161,67,94,109,45,64,1,1,0,2,1,1,49,20,29
MEDINA COUNTY,325,85 Years +,813,311,502,538,216,322,3,2,1,8,4,4,264,89,175
MENARD COUNTY,327,All Ages,2310,1208,1102,1378,694,684,8,6,2,17,6,11,907,502,405
MENARD COUNTY,327,< 1 Year,18,12,6,5,3,2,0,0,0,0,0,0,13,9,4
MENARD COUNTY,327,1 Years,23,15,8,6,3,3,0,0,0,0,0,0,17,12,5
MENARD COUNTY,327,2 Years,23,14,9,6,3,3,0,0,0,0,0,0,17,11,6
MENARD COUNTY,327,3 Years,21,12,9,7,3,4,0,0,0,0,0,0,14,9,5
MENARD COUNTY,327,4 Years,19,10,9,5,2,3,0,0,0,0,0,0,14,8,6
MENARD COUNTY,327,5 Years,23,15,8,8,6,2,0,0,0,0,0,0,15,9,6
MENARD COUNTY,327,6 Years,32,21,11,17,11,6,0,0,0,0,0,0,15,10,5
MENARD COUNTY,327,7 Years,31,16,15,16,9,7,0,0,0,0,0,0,15,7,8
MENARD COUNTY,327,8 Years,26,11,15,12,5,7,0,0,0,0,0,0,14,6,8
MENARD COUNTY,327,9 Years,29,17,12,13,10,3,0,0,0,0,0,0,16,7,9
MENARD COUNTY,327,10 Years,32,23,9,19,15,4,0,0,0,0,0,0,13,8,5
MENARD COUNTY,327,11 Years,21,15,6,9,8,1,0,0,0,0,0,0,12,7,5
MENARD COUNTY,327,12 Years,21,13,8,10,6,4,0,0,0,0,0,0,11,7,4
MENARD COUNTY,327,13 Years,19,9,10,8,3,5,0,0,0,0,0,0,11,6,5
MENARD COUNTY,327,14 Years,21,11,10,8,3,5,0,0,0,0,0,0,13,8,5
MENARD COUNTY,327,15 Years,25,15,10,11,8,3,0,0,0,0,0,0,14,7,7
MENARD COUNTY,327,16 Years,26,12,14,11,6,5,0,0,0,0,0,0,15,6,9
MENARD COUNTY,327,17 Years,29,21,8,16,10,6,0,0,0,0,0,0,13,11,2
MENARD COUNTY,327,18 Years,22,16,6,9,6,3,0,0,0,0,0,0,13,10,3
MENARD COUNTY,327,19 Years,27,13,14,11,6,5,0,0,0,0,0,0,16,7,9
MENARD COUNTY,327,20 Years,27,15,12,10,7,3,0,0,0,0,0,0,17,8,9
MENARD COUNTY,327,21 Years,20,12,8,10,6,4,1,1,0,0,0,0,9,5,4
MENARD COUNTY,327,22 Years,27,13,14,8,4,4,0,0,0,1,0,1,18,9,9
MENARD COUNTY,327,23 Years,27,16,11,10,7,3,0,0,0,1,0,1,16,9,7
MENARD COUNTY,327,24 Years,22,12,10,8,4,4,0,0,0,0,0,0,14,8,6
MENARD COUNTY,327,25 Years,16,11,5,5,3,2,1,0,1,0,0,0,10,8,2
MENARD COUNTY,327,26 Years,18,10,8,2,2,0,1,0,1,0,0,0,15,8,7
MENARD COUNTY,327,27 Years,14,10,4,4,2,2,0,0,0,0,0,0,10,8,2
MENARD COUNTY,327,28 Years,21,11,10,13,7,6,0,0,0,0,0,0,8,4,4
MENARD COUNTY,327,29 Years,20,14,6,12,8,4,0,0,0,0,0,0,8,6,2
MENARD COUNTY,327,30 Years,17,13,4,9,7,2,0,0,0,0,0,0,8,6,2
MENARD COUNTY,327,31 Years,23,12,11,13,5,8,0,0,0,1,1,0,9,6,3
MENARD COUNTY,327,32 Years,19,10,9,10,5,5,0,0,0,1,0,1,8,5,3
MENARD COUNTY,327,33 Years,21,11,10,9,5,4,1,1,0,1,0,1,10,5,5
MENARD COUNTY,327,34 Years,23,11,12,12,5,7,0,0,0,0,0,0,11,6,5
MENARD COUNTY,327,35 Years,19,8,11,8,2,6,0,0,0,0,0,0,11,6,5
MENARD COUNTY,327,36 Years,15,8,7,8,4,4,0,0,0,1,1,0,6,3,3
MENARD COUNTY,327,37 Years,15,10,5,7,4,3,0,0,0,0,0,0,8,6,2
MENARD COUNTY,327,38 Years,14,7,7,7,4,3,0,0,0,0,0,0,7,3,4
MENARD COUNTY,327,39 Years,18,7,11,10,3,7,0,0,0,0,0,0,8,4,4
MENARD COUNTY,327,40 Years,23,10,13,14,5,9,0,0,0,1,1,0,8,4,4
MENARD COUNTY,327,41 Years,15,7,8,11,6,5,0,0,0,0,0,0,4,1,3
MENARD COUNTY,327,42 Years,16,6,10,13,6,7,0,0,0,0,0,0,3,0,3
MENARD COUNTY,327,43 Years,14,4,10,11,3,8,0,0,0,0,0,0,3,1,2
MENARD COUNTY,327,44 Years,15,5,10,9,2,7,0,0,0,0,0,0,6,3,3
MENARD COUNTY,327,45 Years,18,8,10,7,2,5,0,0,0,0,0,0,11,6,5
MENARD COUNTY,327,46 Years,23,9,14,11,5,6,0,0,0,0,0,0,12,4,8
MENARD COUNTY,327,47 Years,22,11,11,11,5,6,0,0,0,0,0,0,11,6,5
MENARD COUNTY,327,48 Years,26,12,14,17,7,10,0,0,0,0,0,0,9,5,4
MENARD COUNTY,327,49 Years,22,11,11,12,5,7,0,0,0,0,0,0,10,6,4
MENARD COUNTY,327,50 Years,21,11,10,8,2,6,0,0,0,0,0,0,13,9,4
MENARD COUNTY,327,51 Years,28,17,11,13,7,6,0,0,0,0,0,0,15,10,5
MENARD COUNTY,327,52 Years,35,13,22,19,6,13,0,0,0,0,0,0,16,7,9
MENARD COUNTY,327,53 Years,41,20,21,24,10,14,0,0,0,0,0,0,17,10,7
MENARD COUNTY,327,54 Years,39,20,19,25,13,12,0,0,0,1,0,1,13,7,6
MENARD COUNTY,327,55 Years,37,18,19,27,13,14,0,0,0,0,0,0,10,5,5
MENARD COUNTY,327,56 Years,43,22,21,28,15,13,0,0,0,0,0,0,15,7,8
MENARD COUNTY,327,57 Years,35,18,17,22,11,11,1,1,0,0,0,0,12,6,6
MENARD COUNTY,327,58 Years,34,16,18,25,10,15,0,0,0,0,0,0,9,6,3
MENARD COUNTY,327,59 Years,36,19,17,22,13,9,0,0,0,0,0,0,14,6,8
MENARD COUNTY,327,60 Years,34,17,17,23,12,11,0,0,0,0,0,0,11,5,6
MENARD COUNTY,327,61 Years,35,18,17,23,10,13,0,0,0,2,1,1,10,7,3
MENARD COUNTY,327,62 Years,35,16,19,26,11,15,1,1,0,1,0,1,7,4,3
MENARD COUNTY,327,63 Years,29,18,11,21,13,8,0,0,0,1,0,1,7,5,2
MENARD COUNTY,327,64 Years,37,18,19,27,13,14,0,0,0,1,0,1,9,5,4
MENARD COUNTY,327,65 Years,37,14,23,28,11,17,1,1,0,0,0,0,8,2,6
MENARD COUNTY,327,66 Years,42,20,22,28,11,17,1,1,0,0,0,0,13,8,5
MENARD COUNTY,327,67 Years,42,22,20,29,14,15,0,0,0,0,0,0,13,8,5
MENARD COUNTY,327,68 Years,40,19,21,31,14,17,0,0,0,0,0,0,9,5,4
MENARD COUNTY,327,69 Years,36,19,17,28,15,13,0,0,0,0,0,0,8,4,4
MENARD COUNTY,327,70 Years,44,25,19,36,21,15,0,0,0,1,0,1,7,4,3
MENARD COUNTY,327,71 Years,50,30,20,39,23,16,0,0,0,0,0,0,11,7,4
MENARD COUNTY,327,72 Years,45,25,20,37,21,16,0,0,0,0,0,0,8,4,4
MENARD COUNTY,327,73 Years,36,21,15,26,16,10,0,0,0,1,1,0,9,4,5
MENARD COUNTY,327,74 Years,28,14,14,20,10,10,0,0,0,0,0,0,8,4,4
MENARD COUNTY,327,75 Years,33,16,17,28,13,15,0,0,0,0,0,0,5,3,2
MENARD COUNTY,327,76 Years,27,14,13,24,12,12,0,0,0,0,0,0,3,2,1
MENARD COUNTY,327,77 Years,26,15,11,19,11,8,0,0,0,0,0,0,7,4,3
MENARD COUNTY,327,78 Years,26,10,16,20,9,11,0,0,0,0,0,0,6,1,5
MENARD COUNTY,327,79 Years,18,9,9,15,8,7,0,0,0,0,0,0,3,1,2
MENARD COUNTY,327,80 Years,13,6,7,10,5,5,0,0,0,0,0,0,3,1,2
MENARD COUNTY,327,81 Years,21,8,13,15,6,9,0,0,0,0,0,0,6,2,4
MENARD COUNTY,327,82 Years,19,10,9,14,7,7,0,0,0,0,0,0,5,3,2
MENARD COUNTY,327,83 Years,15,6,9,13,5,8,0,0,0,0,0,0,2,1,1
MENARD COUNTY,327,84 Years,16,7,9,12,5,7,0,0,0,0,0,0,4,2,2
MENARD COUNTY,327,85 Years +,99,42,57,75,32,43,0,0,0,2,1,1,22,9,13
MIDLAND COUNTY,329,All Ages,160986,80000,80986,78691,39049,39642,9967,4874,5093,5347,2680,2667,66981,33397,33584
MIDLAND COUNTY,329,< 1 Year,2853,1478,1375,1073,558,515,173,89,84,148,77,71,1459,754,705
MIDLAND COUNTY,329,1 Years,2755,1407,1348,1048,539,509,162,81,81,141,70,71,1404,717,687
MIDLAND COUNTY,329,2 Years,2588,1315,1273,995,501,494,150,77,73,125,62,63,1318,675,643
MIDLAND COUNTY,329,3 Years,2418,1232,1186,935,474,461,139,68,71,118,62,56,1226,628,598
MIDLAND COUNTY,329,4 Years,2292,1191,1101,881,451,430,137,69,68,104,57,47,1170,614,556
MIDLAND COUNTY,329,5 Years,2173,1127,1046,820,438,382,130,60,70,90,45,45,1133,584,549
MIDLAND COUNTY,329,6 Years,2417,1259,1158,902,478,424,152,86,66,100,50,50,1263,645,618
MIDLAND COUNTY,329,7 Years,2478,1269,1209,925,492,433,155,74,81,94,40,54,1304,663,641
MIDLAND COUNTY,329,8 Years,2448,1259,1189,869,451,418,169,81,88,92,43,49,1318,684,634
MIDLAND COUNTY,329,9 Years,2366,1225,1141,857,452,405,163,96,67,88,42,46,1258,635,623
MIDLAND COUNTY,329,10 Years,2354,1209,1145,849,457,392,153,82,71,88,45,43,1264,625,639
MIDLAND COUNTY,329,11 Years,2363,1224,1139,853,448,405,152,77,75,91,51,40,1267,648,619
MIDLAND COUNTY,329,12 Years,2322,1189,1133,834,422,412,153,79,74,67,38,29,1268,650,618
MIDLAND COUNTY,329,13 Years,2345,1203,1142,838,437,401,149,78,71,84,46,38,1274,642,632
MIDLAND COUNTY,329,14 Years,2378,1204,1174,867,430,437,148,70,78,95,52,43,1268,652,616
MIDLAND COUNTY,329,15 Years,2371,1203,1168,877,444,433,158,75,83,84,46,38,1252,638,614
MIDLAND COUNTY,329,16 Years,2321,1216,1105,876,456,420,147,74,73,77,43,34,1221,643,578
MIDLAND COUNTY,329,17 Years,2245,1167,1078,837,446,391,124,60,64,75,42,33,1209,619,590
MIDLAND COUNTY,329,18 Years,2162,1133,1029,818,437,381,140,71,69,70,35,35,1134,590,544
MIDLAND COUNTY,329,19 Years,2039,1061,978,768,391,377,117,58,59,70,40,30,1084,572,512
MIDLAND COUNTY,329,20 Years,2056,1035,1021,777,399,378,124,65,59,60,37,23,1095,534,561
MIDLAND COUNTY,329,21 Years,2102,1061,1041,805,415,390,125,71,54,74,47,27,1098,528,570
MIDLAND COUNTY,329,22 Years,2141,1070,1071,808,416,392,149,81,68,66,40,26,1118,533,585
MIDLAND COUNTY,329,23 Years,2277,1127,1150,880,452,428,167,80,87,78,43,35,1152,552,600
MIDLAND COUNTY,329,24 Years,2402,1183,1219,922,470,452,202,87,115,86,42,44,1192,584,608
MIDLAND COUNTY,329,25 Years,2267,1098,1169,880,436,444,179,90,89,73,30,43,1135,542,593
MIDLAND COUNTY,329,26 Years,2179,1055,1124,871,418,453,130,72,58,72,35,37,1106,530,576
MIDLAND COUNTY,329,27 Years,2166,1081,1085,859,427,432,131,76,55,78,36,42,1098,542,556
MIDLAND COUNTY,329,28 Years,2336,1173,1163,971,486,485,154,79,75,83,38,45,1128,570,558
MIDLAND COUNTY,329,29 Years,2444,1215,1229,1088,553,535,168,80,88,80,35,45,1108,547,561
MIDLAND COUNTY,329,30 Years,2495,1274,1221,1140,595,545,143,78,65,93,39,54,1119,562,557
MIDLAND COUNTY,329,31 Years,2556,1353,1203,1180,624,556,137,77,60,106,45,61,1133,607,526
MIDLAND COUNTY,329,32 Years,2676,1392,1284,1279,690,589,132,73,59,108,52,56,1157,577,580
MIDLAND COUNTY,329,33 Years,2653,1367,1286,1256,675,581,138,70,68,95,45,50,1164,577,587
MIDLAND COUNTY,329,34 Years,2503,1310,1193,1210,654,556,127,58,69,83,43,40,1083,555,528
MIDLAND COUNTY,329,35 Years,2442,1296,1146,1191,665,526,145,65,80,74,41,33,1032,525,507
MIDLAND COUNTY,329,36 Years,2179,1135,1044,1035,573,462,126,59,67,71,28,43,947,475,472
MIDLAND COUNTY,329,37 Years,2070,1041,1029,947,486,461,110,58,52,72,25,47,941,472,469
MIDLAND COUNTY,329,38 Years,1955,1009,946,873,430,443,114,61,53,67,37,30,901,481,420
MIDLAND COUNTY,329,39 Years,1864,967,897,821,421,400,118,58,60,81,41,40,844,447,397
MIDLAND COUNTY,329,40 Years,1929,971,958,882,435,447,112,50,62,65,36,29,870,450,420
MIDLAND COUNTY,329,41 Years,1844,925,919,829,423,406,94,45,49,67,38,29,854,419,435
MIDLAND COUNTY,329,42 Years,1850,940,910,841,433,408,116,64,52,52,22,30,841,421,420
MIDLAND COUNTY,329,43 Years,1903,954,949,905,461,444,107,59,48,56,21,35,835,413,422
MIDLAND COUNTY,329,44 Years,1890,890,1000,917,439,478,111,44,67,78,34,44,784,373,411
MIDLAND COUNTY,329,45 Years,1853,921,932,905,474,431,116,51,65,86,38,48,746,358,388
MIDLAND COUNTY,329,46 Years,1846,905,941,906,448,458,119,58,61,69,29,40,752,370,382
MIDLAND COUNTY,329,47 Years,1757,860,897,845,407,438,124,63,61,51,27,24,737,363,374
MIDLAND COUNTY,329,48 Years,1714,838,876,844,396,448,119,62,57,47,29,18,704,351,353
MIDLAND COUNTY,329,49 Years,1753,875,878,859,421,438,119,62,57,49,32,17,726,360,366
MIDLAND COUNTY,329,50 Years,1825,914,911,907,443,464,131,69,62,48,28,20,739,374,365
MIDLAND COUNTY,329,51 Years,1933,924,1009,1012,466,546,148,72,76,52,27,25,721,359,362
MIDLAND COUNTY,329,52 Years,2068,1001,1067,1148,556,592,149,68,81,50,19,31,721,358,363
MIDLAND COUNTY,329,53 Years,2133,1020,1113,1259,608,651,136,63,73,46,21,25,692,328,364
MIDLAND COUNTY,329,54 Years,2181,997,1184,1308,588,720,148,68,80,57,28,29,668,313,355
MIDLAND COUNTY,329,55 Years,2271,1095,1176,1401,675,726,142,67,75,67,30,37,661,323,338
MIDLAND COUNTY,329,56 Years,2236,1075,1161,1429,683,746,138,64,74,56,26,30,613,302,311
MIDLAND COUNTY,329,57 Years,2212,1081,1131,1444,696,748,133,64,69,47,26,21,588,295,293
MIDLAND COUNTY,329,58 Years,2228,1110,1118,1437,718,719,137,64,73,55,30,25,599,298,301
MIDLAND COUNTY,329,59 Years,2179,1047,1132,1414,687,727,131,59,72,48,23,25,586,278,308
MIDLAND COUNTY,329,60 Years,2069,1011,1058,1418,694,724,112,48,64,44,21,23,495,248,247
MIDLAND COUNTY,329,61 Years,1960,968,992,1313,649,664,127,66,61,52,29,23,468,224,244
MIDLAND COUNTY,329,62 Years,1829,898,931,1238,627,611,109,56,53,56,30,26,426,185,241
MIDLAND COUNTY,329,63 Years,1681,831,850,1149,574,575,113,53,60,39,20,19,380,184,196
MIDLAND COUNTY,329,64 Years,1579,756,823,1068,524,544,97,44,53,52,24,28,362,164,198
MIDLAND COUNTY,329,65 Years,1490,722,768,984,490,494,81,36,45,52,26,26,373,170,203
MIDLAND COUNTY,329,66 Years,1345,671,674,906,463,443,74,38,36,46,27,19,319,143,176
MIDLAND COUNTY,329,67 Years,1266,624,642,862,444,418,73,27,46,38,17,21,293,136,157
MIDLAND COUNTY,329,68 Years,1256,613,643,885,440,445,66,29,37,41,17,24,264,127,137
MIDLAND COUNTY,329,69 Years,1009,512,497,683,351,332,69,37,32,30,17,13,227,107,120
MIDLAND COUNTY,329,70 Years,902,417,485,613,291,322,57,22,35,25,15,10,207,89,118
MIDLAND COUNTY,329,71 Years,899,422,477,627,302,325,56,23,33,18,11,7,198,86,112
MIDLAND COUNTY,329,72 Years,865,411,454,603,294,309,57,29,28,17,9,8,188,79,109
MIDLAND COUNTY,329,73 Years,805,361,444,562,252,310,53,25,28,22,15,7,168,69,99
MIDLAND COUNTY,329,74 Years,710,315,395,480,214,266,47,18,29,16,10,6,167,73,94
MIDLAND COUNTY,329,75 Years,684,283,401,480,198,282,49,20,29,18,10,8,137,55,82
MIDLAND COUNTY,329,76 Years,653,271,382,461,192,269,38,19,19,19,8,11,135,52,83
MIDLAND COUNTY,329,77 Years,673,280,393,496,200,296,36,17,19,14,6,8,127,57,70
MIDLAND COUNTY,329,78 Years,638,275,363,469,197,272,43,15,28,11,5,6,115,58,57
MIDLAND COUNTY,329,79 Years,623,278,345,457,198,259,40,19,21,10,4,6,116,57,59
MIDLAND COUNTY,329,80 Years,602,267,335,446,196,250,35,14,21,9,5,4,112,52,60
MIDLAND COUNTY,329,81 Years,536,227,309,414,183,231,28,8,20,5,2,3,89,34,55
MIDLAND COUNTY,329,82 Years,500,196,304,391,162,229,28,8,20,5,2,3,76,24,52
MIDLAND COUNTY,329,83 Years,474,178,296,368,136,232,29,9,20,6,1,5,71,32,39
MIDLAND COUNTY,329,84 Years,441,169,272,347,127,220,23,8,15,11,5,6,60,29,31
MIDLAND COUNTY,329,85 Years +,2441,888,1553,1964,707,1257,107,27,80,44,15,29,326,139,187
MILAM COUNTY,331,All Ages,24232,12074,12158,15103,7449,7654,2380,1164,1216,436,233,203,6313,3228,3085
MILAM COUNTY,331,< 1 Year,326,163,163,137,70,67,35,16,19,17,10,7,137,67,70
MILAM COUNTY,331,1 Years,322,162,160,133,65,68,34,18,16,18,11,7,137,68,69
MILAM COUNTY,331,2 Years,321,158,163,130,62,68,33,17,16,15,9,6,143,70,73
MILAM COUNTY,331,3 Years,308,153,155,129,65,64,30,13,17,9,5,4,140,70,70
MILAM COUNTY,331,4 Years,316,159,157,126,65,61,30,13,17,14,10,4,146,71,75
MILAM COUNTY,331,5 Years,327,170,157,131,79,52,32,16,16,13,8,5,151,67,84
MILAM COUNTY,331,6 Years,323,167,156,143,78,65,29,15,14,10,5,5,141,69,72
MILAM COUNTY,331,7 Years,333,179,154,160,87,73,36,19,17,10,8,2,127,65,62
MILAM COUNTY,331,8 Years,335,165,170,161,80,81,36,18,18,9,7,2,129,60,69
MILAM COUNTY,331,9 Years,305,159,146,159,79,80,30,18,12,9,5,4,107,57,50
MILAM COUNTY,331,10 Years,337,169,168,171,85,86,32,18,14,8,4,4,126,62,64
MILAM COUNTY,331,11 Years,337,172,165,169,88,81,30,15,15,7,5,2,131,64,67
MILAM COUNTY,331,12 Years,320,169,151,155,83,72,32,16,16,7,6,1,126,64,62
MILAM COUNTY,331,13 Years,358,190,168,178,94,84,33,16,17,8,4,4,139,76,63
MILAM COUNTY,331,14 Years,370,189,181,178,91,87,45,24,21,5,2,3,142,72,70
MILAM COUNTY,331,15 Years,365,198,167,179,100,79,42,23,19,7,3,4,137,72,65
MILAM COUNTY,331,16 Years,334,183,151,175,99,76,30,14,16,5,2,3,124,68,56
MILAM COUNTY,331,17 Years,333,178,155,174,100,74,39,17,22,5,4,1,115,57,58
MILAM COUNTY,331,18 Years,358,189,169,190,106,84,39,21,18,8,5,3,121,57,64
MILAM COUNTY,331,19 Years,336,184,152,171,94,77,39,23,16,7,3,4,119,64,55
MILAM COUNTY,331,20 Years,345,190,155,166,88,78,48,28,20,8,4,4,123,70,53
MILAM COUNTY,331,21 Years,351,181,170,162,80,82,51,30,21,9,5,4,129,66,63
MILAM COUNTY,331,22 Years,341,187,154,163,88,75,51,33,18,7,1,6,120,65,55
MILAM COUNTY,331,23 Years,326,170,156,176,90,86,39,19,20,6,3,3,105,58,47
MILAM COUNTY,331,24 Years,268,127,141,141,63,78,30,15,15,4,3,1,93,46,47
MILAM COUNTY,331,25 Years,231,119,112,117,59,58,30,17,13,4,3,1,80,40,40
MILAM COUNTY,331,26 Years,228,110,118,112,48,64,28,16,12,2,1,1,86,45,41
MILAM COUNTY,331,27 Years,223,119,104,128,63,65,23,13,10,2,2,0,70,41,29
MILAM COUNTY,331,28 Years,208,112,96,119,64,55,24,15,9,4,2,2,61,31,30
MILAM COUNTY,331,29 Years,212,113,99,117,57,60,20,12,8,3,2,1,72,42,30
MILAM COUNTY,331,30 Years,221,107,114,116,53,63,22,13,9,4,2,2,79,39,40
MILAM COUNTY,331,31 Years,219,117,102,114,68,46,18,7,11,2,1,1,85,41,44
MILAM COUNTY,331,32 Years,244,127,117,135,72,63,20,9,11,6,3,3,83,43,40
MILAM COUNTY,331,33 Years,226,115,111,127,61,66,19,8,11,4,2,2,76,44,32
MILAM COUNTY,331,34 Years,223,108,115,133,62,71,17,6,11,1,0,1,72,40,32
MILAM COUNTY,331,35 Years,232,110,122,134,61,73,23,9,14,4,3,1,71,37,34
MILAM COUNTY,331,36 Years,228,97,131,139,53,86,18,6,12,3,2,1,68,36,32
MILAM COUNTY,331,37 Years,238,106,132,145,63,82,18,3,15,3,3,0,72,37,35
MILAM COUNTY,331,38 Years,239,112,127,140,67,73,23,7,16,1,1,0,75,37,38
MILAM COUNTY,331,39 Years,268,131,137,150,76,74,30,12,18,4,2,2,84,41,43
MILAM COUNTY,331,40 Years,237,112,125,144,66,78,21,9,12,4,0,4,68,37,31
MILAM COUNTY,331,41 Years,249,114,135,147,68,79,25,9,16,3,0,3,74,37,37
MILAM COUNTY,331,42 Years,245,120,125,160,79,81,22,8,14,2,1,1,61,32,29
MILAM COUNTY,331,43 Years,273,139,134,182,88,94,27,15,12,5,3,2,59,33,26
MILAM COUNTY,331,44 Years,291,159,132,188,105,83,24,13,11,3,1,2,76,40,36
MILAM COUNTY,331,45 Years,283,141,142,177,90,87,26,9,17,5,2,3,75,40,35
MILAM COUNTY,331,46 Years,270,126,144,173,82,91,23,9,14,6,3,3,68,32,36
MILAM COUNTY,331,47 Years,275,141,134,188,96,92,19,10,9,5,3,2,63,32,31
MILAM COUNTY,331,48 Years,291,146,145,191,97,94,34,16,18,4,3,1,62,30,32
MILAM COUNTY,331,49 Years,307,148,159,197,96,101,35,17,18,6,3,3,69,32,37
MILAM COUNTY,331,50 Years,309,161,148,205,104,101,32,18,14,3,1,2,69,38,31
MILAM COUNTY,331,51 Years,322,160,162,220,108,112,34,18,16,1,1,0,67,33,34
MILAM COUNTY,331,52 Years,357,172,185,246,119,127,34,16,18,7,3,4,70,34,36
MILAM COUNTY,331,53 Years,327,157,170,225,104,121,36,17,19,8,3,5,58,33,25
MILAM COUNTY,331,54 Years,341,174,167,234,117,117,41,25,16,4,2,2,62,30,32
MILAM COUNTY,331,55 Years,357,170,187,250,122,128,44,20,24,4,2,2,59,26,33
MILAM COUNTY,331,56 Years,327,165,162,237,114,123,36,18,18,6,4,2,48,29,19
MILAM COUNTY,331,57 Years,342,168,174,243,113,130,27,16,11,6,3,3,66,36,30
MILAM COUNTY,331,58 Years,357,173,184,267,128,139,30,15,15,5,4,1,55,26,29
MILAM COUNTY,331,59 Years,362,184,178,269,133,136,30,15,15,6,3,3,57,33,24
MILAM COUNTY,331,60 Years,347,165,182,260,127,133,33,12,21,5,1,4,49,25,24
MILAM COUNTY,331,61 Years,348,169,179,270,136,134,32,15,17,2,0,2,44,18,26
MILAM COUNTY,331,62 Years,324,154,170,259,120,139,23,9,14,1,1,0,41,24,17
MILAM COUNTY,331,63 Years,315,150,165,249,119,130,22,8,14,4,2,2,40,21,19
MILAM COUNTY,331,64 Years,333,158,175,263,121,142,27,16,11,5,3,2,38,18,20
MILAM COUNTY,331,65 Years,308,154,154,239,120,119,30,17,13,4,2,2,35,15,20
MILAM COUNTY,331,66 Years,296,148,148,225,112,113,29,15,14,5,0,5,37,21,16
MILAM COUNTY,331,67 Years,305,160,145,234,120,114,33,17,16,3,1,2,35,22,13
MILAM COUNTY,331,68 Years,330,165,165,263,129,134,26,14,12,2,0,2,39,22,17
MILAM COUNTY,331,69 Years,265,140,125,212,116,96,22,11,11,2,0,2,29,13,16
MILAM COUNTY,331,70 Years,269,142,127,213,113,100,18,8,10,3,2,1,35,19,16
MILAM COUNTY,331,71 Years,242,121,121,194,97,97,18,9,9,5,3,2,25,12,13
MILAM COUNTY,331,72 Years,228,115,113,190,96,94,17,8,9,4,2,2,17,9,8
MILAM COUNTY,331,73 Years,210,107,103,174,89,85,16,8,8,3,1,2,17,9,8
MILAM COUNTY,331,74 Years,193,95,98,156,82,74,17,6,11,2,0,2,18,7,11
MILAM COUNTY,331,75 Years,182,87,95,145,71,74,14,3,11,2,1,1,21,12,9
MILAM COUNTY,331,76 Years,170,80,90,136,65,71,18,6,12,1,0,1,15,9,6
MILAM COUNTY,331,77 Years,181,84,97,144,67,77,15,8,7,3,1,2,19,8,11
MILAM COUNTY,331,78 Years,176,74,102,141,61,80,16,7,9,3,1,2,16,5,11
MILAM COUNTY,331,79 Years,159,76,83,128,61,67,13,6,7,1,0,1,17,9,8
MILAM COUNTY,331,80 Years,138,67,71,111,50,61,12,7,5,0,0,0,15,10,5
MILAM COUNTY,331,81 Years,135,59,76,110,48,62,14,6,8,0,0,0,11,5,6
MILAM COUNTY,331,82 Years,119,55,64,99,46,53,10,5,5,2,0,2,8,4,4
MILAM COUNTY,331,83 Years,109,45,64,91,36,55,8,4,4,1,1,0,9,4,5
MILAM COUNTY,331,84 Years,107,45,62,85,36,49,12,5,7,1,1,0,9,3,6
MILAM COUNTY,331,85 Years +,586,215,371,486,176,310,47,13,34,7,4,3,46,22,24
MILLS COUNTY,333,All Ages,5041,2508,2533,3995,1954,2041,25,12,13,80,42,38,941,500,441
MILLS COUNTY,333,< 1 Year,44,24,20,25,14,11,0,0,0,2,1,1,17,9,8
MILLS COUNTY,333,1 Years,53,30,23,31,17,14,0,0,0,2,1,1,20,12,8
MILLS COUNTY,333,2 Years,54,31,23,32,17,15,0,0,0,2,1,1,20,13,7
MILLS COUNTY,333,3 Years,50,29,21,30,17,13,0,0,0,3,2,1,17,10,7
MILLS COUNTY,333,4 Years,51,27,24,30,14,16,0,0,0,0,0,0,21,13,8
MILLS COUNTY,333,5 Years,60,32,28,35,14,21,0,0,0,1,1,0,24,17,7
MILLS COUNTY,333,6 Years,58,32,26,38,21,17,0,0,0,2,2,0,18,9,9
MILLS COUNTY,333,7 Years,66,29,37,43,20,23,0,0,0,1,1,0,22,8,14
MILLS COUNTY,333,8 Years,72,32,40,49,25,24,0,0,0,2,1,1,21,6,15
MILLS COUNTY,333,9 Years,76,41,35,56,31,25,1,1,0,1,1,0,18,8,10
MILLS COUNTY,333,10 Years,66,30,36,47,21,26,0,0,0,1,0,1,18,9,9
MILLS COUNTY,333,11 Years,67,37,30,49,26,23,0,0,0,2,2,0,16,9,7
MILLS COUNTY,333,12 Years,64,32,32,50,23,27,0,0,0,2,2,0,12,7,5
MILLS COUNTY,333,13 Years,69,39,30,58,31,27,0,0,0,1,1,0,10,7,3
MILLS COUNTY,333,14 Years,78,43,35,65,36,29,1,0,1,1,1,0,11,6,5
MILLS COUNTY,333,15 Years,83,42,41,66,35,31,4,2,2,0,0,0,13,5,8
MILLS COUNTY,333,16 Years,83,37,46,63,28,35,4,3,1,1,0,1,15,6,9
MILLS COUNTY,333,17 Years,79,33,46,60,26,34,4,1,3,1,0,1,14,6,8
MILLS COUNTY,333,18 Years,81,42,39,60,30,30,3,2,1,0,0,0,18,10,8
MILLS COUNTY,333,19 Years,72,40,32,47,25,22,1,1,0,0,0,0,24,14,10
MILLS COUNTY,333,20 Years,66,35,31,45,22,23,1,1,0,1,0,1,19,12,7
MILLS COUNTY,333,21 Years,71,36,35,47,23,24,1,0,1,3,3,0,20,10,10
MILLS COUNTY,333,22 Years,75,45,30,53,29,24,0,0,0,1,1,0,21,15,6
MILLS COUNTY,333,23 Years,70,41,29,55,31,24,0,0,0,0,0,0,15,10,5
MILLS COUNTY,333,24 Years,44,21,23,33,14,19,0,0,0,0,0,0,11,7,4
MILLS COUNTY,333,25 Years,40,21,19,25,14,11,0,0,0,2,0,2,13,7,6
MILLS COUNTY,333,26 Years,35,20,15,25,12,13,0,0,0,0,0,0,10,8,2
MILLS COUNTY,333,27 Years,38,18,20,23,10,13,0,0,0,0,0,0,15,8,7
MILLS COUNTY,333,28 Years,42,23,19,29,19,10,0,0,0,1,0,1,12,4,8
MILLS COUNTY,333,29 Years,32,20,12,26,17,9,0,0,0,0,0,0,6,3,3
MILLS COUNTY,333,30 Years,37,20,17,29,16,13,0,0,0,0,0,0,8,4,4
MILLS COUNTY,333,31 Years,35,20,15,25,14,11,0,0,0,0,0,0,10,6,4
MILLS COUNTY,333,32 Years,37,14,23,24,7,17,0,0,0,2,0,2,11,7,4
MILLS COUNTY,333,33 Years,41,13,28,31,11,20,0,0,0,1,0,1,9,2,7
MILLS COUNTY,333,34 Years,37,16,21,28,12,16,0,0,0,0,0,0,9,4,5
MILLS COUNTY,333,35 Years,46,25,21,33,18,15,0,0,0,2,2,0,11,5,6
MILLS COUNTY,333,36 Years,46,24,22,30,14,16,0,0,0,1,1,0,15,9,6
MILLS COUNTY,333,37 Years,42,19,23,31,14,17,0,0,0,0,0,0,11,5,6
MILLS COUNTY,333,38 Years,43,22,21,34,18,16,0,0,0,1,1,0,8,3,5
MILLS COUNTY,333,39 Years,44,18,26,32,14,18,1,0,1,2,1,1,9,3,6
MILLS COUNTY,333,40 Years,32,15,17,23,11,12,0,0,0,1,0,1,8,4,4
MILLS COUNTY,333,41 Years,40,21,19,29,16,13,0,0,0,1,1,0,10,4,6
MILLS COUNTY,333,42 Years,44,22,22,33,16,17,0,0,0,0,0,0,11,6,5
MILLS COUNTY,333,43 Years,46,19,27,31,14,17,0,0,0,1,0,1,14,5,9
MILLS COUNTY,333,44 Years,60,23,37,44,17,27,0,0,0,2,1,1,14,5,9
MILLS COUNTY,333,45 Years,65,33,32,50,25,25,0,0,0,1,1,0,14,7,7
MILLS COUNTY,333,46 Years,61,37,24,50,31,19,0,0,0,1,0,1,10,6,4
MILLS COUNTY,333,47 Years,53,25,28,43,20,23,0,0,0,1,0,1,9,5,4
MILLS COUNTY,333,48 Years,62,33,29,52,26,26,0,0,0,0,0,0,10,7,3
MILLS COUNTY,333,49 Years,62,33,29,48,26,22,0,0,0,1,0,1,13,7,6
MILLS COUNTY,333,50 Years,71,38,33,53,26,27,0,0,0,2,1,1,16,11,5
MILLS COUNTY,333,51 Years,59,29,30,48,23,25,0,0,0,1,0,1,10,6,4
MILLS COUNTY,333,52 Years,60,29,31,46,20,26,1,1,0,1,0,1,12,8,4
MILLS COUNTY,333,53 Years,65,31,34,53,24,29,1,0,1,2,1,1,9,6,3
MILLS COUNTY,333,54 Years,72,36,36,59,29,30,0,0,0,1,0,1,12,7,5
MILLS COUNTY,333,55 Years,59,33,26,53,29,24,0,0,0,0,0,0,6,4,2
MILLS COUNTY,333,56 Years,52,24,28,46,22,24,0,0,0,0,0,0,6,2,4
MILLS COUNTY,333,57 Years,64,31,33,57,27,30,0,0,0,1,0,1,6,4,2
MILLS COUNTY,333,58 Years,69,33,36,57,27,30,0,0,0,3,1,2,9,5,4
MILLS COUNTY,333,59 Years,77,38,39,65,31,34,0,0,0,2,1,1,10,6,4
MILLS COUNTY,333,60 Years,78,44,34,66,37,29,1,0,1,1,1,0,10,6,4
MILLS COUNTY,333,61 Years,69,35,34,60,31,29,1,0,1,0,0,0,8,4,4
MILLS COUNTY,333,62 Years,71,35,36,60,30,30,0,0,0,2,1,1,9,4,5
MILLS COUNTY,333,63 Years,68,30,38,58,27,31,0,0,0,1,0,1,9,3,6
MILLS COUNTY,333,64 Years,73,40,33,64,36,28,0,0,0,2,1,1,7,3,4
MILLS COUNTY,333,65 Years,78,36,42,69,32,37,0,0,0,1,1,0,8,3,5
MILLS COUNTY,333,66 Years,80,33,47,70,30,40,0,0,0,1,0,1,9,3,6
MILLS COUNTY,333,67 Years,68,34,34,63,32,31,0,0,0,0,0,0,5,2,3
MILLS COUNTY,333,68 Years,71,36,35,67,33,34,0,0,0,0,0,0,4,3,1
MILLS COUNTY,333,69 Years,69,32,37,66,31,35,0,0,0,1,0,1,2,1,1
MILLS COUNTY,333,70 Years,75,32,43,68,29,39,0,0,0,2,1,1,5,2,3
MILLS COUNTY,333,71 Years,77,41,36,74,39,35,0,0,0,1,1,0,2,1,1
MILLS COUNTY,333,72 Years,74,38,36,68,35,33,0,0,0,0,0,0,6,3,3
MILLS COUNTY,333,73 Years,67,34,33,65,33,32,0,0,0,0,0,0,2,1,1
MILLS COUNTY,333,74 Years,58,32,26,53,30,23,0,0,0,0,0,0,5,2,3
MILLS COUNTY,333,75 Years,45,24,21,41,20,21,0,0,0,1,1,0,3,3,0
MILLS COUNTY,333,76 Years,53,20,33,45,16,29,0,0,0,0,0,0,8,4,4
MILLS COUNTY,333,77 Years,42,19,23,39,17,22,0,0,0,0,0,0,3,2,1
MILLS COUNTY,333,78 Years,37,18,19,35,16,19,0,0,0,1,1,0,1,1,0
MILLS COUNTY,333,79 Years,36,18,18,32,17,15,0,0,0,0,0,0,4,1,3
MILLS COUNTY,333,80 Years,28,15,13,25,13,12,0,0,0,0,0,0,3,2,1
MILLS COUNTY,333,81 Years,35,15,20,31,13,18,0,0,0,0,0,0,4,2,2
MILLS COUNTY,333,82 Years,36,19,17,30,15,15,0,0,0,0,0,0,6,4,2
MILLS COUNTY,333,83 Years,34,17,17,31,16,15,0,0,0,0,0,0,3,1,2
MILLS COUNTY,333,84 Years,33,13,20,30,12,18,0,0,0,0,0,0,3,1,2
MILLS COUNTY,333,85 Years +,166,62,104,153,54,99,0,0,0,2,1,1,11,7,4
MITCHELL COUNTY,335,All Ages,8980,5482,3498,4376,2319,2057,953,841,112,134,73,61,3517,2249,1268
MITCHELL COUNTY,335,< 1 Year,83,37,46,39,19,20,2,1,1,0,0,0,42,17,25
MITCHELL COUNTY,335,1 Years,84,42,42,35,18,17,0,0,0,2,1,1,47,23,24
MITCHELL COUNTY,335,2 Years,89,46,43,35,18,17,0,0,0,3,1,2,51,27,24
MITCHELL COUNTY,335,3 Years,92,51,41,35,21,14,0,0,0,5,2,3,52,28,24
MITCHELL COUNTY,335,4 Years,97,50,47,38,20,18,0,0,0,4,2,2,55,28,27
MITCHELL COUNTY,335,5 Years,90,45,45,36,13,23,1,0,1,3,1,2,50,31,19
MITCHELL COUNTY,335,6 Years,96,44,52,45,19,26,3,0,3,2,0,2,46,25,21
MITCHELL COUNTY,335,7 Years,96,48,48,42,21,21,3,1,2,3,1,2,48,25,23
MITCHELL COUNTY,335,8 Years,95,49,46,42,23,19,3,0,3,2,1,1,48,25,23
MITCHELL COUNTY,335,9 Years,89,45,44,42,21,21,2,1,1,1,0,1,44,23,21
MITCHELL COUNTY,335,10 Years,75,44,31,30,18,12,3,2,1,2,1,1,40,23,17
MITCHELL COUNTY,335,11 Years,94,47,47,44,22,22,5,2,3,1,0,1,44,23,21
MITCHELL COUNTY,335,12 Years,94,49,45,40,21,19,7,3,4,2,1,1,45,24,21
MITCHELL COUNTY,335,13 Years,93,47,46,45,24,21,8,5,3,1,0,1,39,18,21
MITCHELL COUNTY,335,14 Years,103,49,54,52,25,27,5,4,1,0,0,0,46,20,26
MITCHELL COUNTY,335,15 Years,105,55,50,51,25,26,3,2,1,1,1,0,50,27,23
MITCHELL COUNTY,335,16 Years,102,55,47,50,30,20,5,2,3,1,1,0,46,22,24
MITCHELL COUNTY,335,17 Years,106,58,48,53,30,23,4,3,1,1,1,0,48,24,24
MITCHELL COUNTY,335,18 Years,99,57,42,47,23,24,6,5,1,2,1,1,44,28,16
MITCHELL COUNTY,335,19 Years,133,92,41,42,23,19,20,20,0,3,1,2,68,48,20
MITCHELL COUNTY,335,20 Years,175,124,51,45,20,25,27,26,1,3,1,2,100,77,23
MITCHELL COUNTY,335,21 Years,213,165,48,55,32,23,54,51,3,1,1,0,103,81,22
MITCHELL COUNTY,335,22 Years,210,171,39,55,38,17,58,54,4,1,1,0,96,78,18
MITCHELL COUNTY,335,23 Years,203,161,42,55,35,20,48,46,2,4,2,2,96,78,18
MITCHELL COUNTY,335,24 Years,202,164,38,72,53,19,41,39,2,1,0,1,88,72,16
MITCHELL COUNTY,335,25 Years,188,152,36,60,45,15,58,56,2,1,1,0,69,50,19
MITCHELL COUNTY,335,26 Years,182,147,35,51,33,18,47,44,3,1,0,1,83,70,13
MITCHELL COUNTY,335,27 Years,155,127,28,47,36,11,32,30,2,1,1,0,75,60,15
MITCHELL COUNTY,335,28 Years,166,134,32,53,37,16,37,36,1,2,2,0,74,59,15
MITCHELL COUNTY,335,29 Years,138,108,30,47,30,17,25,25,0,3,2,1,63,51,12
MITCHELL COUNTY,335,30 Years,147,111,36,51,35,16,31,31,0,2,0,2,63,45,18
MITCHELL COUNTY,335,31 Years,117,83,34,42,27,15,22,22,0,4,2,2,49,32,17
MITCHELL COUNTY,335,32 Years,128,93,35,48,29,19,18,18,0,2,1,1,60,45,15
MITCHELL COUNTY,335,33 Years,132,98,34,51,32,19,22,21,1,0,0,0,59,45,14
MITCHELL COUNTY,335,34 Years,136,94,42,62,37,25,21,20,1,2,2,0,51,35,16
MITCHELL COUNTY,335,35 Years,129,83,46,54,23,31,18,18,0,3,2,1,54,40,14
MITCHELL COUNTY,335,36 Years,138,98,40,57,32,25,20,18,2,3,1,2,58,47,11
MITCHELL COUNTY,335,37 Years,126,95,31,58,34,24,20,19,1,2,2,0,46,40,6
MITCHELL COUNTY,335,38 Years,125,88,37,62,35,27,17,17,0,2,2,0,44,34,10
MITCHELL COUNTY,335,39 Years,107,78,29,47,29,18,9,9,0,1,1,0,50,39,11
MITCHELL COUNTY,335,40 Years,92,61,31,53,32,21,9,9,0,3,3,0,27,17,10
MITCHELL COUNTY,335,41 Years,111,77,34,58,33,25,18,17,1,1,1,0,34,26,8
MITCHELL COUNTY,335,42 Years,93,56,37,39,17,22,18,16,2,1,1,0,35,22,13
MITCHELL COUNTY,335,43 Years,103,66,37,44,25,19,19,18,1,2,2,0,38,21,17
MITCHELL COUNTY,335,44 Years,114,65,49,59,31,28,9,8,1,1,1,0,45,25,20
MITCHELL COUNTY,335,45 Years,137,85,52,67,40,27,13,11,2,1,1,0,56,33,23
MITCHELL COUNTY,335,46 Years,102,66,36,48,26,22,11,9,2,1,1,0,42,30,12
MITCHELL COUNTY,335,47 Years,96,69,27,47,33,14,8,7,1,3,2,1,38,27,11
MITCHELL COUNTY,335,48 Years,105,64,41,46,25,21,14,12,2,3,2,1,42,25,17
MITCHELL COUNTY,335,49 Years,125,85,40,60,37,23,12,10,2,2,1,1,51,37,14
MITCHELL COUNTY,335,50 Years,97,54,43,47,22,25,7,4,3,0,0,0,43,28,15
MITCHELL COUNTY,335,51 Years,87,48,39,49,27,22,6,4,2,0,0,0,32,17,15
MITCHELL COUNTY,335,52 Years,115,73,42,64,38,26,10,9,1,1,1,0,40,25,15
MITCHELL COUNTY,335,53 Years,108,63,45,67,37,30,10,7,3,1,0,1,30,19,11
MITCHELL COUNTY,335,54 Years,92,52,40,50,26,24,5,4,1,0,0,0,37,22,15
MITCHELL COUNTY,335,55 Years,105,58,47,69,36,33,7,6,1,1,1,0,28,15,13
MITCHELL COUNTY,335,56 Years,109,62,47,70,40,30,4,2,2,3,1,2,32,19,13
MITCHELL COUNTY,335,57 Years,104,49,55,65,30,35,4,3,1,2,1,1,33,15,18
MITCHELL COUNTY,335,58 Years,86,39,47,59,24,35,3,2,1,2,1,1,22,12,10
MITCHELL COUNTY,335,59 Years,89,42,47,58,25,33,7,4,3,0,0,0,24,13,11
MITCHELL COUNTY,335,60 Years,111,58,53,79,40,39,4,2,2,3,2,1,25,14,11
MITCHELL COUNTY,335,61 Years,109,50,59,84,38,46,2,2,0,1,0,1,22,10,12
MITCHELL COUNTY,335,62 Years,105,50,55,74,35,39,2,1,1,0,0,0,29,14,15
MITCHELL COUNTY,335,63 Years,109,57,52,76,38,38,4,2,2,1,1,0,28,16,12
MITCHELL COUNTY,335,64 Years,102,42,60,69,31,38,2,1,1,2,1,1,29,9,20
MITCHELL COUNTY,335,65 Years,91,43,48,64,31,33,2,0,2,0,0,0,25,12,13
MITCHELL COUNTY,335,66 Years,79,39,40,52,24,28,1,0,1,1,1,0,25,14,11
MITCHELL COUNTY,335,67 Years,84,44,40,58,29,29,1,1,0,0,0,0,25,14,11
MITCHELL COUNTY,335,68 Years,90,46,44,67,32,35,0,0,0,1,1,0,22,13,9
MITCHELL COUNTY,335,69 Years,76,36,40,55,22,33,0,0,0,2,1,1,19,13,6
MITCHELL COUNTY,335,70 Years,70,31,39,50,21,29,1,1,0,2,0,2,17,9,8
MITCHELL COUNTY,335,71 Years,66,27,39,43,17,26,3,0,3,2,1,1,18,9,9
MITCHELL COUNTY,335,72 Years,62,27,35,42,17,25,4,3,1,0,0,0,16,7,9
MITCHELL COUNTY,335,73 Years,63,34,29,45,28,17,2,1,1,0,0,0,16,5,11
MITCHELL COUNTY,335,74 Years,62,26,36,41,17,24,2,1,1,3,2,1,16,6,10
MITCHELL COUNTY,335,75 Years,42,16,26,29,10,19,1,1,0,1,0,1,11,5,6
MITCHELL COUNTY,335,76 Years,48,22,26,34,16,18,2,2,0,1,0,1,11,4,7
MITCHELL COUNTY,335,77 Years,47,21,26,36,17,19,1,1,0,0,0,0,10,3,7
MITCHELL COUNTY,335,78 Years,49,25,24,37,20,17,2,1,1,0,0,0,10,4,6
MITCHELL COUNTY,335,79 Years,47,25,22,29,16,13,2,1,1,2,1,1,14,7,7
MITCHELL COUNTY,335,80 Years,39,15,24,27,9,18,2,1,1,1,0,1,9,5,4
MITCHELL COUNTY,335,81 Years,27,10,17,19,7,12,0,0,0,0,0,0,8,3,5
MITCHELL COUNTY,335,82 Years,33,14,19,20,11,9,3,1,2,0,0,0,10,2,8
MITCHELL COUNTY,335,83 Years,32,16,16,22,12,10,1,0,1,2,1,1,7,3,4
MITCHELL COUNTY,335,84 Years,38,17,21,27,11,16,3,2,1,2,1,1,6,3,3
MITCHELL COUNTY,335,85 Years +,197,73,124,163,60,103,7,3,4,1,0,1,26,10,16
MONTAGUE COUNTY,337,All Ages,19739,9769,9970,16950,8386,8564,43,28,15,429,194,235,2317,1161,1156
MONTAGUE COUNTY,337,< 1 Year,228,109,119,164,80,84,0,0,0,6,4,2,58,25,33
MONTAGUE COUNTY,337,1 Years,225,113,112,166,82,84,0,0,0,6,4,2,53,27,26
MONTAGUE COUNTY,337,2 Years,224,113,111,168,83,85,4,2,2,6,4,2,46,24,22
MONTAGUE COUNTY,337,3 Years,224,112,112,171,85,86,4,2,2,3,2,1,46,23,23
MONTAGUE COUNTY,337,4 Years,245,126,119,184,97,87,0,0,0,4,2,2,57,27,30
MONTAGUE COUNTY,337,5 Years,264,140,124,198,112,86,2,1,1,4,2,2,60,25,35
MONTAGUE COUNTY,337,6 Years,248,127,121,186,96,90,2,2,0,4,2,2,56,27,29
MONTAGUE COUNTY,337,7 Years,256,133,123,197,99,98,0,0,0,8,5,3,51,29,22
MONTAGUE COUNTY,337,8 Years,250,134,116,193,102,91,1,1,0,7,3,4,49,28,21
MONTAGUE COUNTY,337,9 Years,228,122,106,169,91,78,1,0,1,8,4,4,50,27,23
MONTAGUE COUNTY,337,10 Years,246,129,117,183,96,87,1,1,0,10,4,6,52,28,24
MONTAGUE COUNTY,337,11 Years,259,132,127,195,97,98,1,1,0,11,4,7,52,30,22
MONTAGUE COUNTY,337,12 Years,241,129,112,185,99,86,0,0,0,9,3,6,47,27,20
MONTAGUE COUNTY,337,13 Years,256,144,112,194,107,87,2,2,0,9,4,5,51,31,20
MONTAGUE COUNTY,337,14 Years,262,125,137,207,98,109,1,1,0,7,4,3,47,22,25
MONTAGUE COUNTY,337,15 Years,235,104,131,179,86,93,1,0,1,6,3,3,49,15,34
MONTAGUE COUNTY,337,16 Years,254,127,127,197,101,96,1,0,1,8,6,2,48,20,28
MONTAGUE COUNTY,337,17 Years,266,125,141,213,101,112,2,0,2,6,3,3,45,21,24
MONTAGUE COUNTY,337,18 Years,241,109,132,190,89,101,2,1,1,7,4,3,42,15,27
MONTAGUE COUNTY,337,19 Years,209,96,113,162,78,84,1,1,0,7,2,5,39,15,24
MONTAGUE COUNTY,337,20 Years,204,98,106,152,73,79,1,0,1,8,4,4,43,21,22
MONTAGUE COUNTY,337,21 Years,208,105,103,154,79,75,1,1,0,5,2,3,48,23,25
MONTAGUE COUNTY,337,22 Years,222,115,107,167,85,82,1,1,0,11,6,5,43,23,20
MONTAGUE COUNTY,337,23 Years,235,113,122,183,92,91,2,2,0,7,2,5,43,17,26
MONTAGUE COUNTY,337,24 Years,194,105,89,142,81,61,1,1,0,4,3,1,47,20,27
MONTAGUE COUNTY,337,25 Years,209,106,103,171,87,84,0,0,0,1,0,1,37,19,18
MONTAGUE COUNTY,337,26 Years,213,106,107,178,90,88,0,0,0,2,1,1,33,15,18
MONTAGUE COUNTY,337,27 Years,189,86,103,157,69,88,0,0,0,2,1,1,30,16,14
MONTAGUE COUNTY,337,28 Years,176,78,98,141,62,79,0,0,0,5,2,3,30,14,16
MONTAGUE COUNTY,337,29 Years,186,107,79,158,91,67,0,0,0,3,1,2,25,15,10
MONTAGUE COUNTY,337,30 Years,173,98,75,137,76,61,1,1,0,1,1,0,34,20,14
MONTAGUE COUNTY,337,31 Years,180,89,91,141,68,73,1,1,0,2,0,2,36,20,16
MONTAGUE COUNTY,337,32 Years,184,95,89,148,75,73,1,1,0,8,6,2,27,13,14
MONTAGUE COUNTY,337,33 Years,182,91,91,148,73,75,0,0,0,6,4,2,28,14,14
MONTAGUE COUNTY,337,34 Years,194,94,100,168,83,85,0,0,0,6,2,4,20,9,11
MONTAGUE COUNTY,337,35 Years,199,106,93,167,90,77,0,0,0,5,1,4,27,15,12
MONTAGUE COUNTY,337,36 Years,175,91,84,146,76,70,0,0,0,3,1,2,26,14,12
MONTAGUE COUNTY,337,37 Years,192,99,93,161,81,80,0,0,0,4,2,2,27,16,11
MONTAGUE COUNTY,337,38 Years,189,89,100,156,71,85,0,0,0,4,1,3,29,17,12
MONTAGUE COUNTY,337,39 Years,193,93,100,160,77,83,0,0,0,5,2,3,28,14,14
MONTAGUE COUNTY,337,40 Years,205,93,112,170,78,92,0,0,0,2,1,1,33,14,19
MONTAGUE COUNTY,337,41 Years,214,102,112,173,87,86,0,0,0,6,2,4,35,13,22
MONTAGUE COUNTY,337,42 Years,229,131,98,190,113,77,1,1,0,5,2,3,33,15,18
MONTAGUE COUNTY,337,43 Years,212,111,101,185,99,86,0,0,0,4,2,2,23,10,13
MONTAGUE COUNTY,337,44 Years,239,125,114,210,111,99,0,0,0,5,1,4,24,13,11
MONTAGUE COUNTY,337,45 Years,229,114,115,200,99,101,1,0,1,3,1,2,25,14,11
MONTAGUE COUNTY,337,46 Years,242,113,129,201,96,105,1,1,0,7,2,5,33,14,19
MONTAGUE COUNTY,337,47 Years,221,104,117,187,89,98,0,0,0,6,1,5,28,14,14
MONTAGUE COUNTY,337,48 Years,244,129,115,216,114,102,0,0,0,3,2,1,25,13,12
MONTAGUE COUNTY,337,49 Years,275,141,134,239,123,116,0,0,0,6,3,3,30,15,15
MONTAGUE COUNTY,337,50 Years,268,134,134,230,118,112,0,0,0,4,0,4,34,16,18
MONTAGUE COUNTY,337,51 Years,250,120,130,220,109,111,0,0,0,2,0,2,28,11,17
MONTAGUE COUNTY,337,52 Years,271,134,137,240,119,121,0,0,0,6,2,4,25,13,12
MONTAGUE COUNTY,337,53 Years,300,153,147,260,132,128,0,0,0,12,5,7,28,16,12
MONTAGUE COUNTY,337,54 Years,310,152,158,275,133,142,0,0,0,9,3,6,26,16,10
MONTAGUE COUNTY,337,55 Years,318,159,159,287,143,144,0,0,0,7,3,4,24,13,11
MONTAGUE COUNTY,337,56 Years,285,142,143,261,128,133,0,0,0,9,4,5,15,10,5
MONTAGUE COUNTY,337,57 Years,295,150,145,275,138,137,1,0,1,3,2,1,16,10,6
MONTAGUE COUNTY,337,58 Years,307,153,154,279,139,140,1,0,1,9,4,5,18,10,8
MONTAGUE COUNTY,337,59 Years,279,143,136,257,128,129,0,0,0,8,5,3,14,10,4
MONTAGUE COUNTY,337,60 Years,283,140,143,263,130,133,0,0,0,6,2,4,14,8,6
MONTAGUE COUNTY,337,61 Years,278,136,142,262,126,136,1,1,0,5,3,2,10,6,4
MONTAGUE COUNTY,337,62 Years,259,127,132,250,122,128,0,0,0,3,2,1,6,3,3
MONTAGUE COUNTY,337,63 Years,263,134,129,255,129,126,0,0,0,4,2,2,4,3,1
MONTAGUE COUNTY,337,64 Years,263,134,129,254,128,126,1,1,0,2,2,0,6,3,3
MONTAGUE COUNTY,337,65 Years,287,135,152,278,130,148,1,1,0,2,2,0,6,2,4
MONTAGUE COUNTY,337,66 Years,310,142,168,298,138,160,0,0,0,4,2,2,8,2,6
MONTAGUE COUNTY,337,67 Years,313,156,157,300,151,149,0,0,0,5,2,3,8,3,5
MONTAGUE COUNTY,337,68 Years,300,161,139,284,150,134,0,0,0,8,5,3,8,6,2
MONTAGUE COUNTY,337,69 Years,263,133,130,250,126,124,0,0,0,6,3,3,7,4,3
MONTAGUE COUNTY,337,70 Years,238,111,127,231,107,124,0,0,0,3,1,2,4,3,1
MONTAGUE COUNTY,337,71 Years,243,122,121,233,116,117,0,0,0,2,1,1,8,5,3
MONTAGUE COUNTY,337,72 Years,240,117,123,230,110,120,0,0,0,3,2,1,7,5,2
MONTAGUE COUNTY,337,73 Years,219,107,112,209,100,109,0,0,0,3,1,2,7,6,1
MONTAGUE COUNTY,337,74 Years,187,102,85,181,98,83,0,0,0,3,2,1,3,2,1
MONTAGUE COUNTY,337,75 Years,157,81,76,150,77,73,0,0,0,2,1,1,5,3,2
MONTAGUE COUNTY,337,76 Years,164,83,81,160,80,80,0,0,0,1,1,0,3,2,1
MONTAGUE COUNTY,337,77 Years,173,76,97,171,75,96,0,0,0,1,0,1,1,1,0
MONTAGUE COUNTY,337,78 Years,166,75,91,162,73,89,0,0,0,2,0,2,2,2,0
MONTAGUE COUNTY,337,79 Years,152,67,85,144,63,81,0,0,0,4,1,3,4,3,1
MONTAGUE COUNTY,337,80 Years,126,55,71,119,53,66,0,0,0,4,1,3,3,1,2
MONTAGUE COUNTY,337,81 Years,118,55,63,114,54,60,0,0,0,2,1,1,2,0,2
MONTAGUE COUNTY,337,82 Years,117,54,63,114,53,61,0,0,0,1,0,1,2,1,1
MONTAGUE COUNTY,337,83 Years,105,45,60,99,44,55,0,0,0,2,0,2,4,1,3
MONTAGUE COUNTY,337,84 Years,92,40,52,87,38,49,0,0,0,2,1,1,3,1,2
MONTAGUE COUNTY,337,85 Years +,472,165,307,461,161,300,0,0,0,5,0,5,6,4,2
MONTGOMERY COUNTY,339,All Ages,539335,264208,275127,358465,172965,185500,23028,11042,11986,24428,11662,12766,133414,68539,64875
MONTGOMERY COUNTY,339,< 1 Year,6954,3568,3386,3723,1886,1837,314,161,153,446,224,222,2471,1297,1174
MONTGOMERY COUNTY,339,1 Years,6778,3460,3318,3669,1866,1803,300,153,147,461,233,228,2348,1208,1140
MONTGOMERY COUNTY,339,2 Years,6528,3309,3219,3573,1811,1762,276,144,132,442,220,222,2237,1134,1103
MONTGOMERY COUNTY,339,3 Years,6426,3262,3164,3560,1802,1758,263,138,125,432,217,215,2171,1105,1066
MONTGOMERY COUNTY,339,4 Years,6515,3314,3201,3542,1784,1758,266,140,126,437,212,225,2270,1178,1092
MONTGOMERY COUNTY,339,5 Years,6595,3461,3134,3602,1907,1695,263,126,137,424,220,204,2306,1208,1098
MONTGOMERY COUNTY,339,6 Years,7011,3626,3385,3859,2016,1843,288,139,149,472,241,231,2392,1230,1162
MONTGOMERY COUNTY,339,7 Years,7486,3850,3636,4129,2146,1983,326,160,166,486,252,234,2545,1292,1253
MONTGOMERY COUNTY,339,8 Years,7825,3977,3848,4309,2190,2119,331,169,162,493,263,230,2692,1355,1337
MONTGOMERY COUNTY,339,9 Years,8042,4111,3931,4424,2278,2146,352,166,186,499,259,240,2767,1408,1359
MONTGOMERY COUNTY,339,10 Years,8227,4147,4080,4561,2281,2280,334,175,159,495,254,241,2837,1437,1400
MONTGOMERY COUNTY,339,11 Years,8433,4298,4135,4754,2400,2354,377,196,181,483,255,228,2819,1447,1372
MONTGOMERY COUNTY,339,12 Years,8604,4381,4223,4900,2472,2428,416,212,204,441,226,215,2847,1471,1376
MONTGOMERY COUNTY,339,13 Years,8668,4374,4294,4916,2466,2450,431,222,209,437,225,212,2884,1461,1423
MONTGOMERY COUNTY,339,14 Years,8771,4412,4359,4976,2478,2498,437,235,202,462,227,235,2896,1472,1424
MONTGOMERY COUNTY,339,15 Years,8749,4415,4334,5054,2545,2509,432,211,221,458,225,233,2805,1434,1371
MONTGOMERY COUNTY,339,16 Years,8550,4357,4193,4973,2500,2473,447,215,232,432,216,216,2698,1426,1272
MONTGOMERY COUNTY,339,17 Years,8325,4233,4092,4893,2442,2451,431,215,216,440,224,216,2561,1352,1209
MONTGOMERY COUNTY,339,18 Years,7943,4085,3858,4589,2353,2236,396,198,198,441,224,217,2517,1310,1207
MONTGOMERY COUNTY,339,19 Years,7196,3654,3542,4056,2055,2001,372,186,186,413,214,199,2355,1199,1156
MONTGOMERY COUNTY,339,20 Years,6795,3420,3375,3854,1942,1912,330,166,164,375,183,192,2236,1129,1107
MONTGOMERY COUNTY,339,21 Years,6561,3301,3260,3687,1829,1858,342,171,171,350,167,183,2182,1134,1048
MONTGOMERY COUNTY,339,22 Years,6466,3257,3209,3668,1816,1852,341,176,165,324,158,166,2133,1107,1026
MONTGOMERY COUNTY,339,23 Years,6195,3143,3052,3613,1815,1798,312,154,158,263,136,127,2007,1038,969
MONTGOMERY COUNTY,339,24 Years,5520,2819,2701,3110,1540,1570,279,145,134,238,130,108,1893,1004,889
MONTGOMERY COUNTY,339,25 Years,5338,2767,2571,3058,1540,1518,267,129,138,221,102,119,1792,996,796
MONTGOMERY COUNTY,339,26 Years,5258,2726,2532,3009,1514,1495,258,123,135,207,93,114,1784,996,788
MONTGOMERY COUNTY,339,27 Years,5194,2652,2542,3001,1478,1523,238,115,123,228,107,121,1727,952,775
MONTGOMERY COUNTY,339,28 Years,5567,2800,2767,3319,1596,1723,255,117,138,222,108,114,1771,979,792
MONTGOMERY COUNTY,339,29 Years,5815,2887,2928,3414,1621,1793,275,133,142,202,105,97,1924,1028,896
MONTGOMERY COUNTY,339,30 Years,6160,3075,3085,3646,1753,1893,301,157,144,220,109,111,1993,1056,937
MONTGOMERY COUNTY,339,31 Years,6502,3155,3347,4016,1883,2133,291,140,151,239,113,126,1956,1019,937
MONTGOMERY COUNTY,339,32 Years,7047,3396,3651,4345,2022,2323,304,143,161,251,122,129,2147,1109,1038
MONTGOMERY COUNTY,339,33 Years,7452,3600,3852,4611,2149,2462,333,167,166,270,128,142,2238,1156,1082
MONTGOMERY COUNTY,339,34 Years,7562,3675,3887,4712,2225,2487,376,189,187,289,125,164,2185,1136,1049
MONTGOMERY COUNTY,339,35 Years,7684,3759,3925,4803,2292,2511,390,178,212,303,139,164,2188,1150,1038
MONTGOMERY COUNTY,339,36 Years,7542,3648,3894,4677,2230,2447,347,162,185,312,149,163,2206,1107,1099
MONTGOMERY COUNTY,339,37 Years,7433,3535,3898,4600,2174,2426,337,163,174,307,126,181,2189,1072,1117
MONTGOMERY COUNTY,339,38 Years,7522,3648,3874,4630,2245,2385,341,158,183,344,157,187,2207,1088,1119
MONTGOMERY COUNTY,339,39 Years,7560,3688,3872,4639,2257,2382,338,155,183,323,142,181,2260,1134,1126
MONTGOMERY COUNTY,339,40 Years,7700,3753,3947,4792,2337,2455,337,158,179,325,126,199,2246,1132,1114
MONTGOMERY COUNTY,339,41 Years,7634,3656,3978,4722,2269,2453,379,173,206,349,131,218,2184,1083,1101
MONTGOMERY COUNTY,339,42 Years,7762,3722,4040,4808,2302,2506,393,175,218,361,158,203,2200,1087,1113
MONTGOMERY COUNTY,339,43 Years,8144,3961,4183,5282,2542,2740,394,185,209,371,157,214,2097,1077,1020
MONTGOMERY COUNTY,339,44 Years,8460,4162,4298,5631,2740,2891,395,180,215,381,166,215,2053,1076,977
MONTGOMERY COUNTY,339,45 Years,8424,4170,4254,5638,2745,2893,377,180,197,403,179,224,2006,1066,940
MONTGOMERY COUNTY,339,46 Years,8059,4005,4054,5367,2620,2747,349,162,187,400,187,213,1943,1036,907
MONTGOMERY COUNTY,339,47 Years,7755,3857,3898,5158,2527,2631,334,155,179,388,181,207,1875,994,881
MONTGOMERY COUNTY,339,48 Years,7591,3808,3783,5129,2522,2607,317,157,160,358,173,185,1787,956,831
MONTGOMERY COUNTY,339,49 Years,7562,3709,3853,5186,2485,2701,321,152,169,359,166,193,1696,906,790
MONTGOMERY COUNTY,339,50 Years,7775,3772,4003,5435,2615,2820,314,146,168,365,161,204,1661,850,811
MONTGOMERY COUNTY,339,51 Years,7861,3838,4023,5633,2736,2897,313,147,166,356,159,197,1559,796,763
MONTGOMERY COUNTY,339,52 Years,7847,3805,4042,5769,2802,2967,319,131,188,335,146,189,1424,726,698
MONTGOMERY COUNTY,339,53 Years,7834,3818,4016,5865,2853,3012,303,135,168,329,145,184,1337,685,652
MONTGOMERY COUNTY,339,54 Years,7839,3803,4036,5939,2870,3069,309,145,164,320,150,170,1271,638,633
MONTGOMERY COUNTY,339,55 Years,7784,3809,3975,6021,2936,3085,295,138,157,307,157,150,1161,578,583
MONTGOMERY COUNTY,339,56 Years,7607,3669,3938,5973,2870,3103,291,132,159,295,148,147,1048,519,529
MONTGOMERY COUNTY,339,57 Years,7624,3722,3902,6017,2920,3097,301,134,167,289,138,151,1017,530,487
MONTGOMERY COUNTY,339,58 Years,7329,3595,3734,5774,2825,2949,312,143,169,283,126,157,960,501,459
MONTGOMERY COUNTY,339,59 Years,7068,3406,3662,5588,2698,2890,308,144,164,269,119,150,903,445,458
MONTGOMERY COUNTY,339,60 Years,6763,3213,3550,5405,2557,2848,283,133,150,232,110,122,843,413,430
MONTGOMERY COUNTY,339,61 Years,6382,3065,3317,5175,2485,2690,247,113,134,225,104,121,735,363,372
MONTGOMERY COUNTY,339,62 Years,6157,2944,3213,5013,2402,2611,235,104,131,235,103,132,674,335,339
MONTGOMERY COUNTY,339,63 Years,5948,2813,3135,4919,2327,2592,220,95,125,212,96,116,597,295,302
MONTGOMERY COUNTY,339,64 Years,5573,2612,2961,4616,2162,2454,203,86,117,195,92,103,559,272,287
MONTGOMERY COUNTY,339,65 Years,5361,2548,2813,4467,2112,2355,187,86,101,181,89,92,526,261,265
MONTGOMERY COUNTY,339,66 Years,5245,2471,2774,4435,2070,2365,164,81,83,160,78,82,486,242,244
MONTGOMERY COUNTY,339,67 Years,5368,2539,2829,4579,2155,2424,177,97,80,162,72,90,450,215,235
MONTGOMERY COUNTY,339,68 Years,5094,2453,2641,4385,2102,2283,161,81,80,155,78,77,393,192,201
MONTGOMERY COUNTY,339,69 Years,4084,1927,2157,3506,1652,1854,119,58,61,134,60,74,325,157,168
MONTGOMERY COUNTY,339,70 Years,3905,1802,2103,3356,1549,1807,116,57,59,119,48,71,314,148,166
MONTGOMERY COUNTY,339,71 Years,3828,1760,2068,3321,1532,1789,105,45,60,111,51,60,291,132,159
MONTGOMERY COUNTY,339,72 Years,3687,1686,2001,3218,1474,1744,98,44,54,100,46,54,271,122,149
MONTGOMERY COUNTY,339,73 Years,3380,1517,1863,2961,1330,1631,88,38,50,84,37,47,247,112,135
MONTGOMERY COUNTY,339,74 Years,2977,1383,1594,2600,1201,1399,74,33,41,76,36,40,227,113,114
MONTGOMERY COUNTY,339,75 Years,2626,1216,1410,2270,1047,1223,60,25,35,78,37,41,218,107,111
MONTGOMERY COUNTY,339,76 Years,2461,1134,1327,2113,978,1135,58,27,31,78,36,42,212,93,119
MONTGOMERY COUNTY,339,77 Years,2250,1019,1231,1978,902,1076,46,21,25,55,24,31,171,72,99
MONTGOMERY COUNTY,339,78 Years,2034,905,1129,1797,808,989,39,10,29,54,26,28,144,61,83
MONTGOMERY COUNTY,339,79 Years,1821,806,1015,1596,717,879,36,10,26,47,23,24,142,56,86
MONTGOMERY COUNTY,339,80 Years,1701,739,962,1501,657,844,39,17,22,41,18,23,120,47,73
MONTGOMERY COUNTY,339,81 Years,1564,664,900,1383,596,787,45,17,28,46,13,33,90,38,52
MONTGOMERY COUNTY,339,82 Years,1393,568,825,1243,506,737,41,16,25,36,15,21,73,31,42
MONTGOMERY COUNTY,339,83 Years,1285,543,742,1145,483,662,32,15,17,31,15,16,77,30,47
MONTGOMERY COUNTY,339,84 Years,1168,474,694,1044,425,619,24,10,14,28,11,17,72,28,44
MONTGOMERY COUNTY,339,85 Years +,6822,2122,4700,6238,1923,4315,163,49,114,128,41,87,293,109,184
MOORE COUNTY,341,All Ages,22752,11867,10885,7716,3794,3922,348,236,112,2196,1290,906,12492,6547,5945
MOORE COUNTY,341,< 1 Year,405,212,193,84,39,45,15,8,7,42,20,22,264,145,119
MOORE COUNTY,341,1 Years,405,206,199,84,40,44,16,8,8,49,23,26,256,135,121
MOORE COUNTY,341,2 Years,401,201,200,79,39,40,15,8,7,54,28,26,253,126,127
MOORE COUNTY,341,3 Years,399,202,197,79,39,40,17,9,8,56,30,26,247,124,123
MOORE COUNTY,341,4 Years,384,196,188,77,36,41,13,7,6,54,33,21,240,120,120
MOORE COUNTY,341,5 Years,393,212,181,88,51,37,8,3,5,52,39,13,245,119,126
MOORE COUNTY,341,6 Years,382,199,183,85,39,46,5,2,3,51,29,22,241,129,112
MOORE COUNTY,341,7 Years,407,203,204,70,34,36,4,2,2,60,33,27,273,134,139
MOORE COUNTY,341,8 Years,408,219,189,91,46,45,2,2,0,57,31,26,258,140,118
MOORE COUNTY,341,9 Years,419,222,197,90,46,44,3,2,1,49,29,20,277,145,132
MOORE COUNTY,341,10 Years,430,220,210,88,44,44,3,1,2,46,29,17,293,146,147
MOORE COUNTY,341,11 Years,412,217,195,79,39,40,4,2,2,43,27,16,286,149,137
MOORE COUNTY,341,12 Years,409,215,194,83,42,41,3,3,0,43,24,19,280,146,134
MOORE COUNTY,341,13 Years,390,210,180,91,50,41,5,5,0,47,22,25,247,133,114
MOORE COUNTY,341,14 Years,383,214,169,92,50,42,4,2,2,44,21,23,243,141,102
MOORE COUNTY,341,15 Years,356,196,160,93,57,36,1,0,1,35,18,17,227,121,106
MOORE COUNTY,341,16 Years,361,202,159,100,57,43,2,1,1,35,20,15,224,124,100
MOORE COUNTY,341,17 Years,366,207,159,99,51,48,2,1,1,34,20,14,231,135,96
MOORE COUNTY,341,18 Years,359,195,164,86,45,41,6,2,4,36,22,14,231,126,105
MOORE COUNTY,341,19 Years,340,189,151,76,45,31,4,2,2,29,18,11,231,124,107
MOORE COUNTY,341,20 Years,354,195,159,77,41,36,5,3,2,35,20,15,237,131,106
MOORE COUNTY,341,21 Years,320,168,152,72,35,37,3,3,0,35,21,14,210,109,101
MOORE COUNTY,341,22 Years,333,175,158,81,38,43,4,4,0,29,16,13,219,117,102
MOORE COUNTY,341,23 Years,329,172,157,84,40,44,3,2,1,36,23,13,206,107,99
MOORE COUNTY,341,24 Years,320,171,149,78,35,43,6,4,2,44,30,14,192,102,90
MOORE COUNTY,341,25 Years,325,176,149,66,37,29,4,4,0,48,31,17,207,104,103
MOORE COUNTY,341,26 Years,316,177,139,68,33,35,2,2,0,45,32,13,201,110,91
MOORE COUNTY,341,27 Years,285,170,115,65,33,32,5,4,1,48,37,11,167,96,71
MOORE COUNTY,341,28 Years,281,158,123,68,33,35,6,4,2,40,25,15,167,96,71
MOORE COUNTY,341,29 Years,273,152,121,63,30,33,7,4,3,31,21,10,172,97,75
MOORE COUNTY,341,30 Years,265,146,119,66,31,35,5,4,1,34,22,12,160,89,71
MOORE COUNTY,341,31 Years,301,163,138,78,39,39,6,5,1,35,22,13,182,97,85
MOORE COUNTY,341,32 Years,315,156,159,88,39,49,9,6,3,39,24,15,179,87,92
MOORE COUNTY,341,33 Years,330,166,164,99,51,48,15,12,3,40,25,15,176,78,98
MOORE COUNTY,341,34 Years,296,154,142,84,36,48,16,14,2,36,23,13,160,81,79
MOORE COUNTY,341,35 Years,289,152,137,87,40,47,12,12,0,39,24,15,151,76,75
MOORE COUNTY,341,36 Years,285,153,132,91,46,45,11,11,0,38,19,19,145,77,68
MOORE COUNTY,341,37 Years,305,158,147,91,43,48,12,11,1,40,23,17,162,81,81
MOORE COUNTY,341,38 Years,280,151,129,84,37,47,5,5,0,39,24,15,152,85,67
MOORE COUNTY,341,39 Years,286,150,136,93,50,43,2,1,1,42,21,21,149,78,71
MOORE COUNTY,341,40 Years,296,152,144,87,45,42,4,2,2,37,21,16,168,84,84
MOORE COUNTY,341,41 Years,268,139,129,83,44,39,3,3,0,27,16,11,155,76,79
MOORE COUNTY,341,42 Years,273,149,124,80,43,37,4,4,0,30,20,10,159,82,77
MOORE COUNTY,341,43 Years,258,139,119,90,48,42,3,3,0,28,18,10,137,70,67
MOORE COUNTY,341,44 Years,279,150,129,102,52,50,3,3,0,25,14,11,149,81,68
MOORE COUNTY,341,45 Years,296,156,140,114,58,56,3,2,1,20,11,9,159,85,74
MOORE COUNTY,341,46 Years,280,141,139,107,47,60,3,2,1,15,9,6,155,83,72
MOORE COUNTY,341,47 Years,263,128,135,89,37,52,3,2,1,19,11,8,152,78,74
MOORE COUNTY,341,48 Years,251,130,121,84,43,41,5,2,3,14,9,5,148,76,72
MOORE COUNTY,341,49 Years,259,151,108,93,55,38,5,3,2,13,8,5,148,85,63
MOORE COUNTY,341,50 Years,263,145,118,96,53,43,2,1,1,19,11,8,146,80,66
MOORE COUNTY,341,51 Years,275,143,132,121,62,59,2,1,1,23,13,10,129,67,62
MOORE COUNTY,341,52 Years,296,151,145,121,62,59,3,2,1,14,7,7,158,80,78
MOORE COUNTY,341,53 Years,270,141,129,122,70,52,4,3,1,16,7,9,128,61,67
MOORE COUNTY,341,54 Years,257,136,121,128,65,63,2,2,0,18,9,9,109,60,49
MOORE COUNTY,341,55 Years,271,137,134,138,68,70,4,2,2,19,12,7,110,55,55
MOORE COUNTY,341,56 Years,252,123,129,128,61,67,4,1,3,16,11,5,104,50,54
MOORE COUNTY,341,57 Years,263,136,127,139,69,70,4,2,2,12,7,5,108,58,50
MOORE COUNTY,341,58 Years,256,128,128,134,63,71,2,1,1,10,5,5,110,59,51
MOORE COUNTY,341,59 Years,260,123,137,135,60,75,1,0,1,11,6,5,113,57,56
MOORE COUNTY,341,60 Years,274,140,134,144,71,73,3,2,1,13,7,6,114,60,54
MOORE COUNTY,341,61 Years,241,125,116,135,66,69,2,1,1,11,7,4,93,51,42
MOORE COUNTY,341,62 Years,217,111,106,130,65,65,0,0,0,6,3,3,81,43,38
MOORE COUNTY,341,63 Years,215,104,111,128,64,64,0,0,0,7,2,5,80,38,42
MOORE COUNTY,341,64 Years,194,96,98,118,58,60,0,0,0,8,3,5,68,35,33
MOORE COUNTY,341,65 Years,184,93,91,102,48,54,2,2,0,6,5,1,74,38,36
MOORE COUNTY,341,66 Years,169,83,86,104,47,57,1,1,0,5,3,2,59,32,27
MOORE COUNTY,341,67 Years,162,78,84,98,43,55,0,0,0,7,5,2,57,30,27
MOORE COUNTY,341,68 Years,147,69,78,90,43,47,0,0,0,9,6,3,48,20,28
MOORE COUNTY,341,69 Years,123,61,62,71,36,35,0,0,0,6,2,4,46,23,23
MOORE COUNTY,341,70 Years,113,59,54,71,36,35,2,2,0,3,2,1,37,19,18
MOORE COUNTY,341,71 Years,117,57,60,84,42,42,0,0,0,2,1,1,31,14,17
MOORE COUNTY,341,72 Years,98,48,50,63,30,33,0,0,0,2,1,1,33,17,16
MOORE COUNTY,341,73 Years,102,50,52,71,34,37,0,0,0,3,2,1,28,14,14
MOORE COUNTY,341,74 Years,100,47,53,66,28,38,1,0,1,4,3,1,29,16,13
MOORE COUNTY,341,75 Years,99,54,45,62,31,31,2,2,0,4,4,0,31,17,14
MOORE COUNTY,341,76 Years,90,40,50,66,28,38,0,0,0,1,1,0,23,11,12
MOORE COUNTY,341,77 Years,85,38,47,62,26,36,0,0,0,0,0,0,23,12,11
MOORE COUNTY,341,78 Years,77,32,45,57,25,32,1,0,1,1,0,1,18,7,11
MOORE COUNTY,341,79 Years,73,32,41,54,23,31,0,0,0,1,0,1,18,9,9
MOORE COUNTY,341,80 Years,77,32,45,57,24,33,0,0,0,4,0,4,16,8,8
MOORE COUNTY,341,81 Years,61,31,30,45,22,23,0,0,0,2,1,1,14,8,6
MOORE COUNTY,341,82 Years,60,26,34,44,18,26,0,0,0,0,0,0,16,8,8
MOORE COUNTY,341,83 Years,61,31,30,47,21,26,0,0,0,3,1,2,11,9,2
MOORE COUNTY,341,84 Years,53,24,29,37,16,21,0,0,0,3,1,2,13,7,6
MOORE COUNTY,341,85 Years +,277,108,169,222,88,134,0,0,0,10,6,4,45,14,31
MORRIS COUNTY,343,All Ages,13035,6387,6648,8352,4092,4260,3030,1444,1586,422,217,205,1231,634,597
MORRIS COUNTY,343,< 1 Year,161,92,69,82,43,39,32,22,10,25,15,10,22,12,10
MORRIS COUNTY,343,1 Years,160,85,75,85,44,41,33,20,13,19,10,9,23,11,12
MORRIS COUNTY,343,2 Years,163,85,78,92,47,45,37,22,15,12,6,6,22,10,12
MORRIS COUNTY,343,3 Years,168,91,77,100,53,47,39,24,15,8,4,4,21,10,11
MORRIS COUNTY,343,4 Years,169,95,74,99,53,46,38,24,14,9,6,3,23,12,11
MORRIS COUNTY,343,5 Years,189,93,96,107,54,53,40,21,19,15,8,7,27,10,17
MORRIS COUNTY,343,6 Years,164,87,77,87,45,42,31,19,12,15,7,8,31,16,15
MORRIS COUNTY,343,7 Years,160,85,75,81,44,37,33,18,15,15,6,9,31,17,14
MORRIS COUNTY,343,8 Years,177,91,86,95,49,46,32,17,15,14,6,8,36,19,17
MORRIS COUNTY,343,9 Years,178,91,87,102,55,47,27,12,15,9,3,6,40,21,19
MORRIS COUNTY,343,10 Years,149,74,75,75,40,35,39,18,21,7,4,3,28,12,16
MORRIS COUNTY,343,11 Years,180,97,83,99,54,45,41,21,20,10,8,2,30,14,16
MORRIS COUNTY,343,12 Years,160,93,67,82,46,36,42,26,16,7,4,3,29,17,12
MORRIS COUNTY,343,13 Years,136,75,61,77,42,35,27,16,11,9,4,5,23,13,10
MORRIS COUNTY,343,14 Years,148,84,64,88,48,40,35,23,12,5,2,3,20,11,9
MORRIS COUNTY,343,15 Years,161,82,79,85,45,40,36,17,19,9,4,5,31,16,15
MORRIS COUNTY,343,16 Years,171,89,82,88,49,39,34,15,19,13,6,7,36,19,17
MORRIS COUNTY,343,17 Years,181,98,83,105,55,50,39,23,16,7,5,2,30,15,15
MORRIS COUNTY,343,18 Years,169,82,87,90,42,48,43,22,21,7,4,3,29,14,15
MORRIS COUNTY,343,19 Years,170,89,81,84,45,39,55,26,29,6,3,3,25,15,10
MORRIS COUNTY,343,20 Years,167,86,81,83,45,38,57,27,30,3,1,2,24,13,11
MORRIS COUNTY,343,21 Years,156,78,78,73,36,37,50,24,26,4,2,2,29,16,13
MORRIS COUNTY,343,22 Years,162,83,79,75,39,36,52,28,24,6,4,2,29,12,17
MORRIS COUNTY,343,23 Years,184,92,92,98,49,49,54,28,26,4,1,3,28,14,14
MORRIS COUNTY,343,24 Years,159,75,84,87,41,46,44,20,24,5,2,3,23,12,11
MORRIS COUNTY,343,25 Years,142,66,76,80,37,43,45,21,24,1,1,0,16,7,9
MORRIS COUNTY,343,26 Years,149,68,81,83,35,48,41,19,22,5,3,2,20,11,9
MORRIS COUNTY,343,27 Years,138,74,64,84,48,36,33,17,16,6,3,3,15,6,9
MORRIS COUNTY,343,28 Years,122,67,55,77,44,33,32,18,14,3,2,1,10,3,7
MORRIS COUNTY,343,29 Years,116,51,65,74,35,39,30,12,18,1,1,0,11,3,8
MORRIS COUNTY,343,30 Years,118,57,61,77,35,42,25,13,12,3,3,0,13,6,7
MORRIS COUNTY,343,31 Years,123,58,65,83,36,47,22,13,9,2,2,0,16,7,9
MORRIS COUNTY,343,32 Years,136,62,74,87,36,51,27,13,14,5,4,1,17,9,8
MORRIS COUNTY,343,33 Years,138,70,68,85,42,43,36,18,18,5,2,3,12,8,4
MORRIS COUNTY,343,34 Years,144,72,72,89,44,45,37,17,20,5,3,2,13,8,5
MORRIS COUNTY,343,35 Years,131,65,66,85,42,43,31,14,17,3,2,1,12,7,5
MORRIS COUNTY,343,36 Years,137,70,67,84,45,39,38,16,22,2,1,1,13,8,5
MORRIS COUNTY,343,37 Years,133,61,72,82,37,45,35,16,19,2,1,1,14,7,7
MORRIS COUNTY,343,38 Years,118,58,60,77,35,42,25,14,11,1,1,0,15,8,7
MORRIS COUNTY,343,39 Years,130,58,72,81,37,44,33,13,20,0,0,0,16,8,8
MORRIS COUNTY,343,40 Years,156,75,81,92,43,49,37,16,21,5,3,2,22,13,9
MORRIS COUNTY,343,41 Years,146,66,80,96,45,51,30,11,19,2,1,1,18,9,9
MORRIS COUNTY,343,42 Years,147,69,78,94,45,49,31,14,17,2,2,0,20,8,12
MORRIS COUNTY,343,43 Years,146,71,75,93,41,52,36,20,16,3,1,2,14,9,5
MORRIS COUNTY,343,44 Years,151,82,69,94,51,43,39,22,17,3,2,1,15,7,8
MORRIS COUNTY,343,45 Years,155,73,82,99,44,55,36,19,17,3,1,2,17,9,8
MORRIS COUNTY,343,46 Years,133,60,73,80,36,44,35,16,19,1,0,1,17,8,9
MORRIS COUNTY,343,47 Years,126,56,70,75,37,38,31,11,20,6,3,3,14,5,9
MORRIS COUNTY,343,48 Years,124,66,58,73,39,34,30,12,18,7,6,1,14,9,5
MORRIS COUNTY,343,49 Years,133,68,65,89,49,40,30,11,19,4,1,3,10,7,3
MORRIS COUNTY,343,50 Years,153,80,73,108,62,46,37,13,24,2,1,1,6,4,2
MORRIS COUNTY,343,51 Years,161,88,73,115,65,50,34,17,17,4,2,2,8,4,4
MORRIS COUNTY,343,52 Years,166,86,80,119,64,55,32,15,17,2,1,1,13,6,7
MORRIS COUNTY,343,53 Years,174,81,93,120,58,62,44,18,26,3,1,2,7,4,3
MORRIS COUNTY,343,54 Years,198,90,108,136,63,73,48,19,29,5,3,2,9,5,4
MORRIS COUNTY,343,55 Years,202,99,103,142,73,69,50,22,28,2,1,1,8,3,5
MORRIS COUNTY,343,56 Years,220,106,114,139,69,70,64,30,34,3,0,3,14,7,7
MORRIS COUNTY,343,57 Years,197,95,102,128,63,65,61,27,34,2,1,1,6,4,2
MORRIS COUNTY,343,58 Years,193,85,108,134,57,77,49,24,25,3,0,3,7,4,3
MORRIS COUNTY,343,59 Years,200,91,109,138,59,79,43,20,23,6,3,3,13,9,4
MORRIS COUNTY,343,60 Years,190,86,104,141,64,77,38,15,23,3,2,1,8,5,3
MORRIS COUNTY,343,61 Years,176,84,92,128,61,67,39,17,22,3,1,2,6,5,1
MORRIS COUNTY,343,62 Years,190,101,89,129,73,56,49,21,28,3,1,2,9,6,3
MORRIS COUNTY,343,63 Years,188,88,100,129,63,66,50,19,31,3,2,1,6,4,2
MORRIS COUNTY,343,64 Years,164,80,84,116,55,61,40,20,20,1,1,0,7,4,3
MORRIS COUNTY,343,65 Years,155,73,82,115,57,58,34,15,19,2,0,2,4,1,3
MORRIS COUNTY,343,66 Years,174,72,102,128,55,73,37,14,23,5,1,4,4,2,2
MORRIS COUNTY,343,67 Years,173,78,95,127,57,70,41,18,23,4,2,2,1,1,0
MORRIS COUNTY,343,68 Years,157,79,78,117,58,59,33,18,15,4,1,3,3,2,1
MORRIS COUNTY,343,69 Years,135,67,68,100,51,49,31,15,16,1,0,1,3,1,2
MORRIS COUNTY,343,70 Years,141,66,75,112,52,60,24,13,11,2,0,2,3,1,2
MORRIS COUNTY,343,71 Years,139,64,75,109,51,58,27,12,15,2,1,1,1,0,1
MORRIS COUNTY,343,72 Years,134,68,66,107,53,54,26,15,11,1,0,1,0,0,0
MORRIS COUNTY,343,73 Years,134,71,63,107,53,54,23,14,9,2,2,0,2,2,0
MORRIS COUNTY,343,74 Years,134,67,67,106,51,55,21,11,10,3,2,1,4,3,1
MORRIS COUNTY,343,75 Years,113,52,61,84,41,43,23,9,14,5,2,3,1,0,1
MORRIS COUNTY,343,76 Years,109,46,63,87,37,50,19,8,11,3,1,2,0,0,0
MORRIS COUNTY,343,77 Years,111,47,64,88,36,52,19,8,11,3,2,1,1,1,0
MORRIS COUNTY,343,78 Years,114,51,63,95,43,52,15,6,9,1,1,0,3,1,2
MORRIS COUNTY,343,79 Years,100,50,50,84,44,40,16,6,10,0,0,0,0,0,0
MORRIS COUNTY,343,80 Years,93,42,51,72,34,38,16,7,9,4,1,3,1,0,1
MORRIS COUNTY,343,81 Years,77,34,43,60,28,32,13,4,9,2,1,1,2,1,1
MORRIS COUNTY,343,82 Years,67,31,36,53,25,28,12,5,7,1,0,1,1,1,0
MORRIS COUNTY,343,83 Years,68,30,38,55,25,30,12,5,7,1,0,1,0,0,0
MORRIS COUNTY,343,84 Years,61,29,32,49,23,26,10,4,6,1,1,0,1,1,0
MORRIS COUNTY,343,85 Years +,340,115,225,243,88,155,85,21,64,7,5,2,5,1,4
MOTLEY COUNTY,345,All Ages,1104,564,540,912,464,448,21,13,8,8,2,6,163,85,78
MOTLEY COUNTY,345,< 1 Year,8,4,4,8,4,4,0,0,0,0,0,0,0,0,0
MOTLEY COUNTY,345,1 Years,6,3,3,4,3,1,0,0,0,0,0,0,2,0,2
MOTLEY COUNTY,345,2 Years,11,6,5,8,4,4,0,0,0,0,0,0,3,2,1
MOTLEY COUNTY,345,3 Years,10,5,5,6,3,3,0,0,0,0,0,0,4,2,2
MOTLEY COUNTY,345,4 Years,12,4,8,9,3,6,0,0,0,0,0,0,3,1,2
MOTLEY COUNTY,345,5 Years,10,7,3,6,5,1,0,0,0,0,0,0,4,2,2
MOTLEY COUNTY,345,6 Years,7,2,5,4,1,3,0,0,0,0,0,0,3,1,2
MOTLEY COUNTY,345,7 Years,13,3,10,8,3,5,0,0,0,0,0,0,5,0,5
MOTLEY COUNTY,345,8 Years,17,7,10,13,6,7,0,0,0,0,0,0,4,1,3
MOTLEY COUNTY,345,9 Years,12,5,7,9,4,5,0,0,0,0,0,0,3,1,2
MOTLEY COUNTY,345,10 Years,13,9,4,9,7,2,2,1,1,0,0,0,2,1,1
MOTLEY COUNTY,345,11 Years,10,8,2,7,5,2,0,0,0,0,0,0,3,3,0
MOTLEY COUNTY,345,12 Years,18,9,9,13,7,6,0,0,0,0,0,0,5,2,3
MOTLEY COUNTY,345,13 Years,15,6,9,12,4,8,0,0,0,0,0,0,3,2,1
MOTLEY COUNTY,345,14 Years,13,7,6,9,5,4,0,0,0,0,0,0,4,2,2
MOTLEY COUNTY,345,15 Years,10,5,5,8,4,4,0,0,0,0,0,0,2,1,1
MOTLEY COUNTY,345,16 Years,15,7,8,11,5,6,0,0,0,0,0,0,4,2,2
MOTLEY COUNTY,345,17 Years,17,9,8,14,8,6,0,0,0,0,0,0,3,1,2
MOTLEY COUNTY,345,18 Years,16,8,8,11,6,5,0,0,0,1,0,1,4,2,2
MOTLEY COUNTY,345,19 Years,12,7,5,7,5,2,0,0,0,0,0,0,5,2,3
MOTLEY COUNTY,345,20 Years,10,7,3,7,4,3,0,0,0,0,0,0,3,3,0
MOTLEY COUNTY,345,21 Years,14,12,2,9,7,2,0,0,0,0,0,0,5,5,0
MOTLEY COUNTY,345,22 Years,13,8,5,9,5,4,1,1,0,0,0,0,3,2,1
MOTLEY COUNTY,345,23 Years,11,7,4,7,4,3,1,1,0,0,0,0,3,2,1
MOTLEY COUNTY,345,24 Years,10,4,6,6,2,4,0,0,0,0,0,0,4,2,2
MOTLEY COUNTY,345,25 Years,8,4,4,4,2,2,0,0,0,0,0,0,4,2,2
MOTLEY COUNTY,345,26 Years,6,4,2,4,3,1,0,0,0,0,0,0,2,1,1
MOTLEY COUNTY,345,27 Years,7,5,2,4,3,1,1,1,0,0,0,0,2,1,1
MOTLEY COUNTY,345,28 Years,13,7,6,11,5,6,1,1,0,0,0,0,1,1,0
MOTLEY COUNTY,345,29 Years,10,4,6,9,4,5,0,0,0,0,0,0,1,0,1
MOTLEY COUNTY,345,30 Years,9,3,6,6,2,4,1,1,0,0,0,0,2,0,2
MOTLEY COUNTY,345,31 Years,7,5,2,4,3,1,0,0,0,0,0,0,3,2,1
MOTLEY COUNTY,345,32 Years,7,5,2,5,3,2,1,1,0,0,0,0,1,1,0
MOTLEY COUNTY,345,33 Years,6,3,3,4,2,2,0,0,0,0,0,0,2,1,1
MOTLEY COUNTY,345,34 Years,11,7,4,9,6,3,0,0,0,0,0,0,2,1,1
MOTLEY COUNTY,345,35 Years,10,6,4,9,5,4,0,0,0,0,0,0,1,1,0
MOTLEY COUNTY,345,36 Years,12,7,5,9,5,4,0,0,0,0,0,0,3,2,1
MOTLEY COUNTY,345,37 Years,11,7,4,9,5,4,0,0,0,0,0,0,2,2,0
MOTLEY COUNTY,345,38 Years,10,2,8,8,2,6,0,0,0,0,0,0,2,0,2
MOTLEY COUNTY,345,39 Years,11,8,3,10,7,3,0,0,0,0,0,0,1,1,0
MOTLEY COUNTY,345,40 Years,14,6,8,11,5,6,0,0,0,0,0,0,3,1,2
MOTLEY COUNTY,345,41 Years,10,5,5,8,4,4,0,0,0,0,0,0,2,1,1
MOTLEY COUNTY,345,42 Years,8,4,4,7,3,4,0,0,0,0,0,0,1,1,0
MOTLEY COUNTY,345,43 Years,10,7,3,9,6,3,0,0,0,0,0,0,1,1,0
MOTLEY COUNTY,345,44 Years,12,6,6,10,5,5,0,0,0,0,0,0,2,1,1
MOTLEY COUNTY,345,45 Years,8,3,5,7,3,4,0,0,0,0,0,0,1,0,1
MOTLEY COUNTY,345,46 Years,8,5,3,6,5,1,0,0,0,0,0,0,2,0,2
MOTLEY COUNTY,345,47 Years,4,2,2,4,2,2,0,0,0,0,0,0,0,0,0
MOTLEY COUNTY,345,48 Years,7,3,4,5,2,3,2,1,1,0,0,0,0,0,0
MOTLEY COUNTY,345,49 Years,10,6,4,7,5,2,0,0,0,3,1,2,0,0,0
MOTLEY COUNTY,345,50 Years,13,5,8,12,5,7,0,0,0,1,0,1,0,0,0
MOTLEY COUNTY,345,51 Years,13,8,5,11,6,5,1,1,0,0,0,0,1,1,0
MOTLEY COUNTY,345,52 Years,15,6,9,13,5,8,0,0,0,0,0,0,2,1,1
MOTLEY COUNTY,345,53 Years,19,9,10,15,8,7,0,0,0,0,0,0,4,1,3
MOTLEY COUNTY,345,54 Years,15,8,7,13,7,6,0,0,0,0,0,0,2,1,1
MOTLEY COUNTY,345,55 Years,13,8,5,12,7,5,0,0,0,1,1,0,0,0,0
MOTLEY COUNTY,345,56 Years,15,11,4,15,11,4,0,0,0,0,0,0,0,0,0
MOTLEY COUNTY,345,57 Years,14,7,7,13,6,7,1,1,0,0,0,0,0,0,0
MOTLEY COUNTY,345,58 Years,12,7,5,11,7,4,0,0,0,0,0,0,1,0,1
MOTLEY COUNTY,345,59 Years,17,9,8,15,7,8,0,0,0,0,0,0,2,2,0
MOTLEY COUNTY,345,60 Years,15,8,7,14,7,7,0,0,0,0,0,0,1,1,0
MOTLEY COUNTY,345,61 Years,12,8,4,11,7,4,0,0,0,0,0,0,1,1,0
MOTLEY COUNTY,345,62 Years,18,9,9,16,9,7,1,0,1,0,0,0,1,0,1
MOTLEY COUNTY,345,63 Years,24,10,14,20,9,11,1,0,1,0,0,0,3,1,2
MOTLEY COUNTY,345,64 Years,17,7,10,14,5,9,0,0,0,0,0,0,3,2,1
MOTLEY COUNTY,345,65 Years,17,10,7,14,7,7,1,1,0,0,0,0,2,2,0
MOTLEY COUNTY,345,66 Years,19,11,8,16,9,7,0,0,0,0,0,0,3,2,1
MOTLEY COUNTY,345,67 Years,13,6,7,11,4,7,0,0,0,0,0,0,2,2,0
MOTLEY COUNTY,345,68 Years,13,5,8,12,5,7,0,0,0,0,0,0,1,0,1
MOTLEY COUNTY,345,69 Years,17,8,9,15,7,8,1,1,0,0,0,0,1,0,1
MOTLEY COUNTY,345,70 Years,18,9,9,16,9,7,0,0,0,0,0,0,2,0,2
MOTLEY COUNTY,345,71 Years,23,12,11,22,11,11,0,0,0,0,0,0,1,1,0
MOTLEY COUNTY,345,72 Years,19,11,8,18,10,8,0,0,0,0,0,0,1,1,0
MOTLEY COUNTY,345,73 Years,21,7,14,19,7,12,2,0,2,0,0,0,0,0,0
MOTLEY COUNTY,345,74 Years,14,6,8,14,6,8,0,0,0,0,0,0,0,0,0
MOTLEY COUNTY,345,75 Years,16,7,9,14,6,8,0,0,0,0,0,0,2,1,1
MOTLEY COUNTY,345,76 Years,13,6,7,12,5,7,0,0,0,0,0,0,1,1,0
MOTLEY COUNTY,345,77 Years,14,7,7,13,7,6,0,0,0,1,0,1,0,0,0
MOTLEY COUNTY,345,78 Years,16,9,7,15,9,6,0,0,0,1,0,1,0,0,0
MOTLEY COUNTY,345,79 Years,12,6,6,12,6,6,0,0,0,0,0,0,0,0,0
MOTLEY COUNTY,345,80 Years,11,4,7,11,4,7,0,0,0,0,0,0,0,0,0
MOTLEY COUNTY,345,81 Years,13,6,7,12,5,7,0,0,0,0,0,0,1,1,0
MOTLEY COUNTY,345,82 Years,11,4,7,11,4,7,0,0,0,0,0,0,0,0,0
MOTLEY COUNTY,345,83 Years,8,5,3,8,5,3,0,0,0,0,0,0,0,0,0
MOTLEY COUNTY,345,84 Years,8,3,5,7,3,4,1,0,1,0,0,0,0,0,0
MOTLEY COUNTY,345,85 Years +,44,19,25,42,18,24,2,1,1,0,0,0,0,0,0
NACOGDOCHES COUNTY,347,All Ages,65649,31758,33891,37905,18169,19736,11914,5408,6506,2408,1201,1207,13422,6980,6442
NACOGDOCHES COUNTY,347,< 1 Year,1022,528,494,405,202,203,217,108,109,94,54,40,306,164,142
NACOGDOCHES COUNTY,347,1 Years,1030,529,501,416,207,209,211,105,106,89,49,40,314,168,146
NACOGDOCHES COUNTY,347,2 Years,1051,536,515,422,206,216,217,112,105,80,43,37,332,175,157
NACOGDOCHES COUNTY,347,3 Years,1066,548,518,431,204,227,219,117,102,76,46,30,340,181,159
NACOGDOCHES COUNTY,347,4 Years,1098,570,528,433,210,223,240,132,108,82,47,35,343,181,162
NACOGDOCHES COUNTY,347,5 Years,1060,532,528,435,219,216,232,116,116,71,41,30,322,156,166
NACOGDOCHES COUNTY,347,6 Years,863,433,430,374,178,196,170,88,82,58,35,23,261,132,129
NACOGDOCHES COUNTY,347,7 Years,898,468,430,390,203,187,175,85,90,44,24,20,289,156,133
NACOGDOCHES COUNTY,347,8 Years,845,439,406,389,206,183,148,75,73,45,20,25,263,138,125
NACOGDOCHES COUNTY,347,9 Years,858,454,404,375,197,178,156,84,72,47,25,22,280,148,132
NACOGDOCHES COUNTY,347,10 Years,875,472,403,379,212,167,149,80,69,49,29,20,298,151,147
NACOGDOCHES COUNTY,347,11 Years,860,470,390,403,233,170,133,68,65,51,26,25,273,143,130
NACOGDOCHES COUNTY,347,12 Years,855,443,412,391,202,189,157,87,70,44,20,24,263,134,129
NACOGDOCHES COUNTY,347,13 Years,801,403,398,377,180,197,139,76,63,37,17,20,248,130,118
NACOGDOCHES COUNTY,347,14 Years,825,447,378,388,221,167,147,77,70,31,16,15,259,133,126
NACOGDOCHES COUNTY,347,15 Years,816,423,393,370,190,180,152,80,72,30,14,16,264,139,125
NACOGDOCHES COUNTY,347,16 Years,868,444,424,439,221,218,142,81,61,29,13,16,258,129,129
NACOGDOCHES COUNTY,347,17 Years,935,455,480,469,225,244,184,89,95,30,17,13,252,124,128
NACOGDOCHES COUNTY,347,18 Years,1610,653,957,791,310,481,434,173,261,60,26,34,325,144,181
NACOGDOCHES COUNTY,347,19 Years,2296,951,1345,1133,461,672,646,255,391,90,35,55,427,200,227
NACOGDOCHES COUNTY,347,20 Years,1996,845,1151,1047,423,624,520,215,305,64,30,34,365,177,188
NACOGDOCHES COUNTY,347,21 Years,1923,869,1054,1062,463,599,430,184,246,62,36,26,369,186,183
NACOGDOCHES COUNTY,347,22 Years,1670,789,881,959,449,510,335,154,181,56,27,29,320,159,161
NACOGDOCHES COUNTY,347,23 Years,1341,659,682,760,387,373,263,120,143,42,20,22,276,132,144
NACOGDOCHES COUNTY,347,24 Years,1211,599,612,677,317,360,226,112,114,61,37,24,247,133,114
NACOGDOCHES COUNTY,347,25 Years,1018,523,495,565,281,284,193,94,99,54,29,25,206,119,87
NACOGDOCHES COUNTY,347,26 Years,930,487,443,514,256,258,176,82,94,38,21,17,202,128,74
NACOGDOCHES COUNTY,347,27 Years,825,412,413,456,221,235,157,66,91,31,17,14,181,108,73
NACOGDOCHES COUNTY,347,28 Years,704,358,346,358,180,178,131,56,75,32,18,14,183,104,79
NACOGDOCHES COUNTY,347,29 Years,662,318,344,327,150,177,126,50,76,27,12,15,182,106,76
NACOGDOCHES COUNTY,347,30 Years,701,345,356,364,189,175,128,55,73,26,12,14,183,89,94
NACOGDOCHES COUNTY,347,31 Years,681,342,339,350,184,166,123,50,73,24,12,12,184,96,88
NACOGDOCHES COUNTY,347,32 Years,688,349,339,367,184,183,107,49,58,21,9,12,193,107,86
NACOGDOCHES COUNTY,347,33 Years,728,365,363,391,192,199,123,57,66,19,7,12,195,109,86
NACOGDOCHES COUNTY,347,34 Years,716,367,349,380,194,186,117,53,64,21,8,13,198,112,86
NACOGDOCHES COUNTY,347,35 Years,695,359,336,388,206,182,107,47,60,13,7,6,187,99,88
NACOGDOCHES COUNTY,347,36 Years,720,359,361,387,204,183,128,54,74,19,8,11,186,93,93
NACOGDOCHES COUNTY,347,37 Years,700,339,361,357,182,175,131,55,76,23,11,12,189,91,98
NACOGDOCHES COUNTY,347,38 Years,641,293,348,329,159,170,105,38,67,16,7,9,191,89,102
NACOGDOCHES COUNTY,347,39 Years,637,311,326,351,173,178,98,41,57,14,7,7,174,90,84
NACOGDOCHES COUNTY,347,40 Years,638,327,311,352,183,169,93,51,42,21,8,13,172,85,87
NACOGDOCHES COUNTY,347,41 Years,568,288,280,307,156,151,83,43,40,24,10,14,154,79,75
NACOGDOCHES COUNTY,347,42 Years,600,292,308,337,164,173,94,46,48,23,8,15,146,74,72
NACOGDOCHES COUNTY,347,43 Years,627,314,313,373,187,186,90,43,47,22,10,12,142,74,68
NACOGDOCHES COUNTY,347,44 Years,666,330,336,411,203,208,104,46,58,17,9,8,134,72,62
NACOGDOCHES COUNTY,347,45 Years,660,316,344,394,187,207,106,49,57,17,6,11,143,74,69
NACOGDOCHES COUNTY,347,46 Years,657,314,343,400,194,206,91,37,54,19,5,14,147,78,69
NACOGDOCHES COUNTY,347,47 Years,638,329,309,389,206,183,102,49,53,18,9,9,129,65,64
NACOGDOCHES COUNTY,347,48 Years,645,309,336,395,194,201,112,50,62,12,6,6,126,59,67
NACOGDOCHES COUNTY,347,49 Years,653,307,346,403,183,220,110,47,63,14,7,7,126,70,56
NACOGDOCHES COUNTY,347,50 Years,712,326,386,437,195,242,126,52,74,19,10,9,130,69,61
NACOGDOCHES COUNTY,347,51 Years,724,334,390,469,217,252,135,52,83,21,11,10,99,54,45
NACOGDOCHES COUNTY,347,52 Years,761,357,404,501,234,267,124,50,74,18,7,11,118,66,52
NACOGDOCHES COUNTY,347,53 Years,759,381,378,500,258,242,127,51,76,18,8,10,114,64,50
NACOGDOCHES COUNTY,347,54 Years,778,368,410,527,252,275,132,52,80,18,7,11,101,57,44
NACOGDOCHES COUNTY,347,55 Years,720,349,371,482,231,251,136,61,75,13,6,7,89,51,38
NACOGDOCHES COUNTY,347,56 Years,714,345,369,483,243,240,129,48,81,17,11,6,85,43,42
NACOGDOCHES COUNTY,347,57 Years,768,373,395,526,256,270,134,54,80,17,10,7,91,53,38
NACOGDOCHES COUNTY,347,58 Years,779,384,395,550,268,282,134,66,68,20,10,10,75,40,35
NACOGDOCHES COUNTY,347,59 Years,728,372,356,512,263,249,136,67,69,23,10,13,57,32,25
NACOGDOCHES COUNTY,347,60 Years,732,362,370,527,262,265,129,60,69,18,2,16,58,38,20
NACOGDOCHES COUNTY,347,61 Years,735,354,381,542,264,278,114,48,66,19,7,12,60,35,25
NACOGDOCHES COUNTY,347,62 Years,729,358,371,551,274,277,109,51,58,18,8,10,51,25,26
NACOGDOCHES COUNTY,347,63 Years,701,336,365,532,255,277,99,46,53,16,7,9,54,28,26
NACOGDOCHES COUNTY,347,64 Years,669,319,350,517,255,262,98,38,60,12,4,8,42,22,20
NACOGDOCHES COUNTY,347,65 Years,659,317,342,509,248,261,95,39,56,9,3,6,46,27,19
NACOGDOCHES COUNTY,347,66 Years,606,292,314,472,228,244,87,37,50,9,4,5,38,23,15
NACOGDOCHES COUNTY,347,67 Years,613,309,304,467,235,232,92,42,50,15,11,4,39,21,18
NACOGDOCHES COUNTY,347,68 Years,595,297,298,474,241,233,79,37,42,14,10,4,28,9,19
NACOGDOCHES COUNTY,347,69 Years,491,227,264,399,186,213,62,30,32,9,5,4,21,6,15
NACOGDOCHES COUNTY,347,70 Years,490,230,260,392,181,211,65,29,36,7,4,3,26,16,10
NACOGDOCHES COUNTY,347,71 Years,478,224,254,383,182,201,65,26,39,8,3,5,22,13,9
NACOGDOCHES COUNTY,347,72 Years,441,203,238,356,167,189,50,20,30,8,4,4,27,12,15
NACOGDOCHES COUNTY,347,73 Years,404,189,215,327,156,171,44,17,27,7,5,2,26,11,15
NACOGDOCHES COUNTY,347,74 Years,363,174,189,288,141,147,48,20,28,3,1,2,24,12,12
NACOGDOCHES COUNTY,347,75 Years,317,140,177,260,116,144,37,14,23,4,2,2,16,8,8
NACOGDOCHES COUNTY,347,76 Years,302,128,174,246,104,142,38,15,23,3,1,2,15,8,7
NACOGDOCHES COUNTY,347,77 Years,319,138,181,252,110,142,37,16,21,7,2,5,23,10,13
NACOGDOCHES COUNTY,347,78 Years,275,116,159,226,98,128,31,11,20,4,0,4,14,7,7
NACOGDOCHES COUNTY,347,79 Years,248,98,150,203,83,120,26,11,15,6,1,5,13,3,10
NACOGDOCHES COUNTY,347,80 Years,251,109,142,209,89,120,25,11,14,8,3,5,9,6,3
NACOGDOCHES COUNTY,347,81 Years,226,91,135,187,77,110,25,7,18,5,3,2,9,4,5
NACOGDOCHES COUNTY,347,82 Years,204,87,117,164,74,90,27,8,19,5,3,2,8,2,6
NACOGDOCHES COUNTY,347,83 Years,195,85,110,161,71,90,25,9,16,4,2,2,5,3,2
NACOGDOCHES COUNTY,347,84 Years,174,68,106,143,57,86,21,6,15,1,0,1,9,5,4
NACOGDOCHES COUNTY,347,85 Years +,918,306,612,771,260,511,96,26,70,18,6,12,33,14,19
NAVARRO COUNTY,349,All Ages,49478,24757,24721,28065,13851,14214,6332,3061,3271,1686,870,816,13395,6975,6420
NAVARRO COUNTY,349,< 1 Year,668,326,342,277,141,136,90,40,50,42,23,19,259,122,137
NAVARRO COUNTY,349,1 Years,678,336,342,286,143,143,90,40,50,46,25,21,256,128,128
NAVARRO COUNTY,349,2 Years,695,352,343,305,155,150,90,41,49,46,25,21,254,131,123
NAVARRO COUNTY,349,3 Years,673,333,340,286,139,147,90,42,48,48,25,23,249,127,122
NAVARRO COUNTY,349,4 Years,692,353,339,292,149,143,86,40,46,60,35,25,254,129,125
NAVARRO COUNTY,349,5 Years,676,348,328,285,155,130,84,34,50,47,23,24,260,136,124
NAVARRO COUNTY,349,6 Years,687,346,341,277,138,139,97,52,45,50,19,31,263,137,126
NAVARRO COUNTY,349,7 Years,722,364,358,282,140,142,86,43,43,51,23,28,303,158,145
NAVARRO COUNTY,349,8 Years,753,393,360,288,141,147,105,58,47,48,27,21,312,167,145
NAVARRO COUNTY,349,9 Years,715,368,347,278,140,138,90,52,38,43,21,22,304,155,149
NAVARRO COUNTY,349,10 Years,694,361,333,259,134,125,89,52,37,42,22,20,304,153,151
NAVARRO COUNTY,349,11 Years,714,375,339,288,155,133,83,44,39,39,22,17,304,154,150
NAVARRO COUNTY,349,12 Years,739,379,360,302,163,139,79,34,45,31,18,13,327,164,163
NAVARRO COUNTY,349,13 Years,750,390,360,327,166,161,76,36,40,29,16,13,318,172,146
NAVARRO COUNTY,349,14 Years,784,427,357,340,179,161,80,48,32,34,18,16,330,182,148
NAVARRO COUNTY,349,15 Years,782,435,347,343,195,148,92,53,39,36,21,15,311,166,145
NAVARRO COUNTY,349,16 Years,793,436,357,351,192,159,105,57,48,32,13,19,305,174,131
NAVARRO COUNTY,349,17 Years,749,410,339,354,196,158,94,48,46,23,10,13,278,156,122
NAVARRO COUNTY,349,18 Years,745,408,337,343,195,148,89,48,41,22,12,10,291,153,138
NAVARRO COUNTY,349,19 Years,714,365,349,330,180,150,109,56,53,18,8,10,257,121,136
NAVARRO COUNTY,349,20 Years,653,345,308,305,165,140,98,56,42,19,12,7,231,112,119
NAVARRO COUNTY,349,21 Years,670,358,312,298,160,138,106,61,45,25,17,8,241,120,121
NAVARRO COUNTY,349,22 Years,693,391,302,312,173,139,112,66,46,22,12,10,247,140,107
NAVARRO COUNTY,349,23 Years,659,351,308,291,150,141,101,53,48,18,12,6,249,136,113
NAVARRO COUNTY,349,24 Years,707,382,325,322,164,158,123,70,53,28,15,13,234,133,101
NAVARRO COUNTY,349,25 Years,697,374,323,312,163,149,137,71,66,31,17,14,217,123,94
NAVARRO COUNTY,349,26 Years,572,308,264,283,152,131,91,43,48,23,15,8,175,98,77
NAVARRO COUNTY,349,27 Years,549,274,275,276,139,137,87,38,49,14,6,8,172,91,81
NAVARRO COUNTY,349,28 Years,529,261,268,264,137,127,74,34,40,13,5,8,178,85,93
NAVARRO COUNTY,349,29 Years,511,245,266,247,113,134,82,44,38,16,8,8,166,80,86
NAVARRO COUNTY,349,30 Years,480,235,245,218,108,110,85,39,46,18,9,9,159,79,80
NAVARRO COUNTY,349,31 Years,477,240,237,234,119,115,61,26,35,23,11,12,159,84,75
NAVARRO COUNTY,349,32 Years,479,245,234,230,111,119,54,29,25,19,8,11,176,97,79
NAVARRO COUNTY,349,33 Years,507,252,255,255,126,129,58,31,27,24,10,14,170,85,85
NAVARRO COUNTY,349,34 Years,536,261,275,268,137,131,61,27,34,22,10,12,185,87,98
NAVARRO COUNTY,349,35 Years,571,276,295,283,138,145,71,32,39,28,17,11,189,89,100
NAVARRO COUNTY,349,36 Years,546,281,265,277,143,134,72,33,39,19,12,7,178,93,85
NAVARRO COUNTY,349,37 Years,546,280,266,277,144,133,66,27,39,23,12,11,180,97,83
NAVARRO COUNTY,349,38 Years,537,273,264,268,135,133,64,32,32,18,11,7,187,95,92
NAVARRO COUNTY,349,39 Years,539,261,278,276,132,144,56,25,31,17,8,9,190,96,94
NAVARRO COUNTY,349,40 Years,577,278,299,310,148,162,57,22,35,13,6,7,197,102,95
NAVARRO COUNTY,349,41 Years,580,288,292,314,149,165,67,33,34,10,5,5,189,101,88
NAVARRO COUNTY,349,42 Years,618,284,334,329,154,175,76,37,39,22,8,14,191,85,106
NAVARRO COUNTY,349,43 Years,588,286,302,323,162,161,64,27,37,18,8,10,183,89,94
NAVARRO COUNTY,349,44 Years,601,315,286,343,174,169,63,30,33,17,9,8,178,102,76
NAVARRO COUNTY,349,45 Years,621,316,305,355,179,176,69,34,35,14,6,8,183,97,86
NAVARRO COUNTY,349,46 Years,629,313,316,346,168,178,78,43,35,21,9,12,184,93,91
NAVARRO COUNTY,349,47 Years,609,312,297,345,173,172,83,43,40,22,13,9,159,83,76
NAVARRO COUNTY,349,48 Years,548,280,268,318,156,162,77,37,40,17,11,6,136,76,60
NAVARRO COUNTY,349,49 Years,546,267,279,323,151,172,83,39,44,16,10,6,124,67,57
NAVARRO COUNTY,349,50 Years,626,297,329,392,184,208,94,38,56,12,6,6,128,69,59
NAVARRO COUNTY,349,51 Years,641,317,324,415,210,205,88,35,53,15,6,9,123,66,57
NAVARRO COUNTY,349,52 Years,662,323,339,413,212,201,94,38,56,20,8,12,135,65,70
NAVARRO COUNTY,349,53 Years,668,319,349,419,194,225,97,50,47,20,10,10,132,65,67
NAVARRO COUNTY,349,54 Years,688,337,351,442,210,232,101,52,49,13,6,7,132,69,63
NAVARRO COUNTY,349,55 Years,710,364,346,466,234,232,110,51,59,12,6,6,122,73,49
NAVARRO COUNTY,349,56 Years,659,329,330,447,217,230,91,42,49,12,5,7,109,65,44
NAVARRO COUNTY,349,57 Years,676,334,342,472,226,246,89,48,41,17,8,9,98,52,46
NAVARRO COUNTY,349,58 Years,659,332,327,469,239,230,87,38,49,15,8,7,88,47,41
NAVARRO COUNTY,349,59 Years,665,329,336,486,239,247,86,38,48,16,8,8,77,44,33
NAVARRO COUNTY,349,60 Years,621,302,319,453,222,231,91,41,50,6,3,3,71,36,35
NAVARRO COUNTY,349,61 Years,607,297,310,446,218,228,82,39,43,6,2,4,73,38,35
NAVARRO COUNTY,349,62 Years,625,304,321,469,223,246,79,38,41,8,4,4,69,39,30
NAVARRO COUNTY,349,63 Years,573,273,300,433,204,229,79,36,43,9,3,6,52,30,22
NAVARRO COUNTY,349,64 Years,553,270,283,430,209,221,74,39,35,9,4,5,40,18,22
NAVARRO COUNTY,349,65 Years,588,289,299,460,223,237,70,35,35,8,6,2,50,25,25
NAVARRO COUNTY,349,66 Years,595,289,306,464,226,238,62,29,33,16,9,7,53,25,28
NAVARRO COUNTY,349,67 Years,585,287,298,469,229,240,57,26,31,11,6,5,48,26,22
NAVARRO COUNTY,349,68 Years,547,276,271,431,218,213,64,26,38,7,6,1,45,26,19
NAVARRO COUNTY,349,69 Years,459,228,231,367,182,185,51,23,28,7,5,2,34,18,16
NAVARRO COUNTY,349,70 Years,453,215,238,361,170,191,43,20,23,7,3,4,42,22,20
NAVARRO COUNTY,349,71 Years,447,203,244,367,168,199,44,18,26,2,1,1,34,16,18
NAVARRO COUNTY,349,72 Years,429,199,230,359,167,192,35,13,22,3,1,2,32,18,14
NAVARRO COUNTY,349,73 Years,388,185,203,319,152,167,27,12,15,7,4,3,35,17,18
NAVARRO COUNTY,349,74 Years,384,188,196,316,155,161,35,15,20,4,2,2,29,16,13
NAVARRO COUNTY,349,75 Years,352,170,182,300,144,156,29,13,16,3,3,0,20,10,10
NAVARRO COUNTY,349,76 Years,316,148,168,272,126,146,24,14,10,2,1,1,18,7,11
NAVARRO COUNTY,349,77 Years,269,117,152,225,99,126,22,10,12,4,2,2,18,6,12
NAVARRO COUNTY,349,78 Years,254,122,132,216,106,110,20,8,12,2,0,2,16,8,8
NAVARRO COUNTY,349,79 Years,226,100,126,185,81,104,19,7,12,4,2,2,18,10,8
NAVARRO COUNTY,349,80 Years,233,107,126,189,85,104,25,11,14,2,1,1,17,10,7
NAVARRO COUNTY,349,81 Years,200,97,103,161,80,81,21,7,14,1,1,0,17,9,8
NAVARRO COUNTY,349,82 Years,153,64,89,118,54,64,19,5,14,3,0,3,13,5,8
NAVARRO COUNTY,349,83 Years,161,63,98,125,50,75,18,5,13,4,2,2,14,6,8
NAVARRO COUNTY,349,84 Years,167,65,102,136,53,83,15,5,10,8,4,4,8,3,5
NAVARRO COUNTY,349,85 Years +,841,281,560,678,223,455,110,36,74,14,6,8,39,16,23
NEWTON COUNTY,351,All Ages,14174,7342,6832,10492,5360,5132,2894,1554,1340,365,182,183,423,246,177
NEWTON COUNTY,351,< 1 Year,150,71,79,113,52,61,25,13,12,9,4,5,3,2,1
NEWTON COUNTY,351,1 Years,155,77,78,117,59,58,23,11,12,11,5,6,4,2,2
NEWTON COUNTY,351,2 Years,155,83,72,121,67,54,21,10,11,9,4,5,4,2,2
NEWTON COUNTY,351,3 Years,158,86,72,120,67,53,23,11,12,7,3,4,8,5,3
NEWTON COUNTY,351,4 Years,156,82,74,114,61,53,29,14,15,7,4,3,6,3,3
NEWTON COUNTY,351,5 Years,179,90,89,126,65,61,35,16,19,12,8,4,6,1,5
NEWTON COUNTY,351,6 Years,160,86,74,108,60,48,33,17,16,14,7,7,5,2,3
NEWTON COUNTY,351,7 Years,172,92,80,129,70,59,24,12,12,12,6,6,7,4,3
NEWTON COUNTY,351,8 Years,177,97,80,133,72,61,29,16,13,5,3,2,10,6,4
NEWTON COUNTY,351,9 Years,159,79,80,123,62,61,26,13,13,3,0,3,7,4,3
NEWTON COUNTY,351,10 Years,154,75,79,104,50,54,40,20,20,5,2,3,5,3,2
NEWTON COUNTY,351,11 Years,148,72,76,103,48,55,35,20,15,3,1,2,7,3,4
NEWTON COUNTY,351,12 Years,166,77,89,112,55,57,36,16,20,8,3,5,10,3,7
NEWTON COUNTY,351,13 Years,184,92,92,118,65,53,47,18,29,9,6,3,10,3,7
NEWTON COUNTY,351,14 Years,192,103,89,130,75,55,43,20,23,7,2,5,12,6,6
NEWTON COUNTY,351,15 Years,167,88,79,112,59,53,40,22,18,7,3,4,8,4,4
NEWTON COUNTY,351,16 Years,184,96,88,128,67,61,40,20,20,5,4,1,11,5,6
NEWTON COUNTY,351,17 Years,196,100,96,141,72,69,42,24,18,3,1,2,10,3,7
NEWTON COUNTY,351,18 Years,187,95,92,134,71,63,38,17,21,6,3,3,9,4,5
NEWTON COUNTY,351,19 Years,176,93,83,127,65,62,36,18,18,5,4,1,8,6,2
NEWTON COUNTY,351,20 Years,158,82,76,104,57,47,39,16,23,7,3,4,8,6,2
NEWTON COUNTY,351,21 Years,185,98,87,125,69,56,42,21,21,8,4,4,10,4,6
NEWTON COUNTY,351,22 Years,200,111,89,138,73,65,41,27,14,7,4,3,14,7,7
NEWTON COUNTY,351,23 Years,215,117,98,133,63,70,63,42,21,6,3,3,13,9,4
NEWTON COUNTY,351,24 Years,226,141,85,161,93,68,53,39,14,5,3,2,7,6,1
NEWTON COUNTY,351,25 Years,197,114,83,138,72,66,47,34,13,4,2,2,8,6,2
NEWTON COUNTY,351,26 Years,185,112,73,135,78,57,36,24,12,4,2,2,10,8,2
NEWTON COUNTY,351,27 Years,173,101,72,120,70,50,39,23,16,4,3,1,10,5,5
NEWTON COUNTY,351,28 Years,169,106,63,126,77,49,32,23,9,4,2,2,7,4,3
NEWTON COUNTY,351,29 Years,154,95,59,112,65,47,32,22,10,3,2,1,7,6,1
NEWTON COUNTY,351,30 Years,153,88,65,105,55,50,42,27,15,1,1,0,5,5,0
NEWTON COUNTY,351,31 Years,145,87,58,99,56,43,35,24,11,5,1,4,6,6,0
NEWTON COUNTY,351,32 Years,144,74,70,102,54,48,34,16,18,5,2,3,3,2,1
NEWTON COUNTY,351,33 Years,136,81,55,89,54,35,39,24,15,6,2,4,2,1,1
NEWTON COUNTY,351,34 Years,158,91,67,103,57,46,39,27,12,6,2,4,10,5,5
NEWTON COUNTY,351,35 Years,153,81,72,103,51,52,38,22,16,4,3,1,8,5,3
NEWTON COUNTY,351,36 Years,149,87,62,115,65,50,26,17,9,3,2,1,5,3,2
NEWTON COUNTY,351,37 Years,145,84,61,112,63,49,26,17,9,3,2,1,4,2,2
NEWTON COUNTY,351,38 Years,137,67,70,92,44,48,37,19,18,3,0,3,5,4,1
NEWTON COUNTY,351,39 Years,150,80,70,105,51,54,35,21,14,4,3,1,6,5,1
NEWTON COUNTY,351,40 Years,169,89,80,128,64,64,31,20,11,3,1,2,7,4,3
NEWTON COUNTY,351,41 Years,153,70,83,113,48,65,33,18,15,2,1,1,5,3,2
NEWTON COUNTY,351,42 Years,157,76,81,117,53,64,34,19,15,2,1,1,4,3,1
NEWTON COUNTY,351,43 Years,164,87,77,120,57,63,33,23,10,5,3,2,6,4,2
NEWTON COUNTY,351,44 Years,180,95,85,130,69,61,41,23,18,5,1,4,4,2,2
NEWTON COUNTY,351,45 Years,190,106,84,134,74,60,47,28,19,4,1,3,5,3,2
NEWTON COUNTY,351,46 Years,187,91,96,132,58,74,47,29,18,4,2,2,4,2,2
NEWTON COUNTY,351,47 Years,171,95,76,124,67,57,39,21,18,3,2,1,5,5,0
NEWTON COUNTY,351,48 Years,186,102,84,138,70,68,36,23,13,5,3,2,7,6,1
NEWTON COUNTY,351,49 Years,183,97,86,134,71,63,40,24,16,6,1,5,3,1,2
NEWTON COUNTY,351,50 Years,194,100,94,149,78,71,40,20,20,2,0,2,3,2,1
NEWTON COUNTY,351,51 Years,211,108,103,163,78,85,41,24,17,3,3,0,4,3,1
NEWTON COUNTY,351,52 Years,201,99,102,151,75,76,44,21,23,4,2,2,2,1,1
NEWTON COUNTY,351,53 Years,204,106,98,155,82,73,40,19,21,5,2,3,4,3,1
NEWTON COUNTY,351,54 Years,198,99,99,150,75,75,40,19,21,3,2,1,5,3,2
NEWTON COUNTY,351,55 Years,216,112,104,165,87,78,44,21,23,2,1,1,5,3,2
NEWTON COUNTY,351,56 Years,197,101,96,148,76,72,43,22,21,4,1,3,2,2,0
NEWTON COUNTY,351,57 Years,220,111,109,178,91,87,35,17,18,4,1,3,3,2,1
NEWTON COUNTY,351,58 Years,212,106,106,172,88,84,34,16,18,3,1,2,3,1,2
NEWTON COUNTY,351,59 Years,203,98,105,157,76,81,41,20,21,2,1,1,3,1,2
NEWTON COUNTY,351,60 Years,209,113,96,156,86,70,45,22,23,4,3,1,4,2,2
NEWTON COUNTY,351,61 Years,209,106,103,160,81,79,43,22,21,2,2,0,4,1,3
NEWTON COUNTY,351,62 Years,190,97,93,149,78,71,35,15,20,1,1,0,5,3,2
NEWTON COUNTY,351,63 Years,183,84,99,148,68,80,30,14,16,2,1,1,3,1,2
NEWTON COUNTY,351,64 Years,174,81,93,133,58,75,35,18,17,5,4,1,1,1,0
NEWTON COUNTY,351,65 Years,176,91,85,129,64,65,44,24,20,2,2,0,1,1,0
NEWTON COUNTY,351,66 Years,195,97,98,154,76,78,37,20,17,3,0,3,1,1,0
NEWTON COUNTY,351,67 Years,179,89,90,144,72,72,30,16,14,4,1,3,1,0,1
NEWTON COUNTY,351,68 Years,183,85,98,145,70,75,32,15,17,4,0,4,2,0,2
NEWTON COUNTY,351,69 Years,150,77,73,122,61,61,24,13,11,3,2,1,1,1,0
NEWTON COUNTY,351,70 Years,160,73,87,125,57,68,29,11,18,3,3,0,3,2,1
NEWTON COUNTY,351,71 Years,144,67,77,116,52,64,24,12,12,2,1,1,2,2,0
NEWTON COUNTY,351,72 Years,147,74,73,121,59,62,23,12,11,2,2,0,1,1,0
NEWTON COUNTY,351,73 Years,135,74,61,112,60,52,20,11,9,2,2,0,1,1,0
NEWTON COUNTY,351,74 Years,124,60,64,101,50,51,20,8,12,1,1,0,2,1,1
NEWTON COUNTY,351,75 Years,122,66,56,95,53,42,23,10,13,1,1,0,3,2,1
NEWTON COUNTY,351,76 Years,114,52,62,88,42,46,22,9,13,2,0,2,2,1,1
NEWTON COUNTY,351,77 Years,104,48,56,86,41,45,15,6,9,2,1,1,1,0,1
NEWTON COUNTY,351,78 Years,91,40,51,73,33,40,16,6,10,2,1,1,0,0,0
NEWTON COUNTY,351,79 Years,83,37,46,65,31,34,17,6,11,1,0,1,0,0,0
NEWTON COUNTY,351,80 Years,86,45,41,71,37,34,14,7,7,1,1,0,0,0,0
NEWTON COUNTY,351,81 Years,72,34,38,57,27,30,14,6,8,1,1,0,0,0,0
NEWTON COUNTY,351,82 Years,70,27,43,56,21,35,13,5,8,0,0,0,1,1,0
NEWTON COUNTY,351,83 Years,70,26,44,56,21,35,12,5,7,1,0,1,1,0,1
NEWTON COUNTY,351,84 Years,55,24,31,45,19,26,10,5,5,0,0,0,0,0,0
NEWTON COUNTY,351,85 Years +,246,96,150,197,77,120,44,16,28,4,3,1,1,0,1
NOLAN COUNTY,353,All Ages,14756,7406,7350,8566,4306,4260,650,328,322,265,131,134,5275,2641,2634
NOLAN COUNTY,353,< 1 Year,200,98,102,92,45,47,7,3,4,3,1,2,98,49,49
NOLAN COUNTY,353,1 Years,204,102,102,91,44,47,10,5,5,2,1,1,101,52,49
NOLAN COUNTY,353,2 Years,200,99,101,93,44,49,8,4,4,0,0,0,99,51,48
NOLAN COUNTY,353,3 Years,186,95,91,85,44,41,8,4,4,4,2,2,89,45,44
NOLAN COUNTY,353,4 Years,176,90,86,81,42,39,8,5,3,4,1,3,83,42,41
NOLAN COUNTY,353,5 Years,193,110,83,89,46,43,8,4,4,5,4,1,91,56,35
NOLAN COUNTY,353,6 Years,193,95,98,85,38,47,7,2,5,5,3,2,96,52,44
NOLAN COUNTY,353,7 Years,227,108,119,101,49,52,10,5,5,8,4,4,108,50,58
NOLAN COUNTY,353,8 Years,223,116,107,102,53,49,15,8,7,8,3,5,98,52,46
NOLAN COUNTY,353,9 Years,215,111,104,98,52,46,14,7,7,8,4,4,95,48,47
NOLAN COUNTY,353,10 Years,215,111,104,95,46,49,12,6,6,5,1,4,103,58,45
NOLAN COUNTY,353,11 Years,222,112,110,104,59,45,11,5,6,4,2,2,103,46,57
NOLAN COUNTY,353,12 Years,215,113,102,94,52,42,6,3,3,10,7,3,105,51,54
NOLAN COUNTY,353,13 Years,202,104,98,88,47,41,10,5,5,8,5,3,96,47,49
NOLAN COUNTY,353,14 Years,194,100,94,83,45,38,12,6,6,7,3,4,92,46,46
NOLAN COUNTY,353,15 Years,196,104,92,77,42,35,14,7,7,6,1,5,99,54,45
NOLAN COUNTY,353,16 Years,202,102,100,86,41,45,13,8,5,5,3,2,98,50,48
NOLAN COUNTY,353,17 Years,188,102,86,88,47,41,15,9,6,1,0,1,84,46,38
NOLAN COUNTY,353,18 Years,190,100,90,97,49,48,14,8,6,3,0,3,76,43,33
NOLAN COUNTY,353,19 Years,186,98,88,95,52,43,12,7,5,4,3,1,75,36,39
NOLAN COUNTY,353,20 Years,184,97,87,92,50,42,6,3,3,4,2,2,82,42,40
NOLAN COUNTY,353,21 Years,189,95,94,95,45,50,10,5,5,5,2,3,79,43,36
NOLAN COUNTY,353,22 Years,173,89,84,90,43,47,9,6,3,4,2,2,70,38,32
NOLAN COUNTY,353,23 Years,211,113,98,113,61,52,13,8,5,3,2,1,82,42,40
NOLAN COUNTY,353,24 Years,239,150,89,122,78,44,11,7,4,7,6,1,99,59,40
NOLAN COUNTY,353,25 Years,217,131,86,118,71,47,5,4,1,3,2,1,91,54,37
NOLAN COUNTY,353,26 Years,175,95,80,90,51,39,8,4,4,3,2,1,74,38,36
NOLAN COUNTY,353,27 Years,162,90,72,84,44,40,9,5,4,3,2,1,66,39,27
NOLAN COUNTY,353,28 Years,178,96,82,93,47,46,10,7,3,3,2,1,72,40,32
NOLAN COUNTY,353,29 Years,157,87,70,84,48,36,7,4,3,2,1,1,64,34,30
NOLAN COUNTY,353,30 Years,150,74,76,82,41,41,4,2,2,3,2,1,61,29,32
NOLAN COUNTY,353,31 Years,139,69,70,72,36,36,3,1,2,1,0,1,63,32,31
NOLAN COUNTY,353,32 Years,148,83,65,81,49,32,7,1,6,4,2,2,56,31,25
NOLAN COUNTY,353,33 Years,152,78,74,90,52,38,7,1,6,1,1,0,54,24,30
NOLAN COUNTY,353,34 Years,171,87,84,92,48,44,7,4,3,3,1,2,69,34,35
NOLAN COUNTY,353,35 Years,160,88,72,90,51,39,9,7,2,3,1,2,58,29,29
NOLAN COUNTY,353,36 Years,146,81,65,84,49,35,4,3,1,1,1,0,57,28,29
NOLAN COUNTY,353,37 Years,157,70,87,79,38,41,7,3,4,6,1,5,65,28,37
NOLAN COUNTY,353,38 Years,159,77,82,85,39,46,9,5,4,3,1,2,62,32,30
NOLAN COUNTY,353,39 Years,150,73,77,75,37,38,9,5,4,1,1,0,65,30,35
NOLAN COUNTY,353,40 Years,157,74,83,89,42,47,7,5,2,2,2,0,59,25,34
NOLAN COUNTY,353,41 Years,156,75,81,91,46,45,5,2,3,4,3,1,56,24,32
NOLAN COUNTY,353,42 Years,164,74,90,97,49,48,6,2,4,1,1,0,60,22,38
NOLAN COUNTY,353,43 Years,163,79,84,89,43,46,8,4,4,1,1,0,65,31,34
NOLAN COUNTY,353,44 Years,182,92,90,102,53,49,10,5,5,2,1,1,68,33,35
NOLAN COUNTY,353,45 Years,188,104,84,111,66,45,8,3,5,2,1,1,67,34,33
NOLAN COUNTY,353,46 Years,174,90,84,101,53,48,12,6,6,2,1,1,59,30,29
NOLAN COUNTY,353,47 Years,166,77,89,91,47,44,9,2,7,4,2,2,62,26,36
NOLAN COUNTY,353,48 Years,175,88,87,108,53,55,6,2,4,4,2,2,57,31,26
NOLAN COUNTY,353,49 Years,164,85,79,101,48,53,6,2,4,3,2,1,54,33,21
NOLAN COUNTY,353,50 Years,175,85,90,109,51,58,4,2,2,7,3,4,55,29,26
NOLAN COUNTY,353,51 Years,161,76,85,104,47,57,8,6,2,2,1,1,47,22,25
NOLAN COUNTY,353,52 Years,188,89,99,126,62,64,12,7,5,3,1,2,47,19,28
NOLAN COUNTY,353,53 Years,191,92,99,130,66,64,9,5,4,3,1,2,49,20,29
NOLAN COUNTY,353,54 Years,189,99,90,123,67,56,6,3,3,1,0,1,59,29,30
NOLAN COUNTY,353,55 Years,202,95,107,139,65,74,11,5,6,1,1,0,51,24,27
NOLAN COUNTY,353,56 Years,198,93,105,132,64,68,11,6,5,2,1,1,53,22,31
NOLAN COUNTY,353,57 Years,182,92,90,124,65,59,5,3,2,2,1,1,51,23,28
NOLAN COUNTY,353,58 Years,188,85,103,127,57,70,6,2,4,3,1,2,52,25,27
NOLAN COUNTY,353,59 Years,213,110,103,144,71,73,11,7,4,1,0,1,57,32,25
NOLAN COUNTY,353,60 Years,215,113,102,139,72,67,8,4,4,3,0,3,65,37,28
NOLAN COUNTY,353,61 Years,203,102,101,137,65,72,8,4,4,3,2,1,55,31,24
NOLAN COUNTY,353,62 Years,198,89,109,127,61,66,9,2,7,4,1,3,58,25,33
NOLAN COUNTY,353,63 Years,199,103,96,130,69,61,11,5,6,2,1,1,56,28,28
NOLAN COUNTY,353,64 Years,186,88,98,124,62,62,11,5,6,3,1,2,48,20,28
NOLAN COUNTY,353,65 Years,198,102,96,142,78,64,6,3,3,3,2,1,47,19,28
NOLAN COUNTY,353,66 Years,188,94,94,137,71,66,6,2,4,4,3,1,41,18,23
NOLAN COUNTY,353,67 Years,175,91,84,133,72,61,4,2,2,2,2,0,36,15,21
NOLAN COUNTY,353,68 Years,173,77,96,131,57,74,8,4,4,1,1,0,33,15,18
NOLAN COUNTY,353,69 Years,141,64,77,102,47,55,4,1,3,1,0,1,34,16,18
NOLAN COUNTY,353,70 Years,143,77,66,102,54,48,6,4,2,1,0,1,34,19,15
NOLAN COUNTY,353,71 Years,155,71,84,110,48,62,5,3,2,2,1,1,38,19,19
NOLAN COUNTY,353,72 Years,136,63,73,90,40,50,4,1,3,2,1,1,40,21,19
NOLAN COUNTY,353,73 Years,127,59,68,89,40,49,3,2,1,2,1,1,33,16,17
NOLAN COUNTY,353,74 Years,114,54,60,88,44,44,3,1,2,1,0,1,22,9,13
NOLAN COUNTY,353,75 Years,114,58,56,89,49,40,2,0,2,1,1,0,22,8,14
NOLAN COUNTY,353,76 Years,107,54,53,82,43,39,2,2,0,1,1,0,22,8,14
NOLAN COUNTY,353,77 Years,87,43,44,68,33,35,4,2,2,1,1,0,14,7,7
NOLAN COUNTY,353,78 Years,94,47,47,73,35,38,5,2,3,0,0,0,16,10,6
NOLAN COUNTY,353,79 Years,97,38,59,72,27,45,3,1,2,1,0,1,21,10,11
NOLAN COUNTY,353,80 Years,89,32,57,65,24,41,2,0,2,1,0,1,21,8,13
NOLAN COUNTY,353,81 Years,79,34,45,57,25,32,1,0,1,2,1,1,19,8,11
NOLAN COUNTY,353,82 Years,65,33,32,51,24,27,1,0,1,1,1,0,12,8,4
NOLAN COUNTY,353,83 Years,61,26,35,48,19,29,0,0,0,2,0,2,11,7,4
NOLAN COUNTY,353,84 Years,56,23,33,43,18,25,0,0,0,1,0,1,12,5,7
NOLAN COUNTY,353,85 Years +,336,124,212,264,99,165,6,3,3,7,2,5,59,20,39
NUECES COUNTY,355,All Ages,360168,177711,182457,107281,53816,53465,12532,6491,6041,11994,5570,6424,228361,111834,116527
NUECES COUNTY,355,< 1 Year,5232,2678,2554,1129,580,549,161,80,81,156,85,71,3786,1933,1853
NUECES COUNTY,355,1 Years,5183,2639,2544,1127,575,552,159,81,78,162,87,75,3735,1896,1839
NUECES COUNTY,355,2 Years,5096,2584,2512,1128,574,554,150,77,73,162,87,75,3656,1846,1810
NUECES COUNTY,355,3 Years,4887,2499,2388,1085,558,527,152,75,77,171,92,79,3479,1774,1705
NUECES COUNTY,355,4 Years,4803,2472,2331,1050,541,509,148,75,73,188,97,91,3417,1759,1658
NUECES COUNTY,355,5 Years,4777,2406,2371,997,503,494,153,76,77,203,99,104,3424,1728,1696
NUECES COUNTY,355,6 Years,4696,2347,2349,938,475,463,152,75,77,192,101,91,3414,1696,1718
NUECES COUNTY,355,7 Years,4781,2435,2346,949,477,472,171,94,77,185,86,99,3476,1778,1698
NUECES COUNTY,355,8 Years,4725,2464,2261,889,461,428,148,83,65,183,86,97,3505,1834,1671
NUECES COUNTY,355,9 Years,4835,2535,2300,913,489,424,135,77,58,193,99,94,3594,1870,1724
NUECES COUNTY,355,10 Years,4837,2504,2333,893,481,412,152,79,73,179,92,87,3613,1852,1761
NUECES COUNTY,355,11 Years,4816,2434,2382,964,494,470,142,71,71,162,83,79,3548,1786,1762
NUECES COUNTY,355,12 Years,4853,2469,2384,941,458,483,135,74,61,148,67,81,3629,1870,1759
NUECES COUNTY,355,13 Years,5002,2592,2410,941,484,457,158,77,81,154,65,89,3749,1966,1783
NUECES COUNTY,355,14 Years,5166,2692,2474,1034,556,478,155,77,78,163,80,83,3814,1979,1835
NUECES COUNTY,355,15 Years,5231,2652,2579,1044,514,530,168,80,88,175,98,77,3844,1960,1884
NUECES COUNTY,355,16 Years,5139,2638,2501,1022,507,515,188,95,93,166,95,71,3763,1941,1822
NUECES COUNTY,355,17 Years,5142,2644,2498,1027,527,500,185,98,87,158,78,80,3772,1941,1831
NUECES COUNTY,355,18 Years,5105,2547,2558,1088,544,544,188,92,96,157,73,84,3672,1838,1834
NUECES COUNTY,355,19 Years,5525,2723,2802,1274,600,674,229,107,122,176,84,92,3846,1932,1914
NUECES COUNTY,355,20 Years,5495,2792,2703,1232,608,624,225,111,114,176,81,95,3862,1992,1870
NUECES COUNTY,355,21 Years,5500,2833,2667,1299,646,653,210,100,110,186,82,104,3805,2005,1800
NUECES COUNTY,355,22 Years,5565,2866,2699,1342,665,677,218,107,111,191,79,112,3814,2015,1799
NUECES COUNTY,355,23 Years,5486,2829,2657,1364,675,689,177,103,74,185,92,93,3760,1959,1801
NUECES COUNTY,355,24 Years,5417,2846,2571,1449,816,633,187,105,82,209,106,103,3572,1819,1753
NUECES COUNTY,355,25 Years,5439,2719,2720,1515,735,780,203,109,94,213,106,107,3508,1769,1739
NUECES COUNTY,355,26 Years,5155,2634,2521,1388,713,675,206,108,98,191,99,92,3370,1714,1656
NUECES COUNTY,355,27 Years,5227,2668,2559,1492,753,739,175,99,76,193,94,99,3367,1722,1645
NUECES COUNTY,355,28 Years,5214,2673,2541,1463,782,681,171,91,80,177,84,93,3403,1716,1687
NUECES COUNTY,355,29 Years,5006,2460,2546,1400,707,693,167,91,76,183,85,98,3256,1577,1679
NUECES COUNTY,355,30 Years,4989,2504,2485,1412,734,678,181,106,75,178,80,98,3218,1584,1634
NUECES COUNTY,355,31 Years,4888,2469,2419,1435,753,682,182,107,75,169,72,97,3102,1537,1565
NUECES COUNTY,355,32 Years,4975,2496,2479,1405,754,651,184,102,82,169,81,88,3217,1559,1658
NUECES COUNTY,355,33 Years,4845,2467,2378,1334,706,628,179,105,74,176,88,88,3156,1568,1588
NUECES COUNTY,355,34 Years,4734,2376,2358,1293,667,626,171,98,73,180,77,103,3090,1534,1556
NUECES COUNTY,355,35 Years,4647,2351,2296,1283,675,608,159,96,63,176,82,94,3029,1498,1531
NUECES COUNTY,355,36 Years,4386,2206,2180,1206,634,572,171,95,76,166,74,92,2843,1403,1440
NUECES COUNTY,355,37 Years,4239,2096,2143,1127,581,546,164,89,75,176,80,96,2772,1346,1426
NUECES COUNTY,355,38 Years,4168,2030,2138,1052,535,517,147,77,70,187,79,108,2782,1339,1443
NUECES COUNTY,355,39 Years,4156,2013,2143,1032,535,497,151,77,74,205,92,113,2768,1309,1459
NUECES COUNTY,355,40 Years,4104,2027,2077,1026,534,492,145,81,64,204,100,104,2729,1312,1417
NUECES COUNTY,355,41 Years,4045,2002,2043,1027,535,492,141,79,62,203,97,106,2674,1291,1383
NUECES COUNTY,355,42 Years,4128,2041,2087,1067,565,502,148,72,76,185,86,99,2728,1318,1410
NUECES COUNTY,355,43 Years,4315,2077,2238,1136,562,574,140,77,63,214,88,126,2825,1350,1475
NUECES COUNTY,355,44 Years,4459,2175,2284,1250,651,599,150,83,67,206,95,111,2853,1346,1507
NUECES COUNTY,355,45 Years,4424,2180,2244,1303,662,641,151,84,67,161,70,91,2809,1364,1445
NUECES COUNTY,355,46 Years,4089,2004,2085,1251,650,601,134,68,66,143,63,80,2561,1223,1338
NUECES COUNTY,355,47 Years,4076,1962,2114,1220,612,608,130,66,64,147,65,82,2579,1219,1360
NUECES COUNTY,355,48 Years,4113,2010,2103,1243,638,605,136,70,66,126,52,74,2608,1250,1358
NUECES COUNTY,355,49 Years,4006,1991,2015,1265,647,618,133,71,62,116,50,66,2492,1223,1269
NUECES COUNTY,355,50 Years,4500,2215,2285,1435,711,724,186,104,82,143,66,77,2736,1334,1402
NUECES COUNTY,355,51 Years,4739,2278,2461,1651,836,815,174,91,83,139,59,80,2775,1292,1483
NUECES COUNTY,355,52 Years,4982,2373,2609,1755,873,882,184,96,88,129,54,75,2914,1350,1564
NUECES COUNTY,355,53 Years,4807,2365,2442,1725,865,860,181,97,84,124,56,68,2777,1347,1430
NUECES COUNTY,355,54 Years,4841,2357,2484,1815,922,893,174,94,80,146,75,71,2706,1266,1440
NUECES COUNTY,355,55 Years,5005,2447,2558,1870,958,912,186,92,94,148,62,86,2801,1335,1466
NUECES COUNTY,355,56 Years,4805,2348,2457,1857,919,938,179,86,93,124,50,74,2645,1293,1352
NUECES COUNTY,355,57 Years,4785,2334,2451,1854,921,933,174,90,84,124,55,69,2633,1268,1365
NUECES COUNTY,355,58 Years,4853,2338,2515,1905,961,944,200,101,99,137,64,73,2611,1212,1399
NUECES COUNTY,355,59 Years,4873,2380,2493,1927,989,938,204,112,92,135,58,77,2607,1221,1386
NUECES COUNTY,355,60 Years,4773,2338,2435,2027,1025,1002,186,104,82,142,71,71,2418,1138,1280
NUECES COUNTY,355,61 Years,4571,2231,2340,1972,990,982,180,88,92,127,52,75,2292,1101,1191
NUECES COUNTY,355,62 Years,4256,2112,2144,1808,925,883,162,89,73,108,38,70,2178,1060,1118
NUECES COUNTY,355,63 Years,3989,1989,2000,1714,877,837,139,77,62,106,48,58,2030,987,1043
NUECES COUNTY,355,64 Years,3803,1857,1946,1561,784,777,128,69,59,105,44,61,2009,960,1049
NUECES COUNTY,355,65 Years,3690,1784,1906,1493,762,731,143,69,74,109,47,62,1945,906,1039
NUECES COUNTY,355,66 Years,3616,1758,1858,1457,752,705,133,61,72,105,47,58,1921,898,1023
NUECES COUNTY,355,67 Years,3621,1770,1851,1515,794,721,126,63,63,106,44,62,1874,869,1005
NUECES COUNTY,355,68 Years,3458,1667,1791,1505,766,739,97,47,50,104,42,62,1752,812,940
NUECES COUNTY,355,69 Years,2928,1392,1536,1217,595,622,102,56,46,87,34,53,1522,707,815
NUECES COUNTY,355,70 Years,2779,1332,1447,1127,562,565,92,46,46,74,33,41,1486,691,795
NUECES COUNTY,355,71 Years,2563,1218,1345,1106,543,563,83,43,40,63,25,38,1311,607,704
NUECES COUNTY,355,72 Years,2344,1093,1251,1051,508,543,79,37,42,52,21,31,1162,527,635
NUECES COUNTY,355,73 Years,2187,1028,1159,938,487,451,80,38,42,51,20,31,1118,483,635
NUECES COUNTY,355,74 Years,2010,928,1082,881,441,440,62,28,34,51,20,31,1016,439,577
NUECES COUNTY,355,75 Years,1803,827,976,798,385,413,55,28,27,51,24,27,899,390,509
NUECES COUNTY,355,76 Years,1724,759,965,779,369,410,56,27,29,37,16,21,852,347,505
NUECES COUNTY,355,77 Years,1640,683,957,708,324,384,53,21,32,33,17,16,846,321,525
NUECES COUNTY,355,78 Years,1560,665,895,693,320,373,52,18,34,35,15,20,780,312,468
NUECES COUNTY,355,79 Years,1465,604,861,637,279,358,47,20,27,33,15,18,748,290,458
NUECES COUNTY,355,80 Years,1462,578,884,657,278,379,49,22,27,26,9,17,730,269,461
NUECES COUNTY,355,81 Years,1286,517,769,580,240,340,41,14,27,27,9,18,638,254,384
NUECES COUNTY,355,82 Years,1159,459,700,524,225,299,41,16,25,26,9,17,568,209,359
NUECES COUNTY,355,83 Years,1125,436,689,514,212,302,35,15,20,26,10,16,550,199,351
NUECES COUNTY,355,84 Years,1086,413,673,514,199,315,24,11,13,32,11,21,516,192,324
NUECES COUNTY,355,85 Years +,5959,2087,3872,2967,1091,1876,180,51,129,105,37,68,2707,908,1799
OCHILTREE COUNTY,357,All Ages,10957,5671,5286,4773,2384,2389,20,7,13,172,79,93,5992,3201,2791
OCHILTREE COUNTY,357,< 1 Year,183,89,94,41,21,20,0,0,0,3,2,1,139,66,73
OCHILTREE COUNTY,357,1 Years,184,91,93,44,22,22,0,0,0,4,2,2,136,67,69
OCHILTREE COUNTY,357,2 Years,181,89,92,51,25,26,1,0,1,3,1,2,126,63,63
OCHILTREE COUNTY,357,3 Years,175,89,86,49,26,23,1,0,1,3,1,2,122,62,60
OCHILTREE COUNTY,357,4 Years,174,86,88,49,26,23,0,0,0,3,2,1,122,58,64
OCHILTREE COUNTY,357,5 Years,187,94,93,48,31,17,0,0,0,3,3,0,136,60,76
OCHILTREE COUNTY,357,6 Years,188,106,82,55,38,17,1,0,1,0,0,0,132,68,64
OCHILTREE COUNTY,357,7 Years,195,113,82,51,30,21,1,0,1,3,1,2,140,82,58
OCHILTREE COUNTY,357,8 Years,197,105,92,55,24,31,1,1,0,2,1,1,139,79,60
OCHILTREE COUNTY,357,9 Years,212,107,105,64,34,30,1,0,1,1,0,1,146,73,73
OCHILTREE COUNTY,357,10 Years,215,102,113,58,29,29,1,0,1,1,0,1,155,73,82
OCHILTREE COUNTY,357,11 Years,220,102,118,69,28,41,1,0,1,1,0,1,149,74,75
OCHILTREE COUNTY,357,12 Years,201,106,95,56,28,28,1,0,1,5,4,1,139,74,65
OCHILTREE COUNTY,357,13 Years,187,95,92,53,28,25,0,0,0,3,2,1,131,65,66
OCHILTREE COUNTY,357,14 Years,201,111,90,59,36,23,1,0,1,5,4,1,136,71,65
OCHILTREE COUNTY,357,15 Years,189,107,82,52,28,24,1,0,1,4,3,1,132,76,56
OCHILTREE COUNTY,357,16 Years,187,96,91,57,25,32,1,0,1,3,1,2,126,70,56
OCHILTREE COUNTY,357,17 Years,162,92,70,53,27,26,0,0,0,1,0,1,108,65,43
OCHILTREE COUNTY,357,18 Years,161,87,74,61,31,30,0,0,0,3,1,2,97,55,42
OCHILTREE COUNTY,357,19 Years,157,93,64,60,33,27,0,0,0,4,3,1,93,57,36
OCHILTREE COUNTY,357,20 Years,151,89,62,56,29,27,0,0,0,3,1,2,92,59,33
OCHILTREE COUNTY,357,21 Years,145,74,71,51,26,25,0,0,0,4,0,4,90,48,42
OCHILTREE COUNTY,357,22 Years,141,81,60,54,30,24,1,1,0,2,1,1,84,49,35
OCHILTREE COUNTY,357,23 Years,160,87,73,61,31,30,1,0,1,3,1,2,95,55,40
OCHILTREE COUNTY,357,24 Years,130,60,70,48,21,27,0,0,0,2,1,1,80,38,42
OCHILTREE COUNTY,357,25 Years,137,66,71,56,26,30,0,0,0,1,1,0,80,39,41
OCHILTREE COUNTY,357,26 Years,134,68,66,51,24,27,0,0,0,2,1,1,81,43,38
OCHILTREE COUNTY,357,27 Years,141,74,67,52,27,25,0,0,0,2,1,1,87,46,41
OCHILTREE COUNTY,357,28 Years,139,72,67,45,24,21,0,0,0,2,1,1,92,47,45
OCHILTREE COUNTY,357,29 Years,124,65,59,48,21,27,0,0,0,1,1,0,75,43,32
OCHILTREE COUNTY,357,30 Years,161,85,76,66,33,33,0,0,0,3,1,2,92,51,41
OCHILTREE COUNTY,357,31 Years,137,77,60,56,30,26,0,0,0,3,1,2,78,46,32
OCHILTREE COUNTY,357,32 Years,147,83,64,56,29,27,0,0,0,2,2,0,89,52,37
OCHILTREE COUNTY,357,33 Years,164,90,74,63,36,27,1,1,0,1,1,0,99,52,47
OCHILTREE COUNTY,357,34 Years,149,79,70,52,29,23,1,1,0,1,1,0,95,48,47
OCHILTREE COUNTY,357,35 Years,142,85,57,45,28,17,0,0,0,2,0,2,95,57,38
OCHILTREE COUNTY,357,36 Years,162,86,76,52,26,26,0,0,0,2,1,1,108,59,49
OCHILTREE COUNTY,357,37 Years,163,82,81,53,25,28,0,0,0,2,1,1,108,56,52
OCHILTREE COUNTY,357,38 Years,152,81,71,43,19,24,0,0,0,4,2,2,105,60,45
OCHILTREE COUNTY,357,39 Years,142,77,65,45,18,27,0,0,0,2,1,1,95,58,37
OCHILTREE COUNTY,357,40 Years,152,81,71,57,27,30,0,0,0,1,1,0,94,53,41
OCHILTREE COUNTY,357,41 Years,148,84,64,58,34,24,0,0,0,0,0,0,90,50,40
OCHILTREE COUNTY,357,42 Years,129,71,58,48,26,22,0,0,0,0,0,0,81,45,36
OCHILTREE COUNTY,357,43 Years,131,76,55,44,26,18,1,0,1,1,0,1,85,50,35
OCHILTREE COUNTY,357,44 Years,125,64,61,50,24,26,0,0,0,1,0,1,74,40,34
OCHILTREE COUNTY,357,45 Years,124,62,62,53,25,28,0,0,0,1,0,1,70,37,33
OCHILTREE COUNTY,357,46 Years,115,59,56,47,23,24,0,0,0,2,2,0,66,34,32
OCHILTREE COUNTY,357,47 Years,116,58,58,47,22,25,1,1,0,3,1,2,65,34,31
OCHILTREE COUNTY,357,48 Years,110,57,53,54,28,26,0,0,0,2,0,2,54,29,25
OCHILTREE COUNTY,357,49 Years,126,62,64,55,28,27,1,1,0,2,1,1,68,32,36
OCHILTREE COUNTY,357,50 Years,123,61,62,61,31,30,0,0,0,6,3,3,56,27,29
OCHILTREE COUNTY,357,51 Years,125,66,59,70,31,39,0,0,0,3,1,2,52,34,18
OCHILTREE COUNTY,357,52 Years,136,69,67,86,40,46,0,0,0,2,1,1,48,28,20
OCHILTREE COUNTY,357,53 Years,140,70,70,86,46,40,1,1,0,2,2,0,51,21,30
OCHILTREE COUNTY,357,54 Years,148,78,70,86,46,40,0,0,0,2,1,1,60,31,29
OCHILTREE COUNTY,357,55 Years,144,74,70,85,43,42,0,0,0,5,3,2,54,28,26
OCHILTREE COUNTY,357,56 Years,126,62,64,72,38,34,0,0,0,6,3,3,48,21,27
OCHILTREE COUNTY,357,57 Years,122,59,63,75,35,40,0,0,0,4,1,3,43,23,20
OCHILTREE COUNTY,357,58 Years,125,68,57,86,47,39,0,0,0,2,0,2,37,21,16
OCHILTREE COUNTY,357,59 Years,121,63,58,82,43,39,0,0,0,2,1,1,37,19,18
OCHILTREE COUNTY,357,60 Years,125,68,57,85,46,39,0,0,0,2,1,1,38,21,17
OCHILTREE COUNTY,357,61 Years,107,54,53,75,38,37,0,0,0,2,1,1,30,15,15
OCHILTREE COUNTY,357,62 Years,102,48,54,76,34,42,0,0,0,0,0,0,26,14,12
OCHILTREE COUNTY,357,63 Years,103,50,53,81,37,44,0,0,0,0,0,0,22,13,9
OCHILTREE COUNTY,357,64 Years,86,47,39,68,35,33,0,0,0,0,0,0,18,12,6
OCHILTREE COUNTY,357,65 Years,80,43,37,59,31,28,0,0,0,0,0,0,21,12,9
OCHILTREE COUNTY,357,66 Years,82,41,41,63,29,34,0,0,0,1,1,0,18,11,7
OCHILTREE COUNTY,357,67 Years,83,48,35,72,39,33,0,0,0,0,0,0,11,9,2
OCHILTREE COUNTY,357,68 Years,81,45,36,65,36,29,0,0,0,2,0,2,14,9,5
OCHILTREE COUNTY,357,69 Years,67,35,32,48,25,23,0,0,0,3,1,2,16,9,7
OCHILTREE COUNTY,357,70 Years,67,29,38,50,23,27,0,0,0,1,0,1,16,6,10
OCHILTREE COUNTY,357,71 Years,60,28,32,48,22,26,0,0,0,1,0,1,11,6,5
OCHILTREE COUNTY,357,72 Years,58,28,30,46,21,25,0,0,0,0,0,0,12,7,5
OCHILTREE COUNTY,357,73 Years,50,21,29,41,17,24,0,0,0,1,0,1,8,4,4
OCHILTREE COUNTY,357,74 Years,52,19,33,47,18,29,0,0,0,1,0,1,4,1,3
OCHILTREE COUNTY,357,75 Years,47,19,28,41,16,25,0,0,0,1,0,1,5,3,2
OCHILTREE COUNTY,357,76 Years,38,15,23,32,13,19,0,0,0,1,0,1,5,2,3
OCHILTREE COUNTY,357,77 Years,37,19,18,31,16,15,0,0,0,0,0,0,6,3,3
OCHILTREE COUNTY,357,78 Years,33,18,15,22,13,9,0,0,0,1,0,1,10,5,5
OCHILTREE COUNTY,357,79 Years,35,14,21,24,10,14,0,0,0,1,0,1,10,4,6
OCHILTREE COUNTY,357,80 Years,38,16,22,31,13,18,0,0,0,1,0,1,6,3,3
OCHILTREE COUNTY,357,81 Years,33,12,21,27,11,16,0,0,0,1,0,1,5,1,4
OCHILTREE COUNTY,357,82 Years,31,15,16,25,13,12,0,0,0,0,0,0,6,2,4
OCHILTREE COUNTY,357,83 Years,28,10,18,23,8,15,0,0,0,1,0,1,4,2,2
OCHILTREE COUNTY,357,84 Years,37,13,24,32,10,22,0,0,0,2,1,1,3,2,1
OCHILTREE COUNTY,357,85 Years +,134,51,83,121,45,76,0,0,0,3,2,1,10,4,6
OLDHAM COUNTY,359,All Ages,2079,1058,1021,1712,871,841,59,30,29,50,22,28,258,135,123
OLDHAM COUNTY,359,< 1 Year,23,11,12,21,10,11,0,0,0,0,0,0,2,1,1
OLDHAM COUNTY,359,1 Years,26,13,13,23,11,12,0,0,0,0,0,0,3,2,1
OLDHAM COUNTY,359,2 Years,25,11,14,22,9,13,0,0,0,0,0,0,3,2,1
OLDHAM COUNTY,359,3 Years,25,13,12,23,11,12,0,0,0,0,0,0,2,2,0
OLDHAM COUNTY,359,4 Years,19,9,10,17,8,9,0,0,0,0,0,0,2,1,1
OLDHAM COUNTY,359,5 Years,20,13,7,16,10,6,2,1,1,0,0,0,2,2,0
OLDHAM COUNTY,359,6 Years,20,10,10,15,9,6,1,1,0,0,0,0,4,0,4
OLDHAM COUNTY,359,7 Years,20,12,8,14,9,5,2,2,0,1,0,1,3,1,2
OLDHAM COUNTY,359,8 Years,20,9,11,16,7,9,1,0,1,0,0,0,3,2,1
OLDHAM COUNTY,359,9 Years,20,12,8,17,10,7,1,0,1,0,0,0,2,2,0
OLDHAM COUNTY,359,10 Years,27,14,13,23,13,10,1,0,1,0,0,0,3,1,2
OLDHAM COUNTY,359,11 Years,33,13,20,27,12,15,2,1,1,2,0,2,2,0,2
OLDHAM COUNTY,359,12 Years,31,15,16,25,12,13,0,0,0,1,0,1,5,3,2
OLDHAM COUNTY,359,13 Years,33,16,17,29,16,13,2,0,2,1,0,1,1,0,1
OLDHAM COUNTY,359,14 Years,36,20,16,30,17,13,1,0,1,0,0,0,5,3,2
OLDHAM COUNTY,359,15 Years,32,19,13,27,16,11,1,1,0,0,0,0,4,2,2
OLDHAM COUNTY,359,16 Years,41,29,12,33,23,10,3,3,0,0,0,0,5,3,2
OLDHAM COUNTY,359,17 Years,40,24,16,33,19,14,1,1,0,0,0,0,6,4,2
OLDHAM COUNTY,359,18 Years,52,32,20,35,22,13,4,2,2,2,0,2,11,8,3
OLDHAM COUNTY,359,19 Years,62,40,22,35,24,11,5,3,2,4,1,3,18,12,6
OLDHAM COUNTY,359,20 Years,63,42,21,38,25,13,6,4,2,4,2,2,15,11,4
OLDHAM COUNTY,359,21 Years,64,44,20,44,31,13,7,5,2,1,0,1,12,8,4
OLDHAM COUNTY,359,22 Years,50,32,18,33,22,11,4,1,3,3,2,1,10,7,3
OLDHAM COUNTY,359,23 Years,45,29,16,33,22,11,3,2,1,1,1,0,8,4,4
OLDHAM COUNTY,359,24 Years,23,11,12,19,10,9,1,1,0,1,0,1,2,0,2
OLDHAM COUNTY,359,25 Years,10,5,5,6,3,3,1,0,1,0,0,0,3,2,1
OLDHAM COUNTY,359,26 Years,14,6,8,9,5,4,1,0,1,1,1,0,3,0,3
OLDHAM COUNTY,359,27 Years,12,8,4,9,6,3,0,0,0,0,0,0,3,2,1
OLDHAM COUNTY,359,28 Years,7,5,2,5,3,2,0,0,0,0,0,0,2,2,0
OLDHAM COUNTY,359,29 Years,15,5,10,12,4,8,0,0,0,0,0,0,3,1,2
OLDHAM COUNTY,359,30 Years,20,9,11,16,6,10,1,1,0,0,0,0,3,2,1
OLDHAM COUNTY,359,31 Years,16,7,9,14,6,8,0,0,0,0,0,0,2,1,1
OLDHAM COUNTY,359,32 Years,15,8,7,12,6,6,0,0,0,0,0,0,3,2,1
OLDHAM COUNTY,359,33 Years,18,8,10,15,7,8,1,0,1,0,0,0,2,1,1
OLDHAM COUNTY,359,34 Years,20,4,16,17,3,14,0,0,0,0,0,0,3,1,2
OLDHAM COUNTY,359,35 Years,24,10,14,22,9,13,0,0,0,0,0,0,2,1,1
OLDHAM COUNTY,359,36 Years,28,12,16,27,12,15,1,0,1,0,0,0,0,0,0
OLDHAM COUNTY,359,37 Years,22,11,11,20,10,10,0,0,0,0,0,0,2,1,1
OLDHAM COUNTY,359,38 Years,19,10,9,15,8,7,0,0,0,1,1,0,3,1,2
OLDHAM COUNTY,359,39 Years,19,10,9,15,8,7,0,0,0,2,1,1,2,1,1
OLDHAM COUNTY,359,40 Years,20,9,11,17,7,10,1,1,0,0,0,0,2,1,1
OLDHAM COUNTY,359,41 Years,23,11,12,22,10,12,0,0,0,0,0,0,1,1,0
OLDHAM COUNTY,359,42 Years,22,11,11,19,10,9,1,0,1,0,0,0,2,1,1
OLDHAM COUNTY,359,43 Years,28,15,13,23,13,10,1,0,1,3,2,1,1,0,1
OLDHAM COUNTY,359,44 Years,23,10,13,18,9,9,0,0,0,3,0,3,2,1,1
OLDHAM COUNTY,359,45 Years,25,13,12,20,11,9,0,0,0,1,0,1,4,2,2
OLDHAM COUNTY,359,46 Years,30,10,20,27,10,17,1,0,1,0,0,0,2,0,2
OLDHAM COUNTY,359,47 Years,21,8,13,19,7,12,0,0,0,0,0,0,2,1,1
OLDHAM COUNTY,359,48 Years,13,4,9,11,3,8,0,0,0,0,0,0,2,1,1
OLDHAM COUNTY,359,49 Years,14,6,8,12,5,7,0,0,0,1,1,0,1,0,1
OLDHAM COUNTY,359,50 Years,23,10,13,21,8,13,0,0,0,1,1,0,1,1,0
OLDHAM COUNTY,359,51 Years,31,14,17,29,13,16,0,0,0,0,0,0,2,1,1
OLDHAM COUNTY,359,52 Years,33,20,13,28,17,11,0,0,0,1,1,0,4,2,2
OLDHAM COUNTY,359,53 Years,21,12,9,18,10,8,0,0,0,0,0,0,3,2,1
OLDHAM COUNTY,359,54 Years,26,10,16,22,9,13,0,0,0,0,0,0,4,1,3
OLDHAM COUNTY,359,55 Years,25,11,14,21,10,11,0,0,0,1,1,0,3,0,3
OLDHAM COUNTY,359,56 Years,27,13,14,21,10,11,0,0,0,1,1,0,5,2,3
OLDHAM COUNTY,359,57 Years,32,15,17,28,14,14,0,0,0,1,0,1,3,1,2
OLDHAM COUNTY,359,58 Years,34,13,21,30,13,17,1,0,1,1,0,1,2,0,2
OLDHAM COUNTY,359,59 Years,27,14,13,24,11,13,0,0,0,1,1,0,2,2,0
OLDHAM COUNTY,359,60 Years,38,19,19,32,16,16,0,0,0,1,0,1,5,3,2
OLDHAM COUNTY,359,61 Years,25,11,14,21,10,11,0,0,0,0,0,0,4,1,3
OLDHAM COUNTY,359,62 Years,18,8,10,14,6,8,0,0,0,1,0,1,3,2,1
OLDHAM COUNTY,359,63 Years,24,10,14,22,10,12,1,0,1,1,0,1,0,0,0
OLDHAM COUNTY,359,64 Years,21,7,14,18,6,12,0,0,0,0,0,0,3,1,2
OLDHAM COUNTY,359,65 Years,23,11,12,22,11,11,0,0,0,0,0,0,1,0,1
OLDHAM COUNTY,359,66 Years,27,15,12,24,15,9,0,0,0,0,0,0,3,0,3
OLDHAM COUNTY,359,67 Years,28,13,15,26,13,13,0,0,0,1,0,1,1,0,1
OLDHAM COUNTY,359,68 Years,22,11,11,18,10,8,0,0,0,1,0,1,3,1,2
OLDHAM COUNTY,359,69 Years,20,12,8,16,10,6,0,0,0,0,0,0,4,2,2
OLDHAM COUNTY,359,70 Years,17,9,8,14,7,7,0,0,0,1,1,0,2,1,1
OLDHAM COUNTY,359,71 Years,23,12,11,21,10,11,0,0,0,0,0,0,2,2,0
OLDHAM COUNTY,359,72 Years,16,7,9,14,6,8,0,0,0,1,1,0,1,0,1
OLDHAM COUNTY,359,73 Years,10,3,7,10,3,7,0,0,0,0,0,0,0,0,0
OLDHAM COUNTY,359,74 Years,11,6,5,10,5,5,0,0,0,1,1,0,0,0,0
OLDHAM COUNTY,359,75 Years,15,6,9,14,5,9,0,0,0,1,1,0,0,0,0
OLDHAM COUNTY,359,76 Years,15,5,10,15,5,10,0,0,0,0,0,0,0,0,0
OLDHAM COUNTY,359,77 Years,10,5,5,9,5,4,0,0,0,0,0,0,1,0,1
OLDHAM COUNTY,359,78 Years,16,9,7,13,8,5,0,0,0,0,0,0,3,1,2
OLDHAM COUNTY,359,79 Years,14,9,5,12,7,5,0,0,0,1,1,0,1,1,0
OLDHAM COUNTY,359,80 Years,11,4,7,11,4,7,0,0,0,0,0,0,0,0,0
OLDHAM COUNTY,359,81 Years,10,4,6,10,4,6,0,0,0,0,0,0,0,0,0
OLDHAM COUNTY,359,82 Years,7,3,4,5,2,3,0,0,0,0,0,0,2,1,1
OLDHAM COUNTY,359,83 Years,6,2,4,6,2,4,0,0,0,0,0,0,0,0,0
OLDHAM COUNTY,359,84 Years,9,4,5,9,4,5,0,0,0,0,0,0,0,0,0
OLDHAM COUNTY,359,85 Years +,36,13,23,34,13,21,0,0,0,0,0,0,2,0,2
ORANGE COUNTY,361,All Ages,83069,41546,41523,66922,33348,33574,7283,3525,3758,2803,1415,1388,6061,3258,2803
ORANGE COUNTY,361,< 1 Year,1086,560,526,797,407,390,120,66,54,60,34,26,109,53,56
ORANGE COUNTY,361,1 Years,1078,548,530,791,396,395,111,62,49,62,33,29,114,57,57
ORANGE COUNTY,361,2 Years,1057,530,527,768,385,383,102,50,52,66,34,32,121,61,60
ORANGE COUNTY,361,3 Years,1020,517,503,734,372,362,99,48,51,63,32,31,124,65,59
ORANGE COUNTY,361,4 Years,1013,514,499,717,373,344,92,42,50,68,35,33,136,64,72
ORANGE COUNTY,361,5 Years,1009,507,502,743,375,368,84,46,38,60,28,32,122,58,64
ORANGE COUNTY,361,6 Years,1116,567,549,834,418,416,83,44,39,63,36,27,136,69,67
ORANGE COUNTY,361,7 Years,1152,594,558,843,428,415,115,61,54,67,39,28,127,66,61
ORANGE COUNTY,361,8 Years,1152,594,558,854,453,401,109,51,58,64,32,32,125,58,67
ORANGE COUNTY,361,9 Years,1148,603,545,846,442,404,102,57,45,67,39,28,133,65,68
ORANGE COUNTY,361,10 Years,1154,605,549,867,444,423,107,58,49,47,29,18,133,74,59
ORANGE COUNTY,361,11 Years,1187,633,554,888,463,425,118,64,54,50,29,21,131,77,54
ORANGE COUNTY,361,12 Years,1202,633,569,885,458,427,114,59,55,56,28,28,147,88,59
ORANGE COUNTY,361,13 Years,1161,612,549,867,458,409,103,51,52,54,28,26,137,75,62
ORANGE COUNTY,361,14 Years,1174,619,555,881,464,417,122,63,59,52,28,24,119,64,55
ORANGE COUNTY,361,15 Years,1208,622,586,912,464,448,125,67,58,54,27,27,117,64,53
ORANGE COUNTY,361,16 Years,1222,611,611,930,470,460,129,64,65,49,24,25,114,53,61
ORANGE COUNTY,361,17 Years,1175,619,556,884,467,417,125,62,63,45,24,21,121,66,55
ORANGE COUNTY,361,18 Years,1155,610,545,877,454,423,128,73,55,42,20,22,108,63,45
ORANGE COUNTY,361,19 Years,1060,548,512,772,394,378,134,72,62,39,18,21,115,64,51
ORANGE COUNTY,361,20 Years,1006,551,455,733,400,333,127,73,54,48,25,23,98,53,45
ORANGE COUNTY,361,21 Years,1044,543,501,754,397,357,134,64,70,47,26,21,109,56,53
ORANGE COUNTY,361,22 Years,1077,566,511,790,407,383,139,79,60,50,26,24,98,54,44
ORANGE COUNTY,361,23 Years,1036,558,478,770,409,361,122,67,55,41,21,20,103,61,42
ORANGE COUNTY,361,24 Years,1070,549,521,833,425,408,109,57,52,33,17,16,95,50,45
ORANGE COUNTY,361,25 Years,1027,550,477,819,439,380,93,49,44,36,20,16,79,42,37
ORANGE COUNTY,361,26 Years,990,514,476,784,397,387,90,48,42,26,15,11,90,54,36
ORANGE COUNTY,361,27 Years,909,452,457,720,349,371,76,40,36,21,8,13,92,55,37
ORANGE COUNTY,361,28 Years,892,439,453,709,346,363,82,35,47,24,11,13,77,47,30
ORANGE COUNTY,361,29 Years,885,457,428,703,363,340,78,37,41,29,16,13,75,41,34
ORANGE COUNTY,361,30 Years,891,447,444,702,347,355,90,46,44,23,11,12,76,43,33
ORANGE COUNTY,361,31 Years,876,439,437,679,334,345,77,37,40,27,15,12,93,53,40
ORANGE COUNTY,361,32 Years,930,477,453,741,376,365,76,39,37,19,11,8,94,51,43
ORANGE COUNTY,361,33 Years,944,477,467,753,379,374,72,35,37,22,14,8,97,49,48
ORANGE COUNTY,361,34 Years,977,485,492,787,390,397,71,35,36,24,12,12,95,48,47
ORANGE COUNTY,361,35 Years,999,493,506,795,394,401,83,34,49,28,15,13,93,50,43
ORANGE COUNTY,361,36 Years,983,491,492,784,387,397,90,40,50,29,17,12,80,47,33
ORANGE COUNTY,361,37 Years,977,501,476,786,401,385,76,30,46,27,17,10,88,53,35
ORANGE COUNTY,361,38 Years,991,504,487,789,402,387,84,33,51,31,16,15,87,53,34
ORANGE COUNTY,361,39 Years,940,471,469,729,363,366,96,43,53,37,16,21,78,49,29
ORANGE COUNTY,361,40 Years,1001,473,528,791,371,420,90,42,48,38,11,27,82,49,33
ORANGE COUNTY,361,41 Years,1014,485,529,817,387,430,78,38,40,34,14,20,85,46,39
ORANGE COUNTY,361,42 Years,1007,495,512,817,398,419,86,39,47,34,18,16,70,40,30
ORANGE COUNTY,361,43 Years,1062,543,519,865,450,415,88,37,51,34,14,20,75,42,33
ORANGE COUNTY,361,44 Years,1131,585,546,925,493,432,98,43,55,35,13,22,73,36,37
ORANGE COUNTY,361,45 Years,1076,560,516,882,460,422,82,40,42,33,18,15,79,42,37
ORANGE COUNTY,361,46 Years,1027,541,486,848,445,403,84,39,45,33,22,11,62,35,27
ORANGE COUNTY,361,47 Years,1054,548,506,873,459,414,94,43,51,31,19,12,56,27,29
ORANGE COUNTY,361,48 Years,1101,564,537,924,480,444,91,43,48,30,15,15,56,26,30
ORANGE COUNTY,361,49 Years,1111,560,551,914,462,452,104,48,56,31,17,14,62,33,29
ORANGE COUNTY,361,50 Years,1156,567,589,963,470,493,106,49,57,30,16,14,57,32,25
ORANGE COUNTY,361,51 Years,1272,599,673,1081,509,572,94,45,49,31,15,16,66,30,36
ORANGE COUNTY,361,52 Years,1260,634,626,1079,543,536,89,48,41,34,14,20,58,29,29
ORANGE COUNTY,361,53 Years,1267,653,614,1085,563,522,100,52,48,30,11,19,52,27,25
ORANGE COUNTY,361,54 Years,1263,637,626,1077,542,535,101,49,52,36,19,17,49,27,22
ORANGE COUNTY,361,55 Years,1270,642,628,1079,551,528,102,43,59,36,17,19,53,31,22
ORANGE COUNTY,361,56 Years,1277,627,650,1088,541,547,108,49,59,31,11,20,50,26,24
ORANGE COUNTY,361,57 Years,1290,642,648,1101,559,542,107,48,59,32,11,21,50,24,26
ORANGE COUNTY,361,58 Years,1213,596,617,1036,518,518,100,41,59,33,13,20,44,24,20
ORANGE COUNTY,361,59 Years,1115,560,555,947,480,467,98,40,58,36,15,21,34,25,9
ORANGE COUNTY,361,60 Years,1115,540,575,955,462,493,91,36,55,32,15,17,37,27,10
ORANGE COUNTY,361,61 Years,1065,518,547,911,441,470,88,44,44,29,12,17,37,21,16
ORANGE COUNTY,361,62 Years,999,496,503,863,424,439,78,40,38,24,12,12,34,20,14
ORANGE COUNTY,361,63 Years,994,487,507,861,424,437,73,33,40,26,12,14,34,18,16
ORANGE COUNTY,361,64 Years,966,471,495,836,409,427,73,32,41,24,12,12,33,18,15
ORANGE COUNTY,361,65 Years,917,440,477,804,384,420,62,28,34,20,10,10,31,18,13
ORANGE COUNTY,361,66 Years,879,430,449,766,378,388,69,29,40,23,11,12,21,12,9
ORANGE COUNTY,361,67 Years,896,444,452,778,386,392,72,35,37,22,10,12,24,13,11
ORANGE COUNTY,361,68 Years,840,402,438,728,348,380,72,35,37,13,3,10,27,16,11
ORANGE COUNTY,361,69 Years,694,337,357,603,292,311,62,31,31,11,5,6,18,9,9
ORANGE COUNTY,361,70 Years,674,317,357,587,277,310,52,24,28,12,5,7,23,11,12
ORANGE COUNTY,361,71 Years,697,327,370,623,291,332,47,22,25,11,7,4,16,7,9
ORANGE COUNTY,361,72 Years,658,317,341,581,277,304,47,23,24,16,10,6,14,7,7
ORANGE COUNTY,361,73 Years,623,313,310,550,277,273,40,21,19,14,7,7,19,8,11
ORANGE COUNTY,361,74 Years,570,250,320,509,228,281,37,13,24,9,1,8,15,8,7
ORANGE COUNTY,361,75 Years,493,215,278,437,195,242,32,11,21,8,3,5,16,6,10
ORANGE COUNTY,361,76 Years,500,222,278,444,195,249,33,15,18,7,6,1,16,6,10
ORANGE COUNTY,361,77 Years,470,193,277,415,170,245,32,12,20,10,7,3,13,4,9
ORANGE COUNTY,361,78 Years,449,206,243,395,186,209,34,12,22,9,5,4,11,3,8
ORANGE COUNTY,361,79 Years,442,196,246,397,176,221,23,9,14,7,3,4,15,8,7
ORANGE COUNTY,361,80 Years,414,194,220,368,178,190,23,7,16,5,1,4,18,8,10
ORANGE COUNTY,361,81 Years,359,165,194,321,150,171,20,6,14,5,1,4,13,8,5
ORANGE COUNTY,361,82 Years,338,154,184,298,134,164,18,8,10,8,4,4,14,8,6
ORANGE COUNTY,361,83 Years,316,127,189,281,112,169,19,7,12,6,3,3,10,5,5
ORANGE COUNTY,361,84 Years,300,120,180,269,105,164,17,6,11,6,4,2,8,5,3
ORANGE COUNTY,361,85 Years +,1461,544,917,1300,478,822,82,29,53,34,17,17,45,20,25
PALO PINTO COUNTY,363,All Ages,28499,14118,14381,21536,10563,10973,625,332,293,594,302,292,5744,2921,2823
PALO PINTO COUNTY,363,< 1 Year,344,176,168,211,110,101,8,5,3,9,6,3,116,55,61
PALO PINTO COUNTY,363,1 Years,351,174,177,215,108,107,8,5,3,9,6,3,119,55,64
PALO PINTO COUNTY,363,2 Years,361,184,177,221,112,109,9,5,4,9,6,3,122,61,61
PALO PINTO COUNTY,363,3 Years,365,192,173,222,119,103,9,4,5,8,6,2,126,63,63
PALO PINTO COUNTY,363,4 Years,361,196,165,221,122,99,11,6,5,8,6,2,121,62,59
PALO PINTO COUNTY,363,5 Years,384,202,182,235,120,115,14,10,4,6,6,0,129,66,63
PALO PINTO COUNTY,363,6 Years,350,183,167,216,115,101,14,9,5,7,4,3,113,55,58
PALO PINTO COUNTY,363,7 Years,369,193,176,236,127,109,15,7,8,10,4,6,108,55,53
PALO PINTO COUNTY,363,8 Years,398,202,196,253,130,123,11,6,5,14,7,7,120,59,61
PALO PINTO COUNTY,363,9 Years,393,201,192,240,131,109,10,4,6,17,9,8,126,57,69
PALO PINTO COUNTY,363,10 Years,389,198,191,237,125,112,11,6,5,14,5,9,127,62,65
PALO PINTO COUNTY,363,11 Years,357,186,171,221,122,99,10,6,4,9,4,5,117,54,63
PALO PINTO COUNTY,363,12 Years,375,194,181,242,133,109,7,4,3,7,4,3,119,53,66
PALO PINTO COUNTY,363,13 Years,369,181,188,237,119,118,9,6,3,8,5,3,115,51,64
PALO PINTO COUNTY,363,14 Years,399,201,198,250,135,115,13,6,7,12,7,5,124,53,71
PALO PINTO COUNTY,363,15 Years,437,219,218,270,136,134,14,7,7,12,7,5,141,69,72
PALO PINTO COUNTY,363,16 Years,415,211,204,254,127,127,9,5,4,13,8,5,139,71,68
PALO PINTO COUNTY,363,17 Years,412,221,191,253,141,112,12,5,7,10,5,5,137,70,67
PALO PINTO COUNTY,363,18 Years,385,205,180,240,128,112,10,6,4,10,7,3,125,64,61
PALO PINTO COUNTY,363,19 Years,369,198,171,223,114,109,9,6,3,11,6,5,126,72,54
PALO PINTO COUNTY,363,20 Years,341,177,164,202,103,99,8,4,4,8,5,3,123,65,58
PALO PINTO COUNTY,363,21 Years,322,165,157,203,99,104,8,5,3,6,4,2,105,57,48
PALO PINTO COUNTY,363,22 Years,356,189,167,240,126,114,6,4,2,9,4,5,101,55,46
PALO PINTO COUNTY,363,23 Years,339,175,164,234,120,114,7,4,3,7,3,4,91,48,43
PALO PINTO COUNTY,363,24 Years,332,154,178,234,108,126,8,4,4,5,3,2,85,39,46
PALO PINTO COUNTY,363,25 Years,325,156,169,229,106,123,7,5,2,6,3,3,83,42,41
PALO PINTO COUNTY,363,26 Years,301,149,152,216,102,114,6,4,2,4,3,1,75,40,35
PALO PINTO COUNTY,363,27 Years,304,147,157,210,96,114,6,4,2,4,3,1,84,44,40
PALO PINTO COUNTY,363,28 Years,286,150,136,210,109,101,5,3,2,2,2,0,69,36,33
PALO PINTO COUNTY,363,29 Years,281,154,127,205,110,95,8,6,2,2,1,1,66,37,29
PALO PINTO COUNTY,363,30 Years,262,129,133,186,89,97,6,2,4,6,3,3,64,35,29
PALO PINTO COUNTY,363,31 Years,282,155,127,200,109,91,6,3,3,10,5,5,66,38,28
PALO PINTO COUNTY,363,32 Years,290,141,149,199,91,108,6,2,4,9,4,5,76,44,32
PALO PINTO COUNTY,363,33 Years,286,135,151,202,92,110,8,4,4,7,4,3,69,35,34
PALO PINTO COUNTY,363,34 Years,294,144,150,202,94,108,6,3,3,5,3,2,81,44,37
PALO PINTO COUNTY,363,35 Years,286,138,148,210,94,116,7,5,2,6,5,1,63,34,29
PALO PINTO COUNTY,363,36 Years,294,142,152,209,99,110,8,4,4,9,4,5,68,35,33
PALO PINTO COUNTY,363,37 Years,295,144,151,211,101,110,7,3,4,10,5,5,67,35,32
PALO PINTO COUNTY,363,38 Years,300,155,145,221,114,107,6,4,2,6,3,3,67,34,33
PALO PINTO COUNTY,363,39 Years,297,141,156,215,104,111,6,4,2,2,1,1,74,32,42
PALO PINTO COUNTY,363,40 Years,302,140,162,220,103,117,4,2,2,4,3,1,74,32,42
PALO PINTO COUNTY,363,41 Years,308,147,161,222,103,119,8,6,2,9,3,6,69,35,34
PALO PINTO COUNTY,363,42 Years,302,143,159,218,98,120,7,6,1,9,4,5,68,35,33
PALO PINTO COUNTY,363,43 Years,306,151,155,230,112,118,5,3,2,5,2,3,66,34,32
PALO PINTO COUNTY,363,44 Years,329,158,171,249,127,122,4,1,3,7,2,5,69,28,41
PALO PINTO COUNTY,363,45 Years,365,181,184,283,139,144,6,2,4,5,3,2,71,37,34
PALO PINTO COUNTY,363,46 Years,319,165,154,239,120,119,5,3,2,4,3,1,71,39,32
PALO PINTO COUNTY,363,47 Years,328,165,163,260,133,127,8,4,4,2,2,0,58,26,32
PALO PINTO COUNTY,363,48 Years,350,168,182,274,132,142,7,5,2,4,1,3,65,30,35
PALO PINTO COUNTY,363,49 Years,313,154,159,240,121,119,7,5,2,5,2,3,61,26,35
PALO PINTO COUNTY,363,50 Years,378,178,200,302,141,161,8,4,4,7,2,5,61,31,30
PALO PINTO COUNTY,363,51 Years,406,195,211,331,156,175,6,2,4,10,4,6,59,33,26
PALO PINTO COUNTY,363,52 Years,405,190,215,338,153,185,8,3,5,5,2,3,54,32,22
PALO PINTO COUNTY,363,53 Years,427,219,208,349,173,176,12,7,5,8,4,4,58,35,23
PALO PINTO COUNTY,363,54 Years,431,219,212,362,178,184,9,4,5,4,2,2,56,35,21
PALO PINTO COUNTY,363,55 Years,439,207,232,375,176,199,11,4,7,7,3,4,46,24,22
PALO PINTO COUNTY,363,56 Years,411,203,208,348,170,178,6,4,2,7,2,5,50,27,23
PALO PINTO COUNTY,363,57 Years,426,207,219,359,169,190,9,6,3,6,4,2,52,28,24
PALO PINTO COUNTY,363,58 Years,443,216,227,390,186,204,10,5,5,9,5,4,34,20,14
PALO PINTO COUNTY,363,59 Years,459,226,233,402,192,210,13,7,6,10,4,6,34,23,11
PALO PINTO COUNTY,363,60 Years,426,206,220,381,181,200,12,5,7,6,3,3,27,17,10
PALO PINTO COUNTY,363,61 Years,401,205,196,352,178,174,9,2,7,5,3,2,35,22,13
PALO PINTO COUNTY,363,62 Years,387,195,192,335,172,163,5,1,4,8,3,5,39,19,20
PALO PINTO COUNTY,363,63 Years,362,176,186,313,151,162,6,4,2,7,4,3,36,17,19
PALO PINTO COUNTY,363,64 Years,358,179,179,315,157,158,4,2,2,6,2,4,33,18,15
PALO PINTO COUNTY,363,65 Years,388,190,198,338,161,177,7,4,3,7,2,5,36,23,13
PALO PINTO COUNTY,363,66 Years,353,174,179,305,147,158,6,3,3,9,1,8,33,23,10
PALO PINTO COUNTY,363,67 Years,394,193,201,350,171,179,7,3,4,7,4,3,30,15,15
PALO PINTO COUNTY,363,68 Years,402,193,209,366,179,187,11,5,6,6,1,5,19,8,11
PALO PINTO COUNTY,363,69 Years,330,165,165,298,152,146,6,3,3,2,0,2,24,10,14
PALO PINTO COUNTY,363,70 Years,317,162,155,285,146,139,3,2,1,7,4,3,22,10,12
PALO PINTO COUNTY,363,71 Years,321,165,156,291,152,139,2,1,1,10,5,5,18,7,11
PALO PINTO COUNTY,363,72 Years,280,141,139,257,131,126,3,1,2,6,2,4,14,7,7
PALO PINTO COUNTY,363,73 Years,263,127,136,238,114,124,2,2,0,7,3,4,16,8,8
PALO PINTO COUNTY,363,74 Years,256,118,138,233,106,127,2,2,0,4,3,1,17,7,10
PALO PINTO COUNTY,363,75 Years,236,108,128,212,95,117,4,1,3,4,3,1,16,9,7
PALO PINTO COUNTY,363,76 Years,213,115,98,194,104,90,3,2,1,2,2,0,14,7,7
PALO PINTO COUNTY,363,77 Years,208,103,105,192,95,97,3,2,1,3,2,1,10,4,6
PALO PINTO COUNTY,363,78 Years,189,83,106,169,74,95,4,1,3,4,2,2,12,6,6
PALO PINTO COUNTY,363,79 Years,177,76,101,162,68,94,3,1,2,1,0,1,11,7,4
PALO PINTO COUNTY,363,80 Years,159,71,88,149,66,83,2,1,1,3,0,3,5,4,1
PALO PINTO COUNTY,363,81 Years,135,60,75,123,57,66,3,1,2,4,1,3,5,1,4
PALO PINTO COUNTY,363,82 Years,123,53,70,112,50,62,2,1,1,3,0,3,6,2,4
PALO PINTO COUNTY,363,83 Years,123,57,66,107,49,58,2,1,1,4,2,2,10,5,5
PALO PINTO COUNTY,363,84 Years,107,44,63,95,38,57,2,1,1,3,1,2,7,4,3
PALO PINTO COUNTY,363,85 Years +,488,170,318,438,147,291,11,2,9,13,6,7,26,15,11
PANOLA COUNTY,365,All Ages,24366,12182,12184,17567,8761,8806,3953,1899,2054,501,257,244,2345,1265,1080
PANOLA COUNTY,365,< 1 Year,274,145,129,186,99,87,52,26,26,11,6,5,25,14,11
PANOLA COUNTY,365,1 Years,280,151,129,186,101,85,51,25,26,12,8,4,31,17,14
PANOLA COUNTY,365,2 Years,281,150,131,180,95,85,53,28,25,11,8,3,37,19,18
PANOLA COUNTY,365,3 Years,295,155,140,180,96,84,54,28,26,11,7,4,50,24,26
PANOLA COUNTY,365,4 Years,285,145,140,177,92,85,53,27,26,8,4,4,47,22,25
PANOLA COUNTY,365,5 Years,287,147,140,171,85,86,57,27,30,10,5,5,49,30,19
PANOLA COUNTY,365,6 Years,299,146,153,181,90,91,47,21,26,13,6,7,58,29,29
PANOLA COUNTY,365,7 Years,321,165,156,204,107,97,49,29,20,8,2,6,60,27,33
PANOLA COUNTY,365,8 Years,323,171,152,198,113,85,55,25,30,9,6,3,61,27,34
PANOLA COUNTY,365,9 Years,344,179,165,214,116,98,54,25,29,16,10,6,60,28,32
PANOLA COUNTY,365,10 Years,355,175,180,219,108,111,53,27,26,13,7,6,70,33,37
PANOLA COUNTY,365,11 Years,358,171,187,229,102,127,48,31,17,13,6,7,68,32,36
PANOLA COUNTY,365,12 Years,360,191,169,248,130,118,48,27,21,9,5,4,55,29,26
PANOLA COUNTY,365,13 Years,353,200,153,229,130,99,65,37,28,8,5,3,51,28,23
PANOLA COUNTY,365,14 Years,358,191,167,229,122,107,63,30,33,9,5,4,57,34,23
PANOLA COUNTY,365,15 Years,346,182,164,237,123,114,55,29,26,9,4,5,45,26,19
PANOLA COUNTY,365,16 Years,344,173,171,239,116,123,48,27,21,8,4,4,49,26,23
PANOLA COUNTY,365,17 Years,343,175,168,231,123,108,48,25,23,10,5,5,54,22,32
PANOLA COUNTY,365,18 Years,315,162,153,207,109,98,51,27,24,10,5,5,47,21,26
PANOLA COUNTY,365,19 Years,272,138,134,181,89,92,40,24,16,4,2,2,47,23,24
PANOLA COUNTY,365,20 Years,274,147,127,175,99,76,51,24,27,5,2,3,43,22,21
PANOLA COUNTY,365,21 Years,301,163,138,196,110,86,55,28,27,4,1,3,46,24,22
PANOLA COUNTY,365,22 Years,320,167,153,206,106,100,65,37,28,11,6,5,38,18,20
PANOLA COUNTY,365,23 Years,304,144,160,180,84,96,71,37,34,14,7,7,39,16,23
PANOLA COUNTY,365,24 Years,369,188,181,238,126,112,72,32,40,8,6,2,51,24,27
PANOLA COUNTY,365,25 Years,327,174,153,207,109,98,73,35,38,6,3,3,41,27,14
PANOLA COUNTY,365,26 Years,288,166,122,185,102,83,56,32,24,4,2,2,43,30,13
PANOLA COUNTY,365,27 Years,279,150,129,182,97,85,52,26,26,4,3,1,41,24,17
PANOLA COUNTY,365,28 Years,257,131,126,160,87,73,52,20,32,4,1,3,41,23,18
PANOLA COUNTY,365,29 Years,267,133,134,178,89,89,43,19,24,2,1,1,44,24,20
PANOLA COUNTY,365,30 Years,261,137,124,173,88,85,39,20,19,6,2,4,43,27,16
PANOLA COUNTY,365,31 Years,233,122,111,165,90,75,25,10,15,5,2,3,38,20,18
PANOLA COUNTY,365,32 Years,271,141,130,189,93,96,42,26,16,2,1,1,38,21,17
PANOLA COUNTY,365,33 Years,283,145,138,206,102,104,42,21,21,2,1,1,33,21,12
PANOLA COUNTY,365,34 Years,301,159,142,211,111,100,49,22,27,4,3,1,37,23,14
PANOLA COUNTY,365,35 Years,318,155,163,224,108,116,49,23,26,5,3,2,40,21,19
PANOLA COUNTY,365,36 Years,294,142,152,199,92,107,53,27,26,4,1,3,38,22,16
PANOLA COUNTY,365,37 Years,291,142,149,216,103,113,41,22,19,5,2,3,29,15,14
PANOLA COUNTY,365,38 Years,281,145,136,201,102,99,42,19,23,4,3,1,34,21,13
PANOLA COUNTY,365,39 Years,298,147,151,206,100,106,46,19,27,9,6,3,37,22,15
PANOLA COUNTY,365,40 Years,301,146,155,218,105,113,47,21,26,4,2,2,32,18,14
PANOLA COUNTY,365,41 Years,256,130,126,190,95,95,33,16,17,1,1,0,32,18,14
PANOLA COUNTY,365,42 Years,266,133,133,195,95,100,37,19,18,4,1,3,30,18,12
PANOLA COUNTY,365,43 Years,290,146,144,213,107,106,42,20,22,7,4,3,28,15,13
PANOLA COUNTY,365,44 Years,283,142,141,212,110,102,45,18,27,6,3,3,20,11,9
PANOLA COUNTY,365,45 Years,279,135,144,206,103,103,45,17,28,4,1,3,24,14,10
PANOLA COUNTY,365,46 Years,275,131,144,197,99,98,46,15,31,6,2,4,26,15,11
PANOLA COUNTY,365,47 Years,282,145,137,205,108,97,47,19,28,5,3,2,25,15,10
PANOLA COUNTY,365,48 Years,259,130,129,184,90,94,46,22,24,3,1,2,26,17,9
PANOLA COUNTY,365,49 Years,249,119,130,176,83,93,50,24,26,5,2,3,18,10,8
PANOLA COUNTY,365,50 Years,287,139,148,211,101,110,56,29,27,6,3,3,14,6,8
PANOLA COUNTY,365,51 Years,324,164,160,249,125,124,55,27,28,5,2,3,15,10,5
PANOLA COUNTY,365,52 Years,329,168,161,250,130,120,52,22,30,5,2,3,22,14,8
PANOLA COUNTY,365,53 Years,319,165,154,234,122,112,55,26,29,8,4,4,22,13,9
PANOLA COUNTY,365,54 Years,343,182,161,248,134,114,76,37,39,5,3,2,14,8,6
PANOLA COUNTY,365,55 Years,354,161,193,253,117,136,79,33,46,7,3,4,15,8,7
PANOLA COUNTY,365,56 Years,344,155,189,260,124,136,62,23,39,7,1,6,15,7,8
PANOLA COUNTY,365,57 Years,348,169,179,269,127,142,58,31,27,7,4,3,14,7,7
PANOLA COUNTY,365,58 Years,368,179,189,296,140,156,54,29,25,5,3,2,13,7,6
PANOLA COUNTY,365,59 Years,350,182,168,285,145,140,54,29,25,5,4,1,6,4,2
PANOLA COUNTY,365,60 Years,358,176,182,295,147,148,49,20,29,3,2,1,11,7,4
PANOLA COUNTY,365,61 Years,352,173,179,282,138,144,52,24,28,6,3,3,12,8,4
PANOLA COUNTY,365,62 Years,362,181,181,291,140,151,55,30,25,5,2,3,11,9,2
PANOLA COUNTY,365,63 Years,381,192,189,310,159,151,58,25,33,6,4,2,7,4,3
PANOLA COUNTY,365,64 Years,353,174,179,288,141,147,48,22,26,9,4,5,8,7,1
PANOLA COUNTY,365,65 Years,313,168,145,259,140,119,42,22,20,6,3,3,6,3,3
PANOLA COUNTY,365,66 Years,288,150,138,239,126,113,43,22,21,2,1,1,4,1,3
PANOLA COUNTY,365,67 Years,294,139,155,250,118,132,36,17,19,3,2,1,5,2,3
PANOLA COUNTY,365,68 Years,301,146,155,251,124,127,41,18,23,4,2,2,5,2,3
PANOLA COUNTY,365,69 Years,258,129,129,203,103,100,43,20,23,4,2,2,8,4,4
PANOLA COUNTY,365,70 Years,252,124,128,201,102,99,37,16,21,7,3,4,7,3,4
PANOLA COUNTY,365,71 Years,217,107,110,176,85,91,30,16,14,6,2,4,5,4,1
PANOLA COUNTY,365,72 Years,215,102,113,177,82,95,29,14,15,4,2,2,5,4,1
PANOLA COUNTY,365,73 Years,202,87,115,167,71,96,27,11,16,2,1,1,6,4,2
PANOLA COUNTY,365,74 Years,167,72,95,134,56,78,27,11,16,1,1,0,5,4,1
PANOLA COUNTY,365,75 Years,171,73,98,140,59,81,24,10,14,4,2,2,3,2,1
PANOLA COUNTY,365,76 Years,171,77,94,150,68,82,19,8,11,2,1,1,0,0,0
PANOLA COUNTY,365,77 Years,168,80,88,147,72,75,19,7,12,2,1,1,0,0,0
PANOLA COUNTY,365,78 Years,156,67,89,127,55,72,26,10,16,2,1,1,1,1,0
PANOLA COUNTY,365,79 Years,132,59,73,106,46,60,22,10,12,3,2,1,1,1,0
PANOLA COUNTY,365,80 Years,118,51,67,96,41,55,20,10,10,1,0,1,1,0,1
PANOLA COUNTY,365,81 Years,109,46,63,92,39,53,16,7,9,0,0,0,1,0,1
PANOLA COUNTY,365,82 Years,103,42,61,88,36,52,13,5,8,1,1,0,1,0,1
PANOLA COUNTY,365,83 Years,91,35,56,78,30,48,12,5,7,0,0,0,1,0,1
PANOLA COUNTY,365,84 Years,86,37,49,74,31,43,11,5,6,0,0,0,1,1,0
PANOLA COUNTY,365,85 Years +,432,164,268,372,148,224,53,13,40,3,0,3,4,3,1
PARKER COUNTY,367,All Ages,129150,64542,64608,106029,52079,53950,2043,1438,605,3858,1853,2005,17220,9172,8048
PARKER COUNTY,367,< 1 Year,1370,699,671,1031,518,513,13,7,6,50,27,23,276,147,129
PARKER COUNTY,367,1 Years,1319,688,631,991,516,475,12,6,6,50,29,21,266,137,129
PARKER COUNTY,367,2 Years,1293,682,611,967,510,457,14,7,7,55,30,25,257,135,122
PARKER COUNTY,367,3 Years,1273,660,613,949,501,448,13,7,6,54,28,26,257,124,133
PARKER COUNTY,367,4 Years,1344,676,668,966,493,473,14,7,7,67,26,41,297,150,147
PARKER COUNTY,367,5 Years,1385,716,669,1004,525,479,11,3,8,59,23,36,311,165,146
PARKER COUNTY,367,6 Years,1524,760,764,1138,563,575,15,8,7,61,25,36,310,164,146
PARKER COUNTY,367,7 Years,1653,838,815,1233,624,609,13,7,6,76,39,37,331,168,163
PARKER COUNTY,367,8 Years,1729,886,843,1294,662,632,16,9,7,75,39,36,344,176,168
PARKER COUNTY,367,9 Years,1759,891,868,1329,670,659,20,10,10,77,37,40,333,174,159
PARKER COUNTY,367,10 Years,1864,939,925,1426,715,711,24,13,11,77,36,41,337,175,162
PARKER COUNTY,367,11 Years,1907,960,947,1455,721,734,27,19,8,69,31,38,356,189,167
PARKER COUNTY,367,12 Years,1995,1036,959,1527,782,745,26,18,8,59,27,32,383,209,174
PARKER COUNTY,367,13 Years,2044,1074,970,1571,810,761,30,18,12,70,36,34,373,210,163
PARKER COUNTY,367,14 Years,2111,1072,1039,1618,802,816,34,21,13,71,40,31,388,209,179
PARKER COUNTY,367,15 Years,2093,1041,1052,1593,785,808,31,16,15,78,43,35,391,197,194
PARKER COUNTY,367,16 Years,2126,1058,1068,1610,784,826,30,13,17,96,52,44,390,209,181
PARKER COUNTY,367,17 Years,2087,1046,1041,1579,770,809,33,18,15,91,48,43,384,210,174
PARKER COUNTY,367,18 Years,1980,1013,967,1470,734,736,29,16,13,83,43,40,398,220,178
PARKER COUNTY,367,19 Years,1855,991,864,1336,693,643,52,40,12,82,38,44,385,220,165
PARKER COUNTY,367,20 Years,1716,945,771,1194,629,565,46,34,12,74,39,35,402,243,159
PARKER COUNTY,367,21 Years,1767,981,786,1216,635,581,68,54,14,72,42,30,411,250,161
PARKER COUNTY,367,22 Years,1729,971,758,1227,666,561,56,42,14,59,31,28,387,232,155
PARKER COUNTY,367,23 Years,1656,887,769,1190,619,571,66,47,19,64,30,34,336,191,145
PARKER COUNTY,367,24 Years,1648,865,783,1200,597,603,87,62,25,56,34,22,305,172,133
PARKER COUNTY,367,25 Years,1469,790,679,1081,546,535,69,52,17,40,22,18,279,170,109
PARKER COUNTY,367,26 Years,1305,717,588,942,486,456,53,47,6,39,23,16,271,161,110
PARKER COUNTY,367,27 Years,1303,735,568,934,501,433,46,42,4,31,17,14,292,175,117
PARKER COUNTY,367,28 Years,1274,726,548,899,499,400,50,45,5,34,17,17,291,165,126
PARKER COUNTY,367,29 Years,1245,682,563,889,462,427,40,37,3,26,15,11,290,168,122
PARKER COUNTY,367,30 Years,1262,668,594,955,476,479,39,36,3,22,14,8,246,142,104
PARKER COUNTY,367,31 Years,1227,644,583,935,467,468,39,35,4,29,15,14,224,127,97
PARKER COUNTY,367,32 Years,1313,671,642,978,479,499,41,36,5,35,13,22,259,143,116
PARKER COUNTY,367,33 Years,1378,681,697,1048,505,543,33,27,6,43,17,26,254,132,122
PARKER COUNTY,367,34 Years,1430,693,737,1118,532,586,32,25,7,39,18,21,241,118,123
PARKER COUNTY,367,35 Years,1515,733,782,1227,590,637,32,24,8,30,13,17,226,106,120
PARKER COUNTY,367,36 Years,1549,746,803,1266,608,658,28,19,9,26,9,17,229,110,119
PARKER COUNTY,367,37 Years,1504,691,813,1238,560,678,23,16,7,32,12,20,211,103,108
PARKER COUNTY,367,38 Years,1540,738,802,1252,582,670,27,20,7,40,18,22,221,118,103
PARKER COUNTY,367,39 Years,1589,781,808,1285,620,665,26,21,5,49,22,27,229,118,111
PARKER COUNTY,367,40 Years,1691,825,866,1379,656,723,16,13,3,41,19,22,255,137,118
PARKER COUNTY,367,41 Years,1731,835,896,1437,687,750,22,18,4,37,14,23,235,116,119
PARKER COUNTY,367,42 Years,1802,872,930,1495,713,782,33,25,8,45,23,22,229,111,118
PARKER COUNTY,367,43 Years,1899,903,996,1572,735,837,31,21,10,48,19,29,248,128,120
PARKER COUNTY,367,44 Years,1937,908,1029,1619,757,862,37,25,12,48,17,31,233,109,124
PARKER COUNTY,367,45 Years,1961,932,1029,1643,780,863,44,33,11,47,15,32,227,104,123
PARKER COUNTY,367,46 Years,1855,895,960,1561,749,812,35,26,9,53,19,34,206,101,105
PARKER COUNTY,367,47 Years,1802,886,916,1535,749,786,38,30,8,50,20,30,179,87,92
PARKER COUNTY,367,48 Years,1855,936,919,1572,789,783,39,28,11,48,21,27,196,98,98
PARKER COUNTY,367,49 Years,1874,949,925,1587,803,784,22,14,8,56,26,30,209,106,103
PARKER COUNTY,367,50 Years,1900,940,960,1636,811,825,19,13,6,56,26,30,189,90,99
PARKER COUNTY,367,51 Years,2098,1066,1032,1817,919,898,23,16,7,72,33,39,186,98,88
PARKER COUNTY,367,52 Years,2104,1049,1055,1825,896,929,25,17,8,65,32,33,189,104,85
PARKER COUNTY,367,53 Years,2097,1076,1021,1857,948,909,19,13,6,60,31,29,161,84,77
PARKER COUNTY,367,54 Years,2029,1068,961,1801,947,854,19,9,10,53,28,25,156,84,72
PARKER COUNTY,367,55 Years,2037,1019,1018,1810,902,908,19,13,6,57,28,29,151,76,75
PARKER COUNTY,367,56 Years,1958,962,996,1754,864,890,21,12,9,56,27,29,127,59,68
PARKER COUNTY,367,57 Years,1882,916,966,1703,832,871,16,5,11,51,28,23,112,51,61
PARKER COUNTY,367,58 Years,1840,908,932,1673,829,844,13,6,7,47,19,28,107,54,53
PARKER COUNTY,367,59 Years,1743,848,895,1570,759,811,16,8,8,50,24,26,107,57,50
PARKER COUNTY,367,60 Years,1760,874,886,1599,782,817,19,14,5,46,23,23,96,55,41
PARKER COUNTY,367,61 Years,1697,838,859,1545,753,792,14,10,4,51,25,26,87,50,37
PARKER COUNTY,367,62 Years,1633,784,849,1499,715,784,8,5,3,48,23,25,78,41,37
PARKER COUNTY,367,63 Years,1543,733,810,1425,671,754,7,5,2,35,17,18,76,40,36
PARKER COUNTY,367,64 Years,1481,709,772,1350,637,713,17,12,5,35,16,19,79,44,35
PARKER COUNTY,367,65 Years,1409,676,733,1291,611,680,10,7,3,32,15,17,76,43,33
PARKER COUNTY,367,66 Years,1384,657,727,1278,601,677,8,6,2,33,14,19,65,36,29
PARKER COUNTY,367,67 Years,1470,712,758,1365,664,701,9,5,4,30,11,19,66,32,34
PARKER COUNTY,367,68 Years,1397,674,723,1298,628,670,11,5,6,27,10,17,61,31,30
PARKER COUNTY,367,69 Years,1089,539,550,1010,497,513,9,5,4,21,11,10,49,26,23
PARKER COUNTY,367,70 Years,1081,538,543,1007,500,507,6,4,2,25,11,14,43,23,20
PARKER COUNTY,367,71 Years,1068,528,540,1004,500,504,5,3,2,19,8,11,40,17,23
PARKER COUNTY,367,72 Years,1014,497,517,948,469,479,4,1,3,21,10,11,41,17,24
PARKER COUNTY,367,73 Years,925,438,487,862,411,451,6,3,3,20,8,12,37,16,21
PARKER COUNTY,367,74 Years,787,382,405,733,360,373,4,2,2,17,8,9,33,12,21
PARKER COUNTY,367,75 Years,727,364,363,673,338,335,5,2,3,19,13,6,30,11,19
PARKER COUNTY,367,76 Years,698,343,355,655,320,335,4,3,1,13,7,6,26,13,13
PARKER COUNTY,367,77 Years,623,292,331,589,277,312,5,3,2,11,3,8,18,9,9
PARKER COUNTY,367,78 Years,572,263,309,541,249,292,3,2,1,13,5,8,15,7,8
PARKER COUNTY,367,79 Years,539,254,285,507,240,267,3,1,2,11,5,6,18,8,10
PARKER COUNTY,367,80 Years,485,238,247,455,225,230,3,2,1,6,2,4,21,9,12
PARKER COUNTY,367,81 Years,434,194,240,410,182,228,2,2,0,6,2,4,16,8,8
PARKER COUNTY,367,82 Years,408,181,227,383,167,216,1,1,0,7,4,3,17,9,8
PARKER COUNTY,367,83 Years,373,153,220,351,144,207,1,0,1,7,3,4,14,6,8
PARKER COUNTY,367,84 Years,324,134,190,306,126,180,1,0,1,7,3,4,10,5,5
PARKER COUNTY,367,85 Years +,2004,683,1321,1938,650,1288,13,6,7,18,9,9,35,18,17
PARMER COUNTY,369,All Ages,9768,5079,4689,3311,1668,1643,107,50,57,69,37,32,6281,3324,2957
PARMER COUNTY,369,< 1 Year,132,70,62,32,17,15,18,8,10,1,0,1,81,45,36
PARMER COUNTY,369,1 Years,136,72,64,36,17,19,12,5,7,1,0,1,87,50,37
PARMER COUNTY,369,2 Years,138,68,70,36,16,20,3,1,2,3,1,2,96,50,46
PARMER COUNTY,369,3 Years,149,75,74,35,16,19,4,2,2,1,0,1,109,57,52
PARMER COUNTY,369,4 Years,166,84,82,34,19,15,0,0,0,0,0,0,132,65,67
PARMER COUNTY,369,5 Years,191,94,97,39,21,18,2,1,1,0,0,0,150,72,78
PARMER COUNTY,369,6 Years,187,102,85,41,21,20,2,1,1,1,0,1,143,80,63
PARMER COUNTY,369,7 Years,167,97,70,36,22,14,1,0,1,0,0,0,130,75,55
PARMER COUNTY,369,8 Years,180,94,86,50,25,25,1,0,1,2,0,2,127,69,58
PARMER COUNTY,369,9 Years,169,91,78,46,25,21,1,0,1,1,0,1,121,66,55
PARMER COUNTY,369,10 Years,166,81,85,40,21,19,0,0,0,2,1,1,124,59,65
PARMER COUNTY,369,11 Years,154,79,75,35,23,12,1,0,1,1,0,1,117,56,61
PARMER COUNTY,369,12 Years,161,88,73,36,22,14,0,0,0,2,1,1,123,65,58
PARMER COUNTY,369,13 Years,171,89,82,36,23,13,0,0,0,1,0,1,134,66,68
PARMER COUNTY,369,14 Years,161,82,79,30,16,14,0,0,0,0,0,0,131,66,65
PARMER COUNTY,369,15 Years,157,77,80,35,20,15,0,0,0,1,0,1,121,57,64
PARMER COUNTY,369,16 Years,159,82,77,39,20,19,1,1,0,0,0,0,119,61,58
PARMER COUNTY,369,17 Years,160,81,79,37,17,20,1,1,0,0,0,0,122,63,59
PARMER COUNTY,369,18 Years,156,76,80,42,19,23,1,1,0,0,0,0,113,56,57
PARMER COUNTY,369,19 Years,146,75,71,39,18,21,0,0,0,1,0,1,106,57,49
PARMER COUNTY,369,20 Years,162,92,70,41,23,18,0,0,0,2,2,0,119,67,52
PARMER COUNTY,369,21 Years,149,80,69,40,20,20,2,2,0,1,1,0,106,57,49
PARMER COUNTY,369,22 Years,159,84,75,40,24,16,1,1,0,1,0,1,117,59,58
PARMER COUNTY,369,23 Years,152,84,68,40,23,17,1,1,0,1,1,0,110,59,51
PARMER COUNTY,369,24 Years,136,72,64,28,17,11,0,0,0,1,0,1,107,55,52
PARMER COUNTY,369,25 Years,132,72,60,28,13,15,2,1,1,1,1,0,101,57,44
PARMER COUNTY,369,26 Years,133,75,58,36,17,19,2,1,1,1,1,0,94,56,38
PARMER COUNTY,369,27 Years,115,67,48,29,16,13,1,0,1,0,0,0,85,51,34
PARMER COUNTY,369,28 Years,130,75,55,27,16,11,1,1,0,1,0,1,101,58,43
PARMER COUNTY,369,29 Years,115,69,46,28,17,11,0,0,0,3,2,1,84,50,34
PARMER COUNTY,369,30 Years,129,73,56,28,16,12,0,0,0,0,0,0,101,57,44
PARMER COUNTY,369,31 Years,126,66,60,33,15,18,2,1,1,1,0,1,90,50,40
PARMER COUNTY,369,32 Years,124,66,58,32,16,16,1,0,1,1,0,1,90,50,40
PARMER COUNTY,369,33 Years,123,64,59,33,16,17,1,0,1,1,1,0,88,47,41
PARMER COUNTY,369,34 Years,124,66,58,29,15,14,0,0,0,1,1,0,94,50,44
PARMER COUNTY,369,35 Years,135,70,65,26,13,13,0,0,0,2,2,0,107,55,52
PARMER COUNTY,369,36 Years,125,67,58,27,11,16,1,0,1,2,1,1,95,55,40
PARMER COUNTY,369,37 Years,107,52,55,30,14,16,0,0,0,1,0,1,76,38,38
PARMER COUNTY,369,38 Years,118,61,57,34,20,14,0,0,0,1,1,0,83,40,43
PARMER COUNTY,369,39 Years,102,58,44,28,15,13,0,0,0,0,0,0,74,43,31
PARMER COUNTY,369,40 Years,115,62,53,27,16,11,1,0,1,1,1,0,86,45,41
PARMER COUNTY,369,41 Years,115,60,55,32,16,16,1,1,0,1,1,0,81,42,39
PARMER COUNTY,369,42 Years,102,57,45,26,13,13,1,1,0,1,1,0,74,42,32
PARMER COUNTY,369,43 Years,105,53,52,32,14,18,1,1,0,1,1,0,71,37,34
PARMER COUNTY,369,44 Years,103,53,50,34,19,15,0,0,0,2,2,0,67,32,35
PARMER COUNTY,369,45 Years,119,66,53,34,20,14,2,0,2,2,2,0,81,44,37
PARMER COUNTY,369,46 Years,109,52,57,34,18,16,1,0,1,0,0,0,74,34,40
PARMER COUNTY,369,47 Years,98,48,50,28,11,17,1,0,1,0,0,0,69,37,32
PARMER COUNTY,369,48 Years,112,62,50,34,17,17,0,0,0,0,0,0,78,45,33
PARMER COUNTY,369,49 Years,121,62,59,42,19,23,0,0,0,2,1,1,77,42,35
PARMER COUNTY,369,50 Years,99,46,53,44,21,23,1,0,1,1,0,1,53,25,28
PARMER COUNTY,369,51 Years,125,59,66,53,21,32,2,0,2,3,3,0,67,35,32
PARMER COUNTY,369,52 Years,139,67,72,65,28,37,2,1,1,1,1,0,71,37,34
PARMER COUNTY,369,53 Years,125,62,63,56,27,29,1,1,0,1,1,0,67,33,34
PARMER COUNTY,369,54 Years,118,61,57,56,25,31,3,3,0,0,0,0,59,33,26
PARMER COUNTY,369,55 Years,119,63,56,62,34,28,2,2,0,0,0,0,55,27,28
PARMER COUNTY,369,56 Years,120,62,58,57,30,27,2,1,1,1,1,0,60,30,30
PARMER COUNTY,369,57 Years,113,60,53,58,29,29,2,1,1,0,0,0,53,30,23
PARMER COUNTY,369,58 Years,119,72,47,58,36,22,1,0,1,0,0,0,60,36,24
PARMER COUNTY,369,59 Years,111,61,50,51,29,22,1,0,1,0,0,0,59,32,27
PARMER COUNTY,369,60 Years,103,53,50,52,28,24,1,0,1,0,0,0,50,25,25
PARMER COUNTY,369,61 Years,95,49,46,45,25,20,0,0,0,1,1,0,49,23,26
PARMER COUNTY,369,62 Years,95,55,40,46,26,20,0,0,0,0,0,0,49,29,20
PARMER COUNTY,369,63 Years,91,45,46,52,23,29,0,0,0,0,0,0,39,22,17
PARMER COUNTY,369,64 Years,84,39,45,46,20,26,0,0,0,2,0,2,36,19,17
PARMER COUNTY,369,65 Years,84,40,44,50,25,25,0,0,0,2,1,1,32,14,18
PARMER COUNTY,369,66 Years,77,40,37,43,23,20,1,0,1,1,1,0,32,16,16
PARMER COUNTY,369,67 Years,83,44,39,44,26,18,2,0,2,1,0,1,36,18,18
PARMER COUNTY,369,68 Years,75,38,37,41,20,21,1,1,0,0,0,0,33,17,16
PARMER COUNTY,369,69 Years,66,37,29,38,20,18,1,1,0,0,0,0,27,16,11
PARMER COUNTY,369,70 Years,65,37,28,40,20,20,1,1,0,0,0,0,24,16,8
PARMER COUNTY,369,71 Years,58,30,28,38,20,18,0,0,0,0,0,0,20,10,10
PARMER COUNTY,369,72 Years,67,33,34,44,20,24,0,0,0,0,0,0,23,13,10
PARMER COUNTY,369,73 Years,53,24,29,37,16,21,1,1,0,1,0,1,14,7,7
PARMER COUNTY,369,74 Years,55,29,26,39,18,21,2,2,0,0,0,0,14,9,5
PARMER COUNTY,369,75 Years,48,22,26,35,16,19,3,2,1,1,1,0,9,3,6
PARMER COUNTY,369,76 Years,50,20,30,35,14,21,2,1,1,0,0,0,13,5,8
PARMER COUNTY,369,77 Years,37,16,21,25,11,14,2,0,2,1,0,1,9,5,4
PARMER COUNTY,369,78 Years,37,19,18,24,10,14,0,0,0,1,0,1,12,9,3
PARMER COUNTY,369,79 Years,47,21,26,30,15,15,0,0,0,0,0,0,17,6,11
PARMER COUNTY,369,80 Years,44,20,24,28,14,14,1,0,1,0,0,0,15,6,9
PARMER COUNTY,369,81 Years,40,18,22,24,10,14,0,0,0,0,0,0,16,8,8
PARMER COUNTY,369,82 Years,25,12,13,16,7,9,0,0,0,0,0,0,9,5,4
PARMER COUNTY,369,83 Years,29,13,16,25,10,15,0,0,0,0,0,0,4,3,1
PARMER COUNTY,369,84 Years,28,14,14,26,13,13,0,0,0,0,0,0,2,1,1
PARMER COUNTY,369,85 Years +,143,53,90,114,40,74,1,0,1,1,1,0,27,12,15
PECOS COUNTY,371,All Ages,16071,9028,7043,4184,2494,1690,530,491,39,234,116,118,11123,5927,5196
PECOS COUNTY,371,< 1 Year,221,109,112,24,12,12,2,1,1,3,1,2,192,95,97
PECOS COUNTY,371,1 Years,233,117,116,28,16,12,3,2,1,3,1,2,199,98,101
PECOS COUNTY,371,2 Years,235,119,116,31,18,13,1,0,1,3,1,2,200,100,100
PECOS COUNTY,371,3 Years,233,119,114,30,16,14,0,0,0,3,1,2,200,102,98
PECOS COUNTY,371,4 Years,229,115,114,27,13,14,1,1,0,3,2,1,198,99,99
PECOS COUNTY,371,5 Years,244,122,122,26,15,11,2,0,2,3,1,2,213,106,107
PECOS COUNTY,371,6 Years,238,116,122,34,17,17,2,2,0,3,1,2,199,96,103
PECOS COUNTY,371,7 Years,230,114,116,35,17,18,2,1,1,3,1,2,190,95,95
PECOS COUNTY,371,8 Years,227,132,95,35,21,14,1,0,1,3,1,2,188,110,78
PECOS COUNTY,371,9 Years,223,116,107,28,16,12,2,1,1,5,3,2,188,96,92
PECOS COUNTY,371,10 Years,224,112,112,28,15,13,0,0,0,4,2,2,192,95,97
PECOS COUNTY,371,11 Years,219,112,107,26,13,13,1,1,0,1,1,0,191,97,94
PECOS COUNTY,371,12 Years,188,94,94,24,11,13,1,0,1,0,0,0,163,83,80
PECOS COUNTY,371,13 Years,198,103,95,26,13,13,2,0,2,0,0,0,170,90,80
PECOS COUNTY,371,14 Years,204,108,96,32,16,16,2,2,0,2,0,2,168,90,78
PECOS COUNTY,371,15 Years,199,96,103,34,9,25,1,1,0,3,0,3,161,86,75
PECOS COUNTY,371,16 Years,211,114,97,32,17,15,1,1,0,2,1,1,176,95,81
PECOS COUNTY,371,17 Years,190,109,81,37,26,11,1,1,0,2,0,2,150,82,68
PECOS COUNTY,371,18 Years,195,104,91,39,25,14,0,0,0,2,0,2,154,79,75
PECOS COUNTY,371,19 Years,185,112,73,29,17,12,3,3,0,3,2,1,150,90,60
PECOS COUNTY,371,20 Years,242,139,103,44,25,19,6,6,0,3,2,1,189,106,83
PECOS COUNTY,371,21 Years,222,120,102,43,27,16,6,6,0,4,2,2,169,85,84
PECOS COUNTY,371,22 Years,218,117,101,39,20,19,10,8,2,1,0,1,168,89,79
PECOS COUNTY,371,23 Years,236,138,98,50,34,16,7,6,1,2,1,1,177,97,80
PECOS COUNTY,371,24 Years,203,119,84,44,26,18,14,14,0,2,1,1,143,78,65
PECOS COUNTY,371,25 Years,187,116,71,40,26,14,15,14,1,2,2,0,130,74,56
PECOS COUNTY,371,26 Years,193,108,85,46,33,13,11,11,0,1,1,0,135,63,72
PECOS COUNTY,371,27 Years,188,107,81,31,21,10,17,16,1,1,1,0,139,69,70
PECOS COUNTY,371,28 Years,208,145,63,45,37,8,16,16,0,6,4,2,141,88,53
PECOS COUNTY,371,29 Years,235,141,94,60,40,20,7,6,1,5,3,2,163,92,71
PECOS COUNTY,371,30 Years,220,139,81,63,46,17,11,11,0,3,0,3,143,82,61
PECOS COUNTY,371,31 Years,233,151,82,64,49,15,17,17,0,4,1,3,148,84,64
PECOS COUNTY,371,32 Years,221,136,85,41,26,15,8,8,0,1,0,1,171,102,69
PECOS COUNTY,371,33 Years,233,145,88,62,46,16,12,12,0,2,0,2,157,87,70
PECOS COUNTY,371,34 Years,237,149,88,53,36,17,15,15,0,4,3,1,165,95,70
PECOS COUNTY,371,35 Years,207,126,81,43,28,15,12,12,0,3,2,1,149,84,65
PECOS COUNTY,371,36 Years,215,137,78,40,24,16,14,13,1,2,2,0,159,98,61
PECOS COUNTY,371,37 Years,198,127,71,41,27,14,14,13,1,2,1,1,141,86,55
PECOS COUNTY,371,38 Years,214,140,74,55,41,14,13,12,1,4,1,3,142,86,56
PECOS COUNTY,371,39 Years,226,151,75,51,37,14,17,16,1,3,1,2,155,97,58
PECOS COUNTY,371,40 Years,243,163,80,57,45,12,18,17,1,6,2,4,162,99,63
PECOS COUNTY,371,41 Years,213,130,83,56,41,15,16,16,0,4,2,2,137,71,66
PECOS COUNTY,371,42 Years,226,133,93,67,47,20,10,9,1,1,0,1,148,77,71
PECOS COUNTY,371,43 Years,199,117,82,57,38,19,14,14,0,0,0,0,128,65,63
PECOS COUNTY,371,44 Years,210,126,84,70,48,22,17,17,0,1,0,1,122,61,61
PECOS COUNTY,371,45 Years,197,116,81,51,36,15,8,8,0,9,7,2,129,65,64
PECOS COUNTY,371,46 Years,227,145,82,67,49,18,16,16,0,6,4,2,138,76,62
PECOS COUNTY,371,47 Years,222,146,76,62,45,17,14,13,1,3,2,1,143,86,57
PECOS COUNTY,371,48 Years,210,137,73,57,42,15,14,13,1,2,2,0,137,80,57
PECOS COUNTY,371,49 Years,216,129,87,68,45,23,13,12,1,4,2,2,131,70,61
PECOS COUNTY,371,50 Years,236,150,86,79,55,24,16,14,2,5,3,2,136,78,58
PECOS COUNTY,371,51 Years,242,136,106,83,49,34,13,12,1,3,2,1,143,73,70
PECOS COUNTY,371,52 Years,221,121,100,101,57,44,9,9,0,1,0,1,110,55,55
PECOS COUNTY,371,53 Years,201,117,84,80,46,34,14,13,1,4,0,4,103,58,45
PECOS COUNTY,371,54 Years,243,149,94,95,57,38,10,9,1,5,1,4,133,82,51
PECOS COUNTY,371,55 Years,226,131,95,84,40,44,6,5,1,6,3,3,130,83,47
PECOS COUNTY,371,56 Years,231,130,101,92,55,37,5,5,0,4,3,1,130,67,63
PECOS COUNTY,371,57 Years,204,120,84,73,45,28,8,7,1,1,1,0,122,67,55
PECOS COUNTY,371,58 Years,220,132,88,85,55,30,5,4,1,1,1,0,129,72,57
PECOS COUNTY,371,59 Years,215,118,97,81,52,29,5,4,1,2,2,0,127,60,67
PECOS COUNTY,371,60 Years,197,94,103,83,47,36,2,2,0,0,0,0,112,45,67
PECOS COUNTY,371,61 Years,178,88,90,65,34,31,3,2,1,2,1,1,108,51,57
PECOS COUNTY,371,62 Years,173,86,87,60,31,29,4,3,1,5,4,1,104,48,56
PECOS COUNTY,371,63 Years,177,95,82,68,37,31,3,3,0,8,6,2,98,49,49
PECOS COUNTY,371,64 Years,173,97,76,62,36,26,2,1,1,4,3,1,105,57,48
PECOS COUNTY,371,65 Years,157,81,76,61,32,29,2,1,1,3,2,1,91,46,45
PECOS COUNTY,371,66 Years,137,68,69,51,29,22,2,2,0,3,1,2,81,36,45
PECOS COUNTY,371,67 Years,144,83,61,52,27,25,5,5,0,2,2,0,85,49,36
PECOS COUNTY,371,68 Years,155,82,73,60,29,31,2,2,0,2,1,1,91,50,41
PECOS COUNTY,371,69 Years,122,56,66,48,20,28,1,1,0,0,0,0,73,35,38
PECOS COUNTY,371,70 Years,118,62,56,41,23,18,0,0,0,2,1,1,75,38,37
PECOS COUNTY,371,71 Years,106,46,60,39,15,24,1,1,0,3,2,1,63,28,35
PECOS COUNTY,371,72 Years,99,43,56,39,18,21,1,1,0,2,1,1,57,23,34
PECOS COUNTY,371,73 Years,101,43,58,41,18,23,0,0,0,6,2,4,54,23,31
PECOS COUNTY,371,74 Years,99,45,54,38,17,21,0,0,0,2,0,2,59,28,31
PECOS COUNTY,371,75 Years,90,43,47,30,15,15,0,0,0,2,0,2,58,28,30
PECOS COUNTY,371,76 Years,81,34,47,27,11,16,0,0,0,2,0,2,52,23,29
PECOS COUNTY,371,77 Years,78,44,34,31,16,15,1,1,0,2,2,0,44,25,19
PECOS COUNTY,371,78 Years,77,45,32,33,19,14,0,0,0,1,1,0,43,25,18
PECOS COUNTY,371,79 Years,70,39,31,27,13,14,0,0,0,0,0,0,43,26,17
PECOS COUNTY,371,80 Years,58,30,28,22,10,12,0,0,0,1,1,0,35,19,16
PECOS COUNTY,371,81 Years,49,19,30,23,9,14,0,0,0,1,0,1,25,10,15
PECOS COUNTY,371,82 Years,57,26,31,23,12,11,0,0,0,2,0,2,32,14,18
PECOS COUNTY,371,83 Years,49,25,24,25,13,12,0,0,0,0,0,0,24,12,12
PECOS COUNTY,371,84 Years,42,16,26,18,7,11,0,0,0,0,0,0,24,9,15
PECOS COUNTY,371,85 Years +,220,98,122,92,37,55,0,0,0,5,2,3,123,59,64
POLK COUNTY,373,All Ages,47767,25608,22159,33592,17301,16291,5425,3333,2092,1732,821,911,7018,4153,2865
POLK COUNTY,373,< 1 Year,532,270,262,324,161,163,69,38,31,28,16,12,111,55,56
POLK COUNTY,373,1 Years,522,264,258,319,161,158,63,32,31,32,16,16,108,55,53
POLK COUNTY,373,2 Years,505,245,260,309,153,156,60,28,32,33,14,19,103,50,53
POLK COUNTY,373,3 Years,511,256,255,304,155,149,68,32,36,34,15,19,105,54,51
POLK COUNTY,373,4 Years,507,251,256,295,147,148,69,36,33,38,18,20,105,50,55
POLK COUNTY,373,5 Years,529,271,258,308,164,144,73,40,33,38,16,22,110,51,59
POLK COUNTY,373,6 Years,504,260,244,291,150,141,52,30,22,38,15,23,123,65,58
POLK COUNTY,373,7 Years,546,283,263,335,184,151,51,22,29,43,18,25,117,59,58
POLK COUNTY,373,8 Years,552,305,247,340,194,146,49,27,22,39,21,18,124,63,61
POLK COUNTY,373,9 Years,528,275,253,329,169,160,56,33,23,37,18,19,106,55,51
POLK COUNTY,373,10 Years,499,258,241,308,153,155,55,31,24,30,16,14,106,58,48
POLK COUNTY,373,11 Years,536,293,243,340,185,155,49,22,27,32,19,13,115,67,48
POLK COUNTY,373,12 Years,532,277,255,329,173,156,56,29,27,37,19,18,110,56,54
POLK COUNTY,373,13 Years,544,262,282,340,158,182,56,33,23,34,15,19,114,56,58
POLK COUNTY,373,14 Years,562,291,271,349,183,166,69,31,38,29,15,14,115,62,53
POLK COUNTY,373,15 Years,567,290,277,347,180,167,71,35,36,31,17,14,118,58,60
POLK COUNTY,373,16 Years,565,297,268,360,191,169,59,33,26,26,11,15,120,62,58
POLK COUNTY,373,17 Years,555,285,270,347,175,172,61,33,28,31,13,18,116,64,52
POLK COUNTY,373,18 Years,547,280,267,333,167,166,69,37,32,27,11,16,118,65,53
POLK COUNTY,373,19 Years,525,279,246,307,154,153,63,39,24,30,14,16,125,72,53
POLK COUNTY,373,20 Years,504,276,228,297,154,143,60,34,26,26,12,14,121,76,45
POLK COUNTY,373,21 Years,526,284,242,303,148,155,74,51,23,22,12,10,127,73,54
POLK COUNTY,373,22 Years,534,299,235,308,154,154,65,42,23,25,14,11,136,89,47
POLK COUNTY,373,23 Years,591,339,252,338,185,153,76,51,25,30,14,16,147,89,58
POLK COUNTY,373,24 Years,592,335,257,352,189,163,93,60,33,22,11,11,125,75,50
POLK COUNTY,373,25 Years,512,305,207,323,180,143,73,53,20,13,9,4,103,63,40
POLK COUNTY,373,26 Years,496,293,203,295,162,133,75,50,25,19,13,6,107,68,39
POLK COUNTY,373,27 Years,501,296,205,313,168,145,66,48,18,17,8,9,105,72,33
POLK COUNTY,373,28 Years,537,315,222,329,182,147,83,55,28,19,11,8,106,67,39
POLK COUNTY,373,29 Years,498,302,196,286,169,117,83,55,28,19,8,11,110,70,40
POLK COUNTY,373,30 Years,515,323,192,296,169,127,75,57,18,14,9,5,130,88,42
POLK COUNTY,373,31 Years,531,338,193,313,180,133,84,69,15,12,6,6,122,83,39
POLK COUNTY,373,32 Years,509,325,184,293,176,117,80,59,21,13,7,6,123,83,40
POLK COUNTY,373,33 Years,504,297,207,288,157,131,78,56,22,13,8,5,125,76,49
POLK COUNTY,373,34 Years,529,331,198,305,175,130,90,69,21,19,12,7,115,75,40
POLK COUNTY,373,35 Years,560,349,211,344,198,146,89,62,27,16,11,5,111,78,33
POLK COUNTY,373,36 Years,519,306,213,322,172,150,87,63,24,14,7,7,96,64,32
POLK COUNTY,373,37 Years,516,316,200,291,160,131,95,68,27,21,11,10,109,77,32
POLK COUNTY,373,38 Years,527,325,202,299,168,131,97,67,30,17,7,10,114,83,31
POLK COUNTY,373,39 Years,554,343,211,339,194,145,81,60,21,11,4,7,123,85,38
POLK COUNTY,373,40 Years,561,329,232,350,190,160,89,62,27,15,6,9,107,71,36
POLK COUNTY,373,41 Years,538,327,211,315,175,140,81,60,21,19,11,8,123,81,42
POLK COUNTY,373,42 Years,559,354,205,326,186,140,95,75,20,13,6,7,125,87,38
POLK COUNTY,373,43 Years,581,336,245,364,192,172,85,67,18,15,7,8,117,70,47
POLK COUNTY,373,44 Years,629,363,266,419,237,182,100,76,24,18,7,11,92,43,49
POLK COUNTY,373,45 Years,607,371,236,400,225,175,87,68,19,17,8,9,103,70,33
POLK COUNTY,373,46 Years,614,375,239,415,234,181,83,64,19,17,8,9,99,69,30
POLK COUNTY,373,47 Years,590,332,258,407,215,192,77,53,24,16,7,9,90,57,33
POLK COUNTY,373,48 Years,598,335,263,410,216,194,85,62,23,21,10,11,82,47,35
POLK COUNTY,373,49 Years,612,341,271,407,219,188,84,57,27,17,7,10,104,58,46
POLK COUNTY,373,50 Years,649,365,284,471,247,224,74,50,24,18,9,9,86,59,27
POLK COUNTY,373,51 Years,663,366,297,491,260,231,80,51,29,21,9,12,71,46,25
POLK COUNTY,373,52 Years,651,345,306,466,235,231,99,62,37,20,10,10,66,38,28
POLK COUNTY,373,53 Years,647,334,313,491,251,240,79,42,37,16,7,9,61,34,27
POLK COUNTY,373,54 Years,686,355,331,518,265,253,83,47,36,19,6,13,66,37,29
POLK COUNTY,373,55 Years,712,370,342,534,269,265,78,45,33,20,6,14,80,50,30
POLK COUNTY,373,56 Years,727,370,357,544,271,273,90,48,42,18,7,11,75,44,31
POLK COUNTY,373,57 Years,743,391,352,574,294,280,95,56,39,17,8,9,57,33,24
POLK COUNTY,373,58 Years,756,404,352,594,309,285,83,49,34,23,9,14,56,37,19
POLK COUNTY,373,59 Years,756,401,355,592,309,283,78,43,35,25,11,14,61,38,23
POLK COUNTY,373,60 Years,766,400,366,605,310,295,85,48,37,20,8,12,56,34,22
POLK COUNTY,373,61 Years,739,381,358,596,301,295,71,38,33,16,9,7,56,33,23
POLK COUNTY,373,62 Years,700,355,345,574,290,284,48,20,28,19,9,10,59,36,23
POLK COUNTY,373,63 Years,689,336,353,571,280,291,57,27,30,18,8,10,43,21,22
POLK COUNTY,373,64 Years,675,331,344,563,274,289,55,26,29,15,9,6,42,22,20
POLK COUNTY,373,65 Years,671,324,347,564,269,295,52,23,29,18,8,10,37,24,13
POLK COUNTY,373,66 Years,695,356,339,599,303,296,42,21,21,17,9,8,37,23,14
POLK COUNTY,373,67 Years,691,356,335,602,309,293,40,24,16,17,6,11,32,17,15
POLK COUNTY,373,68 Years,664,318,346,583,279,304,38,20,18,14,4,10,29,15,14
POLK COUNTY,373,69 Years,592,277,315,509,238,271,38,15,23,14,7,7,31,17,14
POLK COUNTY,373,70 Years,590,271,319,514,235,279,34,16,18,13,5,8,29,15,14
POLK COUNTY,373,71 Years,570,284,286,500,246,254,28,12,16,15,9,6,27,17,10
POLK COUNTY,373,72 Years,545,275,270,478,241,237,26,12,14,15,8,7,26,14,12
POLK COUNTY,373,73 Years,515,253,262,450,222,228,30,14,16,14,7,7,21,10,11
POLK COUNTY,373,74 Years,472,227,245,411,199,212,28,12,16,15,6,9,18,10,8
POLK COUNTY,373,75 Years,453,218,235,402,192,210,24,12,12,11,5,6,16,9,7
POLK COUNTY,373,76 Years,415,192,223,372,170,202,21,11,10,8,4,4,14,7,7
POLK COUNTY,373,77 Years,401,205,196,356,183,173,23,11,12,9,5,4,13,6,7
POLK COUNTY,373,78 Years,361,168,193,321,153,168,21,9,12,8,3,5,11,3,8
POLK COUNTY,373,79 Years,334,158,176,299,145,154,18,7,11,6,2,4,11,4,7
POLK COUNTY,373,80 Years,302,147,155,279,137,142,13,6,7,3,1,2,7,3,4
POLK COUNTY,373,81 Years,266,126,140,235,113,122,14,5,9,8,4,4,9,4,5
POLK COUNTY,373,82 Years,260,127,133,227,109,118,18,8,10,5,3,2,10,7,3
POLK COUNTY,373,83 Years,221,113,108,190,97,93,14,7,7,9,3,6,8,6,2
POLK COUNTY,373,84 Years,198,88,110,177,78,99,10,5,5,3,0,3,8,5,3
POLK COUNTY,373,85 Years +,880,369,511,779,332,447,50,17,33,28,9,19,23,11,12
POTTER COUNTY,375,All Ages,123457,63480,59977,54686,27199,27487,12093,6979,5114,8975,4553,4422,47703,24749,22954
POTTER COUNTY,375,< 1 Year,1912,965,947,563,281,282,191,96,95,177,92,85,981,496,485
POTTER COUNTY,375,1 Years,1956,1013,943,581,303,278,195,99,96,190,99,91,990,512,478
POTTER COUNTY,375,2 Years,1997,1038,959,605,322,283,197,101,96,190,98,92,1005,517,488
POTTER COUNTY,375,3 Years,1991,1038,953,616,328,288,192,98,94,198,106,92,985,506,479
POTTER COUNTY,375,4 Years,2000,1021,979,626,331,295,187,91,96,208,107,101,979,492,487
POTTER COUNTY,375,5 Years,2006,1041,965,631,342,289,194,82,112,192,97,95,989,520,469
POTTER COUNTY,375,6 Years,1940,968,972,609,317,292,177,86,91,197,99,98,957,466,491
POTTER COUNTY,375,7 Years,1966,1010,956,608,312,296,195,113,82,204,113,91,959,472,487
POTTER COUNTY,375,8 Years,1965,1038,927,609,318,291,188,107,81,182,100,82,986,513,473
POTTER COUNTY,375,9 Years,1927,957,970,566,301,265,179,85,94,187,86,101,995,485,510
POTTER COUNTY,375,10 Years,1917,977,940,585,298,287,191,96,95,175,81,94,966,502,464
POTTER COUNTY,375,11 Years,1929,995,934,563,293,270,187,106,81,187,78,109,992,518,474
POTTER COUNTY,375,12 Years,1834,926,908,549,275,274,178,97,81,177,76,101,930,478,452
POTTER COUNTY,375,13 Years,1861,951,910,563,286,277,184,102,82,158,75,83,956,488,468
POTTER COUNTY,375,14 Years,1814,911,903,535,262,273,171,93,78,156,78,78,952,478,474
POTTER COUNTY,375,15 Years,1751,875,876,543,258,285,162,84,78,158,88,70,888,445,443
POTTER COUNTY,375,16 Years,1732,897,835,546,282,264,157,88,69,155,80,75,874,447,427
POTTER COUNTY,375,17 Years,1680,883,797,520,275,245,170,91,79,136,61,75,854,456,398
POTTER COUNTY,375,18 Years,1624,819,805,502,251,251,175,90,85,125,60,65,822,418,404
POTTER COUNTY,375,19 Years,1565,824,741,468,243,225,167,89,78,116,69,47,814,423,391
POTTER COUNTY,375,20 Years,1534,797,737,481,254,227,157,90,67,115,55,60,781,398,383
POTTER COUNTY,375,21 Years,1584,840,744,466,238,228,187,105,82,137,73,64,794,424,370
POTTER COUNTY,375,22 Years,1664,887,777,514,251,263,201,107,94,137,76,61,812,453,359
POTTER COUNTY,375,23 Years,1764,919,845,588,311,277,191,100,91,134,69,65,851,439,412
POTTER COUNTY,375,24 Years,1860,964,896,672,344,328,179,103,76,133,67,66,876,450,426
POTTER COUNTY,375,25 Years,1896,981,915,741,380,361,199,114,85,136,62,74,820,425,395
POTTER COUNTY,375,26 Years,1960,1030,930,817,431,386,199,117,82,133,70,63,811,412,399
POTTER COUNTY,375,27 Years,1977,1032,945,794,396,398,207,122,85,131,64,67,845,450,395
POTTER COUNTY,375,28 Years,1945,1037,908,808,409,399,216,137,79,122,62,60,799,429,370
POTTER COUNTY,375,29 Years,2004,1038,966,885,418,467,201,137,64,129,63,66,789,420,369
POTTER COUNTY,375,30 Years,2007,1045,962,886,430,456,205,138,67,136,70,66,780,407,373
POTTER COUNTY,375,31 Years,1875,980,895,771,369,402,196,126,70,133,72,61,775,413,362
POTTER COUNTY,375,32 Years,1847,975,872,740,360,380,189,117,72,133,70,63,785,428,357
POTTER COUNTY,375,33 Years,1849,963,886,752,380,372,191,121,70,132,63,69,774,399,375
POTTER COUNTY,375,34 Years,1798,923,875,760,375,385,185,117,68,135,65,70,718,366,352
POTTER COUNTY,375,35 Years,1715,906,809,692,349,343,196,128,68,132,62,70,695,367,328
POTTER COUNTY,375,36 Years,1613,890,723,634,327,307,202,140,62,114,52,62,663,371,292
POTTER COUNTY,375,37 Years,1557,828,729,643,315,328,166,118,48,123,60,63,625,335,290
POTTER COUNTY,375,38 Years,1516,844,672,626,343,283,163,110,53,124,62,62,603,329,274
POTTER COUNTY,375,39 Years,1483,805,678,615,324,291,159,106,53,130,72,58,579,303,276
POTTER COUNTY,375,40 Years,1462,792,670,573,294,279,180,126,54,125,65,60,584,307,277
POTTER COUNTY,375,41 Years,1416,796,620,585,304,281,161,114,47,123,65,58,547,313,234
POTTER COUNTY,375,42 Years,1402,757,645,595,298,297,133,94,39,122,69,53,552,296,256
POTTER COUNTY,375,43 Years,1495,809,686,627,321,306,173,116,57,129,72,57,566,300,266
POTTER COUNTY,375,44 Years,1482,797,685,654,348,306,161,104,57,119,61,58,548,284,264
POTTER COUNTY,375,45 Years,1564,840,724,723,381,342,166,114,52,102,45,57,573,300,273
POTTER COUNTY,375,46 Years,1479,788,691,671,343,328,166,115,51,92,44,48,550,286,264
POTTER COUNTY,375,47 Years,1455,786,669,649,329,320,164,114,50,98,50,48,544,293,251
POTTER COUNTY,375,48 Years,1417,800,617,652,366,286,160,109,51,101,53,48,504,272,232
POTTER COUNTY,375,49 Years,1464,812,652,683,351,332,169,116,53,92,50,42,520,295,225
POTTER COUNTY,375,50 Years,1570,854,716,766,406,360,192,122,70,89,47,42,523,279,244
POTTER COUNTY,375,51 Years,1547,828,719,801,434,367,165,93,72,99,51,48,482,250,232
POTTER COUNTY,375,52 Years,1530,807,723,833,447,386,160,80,80,83,45,38,454,235,219
POTTER COUNTY,375,53 Years,1560,807,753,849,427,422,170,102,68,76,36,40,465,242,223
POTTER COUNTY,375,54 Years,1541,807,734,865,444,421,161,95,66,79,41,38,436,227,209
POTTER COUNTY,375,55 Years,1597,847,750,935,482,453,154,86,68,80,44,36,428,235,193
POTTER COUNTY,375,56 Years,1530,809,721,885,457,428,150,91,59,81,41,40,414,220,194
POTTER COUNTY,375,57 Years,1513,786,727,891,441,450,149,93,56,72,39,33,401,213,188
POTTER COUNTY,375,58 Years,1461,723,738,871,419,452,141,77,64,75,40,35,374,187,187
POTTER COUNTY,375,59 Years,1523,808,715,947,498,449,141,82,59,68,36,32,367,192,175
POTTER COUNTY,375,60 Years,1452,744,708,925,470,455,130,75,55,74,36,38,323,163,160
POTTER COUNTY,375,61 Years,1304,676,628,841,430,411,110,61,49,73,38,35,280,147,133
POTTER COUNTY,375,62 Years,1281,653,628,833,417,416,102,53,49,73,37,36,273,146,127
POTTER COUNTY,375,63 Years,1186,596,590,786,389,397,94,44,50,60,28,32,246,135,111
POTTER COUNTY,375,64 Years,1136,582,554,741,368,373,95,50,45,55,33,22,245,131,114
POTTER COUNTY,375,65 Years,1064,544,520,665,327,338,84,43,41,65,39,26,250,135,115
POTTER COUNTY,375,66 Years,1013,501,512,641,318,323,92,43,49,68,36,32,212,104,108
POTTER COUNTY,375,67 Years,972,465,507,655,321,334,78,36,42,51,26,25,188,82,106
POTTER COUNTY,375,68 Years,940,454,486,661,310,351,63,30,33,46,28,18,170,86,84
POTTER COUNTY,375,69 Years,787,360,427,508,226,282,52,26,26,49,28,21,178,80,98
POTTER COUNTY,375,70 Years,719,345,374,466,218,248,59,31,28,46,23,23,148,73,75
POTTER COUNTY,375,71 Years,727,353,374,504,247,257,45,21,24,43,19,24,135,66,69
POTTER COUNTY,375,72 Years,656,305,351,467,220,247,44,15,29,35,17,18,110,53,57
POTTER COUNTY,375,73 Years,621,297,324,451,209,242,41,17,24,28,15,13,101,56,45
POTTER COUNTY,375,74 Years,606,285,321,433,206,227,33,15,18,25,11,14,115,53,62
POTTER COUNTY,375,75 Years,553,242,311,414,181,233,26,12,14,22,11,11,91,38,53
POTTER COUNTY,375,76 Years,519,222,297,395,163,232,25,12,13,22,11,11,77,36,41
POTTER COUNTY,375,77 Years,485,218,267,368,161,207,24,11,13,22,12,10,71,34,37
POTTER COUNTY,375,78 Years,456,178,278,346,133,213,23,9,14,21,8,13,66,28,38
POTTER COUNTY,375,79 Years,431,179,252,318,137,181,27,10,17,18,5,13,68,27,41
POTTER COUNTY,375,80 Years,415,170,245,313,131,182,22,8,14,12,4,8,68,27,41
POTTER COUNTY,375,81 Years,386,159,227,293,123,170,23,7,16,11,5,6,59,24,35
POTTER COUNTY,375,82 Years,355,145,210,281,113,168,16,5,11,11,6,5,47,21,26
POTTER COUNTY,375,83 Years,349,141,208,271,106,165,21,10,11,13,5,8,44,20,24
POTTER COUNTY,375,84 Years,305,117,188,235,89,146,19,7,12,9,2,7,42,19,23
POTTER COUNTY,375,85 Years +,1916,665,1251,1547,514,1033,103,38,65,51,24,27,215,89,126
PRESIDIO COUNTY,377,All Ages,7587,3721,3866,1085,586,499,27,20,7,125,65,60,6350,3050,3300
PRESIDIO COUNTY,377,< 1 Year,115,61,54,14,8,6,0,0,0,0,0,0,101,53,48
PRESIDIO COUNTY,377,1 Years,123,63,60,18,10,8,0,0,0,0,0,0,105,53,52
PRESIDIO COUNTY,377,2 Years,121,62,59,15,8,7,0,0,0,0,0,0,106,54,52
PRESIDIO COUNTY,377,3 Years,108,54,54,13,7,6,0,0,0,0,0,0,95,47,48
PRESIDIO COUNTY,377,4 Years,109,53,56,12,5,7,0,0,0,0,0,0,97,48,49
PRESIDIO COUNTY,377,5 Years,102,52,50,13,5,8,1,1,0,3,1,2,85,45,40
PRESIDIO COUNTY,377,6 Years,96,51,45,12,6,6,2,1,1,2,1,1,80,43,37
PRESIDIO COUNTY,377,7 Years,108,59,49,17,11,6,0,0,0,4,2,2,87,46,41
PRESIDIO COUNTY,377,8 Years,100,49,51,7,4,3,0,0,0,3,1,2,90,44,46
PRESIDIO COUNTY,377,9 Years,99,51,48,13,8,5,0,0,0,0,0,0,86,43,43
PRESIDIO COUNTY,377,10 Years,103,55,48,11,7,4,1,1,0,0,0,0,91,47,44
PRESIDIO COUNTY,377,11 Years,105,62,43,10,6,4,1,1,0,4,1,3,90,54,36
PRESIDIO COUNTY,377,12 Years,112,61,51,13,11,2,0,0,0,5,3,2,94,47,47
PRESIDIO COUNTY,377,13 Years,99,58,41,9,7,2,0,0,0,3,3,0,87,48,39
PRESIDIO COUNTY,377,14 Years,121,70,51,7,5,2,1,1,0,1,1,0,112,63,49
PRESIDIO COUNTY,377,15 Years,122,63,59,4,2,2,1,1,0,3,1,2,114,59,55
PRESIDIO COUNTY,377,16 Years,133,75,58,6,4,2,0,0,0,4,3,1,123,68,55
PRESIDIO COUNTY,377,17 Years,144,81,63,11,5,6,1,1,0,3,2,1,129,73,56
PRESIDIO COUNTY,377,18 Years,127,68,59,8,3,5,1,0,1,3,2,1,115,63,52
PRESIDIO COUNTY,377,19 Years,127,59,68,6,2,4,1,0,1,4,2,2,116,55,61
PRESIDIO COUNTY,377,20 Years,133,67,66,3,2,1,0,0,0,2,2,0,128,63,65
PRESIDIO COUNTY,377,21 Years,116,63,53,2,1,1,1,0,1,3,0,3,110,62,48
PRESIDIO COUNTY,377,22 Years,114,63,51,7,2,5,1,0,1,4,2,2,102,59,43
PRESIDIO COUNTY,377,23 Years,102,60,42,4,3,1,0,0,0,1,1,0,97,56,41
PRESIDIO COUNTY,377,24 Years,92,50,42,1,1,0,0,0,0,2,2,0,89,47,42
PRESIDIO COUNTY,377,25 Years,75,35,40,2,1,1,1,0,1,1,1,0,71,33,38
PRESIDIO COUNTY,377,26 Years,59,33,26,7,3,4,0,0,0,0,0,0,52,30,22
PRESIDIO COUNTY,377,27 Years,57,29,28,10,7,3,0,0,0,0,0,0,47,22,25
PRESIDIO COUNTY,377,28 Years,68,41,27,14,11,3,2,2,0,0,0,0,52,28,24
PRESIDIO COUNTY,377,29 Years,79,36,43,12,8,4,0,0,0,0,0,0,67,28,39
PRESIDIO COUNTY,377,30 Years,71,32,39,20,10,10,0,0,0,0,0,0,51,22,29
PRESIDIO COUNTY,377,31 Years,67,26,41,15,8,7,0,0,0,1,0,1,51,18,33
PRESIDIO COUNTY,377,32 Years,60,22,38,11,5,6,0,0,0,0,0,0,49,17,32
PRESIDIO COUNTY,377,33 Years,64,26,38,11,5,6,0,0,0,1,0,1,52,21,31
PRESIDIO COUNTY,377,34 Years,71,31,40,13,7,6,1,1,0,0,0,0,57,23,34
PRESIDIO COUNTY,377,35 Years,70,33,37,13,8,5,1,1,0,0,0,0,56,24,32
PRESIDIO COUNTY,377,36 Years,63,29,34,9,6,3,1,1,0,2,2,0,51,20,31
PRESIDIO COUNTY,377,37 Years,57,29,28,10,8,2,0,0,0,3,2,1,44,19,25
PRESIDIO COUNTY,377,38 Years,66,30,36,11,5,6,2,2,0,2,1,1,51,22,29
PRESIDIO COUNTY,377,39 Years,78,34,44,10,4,6,2,2,0,3,1,2,63,27,36
PRESIDIO COUNTY,377,40 Years,81,33,48,9,4,5,1,1,0,5,1,4,66,27,39
PRESIDIO COUNTY,377,41 Years,80,30,50,11,6,5,0,0,0,4,1,3,65,23,42
PRESIDIO COUNTY,377,42 Years,82,37,45,15,7,8,0,0,0,1,1,0,66,29,37
PRESIDIO COUNTY,377,43 Years,98,49,49,19,9,10,0,0,0,4,3,1,75,37,38
PRESIDIO COUNTY,377,44 Years,97,40,57,16,8,8,0,0,0,2,1,1,79,31,48
PRESIDIO COUNTY,377,45 Years,96,41,55,17,10,7,0,0,0,4,2,2,75,29,46
PRESIDIO COUNTY,377,46 Years,93,42,51,18,11,7,0,0,0,2,1,1,73,30,43
PRESIDIO COUNTY,377,47 Years,91,42,49,16,8,8,0,0,0,3,2,1,72,32,40
PRESIDIO COUNTY,377,48 Years,80,37,43,9,5,4,1,1,0,1,0,1,69,31,38
PRESIDIO COUNTY,377,49 Years,88,38,50,13,8,5,0,0,0,1,0,1,74,30,44
PRESIDIO COUNTY,377,50 Years,86,39,47,8,4,4,0,0,0,2,1,1,76,34,42
PRESIDIO COUNTY,377,51 Years,94,48,46,9,5,4,0,0,0,0,0,0,85,43,42
PRESIDIO COUNTY,377,52 Years,90,42,48,14,6,8,0,0,0,0,0,0,76,36,40
PRESIDIO COUNTY,377,53 Years,91,42,49,16,9,7,0,0,0,1,0,1,74,33,41
PRESIDIO COUNTY,377,54 Years,90,42,48,11,5,6,0,0,0,1,0,1,78,37,41
PRESIDIO COUNTY,377,55 Years,82,39,43,11,7,4,1,1,0,1,0,1,69,31,38
PRESIDIO COUNTY,377,56 Years,73,35,38,12,6,6,0,0,0,1,1,0,60,28,32
PRESIDIO COUNTY,377,57 Years,82,38,44,16,7,9,0,0,0,0,0,0,66,31,35
PRESIDIO COUNTY,377,58 Years,106,54,52,25,14,11,0,0,0,2,2,0,79,38,41
PRESIDIO COUNTY,377,59 Years,92,40,52,14,8,6,0,0,0,2,1,1,76,31,45
PRESIDIO COUNTY,377,60 Years,84,38,46,18,11,7,1,1,0,1,1,0,64,25,39
PRESIDIO COUNTY,377,61 Years,91,42,49,17,11,6,0,0,0,0,0,0,74,31,43
PRESIDIO COUNTY,377,62 Years,93,43,50,19,9,10,0,0,0,0,0,0,74,34,40
PRESIDIO COUNTY,377,63 Years,97,39,58,18,7,11,0,0,0,2,2,0,77,30,47
PRESIDIO COUNTY,377,64 Years,87,42,45,16,6,10,0,0,0,4,3,1,67,33,34
PRESIDIO COUNTY,377,65 Years,92,50,42,20,11,9,0,0,0,2,2,0,70,37,33
PRESIDIO COUNTY,377,66 Years,96,50,46,29,16,13,1,0,1,1,0,1,65,34,31
PRESIDIO COUNTY,377,67 Years,97,50,47,30,18,12,0,0,0,3,2,1,64,30,34
PRESIDIO COUNTY,377,68 Years,97,47,50,21,13,8,0,0,0,3,1,2,73,33,40
PRESIDIO COUNTY,377,69 Years,75,34,41,20,12,8,0,0,0,1,0,1,54,22,32
PRESIDIO COUNTY,377,70 Years,70,33,37,13,8,5,0,0,0,0,0,0,57,25,32
PRESIDIO COUNTY,377,71 Years,73,39,34,11,6,5,0,0,0,1,0,1,61,33,28
PRESIDIO COUNTY,377,72 Years,84,39,45,17,6,11,0,0,0,1,0,1,66,33,33
PRESIDIO COUNTY,377,73 Years,78,33,45,15,8,7,0,0,0,1,0,1,62,25,37
PRESIDIO COUNTY,377,74 Years,72,27,45,7,5,2,0,0,0,0,0,0,65,22,43
PRESIDIO COUNTY,377,75 Years,59,26,33,8,5,3,0,0,0,1,0,1,50,21,29
PRESIDIO COUNTY,377,76 Years,64,33,31,12,7,5,0,0,0,0,0,0,52,26,26
PRESIDIO COUNTY,377,77 Years,62,35,27,11,8,3,0,0,0,0,0,0,51,27,24
PRESIDIO COUNTY,377,78 Years,53,29,24,10,6,4,0,0,0,0,0,0,43,23,20
PRESIDIO COUNTY,377,79 Years,51,23,28,8,4,4,0,0,0,0,0,0,43,19,24
PRESIDIO COUNTY,377,80 Years,55,30,25,11,5,6,0,0,0,0,0,0,44,25,19
PRESIDIO COUNTY,377,81 Years,45,25,20,12,6,6,0,0,0,0,0,0,33,19,14
PRESIDIO COUNTY,377,82 Years,34,15,19,10,4,6,0,0,0,0,0,0,24,11,13
PRESIDIO COUNTY,377,83 Years,32,15,17,7,3,4,0,0,0,0,0,0,25,12,13
PRESIDIO COUNTY,377,84 Years,36,16,20,5,1,4,0,0,0,0,0,0,31,15,16
PRESIDIO COUNTY,377,85 Years +,202,84,118,37,14,23,0,0,0,0,0,0,165,70,95
RAINS COUNTY,379,All Ages,11255,5576,5679,9798,4804,4994,240,126,114,287,147,140,930,499,431
RAINS COUNTY,379,< 1 Year,105,56,49,86,44,42,0,0,0,4,3,1,15,9,6
RAINS COUNTY,379,1 Years,101,51,50,82,42,40,0,0,0,5,3,2,14,6,8
RAINS COUNTY,379,2 Years,104,57,47,85,46,39,0,0,0,5,3,2,14,8,6
RAINS COUNTY,379,3 Years,112,63,49,87,48,39,1,1,0,8,6,2,16,8,8
RAINS COUNTY,379,4 Years,114,63,51,88,46,42,1,1,0,8,5,3,17,11,6
RAINS COUNTY,379,5 Years,121,66,55,96,49,47,1,0,1,7,3,4,17,14,3
RAINS COUNTY,379,6 Years,104,58,46,81,44,37,4,4,0,5,2,3,14,8,6
RAINS COUNTY,379,7 Years,102,62,40,80,47,33,2,2,0,3,2,1,17,11,6
RAINS COUNTY,379,8 Years,119,60,59,92,44,48,0,0,0,2,1,1,25,15,10
RAINS COUNTY,379,9 Years,113,55,58,90,42,48,0,0,0,3,2,1,20,11,9
RAINS COUNTY,379,10 Years,108,58,50,89,48,41,4,2,2,2,2,0,13,6,7
RAINS COUNTY,379,11 Years,119,67,52,93,50,43,2,2,0,6,5,1,18,10,8
RAINS COUNTY,379,12 Years,120,65,55,87,45,42,1,1,0,7,6,1,25,13,12
RAINS COUNTY,379,13 Years,122,55,67,99,46,53,1,0,1,3,2,1,19,7,12
RAINS COUNTY,379,14 Years,137,66,71,110,54,56,2,1,1,4,2,2,21,9,12
RAINS COUNTY,379,15 Years,147,71,76,107,51,56,4,2,2,6,3,3,30,15,15
RAINS COUNTY,379,16 Years,160,82,78,119,60,59,4,2,2,7,4,3,30,16,14
RAINS COUNTY,379,17 Years,181,95,86,143,75,68,5,2,3,6,3,3,27,15,12
RAINS COUNTY,379,18 Years,162,95,67,129,77,52,5,3,2,6,3,3,22,12,10
RAINS COUNTY,379,19 Years,146,85,61,111,67,44,2,0,2,5,4,1,28,14,14
RAINS COUNTY,379,20 Years,132,77,55,98,58,40,4,2,2,5,3,2,25,14,11
RAINS COUNTY,379,21 Years,127,62,65,96,45,51,4,1,3,7,3,4,20,13,7
RAINS COUNTY,379,22 Years,128,67,61,94,48,46,4,1,3,7,3,4,23,15,8
RAINS COUNTY,379,23 Years,139,75,64,110,60,50,3,1,2,7,4,3,19,10,9
RAINS COUNTY,379,24 Years,114,58,56,93,47,46,2,1,1,3,2,1,16,8,8
RAINS COUNTY,379,25 Years,101,52,49,82,38,44,2,2,0,2,1,1,15,11,4
RAINS COUNTY,379,26 Years,98,57,41,85,49,36,1,1,0,2,1,1,10,6,4
RAINS COUNTY,379,27 Years,89,49,40,75,42,33,1,0,1,1,0,1,12,7,5
RAINS COUNTY,379,28 Years,82,40,42,70,31,39,0,0,0,1,0,1,11,9,2
RAINS COUNTY,379,29 Years,88,42,46,71,31,40,1,1,0,1,0,1,15,10,5
RAINS COUNTY,379,30 Years,91,47,44,73,37,36,1,1,0,3,2,1,14,7,7
RAINS COUNTY,379,31 Years,78,41,37,63,36,27,3,2,1,3,1,2,9,2,7
RAINS COUNTY,379,32 Years,84,37,47,70,30,40,2,1,1,2,1,1,10,5,5
RAINS COUNTY,379,33 Years,97,50,47,78,38,40,2,2,0,2,1,1,15,9,6
RAINS COUNTY,379,34 Years,93,49,44,80,41,39,1,1,0,2,1,1,10,6,4
RAINS COUNTY,379,35 Years,92,49,43,73,38,35,3,3,0,2,1,1,14,7,7
RAINS COUNTY,379,36 Years,103,52,51,90,49,41,3,1,2,1,0,1,9,2,7
RAINS COUNTY,379,37 Years,95,51,44,84,44,40,2,1,1,0,0,0,9,6,3
RAINS COUNTY,379,38 Years,114,58,56,100,51,49,3,2,1,2,1,1,9,4,5
RAINS COUNTY,379,39 Years,113,49,64,95,45,50,5,2,3,4,1,3,9,1,8
RAINS COUNTY,379,40 Years,113,52,61,92,42,50,4,2,2,4,2,2,13,6,7
RAINS COUNTY,379,41 Years,110,53,57,97,47,50,1,0,1,2,1,1,10,5,5
RAINS COUNTY,379,42 Years,116,55,61,101,50,51,4,2,2,2,1,1,9,2,7
RAINS COUNTY,379,43 Years,127,59,68,106,47,59,5,3,2,2,2,0,14,7,7
RAINS COUNTY,379,44 Years,147,68,79,128,59,69,5,1,4,1,0,1,13,8,5
RAINS COUNTY,379,45 Years,133,68,65,118,60,58,1,0,1,4,2,2,10,6,4
RAINS COUNTY,379,46 Years,122,63,59,109,56,53,0,0,0,4,2,2,9,5,4
RAINS COUNTY,379,47 Years,125,60,65,109,52,57,3,2,1,5,1,4,8,5,3
RAINS COUNTY,379,48 Years,149,72,77,130,65,65,4,2,2,4,0,4,11,5,6
RAINS COUNTY,379,49 Years,143,68,75,125,58,67,2,1,1,3,1,2,13,8,5
RAINS COUNTY,379,50 Years,137,67,70,119,57,62,3,1,2,3,2,1,12,7,5
RAINS COUNTY,379,51 Years,145,68,77,133,63,70,2,1,1,1,1,0,9,3,6
RAINS COUNTY,379,52 Years,162,79,83,148,70,78,7,5,2,1,1,0,6,3,3
RAINS COUNTY,379,53 Years,166,83,83,151,79,72,2,1,1,6,2,4,7,1,6
RAINS COUNTY,379,54 Years,171,80,91,158,76,82,2,0,2,5,1,4,6,3,3
RAINS COUNTY,379,55 Years,176,87,89,165,81,84,1,0,1,4,2,2,6,4,2
RAINS COUNTY,379,56 Years,197,93,104,185,85,100,3,2,1,3,1,2,6,5,1
RAINS COUNTY,379,57 Years,196,91,105,179,82,97,5,2,3,5,3,2,7,4,3
RAINS COUNTY,379,58 Years,199,91,108,176,80,96,4,1,3,9,6,3,10,4,6
RAINS COUNTY,379,59 Years,177,79,98,162,72,90,4,2,2,5,3,2,6,2,4
RAINS COUNTY,379,60 Years,150,67,83,137,61,76,4,2,2,3,1,2,6,3,3
RAINS COUNTY,379,61 Years,168,72,96,156,67,89,6,2,4,2,1,1,4,2,2
RAINS COUNTY,379,62 Years,182,84,98,169,76,93,7,4,3,3,2,1,3,2,1
RAINS COUNTY,379,63 Years,180,83,97,166,73,93,5,4,1,5,2,3,4,4,0
RAINS COUNTY,379,64 Years,184,81,103,173,75,98,4,3,1,5,1,4,2,2,0
RAINS COUNTY,379,65 Years,187,90,97,180,86,94,4,3,1,2,0,2,1,1,0
RAINS COUNTY,379,66 Years,205,97,108,192,91,101,6,4,2,2,0,2,5,2,3
RAINS COUNTY,379,67 Years,215,98,117,206,94,112,3,1,2,1,0,1,5,3,2
RAINS COUNTY,379,68 Years,217,107,110,203,98,105,6,5,1,6,3,3,2,1,1
RAINS COUNTY,379,69 Years,170,82,88,159,78,81,5,3,2,3,1,2,3,0,3
RAINS COUNTY,379,70 Years,172,86,86,166,83,83,4,2,2,1,1,0,1,0,1
RAINS COUNTY,379,71 Years,170,86,84,167,85,82,2,1,1,1,0,1,0,0,0
RAINS COUNTY,379,72 Years,161,77,84,156,76,80,1,0,1,1,0,1,3,1,2
RAINS COUNTY,379,73 Years,155,78,77,145,74,71,2,1,1,3,2,1,5,1,4
RAINS COUNTY,379,74 Years,133,71,62,122,63,59,3,1,2,3,3,0,5,4,1
RAINS COUNTY,379,75 Years,121,58,63,116,54,62,3,2,1,1,1,0,1,1,0
RAINS COUNTY,379,76 Years,119,52,67,117,50,67,2,2,0,0,0,0,0,0,0
RAINS COUNTY,379,77 Years,112,43,69,105,42,63,3,1,2,2,0,2,2,0,2
RAINS COUNTY,379,78 Years,96,45,51,90,42,48,4,2,2,0,0,0,2,1,1
RAINS COUNTY,379,79 Years,93,52,41,89,49,40,2,1,1,1,1,0,1,1,0
RAINS COUNTY,379,80 Years,82,46,36,79,44,35,2,1,1,1,1,0,0,0,0
RAINS COUNTY,379,81 Years,66,34,32,63,33,30,1,0,1,0,0,0,2,1,1
RAINS COUNTY,379,82 Years,55,29,26,47,25,22,3,1,2,1,1,0,4,2,2
RAINS COUNTY,379,83 Years,50,23,27,47,23,24,2,0,2,0,0,0,1,0,1
RAINS COUNTY,379,84 Years,44,23,21,42,23,19,1,0,1,0,0,0,1,0,1
RAINS COUNTY,379,85 Years +,202,84,118,181,75,106,7,3,4,8,2,6,6,4,2
RANDALL COUNTY,381,All Ages,131070,63860,67210,96438,46479,49959,3291,1835,1456,5201,2655,2546,26140,12891,13249
RANDALL COUNTY,381,< 1 Year,1589,794,795,948,486,462,50,26,24,112,52,60,479,230,249
RANDALL COUNTY,381,1 Years,1624,821,803,968,501,467,46,23,23,121,58,63,489,239,250
RANDALL COUNTY,381,2 Years,1626,832,794,978,510,468,44,22,22,120,59,61,484,241,243
RANDALL COUNTY,381,3 Years,1616,833,783,993,521,472,35,17,18,117,59,58,471,236,235
RANDALL COUNTY,381,4 Years,1651,847,804,978,499,479,32,15,17,134,77,57,507,256,251
RANDALL COUNTY,381,5 Years,1645,849,796,991,513,478,38,16,22,112,64,48,504,256,248
RANDALL COUNTY,381,6 Years,1835,948,887,1123,590,533,49,21,28,119,63,56,544,274,270
RANDALL COUNTY,381,7 Years,1829,924,905,1103,555,548,50,23,27,128,66,62,548,280,268
RANDALL COUNTY,381,8 Years,1895,954,941,1161,589,572,57,24,33,112,59,53,565,282,283
RANDALL COUNTY,381,9 Years,1899,965,934,1151,584,567,58,30,28,109,53,56,581,298,283
RANDALL COUNTY,381,10 Years,1924,974,950,1205,603,602,53,28,25,101,55,46,565,288,277
RANDALL COUNTY,381,11 Years,1926,962,964,1248,631,617,46,23,23,91,44,47,541,264,277
RANDALL COUNTY,381,12 Years,1920,986,934,1260,655,605,54,25,29,92,47,45,514,259,255
RANDALL COUNTY,381,13 Years,1878,969,909,1228,635,593,55,28,27,79,40,39,516,266,250
RANDALL COUNTY,381,14 Years,1915,990,925,1251,639,612,64,38,26,81,41,40,519,272,247
RANDALL COUNTY,381,15 Years,1887,964,923,1207,599,608,68,35,33,79,38,41,533,292,241
RANDALL COUNTY,381,16 Years,1896,963,933,1195,592,603,72,33,39,81,42,39,548,296,252
RANDALL COUNTY,381,17 Years,1862,934,928,1192,592,600,61,30,31,88,44,44,521,268,253
RANDALL COUNTY,381,18 Years,2028,1045,983,1265,644,621,73,39,34,89,45,44,601,317,284
RANDALL COUNTY,381,19 Years,2197,1098,1099,1409,697,712,81,46,35,106,58,48,601,297,304
RANDALL COUNTY,381,20 Years,2090,1051,1039,1312,665,647,81,42,39,91,46,45,606,298,308
RANDALL COUNTY,381,21 Years,2011,975,1036,1282,615,667,80,41,39,87,45,42,562,274,288
RANDALL COUNTY,381,22 Years,1931,956,975,1244,594,650,77,45,32,93,53,40,517,264,253
RANDALL COUNTY,381,23 Years,1936,972,964,1282,608,674,82,49,33,89,60,29,483,255,228
RANDALL COUNTY,381,24 Years,1836,926,910,1244,614,630,59,32,27,72,44,28,461,236,225
RANDALL COUNTY,381,25 Years,1749,833,916,1184,543,641,57,27,30,82,48,34,426,215,211
RANDALL COUNTY,381,26 Years,1647,785,862,1141,524,617,50,34,16,78,47,31,378,180,198
RANDALL COUNTY,381,27 Years,1578,820,758,1052,534,518,52,36,16,71,41,30,403,209,194
RANDALL COUNTY,381,28 Years,1536,810,726,1019,558,461,47,21,26,63,36,27,407,195,212
RANDALL COUNTY,381,29 Years,1620,806,814,1097,553,544,42,21,21,61,31,30,420,201,219
RANDALL COUNTY,381,30 Years,1674,816,858,1138,553,585,50,32,18,56,27,29,430,204,226
RANDALL COUNTY,381,31 Years,1728,845,883,1179,582,597,56,35,21,58,29,29,435,199,236
RANDALL COUNTY,381,32 Years,1792,860,932,1239,598,641,61,37,24,59,27,32,433,198,235
RANDALL COUNTY,381,33 Years,1801,849,952,1269,586,683,52,30,22,57,27,30,423,206,217
RANDALL COUNTY,381,34 Years,1878,888,990,1335,617,718,59,34,25,65,30,35,419,207,212
RANDALL COUNTY,381,35 Years,1885,950,935,1358,690,668,56,33,23,63,32,31,408,195,213
RANDALL COUNTY,381,36 Years,1757,907,850,1261,649,612,49,36,13,60,32,28,387,190,197
RANDALL COUNTY,381,37 Years,1720,871,849,1234,620,614,50,35,15,62,33,29,374,183,191
RANDALL COUNTY,381,38 Years,1710,866,844,1238,626,612,43,25,18,60,35,25,369,180,189
RANDALL COUNTY,381,39 Years,1680,843,837,1228,602,626,47,29,18,60,36,24,345,176,169
RANDALL COUNTY,381,40 Years,1697,862,835,1249,628,621,42,27,15,64,31,33,342,176,166
RANDALL COUNTY,381,41 Years,1505,749,756,1104,540,564,39,21,18,58,25,33,304,163,141
RANDALL COUNTY,381,42 Years,1453,716,737,1051,507,544,42,28,14,57,31,26,303,150,153
RANDALL COUNTY,381,43 Years,1569,760,809,1151,545,606,45,31,14,55,29,26,318,155,163
RANDALL COUNTY,381,44 Years,1682,824,858,1271,618,653,50,35,15,62,27,35,299,144,155
RANDALL COUNTY,381,45 Years,1713,824,889,1306,628,678,47,27,20,58,26,32,302,143,159
RANDALL COUNTY,381,46 Years,1556,752,804,1172,562,610,41,23,18,49,21,28,294,146,148
RANDALL COUNTY,381,47 Years,1497,712,785,1125,529,596,46,29,17,52,23,29,274,131,143
RANDALL COUNTY,381,48 Years,1467,714,753,1122,546,576,34,22,12,48,24,24,263,122,141
RANDALL COUNTY,381,49 Years,1482,728,754,1128,551,577,35,22,13,51,23,28,268,132,136
RANDALL COUNTY,381,50 Years,1618,784,834,1247,596,651,47,30,17,59,32,27,265,126,139
RANDALL COUNTY,381,51 Years,1653,810,843,1298,636,662,43,27,16,61,35,26,251,112,139
RANDALL COUNTY,381,52 Years,1722,812,910,1369,645,724,44,27,17,63,37,26,246,103,143
RANDALL COUNTY,381,53 Years,1752,858,894,1412,691,721,43,29,14,58,31,27,239,107,132
RANDALL COUNTY,381,54 Years,1761,871,890,1461,729,732,39,23,16,51,24,27,210,95,115
RANDALL COUNTY,381,55 Years,1747,844,903,1432,689,743,48,29,19,57,26,31,210,100,110
RANDALL COUNTY,381,56 Years,1732,830,902,1437,680,757,35,22,13,63,35,28,197,93,104
RANDALL COUNTY,381,57 Years,1727,811,916,1451,676,775,30,16,14,48,24,24,198,95,103
RANDALL COUNTY,381,58 Years,1716,779,937,1457,655,802,24,15,9,50,20,30,185,89,96
RANDALL COUNTY,381,59 Years,1670,787,883,1433,671,762,30,20,10,48,21,27,159,75,84
RANDALL COUNTY,381,60 Years,1659,789,870,1430,681,749,28,14,14,48,24,24,153,70,83
RANDALL COUNTY,381,61 Years,1605,755,850,1395,665,730,22,10,12,42,15,27,146,65,81
RANDALL COUNTY,381,62 Years,1584,735,849,1389,645,744,19,9,10,49,21,28,127,60,67
RANDALL COUNTY,381,63 Years,1520,720,800,1346,640,706,21,11,10,35,18,17,118,51,67
RANDALL COUNTY,381,64 Years,1413,658,755,1238,575,663,19,10,9,39,20,19,117,53,64
RANDALL COUNTY,381,65 Years,1371,638,733,1205,563,642,18,5,13,39,20,19,109,50,59
RANDALL COUNTY,381,66 Years,1323,631,692,1180,563,617,15,5,10,35,15,20,93,48,45
RANDALL COUNTY,381,67 Years,1342,672,670,1211,603,608,13,10,3,37,16,21,81,43,38
RANDALL COUNTY,381,68 Years,1314,616,698,1181,557,624,12,6,6,41,18,23,80,35,45
RANDALL COUNTY,381,69 Years,1016,463,553,904,412,492,8,3,5,34,17,17,70,31,39
RANDALL COUNTY,381,70 Years,912,413,499,817,366,451,3,1,2,26,13,13,66,33,33
RANDALL COUNTY,381,71 Years,971,443,528,875,398,477,9,5,4,21,12,9,66,28,38
RANDALL COUNTY,381,72 Years,951,436,515,861,397,464,10,4,6,19,10,9,61,25,36
RANDALL COUNTY,381,73 Years,834,370,464,759,336,423,8,3,5,17,9,8,50,22,28
RANDALL COUNTY,381,74 Years,770,339,431,707,313,394,4,2,2,17,8,9,42,16,26
RANDALL COUNTY,381,75 Years,748,322,426,687,298,389,3,1,2,15,7,8,43,16,27
RANDALL COUNTY,381,76 Years,691,283,408,638,261,377,6,2,4,15,8,7,32,12,20
RANDALL COUNTY,381,77 Years,672,274,398,629,255,374,3,1,2,12,6,6,28,12,16
RANDALL COUNTY,381,78 Years,600,248,352,562,232,330,3,2,1,8,3,5,27,11,16
RANDALL COUNTY,381,79 Years,560,251,309,526,233,293,2,1,1,8,5,3,24,12,12
RANDALL COUNTY,381,80 Years,564,246,318,530,226,304,3,3,0,8,6,2,23,11,12
RANDALL COUNTY,381,81 Years,516,223,293,483,209,274,2,1,1,8,4,4,23,9,14
RANDALL COUNTY,381,82 Years,466,196,270,436,186,250,5,1,4,7,3,4,18,6,12
RANDALL COUNTY,381,83 Years,432,182,250,410,175,235,2,0,2,7,1,6,13,6,7
RANDALL COUNTY,381,84 Years,430,181,249,409,172,237,3,2,1,3,1,2,15,6,9
RANDALL COUNTY,381,85 Years +,1886,668,1218,1764,630,1134,10,4,6,41,7,34,71,27,44
REAGAN COUNTY,383,All Ages,3783,1998,1785,1271,627,644,73,44,29,33,17,16,2406,1310,1096
REAGAN COUNTY,383,< 1 Year,58,29,29,9,4,5,2,1,1,1,1,0,46,23,23
REAGAN COUNTY,383,1 Years,61,30,31,9,4,5,0,0,0,0,0,0,52,26,26
REAGAN COUNTY,383,2 Years,58,28,30,10,5,5,1,0,1,0,0,0,47,23,24
REAGAN COUNTY,383,3 Years,58,27,31,10,4,6,0,0,0,0,0,0,48,23,25
REAGAN COUNTY,383,4 Years,49,23,26,9,3,6,0,0,0,0,0,0,40,20,20
REAGAN COUNTY,383,5 Years,52,26,26,10,4,6,1,0,1,1,0,1,40,22,18
REAGAN COUNTY,383,6 Years,56,25,31,7,3,4,0,0,0,2,0,2,47,22,25
REAGAN COUNTY,383,7 Years,59,35,24,8,4,4,0,0,0,1,0,1,50,31,19
REAGAN COUNTY,383,8 Years,63,41,22,13,9,4,1,1,0,2,2,0,47,29,18
REAGAN COUNTY,383,9 Years,57,32,25,13,8,5,1,1,0,1,0,1,42,23,19
REAGAN COUNTY,383,10 Years,50,26,24,8,4,4,0,0,0,0,0,0,42,22,20
REAGAN COUNTY,383,11 Years,55,28,27,8,5,3,1,0,1,1,0,1,45,23,22
REAGAN COUNTY,383,12 Years,68,30,38,10,6,4,0,0,0,1,0,1,57,24,33
REAGAN COUNTY,383,13 Years,56,30,26,9,5,4,0,0,0,2,2,0,45,23,22
REAGAN COUNTY,383,14 Years,56,30,26,10,6,4,2,1,1,1,1,0,43,22,21
REAGAN COUNTY,383,15 Years,57,27,30,11,5,6,0,0,0,1,1,0,45,21,24
REAGAN COUNTY,383,16 Years,54,29,25,11,6,5,0,0,0,0,0,0,43,23,20
REAGAN COUNTY,383,17 Years,60,28,32,14,7,7,2,0,2,0,0,0,44,21,23
REAGAN COUNTY,383,18 Years,72,39,33,17,12,5,0,0,0,0,0,0,55,27,28
REAGAN COUNTY,383,19 Years,64,34,30,13,9,4,3,2,1,0,0,0,48,23,25
REAGAN COUNTY,383,20 Years,58,32,26,14,5,9,1,1,0,0,0,0,43,26,17
REAGAN COUNTY,383,21 Years,51,24,27,13,3,10,1,1,0,1,0,1,36,20,16
REAGAN COUNTY,383,22 Years,54,33,21,16,7,9,2,2,0,0,0,0,36,24,12
REAGAN COUNTY,383,23 Years,62,32,30,22,9,13,1,1,0,0,0,0,39,22,17
REAGAN COUNTY,383,24 Years,41,26,15,9,5,4,2,2,0,0,0,0,30,19,11
REAGAN COUNTY,383,25 Years,43,26,17,7,3,4,2,1,1,0,0,0,34,22,12
REAGAN COUNTY,383,26 Years,41,20,21,11,5,6,1,0,1,0,0,0,29,15,14
REAGAN COUNTY,383,27 Years,44,25,19,15,7,8,1,1,0,0,0,0,28,17,11
REAGAN COUNTY,383,28 Years,36,24,12,14,9,5,0,0,0,0,0,0,22,15,7
REAGAN COUNTY,383,29 Years,45,22,23,14,7,7,0,0,0,0,0,0,31,15,16
REAGAN COUNTY,383,30 Years,43,24,19,19,12,7,1,1,0,0,0,0,23,11,12
REAGAN COUNTY,383,31 Years,51,27,24,15,9,6,1,1,0,0,0,0,35,17,18
REAGAN COUNTY,383,32 Years,48,27,21,14,8,6,1,1,0,0,0,0,33,18,15
REAGAN COUNTY,383,33 Years,52,31,21,12,7,5,2,2,0,0,0,0,38,22,16
REAGAN COUNTY,383,34 Years,46,29,17,10,6,4,3,2,1,0,0,0,33,21,12
REAGAN COUNTY,383,35 Years,44,24,20,12,7,5,1,1,0,0,0,0,31,16,15
REAGAN COUNTY,383,36 Years,45,25,20,9,4,5,0,0,0,3,2,1,33,19,14
REAGAN COUNTY,383,37 Years,50,33,17,11,6,5,1,1,0,1,1,0,37,25,12
REAGAN COUNTY,383,38 Years,51,30,21,13,6,7,1,0,1,1,1,0,36,23,13
REAGAN COUNTY,383,39 Years,45,28,17,9,5,4,0,0,0,0,0,0,36,23,13
REAGAN COUNTY,383,40 Years,44,26,18,12,5,7,0,0,0,0,0,0,32,21,11
REAGAN COUNTY,383,41 Years,35,15,20,8,2,6,0,0,0,0,0,0,27,13,14
REAGAN COUNTY,383,42 Years,38,18,20,7,3,4,0,0,0,0,0,0,31,15,16
REAGAN COUNTY,383,43 Years,43,20,23,10,5,5,2,1,1,0,0,0,31,14,17
REAGAN COUNTY,383,44 Years,43,24,19,13,9,4,1,0,1,0,0,0,29,15,14
REAGAN COUNTY,383,45 Years,47,26,21,18,10,8,3,3,0,2,1,1,24,12,12
REAGAN COUNTY,383,46 Years,51,25,26,22,10,12,1,1,0,1,0,1,27,14,13
REAGAN COUNTY,383,47 Years,46,23,23,21,8,13,0,0,0,0,0,0,25,15,10
REAGAN COUNTY,383,48 Years,44,21,23,19,10,9,0,0,0,1,1,0,24,10,14
REAGAN COUNTY,383,49 Years,47,22,25,17,8,9,1,0,1,0,0,0,29,14,15
REAGAN COUNTY,383,50 Years,43,30,13,16,11,5,0,0,0,0,0,0,27,19,8
REAGAN COUNTY,383,51 Years,49,33,16,21,11,10,1,1,0,0,0,0,27,21,6
REAGAN COUNTY,383,52 Years,49,25,24,23,9,14,2,1,1,0,0,0,24,15,9
REAGAN COUNTY,383,53 Years,55,28,27,27,12,15,2,1,1,0,0,0,26,15,11
REAGAN COUNTY,383,54 Years,57,26,31,30,13,17,1,1,0,0,0,0,26,12,14
REAGAN COUNTY,383,55 Years,51,23,28,25,11,14,1,1,0,0,0,0,25,11,14
REAGAN COUNTY,383,56 Years,46,22,24,24,10,14,1,1,0,0,0,0,21,11,10
REAGAN COUNTY,383,57 Years,54,28,26,26,12,14,2,2,0,0,0,0,26,14,12
REAGAN COUNTY,383,58 Years,57,24,33,28,10,18,1,0,1,2,0,2,26,14,12
REAGAN COUNTY,383,59 Years,53,27,26,21,9,12,1,0,1,0,0,0,31,18,13
REAGAN COUNTY,383,60 Years,56,30,26,30,14,16,0,0,0,1,1,0,25,15,10
REAGAN COUNTY,383,61 Years,48,30,18,31,18,13,1,1,0,1,1,0,15,10,5
REAGAN COUNTY,383,62 Years,39,25,14,20,14,6,0,0,0,0,0,0,19,11,8
REAGAN COUNTY,383,63 Years,33,17,16,18,9,9,1,1,0,0,0,0,14,7,7
REAGAN COUNTY,383,64 Years,48,25,23,28,16,12,1,0,1,1,0,1,18,9,9
REAGAN COUNTY,383,65 Years,35,19,16,18,10,8,0,0,0,0,0,0,17,9,8
REAGAN COUNTY,383,66 Years,25,15,10,10,7,3,1,1,0,0,0,0,14,7,7
REAGAN COUNTY,383,67 Years,30,14,16,14,5,9,0,0,0,0,0,0,16,9,7
REAGAN COUNTY,383,68 Years,38,14,24,17,5,12,1,1,0,1,0,1,19,8,11
REAGAN COUNTY,383,69 Years,33,12,21,21,7,14,1,0,1,0,0,0,11,5,6
REAGAN COUNTY,383,70 Years,24,15,9,12,6,6,0,0,0,0,0,0,12,9,3
REAGAN COUNTY,383,71 Years,20,11,9,11,7,4,0,0,0,0,0,0,9,4,5
REAGAN COUNTY,383,72 Years,21,8,13,16,7,9,0,0,0,0,0,0,5,1,4
REAGAN COUNTY,383,73 Years,17,10,7,12,6,6,0,0,0,0,0,0,5,4,1
REAGAN COUNTY,383,74 Years,19,10,9,10,6,4,0,0,0,0,0,0,9,4,5
REAGAN COUNTY,383,75 Years,23,13,10,17,10,7,0,0,0,0,0,0,6,3,3
REAGAN COUNTY,383,76 Years,19,12,7,13,8,5,1,0,1,0,0,0,5,4,1
REAGAN COUNTY,383,77 Years,22,14,8,9,5,4,2,1,1,1,1,0,10,7,3
REAGAN COUNTY,383,78 Years,20,12,8,13,6,7,1,1,0,0,0,0,6,5,1
REAGAN COUNTY,383,79 Years,22,12,10,14,6,8,2,1,1,1,1,0,5,4,1
REAGAN COUNTY,383,80 Years,15,7,8,10,4,6,1,0,1,0,0,0,4,3,1
REAGAN COUNTY,383,81 Years,17,7,10,11,4,7,0,0,0,0,0,0,6,3,3
REAGAN COUNTY,383,82 Years,13,5,8,9,4,5,0,0,0,1,0,1,3,1,2
REAGAN COUNTY,383,83 Years,15,8,7,11,5,6,0,0,0,0,0,0,4,3,1
REAGAN COUNTY,383,84 Years,12,5,7,7,4,3,1,0,1,0,0,0,4,1,3
REAGAN COUNTY,383,85 Years +,54,23,31,33,13,20,3,0,3,0,0,0,18,10,8
REAL COUNTY,385,All Ages,3454,1716,1738,2451,1204,1247,19,11,8,79,36,43,905,465,440
REAL COUNTY,385,< 1 Year,40,21,19,26,14,12,0,0,0,0,0,0,14,7,7
REAL COUNTY,385,1 Years,37,19,18,24,13,11,0,0,0,0,0,0,13,6,7
REAL COUNTY,385,2 Years,35,17,18,22,11,11,0,0,0,0,0,0,13,6,7
REAL COUNTY,385,3 Years,34,17,17,23,13,10,0,0,0,0,0,0,11,4,7
REAL COUNTY,385,4 Years,35,18,17,22,12,10,0,0,0,0,0,0,13,6,7
REAL COUNTY,385,5 Years,34,20,14,21,15,6,0,0,0,0,0,0,13,5,8
REAL COUNTY,385,6 Years,34,19,15,15,9,6,0,0,0,0,0,0,19,10,9
REAL COUNTY,385,7 Years,32,16,16,18,9,9,0,0,0,1,0,1,13,7,6
REAL COUNTY,385,8 Years,31,11,20,17,7,10,0,0,0,2,0,2,12,4,8
REAL COUNTY,385,9 Years,35,18,17,20,10,10,0,0,0,1,0,1,14,8,6
REAL COUNTY,385,10 Years,28,16,12,15,8,7,0,0,0,2,1,1,11,7,4
REAL COUNTY,385,11 Years,34,18,16,17,10,7,0,0,0,1,0,1,16,8,8
REAL COUNTY,385,12 Years,33,19,14,18,14,4,0,0,0,1,0,1,14,5,9
REAL COUNTY,385,13 Years,30,15,15,18,9,9,0,0,0,0,0,0,12,6,6
REAL COUNTY,385,14 Years,31,16,15,19,8,11,0,0,0,0,0,0,12,8,4
REAL COUNTY,385,15 Years,28,14,14,17,8,9,0,0,0,0,0,0,11,6,5
REAL COUNTY,385,16 Years,33,18,15,17,7,10,0,0,0,0,0,0,16,11,5
REAL COUNTY,385,17 Years,37,17,20,20,10,10,1,0,1,2,1,1,14,6,8
REAL COUNTY,385,18 Years,48,25,23,23,13,10,0,0,0,1,1,0,24,11,13
REAL COUNTY,385,19 Years,37,16,21,17,9,8,1,0,1,1,0,1,18,7,11
REAL COUNTY,385,20 Years,41,21,20,22,12,10,2,1,1,3,2,1,14,6,8
REAL COUNTY,385,21 Years,58,31,27,33,21,12,6,3,3,0,0,0,19,7,12
REAL COUNTY,385,22 Years,58,29,29,30,13,17,2,1,1,2,2,0,24,13,11
REAL COUNTY,385,23 Years,44,22,22,23,9,14,1,1,0,6,4,2,14,8,6
REAL COUNTY,385,24 Years,39,24,15,24,15,9,0,0,0,3,1,2,12,8,4
REAL COUNTY,385,25 Years,31,17,14,23,13,10,0,0,0,0,0,0,8,4,4
REAL COUNTY,385,26 Years,22,9,13,14,6,8,0,0,0,1,0,1,7,3,4
REAL COUNTY,385,27 Years,24,13,11,15,8,7,0,0,0,1,1,0,8,4,4
REAL COUNTY,385,28 Years,22,11,11,12,6,6,0,0,0,0,0,0,10,5,5
REAL COUNTY,385,29 Years,18,9,9,11,7,4,0,0,0,0,0,0,7,2,5
REAL COUNTY,385,30 Years,23,14,9,12,10,2,0,0,0,0,0,0,11,4,7
REAL COUNTY,385,31 Years,26,9,17,14,6,8,0,0,0,0,0,0,12,3,9
REAL COUNTY,385,32 Years,26,11,15,13,5,8,0,0,0,1,0,1,12,6,6
REAL COUNTY,385,33 Years,25,14,11,14,8,6,0,0,0,1,0,1,10,6,4
REAL COUNTY,385,34 Years,20,12,8,11,6,5,0,0,0,0,0,0,9,6,3
REAL COUNTY,385,35 Years,21,12,9,15,7,8,0,0,0,0,0,0,6,5,1
REAL COUNTY,385,36 Years,20,14,6,14,9,5,0,0,0,0,0,0,6,5,1
REAL COUNTY,385,37 Years,22,12,10,16,8,8,0,0,0,0,0,0,6,4,2
REAL COUNTY,385,38 Years,24,12,12,13,6,7,0,0,0,1,0,1,10,6,4
REAL COUNTY,385,39 Years,26,12,14,17,9,8,0,0,0,1,0,1,8,3,5
REAL COUNTY,385,40 Years,32,16,16,20,10,10,0,0,0,1,0,1,11,6,5
REAL COUNTY,385,41 Years,25,12,13,17,8,9,0,0,0,0,0,0,8,4,4
REAL COUNTY,385,42 Years,30,9,21,21,7,14,0,0,0,0,0,0,9,2,7
REAL COUNTY,385,43 Years,27,15,12,21,12,9,0,0,0,1,1,0,5,2,3
REAL COUNTY,385,44 Years,34,21,13,24,14,10,0,0,0,0,0,0,10,7,3
REAL COUNTY,385,45 Years,39,17,22,26,11,15,0,0,0,3,1,2,10,5,5
REAL COUNTY,385,46 Years,30,19,11,22,14,8,0,0,0,2,1,1,6,4,2
REAL COUNTY,385,47 Years,44,22,22,35,16,19,0,0,0,2,2,0,7,4,3
REAL COUNTY,385,48 Years,39,19,20,28,13,15,0,0,0,0,0,0,11,6,5
REAL COUNTY,385,49 Years,30,13,17,21,8,13,1,1,0,0,0,0,8,4,4
REAL COUNTY,385,50 Years,36,15,21,28,12,16,0,0,0,2,0,2,6,3,3
REAL COUNTY,385,51 Years,46,22,24,31,15,16,0,0,0,1,0,1,14,7,7
REAL COUNTY,385,52 Years,63,27,36,46,16,30,0,0,0,3,2,1,14,9,5
REAL COUNTY,385,53 Years,53,31,22,38,20,18,0,0,0,2,1,1,13,10,3
REAL COUNTY,385,54 Years,45,21,24,37,17,20,0,0,0,1,0,1,7,4,3
REAL COUNTY,385,55 Years,54,26,28,43,21,22,0,0,0,1,1,0,10,4,6
REAL COUNTY,385,56 Years,47,21,26,34,14,20,1,0,1,1,1,0,11,6,5
REAL COUNTY,385,57 Years,49,26,23,37,20,17,0,0,0,3,1,2,9,5,4
REAL COUNTY,385,58 Years,48,33,15,41,27,14,0,0,0,0,0,0,7,6,1
REAL COUNTY,385,59 Years,56,32,24,48,26,22,0,0,0,1,1,0,7,5,2
REAL COUNTY,385,60 Years,67,35,32,55,29,26,0,0,0,1,1,0,11,5,6
REAL COUNTY,385,61 Years,58,24,34,48,21,27,0,0,0,1,0,1,9,3,6
REAL COUNTY,385,62 Years,50,21,29,44,18,26,1,1,0,0,0,0,5,2,3
REAL COUNTY,385,63 Years,47,20,27,41,18,23,0,0,0,0,0,0,6,2,4
REAL COUNTY,385,64 Years,60,22,38,53,19,34,0,0,0,0,0,0,7,3,4
REAL COUNTY,385,65 Years,68,27,41,56,19,37,0,0,0,0,0,0,12,8,4
REAL COUNTY,385,66 Years,76,36,40,59,26,33,0,0,0,2,2,0,15,8,7
REAL COUNTY,385,67 Years,75,35,40,57,26,31,0,0,0,2,1,1,16,8,8
REAL COUNTY,385,68 Years,71,35,36,60,29,31,0,0,0,1,0,1,10,6,4
REAL COUNTY,385,69 Years,59,28,31,51,22,29,1,1,0,1,1,0,6,4,2
REAL COUNTY,385,70 Years,65,36,29,46,25,21,1,1,0,1,1,0,17,9,8
REAL COUNTY,385,71 Years,61,30,31,46,23,23,0,0,0,0,0,0,15,7,8
REAL COUNTY,385,72 Years,55,23,32,46,20,26,0,0,0,2,0,2,7,3,4
REAL COUNTY,385,73 Years,44,21,23,36,19,17,0,0,0,1,0,1,7,2,5
REAL COUNTY,385,74 Years,47,24,23,41,22,19,0,0,0,0,0,0,6,2,4
REAL COUNTY,385,75 Years,46,21,25,37,18,19,0,0,0,1,0,1,8,3,5
REAL COUNTY,385,76 Years,44,20,24,34,14,20,0,0,0,2,1,1,8,5,3
REAL COUNTY,385,77 Years,45,24,21,34,16,18,0,0,0,3,2,1,8,6,2
REAL COUNTY,385,78 Years,43,24,19,33,19,14,0,0,0,2,1,1,8,4,4
REAL COUNTY,385,79 Years,47,28,19,38,22,16,0,0,0,2,1,1,7,5,2
REAL COUNTY,385,80 Years,37,22,15,32,18,14,0,0,0,0,0,0,5,4,1
REAL COUNTY,385,81 Years,30,12,18,24,11,13,0,0,0,1,0,1,5,1,4
REAL COUNTY,385,82 Years,21,9,12,18,8,10,0,0,0,0,0,0,3,1,2
REAL COUNTY,385,83 Years,22,13,9,18,10,8,0,0,0,0,0,0,4,3,1
REAL COUNTY,385,84 Years,18,9,9,14,7,7,0,0,0,0,0,0,4,2,2
REAL COUNTY,385,85 Years +,95,42,53,77,31,46,1,1,0,0,0,0,17,10,7
RED RIVER COUNTY,387,All Ages,12152,6004,6148,8775,4347,4428,2172,1019,1153,341,176,165,864,462,402
RED RIVER COUNTY,387,< 1 Year,122,66,56,90,50,40,21,9,12,4,3,1,7,4,3
RED RIVER COUNTY,387,1 Years,138,72,66,97,50,47,21,12,9,12,6,6,8,4,4
RED RIVER COUNTY,387,2 Years,147,76,71,97,48,49,26,14,12,16,10,6,8,4,4
RED RIVER COUNTY,387,3 Years,146,74,72,94,49,45,26,12,14,17,9,8,9,4,5
RED RIVER COUNTY,387,4 Years,137,74,63,90,51,39,26,13,13,11,6,5,10,4,6
RED RIVER COUNTY,387,5 Years,139,71,68,95,48,47,24,11,13,11,4,7,9,8,1
RED RIVER COUNTY,387,6 Years,133,72,61,79,45,34,28,13,15,10,6,4,16,8,8
RED RIVER COUNTY,387,7 Years,145,74,71,87,46,41,27,14,13,10,5,5,21,9,12
RED RIVER COUNTY,387,8 Years,137,76,61,82,47,35,25,13,12,7,4,3,23,12,11
RED RIVER COUNTY,387,9 Years,140,81,59,87,50,37,24,13,11,5,3,2,24,15,9
RED RIVER COUNTY,387,10 Years,122,67,55,75,43,32,18,9,9,7,4,3,22,11,11
RED RIVER COUNTY,387,11 Years,129,73,56,83,49,34,22,13,9,4,2,2,20,9,11
RED RIVER COUNTY,387,12 Years,143,79,64,85,50,35,32,16,16,2,1,1,24,12,12
RED RIVER COUNTY,387,13 Years,135,78,57,84,49,35,26,16,10,3,2,1,22,11,11
RED RIVER COUNTY,387,14 Years,140,79,61,87,50,37,27,15,12,5,3,2,21,11,10
RED RIVER COUNTY,387,15 Years,147,83,64,93,54,39,32,15,17,7,4,3,15,10,5
RED RIVER COUNTY,387,16 Years,148,83,65,96,52,44,30,19,11,6,2,4,16,10,6
RED RIVER COUNTY,387,17 Years,145,75,70,91,49,42,26,10,16,6,3,3,22,13,9
RED RIVER COUNTY,387,18 Years,140,69,71,91,46,45,24,10,14,6,3,3,19,10,9
RED RIVER COUNTY,387,19 Years,143,76,67,86,45,41,38,20,18,2,1,1,17,10,7
RED RIVER COUNTY,387,20 Years,138,77,61,85,48,37,32,17,15,3,1,2,18,11,7
RED RIVER COUNTY,387,21 Years,142,77,65,83,43,40,30,16,14,6,4,2,23,14,9
RED RIVER COUNTY,387,22 Years,140,75,65,82,46,36,32,15,17,5,3,2,21,11,10
RED RIVER COUNTY,387,23 Years,154,71,83,92,44,48,39,16,23,4,2,2,19,9,10
RED RIVER COUNTY,387,24 Years,135,60,75,90,39,51,24,12,12,6,4,2,15,5,10
RED RIVER COUNTY,387,25 Years,128,58,70,87,42,45,26,10,16,4,2,2,11,4,7
RED RIVER COUNTY,387,26 Years,123,61,62,79,39,40,33,16,17,3,2,1,8,4,4
RED RIVER COUNTY,387,27 Years,121,56,65,76,34,42,30,15,15,3,1,2,12,6,6
RED RIVER COUNTY,387,28 Years,114,56,58,73,36,37,26,12,14,3,1,2,12,7,5
RED RIVER COUNTY,387,29 Years,110,58,52,74,41,33,22,10,12,2,0,2,12,7,5
RED RIVER COUNTY,387,30 Years,106,48,58,71,30,41,19,8,11,3,2,1,13,8,5
RED RIVER COUNTY,387,31 Years,104,56,48,69,36,33,17,10,7,3,3,0,15,7,8
RED RIVER COUNTY,387,32 Years,110,60,50,75,42,33,15,7,8,4,3,1,16,8,8
RED RIVER COUNTY,387,33 Years,112,47,65,78,32,46,17,6,11,2,2,0,15,7,8
RED RIVER COUNTY,387,34 Years,121,60,61,85,45,40,25,9,16,1,1,0,10,5,5
RED RIVER COUNTY,387,35 Years,120,56,64,89,43,46,19,8,11,2,0,2,10,5,5
RED RIVER COUNTY,387,36 Years,103,50,53,75,33,42,17,11,6,4,2,2,7,4,3
RED RIVER COUNTY,387,37 Years,121,53,68,90,39,51,18,6,12,2,1,1,11,7,4
RED RIVER COUNTY,387,38 Years,118,57,61,92,44,48,12,5,7,1,0,1,13,8,5
RED RIVER COUNTY,387,39 Years,103,59,44,75,44,31,15,7,8,3,2,1,10,6,4
RED RIVER COUNTY,387,40 Years,111,55,56,82,41,41,20,9,11,1,1,0,8,4,4
RED RIVER COUNTY,387,41 Years,105,49,56,79,36,43,14,8,6,0,0,0,12,5,7
RED RIVER COUNTY,387,42 Years,119,58,61,86,41,45,22,14,8,2,0,2,9,3,6
RED RIVER COUNTY,387,43 Years,143,69,74,105,49,56,26,13,13,2,1,1,10,6,4
RED RIVER COUNTY,387,44 Years,161,80,81,118,60,58,33,16,17,3,0,3,7,4,3
RED RIVER COUNTY,387,45 Years,139,63,76,91,43,48,29,11,18,3,2,1,16,7,9
RED RIVER COUNTY,387,46 Years,135,73,62,93,56,37,23,7,16,5,3,2,14,7,7
RED RIVER COUNTY,387,47 Years,153,75,78,102,53,49,29,10,19,6,3,3,16,9,7
RED RIVER COUNTY,387,48 Years,149,66,83,104,49,55,31,11,20,3,0,3,11,6,5
RED RIVER COUNTY,387,49 Years,149,72,77,101,50,51,38,16,22,3,1,2,7,5,2
RED RIVER COUNTY,387,50 Years,146,73,73,109,56,53,26,11,15,3,2,1,8,4,4
RED RIVER COUNTY,387,51 Years,156,78,78,119,59,60,26,11,15,3,2,1,8,6,2
RED RIVER COUNTY,387,52 Years,185,90,95,133,67,66,38,14,24,4,2,2,10,7,3
RED RIVER COUNTY,387,53 Years,174,82,92,122,57,65,36,17,19,6,2,4,10,6,4
RED RIVER COUNTY,387,54 Years,173,86,87,125,62,63,34,15,19,5,3,2,9,6,3
RED RIVER COUNTY,387,55 Years,188,96,92,134,71,63,40,17,23,4,2,2,10,6,4
RED RIVER COUNTY,387,56 Years,200,90,110,139,66,73,49,20,29,4,1,3,8,3,5
RED RIVER COUNTY,387,57 Years,194,85,109,137,64,73,46,17,29,4,1,3,7,3,4
RED RIVER COUNTY,387,58 Years,175,82,93,133,62,71,36,16,20,3,2,1,3,2,1
RED RIVER COUNTY,387,59 Years,178,88,90,141,69,72,30,15,15,4,3,1,3,1,2
RED RIVER COUNTY,387,60 Years,184,99,85,149,78,71,28,17,11,2,1,1,5,3,2
RED RIVER COUNTY,387,61 Years,192,103,89,156,87,69,27,13,14,2,0,2,7,3,4
RED RIVER COUNTY,387,62 Years,182,82,100,142,66,76,30,12,18,2,0,2,8,4,4
RED RIVER COUNTY,387,63 Years,173,80,93,135,62,73,29,11,18,2,2,0,7,5,2
RED RIVER COUNTY,387,64 Years,188,94,94,143,74,69,37,17,20,5,3,2,3,0,3
RED RIVER COUNTY,387,65 Years,171,90,81,136,67,69,29,19,10,3,2,1,3,2,1
RED RIVER COUNTY,387,66 Years,167,86,81,132,66,66,30,17,13,2,1,1,3,2,1
RED RIVER COUNTY,387,67 Years,180,82,98,145,65,80,32,15,17,1,1,0,2,1,1
RED RIVER COUNTY,387,68 Years,195,90,105,160,72,88,29,15,14,4,1,3,2,2,0
RED RIVER COUNTY,387,69 Years,174,79,95,145,64,81,24,13,11,2,1,1,3,1,2
RED RIVER COUNTY,387,70 Years,169,84,85,139,67,72,23,12,11,2,2,0,5,3,2
RED RIVER COUNTY,387,71 Years,177,93,84,151,80,71,21,11,10,3,1,2,2,1,1
RED RIVER COUNTY,387,72 Years,153,81,72,125,67,58,22,10,12,5,3,2,1,1,0
RED RIVER COUNTY,387,73 Years,130,63,67,111,55,56,15,6,9,3,2,1,1,0,1
RED RIVER COUNTY,387,74 Years,146,71,75,124,60,64,19,9,10,1,0,1,2,2,0
RED RIVER COUNTY,387,75 Years,121,59,62,99,48,51,18,10,8,1,0,1,3,1,2
RED RIVER COUNTY,387,76 Years,122,55,67,102,47,55,15,7,8,3,0,3,2,1,1
RED RIVER COUNTY,387,77 Years,114,57,57,98,49,49,14,7,7,1,0,1,1,1,0
RED RIVER COUNTY,387,78 Years,98,44,54,84,36,48,12,7,5,1,1,0,1,0,1
RED RIVER COUNTY,387,79 Years,95,41,54,81,34,47,12,6,6,2,1,1,0,0,0
RED RIVER COUNTY,387,80 Years,86,41,45,69,32,37,14,7,7,1,1,0,2,1,1
RED RIVER COUNTY,387,81 Years,83,38,45,69,31,38,12,5,7,1,1,0,1,1,0
RED RIVER COUNTY,387,82 Years,77,31,46,69,27,42,5,1,4,1,1,0,2,2,0
RED RIVER COUNTY,387,83 Years,62,24,38,54,21,33,7,2,5,0,0,0,1,1,0
RED RIVER COUNTY,387,84 Years,53,22,31,44,19,25,8,3,5,1,0,1,0,0,0
RED RIVER COUNTY,387,85 Years +,328,112,216,271,91,180,43,16,27,7,3,4,7,2,5
REEVES COUNTY,389,All Ages,14543,8687,5856,2651,1747,904,679,583,96,216,125,91,10997,6232,4765
REEVES COUNTY,389,< 1 Year,194,97,97,19,8,11,5,4,1,4,1,3,166,84,82
REEVES COUNTY,389,1 Years,187,91,96,16,6,10,4,3,1,3,1,2,164,81,83
REEVES COUNTY,389,2 Years,177,88,89,15,7,8,3,2,1,4,2,2,155,77,78
REEVES COUNTY,389,3 Years,162,79,83,12,4,8,3,2,1,2,1,1,145,72,73
REEVES COUNTY,389,4 Years,150,79,71,11,5,6,0,0,0,4,3,1,135,71,64
REEVES COUNTY,389,5 Years,154,80,74,12,7,5,1,1,0,3,2,1,138,70,68
REEVES COUNTY,389,6 Years,179,95,84,14,7,7,2,1,1,2,1,1,161,86,75
REEVES COUNTY,389,7 Years,203,102,101,19,7,12,3,1,2,3,2,1,178,92,86
REEVES COUNTY,389,8 Years,196,96,100,21,9,12,3,2,1,5,3,2,167,82,85
REEVES COUNTY,389,9 Years,165,87,78,17,8,9,2,2,0,3,3,0,143,74,69
REEVES COUNTY,389,10 Years,145,80,65,16,7,9,0,0,0,1,1,0,128,72,56
REEVES COUNTY,389,11 Years,173,98,75,17,6,11,2,2,0,2,2,0,152,88,64
REEVES COUNTY,389,12 Years,180,104,76,17,8,9,3,1,2,4,3,1,156,92,64
REEVES COUNTY,389,13 Years,183,106,77,20,10,10,2,1,1,7,6,1,154,89,65
REEVES COUNTY,389,14 Years,176,96,80,21,10,11,3,2,1,3,3,0,149,81,68
REEVES COUNTY,389,15 Years,170,90,80,11,5,6,2,1,1,2,1,1,155,83,72
REEVES COUNTY,389,16 Years,166,83,83,17,5,12,3,2,1,3,1,2,143,75,68
REEVES COUNTY,389,17 Years,204,129,75,16,10,6,4,2,2,5,3,2,179,114,65
REEVES COUNTY,389,18 Years,198,104,94,12,6,6,4,1,3,2,2,0,180,95,85
REEVES COUNTY,389,19 Years,209,115,94,29,23,6,11,8,3,0,0,0,169,84,85
REEVES COUNTY,389,20 Years,318,206,112,61,53,8,24,22,2,4,3,1,229,128,101
REEVES COUNTY,389,21 Years,249,141,108,32,22,10,12,11,1,4,3,1,201,105,96
REEVES COUNTY,389,22 Years,192,117,75,25,17,8,7,5,2,3,1,2,157,94,63
REEVES COUNTY,389,23 Years,283,216,67,53,48,5,40,39,1,4,2,2,186,127,59
REEVES COUNTY,389,24 Years,397,330,67,91,85,6,49,46,3,8,6,2,249,193,56
REEVES COUNTY,389,25 Years,262,195,67,56,45,11,13,12,1,8,6,2,185,132,53
REEVES COUNTY,389,26 Years,241,168,73,44,38,6,20,20,0,3,1,2,174,109,65
REEVES COUNTY,389,27 Years,177,104,73,30,19,11,10,10,0,1,1,0,136,74,62
REEVES COUNTY,389,28 Years,215,149,66,45,39,6,9,9,0,1,0,1,160,101,59
REEVES COUNTY,389,29 Years,159,94,65,19,6,13,9,8,1,2,1,1,129,79,50
REEVES COUNTY,389,30 Years,131,70,61,15,9,6,3,1,2,5,3,2,108,57,51
REEVES COUNTY,389,31 Years,412,339,73,112,100,12,52,50,2,11,10,1,237,179,58
REEVES COUNTY,389,32 Years,171,101,70,24,17,7,12,10,2,2,2,0,133,72,61
REEVES COUNTY,389,33 Years,315,255,60,70,58,12,40,39,1,3,3,0,202,155,47
REEVES COUNTY,389,34 Years,129,62,67,21,12,9,2,1,1,0,0,0,106,49,57
REEVES COUNTY,389,35 Years,181,124,57,33,26,7,14,12,2,1,1,0,133,85,48
REEVES COUNTY,389,36 Years,211,142,69,38,32,6,21,17,4,0,0,0,152,93,59
REEVES COUNTY,389,37 Years,303,247,56,71,65,6,26,25,1,2,1,1,204,156,48
REEVES COUNTY,389,38 Years,321,241,80,76,70,6,32,29,3,5,4,1,208,138,70
REEVES COUNTY,389,39 Years,153,98,55,27,22,5,7,6,1,2,1,1,117,69,48
REEVES COUNTY,389,40 Years,136,70,66,17,13,4,8,8,0,1,1,0,110,48,62
REEVES COUNTY,389,41 Years,223,162,61,43,32,11,18,16,2,3,1,2,159,113,46
REEVES COUNTY,389,42 Years,194,134,60,32,23,9,15,14,1,3,1,2,144,96,48
REEVES COUNTY,389,43 Years,188,120,68,21,17,4,6,5,1,2,0,2,159,98,61
REEVES COUNTY,389,44 Years,158,100,58,20,16,4,10,9,1,4,2,2,124,73,51
REEVES COUNTY,389,45 Years,127,70,57,11,5,6,2,1,1,2,1,1,112,63,49
REEVES COUNTY,389,46 Years,209,130,79,53,46,7,14,14,0,3,0,3,139,70,69
REEVES COUNTY,389,47 Years,179,119,60,41,31,10,9,9,0,3,2,1,126,77,49
REEVES COUNTY,389,48 Years,209,153,56,53,40,13,12,12,0,0,0,0,144,101,43
REEVES COUNTY,389,49 Years,282,202,80,78,61,17,24,23,1,5,3,2,175,115,60
REEVES COUNTY,389,50 Years,164,73,91,29,11,18,3,1,2,2,1,1,130,60,70
REEVES COUNTY,389,51 Years,223,144,79,46,30,16,10,10,0,4,1,3,163,103,60
REEVES COUNTY,389,52 Years,205,134,71,42,33,9,7,7,0,3,1,2,153,93,60
REEVES COUNTY,389,53 Years,161,86,75,40,25,15,8,8,0,1,0,1,112,53,59
REEVES COUNTY,389,54 Years,144,73,71,24,15,9,3,1,2,2,1,1,115,56,59
REEVES COUNTY,389,55 Years,138,68,70,26,11,15,4,2,2,3,2,1,105,53,52
REEVES COUNTY,389,56 Years,178,114,64,48,31,17,6,4,2,5,4,1,119,75,44
REEVES COUNTY,389,57 Years,154,79,75,38,24,14,3,2,1,2,1,1,111,52,59
REEVES COUNTY,389,58 Years,171,100,71,37,23,14,8,5,3,7,4,3,119,68,51
REEVES COUNTY,389,59 Years,172,96,76,33,18,15,6,4,2,3,1,2,130,73,57
REEVES COUNTY,389,60 Years,152,78,74,37,22,15,5,2,3,2,1,1,108,53,55
REEVES COUNTY,389,61 Years,131,69,62,36,23,13,4,2,2,2,1,1,89,43,46
REEVES COUNTY,389,62 Years,136,68,68,26,15,11,4,3,1,0,0,0,106,50,56
REEVES COUNTY,389,63 Years,122,59,63,32,14,18,0,0,0,0,0,0,90,45,45
REEVES COUNTY,389,64 Years,114,56,58,24,12,12,0,0,0,2,1,1,88,43,45
REEVES COUNTY,389,65 Years,116,57,59,21,10,11,5,3,2,3,2,1,87,42,45
REEVES COUNTY,389,66 Years,127,58,69,26,15,11,1,1,0,0,0,0,100,42,58
REEVES COUNTY,389,67 Years,117,57,60,25,14,11,2,2,0,1,0,1,89,41,48
REEVES COUNTY,389,68 Years,108,46,62,23,10,13,1,0,1,1,0,1,83,36,47
REEVES COUNTY,389,69 Years,103,41,62,28,11,17,0,0,0,0,0,0,75,30,45
REEVES COUNTY,389,70 Years,82,36,46,20,9,11,0,0,0,0,0,0,62,27,35
REEVES COUNTY,389,71 Years,99,48,51,25,12,13,0,0,0,4,1,3,70,35,35
REEVES COUNTY,389,72 Years,93,45,48,20,10,10,0,0,0,2,0,2,71,35,36
REEVES COUNTY,389,73 Years,74,34,40,24,10,14,0,0,0,1,0,1,49,24,25
REEVES COUNTY,389,74 Years,90,35,55,26,9,17,1,0,1,0,0,0,63,26,37
REEVES COUNTY,389,75 Years,85,36,49,22,9,13,1,0,1,3,0,3,59,27,32
REEVES COUNTY,389,76 Years,67,30,37,23,12,11,0,0,0,1,0,1,43,18,25
REEVES COUNTY,389,77 Years,72,31,41,20,8,12,0,0,0,1,1,0,51,22,29
REEVES COUNTY,389,78 Years,66,30,36,23,9,14,1,0,1,1,1,0,41,20,21
REEVES COUNTY,389,79 Years,69,32,37,21,10,11,1,0,1,0,0,0,47,22,25
REEVES COUNTY,389,80 Years,60,25,35,16,5,11,1,0,1,0,0,0,43,20,23
REEVES COUNTY,389,81 Years,60,24,36,13,5,8,2,0,2,1,0,1,44,19,25
REEVES COUNTY,389,82 Years,59,29,30,15,7,8,2,1,1,0,0,0,42,21,21
REEVES COUNTY,389,83 Years,53,23,30,14,6,8,0,0,0,1,0,1,38,17,21
REEVES COUNTY,389,84 Years,48,25,23,15,8,7,1,1,0,0,0,0,32,16,16
REEVES COUNTY,389,85 Years +,234,90,144,69,26,43,9,3,6,1,0,1,155,61,94
REFUGIO COUNTY,391,All Ages,7377,3675,3702,3165,1573,1592,439,230,209,122,67,55,3651,1805,1846
REFUGIO COUNTY,391,< 1 Year,104,51,53,43,22,21,2,1,1,4,1,3,55,27,28
REFUGIO COUNTY,391,1 Years,95,49,46,36,19,17,2,1,1,3,2,1,54,27,27
REFUGIO COUNTY,391,2 Years,91,43,48,35,17,18,2,1,1,0,0,0,54,25,29
REFUGIO COUNTY,391,3 Years,92,45,47,32,15,17,2,1,1,0,0,0,58,29,29
REFUGIO COUNTY,391,4 Years,96,44,52,35,15,20,1,1,0,0,0,0,60,28,32
REFUGIO COUNTY,391,5 Years,86,41,45,29,12,17,2,1,1,3,1,2,52,27,25
REFUGIO COUNTY,391,6 Years,66,36,30,18,11,7,4,4,0,0,0,0,44,21,23
REFUGIO COUNTY,391,7 Years,92,41,51,23,9,14,6,4,2,2,0,2,61,28,33
REFUGIO COUNTY,391,8 Years,103,54,49,32,17,15,5,3,2,3,3,0,63,31,32
REFUGIO COUNTY,391,9 Years,89,46,43,27,13,14,5,3,2,2,2,0,55,28,27
REFUGIO COUNTY,391,10 Years,89,41,48,32,16,16,6,4,2,3,3,0,48,18,30
REFUGIO COUNTY,391,11 Years,88,44,44,31,17,14,6,4,2,3,2,1,48,21,27
REFUGIO COUNTY,391,12 Years,84,43,41,26,15,11,4,2,2,2,1,1,52,25,27
REFUGIO COUNTY,391,13 Years,86,45,41,30,17,13,4,3,1,2,0,2,50,25,25
REFUGIO COUNTY,391,14 Years,121,60,61,42,21,21,3,3,0,2,1,1,74,35,39
REFUGIO COUNTY,391,15 Years,104,44,60,28,13,15,4,2,2,0,0,0,72,29,43
REFUGIO COUNTY,391,16 Years,104,52,52,30,17,13,7,3,4,1,1,0,66,31,35
REFUGIO COUNTY,391,17 Years,99,55,44,36,20,16,10,7,3,1,0,1,52,28,24
REFUGIO COUNTY,391,18 Years,96,57,39,37,18,19,9,5,4,1,1,0,49,33,16
REFUGIO COUNTY,391,19 Years,91,52,39,31,18,13,9,4,5,2,2,0,49,28,21
REFUGIO COUNTY,391,20 Years,94,51,43,33,19,14,7,4,3,2,2,0,52,26,26
REFUGIO COUNTY,391,21 Years,94,49,45,34,17,17,10,4,6,3,1,2,47,27,20
REFUGIO COUNTY,391,22 Years,114,60,54,39,20,19,8,3,5,2,1,1,65,36,29
REFUGIO COUNTY,391,23 Years,113,62,51,44,23,21,5,3,2,1,1,0,63,35,28
REFUGIO COUNTY,391,24 Years,96,58,38,30,16,14,7,4,3,0,0,0,59,38,21
REFUGIO COUNTY,391,25 Years,105,56,49,34,16,18,7,6,1,3,2,1,61,32,29
REFUGIO COUNTY,391,26 Years,76,37,39,26,14,12,7,4,3,2,1,1,41,18,23
REFUGIO COUNTY,391,27 Years,62,37,25,18,14,4,6,3,3,1,1,0,37,19,18
REFUGIO COUNTY,391,28 Years,74,46,28,32,20,12,7,3,4,0,0,0,35,23,12
REFUGIO COUNTY,391,29 Years,63,28,35,28,15,13,4,1,3,1,1,0,30,11,19
REFUGIO COUNTY,391,30 Years,54,26,28,17,9,8,2,1,1,1,1,0,34,15,19
REFUGIO COUNTY,391,31 Years,56,28,28,19,12,7,4,3,1,1,1,0,32,12,20
REFUGIO COUNTY,391,32 Years,72,40,32,24,13,11,3,3,0,1,1,0,44,23,21
REFUGIO COUNTY,391,33 Years,69,33,36,24,12,12,3,3,0,1,0,1,41,18,23
REFUGIO COUNTY,391,34 Years,70,35,35,20,10,10,7,4,3,0,0,0,43,21,22
REFUGIO COUNTY,391,35 Years,63,30,33,19,9,10,3,2,1,1,1,0,40,18,22
REFUGIO COUNTY,391,36 Years,67,33,34,24,10,14,5,2,3,3,1,2,35,20,15
REFUGIO COUNTY,391,37 Years,70,30,40,28,11,17,6,1,5,1,0,1,35,18,17
REFUGIO COUNTY,391,38 Years,51,23,28,21,11,10,2,0,2,0,0,0,28,12,16
REFUGIO COUNTY,391,39 Years,56,27,29,24,14,10,4,3,1,0,0,0,28,10,18
REFUGIO COUNTY,391,40 Years,60,27,33,22,11,11,4,1,3,1,0,1,33,15,18
REFUGIO COUNTY,391,41 Years,75,33,42,29,12,17,6,3,3,1,1,0,39,17,22
REFUGIO COUNTY,391,42 Years,90,50,40,39,20,19,4,3,1,1,0,1,46,27,19
REFUGIO COUNTY,391,43 Years,76,37,39,29,15,14,2,1,1,1,0,1,44,21,23
REFUGIO COUNTY,391,44 Years,89,45,44,40,22,18,4,2,2,1,0,1,44,21,23
REFUGIO COUNTY,391,45 Years,88,46,42,37,22,15,3,1,2,3,1,2,45,22,23
REFUGIO COUNTY,391,46 Years,88,41,47,33,15,18,4,2,2,2,1,1,49,23,26
REFUGIO COUNTY,391,47 Years,89,39,50,37,18,19,4,2,2,2,1,1,46,18,28
REFUGIO COUNTY,391,48 Years,93,40,53,42,19,23,4,2,2,1,1,0,46,18,28
REFUGIO COUNTY,391,49 Years,85,42,43,38,17,21,5,3,2,1,1,0,41,21,20
REFUGIO COUNTY,391,50 Years,94,49,45,40,21,19,8,6,2,2,1,1,44,21,23
REFUGIO COUNTY,391,51 Years,101,52,49,47,25,22,6,5,1,0,0,0,48,22,26
REFUGIO COUNTY,391,52 Years,107,56,51,52,28,24,7,4,3,3,2,1,45,22,23
REFUGIO COUNTY,391,53 Years,108,53,55,53,24,29,6,2,4,2,1,1,47,26,21
REFUGIO COUNTY,391,54 Years,104,56,48,53,28,25,6,2,4,3,2,1,42,24,18
REFUGIO COUNTY,391,55 Years,105,59,46,49,29,20,12,4,8,4,3,1,40,23,17
REFUGIO COUNTY,391,56 Years,103,56,47,48,26,22,7,4,3,2,1,1,46,25,21
REFUGIO COUNTY,391,57 Years,108,54,54,53,26,27,7,4,3,2,1,1,46,23,23
REFUGIO COUNTY,391,58 Years,109,57,52,65,32,33,5,3,2,1,1,0,38,21,17
REFUGIO COUNTY,391,59 Years,118,58,60,61,29,32,4,1,3,4,1,3,49,27,22
REFUGIO COUNTY,391,60 Years,116,62,54,57,31,26,6,3,3,2,1,1,51,27,24
REFUGIO COUNTY,391,61 Years,99,50,49,51,24,27,8,5,3,1,0,1,39,21,18
REFUGIO COUNTY,391,62 Years,102,61,41,55,32,23,6,3,3,3,3,0,38,23,15
REFUGIO COUNTY,391,63 Years,93,51,42,43,23,20,5,4,1,2,1,1,43,23,20
REFUGIO COUNTY,391,64 Years,84,43,41,41,18,23,4,4,0,2,1,1,37,20,17
REFUGIO COUNTY,391,65 Years,87,42,45,46,20,26,3,2,1,0,0,0,38,20,18
REFUGIO COUNTY,391,66 Years,89,46,43,51,25,26,6,3,3,1,1,0,31,17,14
REFUGIO COUNTY,391,67 Years,110,49,61,59,25,34,7,2,5,2,0,2,42,22,20
REFUGIO COUNTY,391,68 Years,91,36,55,47,16,31,7,3,4,1,0,1,36,17,19
REFUGIO COUNTY,391,69 Years,94,40,54,46,21,25,5,1,4,1,0,1,42,18,24
REFUGIO COUNTY,391,70 Years,86,42,44,41,23,18,9,4,5,0,0,0,36,15,21
REFUGIO COUNTY,391,71 Years,92,45,47,50,22,28,8,4,4,3,1,2,31,18,13
REFUGIO COUNTY,391,72 Years,81,36,45,50,20,30,5,2,3,1,1,0,25,13,12
REFUGIO COUNTY,391,73 Years,67,28,39,34,16,18,5,2,3,1,0,1,27,10,17
REFUGIO COUNTY,391,74 Years,69,33,36,36,18,18,5,2,3,1,0,1,27,13,14
REFUGIO COUNTY,391,75 Years,66,33,33,40,20,20,4,3,1,0,0,0,22,10,12
REFUGIO COUNTY,391,76 Years,76,37,39,45,24,21,2,1,1,1,0,1,28,12,16
REFUGIO COUNTY,391,77 Years,63,32,31,37,20,17,3,0,3,0,0,0,23,12,11
REFUGIO COUNTY,391,78 Years,70,40,30,43,27,16,3,1,2,0,0,0,24,12,12
REFUGIO COUNTY,391,79 Years,60,33,27,36,22,14,1,0,1,0,0,0,23,11,12
REFUGIO COUNTY,391,80 Years,57,24,33,33,14,19,2,0,2,1,1,0,21,9,12
REFUGIO COUNTY,391,81 Years,41,16,25,21,8,13,2,1,1,1,0,1,17,7,10
REFUGIO COUNTY,391,82 Years,38,17,21,17,7,10,4,2,2,1,1,0,16,7,9
REFUGIO COUNTY,391,83 Years,39,13,26,22,6,16,1,0,1,1,1,0,15,6,9
REFUGIO COUNTY,391,84 Years,34,13,21,19,6,13,3,2,1,0,0,0,12,5,7
REFUGIO COUNTY,391,85 Years +,188,71,117,107,39,68,17,7,10,1,1,0,63,24,39
ROBERTS COUNTY,393,All Ages,926,484,442,842,436,406,0,0,0,12,9,3,72,39,33
ROBERTS COUNTY,393,< 1 Year,9,4,5,7,3,4,0,0,0,0,0,0,2,1,1
ROBERTS COUNTY,393,1 Years,10,3,7,8,3,5,0,0,0,0,0,0,2,0,2
ROBERTS COUNTY,393,2 Years,12,6,6,12,6,6,0,0,0,0,0,0,0,0,0
ROBERTS COUNTY,393,3 Years,12,8,4,12,8,4,0,0,0,0,0,0,0,0,0
ROBERTS COUNTY,393,4 Years,13,9,4,13,9,4,0,0,0,0,0,0,0,0,0
ROBERTS COUNTY,393,5 Years,14,8,6,13,7,6,0,0,0,0,0,0,1,1,0
ROBERTS COUNTY,393,6 Years,9,4,5,8,3,5,0,0,0,0,0,0,1,1,0
ROBERTS COUNTY,393,7 Years,16,11,5,13,9,4,0,0,0,0,0,0,3,2,1
ROBERTS COUNTY,393,8 Years,24,16,8,21,13,8,0,0,0,0,0,0,3,3,0
ROBERTS COUNTY,393,9 Years,13,9,4,10,7,3,0,0,0,1,1,0,2,1,1
ROBERTS COUNTY,393,10 Years,12,5,7,9,4,5,0,0,0,0,0,0,3,1,2
ROBERTS COUNTY,393,11 Years,9,5,4,8,4,4,0,0,0,0,0,0,1,1,0
ROBERTS COUNTY,393,12 Years,7,4,3,6,3,3,0,0,0,0,0,0,1,1,0
ROBERTS COUNTY,393,13 Years,10,5,5,9,5,4,0,0,0,0,0,0,1,0,1
ROBERTS COUNTY,393,14 Years,16,9,7,15,8,7,0,0,0,0,0,0,1,1,0
ROBERTS COUNTY,393,15 Years,15,9,6,14,9,5,0,0,0,0,0,0,1,0,1
ROBERTS COUNTY,393,16 Years,15,8,7,13,7,6,0,0,0,0,0,0,2,1,1
ROBERTS COUNTY,393,17 Years,17,9,8,16,9,7,0,0,0,0,0,0,1,0,1
ROBERTS COUNTY,393,18 Years,13,6,7,12,6,6,0,0,0,0,0,0,1,0,1
ROBERTS COUNTY,393,19 Years,10,5,5,10,5,5,0,0,0,0,0,0,0,0,0
ROBERTS COUNTY,393,20 Years,7,2,5,5,2,3,0,0,0,0,0,0,2,0,2
ROBERTS COUNTY,393,21 Years,9,4,5,8,4,4,0,0,0,0,0,0,1,0,1
ROBERTS COUNTY,393,22 Years,9,4,5,6,2,4,0,0,0,1,1,0,2,1,1
ROBERTS COUNTY,393,23 Years,12,5,7,11,4,7,0,0,0,0,0,0,1,1,0
ROBERTS COUNTY,393,24 Years,4,2,2,3,1,2,0,0,0,0,0,0,1,1,0
ROBERTS COUNTY,393,25 Years,9,6,3,8,5,3,0,0,0,1,1,0,0,0,0
ROBERTS COUNTY,393,26 Years,12,5,7,11,5,6,0,0,0,0,0,0,1,0,1
ROBERTS COUNTY,393,27 Years,7,3,4,6,3,3,0,0,0,0,0,0,1,0,1
ROBERTS COUNTY,393,28 Years,10,4,6,9,3,6,0,0,0,0,0,0,1,1,0
ROBERTS COUNTY,393,29 Years,7,2,5,5,1,4,0,0,0,0,0,0,2,1,1
ROBERTS COUNTY,393,30 Years,10,4,6,8,4,4,0,0,0,1,0,1,1,0,1
ROBERTS COUNTY,393,31 Years,10,6,4,9,6,3,0,0,0,0,0,0,1,0,1
ROBERTS COUNTY,393,32 Years,11,6,5,11,6,5,0,0,0,0,0,0,0,0,0
ROBERTS COUNTY,393,33 Years,12,6,6,11,5,6,0,0,0,0,0,0,1,1,0
ROBERTS COUNTY,393,34 Years,15,6,9,12,4,8,0,0,0,1,1,0,2,1,1
ROBERTS COUNTY,393,35 Years,9,4,5,9,4,5,0,0,0,0,0,0,0,0,0
ROBERTS COUNTY,393,36 Years,11,8,3,10,7,3,0,0,0,0,0,0,1,1,0
ROBERTS COUNTY,393,37 Years,10,7,3,10,7,3,0,0,0,0,0,0,0,0,0
ROBERTS COUNTY,393,38 Years,7,5,2,7,5,2,0,0,0,0,0,0,0,0,0
ROBERTS COUNTY,393,39 Years,6,2,4,5,2,3,0,0,0,0,0,0,1,0,1
ROBERTS COUNTY,393,40 Years,8,2,6,7,1,6,0,0,0,0,0,0,1,1,0
ROBERTS COUNTY,393,41 Years,4,1,3,4,1,3,0,0,0,0,0,0,0,0,0
ROBERTS COUNTY,393,42 Years,6,4,2,5,3,2,0,0,0,0,0,0,1,1,0
ROBERTS COUNTY,393,43 Years,7,3,4,6,3,3,0,0,0,0,0,0,1,0,1
ROBERTS COUNTY,393,44 Years,10,4,6,8,3,5,0,0,0,0,0,0,2,1,1
ROBERTS COUNTY,393,45 Years,12,4,8,11,3,8,0,0,0,0,0,0,1,1,0
ROBERTS COUNTY,393,46 Years,13,5,8,10,3,7,0,0,0,0,0,0,3,2,1
ROBERTS COUNTY,393,47 Years,12,7,5,9,5,4,0,0,0,0,0,0,3,2,1
ROBERTS COUNTY,393,48 Years,14,9,5,14,9,5,0,0,0,0,0,0,0,0,0
ROBERTS COUNTY,393,49 Years,11,8,3,11,8,3,0,0,0,0,0,0,0,0,0
ROBERTS COUNTY,393,50 Years,11,9,2,10,8,2,0,0,0,0,0,0,1,1,0
ROBERTS COUNTY,393,51 Years,14,7,7,12,6,6,0,0,0,0,0,0,2,1,1
ROBERTS COUNTY,393,52 Years,12,6,6,10,5,5,0,0,0,0,0,0,2,1,1
ROBERTS COUNTY,393,53 Years,16,10,6,15,9,6,0,0,0,1,1,0,0,0,0
ROBERTS COUNTY,393,54 Years,13,9,4,12,8,4,0,0,0,0,0,0,1,1,0
ROBERTS COUNTY,393,55 Years,16,6,10,15,6,9,0,0,0,0,0,0,1,0,1
ROBERTS COUNTY,393,56 Years,16,8,8,15,8,7,0,0,0,1,0,1,0,0,0
ROBERTS COUNTY,393,57 Years,11,6,5,11,6,5,0,0,0,0,0,0,0,0,0
ROBERTS COUNTY,393,58 Years,13,5,8,13,5,8,0,0,0,0,0,0,0,0,0
ROBERTS COUNTY,393,59 Years,10,4,6,10,4,6,0,0,0,0,0,0,0,0,0
ROBERTS COUNTY,393,60 Years,11,6,5,11,6,5,0,0,0,0,0,0,0,0,0
ROBERTS COUNTY,393,61 Years,16,7,9,15,7,8,0,0,0,0,0,0,1,0,1
ROBERTS COUNTY,393,62 Years,14,8,6,12,7,5,0,0,0,1,1,0,1,0,1
ROBERTS COUNTY,393,63 Years,13,8,5,12,7,5,0,0,0,0,0,0,1,1,0
ROBERTS COUNTY,393,64 Years,12,6,6,11,5,6,0,0,0,0,0,0,1,1,0
ROBERTS COUNTY,393,65 Years,10,6,4,9,5,4,0,0,0,1,1,0,0,0,0
ROBERTS COUNTY,393,66 Years,9,5,4,8,5,3,0,0,0,0,0,0,1,0,1
ROBERTS COUNTY,393,67 Years,14,8,6,14,8,6,0,0,0,0,0,0,0,0,0
ROBERTS COUNTY,393,68 Years,13,9,4,13,9,4,0,0,0,0,0,0,0,0,0
ROBERTS COUNTY,393,69 Years,10,5,5,9,4,5,0,0,0,0,0,0,1,1,0
ROBERTS COUNTY,393,70 Years,11,6,5,10,5,5,0,0,0,0,0,0,1,1,0
ROBERTS COUNTY,393,71 Years,16,8,8,15,7,8,0,0,0,1,1,0,0,0,0
ROBERTS COUNTY,393,72 Years,12,6,6,11,5,6,0,0,0,1,1,0,0,0,0
ROBERTS COUNTY,393,73 Years,11,6,5,10,5,5,0,0,0,0,0,0,1,1,0
ROBERTS COUNTY,393,74 Years,10,7,3,10,7,3,0,0,0,0,0,0,0,0,0
ROBERTS COUNTY,393,75 Years,6,3,3,6,3,3,0,0,0,0,0,0,0,0,0
ROBERTS COUNTY,393,76 Years,5,1,4,5,1,4,0,0,0,0,0,0,0,0,0
ROBERTS COUNTY,393,77 Years,10,5,5,10,5,5,0,0,0,0,0,0,0,0,0
ROBERTS COUNTY,393,78 Years,6,2,4,6,2,4,0,0,0,0,0,0,0,0,0
ROBERTS COUNTY,393,79 Years,5,3,2,5,3,2,0,0,0,0,0,0,0,0,0
ROBERTS COUNTY,393,80 Years,7,5,2,7,5,2,0,0,0,0,0,0,0,0,0
ROBERTS COUNTY,393,81 Years,5,4,1,5,4,1,0,0,0,0,0,0,0,0,0
ROBERTS COUNTY,393,82 Years,3,2,1,2,2,0,0,0,0,1,0,1,0,0,0
ROBERTS COUNTY,393,83 Years,3,2,1,3,2,1,0,0,0,0,0,0,0,0,0
ROBERTS COUNTY,393,84 Years,4,1,3,4,1,3,0,0,0,0,0,0,0,0,0
ROBERTS COUNTY,393,85 Years +,18,4,14,18,4,14,0,0,0,0,0,0,0,0,0
ROBERTSON COUNTY,395,All Ages,17232,8575,8657,9727,4863,4864,3636,1719,1917,323,172,151,3546,1821,1725
ROBERTSON COUNTY,395,< 1 Year,206,108,98,94,49,45,41,22,19,2,1,1,69,36,33
ROBERTSON COUNTY,395,1 Years,206,105,101,89,46,43,45,23,22,3,1,2,69,35,34
ROBERTSON COUNTY,395,2 Years,203,104,99,83,41,42,45,24,21,3,2,1,72,37,35
ROBERTSON COUNTY,395,3 Years,199,102,97,83,40,43,47,25,22,3,2,1,66,35,31
ROBERTSON COUNTY,395,4 Years,203,106,97,80,39,41,42,23,19,6,5,1,75,39,36
ROBERTSON COUNTY,395,5 Years,220,116,104,89,48,41,45,24,21,9,7,2,77,37,40
ROBERTSON COUNTY,395,6 Years,217,105,112,88,41,47,45,21,24,11,8,3,73,35,38
ROBERTSON COUNTY,395,7 Years,250,128,122,109,62,47,53,22,31,11,7,4,77,37,40
ROBERTSON COUNTY,395,8 Years,242,118,124,117,57,60,50,22,28,5,3,2,70,36,34
ROBERTSON COUNTY,395,9 Years,247,133,114,111,63,48,50,23,27,4,3,1,82,44,38
ROBERTSON COUNTY,395,10 Years,221,118,103,96,52,44,48,26,22,7,3,4,70,37,33
ROBERTSON COUNTY,395,11 Years,217,112,105,97,57,40,50,24,26,4,1,3,66,30,36
ROBERTSON COUNTY,395,12 Years,213,113,100,95,57,38,44,19,25,3,1,2,71,36,35
ROBERTSON COUNTY,395,13 Years,215,107,108,90,46,44,54,27,27,4,1,3,67,33,34
ROBERTSON COUNTY,395,14 Years,250,123,127,113,53,60,62,35,27,9,4,5,66,31,35
ROBERTSON COUNTY,395,15 Years,266,142,124,129,70,59,56,30,26,9,4,5,72,38,34
ROBERTSON COUNTY,395,16 Years,241,136,105,116,67,49,54,32,22,6,2,4,65,35,30
ROBERTSON COUNTY,395,17 Years,237,117,120,103,54,49,59,29,30,7,3,4,68,31,37
ROBERTSON COUNTY,395,18 Years,230,123,107,106,62,44,57,31,26,6,2,4,61,28,33
ROBERTSON COUNTY,395,19 Years,213,121,92,99,61,38,57,31,26,5,3,2,52,26,26
ROBERTSON COUNTY,395,20 Years,220,128,92,91,54,37,64,38,26,6,4,2,59,32,27
ROBERTSON COUNTY,395,21 Years,236,129,107,100,55,45,71,38,33,8,5,3,57,31,26
ROBERTSON COUNTY,395,22 Years,231,118,113,107,58,49,65,27,38,5,4,1,54,29,25
ROBERTSON COUNTY,395,23 Years,227,118,109,103,58,45,66,33,33,5,4,1,53,23,30
ROBERTSON COUNTY,395,24 Years,209,106,103,94,47,47,58,28,30,3,2,1,54,29,25
ROBERTSON COUNTY,395,25 Years,203,98,105,80,42,38,62,26,36,2,2,0,59,28,31
ROBERTSON COUNTY,395,26 Years,183,89,94,81,43,38,55,22,33,3,2,1,44,22,22
ROBERTSON COUNTY,395,27 Years,178,87,91,84,39,45,41,17,24,2,1,1,51,30,21
ROBERTSON COUNTY,395,28 Years,168,87,81,76,41,35,45,23,22,3,2,1,44,21,23
ROBERTSON COUNTY,395,29 Years,168,76,92,80,40,40,41,18,23,4,2,2,43,16,27
ROBERTSON COUNTY,395,30 Years,192,98,94,92,49,43,38,19,19,4,1,3,58,29,29
ROBERTSON COUNTY,395,31 Years,189,94,95,88,47,41,38,20,18,2,1,1,61,26,35
ROBERTSON COUNTY,395,32 Years,198,90,108,88,41,47,45,22,23,2,1,1,63,26,37
ROBERTSON COUNTY,395,33 Years,194,101,93,106,53,53,34,21,13,3,3,0,51,24,27
ROBERTSON COUNTY,395,34 Years,179,98,81,98,54,44,31,18,13,2,1,1,48,25,23
ROBERTSON COUNTY,395,35 Years,209,114,95,112,62,50,40,19,21,3,1,2,54,32,22
ROBERTSON COUNTY,395,36 Years,199,108,91,103,58,45,35,18,17,4,2,2,57,30,27
ROBERTSON COUNTY,395,37 Years,194,94,100,103,50,53,39,17,22,4,2,2,48,25,23
ROBERTSON COUNTY,395,38 Years,183,93,90,99,51,48,35,17,18,4,2,2,45,23,22
ROBERTSON COUNTY,395,39 Years,173,84,89,86,42,44,39,18,21,3,1,2,45,23,22
ROBERTSON COUNTY,395,40 Years,187,82,105,92,38,54,51,23,28,2,1,1,42,20,22
ROBERTSON COUNTY,395,41 Years,165,80,85,83,42,41,37,14,23,3,2,1,42,22,20
ROBERTSON COUNTY,395,42 Years,170,88,82,95,55,40,33,10,23,2,2,0,40,21,19
ROBERTSON COUNTY,395,43 Years,194,94,100,116,54,62,36,16,20,3,2,1,39,22,17
ROBERTSON COUNTY,395,44 Years,207,88,119,124,50,74,38,13,25,4,2,2,41,23,18
ROBERTSON COUNTY,395,45 Years,199,93,106,118,59,59,40,10,30,6,3,3,35,21,14
ROBERTSON COUNTY,395,46 Years,207,97,110,121,61,60,47,18,29,2,1,1,37,17,20
ROBERTSON COUNTY,395,47 Years,219,99,120,129,59,70,46,21,25,4,1,3,40,18,22
ROBERTSON COUNTY,395,48 Years,225,107,118,126,52,74,54,30,24,5,3,2,40,22,18
ROBERTSON COUNTY,395,49 Years,228,110,118,138,61,77,49,28,21,4,2,2,37,19,18
ROBERTSON COUNTY,395,50 Years,227,120,107,138,74,64,47,25,22,3,1,2,39,20,19
ROBERTSON COUNTY,395,51 Years,236,129,107,148,78,70,49,29,20,5,3,2,34,19,15
ROBERTSON COUNTY,395,52 Years,231,123,108,156,80,76,48,29,19,2,0,2,25,14,11
ROBERTSON COUNTY,395,53 Years,233,111,122,150,71,79,48,20,28,4,1,3,31,19,12
ROBERTSON COUNTY,395,54 Years,226,120,106,134,69,65,48,22,26,7,3,4,37,26,11
ROBERTSON COUNTY,395,55 Years,259,138,121,156,84,72,59,26,33,5,2,3,39,26,13
ROBERTSON COUNTY,395,56 Years,261,127,134,175,83,92,50,23,27,4,2,2,32,19,13
ROBERTSON COUNTY,395,57 Years,257,123,134,162,78,84,62,28,34,6,2,4,27,15,12
ROBERTSON COUNTY,395,58 Years,265,134,131,169,89,80,63,29,34,5,1,4,28,15,13
ROBERTSON COUNTY,395,59 Years,249,131,118,164,87,77,51,25,26,8,5,3,26,14,12
ROBERTSON COUNTY,395,60 Years,241,116,125,171,83,88,42,18,24,7,5,2,21,10,11
ROBERTSON COUNTY,395,61 Years,259,130,129,177,88,89,44,19,25,5,2,3,33,21,12
ROBERTSON COUNTY,395,62 Years,243,113,130,165,74,91,45,20,25,4,2,2,29,17,12
ROBERTSON COUNTY,395,63 Years,207,102,105,142,67,75,43,24,19,2,0,2,20,11,9
ROBERTSON COUNTY,395,64 Years,210,105,105,148,69,79,41,24,17,2,0,2,19,12,7
ROBERTSON COUNTY,395,65 Years,216,105,111,149,72,77,42,20,22,3,1,2,22,12,10
ROBERTSON COUNTY,395,66 Years,228,108,120,161,75,86,42,19,23,1,1,0,24,13,11
ROBERTSON COUNTY,395,67 Years,217,111,106,156,82,74,40,17,23,3,3,0,18,9,9
ROBERTSON COUNTY,395,68 Years,215,112,103,158,85,73,35,14,21,2,2,0,20,11,9
ROBERTSON COUNTY,395,69 Years,182,93,89,127,66,61,35,15,20,1,1,0,19,11,8
ROBERTSON COUNTY,395,70 Years,147,68,79,110,53,57,19,5,14,2,1,1,16,9,7
ROBERTSON COUNTY,395,71 Years,165,80,85,124,66,58,29,10,19,0,0,0,12,4,8
ROBERTSON COUNTY,395,72 Years,161,73,88,121,57,64,26,10,16,2,1,1,12,5,7
ROBERTSON COUNTY,395,73 Years,160,72,88,115,52,63,26,10,16,1,0,1,18,10,8
ROBERTSON COUNTY,395,74 Years,139,62,77,107,46,61,19,7,12,3,2,1,10,7,3
ROBERTSON COUNTY,395,75 Years,131,55,76,105,45,60,17,7,10,2,1,1,7,2,5
ROBERTSON COUNTY,395,76 Years,132,61,71,105,48,57,19,8,11,1,0,1,7,5,2
ROBERTSON COUNTY,395,77 Years,124,61,63,90,44,46,19,8,11,2,1,1,13,8,5
ROBERTSON COUNTY,395,78 Years,121,63,58,89,47,42,15,8,7,1,1,0,16,7,9
ROBERTSON COUNTY,395,79 Years,105,43,62,81,35,46,13,4,9,0,0,0,11,4,7
ROBERTSON COUNTY,395,80 Years,85,36,49,66,28,38,15,6,9,0,0,0,4,2,2
ROBERTSON COUNTY,395,81 Years,81,40,41,61,33,28,16,6,10,0,0,0,4,1,3
ROBERTSON COUNTY,395,82 Years,82,39,43,62,31,31,11,5,6,1,1,0,8,2,6
ROBERTSON COUNTY,395,83 Years,67,26,41,53,20,33,10,5,5,0,0,0,4,1,3
ROBERTSON COUNTY,395,84 Years,62,23,39,47,17,30,9,3,6,0,0,0,6,3,3
ROBERTSON COUNTY,395,85 Years +,378,137,241,285,107,178,62,16,46,5,2,3,26,12,14
ROCKWALL COUNTY,397,All Ages,91103,44640,46463,64702,31578,33124,5581,2705,2876,4619,2211,2408,16201,8146,8055
ROCKWALL COUNTY,397,< 1 Year,915,467,448,570,290,280,54,23,31,54,31,23,237,123,114
ROCKWALL COUNTY,397,1 Years,904,464,440,557,288,269,48,21,27,57,32,25,242,123,119
ROCKWALL COUNTY,397,2 Years,906,459,447,553,286,267,45,21,24,59,31,28,249,121,128
ROCKWALL COUNTY,397,3 Years,922,463,459,564,284,280,45,23,22,59,33,26,254,123,131
ROCKWALL COUNTY,397,4 Years,950,476,474,575,292,283,45,24,21,67,34,33,263,126,137
ROCKWALL COUNTY,397,5 Years,1034,515,519,646,322,324,58,31,27,69,34,35,261,128,133
ROCKWALL COUNTY,397,6 Years,1212,619,593,781,407,374,66,30,36,89,50,39,276,132,144
ROCKWALL COUNTY,397,7 Years,1336,680,656,860,447,413,72,36,36,96,51,45,308,146,162
ROCKWALL COUNTY,397,8 Years,1435,726,709,929,475,454,76,41,35,99,48,51,331,162,169
ROCKWALL COUNTY,397,9 Years,1493,764,729,977,506,471,84,44,40,96,48,48,336,166,170
ROCKWALL COUNTY,397,10 Years,1545,774,771,1010,511,499,92,40,52,97,47,50,346,176,170
ROCKWALL COUNTY,397,11 Years,1576,794,782,1017,509,508,101,45,56,101,48,53,357,192,165
ROCKWALL COUNTY,397,12 Years,1594,807,787,1030,512,518,110,54,56,98,50,48,356,191,165
ROCKWALL COUNTY,397,13 Years,1678,867,811,1072,537,535,116,60,56,105,61,44,385,209,176
ROCKWALL COUNTY,397,14 Years,1780,905,875,1160,582,578,111,56,55,110,56,54,399,211,188
ROCKWALL COUNTY,397,15 Years,1830,907,923,1197,584,613,110,52,58,107,55,52,416,216,200
ROCKWALL COUNTY,397,16 Years,1830,898,932,1196,576,620,109,54,55,112,52,60,413,216,197
ROCKWALL COUNTY,397,17 Years,1800,906,894,1180,594,586,116,63,53,109,49,60,395,200,195
ROCKWALL COUNTY,397,18 Years,1627,827,800,1055,536,519,126,64,62,88,43,45,358,184,174
ROCKWALL COUNTY,397,19 Years,1494,762,732,927,468,459,131,67,64,89,48,41,347,179,168
ROCKWALL COUNTY,397,20 Years,1384,715,669,819,415,404,128,65,63,81,47,34,356,188,168
ROCKWALL COUNTY,397,21 Years,1241,651,590,726,370,356,118,62,56,73,44,29,324,175,149
ROCKWALL COUNTY,397,22 Years,1196,614,582,709,356,353,116,60,56,72,43,29,299,155,144
ROCKWALL COUNTY,397,23 Years,1080,572,508,653,351,302,87,44,43,73,35,38,267,142,125
ROCKWALL COUNTY,397,24 Years,843,443,400,480,243,237,77,41,36,52,25,27,234,134,100
ROCKWALL COUNTY,397,25 Years,788,421,367,454,250,204,74,35,39,47,26,21,213,110,103
ROCKWALL COUNTY,397,26 Years,720,387,333,437,234,203,54,27,27,46,26,20,183,100,83
ROCKWALL COUNTY,397,27 Years,657,351,306,397,213,184,43,22,21,45,22,23,172,94,78
ROCKWALL COUNTY,397,28 Years,664,346,318,419,213,206,36,21,15,39,16,23,170,96,74
ROCKWALL COUNTY,397,29 Years,725,357,368,471,220,251,32,17,15,41,20,21,181,100,81
ROCKWALL COUNTY,397,30 Years,807,404,403,548,271,277,40,19,21,38,19,19,181,95,86
ROCKWALL COUNTY,397,31 Years,874,437,437,594,302,292,42,17,25,42,21,21,196,97,99
ROCKWALL COUNTY,397,32 Years,971,455,516,666,315,351,46,21,25,46,22,24,213,97,116
ROCKWALL COUNTY,397,33 Years,1036,498,538,723,353,370,48,24,24,43,18,25,222,103,119
ROCKWALL COUNTY,397,34 Years,1105,539,566,761,380,381,49,24,25,46,21,25,249,114,135
ROCKWALL COUNTY,397,35 Years,1153,553,600,790,378,412,66,32,34,43,20,23,254,123,131
ROCKWALL COUNTY,397,36 Years,1194,578,616,799,382,417,72,34,38,42,21,21,281,141,140
ROCKWALL COUNTY,397,37 Years,1214,554,660,811,372,439,68,27,41,53,23,30,282,132,150
ROCKWALL COUNTY,397,38 Years,1198,553,645,791,364,427,74,33,41,65,26,39,268,130,138
ROCKWALL COUNTY,397,39 Years,1259,579,680,837,384,453,88,33,55,63,26,37,271,136,135
ROCKWALL COUNTY,397,40 Years,1275,591,684,849,397,452,83,34,49,72,29,43,271,131,140
ROCKWALL COUNTY,397,41 Years,1300,610,690,876,417,459,86,39,47,69,24,45,269,130,139
ROCKWALL COUNTY,397,42 Years,1285,621,664,878,430,448,91,44,47,58,26,32,258,121,137
ROCKWALL COUNTY,397,43 Years,1402,664,738,968,463,505,111,50,61,64,32,32,259,119,140
ROCKWALL COUNTY,397,44 Years,1566,757,809,1105,542,563,126,58,68,75,38,37,260,119,141
ROCKWALL COUNTY,397,45 Years,1564,766,798,1134,566,568,109,52,57,71,35,36,250,113,137
ROCKWALL COUNTY,397,46 Years,1531,742,789,1097,537,560,111,51,60,77,36,41,246,118,128
ROCKWALL COUNTY,397,47 Years,1526,759,767,1114,556,558,101,50,51,78,36,42,233,117,116
ROCKWALL COUNTY,397,48 Years,1460,754,706,1072,555,517,107,57,50,77,34,43,204,108,96
ROCKWALL COUNTY,397,49 Years,1439,753,686,1057,558,499,117,58,59,66,32,34,199,105,94
ROCKWALL COUNTY,397,50 Years,1493,761,732,1131,576,555,116,55,61,55,30,25,191,100,91
ROCKWALL COUNTY,397,51 Years,1506,744,762,1153,560,593,104,55,49,57,26,31,192,103,89
ROCKWALL COUNTY,397,52 Years,1444,707,737,1121,550,571,97,47,50,46,19,27,180,91,89
ROCKWALL COUNTY,397,53 Years,1400,684,716,1099,537,562,91,48,43,51,23,28,159,76,83
ROCKWALL COUNTY,397,54 Years,1441,704,737,1124,548,576,103,57,46,45,21,24,169,78,91
ROCKWALL COUNTY,397,55 Years,1369,666,703,1087,524,563,84,45,39,44,20,24,154,77,77
ROCKWALL COUNTY,397,56 Years,1263,614,649,1010,488,522,76,40,36,50,19,31,127,67,60
ROCKWALL COUNTY,397,57 Years,1232,589,643,1004,485,519,69,32,37,52,20,32,107,52,55
ROCKWALL COUNTY,397,58 Years,1187,547,640,958,444,514,69,34,35,44,20,24,116,49,67
ROCKWALL COUNTY,397,59 Years,1146,560,586,941,451,490,63,32,31,43,23,20,99,54,45
ROCKWALL COUNTY,397,60 Years,1080,508,572,901,421,480,50,21,29,46,18,28,83,48,35
ROCKWALL COUNTY,397,61 Years,969,459,510,808,391,417,47,19,28,43,12,31,71,37,34
ROCKWALL COUNTY,397,62 Years,935,442,493,777,376,401,47,23,24,48,18,30,63,25,38
ROCKWALL COUNTY,397,63 Years,918,462,456,760,387,373,48,21,27,44,19,25,66,35,31
ROCKWALL COUNTY,397,64 Years,836,405,431,698,337,361,43,21,22,38,14,24,57,33,24
ROCKWALL COUNTY,397,65 Years,801,379,422,680,314,366,37,20,17,32,13,19,52,32,20
ROCKWALL COUNTY,397,66 Years,779,367,412,664,305,359,32,17,15,34,18,16,49,27,22
ROCKWALL COUNTY,397,67 Years,762,349,413,642,293,349,34,16,18,37,17,20,49,23,26
ROCKWALL COUNTY,397,68 Years,763,353,410,656,306,350,26,11,15,32,12,20,49,24,25
ROCKWALL COUNTY,397,69 Years,619,289,330,528,252,276,23,11,12,20,5,15,48,21,27
ROCKWALL COUNTY,397,70 Years,608,267,341,523,236,287,29,11,18,16,5,11,40,15,25
ROCKWALL COUNTY,397,71 Years,628,279,349,553,251,302,23,10,13,25,8,17,27,10,17
ROCKWALL COUNTY,397,72 Years,605,277,328,533,248,285,14,6,8,25,10,15,33,13,20
ROCKWALL COUNTY,397,73 Years,515,246,269,450,219,231,15,5,10,22,11,11,28,11,17
ROCKWALL COUNTY,397,74 Years,471,236,235,409,212,197,19,5,14,19,9,10,24,10,14
ROCKWALL COUNTY,397,75 Years,441,209,232,389,188,201,16,6,10,18,8,10,18,7,11
ROCKWALL COUNTY,397,76 Years,394,181,213,355,162,193,9,6,3,15,7,8,15,6,9
ROCKWALL COUNTY,397,77 Years,329,147,182,297,135,162,7,3,4,12,5,7,13,4,9
ROCKWALL COUNTY,397,78 Years,294,139,155,259,122,137,9,4,5,12,6,6,14,7,7
ROCKWALL COUNTY,397,79 Years,275,132,143,242,114,128,7,3,4,9,6,3,17,9,8
ROCKWALL COUNTY,397,80 Years,250,110,140,229,101,128,5,3,2,5,2,3,11,4,7
ROCKWALL COUNTY,397,81 Years,232,89,143,204,80,124,6,3,3,9,3,6,13,3,10
ROCKWALL COUNTY,397,82 Years,235,103,132,206,93,113,7,2,5,9,4,5,13,4,9
ROCKWALL COUNTY,397,83 Years,214,87,127,186,78,108,8,3,5,10,4,6,10,2,8
ROCKWALL COUNTY,397,84 Years,207,77,130,188,67,121,5,2,3,6,3,3,8,5,3
ROCKWALL COUNTY,397,85 Years +,1144,368,776,1046,334,712,28,8,20,28,9,19,42,17,25
RUNNELS COUNTY,399,All Ages,10439,5232,5207,6464,3179,3285,168,95,73,163,88,75,3644,1870,1774
RUNNELS COUNTY,399,< 1 Year,122,62,60,59,31,28,0,0,0,8,4,4,55,27,28
RUNNELS COUNTY,399,1 Years,117,64,53,55,31,24,0,0,0,10,8,2,52,25,27
RUNNELS COUNTY,399,2 Years,110,60,50,51,28,23,0,0,0,10,7,3,49,25,24
RUNNELS COUNTY,399,3 Years,126,66,60,60,31,29,1,1,0,7,6,1,58,28,30
RUNNELS COUNTY,399,4 Years,140,73,67,65,30,35,2,1,1,3,2,1,70,40,30
RUNNELS COUNTY,399,5 Years,142,78,64,67,38,29,0,0,0,1,1,0,74,39,35
RUNNELS COUNTY,399,6 Years,132,69,63,67,37,30,0,0,0,2,0,2,63,32,31
RUNNELS COUNTY,399,7 Years,153,79,74,74,38,36,2,1,1,3,0,3,74,40,34
RUNNELS COUNTY,399,8 Years,152,74,78,67,30,37,4,3,1,3,2,1,78,39,39
RUNNELS COUNTY,399,9 Years,143,81,62,65,35,30,5,4,1,0,0,0,73,42,31
RUNNELS COUNTY,399,10 Years,146,81,65,64,35,29,3,2,1,1,1,0,78,43,35
RUNNELS COUNTY,399,11 Years,149,78,71,74,39,35,3,2,1,2,1,1,70,36,34
RUNNELS COUNTY,399,12 Years,144,77,67,72,39,33,1,1,0,0,0,0,71,37,34
RUNNELS COUNTY,399,13 Years,138,72,66,60,25,35,2,1,1,1,1,0,75,45,30
RUNNELS COUNTY,399,14 Years,140,74,66,74,39,35,2,1,1,1,1,0,63,33,30
RUNNELS COUNTY,399,15 Years,147,75,72,78,42,36,2,1,1,3,2,1,64,30,34
RUNNELS COUNTY,399,16 Years,137,68,69,62,33,29,3,2,1,3,1,2,69,32,37
RUNNELS COUNTY,399,17 Years,165,80,85,80,38,42,3,1,2,3,1,2,79,40,39
RUNNELS COUNTY,399,18 Years,171,88,83,84,42,42,0,0,0,3,1,2,84,45,39
RUNNELS COUNTY,399,19 Years,146,82,64,68,38,30,3,3,0,3,2,1,72,39,33
RUNNELS COUNTY,399,20 Years,130,79,51,58,35,23,2,2,0,2,2,0,68,40,28
RUNNELS COUNTY,399,21 Years,130,69,61,62,28,34,2,1,1,2,2,0,64,38,26
RUNNELS COUNTY,399,22 Years,127,67,60,68,33,35,2,1,1,3,2,1,54,31,23
RUNNELS COUNTY,399,23 Years,134,82,52,77,47,30,4,3,1,2,1,1,51,31,20
RUNNELS COUNTY,399,24 Years,116,59,57,63,30,33,1,1,0,2,1,1,50,27,23
RUNNELS COUNTY,399,25 Years,114,58,56,59,32,27,2,0,2,4,3,1,49,23,26
RUNNELS COUNTY,399,26 Years,112,61,51,56,31,25,4,2,2,3,2,1,49,26,23
RUNNELS COUNTY,399,27 Years,106,52,54,60,26,34,3,3,0,2,2,0,41,21,20
RUNNELS COUNTY,399,28 Years,90,45,45,57,28,29,1,1,0,2,1,1,30,15,15
RUNNELS COUNTY,399,29 Years,90,43,47,51,27,24,5,1,4,1,0,1,33,15,18
RUNNELS COUNTY,399,30 Years,108,54,54,62,33,29,5,2,3,2,1,1,39,18,21
RUNNELS COUNTY,399,31 Years,107,55,52,63,36,27,2,1,1,1,0,1,41,18,23
RUNNELS COUNTY,399,32 Years,109,59,50,59,34,25,1,1,0,1,0,1,48,24,24
RUNNELS COUNTY,399,33 Years,95,41,54,54,22,32,1,1,0,1,0,1,39,18,21
RUNNELS COUNTY,399,34 Years,99,50,49,56,31,25,1,0,1,2,1,1,40,18,22
RUNNELS COUNTY,399,35 Years,103,56,47,64,38,26,2,2,0,0,0,0,37,16,21
RUNNELS COUNTY,399,36 Years,99,59,40,64,39,25,3,3,0,1,1,0,31,16,15
RUNNELS COUNTY,399,37 Years,94,58,36,56,35,21,1,1,0,1,1,0,36,21,15
RUNNELS COUNTY,399,38 Years,80,36,44,42,19,23,1,0,1,2,2,0,35,15,20
RUNNELS COUNTY,399,39 Years,79,36,43,44,20,24,1,0,1,1,0,1,33,16,17
RUNNELS COUNTY,399,40 Years,91,42,49,53,23,30,1,0,1,0,0,0,37,19,18
RUNNELS COUNTY,399,41 Years,101,44,57,59,28,31,1,1,0,3,1,2,38,14,24
RUNNELS COUNTY,399,42 Years,96,50,46,58,31,27,1,1,0,1,1,0,36,17,19
RUNNELS COUNTY,399,43 Years,109,53,56,72,35,37,1,1,0,0,0,0,36,17,19
RUNNELS COUNTY,399,44 Years,119,53,66,75,32,43,3,1,2,0,0,0,41,20,21
RUNNELS COUNTY,399,45 Years,132,60,72,88,40,48,2,0,2,1,0,1,41,20,21
RUNNELS COUNTY,399,46 Years,129,59,70,76,41,35,1,0,1,1,1,0,51,17,34
RUNNELS COUNTY,399,47 Years,111,53,58,73,38,35,1,1,0,0,0,0,37,14,23
RUNNELS COUNTY,399,48 Years,118,56,62,75,35,40,1,1,0,0,0,0,42,20,22
RUNNELS COUNTY,399,49 Years,125,61,64,82,36,46,1,0,1,1,1,0,41,24,17
RUNNELS COUNTY,399,50 Years,136,69,67,87,43,44,1,1,0,1,1,0,47,24,23
RUNNELS COUNTY,399,51 Years,134,68,66,92,45,47,3,3,0,0,0,0,39,20,19
RUNNELS COUNTY,399,52 Years,149,73,76,106,51,55,3,3,0,1,0,1,39,19,20
RUNNELS COUNTY,399,53 Years,155,77,78,104,49,55,3,2,1,0,0,0,48,26,22
RUNNELS COUNTY,399,54 Years,133,72,61,89,47,42,2,1,1,3,0,3,39,24,15
RUNNELS COUNTY,399,55 Years,144,74,70,96,48,48,3,1,2,1,0,1,44,25,19
RUNNELS COUNTY,399,56 Years,145,65,80,102,41,61,2,0,2,0,0,0,41,24,17
RUNNELS COUNTY,399,57 Years,133,63,70,90,41,49,2,0,2,1,0,1,40,22,18
RUNNELS COUNTY,399,58 Years,152,83,69,109,58,51,4,3,1,1,0,1,38,22,16
RUNNELS COUNTY,399,59 Years,168,82,86,121,58,63,3,2,1,4,1,3,40,21,19
RUNNELS COUNTY,399,60 Years,158,79,79,114,56,58,2,1,1,3,1,2,39,21,18
RUNNELS COUNTY,399,61 Years,146,77,69,108,52,56,5,4,1,0,0,0,33,21,12
RUNNELS COUNTY,399,62 Years,136,70,66,105,52,53,2,2,0,2,1,1,27,15,12
RUNNELS COUNTY,399,63 Years,165,93,72,127,70,57,2,1,1,3,3,0,33,19,14
RUNNELS COUNTY,399,64 Years,143,77,66,111,60,51,5,2,3,2,2,0,25,13,12
RUNNELS COUNTY,399,65 Years,137,66,71,96,46,50,3,1,2,2,1,1,36,18,18
RUNNELS COUNTY,399,66 Years,122,59,63,85,39,46,1,0,1,1,0,1,35,20,15
RUNNELS COUNTY,399,67 Years,125,50,75,94,35,59,2,0,2,1,1,0,28,14,14
RUNNELS COUNTY,399,68 Years,139,68,71,112,52,60,2,1,1,0,0,0,25,15,10
RUNNELS COUNTY,399,69 Years,118,58,60,90,44,46,3,1,2,1,0,1,24,13,11
RUNNELS COUNTY,399,70 Years,123,59,64,92,45,47,2,0,2,1,0,1,28,14,14
RUNNELS COUNTY,399,71 Years,118,55,63,88,42,46,2,1,1,2,2,0,26,10,16
RUNNELS COUNTY,399,72 Years,111,50,61,82,36,46,2,1,1,2,2,0,25,11,14
RUNNELS COUNTY,399,73 Years,97,42,55,66,30,36,3,1,2,1,0,1,27,11,16
RUNNELS COUNTY,399,74 Years,98,45,53,74,34,40,2,1,1,0,0,0,22,10,12
RUNNELS COUNTY,399,75 Years,79,40,39,57,26,31,1,1,0,0,0,0,21,13,8
RUNNELS COUNTY,399,76 Years,87,41,46,67,31,36,0,0,0,2,1,1,18,9,9
RUNNELS COUNTY,399,77 Years,88,40,48,69,31,38,1,1,0,5,1,4,13,7,6
RUNNELS COUNTY,399,78 Years,66,28,38,51,24,27,0,0,0,2,1,1,13,3,10
RUNNELS COUNTY,399,79 Years,66,30,36,53,26,27,1,1,0,1,0,1,11,3,8
RUNNELS COUNTY,399,80 Years,62,30,32,49,23,26,1,1,0,2,2,0,10,4,6
RUNNELS COUNTY,399,81 Years,61,26,35,50,21,29,0,0,0,1,1,0,10,4,6
RUNNELS COUNTY,399,82 Years,64,28,36,56,26,30,2,0,2,0,0,0,6,2,4
RUNNELS COUNTY,399,83 Years,54,27,27,46,24,22,1,0,1,0,0,0,7,3,4
RUNNELS COUNTY,399,84 Years,58,21,37,48,17,31,1,0,1,1,0,1,8,4,4
RUNNELS COUNTY,399,85 Years +,296,116,180,246,94,152,3,2,1,7,0,7,40,20,20
RUSK COUNTY,401,All Ages,53976,28473,25503,33917,17338,16579,9388,5283,4105,1348,671,677,9323,5181,4142
RUSK COUNTY,401,< 1 Year,595,311,284,309,155,154,86,46,40,27,18,9,173,92,81
RUSK COUNTY,401,1 Years,592,302,290,307,158,149,85,40,45,28,17,11,172,87,85
RUSK COUNTY,401,2 Years,615,312,303,319,172,147,89,41,48,24,12,12,183,87,96
RUSK COUNTY,401,3 Years,650,335,315,333,180,153,94,44,50,32,16,16,191,95,96
RUSK COUNTY,401,4 Years,681,346,335,346,183,163,100,53,47,31,13,18,204,97,107
RUSK COUNTY,401,5 Years,670,331,339,345,170,175,91,51,40,39,23,16,195,87,108
RUSK COUNTY,401,6 Years,672,342,330,359,187,172,91,51,40,42,24,18,180,80,100
RUSK COUNTY,401,7 Years,702,345,357,387,199,188,93,45,48,41,16,25,181,85,96
RUSK COUNTY,401,8 Years,709,351,358,392,204,188,91,43,48,38,16,22,188,88,100
RUSK COUNTY,401,9 Years,706,351,355,387,196,191,98,51,47,37,18,19,184,86,98
RUSK COUNTY,401,10 Years,715,367,348,373,195,178,110,65,45,31,17,14,201,90,111
RUSK COUNTY,401,11 Years,656,332,324,347,175,172,97,56,41,26,13,13,186,88,98
RUSK COUNTY,401,12 Years,657,317,340,362,174,188,100,55,45,28,10,18,167,78,89
RUSK COUNTY,401,13 Years,679,333,346,389,193,196,101,48,53,26,12,14,163,80,83
RUSK COUNTY,401,14 Years,736,366,370,410,209,201,120,55,65,25,14,11,181,88,93
RUSK COUNTY,401,15 Years,734,366,368,406,204,202,118,58,60,30,16,14,180,88,92
RUSK COUNTY,401,16 Years,699,349,350,393,195,198,95,47,48,32,18,14,179,89,90
RUSK COUNTY,401,17 Years,693,352,341,382,197,185,109,52,57,27,13,14,175,90,85
RUSK COUNTY,401,18 Years,659,334,325,361,178,183,106,56,50,26,13,13,166,87,79
RUSK COUNTY,401,19 Years,624,330,294,346,177,169,96,52,44,24,11,13,158,90,68
RUSK COUNTY,401,20 Years,638,347,291,337,179,158,112,57,55,23,11,12,166,100,66
RUSK COUNTY,401,21 Years,667,374,293,352,188,164,127,71,56,20,14,6,168,101,67
RUSK COUNTY,401,22 Years,670,376,294,352,182,170,142,89,53,24,14,10,152,91,61
RUSK COUNTY,401,23 Years,683,388,295,366,198,168,149,95,54,22,13,9,146,82,64
RUSK COUNTY,401,24 Years,720,418,302,379,206,173,159,99,60,17,11,6,165,102,63
RUSK COUNTY,401,25 Years,726,417,309,390,199,191,145,98,47,16,9,7,175,111,64
RUSK COUNTY,401,26 Years,722,428,294,393,213,180,162,113,49,12,5,7,155,97,58
RUSK COUNTY,401,27 Years,694,423,271,390,226,164,138,96,42,12,5,7,154,96,58
RUSK COUNTY,401,28 Years,675,407,268,363,206,157,137,98,39,19,10,9,156,93,63
RUSK COUNTY,401,29 Years,671,412,259,366,205,161,119,85,34,17,12,5,169,110,59
RUSK COUNTY,401,30 Years,678,409,269,376,215,161,123,85,38,11,3,8,168,106,62
RUSK COUNTY,401,31 Years,643,381,262,356,198,158,126,87,39,8,3,5,153,93,60
RUSK COUNTY,401,32 Years,673,383,290,375,205,170,150,92,58,10,4,6,138,82,56
RUSK COUNTY,401,33 Years,738,417,321,420,224,196,145,96,49,15,7,8,158,90,68
RUSK COUNTY,401,34 Years,769,435,334,447,236,211,146,100,46,14,8,6,162,91,71
RUSK COUNTY,401,35 Years,759,428,331,440,241,199,142,88,54,15,6,9,162,93,69
RUSK COUNTY,401,36 Years,721,404,317,435,231,204,134,89,45,12,4,8,140,80,60
RUSK COUNTY,401,37 Years,690,386,304,417,229,188,124,74,50,15,5,10,134,78,56
RUSK COUNTY,401,38 Years,694,400,294,431,241,190,118,73,45,16,6,10,129,80,49
RUSK COUNTY,401,39 Years,711,389,322,427,225,202,121,65,56,14,7,7,149,92,57
RUSK COUNTY,401,40 Years,711,386,325,429,225,204,118,64,54,10,6,4,154,91,63
RUSK COUNTY,401,41 Years,696,397,299,407,232,175,123,72,51,10,3,7,156,90,66
RUSK COUNTY,401,42 Years,663,375,288,395,227,168,120,69,51,13,5,8,135,74,61
RUSK COUNTY,401,43 Years,680,381,299,409,238,171,132,70,62,13,5,8,126,68,58
RUSK COUNTY,401,44 Years,754,412,342,469,254,215,151,84,67,12,4,8,122,70,52
RUSK COUNTY,401,45 Years,778,432,346,499,262,237,139,89,50,13,5,8,127,76,51
RUSK COUNTY,401,46 Years,711,396,315,456,241,215,133,85,48,14,5,9,108,65,43
RUSK COUNTY,401,47 Years,702,395,307,420,218,202,158,96,62,11,5,6,113,76,37
RUSK COUNTY,401,48 Years,714,401,313,427,222,205,153,94,59,11,6,5,123,79,44
RUSK COUNTY,401,49 Years,686,378,308,426,226,200,150,86,64,11,5,6,99,61,38
RUSK COUNTY,401,50 Years,718,402,316,458,254,204,156,83,73,14,6,8,90,59,31
RUSK COUNTY,401,51 Years,760,436,324,503,273,230,156,93,63,10,6,4,91,64,27
RUSK COUNTY,401,52 Years,768,433,335,503,271,232,161,91,70,11,7,4,93,64,29
RUSK COUNTY,401,53 Years,765,399,366,523,259,264,148,85,63,11,7,4,83,48,35
RUSK COUNTY,401,54 Years,793,414,379,562,287,275,138,71,67,13,6,7,80,50,30
RUSK COUNTY,401,55 Years,831,435,396,557,279,278,164,94,70,14,5,9,96,57,39
RUSK COUNTY,401,56 Years,758,416,342,512,270,242,151,92,59,13,5,8,82,49,33
RUSK COUNTY,401,57 Years,770,429,341,541,293,248,145,91,54,15,8,7,69,37,32
RUSK COUNTY,401,58 Years,771,411,360,524,272,252,156,86,70,14,8,6,77,45,32
RUSK COUNTY,401,59 Years,744,379,365,520,261,259,147,76,71,13,6,7,64,36,28
RUSK COUNTY,401,60 Years,726,385,341,511,263,248,145,79,66,13,6,7,57,37,20
RUSK COUNTY,401,61 Years,705,366,339,504,253,251,135,67,68,12,9,3,54,37,17
RUSK COUNTY,401,62 Years,722,366,356,532,263,269,129,69,60,9,3,6,52,31,21
RUSK COUNTY,401,63 Years,639,314,325,484,241,243,110,50,60,9,3,6,36,20,16
RUSK COUNTY,401,64 Years,587,301,286,445,223,222,102,56,46,10,6,4,30,16,14
RUSK COUNTY,401,65 Years,576,295,281,425,209,216,114,62,52,9,5,4,28,19,9
RUSK COUNTY,401,66 Years,574,290,284,439,222,217,99,47,52,9,6,3,27,15,12
RUSK COUNTY,401,67 Years,589,294,295,461,232,229,86,39,47,9,7,2,33,16,17
RUSK COUNTY,401,68 Years,590,284,306,463,221,242,91,44,47,9,4,5,27,15,12
RUSK COUNTY,401,69 Years,487,230,257,380,179,201,79,34,45,8,5,3,20,12,8
RUSK COUNTY,401,70 Years,467,226,241,384,190,194,57,23,34,6,2,4,20,11,9
RUSK COUNTY,401,71 Years,429,207,222,345,166,179,60,28,32,5,2,3,19,11,8
RUSK COUNTY,401,72 Years,417,204,213,331,157,174,65,35,30,6,3,3,15,9,6
RUSK COUNTY,401,73 Years,374,168,206,307,138,169,53,24,29,7,3,4,7,3,4
RUSK COUNTY,401,74 Years,358,161,197,307,136,171,43,21,22,3,3,0,5,1,4
RUSK COUNTY,401,75 Years,351,169,182,293,138,155,42,24,18,4,2,2,12,5,7
RUSK COUNTY,401,76 Years,301,141,160,253,117,136,35,18,17,4,2,2,9,4,5
RUSK COUNTY,401,77 Years,287,135,152,241,112,129,33,16,17,6,3,3,7,4,3
RUSK COUNTY,401,78 Years,254,107,147,206,87,119,34,14,20,4,2,2,10,4,6
RUSK COUNTY,401,79 Years,256,119,137,213,94,119,29,15,14,3,3,0,11,7,4
RUSK COUNTY,401,80 Years,248,113,135,206,93,113,32,15,17,2,2,0,8,3,5
RUSK COUNTY,401,81 Years,212,91,121,177,78,99,24,9,15,4,1,3,7,3,4
RUSK COUNTY,401,82 Years,203,92,111,161,72,89,30,13,17,3,1,2,9,6,3
RUSK COUNTY,401,83 Years,182,76,106,149,64,85,27,9,18,2,1,1,4,2,2
RUSK COUNTY,401,84 Years,185,66,119,148,56,92,31,8,23,4,1,3,2,1,1
RUSK COUNTY,401,85 Years +,1098,372,726,947,322,625,115,34,81,16,6,10,20,10,10
SABINE COUNTY,403,All Ages,11261,5544,5717,9731,4785,4946,780,385,395,310,155,155,440,219,221
SABINE COUNTY,403,< 1 Year,114,64,50,70,37,33,6,4,2,14,8,6,24,15,9
SABINE COUNTY,403,1 Years,109,60,49,64,35,29,6,3,3,17,11,6,22,11,11
SABINE COUNTY,403,2 Years,100,52,48,56,30,26,6,3,3,20,11,9,18,8,10
SABINE COUNTY,403,3 Years,103,50,53,58,31,27,9,5,4,18,9,9,18,5,13
SABINE COUNTY,403,4 Years,102,48,54,65,33,32,9,5,4,11,4,7,17,6,11
SABINE COUNTY,403,5 Years,106,40,66,76,27,49,8,3,5,7,4,3,15,6,9
SABINE COUNTY,403,6 Years,99,47,52,75,34,41,8,4,4,7,4,3,9,5,4
SABINE COUNTY,403,7 Years,105,51,54,81,40,41,9,4,5,7,3,4,8,4,4
SABINE COUNTY,403,8 Years,112,60,52,89,50,39,10,5,5,4,2,2,9,3,6
SABINE COUNTY,403,9 Years,119,60,59,91,44,47,13,8,5,4,2,2,11,6,5
SABINE COUNTY,403,10 Years,110,61,49,84,46,38,9,5,4,6,3,3,11,7,4
SABINE COUNTY,403,11 Years,91,47,44,74,38,36,5,3,2,4,2,2,8,4,4
SABINE COUNTY,403,12 Years,95,49,46,77,39,38,6,4,2,5,3,2,7,3,4
SABINE COUNTY,403,13 Years,106,57,49,87,48,39,7,3,4,4,2,2,8,4,4
SABINE COUNTY,403,14 Years,116,59,57,94,51,43,11,4,7,2,0,2,9,4,5
SABINE COUNTY,403,15 Years,129,70,59,105,57,48,11,5,6,5,3,2,8,5,3
SABINE COUNTY,403,16 Years,128,59,69,106,48,58,10,4,6,7,4,3,5,3,2
SABINE COUNTY,403,17 Years,120,51,69,98,41,57,13,5,8,5,3,2,4,2,2
SABINE COUNTY,403,18 Years,119,52,67,98,42,56,13,6,7,2,2,0,6,2,4
SABINE COUNTY,403,19 Years,113,55,58,97,47,50,7,3,4,6,4,2,3,1,2
SABINE COUNTY,403,20 Years,111,51,60,95,44,51,7,3,4,6,3,3,3,1,2
SABINE COUNTY,403,21 Years,120,59,61,101,49,52,9,6,3,4,2,2,6,2,4
SABINE COUNTY,403,22 Years,123,63,60,99,49,50,19,12,7,3,2,1,2,0,2
SABINE COUNTY,403,23 Years,120,64,56,95,50,45,19,9,10,2,2,0,4,3,1
SABINE COUNTY,403,24 Years,98,48,50,80,42,38,10,2,8,4,2,2,4,2,2
SABINE COUNTY,403,25 Years,96,43,53,79,37,42,11,3,8,2,2,0,4,1,3
SABINE COUNTY,403,26 Years,100,43,57,81,39,42,14,3,11,1,1,0,4,0,4
SABINE COUNTY,403,27 Years,89,43,46,74,36,38,11,6,5,0,0,0,4,1,3
SABINE COUNTY,403,28 Years,88,41,47,71,32,39,7,4,3,3,2,1,7,3,4
SABINE COUNTY,403,29 Years,86,50,36,72,40,32,5,4,1,3,2,1,6,4,2
SABINE COUNTY,403,30 Years,77,40,37,64,29,35,7,6,1,2,1,1,4,4,0
SABINE COUNTY,403,31 Years,72,38,34,65,33,32,3,2,1,1,1,0,3,2,1
SABINE COUNTY,403,32 Years,76,40,36,63,33,30,7,3,4,1,1,0,5,3,2
SABINE COUNTY,403,33 Years,76,37,39,62,27,35,6,3,3,0,0,0,8,7,1
SABINE COUNTY,403,34 Years,79,31,48,62,21,41,10,6,4,0,0,0,7,4,3
SABINE COUNTY,403,35 Years,84,33,51,70,27,43,9,4,5,0,0,0,5,2,3
SABINE COUNTY,403,36 Years,82,35,47,71,30,41,6,3,3,2,1,1,3,1,2
SABINE COUNTY,403,37 Years,82,45,37,70,37,33,8,5,3,2,1,1,2,2,0
SABINE COUNTY,403,38 Years,80,43,37,68,34,34,7,5,2,2,1,1,3,3,0
SABINE COUNTY,403,39 Years,74,40,34,64,34,30,5,4,1,1,0,1,4,2,2
SABINE COUNTY,403,40 Years,71,37,34,61,33,28,4,1,3,2,2,0,4,1,3
SABINE COUNTY,403,41 Years,83,40,43,70,32,38,7,5,2,3,1,2,3,2,1
SABINE COUNTY,403,42 Years,85,43,42,69,35,34,11,6,5,0,0,0,5,2,3
SABINE COUNTY,403,43 Years,95,44,51,81,37,44,10,5,5,1,0,1,3,2,1
SABINE COUNTY,403,44 Years,94,47,47,85,42,43,5,3,2,1,0,1,3,2,1
SABINE COUNTY,403,45 Years,117,59,58,101,51,50,8,3,5,3,3,0,5,2,3
SABINE COUNTY,403,46 Years,117,49,68,102,44,58,8,3,5,2,1,1,5,1,4
SABINE COUNTY,403,47 Years,120,56,64,100,48,52,14,4,10,2,1,1,4,3,1
SABINE COUNTY,403,48 Years,110,48,62,86,36,50,18,8,10,3,1,2,3,3,0
SABINE COUNTY,403,49 Years,112,62,50,95,52,43,10,4,6,2,1,1,5,5,0
SABINE COUNTY,403,50 Years,143,73,70,120,62,58,16,7,9,3,2,1,4,2,2
SABINE COUNTY,403,51 Years,140,75,65,124,68,56,9,4,5,4,1,3,3,2,1
SABINE COUNTY,403,52 Years,140,64,76,125,56,69,9,5,4,2,0,2,4,3,1
SABINE COUNTY,403,53 Years,176,88,88,162,80,82,9,5,4,2,1,1,3,2,1
SABINE COUNTY,403,54 Years,185,95,90,170,87,83,10,6,4,2,0,2,3,2,1
SABINE COUNTY,403,55 Years,183,97,86,168,86,82,10,8,2,3,1,2,2,2,0
SABINE COUNTY,403,56 Years,193,92,101,174,84,90,13,6,7,4,1,3,2,1,1
SABINE COUNTY,403,57 Years,204,93,111,178,82,96,21,10,11,3,1,2,2,0,2
SABINE COUNTY,403,58 Years,213,106,107,193,95,98,16,10,6,3,1,2,1,0,1
SABINE COUNTY,403,59 Years,224,112,112,202,100,102,16,8,8,3,2,1,3,2,1
SABINE COUNTY,403,60 Years,193,92,101,176,82,94,12,7,5,3,2,1,2,1,1
SABINE COUNTY,403,61 Years,195,90,105,183,85,98,9,3,6,3,2,1,0,0,0
SABINE COUNTY,403,62 Years,193,91,102,184,85,99,8,5,3,1,1,0,0,0,0
SABINE COUNTY,403,63 Years,194,94,100,181,88,93,10,5,5,0,0,0,3,1,2
SABINE COUNTY,403,64 Years,205,104,101,188,96,92,9,6,3,1,0,1,7,2,5
SABINE COUNTY,403,65 Years,215,106,109,196,95,101,9,7,2,5,2,3,5,2,3
SABINE COUNTY,403,66 Years,216,111,105,198,103,95,10,6,4,3,0,3,5,2,3
SABINE COUNTY,403,67 Years,236,111,125,218,104,114,8,3,5,5,1,4,5,3,2
SABINE COUNTY,403,68 Years,244,125,119,231,117,114,8,5,3,3,1,2,2,2,0
SABINE COUNTY,403,69 Years,230,118,112,213,107,106,11,6,5,5,4,1,1,1,0
SABINE COUNTY,403,70 Years,222,107,115,207,102,105,8,3,5,4,1,3,3,1,2
SABINE COUNTY,403,71 Years,229,113,116,219,109,110,4,2,2,4,1,3,2,1,1
SABINE COUNTY,403,72 Years,202,106,96,189,99,90,8,5,3,3,0,3,2,2,0
SABINE COUNTY,403,73 Years,177,100,77,165,95,70,7,3,4,2,0,2,3,2,1
SABINE COUNTY,403,74 Years,168,91,77,157,86,71,6,3,3,3,1,2,2,1,1
SABINE COUNTY,403,75 Years,157,88,69,144,81,63,5,3,2,4,1,3,4,3,1
SABINE COUNTY,403,76 Years,131,69,62,122,65,57,5,2,3,3,1,2,1,1,0
SABINE COUNTY,403,77 Years,121,60,61,111,55,56,7,4,3,2,1,1,1,0,1
SABINE COUNTY,403,78 Years,107,51,56,98,45,53,7,4,3,1,1,0,1,1,0
SABINE COUNTY,403,79 Years,110,50,60,99,46,53,7,2,5,1,1,0,3,1,2
SABINE COUNTY,403,80 Years,101,48,53,91,43,48,4,2,2,3,2,1,3,1,2
SABINE COUNTY,403,81 Years,80,41,39,76,39,37,3,1,2,1,1,0,0,0,0
SABINE COUNTY,403,82 Years,72,38,34,67,37,30,3,1,2,1,0,1,1,0,1
SABINE COUNTY,403,83 Years,59,31,28,55,30,25,3,1,2,1,0,1,0,0,0
SABINE COUNTY,403,84 Years,58,25,33,53,25,28,3,0,3,0,0,0,2,0,2
SABINE COUNTY,403,85 Years +,332,125,207,293,115,178,26,6,20,6,3,3,7,1,6
SAN AUGUSTINE COUNTY,405,All Ages,8564,4268,4296,5870,2944,2926,1991,960,1031,129,64,65,574,300,274
SAN AUGUSTINE COUNTY,405,< 1 Year,81,38,43,55,27,28,18,8,10,0,0,0,8,3,5
SAN AUGUSTINE COUNTY,405,1 Years,88,41,47,57,26,31,19,10,9,0,0,0,12,5,7
SAN AUGUSTINE COUNTY,405,2 Years,98,43,55,60,24,36,23,11,12,0,0,0,15,8,7
SAN AUGUSTINE COUNTY,405,3 Years,106,49,57,63,26,37,25,13,12,0,0,0,18,10,8
SAN AUGUSTINE COUNTY,405,4 Years,105,50,55,60,28,32,27,11,16,0,0,0,18,11,7
SAN AUGUSTINE COUNTY,405,5 Years,76,42,34,43,27,16,21,12,9,1,0,1,11,3,8
SAN AUGUSTINE COUNTY,405,6 Years,90,47,43,48,28,20,29,14,15,1,1,0,12,4,8
SAN AUGUSTINE COUNTY,405,7 Years,93,49,44,50,25,25,28,16,12,2,2,0,13,6,7
SAN AUGUSTINE COUNTY,405,8 Years,96,54,42,52,29,23,26,16,10,3,2,1,15,7,8
SAN AUGUSTINE COUNTY,405,9 Years,91,46,45,49,27,22,21,9,12,3,2,1,18,8,10
SAN AUGUSTINE COUNTY,405,10 Years,94,54,40,49,28,21,27,15,12,4,4,0,14,7,7
SAN AUGUSTINE COUNTY,405,11 Years,87,51,36,46,29,17,27,15,12,3,3,0,11,4,7
SAN AUGUSTINE COUNTY,405,12 Years,93,45,48,53,29,24,23,8,15,4,2,2,13,6,7
SAN AUGUSTINE COUNTY,405,13 Years,94,49,45,53,32,21,31,12,19,1,0,1,9,5,4
SAN AUGUSTINE COUNTY,405,14 Years,102,57,45,53,31,22,31,16,15,1,0,1,17,10,7
SAN AUGUSTINE COUNTY,405,15 Years,93,55,38,52,31,21,24,17,7,2,0,2,15,7,8
SAN AUGUSTINE COUNTY,405,16 Years,109,57,52,70,37,33,24,13,11,3,2,1,12,5,7
SAN AUGUSTINE COUNTY,405,17 Years,106,54,52,65,35,30,29,14,15,2,0,2,10,5,5
SAN AUGUSTINE COUNTY,405,18 Years,89,46,43,54,28,26,26,15,11,2,0,2,7,3,4
SAN AUGUSTINE COUNTY,405,19 Years,83,43,40,45,26,19,25,10,15,2,1,1,11,6,5
SAN AUGUSTINE COUNTY,405,20 Years,95,52,43,59,32,27,24,13,11,3,1,2,9,6,3
SAN AUGUSTINE COUNTY,405,21 Years,87,42,45,57,28,29,21,11,10,3,1,2,6,2,4
SAN AUGUSTINE COUNTY,405,22 Years,101,46,55,63,31,32,25,12,13,7,2,5,6,1,5
SAN AUGUSTINE COUNTY,405,23 Years,95,46,49,59,31,28,24,13,11,4,1,3,8,1,7
SAN AUGUSTINE COUNTY,405,24 Years,100,56,44,68,37,31,25,15,10,1,1,0,6,3,3
SAN AUGUSTINE COUNTY,405,25 Years,95,50,45,54,30,24,34,15,19,1,1,0,6,4,2
SAN AUGUSTINE COUNTY,405,26 Years,85,45,40,54,28,26,24,13,11,2,0,2,5,4,1
SAN AUGUSTINE COUNTY,405,27 Years,94,48,46,63,28,35,27,16,11,0,0,0,4,4,0
SAN AUGUSTINE COUNTY,405,28 Years,82,41,41,47,24,23,27,11,16,2,2,0,6,4,2
SAN AUGUSTINE COUNTY,405,29 Years,86,42,44,52,23,29,20,10,10,3,1,2,11,8,3
SAN AUGUSTINE COUNTY,405,30 Years,77,41,36,44,23,21,20,11,9,1,0,1,12,7,5
SAN AUGUSTINE COUNTY,405,31 Years,63,35,28,34,19,15,17,9,8,1,0,1,11,7,4
SAN AUGUSTINE COUNTY,405,32 Years,66,33,33,39,19,20,14,7,7,2,1,1,11,6,5
SAN AUGUSTINE COUNTY,405,33 Years,63,26,37,33,14,19,22,8,14,2,1,1,6,3,3
SAN AUGUSTINE COUNTY,405,34 Years,54,21,33,30,12,18,17,7,10,1,0,1,6,2,4
SAN AUGUSTINE COUNTY,405,35 Years,71,33,38,38,17,21,21,11,10,0,0,0,12,5,7
SAN AUGUSTINE COUNTY,405,36 Years,76,35,41,47,23,24,21,8,13,0,0,0,8,4,4
SAN AUGUSTINE COUNTY,405,37 Years,84,41,43,50,23,27,18,8,10,1,1,0,15,9,6
SAN AUGUSTINE COUNTY,405,38 Years,67,36,31,33,17,16,23,12,11,2,2,0,9,5,4
SAN AUGUSTINE COUNTY,405,39 Years,71,36,35,43,24,19,22,9,13,1,1,0,5,2,3
SAN AUGUSTINE COUNTY,405,40 Years,65,37,28,42,21,21,14,10,4,1,1,0,8,5,3
SAN AUGUSTINE COUNTY,405,41 Years,69,36,33,52,27,25,10,5,5,1,1,0,6,3,3
SAN AUGUSTINE COUNTY,405,42 Years,82,39,43,63,28,35,13,8,5,1,0,1,5,3,2
SAN AUGUSTINE COUNTY,405,43 Years,87,47,40,65,36,29,18,8,10,2,1,1,2,2,0
SAN AUGUSTINE COUNTY,405,44 Years,93,42,51,68,33,35,18,6,12,1,0,1,6,3,3
SAN AUGUSTINE COUNTY,405,45 Years,88,37,51,61,27,34,23,8,15,0,0,0,4,2,2
SAN AUGUSTINE COUNTY,405,46 Years,79,38,41,50,23,27,25,12,13,1,1,0,3,2,1
SAN AUGUSTINE COUNTY,405,47 Years,86,45,41,51,24,27,26,14,12,2,2,0,7,5,2
SAN AUGUSTINE COUNTY,405,48 Years,102,51,51,64,36,28,29,11,18,4,2,2,5,2,3
SAN AUGUSTINE COUNTY,405,49 Years,112,63,49,68,39,29,34,17,17,3,1,2,7,6,1
SAN AUGUSTINE COUNTY,405,50 Years,119,54,65,79,35,44,31,14,17,3,2,1,6,3,3
SAN AUGUSTINE COUNTY,405,51 Years,122,61,61,85,45,40,29,11,18,1,1,0,7,4,3
SAN AUGUSTINE COUNTY,405,52 Years,142,73,69,99,52,47,37,17,20,2,1,1,4,3,1
SAN AUGUSTINE COUNTY,405,53 Years,128,58,70,85,40,45,35,15,20,3,1,2,5,2,3
SAN AUGUSTINE COUNTY,405,54 Years,141,71,70,103,51,52,29,16,13,2,1,1,7,3,4
SAN AUGUSTINE COUNTY,405,55 Years,135,75,60,99,56,43,31,16,15,1,0,1,4,3,1
SAN AUGUSTINE COUNTY,405,56 Years,145,82,63,101,56,45,37,23,14,2,1,1,5,2,3
SAN AUGUSTINE COUNTY,405,57 Years,147,83,64,100,59,41,39,20,19,3,2,1,5,2,3
SAN AUGUSTINE COUNTY,405,58 Years,138,61,77,105,45,60,30,15,15,1,0,1,2,1,1
SAN AUGUSTINE COUNTY,405,59 Years,121,59,62,88,44,44,32,15,17,0,0,0,1,0,1
SAN AUGUSTINE COUNTY,405,60 Years,116,61,55,88,47,41,23,9,14,0,0,0,5,5,0
SAN AUGUSTINE COUNTY,405,61 Years,120,64,56,90,47,43,22,12,10,0,0,0,8,5,3
SAN AUGUSTINE COUNTY,405,62 Years,135,66,69,97,48,49,33,16,17,2,1,1,3,1,2
SAN AUGUSTINE COUNTY,405,63 Years,137,65,72,99,45,54,34,18,16,2,1,1,2,1,1
SAN AUGUSTINE COUNTY,405,64 Years,130,68,62,100,49,51,24,16,8,2,0,2,4,3,1
SAN AUGUSTINE COUNTY,405,65 Years,133,74,59,105,58,47,23,14,9,1,0,1,4,2,2
SAN AUGUSTINE COUNTY,405,66 Years,132,62,70,106,51,55,25,11,14,0,0,0,1,0,1
SAN AUGUSTINE COUNTY,405,67 Years,142,74,68,114,62,52,27,11,16,0,0,0,1,1,0
SAN AUGUSTINE COUNTY,405,68 Years,163,76,87,133,62,71,26,11,15,2,1,1,2,2,0
SAN AUGUSTINE COUNTY,405,69 Years,132,68,64,111,59,52,18,7,11,2,1,1,1,1,0
SAN AUGUSTINE COUNTY,405,70 Years,127,70,57,109,60,49,16,8,8,0,0,0,2,2,0
SAN AUGUSTINE COUNTY,405,71 Years,128,61,67,110,53,57,15,6,9,1,0,1,2,2,0
SAN AUGUSTINE COUNTY,405,72 Years,132,66,66,115,56,59,15,8,7,0,0,0,2,2,0
SAN AUGUSTINE COUNTY,405,73 Years,108,56,52,93,51,42,15,5,10,0,0,0,0,0,0
SAN AUGUSTINE COUNTY,405,74 Years,96,44,52,79,38,41,14,5,9,1,0,1,2,1,1
SAN AUGUSTINE COUNTY,405,75 Years,100,47,53,79,38,41,19,9,10,0,0,0,2,0,2
SAN AUGUSTINE COUNTY,405,76 Years,93,42,51,77,36,41,15,6,9,1,0,1,0,0,0
SAN AUGUSTINE COUNTY,405,77 Years,81,38,43,69,31,38,9,5,4,3,2,1,0,0,0
SAN AUGUSTINE COUNTY,405,78 Years,60,35,25,50,29,21,9,5,4,1,1,0,0,0,0
SAN AUGUSTINE COUNTY,405,79 Years,69,35,34,55,29,26,14,6,8,0,0,0,0,0,0
SAN AUGUSTINE COUNTY,405,80 Years,65,28,37,55,22,33,8,4,4,0,0,0,2,2,0
SAN AUGUSTINE COUNTY,405,81 Years,58,26,32,45,20,25,11,5,6,0,0,0,2,1,1
SAN AUGUSTINE COUNTY,405,82 Years,55,24,31,42,18,24,11,5,6,1,1,0,1,0,1
SAN AUGUSTINE COUNTY,405,83 Years,47,18,29,36,13,23,10,4,6,0,0,0,1,1,0
SAN AUGUSTINE COUNTY,405,84 Years,50,19,31,40,17,23,8,2,6,1,0,1,1,0,1
SAN AUGUSTINE COUNTY,405,85 Years +,268,94,174,201,72,129,57,17,40,4,3,1,6,2,4
SAN JACINTO COUNTY,407,All Ages,27503,13595,13908,20382,9980,10402,2834,1424,1410,684,367,317,3603,1824,1779
SAN JACINTO COUNTY,407,< 1 Year,271,131,140,182,91,91,18,11,7,8,3,5,63,26,37
SAN JACINTO COUNTY,407,1 Years,276,134,142,180,88,92,22,13,9,9,3,6,65,30,35
SAN JACINTO COUNTY,407,2 Years,272,134,138,173,88,85,23,12,11,12,4,8,64,30,34
SAN JACINTO COUNTY,407,3 Years,264,136,128,170,90,80,24,12,12,10,5,5,60,29,31
SAN JACINTO COUNTY,407,4 Years,281,148,133,176,97,79,21,10,11,11,7,4,73,34,39
SAN JACINTO COUNTY,407,5 Years,333,168,165,222,103,119,29,21,8,10,7,3,72,37,35
SAN JACINTO COUNTY,407,6 Years,301,159,142,198,103,95,31,20,11,13,6,7,59,30,29
SAN JACINTO COUNTY,407,7 Years,333,183,150,217,113,104,29,20,9,14,8,6,73,42,31
SAN JACINTO COUNTY,407,8 Years,348,185,163,230,116,114,28,18,10,18,14,4,72,37,35
SAN JACINTO COUNTY,407,9 Years,338,173,165,221,110,111,32,17,15,15,13,2,70,33,37
SAN JACINTO COUNTY,407,10 Years,347,168,179,230,108,122,38,20,18,14,8,6,65,32,33
SAN JACINTO COUNTY,407,11 Years,355,176,179,233,116,117,32,17,15,15,7,8,75,36,39
SAN JACINTO COUNTY,407,12 Years,362,181,181,231,120,111,31,16,15,16,7,9,84,38,46
SAN JACINTO COUNTY,407,13 Years,371,176,195,231,113,118,34,18,16,15,6,9,91,39,52
SAN JACINTO COUNTY,407,14 Years,392,188,204,251,123,128,38,18,20,12,5,7,91,42,49
SAN JACINTO COUNTY,407,15 Years,393,201,192,261,136,125,42,19,23,7,5,2,83,41,42
SAN JACINTO COUNTY,407,16 Years,392,208,184,255,135,120,49,28,21,11,7,4,77,38,39
SAN JACINTO COUNTY,407,17 Years,413,229,184,262,145,117,47,29,18,12,7,5,92,48,44
SAN JACINTO COUNTY,407,18 Years,378,201,177,234,120,114,41,24,17,11,7,4,92,50,42
SAN JACINTO COUNTY,407,19 Years,365,175,190,224,101,123,50,30,20,12,7,5,79,37,42
SAN JACINTO COUNTY,407,20 Years,344,175,169,216,112,104,44,23,21,12,7,5,72,33,39
SAN JACINTO COUNTY,407,21 Years,323,163,160,205,109,96,39,16,23,11,7,4,68,31,37
SAN JACINTO COUNTY,407,22 Years,336,164,172,211,102,109,42,18,24,17,8,9,66,36,30
SAN JACINTO COUNTY,407,23 Years,326,164,162,220,107,113,38,23,15,11,6,5,57,28,29
SAN JACINTO COUNTY,407,24 Years,324,162,162,220,107,113,37,18,19,8,5,3,59,32,27
SAN JACINTO COUNTY,407,25 Years,295,146,149,193,92,101,32,15,17,11,6,5,59,33,26
SAN JACINTO COUNTY,407,26 Years,283,151,132,192,99,93,28,12,16,4,2,2,59,38,21
SAN JACINTO COUNTY,407,27 Years,277,154,123,180,99,81,28,15,13,5,3,2,64,37,27
SAN JACINTO COUNTY,407,28 Years,255,143,112,162,90,72,31,18,13,9,5,4,53,30,23
SAN JACINTO COUNTY,407,29 Years,221,121,100,154,84,70,30,16,14,2,1,1,35,20,15
SAN JACINTO COUNTY,407,30 Years,227,114,113,160,76,84,27,17,10,2,2,0,38,19,19
SAN JACINTO COUNTY,407,31 Years,253,126,127,180,87,93,23,14,9,5,3,2,45,22,23
SAN JACINTO COUNTY,407,32 Years,256,127,129,170,83,87,30,14,16,7,6,1,49,24,25
SAN JACINTO COUNTY,407,33 Years,250,117,133,174,77,97,23,13,10,5,4,1,48,23,25
SAN JACINTO COUNTY,407,34 Years,260,121,139,182,80,102,22,13,9,7,4,3,49,24,25
SAN JACINTO COUNTY,407,35 Years,286,140,146,200,98,102,28,12,16,8,4,4,50,26,24
SAN JACINTO COUNTY,407,36 Years,277,138,139,198,97,101,30,17,13,3,1,2,46,23,23
SAN JACINTO COUNTY,407,37 Years,285,133,152,208,89,119,34,19,15,3,3,0,40,22,18
SAN JACINTO COUNTY,407,38 Years,266,127,139,190,87,103,28,13,15,6,4,2,42,23,19
SAN JACINTO COUNTY,407,39 Years,285,144,141,201,102,99,27,13,14,2,1,1,55,28,27
SAN JACINTO COUNTY,407,40 Years,282,134,148,207,97,110,26,14,12,4,2,2,45,21,24
SAN JACINTO COUNTY,407,41 Years,301,146,155,222,108,114,33,16,17,4,1,3,42,21,21
SAN JACINTO COUNTY,407,42 Years,325,171,154,241,129,112,35,14,21,5,3,2,44,25,19
SAN JACINTO COUNTY,407,43 Years,332,162,170,252,127,125,30,12,18,4,2,2,46,21,25
SAN JACINTO COUNTY,407,44 Years,305,143,162,231,111,120,34,16,18,6,3,3,34,13,21
SAN JACINTO COUNTY,407,45 Years,331,162,169,244,125,119,40,16,24,7,4,3,40,17,23
SAN JACINTO COUNTY,407,46 Years,320,163,157,235,123,112,32,16,16,6,2,4,47,22,25
SAN JACINTO COUNTY,407,47 Years,291,148,143,210,110,100,32,13,19,7,2,5,42,23,19
SAN JACINTO COUNTY,407,48 Years,282,138,144,217,106,111,25,9,16,6,3,3,34,20,14
SAN JACINTO COUNTY,407,49 Years,317,157,160,244,121,123,34,15,19,6,3,3,33,18,15
SAN JACINTO COUNTY,407,50 Years,332,156,176,243,113,130,39,18,21,7,3,4,43,22,21
SAN JACINTO COUNTY,407,51 Years,379,184,195,286,133,153,43,21,22,10,4,6,40,26,14
SAN JACINTO COUNTY,407,52 Years,412,211,201,320,158,162,48,26,22,9,4,5,35,23,12
SAN JACINTO COUNTY,407,53 Years,417,207,210,326,163,163,44,21,23,15,8,7,32,15,17
SAN JACINTO COUNTY,407,54 Years,427,200,227,334,158,176,49,25,24,13,5,8,31,12,19
SAN JACINTO COUNTY,407,55 Years,473,234,239,378,183,195,57,29,28,12,8,4,26,14,12
SAN JACINTO COUNTY,407,56 Years,482,232,250,384,183,201,57,26,31,13,7,6,28,16,12
SAN JACINTO COUNTY,407,57 Years,472,227,245,379,184,195,53,24,29,10,4,6,30,15,15
SAN JACINTO COUNTY,407,58 Years,491,237,254,403,193,210,48,23,25,7,2,5,33,19,14
SAN JACINTO COUNTY,407,59 Years,466,229,237,387,189,198,45,23,22,7,3,4,27,14,13
SAN JACINTO COUNTY,407,60 Years,453,219,234,362,177,185,60,28,32,8,2,6,23,12,11
SAN JACINTO COUNTY,407,61 Years,427,204,223,344,159,185,53,27,26,8,4,4,22,14,8
SAN JACINTO COUNTY,407,62 Years,425,200,225,353,164,189,43,22,21,6,3,3,23,11,12
SAN JACINTO COUNTY,407,63 Years,421,189,232,344,153,191,42,22,20,9,3,6,26,11,15
SAN JACINTO COUNTY,407,64 Years,413,197,216,332,157,175,49,21,28,10,5,5,22,14,8
SAN JACINTO COUNTY,407,65 Years,432,203,229,359,168,191,47,22,25,11,5,6,15,8,7
SAN JACINTO COUNTY,407,66 Years,405,191,214,344,159,185,36,18,18,12,9,3,13,5,8
SAN JACINTO COUNTY,407,67 Years,379,182,197,324,153,171,36,18,18,7,5,2,12,6,6
SAN JACINTO COUNTY,407,68 Years,385,185,200,326,150,176,35,18,17,9,7,2,15,10,5
SAN JACINTO COUNTY,407,69 Years,326,153,173,271,124,147,31,17,14,8,4,4,16,8,8
SAN JACINTO COUNTY,407,70 Years,329,168,161,279,144,135,33,15,18,6,3,3,11,6,5
SAN JACINTO COUNTY,407,71 Years,322,163,159,276,143,133,29,14,15,4,1,3,13,5,8
SAN JACINTO COUNTY,407,72 Years,325,164,161,285,147,138,26,13,13,4,0,4,10,4,6
SAN JACINTO COUNTY,407,73 Years,304,148,156,270,131,139,22,11,11,3,2,1,9,4,5
SAN JACINTO COUNTY,407,74 Years,270,133,137,241,118,123,18,7,11,4,3,1,7,5,2
SAN JACINTO COUNTY,407,75 Years,253,128,125,222,110,112,20,10,10,3,3,0,8,5,3
SAN JACINTO COUNTY,407,76 Years,217,117,100,186,100,86,18,8,10,5,4,1,8,5,3
SAN JACINTO COUNTY,407,77 Years,187,93,94,160,80,80,18,8,10,2,1,1,7,4,3
SAN JACINTO COUNTY,407,78 Years,172,79,93,146,69,77,18,7,11,2,1,1,6,2,4
SAN JACINTO COUNTY,407,79 Years,172,81,91,148,70,78,16,7,9,3,1,2,5,3,2
SAN JACINTO COUNTY,407,80 Years,170,76,94,148,67,81,13,6,7,2,1,1,7,2,5
SAN JACINTO COUNTY,407,81 Years,150,74,76,129,64,65,13,6,7,2,1,1,6,3,3
SAN JACINTO COUNTY,407,82 Years,127,67,60,105,55,50,11,5,6,2,2,0,9,5,4
SAN JACINTO COUNTY,407,83 Years,111,51,60,94,44,50,8,3,5,3,1,2,6,3,3
SAN JACINTO COUNTY,407,84 Years,87,38,49,73,31,42,9,4,5,2,1,1,3,2,1
SAN JACINTO COUNTY,407,85 Years +,390,167,223,321,136,185,46,18,28,8,4,4,15,9,6
SAN PATRICIO COUNTY,409,All Ages,66299,33114,33185,26267,13194,13073,939,510,429,1545,730,815,37548,18680,18868
SAN PATRICIO COUNTY,409,< 1 Year,1115,569,546,305,155,150,11,8,3,30,12,18,769,394,375
SAN PATRICIO COUNTY,409,1 Years,1099,554,545,303,156,147,13,6,7,29,13,16,754,379,375
SAN PATRICIO COUNTY,409,2 Years,1065,536,529,304,154,150,11,5,6,33,12,21,717,365,352
SAN PATRICIO COUNTY,409,3 Years,1012,521,491,294,154,140,11,5,6,30,12,18,677,350,327
SAN PATRICIO COUNTY,409,4 Years,985,503,482,292,149,143,10,4,6,29,13,16,654,337,317
SAN PATRICIO COUNTY,409,5 Years,1070,542,528,312,144,168,13,6,7,27,13,14,718,379,339
SAN PATRICIO COUNTY,409,6 Years,945,473,472,266,130,136,12,4,8,27,13,14,640,326,314
SAN PATRICIO COUNTY,409,7 Years,911,459,452,266,145,121,8,1,7,24,11,13,613,302,311
SAN PATRICIO COUNTY,409,8 Years,926,470,456,275,151,124,8,2,6,30,12,18,613,305,308
SAN PATRICIO COUNTY,409,9 Years,915,457,458,253,130,123,8,3,5,35,16,19,619,308,311
SAN PATRICIO COUNTY,409,10 Years,1009,516,493,265,142,123,11,8,3,42,22,20,691,344,347
SAN PATRICIO COUNTY,409,11 Years,999,521,478,286,159,127,14,9,5,33,20,13,666,333,333
SAN PATRICIO COUNTY,409,12 Years,953,497,456,301,158,143,19,11,8,29,20,9,604,308,296
SAN PATRICIO COUNTY,409,13 Years,992,502,490,316,155,161,15,8,7,27,17,10,634,322,312
SAN PATRICIO COUNTY,409,14 Years,1062,565,497,330,186,144,13,7,6,22,13,9,697,359,338
SAN PATRICIO COUNTY,409,15 Years,1040,549,491,311,167,144,12,4,8,22,11,11,695,367,328
SAN PATRICIO COUNTY,409,16 Years,1005,502,503,318,168,150,16,6,10,25,11,14,646,317,329
SAN PATRICIO COUNTY,409,17 Years,977,518,459,314,174,140,13,7,6,21,10,11,629,327,302
SAN PATRICIO COUNTY,409,18 Years,981,533,448,309,170,139,9,8,1,29,13,16,634,342,292
SAN PATRICIO COUNTY,409,19 Years,953,494,459,280,143,137,8,5,3,24,12,12,641,334,307
SAN PATRICIO COUNTY,409,20 Years,974,522,452,302,162,140,18,9,9,24,13,11,630,338,292
SAN PATRICIO COUNTY,409,21 Years,979,529,450,311,164,147,14,8,6,31,18,13,623,339,284
SAN PATRICIO COUNTY,409,22 Years,946,494,452,299,149,150,18,8,10,29,17,12,600,320,280
SAN PATRICIO COUNTY,409,23 Years,938,509,429,295,164,131,14,7,7,20,12,8,609,326,283
SAN PATRICIO COUNTY,409,24 Years,853,451,402,283,150,133,12,8,4,19,10,9,539,283,256
SAN PATRICIO COUNTY,409,25 Years,824,440,384,275,153,122,8,4,4,17,11,6,524,272,252
SAN PATRICIO COUNTY,409,26 Years,758,400,358,259,132,127,13,6,7,13,10,3,473,252,221
SAN PATRICIO COUNTY,409,27 Years,705,367,338,269,142,127,11,9,2,11,6,5,414,210,204
SAN PATRICIO COUNTY,409,28 Years,725,368,357,275,141,134,13,9,4,17,8,9,420,210,210
SAN PATRICIO COUNTY,409,29 Years,672,330,342,247,130,117,7,5,2,17,7,10,401,188,213
SAN PATRICIO COUNTY,409,30 Years,683,359,324,257,147,110,12,8,4,11,6,5,403,198,205
SAN PATRICIO COUNTY,409,31 Years,704,360,344,246,134,112,12,7,5,15,7,8,431,212,219
SAN PATRICIO COUNTY,409,32 Years,743,357,386,276,137,139,14,9,5,13,7,6,440,204,236
SAN PATRICIO COUNTY,409,33 Years,739,361,378,260,124,136,13,7,6,11,7,4,455,223,232
SAN PATRICIO COUNTY,409,34 Years,733,366,367,270,137,133,11,6,5,16,9,7,436,214,222
SAN PATRICIO COUNTY,409,35 Years,768,375,393,280,133,147,10,6,4,14,5,9,464,231,233
SAN PATRICIO COUNTY,409,36 Years,761,387,374,280,139,141,12,9,3,11,6,5,458,233,225
SAN PATRICIO COUNTY,409,37 Years,713,354,359,272,139,133,13,5,8,14,8,6,414,202,212
SAN PATRICIO COUNTY,409,38 Years,719,353,366,279,138,141,11,5,6,21,8,13,408,202,206
SAN PATRICIO COUNTY,409,39 Years,724,371,353,264,139,125,13,9,4,21,10,11,426,213,213
SAN PATRICIO COUNTY,409,40 Years,700,349,351,265,132,133,8,4,4,23,10,13,404,203,201
SAN PATRICIO COUNTY,409,41 Years,678,326,352,260,125,135,8,4,4,18,9,9,392,188,204
SAN PATRICIO COUNTY,409,42 Years,736,352,384,296,143,153,9,5,4,13,7,6,418,197,221
SAN PATRICIO COUNTY,409,43 Years,778,371,407,319,158,161,13,6,7,17,6,11,429,201,228
SAN PATRICIO COUNTY,409,44 Years,830,400,430,332,162,170,17,12,5,14,5,9,467,221,246
SAN PATRICIO COUNTY,409,45 Years,852,401,451,361,161,200,14,9,5,14,7,7,463,224,239
SAN PATRICIO COUNTY,409,46 Years,792,410,382,324,165,159,12,6,6,18,10,8,438,229,209
SAN PATRICIO COUNTY,409,47 Years,780,377,403,304,158,146,10,6,4,25,10,15,441,203,238
SAN PATRICIO COUNTY,409,48 Years,772,379,393,311,162,149,14,8,6,18,6,12,429,203,226
SAN PATRICIO COUNTY,409,49 Years,845,414,431,369,192,177,12,7,5,13,5,8,451,210,241
SAN PATRICIO COUNTY,409,50 Years,902,428,474,402,199,203,14,7,7,17,7,10,469,215,254
SAN PATRICIO COUNTY,409,51 Years,895,440,455,398,199,199,17,10,7,17,6,11,463,225,238
SAN PATRICIO COUNTY,409,52 Years,908,460,448,405,195,210,15,9,6,24,11,13,464,245,219
SAN PATRICIO COUNTY,409,53 Years,919,442,477,425,203,222,16,9,7,23,9,14,455,221,234
SAN PATRICIO COUNTY,409,54 Years,937,475,462,468,242,226,17,11,6,20,9,11,432,213,219
SAN PATRICIO COUNTY,409,55 Years,940,456,484,458,219,239,11,5,6,24,12,12,447,220,227
SAN PATRICIO COUNTY,409,56 Years,899,450,449,454,228,226,11,6,5,24,9,15,410,207,203
SAN PATRICIO COUNTY,409,57 Years,866,424,442,438,217,221,16,9,7,27,10,17,385,188,197
SAN PATRICIO COUNTY,409,58 Years,838,419,419,418,211,207,11,6,5,25,10,15,384,192,192
SAN PATRICIO COUNTY,409,59 Years,843,418,425,402,204,198,14,7,7,19,8,11,408,199,209
SAN PATRICIO COUNTY,409,60 Years,849,443,406,398,211,187,15,8,7,17,8,9,419,216,203
SAN PATRICIO COUNTY,409,61 Years,872,438,434,437,220,217,17,11,6,19,8,11,399,199,200
SAN PATRICIO COUNTY,409,62 Years,815,415,400,405,212,193,11,9,2,16,7,9,383,187,196
SAN PATRICIO COUNTY,409,63 Years,735,372,363,393,201,192,10,6,4,12,6,6,320,159,161
SAN PATRICIO COUNTY,409,64 Years,711,344,367,361,174,187,6,3,3,16,9,7,328,158,170
SAN PATRICIO COUNTY,409,65 Years,708,349,359,360,176,184,10,5,5,12,6,6,326,162,164
SAN PATRICIO COUNTY,409,66 Years,690,333,357,345,163,182,7,4,3,12,7,5,326,159,167
SAN PATRICIO COUNTY,409,67 Years,713,358,355,368,185,183,9,6,3,15,7,8,321,160,161
SAN PATRICIO COUNTY,409,68 Years,704,337,367,377,181,196,10,6,4,11,6,5,306,144,162
SAN PATRICIO COUNTY,409,69 Years,580,288,292,278,136,142,5,3,2,14,5,9,283,144,139
SAN PATRICIO COUNTY,409,70 Years,575,274,301,294,137,157,6,3,3,11,1,10,264,133,131
SAN PATRICIO COUNTY,409,71 Years,561,262,299,297,136,161,5,4,1,12,2,10,247,120,127
SAN PATRICIO COUNTY,409,72 Years,512,228,284,284,130,154,7,3,4,9,2,7,212,93,119
SAN PATRICIO COUNTY,409,73 Years,436,200,236,255,125,130,4,1,3,10,4,6,167,70,97
SAN PATRICIO COUNTY,409,74 Years,423,197,226,251,128,123,3,2,1,6,3,3,163,64,99
SAN PATRICIO COUNTY,409,75 Years,389,187,202,213,104,109,6,2,4,4,1,3,166,80,86
SAN PATRICIO COUNTY,409,76 Years,346,157,189,203,92,111,3,1,2,5,3,2,135,61,74
SAN PATRICIO COUNTY,409,77 Years,369,165,204,221,100,121,8,3,5,6,3,3,134,59,75
SAN PATRICIO COUNTY,409,78 Years,308,147,161,188,93,95,7,3,4,3,2,1,110,49,61
SAN PATRICIO COUNTY,409,79 Years,294,136,158,180,90,90,6,2,4,1,1,0,107,43,64
SAN PATRICIO COUNTY,409,80 Years,310,141,169,182,83,99,6,3,3,2,1,1,120,54,66
SAN PATRICIO COUNTY,409,81 Years,285,134,151,171,85,86,4,2,2,3,2,1,107,45,62
SAN PATRICIO COUNTY,409,82 Years,247,118,129,145,72,73,5,4,1,3,3,0,94,39,55
SAN PATRICIO COUNTY,409,83 Years,235,94,141,137,57,80,3,3,0,4,0,4,91,34,57
SAN PATRICIO COUNTY,409,84 Years,208,80,128,123,48,75,2,0,2,3,1,2,80,31,49
SAN PATRICIO COUNTY,409,85 Years +,1039,392,647,593,236,357,21,6,15,13,5,8,412,145,267
SAN SABA COUNTY,411,All Ages,6283,3457,2826,4066,2107,1959,189,178,11,94,39,55,1934,1133,801
SAN SABA COUNTY,411,< 1 Year,66,35,31,36,17,19,0,0,0,0,0,0,30,18,12
SAN SABA COUNTY,411,1 Years,62,32,30,33,16,17,0,0,0,0,0,0,29,16,13
SAN SABA COUNTY,411,2 Years,64,30,34,34,18,16,0,0,0,0,0,0,30,12,18
SAN SABA COUNTY,411,3 Years,64,29,35,36,19,17,0,0,0,0,0,0,28,10,18
SAN SABA COUNTY,411,4 Years,65,30,35,35,18,17,0,0,0,1,1,0,29,11,18
SAN SABA COUNTY,411,5 Years,66,33,33,35,13,22,0,0,0,0,0,0,31,20,11
SAN SABA COUNTY,411,6 Years,69,31,38,35,15,20,0,0,0,0,0,0,34,16,18
SAN SABA COUNTY,411,7 Years,76,30,46,35,13,22,0,0,0,1,1,0,40,16,24
SAN SABA COUNTY,411,8 Years,71,33,38,41,19,22,0,0,0,0,0,0,30,14,16
SAN SABA COUNTY,411,9 Years,66,30,36,37,16,21,0,0,0,1,1,0,28,13,15
SAN SABA COUNTY,411,10 Years,59,28,31,29,14,15,0,0,0,1,1,0,29,13,16
SAN SABA COUNTY,411,11 Years,70,36,34,37,20,17,0,0,0,2,2,0,31,14,17
SAN SABA COUNTY,411,12 Years,67,39,28,39,22,17,0,0,0,2,1,1,26,16,10
SAN SABA COUNTY,411,13 Years,68,38,30,32,19,13,1,0,1,3,0,3,32,19,13
SAN SABA COUNTY,411,14 Years,65,37,28,34,18,16,1,0,1,1,0,1,29,19,10
SAN SABA COUNTY,411,15 Years,63,35,28,40,24,16,0,0,0,0,0,0,23,11,12
SAN SABA COUNTY,411,16 Years,59,28,31,40,19,21,0,0,0,1,0,1,18,9,9
SAN SABA COUNTY,411,17 Years,60,33,27,36,19,17,0,0,0,1,0,1,23,14,9
SAN SABA COUNTY,411,18 Years,87,50,37,44,22,22,1,1,0,2,0,2,40,27,13
SAN SABA COUNTY,411,19 Years,100,69,31,44,28,16,3,3,0,1,0,1,52,38,14
SAN SABA COUNTY,411,20 Years,101,71,30,52,37,15,8,8,0,2,0,2,39,26,13
SAN SABA COUNTY,411,21 Years,116,84,32,49,34,15,14,12,2,0,0,0,53,38,15
SAN SABA COUNTY,411,22 Years,116,75,41,54,35,19,10,6,4,2,1,1,50,33,17
SAN SABA COUNTY,411,23 Years,123,90,33,56,40,16,7,6,1,2,1,1,58,43,15
SAN SABA COUNTY,411,24 Years,114,85,29,45,30,15,19,19,0,2,0,2,48,36,12
SAN SABA COUNTY,411,25 Years,116,84,32,50,33,17,12,12,0,1,0,1,53,39,14
SAN SABA COUNTY,411,26 Years,103,73,30,42,27,15,15,15,0,0,0,0,46,31,15
SAN SABA COUNTY,411,27 Years,96,72,24,36,27,9,9,9,0,0,0,0,51,36,15
SAN SABA COUNTY,411,28 Years,86,63,23,40,28,12,10,10,0,1,0,1,35,25,10
SAN SABA COUNTY,411,29 Years,96,70,26,47,35,12,11,11,0,2,1,1,36,23,13
SAN SABA COUNTY,411,30 Years,101,85,16,51,43,8,13,13,0,0,0,0,37,29,8
SAN SABA COUNTY,411,31 Years,95,72,23,51,35,16,15,15,0,1,0,1,28,22,6
SAN SABA COUNTY,411,32 Years,85,63,22,43,31,12,7,7,0,3,2,1,32,23,9
SAN SABA COUNTY,411,33 Years,67,45,22,32,21,11,6,6,0,1,1,0,28,17,11
SAN SABA COUNTY,411,34 Years,78,49,29,44,27,17,6,6,0,1,1,0,27,15,12
SAN SABA COUNTY,411,35 Years,54,36,18,28,16,12,6,6,0,0,0,0,20,14,6
SAN SABA COUNTY,411,36 Years,37,21,16,22,12,10,2,2,0,0,0,0,13,7,6
SAN SABA COUNTY,411,37 Years,39,18,21,25,9,16,1,1,0,2,2,0,11,6,5
SAN SABA COUNTY,411,38 Years,41,15,26,24,9,15,1,1,0,3,1,2,13,4,9
SAN SABA COUNTY,411,39 Years,36,14,22,22,7,15,2,2,0,1,0,1,11,5,6
SAN SABA COUNTY,411,40 Years,55,28,27,33,14,19,4,4,0,0,0,0,18,10,8
SAN SABA COUNTY,411,41 Years,52,29,23,32,17,15,1,1,0,0,0,0,19,11,8
SAN SABA COUNTY,411,42 Years,52,28,24,31,19,12,0,0,0,0,0,0,21,9,12
SAN SABA COUNTY,411,43 Years,57,25,32,33,17,16,0,0,0,3,0,3,21,8,13
SAN SABA COUNTY,411,44 Years,56,29,27,36,19,17,0,0,0,3,1,2,17,9,8
SAN SABA COUNTY,411,45 Years,67,30,37,43,20,23,0,0,0,1,0,1,23,10,13
SAN SABA COUNTY,411,46 Years,73,39,34,44,22,22,0,0,0,1,1,0,28,16,12
SAN SABA COUNTY,411,47 Years,60,31,29,35,17,18,1,1,0,0,0,0,24,13,11
SAN SABA COUNTY,411,48 Years,51,25,26,31,13,18,0,0,0,0,0,0,20,12,8
SAN SABA COUNTY,411,49 Years,68,41,27,40,25,15,0,0,0,0,0,0,28,16,12
SAN SABA COUNTY,411,50 Years,76,42,34,50,28,22,0,0,0,1,1,0,25,13,12
SAN SABA COUNTY,411,51 Years,76,38,38,60,28,32,0,0,0,0,0,0,16,10,6
SAN SABA COUNTY,411,52 Years,71,35,36,54,23,31,0,0,0,0,0,0,17,12,5
SAN SABA COUNTY,411,53 Years,71,33,38,43,18,25,0,0,0,5,3,2,23,12,11
SAN SABA COUNTY,411,54 Years,78,35,43,50,20,30,0,0,0,3,1,2,25,14,11
SAN SABA COUNTY,411,55 Years,80,41,39,55,27,28,0,0,0,3,1,2,22,13,9
SAN SABA COUNTY,411,56 Years,89,46,43,70,35,35,0,0,0,1,0,1,18,11,7
SAN SABA COUNTY,411,57 Years,86,44,42,66,31,35,0,0,0,2,1,1,18,12,6
SAN SABA COUNTY,411,58 Years,73,30,43,55,21,34,0,0,0,2,0,2,16,9,7
SAN SABA COUNTY,411,59 Years,79,31,48,63,28,35,0,0,0,2,0,2,14,3,11
SAN SABA COUNTY,411,60 Years,77,35,42,64,30,34,1,1,0,2,1,1,10,3,7
SAN SABA COUNTY,411,61 Years,101,52,49,84,44,40,0,0,0,1,0,1,16,8,8
SAN SABA COUNTY,411,62 Years,94,47,47,81,39,42,0,0,0,0,0,0,13,8,5
SAN SABA COUNTY,411,63 Years,97,48,49,84,38,46,0,0,0,1,1,0,12,9,3
SAN SABA COUNTY,411,64 Years,98,49,49,86,43,43,0,0,0,1,1,0,11,5,6
SAN SABA COUNTY,411,65 Years,85,45,40,76,41,35,0,0,0,1,0,1,8,4,4
SAN SABA COUNTY,411,66 Years,81,38,43,70,32,38,0,0,0,3,2,1,8,4,4
SAN SABA COUNTY,411,67 Years,94,40,54,81,35,46,0,0,0,3,1,2,10,4,6
SAN SABA COUNTY,411,68 Years,103,52,51,86,44,42,0,0,0,2,1,1,15,7,8
SAN SABA COUNTY,411,69 Years,91,43,48,74,35,39,0,0,0,1,1,0,16,7,9
SAN SABA COUNTY,411,70 Years,81,43,38,69,36,33,0,0,0,1,1,0,11,6,5
SAN SABA COUNTY,411,71 Years,81,37,44,67,30,37,0,0,0,2,1,1,12,6,6
SAN SABA COUNTY,411,72 Years,69,35,34,59,29,30,0,0,0,2,1,1,8,5,3
SAN SABA COUNTY,411,73 Years,59,31,28,52,27,25,0,0,0,1,0,1,6,4,2
SAN SABA COUNTY,411,74 Years,61,34,27,55,30,25,0,0,0,0,0,0,6,4,2
SAN SABA COUNTY,411,75 Years,51,28,23,43,22,21,0,0,0,0,0,0,8,6,2
SAN SABA COUNTY,411,76 Years,48,25,23,38,20,18,0,0,0,2,0,2,8,5,3
SAN SABA COUNTY,411,77 Years,47,24,23,41,21,20,0,0,0,1,0,1,5,3,2
SAN SABA COUNTY,411,78 Years,40,20,20,36,18,18,0,0,0,0,0,0,4,2,2
SAN SABA COUNTY,411,79 Years,36,21,15,31,18,13,0,0,0,0,0,0,5,3,2
SAN SABA COUNTY,411,80 Years,41,17,24,39,16,23,0,0,0,0,0,0,2,1,1
SAN SABA COUNTY,411,81 Years,37,16,21,33,14,19,1,0,1,0,0,0,3,2,1
SAN SABA COUNTY,411,82 Years,34,17,17,32,15,17,0,0,0,1,1,0,1,1,0
SAN SABA COUNTY,411,83 Years,36,18,18,33,17,16,0,0,0,1,1,0,2,0,2
SAN SABA COUNTY,411,84 Years,32,11,21,27,10,17,0,0,0,0,0,0,5,1,4
SAN SABA COUNTY,411,85 Years +,172,60,112,156,56,100,1,0,1,0,0,0,15,4,11
SCHLEICHER COUNTY,413,All Ages,3332,1666,1666,1794,914,880,30,17,13,20,8,12,1488,727,761
SCHLEICHER COUNTY,413,< 1 Year,29,14,15,16,8,8,0,0,0,0,0,0,13,6,7
SCHLEICHER COUNTY,413,1 Years,35,18,17,18,10,8,0,0,0,0,0,0,17,8,9
SCHLEICHER COUNTY,413,2 Years,41,20,21,19,10,9,0,0,0,0,0,0,22,10,12
SCHLEICHER COUNTY,413,3 Years,43,23,20,23,13,10,0,0,0,0,0,0,20,10,10
SCHLEICHER COUNTY,413,4 Years,43,24,19,27,17,10,0,0,0,0,0,0,16,7,9
SCHLEICHER COUNTY,413,5 Years,73,41,32,47,29,18,1,0,1,0,0,0,25,12,13
SCHLEICHER COUNTY,413,6 Years,66,34,32,39,21,18,0,0,0,0,0,0,27,13,14
SCHLEICHER COUNTY,413,7 Years,58,26,32,31,14,17,0,0,0,0,0,0,27,12,15
SCHLEICHER COUNTY,413,8 Years,66,36,30,34,22,12,1,1,0,1,0,1,30,13,17
SCHLEICHER COUNTY,413,9 Years,65,39,26,33,23,10,1,0,1,1,0,1,30,16,14
SCHLEICHER COUNTY,413,10 Years,64,40,24,33,23,10,1,1,0,0,0,0,30,16,14
SCHLEICHER COUNTY,413,11 Years,57,32,25,34,21,13,1,1,0,0,0,0,22,10,12
SCHLEICHER COUNTY,413,12 Years,53,29,24,30,17,13,0,0,0,1,1,0,22,11,11
SCHLEICHER COUNTY,413,13 Years,60,26,34,34,15,19,1,1,0,0,0,0,25,10,15
SCHLEICHER COUNTY,413,14 Years,66,32,34,32,17,15,1,1,0,1,0,1,32,14,18
SCHLEICHER COUNTY,413,15 Years,53,29,24,26,15,11,1,1,0,0,0,0,26,13,13
SCHLEICHER COUNTY,413,16 Years,60,27,33,33,18,15,1,0,1,1,0,1,25,9,16
SCHLEICHER COUNTY,413,17 Years,59,32,27,30,17,13,0,0,0,1,0,1,28,15,13
SCHLEICHER COUNTY,413,18 Years,46,19,27,23,10,13,1,0,1,0,0,0,22,9,13
SCHLEICHER COUNTY,413,19 Years,38,17,21,16,8,8,0,0,0,0,0,0,22,9,13
SCHLEICHER COUNTY,413,20 Years,50,27,23,18,8,10,0,0,0,0,0,0,32,19,13
SCHLEICHER COUNTY,413,21 Years,41,21,20,15,7,8,0,0,0,0,0,0,26,14,12
SCHLEICHER COUNTY,413,22 Years,44,24,20,15,10,5,1,1,0,1,1,0,27,12,15
SCHLEICHER COUNTY,413,23 Years,43,23,20,16,10,6,1,1,0,1,1,0,25,11,14
SCHLEICHER COUNTY,413,24 Years,35,17,18,15,7,8,0,0,0,1,1,0,19,9,10
SCHLEICHER COUNTY,413,25 Years,37,16,21,11,4,7,0,0,0,0,0,0,26,12,14
SCHLEICHER COUNTY,413,26 Years,31,13,18,10,4,6,0,0,0,0,0,0,21,9,12
SCHLEICHER COUNTY,413,27 Years,33,14,19,16,6,10,1,0,1,0,0,0,16,8,8
SCHLEICHER COUNTY,413,28 Years,33,19,14,17,9,8,1,1,0,0,0,0,15,9,6
SCHLEICHER COUNTY,413,29 Years,38,19,19,21,10,11,0,0,0,0,0,0,17,9,8
SCHLEICHER COUNTY,413,30 Years,45,23,22,22,11,11,0,0,0,1,0,1,22,12,10
SCHLEICHER COUNTY,413,31 Years,41,20,21,20,9,11,0,0,0,0,0,0,21,11,10
SCHLEICHER COUNTY,413,32 Years,28,13,15,11,6,5,0,0,0,1,0,1,16,7,9
SCHLEICHER COUNTY,413,33 Years,36,19,17,17,9,8,0,0,0,1,0,1,18,10,8
SCHLEICHER COUNTY,413,34 Years,41,21,20,16,7,9,0,0,0,0,0,0,25,14,11
SCHLEICHER COUNTY,413,35 Years,40,17,23,18,6,12,0,0,0,0,0,0,22,11,11
SCHLEICHER COUNTY,413,36 Years,37,20,17,16,9,7,0,0,0,0,0,0,21,11,10
SCHLEICHER COUNTY,413,37 Years,34,17,17,13,6,7,0,0,0,0,0,0,21,11,10
SCHLEICHER COUNTY,413,38 Years,28,13,15,14,7,7,0,0,0,0,0,0,14,6,8
SCHLEICHER COUNTY,413,39 Years,34,16,18,17,7,10,0,0,0,0,0,0,17,9,8
SCHLEICHER COUNTY,413,40 Years,25,12,13,15,7,8,0,0,0,0,0,0,10,5,5
SCHLEICHER COUNTY,413,41 Years,36,16,20,17,8,9,0,0,0,0,0,0,19,8,11
SCHLEICHER COUNTY,413,42 Years,37,16,21,19,10,9,0,0,0,0,0,0,18,6,12
SCHLEICHER COUNTY,413,43 Years,46,22,24,25,13,12,0,0,0,0,0,0,21,9,12
SCHLEICHER COUNTY,413,44 Years,51,28,23,27,15,12,0,0,0,0,0,0,24,13,11
SCHLEICHER COUNTY,413,45 Years,39,18,21,21,9,12,0,0,0,0,0,0,18,9,9
SCHLEICHER COUNTY,413,46 Years,37,15,22,17,7,10,0,0,0,1,1,0,19,7,12
SCHLEICHER COUNTY,413,47 Years,30,15,15,17,10,7,0,0,0,1,0,1,12,5,7
SCHLEICHER COUNTY,413,48 Years,31,15,16,14,5,9,1,0,1,0,0,0,16,10,6
SCHLEICHER COUNTY,413,49 Years,38,21,17,15,6,9,1,1,0,0,0,0,22,14,8
SCHLEICHER COUNTY,413,50 Years,34,17,17,15,7,8,1,1,0,0,0,0,18,9,9
SCHLEICHER COUNTY,413,51 Years,39,17,22,19,9,10,1,0,1,1,1,0,18,7,11
SCHLEICHER COUNTY,413,52 Years,40,17,23,21,10,11,2,1,1,0,0,0,17,6,11
SCHLEICHER COUNTY,413,53 Years,44,23,21,20,11,9,2,1,1,0,0,0,22,11,11
SCHLEICHER COUNTY,413,54 Years,30,13,17,15,7,8,1,0,1,0,0,0,14,6,8
SCHLEICHER COUNTY,413,55 Years,35,17,18,20,8,12,0,0,0,0,0,0,15,9,6
SCHLEICHER COUNTY,413,56 Years,35,19,16,20,10,10,1,1,0,0,0,0,14,8,6
SCHLEICHER COUNTY,413,57 Years,33,17,16,16,8,8,1,1,0,0,0,0,16,8,8
SCHLEICHER COUNTY,413,58 Years,38,19,19,22,11,11,0,0,0,0,0,0,16,8,8
SCHLEICHER COUNTY,413,59 Years,42,20,22,26,12,14,0,0,0,0,0,0,16,8,8
SCHLEICHER COUNTY,413,60 Years,39,17,22,27,12,15,0,0,0,0,0,0,12,5,7
SCHLEICHER COUNTY,413,61 Years,40,22,18,23,13,10,0,0,0,0,0,0,17,9,8
SCHLEICHER COUNTY,413,62 Years,48,27,21,33,19,14,0,0,0,0,0,0,15,8,7
SCHLEICHER COUNTY,413,63 Years,45,24,21,33,17,16,0,0,0,1,0,1,11,7,4
SCHLEICHER COUNTY,413,64 Years,45,27,18,29,16,13,1,1,0,0,0,0,15,10,5
SCHLEICHER COUNTY,413,65 Years,42,22,20,21,11,10,0,0,0,0,0,0,21,11,10
SCHLEICHER COUNTY,413,66 Years,40,19,21,23,11,12,1,0,1,0,0,0,16,8,8
SCHLEICHER COUNTY,413,67 Years,36,21,15,23,12,11,0,0,0,0,0,0,13,9,4
SCHLEICHER COUNTY,413,68 Years,40,20,20,27,15,12,0,0,0,0,0,0,13,5,8
SCHLEICHER COUNTY,413,69 Years,32,17,15,21,12,9,1,0,1,1,1,0,9,4,5
SCHLEICHER COUNTY,413,70 Years,26,12,14,17,8,9,0,0,0,1,0,1,8,4,4
SCHLEICHER COUNTY,413,71 Years,26,14,12,21,11,10,0,0,0,0,0,0,5,3,2
SCHLEICHER COUNTY,413,72 Years,30,13,17,21,8,13,0,0,0,1,0,1,8,5,3
SCHLEICHER COUNTY,413,73 Years,26,14,12,16,9,7,0,0,0,1,1,0,9,4,5
SCHLEICHER COUNTY,413,74 Years,25,10,15,19,8,11,0,0,0,0,0,0,6,2,4
SCHLEICHER COUNTY,413,75 Years,28,15,13,19,9,10,1,1,0,0,0,0,8,5,3
SCHLEICHER COUNTY,413,76 Years,18,8,10,13,5,8,0,0,0,0,0,0,5,3,2
SCHLEICHER COUNTY,413,77 Years,15,4,11,13,3,10,0,0,0,0,0,0,2,1,1
SCHLEICHER COUNTY,413,78 Years,19,9,10,14,7,7,0,0,0,0,0,0,5,2,3
SCHLEICHER COUNTY,413,79 Years,21,8,13,17,7,10,0,0,0,0,0,0,4,1,3
SCHLEICHER COUNTY,413,80 Years,14,7,7,11,6,5,0,0,0,0,0,0,3,1,2
SCHLEICHER COUNTY,413,81 Years,18,7,11,13,5,8,0,0,0,0,0,0,5,2,3
SCHLEICHER COUNTY,413,82 Years,13,6,7,9,4,5,0,0,0,0,0,0,4,2,2
SCHLEICHER COUNTY,413,83 Years,17,8,9,11,4,7,0,0,0,0,0,0,6,4,2
SCHLEICHER COUNTY,413,84 Years,16,8,8,10,5,5,0,0,0,0,0,0,6,3,3
SCHLEICHER COUNTY,413,85 Years +,49,20,29,33,14,19,1,0,1,0,0,0,15,6,9
SCURRY COUNTY,415,All Ages,17618,9470,8148,9476,4904,4572,775,575,200,267,126,141,7100,3865,3235
SCURRY COUNTY,415,< 1 Year,227,115,112,83,41,42,3,1,2,8,4,4,133,69,64
SCURRY COUNTY,415,1 Years,231,110,121,84,41,43,2,1,1,7,3,4,138,65,73
SCURRY COUNTY,415,2 Years,248,120,128,90,44,46,4,2,2,6,3,3,148,71,77
SCURRY COUNTY,415,3 Years,242,121,121,87,45,42,3,2,1,6,3,3,146,71,75
SCURRY COUNTY,415,4 Years,265,134,131,94,45,49,4,2,2,4,2,2,163,85,78
SCURRY COUNTY,415,5 Years,246,126,120,89,48,41,3,0,3,4,1,3,150,77,73
SCURRY COUNTY,415,6 Years,254,137,117,97,51,46,4,2,2,5,3,2,148,81,67
SCURRY COUNTY,415,7 Years,268,146,122,107,59,48,5,2,3,5,3,2,151,82,69
SCURRY COUNTY,415,8 Years,255,141,114,110,63,47,5,4,1,4,2,2,136,72,64
SCURRY COUNTY,415,9 Years,271,148,123,102,52,50,6,5,1,5,2,3,158,89,69
SCURRY COUNTY,415,10 Years,257,141,116,94,49,45,7,4,3,6,3,3,150,85,65
SCURRY COUNTY,415,11 Years,237,127,110,87,51,36,5,5,0,8,4,4,137,67,70
SCURRY COUNTY,415,12 Years,228,112,116,81,39,42,4,4,0,8,3,5,135,66,69
SCURRY COUNTY,415,13 Years,227,113,114,95,46,49,4,3,1,7,1,6,121,63,58
SCURRY COUNTY,415,14 Years,238,121,117,108,56,52,3,3,0,5,2,3,122,60,62
SCURRY COUNTY,415,15 Years,229,111,118,101,48,53,4,2,2,4,1,3,120,60,60
SCURRY COUNTY,415,16 Years,222,114,108,101,55,46,4,2,2,7,2,5,110,55,55
SCURRY COUNTY,415,17 Years,224,120,104,106,61,45,5,1,4,8,4,4,105,54,51
SCURRY COUNTY,415,18 Years,256,134,122,118,66,52,9,5,4,6,4,2,123,59,64
SCURRY COUNTY,415,19 Years,238,135,103,96,54,42,14,11,3,4,3,1,124,67,57
SCURRY COUNTY,415,20 Years,239,142,97,98,64,34,15,12,3,4,2,2,122,64,58
SCURRY COUNTY,415,21 Years,248,146,102,99,49,50,18,15,3,6,3,3,125,79,46
SCURRY COUNTY,415,22 Years,265,151,114,106,54,52,19,16,3,4,1,3,136,80,56
SCURRY COUNTY,415,23 Years,280,154,126,115,61,54,15,13,2,5,2,3,145,78,67
SCURRY COUNTY,415,24 Years,293,174,119,128,76,52,22,17,5,3,1,2,140,80,60
SCURRY COUNTY,415,25 Years,298,182,116,151,85,66,36,26,10,2,0,2,109,71,38
SCURRY COUNTY,415,26 Years,258,153,105,135,79,56,28,22,6,1,1,0,94,51,43
SCURRY COUNTY,415,27 Years,215,129,86,109,63,46,16,13,3,1,1,0,89,52,37
SCURRY COUNTY,415,28 Years,208,123,85,110,65,45,12,10,2,1,1,0,85,47,38
SCURRY COUNTY,415,29 Years,219,124,95,104,57,47,18,13,5,2,1,1,95,53,42
SCURRY COUNTY,415,30 Years,224,145,79,88,50,38,26,25,1,3,1,2,107,69,38
SCURRY COUNTY,415,31 Years,222,129,93,110,57,53,19,18,1,5,4,1,88,50,38
SCURRY COUNTY,415,32 Years,206,109,97,98,47,51,14,13,1,1,1,0,93,48,45
SCURRY COUNTY,415,33 Years,235,132,103,110,60,50,11,9,2,4,2,2,110,61,49
SCURRY COUNTY,415,34 Years,243,139,104,108,58,50,13,10,3,3,1,2,119,70,49
SCURRY COUNTY,415,35 Years,227,133,94,117,66,51,11,8,3,5,3,2,94,56,38
SCURRY COUNTY,415,36 Years,208,110,98,111,59,52,7,5,2,4,2,2,86,44,42
SCURRY COUNTY,415,37 Years,188,103,85,96,49,47,12,9,3,4,1,3,76,44,32
SCURRY COUNTY,415,38 Years,198,122,76,99,58,41,13,12,1,3,2,1,83,50,33
SCURRY COUNTY,415,39 Years,200,117,83,108,64,44,10,8,2,1,1,0,81,44,37
SCURRY COUNTY,415,40 Years,192,114,78,96,53,43,14,13,1,3,2,1,79,46,33
SCURRY COUNTY,415,41 Years,204,123,81,110,67,43,16,14,2,2,1,1,76,41,35
SCURRY COUNTY,415,42 Years,207,127,80,102,59,43,16,13,3,5,5,0,84,50,34
SCURRY COUNTY,415,43 Years,204,115,89,108,63,45,8,6,2,3,2,1,85,44,41
SCURRY COUNTY,415,44 Years,238,140,98,133,76,57,9,6,3,5,0,5,91,58,33
SCURRY COUNTY,415,45 Years,202,115,87,116,64,52,6,5,1,4,1,3,76,45,31
SCURRY COUNTY,415,46 Years,188,105,83,109,56,53,9,7,2,1,0,1,69,42,27
SCURRY COUNTY,415,47 Years,199,113,86,106,57,49,12,12,0,3,1,2,78,43,35
SCURRY COUNTY,415,48 Years,203,126,77,106,66,40,12,9,3,0,0,0,85,51,34
SCURRY COUNTY,415,49 Years,218,127,91,119,69,50,12,8,4,1,1,0,86,49,37
SCURRY COUNTY,415,50 Years,217,120,97,126,63,63,13,12,1,2,1,1,76,44,32
SCURRY COUNTY,415,51 Years,222,129,93,130,71,59,14,11,3,2,1,1,76,46,30
SCURRY COUNTY,415,52 Years,252,139,113,162,85,77,6,5,1,3,1,2,81,48,33
SCURRY COUNTY,415,53 Years,224,122,102,150,77,73,4,4,0,3,3,0,67,38,29
SCURRY COUNTY,415,54 Years,244,132,112,165,89,76,13,11,2,2,1,1,64,31,33
SCURRY COUNTY,415,55 Years,242,121,121,166,81,85,16,13,3,3,2,1,57,25,32
SCURRY COUNTY,415,56 Years,233,119,114,154,72,82,6,4,2,2,1,1,71,42,29
SCURRY COUNTY,415,57 Years,242,134,108,155,81,74,9,7,2,3,2,1,75,44,31
SCURRY COUNTY,415,58 Years,227,116,111,149,74,75,11,7,4,4,3,1,63,32,31
SCURRY COUNTY,415,59 Years,220,121,99,148,79,69,8,4,4,2,2,0,62,36,26
SCURRY COUNTY,415,60 Years,237,137,100,162,89,73,10,6,4,0,0,0,65,42,23
SCURRY COUNTY,415,61 Years,240,125,115,160,80,80,15,10,5,1,0,1,64,35,29
SCURRY COUNTY,415,62 Years,203,103,100,137,69,68,9,7,2,2,0,2,55,27,28
SCURRY COUNTY,415,63 Years,200,109,91,142,77,65,9,7,2,3,3,0,46,22,24
SCURRY COUNTY,415,64 Years,211,112,99,154,78,76,4,3,1,3,1,2,50,30,20
SCURRY COUNTY,415,65 Years,165,77,88,117,50,67,8,4,4,2,0,2,38,23,15
SCURRY COUNTY,415,66 Years,164,88,76,119,58,61,2,1,1,2,0,2,41,29,12
SCURRY COUNTY,415,67 Years,166,84,82,133,68,65,2,1,1,1,0,1,30,15,15
SCURRY COUNTY,415,68 Years,177,84,93,138,64,74,6,3,3,1,1,0,32,16,16
SCURRY COUNTY,415,69 Years,128,67,61,95,50,45,2,1,1,1,0,1,30,16,14
SCURRY COUNTY,415,70 Years,118,60,58,85,43,42,1,1,0,1,0,1,31,16,15
SCURRY COUNTY,415,71 Years,128,60,68,88,45,43,3,2,1,1,0,1,36,13,23
SCURRY COUNTY,415,72 Years,139,68,71,101,49,52,3,3,0,2,1,1,33,15,18
SCURRY COUNTY,415,73 Years,107,51,56,76,38,38,4,0,4,1,1,0,26,12,14
SCURRY COUNTY,415,74 Years,104,47,57,81,36,45,2,1,1,0,0,0,21,10,11
SCURRY COUNTY,415,75 Years,104,44,60,81,33,48,5,3,2,1,1,0,17,7,10
SCURRY COUNTY,415,76 Years,112,53,59,88,38,50,4,4,0,1,1,0,19,10,9
SCURRY COUNTY,415,77 Years,110,48,62,84,35,49,4,1,3,1,0,1,21,12,9
SCURRY COUNTY,415,78 Years,100,40,60,81,31,50,5,1,4,1,0,1,13,8,5
SCURRY COUNTY,415,79 Years,86,34,52,70,29,41,2,0,2,1,0,1,13,5,8
SCURRY COUNTY,415,80 Years,87,44,43,63,36,27,3,0,3,0,0,0,21,8,13
SCURRY COUNTY,415,81 Years,83,36,47,57,28,29,3,0,3,1,0,1,22,8,14
SCURRY COUNTY,415,82 Years,64,27,37,50,20,30,3,1,2,0,0,0,11,6,5
SCURRY COUNTY,415,83 Years,64,30,34,45,19,26,8,4,4,0,0,0,11,7,4
SCURRY COUNTY,415,84 Years,65,24,41,50,16,34,2,1,1,1,1,0,12,6,6
SCURRY COUNTY,415,85 Years +,341,117,224,279,88,191,9,4,5,7,2,5,46,23,23
SHACKELFORD COUNTY,417,All Ages,3410,1669,1741,2990,1454,1536,16,10,6,61,31,30,343,174,169
SHACKELFORD COUNTY,417,< 1 Year,40,19,21,36,17,19,0,0,0,0,0,0,4,2,2
SHACKELFORD COUNTY,417,1 Years,36,17,19,32,15,17,0,0,0,0,0,0,4,2,2
SHACKELFORD COUNTY,417,2 Years,37,18,19,32,16,16,0,0,0,0,0,0,5,2,3
SHACKELFORD COUNTY,417,3 Years,37,20,17,33,18,15,0,0,0,0,0,0,4,2,2
SHACKELFORD COUNTY,417,4 Years,37,20,17,32,17,15,0,0,0,0,0,0,5,3,2
SHACKELFORD COUNTY,417,5 Years,44,25,19,39,22,17,0,0,0,1,1,0,4,2,2
SHACKELFORD COUNTY,417,6 Years,36,16,20,29,12,17,0,0,0,2,1,1,5,3,2
SHACKELFORD COUNTY,417,7 Years,36,19,17,31,18,13,0,0,0,1,0,1,4,1,3
SHACKELFORD COUNTY,417,8 Years,53,25,28,44,21,23,0,0,0,3,1,2,6,3,3
SHACKELFORD COUNTY,417,9 Years,52,29,23,38,21,17,1,0,1,4,1,3,9,7,2
SHACKELFORD COUNTY,417,10 Years,47,25,22,36,18,18,1,1,0,4,2,2,6,4,2
SHACKELFORD COUNTY,417,11 Years,39,20,19,33,17,16,1,1,0,1,1,0,4,1,3
SHACKELFORD COUNTY,417,12 Years,39,20,19,33,18,15,0,0,0,0,0,0,6,2,4
SHACKELFORD COUNTY,417,13 Years,52,26,26,42,21,21,2,2,0,1,1,0,7,2,5
SHACKELFORD COUNTY,417,14 Years,50,26,24,42,21,21,1,1,0,1,1,0,6,3,3
SHACKELFORD COUNTY,417,15 Years,42,21,21,35,18,17,1,0,1,1,1,0,5,2,3
SHACKELFORD COUNTY,417,16 Years,55,22,33,44,18,26,1,0,1,1,1,0,9,3,6
SHACKELFORD COUNTY,417,17 Years,49,26,23,39,21,18,0,0,0,0,0,0,10,5,5
SHACKELFORD COUNTY,417,18 Years,35,17,18,27,14,13,0,0,0,1,0,1,7,3,4
SHACKELFORD COUNTY,417,19 Years,35,12,23,31,10,21,0,0,0,1,1,0,3,1,2
SHACKELFORD COUNTY,417,20 Years,48,22,26,39,16,23,0,0,0,0,0,0,9,6,3
SHACKELFORD COUNTY,417,21 Years,49,24,25,35,18,17,0,0,0,2,1,1,12,5,7
SHACKELFORD COUNTY,417,22 Years,46,22,24,35,17,18,0,0,0,2,0,2,9,5,4
SHACKELFORD COUNTY,417,23 Years,54,24,30,46,20,26,1,1,0,1,0,1,6,3,3
SHACKELFORD COUNTY,417,24 Years,44,24,20,39,20,19,0,0,0,1,0,1,4,4,0
SHACKELFORD COUNTY,417,25 Years,38,23,15,31,17,14,0,0,0,0,0,0,7,6,1
SHACKELFORD COUNTY,417,26 Years,27,15,12,21,12,9,0,0,0,0,0,0,6,3,3
SHACKELFORD COUNTY,417,27 Years,22,12,10,18,9,9,0,0,0,0,0,0,4,3,1
SHACKELFORD COUNTY,417,28 Years,30,18,12,24,13,11,0,0,0,0,0,0,6,5,1
SHACKELFORD COUNTY,417,29 Years,34,20,14,28,16,12,1,1,0,0,0,0,5,3,2
SHACKELFORD COUNTY,417,30 Years,40,20,20,34,18,16,0,0,0,0,0,0,6,2,4
SHACKELFORD COUNTY,417,31 Years,26,12,14,23,12,11,0,0,0,1,0,1,2,0,2
SHACKELFORD COUNTY,417,32 Years,21,8,13,18,6,12,0,0,0,2,2,0,1,0,1
SHACKELFORD COUNTY,417,33 Years,25,13,12,21,10,11,0,0,0,1,1,0,3,2,1
SHACKELFORD COUNTY,417,34 Years,28,14,14,24,12,12,0,0,0,1,1,0,3,1,2
SHACKELFORD COUNTY,417,35 Years,31,15,16,28,13,15,0,0,0,0,0,0,3,2,1
SHACKELFORD COUNTY,417,36 Years,27,15,12,25,14,11,0,0,0,0,0,0,2,1,1
SHACKELFORD COUNTY,417,37 Years,20,11,9,19,11,8,0,0,0,0,0,0,1,0,1
SHACKELFORD COUNTY,417,38 Years,24,13,11,23,13,10,0,0,0,0,0,0,1,0,1
SHACKELFORD COUNTY,417,39 Years,32,12,20,29,12,17,0,0,0,0,0,0,3,0,3
SHACKELFORD COUNTY,417,40 Years,40,19,21,35,17,18,0,0,0,0,0,0,5,2,3
SHACKELFORD COUNTY,417,41 Years,36,18,18,30,17,13,0,0,0,0,0,0,6,1,5
SHACKELFORD COUNTY,417,42 Years,33,15,18,28,13,15,0,0,0,0,0,0,5,2,3
SHACKELFORD COUNTY,417,43 Years,35,17,18,29,13,16,0,0,0,1,0,1,5,4,1
SHACKELFORD COUNTY,417,44 Years,41,17,24,38,16,22,0,0,0,0,0,0,3,1,2
SHACKELFORD COUNTY,417,45 Years,41,20,21,35,17,18,0,0,0,0,0,0,6,3,3
SHACKELFORD COUNTY,417,46 Years,37,21,16,31,19,12,0,0,0,0,0,0,6,2,4
SHACKELFORD COUNTY,417,47 Years,39,20,19,32,16,16,0,0,0,2,2,0,5,2,3
SHACKELFORD COUNTY,417,48 Years,43,20,23,35,15,20,1,1,0,0,0,0,7,4,3
SHACKELFORD COUNTY,417,49 Years,44,20,24,40,17,23,1,1,0,0,0,0,3,2,1
SHACKELFORD COUNTY,417,50 Years,44,24,20,39,21,18,0,0,0,1,1,0,4,2,2
SHACKELFORD COUNTY,417,51 Years,41,18,23,34,14,20,0,0,0,0,0,0,7,4,3
SHACKELFORD COUNTY,417,52 Years,53,20,33,44,16,28,0,0,0,1,0,1,8,4,4
SHACKELFORD COUNTY,417,53 Years,61,27,34,55,25,30,0,0,0,1,0,1,5,2,3
SHACKELFORD COUNTY,417,54 Years,68,40,28,62,36,26,0,0,0,1,1,0,5,3,2
SHACKELFORD COUNTY,417,55 Years,59,32,27,54,28,26,0,0,0,1,1,0,4,3,1
SHACKELFORD COUNTY,417,56 Years,60,29,31,57,28,29,0,0,0,1,0,1,2,1,1
SHACKELFORD COUNTY,417,57 Years,65,36,29,58,32,26,0,0,0,3,2,1,4,2,2
SHACKELFORD COUNTY,417,58 Years,50,24,26,46,22,24,0,0,0,1,1,0,3,1,2
SHACKELFORD COUNTY,417,59 Years,62,29,33,57,26,31,0,0,0,1,1,0,4,2,2
SHACKELFORD COUNTY,417,60 Years,59,27,32,56,26,30,0,0,0,1,1,0,2,0,2
SHACKELFORD COUNTY,417,61 Years,59,28,31,56,26,30,0,0,0,0,0,0,3,2,1
SHACKELFORD COUNTY,417,62 Years,47,22,25,44,21,23,0,0,0,1,1,0,2,0,2
SHACKELFORD COUNTY,417,63 Years,40,15,25,37,14,23,0,0,0,1,0,1,2,1,1
SHACKELFORD COUNTY,417,64 Years,38,13,25,36,13,23,0,0,0,0,0,0,2,0,2
SHACKELFORD COUNTY,417,65 Years,48,22,26,46,22,24,0,0,0,0,0,0,2,0,2
SHACKELFORD COUNTY,417,66 Years,49,24,25,46,22,24,0,0,0,0,0,0,3,2,1
SHACKELFORD COUNTY,417,67 Years,49,27,22,46,24,22,0,0,0,0,0,0,3,3,0
SHACKELFORD COUNTY,417,68 Years,47,28,19,44,26,18,0,0,0,0,0,0,3,2,1
SHACKELFORD COUNTY,417,69 Years,39,21,18,37,20,17,0,0,0,1,0,1,1,1,0
SHACKELFORD COUNTY,417,70 Years,30,21,9,28,19,9,0,0,0,1,1,0,1,1,0
SHACKELFORD COUNTY,417,71 Years,30,19,11,28,18,10,0,0,0,1,1,0,1,0,1
SHACKELFORD COUNTY,417,72 Years,38,19,19,33,16,17,0,0,0,1,0,1,4,3,1
SHACKELFORD COUNTY,417,73 Years,39,16,23,36,14,22,0,0,0,0,0,0,3,2,1
SHACKELFORD COUNTY,417,74 Years,27,10,17,25,9,16,0,0,0,0,0,0,2,1,1
SHACKELFORD COUNTY,417,75 Years,25,13,12,25,13,12,0,0,0,0,0,0,0,0,0
SHACKELFORD COUNTY,417,76 Years,25,15,10,23,13,10,0,0,0,0,0,0,2,2,0
SHACKELFORD COUNTY,417,77 Years,27,13,14,25,11,14,0,0,0,0,0,0,2,2,0
SHACKELFORD COUNTY,417,78 Years,23,11,12,22,10,12,1,1,0,0,0,0,0,0,0
SHACKELFORD COUNTY,417,79 Years,23,10,13,22,10,12,1,0,1,0,0,0,0,0,0
SHACKELFORD COUNTY,417,80 Years,21,9,12,21,9,12,0,0,0,0,0,0,0,0,0
SHACKELFORD COUNTY,417,81 Years,23,9,14,21,8,13,1,0,1,0,0,0,1,1,0
SHACKELFORD COUNTY,417,82 Years,20,9,11,17,8,9,1,0,1,2,1,1,0,0,0
SHACKELFORD COUNTY,417,83 Years,16,8,8,15,8,7,0,0,0,1,0,1,0,0,0
SHACKELFORD COUNTY,417,84 Years,14,6,8,14,6,8,0,0,0,0,0,0,0,0,0
SHACKELFORD COUNTY,417,85 Years +,85,28,57,80,28,52,0,0,0,4,0,4,1,0,1
SHELBY COUNTY,419,All Ages,25272,12617,12655,15778,7817,7961,4221,1989,2232,389,184,205,4884,2627,2257
SHELBY COUNTY,419,< 1 Year,353,173,180,170,83,87,45,19,26,21,8,13,117,63,54
SHELBY COUNTY,419,1 Years,354,180,174,174,89,85,46,21,25,19,10,9,115,60,55
SHELBY COUNTY,419,2 Years,346,174,172,169,87,82,41,18,23,15,8,7,121,61,60
SHELBY COUNTY,419,3 Years,342,172,170,165,84,81,42,20,22,9,5,4,126,63,63
SHELBY COUNTY,419,4 Years,341,167,174,159,81,78,47,21,26,8,4,4,127,61,66
SHELBY COUNTY,419,5 Years,367,175,192,172,90,82,58,25,33,9,2,7,128,58,70
SHELBY COUNTY,419,6 Years,365,193,172,177,93,84,63,33,30,10,5,5,115,62,53
SHELBY COUNTY,419,7 Years,363,181,182,183,84,99,67,37,30,10,5,5,103,55,48
SHELBY COUNTY,419,8 Years,357,184,173,188,90,98,69,41,28,8,5,3,92,48,44
SHELBY COUNTY,419,9 Years,368,200,168,195,105,90,62,35,27,8,4,4,103,56,47
SHELBY COUNTY,419,10 Years,372,197,175,202,112,90,60,27,33,9,4,5,101,54,47
SHELBY COUNTY,419,11 Years,377,198,179,202,106,96,62,34,28,6,3,3,107,55,52
SHELBY COUNTY,419,12 Years,373,197,176,189,98,91,67,35,32,6,3,3,111,61,50
SHELBY COUNTY,419,13 Years,357,190,167,184,104,80,55,28,27,5,2,3,113,56,57
SHELBY COUNTY,419,14 Years,383,201,182,205,106,99,63,32,31,4,3,1,111,60,51
SHELBY COUNTY,419,15 Years,367,192,175,189,104,85,69,34,35,6,5,1,103,49,54
SHELBY COUNTY,419,16 Years,352,182,170,197,106,91,61,29,32,5,3,2,89,44,45
SHELBY COUNTY,419,17 Years,346,171,175,203,103,100,49,22,27,4,1,3,90,45,45
SHELBY COUNTY,419,18 Years,321,168,153,183,95,88,53,33,20,6,3,3,79,37,42
SHELBY COUNTY,419,19 Years,294,149,145,159,80,79,59,32,27,5,4,1,71,33,38
SHELBY COUNTY,419,20 Years,295,151,144,159,83,76,57,30,27,4,4,0,75,34,41
SHELBY COUNTY,419,21 Years,306,142,164,168,77,91,57,30,27,4,2,2,77,33,44
SHELBY COUNTY,419,22 Years,336,186,150,182,95,87,67,42,25,8,3,5,79,46,33
SHELBY COUNTY,419,23 Years,343,160,183,175,74,101,79,36,43,7,4,3,82,46,36
SHELBY COUNTY,419,24 Years,340,163,177,181,90,91,77,27,50,7,2,5,75,44,31
SHELBY COUNTY,419,25 Years,323,159,164,185,96,89,66,26,40,5,1,4,67,36,31
SHELBY COUNTY,419,26 Years,317,147,170,178,83,95,53,20,33,8,4,4,78,40,38
SHELBY COUNTY,419,27 Years,320,169,151,176,91,85,57,29,28,4,2,2,83,47,36
SHELBY COUNTY,419,28 Years,297,151,146,157,80,77,57,24,33,2,1,1,81,46,35
SHELBY COUNTY,419,29 Years,288,149,139,152,80,72,54,24,30,3,2,1,79,43,36
SHELBY COUNTY,419,30 Years,280,153,127,145,77,68,48,26,22,4,1,3,83,49,34
SHELBY COUNTY,419,31 Years,280,151,129,146,74,72,45,21,24,4,2,2,85,54,31
SHELBY COUNTY,419,32 Years,271,144,127,149,77,72,44,22,22,6,3,3,72,42,30
SHELBY COUNTY,419,33 Years,252,136,116,129,68,61,47,22,25,2,1,1,74,45,29
SHELBY COUNTY,419,34 Years,277,147,130,152,75,77,43,21,22,1,0,1,81,51,30
SHELBY COUNTY,419,35 Years,273,137,136,161,73,88,43,22,21,2,0,2,67,42,25
SHELBY COUNTY,419,36 Years,277,138,139,155,78,77,41,18,23,5,1,4,76,41,35
SHELBY COUNTY,419,37 Years,289,139,150,159,81,78,45,17,28,3,1,2,82,40,42
SHELBY COUNTY,419,38 Years,268,140,128,136,69,67,44,21,23,3,2,1,85,48,37
SHELBY COUNTY,419,39 Years,281,128,153,149,68,81,41,16,25,2,1,1,89,43,46
SHELBY COUNTY,419,40 Years,304,150,154,170,84,86,47,22,25,4,2,2,83,42,41
SHELBY COUNTY,419,41 Years,307,146,161,176,78,98,47,20,27,2,2,0,82,46,36
SHELBY COUNTY,419,42 Years,268,135,133,162,84,78,39,14,25,1,0,1,66,37,29
SHELBY COUNTY,419,43 Years,292,135,157,184,83,101,45,16,29,2,1,1,61,35,26
SHELBY COUNTY,419,44 Years,320,156,164,207,99,108,53,24,29,3,0,3,57,33,24
SHELBY COUNTY,419,45 Years,327,172,155,204,106,98,57,26,31,3,2,1,63,38,25
SHELBY COUNTY,419,46 Years,331,164,167,223,115,108,53,20,33,1,0,1,54,29,25
SHELBY COUNTY,419,47 Years,283,151,132,177,95,82,57,25,32,0,0,0,49,31,18
SHELBY COUNTY,419,48 Years,296,137,159,195,89,106,57,26,31,4,3,1,40,19,21
SHELBY COUNTY,419,49 Years,281,138,143,176,79,97,52,31,21,3,1,2,50,27,23
SHELBY COUNTY,419,50 Years,309,154,155,191,90,101,67,36,31,3,2,1,48,26,22
SHELBY COUNTY,419,51 Years,315,165,150,195,101,94,77,37,40,2,1,1,41,26,15
SHELBY COUNTY,419,52 Years,321,175,146,209,110,99,70,39,31,6,3,3,36,23,13
SHELBY COUNTY,419,53 Years,325,170,155,228,124,104,60,26,34,5,3,2,32,17,15
SHELBY COUNTY,419,54 Years,330,163,167,234,118,116,64,27,37,1,0,1,31,18,13
SHELBY COUNTY,419,55 Years,363,188,175,259,127,132,66,34,32,2,0,2,36,27,9
SHELBY COUNTY,419,56 Years,352,174,178,252,113,139,60,36,24,3,1,2,37,24,13
SHELBY COUNTY,419,57 Years,360,181,179,260,128,132,63,33,30,4,3,1,33,17,16
SHELBY COUNTY,419,58 Years,339,167,172,250,122,128,60,26,34,2,1,1,27,18,9
SHELBY COUNTY,419,59 Years,342,175,167,253,130,123,64,32,32,3,0,3,22,13,9
SHELBY COUNTY,419,60 Years,334,175,159,243,133,110,67,30,37,6,2,4,18,10,8
SHELBY COUNTY,419,61 Years,296,149,147,208,110,98,68,31,37,2,1,1,18,7,11
SHELBY COUNTY,419,62 Years,308,145,163,237,116,121,47,17,30,3,2,1,21,10,11
SHELBY COUNTY,419,63 Years,303,143,160,240,114,126,43,18,25,4,1,3,16,10,6
SHELBY COUNTY,419,64 Years,307,159,148,235,120,115,53,29,24,4,1,3,15,9,6
SHELBY COUNTY,419,65 Years,310,152,158,235,114,121,53,25,28,4,1,3,18,12,6
SHELBY COUNTY,419,66 Years,285,146,139,224,115,109,42,20,22,3,2,1,16,9,7
SHELBY COUNTY,419,67 Years,300,154,146,252,128,124,34,17,17,3,1,2,11,8,3
SHELBY COUNTY,419,68 Years,289,150,139,236,125,111,36,16,20,3,1,2,14,8,6
SHELBY COUNTY,419,69 Years,241,118,123,196,94,102,28,15,13,4,2,2,13,7,6
SHELBY COUNTY,419,70 Years,222,102,120,185,83,102,24,14,10,2,2,0,11,3,8
SHELBY COUNTY,419,71 Years,243,115,128,202,95,107,28,12,16,3,1,2,10,7,3
SHELBY COUNTY,419,72 Years,217,102,115,180,84,96,25,11,14,3,2,1,9,5,4
SHELBY COUNTY,419,73 Years,214,98,116,179,83,96,26,11,15,3,1,2,6,3,3
SHELBY COUNTY,419,74 Years,212,103,109,176,85,91,30,14,16,3,2,1,3,2,1
SHELBY COUNTY,419,75 Years,188,85,103,155,73,82,29,9,20,2,1,1,2,2,0
SHELBY COUNTY,419,76 Years,162,68,94,131,55,76,27,9,18,2,2,0,2,2,0
SHELBY COUNTY,419,77 Years,173,78,95,145,66,79,24,10,14,2,1,1,2,1,1
SHELBY COUNTY,419,78 Years,159,80,79,132,67,65,20,10,10,2,1,1,5,2,3
SHELBY COUNTY,419,79 Years,142,74,68,115,62,53,19,9,10,2,1,1,6,2,4
SHELBY COUNTY,419,80 Years,138,66,72,110,57,53,21,7,14,3,1,2,4,1,3
SHELBY COUNTY,419,81 Years,131,56,75,103,48,55,22,6,16,2,1,1,4,1,3
SHELBY COUNTY,419,82 Years,110,42,68,92,35,57,14,5,9,1,1,0,3,1,2
SHELBY COUNTY,419,83 Years,88,35,53,73,28,45,12,5,7,0,0,0,3,2,1
SHELBY COUNTY,419,84 Years,80,37,43,68,33,35,7,2,5,2,1,1,3,1,2
SHELBY COUNTY,419,85 Years +,444,155,289,362,130,232,61,17,44,10,3,7,11,5,6
SHERMAN COUNTY,421,All Ages,3168,1622,1546,1696,856,840,15,11,4,42,21,21,1415,734,681
SHERMAN COUNTY,421,< 1 Year,38,18,20,13,5,8,0,0,0,0,0,0,25,13,12
SHERMAN COUNTY,421,1 Years,42,20,22,12,6,6,0,0,0,2,1,1,28,13,15
SHERMAN COUNTY,421,2 Years,38,18,20,11,6,5,0,0,0,2,1,1,25,11,14
SHERMAN COUNTY,421,3 Years,42,21,21,14,8,6,0,0,0,3,2,1,25,11,14
SHERMAN COUNTY,421,4 Years,39,19,20,13,6,7,0,0,0,2,1,1,24,12,12
SHERMAN COUNTY,421,5 Years,31,12,19,11,2,9,0,0,0,0,0,0,20,10,10
SHERMAN COUNTY,421,6 Years,45,19,26,22,9,13,0,0,0,0,0,0,23,10,13
SHERMAN COUNTY,421,7 Years,49,24,25,17,8,9,0,0,0,0,0,0,32,16,16
SHERMAN COUNTY,421,8 Years,41,24,17,13,6,7,0,0,0,1,1,0,27,17,10
SHERMAN COUNTY,421,9 Years,47,28,19,14,8,6,0,0,0,0,0,0,33,20,13
SHERMAN COUNTY,421,10 Years,54,26,28,22,12,10,0,0,0,0,0,0,32,14,18
SHERMAN COUNTY,421,11 Years,57,27,30,26,11,15,0,0,0,1,0,1,30,16,14
SHERMAN COUNTY,421,12 Years,57,28,29,24,11,13,0,0,0,1,1,0,32,16,16
SHERMAN COUNTY,421,13 Years,55,30,25,20,11,9,0,0,0,1,0,1,34,19,15
SHERMAN COUNTY,421,14 Years,54,30,24,18,13,5,0,0,0,2,1,1,34,16,18
SHERMAN COUNTY,421,15 Years,44,22,22,17,11,6,0,0,0,2,1,1,25,10,15
SHERMAN COUNTY,421,16 Years,43,19,24,20,11,9,0,0,0,1,0,1,22,8,14
SHERMAN COUNTY,421,17 Years,60,34,26,24,12,12,1,1,0,0,0,0,35,21,14
SHERMAN COUNTY,421,18 Years,56,33,23,20,13,7,0,0,0,1,1,0,35,19,16
SHERMAN COUNTY,421,19 Years,57,28,29,22,13,9,0,0,0,0,0,0,35,15,20
SHERMAN COUNTY,421,20 Years,57,27,30,21,13,8,1,0,1,0,0,0,35,14,21
SHERMAN COUNTY,421,21 Years,59,27,32,24,14,10,1,0,1,0,0,0,34,13,21
SHERMAN COUNTY,421,22 Years,60,37,23,29,19,10,0,0,0,0,0,0,31,18,13
SHERMAN COUNTY,421,23 Years,49,31,18,23,16,7,0,0,0,0,0,0,26,15,11
SHERMAN COUNTY,421,24 Years,42,24,18,16,9,7,0,0,0,1,1,0,25,14,11
SHERMAN COUNTY,421,25 Years,28,14,14,11,4,7,0,0,0,0,0,0,17,10,7
SHERMAN COUNTY,421,26 Years,25,13,12,11,5,6,0,0,0,0,0,0,14,8,6
SHERMAN COUNTY,421,27 Years,22,14,8,8,6,2,0,0,0,0,0,0,14,8,6
SHERMAN COUNTY,421,28 Years,33,18,15,15,7,8,0,0,0,0,0,0,18,11,7
SHERMAN COUNTY,421,29 Years,26,19,7,13,8,5,1,1,0,0,0,0,12,10,2
SHERMAN COUNTY,421,30 Years,25,14,11,12,6,6,0,0,0,0,0,0,13,8,5
SHERMAN COUNTY,421,31 Years,31,10,21,17,6,11,0,0,0,0,0,0,14,4,10
SHERMAN COUNTY,421,32 Years,35,15,20,19,8,11,0,0,0,0,0,0,16,7,9
SHERMAN COUNTY,421,33 Years,27,13,14,15,8,7,0,0,0,0,0,0,12,5,7
SHERMAN COUNTY,421,34 Years,27,14,13,12,5,7,0,0,0,0,0,0,15,9,6
SHERMAN COUNTY,421,35 Years,27,17,10,13,7,6,0,0,0,0,0,0,14,10,4
SHERMAN COUNTY,421,36 Years,29,15,14,12,5,7,0,0,0,1,1,0,16,9,7
SHERMAN COUNTY,421,37 Years,32,16,16,15,7,8,0,0,0,1,0,1,16,9,7
SHERMAN COUNTY,421,38 Years,31,20,11,10,8,2,0,0,0,1,1,0,20,11,9
SHERMAN COUNTY,421,39 Years,40,24,16,16,9,7,0,0,0,2,2,0,22,13,9
SHERMAN COUNTY,421,40 Years,48,24,24,20,11,9,0,0,0,1,0,1,27,13,14
SHERMAN COUNTY,421,41 Years,35,17,18,14,7,7,0,0,0,1,0,1,20,10,10
SHERMAN COUNTY,421,42 Years,37,15,22,20,9,11,0,0,0,1,0,1,16,6,10
SHERMAN COUNTY,421,43 Years,48,27,21,29,15,14,0,0,0,1,1,0,18,11,7
SHERMAN COUNTY,421,44 Years,44,19,25,27,11,16,0,0,0,0,0,0,17,8,9
SHERMAN COUNTY,421,45 Years,44,22,22,23,11,12,0,0,0,1,1,0,20,10,10
SHERMAN COUNTY,421,46 Years,43,21,22,22,11,11,0,0,0,0,0,0,21,10,11
SHERMAN COUNTY,421,47 Years,35,13,22,16,6,10,0,0,0,0,0,0,19,7,12
SHERMAN COUNTY,421,48 Years,41,19,22,24,8,16,1,1,0,0,0,0,16,10,6
SHERMAN COUNTY,421,49 Years,53,23,30,24,10,14,1,0,1,1,1,0,27,12,15
SHERMAN COUNTY,421,50 Years,53,29,24,27,16,11,1,0,1,0,0,0,25,13,12
SHERMAN COUNTY,421,51 Years,53,31,22,34,20,14,1,1,0,1,0,1,17,10,7
SHERMAN COUNTY,421,52 Years,42,27,15,27,14,13,1,1,0,0,0,0,14,12,2
SHERMAN COUNTY,421,53 Years,47,24,23,27,15,12,0,0,0,1,0,1,19,9,10
SHERMAN COUNTY,421,54 Years,45,22,23,29,12,17,0,0,0,1,1,0,15,9,6
SHERMAN COUNTY,421,55 Years,37,22,15,23,12,11,0,0,0,1,1,0,13,9,4
SHERMAN COUNTY,421,56 Years,43,20,23,29,13,16,0,0,0,1,1,0,13,6,7
SHERMAN COUNTY,421,57 Years,49,23,26,33,15,18,0,0,0,0,0,0,16,8,8
SHERMAN COUNTY,421,58 Years,36,19,17,26,14,12,0,0,0,0,0,0,10,5,5
SHERMAN COUNTY,421,59 Years,40,27,13,25,17,8,0,0,0,0,0,0,15,10,5
SHERMAN COUNTY,421,60 Years,45,25,20,30,17,13,0,0,0,1,0,1,14,8,6
SHERMAN COUNTY,421,61 Years,27,13,14,17,8,9,0,0,0,0,0,0,10,5,5
SHERMAN COUNTY,421,62 Years,23,14,9,17,9,8,0,0,0,0,0,0,6,5,1
SHERMAN COUNTY,421,63 Years,30,18,12,25,14,11,1,1,0,0,0,0,4,3,1
SHERMAN COUNTY,421,64 Years,33,17,16,25,12,13,1,1,0,2,0,2,5,4,1
SHERMAN COUNTY,421,65 Years,28,14,14,21,10,11,1,1,0,0,0,0,6,3,3
SHERMAN COUNTY,421,66 Years,24,12,12,21,11,10,1,1,0,0,0,0,2,0,2
SHERMAN COUNTY,421,67 Years,27,14,13,22,10,12,0,0,0,0,0,0,5,4,1
SHERMAN COUNTY,421,68 Years,41,20,21,38,19,19,0,0,0,0,0,0,3,1,2
SHERMAN COUNTY,421,69 Years,28,13,15,26,13,13,0,0,0,0,0,0,2,0,2
SHERMAN COUNTY,421,70 Years,20,9,11,19,9,10,0,0,0,0,0,0,1,0,1
SHERMAN COUNTY,421,71 Years,23,14,9,19,11,8,0,0,0,0,0,0,4,3,1
SHERMAN COUNTY,421,72 Years,21,9,12,18,7,11,0,0,0,0,0,0,3,2,1
SHERMAN COUNTY,421,73 Years,24,14,10,20,12,8,0,0,0,1,0,1,3,2,1
SHERMAN COUNTY,421,74 Years,28,15,13,25,15,10,0,0,0,1,0,1,2,0,2
SHERMAN COUNTY,421,75 Years,19,9,10,16,8,8,0,0,0,0,0,0,3,1,2
SHERMAN COUNTY,421,76 Years,17,9,8,16,8,8,0,0,0,0,0,0,1,1,0
SHERMAN COUNTY,421,77 Years,16,9,7,14,8,6,0,0,0,0,0,0,2,1,1
SHERMAN COUNTY,421,78 Years,11,6,5,9,4,5,0,0,0,0,0,0,2,2,0
SHERMAN COUNTY,421,79 Years,13,9,4,10,6,4,1,1,0,0,0,0,2,2,0
SHERMAN COUNTY,421,80 Years,18,9,9,16,8,8,1,1,0,0,0,0,1,0,1
SHERMAN COUNTY,421,81 Years,17,6,11,15,5,10,0,0,0,0,0,0,2,1,1
SHERMAN COUNTY,421,82 Years,16,5,11,13,4,9,0,0,0,0,0,0,3,1,2
SHERMAN COUNTY,421,83 Years,13,6,7,12,6,6,0,0,0,0,0,0,1,0,1
SHERMAN COUNTY,421,84 Years,10,4,6,9,4,5,0,0,0,0,0,0,1,0,1
SHERMAN COUNTY,421,85 Years +,69,23,46,59,19,40,0,0,0,1,0,1,9,4,5
SMITH COUNTY,423,All Ages,221173,107677,113496,129072,62344,66728,38668,18002,20666,8147,3934,4213,45286,23397,21889
SMITH COUNTY,423,< 1 Year,3080,1582,1498,1374,705,669,546,283,263,182,98,84,978,496,482
SMITH COUNTY,423,1 Years,3094,1597,1497,1382,712,670,549,284,265,189,105,84,974,496,478
SMITH COUNTY,423,2 Years,3072,1586,1486,1376,707,669,534,275,259,190,105,85,972,499,473
SMITH COUNTY,423,3 Years,3032,1539,1493,1355,675,680,534,273,261,189,97,92,954,494,460
SMITH COUNTY,423,4 Years,3037,1533,1504,1341,670,671,530,270,260,204,96,108,962,497,465
SMITH COUNTY,423,5 Years,2939,1492,1447,1332,683,649,524,255,269,168,84,84,915,470,445
SMITH COUNTY,423,6 Years,2938,1506,1432,1357,694,663,543,291,252,168,82,86,870,439,431
SMITH COUNTY,423,7 Years,2969,1551,1418,1364,718,646,529,281,248,178,83,95,898,469,429
SMITH COUNTY,423,8 Years,3122,1616,1506,1461,790,671,536,274,262,143,67,76,982,485,497
SMITH COUNTY,423,9 Years,3081,1577,1504,1502,778,724,524,262,262,135,70,65,920,467,453
SMITH COUNTY,423,10 Years,3019,1559,1460,1443,744,699,544,276,268,147,74,73,885,465,420
SMITH COUNTY,423,11 Years,3148,1642,1506,1475,770,705,537,284,253,169,83,86,967,505,462
SMITH COUNTY,423,12 Years,3148,1584,1564,1454,722,732,551,287,264,162,76,86,981,499,482
SMITH COUNTY,423,13 Years,3107,1582,1525,1448,736,712,520,271,249,155,70,85,984,505,479
SMITH COUNTY,423,14 Years,3157,1617,1540,1488,771,717,540,272,268,162,74,88,967,500,467
SMITH COUNTY,423,15 Years,3104,1629,1475,1445,759,686,561,297,264,163,85,78,935,488,447
SMITH COUNTY,423,16 Years,3041,1557,1484,1435,740,695,563,283,280,159,88,71,884,446,438
SMITH COUNTY,423,17 Years,3035,1538,1497,1443,718,725,590,311,279,150,75,75,852,434,418
SMITH COUNTY,423,18 Years,2966,1544,1422,1405,745,660,561,291,270,151,75,76,849,433,416
SMITH COUNTY,423,19 Years,2882,1525,1357,1362,733,629,557,282,275,147,77,70,816,433,383
SMITH COUNTY,423,20 Years,2917,1507,1410,1354,698,656,608,299,309,125,65,60,830,445,385
SMITH COUNTY,423,21 Years,2964,1510,1454,1369,700,669,646,308,338,131,65,66,818,437,381
SMITH COUNTY,423,22 Years,3085,1558,1527,1387,701,686,718,329,389,134,70,64,846,458,388
SMITH COUNTY,423,23 Years,3461,1723,1738,1567,748,819,875,415,460,137,72,65,882,488,394
SMITH COUNTY,423,24 Years,4076,1986,2090,1989,934,1055,1030,484,546,145,73,72,912,495,417
SMITH COUNTY,423,25 Years,3913,1921,1992,2007,967,1040,877,408,469,149,79,70,880,467,413
SMITH COUNTY,423,26 Years,3717,1824,1893,1973,932,1041,774,370,404,126,68,58,844,454,390
SMITH COUNTY,423,27 Years,3530,1712,1818,1930,918,1012,652,298,354,122,62,60,826,434,392
SMITH COUNTY,423,28 Years,3350,1621,1729,1836,869,967,595,265,330,125,66,59,794,421,373
SMITH COUNTY,423,29 Years,3099,1504,1595,1648,764,884,552,260,292,109,60,49,790,420,370
SMITH COUNTY,423,30 Years,2953,1441,1512,1550,740,810,515,233,282,111,55,56,777,413,364
SMITH COUNTY,423,31 Years,2837,1387,1450,1495,727,768,472,220,252,123,61,62,747,379,368
SMITH COUNTY,423,32 Years,2773,1395,1378,1448,741,707,455,204,251,109,54,55,761,396,365
SMITH COUNTY,423,33 Years,2658,1314,1344,1423,715,708,431,189,242,96,49,47,708,361,347
SMITH COUNTY,423,34 Years,2696,1354,1342,1403,718,685,487,223,264,111,56,55,695,357,338
SMITH COUNTY,423,35 Years,2744,1383,1361,1442,749,693,500,233,267,114,52,62,688,349,339
SMITH COUNTY,423,36 Years,2639,1253,1386,1396,685,711,447,198,249,102,39,63,694,331,363
SMITH COUNTY,423,37 Years,2560,1249,1311,1350,673,677,423,186,237,93,34,59,694,356,338
SMITH COUNTY,423,38 Years,2494,1223,1271,1329,656,673,390,172,218,93,39,54,682,356,326
SMITH COUNTY,423,39 Years,2532,1245,1287,1333,655,678,413,184,229,107,50,57,679,356,323
SMITH COUNTY,423,40 Years,2489,1189,1300,1337,652,685,416,171,245,103,43,60,633,323,310
SMITH COUNTY,423,41 Years,2424,1158,1266,1273,617,656,427,184,243,103,39,64,621,318,303
SMITH COUNTY,423,42 Years,2531,1238,1293,1347,676,671,476,210,266,104,41,63,604,311,293
SMITH COUNTY,423,43 Years,2625,1256,1369,1465,714,751,486,218,268,103,40,63,571,284,287
SMITH COUNTY,423,44 Years,2818,1344,1474,1653,790,863,496,225,271,109,44,65,560,285,275
SMITH COUNTY,423,45 Years,2708,1307,1401,1613,789,824,460,208,252,102,43,59,533,267,266
SMITH COUNTY,423,46 Years,2601,1279,1322,1618,817,801,413,182,231,78,40,38,492,240,252
SMITH COUNTY,423,47 Years,2560,1232,1328,1559,766,793,436,191,245,84,37,47,481,238,243
SMITH COUNTY,423,48 Years,2528,1211,1317,1550,763,787,452,203,249,81,41,40,445,204,241
SMITH COUNTY,423,49 Years,2497,1234,1263,1510,750,760,472,213,259,73,37,36,442,234,208
SMITH COUNTY,423,50 Years,2596,1259,1337,1599,776,823,488,222,266,72,36,36,437,225,212
SMITH COUNTY,423,51 Years,2737,1315,1422,1780,851,929,485,221,264,81,33,48,391,210,181
SMITH COUNTY,423,52 Years,2746,1307,1439,1871,893,978,465,205,260,74,28,46,336,181,155
SMITH COUNTY,423,53 Years,2711,1283,1428,1804,860,944,500,216,284,70,34,36,337,173,164
SMITH COUNTY,423,54 Years,2765,1307,1458,1900,888,1012,460,206,254,77,44,33,328,169,159
SMITH COUNTY,423,55 Years,2808,1354,1454,1894,910,984,501,226,275,75,38,37,338,180,158
SMITH COUNTY,423,56 Years,2723,1311,1412,1853,902,951,476,206,270,69,34,35,325,169,156
SMITH COUNTY,423,57 Years,2742,1290,1452,1890,907,983,481,199,282,61,31,30,310,153,157
SMITH COUNTY,423,58 Years,2689,1291,1398,1850,901,949,494,214,280,62,30,32,283,146,137
SMITH COUNTY,423,59 Years,2708,1303,1405,1889,914,975,484,218,266,60,24,36,275,147,128
SMITH COUNTY,423,60 Years,2676,1238,1438,1882,864,1018,500,222,278,57,23,34,237,129,108
SMITH COUNTY,423,61 Years,2579,1213,1366,1865,880,985,463,203,260,47,18,29,204,112,92
SMITH COUNTY,423,62 Years,2400,1142,1258,1747,836,911,425,188,237,54,24,30,174,94,80
SMITH COUNTY,423,63 Years,2375,1170,1205,1762,864,898,406,197,209,52,25,27,155,84,71
SMITH COUNTY,423,64 Years,2316,1094,1222,1705,804,901,409,198,211,48,23,25,154,69,85
SMITH COUNTY,423,65 Years,2352,1096,1256,1781,833,948,379,172,207,47,20,27,145,71,74
SMITH COUNTY,423,66 Years,2197,1014,1183,1682,773,909,343,157,186,46,19,27,126,65,61
SMITH COUNTY,423,67 Years,2244,1057,1187,1752,829,923,332,151,181,45,18,27,115,59,56
SMITH COUNTY,423,68 Years,2253,1026,1227,1780,828,952,312,129,183,45,16,29,116,53,63
SMITH COUNTY,423,69 Years,1814,827,987,1425,658,767,241,96,145,37,18,19,111,55,56
SMITH COUNTY,423,70 Years,1801,809,992,1417,639,778,241,100,141,34,15,19,109,55,54
SMITH COUNTY,423,71 Years,1761,801,960,1411,640,771,218,91,127,31,16,15,101,54,47
SMITH COUNTY,423,72 Years,1701,780,921,1379,626,753,214,98,116,26,12,14,82,44,38
SMITH COUNTY,423,73 Years,1582,732,850,1305,592,713,174,82,92,27,15,12,76,43,33
SMITH COUNTY,423,74 Years,1522,678,844,1251,548,703,181,82,99,26,14,12,64,34,30
SMITH COUNTY,423,75 Years,1450,652,798,1192,537,655,171,70,101,25,12,13,62,33,29
SMITH COUNTY,423,76 Years,1291,590,701,1075,490,585,139,61,78,18,8,10,59,31,28
SMITH COUNTY,423,77 Years,1225,568,657,1011,476,535,138,54,84,19,9,10,57,29,28
SMITH COUNTY,423,78 Years,1152,526,626,957,439,518,133,55,78,17,9,8,45,23,22
SMITH COUNTY,423,79 Years,1109,486,623,923,407,516,124,49,75,16,7,9,46,23,23
SMITH COUNTY,423,80 Years,1068,431,637,891,366,525,133,45,88,12,5,7,32,15,17
SMITH COUNTY,423,81 Years,944,392,552,788,335,453,116,41,75,14,6,8,26,10,16
SMITH COUNTY,423,82 Years,851,351,500,705,300,405,110,37,73,13,5,8,23,9,14
SMITH COUNTY,423,83 Years,789,309,480,661,266,395,96,35,61,10,2,8,22,6,16
SMITH COUNTY,423,84 Years,753,312,441,634,268,366,90,34,56,13,4,9,16,6,10
SMITH COUNTY,423,85 Years +,3993,1449,2544,3365,1250,2115,479,137,342,54,21,33,95,41,54
SOMERVELL COUNTY,425,All Ages,8891,4367,4524,6666,3276,3390,47,24,23,224,90,134,1954,977,977
SOMERVELL COUNTY,425,< 1 Year,86,46,40,50,28,22,0,0,0,0,0,0,36,18,18
SOMERVELL COUNTY,425,1 Years,92,45,47,48,24,24,0,0,0,1,1,0,43,20,23
SOMERVELL COUNTY,425,2 Years,100,49,51,51,25,26,0,0,0,2,1,1,47,23,24
SOMERVELL COUNTY,425,3 Years,95,45,50,53,24,29,0,0,0,2,1,1,40,20,20
SOMERVELL COUNTY,425,4 Years,96,48,48,53,26,27,0,0,0,3,1,2,40,21,19
SOMERVELL COUNTY,425,5 Years,105,50,55,56,27,29,0,0,0,2,2,0,47,21,26
SOMERVELL COUNTY,425,6 Years,81,37,44,51,25,26,1,0,1,2,2,0,27,10,17
SOMERVELL COUNTY,425,7 Years,106,52,54,69,38,31,1,0,1,4,2,2,32,12,20
SOMERVELL COUNTY,425,8 Years,104,51,53,66,36,30,1,1,0,6,0,6,31,14,17
SOMERVELL COUNTY,425,9 Years,106,52,54,66,35,31,1,0,1,9,2,7,30,15,15
SOMERVELL COUNTY,425,10 Years,105,55,50,63,37,26,3,1,2,6,2,4,33,15,18
SOMERVELL COUNTY,425,11 Years,113,49,64,69,32,37,2,0,2,5,3,2,37,14,23
SOMERVELL COUNTY,425,12 Years,133,57,76,80,36,44,1,0,1,5,3,2,47,18,29
SOMERVELL COUNTY,425,13 Years,139,65,74,92,46,46,0,0,0,5,2,3,42,17,25
SOMERVELL COUNTY,425,14 Years,145,66,79,90,42,48,0,0,0,6,1,5,49,23,26
SOMERVELL COUNTY,425,15 Years,145,74,71,86,43,43,3,2,1,6,2,4,50,27,23
SOMERVELL COUNTY,425,16 Years,142,80,62,90,49,41,4,3,1,8,5,3,40,23,17
SOMERVELL COUNTY,425,17 Years,151,83,68,98,54,44,3,2,1,3,1,2,47,26,21
SOMERVELL COUNTY,425,18 Years,160,95,65,102,62,40,2,1,1,3,2,1,53,30,23
SOMERVELL COUNTY,425,19 Years,139,77,62,94,54,40,2,1,1,3,2,1,40,20,20
SOMERVELL COUNTY,425,20 Years,131,71,60,77,44,33,2,1,1,4,2,2,48,24,24
SOMERVELL COUNTY,425,21 Years,127,69,58,77,46,31,5,4,1,4,0,4,41,19,22
SOMERVELL COUNTY,425,22 Years,151,67,84,94,40,54,4,1,3,5,1,4,48,25,23
SOMERVELL COUNTY,425,23 Years,137,63,74,84,37,47,2,0,2,4,2,2,47,24,23
SOMERVELL COUNTY,425,24 Years,109,53,56,66,32,34,0,0,0,6,1,5,37,20,17
SOMERVELL COUNTY,425,25 Years,95,51,44,51,28,23,0,0,0,7,2,5,37,21,16
SOMERVELL COUNTY,425,26 Years,88,49,39,59,33,26,0,0,0,2,1,1,27,15,12
SOMERVELL COUNTY,425,27 Years,82,43,39,64,32,32,0,0,0,1,1,0,17,10,7
SOMERVELL COUNTY,425,28 Years,70,36,34,53,28,25,0,0,0,0,0,0,17,8,9
SOMERVELL COUNTY,425,29 Years,78,39,39,56,26,30,0,0,0,1,0,1,21,13,8
SOMERVELL COUNTY,425,30 Years,67,33,34,47,21,26,1,0,1,0,0,0,19,12,7
SOMERVELL COUNTY,425,31 Years,66,31,35,48,22,26,1,0,1,1,0,1,16,9,7
SOMERVELL COUNTY,425,32 Years,66,33,33,46,24,22,1,0,1,1,0,1,18,9,9
SOMERVELL COUNTY,425,33 Years,81,40,41,48,24,24,0,0,0,4,3,1,29,13,16
SOMERVELL COUNTY,425,34 Years,79,44,35,52,26,26,0,0,0,2,1,1,25,17,8
SOMERVELL COUNTY,425,35 Years,84,46,38,54,25,29,1,1,0,2,0,2,27,20,7
SOMERVELL COUNTY,425,36 Years,101,48,53,66,30,36,0,0,0,2,0,2,33,18,15
SOMERVELL COUNTY,425,37 Years,98,45,53,70,30,40,0,0,0,3,1,2,25,14,11
SOMERVELL COUNTY,425,38 Years,101,44,57,75,32,43,0,0,0,3,1,2,23,11,12
SOMERVELL COUNTY,425,39 Years,105,47,58,73,31,42,0,0,0,2,2,0,30,14,16
SOMERVELL COUNTY,425,40 Years,104,47,57,76,34,42,0,0,0,2,1,1,26,12,14
SOMERVELL COUNTY,425,41 Years,102,42,60,72,33,39,0,0,0,4,2,2,26,7,19
SOMERVELL COUNTY,425,42 Years,105,47,58,77,39,38,1,1,0,3,0,3,24,7,17
SOMERVELL COUNTY,425,43 Years,105,48,57,75,34,41,0,0,0,4,1,3,26,13,13
SOMERVELL COUNTY,425,44 Years,117,58,59,89,43,46,1,1,0,2,1,1,25,13,12
SOMERVELL COUNTY,425,45 Years,128,62,66,105,50,55,0,0,0,1,1,0,22,11,11
SOMERVELL COUNTY,425,46 Years,128,55,73,99,46,53,0,0,0,5,2,3,24,7,17
SOMERVELL COUNTY,425,47 Years,104,45,59,79,36,43,0,0,0,2,1,1,23,8,15
SOMERVELL COUNTY,425,48 Years,122,58,64,91,41,50,0,0,0,2,1,1,29,16,13
SOMERVELL COUNTY,425,49 Years,130,64,66,102,48,54,2,2,0,2,1,1,24,13,11
SOMERVELL COUNTY,425,50 Years,135,71,64,110,55,55,1,1,0,2,1,1,22,14,8
SOMERVELL COUNTY,425,51 Years,144,70,74,119,55,64,0,0,0,1,0,1,24,15,9
SOMERVELL COUNTY,425,52 Years,135,68,67,111,53,58,0,0,0,4,3,1,20,12,8
SOMERVELL COUNTY,425,53 Years,134,72,62,120,67,53,0,0,0,1,0,1,13,5,8
SOMERVELL COUNTY,425,54 Years,148,77,71,127,69,58,0,0,0,4,1,3,17,7,10
SOMERVELL COUNTY,425,55 Years,125,56,69,111,51,60,0,0,0,2,0,2,12,5,7
SOMERVELL COUNTY,425,56 Years,129,60,69,114,52,62,0,0,0,1,0,1,14,8,6
SOMERVELL COUNTY,425,57 Years,126,65,61,111,58,53,0,0,0,1,0,1,14,7,7
SOMERVELL COUNTY,425,58 Years,121,59,62,105,52,53,0,0,0,2,1,1,14,6,8
SOMERVELL COUNTY,425,59 Years,114,62,52,101,54,47,0,0,0,4,3,1,9,5,4
SOMERVELL COUNTY,425,60 Years,118,54,64,107,48,59,0,0,0,3,1,2,8,5,3
SOMERVELL COUNTY,425,61 Years,127,53,74,114,46,68,0,0,0,2,1,1,11,6,5
SOMERVELL COUNTY,425,62 Years,131,58,73,115,49,66,0,0,0,2,1,1,14,8,6
SOMERVELL COUNTY,425,63 Years,130,65,65,116,56,60,0,0,0,2,2,0,12,7,5
SOMERVELL COUNTY,425,64 Years,123,68,55,110,59,51,1,1,0,2,1,1,10,7,3
SOMERVELL COUNTY,425,65 Years,129,66,63,117,61,56,0,0,0,3,0,3,9,5,4
SOMERVELL COUNTY,425,66 Years,132,74,58,119,67,52,0,0,0,3,1,2,10,6,4
SOMERVELL COUNTY,425,67 Years,123,70,53,114,65,49,0,0,0,2,1,1,7,4,3
SOMERVELL COUNTY,425,68 Years,102,47,55,94,44,50,0,0,0,2,1,1,6,2,4
SOMERVELL COUNTY,425,69 Years,85,38,47,79,35,44,0,0,0,0,0,0,6,3,3
SOMERVELL COUNTY,425,70 Years,80,36,44,74,34,40,0,0,0,2,1,1,4,1,3
SOMERVELL COUNTY,425,71 Years,88,45,43,81,42,39,0,0,0,2,0,2,5,3,2
SOMERVELL COUNTY,425,72 Years,77,42,35,68,37,31,0,0,0,3,2,1,6,3,3
SOMERVELL COUNTY,425,73 Years,73,43,30,69,40,29,0,0,0,1,1,0,3,2,1
SOMERVELL COUNTY,425,74 Years,64,32,32,60,30,30,0,0,0,1,1,0,3,1,2
SOMERVELL COUNTY,425,75 Years,54,27,27,52,26,26,0,0,0,0,0,0,2,1,1
SOMERVELL COUNTY,425,76 Years,49,23,26,45,22,23,0,0,0,2,0,2,2,1,1
SOMERVELL COUNTY,425,77 Years,57,20,37,52,19,33,0,0,0,2,0,2,3,1,2
SOMERVELL COUNTY,425,78 Years,59,26,33,52,22,30,0,0,0,0,0,0,7,4,3
SOMERVELL COUNTY,425,79 Years,40,20,20,37,19,18,0,0,0,0,0,0,3,1,2
SOMERVELL COUNTY,425,80 Years,32,18,14,29,17,12,0,0,0,1,0,1,2,1,1
SOMERVELL COUNTY,425,81 Years,45,21,24,41,19,22,0,0,0,1,0,1,3,2,1
SOMERVELL COUNTY,425,82 Years,40,17,23,38,16,22,0,0,0,0,0,0,2,1,1
SOMERVELL COUNTY,425,83 Years,27,15,12,27,15,12,0,0,0,0,0,0,0,0,0
SOMERVELL COUNTY,425,84 Years,22,11,11,19,8,11,0,0,0,0,0,0,3,3,0
SOMERVELL COUNTY,425,85 Years +,169,64,105,156,56,100,0,0,0,4,3,1,9,5,4
STARR COUNTY,427,All Ages,63072,30573,32499,2827,1379,1448,12,10,2,166,81,85,60067,29103,30964
STARR COUNTY,427,< 1 Year,1351,662,689,64,37,27,0,0,0,2,1,1,1285,624,661
STARR COUNTY,427,1 Years,1352,661,691,69,28,41,0,0,0,3,1,2,1280,632,648
STARR COUNTY,427,2 Years,1341,680,661,82,32,50,0,0,0,3,2,1,1256,646,610
STARR COUNTY,427,3 Years,1313,658,655,81,31,50,0,0,0,0,0,0,1232,627,605
STARR COUNTY,427,4 Years,1311,664,647,74,37,37,0,0,0,1,1,0,1236,626,610
STARR COUNTY,427,5 Years,1029,523,506,52,22,30,0,0,0,0,0,0,977,501,476
STARR COUNTY,427,6 Years,917,450,467,36,17,19,0,0,0,3,3,0,878,430,448
STARR COUNTY,427,7 Years,877,438,439,46,22,24,0,0,0,3,1,2,828,415,413
STARR COUNTY,427,8 Years,930,479,451,49,25,24,0,0,0,3,0,3,878,454,424
STARR COUNTY,427,9 Years,959,475,484,47,19,28,0,0,0,3,1,2,909,455,454
STARR COUNTY,427,10 Years,972,484,488,42,22,20,0,0,0,5,1,4,925,461,464
STARR COUNTY,427,11 Years,984,476,508,30,15,15,0,0,0,3,2,1,951,459,492
STARR COUNTY,427,12 Years,1043,527,516,38,20,18,0,0,0,2,1,1,1003,506,497
STARR COUNTY,427,13 Years,1127,564,563,48,26,22,0,0,0,2,2,0,1077,536,541
STARR COUNTY,427,14 Years,1160,583,577,44,23,21,0,0,0,2,2,0,1114,558,556
STARR COUNTY,427,15 Years,1191,629,562,46,26,20,0,0,0,2,1,1,1143,602,541
STARR COUNTY,427,16 Years,1134,570,564,50,24,26,0,0,0,2,1,1,1082,545,537
STARR COUNTY,427,17 Years,1140,580,560,50,27,23,1,1,0,3,2,1,1086,550,536
STARR COUNTY,427,18 Years,1101,577,524,37,16,21,1,1,0,3,2,1,1060,558,502
STARR COUNTY,427,19 Years,1143,578,565,43,23,20,1,1,0,2,2,0,1097,552,545
STARR COUNTY,427,20 Years,1064,533,531,30,18,12,3,2,1,3,2,1,1028,511,517
STARR COUNTY,427,21 Years,1049,521,528,32,14,18,2,1,1,2,2,0,1013,504,509
STARR COUNTY,427,22 Years,1055,529,526,37,20,17,0,0,0,3,2,1,1015,507,508
STARR COUNTY,427,23 Years,1034,511,523,36,17,19,0,0,0,4,4,0,994,490,504
STARR COUNTY,427,24 Years,974,496,478,49,28,21,1,1,0,1,1,0,923,466,457
STARR COUNTY,427,25 Years,953,496,457,48,28,20,0,0,0,1,1,0,904,467,437
STARR COUNTY,427,26 Years,832,433,399,50,35,15,0,0,0,0,0,0,782,398,384
STARR COUNTY,427,27 Years,784,404,380,41,23,18,0,0,0,2,1,1,741,380,361
STARR COUNTY,427,28 Years,712,362,350,36,18,18,0,0,0,1,1,0,675,343,332
STARR COUNTY,427,29 Years,725,354,371,26,15,11,0,0,0,1,1,0,698,338,360
STARR COUNTY,427,30 Years,750,363,387,27,13,14,0,0,0,3,1,2,720,349,371
STARR COUNTY,427,31 Years,707,365,342,28,17,11,0,0,0,3,2,1,676,346,330
STARR COUNTY,427,32 Years,710,361,349,31,17,14,0,0,0,3,2,1,676,342,334
STARR COUNTY,427,33 Years,752,374,378,28,15,13,0,0,0,4,1,3,720,358,362
STARR COUNTY,427,34 Years,749,361,388,31,14,17,0,0,0,2,1,1,716,346,370
STARR COUNTY,427,35 Years,776,380,396,26,10,16,1,1,0,1,1,0,748,368,380
STARR COUNTY,427,36 Years,713,349,364,20,8,12,0,0,0,0,0,0,693,341,352
STARR COUNTY,427,37 Years,714,323,391,27,10,17,0,0,0,4,2,2,683,311,372
STARR COUNTY,427,38 Years,708,340,368,27,10,17,0,0,0,3,1,2,678,329,349
STARR COUNTY,427,39 Years,772,361,411,27,11,16,0,0,0,2,1,1,743,349,394
STARR COUNTY,427,40 Years,817,396,421,26,15,11,1,1,0,5,1,4,785,379,406
STARR COUNTY,427,41 Years,773,368,405,21,13,8,0,0,0,4,1,3,748,354,394
STARR COUNTY,427,42 Years,768,372,396,23,10,13,0,0,0,4,1,3,741,361,380
STARR COUNTY,427,43 Years,823,384,439,30,16,14,0,0,0,1,0,1,792,368,424
STARR COUNTY,427,44 Years,807,391,416,37,20,17,0,0,0,3,0,3,767,371,396
STARR COUNTY,427,45 Years,804,392,412,32,16,16,0,0,0,2,1,1,770,375,395
STARR COUNTY,427,46 Years,796,379,417,37,19,18,0,0,0,3,1,2,756,359,397
STARR COUNTY,427,47 Years,765,352,413,38,19,19,0,0,0,3,2,1,724,331,393
STARR COUNTY,427,48 Years,746,321,425,38,17,21,0,0,0,2,1,1,706,303,403
STARR COUNTY,427,49 Years,712,322,390,30,13,17,0,0,0,4,2,2,678,307,371
STARR COUNTY,427,50 Years,670,320,350,35,15,20,0,0,0,5,2,3,630,303,327
STARR COUNTY,427,51 Years,676,323,353,36,17,19,0,0,0,3,1,2,637,305,332
STARR COUNTY,427,52 Years,660,320,340,23,12,11,0,0,0,2,0,2,635,308,327
STARR COUNTY,427,53 Years,625,295,330,28,11,17,0,0,0,1,0,1,596,284,312
STARR COUNTY,427,54 Years,664,318,346,37,14,23,0,0,0,2,1,1,625,303,322
STARR COUNTY,427,55 Years,698,323,375,31,17,14,0,0,0,2,1,1,665,305,360
STARR COUNTY,427,56 Years,623,279,344,27,15,12,0,0,0,2,1,1,594,263,331
STARR COUNTY,427,57 Years,594,274,320,34,20,14,0,0,0,3,2,1,557,252,305
STARR COUNTY,427,58 Years,574,281,293,24,13,11,0,0,0,3,1,2,547,267,280
STARR COUNTY,427,59 Years,557,264,293,25,12,13,0,0,0,3,2,1,529,250,279
STARR COUNTY,427,60 Years,528,243,285,22,11,11,0,0,0,1,0,1,505,232,273
STARR COUNTY,427,61 Years,525,238,287,23,14,9,0,0,0,2,1,1,500,223,277
STARR COUNTY,427,62 Years,504,224,280,29,15,14,1,1,0,2,1,1,472,207,265
STARR COUNTY,427,63 Years,485,212,273,20,7,13,0,0,0,0,0,0,465,205,260
STARR COUNTY,427,64 Years,502,224,278,22,11,11,0,0,0,0,0,0,480,213,267
STARR COUNTY,427,65 Years,525,242,283,16,8,8,0,0,0,1,0,1,508,234,274
STARR COUNTY,427,66 Years,503,215,288,13,7,6,0,0,0,4,2,2,486,206,280
STARR COUNTY,427,67 Years,484,202,282,19,9,10,0,0,0,1,1,0,464,192,272
STARR COUNTY,427,68 Years,465,200,265,23,7,16,0,0,0,2,1,1,440,192,248
STARR COUNTY,427,69 Years,423,188,235,18,5,13,0,0,0,1,0,1,404,183,221
STARR COUNTY,427,70 Years,414,188,226,20,8,12,0,0,0,1,0,1,393,180,213
STARR COUNTY,427,71 Years,370,170,200,20,8,12,0,0,0,0,0,0,350,162,188
STARR COUNTY,427,72 Years,366,173,193,19,8,11,0,0,0,1,0,1,346,165,181
STARR COUNTY,427,73 Years,320,153,167,16,7,9,0,0,0,1,0,1,303,146,157
STARR COUNTY,427,74 Years,352,157,195,18,8,10,0,0,0,0,0,0,334,149,185
STARR COUNTY,427,75 Years,342,157,185,21,10,11,0,0,0,0,0,0,321,147,174
STARR COUNTY,427,76 Years,323,142,181,21,10,11,0,0,0,0,0,0,302,132,170
STARR COUNTY,427,77 Years,291,131,160,17,9,8,0,0,0,1,1,0,273,121,152
STARR COUNTY,427,78 Years,264,111,153,12,6,6,0,0,0,0,0,0,252,105,147
STARR COUNTY,427,79 Years,265,114,151,12,5,7,0,0,0,0,0,0,253,109,144
STARR COUNTY,427,80 Years,243,111,132,13,8,5,0,0,0,0,0,0,230,103,127
STARR COUNTY,427,81 Years,190,88,102,15,7,8,0,0,0,0,0,0,175,81,94
STARR COUNTY,427,82 Years,159,69,90,14,6,8,0,0,0,0,0,0,145,63,82
STARR COUNTY,427,83 Years,165,80,85,12,6,6,0,0,0,0,0,0,153,74,79
STARR COUNTY,427,84 Years,150,65,85,11,4,7,0,0,0,0,0,0,139,61,78
STARR COUNTY,427,85 Years +,854,328,526,84,38,46,0,0,0,1,0,1,769,290,479
STEPHENS COUNTY,429,All Ages,9340,4864,4476,6820,3451,3369,187,134,53,161,95,66,2172,1184,988
STEPHENS COUNTY,429,< 1 Year,113,60,53,60,34,26,0,0,0,9,5,4,44,21,23
STEPHENS COUNTY,429,1 Years,110,56,54,58,30,28,0,0,0,7,4,3,45,22,23
STEPHENS COUNTY,429,2 Years,105,54,51,57,30,27,1,0,1,7,4,3,40,20,20
STEPHENS COUNTY,429,3 Years,105,49,56,59,29,30,1,0,1,7,3,4,38,17,21
STEPHENS COUNTY,429,4 Years,110,52,58,64,32,32,1,0,1,3,1,2,42,19,23
STEPHENS COUNTY,429,5 Years,123,68,55,68,38,30,1,0,1,2,1,1,52,29,23
STEPHENS COUNTY,429,6 Years,115,59,56,64,32,32,2,2,0,4,2,2,45,23,22
STEPHENS COUNTY,429,7 Years,114,58,56,69,36,33,1,1,0,2,1,1,42,20,22
STEPHENS COUNTY,429,8 Years,139,73,66,88,42,46,2,2,0,2,1,1,47,28,19
STEPHENS COUNTY,429,9 Years,128,58,70,80,35,45,2,1,1,0,0,0,46,22,24
STEPHENS COUNTY,429,10 Years,118,58,60,70,33,37,1,0,1,4,3,1,43,22,21
STEPHENS COUNTY,429,11 Years,136,68,68,80,36,44,3,1,2,5,5,0,48,26,22
STEPHENS COUNTY,429,12 Years,114,51,63,69,30,39,2,0,2,2,2,0,41,19,22
STEPHENS COUNTY,429,13 Years,116,64,52,70,40,30,3,2,1,5,4,1,38,18,20
STEPHENS COUNTY,429,14 Years,118,62,56,70,39,31,4,3,1,2,2,0,42,18,24
STEPHENS COUNTY,429,15 Years,119,63,56,67,33,34,3,2,1,3,3,0,46,25,21
STEPHENS COUNTY,429,16 Years,130,72,58,85,43,42,2,2,0,4,4,0,39,23,16
STEPHENS COUNTY,429,17 Years,126,73,53,81,45,36,4,3,1,2,2,0,39,23,16
STEPHENS COUNTY,429,18 Years,117,63,54,79,39,40,5,3,2,2,1,1,31,20,11
STEPHENS COUNTY,429,19 Years,113,64,49,68,37,31,4,3,1,3,3,0,38,21,17
STEPHENS COUNTY,429,20 Years,136,72,64,85,46,39,4,4,0,3,1,2,44,21,23
STEPHENS COUNTY,429,21 Years,131,80,51,78,46,32,5,5,0,1,0,1,47,29,18
STEPHENS COUNTY,429,22 Years,145,94,51,87,51,36,5,5,0,1,1,0,52,37,15
STEPHENS COUNTY,429,23 Years,139,92,47,80,48,32,4,4,0,1,1,0,54,39,15
STEPHENS COUNTY,429,24 Years,137,83,54,82,46,36,5,5,0,2,2,0,48,30,18
STEPHENS COUNTY,429,25 Years,122,79,43,76,49,27,2,1,1,1,1,0,43,28,15
STEPHENS COUNTY,429,26 Years,107,67,40,64,41,23,5,5,0,1,1,0,37,20,17
STEPHENS COUNTY,429,27 Years,123,82,41,72,51,21,2,1,1,1,0,1,48,30,18
STEPHENS COUNTY,429,28 Years,115,68,47,70,40,30,9,9,0,1,1,0,35,18,17
STEPHENS COUNTY,429,29 Years,113,68,45,74,43,31,3,3,0,0,0,0,36,22,14
STEPHENS COUNTY,429,30 Years,101,61,40,57,30,27,7,7,0,1,0,1,36,24,12
STEPHENS COUNTY,429,31 Years,102,55,47,61,30,31,3,3,0,1,1,0,37,21,16
STEPHENS COUNTY,429,32 Years,102,54,48,70,39,31,4,3,1,1,1,0,27,11,16
STEPHENS COUNTY,429,33 Years,106,58,48,80,47,33,2,1,1,0,0,0,24,10,14
STEPHENS COUNTY,429,34 Years,94,49,45,61,34,27,3,2,1,3,1,2,27,12,15
STEPHENS COUNTY,429,35 Years,106,61,45,72,40,32,3,3,0,3,3,0,28,15,13
STEPHENS COUNTY,429,36 Years,91,49,42,62,31,31,1,1,0,2,1,1,26,16,10
STEPHENS COUNTY,429,37 Years,90,49,41,67,36,31,1,1,0,2,0,2,20,12,8
STEPHENS COUNTY,429,38 Years,103,44,59,72,31,41,3,1,2,4,1,3,24,11,13
STEPHENS COUNTY,429,39 Years,96,57,39,62,35,27,0,0,0,3,2,1,31,20,11
STEPHENS COUNTY,429,40 Years,85,50,35,63,37,26,3,2,1,0,0,0,19,11,8
STEPHENS COUNTY,429,41 Years,94,57,37,67,37,30,2,2,0,1,1,0,24,17,7
STEPHENS COUNTY,429,42 Years,102,50,52,72,36,36,2,2,0,1,1,0,27,11,16
STEPHENS COUNTY,429,43 Years,103,55,48,75,42,33,5,5,0,2,0,2,21,8,13
STEPHENS COUNTY,429,44 Years,108,53,55,80,39,41,4,3,1,2,2,0,22,9,13
STEPHENS COUNTY,429,45 Years,110,57,53,80,37,43,1,0,1,2,1,1,27,19,8
STEPHENS COUNTY,429,46 Years,96,53,43,71,39,32,1,1,0,0,0,0,24,13,11
STEPHENS COUNTY,429,47 Years,104,57,47,72,38,34,1,1,0,1,1,0,30,17,13
STEPHENS COUNTY,429,48 Years,95,50,45,66,33,33,0,0,0,1,0,1,28,17,11
STEPHENS COUNTY,429,49 Years,97,60,37,71,42,29,2,1,1,0,0,0,24,17,7
STEPHENS COUNTY,429,50 Years,104,56,48,78,40,38,2,1,1,0,0,0,24,15,9
STEPHENS COUNTY,429,51 Years,117,59,58,93,44,49,2,2,0,0,0,0,22,13,9
STEPHENS COUNTY,429,52 Years,115,60,55,93,51,42,0,0,0,1,0,1,21,9,12
STEPHENS COUNTY,429,53 Years,149,74,75,122,61,61,4,4,0,1,0,1,22,9,13
STEPHENS COUNTY,429,54 Years,145,77,68,114,59,55,1,1,0,2,2,0,28,15,13
STEPHENS COUNTY,429,55 Years,139,58,81,112,47,65,2,0,2,2,1,1,23,10,13
STEPHENS COUNTY,429,56 Years,115,57,58,98,50,48,2,0,2,1,0,1,14,7,7
STEPHENS COUNTY,429,57 Years,109,51,58,92,46,46,2,0,2,3,2,1,12,3,9
STEPHENS COUNTY,429,58 Years,120,53,67,101,44,57,0,0,0,3,2,1,16,7,9
STEPHENS COUNTY,429,59 Years,130,59,71,112,49,63,1,0,1,2,1,1,15,9,6
STEPHENS COUNTY,429,60 Years,134,66,68,112,54,58,3,1,2,2,1,1,17,10,7
STEPHENS COUNTY,429,61 Years,124,63,61,109,52,57,1,1,0,2,2,0,12,8,4
STEPHENS COUNTY,429,62 Years,136,67,69,123,62,61,2,0,2,2,0,2,9,5,4
STEPHENS COUNTY,429,63 Years,135,64,71,122,59,63,1,1,0,2,0,2,10,4,6
STEPHENS COUNTY,429,64 Years,114,49,65,103,47,56,3,1,2,2,0,2,6,1,5
STEPHENS COUNTY,429,65 Years,119,59,60,109,54,55,1,1,0,1,0,1,8,4,4
STEPHENS COUNTY,429,66 Years,116,61,55,101,53,48,1,1,0,2,1,1,12,6,6
STEPHENS COUNTY,429,67 Years,107,54,53,99,49,50,1,1,0,1,1,0,6,3,3
STEPHENS COUNTY,429,68 Years,107,44,63,102,43,59,1,0,1,2,0,2,2,1,1
STEPHENS COUNTY,429,69 Years,96,51,45,86,43,43,2,1,1,1,1,0,7,6,1
STEPHENS COUNTY,429,70 Years,98,50,48,88,43,45,1,1,0,1,1,0,8,5,3
STEPHENS COUNTY,429,71 Years,109,54,55,102,49,53,0,0,0,1,1,0,6,4,2
STEPHENS COUNTY,429,72 Years,93,49,44,84,43,41,2,2,0,3,2,1,4,2,2
STEPHENS COUNTY,429,73 Years,83,39,44,76,37,39,1,1,0,2,0,2,4,1,3
STEPHENS COUNTY,429,74 Years,87,45,42,82,42,40,1,0,1,1,1,0,3,2,1
STEPHENS COUNTY,429,75 Years,85,45,40,78,40,38,0,0,0,0,0,0,7,5,2
STEPHENS COUNTY,429,76 Years,76,37,39,69,33,36,3,2,1,0,0,0,4,2,2
STEPHENS COUNTY,429,77 Years,71,32,39,63,29,34,2,1,1,1,0,1,5,2,3
STEPHENS COUNTY,429,78 Years,68,31,37,63,28,35,1,1,0,1,1,0,3,1,2
STEPHENS COUNTY,429,79 Years,47,19,28,44,18,26,1,1,0,0,0,0,2,0,2
STEPHENS COUNTY,429,80 Years,57,26,31,52,23,29,1,0,1,0,0,0,4,3,1
STEPHENS COUNTY,429,81 Years,52,21,31,49,19,30,1,0,1,0,0,0,2,2,0
STEPHENS COUNTY,429,82 Years,51,19,32,43,16,27,2,1,1,0,0,0,6,2,4
STEPHENS COUNTY,429,83 Years,42,17,25,39,16,23,0,0,0,0,0,0,3,1,2
STEPHENS COUNTY,429,84 Years,39,17,22,37,15,22,0,0,0,0,0,0,2,2,0
STEPHENS COUNTY,429,85 Years +,229,92,137,215,86,129,5,2,3,2,0,2,7,4,3
STERLING COUNTY,431,All Ages,1304,658,646,829,413,416,16,12,4,32,17,15,427,216,211
STERLING COUNTY,431,< 1 Year,18,8,10,10,5,5,0,0,0,0,0,0,8,3,5
STERLING COUNTY,431,1 Years,21,10,11,11,5,6,0,0,0,0,0,0,10,5,5
STERLING COUNTY,431,2 Years,17,9,8,9,5,4,0,0,0,0,0,0,8,4,4
STERLING COUNTY,431,3 Years,13,5,8,6,3,3,0,0,0,0,0,0,7,2,5
STERLING COUNTY,431,4 Years,12,6,6,9,4,5,0,0,0,0,0,0,3,2,1
STERLING COUNTY,431,5 Years,15,7,8,9,4,5,1,1,0,1,1,0,4,1,3
STERLING COUNTY,431,6 Years,17,9,8,12,8,4,0,0,0,1,0,1,4,1,3
STERLING COUNTY,431,7 Years,23,11,12,16,9,7,0,0,0,1,0,1,6,2,4
STERLING COUNTY,431,8 Years,21,8,13,13,6,7,0,0,0,1,0,1,7,2,5
STERLING COUNTY,431,9 Years,19,8,11,11,4,7,0,0,0,2,1,1,6,3,3
STERLING COUNTY,431,10 Years,14,8,6,5,2,3,1,1,0,1,0,1,7,5,2
STERLING COUNTY,431,11 Years,18,13,5,8,5,3,0,0,0,2,2,0,8,6,2
STERLING COUNTY,431,12 Years,15,8,7,10,6,4,0,0,0,0,0,0,5,2,3
STERLING COUNTY,431,13 Years,19,9,10,11,6,5,0,0,0,1,0,1,7,3,4
STERLING COUNTY,431,14 Years,17,10,7,9,6,3,0,0,0,1,0,1,7,4,3
STERLING COUNTY,431,15 Years,15,8,7,7,4,3,0,0,0,1,1,0,7,3,4
STERLING COUNTY,431,16 Years,15,10,5,8,6,2,0,0,0,2,1,1,5,3,2
STERLING COUNTY,431,17 Years,15,11,4,10,7,3,0,0,0,0,0,0,5,4,1
STERLING COUNTY,431,18 Years,19,11,8,9,5,4,0,0,0,2,2,0,8,4,4
STERLING COUNTY,431,19 Years,12,6,6,6,3,3,0,0,0,1,1,0,5,2,3
STERLING COUNTY,431,20 Years,14,8,6,7,3,4,0,0,0,1,1,0,6,4,2
STERLING COUNTY,431,21 Years,13,9,4,5,3,2,0,0,0,1,0,1,7,6,1
STERLING COUNTY,431,22 Years,18,13,5,8,6,2,0,0,0,0,0,0,10,7,3
STERLING COUNTY,431,23 Years,17,9,8,6,2,4,0,0,0,0,0,0,11,7,4
STERLING COUNTY,431,24 Years,12,4,8,6,1,5,0,0,0,0,0,0,6,3,3
STERLING COUNTY,431,25 Years,14,7,7,11,5,6,0,0,0,0,0,0,3,2,1
STERLING COUNTY,431,26 Years,14,8,6,5,3,2,0,0,0,0,0,0,9,5,4
STERLING COUNTY,431,27 Years,12,6,6,6,3,3,0,0,0,0,0,0,6,3,3
STERLING COUNTY,431,28 Years,12,8,4,7,5,2,0,0,0,0,0,0,5,3,2
STERLING COUNTY,431,29 Years,18,9,9,12,6,6,0,0,0,1,0,1,5,3,2
STERLING COUNTY,431,30 Years,13,6,7,7,3,4,0,0,0,0,0,0,6,3,3
STERLING COUNTY,431,31 Years,10,7,3,6,5,1,1,1,0,0,0,0,3,1,2
STERLING COUNTY,431,32 Years,15,10,5,8,6,2,1,1,0,1,1,0,5,2,3
STERLING COUNTY,431,33 Years,20,10,10,13,5,8,1,1,0,1,1,0,5,3,2
STERLING COUNTY,431,34 Years,15,7,8,10,5,5,0,0,0,0,0,0,5,2,3
STERLING COUNTY,431,35 Years,16,9,7,11,5,6,0,0,0,0,0,0,5,4,1
STERLING COUNTY,431,36 Years,18,6,12,13,4,9,0,0,0,0,0,0,5,2,3
STERLING COUNTY,431,37 Years,14,5,9,10,3,7,0,0,0,0,0,0,4,2,2
STERLING COUNTY,431,38 Years,15,8,7,9,4,5,0,0,0,0,0,0,6,4,2
STERLING COUNTY,431,39 Years,14,9,5,8,5,3,1,1,0,0,0,0,5,3,2
STERLING COUNTY,431,40 Years,9,4,5,7,3,4,0,0,0,0,0,0,2,1,1
STERLING COUNTY,431,41 Years,6,3,3,5,3,2,0,0,0,0,0,0,1,0,1
STERLING COUNTY,431,42 Years,12,5,7,8,5,3,0,0,0,0,0,0,4,0,4
STERLING COUNTY,431,43 Years,10,3,7,7,2,5,0,0,0,0,0,0,3,1,2
STERLING COUNTY,431,44 Years,8,2,6,4,2,2,0,0,0,0,0,0,4,0,4
STERLING COUNTY,431,45 Years,15,8,7,10,5,5,0,0,0,0,0,0,5,3,2
STERLING COUNTY,431,46 Years,14,6,8,11,5,6,0,0,0,0,0,0,3,1,2
STERLING COUNTY,431,47 Years,16,6,10,8,3,5,2,1,1,0,0,0,6,2,4
STERLING COUNTY,431,48 Years,20,11,9,9,5,4,1,1,0,0,0,0,10,5,5
STERLING COUNTY,431,49 Years,17,6,11,12,4,8,0,0,0,0,0,0,5,2,3
STERLING COUNTY,431,50 Years,16,7,9,12,5,7,0,0,0,0,0,0,4,2,2
STERLING COUNTY,431,51 Years,21,10,11,14,6,8,0,0,0,0,0,0,7,4,3
STERLING COUNTY,431,52 Years,20,9,11,12,6,6,0,0,0,0,0,0,8,3,5
STERLING COUNTY,431,53 Years,18,11,7,11,7,4,0,0,0,1,1,0,6,3,3
STERLING COUNTY,431,54 Years,19,11,8,11,6,5,0,0,0,1,1,0,7,4,3
STERLING COUNTY,431,55 Years,20,13,7,12,9,3,1,1,0,0,0,0,7,3,4
STERLING COUNTY,431,56 Years,21,12,9,15,9,6,0,0,0,0,0,0,6,3,3
STERLING COUNTY,431,57 Years,25,13,12,19,10,9,0,0,0,0,0,0,6,3,3
STERLING COUNTY,431,58 Years,22,9,13,15,5,10,0,0,0,1,0,1,6,4,2
STERLING COUNTY,431,59 Years,18,7,11,13,5,8,0,0,0,2,0,2,3,2,1
STERLING COUNTY,431,60 Years,21,11,10,14,5,9,0,0,0,1,1,0,6,5,1
STERLING COUNTY,431,61 Years,19,8,11,12,5,7,0,0,0,0,0,0,7,3,4
STERLING COUNTY,431,62 Years,11,3,8,8,3,5,0,0,0,0,0,0,3,0,3
STERLING COUNTY,431,63 Years,15,8,7,11,5,6,0,0,0,1,1,0,3,2,1
STERLING COUNTY,431,64 Years,13,4,9,11,3,8,0,0,0,0,0,0,2,1,1
STERLING COUNTY,431,65 Years,16,10,6,14,9,5,0,0,0,0,0,0,2,1,1
STERLING COUNTY,431,66 Years,19,8,11,17,7,10,0,0,0,0,0,0,2,1,1
STERLING COUNTY,431,67 Years,18,13,5,13,9,4,0,0,0,0,0,0,5,4,1
STERLING COUNTY,431,68 Years,21,14,7,14,11,3,0,0,0,1,0,1,6,3,3
STERLING COUNTY,431,69 Years,12,8,4,7,5,2,0,0,0,0,0,0,5,3,2
STERLING COUNTY,431,70 Years,9,5,4,7,4,3,0,0,0,0,0,0,2,1,1
STERLING COUNTY,431,71 Years,13,7,6,10,5,5,0,0,0,1,1,0,2,1,1
STERLING COUNTY,431,72 Years,11,4,7,7,3,4,0,0,0,0,0,0,4,1,3
STERLING COUNTY,431,73 Years,9,4,5,7,3,4,0,0,0,0,0,0,2,1,1
STERLING COUNTY,431,74 Years,11,3,8,8,2,6,1,1,0,0,0,0,2,0,2
STERLING COUNTY,431,75 Years,9,4,5,6,3,3,1,1,0,0,0,0,2,0,2
STERLING COUNTY,431,76 Years,6,3,3,4,2,2,0,0,0,0,0,0,2,1,1
STERLING COUNTY,431,77 Years,6,1,5,4,1,3,0,0,0,0,0,0,2,0,2
STERLING COUNTY,431,78 Years,12,6,6,10,6,4,0,0,0,0,0,0,2,0,2
STERLING COUNTY,431,79 Years,7,2,5,6,2,4,0,0,0,0,0,0,1,0,1
STERLING COUNTY,431,80 Years,14,7,7,11,4,7,0,0,0,0,0,0,3,3,0
STERLING COUNTY,431,81 Years,12,5,7,10,3,7,0,0,0,0,0,0,2,2,0
STERLING COUNTY,431,82 Years,7,5,2,6,4,2,0,0,0,0,0,0,1,1,0
STERLING COUNTY,431,83 Years,8,4,4,6,3,3,1,0,1,0,0,0,1,1,0
STERLING COUNTY,431,84 Years,8,4,4,6,3,3,1,0,1,0,0,0,1,1,0
STERLING COUNTY,431,85 Years +,41,18,23,28,13,15,2,1,1,1,0,1,10,4,6
STONEWALL COUNTY,433,All Ages,1411,674,737,1123,541,582,29,16,13,41,17,24,218,100,118
STONEWALL COUNTY,433,< 1 Year,16,8,8,12,6,6,0,0,0,2,1,1,2,1,1
STONEWALL COUNTY,433,1 Years,15,7,8,11,5,6,0,0,0,1,0,1,3,2,1
STONEWALL COUNTY,433,2 Years,12,6,6,8,4,4,0,0,0,0,0,0,4,2,2
STONEWALL COUNTY,433,3 Years,11,6,5,7,4,3,0,0,0,0,0,0,4,2,2
STONEWALL COUNTY,433,4 Years,10,5,5,7,4,3,0,0,0,0,0,0,3,1,2
STONEWALL COUNTY,433,5 Years,9,3,6,7,2,5,0,0,0,0,0,0,2,1,1
STONEWALL COUNTY,433,6 Years,20,7,13,10,4,6,1,0,1,3,1,2,6,2,4
STONEWALL COUNTY,433,7 Years,10,4,6,6,3,3,0,0,0,1,0,1,3,1,2
STONEWALL COUNTY,433,8 Years,18,6,12,15,4,11,0,0,0,0,0,0,3,2,1
STONEWALL COUNTY,433,9 Years,21,9,12,14,6,8,0,0,0,0,0,0,7,3,4
STONEWALL COUNTY,433,10 Years,19,11,8,15,8,7,0,0,0,0,0,0,4,3,1
STONEWALL COUNTY,433,11 Years,20,9,11,10,4,6,0,0,0,2,2,0,8,3,5
STONEWALL COUNTY,433,12 Years,22,12,10,14,7,7,0,0,0,4,2,2,4,3,1
STONEWALL COUNTY,433,13 Years,20,12,8,13,7,6,2,0,2,1,1,0,4,4,0
STONEWALL COUNTY,433,14 Years,21,9,12,17,7,10,0,0,0,1,0,1,3,2,1
STONEWALL COUNTY,433,15 Years,14,8,6,10,6,4,0,0,0,0,0,0,4,2,2
STONEWALL COUNTY,433,16 Years,18,6,12,10,4,6,1,1,0,2,0,2,5,1,4
STONEWALL COUNTY,433,17 Years,20,10,10,15,7,8,1,1,0,1,1,0,3,1,2
STONEWALL COUNTY,433,18 Years,15,6,9,13,5,8,1,1,0,0,0,0,1,0,1
STONEWALL COUNTY,433,19 Years,12,5,7,9,3,6,1,1,0,0,0,0,2,1,1
STONEWALL COUNTY,433,20 Years,16,7,9,11,4,7,1,1,0,0,0,0,4,2,2
STONEWALL COUNTY,433,21 Years,18,10,8,10,6,4,1,1,0,0,0,0,7,3,4
STONEWALL COUNTY,433,22 Years,18,12,6,13,9,4,0,0,0,0,0,0,5,3,2
STONEWALL COUNTY,433,23 Years,15,10,5,10,7,3,0,0,0,1,1,0,4,2,2
STONEWALL COUNTY,433,24 Years,11,6,5,7,5,2,0,0,0,1,0,1,3,1,2
STONEWALL COUNTY,433,25 Years,15,11,4,11,8,3,3,2,1,0,0,0,1,1,0
STONEWALL COUNTY,433,26 Years,12,7,5,9,6,3,0,0,0,1,1,0,2,0,2
STONEWALL COUNTY,433,27 Years,7,4,3,5,3,2,0,0,0,0,0,0,2,1,1
STONEWALL COUNTY,433,28 Years,7,5,2,4,4,0,0,0,0,0,0,0,3,1,2
STONEWALL COUNTY,433,29 Years,12,6,6,8,4,4,0,0,0,0,0,0,4,2,2
STONEWALL COUNTY,433,30 Years,10,4,6,8,4,4,0,0,0,0,0,0,2,0,2
STONEWALL COUNTY,433,31 Years,10,4,6,9,4,5,0,0,0,0,0,0,1,0,1
STONEWALL COUNTY,433,32 Years,14,7,7,9,5,4,0,0,0,2,0,2,3,2,1
STONEWALL COUNTY,433,33 Years,15,6,9,11,5,6,0,0,0,1,0,1,3,1,2
STONEWALL COUNTY,433,34 Years,15,6,9,11,5,6,0,0,0,1,1,0,3,0,3
STONEWALL COUNTY,433,35 Years,14,7,7,10,6,4,0,0,0,0,0,0,4,1,3
STONEWALL COUNTY,433,36 Years,15,5,10,11,4,7,1,0,1,1,0,1,2,1,1
STONEWALL COUNTY,433,37 Years,11,4,7,8,3,5,1,0,1,0,0,0,2,1,1
STONEWALL COUNTY,433,38 Years,12,7,5,10,6,4,0,0,0,1,0,1,1,1,0
STONEWALL COUNTY,433,39 Years,12,7,5,9,5,4,0,0,0,1,0,1,2,2,0
STONEWALL COUNTY,433,40 Years,14,5,9,12,5,7,0,0,0,1,0,1,1,0,1
STONEWALL COUNTY,433,41 Years,15,10,5,11,7,4,0,0,0,1,1,0,3,2,1
STONEWALL COUNTY,433,42 Years,12,7,5,10,5,5,0,0,0,0,0,0,2,2,0
STONEWALL COUNTY,433,43 Years,15,6,9,10,4,6,0,0,0,0,0,0,5,2,3
STONEWALL COUNTY,433,44 Years,19,8,11,15,8,7,0,0,0,0,0,0,4,0,4
STONEWALL COUNTY,433,45 Years,14,7,7,13,7,6,0,0,0,0,0,0,1,0,1
STONEWALL COUNTY,433,46 Years,14,9,5,8,6,2,1,1,0,1,1,0,4,1,3
STONEWALL COUNTY,433,47 Years,14,9,5,9,6,3,1,1,0,0,0,0,4,2,2
STONEWALL COUNTY,433,48 Years,16,8,8,14,7,7,0,0,0,0,0,0,2,1,1
STONEWALL COUNTY,433,49 Years,20,10,10,20,10,10,0,0,0,0,0,0,0,0,0
STONEWALL COUNTY,433,50 Years,19,11,8,16,9,7,1,1,0,1,1,0,1,0,1
STONEWALL COUNTY,433,51 Years,22,8,14,20,8,12,1,0,1,0,0,0,1,0,1
STONEWALL COUNTY,433,52 Years,20,9,11,17,9,8,1,0,1,0,0,0,2,0,2
STONEWALL COUNTY,433,53 Years,23,13,10,19,10,9,0,0,0,0,0,0,4,3,1
STONEWALL COUNTY,433,54 Years,20,10,10,17,8,9,0,0,0,0,0,0,3,2,1
STONEWALL COUNTY,433,55 Years,17,9,8,15,7,8,1,1,0,0,0,0,1,1,0
STONEWALL COUNTY,433,56 Years,19,9,10,18,8,10,0,0,0,0,0,0,1,1,0
STONEWALL COUNTY,433,57 Years,22,14,8,19,11,8,0,0,0,0,0,0,3,3,0
STONEWALL COUNTY,433,58 Years,25,12,13,18,8,10,0,0,0,1,1,0,6,3,3
STONEWALL COUNTY,433,59 Years,22,11,11,18,9,9,1,0,1,0,0,0,3,2,1
STONEWALL COUNTY,433,60 Years,21,7,14,20,7,13,0,0,0,0,0,0,1,0,1
STONEWALL COUNTY,433,61 Years,17,10,7,15,9,6,0,0,0,0,0,0,2,1,1
STONEWALL COUNTY,433,62 Years,17,8,9,14,7,7,0,0,0,0,0,0,3,1,2
STONEWALL COUNTY,433,63 Years,20,12,8,18,11,7,0,0,0,1,1,0,1,0,1
STONEWALL COUNTY,433,64 Years,20,11,9,19,10,9,0,0,0,0,0,0,1,1,0
STONEWALL COUNTY,433,65 Years,17,9,8,16,9,7,0,0,0,0,0,0,1,0,1
STONEWALL COUNTY,433,66 Years,25,11,14,22,10,12,0,0,0,1,0,1,2,1,1
STONEWALL COUNTY,433,67 Years,18,9,9,15,7,8,0,0,0,1,0,1,2,2,0
STONEWALL COUNTY,433,68 Years,18,8,10,15,7,8,0,0,0,0,0,0,3,1,2
STONEWALL COUNTY,433,69 Years,18,7,11,16,7,9,0,0,0,0,0,0,2,0,2
STONEWALL COUNTY,433,70 Years,19,9,10,18,9,9,0,0,0,0,0,0,1,0,1
STONEWALL COUNTY,433,71 Years,26,11,15,23,11,12,1,0,1,1,0,1,1,0,1
STONEWALL COUNTY,433,72 Years,13,7,6,11,6,5,0,0,0,1,0,1,1,1,0
STONEWALL COUNTY,433,73 Years,10,3,7,9,2,7,0,0,0,0,0,0,1,1,0
STONEWALL COUNTY,433,74 Years,11,5,6,11,5,6,0,0,0,0,0,0,0,0,0
STONEWALL COUNTY,433,75 Years,14,7,7,12,6,6,1,1,0,0,0,0,1,0,1
STONEWALL COUNTY,433,76 Years,21,7,14,19,6,13,1,1,0,0,0,0,1,0,1
STONEWALL COUNTY,433,77 Years,14,5,9,13,5,8,1,0,1,0,0,0,0,0,0
STONEWALL COUNTY,433,78 Years,13,7,6,12,6,6,0,0,0,1,1,0,0,0,0
STONEWALL COUNTY,433,79 Years,13,6,7,11,5,6,1,1,0,0,0,0,1,0,1
STONEWALL COUNTY,433,80 Years,10,2,8,8,2,6,1,0,1,1,0,1,0,0,0
STONEWALL COUNTY,433,81 Years,13,4,9,12,3,9,0,0,0,0,0,0,1,1,0
STONEWALL COUNTY,433,82 Years,15,6,9,15,6,9,0,0,0,0,0,0,0,0,0
STONEWALL COUNTY,433,83 Years,14,8,6,12,6,6,1,1,0,0,0,0,1,1,0
STONEWALL COUNTY,433,84 Years,11,6,5,9,5,4,0,0,0,0,0,0,2,1,1
STONEWALL COUNTY,433,85 Years +,59,20,39,52,19,33,1,0,1,1,0,1,5,1,4
SUTTON COUNTY,435,All Ages,4029,2007,2022,1535,744,791,6,6,0,20,13,7,2468,1244,1224
SUTTON COUNTY,435,< 1 Year,50,27,23,12,6,6,0,0,0,1,1,0,37,20,17
SUTTON COUNTY,435,1 Years,54,27,27,16,8,8,0,0,0,1,1,0,37,18,19
SUTTON COUNTY,435,2 Years,52,26,26,17,9,8,0,0,0,0,0,0,35,17,18
SUTTON COUNTY,435,3 Years,52,29,23,15,9,6,0,0,0,0,0,0,37,20,17
SUTTON COUNTY,435,4 Years,48,27,21,13,8,5,0,0,0,0,0,0,35,19,16
SUTTON COUNTY,435,5 Years,66,29,37,18,7,11,0,0,0,0,0,0,48,22,26
SUTTON COUNTY,435,6 Years,66,36,30,22,14,8,0,0,0,1,1,0,43,21,22
SUTTON COUNTY,435,7 Years,59,27,32,15,10,5,0,0,0,0,0,0,44,17,27
SUTTON COUNTY,435,8 Years,52,26,26,12,6,6,0,0,0,0,0,0,40,20,20
SUTTON COUNTY,435,9 Years,43,23,20,8,5,3,0,0,0,0,0,0,35,18,17
SUTTON COUNTY,435,10 Years,45,22,23,9,5,4,0,0,0,1,1,0,35,16,19
SUTTON COUNTY,435,11 Years,59,27,32,14,5,9,0,0,0,1,1,0,44,21,23
SUTTON COUNTY,435,12 Years,58,30,28,17,9,8,0,0,0,0,0,0,41,21,20
SUTTON COUNTY,435,13 Years,57,25,32,21,9,12,0,0,0,0,0,0,36,16,20
SUTTON COUNTY,435,14 Years,62,27,35,22,9,13,0,0,0,1,1,0,39,17,22
SUTTON COUNTY,435,15 Years,69,33,36,17,7,10,0,0,0,2,1,1,50,25,25
SUTTON COUNTY,435,16 Years,70,43,27,23,14,9,0,0,0,0,0,0,47,29,18
SUTTON COUNTY,435,17 Years,53,28,25,18,11,7,0,0,0,0,0,0,35,17,18
SUTTON COUNTY,435,18 Years,56,30,26,16,8,8,0,0,0,0,0,0,40,22,18
SUTTON COUNTY,435,19 Years,56,29,27,15,6,9,0,0,0,0,0,0,41,23,18
SUTTON COUNTY,435,20 Years,54,32,22,15,8,7,0,0,0,0,0,0,39,24,15
SUTTON COUNTY,435,21 Years,58,28,30,20,8,12,0,0,0,0,0,0,38,20,18
SUTTON COUNTY,435,22 Years,70,34,36,21,9,12,1,1,0,0,0,0,48,24,24
SUTTON COUNTY,435,23 Years,65,28,37,17,9,8,1,1,0,0,0,0,47,18,29
SUTTON COUNTY,435,24 Years,49,24,25,11,4,7,0,0,0,0,0,0,38,20,18
SUTTON COUNTY,435,25 Years,37,21,16,3,1,2,0,0,0,0,0,0,34,20,14
SUTTON COUNTY,435,26 Years,38,21,17,8,4,4,0,0,0,1,1,0,29,16,13
SUTTON COUNTY,435,27 Years,38,20,18,12,7,5,0,0,0,0,0,0,26,13,13
SUTTON COUNTY,435,28 Years,36,21,15,10,6,4,0,0,0,0,0,0,26,15,11
SUTTON COUNTY,435,29 Years,32,14,18,12,5,7,0,0,0,0,0,0,20,9,11
SUTTON COUNTY,435,30 Years,33,14,19,12,4,8,0,0,0,0,0,0,21,10,11
SUTTON COUNTY,435,31 Years,39,16,23,13,5,8,0,0,0,0,0,0,26,11,15
SUTTON COUNTY,435,32 Years,39,19,20,15,7,8,0,0,0,0,0,0,24,12,12
SUTTON COUNTY,435,33 Years,44,22,22,17,8,9,0,0,0,0,0,0,27,14,13
SUTTON COUNTY,435,34 Years,44,22,22,13,4,9,0,0,0,0,0,0,31,18,13
SUTTON COUNTY,435,35 Years,52,23,29,13,5,8,0,0,0,0,0,0,39,18,21
SUTTON COUNTY,435,36 Years,43,24,19,13,6,7,1,1,0,0,0,0,29,17,12
SUTTON COUNTY,435,37 Years,42,23,19,16,10,6,0,0,0,1,1,0,25,12,13
SUTTON COUNTY,435,38 Years,29,15,14,8,5,3,0,0,0,0,0,0,21,10,11
SUTTON COUNTY,435,39 Years,40,18,22,12,4,8,0,0,0,0,0,0,28,14,14
SUTTON COUNTY,435,40 Years,41,20,21,11,7,4,1,1,0,1,0,1,28,12,16
SUTTON COUNTY,435,41 Years,43,21,22,14,7,7,0,0,0,1,1,0,28,13,15
SUTTON COUNTY,435,42 Years,45,20,25,13,7,6,0,0,0,0,0,0,32,13,19
SUTTON COUNTY,435,43 Years,45,20,25,17,6,11,0,0,0,0,0,0,28,14,14
SUTTON COUNTY,435,44 Years,49,22,27,22,8,14,0,0,0,0,0,0,27,14,13
SUTTON COUNTY,435,45 Years,58,26,32,18,7,11,0,0,0,0,0,0,40,19,21
SUTTON COUNTY,435,46 Years,53,30,23,18,10,8,1,1,0,0,0,0,34,19,15
SUTTON COUNTY,435,47 Years,47,25,22,21,12,9,0,0,0,0,0,0,26,13,13
SUTTON COUNTY,435,48 Years,47,27,20,16,9,7,0,0,0,0,0,0,31,18,13
SUTTON COUNTY,435,49 Years,46,28,18,18,10,8,0,0,0,1,0,1,27,18,9
SUTTON COUNTY,435,50 Years,43,21,22,20,8,12,0,0,0,2,0,2,21,13,8
SUTTON COUNTY,435,51 Years,54,22,32,24,8,16,0,0,0,1,0,1,29,14,15
SUTTON COUNTY,435,52 Years,58,32,26,26,14,12,0,0,0,0,0,0,32,18,14
SUTTON COUNTY,435,53 Years,64,35,29,30,14,16,0,0,0,0,0,0,34,21,13
SUTTON COUNTY,435,54 Years,56,28,28,28,12,16,0,0,0,0,0,0,28,16,12
SUTTON COUNTY,435,55 Years,61,28,33,28,14,14,0,0,0,0,0,0,33,14,19
SUTTON COUNTY,435,56 Years,56,27,29,25,12,13,0,0,0,0,0,0,31,15,16
SUTTON COUNTY,435,57 Years,55,29,26,23,14,9,0,0,0,0,0,0,32,15,17
SUTTON COUNTY,435,58 Years,53,24,29,25,10,15,0,0,0,0,0,0,28,14,14
SUTTON COUNTY,435,59 Years,67,33,34,38,16,22,0,0,0,0,0,0,29,17,12
SUTTON COUNTY,435,60 Years,60,29,31,31,15,16,0,0,0,0,0,0,29,14,15
SUTTON COUNTY,435,61 Years,67,31,36,34,18,16,0,0,0,1,0,1,32,13,19
SUTTON COUNTY,435,62 Years,59,25,34,29,13,16,0,0,0,0,0,0,30,12,18
SUTTON COUNTY,435,63 Years,50,25,25,22,10,12,0,0,0,0,0,0,28,15,13
SUTTON COUNTY,435,64 Years,53,28,25,25,15,10,0,0,0,0,0,0,28,13,15
SUTTON COUNTY,435,65 Years,41,19,22,23,12,11,0,0,0,0,0,0,18,7,11
SUTTON COUNTY,435,66 Years,45,26,19,20,12,8,0,0,0,0,0,0,25,14,11
SUTTON COUNTY,435,67 Years,45,26,19,22,13,9,0,0,0,0,0,0,23,13,10
SUTTON COUNTY,435,68 Years,47,25,22,29,18,11,0,0,0,0,0,0,18,7,11
SUTTON COUNTY,435,69 Years,42,23,19,24,14,10,0,0,0,0,0,0,18,9,9
SUTTON COUNTY,435,70 Years,34,17,17,19,9,10,1,1,0,1,1,0,13,6,7
SUTTON COUNTY,435,71 Years,38,19,19,20,8,12,0,0,0,1,1,0,17,10,7
SUTTON COUNTY,435,72 Years,35,19,16,23,13,10,0,0,0,0,0,0,12,6,6
SUTTON COUNTY,435,73 Years,32,19,13,21,11,10,0,0,0,1,1,0,10,7,3
SUTTON COUNTY,435,74 Years,26,9,17,15,5,10,0,0,0,0,0,0,11,4,7
SUTTON COUNTY,435,75 Years,21,11,10,13,7,6,0,0,0,0,0,0,8,4,4
SUTTON COUNTY,435,76 Years,22,11,11,13,5,8,0,0,0,0,0,0,9,6,3
SUTTON COUNTY,435,77 Years,21,11,10,12,5,7,0,0,0,0,0,0,9,6,3
SUTTON COUNTY,435,78 Years,27,16,11,13,8,5,0,0,0,0,0,0,14,8,6
SUTTON COUNTY,435,79 Years,31,16,15,17,8,9,0,0,0,0,0,0,14,8,6
SUTTON COUNTY,435,80 Years,20,10,10,10,6,4,0,0,0,0,0,0,10,4,6
SUTTON COUNTY,435,81 Years,16,7,9,11,5,6,0,0,0,0,0,0,5,2,3
SUTTON COUNTY,435,82 Years,21,11,10,14,5,9,0,0,0,0,0,0,7,6,1
SUTTON COUNTY,435,83 Years,23,9,14,11,4,7,0,0,0,0,0,0,12,5,7
SUTTON COUNTY,435,84 Years,21,9,12,11,4,7,0,0,0,0,0,0,10,5,5
SUTTON COUNTY,435,85 Years +,82,28,54,37,12,25,0,0,0,0,0,0,45,16,29
SWISHER COUNTY,437,All Ages,7523,4015,3508,3594,1836,1758,550,385,165,125,56,69,3254,1738,1516
SWISHER COUNTY,437,< 1 Year,93,49,44,35,22,13,6,3,3,3,2,1,49,22,27
SWISHER COUNTY,437,1 Years,93,49,44,30,18,12,5,3,2,3,2,1,55,26,29
SWISHER COUNTY,437,2 Years,88,45,43,23,12,11,4,2,2,0,0,0,61,31,30
SWISHER COUNTY,437,3 Years,99,50,49,29,17,12,3,2,1,3,1,2,64,30,34
SWISHER COUNTY,437,4 Years,99,53,46,29,17,12,4,3,1,0,0,0,66,33,33
SWISHER COUNTY,437,5 Years,116,52,64,34,15,19,4,2,2,4,2,2,74,33,41
SWISHER COUNTY,437,6 Years,119,61,58,35,16,19,7,2,5,4,3,1,73,40,33
SWISHER COUNTY,437,7 Years,110,60,50,40,20,20,5,2,3,5,3,2,60,35,25
SWISHER COUNTY,437,8 Years,115,58,57,37,18,19,9,4,5,7,5,2,62,31,31
SWISHER COUNTY,437,9 Years,112,54,58,41,19,22,11,4,7,4,2,2,56,29,27
SWISHER COUNTY,437,10 Years,120,67,53,47,27,20,10,5,5,4,2,2,59,33,26
SWISHER COUNTY,437,11 Years,108,53,55,39,18,21,10,5,5,3,2,1,56,28,28
SWISHER COUNTY,437,12 Years,100,54,46,40,23,17,6,3,3,4,2,2,50,26,24
SWISHER COUNTY,437,13 Years,93,51,42,36,21,15,6,3,3,2,1,1,49,26,23
SWISHER COUNTY,437,14 Years,113,61,52,43,21,22,5,2,3,1,1,0,64,37,27
SWISHER COUNTY,437,15 Years,108,52,56,47,23,24,8,3,5,3,1,2,50,25,25
SWISHER COUNTY,437,16 Years,105,46,59,44,22,22,7,4,3,0,0,0,54,20,34
SWISHER COUNTY,437,17 Years,92,43,49,34,15,19,2,1,1,2,1,1,54,26,28
SWISHER COUNTY,437,18 Years,103,53,50,35,19,16,10,5,5,2,1,1,56,28,28
SWISHER COUNTY,437,19 Years,100,55,45,39,22,17,12,7,5,1,0,1,48,26,22
SWISHER COUNTY,437,20 Years,97,58,39,31,13,18,7,5,2,1,0,1,58,40,18
SWISHER COUNTY,437,21 Years,105,56,49,26,10,16,8,6,2,2,1,1,69,39,30
SWISHER COUNTY,437,22 Years,123,67,56,45,24,21,13,11,2,3,1,2,62,31,31
SWISHER COUNTY,437,23 Years,118,68,50,40,23,17,10,9,1,1,0,1,67,36,31
SWISHER COUNTY,437,24 Years,117,75,42,48,32,16,13,11,2,2,2,0,54,30,24
SWISHER COUNTY,437,25 Years,102,69,33,39,30,9,12,11,1,1,1,0,50,27,23
SWISHER COUNTY,437,26 Years,103,70,33,32,23,9,13,10,3,0,0,0,58,37,21
SWISHER COUNTY,437,27 Years,110,73,37,32,21,11,15,14,1,3,2,1,60,36,24
SWISHER COUNTY,437,28 Years,110,72,38,34,21,13,15,15,0,2,1,1,59,35,24
SWISHER COUNTY,437,29 Years,108,80,28,32,22,10,19,18,1,2,1,1,55,39,16
SWISHER COUNTY,437,30 Years,102,64,38,37,22,15,15,12,3,2,1,1,48,29,19
SWISHER COUNTY,437,31 Years,82,45,37,23,10,13,16,14,2,2,1,1,41,20,21
SWISHER COUNTY,437,32 Years,89,50,39,29,15,14,17,14,3,1,0,1,42,21,21
SWISHER COUNTY,437,33 Years,86,48,38,29,10,19,10,9,1,1,0,1,46,29,17
SWISHER COUNTY,437,34 Years,89,56,33,36,16,20,8,7,1,1,0,1,44,33,11
SWISHER COUNTY,437,35 Years,81,49,32,35,19,16,10,8,2,0,0,0,36,22,14
SWISHER COUNTY,437,36 Years,92,55,37,39,18,21,9,7,2,1,1,0,43,29,14
SWISHER COUNTY,437,37 Years,81,46,35,32,14,18,11,9,2,0,0,0,38,23,15
SWISHER COUNTY,437,38 Years,78,46,32,36,19,17,7,5,2,0,0,0,35,22,13
SWISHER COUNTY,437,39 Years,85,51,34,41,23,18,12,8,4,1,0,1,31,20,11
SWISHER COUNTY,437,40 Years,85,51,34,38,22,16,9,7,2,2,1,1,36,21,15
SWISHER COUNTY,437,41 Years,51,30,21,27,16,11,4,3,1,2,1,1,18,10,8
SWISHER COUNTY,437,42 Years,68,38,30,30,15,15,10,9,1,2,1,1,26,13,13
SWISHER COUNTY,437,43 Years,62,33,29,28,18,10,5,5,0,1,0,1,28,10,18
SWISHER COUNTY,437,44 Years,71,35,36,31,16,15,4,3,1,1,0,1,35,16,19
SWISHER COUNTY,437,45 Years,83,41,42,41,20,21,6,6,0,0,0,0,36,15,21
SWISHER COUNTY,437,46 Years,94,46,48,37,17,20,10,9,1,1,0,1,46,20,26
SWISHER COUNTY,437,47 Years,75,44,31,39,23,16,7,7,0,1,0,1,28,14,14
SWISHER COUNTY,437,48 Years,75,47,28,38,25,13,5,5,0,1,0,1,31,17,14
SWISHER COUNTY,437,49 Years,88,48,40,41,23,18,10,6,4,1,1,0,36,18,18
SWISHER COUNTY,437,50 Years,99,54,45,47,25,22,9,7,2,1,0,1,42,22,20
SWISHER COUNTY,437,51 Years,105,56,49,42,19,23,10,8,2,2,1,1,51,28,23
SWISHER COUNTY,437,52 Years,100,54,46,47,24,23,6,5,1,1,1,0,46,24,22
SWISHER COUNTY,437,53 Years,89,44,45,48,20,28,3,3,0,0,0,0,38,21,17
SWISHER COUNTY,437,54 Years,99,49,50,53,23,30,8,5,3,0,0,0,38,21,17
SWISHER COUNTY,437,55 Years,88,48,40,53,30,23,4,2,2,1,0,1,30,16,14
SWISHER COUNTY,437,56 Years,84,48,36,56,32,24,2,2,0,1,1,0,25,13,12
SWISHER COUNTY,437,57 Years,87,50,37,45,24,21,3,2,1,0,0,0,39,24,15
SWISHER COUNTY,437,58 Years,93,46,47,59,31,28,4,0,4,0,0,0,30,15,15
SWISHER COUNTY,437,59 Years,88,46,42,61,33,28,2,1,1,0,0,0,25,12,13
SWISHER COUNTY,437,60 Years,86,43,43,59,31,28,1,1,0,0,0,0,26,11,15
SWISHER COUNTY,437,61 Years,88,47,41,65,34,31,3,2,1,1,0,1,19,11,8
SWISHER COUNTY,437,62 Years,96,53,43,70,37,33,4,1,3,0,0,0,22,15,7
SWISHER COUNTY,437,63 Years,98,53,45,66,34,32,6,3,3,0,0,0,26,16,10
SWISHER COUNTY,437,64 Years,93,46,47,68,32,36,4,2,2,2,2,0,19,10,9
SWISHER COUNTY,437,65 Years,82,40,42,57,29,28,3,1,2,2,0,2,20,10,10
SWISHER COUNTY,437,66 Years,76,44,32,53,30,23,2,1,1,1,0,1,20,13,7
SWISHER COUNTY,437,67 Years,77,43,34,54,32,22,1,0,1,3,1,2,19,10,9
SWISHER COUNTY,437,68 Years,72,33,39,55,27,28,2,0,2,3,1,2,12,5,7
SWISHER COUNTY,437,69 Years,67,27,40,51,21,30,2,0,2,0,0,0,14,6,8
SWISHER COUNTY,437,70 Years,59,25,34,40,16,24,3,2,1,1,0,1,15,7,8
SWISHER COUNTY,437,71 Years,74,34,40,49,23,26,2,2,0,2,0,2,21,9,12
SWISHER COUNTY,437,72 Years,64,31,33,42,22,20,3,1,2,1,0,1,18,8,10
SWISHER COUNTY,437,73 Years,57,26,31,39,18,21,2,1,1,0,0,0,16,7,9
SWISHER COUNTY,437,74 Years,55,24,31,39,18,21,1,1,0,1,1,0,14,4,10
SWISHER COUNTY,437,75 Years,55,28,27,39,20,19,2,0,2,0,0,0,14,8,6
SWISHER COUNTY,437,76 Years,59,31,28,37,22,15,2,1,1,2,0,2,18,8,10
SWISHER COUNTY,437,77 Years,54,23,31,31,15,16,3,1,2,1,0,1,19,7,12
SWISHER COUNTY,437,78 Years,41,15,26,29,10,19,1,0,1,0,0,0,11,5,6
SWISHER COUNTY,437,79 Years,45,11,34,39,9,30,1,0,1,0,0,0,5,2,3
SWISHER COUNTY,437,80 Years,38,12,26,29,7,22,1,0,1,0,0,0,8,5,3
SWISHER COUNTY,437,81 Years,41,16,25,30,13,17,2,0,2,0,0,0,9,3,6
SWISHER COUNTY,437,82 Years,42,21,21,34,17,17,1,1,0,0,0,0,7,3,4
SWISHER COUNTY,437,83 Years,38,21,17,29,16,13,0,0,0,0,0,0,9,5,4
SWISHER COUNTY,437,84 Years,31,13,18,27,10,17,0,0,0,0,0,0,4,3,1
SWISHER COUNTY,437,85 Years +,207,83,124,169,67,102,3,1,2,6,1,5,29,14,15
TARRANT COUNTY,439,All Ages,1960741,963897,996844,916941,449874,467067,299637,140127,159510,158299,76532,81767,585864,297364,288500
TARRANT COUNTY,439,< 1 Year,28199,14533,13666,9911,5149,4762,4591,2330,2261,2734,1423,1311,10963,5631,5332
TARRANT COUNTY,439,1 Years,28027,14410,13617,9918,5119,4799,4470,2263,2207,2707,1405,1302,10932,5623,5309
TARRANT COUNTY,439,2 Years,27833,14224,13609,9945,5102,4843,4339,2200,2139,2680,1359,1321,10869,5563,5306
TARRANT COUNTY,439,3 Years,27553,14104,13449,9936,5083,4853,4166,2137,2029,2664,1353,1311,10787,5531,5256
TARRANT COUNTY,439,4 Years,27829,14146,13683,9983,5100,4883,4153,2119,2034,2817,1412,1405,10876,5515,5361
TARRANT COUNTY,439,5 Years,28022,14098,13924,9948,5051,4897,4140,2066,2074,2730,1372,1358,11204,5609,5595
TARRANT COUNTY,439,6 Years,28534,14377,14157,10046,5104,4942,4429,2232,2197,2817,1414,1403,11242,5627,5615
TARRANT COUNTY,439,7 Years,29356,15020,14336,10208,5269,4939,4614,2321,2293,3083,1580,1503,11451,5850,5601
TARRANT COUNTY,439,8 Years,29692,15176,14516,10336,5315,5021,4632,2348,2284,3039,1545,1494,11685,5968,5717
TARRANT COUNTY,439,9 Years,29626,15120,14506,10296,5280,5016,4625,2323,2302,3026,1535,1491,11679,5982,5697
TARRANT COUNTY,439,10 Years,30063,15302,14761,10461,5395,5066,4801,2419,2382,3057,1510,1547,11744,5978,5766
TARRANT COUNTY,439,11 Years,30536,15575,14961,10429,5360,5069,4947,2498,2449,3117,1553,1564,12043,6164,5879
TARRANT COUNTY,439,12 Years,30487,15574,14913,10480,5401,5079,5023,2548,2475,2963,1485,1478,12021,6140,5881
TARRANT COUNTY,439,13 Years,30687,15729,14958,10357,5351,5006,5246,2646,2600,2852,1453,1399,12232,6279,5953
TARRANT COUNTY,439,14 Years,31034,15804,15230,10595,5380,5215,5377,2729,2648,2855,1475,1380,12207,6220,5987
TARRANT COUNTY,439,15 Years,30912,15830,15082,10796,5626,5170,5428,2775,2653,2692,1375,1317,11996,6054,5942
TARRANT COUNTY,439,16 Years,30217,15499,14718,10761,5577,5184,5220,2636,2584,2593,1324,1269,11643,5962,5681
TARRANT COUNTY,439,17 Years,29928,15378,14550,10771,5554,5217,5191,2614,2577,2730,1378,1352,11236,5832,5404
TARRANT COUNTY,439,18 Years,29295,15133,14162,10640,5525,5115,4979,2556,2423,2636,1355,1281,11040,5697,5343
TARRANT COUNTY,439,19 Years,28066,14344,13722,9972,5106,4866,4790,2430,2360,2451,1248,1203,10853,5560,5293
TARRANT COUNTY,439,20 Years,27117,13857,13260,9737,4975,4762,4636,2298,2338,2369,1235,1134,10375,5349,5026
TARRANT COUNTY,439,21 Years,27245,13894,13351,10008,5066,4942,4632,2280,2352,2309,1196,1113,10296,5352,4944
TARRANT COUNTY,439,22 Years,27314,13947,13367,10264,5130,5134,4595,2319,2276,2184,1119,1065,10271,5379,4892
TARRANT COUNTY,439,23 Years,27516,14150,13366,10630,5346,5284,4336,2141,2195,2183,1113,1070,10367,5550,4817
TARRANT COUNTY,439,24 Years,27831,14117,13714,11036,5394,5642,4076,1930,2146,2374,1220,1154,10345,5573,4772
TARRANT COUNTY,439,25 Years,27973,14187,13786,11470,5571,5899,3846,1799,2047,2309,1178,1131,10348,5639,4709
TARRANT COUNTY,439,26 Years,28247,14220,14027,11823,5737,6086,3762,1741,2021,2294,1137,1157,10368,5605,4763
TARRANT COUNTY,439,27 Years,28239,14106,14133,12010,5760,6250,3720,1687,2033,2191,1099,1092,10318,5560,4758
TARRANT COUNTY,439,28 Years,28873,14353,14520,12598,6117,6481,3822,1691,2131,2180,1066,1114,10273,5479,4794
TARRANT COUNTY,439,29 Years,29382,14491,14891,12941,6350,6591,4030,1799,2231,2215,1070,1145,10196,5272,4924
TARRANT COUNTY,439,30 Years,29777,14622,15155,13227,6581,6646,4156,1889,2267,2217,1063,1154,10177,5089,5088
TARRANT COUNTY,439,31 Years,29344,14337,15007,12956,6525,6431,4313,1901,2412,2224,1054,1170,9851,4857,4994
TARRANT COUNTY,439,32 Years,29845,14548,15297,13213,6654,6559,4594,1984,2610,2272,1062,1210,9766,4848,4918
TARRANT COUNTY,439,33 Years,29779,14436,15343,13197,6632,6565,4685,2007,2678,2295,1024,1271,9602,4773,4829
TARRANT COUNTY,439,34 Years,29462,14312,15150,13033,6569,6464,4788,2036,2752,2268,1015,1253,9373,4692,4681
TARRANT COUNTY,439,35 Years,28935,14070,14865,12520,6289,6231,4975,2130,2845,2233,1011,1222,9207,4640,4567
TARRANT COUNTY,439,36 Years,27095,13203,13892,11397,5722,5675,4826,2105,2721,2164,967,1197,8708,4409,4299
TARRANT COUNTY,439,37 Years,26436,12844,13592,10988,5448,5540,4685,2054,2631,2104,946,1158,8659,4396,4263
TARRANT COUNTY,439,38 Years,25886,12611,13275,10688,5339,5349,4557,2003,2554,2192,952,1240,8449,4317,4132
TARRANT COUNTY,439,39 Years,25872,12516,13356,10519,5206,5313,4496,2025,2471,2419,1069,1350,8438,4216,4222
TARRANT COUNTY,439,40 Years,26286,12708,13578,10826,5363,5463,4476,1986,2490,2471,1086,1385,8513,4273,4240
TARRANT COUNTY,439,41 Years,25999,12399,13600,10916,5319,5597,4433,1975,2458,2460,1070,1390,8190,4035,4155
TARRANT COUNTY,439,42 Years,26335,12589,13746,11272,5536,5736,4370,1963,2407,2467,1093,1374,8226,3997,4229
TARRANT COUNTY,439,43 Years,27530,13304,14226,12296,6203,6093,4487,1986,2501,2516,1137,1379,8231,3978,4253
TARRANT COUNTY,439,44 Years,28829,14001,14828,13705,6883,6822,4632,2111,2521,2513,1152,1361,7979,3855,4124
TARRANT COUNTY,439,45 Years,28702,13956,14746,13894,6919,6975,4566,2048,2518,2456,1124,1332,7786,3865,3921
TARRANT COUNTY,439,46 Years,26902,13044,13858,13144,6472,6672,4248,1941,2307,2229,1028,1201,7281,3603,3678
TARRANT COUNTY,439,47 Years,25550,12536,13014,12442,6161,6281,4169,1921,2248,2018,937,1081,6921,3517,3404
TARRANT COUNTY,439,48 Years,24858,12181,12677,12315,6115,6200,4148,1886,2262,1913,863,1050,6482,3317,3165
TARRANT COUNTY,439,49 Years,25086,12219,12867,12505,6093,6412,4290,1947,2343,1872,872,1000,6419,3307,3112
TARRANT COUNTY,439,50 Years,26193,12790,13403,13579,6659,6920,4365,2004,2361,1887,895,992,6362,3232,3130
TARRANT COUNTY,439,51 Years,26507,12891,13616,14431,7010,7421,4299,2011,2288,1862,889,973,5915,2981,2934
TARRANT COUNTY,439,52 Years,26472,13077,13395,14857,7346,7511,4244,2020,2224,1844,890,954,5527,2821,2706
TARRANT COUNTY,439,53 Years,26155,12825,13330,15105,7419,7686,4089,1898,2191,1733,819,914,5228,2689,2539
TARRANT COUNTY,439,54 Years,26275,12891,13384,15497,7613,7884,3999,1875,2124,1757,824,933,5022,2579,2443
TARRANT COUNTY,439,55 Years,26066,12837,13229,15617,7762,7855,3911,1861,2050,1709,804,905,4829,2410,2419
TARRANT COUNTY,439,56 Years,24759,12314,12445,15036,7552,7484,3735,1793,1942,1596,764,832,4392,2205,2187
TARRANT COUNTY,439,57 Years,24259,12033,12226,14987,7451,7536,3616,1710,1906,1575,779,796,4081,2093,1988
TARRANT COUNTY,439,58 Years,23424,11432,11992,14670,7260,7410,3402,1532,1870,1541,736,805,3811,1904,1907
TARRANT COUNTY,439,59 Years,22490,10856,11634,14112,6927,7185,3297,1471,1826,1507,726,781,3574,1732,1842
TARRANT COUNTY,439,60 Years,21879,10591,11288,14002,6860,7142,3114,1408,1706,1358,663,695,3405,1660,1745
TARRANT COUNTY,439,61 Years,20305,9751,10554,13258,6470,6788,2771,1244,1527,1235,560,675,3041,1477,1564
TARRANT COUNTY,439,62 Years,19073,9119,9954,12620,6062,6558,2506,1138,1368,1209,560,649,2738,1359,1379
TARRANT COUNTY,439,63 Years,17987,8553,9434,11973,5753,6220,2364,1061,1303,1193,550,643,2457,1189,1268
TARRANT COUNTY,439,64 Years,16705,7885,8820,10909,5238,5671,2285,996,1289,1118,504,614,2393,1147,1246
TARRANT COUNTY,439,65 Years,16222,7635,8587,10689,5081,5608,2126,897,1229,1120,531,589,2287,1126,1161
TARRANT COUNTY,439,66 Years,15417,7246,8171,10337,4900,5437,2011,839,1172,1027,501,526,2042,1006,1036
TARRANT COUNTY,439,67 Years,15319,7200,8119,10701,5098,5603,1823,780,1043,931,428,503,1864,894,970
TARRANT COUNTY,439,68 Years,14919,7047,7872,10693,5132,5561,1629,716,913,841,377,464,1756,822,934
TARRANT COUNTY,439,69 Years,11808,5564,6244,8204,3904,4300,1321,564,757,730,356,374,1553,740,813
TARRANT COUNTY,439,70 Years,10706,4978,5728,7373,3457,3916,1185,504,681,672,319,353,1476,698,778
TARRANT COUNTY,439,71 Years,10462,4797,5665,7373,3422,3951,1141,482,659,639,298,341,1309,595,714
TARRANT COUNTY,439,72 Years,9904,4500,5404,7113,3279,3834,1033,425,608,603,277,326,1155,519,636
TARRANT COUNTY,439,73 Years,8655,3953,4702,6212,2887,3325,928,354,574,516,254,262,999,458,541
TARRANT COUNTY,439,74 Years,8019,3562,4457,5708,2582,3126,882,335,547,479,223,256,950,422,528
TARRANT COUNTY,439,75 Years,7300,3267,4033,5251,2381,2870,750,304,446,411,191,220,888,391,497
TARRANT COUNTY,439,76 Years,6772,2950,3822,4906,2167,2739,694,273,421,378,167,211,794,343,451
TARRANT COUNTY,439,77 Years,6419,2747,3672,4704,2033,2671,641,236,405,362,168,194,712,310,402
TARRANT COUNTY,439,78 Years,5883,2526,3357,4348,1880,2468,579,214,365,290,136,154,666,296,370
TARRANT COUNTY,439,79 Years,5687,2394,3293,4272,1833,2439,538,202,336,258,112,146,619,247,372
TARRANT COUNTY,439,80 Years,5545,2324,3221,4195,1790,2405,533,197,336,226,94,132,591,243,348
TARRANT COUNTY,439,81 Years,4827,1982,2845,3673,1527,2146,458,157,301,214,102,112,482,196,286
TARRANT COUNTY,439,82 Years,4614,1822,2792,3529,1417,2112,416,134,282,212,95,117,457,176,281
TARRANT COUNTY,439,83 Years,4287,1688,2599,3333,1331,2002,366,117,249,176,75,101,412,165,247
TARRANT COUNTY,439,84 Years,3973,1571,2402,3125,1246,1879,319,101,218,177,79,98,352,145,207
TARRANT COUNTY,439,85 Years +,21313,7165,14148,17190,5823,11367,1757,501,1256,759,274,485,1607,567,1040
TAYLOR COUNTY,441,All Ages,137000,67078,69922,86314,41864,44450,9764,5001,4763,7000,3424,3576,33922,16789,17133
TAYLOR COUNTY,441,< 1 Year,2099,1061,1038,972,504,468,185,89,96,211,111,100,731,357,374
TAYLOR COUNTY,441,1 Years,2074,1056,1018,956,503,453,170,85,85,211,111,100,737,357,380
TAYLOR COUNTY,441,2 Years,2075,1059,1016,956,504,452,158,82,76,216,114,102,745,359,386
TAYLOR COUNTY,441,3 Years,2047,1045,1002,936,488,448,163,83,80,209,111,98,739,363,376
TAYLOR COUNTY,441,4 Years,2083,1050,1033,954,494,460,165,80,85,219,119,100,745,357,388
TAYLOR COUNTY,441,5 Years,1976,945,1031,928,439,489,168,80,88,174,87,87,706,339,367
TAYLOR COUNTY,441,6 Years,1940,978,962,935,471,464,156,77,79,142,76,66,707,354,353
TAYLOR COUNTY,441,7 Years,1960,1033,927,952,490,462,159,81,78,138,78,60,711,384,327
TAYLOR COUNTY,441,8 Years,1988,1061,927,963,499,464,160,91,69,139,81,58,726,390,336
TAYLOR COUNTY,441,9 Years,1878,979,899,897,453,444,154,85,69,130,78,52,697,363,334
TAYLOR COUNTY,441,10 Years,1840,952,888,879,444,435,155,78,77,119,68,51,687,362,325
TAYLOR COUNTY,441,11 Years,1766,898,868,837,425,412,148,76,72,110,55,55,671,342,329
TAYLOR COUNTY,441,12 Years,1721,890,831,839,432,407,152,75,77,103,52,51,627,331,296
TAYLOR COUNTY,441,13 Years,1704,880,824,838,442,396,143,61,82,113,65,48,610,312,298
TAYLOR COUNTY,441,14 Years,1735,877,858,846,446,400,163,75,88,104,53,51,622,303,319
TAYLOR COUNTY,441,15 Years,1752,895,857,875,452,423,139,70,69,100,44,56,638,329,309
TAYLOR COUNTY,441,16 Years,1662,844,818,858,444,414,131,64,67,96,45,51,577,291,286
TAYLOR COUNTY,441,17 Years,1696,877,819,881,466,415,129,68,61,105,52,53,581,291,290
TAYLOR COUNTY,441,18 Years,1792,882,910,1001,484,517,137,72,65,98,45,53,556,281,275
TAYLOR COUNTY,441,19 Years,2090,1084,1006,1234,645,589,187,96,91,103,47,56,566,296,270
TAYLOR COUNTY,441,20 Years,2131,1137,994,1252,675,577,200,107,93,97,49,48,582,306,276
TAYLOR COUNTY,441,21 Years,2039,1077,962,1186,638,548,173,97,76,101,47,54,579,295,284
TAYLOR COUNTY,441,22 Years,1958,935,1023,1090,516,574,179,94,85,115,52,63,574,273,301
TAYLOR COUNTY,441,23 Years,2282,1089,1193,1288,618,670,213,109,104,146,64,82,635,298,337
TAYLOR COUNTY,441,24 Years,2730,1304,1426,1679,785,894,219,110,109,178,90,88,654,319,335
TAYLOR COUNTY,441,25 Years,2999,1452,1547,1887,876,1011,227,123,104,201,108,93,684,345,339
TAYLOR COUNTY,441,26 Years,3013,1478,1535,1916,867,1049,244,146,98,190,118,72,663,347,316
TAYLOR COUNTY,441,27 Years,2987,1550,1437,1987,999,988,221,132,89,150,93,57,629,326,303
TAYLOR COUNTY,441,28 Years,2667,1392,1275,1746,901,845,215,123,92,125,73,52,581,295,286
TAYLOR COUNTY,441,29 Years,2408,1253,1155,1536,806,730,182,107,75,118,60,58,572,280,292
TAYLOR COUNTY,441,30 Years,2219,1135,1084,1366,704,662,154,90,64,117,62,55,582,279,303
TAYLOR COUNTY,441,31 Years,2030,1019,1011,1210,610,600,156,83,73,99,57,42,565,269,296
TAYLOR COUNTY,441,32 Years,1856,934,922,1104,554,550,142,75,67,83,42,41,527,263,264
TAYLOR COUNTY,441,33 Years,1723,872,851,982,487,495,135,75,60,94,47,47,512,263,249
TAYLOR COUNTY,441,34 Years,1657,840,817,934,472,462,146,81,65,85,42,43,492,245,247
TAYLOR COUNTY,441,35 Years,1503,734,769,873,432,441,138,68,70,72,34,38,420,200,220
TAYLOR COUNTY,441,36 Years,1428,710,718,830,418,412,124,61,63,72,29,43,402,202,200
TAYLOR COUNTY,441,37 Years,1400,699,701,844,423,421,109,54,55,81,30,51,366,192,174
TAYLOR COUNTY,441,38 Years,1389,686,703,826,402,424,108,53,55,87,41,46,368,190,178
TAYLOR COUNTY,441,39 Years,1376,683,693,828,416,412,99,46,53,75,35,40,374,186,188
TAYLOR COUNTY,441,40 Years,1388,699,689,832,433,399,111,59,52,59,28,31,386,179,207
TAYLOR COUNTY,441,41 Years,1347,676,671,804,400,404,101,54,47,64,31,33,378,191,187
TAYLOR COUNTY,441,42 Years,1341,663,678,821,406,415,93,53,40,64,33,31,363,171,192
TAYLOR COUNTY,441,43 Years,1369,663,706,866,430,436,109,56,53,67,29,38,327,148,179
TAYLOR COUNTY,441,44 Years,1390,680,710,899,449,450,112,57,55,62,23,39,317,151,166
TAYLOR COUNTY,441,45 Years,1499,724,775,984,478,506,116,62,54,58,25,33,341,159,182
TAYLOR COUNTY,441,46 Years,1457,716,741,961,481,480,101,46,55,74,30,44,321,159,162
TAYLOR COUNTY,441,47 Years,1356,669,687,895,442,453,85,40,45,60,24,36,316,163,153
TAYLOR COUNTY,441,48 Years,1381,662,719,901,430,471,97,45,52,59,24,35,324,163,161
TAYLOR COUNTY,441,49 Years,1423,672,751,960,449,511,100,56,44,50,20,30,313,147,166
TAYLOR COUNTY,441,50 Years,1491,741,750,1015,496,519,98,52,46,49,21,28,329,172,157
TAYLOR COUNTY,441,51 Years,1663,802,861,1150,555,595,111,53,58,56,21,35,346,173,173
TAYLOR COUNTY,441,52 Years,1719,837,882,1235,599,636,100,47,53,54,26,28,330,165,165
TAYLOR COUNTY,441,53 Years,1688,829,859,1206,583,623,109,57,52,53,29,24,320,160,160
TAYLOR COUNTY,441,54 Years,1746,859,887,1274,623,651,104,55,49,59,26,33,309,155,154
TAYLOR COUNTY,441,55 Years,1782,873,909,1285,631,654,104,52,52,59,19,40,334,171,163
TAYLOR COUNTY,441,56 Years,1684,795,889,1239,595,644,106,50,56,58,20,38,281,130,151
TAYLOR COUNTY,441,57 Years,1701,807,894,1251,593,658,111,51,60,50,22,28,289,141,148
TAYLOR COUNTY,441,58 Years,1681,823,858,1266,622,644,106,49,57,48,20,28,261,132,129
TAYLOR COUNTY,441,59 Years,1574,776,798,1166,577,589,93,46,47,52,22,30,263,131,132
TAYLOR COUNTY,441,60 Years,1618,784,834,1211,577,634,106,60,46,52,21,31,249,126,123
TAYLOR COUNTY,441,61 Years,1523,729,794,1157,550,607,100,52,48,45,18,27,221,109,112
TAYLOR COUNTY,441,62 Years,1370,645,725,1030,483,547,77,39,38,47,16,31,216,107,109
TAYLOR COUNTY,441,63 Years,1391,659,732,1029,486,543,79,42,37,42,14,28,241,117,124
TAYLOR COUNTY,441,64 Years,1328,629,699,1023,490,533,72,34,38,36,14,22,197,91,106
TAYLOR COUNTY,441,65 Years,1258,570,688,957,437,520,62,29,33,39,16,23,200,88,112
TAYLOR COUNTY,441,66 Years,1256,591,665,964,462,502,58,29,29,44,14,30,190,86,104
TAYLOR COUNTY,441,67 Years,1244,595,649,977,464,513,54,30,24,39,15,24,174,86,88
TAYLOR COUNTY,441,68 Years,1241,578,663,961,451,510,49,23,26,41,17,24,190,87,103
TAYLOR COUNTY,441,69 Years,980,449,531,748,345,403,42,17,25,28,13,15,162,74,88
TAYLOR COUNTY,441,70 Years,907,397,510,712,313,399,47,19,28,23,9,14,125,56,69
TAYLOR COUNTY,441,71 Years,981,435,546,782,349,433,50,24,26,22,9,13,127,53,74
TAYLOR COUNTY,441,72 Years,950,433,517,770,354,416,47,18,29,22,8,14,111,53,58
TAYLOR COUNTY,441,73 Years,831,367,464,671,295,376,41,20,21,15,5,10,104,47,57
TAYLOR COUNTY,441,74 Years,782,347,435,643,279,364,34,20,14,18,7,11,87,41,46
TAYLOR COUNTY,441,75 Years,793,329,464,660,279,381,34,15,19,21,9,12,78,26,52
TAYLOR COUNTY,441,76 Years,741,320,421,623,276,347,28,10,18,19,7,12,71,27,44
TAYLOR COUNTY,441,77 Years,708,320,388,600,273,327,23,9,14,17,8,9,68,30,38
TAYLOR COUNTY,441,78 Years,669,297,372,576,259,317,20,8,12,13,5,8,60,25,35
TAYLOR COUNTY,441,79 Years,694,289,405,594,254,340,23,9,14,18,4,14,59,22,37
TAYLOR COUNTY,441,80 Years,665,273,392,578,241,337,19,8,11,13,5,8,55,19,36
TAYLOR COUNTY,441,81 Years,622,242,380,542,215,327,18,6,12,13,7,6,49,14,35
TAYLOR COUNTY,441,82 Years,556,218,338,478,188,290,16,7,9,17,6,11,45,17,28
TAYLOR COUNTY,441,83 Years,504,217,287,438,191,247,12,6,6,11,3,8,43,17,26
TAYLOR COUNTY,441,84 Years,470,186,284,413,166,247,14,6,8,9,3,6,34,11,23
TAYLOR COUNTY,441,85 Years +,2565,888,1677,2266,791,1475,66,19,47,55,13,42,178,65,113
TERRELL COUNTY,443,All Ages,889,461,428,449,232,217,6,5,1,14,8,6,420,216,204
TERRELL COUNTY,443,< 1 Year,11,6,5,6,2,4,0,0,0,0,0,0,5,4,1
TERRELL COUNTY,443,1 Years,9,3,6,5,1,4,0,0,0,0,0,0,4,2,2
TERRELL COUNTY,443,2 Years,9,3,6,5,2,3,0,0,0,0,0,0,4,1,3
TERRELL COUNTY,443,3 Years,9,3,6,5,2,3,0,0,0,0,0,0,4,1,3
TERRELL COUNTY,443,4 Years,11,7,4,5,3,2,0,0,0,1,1,0,5,3,2
TERRELL COUNTY,443,5 Years,11,4,7,4,1,3,0,0,0,1,0,1,6,3,3
TERRELL COUNTY,443,6 Years,10,6,4,3,1,2,0,0,0,1,0,1,6,5,1
TERRELL COUNTY,443,7 Years,11,4,7,5,2,3,0,0,0,0,0,0,6,2,4
TERRELL COUNTY,443,8 Years,14,7,7,6,3,3,0,0,0,0,0,0,8,4,4
TERRELL COUNTY,443,9 Years,10,6,4,3,2,1,0,0,0,0,0,0,7,4,3
TERRELL COUNTY,443,10 Years,12,5,7,4,2,2,0,0,0,0,0,0,8,3,5
TERRELL COUNTY,443,11 Years,10,4,6,5,1,4,0,0,0,0,0,0,5,3,2
TERRELL COUNTY,443,12 Years,8,5,3,5,2,3,0,0,0,0,0,0,3,3,0
TERRELL COUNTY,443,13 Years,11,7,4,6,4,2,0,0,0,0,0,0,5,3,2
TERRELL COUNTY,443,14 Years,12,7,5,4,2,2,0,0,0,0,0,0,8,5,3
TERRELL COUNTY,443,15 Years,10,7,3,3,2,1,0,0,0,0,0,0,7,5,2
TERRELL COUNTY,443,16 Years,8,5,3,4,3,1,0,0,0,1,1,0,3,1,2
TERRELL COUNTY,443,17 Years,8,4,4,4,2,2,0,0,0,0,0,0,4,2,2
TERRELL COUNTY,443,18 Years,12,6,6,5,2,3,0,0,0,0,0,0,7,4,3
TERRELL COUNTY,443,19 Years,7,4,3,3,2,1,0,0,0,0,0,0,4,2,2
TERRELL COUNTY,443,20 Years,7,5,2,4,3,1,0,0,0,0,0,0,3,2,1
TERRELL COUNTY,443,21 Years,13,10,3,3,3,0,1,1,0,1,1,0,8,5,3
TERRELL COUNTY,443,22 Years,14,7,7,5,3,2,1,1,0,0,0,0,8,3,5
TERRELL COUNTY,443,23 Years,9,5,4,3,2,1,0,0,0,1,1,0,5,2,3
TERRELL COUNTY,443,24 Years,10,5,5,4,1,3,0,0,0,1,1,0,5,3,2
TERRELL COUNTY,443,25 Years,9,5,4,5,3,2,0,0,0,0,0,0,4,2,2
TERRELL COUNTY,443,26 Years,6,3,3,1,1,0,0,0,0,0,0,0,5,2,3
TERRELL COUNTY,443,27 Years,3,1,2,0,0,0,0,0,0,0,0,0,3,1,2
TERRELL COUNTY,443,28 Years,6,3,3,4,2,2,0,0,0,0,0,0,2,1,1
TERRELL COUNTY,443,29 Years,8,5,3,2,1,1,0,0,0,0,0,0,6,4,2
TERRELL COUNTY,443,30 Years,7,4,3,3,2,1,0,0,0,0,0,0,4,2,2
TERRELL COUNTY,443,31 Years,10,4,6,3,2,1,0,0,0,0,0,0,7,2,5
TERRELL COUNTY,443,32 Years,9,6,3,5,4,1,0,0,0,0,0,0,4,2,2
TERRELL COUNTY,443,33 Years,8,5,3,5,3,2,0,0,0,0,0,0,3,2,1
TERRELL COUNTY,443,34 Years,11,3,8,4,1,3,0,0,0,0,0,0,7,2,5
TERRELL COUNTY,443,35 Years,8,4,4,3,1,2,1,1,0,0,0,0,4,2,2
TERRELL COUNTY,443,36 Years,10,6,4,8,4,4,0,0,0,0,0,0,2,2,0
TERRELL COUNTY,443,37 Years,12,7,5,9,5,4,0,0,0,0,0,0,3,2,1
TERRELL COUNTY,443,38 Years,7,4,3,4,2,2,0,0,0,0,0,0,3,2,1
TERRELL COUNTY,443,39 Years,6,2,4,3,1,2,0,0,0,0,0,0,3,1,2
TERRELL COUNTY,443,40 Years,12,7,5,9,5,4,0,0,0,0,0,0,3,2,1
TERRELL COUNTY,443,41 Years,9,4,5,4,1,3,0,0,0,0,0,0,5,3,2
TERRELL COUNTY,443,42 Years,9,6,3,5,3,2,0,0,0,0,0,0,4,3,1
TERRELL COUNTY,443,43 Years,11,5,6,6,3,3,1,0,1,0,0,0,4,2,2
TERRELL COUNTY,443,44 Years,9,6,3,2,2,0,0,0,0,0,0,0,7,4,3
TERRELL COUNTY,443,45 Years,13,6,7,5,1,4,0,0,0,0,0,0,8,5,3
TERRELL COUNTY,443,46 Years,10,4,6,6,3,3,0,0,0,0,0,0,4,1,3
TERRELL COUNTY,443,47 Years,11,7,4,6,4,2,0,0,0,0,0,0,5,3,2
TERRELL COUNTY,443,48 Years,12,6,6,5,2,3,0,0,0,0,0,0,7,4,3
TERRELL COUNTY,443,49 Years,10,2,8,4,1,3,0,0,0,0,0,0,6,1,5
TERRELL COUNTY,443,50 Years,9,5,4,4,2,2,1,1,0,0,0,0,4,2,2
TERRELL COUNTY,443,51 Years,12,9,3,5,3,2,1,1,0,0,0,0,6,5,1
TERRELL COUNTY,443,52 Years,11,7,4,6,4,2,0,0,0,0,0,0,5,3,2
TERRELL COUNTY,443,53 Years,10,6,4,5,4,1,0,0,0,1,1,0,4,1,3
TERRELL COUNTY,443,54 Years,7,4,3,4,3,1,0,0,0,0,0,0,3,1,2
TERRELL COUNTY,443,55 Years,11,5,6,4,1,3,0,0,0,1,1,0,6,3,3
TERRELL COUNTY,443,56 Years,10,5,5,6,3,3,0,0,0,0,0,0,4,2,2
TERRELL COUNTY,443,57 Years,12,8,4,7,5,2,0,0,0,1,1,0,4,2,2
TERRELL COUNTY,443,58 Years,12,5,7,5,2,3,0,0,0,0,0,0,7,3,4
TERRELL COUNTY,443,59 Years,17,8,9,9,4,5,0,0,0,0,0,0,8,4,4
TERRELL COUNTY,443,60 Years,11,7,4,7,5,2,0,0,0,1,0,1,3,2,1
TERRELL COUNTY,443,61 Years,10,5,5,7,3,4,0,0,0,0,0,0,3,2,1
TERRELL COUNTY,443,62 Years,13,8,5,8,4,4,0,0,0,0,0,0,5,4,1
TERRELL COUNTY,443,63 Years,12,4,8,6,2,4,0,0,0,0,0,0,6,2,4
TERRELL COUNTY,443,64 Years,10,4,6,8,3,5,0,0,0,0,0,0,2,1,1
TERRELL COUNTY,443,65 Years,17,8,9,12,7,5,0,0,0,1,0,1,4,1,3
TERRELL COUNTY,443,66 Years,16,8,8,10,5,5,0,0,0,0,0,0,6,3,3
TERRELL COUNTY,443,67 Years,16,9,7,9,6,3,0,0,0,0,0,0,7,3,4
TERRELL COUNTY,443,68 Years,15,8,7,7,4,3,0,0,0,1,0,1,7,4,3
TERRELL COUNTY,443,69 Years,13,5,8,6,2,4,0,0,0,0,0,0,7,3,4
TERRELL COUNTY,443,70 Years,10,6,4,7,4,3,0,0,0,0,0,0,3,2,1
TERRELL COUNTY,443,71 Years,9,4,5,5,1,4,0,0,0,0,0,0,4,3,1
TERRELL COUNTY,443,72 Years,11,5,6,7,3,4,0,0,0,0,0,0,4,2,2
TERRELL COUNTY,443,73 Years,7,4,3,6,4,2,0,0,0,0,0,0,1,0,1
TERRELL COUNTY,443,74 Years,9,5,4,5,3,2,0,0,0,0,0,0,4,2,2
TERRELL COUNTY,443,75 Years,12,6,6,7,4,3,0,0,0,0,0,0,5,2,3
TERRELL COUNTY,443,76 Years,13,9,4,8,6,2,0,0,0,0,0,0,5,3,2
TERRELL COUNTY,443,77 Years,8,4,4,4,2,2,0,0,0,0,0,0,4,2,2
TERRELL COUNTY,443,78 Years,9,4,5,4,3,1,0,0,0,0,0,0,5,1,4
TERRELL COUNTY,443,79 Years,9,6,3,5,5,0,0,0,0,1,0,1,3,1,2
TERRELL COUNTY,443,80 Years,6,3,3,3,1,2,0,0,0,0,0,0,3,2,1
TERRELL COUNTY,443,81 Years,6,3,3,3,1,2,0,0,0,0,0,0,3,2,1
TERRELL COUNTY,443,82 Years,6,4,2,2,1,1,0,0,0,0,0,0,4,3,1
TERRELL COUNTY,443,83 Years,6,4,2,4,3,1,0,0,0,0,0,0,2,1,1
TERRELL COUNTY,443,84 Years,7,3,4,3,1,2,0,0,0,0,0,0,4,2,2
TERRELL COUNTY,443,85 Years +,35,13,22,21,8,13,0,0,0,0,0,0,14,5,9
TERRY COUNTY,445,All Ages,12437,6648,5789,5346,2778,2568,532,358,174,133,70,63,6426,3442,2984
TERRY COUNTY,445,< 1 Year,184,96,88,63,32,31,2,1,1,1,0,1,118,63,55
TERRY COUNTY,445,1 Years,191,103,88,68,37,31,2,1,1,1,0,1,120,65,55
TERRY COUNTY,445,2 Years,191,103,88,70,38,32,1,0,1,2,1,1,118,64,54
TERRY COUNTY,445,3 Years,188,97,91,66,34,32,1,0,1,2,1,1,119,62,57
TERRY COUNTY,445,4 Years,177,88,89,61,29,32,1,1,0,2,1,1,113,57,56
TERRY COUNTY,445,5 Years,183,99,84,61,35,26,3,1,2,0,0,0,119,63,56
TERRY COUNTY,445,6 Years,199,105,94,60,34,26,5,1,4,5,3,2,129,67,62
TERRY COUNTY,445,7 Years,189,89,100,62,30,32,4,2,2,4,2,2,119,55,64
TERRY COUNTY,445,8 Years,192,95,97,66,36,30,3,2,1,3,1,2,120,56,64
TERRY COUNTY,445,9 Years,179,102,77,54,31,23,5,4,1,2,1,1,118,66,52
TERRY COUNTY,445,10 Years,169,98,71,55,32,23,7,4,3,1,1,0,106,61,45
TERRY COUNTY,445,11 Years,174,83,91,44,23,21,6,1,5,3,2,1,121,57,64
TERRY COUNTY,445,12 Years,169,73,96,52,24,28,7,1,6,3,1,2,107,47,60
TERRY COUNTY,445,13 Years,155,76,79,50,28,22,7,2,5,3,2,1,95,44,51
TERRY COUNTY,445,14 Years,163,82,81,54,26,28,2,0,2,2,1,1,105,55,50
TERRY COUNTY,445,15 Years,184,96,88,69,38,31,7,3,4,2,1,1,106,54,52
TERRY COUNTY,445,16 Years,180,96,84,57,27,30,7,5,2,3,2,1,113,62,51
TERRY COUNTY,445,17 Years,165,86,79,53,25,28,4,4,0,2,1,1,106,56,50
TERRY COUNTY,445,18 Years,162,89,73,56,35,21,8,5,3,1,0,1,97,49,48
TERRY COUNTY,445,19 Years,163,95,68,53,32,21,7,6,1,2,1,1,101,56,45
TERRY COUNTY,445,20 Years,165,98,67,48,25,23,19,16,3,0,0,0,98,57,41
TERRY COUNTY,445,21 Years,170,98,72,49,26,23,14,10,4,0,0,0,107,62,45
TERRY COUNTY,445,22 Years,175,106,69,56,31,25,19,11,8,1,1,0,99,63,36
TERRY COUNTY,445,23 Years,197,113,84,56,29,27,14,10,4,2,1,1,125,73,52
TERRY COUNTY,445,24 Years,203,117,86,72,35,37,15,12,3,3,1,2,113,69,44
TERRY COUNTY,445,25 Years,200,113,87,74,39,35,17,13,4,4,2,2,105,59,46
TERRY COUNTY,445,26 Years,216,123,93,84,44,40,15,11,4,2,2,0,115,66,49
TERRY COUNTY,445,27 Years,187,112,75,76,45,31,12,11,1,2,0,2,97,56,41
TERRY COUNTY,445,28 Years,187,114,73,67,40,27,18,13,5,3,1,2,99,60,39
TERRY COUNTY,445,29 Years,216,147,69,75,53,22,19,16,3,5,2,3,117,76,41
TERRY COUNTY,445,30 Years,180,109,71,65,40,25,12,11,1,5,2,3,98,56,42
TERRY COUNTY,445,31 Years,161,100,61,66,39,27,7,7,0,4,3,1,84,51,33
TERRY COUNTY,445,32 Years,142,81,61,48,26,22,11,9,2,3,1,2,80,45,35
TERRY COUNTY,445,33 Years,157,85,72,44,24,20,17,10,7,2,1,1,94,50,44
TERRY COUNTY,445,34 Years,138,84,54,48,28,20,10,8,2,3,2,1,77,46,31
TERRY COUNTY,445,35 Years,134,78,56,51,31,20,6,4,2,2,1,1,75,42,33
TERRY COUNTY,445,36 Years,164,99,65,59,38,21,9,7,2,1,1,0,95,53,42
TERRY COUNTY,445,37 Years,148,98,50,65,45,20,4,4,0,0,0,0,79,49,30
TERRY COUNTY,445,38 Years,121,69,52,52,29,23,7,4,3,1,1,0,61,35,26
TERRY COUNTY,445,39 Years,116,70,46,53,30,23,9,8,1,0,0,0,54,32,22
TERRY COUNTY,445,40 Years,116,70,46,55,33,22,5,5,0,2,1,1,54,31,23
TERRY COUNTY,445,41 Years,117,60,57,47,21,26,6,5,1,2,1,1,62,33,29
TERRY COUNTY,445,42 Years,130,81,49,51,35,16,8,6,2,2,1,1,69,39,30
TERRY COUNTY,445,43 Years,129,79,50,63,38,25,6,5,1,1,1,0,59,35,24
TERRY COUNTY,445,44 Years,141,77,64,62,32,30,7,6,1,0,0,0,72,39,33
TERRY COUNTY,445,45 Years,138,77,61,52,31,21,7,5,2,2,1,1,77,40,37
TERRY COUNTY,445,46 Years,127,65,62,52,28,24,5,3,2,2,2,0,68,32,36
TERRY COUNTY,445,47 Years,135,71,64,58,30,28,4,4,0,1,1,0,72,36,36
TERRY COUNTY,445,48 Years,145,76,69,64,34,30,4,3,1,1,0,1,76,39,37
TERRY COUNTY,445,49 Years,139,74,65,57,26,31,8,7,1,1,1,0,73,40,33
TERRY COUNTY,445,50 Years,159,88,71,59,30,29,7,5,2,1,1,0,92,52,40
TERRY COUNTY,445,51 Years,169,91,78,65,33,32,6,3,3,2,1,1,96,54,42
TERRY COUNTY,445,52 Years,175,90,85,86,43,43,8,4,4,2,1,1,79,42,37
TERRY COUNTY,445,53 Years,166,88,78,93,49,44,7,4,3,0,0,0,66,35,31
TERRY COUNTY,445,54 Years,155,97,58,78,49,29,5,4,1,1,1,0,71,43,28
TERRY COUNTY,445,55 Years,158,84,74,82,43,39,4,3,1,1,1,0,71,37,34
TERRY COUNTY,445,56 Years,168,82,86,88,46,42,8,5,3,0,0,0,72,31,41
TERRY COUNTY,445,57 Years,173,96,77,94,52,42,9,5,4,1,1,0,69,38,31
TERRY COUNTY,445,58 Years,151,74,77,75,36,39,3,1,2,1,0,1,72,37,35
TERRY COUNTY,445,59 Years,141,69,72,76,37,39,2,1,1,1,0,1,62,31,31
TERRY COUNTY,445,60 Years,160,82,78,95,49,46,3,1,2,0,0,0,62,32,30
TERRY COUNTY,445,61 Years,134,68,66,76,37,39,6,5,1,4,1,3,48,25,23
TERRY COUNTY,445,62 Years,124,60,64,75,35,40,3,1,2,1,0,1,45,24,21
TERRY COUNTY,445,63 Years,130,67,63,73,38,35,5,3,2,1,0,1,51,26,25
TERRY COUNTY,445,64 Years,136,68,68,77,38,39,5,4,1,0,0,0,54,26,28
TERRY COUNTY,445,65 Years,115,58,57,71,32,39,3,2,1,0,0,0,41,24,17
TERRY COUNTY,445,66 Years,108,57,51,59,29,30,2,0,2,1,1,0,46,27,19
TERRY COUNTY,445,67 Years,106,50,56,67,32,35,3,1,2,0,0,0,36,17,19
TERRY COUNTY,445,68 Years,104,44,60,62,29,33,2,1,1,2,1,1,38,13,25
TERRY COUNTY,445,69 Years,97,44,53,54,26,28,3,2,1,1,1,0,39,15,24
TERRY COUNTY,445,70 Years,102,49,53,53,23,30,2,1,1,2,2,0,45,23,22
TERRY COUNTY,445,71 Years,107,53,54,63,29,34,4,2,2,1,1,0,39,21,18
TERRY COUNTY,445,72 Years,85,44,41,53,24,29,4,3,1,0,0,0,28,17,11
TERRY COUNTY,445,73 Years,95,46,49,60,27,33,5,1,4,2,2,0,28,16,12
TERRY COUNTY,445,74 Years,91,42,49,54,24,30,3,1,2,1,0,1,33,17,16
TERRY COUNTY,445,75 Years,71,30,41,45,21,24,1,1,0,1,0,1,24,8,16
TERRY COUNTY,445,76 Years,63,30,33,42,23,19,0,0,0,0,0,0,21,7,14
TERRY COUNTY,445,77 Years,71,34,37,49,24,25,1,1,0,0,0,0,21,9,12
TERRY COUNTY,445,78 Years,71,26,45,45,16,29,2,0,2,1,1,0,23,9,14
TERRY COUNTY,445,79 Years,78,32,46,53,21,32,1,0,1,1,1,0,23,10,13
TERRY COUNTY,445,80 Years,74,27,47,54,21,33,0,0,0,1,0,1,19,6,13
TERRY COUNTY,445,81 Years,57,22,35,37,14,23,2,1,1,1,0,1,17,7,10
TERRY COUNTY,445,82 Years,49,23,26,30,14,16,1,1,0,0,0,0,18,8,10
TERRY COUNTY,445,83 Years,49,21,28,37,16,21,0,0,0,0,0,0,12,5,7
TERRY COUNTY,445,84 Years,49,20,29,36,15,21,1,0,1,0,0,0,12,5,7
TERRY COUNTY,445,85 Years +,245,97,148,187,72,115,8,3,5,1,0,1,49,22,27
THROCKMORTON COUNTY,447,All Ages,1597,789,808,1396,705,691,5,1,4,26,6,20,170,77,93
THROCKMORTON COUNTY,447,< 1 Year,12,6,6,6,3,3,0,0,0,0,0,0,6,3,3
THROCKMORTON COUNTY,447,1 Years,14,7,7,8,4,4,0,0,0,0,0,0,6,3,3
THROCKMORTON COUNTY,447,2 Years,17,7,10,13,5,8,0,0,0,0,0,0,4,2,2
THROCKMORTON COUNTY,447,3 Years,16,8,8,12,6,6,0,0,0,0,0,0,4,2,2
THROCKMORTON COUNTY,447,4 Years,14,7,7,14,7,7,0,0,0,0,0,0,0,0,0
THROCKMORTON COUNTY,447,5 Years,16,10,6,13,8,5,0,0,0,0,0,0,3,2,1
THROCKMORTON COUNTY,447,6 Years,19,7,12,15,5,10,1,0,1,0,0,0,3,2,1
THROCKMORTON COUNTY,447,7 Years,20,9,11,15,7,8,0,0,0,0,0,0,5,2,3
THROCKMORTON COUNTY,447,8 Years,23,13,10,19,11,8,0,0,0,0,0,0,4,2,2
THROCKMORTON COUNTY,447,9 Years,20,12,8,17,11,6,0,0,0,1,1,0,2,0,2
THROCKMORTON COUNTY,447,10 Years,19,10,9,16,10,6,0,0,0,0,0,0,3,0,3
THROCKMORTON COUNTY,447,11 Years,14,6,8,11,6,5,1,0,1,0,0,0,2,0,2
THROCKMORTON COUNTY,447,12 Years,19,11,8,14,8,6,0,0,0,1,0,1,4,3,1
THROCKMORTON COUNTY,447,13 Years,14,7,7,11,6,5,0,0,0,1,0,1,2,1,1
THROCKMORTON COUNTY,447,14 Years,17,6,11,13,6,7,0,0,0,1,0,1,3,0,3
THROCKMORTON COUNTY,447,15 Years,19,9,10,15,8,7,0,0,0,0,0,0,4,1,3
THROCKMORTON COUNTY,447,16 Years,25,14,11,19,11,8,0,0,0,0,0,0,6,3,3
THROCKMORTON COUNTY,447,17 Years,13,6,7,10,6,4,0,0,0,0,0,0,3,0,3
THROCKMORTON COUNTY,447,18 Years,19,11,8,14,9,5,0,0,0,1,0,1,4,2,2
THROCKMORTON COUNTY,447,19 Years,23,16,7,18,11,7,0,0,0,1,1,0,4,4,0
THROCKMORTON COUNTY,447,20 Years,24,14,10,22,13,9,0,0,0,0,0,0,2,1,1
THROCKMORTON COUNTY,447,21 Years,21,12,9,19,10,9,1,1,0,0,0,0,1,1,0
THROCKMORTON COUNTY,447,22 Years,24,10,14,21,8,13,0,0,0,0,0,0,3,2,1
THROCKMORTON COUNTY,447,23 Years,20,9,11,16,7,9,0,0,0,0,0,0,4,2,2
THROCKMORTON COUNTY,447,24 Years,14,9,5,12,8,4,0,0,0,0,0,0,2,1,1
THROCKMORTON COUNTY,447,25 Years,12,7,5,11,6,5,0,0,0,0,0,0,1,1,0
THROCKMORTON COUNTY,447,26 Years,13,7,6,12,7,5,0,0,0,0,0,0,1,0,1
THROCKMORTON COUNTY,447,27 Years,15,6,9,13,6,7,0,0,0,0,0,0,2,0,2
THROCKMORTON COUNTY,447,28 Years,17,10,7,16,10,6,0,0,0,0,0,0,1,0,1
THROCKMORTON COUNTY,447,29 Years,11,7,4,11,7,4,0,0,0,0,0,0,0,0,0
THROCKMORTON COUNTY,447,30 Years,8,5,3,8,5,3,0,0,0,0,0,0,0,0,0
THROCKMORTON COUNTY,447,31 Years,13,8,5,13,8,5,0,0,0,0,0,0,0,0,0
THROCKMORTON COUNTY,447,32 Years,19,9,10,15,6,9,0,0,0,1,0,1,3,3,0
THROCKMORTON COUNTY,447,33 Years,18,6,12,15,6,9,0,0,0,1,0,1,2,0,2
THROCKMORTON COUNTY,447,34 Years,11,6,5,10,6,4,0,0,0,0,0,0,1,0,1
THROCKMORTON COUNTY,447,35 Years,14,6,8,10,4,6,0,0,0,1,0,1,3,2,1
THROCKMORTON COUNTY,447,36 Years,9,5,4,8,4,4,0,0,0,0,0,0,1,1,0
THROCKMORTON COUNTY,447,37 Years,16,8,8,13,6,7,0,0,0,0,0,0,3,2,1
THROCKMORTON COUNTY,447,38 Years,16,11,5,12,8,4,0,0,0,0,0,0,4,3,1
THROCKMORTON COUNTY,447,39 Years,14,7,7,12,6,6,0,0,0,0,0,0,2,1,1
THROCKMORTON COUNTY,447,40 Years,10,5,5,8,4,4,0,0,0,0,0,0,2,1,1
THROCKMORTON COUNTY,447,41 Years,15,6,9,13,5,8,0,0,0,0,0,0,2,1,1
THROCKMORTON COUNTY,447,42 Years,17,7,10,13,6,7,0,0,0,0,0,0,4,1,3
THROCKMORTON COUNTY,447,43 Years,19,10,9,15,8,7,1,0,1,1,0,1,2,2,0
THROCKMORTON COUNTY,447,44 Years,17,9,8,16,9,7,0,0,0,0,0,0,1,0,1
THROCKMORTON COUNTY,447,45 Years,16,8,8,14,7,7,0,0,0,0,0,0,2,1,1
THROCKMORTON COUNTY,447,46 Years,16,9,7,15,8,7,0,0,0,0,0,0,1,1,0
THROCKMORTON COUNTY,447,47 Years,19,11,8,16,10,6,1,0,1,0,0,0,2,1,1
THROCKMORTON COUNTY,447,48 Years,19,9,10,18,9,9,0,0,0,0,0,0,1,0,1
THROCKMORTON COUNTY,447,49 Years,13,8,5,13,8,5,0,0,0,0,0,0,0,0,0
THROCKMORTON COUNTY,447,50 Years,24,8,16,22,8,14,0,0,0,0,0,0,2,0,2
THROCKMORTON COUNTY,447,51 Years,24,10,14,21,9,12,0,0,0,0,0,0,3,1,2
THROCKMORTON COUNTY,447,52 Years,28,13,15,25,12,13,0,0,0,0,0,0,3,1,2
THROCKMORTON COUNTY,447,53 Years,29,17,12,24,14,10,0,0,0,1,0,1,4,3,1
THROCKMORTON COUNTY,447,54 Years,24,13,11,21,13,8,0,0,0,2,0,2,1,0,1
THROCKMORTON COUNTY,447,55 Years,20,9,11,18,9,9,0,0,0,0,0,0,2,0,2
THROCKMORTON COUNTY,447,56 Years,25,13,12,23,13,10,0,0,0,0,0,0,2,0,2
THROCKMORTON COUNTY,447,57 Years,26,12,14,23,11,12,0,0,0,0,0,0,3,1,2
THROCKMORTON COUNTY,447,58 Years,23,11,12,21,10,11,0,0,0,0,0,0,2,1,1
THROCKMORTON COUNTY,447,59 Years,15,7,8,14,6,8,0,0,0,1,1,0,0,0,0
THROCKMORTON COUNTY,447,60 Years,20,10,10,19,10,9,0,0,0,1,0,1,0,0,0
THROCKMORTON COUNTY,447,61 Years,24,12,12,23,11,12,0,0,0,1,1,0,0,0,0
THROCKMORTON COUNTY,447,62 Years,16,8,8,15,8,7,0,0,0,0,0,0,1,0,1
THROCKMORTON COUNTY,447,63 Years,20,12,8,18,11,7,0,0,0,0,0,0,2,1,1
THROCKMORTON COUNTY,447,64 Years,20,10,10,18,8,10,0,0,0,0,0,0,2,2,0
THROCKMORTON COUNTY,447,65 Years,25,10,15,24,9,15,0,0,0,0,0,0,1,1,0
THROCKMORTON COUNTY,447,66 Years,22,9,13,21,9,12,0,0,0,0,0,0,1,0,1
THROCKMORTON COUNTY,447,67 Years,24,13,11,23,12,11,0,0,0,0,0,0,1,1,0
THROCKMORTON COUNTY,447,68 Years,25,17,8,24,17,7,0,0,0,0,0,0,1,0,1
THROCKMORTON COUNTY,447,69 Years,16,8,8,16,8,8,0,0,0,0,0,0,0,0,0
THROCKMORTON COUNTY,447,70 Years,17,5,12,14,5,9,0,0,0,1,0,1,2,0,2
THROCKMORTON COUNTY,447,71 Years,23,11,12,21,10,11,0,0,0,1,0,1,1,1,0
THROCKMORTON COUNTY,447,72 Years,17,8,9,16,7,9,0,0,0,0,0,0,1,1,0
THROCKMORTON COUNTY,447,73 Years,16,8,8,16,8,8,0,0,0,0,0,0,0,0,0
THROCKMORTON COUNTY,447,74 Years,27,13,14,23,11,12,0,0,0,2,1,1,2,1,1
THROCKMORTON COUNTY,447,75 Years,23,9,14,19,9,10,0,0,0,1,0,1,3,0,3
THROCKMORTON COUNTY,447,76 Years,18,5,13,15,4,11,0,0,0,1,0,1,2,1,1
THROCKMORTON COUNTY,447,77 Years,22,9,13,20,8,12,0,0,0,1,0,1,1,1,0
THROCKMORTON COUNTY,447,78 Years,20,11,9,20,11,9,0,0,0,0,0,0,0,0,0
THROCKMORTON COUNTY,447,79 Years,17,9,8,16,9,7,0,0,0,1,0,1,0,0,0
THROCKMORTON COUNTY,447,80 Years,16,8,8,15,8,7,0,0,0,1,0,1,0,0,0
THROCKMORTON COUNTY,447,81 Years,19,8,11,17,7,10,0,0,0,1,1,0,1,0,1
THROCKMORTON COUNTY,447,82 Years,14,7,7,14,7,7,0,0,0,0,0,0,0,0,0
THROCKMORTON COUNTY,447,83 Years,11,4,7,11,4,7,0,0,0,0,0,0,0,0,0
THROCKMORTON COUNTY,447,84 Years,11,5,6,11,5,6,0,0,0,0,0,0,0,0,0
THROCKMORTON COUNTY,447,85 Years +,53,21,32,52,21,31,0,0,0,0,0,0,1,0,1
TITUS COUNTY,449,All Ages,33878,16900,16978,15172,7400,7772,3060,1463,1597,795,383,412,14851,7654,7197
TITUS COUNTY,449,< 1 Year,523,252,271,150,83,67,34,16,18,21,6,15,318,147,171
TITUS COUNTY,449,1 Years,522,259,263,148,80,68,34,16,18,20,8,12,320,155,165
TITUS COUNTY,449,2 Years,521,267,254,151,84,67,30,15,15,22,10,12,318,158,160
TITUS COUNTY,449,3 Years,506,263,243,144,76,68,30,17,13,18,11,7,314,159,155
TITUS COUNTY,449,4 Years,518,264,254,149,77,72,28,14,14,25,15,10,316,158,158
TITUS COUNTY,449,5 Years,599,303,296,176,89,87,39,26,13,22,10,12,362,178,184
TITUS COUNTY,449,6 Years,555,271,284,163,84,79,42,23,19,19,6,13,331,158,173
TITUS COUNTY,449,7 Years,593,284,309,177,88,89,42,22,20,24,7,17,350,167,183
TITUS COUNTY,449,8 Years,586,293,293,192,95,97,43,21,22,23,11,12,328,166,162
TITUS COUNTY,449,9 Years,567,284,283,173,86,87,36,21,15,22,12,10,336,165,171
TITUS COUNTY,449,10 Years,528,270,258,159,84,75,42,20,22,23,12,11,304,154,150
TITUS COUNTY,449,11 Years,543,267,276,168,81,87,44,25,19,19,9,10,312,152,160
TITUS COUNTY,449,12 Years,529,259,270,158,81,77,44,22,22,16,8,8,311,148,163
TITUS COUNTY,449,13 Years,543,289,254,167,90,77,43,22,21,15,9,6,318,168,150
TITUS COUNTY,449,14 Years,559,306,253,174,94,80,45,26,19,18,9,9,322,177,145
TITUS COUNTY,449,15 Years,512,265,247,168,89,79,34,19,15,16,6,10,294,151,143
TITUS COUNTY,449,16 Years,533,292,241,190,106,84,43,19,24,13,4,9,287,163,124
TITUS COUNTY,449,17 Years,533,282,251,181,102,79,44,21,23,12,5,7,296,154,142
TITUS COUNTY,449,18 Years,545,268,277,179,89,90,46,25,21,11,3,8,309,151,158
TITUS COUNTY,449,19 Years,537,273,264,175,90,85,55,25,30,10,6,4,297,152,145
TITUS COUNTY,449,20 Years,514,267,247,165,83,82,45,22,23,8,6,2,296,156,140
TITUS COUNTY,449,21 Years,516,261,255,156,76,80,38,20,18,13,6,7,309,159,150
TITUS COUNTY,449,22 Years,508,271,237,155,79,76,50,27,23,9,6,3,294,159,135
TITUS COUNTY,449,23 Years,483,264,219,150,74,76,52,31,21,6,5,1,275,154,121
TITUS COUNTY,449,24 Years,533,295,238,209,106,103,46,24,22,10,7,3,268,158,110
TITUS COUNTY,449,25 Years,534,277,257,215,105,110,46,26,20,11,3,8,262,143,119
TITUS COUNTY,449,26 Years,516,247,269,180,78,102,57,31,26,10,4,6,269,134,135
TITUS COUNTY,449,27 Years,465,221,244,173,78,95,43,21,22,5,1,4,244,121,123
TITUS COUNTY,449,28 Years,419,208,211,141,64,77,34,17,17,7,3,4,237,124,113
TITUS COUNTY,449,29 Years,411,206,205,156,72,84,33,17,16,4,3,1,218,114,104
TITUS COUNTY,449,30 Years,405,213,192,153,75,78,32,16,16,5,4,1,215,118,97
TITUS COUNTY,449,31 Years,387,202,185,135,69,66,38,19,19,4,1,3,210,113,97
TITUS COUNTY,449,32 Years,408,215,193,153,85,68,36,20,16,3,1,2,216,109,107
TITUS COUNTY,449,33 Years,419,222,197,165,86,79,38,23,15,6,2,4,210,111,99
TITUS COUNTY,449,34 Years,418,199,219,164,77,87,32,18,14,10,3,7,212,101,111
TITUS COUNTY,449,35 Years,407,188,219,159,69,90,32,15,17,15,4,11,201,100,101
TITUS COUNTY,449,36 Years,399,193,206,150,64,86,37,20,17,15,7,8,197,102,95
TITUS COUNTY,449,37 Years,410,208,202,143,67,76,38,18,20,15,10,5,214,113,101
TITUS COUNTY,449,38 Years,407,206,201,157,75,82,34,14,20,13,9,4,203,108,95
TITUS COUNTY,449,39 Years,384,191,193,150,80,70,35,17,18,7,4,3,192,90,102
TITUS COUNTY,449,40 Years,415,218,197,153,84,69,32,17,15,8,5,3,222,112,110
TITUS COUNTY,449,41 Years,400,203,197,152,84,68,40,22,18,4,2,2,204,95,109
TITUS COUNTY,449,42 Years,426,206,220,177,96,81,41,14,27,7,5,2,201,91,110
TITUS COUNTY,449,43 Years,412,202,210,171,86,85,33,10,23,5,4,1,203,102,101
TITUS COUNTY,449,44 Years,416,207,209,192,97,95,41,16,25,8,4,4,175,90,85
TITUS COUNTY,449,45 Years,433,221,212,184,91,93,43,19,24,11,6,5,195,105,90
TITUS COUNTY,449,46 Years,423,221,202,176,86,90,50,22,28,10,6,4,187,107,80
TITUS COUNTY,449,47 Years,394,200,194,161,81,80,44,19,25,7,3,4,182,97,85
TITUS COUNTY,449,48 Years,417,202,215,190,84,106,45,19,26,8,5,3,174,94,80
TITUS COUNTY,449,49 Years,417,207,210,200,88,112,43,21,22,4,4,0,170,94,76
TITUS COUNTY,449,50 Years,409,199,210,209,94,115,41,19,22,7,4,3,152,82,70
TITUS COUNTY,449,51 Years,435,221,214,220,110,110,47,19,28,7,2,5,161,90,71
TITUS COUNTY,449,52 Years,435,216,219,234,120,114,47,20,27,9,2,7,145,74,71
TITUS COUNTY,449,53 Years,404,194,210,228,111,117,46,20,26,9,3,6,121,60,61
TITUS COUNTY,449,54 Years,377,175,202,226,102,124,41,16,25,8,5,3,102,52,50
TITUS COUNTY,449,55 Years,398,195,203,239,116,123,50,24,26,7,2,5,102,53,49
TITUS COUNTY,449,56 Years,363,191,172,220,105,115,45,25,20,5,3,2,93,58,35
TITUS COUNTY,449,57 Years,369,189,180,232,112,120,36,18,18,8,6,2,93,53,40
TITUS COUNTY,449,58 Years,353,176,177,229,110,119,39,20,19,3,2,1,82,44,38
TITUS COUNTY,449,59 Years,347,150,197,227,94,133,46,18,28,7,3,4,67,35,32
TITUS COUNTY,449,60 Years,354,169,185,228,105,123,48,22,26,7,3,4,71,39,32
TITUS COUNTY,449,61 Years,346,178,168,231,120,111,38,16,22,8,3,5,69,39,30
TITUS COUNTY,449,62 Years,332,177,155,229,119,110,37,18,19,10,6,4,56,34,22
TITUS COUNTY,449,63 Years,336,165,171,245,119,126,33,16,17,8,5,3,50,25,25
TITUS COUNTY,449,64 Years,339,165,174,234,111,123,40,18,22,8,4,4,57,32,25
TITUS COUNTY,449,65 Years,318,148,170,244,113,131,33,15,18,4,2,2,37,18,19
TITUS COUNTY,449,66 Years,299,143,156,233,114,119,26,10,16,3,1,2,37,18,19
TITUS COUNTY,449,67 Years,322,153,169,245,115,130,29,11,18,4,0,4,44,27,17
TITUS COUNTY,449,68 Years,300,141,159,237,108,129,28,13,15,3,1,2,32,19,13
TITUS COUNTY,449,69 Years,250,121,129,189,94,95,29,12,17,4,1,3,28,14,14
TITUS COUNTY,449,70 Years,233,113,120,174,84,90,17,6,11,6,4,2,36,19,17
TITUS COUNTY,449,71 Years,241,111,130,188,87,101,22,11,11,4,2,2,27,11,16
TITUS COUNTY,449,72 Years,213,111,102,169,86,83,19,11,8,5,2,3,20,12,8
TITUS COUNTY,449,73 Years,212,100,112,162,78,84,20,8,12,8,4,4,22,10,12
TITUS COUNTY,449,74 Years,212,99,113,164,80,84,23,8,15,4,2,2,21,9,12
TITUS COUNTY,449,75 Years,176,89,87,137,71,66,18,7,11,2,1,1,19,10,9
TITUS COUNTY,449,76 Years,166,81,85,128,61,67,17,6,11,2,1,1,19,13,6
TITUS COUNTY,449,77 Years,152,69,83,120,52,68,14,6,8,3,1,2,15,10,5
TITUS COUNTY,449,78 Years,136,63,73,109,50,59,13,5,8,3,2,1,11,6,5
TITUS COUNTY,449,79 Years,127,57,70,100,46,54,14,5,9,4,2,2,9,4,5
TITUS COUNTY,449,80 Years,119,59,60,90,45,45,16,6,10,2,2,0,11,6,5
TITUS COUNTY,449,81 Years,99,43,56,81,36,45,13,4,9,1,1,0,4,2,2
TITUS COUNTY,449,82 Years,98,44,54,81,37,44,13,5,8,0,0,0,4,2,2
TITUS COUNTY,449,83 Years,91,37,54,77,30,47,6,1,5,1,1,0,7,5,2
TITUS COUNTY,449,84 Years,92,33,59,73,25,48,9,4,5,1,0,1,9,4,5
TITUS COUNTY,449,85 Years +,477,173,304,413,153,260,41,10,31,3,0,3,20,10,10
TOM GREEN COUNTY,451,All Ages,118541,58340,60201,64496,31673,32823,4240,2270,1970,3867,1862,2005,45938,22535,23403
TOM GREEN COUNTY,451,< 1 Year,1841,921,920,736,373,363,39,26,13,71,31,40,995,491,504
TOM GREEN COUNTY,451,1 Years,1776,890,886,713,356,357,40,23,17,67,35,32,956,476,480
TOM GREEN COUNTY,451,2 Years,1690,850,840,694,346,348,39,22,17,57,33,24,900,449,451
TOM GREEN COUNTY,451,3 Years,1642,818,824,685,343,342,40,17,23,54,30,24,863,428,435
TOM GREEN COUNTY,451,4 Years,1641,831,810,688,349,339,40,19,21,64,32,32,849,431,418
TOM GREEN COUNTY,451,5 Years,1601,803,798,637,308,329,42,21,21,68,37,31,854,437,417
TOM GREEN COUNTY,451,6 Years,1577,784,793,638,310,328,45,21,24,78,44,34,816,409,407
TOM GREEN COUNTY,451,7 Years,1631,849,782,683,360,323,63,35,28,68,36,32,817,418,399
TOM GREEN COUNTY,451,8 Years,1665,867,798,673,345,328,58,33,25,74,38,36,860,451,409
TOM GREEN COUNTY,451,9 Years,1528,781,747,605,310,295,43,22,21,71,39,32,809,410,399
TOM GREEN COUNTY,451,10 Years,1555,807,748,641,336,305,46,22,24,76,44,32,792,405,387
TOM GREEN COUNTY,451,11 Years,1539,785,754,623,324,299,41,22,19,69,36,33,806,403,403
TOM GREEN COUNTY,451,12 Years,1490,765,725,583,301,282,49,29,20,49,24,25,809,411,398
TOM GREEN COUNTY,451,13 Years,1473,758,715,608,313,295,53,30,23,54,25,29,758,390,368
TOM GREEN COUNTY,451,14 Years,1532,790,742,615,321,294,43,22,21,53,25,28,821,422,399
TOM GREEN COUNTY,451,15 Years,1531,781,750,640,345,295,38,20,18,55,18,37,798,398,400
TOM GREEN COUNTY,451,16 Years,1484,771,713,660,343,317,38,22,16,56,26,30,730,380,350
TOM GREEN COUNTY,451,17 Years,1629,850,779,704,355,349,64,35,29,57,30,27,804,430,374
TOM GREEN COUNTY,451,18 Years,2068,1003,1065,1011,462,549,102,57,45,59,29,30,896,455,441
TOM GREEN COUNTY,451,19 Years,2584,1366,1218,1275,673,602,160,94,66,66,37,29,1083,562,521
TOM GREEN COUNTY,451,20 Years,2293,1179,1114,1170,617,553,132,67,65,81,46,35,910,449,461
TOM GREEN COUNTY,451,21 Years,2265,1189,1076,1171,631,540,95,56,39,66,32,34,933,470,463
TOM GREEN COUNTY,451,22 Years,2223,1143,1080,1182,601,581,97,62,35,72,30,42,872,450,422
TOM GREEN COUNTY,451,23 Years,2124,1180,944,1080,655,425,99,50,49,99,52,47,846,423,423
TOM GREEN COUNTY,451,24 Years,2114,1161,953,1127,658,469,113,69,44,105,58,47,769,376,393
TOM GREEN COUNTY,451,25 Years,1768,935,833,905,496,409,85,44,41,105,59,46,673,336,337
TOM GREEN COUNTY,451,26 Years,1623,849,774,847,463,384,74,41,33,75,36,39,627,309,318
TOM GREEN COUNTY,451,27 Years,1506,834,672,760,461,299,70,37,33,75,36,39,601,300,301
TOM GREEN COUNTY,451,28 Years,1542,802,740,774,409,365,66,39,27,55,29,26,647,325,322
TOM GREEN COUNTY,451,29 Years,1520,758,762,742,348,394,75,42,33,46,30,16,657,338,319
TOM GREEN COUNTY,451,30 Years,1559,771,788,779,364,415,79,40,39,48,31,17,653,336,317
TOM GREEN COUNTY,451,31 Years,1577,771,806,809,370,439,66,33,33,57,35,22,645,333,312
TOM GREEN COUNTY,451,32 Years,1498,717,781,748,349,399,68,33,35,56,32,24,626,303,323
TOM GREEN COUNTY,451,33 Years,1422,701,721,721,350,371,65,38,27,45,23,22,591,290,301
TOM GREEN COUNTY,451,34 Years,1450,742,708,723,364,359,64,38,26,52,31,21,611,309,302
TOM GREEN COUNTY,451,35 Years,1441,748,693,740,392,348,64,40,24,46,28,18,591,288,303
TOM GREEN COUNTY,451,36 Years,1279,617,662,667,340,327,55,32,23,35,20,15,522,225,297
TOM GREEN COUNTY,451,37 Years,1285,631,654,677,343,334,47,33,14,50,28,22,511,227,284
TOM GREEN COUNTY,451,38 Years,1230,614,616,647,324,323,34,19,15,44,23,21,505,248,257
TOM GREEN COUNTY,451,39 Years,1202,604,598,642,322,320,33,22,11,39,22,17,488,238,250
TOM GREEN COUNTY,451,40 Years,1197,589,608,624,327,297,37,21,16,58,20,38,478,221,257
TOM GREEN COUNTY,451,41 Years,1205,569,636,611,290,321,41,22,19,59,23,36,494,234,260
TOM GREEN COUNTY,451,42 Years,1194,561,633,602,278,324,36,23,13,55,22,33,501,238,263
TOM GREEN COUNTY,451,43 Years,1267,625,642,651,327,324,37,20,17,49,22,27,530,256,274
TOM GREEN COUNTY,451,44 Years,1264,624,640,668,333,335,33,16,17,47,21,26,516,254,262
TOM GREEN COUNTY,451,45 Years,1320,645,675,725,357,368,34,18,16,38,17,21,523,253,270
TOM GREEN COUNTY,451,46 Years,1206,605,601,648,339,309,37,21,16,34,16,18,487,229,258
TOM GREEN COUNTY,451,47 Years,1239,616,623,680,360,320,37,17,20,33,13,20,489,226,263
TOM GREEN COUNTY,451,48 Years,1250,597,653,679,327,352,51,28,23,35,13,22,485,229,256
TOM GREEN COUNTY,451,49 Years,1244,579,665,687,309,378,48,27,21,31,14,17,478,229,249
TOM GREEN COUNTY,451,50 Years,1355,641,714,789,380,409,47,26,21,32,13,19,487,222,265
TOM GREEN COUNTY,451,51 Years,1406,656,750,835,388,447,46,28,18,33,13,20,492,227,265
TOM GREEN COUNTY,451,52 Years,1455,693,762,860,403,457,53,28,25,37,17,20,505,245,260
TOM GREEN COUNTY,451,53 Years,1534,741,793,880,427,453,55,22,33,33,14,19,566,278,288
TOM GREEN COUNTY,451,54 Years,1522,725,797,906,428,478,56,28,28,29,9,20,531,260,271
TOM GREEN COUNTY,451,55 Years,1490,712,778,921,423,498,58,31,27,29,14,15,482,244,238
TOM GREEN COUNTY,451,56 Years,1518,734,784,957,458,499,61,35,26,36,19,17,464,222,242
TOM GREEN COUNTY,451,57 Years,1511,697,814,949,439,510,53,31,22,38,13,25,471,214,257
TOM GREEN COUNTY,451,58 Years,1497,688,809,942,430,512,48,23,25,40,14,26,467,221,246
TOM GREEN COUNTY,451,59 Years,1420,698,722,895,447,448,66,34,32,30,12,18,429,205,224
TOM GREEN COUNTY,451,60 Years,1462,710,752,971,477,494,43,20,23,38,17,21,410,196,214
TOM GREEN COUNTY,451,61 Years,1373,657,716,924,444,480,40,20,20,28,12,16,381,181,200
TOM GREEN COUNTY,451,62 Years,1409,672,737,950,461,489,51,25,26,29,11,18,379,175,204
TOM GREEN COUNTY,451,63 Years,1355,644,711,913,443,470,49,24,25,30,12,18,363,165,198
TOM GREEN COUNTY,451,64 Years,1261,600,661,835,405,430,46,22,24,29,11,18,351,162,189
TOM GREEN COUNTY,451,65 Years,1268,613,655,855,425,430,45,24,21,29,8,21,339,156,183
TOM GREEN COUNTY,451,66 Years,1142,551,591,780,370,410,43,22,21,31,12,19,288,147,141
TOM GREEN COUNTY,451,67 Years,1184,563,621,830,395,435,34,16,18,29,12,17,291,140,151
TOM GREEN COUNTY,451,68 Years,1208,563,645,860,403,457,30,15,15,29,10,19,289,135,154
TOM GREEN COUNTY,451,69 Years,947,448,499,665,324,341,26,11,15,24,10,14,232,103,129
TOM GREEN COUNTY,451,70 Years,881,405,476,602,281,321,30,14,16,23,10,13,226,100,126
TOM GREEN COUNTY,451,71 Years,934,426,508,678,315,363,27,11,16,18,7,11,211,93,118
TOM GREEN COUNTY,451,72 Years,838,385,453,612,284,328,24,10,14,16,7,9,186,84,102
TOM GREEN COUNTY,451,73 Years,796,389,407,572,278,294,24,11,13,15,6,9,185,94,91
TOM GREEN COUNTY,451,74 Years,747,353,394,554,263,291,20,11,9,18,8,10,155,71,84
TOM GREEN COUNTY,451,75 Years,737,327,410,576,256,320,15,10,5,18,9,9,128,52,76
TOM GREEN COUNTY,451,76 Years,679,294,385,523,231,292,17,11,6,15,7,8,124,45,79
TOM GREEN COUNTY,451,77 Years,686,291,395,524,232,292,20,10,10,17,6,11,125,43,82
TOM GREEN COUNTY,451,78 Years,634,266,368,486,208,278,20,8,12,8,3,5,120,47,73
TOM GREEN COUNTY,451,79 Years,633,265,368,477,198,279,19,7,12,12,5,7,125,55,70
TOM GREEN COUNTY,451,80 Years,596,255,341,470,206,264,17,7,10,11,2,9,98,40,58
TOM GREEN COUNTY,451,81 Years,572,248,324,438,188,250,15,6,9,13,6,7,106,48,58
TOM GREEN COUNTY,451,82 Years,526,212,314,404,163,241,14,5,9,8,2,6,100,42,58
TOM GREEN COUNTY,451,83 Years,442,188,254,341,142,199,10,3,7,11,4,7,80,39,41
TOM GREEN COUNTY,451,84 Years,422,180,242,328,136,192,11,5,6,12,4,8,71,35,36
TOM GREEN COUNTY,451,85 Years +,2317,824,1493,1796,645,1151,52,16,36,63,12,51,406,151,255
TRAVIS COUNTY,453,All Ages,1169907,589769,580138,562223,282719,279504,90218,43796,46422,106174,52237,53937,411292,211017,200275
TRAVIS COUNTY,453,< 1 Year,18200,9322,8878,6459,3321,3138,1389,690,699,1932,983,949,8420,4328,4092
TRAVIS COUNTY,453,1 Years,18049,9255,8794,6430,3297,3133,1364,685,679,1908,991,917,8347,4282,4065
TRAVIS COUNTY,453,2 Years,17940,9212,8728,6393,3294,3099,1340,682,658,1914,1000,914,8293,4236,4057
TRAVIS COUNTY,453,3 Years,17656,9035,8621,6283,3208,3075,1277,647,630,1831,955,876,8265,4225,4040
TRAVIS COUNTY,453,4 Years,17698,9046,8652,6202,3185,3017,1271,633,638,1861,957,904,8364,4271,4093
TRAVIS COUNTY,453,5 Years,17444,8935,8509,6052,3181,2871,1259,611,648,1734,866,868,8399,4277,4122
TRAVIS COUNTY,453,6 Years,15753,8068,7685,5457,2823,2634,1140,569,571,1582,797,785,7574,3879,3695
TRAVIS COUNTY,453,7 Years,15735,8035,7700,5367,2804,2563,1185,611,574,1595,784,811,7588,3836,3752
TRAVIS COUNTY,453,8 Years,15594,7918,7676,5335,2765,2570,1225,614,611,1546,777,769,7488,3762,3726
TRAVIS COUNTY,453,9 Years,15289,7790,7499,5289,2711,2578,1202,600,602,1525,762,763,7273,3717,3556
TRAVIS COUNTY,453,10 Years,15099,7670,7429,5114,2596,2518,1189,590,599,1547,748,799,7249,3736,3513
TRAVIS COUNTY,453,11 Years,14873,7576,7297,5085,2643,2442,1164,573,591,1456,714,742,7168,3646,3522
TRAVIS COUNTY,453,12 Years,14818,7592,7226,5090,2656,2434,1183,598,585,1407,694,713,7138,3644,3494
TRAVIS COUNTY,453,13 Years,14612,7519,7093,4920,2545,2375,1264,666,598,1371,664,707,7057,3644,3413
TRAVIS COUNTY,453,14 Years,14416,7379,7037,4751,2470,2281,1304,674,630,1322,634,688,7039,3601,3438
TRAVIS COUNTY,453,15 Years,14178,7291,6887,4708,2465,2243,1320,693,627,1198,586,612,6952,3547,3405
TRAVIS COUNTY,453,16 Years,13606,7000,6606,4584,2337,2247,1306,687,619,1143,590,553,6573,3386,3187
TRAVIS COUNTY,453,17 Years,13236,6873,6363,4493,2317,2176,1294,702,592,1182,594,588,6267,3260,3007
TRAVIS COUNTY,453,18 Years,14438,7354,7084,5005,2507,2498,1359,699,660,1640,818,822,6434,3330,3104
TRAVIS COUNTY,453,19 Years,17572,8768,8804,6495,3170,3325,1509,742,767,2173,1111,1062,7395,3745,3650
TRAVIS COUNTY,453,20 Years,18061,9042,9019,6712,3287,3425,1542,748,794,2330,1215,1115,7477,3792,3685
TRAVIS COUNTY,453,21 Years,18271,9133,9138,6870,3367,3503,1612,767,845,2363,1189,1174,7426,3810,3616
TRAVIS COUNTY,453,22 Years,17996,9319,8677,6723,3419,3304,1625,819,806,2106,1105,1001,7542,3976,3566
TRAVIS COUNTY,453,23 Years,17205,8921,8284,6119,3195,2924,1573,752,821,1779,916,863,7734,4058,3676
TRAVIS COUNTY,453,24 Years,17392,9108,8284,6552,3595,2957,1523,674,849,1799,895,904,7518,3944,3574
TRAVIS COUNTY,453,25 Years,17980,9298,8682,7085,3711,3374,1471,669,802,1850,968,882,7574,3950,3624
TRAVIS COUNTY,453,26 Years,18768,9844,8924,7838,4071,3767,1368,676,692,1961,993,968,7601,4104,3497
TRAVIS COUNTY,453,27 Years,20083,10324,9759,8826,4367,4459,1297,619,678,1939,1016,923,8021,4322,3699
TRAVIS COUNTY,453,28 Years,21550,10786,10764,10063,4665,5398,1305,628,677,1973,1059,914,8209,4434,3775
TRAVIS COUNTY,453,29 Years,22797,11394,11403,11318,5252,6066,1351,637,714,1800,990,810,8328,4515,3813
TRAVIS COUNTY,453,30 Years,23630,12002,11628,12149,5808,6341,1346,673,673,1860,1018,842,8275,4503,3772
TRAVIS COUNTY,453,31 Years,23090,11588,11502,12235,5986,6249,1304,641,663,1621,793,828,7930,4168,3762
TRAVIS COUNTY,453,32 Years,23494,11823,11671,12672,6259,6413,1347,679,668,1693,809,884,7782,4076,3706
TRAVIS COUNTY,453,33 Years,23348,11710,11638,12930,6468,6462,1370,678,692,1694,712,982,7354,3852,3502
TRAVIS COUNTY,453,34 Years,23090,11638,11452,12739,6433,6306,1370,686,684,1885,786,1099,7096,3733,3363
TRAVIS COUNTY,453,35 Years,23129,11667,11462,12519,6327,6192,1397,696,701,2063,848,1215,7150,3796,3354
TRAVIS COUNTY,453,36 Years,22108,11226,10882,11681,5967,5714,1353,671,682,2229,978,1251,6845,3610,3235
TRAVIS COUNTY,453,37 Years,21196,10845,10351,10991,5668,5323,1312,640,672,2321,1095,1226,6572,3442,3130
TRAVIS COUNTY,453,38 Years,20267,10488,9779,10295,5349,4946,1263,613,650,2411,1200,1211,6298,3326,2972
TRAVIS COUNTY,453,39 Years,19376,10098,9278,9566,5099,4467,1210,567,643,2402,1180,1222,6198,3252,2946
TRAVIS COUNTY,453,40 Years,18742,9835,8907,9067,4883,4184,1229,609,620,2328,1136,1192,6118,3207,2911
TRAVIS COUNTY,453,41 Years,17425,9119,8306,8294,4476,3818,1165,599,566,2200,1092,1108,5766,2952,2814
TRAVIS COUNTY,453,42 Years,16821,8751,8070,7885,4231,3654,1211,581,630,2120,1047,1073,5605,2892,2713
TRAVIS COUNTY,453,43 Years,16564,8681,7883,7845,4236,3609,1197,573,624,1989,990,999,5533,2882,2651
TRAVIS COUNTY,453,44 Years,16988,8832,8156,8517,4522,3995,1285,617,668,1824,904,920,5362,2789,2573
TRAVIS COUNTY,453,45 Years,16672,8616,8056,8563,4535,4028,1285,629,656,1660,816,844,5164,2636,2528
TRAVIS COUNTY,453,46 Years,15103,7704,7399,7858,4103,3755,1185,580,605,1381,682,699,4679,2339,2340
TRAVIS COUNTY,453,47 Years,14046,7200,6846,7255,3805,3450,1198,602,596,1190,592,598,4403,2201,2202
TRAVIS COUNTY,453,48 Years,13274,6794,6480,6869,3544,3325,1161,560,601,1139,580,559,4105,2110,1995
TRAVIS COUNTY,453,49 Years,13165,6675,6490,6848,3517,3331,1152,520,632,1104,545,559,4061,2093,1968
TRAVIS COUNTY,453,50 Years,13830,7058,6772,7313,3751,3562,1242,605,637,1111,550,561,4164,2152,2012
TRAVIS COUNTY,453,51 Years,13734,6954,6780,7467,3806,3661,1302,622,680,1055,539,516,3910,1987,1923
TRAVIS COUNTY,453,52 Years,13605,6851,6754,7546,3817,3729,1253,611,642,1053,521,532,3753,1902,1851
TRAVIS COUNTY,453,53 Years,13536,6811,6725,7716,3895,3821,1252,623,629,939,454,485,3629,1839,1790
TRAVIS COUNTY,453,54 Years,13293,6654,6639,7657,3859,3798,1237,604,633,882,429,453,3517,1762,1755
TRAVIS COUNTY,453,55 Years,13431,6767,6664,7873,3965,3908,1257,635,622,850,396,454,3451,1771,1680
TRAVIS COUNTY,453,56 Years,12870,6410,6460,7672,3824,3848,1200,596,604,781,373,408,3217,1617,1600
TRAVIS COUNTY,453,57 Years,12612,6223,6389,7648,3794,3854,1190,571,619,755,360,395,3019,1498,1521
TRAVIS COUNTY,453,58 Years,12422,6104,6318,7626,3806,3820,1171,579,592,767,333,434,2858,1386,1472
TRAVIS COUNTY,453,59 Years,11814,5818,5996,7316,3607,3709,1112,556,556,710,323,387,2676,1332,1344
TRAVIS COUNTY,453,60 Years,11558,5686,5872,7332,3627,3705,1039,530,509,681,306,375,2506,1223,1283
TRAVIS COUNTY,453,61 Years,10967,5297,5670,7138,3495,3643,976,449,527,616,288,328,2237,1065,1172
TRAVIS COUNTY,453,62 Years,10483,5009,5474,6986,3383,3603,900,418,482,578,268,310,2019,940,1079
TRAVIS COUNTY,453,63 Years,9939,4844,5095,6650,3264,3386,818,394,424,558,256,302,1913,930,983
TRAVIS COUNTY,453,64 Years,9403,4574,4829,6195,3091,3104,821,378,443,554,254,300,1833,851,982
TRAVIS COUNTY,453,65 Years,9052,4418,4634,5936,3000,2936,799,366,433,544,235,309,1773,817,956
TRAVIS COUNTY,453,66 Years,8310,4029,4281,5490,2723,2767,727,335,392,514,221,293,1579,750,829
TRAVIS COUNTY,453,67 Years,8042,3929,4113,5472,2722,2750,656,304,352,456,206,250,1458,697,761
TRAVIS COUNTY,453,68 Years,7623,3733,3890,5352,2674,2678,546,245,301,417,185,232,1308,629,679
TRAVIS COUNTY,453,69 Years,6136,3002,3134,4183,2102,2081,459,218,241,353,156,197,1141,526,615
TRAVIS COUNTY,453,70 Years,5502,2586,2916,3704,1791,1913,426,186,240,319,143,176,1053,466,587
TRAVIS COUNTY,453,71 Years,5278,2464,2814,3621,1740,1881,406,158,248,294,133,161,957,433,524
TRAVIS COUNTY,453,72 Years,4898,2319,2579,3365,1632,1733,399,176,223,267,126,141,867,385,482
TRAVIS COUNTY,453,73 Years,4380,2078,2302,2973,1438,1535,379,167,212,269,137,132,759,336,423
TRAVIS COUNTY,453,74 Years,3858,1745,2113,2594,1216,1378,308,119,189,246,122,124,710,288,422
TRAVIS COUNTY,453,75 Years,3427,1519,1908,2278,1039,1239,289,106,183,202,99,103,658,275,383
TRAVIS COUNTY,453,76 Years,3131,1383,1748,2091,946,1145,248,97,151,177,86,91,615,254,361
TRAVIS COUNTY,453,77 Years,2949,1272,1677,1986,885,1101,237,90,147,185,84,101,541,213,328
TRAVIS COUNTY,453,78 Years,2746,1183,1563,1851,818,1033,236,94,142,166,75,91,493,196,297
TRAVIS COUNTY,453,79 Years,2552,1075,1477,1728,743,985,225,91,134,144,63,81,455,178,277
TRAVIS COUNTY,453,80 Years,2391,1036,1355,1592,725,867,213,81,132,112,46,66,474,184,290
TRAVIS COUNTY,453,81 Years,2129,911,1218,1450,634,816,186,79,107,93,43,50,400,155,245
TRAVIS COUNTY,453,82 Years,1921,790,1131,1341,569,772,160,55,105,96,39,57,324,127,197
TRAVIS COUNTY,453,83 Years,1855,766,1089,1306,554,752,160,52,108,83,35,48,306,125,181
TRAVIS COUNTY,453,84 Years,1778,735,1043,1298,549,749,140,48,92,75,31,44,265,107,158
TRAVIS COUNTY,453,85 Years +,10615,3637,6978,8081,2795,5286,698,189,509,391,148,243,1445,505,940
TRINITY COUNTY,455,All Ages,14387,7048,7339,11503,5608,5895,1391,656,735,303,127,176,1190,657,533
TRINITY COUNTY,455,< 1 Year,150,83,67,108,61,47,16,8,8,7,4,3,19,10,9
TRINITY COUNTY,455,1 Years,143,78,65,100,57,43,18,9,9,8,3,5,17,9,8
TRINITY COUNTY,455,2 Years,130,70,60,88,50,38,19,10,9,8,3,5,15,7,8
TRINITY COUNTY,455,3 Years,126,64,62,85,46,39,19,10,9,7,2,5,15,6,9
TRINITY COUNTY,455,4 Years,146,74,72,96,45,51,21,12,9,10,8,2,19,9,10
TRINITY COUNTY,455,5 Years,155,74,81,106,51,55,22,6,16,7,6,1,20,11,9
TRINITY COUNTY,455,6 Years,158,84,74,110,56,54,15,9,6,7,4,3,26,15,11
TRINITY COUNTY,455,7 Years,146,74,72,104,54,50,13,4,9,5,2,3,24,14,10
TRINITY COUNTY,455,8 Years,154,92,62,106,65,41,20,10,10,5,3,2,23,14,9
TRINITY COUNTY,455,9 Years,161,84,77,97,53,44,24,11,13,9,4,5,31,16,15
TRINITY COUNTY,455,10 Years,142,64,78,86,40,46,21,8,13,12,5,7,23,11,12
TRINITY COUNTY,455,11 Years,137,72,65,89,46,43,15,8,7,5,2,3,28,16,12
TRINITY COUNTY,455,12 Years,154,82,72,107,56,51,15,10,5,3,0,3,29,16,13
TRINITY COUNTY,455,13 Years,159,80,79,112,58,54,16,7,9,5,1,4,26,14,12
TRINITY COUNTY,455,14 Years,164,78,86,113,57,56,19,7,12,3,0,3,29,14,15
TRINITY COUNTY,455,15 Years,175,85,90,124,62,62,18,7,11,4,1,3,29,15,14
TRINITY COUNTY,455,16 Years,173,91,82,128,70,58,15,6,9,7,3,4,23,12,11
TRINITY COUNTY,455,17 Years,165,89,76,125,66,59,14,9,5,6,2,4,20,12,8
TRINITY COUNTY,455,18 Years,157,75,82,123,59,64,11,7,4,5,2,3,18,7,11
TRINITY COUNTY,455,19 Years,155,75,80,118,57,61,14,8,6,4,2,2,19,8,11
TRINITY COUNTY,455,20 Years,136,59,77,93,42,51,19,8,11,6,0,6,18,9,9
TRINITY COUNTY,455,21 Years,154,73,81,108,53,55,22,12,10,7,2,5,17,6,11
TRINITY COUNTY,455,22 Years,147,73,74,102,51,51,22,11,11,3,2,1,20,9,11
TRINITY COUNTY,455,23 Years,156,78,78,111,51,60,22,11,11,1,1,0,22,15,7
TRINITY COUNTY,455,24 Years,152,82,70,114,60,54,18,11,7,2,0,2,18,11,7
TRINITY COUNTY,455,25 Years,131,59,72,103,49,54,12,4,8,3,1,2,13,5,8
TRINITY COUNTY,455,26 Years,124,55,69,94,40,54,14,6,8,1,0,1,15,9,6
TRINITY COUNTY,455,27 Years,136,67,69,106,50,56,17,10,7,0,0,0,13,7,6
TRINITY COUNTY,455,28 Years,117,59,58,87,43,44,19,10,9,0,0,0,11,6,5
TRINITY COUNTY,455,29 Years,127,62,65,97,48,49,15,4,11,2,1,1,13,9,4
TRINITY COUNTY,455,30 Years,123,62,61,88,45,43,14,4,10,1,1,0,20,12,8
TRINITY COUNTY,455,31 Years,126,59,67,88,44,44,16,5,11,1,0,1,21,10,11
TRINITY COUNTY,455,32 Years,112,58,54,80,38,42,11,6,5,3,1,2,18,13,5
TRINITY COUNTY,455,33 Years,128,63,65,96,42,54,14,8,6,3,2,1,15,11,4
TRINITY COUNTY,455,34 Years,131,66,65,94,43,51,15,9,6,3,2,1,19,12,7
TRINITY COUNTY,455,35 Years,130,65,65,91,45,46,20,10,10,1,1,0,18,9,9
TRINITY COUNTY,455,36 Years,120,56,64,95,44,51,12,6,6,3,1,2,10,5,5
TRINITY COUNTY,455,37 Years,125,64,61,98,49,49,12,5,7,4,2,2,11,8,3
TRINITY COUNTY,455,38 Years,122,63,59,89,44,45,15,8,7,1,1,0,17,10,7
TRINITY COUNTY,455,39 Years,110,53,57,82,39,43,13,7,6,1,0,1,14,7,7
TRINITY COUNTY,455,40 Years,120,61,59,90,44,46,12,6,6,1,1,0,17,10,7
TRINITY COUNTY,455,41 Years,129,70,59,104,54,50,6,3,3,1,1,0,18,12,6
TRINITY COUNTY,455,42 Years,149,77,72,114,60,54,10,3,7,1,0,1,24,14,10
TRINITY COUNTY,455,43 Years,142,68,74,107,49,58,11,5,6,2,2,0,22,12,10
TRINITY COUNTY,455,44 Years,156,72,84,122,55,67,15,7,8,2,1,1,17,9,8
TRINITY COUNTY,455,45 Years,160,79,81,127,63,64,12,6,6,3,1,2,18,9,9
TRINITY COUNTY,455,46 Years,160,79,81,124,61,63,12,7,5,3,1,2,21,10,11
TRINITY COUNTY,455,47 Years,148,79,69,118,59,59,12,7,5,1,1,0,17,12,5
TRINITY COUNTY,455,48 Years,166,92,74,134,71,63,13,9,4,4,2,2,15,10,5
TRINITY COUNTY,455,49 Years,171,86,85,137,70,67,21,11,10,3,1,2,10,4,6
TRINITY COUNTY,455,50 Years,180,87,93,145,71,74,22,11,11,1,0,1,12,5,7
TRINITY COUNTY,455,51 Years,199,101,98,168,85,83,19,10,9,2,1,1,10,5,5
TRINITY COUNTY,455,52 Years,206,97,109,174,83,91,22,11,11,1,0,1,9,3,6
TRINITY COUNTY,455,53 Years,236,116,120,198,97,101,22,9,13,5,2,3,11,8,3
TRINITY COUNTY,455,54 Years,241,119,122,200,99,101,27,11,16,5,2,3,9,7,2
TRINITY COUNTY,455,55 Years,237,109,128,194,91,103,27,10,17,7,2,5,9,6,3
TRINITY COUNTY,455,56 Years,240,110,130,200,90,110,25,13,12,4,1,3,11,6,5
TRINITY COUNTY,455,57 Years,239,109,130,199,91,108,26,13,13,6,2,4,8,3,5
TRINITY COUNTY,455,58 Years,250,112,138,213,93,120,23,13,10,2,0,2,12,6,6
TRINITY COUNTY,455,59 Years,268,122,146,218,97,121,29,14,15,6,2,4,15,9,6
TRINITY COUNTY,455,60 Years,252,118,134,206,97,109,29,11,18,5,2,3,12,8,4
TRINITY COUNTY,455,61 Years,253,116,137,218,100,118,20,9,11,4,2,2,11,5,6
TRINITY COUNTY,455,62 Years,252,114,138,216,96,120,21,9,12,5,3,2,10,6,4
TRINITY COUNTY,455,63 Years,256,114,142,221,100,121,26,10,16,3,1,2,6,3,3
TRINITY COUNTY,455,64 Years,252,117,135,226,101,125,16,10,6,4,2,2,6,4,2
TRINITY COUNTY,455,65 Years,255,122,133,229,106,123,16,10,6,4,2,2,6,4,2
TRINITY COUNTY,455,66 Years,261,124,137,230,109,121,21,10,11,3,1,2,7,4,3
TRINITY COUNTY,455,67 Years,252,125,127,219,108,111,23,11,12,3,2,1,7,4,3
TRINITY COUNTY,455,68 Years,235,120,115,210,107,103,16,7,9,3,1,2,6,5,1
TRINITY COUNTY,455,69 Years,203,109,94,183,100,83,12,4,8,3,1,2,5,4,1
TRINITY COUNTY,455,70 Years,205,105,100,185,95,90,14,5,9,2,1,1,4,4,0
TRINITY COUNTY,455,71 Years,204,102,102,187,94,93,9,3,6,3,2,1,5,3,2
TRINITY COUNTY,455,72 Years,206,94,112,181,91,90,16,3,13,4,0,4,5,0,5
TRINITY COUNTY,455,73 Years,198,97,101,177,87,90,15,8,7,2,1,1,4,1,3
TRINITY COUNTY,455,74 Years,177,79,98,164,71,93,8,5,3,2,1,1,3,2,1
TRINITY COUNTY,455,75 Years,156,73,83,142,64,78,8,5,3,3,1,2,3,3,0
TRINITY COUNTY,455,76 Years,147,81,66,137,75,62,7,4,3,1,0,1,2,2,0
TRINITY COUNTY,455,77 Years,135,71,64,123,66,57,7,3,4,1,0,1,4,2,2
TRINITY COUNTY,455,78 Years,120,60,60,108,55,53,8,3,5,1,0,1,3,2,1
TRINITY COUNTY,455,79 Years,113,58,55,99,50,49,8,3,5,1,1,0,5,4,1
TRINITY COUNTY,455,80 Years,113,53,60,99,44,55,8,5,3,1,0,1,5,4,1
TRINITY COUNTY,455,81 Years,97,40,57,87,37,50,5,2,3,2,1,1,3,0,3
TRINITY COUNTY,455,82 Years,99,46,53,88,41,47,9,4,5,0,0,0,2,1,1
TRINITY COUNTY,455,83 Years,82,38,44,75,34,41,5,2,3,0,0,0,2,2,0
TRINITY COUNTY,455,84 Years,73,36,37,66,33,33,4,3,1,3,0,3,0,0,0
TRINITY COUNTY,455,85 Years +,337,147,190,300,135,165,27,7,20,7,4,3,3,1,2
TYLER COUNTY,457,All Ages,22187,12307,9880,17574,9071,8503,2502,1646,856,451,229,222,1660,1361,299
TYLER COUNTY,457,< 1 Year,205,98,107,166,78,88,18,10,8,11,6,5,10,4,6
TYLER COUNTY,457,1 Years,207,102,105,167,81,86,19,12,7,11,4,7,10,5,5
TYLER COUNTY,457,2 Years,217,111,106,173,88,85,21,12,9,14,7,7,9,4,5
TYLER COUNTY,457,3 Years,215,112,103,175,92,83,19,9,10,12,6,6,9,5,4
TYLER COUNTY,457,4 Years,218,116,102,175,92,83,21,10,11,11,7,4,11,7,4
TYLER COUNTY,457,5 Years,229,117,112,182,97,85,23,10,13,11,4,7,13,6,7
TYLER COUNTY,457,6 Years,213,115,98,165,88,77,23,12,11,8,4,4,17,11,6
TYLER COUNTY,457,7 Years,221,109,112,175,84,91,22,9,13,11,7,4,13,9,4
TYLER COUNTY,457,8 Years,234,119,115,187,95,92,26,12,14,7,4,3,14,8,6
TYLER COUNTY,457,9 Years,240,126,114,193,103,90,24,13,11,8,2,6,15,8,7
TYLER COUNTY,457,10 Years,245,121,124,192,92,100,27,17,10,6,2,4,20,10,10
TYLER COUNTY,457,11 Years,216,106,110,175,84,91,23,13,10,5,2,3,13,7,6
TYLER COUNTY,457,12 Years,213,110,103,173,92,81,23,11,12,4,1,3,13,6,7
TYLER COUNTY,457,13 Years,235,122,113,191,99,92,24,11,13,8,4,4,12,8,4
TYLER COUNTY,457,14 Years,237,128,109,190,104,86,18,8,10,14,7,7,15,9,6
TYLER COUNTY,457,15 Years,252,130,122,209,107,102,21,9,12,11,7,4,11,7,4
TYLER COUNTY,457,16 Years,270,138,132,224,114,110,23,12,11,13,6,7,10,6,4
TYLER COUNTY,457,17 Years,234,125,109,194,104,90,21,12,9,10,4,6,9,5,4
TYLER COUNTY,457,18 Years,248,130,118,207,108,99,20,12,8,6,2,4,15,8,7
TYLER COUNTY,457,19 Years,261,153,108,193,105,88,31,21,10,8,3,5,29,24,5
TYLER COUNTY,457,20 Years,254,142,112,197,101,96,30,20,10,6,3,3,21,18,3
TYLER COUNTY,457,21 Years,281,155,126,204,99,105,44,30,14,5,3,2,28,23,5
TYLER COUNTY,457,22 Years,300,191,109,196,110,86,55,42,13,7,4,3,42,35,7
TYLER COUNTY,457,23 Years,316,199,117,206,115,91,60,42,18,5,3,2,45,39,6
TYLER COUNTY,457,24 Years,323,211,112,202,113,89,67,53,14,6,1,5,48,44,4
TYLER COUNTY,457,25 Years,292,199,93,175,97,78,57,48,9,4,2,2,56,52,4
TYLER COUNTY,457,26 Years,338,243,95,193,111,82,72,64,8,3,2,1,70,66,4
TYLER COUNTY,457,27 Years,319,228,91,181,104,77,77,67,10,3,0,3,58,57,1
TYLER COUNTY,457,28 Years,305,216,89,175,101,74,66,54,12,3,1,2,61,60,1
TYLER COUNTY,457,29 Years,291,208,83,164,93,71,70,61,9,4,3,1,53,51,2
TYLER COUNTY,457,30 Years,291,207,84,172,100,72,56,49,7,4,4,0,59,54,5
TYLER COUNTY,457,31 Years,288,197,91,172,94,78,51,44,7,3,1,2,62,58,4
TYLER COUNTY,457,32 Years,279,193,86,162,93,69,60,53,7,4,0,4,53,47,6
TYLER COUNTY,457,33 Years,283,188,95,166,89,77,62,55,7,5,0,5,50,44,6
TYLER COUNTY,457,34 Years,263,180,83,156,92,64,52,42,10,3,1,2,52,45,7
TYLER COUNTY,457,35 Years,254,174,80,163,96,67,47,38,9,1,1,0,43,39,4
TYLER COUNTY,457,36 Years,233,149,84,154,81,73,42,35,7,2,1,1,35,32,3
TYLER COUNTY,457,37 Years,237,158,79,162,92,70,35,31,4,3,2,1,37,33,4
TYLER COUNTY,457,38 Years,249,159,90,169,90,79,42,35,7,2,2,0,36,32,4
TYLER COUNTY,457,39 Years,244,151,93,178,99,79,36,26,10,1,0,1,29,26,3
TYLER COUNTY,457,40 Years,224,138,86,161,87,74,31,23,8,4,3,1,28,25,3
TYLER COUNTY,457,41 Years,240,141,99,174,87,87,30,23,7,4,2,2,32,29,3
TYLER COUNTY,457,42 Years,243,145,98,180,99,81,26,17,9,7,5,2,30,24,6
TYLER COUNTY,457,43 Years,250,154,96,192,107,85,28,20,8,5,4,1,25,23,2
TYLER COUNTY,457,44 Years,263,157,106,209,115,94,28,21,7,7,3,4,19,18,1
TYLER COUNTY,457,45 Years,268,155,113,211,110,101,25,20,5,5,2,3,27,23,4
TYLER COUNTY,457,46 Years,263,138,125,217,103,114,23,16,7,3,2,1,20,17,3
TYLER COUNTY,457,47 Years,284,152,132,236,118,118,23,15,8,4,2,2,21,17,4
TYLER COUNTY,457,48 Years,284,155,129,233,119,114,31,18,13,5,5,0,15,13,2
TYLER COUNTY,457,49 Years,279,147,132,225,113,112,32,15,17,4,3,1,18,16,2
TYLER COUNTY,457,50 Years,284,151,133,233,118,115,30,19,11,4,2,2,17,12,5
TYLER COUNTY,457,51 Years,263,143,120,220,115,105,28,19,9,5,2,3,10,7,3
TYLER COUNTY,457,52 Years,297,153,144,251,126,125,31,18,13,6,3,3,9,6,3
TYLER COUNTY,457,53 Years,305,146,159,263,125,138,27,11,16,4,2,2,11,8,3
TYLER COUNTY,457,54 Years,321,151,170,275,130,145,32,12,20,7,3,4,7,6,1
TYLER COUNTY,457,55 Years,318,160,158,268,136,132,29,13,16,6,1,5,15,10,5
TYLER COUNTY,457,56 Years,325,177,148,282,152,130,27,14,13,2,1,1,14,10,4
TYLER COUNTY,457,57 Years,316,183,133,279,166,113,24,10,14,3,1,2,10,6,4
TYLER COUNTY,457,58 Years,309,172,137,265,149,116,30,14,16,4,2,2,10,7,3
TYLER COUNTY,457,59 Years,328,174,154,286,151,135,27,13,14,8,4,4,7,6,1
TYLER COUNTY,457,60 Years,330,174,156,291,149,142,28,18,10,6,2,4,5,5,0
TYLER COUNTY,457,61 Years,318,170,148,280,149,131,23,13,10,7,4,3,8,4,4
TYLER COUNTY,457,62 Years,311,169,142,282,155,127,17,7,10,3,2,1,9,5,4
TYLER COUNTY,457,63 Years,295,148,147,264,136,128,19,6,13,8,4,4,4,2,2
TYLER COUNTY,457,64 Years,297,150,147,262,133,129,24,10,14,5,3,2,6,4,2
TYLER COUNTY,457,65 Years,279,135,144,244,117,127,25,14,11,2,1,1,8,3,5
TYLER COUNTY,457,66 Years,272,127,145,247,113,134,15,7,8,4,3,1,6,4,2
TYLER COUNTY,457,67 Years,291,140,151,270,130,140,17,7,10,3,2,1,1,1,0
TYLER COUNTY,457,68 Years,314,159,155,291,145,146,17,10,7,4,3,1,2,1,1
TYLER COUNTY,457,69 Years,268,132,136,243,119,124,14,5,9,5,4,1,6,4,2
TYLER COUNTY,457,70 Years,268,143,125,245,131,114,12,4,8,4,2,2,7,6,1
TYLER COUNTY,457,71 Years,275,138,137,256,132,124,13,3,10,4,2,2,2,1,1
TYLER COUNTY,457,72 Years,253,122,131,238,114,124,10,5,5,2,1,1,3,2,1
TYLER COUNTY,457,73 Years,247,123,124,230,113,117,12,7,5,3,2,1,2,1,1
TYLER COUNTY,457,74 Years,216,106,110,194,94,100,17,9,8,2,2,0,3,1,2
TYLER COUNTY,457,75 Years,209,104,105,186,92,94,18,10,8,3,1,2,2,1,1
TYLER COUNTY,457,76 Years,173,95,78,153,84,69,16,8,8,1,1,0,3,2,1
TYLER COUNTY,457,77 Years,167,84,83,147,77,70,15,5,10,2,1,1,3,1,2
TYLER COUNTY,457,78 Years,167,79,88,146,67,79,14,7,7,3,2,1,4,3,1
TYLER COUNTY,457,79 Years,168,88,80,148,77,71,14,7,7,3,2,1,3,2,1
TYLER COUNTY,457,80 Years,178,88,90,159,77,82,11,5,6,5,4,1,3,2,1
TYLER COUNTY,457,81 Years,148,74,74,131,65,66,11,5,6,2,1,1,4,3,1
TYLER COUNTY,457,82 Years,125,55,70,113,52,61,9,2,7,1,0,1,2,1,1
TYLER COUNTY,457,83 Years,118,56,62,109,52,57,6,3,3,1,0,1,2,1,1
TYLER COUNTY,457,84 Years,96,47,49,90,42,48,4,3,1,0,0,0,2,2,0
TYLER COUNTY,457,85 Years +,490,173,317,442,153,289,31,11,20,8,5,3,9,4,5
UPSHUR COUNTY,459,All Ages,40123,19889,20234,31864,15748,16116,3457,1672,1785,1375,686,689,3427,1783,1644
UPSHUR COUNTY,459,< 1 Year,424,214,210,291,143,148,22,11,11,28,18,10,83,42,41
UPSHUR COUNTY,459,1 Years,436,222,214,298,150,148,24,13,11,35,19,16,79,40,39
UPSHUR COUNTY,459,2 Years,445,227,218,306,151,155,23,14,9,37,21,16,79,41,38
UPSHUR COUNTY,459,3 Years,448,227,221,311,154,157,24,14,10,32,16,16,81,43,38
UPSHUR COUNTY,459,4 Years,488,241,247,317,155,162,23,12,11,54,25,29,94,49,45
UPSHUR COUNTY,459,5 Years,440,205,235,296,140,156,24,10,14,36,14,22,84,41,43
UPSHUR COUNTY,459,6 Years,497,244,253,347,174,173,37,16,21,32,14,18,81,40,41
UPSHUR COUNTY,459,7 Years,524,286,238,371,205,166,39,21,18,30,16,14,84,44,40
UPSHUR COUNTY,459,8 Years,580,315,265,416,225,191,40,25,15,35,19,16,89,46,43
UPSHUR COUNTY,459,9 Years,568,304,264,406,219,187,35,18,17,37,19,18,90,48,42
UPSHUR COUNTY,459,10 Years,553,282,271,402,204,198,38,18,20,34,17,17,79,43,36
UPSHUR COUNTY,459,11 Years,534,281,253,397,212,185,41,20,21,29,13,16,67,36,31
UPSHUR COUNTY,459,12 Years,558,308,250,390,211,179,52,32,20,37,21,16,79,44,35
UPSHUR COUNTY,459,13 Years,582,302,280,413,209,204,57,32,25,33,18,15,79,43,36
UPSHUR COUNTY,459,14 Years,578,297,281,417,217,200,56,32,24,36,17,19,69,31,38
UPSHUR COUNTY,459,15 Years,595,303,292,439,229,210,60,28,32,37,20,17,59,26,33
UPSHUR COUNTY,459,16 Years,575,300,275,418,221,197,56,26,30,35,19,16,66,34,32
UPSHUR COUNTY,459,17 Years,572,304,268,420,223,197,57,30,27,28,15,13,67,36,31
UPSHUR COUNTY,459,18 Years,558,298,260,405,215,190,55,33,22,27,13,14,71,37,34
UPSHUR COUNTY,459,19 Years,491,263,228,359,189,170,46,26,20,27,12,15,59,36,23
UPSHUR COUNTY,459,20 Years,485,254,231,352,185,167,50,29,21,30,13,17,53,27,26
UPSHUR COUNTY,459,21 Years,490,268,222,356,195,161,46,29,17,28,12,16,60,32,28
UPSHUR COUNTY,459,22 Years,491,254,237,363,187,176,57,32,25,15,6,9,56,29,27
UPSHUR COUNTY,459,23 Years,487,264,223,355,192,163,62,37,25,12,6,6,58,29,29
UPSHUR COUNTY,459,24 Years,456,245,211,339,185,154,47,24,23,14,8,6,56,28,28
UPSHUR COUNTY,459,25 Years,463,229,234,351,178,173,47,19,28,16,11,5,49,21,28
UPSHUR COUNTY,459,26 Years,450,231,219,341,178,163,43,19,24,10,6,4,56,28,28
UPSHUR COUNTY,459,27 Years,370,182,188,285,139,146,30,14,16,7,4,3,48,25,23
UPSHUR COUNTY,459,28 Years,339,173,166,265,135,130,29,18,11,4,1,3,41,19,22
UPSHUR COUNTY,459,29 Years,350,172,178,267,136,131,36,15,21,8,3,5,39,18,21
UPSHUR COUNTY,459,30 Years,344,168,176,257,126,131,30,13,17,5,2,3,52,27,25
UPSHUR COUNTY,459,31 Years,369,187,182,279,138,141,28,16,12,5,4,1,57,29,28
UPSHUR COUNTY,459,32 Years,428,204,224,329,156,173,29,11,18,10,6,4,60,31,29
UPSHUR COUNTY,459,33 Years,454,226,228,347,172,175,33,11,22,10,6,4,64,37,27
UPSHUR COUNTY,459,34 Years,467,230,237,356,171,185,38,20,18,14,7,7,59,32,27
UPSHUR COUNTY,459,35 Years,490,239,251,386,186,200,40,21,19,10,5,5,54,27,27
UPSHUR COUNTY,459,36 Years,472,240,232,373,182,191,40,22,18,6,4,2,53,32,21
UPSHUR COUNTY,459,37 Years,461,225,236,367,174,193,38,20,18,8,5,3,48,26,22
UPSHUR COUNTY,459,38 Years,474,237,237,378,193,185,38,17,21,15,7,8,43,20,23
UPSHUR COUNTY,459,39 Years,491,246,245,390,196,194,38,17,21,23,12,11,40,21,19
UPSHUR COUNTY,459,40 Years,454,231,223,364,184,180,33,18,15,15,9,6,42,20,22
UPSHUR COUNTY,459,41 Years,449,236,213,361,182,179,34,20,14,13,11,2,41,23,18
UPSHUR COUNTY,459,42 Years,468,240,228,385,196,189,35,19,16,11,7,4,37,18,19
UPSHUR COUNTY,459,43 Years,523,255,268,429,211,218,40,15,25,10,4,6,44,25,19
UPSHUR COUNTY,459,44 Years,503,258,245,406,207,199,43,19,24,13,6,7,41,26,15
UPSHUR COUNTY,459,45 Years,491,243,248,403,201,202,42,19,23,9,2,7,37,21,16
UPSHUR COUNTY,459,46 Years,496,243,253,410,204,206,41,18,23,9,2,7,36,19,17
UPSHUR COUNTY,459,47 Years,500,251,249,404,203,201,49,24,25,10,5,5,37,19,18
UPSHUR COUNTY,459,48 Years,471,231,240,383,187,196,45,21,24,11,7,4,32,16,16
UPSHUR COUNTY,459,49 Years,476,238,238,393,200,193,44,20,24,11,5,6,28,13,15
UPSHUR COUNTY,459,50 Years,537,256,281,440,204,236,52,24,28,13,5,8,32,23,9
UPSHUR COUNTY,459,51 Years,562,261,301,463,215,248,57,24,33,14,6,8,28,16,12
UPSHUR COUNTY,459,52 Years,604,284,320,501,237,264,59,28,31,12,6,6,32,13,19
UPSHUR COUNTY,459,53 Years,609,296,313,499,238,261,67,36,31,13,7,6,30,15,15
UPSHUR COUNTY,459,54 Years,600,291,309,504,238,266,61,32,29,13,7,6,22,14,8
UPSHUR COUNTY,459,55 Years,625,291,334,532,244,288,57,23,34,11,5,6,25,19,6
UPSHUR COUNTY,459,56 Years,641,313,328,547,265,282,53,24,29,18,8,10,23,16,7
UPSHUR COUNTY,459,57 Years,619,301,318,528,260,268,54,24,30,17,7,10,20,10,10
UPSHUR COUNTY,459,58 Years,612,291,321,519,249,270,56,24,32,14,7,7,23,11,12
UPSHUR COUNTY,459,59 Years,616,303,313,528,264,264,53,26,27,12,5,7,23,8,15
UPSHUR COUNTY,459,60 Years,616,313,303,516,267,249,62,28,34,17,8,9,21,10,11
UPSHUR COUNTY,459,61 Years,563,265,298,475,227,248,57,23,34,16,8,8,15,7,8
UPSHUR COUNTY,459,62 Years,542,261,281,465,222,243,53,26,27,12,8,4,12,5,7
UPSHUR COUNTY,459,63 Years,534,261,273,466,228,238,46,23,23,11,6,5,11,4,7
UPSHUR COUNTY,459,64 Years,528,264,264,452,228,224,52,25,27,13,4,9,11,7,4
UPSHUR COUNTY,459,65 Years,509,241,268,446,213,233,43,20,23,9,2,7,11,6,5
UPSHUR COUNTY,459,66 Years,483,227,256,418,199,219,44,21,23,10,2,8,11,5,6
UPSHUR COUNTY,459,67 Years,501,250,251,431,215,216,49,25,24,9,5,4,12,5,7
UPSHUR COUNTY,459,68 Years,494,244,250,433,214,219,41,19,22,8,5,3,12,6,6
UPSHUR COUNTY,459,69 Years,386,190,196,334,167,167,35,15,20,9,4,5,8,4,4
UPSHUR COUNTY,459,70 Years,387,190,197,349,171,178,28,14,14,5,2,3,5,3,2
UPSHUR COUNTY,459,71 Years,402,190,212,347,170,177,39,14,25,8,3,5,8,3,5
UPSHUR COUNTY,459,72 Years,387,185,202,342,167,175,32,12,20,6,2,4,7,4,3
UPSHUR COUNTY,459,73 Years,349,163,186,313,147,166,26,11,15,5,2,3,5,3,2
UPSHUR COUNTY,459,74 Years,325,150,175,285,129,156,29,14,15,4,2,2,7,5,2
UPSHUR COUNTY,459,75 Years,287,133,154,252,117,135,23,8,15,6,4,2,6,4,2
UPSHUR COUNTY,459,76 Years,281,123,158,241,106,135,25,12,13,5,1,4,10,4,6
UPSHUR COUNTY,459,77 Years,277,123,154,242,108,134,22,10,12,5,3,2,8,2,6
UPSHUR COUNTY,459,78 Years,244,120,124,216,107,109,19,7,12,4,4,0,5,2,3
UPSHUR COUNTY,459,79 Years,225,106,119,204,95,109,16,7,9,4,3,1,1,1,0
UPSHUR COUNTY,459,80 Years,215,95,120,192,86,106,15,6,9,3,2,1,5,1,4
UPSHUR COUNTY,459,81 Years,182,90,92,160,80,80,14,6,8,6,4,2,2,0,2
UPSHUR COUNTY,459,82 Years,175,76,99,158,68,90,13,5,8,3,2,1,1,1,0
UPSHUR COUNTY,459,83 Years,161,67,94,145,60,85,12,5,7,2,1,1,2,1,1
UPSHUR COUNTY,459,84 Years,145,61,84,131,54,77,10,4,6,2,1,1,2,2,0
UPSHUR COUNTY,459,85 Years +,792,291,501,697,264,433,69,19,50,15,3,12,11,5,6
UPTON COUNTY,461,All Ages,3455,1745,1710,1555,786,769,47,22,25,50,25,25,1803,912,891
UPTON COUNTY,461,< 1 Year,50,26,24,11,5,6,0,0,0,1,0,1,38,21,17
UPTON COUNTY,461,1 Years,48,25,23,9,4,5,0,0,0,2,1,1,37,20,17
UPTON COUNTY,461,2 Years,48,26,22,12,6,6,0,0,0,0,0,0,36,20,16
UPTON COUNTY,461,3 Years,49,27,22,13,7,6,0,0,0,0,0,0,36,20,16
UPTON COUNTY,461,4 Years,42,25,17,9,6,3,0,0,0,1,1,0,32,18,14
UPTON COUNTY,461,5 Years,41,19,22,9,4,5,0,0,0,1,1,0,31,14,17
UPTON COUNTY,461,6 Years,56,22,34,11,4,7,0,0,0,1,0,1,44,18,26
UPTON COUNTY,461,7 Years,54,28,26,12,7,5,1,0,1,1,0,1,40,21,19
UPTON COUNTY,461,8 Years,49,22,27,18,8,10,1,0,1,2,0,2,28,14,14
UPTON COUNTY,461,9 Years,44,22,22,17,9,8,1,0,1,0,0,0,26,13,13
UPTON COUNTY,461,10 Years,55,29,26,20,10,10,1,0,1,2,1,1,32,18,14
UPTON COUNTY,461,11 Years,64,34,30,24,10,14,1,0,1,2,0,2,37,24,13
UPTON COUNTY,461,12 Years,58,27,31,22,11,11,0,0,0,2,0,2,34,16,18
UPTON COUNTY,461,13 Years,54,22,32,23,10,13,0,0,0,1,0,1,30,12,18
UPTON COUNTY,461,14 Years,51,24,27,18,10,8,2,1,1,1,0,1,30,13,17
UPTON COUNTY,461,15 Years,49,26,23,22,12,10,1,0,1,2,2,0,24,12,12
UPTON COUNTY,461,16 Years,50,27,23,23,11,12,1,0,1,1,1,0,25,15,10
UPTON COUNTY,461,17 Years,60,33,27,26,13,13,2,0,2,1,1,0,31,19,12
UPTON COUNTY,461,18 Years,55,26,29,22,9,13,0,0,0,0,0,0,33,17,16
UPTON COUNTY,461,19 Years,38,18,20,16,7,9,0,0,0,0,0,0,22,11,11
UPTON COUNTY,461,20 Years,46,24,22,24,15,9,1,1,0,0,0,0,21,8,13
UPTON COUNTY,461,21 Years,42,22,20,18,9,9,1,1,0,0,0,0,23,12,11
UPTON COUNTY,461,22 Years,42,24,18,18,11,7,0,0,0,0,0,0,24,13,11
UPTON COUNTY,461,23 Years,48,29,19,18,13,5,0,0,0,2,1,1,28,15,13
UPTON COUNTY,461,24 Years,40,20,20,12,7,5,0,0,0,1,1,0,27,12,15
UPTON COUNTY,461,25 Years,38,20,18,12,7,5,0,0,0,0,0,0,26,13,13
UPTON COUNTY,461,26 Years,30,15,15,9,5,4,0,0,0,0,0,0,21,10,11
UPTON COUNTY,461,27 Years,28,11,17,8,2,6,0,0,0,2,2,0,18,7,11
UPTON COUNTY,461,28 Years,33,15,18,10,4,6,0,0,0,1,1,0,22,10,12
UPTON COUNTY,461,29 Years,36,19,17,11,7,4,0,0,0,0,0,0,25,12,13
UPTON COUNTY,461,30 Years,39,17,22,17,5,12,0,0,0,0,0,0,22,12,10
UPTON COUNTY,461,31 Years,42,27,15,14,6,8,1,1,0,0,0,0,27,20,7
UPTON COUNTY,461,32 Years,51,34,17,17,10,7,1,1,0,0,0,0,33,23,10
UPTON COUNTY,461,33 Years,49,26,23,19,10,9,1,1,0,1,0,1,28,15,13
UPTON COUNTY,461,34 Years,45,18,27,18,8,10,1,0,1,1,1,0,25,9,16
UPTON COUNTY,461,35 Years,50,22,28,23,11,12,0,0,0,1,1,0,26,10,16
UPTON COUNTY,461,36 Years,47,23,24,23,11,12,0,0,0,0,0,0,24,12,12
UPTON COUNTY,461,37 Years,52,27,25,24,11,13,0,0,0,0,0,0,28,16,12
UPTON COUNTY,461,38 Years,43,22,21,13,8,5,0,0,0,2,0,2,28,14,14
UPTON COUNTY,461,39 Years,45,24,21,16,9,7,3,1,2,0,0,0,26,14,12
UPTON COUNTY,461,40 Years,34,19,15,15,9,6,1,1,0,0,0,0,18,9,9
UPTON COUNTY,461,41 Years,29,15,14,14,7,7,0,0,0,1,0,1,14,8,6
UPTON COUNTY,461,42 Years,33,14,19,15,8,7,0,0,0,0,0,0,18,6,12
UPTON COUNTY,461,43 Years,30,13,17,15,9,6,0,0,0,0,0,0,15,4,11
UPTON COUNTY,461,44 Years,34,16,18,17,7,10,0,0,0,0,0,0,17,9,8
UPTON COUNTY,461,45 Years,33,15,18,17,7,10,0,0,0,0,0,0,16,8,8
UPTON COUNTY,461,46 Years,31,14,17,12,6,6,2,1,1,0,0,0,17,7,10
UPTON COUNTY,461,47 Years,27,11,16,11,4,7,2,1,1,0,0,0,14,6,8
UPTON COUNTY,461,48 Years,36,17,19,16,8,8,0,0,0,1,0,1,19,9,10
UPTON COUNTY,461,49 Years,42,23,19,24,13,11,1,1,0,0,0,0,17,9,8
UPTON COUNTY,461,50 Years,32,16,16,17,10,7,0,0,0,0,0,0,15,6,9
UPTON COUNTY,461,51 Years,42,20,22,23,13,10,0,0,0,0,0,0,19,7,12
UPTON COUNTY,461,52 Years,32,13,19,18,6,12,1,1,0,0,0,0,13,6,7
UPTON COUNTY,461,53 Years,34,16,18,20,8,12,0,0,0,0,0,0,14,8,6
UPTON COUNTY,461,54 Years,39,21,18,21,11,10,0,0,0,1,0,1,17,10,7
UPTON COUNTY,461,55 Years,51,26,25,26,16,10,0,0,0,0,0,0,25,10,15
UPTON COUNTY,461,56 Years,57,32,25,34,21,13,1,1,0,0,0,0,22,10,12
UPTON COUNTY,461,57 Years,62,38,24,38,23,15,1,1,0,0,0,0,23,14,9
UPTON COUNTY,461,58 Years,55,29,26,33,15,18,2,2,0,1,1,0,19,11,8
UPTON COUNTY,461,59 Years,56,29,27,35,18,17,2,1,1,0,0,0,19,10,9
UPTON COUNTY,461,60 Years,51,26,25,30,16,14,2,1,1,1,0,1,18,9,9
UPTON COUNTY,461,61 Years,51,27,24,26,13,13,1,1,0,1,0,1,23,13,10
UPTON COUNTY,461,62 Years,50,30,20,24,15,9,1,1,0,1,1,0,24,13,11
UPTON COUNTY,461,63 Years,37,18,19,21,12,9,0,0,0,0,0,0,16,6,10
UPTON COUNTY,461,64 Years,30,11,19,14,5,9,2,0,2,0,0,0,14,6,8
UPTON COUNTY,461,65 Years,36,16,20,14,7,7,2,0,2,0,0,0,20,9,11
UPTON COUNTY,461,66 Years,37,18,19,19,11,8,0,0,0,1,1,0,17,6,11
UPTON COUNTY,461,67 Years,36,19,17,21,10,11,0,0,0,1,0,1,14,9,5
UPTON COUNTY,461,68 Years,39,23,16,25,12,13,0,0,0,2,2,0,12,9,3
UPTON COUNTY,461,69 Years,27,13,14,18,8,10,1,0,1,0,0,0,8,5,3
UPTON COUNTY,461,70 Years,25,14,11,20,12,8,0,0,0,1,1,0,4,1,3
UPTON COUNTY,461,71 Years,28,18,10,16,12,4,0,0,0,0,0,0,12,6,6
UPTON COUNTY,461,72 Years,27,15,12,15,8,7,0,0,0,0,0,0,12,7,5
UPTON COUNTY,461,73 Years,27,13,14,18,8,10,0,0,0,1,1,0,8,4,4
UPTON COUNTY,461,74 Years,26,13,13,15,8,7,0,0,0,0,0,0,11,5,6
UPTON COUNTY,461,75 Years,24,13,11,17,10,7,0,0,0,0,0,0,7,3,4
UPTON COUNTY,461,76 Years,25,15,10,19,12,7,0,0,0,0,0,0,6,3,3
UPTON COUNTY,461,77 Years,25,15,10,14,7,7,0,0,0,2,2,0,9,6,3
UPTON COUNTY,461,78 Years,25,12,13,14,5,9,0,0,0,1,0,1,10,7,3
UPTON COUNTY,461,79 Years,17,8,9,12,4,8,0,0,0,1,0,1,4,4,0
UPTON COUNTY,461,80 Years,20,9,11,14,5,9,0,0,0,0,0,0,6,4,2
UPTON COUNTY,461,81 Years,21,7,14,15,5,10,0,0,0,1,1,0,5,1,4
UPTON COUNTY,461,82 Years,20,9,11,10,6,4,0,0,0,0,0,0,10,3,7
UPTON COUNTY,461,83 Years,14,4,10,7,2,5,0,0,0,0,0,0,7,2,5
UPTON COUNTY,461,84 Years,15,7,8,11,4,7,1,1,0,0,0,0,3,2,1
UPTON COUNTY,461,85 Years +,72,28,44,44,18,26,4,1,3,0,0,0,24,9,15
UVALDE COUNTY,463,All Ages,27600,13539,14061,7407,3615,3792,112,71,41,377,180,197,19704,9673,10031
UVALDE COUNTY,463,< 1 Year,428,218,210,58,28,30,1,1,0,10,4,6,359,185,174
UVALDE COUNTY,463,1 Years,425,219,206,60,28,32,1,1,0,8,5,3,356,185,171
UVALDE COUNTY,463,2 Years,405,208,197,63,28,35,1,1,0,7,4,3,334,175,159
UVALDE COUNTY,463,3 Years,422,211,211,58,27,31,1,1,0,9,4,5,354,179,175
UVALDE COUNTY,463,4 Years,433,202,231,61,31,30,1,1,0,9,4,5,362,166,196
UVALDE COUNTY,463,5 Years,420,202,218,52,27,25,1,0,1,8,4,4,359,171,188
UVALDE COUNTY,463,6 Years,418,212,206,48,23,25,2,1,1,5,3,2,363,185,178
UVALDE COUNTY,463,7 Years,408,206,202,53,24,29,1,1,0,4,3,1,350,178,172
UVALDE COUNTY,463,8 Years,441,225,216,69,38,31,1,0,1,7,3,4,364,184,180
UVALDE COUNTY,463,9 Years,437,235,202,72,40,32,4,2,2,5,3,2,356,190,166
UVALDE COUNTY,463,10 Years,424,211,213,77,35,42,2,0,2,5,3,2,340,173,167
UVALDE COUNTY,463,11 Years,443,235,208,81,35,46,1,0,1,8,3,5,353,197,156
UVALDE COUNTY,463,12 Years,425,214,211,73,34,39,3,3,0,6,1,5,343,176,167
UVALDE COUNTY,463,13 Years,438,218,220,75,35,40,1,1,0,9,4,5,353,178,175
UVALDE COUNTY,463,14 Years,466,230,236,70,37,33,2,1,1,11,4,7,383,188,195
UVALDE COUNTY,463,15 Years,471,234,237,76,37,39,2,0,2,6,2,4,387,195,192
UVALDE COUNTY,463,16 Years,445,220,225,83,36,47,1,0,1,7,4,3,354,180,174
UVALDE COUNTY,463,17 Years,445,226,219,77,34,43,3,2,1,3,1,2,362,189,173
UVALDE COUNTY,463,18 Years,437,232,205,68,34,34,2,1,1,4,3,1,363,194,169
UVALDE COUNTY,463,19 Years,482,257,225,90,57,33,5,2,3,5,3,2,382,195,187
UVALDE COUNTY,463,20 Years,448,210,238,85,42,43,3,1,2,9,3,6,351,164,187
UVALDE COUNTY,463,21 Years,454,226,228,90,53,37,2,1,1,9,3,6,353,169,184
UVALDE COUNTY,463,22 Years,495,245,250,90,50,40,2,2,0,7,4,3,396,189,207
UVALDE COUNTY,463,23 Years,531,260,271,97,51,46,3,2,1,11,6,5,420,201,219
UVALDE COUNTY,463,24 Years,467,235,232,89,48,41,4,3,1,6,2,4,368,182,186
UVALDE COUNTY,463,25 Years,414,214,200,90,46,44,2,1,1,5,1,4,317,166,151
UVALDE COUNTY,463,26 Years,335,162,173,57,24,33,2,1,1,2,2,0,274,135,139
UVALDE COUNTY,463,27 Years,282,133,149,50,27,23,4,3,1,5,3,2,223,100,123
UVALDE COUNTY,463,28 Years,227,123,104,39,20,19,2,2,0,5,3,2,181,98,83
UVALDE COUNTY,463,29 Years,240,126,114,49,27,22,1,1,0,3,2,1,187,96,91
UVALDE COUNTY,463,30 Years,249,131,118,51,27,24,0,0,0,4,3,1,194,101,93
UVALDE COUNTY,463,31 Years,251,124,127,45,25,20,4,2,2,3,2,1,199,95,104
UVALDE COUNTY,463,32 Years,238,117,121,45,21,24,3,1,2,2,0,2,188,95,93
UVALDE COUNTY,463,33 Years,243,108,135,50,25,25,2,1,1,2,1,1,189,81,108
UVALDE COUNTY,463,34 Years,236,111,125,64,33,31,0,0,0,2,1,1,170,77,93
UVALDE COUNTY,463,35 Years,287,137,150,70,36,34,2,2,0,4,1,3,211,98,113
UVALDE COUNTY,463,36 Years,296,144,152,65,34,31,3,3,0,4,2,2,224,105,119
UVALDE COUNTY,463,37 Years,284,141,143,67,35,32,1,1,0,8,5,3,208,100,108
UVALDE COUNTY,463,38 Years,274,143,131,57,28,29,2,2,0,6,3,3,209,110,99
UVALDE COUNTY,463,39 Years,309,145,164,55,25,30,3,2,1,5,2,3,246,116,130
UVALDE COUNTY,463,40 Years,293,139,154,58,31,27,2,2,0,4,2,2,229,104,125
UVALDE COUNTY,463,41 Years,283,144,139,68,34,34,2,2,0,2,1,1,211,107,104
UVALDE COUNTY,463,42 Years,295,141,154,63,27,36,1,1,0,3,0,3,228,113,115
UVALDE COUNTY,463,43 Years,294,135,159,76,34,42,0,0,0,2,0,2,216,101,115
UVALDE COUNTY,463,44 Years,318,146,172,86,40,46,0,0,0,3,2,1,229,104,125
UVALDE COUNTY,463,45 Years,326,163,163,90,45,45,2,0,2,6,3,3,228,115,113
UVALDE COUNTY,463,46 Years,299,141,158,92,38,54,1,0,1,6,3,3,200,100,100
UVALDE COUNTY,463,47 Years,311,170,141,89,43,46,0,0,0,6,4,2,216,123,93
UVALDE COUNTY,463,48 Years,299,151,148,78,45,33,1,1,0,4,2,2,216,103,113
UVALDE COUNTY,463,49 Years,308,161,147,86,46,40,0,0,0,4,2,2,218,113,105
UVALDE COUNTY,463,50 Years,317,165,152,105,54,51,1,1,0,6,3,3,205,107,98
UVALDE COUNTY,463,51 Years,305,152,153,94,43,51,0,0,0,3,2,1,208,107,101
UVALDE COUNTY,463,52 Years,318,161,157,85,40,45,3,2,1,6,2,4,224,117,107
UVALDE COUNTY,463,53 Years,364,172,192,117,57,60,3,3,0,6,3,3,238,109,129
UVALDE COUNTY,463,54 Years,358,168,190,125,63,62,3,3,0,8,5,3,222,97,125
UVALDE COUNTY,463,55 Years,307,140,167,110,52,58,0,0,0,2,1,1,195,87,108
UVALDE COUNTY,463,56 Years,311,159,152,114,55,59,0,0,0,1,1,0,196,103,93
UVALDE COUNTY,463,57 Years,343,170,173,128,62,66,1,1,0,3,2,1,211,105,106
UVALDE COUNTY,463,58 Years,352,168,184,138,64,74,1,0,1,1,0,1,212,104,108
UVALDE COUNTY,463,59 Years,320,166,154,124,70,54,0,0,0,3,3,0,193,93,100
UVALDE COUNTY,463,60 Years,310,154,156,121,64,57,1,0,1,5,2,3,183,88,95
UVALDE COUNTY,463,61 Years,290,144,146,113,59,54,0,0,0,4,1,3,173,84,89
UVALDE COUNTY,463,62 Years,280,129,151,115,50,65,0,0,0,4,2,2,161,77,84
UVALDE COUNTY,463,63 Years,273,124,149,114,51,63,1,0,1,3,2,1,155,71,84
UVALDE COUNTY,463,64 Years,289,138,151,123,63,60,0,0,0,1,0,1,165,75,90
UVALDE COUNTY,463,65 Years,304,145,159,130,64,66,0,0,0,1,0,1,173,81,92
UVALDE COUNTY,463,66 Years,326,143,183,150,68,82,2,2,0,2,1,1,172,72,100
UVALDE COUNTY,463,67 Years,324,158,166,146,68,78,0,0,0,2,1,1,176,89,87
UVALDE COUNTY,463,68 Years,314,147,167,148,68,80,0,0,0,3,2,1,163,77,86
UVALDE COUNTY,463,69 Years,274,129,145,132,65,67,1,0,1,3,2,1,138,62,76
UVALDE COUNTY,463,70 Years,238,115,123,111,56,55,0,0,0,2,0,2,125,59,66
UVALDE COUNTY,463,71 Years,240,123,117,117,61,56,1,1,0,1,1,0,121,60,61
UVALDE COUNTY,463,72 Years,224,108,116,119,57,62,1,1,0,4,2,2,100,48,52
UVALDE COUNTY,463,73 Years,201,88,113,103,49,54,0,0,0,2,1,1,96,38,58
UVALDE COUNTY,463,74 Years,185,80,105,90,40,50,0,0,0,1,0,1,94,40,54
UVALDE COUNTY,463,75 Years,163,76,87,80,39,41,0,0,0,1,0,1,82,37,45
UVALDE COUNTY,463,76 Years,158,78,80,88,47,41,1,0,1,2,1,1,67,30,37
UVALDE COUNTY,463,77 Years,160,79,81,87,45,42,0,0,0,2,0,2,71,34,37
UVALDE COUNTY,463,78 Years,155,72,83,73,34,39,0,0,0,1,1,0,81,37,44
UVALDE COUNTY,463,79 Years,138,69,69,69,40,29,0,0,0,0,0,0,69,29,40
UVALDE COUNTY,463,80 Years,133,58,75,62,29,33,0,0,0,2,0,2,69,29,40
UVALDE COUNTY,463,81 Years,120,52,68,58,26,32,1,1,0,2,1,1,59,24,35
UVALDE COUNTY,463,82 Years,116,46,70,59,23,36,0,0,0,0,0,0,57,23,34
UVALDE COUNTY,463,83 Years,113,47,66,55,20,35,0,0,0,1,1,0,57,26,31
UVALDE COUNTY,463,84 Years,91,40,51,45,21,24,0,0,0,2,1,1,44,18,26
UVALDE COUNTY,463,85 Years +,587,235,352,304,120,184,1,0,1,9,3,6,273,112,161
VAL VERDE COUNTY,465,All Ages,48320,24359,23961,8054,4402,3652,551,329,222,655,342,313,39060,19286,19774
VAL VERDE COUNTY,465,< 1 Year,880,441,439,123,61,62,4,2,2,16,10,6,737,368,369
VAL VERDE COUNTY,465,1 Years,875,447,428,127,68,59,4,2,2,20,12,8,724,365,359
VAL VERDE COUNTY,465,2 Years,857,443,414,132,71,61,5,3,2,16,11,5,704,358,346
VAL VERDE COUNTY,465,3 Years,854,442,412,129,69,60,4,2,2,17,11,6,704,360,344
VAL VERDE COUNTY,465,4 Years,855,432,423,131,67,64,4,2,2,13,8,5,707,355,352
VAL VERDE COUNTY,465,5 Years,745,381,364,111,58,53,4,3,1,13,8,5,617,312,305
VAL VERDE COUNTY,465,6 Years,779,401,378,103,56,47,9,4,5,16,10,6,651,331,320
VAL VERDE COUNTY,465,7 Years,777,406,371,99,51,48,9,4,5,13,10,3,656,341,315
VAL VERDE COUNTY,465,8 Years,723,353,370,87,43,44,4,2,2,15,8,7,617,300,317
VAL VERDE COUNTY,465,9 Years,762,370,392,86,43,43,7,4,3,15,8,7,654,315,339
VAL VERDE COUNTY,465,10 Years,806,413,393,88,47,41,7,4,3,15,8,7,696,354,342
VAL VERDE COUNTY,465,11 Years,776,417,359,77,41,36,7,3,4,15,8,7,677,365,312
VAL VERDE COUNTY,465,12 Years,741,391,350,77,39,38,8,2,6,12,6,6,644,344,300
VAL VERDE COUNTY,465,13 Years,772,399,373,74,38,36,13,6,7,8,2,6,677,353,324
VAL VERDE COUNTY,465,14 Years,738,375,363,69,36,33,6,3,3,7,2,5,656,334,322
VAL VERDE COUNTY,465,15 Years,771,406,365,56,27,29,4,1,3,8,3,5,703,375,328
VAL VERDE COUNTY,465,16 Years,780,408,372,72,39,33,4,1,3,9,5,4,695,363,332
VAL VERDE COUNTY,465,17 Years,790,409,381,74,40,34,5,4,1,9,7,2,702,358,344
VAL VERDE COUNTY,465,18 Years,747,407,340,65,31,34,6,3,3,6,4,2,670,369,301
VAL VERDE COUNTY,465,19 Years,727,392,335,64,35,29,8,5,3,5,3,2,650,349,301
VAL VERDE COUNTY,465,20 Years,702,358,344,61,31,30,8,4,4,4,2,2,629,321,308
VAL VERDE COUNTY,465,21 Years,692,337,355,59,29,30,9,5,4,5,2,3,619,301,318
VAL VERDE COUNTY,465,22 Years,699,350,349,75,48,27,10,6,4,5,3,2,609,293,316
VAL VERDE COUNTY,465,23 Years,739,415,324,98,62,36,8,6,2,11,8,3,622,339,283
VAL VERDE COUNTY,465,24 Years,658,358,300,113,69,44,10,7,3,5,3,2,530,279,251
VAL VERDE COUNTY,465,25 Years,607,328,279,103,62,41,15,10,5,3,1,2,486,255,231
VAL VERDE COUNTY,465,26 Years,541,289,252,92,51,41,14,9,5,8,3,5,427,226,201
VAL VERDE COUNTY,465,27 Years,600,322,278,137,83,54,17,11,6,12,5,7,434,223,211
VAL VERDE COUNTY,465,28 Years,663,389,274,210,147,63,14,10,4,21,15,6,418,217,201
VAL VERDE COUNTY,465,29 Years,718,420,298,215,155,60,15,10,5,15,9,6,473,246,227
VAL VERDE COUNTY,465,30 Years,639,355,284,175,115,60,15,9,6,10,6,4,439,225,214
VAL VERDE COUNTY,465,31 Years,585,300,285,132,73,59,10,6,4,10,6,4,433,215,218
VAL VERDE COUNTY,465,32 Years,559,298,261,130,72,58,13,9,4,8,3,5,408,214,194
VAL VERDE COUNTY,465,33 Years,610,314,296,119,68,51,6,5,1,14,9,5,471,232,239
VAL VERDE COUNTY,465,34 Years,608,312,296,102,59,43,9,5,4,14,9,5,483,239,244
VAL VERDE COUNTY,465,35 Years,597,312,285,106,59,47,11,6,5,10,6,4,470,241,229
VAL VERDE COUNTY,465,36 Years,550,295,255,104,62,42,10,5,5,5,3,2,431,225,206
VAL VERDE COUNTY,465,37 Years,559,301,258,89,56,33,7,3,4,8,1,7,455,241,214
VAL VERDE COUNTY,465,38 Years,539,276,263,85,52,33,6,2,4,10,3,7,438,219,219
VAL VERDE COUNTY,465,39 Years,545,273,272,74,37,37,6,3,3,7,4,3,458,229,229
VAL VERDE COUNTY,465,40 Years,581,284,297,78,35,43,6,2,4,8,5,3,489,242,247
VAL VERDE COUNTY,465,41 Years,611,293,318,80,40,40,7,3,4,7,3,4,517,247,270
VAL VERDE COUNTY,465,42 Years,615,296,319,75,38,37,4,3,1,11,3,8,525,252,273
VAL VERDE COUNTY,465,43 Years,596,278,318,88,45,43,6,3,3,8,1,7,494,229,265
VAL VERDE COUNTY,465,44 Years,563,272,291,84,46,38,7,4,3,5,2,3,467,220,247
VAL VERDE COUNTY,465,45 Years,580,294,286,88,54,34,5,4,1,6,4,2,481,232,249
VAL VERDE COUNTY,465,46 Years,584,296,288,94,51,43,5,3,2,7,4,3,478,238,240
VAL VERDE COUNTY,465,47 Years,578,286,292,89,41,48,6,4,2,9,4,5,474,237,237
VAL VERDE COUNTY,465,48 Years,561,278,283,105,54,51,5,4,1,7,3,4,444,217,227
VAL VERDE COUNTY,465,49 Years,576,296,280,100,57,43,9,5,4,4,2,2,463,232,231
VAL VERDE COUNTY,465,50 Years,577,285,292,96,51,45,5,1,4,2,1,1,474,232,242
VAL VERDE COUNTY,465,51 Years,555,283,272,88,52,36,5,4,1,4,1,3,458,226,232
VAL VERDE COUNTY,465,52 Years,571,278,293,97,53,44,6,4,2,7,1,6,461,220,241
VAL VERDE COUNTY,465,53 Years,539,261,278,88,46,42,6,5,1,7,2,5,438,208,230
VAL VERDE COUNTY,465,54 Years,528,264,264,92,51,41,8,4,4,5,4,1,423,205,218
VAL VERDE COUNTY,465,55 Years,523,248,275,110,54,56,8,6,2,4,3,1,401,185,216
VAL VERDE COUNTY,465,56 Years,507,244,263,101,56,45,5,5,0,5,2,3,396,181,215
VAL VERDE COUNTY,465,57 Years,509,261,248,107,57,50,8,6,2,7,4,3,387,194,193
VAL VERDE COUNTY,465,58 Years,491,264,227,105,60,45,8,6,2,4,2,2,374,196,178
VAL VERDE COUNTY,465,59 Years,492,235,257,108,56,52,7,3,4,4,3,1,373,173,200
VAL VERDE COUNTY,465,60 Years,459,213,246,83,47,36,10,7,3,7,2,5,359,157,202
VAL VERDE COUNTY,465,61 Years,459,199,260,98,47,51,6,4,2,4,1,3,351,147,204
VAL VERDE COUNTY,465,62 Years,477,211,266,105,53,52,4,3,1,6,2,4,362,153,209
VAL VERDE COUNTY,465,63 Years,451,212,239,109,57,52,3,3,0,5,2,3,334,150,184
VAL VERDE COUNTY,465,64 Years,459,206,253,108,57,51,3,1,2,7,1,6,341,147,194
VAL VERDE COUNTY,465,65 Years,420,189,231,93,48,45,3,3,0,4,1,3,320,137,183
VAL VERDE COUNTY,465,66 Years,442,201,241,91,49,42,7,5,2,4,1,3,340,146,194
VAL VERDE COUNTY,465,67 Years,463,208,255,90,47,43,8,5,3,5,3,2,360,153,207
VAL VERDE COUNTY,465,68 Years,421,209,212,107,59,48,4,3,1,3,2,1,307,145,162
VAL VERDE COUNTY,465,69 Years,393,197,196,95,55,40,3,2,1,6,4,2,289,136,153
VAL VERDE COUNTY,465,70 Years,370,183,187,93,47,46,1,1,0,4,2,2,272,133,139
VAL VERDE COUNTY,465,71 Years,375,178,197,100,48,52,3,3,0,4,2,2,268,125,143
VAL VERDE COUNTY,465,72 Years,312,157,155,72,39,33,2,2,0,4,3,1,234,113,121
VAL VERDE COUNTY,465,73 Years,293,143,150,62,36,26,6,3,3,1,1,0,224,103,121
VAL VERDE COUNTY,465,74 Years,296,141,155,68,31,37,4,2,2,2,1,1,222,107,115
VAL VERDE COUNTY,465,75 Years,280,123,157,69,30,39,2,1,1,1,0,1,208,92,116
VAL VERDE COUNTY,465,76 Years,260,114,146,60,26,34,2,1,1,6,3,3,192,84,108
VAL VERDE COUNTY,465,77 Years,260,123,137,72,36,36,2,1,1,4,2,2,182,84,98
VAL VERDE COUNTY,465,78 Years,239,108,131,60,33,27,3,2,1,3,2,1,173,71,102
VAL VERDE COUNTY,465,79 Years,233,105,128,49,28,21,4,3,1,4,1,3,176,73,103
VAL VERDE COUNTY,465,80 Years,189,87,102,49,29,20,3,2,1,3,1,2,134,55,79
VAL VERDE COUNTY,465,81 Years,183,81,102,45,23,22,0,0,0,4,2,2,134,56,78
VAL VERDE COUNTY,465,82 Years,173,78,95,42,23,19,1,1,0,2,1,1,128,53,75
VAL VERDE COUNTY,465,83 Years,163,75,88,38,19,19,0,0,0,1,1,0,124,55,69
VAL VERDE COUNTY,465,84 Years,149,61,88,34,15,19,2,1,1,1,1,0,112,44,68
VAL VERDE COUNTY,465,85 Years +,799,326,473,166,73,93,4,0,4,6,1,5,623,252,371
VAN ZANDT COUNTY,467,All Ages,54699,26963,27736,45900,22421,23479,1486,757,729,1580,755,825,5733,3030,2703
VAN ZANDT COUNTY,467,< 1 Year,594,306,288,452,232,220,17,11,6,40,15,25,85,48,37
VAN ZANDT COUNTY,467,1 Years,591,304,287,446,230,216,18,10,8,42,19,23,85,45,40
VAN ZANDT COUNTY,467,2 Years,585,305,280,439,234,205,17,9,8,44,20,24,85,42,43
VAN ZANDT COUNTY,467,3 Years,579,304,275,440,236,204,14,7,7,42,21,21,83,40,43
VAN ZANDT COUNTY,467,4 Years,594,309,285,441,237,204,16,9,7,41,19,22,96,44,52
VAN ZANDT COUNTY,467,5 Years,643,329,314,485,262,223,17,7,10,33,16,17,108,44,64
VAN ZANDT COUNTY,467,6 Years,639,324,315,474,245,229,14,6,8,31,15,16,120,58,62
VAN ZANDT COUNTY,467,7 Years,667,323,344,484,239,245,20,10,10,27,10,17,136,64,72
VAN ZANDT COUNTY,467,8 Years,661,320,341,499,236,263,19,10,9,25,12,13,118,62,56
VAN ZANDT COUNTY,467,9 Years,676,348,328,502,255,247,16,8,8,31,17,14,127,68,59
VAN ZANDT COUNTY,467,10 Years,694,343,351,509,251,258,19,10,9,38,20,18,128,62,66
VAN ZANDT COUNTY,467,11 Years,713,355,358,531,265,266,25,15,10,33,15,18,124,60,64
VAN ZANDT COUNTY,467,12 Years,738,386,352,549,296,253,23,14,9,29,12,17,137,64,73
VAN ZANDT COUNTY,467,13 Years,738,381,357,553,292,261,22,10,12,28,14,14,135,65,70
VAN ZANDT COUNTY,467,14 Years,783,380,403,580,284,296,25,13,12,36,13,23,142,70,72
VAN ZANDT COUNTY,467,15 Years,815,390,425,613,296,317,20,11,9,35,15,20,147,68,79
VAN ZANDT COUNTY,467,16 Years,806,412,394,629,324,305,17,8,9,32,13,19,128,67,61
VAN ZANDT COUNTY,467,17 Years,809,410,399,624,320,304,22,12,10,33,12,21,130,66,64
VAN ZANDT COUNTY,467,18 Years,762,405,357,587,308,279,22,16,6,23,12,11,130,69,61
VAN ZANDT COUNTY,467,19 Years,693,357,336,534,271,263,27,14,13,25,15,10,107,57,50
VAN ZANDT COUNTY,467,20 Years,677,360,317,522,277,245,21,8,13,27,18,9,107,57,50
VAN ZANDT COUNTY,467,21 Years,669,349,320,509,260,249,21,12,9,17,10,7,122,67,55
VAN ZANDT COUNTY,467,22 Years,676,351,325,495,253,242,31,19,12,22,15,7,128,64,64
VAN ZANDT COUNTY,467,23 Years,666,335,331,504,258,246,26,12,14,23,11,12,113,54,59
VAN ZANDT COUNTY,467,24 Years,630,321,309,478,246,232,22,7,15,15,7,8,115,61,54
VAN ZANDT COUNTY,467,25 Years,554,271,283,417,199,218,18,10,8,13,7,6,106,55,51
VAN ZANDT COUNTY,467,26 Years,531,265,266,410,203,207,16,10,6,9,4,5,96,48,48
VAN ZANDT COUNTY,467,27 Years,494,264,230,386,208,178,9,4,5,8,4,4,91,48,43
VAN ZANDT COUNTY,467,28 Years,461,234,227,365,181,184,11,5,6,7,4,3,78,44,34
VAN ZANDT COUNTY,467,29 Years,461,243,218,359,186,173,13,5,8,13,9,4,76,43,33
VAN ZANDT COUNTY,467,30 Years,464,238,226,368,182,186,15,9,6,12,5,7,69,42,27
VAN ZANDT COUNTY,467,31 Years,448,238,210,361,185,176,18,9,9,9,5,4,60,39,21
VAN ZANDT COUNTY,467,32 Years,512,265,247,404,199,205,17,10,7,15,8,7,76,48,28
VAN ZANDT COUNTY,467,33 Years,527,262,265,417,201,216,17,10,7,14,7,7,79,44,35
VAN ZANDT COUNTY,467,34 Years,542,272,270,456,226,230,10,7,3,11,5,6,65,34,31
VAN ZANDT COUNTY,467,35 Years,549,286,263,453,233,220,11,7,4,11,4,7,74,42,32
VAN ZANDT COUNTY,467,36 Years,545,286,259,440,227,213,9,4,5,12,4,8,84,51,33
VAN ZANDT COUNTY,467,37 Years,579,291,288,461,234,227,16,8,8,24,11,13,78,38,40
VAN ZANDT COUNTY,467,38 Years,588,289,299,482,231,251,16,11,5,22,10,12,68,37,31
VAN ZANDT COUNTY,467,39 Years,607,324,283,496,253,243,20,14,6,13,9,4,78,48,30
VAN ZANDT COUNTY,467,40 Years,590,311,279,488,253,235,17,9,8,12,9,3,73,40,33
VAN ZANDT COUNTY,467,41 Years,591,297,294,487,242,245,18,10,8,18,12,6,68,33,35
VAN ZANDT COUNTY,467,42 Years,635,304,331,534,251,283,17,9,8,19,7,12,65,37,28
VAN ZANDT COUNTY,467,43 Years,675,316,359,572,268,304,13,9,4,22,6,16,68,33,35
VAN ZANDT COUNTY,467,44 Years,694,326,368,586,274,312,21,10,11,15,4,11,72,38,34
VAN ZANDT COUNTY,467,45 Years,722,334,388,610,274,336,21,10,11,12,5,7,79,45,34
VAN ZANDT COUNTY,467,46 Years,695,324,371,603,269,334,10,5,5,12,5,7,70,45,25
VAN ZANDT COUNTY,467,47 Years,660,305,355,572,255,317,11,6,5,16,10,6,61,34,27
VAN ZANDT COUNTY,467,48 Years,660,322,338,571,276,295,13,6,7,16,10,6,60,30,30
VAN ZANDT COUNTY,467,49 Years,688,330,358,598,287,311,13,5,8,18,7,11,59,31,28
VAN ZANDT COUNTY,467,50 Years,772,379,393,676,325,351,24,15,9,17,7,10,55,32,23
VAN ZANDT COUNTY,467,51 Years,783,388,395,673,331,342,28,14,14,22,10,12,60,33,27
VAN ZANDT COUNTY,467,52 Years,828,412,416,730,363,367,27,10,17,22,10,12,49,29,20
VAN ZANDT COUNTY,467,53 Years,778,384,394,696,345,351,25,10,15,19,9,10,38,20,18
VAN ZANDT COUNTY,467,54 Years,779,396,383,694,349,345,24,15,9,15,7,8,46,25,21
VAN ZANDT COUNTY,467,55 Years,835,430,405,742,377,365,27,15,12,17,9,8,49,29,20
VAN ZANDT COUNTY,467,56 Years,826,415,411,732,369,363,22,10,12,23,8,15,49,28,21
VAN ZANDT COUNTY,467,57 Years,798,382,416,709,339,370,23,12,11,18,5,13,48,26,22
VAN ZANDT COUNTY,467,58 Years,824,392,432,733,345,388,21,11,10,20,12,8,50,24,26
VAN ZANDT COUNTY,467,59 Years,815,388,427,727,336,391,22,13,9,20,12,8,46,27,19
VAN ZANDT COUNTY,467,60 Years,784,384,400,709,339,370,23,14,9,14,6,8,38,25,13
VAN ZANDT COUNTY,467,61 Years,772,385,387,694,345,349,27,12,15,13,5,8,38,23,15
VAN ZANDT COUNTY,467,62 Years,766,368,398,694,331,363,22,9,13,13,5,8,37,23,14
VAN ZANDT COUNTY,467,63 Years,728,343,385,664,311,353,19,7,12,15,9,6,30,16,14
VAN ZANDT COUNTY,467,64 Years,745,344,401,684,313,371,20,9,11,12,7,5,29,15,14
VAN ZANDT COUNTY,467,65 Years,742,344,398,686,314,372,16,9,7,16,7,9,24,14,10
VAN ZANDT COUNTY,467,66 Years,744,358,386,690,328,362,22,11,11,11,6,5,21,13,8
VAN ZANDT COUNTY,467,67 Years,811,381,430,748,350,398,22,9,13,12,6,6,29,16,13
VAN ZANDT COUNTY,467,68 Years,804,394,410,742,358,384,19,8,11,15,9,6,28,19,9
VAN ZANDT COUNTY,467,69 Years,658,322,336,613,298,315,12,6,6,12,5,7,21,13,8
VAN ZANDT COUNTY,467,70 Years,609,303,306,565,278,287,11,9,2,9,3,6,24,13,11
VAN ZANDT COUNTY,467,71 Years,627,310,317,590,289,301,9,4,5,12,7,5,16,10,6
VAN ZANDT COUNTY,467,72 Years,596,296,300,562,277,285,9,5,4,15,8,7,10,6,4
VAN ZANDT COUNTY,467,73 Years,555,253,302,525,239,286,10,5,5,13,7,6,7,2,5
VAN ZANDT COUNTY,467,74 Years,549,252,297,516,233,283,12,6,6,9,6,3,12,7,5
VAN ZANDT COUNTY,467,75 Years,490,236,254,458,217,241,9,5,4,10,7,3,13,7,6
VAN ZANDT COUNTY,467,76 Years,448,217,231,424,205,219,6,4,2,9,5,4,9,3,6
VAN ZANDT COUNTY,467,77 Years,435,208,227,411,194,217,6,4,2,7,4,3,11,6,5
VAN ZANDT COUNTY,467,78 Years,395,186,209,374,176,198,7,3,4,6,3,3,8,4,4
VAN ZANDT COUNTY,467,79 Years,380,194,186,361,186,175,8,3,5,5,1,4,6,4,2
VAN ZANDT COUNTY,467,80 Years,349,179,170,330,171,159,8,1,7,5,2,3,6,5,1
VAN ZANDT COUNTY,467,81 Years,307,140,167,287,133,154,12,5,7,2,0,2,6,2,4
VAN ZANDT COUNTY,467,82 Years,239,103,136,220,97,123,9,2,7,5,2,3,5,2,3
VAN ZANDT COUNTY,467,83 Years,244,105,139,228,99,129,10,3,7,3,1,2,3,2,1
VAN ZANDT COUNTY,467,84 Years,222,90,132,210,85,125,7,3,4,4,2,2,1,0,1
VAN ZANDT COUNTY,467,85 Years +,1092,398,694,1028,372,656,27,6,21,15,6,9,22,14,8
VICTORIA COUNTY,469,All Ages,92166,45111,47055,40959,19840,21119,5533,2655,2878,2651,1306,1345,43023,21310,21713
VICTORIA COUNTY,469,< 1 Year,1372,709,663,445,224,221,57,30,27,96,53,43,774,402,372
VICTORIA COUNTY,469,1 Years,1363,700,663,443,223,220,62,31,31,102,53,49,756,393,363
VICTORIA COUNTY,469,2 Years,1339,683,656,447,224,223,62,28,34,98,52,46,732,379,353
VICTORIA COUNTY,469,3 Years,1307,648,659,444,220,224,63,31,32,83,41,42,717,356,361
VICTORIA COUNTY,469,4 Years,1332,673,659,431,215,216,63,31,32,74,40,34,764,387,377
VICTORIA COUNTY,469,5 Years,1323,672,651,388,193,195,61,32,29,58,28,30,816,419,397
VICTORIA COUNTY,469,6 Years,1354,712,642,382,208,174,64,35,29,55,24,31,853,445,408
VICTORIA COUNTY,469,7 Years,1412,750,662,367,196,171,75,39,36,49,23,26,921,492,429
VICTORIA COUNTY,469,8 Years,1388,727,661,376,189,187,75,41,34,46,21,25,891,476,415
VICTORIA COUNTY,469,9 Years,1345,687,658,369,179,190,86,39,47,47,24,23,843,445,398
VICTORIA COUNTY,469,10 Years,1331,684,647,401,204,197,78,36,42,46,24,22,806,420,386
VICTORIA COUNTY,469,11 Years,1305,651,654,395,199,196,90,41,49,52,24,28,768,387,381
VICTORIA COUNTY,469,12 Years,1316,666,650,388,203,185,87,43,44,60,28,32,781,392,389
VICTORIA COUNTY,469,13 Years,1301,659,642,412,212,200,87,44,43,52,28,24,750,375,375
VICTORIA COUNTY,469,14 Years,1316,645,671,434,218,216,86,42,44,45,21,24,751,364,387
VICTORIA COUNTY,469,15 Years,1334,686,648,446,232,214,88,47,41,43,19,24,757,388,369
VICTORIA COUNTY,469,16 Years,1328,680,648,465,250,215,88,38,50,37,20,17,738,372,366
VICTORIA COUNTY,469,17 Years,1297,639,658,444,217,227,95,38,57,52,24,28,706,360,346
VICTORIA COUNTY,469,18 Years,1304,661,643,451,233,218,97,42,55,53,25,28,703,361,342
VICTORIA COUNTY,469,19 Years,1297,672,625,442,228,214,98,60,38,48,22,26,709,362,347
VICTORIA COUNTY,469,20 Years,1204,597,607,394,192,202,101,57,44,43,20,23,666,328,338
VICTORIA COUNTY,469,21 Years,1271,638,633,426,214,212,81,40,41,53,25,28,711,359,352
VICTORIA COUNTY,469,22 Years,1335,669,666,493,240,253,88,42,46,47,23,24,707,364,343
VICTORIA COUNTY,469,23 Years,1307,653,654,527,266,261,84,33,51,39,22,17,657,332,325
VICTORIA COUNTY,469,24 Years,1249,628,621,516,254,262,64,25,39,42,24,18,627,325,302
VICTORIA COUNTY,469,25 Years,1294,634,660,526,247,279,83,35,48,32,16,16,653,336,317
VICTORIA COUNTY,469,26 Years,1231,623,608,457,221,236,80,40,40,32,17,15,662,345,317
VICTORIA COUNTY,469,27 Years,1203,631,572,458,246,212,86,43,43,35,21,14,624,321,303
VICTORIA COUNTY,469,28 Years,1149,572,577,433,217,216,104,49,55,23,11,12,589,295,294
VICTORIA COUNTY,469,29 Years,1144,577,567,438,227,211,84,46,38,25,11,14,597,293,304
VICTORIA COUNTY,469,30 Years,1170,515,655,504,219,285,101,35,66,32,14,18,533,247,286
VICTORIA COUNTY,469,31 Years,1106,533,573,471,218,253,66,37,29,28,13,15,541,265,276
VICTORIA COUNTY,469,32 Years,1212,600,612,494,254,240,77,31,46,23,10,13,618,305,313
VICTORIA COUNTY,469,33 Years,1209,607,602,518,270,248,58,26,32,27,18,9,606,293,313
VICTORIA COUNTY,469,34 Years,1214,578,636,531,256,275,66,33,33,32,16,16,585,273,312
VICTORIA COUNTY,469,35 Years,1208,601,607,512,255,257,80,42,38,23,15,8,593,289,304
VICTORIA COUNTY,469,36 Years,1101,553,548,460,228,232,86,43,43,25,15,10,530,267,263
VICTORIA COUNTY,469,37 Years,996,496,500,409,195,214,72,39,33,23,14,9,492,248,244
VICTORIA COUNTY,469,38 Years,983,508,475,379,204,175,61,34,27,24,11,13,519,259,260
VICTORIA COUNTY,469,39 Years,1035,527,508,394,216,178,74,49,25,34,12,22,533,250,283
VICTORIA COUNTY,469,40 Years,1023,513,510,426,220,206,61,37,24,35,14,21,501,242,259
VICTORIA COUNTY,469,41 Years,1021,486,535,440,214,226,66,35,31,31,12,19,484,225,259
VICTORIA COUNTY,469,42 Years,1048,504,544,485,235,250,56,33,23,21,8,13,486,228,258
VICTORIA COUNTY,469,43 Years,1059,532,527,474,236,238,48,29,19,24,9,15,513,258,255
VICTORIA COUNTY,469,44 Years,1037,507,530,454,216,238,64,37,27,23,8,15,496,246,250
VICTORIA COUNTY,469,45 Years,1049,517,532,492,241,251,55,32,23,10,4,6,492,240,252
VICTORIA COUNTY,469,46 Years,978,466,512,447,217,230,54,27,27,16,6,10,461,216,245
VICTORIA COUNTY,469,47 Years,932,437,495,425,206,219,55,27,28,11,5,6,441,199,242
VICTORIA COUNTY,469,48 Years,970,457,513,462,212,250,51,28,23,18,8,10,439,209,230
VICTORIA COUNTY,469,49 Years,1037,523,514,516,257,259,59,38,21,12,7,5,450,221,229
VICTORIA COUNTY,469,50 Years,1131,536,595,562,268,294,77,38,39,20,7,13,472,223,249
VICTORIA COUNTY,469,51 Years,1205,587,618,608,292,316,76,35,41,27,13,14,494,247,247
VICTORIA COUNTY,469,52 Years,1224,584,640,633,288,345,73,31,42,32,18,14,486,247,239
VICTORIA COUNTY,469,53 Years,1247,576,671,661,294,367,77,34,43,30,15,15,479,233,246
VICTORIA COUNTY,469,54 Years,1294,629,665,707,343,364,77,33,44,26,14,12,484,239,245
VICTORIA COUNTY,469,55 Years,1232,615,617,687,354,333,68,32,36,15,8,7,462,221,241
VICTORIA COUNTY,469,56 Years,1247,617,630,702,347,355,69,32,37,20,9,11,456,229,227
VICTORIA COUNTY,469,57 Years,1276,630,646,713,343,370,64,34,30,26,12,14,473,241,232
VICTORIA COUNTY,469,58 Years,1221,614,607,658,317,341,65,36,29,31,15,16,467,246,221
VICTORIA COUNTY,469,59 Years,1186,586,600,672,323,349,72,32,40,23,14,9,419,217,202
VICTORIA COUNTY,469,60 Years,1239,599,640,698,340,358,83,34,49,32,19,13,426,206,220
VICTORIA COUNTY,469,61 Years,1150,543,607,660,317,343,76,34,42,31,17,14,383,175,208
VICTORIA COUNTY,469,62 Years,1080,520,560,614,301,313,76,39,37,23,10,13,367,170,197
VICTORIA COUNTY,469,63 Years,1056,487,569,607,284,323,71,32,39,18,7,11,360,164,196
VICTORIA COUNTY,469,64 Years,1011,501,510,575,286,289,65,26,39,22,11,11,349,178,171
VICTORIA COUNTY,469,65 Years,1001,474,527,568,276,292,57,20,37,23,11,12,353,167,186
VICTORIA COUNTY,469,66 Years,974,459,515,564,261,303,62,26,36,19,8,11,329,164,165
VICTORIA COUNTY,469,67 Years,951,451,500,565,269,296,61,26,35,19,10,9,306,146,160
VICTORIA COUNTY,469,68 Years,924,424,500,556,261,295,48,19,29,22,12,10,298,132,166
VICTORIA COUNTY,469,69 Years,829,407,422,471,239,232,44,23,21,14,7,7,300,138,162
VICTORIA COUNTY,469,70 Years,739,354,385,428,210,218,37,18,19,14,6,8,260,120,140
VICTORIA COUNTY,469,71 Years,706,310,396,458,203,255,34,13,21,11,6,5,203,88,115
VICTORIA COUNTY,469,72 Years,671,320,351,433,215,218,36,17,19,8,4,4,194,84,110
VICTORIA COUNTY,469,73 Years,635,284,351,430,193,237,31,14,17,7,4,3,167,73,94
VICTORIA COUNTY,469,74 Years,578,254,324,390,176,214,24,10,14,8,5,3,156,63,93
VICTORIA COUNTY,469,75 Years,539,230,309,354,154,200,26,11,15,12,5,7,147,60,87
VICTORIA COUNTY,469,76 Years,521,227,294,327,145,182,27,10,17,12,6,6,155,66,89
VICTORIA COUNTY,469,77 Years,488,227,261,307,144,163,24,9,15,10,6,4,147,68,79
VICTORIA COUNTY,469,78 Years,448,189,259,291,127,164,19,8,11,7,2,5,131,52,79
VICTORIA COUNTY,469,79 Years,418,185,233,272,125,147,19,7,12,4,2,2,123,51,72
VICTORIA COUNTY,469,80 Years,436,192,244,289,119,170,18,7,11,5,1,4,124,65,59
VICTORIA COUNTY,469,81 Years,370,156,214,241,100,141,18,7,11,8,4,4,103,45,58
VICTORIA COUNTY,469,82 Years,367,154,213,249,107,142,16,6,10,4,3,1,98,38,60
VICTORIA COUNTY,469,83 Years,357,151,206,255,111,144,14,5,9,4,2,2,84,33,51
VICTORIA COUNTY,469,84 Years,306,127,179,219,89,130,15,5,10,4,1,3,68,32,36
VICTORIA COUNTY,469,85 Years +,1670,626,1044,1204,459,745,87,22,65,21,9,12,358,136,222
WALKER COUNTY,471,All Ages,71485,41930,29555,40675,22821,17854,15797,10153,5644,2221,1122,1099,12792,7834,4958
WALKER COUNTY,471,< 1 Year,781,388,393,338,172,166,184,95,89,57,23,34,202,98,104
WALKER COUNTY,471,1 Years,772,392,380,334,175,159,173,87,86,57,28,29,208,102,106
WALKER COUNTY,471,2 Years,742,382,360,324,170,154,153,78,75,58,30,28,207,104,103
WALKER COUNTY,471,3 Years,722,366,356,320,166,154,146,76,70,57,27,30,199,97,102
WALKER COUNTY,471,4 Years,715,368,347,322,168,154,146,80,66,49,22,27,198,98,100
WALKER COUNTY,471,5 Years,815,432,383,364,188,176,178,87,91,53,27,26,220,130,90
WALKER COUNTY,471,6 Years,690,367,323,319,172,147,153,75,78,41,19,22,177,101,76
WALKER COUNTY,471,7 Years,660,342,318,307,161,146,129,64,65,50,28,22,174,89,85
WALKER COUNTY,471,8 Years,669,338,331,300,152,148,151,80,71,52,30,22,166,76,90
WALKER COUNTY,471,9 Years,663,350,313,290,159,131,149,72,77,58,33,25,166,86,80
WALKER COUNTY,471,10 Years,642,328,314,287,147,140,127,55,72,43,24,19,185,102,83
WALKER COUNTY,471,11 Years,599,301,298,262,128,134,125,57,68,33,19,14,179,97,82
WALKER COUNTY,471,12 Years,646,329,317,316,160,156,131,64,67,32,18,14,167,87,80
WALKER COUNTY,471,13 Years,601,312,289,294,146,148,109,57,52,38,21,17,160,88,72
WALKER COUNTY,471,14 Years,624,321,303,305,146,159,130,70,60,31,18,13,158,87,71
WALKER COUNTY,471,15 Years,622,317,305,285,135,150,146,87,59,26,10,16,165,85,80
WALKER COUNTY,471,16 Years,611,306,305,308,154,154,127,64,63,28,13,15,148,75,73
WALKER COUNTY,471,17 Years,699,379,320,326,170,156,194,116,78,32,11,21,147,82,65
WALKER COUNTY,471,18 Years,1196,560,636,614,291,323,298,138,160,30,11,19,254,120,134
WALKER COUNTY,471,19 Years,2036,932,1104,1098,500,598,423,194,229,59,23,36,456,215,241
WALKER COUNTY,471,20 Years,2062,997,1065,1152,552,600,443,214,229,61,28,33,406,203,203
WALKER COUNTY,471,21 Years,2259,1241,1018,1322,714,608,418,209,209,76,48,28,443,270,173
WALKER COUNTY,471,22 Years,2221,1342,879,1338,796,542,387,223,164,75,38,37,421,285,136
WALKER COUNTY,471,23 Years,1816,1059,757,1016,586,430,334,183,151,62,30,32,404,260,144
WALKER COUNTY,471,24 Years,1623,938,685,855,498,357,379,219,160,73,31,42,316,190,126
WALKER COUNTY,471,25 Years,1411,791,620,749,413,336,319,190,129,60,33,27,283,155,128
WALKER COUNTY,471,26 Years,1379,765,614,770,428,342,302,183,119,49,25,24,258,129,129
WALKER COUNTY,471,27 Years,1192,732,460,570,345,225,287,186,101,47,32,15,288,169,119
WALKER COUNTY,471,28 Years,1195,748,447,592,345,247,288,189,99,55,30,25,260,184,76
WALKER COUNTY,471,29 Years,1089,697,392,551,306,245,281,212,69,35,23,12,222,156,66
WALKER COUNTY,471,30 Years,1023,684,339,517,313,204,243,180,63,28,17,11,235,174,61
WALKER COUNTY,471,31 Years,930,590,340,444,247,197,229,164,65,29,17,12,228,162,66
WALKER COUNTY,471,32 Years,922,657,265,437,277,160,244,192,52,28,18,10,213,170,43
WALKER COUNTY,471,33 Years,871,587,284,451,264,187,224,179,45,14,8,6,182,136,46
WALKER COUNTY,471,34 Years,905,621,284,433,259,174,234,189,45,20,12,8,218,161,57
WALKER COUNTY,471,35 Years,872,598,274,396,241,155,263,215,48,18,8,10,195,134,61
WALKER COUNTY,471,36 Years,893,622,271,429,281,148,264,199,65,18,6,12,182,136,46
WALKER COUNTY,471,37 Years,810,561,249,397,249,148,239,184,55,18,10,8,156,118,38
WALKER COUNTY,471,38 Years,857,602,255,395,252,143,245,195,50,16,10,6,201,145,56
WALKER COUNTY,471,39 Years,896,625,271,396,243,153,273,222,51,22,11,11,205,149,56
WALKER COUNTY,471,40 Years,887,633,254,448,303,145,233,179,54,24,10,14,182,141,41
WALKER COUNTY,471,41 Years,875,633,242,438,309,129,263,203,60,24,8,16,150,113,37
WALKER COUNTY,471,42 Years,935,690,245,462,326,136,266,215,51,15,9,6,192,140,52
WALKER COUNTY,471,43 Years,933,660,273,487,321,166,250,203,47,14,9,5,182,127,55
WALKER COUNTY,471,44 Years,1064,767,297,594,399,195,286,234,52,18,10,8,166,124,42
WALKER COUNTY,471,45 Years,973,685,288,527,358,169,256,196,60,19,10,9,171,121,50
WALKER COUNTY,471,46 Years,1000,712,288,589,403,186,258,205,53,13,8,5,140,96,44
WALKER COUNTY,471,47 Years,929,661,268,539,370,169,243,189,54,12,4,8,135,98,37
WALKER COUNTY,471,48 Years,946,674,272,526,353,173,256,202,54,14,7,7,150,112,38
WALKER COUNTY,471,49 Years,947,626,321,523,343,180,253,180,73,15,6,9,156,97,59
WALKER COUNTY,471,50 Years,1045,725,320,584,393,191,305,233,72,16,6,10,140,93,47
WALKER COUNTY,471,51 Years,1005,675,330,583,363,220,274,217,57,19,9,10,129,86,43
WALKER COUNTY,471,52 Years,987,646,341,570,344,226,277,216,61,16,9,7,124,77,47
WALKER COUNTY,471,53 Years,982,646,336,579,358,221,266,198,68,15,9,6,122,81,41
WALKER COUNTY,471,54 Years,1015,649,366,625,381,244,253,181,72,16,11,5,121,76,45
WALKER COUNTY,471,55 Years,958,609,349,593,358,235,242,175,67,16,9,7,107,67,40
WALKER COUNTY,471,56 Years,897,575,322,589,361,228,211,157,54,12,5,7,85,52,33
WALKER COUNTY,471,57 Years,795,482,313,529,314,215,162,103,59,11,4,7,93,61,32
WALKER COUNTY,471,58 Years,756,453,303,511,303,208,148,90,58,17,6,11,80,54,26
WALKER COUNTY,471,59 Years,730,415,315,491,266,225,160,105,55,16,6,10,63,38,25
WALKER COUNTY,471,60 Years,766,407,359,525,277,248,128,75,53,13,5,8,100,50,50
WALKER COUNTY,471,61 Years,725,381,344,500,251,249,120,67,53,15,7,8,90,56,34
WALKER COUNTY,471,62 Years,734,374,360,523,239,284,121,74,47,17,8,9,73,53,20
WALKER COUNTY,471,63 Years,712,384,328,509,270,239,129,71,58,16,6,10,58,37,21
WALKER COUNTY,471,64 Years,665,344,321,510,262,248,95,50,45,11,4,7,49,28,21
WALKER COUNTY,471,65 Years,697,364,333,503,262,241,98,52,46,13,7,6,83,43,40
WALKER COUNTY,471,66 Years,635,343,292,482,255,227,91,52,39,9,5,4,53,31,22
WALKER COUNTY,471,67 Years,614,338,276,481,254,227,82,50,32,9,4,5,42,30,12
WALKER COUNTY,471,68 Years,580,310,270,457,238,219,74,43,31,10,6,4,39,23,16
WALKER COUNTY,471,69 Years,483,231,252,368,173,195,72,37,35,11,5,6,32,16,16
WALKER COUNTY,471,70 Years,470,246,224,382,207,175,55,27,28,12,5,7,21,7,14
WALKER COUNTY,471,71 Years,437,218,219,357,177,180,54,28,26,7,5,2,19,8,11
WALKER COUNTY,471,72 Years,453,224,229,370,175,195,54,27,27,7,5,2,22,17,5
WALKER COUNTY,471,73 Years,430,218,212,346,172,174,67,36,31,6,3,3,11,7,4
WALKER COUNTY,471,74 Years,377,183,194,312,154,158,40,14,26,5,3,2,20,12,8
WALKER COUNTY,471,75 Years,375,199,176,299,164,135,51,25,26,7,3,4,18,7,11
WALKER COUNTY,471,76 Years,332,175,157,278,154,124,41,17,24,3,1,2,10,3,7
WALKER COUNTY,471,77 Years,287,138,149,241,118,123,33,15,18,1,0,1,12,5,7
WALKER COUNTY,471,78 Years,259,120,139,212,104,108,30,10,20,3,1,2,14,5,9
WALKER COUNTY,471,79 Years,250,133,117,206,114,92,32,14,18,2,1,1,10,4,6
WALKER COUNTY,471,80 Years,241,104,137,196,89,107,35,10,25,3,0,3,7,5,2
WALKER COUNTY,471,81 Years,205,92,113,169,80,89,27,8,19,1,0,1,8,4,4
WALKER COUNTY,471,82 Years,175,81,94,149,70,79,17,6,11,1,1,0,8,4,4
WALKER COUNTY,471,83 Years,167,63,104,141,57,84,15,4,11,2,0,2,9,2,7
WALKER COUNTY,471,84 Years,170,65,105,140,54,86,16,5,11,5,3,2,9,3,6
WALKER COUNTY,471,85 Years +,856,312,544,709,256,453,90,32,58,22,9,13,35,15,20
WALLER COUNTY,473,All Ages,48349,23893,24456,20368,9922,10446,10673,4786,5887,975,483,492,16333,8702,7631
WALLER COUNTY,473,< 1 Year,635,338,297,208,104,104,94,50,44,12,7,5,321,177,144
WALLER COUNTY,473,1 Years,638,333,305,200,98,102,90,48,42,14,8,6,334,179,155
WALLER COUNTY,473,2 Years,642,326,316,192,93,99,96,49,47,14,8,6,340,176,164
WALLER COUNTY,473,3 Years,604,300,304,172,84,88,104,50,54,12,7,5,316,159,157
WALLER COUNTY,473,4 Years,609,303,306,169,87,82,115,53,62,11,6,5,314,157,157
WALLER COUNTY,473,5 Years,678,360,318,191,103,88,130,66,64,17,8,9,340,183,157
WALLER COUNTY,473,6 Years,649,332,317,190,99,91,124,57,67,20,9,11,315,167,148
WALLER COUNTY,473,7 Years,678,349,329,185,96,89,131,56,75,14,8,6,348,189,159
WALLER COUNTY,473,8 Years,678,337,341,212,96,116,97,46,51,16,10,6,353,185,168
WALLER COUNTY,473,9 Years,647,322,325,203,100,103,94,44,50,13,7,6,337,171,166
WALLER COUNTY,473,10 Years,640,318,322,198,96,102,89,36,53,15,9,6,338,177,161
WALLER COUNTY,473,11 Years,626,302,324,193,83,110,92,41,51,15,6,9,326,172,154
WALLER COUNTY,473,12 Years,646,319,327,200,94,106,102,46,56,13,4,9,331,175,156
WALLER COUNTY,473,13 Years,642,336,306,198,103,95,102,47,55,12,4,8,330,182,148
WALLER COUNTY,473,14 Years,692,369,323,240,122,118,111,53,58,17,10,7,324,184,140
WALLER COUNTY,473,15 Years,681,330,351,238,104,134,100,51,49,19,11,8,324,164,160
WALLER COUNTY,473,16 Years,680,350,330,228,123,105,103,45,58,28,14,14,321,168,153
WALLER COUNTY,473,17 Years,729,369,360,249,128,121,121,51,70,26,10,16,333,180,153
WALLER COUNTY,473,18 Years,1309,599,710,255,124,131,697,298,399,36,13,23,321,164,157
WALLER COUNTY,473,19 Years,1646,736,910,216,103,113,1111,469,642,33,16,17,286,148,138
WALLER COUNTY,473,20 Years,1369,616,753,212,107,105,843,344,499,19,9,10,295,156,139
WALLER COUNTY,473,21 Years,1224,601,623,204,114,90,687,310,377,24,14,10,309,163,146
WALLER COUNTY,473,22 Years,969,479,490,191,104,87,462,221,241,19,10,9,297,144,153
WALLER COUNTY,473,23 Years,871,439,432,195,99,96,355,175,180,28,15,13,293,150,143
WALLER COUNTY,473,24 Years,797,421,376,212,115,97,297,157,140,23,13,10,265,136,129
WALLER COUNTY,473,25 Years,665,348,317,187,92,95,192,107,85,23,10,13,263,139,124
WALLER COUNTY,473,26 Years,652,339,313,206,100,106,162,86,76,18,10,8,266,143,123
WALLER COUNTY,473,27 Years,531,293,238,151,68,83,123,77,46,14,7,7,243,141,102
WALLER COUNTY,473,28 Years,492,259,233,148,68,80,107,46,61,12,7,5,225,138,87
WALLER COUNTY,473,29 Years,472,255,217,140,72,68,114,60,54,10,6,4,208,117,91
WALLER COUNTY,473,30 Years,476,246,230,139,73,66,89,41,48,10,5,5,238,127,111
WALLER COUNTY,473,31 Years,498,268,230,151,78,73,91,53,38,7,3,4,249,134,115
WALLER COUNTY,473,32 Years,496,267,229,151,79,72,89,48,41,6,3,3,250,137,113
WALLER COUNTY,473,33 Years,513,265,248,167,77,90,79,44,35,7,5,2,260,139,121
WALLER COUNTY,473,34 Years,511,252,259,190,86,104,68,32,36,6,4,2,247,130,117
WALLER COUNTY,473,35 Years,509,262,247,200,98,102,63,28,35,6,3,3,240,133,107
WALLER COUNTY,473,36 Years,508,249,259,207,93,114,65,29,36,2,2,0,234,125,109
WALLER COUNTY,473,37 Years,506,256,250,207,106,101,61,25,36,2,2,0,236,123,113
WALLER COUNTY,473,38 Years,516,262,254,196,107,89,90,30,60,4,1,3,226,124,102
WALLER COUNTY,473,39 Years,500,261,239,192,103,89,83,28,55,6,3,3,219,127,92
WALLER COUNTY,473,40 Years,541,273,268,229,115,114,66,23,43,8,4,4,238,131,107
WALLER COUNTY,473,41 Years,537,253,284,239,116,123,65,23,42,6,3,3,227,111,116
WALLER COUNTY,473,42 Years,503,232,271,224,106,118,73,25,48,4,1,3,202,100,102
WALLER COUNTY,473,43 Years,534,248,286,253,116,137,57,26,31,7,1,6,217,105,112
WALLER COUNTY,473,44 Years,548,274,274,283,137,146,47,24,23,8,4,4,210,109,101
WALLER COUNTY,473,45 Years,571,291,280,275,133,142,64,28,36,10,5,5,222,125,97
WALLER COUNTY,473,46 Years,594,302,292,300,143,157,72,35,37,12,7,5,210,117,93
WALLER COUNTY,473,47 Years,563,287,276,282,142,140,78,39,39,12,5,7,191,101,90
WALLER COUNTY,473,48 Years,556,253,303,289,122,167,83,38,45,11,4,7,173,89,84
WALLER COUNTY,473,49 Years,583,283,300,302,145,157,88,33,55,12,3,9,181,102,79
WALLER COUNTY,473,50 Years,621,310,311,323,158,165,90,36,54,12,4,8,196,112,84
WALLER COUNTY,473,51 Years,654,322,332,358,170,188,92,38,54,14,6,8,190,108,82
WALLER COUNTY,473,52 Years,643,320,323,361,168,193,90,44,46,11,6,5,181,102,79
WALLER COUNTY,473,53 Years,601,288,313,341,153,188,93,43,50,11,5,6,156,87,69
WALLER COUNTY,473,54 Years,629,306,323,371,180,191,98,44,54,15,6,9,145,76,69
WALLER COUNTY,473,55 Years,614,304,310,392,183,209,79,41,38,10,6,4,133,74,59
WALLER COUNTY,473,56 Years,611,316,295,397,197,200,79,40,39,9,6,3,126,73,53
WALLER COUNTY,473,57 Years,618,321,297,404,203,201,77,34,43,7,5,2,130,79,51
WALLER COUNTY,473,58 Years,569,284,285,363,183,180,81,32,49,7,5,2,118,64,54
WALLER COUNTY,473,59 Years,568,290,278,359,182,177,87,44,43,6,5,1,116,59,57
WALLER COUNTY,473,60 Years,605,301,304,401,198,203,84,39,45,8,5,3,112,59,53
WALLER COUNTY,473,61 Years,572,266,306,383,175,208,82,35,47,13,7,6,94,49,45
WALLER COUNTY,473,62 Years,559,273,286,380,186,194,73,30,43,11,6,5,95,51,44
WALLER COUNTY,473,63 Years,549,265,284,369,178,191,85,36,49,12,6,6,83,45,38
WALLER COUNTY,473,64 Years,495,241,254,344,169,175,73,26,47,9,5,4,69,41,28
WALLER COUNTY,473,65 Years,478,211,267,339,152,187,67,22,45,9,4,5,63,33,30
WALLER COUNTY,473,66 Years,488,228,260,344,166,178,67,24,43,10,3,7,67,35,32
WALLER COUNTY,473,67 Years,484,238,246,353,183,170,56,20,36,10,2,8,65,33,32
WALLER COUNTY,473,68 Years,439,213,226,312,158,154,54,22,32,12,3,9,61,30,31
WALLER COUNTY,473,69 Years,406,193,213,284,141,143,51,20,31,12,3,9,59,29,30
WALLER COUNTY,473,70 Years,385,187,198,282,139,143,52,22,30,4,2,2,47,24,23
WALLER COUNTY,473,71 Years,367,181,186,269,136,133,45,19,26,8,5,3,45,21,24
WALLER COUNTY,473,72 Years,320,163,157,240,124,116,36,13,23,8,5,3,36,21,15
WALLER COUNTY,473,73 Years,297,148,149,227,116,111,36,14,22,6,4,2,28,14,14
WALLER COUNTY,473,74 Years,267,132,135,197,99,98,35,14,21,6,4,2,29,15,14
WALLER COUNTY,473,75 Years,226,108,118,156,75,81,40,18,22,6,3,3,24,12,12
WALLER COUNTY,473,76 Years,205,91,114,143,60,83,33,16,17,5,2,3,24,13,11
WALLER COUNTY,473,77 Years,197,94,103,143,70,73,32,12,20,1,0,1,21,12,9
WALLER COUNTY,473,78 Years,172,83,89,118,59,59,34,12,22,3,3,0,17,9,8
WALLER COUNTY,473,79 Years,165,67,98,114,49,65,31,9,22,2,1,1,18,8,10
WALLER COUNTY,473,80 Years,144,54,90,97,42,55,30,6,24,2,1,1,15,5,10
WALLER COUNTY,473,81 Years,113,48,65,75,36,39,24,6,18,1,0,1,13,6,7
WALLER COUNTY,473,82 Years,122,57,65,79,36,43,29,13,16,2,2,0,12,6,6
WALLER COUNTY,473,83 Years,124,61,63,81,40,41,31,14,17,2,2,0,10,5,5
WALLER COUNTY,473,84 Years,108,44,64,72,31,41,21,7,14,3,1,2,12,5,7
WALLER COUNTY,473,85 Years +,580,223,357,438,173,265,90,30,60,15,6,9,37,14,23
WARD COUNTY,475,All Ages,11251,5479,5772,4918,2361,2557,540,268,272,210,106,104,5583,2744,2839
WARD COUNTY,475,< 1 Year,187,86,101,61,33,28,10,2,8,4,2,2,112,49,63
WARD COUNTY,475,1 Years,186,97,89,61,34,27,11,5,6,2,1,1,112,57,55
WARD COUNTY,475,2 Years,177,95,82,57,31,26,11,6,5,3,1,2,106,57,49
WARD COUNTY,475,3 Years,171,88,83,62,31,31,12,9,3,2,1,1,95,47,48
WARD COUNTY,475,4 Years,151,68,83,56,28,28,13,6,7,3,1,2,79,33,46
WARD COUNTY,475,5 Years,139,71,68,49,22,27,14,6,8,2,1,1,74,42,32
WARD COUNTY,475,6 Years,166,87,79,48,22,26,12,5,7,3,2,1,103,58,45
WARD COUNTY,475,7 Years,170,88,82,47,26,21,8,4,4,4,2,2,111,56,55
WARD COUNTY,475,8 Years,160,74,86,56,29,27,10,3,7,3,1,2,91,41,50
WARD COUNTY,475,9 Years,169,71,98,64,30,34,7,2,5,4,2,2,94,37,57
WARD COUNTY,475,10 Years,173,77,96,59,29,30,9,3,6,1,0,1,104,45,59
WARD COUNTY,475,11 Years,171,84,87,56,29,27,9,4,5,7,2,5,99,49,50
WARD COUNTY,475,12 Years,169,80,89,52,27,25,5,4,1,5,1,4,107,48,59
WARD COUNTY,475,13 Years,158,74,84,44,21,23,10,5,5,6,2,4,98,46,52
WARD COUNTY,475,14 Years,158,86,72,39,19,20,9,5,4,5,3,2,105,59,46
WARD COUNTY,475,15 Years,158,79,79,54,28,26,10,3,7,4,1,3,90,47,43
WARD COUNTY,475,16 Years,149,66,83,55,23,32,9,3,6,4,1,3,81,39,42
WARD COUNTY,475,17 Years,152,78,74,44,20,24,10,3,7,3,1,2,95,54,41
WARD COUNTY,475,18 Years,165,85,80,58,29,29,10,4,6,4,3,1,93,49,44
WARD COUNTY,475,19 Years,155,79,76,50,22,28,9,4,5,5,5,0,91,48,43
WARD COUNTY,475,20 Years,146,75,71,50,25,25,8,4,4,3,2,1,85,44,41
WARD COUNTY,475,21 Years,153,74,79,53,28,25,8,4,4,3,2,1,89,40,49
WARD COUNTY,475,22 Years,169,88,81,54,29,25,8,5,3,4,2,2,103,52,51
WARD COUNTY,475,23 Years,167,85,82,67,31,36,5,4,1,1,0,1,94,50,44
WARD COUNTY,475,24 Years,123,59,64,50,25,25,6,1,5,1,0,1,66,33,33
WARD COUNTY,475,25 Years,141,77,64,51,35,16,8,2,6,3,1,2,79,39,40
WARD COUNTY,475,26 Years,159,84,75,60,31,29,9,6,3,3,1,2,87,46,41
WARD COUNTY,475,27 Years,130,60,70,51,19,32,5,3,2,5,3,2,69,35,34
WARD COUNTY,475,28 Years,121,62,59,51,23,28,7,5,2,5,2,3,58,32,26
WARD COUNTY,475,29 Years,118,58,60,46,23,23,6,2,4,3,2,1,63,31,32
WARD COUNTY,475,30 Years,122,61,61,49,26,23,11,5,6,6,5,1,56,25,31
WARD COUNTY,475,31 Years,124,64,60,45,20,25,7,5,2,3,2,1,69,37,32
WARD COUNTY,475,32 Years,134,62,72,57,23,34,3,2,1,3,0,3,71,37,34
WARD COUNTY,475,33 Years,140,69,71,59,29,30,2,0,2,3,1,2,76,39,37
WARD COUNTY,475,34 Years,151,76,75,57,28,29,9,3,6,5,4,1,80,41,39
WARD COUNTY,475,35 Years,142,70,72,48,23,25,10,4,6,4,2,2,80,41,39
WARD COUNTY,475,36 Years,122,69,53,48,24,24,5,4,1,2,1,1,67,40,27
WARD COUNTY,475,37 Years,105,55,50,51,23,28,3,2,1,0,0,0,51,30,21
WARD COUNTY,475,38 Years,112,60,52,53,29,24,4,4,0,2,1,1,53,26,27
WARD COUNTY,475,39 Years,128,59,69,53,24,29,3,2,1,1,0,1,71,33,38
WARD COUNTY,475,40 Years,117,54,63,47,17,30,3,1,2,3,0,3,64,36,28
WARD COUNTY,475,41 Years,103,44,59,44,18,26,4,2,2,1,0,1,54,24,30
WARD COUNTY,475,42 Years,123,49,74,47,21,26,4,1,3,3,2,1,69,25,44
WARD COUNTY,475,43 Years,112,51,61,50,23,27,4,1,3,2,2,0,56,25,31
WARD COUNTY,475,44 Years,129,68,61,65,35,30,7,5,2,1,1,0,56,27,29
WARD COUNTY,475,45 Years,119,63,56,54,31,23,5,3,2,2,2,0,58,27,31
WARD COUNTY,475,46 Years,116,54,62,56,24,32,2,1,1,2,2,0,56,27,29
WARD COUNTY,475,47 Years,125,63,62,58,30,28,6,5,1,1,1,0,60,27,33
WARD COUNTY,475,48 Years,123,68,55,63,36,27,6,3,3,2,2,0,52,27,25
WARD COUNTY,475,49 Years,143,77,66,73,36,37,6,4,2,4,4,0,60,33,27
WARD COUNTY,475,50 Years,152,79,73,72,38,34,8,5,3,3,3,0,69,33,36
WARD COUNTY,475,51 Years,145,62,83,64,27,37,7,4,3,3,2,1,71,29,42
WARD COUNTY,475,52 Years,159,77,82,78,37,41,8,4,4,0,0,0,73,36,37
WARD COUNTY,475,53 Years,148,71,77,79,34,45,8,4,4,1,1,0,60,32,28
WARD COUNTY,475,54 Years,160,83,77,81,44,37,6,2,4,5,1,4,68,36,32
WARD COUNTY,475,55 Years,156,76,80,82,43,39,5,2,3,2,1,1,67,30,37
WARD COUNTY,475,56 Years,164,82,82,85,40,45,8,6,2,0,0,0,71,36,35
WARD COUNTY,475,57 Years,155,78,77,75,38,37,10,7,3,3,1,2,67,32,35
WARD COUNTY,475,58 Years,147,77,70,82,41,41,3,2,1,5,3,2,57,31,26
WARD COUNTY,475,59 Years,154,75,79,90,45,45,6,4,2,3,1,2,55,25,30
WARD COUNTY,475,60 Years,163,80,83,95,46,49,7,4,3,2,0,2,59,30,29
WARD COUNTY,475,61 Years,132,68,64,84,44,40,7,2,5,2,1,1,39,21,18
WARD COUNTY,475,62 Years,127,57,70,75,36,39,5,2,3,3,1,2,44,18,26
WARD COUNTY,475,63 Years,125,66,59,66,35,31,9,5,4,2,1,1,48,25,23
WARD COUNTY,475,64 Years,127,55,72,62,24,38,4,2,2,2,1,1,59,28,31
WARD COUNTY,475,65 Years,130,60,70,72,34,38,4,1,3,2,1,1,52,24,28
WARD COUNTY,475,66 Years,124,62,62,65,34,31,2,1,1,1,0,1,56,27,29
WARD COUNTY,475,67 Years,125,56,69,70,33,37,5,3,2,0,0,0,50,20,30
WARD COUNTY,475,68 Years,115,55,60,66,35,31,7,3,4,0,0,0,42,17,25
WARD COUNTY,475,69 Years,91,42,49,50,27,23,2,0,2,2,0,2,37,15,22
WARD COUNTY,475,70 Years,92,44,48,52,27,25,3,0,3,4,1,3,33,16,17
WARD COUNTY,475,71 Years,98,48,50,50,24,26,3,3,0,2,1,1,43,20,23
WARD COUNTY,475,72 Years,87,42,45,49,23,26,5,3,2,1,1,0,32,15,17
WARD COUNTY,475,73 Years,80,37,43,44,19,25,5,2,3,1,1,0,30,15,15
WARD COUNTY,475,74 Years,70,33,37,37,14,23,3,2,1,2,2,0,28,15,13
WARD COUNTY,475,75 Years,67,31,36,37,14,23,1,1,0,1,0,1,28,16,12
WARD COUNTY,475,76 Years,68,28,40,41,13,28,1,0,1,1,1,0,25,14,11
WARD COUNTY,475,77 Years,60,28,32,35,13,22,3,2,1,0,0,0,22,13,9
WARD COUNTY,475,78 Years,59,20,39,33,11,22,2,0,2,0,0,0,24,9,15
WARD COUNTY,475,79 Years,68,30,38,44,18,26,2,2,0,0,0,0,22,10,12
WARD COUNTY,475,80 Years,62,31,31,39,20,19,1,1,0,0,0,0,22,10,12
WARD COUNTY,475,81 Years,55,25,30,32,15,17,2,1,1,0,0,0,21,9,12
WARD COUNTY,475,82 Years,50,20,30,28,11,17,3,2,1,0,0,0,19,7,12
WARD COUNTY,475,83 Years,52,19,33,33,11,22,2,1,1,0,0,0,17,7,10
WARD COUNTY,475,84 Years,48,23,25,33,16,17,1,1,0,0,0,0,14,6,8
WARD COUNTY,475,85 Years +,235,88,147,156,55,101,10,5,5,2,1,1,67,27,40
WASHINGTON COUNTY,477,All Ages,35064,17424,17640,22321,10954,11367,6100,3009,3091,906,421,485,5737,3040,2697
WASHINGTON COUNTY,477,< 1 Year,421,204,217,214,106,108,67,33,34,14,4,10,126,61,65
WASHINGTON COUNTY,477,1 Years,419,208,211,215,109,106,69,36,33,16,6,10,119,57,62
WASHINGTON COUNTY,477,2 Years,417,208,209,219,111,108,70,39,31,11,6,5,117,52,65
WASHINGTON COUNTY,477,3 Years,420,213,207,210,109,101,71,34,37,14,9,5,125,61,64
WASHINGTON COUNTY,477,4 Years,434,219,215,220,117,103,75,35,40,11,6,5,128,61,67
WASHINGTON COUNTY,477,5 Years,414,210,204,207,106,101,74,45,29,15,4,11,118,55,63
WASHINGTON COUNTY,477,6 Years,420,216,204,198,101,97,86,50,36,21,7,14,115,58,57
WASHINGTON COUNTY,477,7 Years,418,204,214,195,91,104,91,48,43,20,9,11,112,56,56
WASHINGTON COUNTY,477,8 Years,390,197,193,180,91,89,78,38,40,18,7,11,114,61,53
WASHINGTON COUNTY,477,9 Years,399,204,195,192,102,90,81,39,42,15,7,8,111,56,55
WASHINGTON COUNTY,477,10 Years,420,233,187,204,116,88,86,47,39,14,5,9,116,65,51
WASHINGTON COUNTY,477,11 Years,414,233,181,201,107,94,76,49,27,13,3,10,124,74,50
WASHINGTON COUNTY,477,12 Years,433,255,178,203,116,87,88,53,35,18,9,9,124,77,47
WASHINGTON COUNTY,477,13 Years,415,243,172,196,114,82,81,48,33,13,5,8,125,76,49
WASHINGTON COUNTY,477,14 Years,440,239,201,208,110,98,77,49,28,13,6,7,142,74,68
WASHINGTON COUNTY,477,15 Years,441,244,197,219,123,96,78,45,33,17,11,6,127,65,62
WASHINGTON COUNTY,477,16 Years,426,218,208,229,120,109,70,36,34,16,8,8,111,54,57
WASHINGTON COUNTY,477,17 Years,429,226,203,241,120,121,73,44,29,16,8,8,99,54,45
WASHINGTON COUNTY,477,18 Years,411,210,201,221,108,113,78,42,36,17,10,7,95,50,45
WASHINGTON COUNTY,477,19 Years,392,189,203,203,102,101,84,40,44,14,6,8,91,41,50
WASHINGTON COUNTY,477,20 Years,398,191,207,208,105,103,85,41,44,11,6,5,94,39,55
WASHINGTON COUNTY,477,21 Years,427,218,209,214,109,105,105,58,47,11,5,6,97,46,51
WASHINGTON COUNTY,477,22 Years,454,235,219,213,105,108,130,69,61,14,7,7,97,54,43
WASHINGTON COUNTY,477,23 Years,617,308,309,288,132,156,193,100,93,22,12,10,114,64,50
WASHINGTON COUNTY,477,24 Years,871,432,439,443,212,231,254,130,124,26,12,14,148,78,70
WASHINGTON COUNTY,477,25 Years,717,386,331,361,185,176,204,116,88,18,8,10,134,77,57
WASHINGTON COUNTY,477,26 Years,471,269,202,247,138,109,116,65,51,12,7,5,96,59,37
WASHINGTON COUNTY,477,27 Years,411,226,185,198,107,91,109,58,51,15,6,9,89,55,34
WASHINGTON COUNTY,477,28 Years,373,197,176,186,97,89,80,37,43,11,3,8,96,60,36
WASHINGTON COUNTY,477,29 Years,351,190,161,176,91,85,75,38,37,6,3,3,94,58,36
WASHINGTON COUNTY,477,30 Years,336,185,151,168,94,74,67,31,36,9,5,4,92,55,37
WASHINGTON COUNTY,477,31 Years,320,159,161,175,90,85,61,25,36,13,6,7,71,38,33
WASHINGTON COUNTY,477,32 Years,333,163,170,180,92,88,58,26,32,15,9,6,80,36,44
WASHINGTON COUNTY,477,33 Years,337,155,182,177,85,92,59,20,39,8,4,4,93,46,47
WASHINGTON COUNTY,477,34 Years,330,155,175,175,87,88,58,18,40,10,5,5,87,45,42
WASHINGTON COUNTY,477,35 Years,344,189,155,189,108,81,58,30,28,8,3,5,89,48,41
WASHINGTON COUNTY,477,36 Years,344,171,173,190,96,94,52,24,28,12,8,4,90,43,47
WASHINGTON COUNTY,477,37 Years,361,179,182,202,98,104,55,26,29,10,4,6,94,51,43
WASHINGTON COUNTY,477,38 Years,336,156,180,190,91,99,59,24,35,5,1,4,82,40,42
WASHINGTON COUNTY,477,39 Years,327,156,171,185,89,96,53,24,29,6,1,5,83,42,41
WASHINGTON COUNTY,477,40 Years,325,153,172,186,85,101,48,20,28,10,6,4,81,42,39
WASHINGTON COUNTY,477,41 Years,327,167,160,184,89,95,58,28,30,11,6,5,74,44,30
WASHINGTON COUNTY,477,42 Years,349,175,174,208,104,104,60,23,37,9,5,4,72,43,29
WASHINGTON COUNTY,477,43 Years,373,190,183,226,113,113,63,30,33,9,4,5,75,43,32
WASHINGTON COUNTY,477,44 Years,381,194,187,241,117,124,58,30,28,9,6,3,73,41,32
WASHINGTON COUNTY,477,45 Years,415,197,218,258,121,137,73,29,44,14,9,5,70,38,32
WASHINGTON COUNTY,477,46 Years,405,198,207,268,127,141,63,30,33,11,6,5,63,35,28
WASHINGTON COUNTY,477,47 Years,375,181,194,239,119,120,61,23,38,13,5,8,62,34,28
WASHINGTON COUNTY,477,48 Years,372,192,180,255,134,121,52,23,29,10,3,7,55,32,23
WASHINGTON COUNTY,477,49 Years,412,212,200,289,145,144,68,38,30,12,6,6,43,23,20
WASHINGTON COUNTY,477,50 Years,439,218,221,309,147,162,74,39,35,9,5,4,47,27,20
WASHINGTON COUNTY,477,51 Years,484,245,239,338,171,167,87,44,43,9,4,5,50,26,24
WASHINGTON COUNTY,477,52 Years,491,262,229,348,183,165,81,42,39,12,7,5,50,30,20
WASHINGTON COUNTY,477,53 Years,469,242,227,332,171,161,82,41,41,9,4,5,46,26,20
WASHINGTON COUNTY,477,54 Years,504,249,255,357,177,180,94,46,48,11,3,8,42,23,19
WASHINGTON COUNTY,477,55 Years,514,256,258,359,173,186,103,56,47,8,3,5,44,24,20
WASHINGTON COUNTY,477,56 Years,491,245,246,354,174,180,97,46,51,8,4,4,32,21,11
WASHINGTON COUNTY,477,57 Years,503,248,255,379,189,190,77,34,43,12,5,7,35,20,15
WASHINGTON COUNTY,477,58 Years,519,255,264,367,177,190,96,49,47,13,7,6,43,22,21
WASHINGTON COUNTY,477,59 Years,495,251,244,354,177,177,90,48,42,10,4,6,41,22,19
WASHINGTON COUNTY,477,60 Years,529,253,276,398,190,208,83,40,43,14,8,6,34,15,19
WASHINGTON COUNTY,477,61 Years,510,247,263,396,192,204,66,33,33,13,5,8,35,17,18
WASHINGTON COUNTY,477,62 Years,491,238,253,390,190,200,60,29,31,6,3,3,35,16,19
WASHINGTON COUNTY,477,63 Years,498,241,257,396,197,199,67,29,38,6,2,4,29,13,16
WASHINGTON COUNTY,477,64 Years,469,221,248,375,179,196,65,28,37,8,3,5,21,11,10
WASHINGTON COUNTY,477,65 Years,461,220,241,363,176,187,67,28,39,13,4,9,18,12,6
WASHINGTON COUNTY,477,66 Years,431,212,219,341,169,172,56,27,29,10,4,6,24,12,12
WASHINGTON COUNTY,477,67 Years,448,216,232,368,183,185,57,22,35,9,3,6,14,8,6
WASHINGTON COUNTY,477,68 Years,459,221,238,380,189,191,50,19,31,7,3,4,22,10,12
WASHINGTON COUNTY,477,69 Years,392,193,199,319,156,163,51,25,26,5,3,2,17,9,8
WASHINGTON COUNTY,477,70 Years,365,185,180,293,150,143,53,22,31,4,4,0,15,9,6
WASHINGTON COUNTY,477,71 Years,382,195,187,314,161,153,46,23,23,3,2,1,19,9,10
WASHINGTON COUNTY,477,72 Years,356,190,166,308,163,145,35,18,17,4,3,1,9,6,3
WASHINGTON COUNTY,477,73 Years,326,151,175,278,130,148,35,14,21,8,4,4,5,3,2
WASHINGTON COUNTY,477,74 Years,309,142,167,267,125,142,31,13,18,4,1,3,7,3,4
WASHINGTON COUNTY,477,75 Years,269,120,149,219,100,119,39,14,25,4,2,2,7,4,3
WASHINGTON COUNTY,477,76 Years,271,119,152,226,101,125,34,12,22,3,1,2,8,5,3
WASHINGTON COUNTY,477,77 Years,248,113,135,208,93,115,29,14,15,3,2,1,8,4,4
WASHINGTON COUNTY,477,78 Years,222,99,123,191,87,104,22,9,13,3,1,2,6,2,4
WASHINGTON COUNTY,477,79 Years,215,90,125,184,80,104,23,7,16,2,1,1,6,2,4
WASHINGTON COUNTY,477,80 Years,200,83,117,175,75,100,21,7,14,0,0,0,4,1,3
WASHINGTON COUNTY,477,81 Years,181,81,100,159,71,88,15,6,9,3,3,0,4,1,3
WASHINGTON COUNTY,477,82 Years,176,74,102,157,67,90,13,5,8,3,1,2,3,1,2
WASHINGTON COUNTY,477,83 Years,156,62,94,139,56,83,12,5,7,0,0,0,5,1,4
WASHINGTON COUNTY,477,84 Years,165,68,97,143,59,84,14,5,9,2,2,0,6,2,4
WASHINGTON COUNTY,477,85 Years +,1061,367,694,943,332,611,87,26,61,12,3,9,19,6,13
WEBB COUNTY,479,All Ages,273536,134071,139465,8699,4786,3913,552,368,184,2134,1083,1051,262151,127834,134317
WEBB COUNTY,479,< 1 Year,5225,2693,2532,184,101,83,21,12,9,18,10,8,5002,2570,2432
WEBB COUNTY,479,1 Years,5286,2741,2545,186,102,84,16,9,7,24,13,11,5060,2617,2443
WEBB COUNTY,479,2 Years,5305,2746,2559,193,91,102,16,8,8,27,16,11,5069,2631,2438
WEBB COUNTY,479,3 Years,5279,2728,2551,196,92,104,13,5,8,28,16,12,5042,2615,2427
WEBB COUNTY,479,4 Years,5237,2663,2574,165,69,96,9,1,8,29,12,17,5034,2581,2453
WEBB COUNTY,479,5 Years,4655,2309,2346,148,77,71,5,4,1,29,13,16,4473,2215,2258
WEBB COUNTY,479,6 Years,4602,2321,2281,144,75,69,5,4,1,35,16,19,4418,2226,2192
WEBB COUNTY,479,7 Years,4717,2392,2325,135,69,66,7,3,4,33,17,16,4542,2303,2239
WEBB COUNTY,479,8 Years,4746,2407,2339,134,63,71,12,9,3,25,13,12,4575,2322,2253
WEBB COUNTY,479,9 Years,4681,2365,2316,132,73,59,6,5,1,32,19,13,4511,2268,2243
WEBB COUNTY,479,10 Years,4877,2544,2333,128,70,58,10,6,4,28,16,12,4711,2452,2259
WEBB COUNTY,479,11 Years,5001,2653,2348,116,67,49,8,7,1,29,13,16,4848,2566,2282
WEBB COUNTY,479,12 Years,5062,2647,2415,111,60,51,8,6,2,30,17,13,4913,2564,2349
WEBB COUNTY,479,13 Years,5294,2756,2538,112,56,56,5,3,2,29,15,14,5148,2682,2466
WEBB COUNTY,479,14 Years,5347,2762,2585,94,48,46,10,5,5,32,16,16,5211,2693,2518
WEBB COUNTY,479,15 Years,5200,2700,2500,102,60,42,9,7,2,31,19,12,5058,2614,2444
WEBB COUNTY,479,16 Years,5068,2607,2461,102,57,45,7,5,2,32,19,13,4927,2526,2401
WEBB COUNTY,479,17 Years,4946,2569,2377,102,52,50,5,2,3,22,12,10,4817,2503,2314
WEBB COUNTY,479,18 Years,4910,2542,2368,96,51,45,8,3,5,20,12,8,4786,2476,2310
WEBB COUNTY,479,19 Years,4855,2491,2364,97,48,49,10,6,4,19,9,10,4729,2428,2301
WEBB COUNTY,479,20 Years,4813,2480,2333,85,36,49,5,3,2,25,13,12,4698,2428,2270
WEBB COUNTY,479,21 Years,4817,2477,2340,96,47,49,7,4,3,30,16,14,4684,2410,2274
WEBB COUNTY,479,22 Years,4826,2446,2380,88,46,42,13,8,5,30,18,12,4695,2374,2321
WEBB COUNTY,479,23 Years,4679,2369,2310,97,50,47,10,6,4,29,18,11,4543,2295,2248
WEBB COUNTY,479,24 Years,4474,2313,2161,105,57,48,2,2,0,26,17,9,4341,2237,2104
WEBB COUNTY,479,25 Years,4144,2098,2046,130,70,60,7,4,3,29,23,6,3978,2001,1977
WEBB COUNTY,479,26 Years,3849,1938,1911,133,78,55,5,5,0,32,21,11,3679,1834,1845
WEBB COUNTY,479,27 Years,3697,1857,1840,114,63,51,8,6,2,36,18,18,3539,1770,1769
WEBB COUNTY,479,28 Years,3569,1778,1791,113,73,40,4,3,1,35,19,16,3417,1683,1734
WEBB COUNTY,479,29 Years,3608,1781,1827,123,69,54,5,4,1,38,19,19,3442,1689,1753
WEBB COUNTY,479,30 Years,3630,1763,1867,134,80,54,8,7,1,47,22,25,3441,1654,1787
WEBB COUNTY,479,31 Years,3587,1727,1860,132,79,53,6,2,4,49,19,30,3400,1627,1773
WEBB COUNTY,479,32 Years,3544,1739,1805,142,87,55,9,4,5,44,17,27,3349,1631,1718
WEBB COUNTY,479,33 Years,3629,1792,1837,137,88,49,8,6,2,38,19,19,3446,1679,1767
WEBB COUNTY,479,34 Years,3679,1773,1906,125,73,52,10,7,3,38,20,18,3506,1673,1833
WEBB COUNTY,479,35 Years,3734,1795,1939,124,72,52,9,7,2,37,20,17,3564,1696,1868
WEBB COUNTY,479,36 Years,3523,1721,1802,114,73,41,6,4,2,37,19,18,3366,1625,1741
WEBB COUNTY,479,37 Years,3391,1648,1743,100,61,39,10,7,3,31,15,16,3250,1565,1685
WEBB COUNTY,479,38 Years,3480,1721,1759,101,64,37,15,12,3,32,15,17,3332,1630,1702
WEBB COUNTY,479,39 Years,3686,1780,1906,101,64,37,8,6,2,45,19,26,3532,1691,1841
WEBB COUNTY,479,40 Years,3694,1741,1953,106,62,44,10,8,2,41,12,29,3537,1659,1878
WEBB COUNTY,479,41 Years,3654,1724,1930,96,53,43,11,8,3,39,16,23,3508,1647,1861
WEBB COUNTY,479,42 Years,3626,1777,1849,110,61,49,11,10,1,28,12,16,3477,1694,1783
WEBB COUNTY,479,43 Years,3642,1739,1903,119,66,53,11,7,4,34,16,18,3478,1650,1828
WEBB COUNTY,479,44 Years,3591,1680,1911,119,80,39,10,9,1,47,20,27,3415,1571,1844
WEBB COUNTY,479,45 Years,3546,1658,1888,122,75,47,8,5,3,48,23,25,3368,1555,1813
WEBB COUNTY,479,46 Years,3383,1622,1761,108,63,45,9,6,3,44,25,19,3222,1528,1694
WEBB COUNTY,479,47 Years,3227,1490,1737,102,56,46,9,5,4,42,24,18,3074,1405,1669
WEBB COUNTY,479,48 Years,3098,1443,1655,121,69,52,6,4,2,32,13,19,2939,1357,1582
WEBB COUNTY,479,49 Years,3020,1419,1601,104,59,45,6,5,1,32,14,18,2878,1341,1537
WEBB COUNTY,479,50 Years,3010,1397,1613,114,66,48,4,3,1,36,18,18,2856,1310,1546
WEBB COUNTY,479,51 Years,2867,1340,1527,108,67,41,5,5,0,31,20,11,2723,1248,1475
WEBB COUNTY,479,52 Years,2841,1367,1474,102,59,43,7,6,1,32,15,17,2700,1287,1413
WEBB COUNTY,479,53 Years,2767,1373,1394,111,62,49,9,7,2,23,11,12,2624,1293,1331
WEBB COUNTY,479,54 Years,2780,1286,1494,131,71,60,8,6,2,21,11,10,2620,1198,1422
WEBB COUNTY,479,55 Years,2748,1328,1420,112,55,57,6,4,2,20,14,6,2610,1255,1355
WEBB COUNTY,479,56 Years,2549,1214,1335,103,55,48,8,6,2,16,7,9,2422,1146,1276
WEBB COUNTY,479,57 Years,2497,1132,1365,108,65,43,9,7,2,19,7,12,2361,1053,1308
WEBB COUNTY,479,58 Years,2479,1115,1364,96,50,46,6,5,1,26,13,13,2351,1047,1304
WEBB COUNTY,479,59 Years,2363,1112,1251,96,53,43,9,4,5,28,15,13,2230,1040,1190
WEBB COUNTY,479,60 Years,2260,1047,1213,95,47,48,6,5,1,24,12,12,2135,983,1152
WEBB COUNTY,479,61 Years,2105,963,1142,85,49,36,5,5,0,19,8,11,1996,901,1095
WEBB COUNTY,479,62 Years,1918,889,1029,93,60,33,3,2,1,16,8,8,1806,819,987
WEBB COUNTY,479,63 Years,1830,811,1019,73,40,33,2,1,1,15,7,8,1740,763,977
WEBB COUNTY,479,64 Years,1772,796,976,83,35,48,2,0,2,14,6,8,1673,755,918
WEBB COUNTY,479,65 Years,1751,782,969,87,41,46,2,0,2,13,6,7,1649,735,914
WEBB COUNTY,479,66 Years,1683,778,905,91,57,34,4,3,1,15,6,9,1573,712,861
WEBB COUNTY,479,67 Years,1714,804,910,89,49,40,3,2,1,20,12,8,1602,741,861
WEBB COUNTY,479,68 Years,1567,704,863,77,39,38,3,2,1,15,8,7,1472,655,817
WEBB COUNTY,479,69 Years,1386,615,771,62,31,31,1,1,0,10,5,5,1313,578,735
WEBB COUNTY,479,70 Years,1345,588,757,66,33,33,1,1,0,13,8,5,1265,546,719
WEBB COUNTY,479,71 Years,1208,512,696,48,27,21,1,1,0,5,2,3,1154,482,672
WEBB COUNTY,479,72 Years,1136,490,646,53,32,21,1,1,0,4,1,3,1078,456,622
WEBB COUNTY,479,73 Years,1103,466,637,54,33,21,2,1,1,6,2,4,1041,430,611
WEBB COUNTY,479,74 Years,1017,452,565,44,25,19,1,1,0,6,4,2,966,422,544
WEBB COUNTY,479,75 Years,948,405,543,44,24,20,1,1,0,4,3,1,899,377,522
WEBB COUNTY,479,76 Years,885,376,509,40,20,20,0,0,0,5,5,0,840,351,489
WEBB COUNTY,479,77 Years,815,339,476,34,20,14,1,1,0,4,4,0,776,314,462
WEBB COUNTY,479,78 Years,732,283,449,32,22,10,1,0,1,5,2,3,694,259,435
WEBB COUNTY,479,79 Years,737,297,440,29,18,11,0,0,0,3,2,1,705,277,428
WEBB COUNTY,479,80 Years,668,268,400,29,18,11,1,0,1,3,1,2,635,249,386
WEBB COUNTY,479,81 Years,575,233,342,21,10,11,0,0,0,2,1,1,552,222,330
WEBB COUNTY,479,82 Years,513,199,314,23,9,14,2,2,0,1,1,0,487,187,300
WEBB COUNTY,479,83 Years,541,209,332,24,13,11,1,1,0,0,0,0,516,195,321
WEBB COUNTY,479,84 Years,482,193,289,18,8,10,0,0,0,1,0,1,463,185,278
WEBB COUNTY,479,85 Years +,2811,983,1828,146,68,78,1,0,1,12,3,9,2652,912,1740
WHARTON COUNTY,481,All Ages,41256,20370,20886,18680,9068,9612,5586,2693,2893,567,293,274,16423,8316,8107
WHARTON COUNTY,481,< 1 Year,595,297,298,186,94,92,77,41,36,16,9,7,316,153,163
WHARTON COUNTY,481,1 Years,579,290,289,186,95,91,73,39,34,17,10,7,303,146,157
WHARTON COUNTY,481,2 Years,556,283,273,185,92,93,68,38,30,14,9,5,289,144,145
WHARTON COUNTY,481,3 Years,556,285,271,188,89,99,69,43,26,13,6,7,286,147,139
WHARTON COUNTY,481,4 Years,565,290,275,188,91,97,69,43,26,14,7,7,294,149,145
WHARTON COUNTY,481,5 Years,582,302,280,195,106,89,68,33,35,16,10,6,303,153,150
WHARTON COUNTY,481,6 Years,559,287,272,185,100,85,73,40,33,10,4,6,291,143,148
WHARTON COUNTY,481,7 Years,592,302,290,197,107,90,89,42,47,11,5,6,295,148,147
WHARTON COUNTY,481,8 Years,600,297,303,189,86,103,84,45,39,14,7,7,313,159,154
WHARTON COUNTY,481,9 Years,585,299,286,181,84,97,64,36,28,14,7,7,326,172,154
WHARTON COUNTY,481,10 Years,601,312,289,183,84,99,74,38,36,18,12,6,326,178,148
WHARTON COUNTY,481,11 Years,641,322,319,222,111,111,71,34,37,14,9,5,334,168,166
WHARTON COUNTY,481,12 Years,621,304,317,211,103,108,81,37,44,10,7,3,319,157,162
WHARTON COUNTY,481,13 Years,628,327,301,211,106,105,82,43,39,7,3,4,328,175,153
WHARTON COUNTY,481,14 Years,599,309,290,213,106,107,82,52,30,4,3,1,300,148,152
WHARTON COUNTY,481,15 Years,631,307,324,230,111,119,95,47,48,4,2,2,302,147,155
WHARTON COUNTY,481,16 Years,582,284,298,207,96,111,72,36,36,7,4,3,296,148,148
WHARTON COUNTY,481,17 Years,586,301,285,198,103,95,84,48,36,8,2,6,296,148,148
WHARTON COUNTY,481,18 Years,572,269,303,184,85,99,82,37,45,7,2,5,299,145,154
WHARTON COUNTY,481,19 Years,518,260,258,180,86,94,75,33,42,6,2,4,257,139,118
WHARTON COUNTY,481,20 Years,492,262,230,184,98,86,74,39,35,5,2,3,229,123,106
WHARTON COUNTY,481,21 Years,573,310,263,193,108,85,79,41,38,8,4,4,293,157,136
WHARTON COUNTY,481,22 Years,592,311,281,193,99,94,81,36,45,9,6,3,309,170,139
WHARTON COUNTY,481,23 Years,534,288,246,172,87,85,86,45,41,9,8,1,267,148,119
WHARTON COUNTY,481,24 Years,554,293,261,189,106,83,97,43,54,11,8,3,257,136,121
WHARTON COUNTY,481,25 Years,572,296,276,187,96,91,95,45,50,9,4,5,281,151,130
WHARTON COUNTY,481,26 Years,508,257,251,196,95,101,70,32,38,8,3,5,234,127,107
WHARTON COUNTY,481,27 Years,449,239,210,168,91,77,62,28,34,6,3,3,213,117,96
WHARTON COUNTY,481,28 Years,458,246,212,168,87,81,60,32,28,3,3,0,227,124,103
WHARTON COUNTY,481,29 Years,471,241,230,159,80,79,67,37,30,5,2,3,240,122,118
WHARTON COUNTY,481,30 Years,455,231,224,157,81,76,58,23,35,6,3,3,234,124,110
WHARTON COUNTY,481,31 Years,481,257,224,184,94,90,73,36,37,6,2,4,218,125,93
WHARTON COUNTY,481,32 Years,476,233,243,178,83,95,75,39,36,6,3,3,217,108,109
WHARTON COUNTY,481,33 Years,486,221,265,191,84,107,62,28,34,9,4,5,224,105,119
WHARTON COUNTY,481,34 Years,475,239,236,193,98,95,59,27,32,6,2,4,217,112,105
WHARTON COUNTY,481,35 Years,461,234,227,187,102,85,59,25,34,4,2,2,211,105,106
WHARTON COUNTY,481,36 Years,492,237,255,204,101,103,80,36,44,3,1,2,205,99,106
WHARTON COUNTY,481,37 Years,467,237,230,183,91,92,67,36,31,3,2,1,214,108,106
WHARTON COUNTY,481,38 Years,461,226,235,186,91,95,68,35,33,6,3,3,201,97,104
WHARTON COUNTY,481,39 Years,459,228,231,170,83,87,61,27,34,5,2,3,223,116,107
WHARTON COUNTY,481,40 Years,431,209,222,183,91,92,57,26,31,4,2,2,187,90,97
WHARTON COUNTY,481,41 Years,435,225,210,189,106,83,52,29,23,5,4,1,189,86,103
WHARTON COUNTY,481,42 Years,414,212,202,169,88,81,50,30,20,7,4,3,188,90,98
WHARTON COUNTY,481,43 Years,464,225,239,198,95,103,51,30,21,6,3,3,209,97,112
WHARTON COUNTY,481,44 Years,480,242,238,207,106,101,63,32,31,7,4,3,203,100,103
WHARTON COUNTY,481,45 Years,491,246,245,232,110,122,60,31,29,5,3,2,194,102,92
WHARTON COUNTY,481,46 Years,437,213,224,201,92,109,49,27,22,3,1,2,184,93,91
WHARTON COUNTY,481,47 Years,465,224,241,200,95,105,52,26,26,5,4,1,208,99,109
WHARTON COUNTY,481,48 Years,500,256,244,233,120,113,62,30,32,5,3,2,200,103,97
WHARTON COUNTY,481,49 Years,511,270,241,245,126,119,70,34,36,3,1,2,193,109,84
WHARTON COUNTY,481,50 Years,538,257,281,263,127,136,78,29,49,5,2,3,192,99,93
WHARTON COUNTY,481,51 Years,557,276,281,286,140,146,66,28,38,6,1,5,199,107,92
WHARTON COUNTY,481,52 Years,560,265,295,288,130,158,76,37,39,8,2,6,188,96,92
WHARTON COUNTY,481,53 Years,537,263,274,283,130,153,80,40,40,6,4,2,168,89,79
WHARTON COUNTY,481,54 Years,574,293,281,308,152,156,88,40,48,8,5,3,170,96,74
WHARTON COUNTY,481,55 Years,576,283,293,324,160,164,87,40,47,6,4,2,159,79,80
WHARTON COUNTY,481,56 Years,589,295,294,330,164,166,99,49,50,6,3,3,154,79,75
WHARTON COUNTY,481,57 Years,583,291,292,328,160,168,91,46,45,4,2,2,160,83,77
WHARTON COUNTY,481,58 Years,604,280,324,344,166,178,84,37,47,4,1,3,172,76,96
WHARTON COUNTY,481,59 Years,619,304,315,359,176,183,83,40,43,8,3,5,169,85,84
WHARTON COUNTY,481,60 Years,582,278,304,317,142,175,91,46,45,6,3,3,168,87,81
WHARTON COUNTY,481,61 Years,550,274,276,326,165,161,85,38,47,5,3,2,134,68,66
WHARTON COUNTY,481,62 Years,526,271,255,317,164,153,70,34,36,8,4,4,131,69,62
WHARTON COUNTY,481,63 Years,503,261,242,318,169,149,57,28,29,5,1,4,123,63,60
WHARTON COUNTY,481,64 Years,524,266,258,319,161,158,67,32,35,6,3,3,132,70,62
WHARTON COUNTY,481,65 Years,495,244,251,300,150,150,66,30,36,8,4,4,121,60,61
WHARTON COUNTY,481,66 Years,455,226,229,293,149,144,58,21,37,5,3,2,99,53,46
WHARTON COUNTY,481,67 Years,429,210,219,265,132,133,59,25,34,7,3,4,98,50,48
WHARTON COUNTY,481,68 Years,397,190,207,265,124,141,49,21,28,7,3,4,76,42,34
WHARTON COUNTY,481,69 Years,341,157,184,222,104,118,42,18,24,6,3,3,71,32,39
WHARTON COUNTY,481,70 Years,339,157,182,217,101,116,47,24,23,3,2,1,72,30,42
WHARTON COUNTY,481,71 Years,322,157,165,218,112,106,42,17,25,4,2,2,58,26,32
WHARTON COUNTY,481,72 Years,310,150,160,208,110,98,42,17,25,6,1,5,54,22,32
WHARTON COUNTY,481,73 Years,302,137,165,200,96,104,43,15,28,6,2,4,53,24,29
WHARTON COUNTY,481,74 Years,283,127,156,178,83,95,44,17,27,2,1,1,59,26,33
WHARTON COUNTY,481,75 Years,241,108,133,159,70,89,32,16,16,1,1,0,49,21,28
WHARTON COUNTY,481,76 Years,239,101,138,154,65,89,32,13,19,4,3,1,49,20,29
WHARTON COUNTY,481,77 Years,248,111,137,164,75,89,39,20,19,2,1,1,43,15,28
WHARTON COUNTY,481,78 Years,223,99,124,153,71,82,32,13,19,2,2,0,36,13,23
WHARTON COUNTY,481,79 Years,204,78,126,140,57,83,24,7,17,1,1,0,39,13,26
WHARTON COUNTY,481,80 Years,187,78,109,132,59,73,25,8,17,0,0,0,30,11,19
WHARTON COUNTY,481,81 Years,179,72,107,123,52,71,24,7,17,1,0,1,31,13,18
WHARTON COUNTY,481,82 Years,163,70,93,116,51,65,24,9,15,0,0,0,23,10,13
WHARTON COUNTY,481,83 Years,146,59,87,107,45,62,19,7,12,0,0,0,20,7,13
WHARTON COUNTY,481,84 Years,152,51,101,110,35,75,13,4,9,1,0,1,28,12,16
WHARTON COUNTY,481,85 Years +,887,296,591,628,202,426,97,30,67,9,4,5,153,60,93
WHEELER COUNTY,483,All Ages,5740,2858,2882,3761,1852,1909,126,64,62,133,52,81,1720,890,830
WHEELER COUNTY,483,< 1 Year,79,44,35,36,18,18,2,1,1,5,3,2,36,22,14
WHEELER COUNTY,483,1 Years,79,40,39,33,16,17,2,1,1,7,3,4,37,20,17
WHEELER COUNTY,483,2 Years,75,37,38,27,14,13,2,1,1,8,3,5,38,19,19
WHEELER COUNTY,483,3 Years,64,33,31,27,15,12,1,1,0,3,1,2,33,16,17
WHEELER COUNTY,483,4 Years,70,38,32,28,16,12,2,2,0,0,0,0,40,20,20
WHEELER COUNTY,483,5 Years,77,44,33,34,17,17,0,0,0,3,1,2,40,26,14
WHEELER COUNTY,483,6 Years,85,50,35,35,19,16,0,0,0,4,1,3,46,30,16
WHEELER COUNTY,483,7 Years,86,46,40,33,18,15,2,2,0,3,1,2,48,25,23
WHEELER COUNTY,483,8 Years,84,39,45,29,15,14,1,0,1,2,0,2,52,24,28
WHEELER COUNTY,483,9 Years,90,43,47,34,17,17,2,2,0,3,1,2,51,23,28
WHEELER COUNTY,483,10 Years,93,49,44,44,28,16,5,2,3,3,2,1,41,17,24
WHEELER COUNTY,483,11 Years,84,38,46,40,20,20,3,1,2,4,2,2,37,15,22
WHEELER COUNTY,483,12 Years,87,47,40,40,22,18,3,2,1,1,1,0,43,22,21
WHEELER COUNTY,483,13 Years,77,47,30,33,22,11,3,1,2,0,0,0,41,24,17
WHEELER COUNTY,483,14 Years,66,35,31,33,17,16,1,0,1,2,0,2,30,18,12
WHEELER COUNTY,483,15 Years,78,37,41,44,23,21,2,1,1,1,0,1,31,13,18
WHEELER COUNTY,483,16 Years,77,41,36,41,24,17,1,0,1,1,0,1,34,17,17
WHEELER COUNTY,483,17 Years,77,40,37,39,21,18,2,1,1,2,2,0,34,16,18
WHEELER COUNTY,483,18 Years,76,36,40,40,21,19,4,1,3,3,1,2,29,13,16
WHEELER COUNTY,483,19 Years,76,34,42,45,20,25,3,1,2,1,0,1,27,13,14
WHEELER COUNTY,483,20 Years,66,30,36,36,16,20,1,0,1,0,0,0,29,14,15
WHEELER COUNTY,483,21 Years,67,28,39,41,18,23,1,0,1,2,0,2,23,10,13
WHEELER COUNTY,483,22 Years,79,44,35,48,27,21,3,1,2,1,0,1,27,16,11
WHEELER COUNTY,483,23 Years,85,44,41,53,29,24,3,1,2,2,0,2,27,14,13
WHEELER COUNTY,483,24 Years,63,32,31,32,16,16,3,1,2,3,2,1,25,13,12
WHEELER COUNTY,483,25 Years,46,25,21,30,16,14,1,1,0,2,1,1,13,7,6
WHEELER COUNTY,483,26 Years,42,19,23,26,11,15,1,1,0,0,0,0,15,7,8
WHEELER COUNTY,483,27 Years,50,19,31,29,10,19,3,1,2,0,0,0,18,8,10
WHEELER COUNTY,483,28 Years,63,38,25,38,22,16,4,1,3,0,0,0,21,15,6
WHEELER COUNTY,483,29 Years,64,34,30,37,17,20,2,1,1,0,0,0,25,16,9
WHEELER COUNTY,483,30 Years,68,29,39,44,19,25,1,0,1,0,0,0,23,10,13
WHEELER COUNTY,483,31 Years,71,32,39,46,22,24,2,0,2,1,0,1,22,10,12
WHEELER COUNTY,483,32 Years,73,38,35,43,22,21,2,1,1,2,0,2,26,15,11
WHEELER COUNTY,483,33 Years,70,32,38,35,17,18,1,1,0,3,1,2,31,13,18
WHEELER COUNTY,483,34 Years,68,32,36,37,17,20,0,0,0,1,1,0,30,14,16
WHEELER COUNTY,483,35 Years,72,35,37,39,20,19,0,0,0,1,1,0,32,14,18
WHEELER COUNTY,483,36 Years,60,34,26,32,17,15,3,3,0,1,1,0,24,13,11
WHEELER COUNTY,483,37 Years,51,27,24,25,11,14,2,2,0,0,0,0,24,14,10
WHEELER COUNTY,483,38 Years,62,29,33,29,10,19,2,2,0,1,1,0,30,16,14
WHEELER COUNTY,483,39 Years,69,35,34,30,13,17,1,1,0,1,1,0,37,20,17
WHEELER COUNTY,483,40 Years,78,45,33,45,24,21,0,0,0,1,0,1,32,21,11
WHEELER COUNTY,483,41 Years,68,40,28,40,25,15,2,0,2,1,1,0,25,14,11
WHEELER COUNTY,483,42 Years,65,30,35,42,20,22,2,1,1,1,0,1,20,9,11
WHEELER COUNTY,483,43 Years,62,33,29,35,20,15,3,2,1,0,0,0,24,11,13
WHEELER COUNTY,483,44 Years,68,32,36,45,22,23,1,1,0,0,0,0,22,9,13
WHEELER COUNTY,483,45 Years,62,29,33,41,18,23,0,0,0,0,0,0,21,11,10
WHEELER COUNTY,483,46 Years,63,35,28,42,21,21,0,0,0,0,0,0,21,14,7
WHEELER COUNTY,483,47 Years,57,34,23,37,22,15,1,0,1,0,0,0,19,12,7
WHEELER COUNTY,483,48 Years,57,33,24,45,28,17,1,1,0,0,0,0,11,4,7
WHEELER COUNTY,483,49 Years,52,30,22,33,20,13,3,2,1,1,1,0,15,7,8
WHEELER COUNTY,483,50 Years,57,28,29,37,17,20,2,2,0,0,0,0,18,9,9
WHEELER COUNTY,483,51 Years,63,27,36,42,19,23,2,2,0,2,0,2,17,6,11
WHEELER COUNTY,483,52 Years,69,34,35,53,27,26,2,2,0,1,0,1,13,5,8
WHEELER COUNTY,483,53 Years,75,35,40,58,26,32,3,1,2,2,1,1,12,7,5
WHEELER COUNTY,483,54 Years,74,35,39,55,24,31,2,0,2,3,2,1,14,9,5
WHEELER COUNTY,483,55 Years,73,32,41,61,24,37,1,1,0,2,1,1,9,6,3
WHEELER COUNTY,483,56 Years,79,38,41,68,35,33,2,2,0,0,0,0,9,1,8
WHEELER COUNTY,483,57 Years,81,34,47,71,31,40,1,1,0,1,0,1,8,2,6
WHEELER COUNTY,483,58 Years,87,48,39,74,41,33,2,0,2,1,0,1,10,7,3
WHEELER COUNTY,483,59 Years,91,41,50,81,36,45,2,1,1,1,0,1,7,4,3
WHEELER COUNTY,483,60 Years,93,48,45,83,43,40,1,1,0,1,0,1,8,4,4
WHEELER COUNTY,483,61 Years,78,41,37,65,34,31,0,0,0,2,0,2,11,7,4
WHEELER COUNTY,483,62 Years,69,37,32,55,27,28,2,1,1,4,3,1,8,6,2
WHEELER COUNTY,483,63 Years,72,40,32,64,35,29,1,0,1,3,2,1,4,3,1
WHEELER COUNTY,483,64 Years,71,36,35,61,30,31,0,0,0,2,0,2,8,6,2
WHEELER COUNTY,483,65 Years,66,34,32,57,29,28,0,0,0,1,0,1,8,5,3
WHEELER COUNTY,483,66 Years,65,35,30,59,30,29,0,0,0,1,1,0,5,4,1
WHEELER COUNTY,483,67 Years,70,37,33,61,32,29,1,0,1,2,2,0,6,3,3
WHEELER COUNTY,483,68 Years,71,34,37,62,32,30,0,0,0,2,0,2,7,2,5
WHEELER COUNTY,483,69 Years,62,29,33,55,27,28,0,0,0,2,0,2,5,2,3
WHEELER COUNTY,483,70 Years,61,31,30,52,24,28,0,0,0,2,2,0,7,5,2
WHEELER COUNTY,483,71 Years,64,30,34,55,25,30,0,0,0,1,0,1,8,5,3
WHEELER COUNTY,483,72 Years,61,25,36,53,23,30,1,0,1,2,0,2,5,2,3
WHEELER COUNTY,483,73 Years,55,22,33,48,20,28,1,1,0,3,0,3,3,1,2
WHEELER COUNTY,483,74 Years,55,29,26,51,27,24,1,1,0,1,0,1,2,1,1
WHEELER COUNTY,483,75 Years,45,21,24,40,18,22,1,0,1,2,2,0,2,1,1
WHEELER COUNTY,483,76 Years,50,26,24,43,23,20,1,0,1,3,1,2,3,2,1
WHEELER COUNTY,483,77 Years,41,20,21,36,16,20,1,1,0,3,2,1,1,1,0
WHEELER COUNTY,483,78 Years,36,19,17,35,18,17,0,0,0,0,0,0,1,1,0
WHEELER COUNTY,483,79 Years,36,14,22,33,12,21,0,0,0,0,0,0,3,2,1
WHEELER COUNTY,483,80 Years,34,11,23,31,11,20,1,0,1,0,0,0,2,0,2
WHEELER COUNTY,483,81 Years,29,14,15,28,14,14,1,0,1,0,0,0,0,0,0
WHEELER COUNTY,483,82 Years,29,12,17,28,11,17,1,1,0,0,0,0,0,0,0
WHEELER COUNTY,483,83 Years,28,14,14,24,11,13,0,0,0,0,0,0,4,3,1
WHEELER COUNTY,483,84 Years,23,13,10,19,11,8,1,1,0,0,0,0,3,1,2
WHEELER COUNTY,483,85 Years +,126,39,87,113,36,77,2,0,2,2,0,2,9,3,6
WICHITA COUNTY,485,All Ages,132326,68046,64280,85729,43275,42454,13576,7420,6156,7443,3668,3775,25578,13683,11895
WICHITA COUNTY,485,< 1 Year,1778,912,866,953,490,463,172,86,86,147,77,70,506,259,247
WICHITA COUNTY,485,1 Years,1796,909,887,959,489,470,174,87,87,139,66,73,524,267,257
WICHITA COUNTY,485,2 Years,1807,903,904,978,503,475,168,83,85,140,58,82,521,259,262
WICHITA COUNTY,485,3 Years,1811,913,898,966,510,456,176,83,93,149,63,86,520,257,263
WICHITA COUNTY,485,4 Years,1847,952,895,986,531,455,177,83,94,168,84,84,516,254,262
WICHITA COUNTY,485,5 Years,1815,943,872,966,511,455,183,77,106,153,85,68,513,270,243
WICHITA COUNTY,485,6 Years,1772,948,824,917,494,423,173,89,84,152,80,72,530,285,245
WICHITA COUNTY,485,7 Years,1780,933,847,953,510,443,167,71,96,151,85,66,509,267,242
WICHITA COUNTY,485,8 Years,1769,892,877,926,472,454,188,84,104,140,74,66,515,262,253
WICHITA COUNTY,485,9 Years,1771,887,884,931,461,470,163,71,92,149,82,67,528,273,255
WICHITA COUNTY,485,10 Years,1701,871,830,898,449,449,156,83,73,140,75,65,507,264,243
WICHITA COUNTY,485,11 Years,1648,820,828,869,418,451,167,88,79,128,64,64,484,250,234
WICHITA COUNTY,485,12 Years,1617,795,822,848,402,446,169,87,82,124,70,54,476,236,240
WICHITA COUNTY,485,13 Years,1658,826,832,894,443,451,183,81,102,121,61,60,460,241,219
WICHITA COUNTY,485,14 Years,1612,804,808,850,435,415,167,79,88,112,51,61,483,239,244
WICHITA COUNTY,485,15 Years,1612,831,781,854,451,403,163,80,83,102,51,51,493,249,244
WICHITA COUNTY,485,16 Years,1618,846,772,896,466,430,151,78,73,115,60,55,456,242,214
WICHITA COUNTY,485,17 Years,1858,965,893,1029,526,503,189,108,81,128,62,66,512,269,243
WICHITA COUNTY,485,18 Years,2299,1293,1006,1386,774,612,257,159,98,138,74,64,518,286,232
WICHITA COUNTY,485,19 Years,2786,1682,1104,1745,1081,664,358,219,139,166,99,67,517,283,234
WICHITA COUNTY,485,20 Years,2445,1414,1031,1473,856,617,347,207,140,143,86,57,482,265,217
WICHITA COUNTY,485,21 Years,2287,1299,988,1345,790,555,305,151,154,148,83,65,489,275,214
WICHITA COUNTY,485,22 Years,2220,1220,1000,1269,719,550,307,152,155,161,77,84,483,272,211
WICHITA COUNTY,485,23 Years,2368,1370,998,1339,790,549,335,197,138,169,88,81,525,295,230
WICHITA COUNTY,485,24 Years,2562,1502,1060,1488,899,589,330,195,135,174,94,80,570,314,256
WICHITA COUNTY,485,25 Years,2461,1378,1083,1559,872,687,258,145,113,148,83,65,496,278,218
WICHITA COUNTY,485,26 Years,2300,1251,1049,1474,777,697,252,151,101,138,77,61,436,246,190
WICHITA COUNTY,485,27 Years,2233,1239,994,1464,779,685,229,139,90,121,74,47,419,247,172
WICHITA COUNTY,485,28 Years,2096,1120,976,1312,657,655,263,164,99,102,57,45,419,242,177
WICHITA COUNTY,485,29 Years,1962,1059,903,1175,599,576,239,143,96,103,60,43,445,257,188
WICHITA COUNTY,485,30 Years,1849,1011,838,1106,577,529,238,143,95,99,52,47,406,239,167
WICHITA COUNTY,485,31 Years,1691,879,812,1002,493,509,215,119,96,96,48,48,378,219,159
WICHITA COUNTY,485,32 Years,1652,869,783,962,475,487,231,145,86,76,33,43,383,216,167
WICHITA COUNTY,485,33 Years,1563,830,733,901,443,458,191,118,73,76,40,36,395,229,166
WICHITA COUNTY,485,34 Years,1606,861,745,915,467,448,203,117,86,98,48,50,390,229,161
WICHITA COUNTY,485,35 Years,1597,856,741,893,456,437,222,133,89,95,43,52,387,224,163
WICHITA COUNTY,485,36 Years,1569,842,727,886,441,445,201,121,80,89,43,46,393,237,156
WICHITA COUNTY,485,37 Years,1479,776,703,894,448,446,176,99,77,87,40,47,322,189,133
WICHITA COUNTY,485,38 Years,1489,804,685,895,474,421,187,104,83,86,42,44,321,184,137
WICHITA COUNTY,485,39 Years,1484,810,674,912,479,433,173,117,56,94,42,52,305,172,133
WICHITA COUNTY,485,40 Years,1466,776,690,910,463,447,157,98,59,90,40,50,309,175,134
WICHITA COUNTY,485,41 Years,1364,734,630,847,460,387,166,88,78,86,39,47,265,147,118
WICHITA COUNTY,485,42 Years,1400,737,663,908,467,441,151,94,57,76,31,45,265,145,120
WICHITA COUNTY,485,43 Years,1429,736,693,926,453,473,160,103,57,81,40,41,262,140,122
WICHITA COUNTY,485,44 Years,1479,754,725,990,491,499,130,77,53,85,38,47,274,148,126
WICHITA COUNTY,485,45 Years,1506,792,714,999,522,477,143,86,57,81,35,46,283,149,134
WICHITA COUNTY,485,46 Years,1401,756,645,902,483,419,169,107,62,70,32,38,260,134,126
WICHITA COUNTY,485,47 Years,1370,721,649,886,457,429,162,104,58,58,31,27,264,129,135
WICHITA COUNTY,485,48 Years,1417,750,667,935,478,457,148,94,54,60,32,28,274,146,128
WICHITA COUNTY,485,49 Years,1465,784,681,961,495,466,189,124,65,73,34,39,242,131,111
WICHITA COUNTY,485,50 Years,1615,848,767,1118,576,542,172,100,72,77,33,44,248,139,109
WICHITA COUNTY,485,51 Years,1618,841,777,1131,571,560,164,102,62,81,36,45,242,132,110
WICHITA COUNTY,485,52 Years,1675,833,842,1190,574,616,157,93,64,87,35,52,241,131,110
WICHITA COUNTY,485,53 Years,1749,863,886,1270,603,667,175,98,77,80,40,40,224,122,102
WICHITA COUNTY,485,54 Years,1814,946,868,1333,694,639,179,89,90,70,34,36,232,129,103
WICHITA COUNTY,485,55 Years,1715,887,828,1263,653,610,157,76,81,76,37,39,219,121,98
WICHITA COUNTY,485,56 Years,1670,828,842,1233,615,618,166,82,84,63,27,36,208,104,104
WICHITA COUNTY,485,57 Years,1734,848,886,1302,624,678,152,82,70,69,29,40,211,113,98
WICHITA COUNTY,485,58 Years,1685,813,872,1274,599,675,137,72,65,71,30,41,203,112,91
WICHITA COUNTY,485,59 Years,1613,787,826,1242,602,640,143,68,75,56,22,34,172,95,77
WICHITA COUNTY,485,60 Years,1607,808,799,1237,613,624,144,85,59,63,29,34,163,81,82
WICHITA COUNTY,485,61 Years,1546,773,773,1197,580,617,129,80,49,65,32,33,155,81,74
WICHITA COUNTY,485,62 Years,1474,739,735,1130,562,568,128,61,67,60,32,28,156,84,72
WICHITA COUNTY,485,63 Years,1384,686,698,1060,519,541,118,65,53,51,24,27,155,78,77
WICHITA COUNTY,485,64 Years,1301,610,691,994,464,530,119,58,61,58,24,34,130,64,66
WICHITA COUNTY,485,65 Years,1246,612,634,978,488,490,101,50,51,48,17,31,119,57,62
WICHITA COUNTY,485,66 Years,1175,573,602,929,457,472,82,40,42,45,16,29,119,60,59
WICHITA COUNTY,485,67 Years,1178,587,591,935,463,472,73,39,34,54,25,29,116,60,56
WICHITA COUNTY,485,68 Years,1172,560,612,962,465,497,64,25,39,43,20,23,103,50,53
WICHITA COUNTY,485,69 Years,937,443,494,758,366,392,67,25,42,29,14,15,83,38,45
WICHITA COUNTY,485,70 Years,910,447,463,731,365,366,63,31,32,30,10,20,86,41,45
WICHITA COUNTY,485,71 Years,919,409,510,745,329,416,57,26,31,35,15,20,82,39,43
WICHITA COUNTY,485,72 Years,871,386,485,730,329,401,45,19,26,27,11,16,69,27,42
WICHITA COUNTY,485,73 Years,812,352,460,675,296,379,49,22,27,25,10,15,63,24,39
WICHITA COUNTY,485,74 Years,789,336,453,648,271,377,53,30,23,26,9,17,62,26,36
WICHITA COUNTY,485,75 Years,706,300,406,587,258,329,46,16,30,16,3,13,57,23,34
WICHITA COUNTY,485,76 Years,692,282,410,582,237,345,53,23,30,16,5,11,41,17,24
WICHITA COUNTY,485,77 Years,687,282,405,573,241,332,48,14,34,21,8,13,45,19,26
WICHITA COUNTY,485,78 Years,654,282,372,550,245,305,34,10,24,25,8,17,45,19,26
WICHITA COUNTY,485,79 Years,637,262,375,531,216,315,37,16,21,21,10,11,48,20,28
WICHITA COUNTY,485,80 Years,642,272,370,546,230,316,30,16,14,17,7,10,49,19,30
WICHITA COUNTY,485,81 Years,605,260,345,522,224,298,33,17,16,16,4,12,34,15,19
WICHITA COUNTY,485,82 Years,540,224,316,458,191,267,37,17,20,20,6,14,25,10,15
WICHITA COUNTY,485,83 Years,508,202,306,439,180,259,32,11,21,13,3,10,24,8,16
WICHITA COUNTY,485,84 Years,453,188,265,391,165,226,33,11,22,12,5,7,17,7,10
WICHITA COUNTY,485,85 Years +,2428,822,1606,2153,734,1419,121,40,81,52,15,37,102,33,69
WILBARGER COUNTY,487,All Ages,12568,6335,6233,7439,3714,3725,997,533,464,406,194,212,3726,1894,1832
WILBARGER COUNTY,487,< 1 Year,178,91,87,61,36,25,13,5,8,18,7,11,86,43,43
WILBARGER COUNTY,487,1 Years,177,92,85,65,39,26,12,6,6,15,6,9,85,41,44
WILBARGER COUNTY,487,2 Years,172,90,82,68,39,29,9,4,5,9,4,5,86,43,43
WILBARGER COUNTY,487,3 Years,178,87,91,74,38,36,10,4,6,8,2,6,86,43,43
WILBARGER COUNTY,487,4 Years,188,92,96,75,35,40,10,5,5,7,1,6,96,51,45
WILBARGER COUNTY,487,5 Years,190,91,99,77,39,38,13,7,6,6,5,1,94,40,54
WILBARGER COUNTY,487,6 Years,184,96,88,83,42,41,12,9,3,6,3,3,83,42,41
WILBARGER COUNTY,487,7 Years,174,85,89,71,37,34,15,8,7,9,6,3,79,34,45
WILBARGER COUNTY,487,8 Years,172,77,95,71,31,40,16,8,8,9,7,2,76,31,45
WILBARGER COUNTY,487,9 Years,178,87,91,78,39,39,12,3,9,9,5,4,79,40,39
WILBARGER COUNTY,487,10 Years,169,86,83,74,39,35,11,4,7,7,3,4,77,40,37
WILBARGER COUNTY,487,11 Years,184,101,83,83,49,34,10,4,6,6,2,4,85,46,39
WILBARGER COUNTY,487,12 Years,182,97,85,77,43,34,24,13,11,8,4,4,73,37,36
WILBARGER COUNTY,487,13 Years,185,96,89,85,45,40,19,12,7,7,5,2,74,34,40
WILBARGER COUNTY,487,14 Years,168,87,81,83,44,39,18,9,9,6,5,1,61,29,32
WILBARGER COUNTY,487,15 Years,165,85,80,82,44,38,15,7,8,5,3,2,63,31,32
WILBARGER COUNTY,487,16 Years,151,84,67,72,40,32,12,7,5,6,5,1,61,32,29
WILBARGER COUNTY,487,17 Years,154,87,67,77,41,36,14,9,5,5,5,0,58,32,26
WILBARGER COUNTY,487,18 Years,156,81,75,83,45,38,14,6,8,4,2,2,55,28,27
WILBARGER COUNTY,487,19 Years,149,75,74,76,41,35,12,5,7,4,2,2,57,27,30
WILBARGER COUNTY,487,20 Years,145,77,68,72,39,33,12,7,5,5,4,1,56,27,29
WILBARGER COUNTY,487,21 Years,176,95,81,87,43,44,16,11,5,7,4,3,66,37,29
WILBARGER COUNTY,487,22 Years,203,117,86,100,54,46,20,14,6,9,5,4,74,44,30
WILBARGER COUNTY,487,23 Years,182,103,79,90,47,43,18,11,7,4,1,3,70,44,26
WILBARGER COUNTY,487,24 Years,188,100,88,106,54,52,14,8,6,5,5,0,63,33,30
WILBARGER COUNTY,487,25 Years,197,106,91,117,63,54,20,14,6,6,3,3,54,26,28
WILBARGER COUNTY,487,26 Years,165,82,83,94,47,47,13,8,5,2,0,2,56,27,29
WILBARGER COUNTY,487,27 Years,154,80,74,78,37,41,12,7,5,2,1,1,62,35,27
WILBARGER COUNTY,487,28 Years,151,72,79,72,31,41,11,5,6,5,2,3,63,34,29
WILBARGER COUNTY,487,29 Years,160,81,79,79,42,37,19,8,11,3,0,3,59,31,28
WILBARGER COUNTY,487,30 Years,151,80,71,76,41,35,19,9,10,3,1,2,53,29,24
WILBARGER COUNTY,487,31 Years,155,83,72,84,40,44,9,6,3,5,3,2,57,34,23
WILBARGER COUNTY,487,32 Years,149,77,72,81,45,36,12,7,5,4,1,3,52,24,28
WILBARGER COUNTY,487,33 Years,138,70,68,76,41,35,10,4,6,6,0,6,46,25,21
WILBARGER COUNTY,487,34 Years,132,61,71,81,36,45,8,4,4,5,1,4,38,20,18
WILBARGER COUNTY,487,35 Years,128,68,60,79,41,38,12,5,7,2,2,0,35,20,15
WILBARGER COUNTY,487,36 Years,137,72,65,84,47,37,12,6,6,5,1,4,36,18,18
WILBARGER COUNTY,487,37 Years,134,72,62,74,45,29,12,6,6,5,1,4,43,20,23
WILBARGER COUNTY,487,38 Years,134,69,65,77,38,39,13,7,6,2,2,0,42,22,20
WILBARGER COUNTY,487,39 Years,123,58,65,68,34,34,11,7,4,4,1,3,40,16,24
WILBARGER COUNTY,487,40 Years,115,57,58,67,32,35,10,7,3,2,1,1,36,17,19
WILBARGER COUNTY,487,41 Years,116,53,63,66,29,37,11,7,4,2,2,0,37,15,22
WILBARGER COUNTY,487,42 Years,135,72,63,79,44,35,12,7,5,4,3,1,40,18,22
WILBARGER COUNTY,487,43 Years,129,65,64,77,39,38,9,5,4,6,2,4,37,19,18
WILBARGER COUNTY,487,44 Years,143,66,77,90,44,46,9,3,6,6,2,4,38,17,21
WILBARGER COUNTY,487,45 Years,129,62,67,73,37,36,12,6,6,7,3,4,37,16,21
WILBARGER COUNTY,487,46 Years,119,54,65,71,31,40,14,7,7,4,1,3,30,15,15
WILBARGER COUNTY,487,47 Years,134,69,65,78,40,38,11,6,5,7,3,4,38,20,18
WILBARGER COUNTY,487,48 Years,145,86,59,93,57,36,13,6,7,4,3,1,35,20,15
WILBARGER COUNTY,487,49 Years,156,88,68,105,59,46,12,6,6,2,2,0,37,21,16
WILBARGER COUNTY,487,50 Years,161,85,76,107,56,51,10,7,3,5,2,3,39,20,19
WILBARGER COUNTY,487,51 Years,162,90,72,108,56,52,11,7,4,5,3,2,38,24,14
WILBARGER COUNTY,487,52 Years,178,86,92,124,54,70,14,9,5,4,0,4,36,23,13
WILBARGER COUNTY,487,53 Years,185,87,98,125,57,68,14,9,5,7,2,5,39,19,20
WILBARGER COUNTY,487,54 Years,195,90,105,133,56,77,12,7,5,7,4,3,43,23,20
WILBARGER COUNTY,487,55 Years,192,105,87,126,68,58,16,9,7,3,3,0,47,25,22
WILBARGER COUNTY,487,56 Years,178,95,83,117,61,56,17,9,8,6,4,2,38,21,17
WILBARGER COUNTY,487,57 Years,179,90,89,128,67,61,15,7,8,5,3,2,31,13,18
WILBARGER COUNTY,487,58 Years,163,78,85,114,55,59,15,9,6,4,1,3,30,13,17
WILBARGER COUNTY,487,59 Years,171,95,76,118,64,54,16,11,5,6,2,4,31,18,13
WILBARGER COUNTY,487,60 Years,176,93,83,124,62,62,19,13,6,7,2,5,26,16,10
WILBARGER COUNTY,487,61 Years,181,90,91,127,62,65,16,8,8,6,4,2,32,16,16
WILBARGER COUNTY,487,62 Years,166,81,85,124,58,66,12,6,6,2,1,1,28,16,12
WILBARGER COUNTY,487,63 Years,154,76,78,115,57,58,9,5,4,5,2,3,25,12,13
WILBARGER COUNTY,487,64 Years,143,70,73,101,48,53,14,8,6,4,1,3,24,13,11
WILBARGER COUNTY,487,65 Years,125,59,66,90,42,48,11,6,5,2,1,1,22,10,12
WILBARGER COUNTY,487,66 Years,127,63,64,91,48,43,10,4,6,5,2,3,21,9,12
WILBARGER COUNTY,487,67 Years,152,71,81,114,52,62,7,3,4,5,2,3,26,14,12
WILBARGER COUNTY,487,68 Years,138,71,67,109,51,58,6,5,1,5,2,3,18,13,5
WILBARGER COUNTY,487,69 Years,122,57,65,89,41,48,8,3,5,3,1,2,22,12,10
WILBARGER COUNTY,487,70 Years,121,61,60,90,44,46,11,6,5,2,1,1,18,10,8
WILBARGER COUNTY,487,71 Years,111,52,59,89,43,46,6,2,4,1,0,1,15,7,8
WILBARGER COUNTY,487,72 Years,96,43,53,84,37,47,4,2,2,0,0,0,8,4,4
WILBARGER COUNTY,487,73 Years,93,44,49,77,40,37,4,0,4,1,0,1,11,4,7
WILBARGER COUNTY,487,74 Years,91,44,47,72,34,38,4,2,2,1,0,1,14,8,6
WILBARGER COUNTY,487,75 Years,85,42,43,72,36,36,5,2,3,0,0,0,8,4,4
WILBARGER COUNTY,487,76 Years,78,41,37,62,34,28,4,1,3,2,1,1,10,5,5
WILBARGER COUNTY,487,77 Years,68,38,30,56,32,24,2,1,1,1,1,0,9,4,5
WILBARGER COUNTY,487,78 Years,63,32,31,52,25,27,1,1,0,2,1,1,8,5,3
WILBARGER COUNTY,487,79 Years,68,29,39,53,23,30,6,3,3,1,0,1,8,3,5
WILBARGER COUNTY,487,80 Years,70,32,38,57,24,33,5,2,3,1,0,1,7,6,1
WILBARGER COUNTY,487,81 Years,62,25,37,49,18,31,6,4,2,0,0,0,7,3,4
WILBARGER COUNTY,487,82 Years,54,23,31,44,17,27,5,3,2,0,0,0,5,3,2
WILBARGER COUNTY,487,83 Years,46,13,33,38,10,28,3,1,2,2,1,1,3,1,2
WILBARGER COUNTY,487,84 Years,45,15,30,36,13,23,4,1,3,0,0,0,5,1,4
WILBARGER COUNTY,487,85 Years +,292,107,185,235,86,149,18,8,10,9,5,4,30,8,22
WILLACY COUNTY,489,All Ages,21662,11831,9831,2095,1133,962,349,318,31,205,147,58,19013,10233,8780
WILLACY COUNTY,489,< 1 Year,325,164,161,21,6,15,0,0,0,3,2,1,301,156,145
WILLACY COUNTY,489,1 Years,331,169,162,22,9,13,2,1,1,3,2,1,304,157,147
WILLACY COUNTY,489,2 Years,348,182,166,25,12,13,0,0,0,5,4,1,318,166,152
WILLACY COUNTY,489,3 Years,350,178,172,31,15,16,0,0,0,0,0,0,319,163,156
WILLACY COUNTY,489,4 Years,368,189,179,34,18,16,0,0,0,0,0,0,334,171,163
WILLACY COUNTY,489,5 Years,334,161,173,29,10,19,2,0,2,2,0,2,301,151,150
WILLACY COUNTY,489,6 Years,270,138,132,21,10,11,2,1,1,1,0,1,246,127,119
WILLACY COUNTY,489,7 Years,279,144,135,17,10,7,0,0,0,1,0,1,261,134,127
WILLACY COUNTY,489,8 Years,295,152,143,17,7,10,0,0,0,1,1,0,277,144,133
WILLACY COUNTY,489,9 Years,273,139,134,15,9,6,1,0,1,1,0,1,256,130,126
WILLACY COUNTY,489,10 Years,301,155,146,18,11,7,1,0,1,1,1,0,281,143,138
WILLACY COUNTY,489,11 Years,318,162,156,22,13,9,0,0,0,3,2,1,293,147,146
WILLACY COUNTY,489,12 Years,299,165,134,22,15,7,1,1,0,2,1,1,274,148,126
WILLACY COUNTY,489,13 Years,296,153,143,23,12,11,1,1,0,2,2,0,270,138,132
WILLACY COUNTY,489,14 Years,307,163,144,22,13,9,0,0,0,4,2,2,281,148,133
WILLACY COUNTY,489,15 Years,287,150,137,22,13,9,1,0,1,1,0,1,263,137,126
WILLACY COUNTY,489,16 Years,292,148,144,19,9,10,1,1,0,3,2,1,269,136,133
WILLACY COUNTY,489,17 Years,300,163,137,19,10,9,2,2,0,4,4,0,275,147,128
WILLACY COUNTY,489,18 Years,317,170,147,19,9,10,1,0,1,6,3,3,291,158,133
WILLACY COUNTY,489,19 Years,313,178,135,18,12,6,4,4,0,6,5,1,285,157,128
WILLACY COUNTY,489,20 Years,341,187,154,22,11,11,6,6,0,3,2,1,310,168,142
WILLACY COUNTY,489,21 Years,373,220,153,27,15,12,6,6,0,6,4,2,334,195,139
WILLACY COUNTY,489,22 Years,404,246,158,29,19,10,12,12,0,5,5,0,358,210,148
WILLACY COUNTY,489,23 Years,415,259,156,24,17,7,13,12,1,8,7,1,370,223,147
WILLACY COUNTY,489,24 Years,423,273,150,26,17,9,14,14,0,8,7,1,375,235,140
WILLACY COUNTY,489,25 Years,407,268,139,25,18,7,12,12,0,6,5,1,364,233,131
WILLACY COUNTY,489,26 Years,401,269,132,22,15,7,16,16,0,5,4,1,358,234,124
WILLACY COUNTY,489,27 Years,370,247,123,23,15,8,18,16,2,8,7,1,321,209,112
WILLACY COUNTY,489,28 Years,326,209,117,22,15,7,15,14,1,3,2,1,286,178,108
WILLACY COUNTY,489,29 Years,338,220,118,22,17,5,11,11,0,5,3,2,300,189,111
WILLACY COUNTY,489,30 Years,323,206,117,20,13,7,14,13,1,4,3,1,285,177,108
WILLACY COUNTY,489,31 Years,286,187,99,15,10,5,14,14,0,1,1,0,256,162,94
WILLACY COUNTY,489,32 Years,336,222,114,16,9,7,17,17,0,7,6,1,296,190,106
WILLACY COUNTY,489,33 Years,316,202,114,18,12,6,11,10,1,4,4,0,283,176,107
WILLACY COUNTY,489,34 Years,309,199,110,18,12,6,13,11,2,3,3,0,275,173,102
WILLACY COUNTY,489,35 Years,303,183,120,18,8,10,16,13,3,4,4,0,265,158,107
WILLACY COUNTY,489,36 Years,283,170,113,19,9,10,10,9,1,2,2,0,252,150,102
WILLACY COUNTY,489,37 Years,299,171,128,19,12,7,9,9,0,3,2,1,268,148,120
WILLACY COUNTY,489,38 Years,298,171,127,11,7,4,6,6,0,1,1,0,280,157,123
WILLACY COUNTY,489,39 Years,281,155,126,14,9,5,7,6,1,2,1,1,258,139,119
WILLACY COUNTY,489,40 Years,276,165,111,22,16,6,4,4,0,3,2,1,247,143,104
WILLACY COUNTY,489,41 Years,291,177,114,25,16,9,6,5,1,4,3,1,256,153,103
WILLACY COUNTY,489,42 Years,280,175,105,28,18,10,8,7,1,5,3,2,239,147,92
WILLACY COUNTY,489,43 Years,267,145,122,24,14,10,5,4,1,2,2,0,236,125,111
WILLACY COUNTY,489,44 Years,256,142,114,25,16,9,5,5,0,3,2,1,223,119,104
WILLACY COUNTY,489,45 Years,239,132,107,23,13,10,2,2,0,3,3,0,211,114,97
WILLACY COUNTY,489,46 Years,246,140,106,24,12,12,3,3,0,5,3,2,214,122,92
WILLACY COUNTY,489,47 Years,231,126,105,19,13,6,3,3,0,2,2,0,207,108,99
WILLACY COUNTY,489,48 Years,244,136,108,19,13,6,4,4,0,2,2,0,219,117,102
WILLACY COUNTY,489,49 Years,213,122,91,21,12,9,2,2,0,3,2,1,187,106,81
WILLACY COUNTY,489,50 Years,244,113,131,21,11,10,5,5,0,2,1,1,216,96,120
WILLACY COUNTY,489,51 Years,246,123,123,20,11,9,5,5,0,3,1,2,218,106,112
WILLACY COUNTY,489,52 Years,229,110,119,23,12,11,6,6,0,3,2,1,197,90,107
WILLACY COUNTY,489,53 Years,229,108,121,20,11,9,3,3,0,3,3,0,203,91,112
WILLACY COUNTY,489,54 Years,232,118,114,27,15,12,1,1,0,4,2,2,200,100,100
WILLACY COUNTY,489,55 Years,259,142,117,34,17,17,6,5,1,2,1,1,217,119,98
WILLACY COUNTY,489,56 Years,239,130,109,24,12,12,1,1,0,1,0,1,213,117,96
WILLACY COUNTY,489,57 Years,217,111,106,31,14,17,1,1,0,0,0,0,185,96,89
WILLACY COUNTY,489,58 Years,216,102,114,33,14,19,1,1,0,1,0,1,181,87,94
WILLACY COUNTY,489,59 Years,218,109,109,23,9,14,2,2,0,1,1,0,192,97,95
WILLACY COUNTY,489,60 Years,228,100,128,33,14,19,2,2,0,1,0,1,192,84,108
WILLACY COUNTY,489,61 Years,215,97,118,31,14,17,1,0,1,1,1,0,182,82,100
WILLACY COUNTY,489,62 Years,211,98,113,28,14,14,1,0,1,0,0,0,182,84,98
WILLACY COUNTY,489,63 Years,200,87,113,27,14,13,1,0,1,0,0,0,172,73,99
WILLACY COUNTY,489,64 Years,178,82,96,29,15,14,2,1,1,0,0,0,147,66,81
WILLACY COUNTY,489,65 Years,184,90,94,32,14,18,0,0,0,2,1,1,150,75,75
WILLACY COUNTY,489,66 Years,203,108,95,35,18,17,0,0,0,1,0,1,167,90,77
WILLACY COUNTY,489,67 Years,171,85,86,28,18,10,2,2,0,0,0,0,141,65,76
WILLACY COUNTY,489,68 Years,169,75,94,31,20,11,2,1,1,0,0,0,136,54,82
WILLACY COUNTY,489,69 Years,167,85,82,30,17,13,1,1,0,1,0,1,135,67,68
WILLACY COUNTY,489,70 Years,154,83,71,36,21,15,0,0,0,1,0,1,117,62,55
WILLACY COUNTY,489,71 Years,141,77,64,38,20,18,0,0,0,0,0,0,103,57,46
WILLACY COUNTY,489,72 Years,125,59,66,40,18,22,0,0,0,2,1,1,83,40,43
WILLACY COUNTY,489,73 Years,130,62,68,36,18,18,1,1,0,1,1,0,92,42,50
WILLACY COUNTY,489,74 Years,126,54,72,34,17,17,0,0,0,1,1,0,91,36,55
WILLACY COUNTY,489,75 Years,114,47,67,31,16,15,1,1,0,0,0,0,82,30,52
WILLACY COUNTY,489,76 Years,102,46,56,32,16,16,1,1,0,0,0,0,69,29,40
WILLACY COUNTY,489,77 Years,98,49,49,27,16,11,0,0,0,1,1,0,70,32,38
WILLACY COUNTY,489,78 Years,80,42,38,23,14,9,0,0,0,1,1,0,56,27,29
WILLACY COUNTY,489,79 Years,76,31,45,19,10,9,0,0,0,1,0,1,56,21,35
WILLACY COUNTY,489,80 Years,80,34,46,16,7,9,0,0,0,0,0,0,64,27,37
WILLACY COUNTY,489,81 Years,75,33,42,17,8,9,0,0,0,0,0,0,58,25,33
WILLACY COUNTY,489,82 Years,76,28,48,20,7,13,0,0,0,0,0,0,56,21,35
WILLACY COUNTY,489,83 Years,58,20,38,13,6,7,1,0,1,0,0,0,44,14,30
WILLACY COUNTY,489,84 Years,65,21,44,13,4,9,0,0,0,1,1,0,51,16,35
WILLACY COUNTY,489,85 Years +,329,125,204,64,25,39,1,1,0,1,0,1,263,99,164
WILLIAMSON COUNTY,491,All Ages,495652,240135,255517,296148,141298,154850,30496,14951,15545,40533,19565,20968,128475,64321,64154
WILLIAMSON COUNTY,491,< 1 Year,6254,3254,3000,3171,1638,1533,383,203,180,767,387,380,1933,1026,907
WILLIAMSON COUNTY,491,1 Years,6178,3220,2958,3137,1609,1528,366,192,174,743,388,355,1932,1031,901
WILLIAMSON COUNTY,491,2 Years,6146,3186,2960,3129,1598,1531,343,176,167,732,382,350,1942,1030,912
WILLIAMSON COUNTY,491,3 Years,6081,3170,2911,3092,1599,1493,318,166,152,730,394,336,1941,1011,930
WILLIAMSON COUNTY,491,4 Years,6326,3284,3042,3148,1637,1511,321,168,153,798,438,360,2059,1041,1018
WILLIAMSON COUNTY,491,5 Years,6727,3406,3321,3309,1658,1651,350,176,174,834,458,376,2234,1114,1120
WILLIAMSON COUNTY,491,6 Years,6912,3467,3445,3402,1679,1723,369,185,184,859,454,405,2282,1149,1133
WILLIAMSON COUNTY,491,7 Years,7372,3738,3634,3601,1826,1775,418,205,213,941,477,464,2412,1230,1182
WILLIAMSON COUNTY,491,8 Years,7618,3860,3758,3699,1861,1838,434,208,226,960,492,468,2525,1299,1226
WILLIAMSON COUNTY,491,9 Years,7833,4003,3830,3783,1908,1875,470,237,233,946,486,460,2634,1372,1262
WILLIAMSON COUNTY,491,10 Years,8122,4181,3941,3979,2051,1928,484,254,230,924,452,472,2735,1424,1311
WILLIAMSON COUNTY,491,11 Years,8329,4237,4092,4070,2078,1992,548,279,269,901,435,466,2810,1445,1365
WILLIAMSON COUNTY,491,12 Years,8313,4213,4100,4082,2074,2008,591,301,290,822,399,423,2818,1439,1379
WILLIAMSON COUNTY,491,13 Years,8406,4247,4159,4110,2060,2050,605,316,289,761,379,382,2930,1492,1438
WILLIAMSON COUNTY,491,14 Years,8523,4367,4156,4149,2114,2035,609,313,296,775,393,382,2990,1547,1443
WILLIAMSON COUNTY,491,15 Years,8346,4328,4018,4117,2128,1989,625,326,299,710,354,356,2894,1520,1374
WILLIAMSON COUNTY,491,16 Years,8149,4212,3937,3985,2019,1966,627,331,296,698,349,349,2839,1513,1326
WILLIAMSON COUNTY,491,17 Years,7873,4032,3841,3851,1920,1931,611,317,294,693,355,338,2718,1440,1278
WILLIAMSON COUNTY,491,18 Years,7421,3830,3591,3606,1841,1765,567,291,276,681,340,341,2567,1358,1209
WILLIAMSON COUNTY,491,19 Years,6562,3387,3175,3059,1574,1485,546,274,272,601,294,307,2356,1245,1111
WILLIAMSON COUNTY,491,20 Years,6118,3142,2976,2828,1450,1378,515,263,252,523,253,270,2252,1176,1076
WILLIAMSON COUNTY,491,21 Years,5925,3036,2889,2756,1369,1387,494,266,228,504,252,252,2171,1149,1022
WILLIAMSON COUNTY,491,22 Years,5706,2963,2743,2727,1383,1344,473,247,226,441,225,216,2065,1108,957
WILLIAMSON COUNTY,491,23 Years,5414,2761,2653,2618,1311,1307,415,220,195,395,191,204,1986,1039,947
WILLIAMSON COUNTY,491,24 Years,4985,2514,2471,2410,1170,1240,364,194,170,358,186,172,1853,964,889
WILLIAMSON COUNTY,491,25 Years,4914,2535,2379,2427,1210,1217,371,206,165,327,164,163,1789,955,834
WILLIAMSON COUNTY,491,26 Years,4854,2469,2385,2405,1163,1242,355,189,166,335,164,171,1759,953,806
WILLIAMSON COUNTY,491,27 Years,4988,2490,2498,2549,1199,1350,343,178,165,328,156,172,1768,957,811
WILLIAMSON COUNTY,491,28 Years,5273,2575,2698,2838,1320,1518,345,184,161,319,140,179,1771,931,840
WILLIAMSON COUNTY,491,29 Years,5696,2696,3000,3219,1471,1748,365,188,177,347,153,194,1765,884,881
WILLIAMSON COUNTY,491,30 Years,6156,2889,3267,3625,1649,1976,359,198,161,385,180,205,1787,862,925
WILLIAMSON COUNTY,491,31 Years,6536,3045,3491,3893,1734,2159,342,177,165,416,200,216,1885,934,951
WILLIAMSON COUNTY,491,32 Years,7073,3286,3787,4175,1891,2284,383,189,194,482,226,256,2033,980,1053
WILLIAMSON COUNTY,491,33 Years,7428,3413,4015,4419,2001,2418,433,223,210,539,224,315,2037,965,1072
WILLIAMSON COUNTY,491,34 Years,7740,3593,4147,4568,2121,2447,441,219,222,591,243,348,2140,1010,1130
WILLIAMSON COUNTY,491,35 Years,8209,3785,4424,4796,2187,2609,479,241,238,669,281,388,2265,1076,1189
WILLIAMSON COUNTY,491,36 Years,8347,3809,4538,4916,2192,2724,469,218,251,716,304,412,2246,1095,1151
WILLIAMSON COUNTY,491,37 Years,8515,3931,4584,5071,2298,2773,490,221,269,754,331,423,2200,1081,1119
WILLIAMSON COUNTY,491,38 Years,8601,4040,4561,5034,2339,2695,500,226,274,847,389,458,2220,1086,1134
WILLIAMSON COUNTY,491,39 Years,8490,4008,4482,4915,2338,2577,537,238,299,844,378,466,2194,1054,1140
WILLIAMSON COUNTY,491,40 Years,8498,4086,4412,4889,2384,2505,534,248,286,867,390,477,2208,1064,1144
WILLIAMSON COUNTY,491,41 Years,8403,4071,4332,4759,2356,2403,573,262,311,868,408,460,2203,1045,1158
WILLIAMSON COUNTY,491,42 Years,8274,3977,4297,4775,2353,2422,582,280,302,790,373,417,2127,971,1156
WILLIAMSON COUNTY,491,43 Years,8407,4097,4310,4953,2463,2490,570,269,301,784,368,416,2100,997,1103
WILLIAMSON COUNTY,491,44 Years,8607,4294,4313,5207,2651,2556,596,275,321,740,364,376,2064,1004,1060
WILLIAMSON COUNTY,491,45 Years,8516,4214,4302,5202,2615,2587,569,259,310,740,355,385,2005,985,1020
WILLIAMSON COUNTY,491,46 Years,7809,3883,3926,4783,2396,2387,544,269,275,674,332,342,1808,886,922
WILLIAMSON COUNTY,491,47 Years,7148,3592,3556,4383,2227,2156,525,263,262,601,303,298,1639,799,840
WILLIAMSON COUNTY,491,48 Years,6699,3325,3374,4164,2098,2066,475,225,250,567,274,293,1493,728,765
WILLIAMSON COUNTY,491,49 Years,6556,3202,3354,4070,1986,2084,490,220,270,512,253,259,1484,743,741
WILLIAMSON COUNTY,491,50 Years,6666,3290,3376,4184,2070,2114,489,221,268,508,245,263,1485,754,731
WILLIAMSON COUNTY,491,51 Years,6712,3284,3428,4314,2113,2201,481,222,259,505,243,262,1412,706,706
WILLIAMSON COUNTY,491,52 Years,6611,3198,3413,4372,2114,2258,458,217,241,485,232,253,1296,635,661
WILLIAMSON COUNTY,491,53 Years,6370,3104,3266,4313,2098,2215,442,215,227,422,204,218,1193,587,606
WILLIAMSON COUNTY,491,54 Years,6196,3011,3185,4255,2072,2183,421,205,216,380,182,198,1140,552,588
WILLIAMSON COUNTY,491,55 Years,6055,2941,3114,4231,2044,2187,412,209,203,370,182,188,1042,506,536
WILLIAMSON COUNTY,491,56 Years,5611,2721,2890,3940,1912,2028,392,189,203,340,160,180,939,460,479
WILLIAMSON COUNTY,491,57 Years,5452,2600,2852,3901,1868,2033,334,165,169,312,149,163,905,418,487
WILLIAMSON COUNTY,491,58 Years,5226,2452,2774,3752,1758,1994,333,158,175,278,134,144,863,402,461
WILLIAMSON COUNTY,491,59 Years,5027,2369,2658,3643,1725,1918,331,157,174,271,131,140,782,356,426
WILLIAMSON COUNTY,491,60 Years,4908,2271,2637,3609,1667,1942,311,143,168,257,112,145,731,349,382
WILLIAMSON COUNTY,491,61 Years,4679,2110,2569,3506,1583,1923,244,109,135,239,102,137,690,316,374
WILLIAMSON COUNTY,491,62 Years,4603,2053,2550,3495,1550,1945,227,95,132,248,106,142,633,302,331
WILLIAMSON COUNTY,491,63 Years,4357,1909,2448,3301,1447,1854,228,96,132,239,92,147,589,274,315
WILLIAMSON COUNTY,491,64 Years,4195,1876,2319,3234,1456,1778,223,93,130,225,94,131,513,233,280
WILLIAMSON COUNTY,491,65 Years,4152,1796,2356,3241,1400,1841,199,86,113,233,94,139,479,216,263
WILLIAMSON COUNTY,491,66 Years,4044,1715,2329,3163,1330,1833,184,81,103,222,90,132,475,214,261
WILLIAMSON COUNTY,491,67 Years,4117,1752,2365,3315,1406,1909,164,74,90,207,88,119,431,184,247
WILLIAMSON COUNTY,491,68 Years,4087,1769,2318,3347,1448,1899,147,68,79,193,82,111,400,171,229
WILLIAMSON COUNTY,491,69 Years,3420,1506,1914,2800,1239,1561,105,43,62,160,70,90,355,154,201
WILLIAMSON COUNTY,491,70 Years,3207,1405,1802,2630,1157,1473,97,39,58,146,67,79,334,142,192
WILLIAMSON COUNTY,491,71 Years,3206,1403,1803,2666,1161,1505,93,45,48,136,65,71,311,132,179
WILLIAMSON COUNTY,491,72 Years,3102,1379,1723,2593,1152,1441,95,43,52,124,62,62,290,122,168
WILLIAMSON COUNTY,491,73 Years,2828,1271,1557,2381,1072,1309,81,37,44,102,47,55,264,115,149
WILLIAMSON COUNTY,491,74 Years,2515,1113,1402,2125,950,1175,63,25,38,100,45,55,227,93,134
WILLIAMSON COUNTY,491,75 Years,2200,992,1208,1836,829,1007,50,20,30,100,52,48,214,91,123
WILLIAMSON COUNTY,491,76 Years,2044,911,1133,1715,769,946,45,20,25,88,44,44,196,78,118
WILLIAMSON COUNTY,491,77 Years,1887,833,1054,1586,700,886,44,20,24,76,36,40,181,77,104
WILLIAMSON COUNTY,491,78 Years,1749,764,985,1457,634,823,47,16,31,70,36,34,175,78,97
WILLIAMSON COUNTY,491,79 Years,1552,665,887,1308,563,745,33,9,24,58,28,30,153,65,88
WILLIAMSON COUNTY,491,80 Years,1430,612,818,1208,518,690,28,8,20,52,24,28,142,62,80
WILLIAMSON COUNTY,491,81 Years,1303,548,755,1104,461,643,30,10,20,50,24,26,119,53,66
WILLIAMSON COUNTY,491,82 Years,1197,483,714,1035,425,610,26,7,19,37,15,22,99,36,63
WILLIAMSON COUNTY,491,83 Years,1097,446,651,956,396,560,21,6,15,26,10,16,94,34,60
WILLIAMSON COUNTY,491,84 Years,998,406,592,866,361,505,18,5,13,23,9,14,91,31,60
WILLIAMSON COUNTY,491,85 Years +,5473,1834,3639,4913,1653,3260,84,22,62,112,43,69,364,116,248
WILSON COUNTY,493,All Ages,48296,24070,24226,27814,13880,13934,680,365,315,849,401,448,18953,9424,9529
WILSON COUNTY,493,< 1 Year,489,253,236,245,130,115,0,0,0,14,4,10,230,119,111
WILSON COUNTY,493,1 Years,485,255,230,241,129,112,6,4,2,13,7,6,225,115,110
WILSON COUNTY,493,2 Years,468,246,222,235,125,110,6,2,4,11,7,4,216,112,104
WILSON COUNTY,493,3 Years,457,237,220,230,121,109,6,2,4,8,5,3,213,109,104
WILSON COUNTY,493,4 Years,444,225,219,209,107,102,6,2,4,10,6,4,219,110,109
WILSON COUNTY,493,5 Years,463,222,241,207,92,115,6,3,3,10,5,5,240,122,118
WILSON COUNTY,493,6 Years,536,270,266,241,114,127,5,3,2,12,7,5,278,146,132
WILSON COUNTY,493,7 Years,569,300,269,270,144,126,4,2,2,15,10,5,280,144,136
WILSON COUNTY,493,8 Years,621,312,309,283,144,139,3,1,2,22,14,8,313,153,160
WILSON COUNTY,493,9 Years,647,331,316,303,156,147,4,1,3,18,10,8,322,164,158
WILSON COUNTY,493,10 Years,692,361,331,324,169,155,3,1,2,20,13,7,345,178,167
WILSON COUNTY,493,11 Years,725,387,338,358,191,167,8,5,3,17,12,5,342,179,163
WILSON COUNTY,493,12 Years,764,391,373,380,193,187,6,4,2,13,7,6,365,187,178
WILSON COUNTY,493,13 Years,786,413,373,396,219,177,5,2,3,11,4,7,374,188,186
WILSON COUNTY,493,14 Years,826,440,386,424,226,198,6,2,4,10,8,2,386,204,182
WILSON COUNTY,493,15 Years,840,449,391,433,227,206,9,4,5,14,10,4,384,208,176
WILSON COUNTY,493,16 Years,817,440,377,407,219,188,10,6,4,12,8,4,388,207,181
WILSON COUNTY,493,17 Years,801,426,375,402,220,182,15,7,8,19,12,7,365,187,178
WILSON COUNTY,493,18 Years,765,387,378,366,186,180,14,7,7,20,11,9,365,183,182
WILSON COUNTY,493,19 Years,717,355,362,334,155,179,9,4,5,20,11,9,354,185,169
WILSON COUNTY,493,20 Years,658,337,321,297,149,148,8,4,4,20,12,8,333,172,161
WILSON COUNTY,493,21 Years,647,329,318,289,156,133,10,5,5,16,8,8,332,160,172
WILSON COUNTY,493,22 Years,638,336,302,289,158,131,12,5,7,15,6,9,322,167,155
WILSON COUNTY,493,23 Years,596,325,271,269,139,130,11,6,5,14,8,6,302,172,130
WILSON COUNTY,493,24 Years,498,263,235,207,109,98,7,4,3,7,3,4,277,147,130
WILSON COUNTY,493,25 Years,448,250,198,191,106,85,7,4,3,11,6,5,239,134,105
WILSON COUNTY,493,26 Years,398,211,187,184,97,87,6,3,3,7,3,4,201,108,93
WILSON COUNTY,493,27 Years,368,188,180,183,92,91,7,4,3,5,2,3,173,90,83
WILSON COUNTY,493,28 Years,369,186,183,193,97,96,7,5,2,4,2,2,165,82,83
WILSON COUNTY,493,29 Years,356,166,190,180,90,90,2,1,1,6,4,2,168,71,97
WILSON COUNTY,493,30 Years,372,167,205,194,92,102,5,2,3,5,1,4,168,72,96
WILSON COUNTY,493,31 Years,435,207,228,232,110,122,7,4,3,7,1,6,189,92,97
WILSON COUNTY,493,32 Years,451,211,240,236,106,130,8,5,3,5,0,5,202,100,102
WILSON COUNTY,493,33 Years,462,219,243,251,110,141,8,5,3,7,3,4,196,101,95
WILSON COUNTY,493,34 Years,504,243,261,282,124,158,4,2,2,6,3,3,212,114,98
WILSON COUNTY,493,35 Years,535,253,282,307,149,158,3,3,0,7,3,4,218,98,120
WILSON COUNTY,493,36 Years,521,243,278,327,157,170,3,3,0,3,0,3,188,83,105
WILSON COUNTY,493,37 Years,524,240,284,327,149,178,4,3,1,7,3,4,186,85,101
WILSON COUNTY,493,38 Years,546,269,277,335,168,167,2,1,1,5,3,2,204,97,107
WILSON COUNTY,493,39 Years,582,272,310,349,178,171,4,2,2,7,4,3,222,88,134
WILSON COUNTY,493,40 Years,615,298,317,377,188,189,4,3,1,4,2,2,230,105,125
WILSON COUNTY,493,41 Years,588,300,288,345,179,166,6,3,3,6,2,4,231,116,115
WILSON COUNTY,493,42 Years,654,323,331,383,190,193,6,2,4,6,2,4,259,129,130
WILSON COUNTY,493,43 Years,719,348,371,446,218,228,6,4,2,5,2,3,262,124,138
WILSON COUNTY,493,44 Years,729,343,386,462,223,239,6,5,1,5,2,3,256,113,143
WILSON COUNTY,493,45 Years,737,348,389,464,227,237,7,3,4,13,6,7,253,112,141
WILSON COUNTY,493,46 Years,719,348,371,434,213,221,5,2,3,14,5,9,266,128,138
WILSON COUNTY,493,47 Years,703,346,357,417,205,212,5,4,1,15,7,8,266,130,136
WILSON COUNTY,493,48 Years,721,369,352,427,215,212,8,5,3,20,8,12,266,141,125
WILSON COUNTY,493,49 Years,767,398,369,448,230,218,13,8,5,18,7,11,288,153,135
WILSON COUNTY,493,50 Years,805,399,406,476,232,244,12,6,6,21,7,14,296,154,142
WILSON COUNTY,493,51 Years,813,397,416,497,242,255,15,8,7,17,8,9,284,139,145
WILSON COUNTY,493,52 Years,816,404,412,502,257,245,14,5,9,16,8,8,284,134,150
WILSON COUNTY,493,53 Years,795,402,393,495,257,238,13,4,9,18,8,10,269,133,136
WILSON COUNTY,493,54 Years,844,420,424,528,262,266,16,9,7,16,7,9,284,142,142
WILSON COUNTY,493,55 Years,820,407,413,537,273,264,20,12,8,16,8,8,247,114,133
WILSON COUNTY,493,56 Years,761,370,391,488,244,244,19,8,11,15,5,10,239,113,126
WILSON COUNTY,493,57 Years,755,360,395,474,227,247,13,8,5,16,6,10,252,119,133
WILSON COUNTY,493,58 Years,730,351,379,481,231,250,14,9,5,11,3,8,224,108,116
WILSON COUNTY,493,59 Years,731,365,366,465,230,235,17,8,9,9,4,5,240,123,117
WILSON COUNTY,493,60 Years,715,346,369,450,217,233,18,8,10,7,3,4,240,118,122
WILSON COUNTY,493,61 Years,687,322,365,445,197,248,13,10,3,8,2,6,221,113,108
WILSON COUNTY,493,62 Years,648,309,339,429,194,235,9,7,2,12,3,9,198,105,93
WILSON COUNTY,493,63 Years,631,283,348,426,192,234,9,6,3,9,2,7,187,83,104
WILSON COUNTY,493,64 Years,607,287,320,406,194,212,12,6,6,11,3,8,178,84,94
WILSON COUNTY,493,65 Years,624,313,311,426,214,212,11,7,4,11,4,7,176,88,88
WILSON COUNTY,493,66 Years,601,298,303,421,204,217,9,6,3,8,1,7,163,87,76
WILSON COUNTY,493,67 Years,558,285,273,402,206,196,11,7,4,7,3,4,138,69,69
WILSON COUNTY,493,68 Years,537,266,271,384,198,186,12,7,5,6,3,3,135,58,77
WILSON COUNTY,493,69 Years,483,246,237,330,167,163,9,3,6,4,2,2,140,74,66
WILSON COUNTY,493,70 Years,436,228,208,287,151,136,7,4,3,3,1,2,139,72,67
WILSON COUNTY,493,71 Years,402,200,202,271,137,134,9,5,4,4,2,2,118,56,62
WILSON COUNTY,493,72 Years,372,187,185,252,134,118,7,5,2,8,3,5,105,45,60
WILSON COUNTY,493,73 Years,329,170,159,220,114,106,6,5,1,8,1,7,95,50,45
WILSON COUNTY,493,74 Years,287,154,133,207,112,95,5,3,2,3,1,2,72,38,34
WILSON COUNTY,493,75 Years,279,141,138,203,101,102,5,2,3,2,2,0,69,36,33
WILSON COUNTY,493,76 Years,257,128,129,188,95,93,7,4,3,5,3,2,57,26,31
WILSON COUNTY,493,77 Years,227,106,121,165,83,82,8,3,5,2,2,0,52,18,34
WILSON COUNTY,493,78 Years,200,99,101,137,72,65,5,2,3,1,1,0,57,24,33
WILSON COUNTY,493,79 Years,183,93,90,122,66,56,3,2,1,1,0,1,57,25,32
WILSON COUNTY,493,80 Years,178,80,98,120,59,61,1,0,1,2,0,2,55,21,34
WILSON COUNTY,493,81 Years,166,72,94,106,46,60,4,3,1,0,0,0,56,23,33
WILSON COUNTY,493,82 Years,164,80,84,111,53,58,5,4,1,0,0,0,48,23,25
WILSON COUNTY,493,83 Years,169,85,84,110,56,54,4,3,1,4,3,1,51,23,28
WILSON COUNTY,493,84 Years,142,69,73,98,50,48,2,1,1,2,2,0,40,16,24
WILSON COUNTY,493,85 Years +,772,312,460,542,222,320,14,3,11,7,1,6,209,86,123
WINKLER COUNTY,495,All Ages,7886,4002,3884,3202,1624,1578,150,73,77,164,94,70,4370,2211,2159
WINKLER COUNTY,495,< 1 Year,122,56,66,39,20,19,3,2,1,12,2,10,68,32,36
WINKLER COUNTY,495,1 Years,122,58,64,37,19,18,4,1,3,7,1,6,74,37,37
WINKLER COUNTY,495,2 Years,123,65,58,37,19,18,5,1,4,5,4,1,76,41,35
WINKLER COUNTY,495,3 Years,114,61,53,33,18,15,4,1,3,0,0,0,77,42,35
WINKLER COUNTY,495,4 Years,106,58,48,31,16,15,4,2,2,3,2,1,68,38,30
WINKLER COUNTY,495,5 Years,117,57,60,39,23,16,4,3,1,4,3,1,70,28,42
WINKLER COUNTY,495,6 Years,135,71,64,40,27,13,3,2,1,4,1,3,88,41,47
WINKLER COUNTY,495,7 Years,135,71,64,44,27,17,1,0,1,6,2,4,84,42,42
WINKLER COUNTY,495,8 Years,127,72,55,39,22,17,0,0,0,7,6,1,81,44,37
WINKLER COUNTY,495,9 Years,125,61,64,31,15,16,0,0,0,6,5,1,88,41,47
WINKLER COUNTY,495,10 Years,108,55,53,33,14,19,2,2,0,3,2,1,70,37,33
WINKLER COUNTY,495,11 Years,118,68,50,31,14,17,3,2,1,2,2,0,82,50,32
WINKLER COUNTY,495,12 Years,129,67,62,40,20,20,2,0,2,2,2,0,85,45,40
WINKLER COUNTY,495,13 Years,110,50,60,28,14,14,3,0,3,4,2,2,75,34,41
WINKLER COUNTY,495,14 Years,126,72,54,33,18,15,5,2,3,3,1,2,85,51,34
WINKLER COUNTY,495,15 Years,108,56,52,34,17,17,2,1,1,3,2,1,69,36,33
WINKLER COUNTY,495,16 Years,110,60,50,27,18,9,1,0,1,3,3,0,79,39,40
WINKLER COUNTY,495,17 Years,131,62,69,39,20,19,0,0,0,3,3,0,89,39,50
WINKLER COUNTY,495,18 Years,129,64,65,35,19,16,2,1,1,2,1,1,90,43,47
WINKLER COUNTY,495,19 Years,114,62,52,34,17,17,2,1,1,4,3,1,74,41,33
WINKLER COUNTY,495,20 Years,105,57,48,39,19,20,1,1,0,2,1,1,63,36,27
WINKLER COUNTY,495,21 Years,122,67,55,36,18,18,4,2,2,4,2,2,78,45,33
WINKLER COUNTY,495,22 Years,121,56,65,36,15,21,1,0,1,3,1,2,81,40,41
WINKLER COUNTY,495,23 Years,100,56,44,33,20,13,0,0,0,2,2,0,65,34,31
WINKLER COUNTY,495,24 Years,95,57,38,33,20,13,1,1,0,2,2,0,59,34,25
WINKLER COUNTY,495,25 Years,95,49,46,28,15,13,2,1,1,3,2,1,62,31,31
WINKLER COUNTY,495,26 Years,85,45,40,29,15,14,3,1,2,1,1,0,52,28,24
WINKLER COUNTY,495,27 Years,74,43,31,34,15,19,0,0,0,2,2,0,38,26,12
WINKLER COUNTY,495,28 Years,84,48,36,42,23,19,1,1,0,2,1,1,39,23,16
WINKLER COUNTY,495,29 Years,94,49,45,31,17,14,0,0,0,1,0,1,62,32,30
WINKLER COUNTY,495,30 Years,95,40,55,35,17,18,3,0,3,1,0,1,56,23,33
WINKLER COUNTY,495,31 Years,100,52,48,37,20,17,1,0,1,1,0,1,61,32,29
WINKLER COUNTY,495,32 Years,106,58,48,37,19,18,3,3,0,2,1,1,64,35,29
WINKLER COUNTY,495,33 Years,100,51,49,34,17,17,3,1,2,1,1,0,62,32,30
WINKLER COUNTY,495,34 Years,88,47,41,33,19,14,1,0,1,3,3,0,51,25,26
WINKLER COUNTY,495,35 Years,87,43,44,31,15,16,2,1,1,3,1,2,51,26,25
WINKLER COUNTY,495,36 Years,78,32,46,29,13,16,1,0,1,2,2,0,46,17,29
WINKLER COUNTY,495,37 Years,87,40,47,30,12,18,0,0,0,0,0,0,57,28,29
WINKLER COUNTY,495,38 Years,89,43,46,35,20,15,2,2,0,1,1,0,51,20,31
WINKLER COUNTY,495,39 Years,107,60,47,36,23,13,2,2,0,2,2,0,67,33,34
WINKLER COUNTY,495,40 Years,90,41,49,28,14,14,2,2,0,1,1,0,59,24,35
WINKLER COUNTY,495,41 Years,81,38,43,32,14,18,1,1,0,1,1,0,47,22,25
WINKLER COUNTY,495,42 Years,84,35,49,41,14,27,2,1,1,2,0,2,39,20,19
WINKLER COUNTY,495,43 Years,85,47,38,36,20,16,1,1,0,2,1,1,46,25,21
WINKLER COUNTY,495,44 Years,89,42,47,35,17,18,3,1,2,1,1,0,50,23,27
WINKLER COUNTY,495,45 Years,88,37,51,33,13,20,2,1,1,1,1,0,52,22,30
WINKLER COUNTY,495,46 Years,88,41,47,30,12,18,1,1,0,1,1,0,56,27,29
WINKLER COUNTY,495,47 Years,77,37,40,32,14,18,0,0,0,2,1,1,43,22,21
WINKLER COUNTY,495,48 Years,81,37,44,38,18,20,0,0,0,1,1,0,42,18,24
WINKLER COUNTY,495,49 Years,104,50,54,45,22,23,2,1,1,1,1,0,56,26,30
WINKLER COUNTY,495,50 Years,110,54,56,54,28,26,2,2,0,0,0,0,54,24,30
WINKLER COUNTY,495,51 Years,132,72,60,62,36,26,4,2,2,2,1,1,64,33,31
WINKLER COUNTY,495,52 Years,127,68,59,62,33,29,1,1,0,4,2,2,60,32,28
WINKLER COUNTY,495,53 Years,133,72,61,67,37,30,2,2,0,3,1,2,61,32,29
WINKLER COUNTY,495,54 Years,112,63,49,57,35,22,1,1,0,1,0,1,53,27,26
WINKLER COUNTY,495,55 Years,107,61,46,51,30,21,3,2,1,0,0,0,53,29,24
WINKLER COUNTY,495,56 Years,104,58,46,50,29,21,2,2,0,0,0,0,52,27,25
WINKLER COUNTY,495,57 Years,103,63,40,54,35,19,1,0,1,2,1,1,46,27,19
WINKLER COUNTY,495,58 Years,107,58,49,58,33,25,2,1,1,1,0,1,46,24,22
WINKLER COUNTY,495,59 Years,109,50,59,58,28,30,5,1,4,1,0,1,45,21,24
WINKLER COUNTY,495,60 Years,90,47,43,54,28,26,3,1,2,0,0,0,33,18,15
WINKLER COUNTY,495,61 Years,90,46,44,51,24,27,3,1,2,0,0,0,36,21,15
WINKLER COUNTY,495,62 Years,85,49,36,46,26,20,3,2,1,1,1,0,35,20,15
WINKLER COUNTY,495,63 Years,87,44,43,45,26,19,2,1,1,2,1,1,38,16,22
WINKLER COUNTY,495,64 Years,91,45,46,53,27,26,2,1,1,1,0,1,35,17,18
WINKLER COUNTY,495,65 Years,79,40,39,48,24,24,1,0,1,2,2,0,28,14,14
WINKLER COUNTY,495,66 Years,67,38,29,33,17,16,1,1,0,1,0,1,32,20,12
WINKLER COUNTY,495,67 Years,74,36,38,36,18,18,1,1,0,1,0,1,36,17,19
WINKLER COUNTY,495,68 Years,85,37,48,49,19,30,1,1,0,0,0,0,35,17,18
WINKLER COUNTY,495,69 Years,74,38,36,42,21,21,1,0,1,0,0,0,31,17,14
WINKLER COUNTY,495,70 Years,65,26,39,33,13,20,0,0,0,1,0,1,31,13,18
WINKLER COUNTY,495,71 Years,58,25,33,34,14,20,1,0,1,1,1,0,22,10,12
WINKLER COUNTY,495,72 Years,56,23,33,33,13,20,0,0,0,2,1,1,21,9,12
WINKLER COUNTY,495,73 Years,47,22,25,29,12,17,1,1,0,1,1,0,16,8,8
WINKLER COUNTY,495,74 Years,43,22,21,26,12,14,1,0,1,0,0,0,16,10,6
WINKLER COUNTY,495,75 Years,40,22,18,23,12,11,1,1,0,0,0,0,16,9,7
WINKLER COUNTY,495,76 Years,41,20,21,24,12,12,0,0,0,0,0,0,17,8,9
WINKLER COUNTY,495,77 Years,44,17,27,28,12,16,0,0,0,0,0,0,16,5,11
WINKLER COUNTY,495,78 Years,38,16,22,25,12,13,0,0,0,0,0,0,13,4,9
WINKLER COUNTY,495,79 Years,37,14,23,23,10,13,1,0,1,1,0,1,12,4,8
WINKLER COUNTY,495,80 Years,33,15,18,21,8,13,1,0,1,0,0,0,11,7,4
WINKLER COUNTY,495,81 Years,27,12,15,19,7,12,1,0,1,0,0,0,7,5,2
WINKLER COUNTY,495,82 Years,25,14,11,17,8,9,0,0,0,1,1,0,7,5,2
WINKLER COUNTY,495,83 Years,23,11,12,14,7,7,0,0,0,0,0,0,9,4,5
WINKLER COUNTY,495,84 Years,29,10,19,17,5,12,0,0,0,0,0,0,12,5,7
WINKLER COUNTY,495,85 Years +,126,50,76,74,26,48,7,2,5,1,0,1,44,22,22
WISE COUNTY,497,All Ages,62673,31412,31261,47273,23364,23909,588,391,197,1713,815,898,13099,6842,6257
WISE COUNTY,497,< 1 Year,774,404,370,495,249,246,5,2,3,52,33,19,222,120,102
WISE COUNTY,497,1 Years,764,388,376,494,245,249,5,2,3,43,25,18,222,116,106
WISE COUNTY,497,2 Years,750,370,380,485,237,248,6,2,4,36,17,19,223,114,109
WISE COUNTY,497,3 Years,733,358,375,475,228,247,5,2,3,31,11,20,222,117,105
WISE COUNTY,497,4 Years,765,381,384,475,232,243,6,3,3,47,19,28,237,127,110
WISE COUNTY,497,5 Years,749,400,349,468,254,214,6,1,5,37,18,19,238,127,111
WISE COUNTY,497,6 Years,792,387,405,515,250,265,7,4,3,27,14,13,243,119,124
WISE COUNTY,497,7 Years,836,429,407,539,279,260,4,3,1,26,14,12,267,133,134
WISE COUNTY,497,8 Years,845,446,399,537,281,256,8,5,3,30,18,12,270,142,128
WISE COUNTY,497,9 Years,858,452,406,558,294,264,6,3,3,30,19,11,264,136,128
WISE COUNTY,497,10 Years,861,444,417,548,282,266,4,2,2,36,20,16,273,140,133
WISE COUNTY,497,11 Years,893,443,450,579,297,282,2,2,0,35,13,22,277,131,146
WISE COUNTY,497,12 Years,910,451,459,603,304,299,4,2,2,32,14,18,271,131,140
WISE COUNTY,497,13 Years,941,483,458,616,321,295,10,4,6,28,13,15,287,145,142
WISE COUNTY,497,14 Years,1006,515,491,664,338,326,9,4,5,28,11,17,305,162,143
WISE COUNTY,497,15 Years,1019,520,499,667,349,318,12,6,6,32,12,20,308,153,155
WISE COUNTY,497,16 Years,990,533,457,668,363,305,4,3,1,31,15,16,287,152,135
WISE COUNTY,497,17 Years,1003,518,485,691,362,329,4,1,3,29,14,15,279,141,138
WISE COUNTY,497,18 Years,954,486,468,648,335,313,3,1,2,24,14,10,279,136,143
WISE COUNTY,497,19 Years,851,443,408,553,285,268,6,4,2,25,16,9,267,138,129
WISE COUNTY,497,20 Years,807,426,381,525,276,249,10,8,2,35,19,16,237,123,114
WISE COUNTY,497,21 Years,787,417,370,520,275,245,6,5,1,39,20,19,222,117,105
WISE COUNTY,497,22 Years,802,427,375,533,289,244,7,3,4,35,15,20,227,120,107
WISE COUNTY,497,23 Years,787,415,372,519,276,243,9,6,3,30,15,15,229,118,111
WISE COUNTY,497,24 Years,753,398,355,492,259,233,8,6,2,26,16,10,227,117,110
WISE COUNTY,497,25 Years,722,371,351,479,232,247,6,4,2,22,13,9,215,122,93
WISE COUNTY,497,26 Years,697,361,336,456,218,238,10,7,3,16,7,9,215,129,86
WISE COUNTY,497,27 Years,644,329,315,412,197,215,9,6,3,15,6,9,208,120,88
WISE COUNTY,497,28 Years,677,357,320,433,213,220,10,9,1,16,8,8,218,127,91
WISE COUNTY,497,29 Years,698,380,318,467,246,221,13,10,3,17,7,10,201,117,84
WISE COUNTY,497,30 Years,716,373,343,487,241,246,13,8,5,16,8,8,200,116,84
WISE COUNTY,497,31 Years,715,360,355,484,230,254,15,9,6,18,7,11,198,114,84
WISE COUNTY,497,32 Years,728,362,366,480,234,246,13,7,6,14,3,11,221,118,103
WISE COUNTY,497,33 Years,771,371,400,528,244,284,12,7,5,15,5,10,216,115,101
WISE COUNTY,497,34 Years,744,362,382,514,247,267,18,12,6,13,4,9,199,99,100
WISE COUNTY,497,35 Years,713,349,364,511,251,260,9,7,2,12,4,8,181,87,94
WISE COUNTY,497,36 Years,712,353,359,521,253,268,7,6,1,13,6,7,171,88,83
WISE COUNTY,497,37 Years,715,352,363,525,254,271,9,7,2,11,4,7,170,87,83
WISE COUNTY,497,38 Years,708,342,366,499,231,268,19,14,5,11,6,5,179,91,88
WISE COUNTY,497,39 Years,728,384,344,536,271,265,14,12,2,11,7,4,167,94,73
WISE COUNTY,497,40 Years,748,384,364,557,277,280,9,8,1,13,3,10,169,96,73
WISE COUNTY,497,41 Years,763,383,380,542,269,273,9,8,1,22,9,13,190,97,93
WISE COUNTY,497,42 Years,784,376,408,570,268,302,15,11,4,21,10,11,178,87,91
WISE COUNTY,497,43 Years,838,388,450,635,294,341,13,10,3,20,7,13,170,77,93
WISE COUNTY,497,44 Years,887,435,452,683,333,350,11,10,1,26,11,15,167,81,86
WISE COUNTY,497,45 Years,891,444,447,695,344,351,12,7,5,27,16,11,157,77,80
WISE COUNTY,497,46 Years,828,401,427,644,307,337,12,10,2,17,9,8,155,75,80
WISE COUNTY,497,47 Years,850,410,440,655,307,348,8,7,1,25,13,12,162,83,79
WISE COUNTY,497,48 Years,870,433,437,668,324,344,9,7,2,25,14,11,168,88,80
WISE COUNTY,497,49 Years,920,472,448,726,365,361,16,13,3,21,12,9,157,82,75
WISE COUNTY,497,50 Years,932,470,462,748,368,380,15,12,3,21,10,11,148,80,68
WISE COUNTY,497,51 Years,967,464,503,804,381,423,6,3,3,28,10,18,129,70,59
WISE COUNTY,497,52 Years,1021,498,523,845,406,439,6,4,2,33,10,23,137,78,59
WISE COUNTY,497,53 Years,976,476,500,818,393,425,13,11,2,27,8,19,118,64,54
WISE COUNTY,497,54 Years,982,496,486,831,418,413,6,5,1,22,8,14,123,65,58
WISE COUNTY,497,55 Years,998,484,514,848,417,431,7,4,3,20,6,14,123,57,66
WISE COUNTY,497,56 Years,975,491,484,833,418,415,11,9,2,18,8,10,113,56,57
WISE COUNTY,497,57 Years,962,497,465,834,421,413,6,6,0,20,11,9,102,59,43
WISE COUNTY,497,58 Years,923,483,440,807,414,393,4,2,2,16,10,6,96,57,39
WISE COUNTY,497,59 Years,865,436,429,754,375,379,7,5,2,19,11,8,85,45,40
WISE COUNTY,497,60 Years,825,432,393,705,360,345,8,6,2,22,12,10,90,54,36
WISE COUNTY,497,61 Years,773,384,389,659,320,339,4,3,1,24,13,11,86,48,38
WISE COUNTY,497,62 Years,761,370,391,670,324,346,6,3,3,16,11,5,69,32,37
WISE COUNTY,497,63 Years,702,347,355,633,314,319,2,1,1,11,4,7,56,28,28
WISE COUNTY,497,64 Years,676,332,344,603,294,309,3,2,1,9,3,6,61,33,28
WISE COUNTY,497,65 Years,683,333,350,611,295,316,3,2,1,9,3,6,60,33,27
WISE COUNTY,497,66 Years,634,293,341,576,262,314,3,2,1,11,5,6,44,24,20
WISE COUNTY,497,67 Years,670,343,327,617,312,305,5,2,3,9,5,4,39,24,15
WISE COUNTY,497,68 Years,653,332,321,596,304,292,3,1,2,17,9,8,37,18,19
WISE COUNTY,497,69 Years,593,304,289,534,272,262,4,2,2,13,7,6,42,23,19
WISE COUNTY,497,70 Years,543,259,284,499,233,266,1,1,0,6,2,4,37,23,14
WISE COUNTY,497,71 Years,546,271,275,513,257,256,0,0,0,5,2,3,28,12,16
WISE COUNTY,497,72 Years,523,251,272,486,239,247,0,0,0,7,2,5,30,10,20
WISE COUNTY,497,73 Years,470,220,250,433,207,226,2,1,1,8,3,5,27,9,18
WISE COUNTY,497,74 Years,434,208,226,391,191,200,2,1,1,10,3,7,31,13,18
WISE COUNTY,497,75 Years,378,184,194,347,166,181,2,1,1,3,2,1,26,15,11
WISE COUNTY,497,76 Years,341,160,181,314,148,166,2,1,1,2,1,1,23,10,13
WISE COUNTY,497,77 Years,310,157,153,284,148,136,0,0,0,6,2,4,20,7,13
WISE COUNTY,497,78 Years,293,136,157,274,128,146,0,0,0,8,4,4,11,4,7
WISE COUNTY,497,79 Years,260,112,148,245,105,140,0,0,0,4,2,2,11,5,6
WISE COUNTY,497,80 Years,235,105,130,221,98,123,0,0,0,2,1,1,12,6,6
WISE COUNTY,497,81 Years,242,115,127,222,105,117,2,0,2,4,2,2,14,8,6
WISE COUNTY,497,82 Years,204,100,104,188,92,96,2,1,1,4,2,2,10,5,5
WISE COUNTY,497,83 Years,164,82,82,154,76,78,0,0,0,2,1,1,8,5,3
WISE COUNTY,497,84 Years,155,68,87,143,61,82,2,0,2,2,2,0,8,5,3
WISE COUNTY,497,85 Years +,707,253,454,659,232,427,4,0,4,14,6,8,30,15,15
WOOD COUNTY,499,All Ages,43793,21588,22205,36374,17730,18644,2090,1044,1046,1066,527,539,4263,2287,1976
WOOD COUNTY,499,< 1 Year,415,226,189,280,153,127,24,10,14,37,21,16,74,42,32
WOOD COUNTY,499,1 Years,420,226,194,292,158,134,21,9,12,35,21,14,72,38,34
WOOD COUNTY,499,2 Years,423,220,203,296,155,141,19,10,9,36,21,15,72,34,38
WOOD COUNTY,499,3 Years,417,216,201,298,150,148,14,10,4,33,21,12,72,35,37
WOOD COUNTY,499,4 Years,431,222,209,303,153,150,14,9,5,36,22,14,78,38,40
WOOD COUNTY,499,5 Years,429,200,229,318,152,166,14,4,10,25,10,15,72,34,38
WOOD COUNTY,499,6 Years,445,229,216,317,171,146,17,7,10,19,9,10,92,42,50
WOOD COUNTY,499,7 Years,440,228,212,311,163,148,19,11,8,24,12,12,86,42,44
WOOD COUNTY,499,8 Years,465,249,216,340,181,159,14,6,8,24,11,13,87,51,36
WOOD COUNTY,499,9 Years,458,237,221,346,174,172,12,8,4,18,9,9,82,46,36
WOOD COUNTY,499,10 Years,457,244,213,333,176,157,15,9,6,20,11,9,89,48,41
WOOD COUNTY,499,11 Years,490,256,234,359,191,168,17,10,7,19,10,9,95,45,50
WOOD COUNTY,499,12 Years,501,247,254,357,175,182,22,11,11,24,12,12,98,49,49
WOOD COUNTY,499,13 Years,512,252,260,370,178,192,19,7,12,25,16,9,98,51,47
WOOD COUNTY,499,14 Years,539,274,265,379,190,189,26,14,12,23,14,9,111,56,55
WOOD COUNTY,499,15 Years,527,267,260,389,192,197,18,10,8,23,10,13,97,55,42
WOOD COUNTY,499,16 Years,542,271,271,404,201,203,16,7,9,20,8,12,102,55,47
WOOD COUNTY,499,17 Years,511,259,252,382,191,191,21,12,9,18,9,9,90,47,43
WOOD COUNTY,499,18 Years,525,264,261,385,184,201,40,30,10,17,8,9,83,42,41
WOOD COUNTY,499,19 Years,503,270,233,348,168,180,55,46,9,13,9,4,87,47,40
WOOD COUNTY,499,20 Years,478,256,222,340,172,168,45,38,7,12,6,6,81,40,41
WOOD COUNTY,499,21 Years,450,235,215,323,162,161,40,30,10,11,5,6,76,38,38
WOOD COUNTY,499,22 Years,459,253,206,311,163,148,50,33,17,11,7,4,87,50,37
WOOD COUNTY,499,23 Years,483,248,235,318,166,152,66,24,42,11,4,7,88,54,34
WOOD COUNTY,499,24 Years,483,244,239,303,157,146,92,37,55,6,2,4,82,48,34
WOOD COUNTY,499,25 Years,476,238,238,282,144,138,102,35,67,9,6,3,83,53,30
WOOD COUNTY,499,26 Years,443,215,228,273,133,140,89,35,54,8,5,3,73,42,31
WOOD COUNTY,499,27 Years,409,213,196,275,150,125,60,22,38,10,6,4,64,35,29
WOOD COUNTY,499,28 Years,367,206,161,260,143,117,35,20,15,7,3,4,65,40,25
WOOD COUNTY,499,29 Years,372,200,172,274,143,131,32,21,11,5,2,3,61,34,27
WOOD COUNTY,499,30 Years,307,147,160,228,104,124,21,11,10,7,3,4,51,29,22
WOOD COUNTY,499,31 Years,297,139,158,225,103,122,19,11,8,4,1,3,49,24,25
WOOD COUNTY,499,32 Years,320,164,156,244,124,120,17,9,8,4,2,2,55,29,26
WOOD COUNTY,499,33 Years,351,180,171,268,135,133,13,8,5,9,4,5,61,33,28
WOOD COUNTY,499,34 Years,379,186,193,298,143,155,16,11,5,6,3,3,59,29,30
WOOD COUNTY,499,35 Years,372,188,184,280,144,136,16,8,8,8,5,3,68,31,37
WOOD COUNTY,499,36 Years,384,196,188,308,156,152,14,5,9,9,5,4,53,30,23
WOOD COUNTY,499,37 Years,362,182,180,281,140,141,11,4,7,9,5,4,61,33,28
WOOD COUNTY,499,38 Years,379,188,191,298,146,152,14,6,8,8,3,5,59,33,26
WOOD COUNTY,499,39 Years,386,199,187,317,165,152,13,5,8,5,1,4,51,28,23
WOOD COUNTY,499,40 Years,379,198,181,318,168,150,8,3,5,5,1,4,48,26,22
WOOD COUNTY,499,41 Years,373,193,180,317,163,154,10,5,5,6,1,5,40,24,16
WOOD COUNTY,499,42 Years,403,185,218,332,149,183,10,4,6,6,1,5,55,31,24
WOOD COUNTY,499,43 Years,429,210,219,364,178,186,9,6,3,7,4,3,49,22,27
WOOD COUNTY,499,44 Years,440,232,208,374,197,177,13,9,4,11,8,3,42,18,24
WOOD COUNTY,499,45 Years,481,246,235,404,205,199,14,6,8,13,4,9,50,31,19
WOOD COUNTY,499,46 Years,479,249,230,403,206,197,13,7,6,9,3,6,54,33,21
WOOD COUNTY,499,47 Years,473,232,241,398,194,204,16,5,11,7,3,4,52,30,22
WOOD COUNTY,499,48 Years,457,219,238,386,177,209,19,9,10,7,3,4,45,30,15
WOOD COUNTY,499,49 Years,506,248,258,425,200,225,21,13,8,9,4,5,51,31,20
WOOD COUNTY,499,50 Years,541,265,276,471,223,248,20,12,8,10,3,7,40,27,13
WOOD COUNTY,499,51 Years,581,276,305,518,242,276,23,12,11,6,1,5,34,21,13
WOOD COUNTY,499,52 Years,563,279,284,488,239,249,22,10,12,10,5,5,43,25,18
WOOD COUNTY,499,53 Years,588,273,315,511,236,275,20,9,11,14,9,5,43,19,24
WOOD COUNTY,499,54 Years,623,311,312,547,276,271,23,16,7,19,8,11,34,11,23
WOOD COUNTY,499,55 Years,656,330,326,571,284,287,30,20,10,13,5,8,42,21,21
WOOD COUNTY,499,56 Years,629,315,314,562,283,279,27,12,15,6,3,3,34,17,17
WOOD COUNTY,499,57 Years,607,303,304,542,268,274,27,11,16,9,4,5,29,20,9
WOOD COUNTY,499,58 Years,683,328,355,601,285,316,44,22,22,8,6,2,30,15,15
WOOD COUNTY,499,59 Years,663,318,345,582,276,306,42,25,17,9,3,6,30,14,16
WOOD COUNTY,499,60 Years,679,306,373,615,276,339,26,13,13,12,3,9,26,14,12
WOOD COUNTY,499,61 Years,711,316,395,641,283,358,32,14,18,12,5,7,26,14,12
WOOD COUNTY,499,62 Years,695,311,384,631,280,351,27,14,13,11,4,7,26,13,13
WOOD COUNTY,499,63 Years,725,338,387,669,312,357,24,11,13,10,4,6,22,11,11
WOOD COUNTY,499,64 Years,736,352,384,678,322,356,20,7,13,16,9,7,22,14,8
WOOD COUNTY,499,65 Years,768,366,402,712,339,373,22,10,12,14,6,8,20,11,9
WOOD COUNTY,499,66 Years,812,403,409,754,371,383,22,12,10,18,9,9,18,11,7
WOOD COUNTY,499,67 Years,841,412,429,790,384,406,25,15,10,13,6,7,13,7,6
WOOD COUNTY,499,68 Years,844,419,425,797,397,400,23,9,14,9,3,6,15,10,5
WOOD COUNTY,499,69 Years,717,346,371,677,330,347,17,5,12,11,5,6,12,6,6
WOOD COUNTY,499,70 Years,740,359,381,704,338,366,11,5,6,11,8,3,14,8,6
WOOD COUNTY,499,71 Years,766,377,389,721,354,367,25,11,14,9,6,3,11,6,5
WOOD COUNTY,499,72 Years,720,350,370,679,329,350,25,12,13,6,2,4,10,7,3
WOOD COUNTY,499,73 Years,676,318,358,636,301,335,21,7,14,8,4,4,11,6,5
WOOD COUNTY,499,74 Years,607,278,329,571,267,304,17,5,12,7,2,5,12,4,8
WOOD COUNTY,499,75 Years,556,257,299,523,241,282,15,8,7,6,3,3,12,5,7
WOOD COUNTY,499,76 Years,514,247,267,479,230,249,19,8,11,7,5,2,9,4,5
WOOD COUNTY,499,77 Years,463,228,235,430,215,215,17,6,11,7,2,5,9,5,4
WOOD COUNTY,499,78 Years,407,211,196,384,199,185,11,7,4,4,2,2,8,3,5
WOOD COUNTY,499,79 Years,375,190,185,357,179,178,10,6,4,3,2,1,5,3,2
WOOD COUNTY,499,80 Years,377,189,188,354,179,175,9,4,5,7,2,5,7,4,3
WOOD COUNTY,499,81 Years,314,146,168,293,135,158,9,6,3,4,3,1,8,2,6
WOOD COUNTY,499,82 Years,275,130,145,255,121,134,9,2,7,4,3,1,7,4,3
WOOD COUNTY,499,83 Years,248,114,134,233,110,123,7,2,5,5,1,4,3,1,2
WOOD COUNTY,499,84 Years,215,95,120,197,88,109,8,3,5,5,1,4,5,3,2
WOOD COUNTY,499,85 Years +,1051,386,665,967,352,615,46,13,33,15,6,9,23,15,8
YOAKUM COUNTY,501,All Ages,8627,4338,4289,2971,1465,1506,67,28,39,112,55,57,5477,2790,2687
YOAKUM COUNTY,501,< 1 Year,141,78,63,21,12,9,1,0,1,0,0,0,119,66,53
YOAKUM COUNTY,501,1 Years,149,85,64,22,14,8,2,1,1,1,0,1,124,70,54
YOAKUM COUNTY,501,2 Years,141,79,62,23,14,9,2,1,1,2,1,1,114,63,51
YOAKUM COUNTY,501,3 Years,138,73,65,26,13,13,2,1,1,1,1,0,109,58,51
YOAKUM COUNTY,501,4 Years,119,61,58,23,12,11,0,0,0,2,1,1,94,48,46
YOAKUM COUNTY,501,5 Years,133,72,61,24,14,10,1,1,0,1,0,1,107,57,50
YOAKUM COUNTY,501,6 Years,157,69,88,35,17,18,1,0,1,4,0,4,117,52,65
YOAKUM COUNTY,501,7 Years,149,67,82,35,15,20,1,0,1,1,0,1,112,52,60
YOAKUM COUNTY,501,8 Years,138,64,74,41,20,21,1,0,1,3,0,3,93,44,49
YOAKUM COUNTY,501,9 Years,144,67,77,42,22,20,0,0,0,1,0,1,101,45,56
YOAKUM COUNTY,501,10 Years,150,74,76,36,19,17,1,1,0,2,0,2,111,54,57
YOAKUM COUNTY,501,11 Years,159,79,80,40,21,19,1,0,1,2,2,0,116,56,60
YOAKUM COUNTY,501,12 Years,143,68,75,39,21,18,0,0,0,3,2,1,101,45,56
YOAKUM COUNTY,501,13 Years,144,70,74,41,18,23,0,0,0,2,2,0,101,50,51
YOAKUM COUNTY,501,14 Years,149,74,75,35,15,20,0,0,0,1,0,1,113,59,54
YOAKUM COUNTY,501,15 Years,161,83,78,47,25,22,0,0,0,1,0,1,113,58,55
YOAKUM COUNTY,501,16 Years,161,93,68,45,25,20,0,0,0,2,1,1,114,67,47
YOAKUM COUNTY,501,17 Years,131,64,67,37,19,18,0,0,0,1,0,1,93,45,48
YOAKUM COUNTY,501,18 Years,128,61,67,31,17,14,0,0,0,2,1,1,95,43,52
YOAKUM COUNTY,501,19 Years,130,70,60,31,16,15,1,1,0,3,2,1,95,51,44
YOAKUM COUNTY,501,20 Years,116,61,55,30,17,13,1,1,0,1,1,0,84,42,42
YOAKUM COUNTY,501,21 Years,121,58,63,32,15,17,1,0,1,3,1,2,85,42,43
YOAKUM COUNTY,501,22 Years,146,77,69,39,21,18,1,0,1,2,1,1,104,55,49
YOAKUM COUNTY,501,23 Years,120,62,58,36,19,17,2,0,2,3,1,2,79,42,37
YOAKUM COUNTY,501,24 Years,106,56,50,27,16,11,1,0,1,1,1,0,77,39,38
YOAKUM COUNTY,501,25 Years,88,44,44,19,8,11,0,0,0,1,0,1,68,36,32
YOAKUM COUNTY,501,26 Years,89,40,49,17,5,12,0,0,0,2,2,0,70,33,37
YOAKUM COUNTY,501,27 Years,108,49,59,25,10,15,2,1,1,4,4,0,77,34,43
YOAKUM COUNTY,501,28 Years,111,59,52,20,11,9,2,1,1,2,2,0,87,45,42
YOAKUM COUNTY,501,29 Years,97,51,46,20,10,10,1,1,0,0,0,0,76,40,36
YOAKUM COUNTY,501,30 Years,91,53,38,17,8,9,0,0,0,1,0,1,73,45,28
YOAKUM COUNTY,501,31 Years,93,56,37,22,11,11,0,0,0,0,0,0,71,45,26
YOAKUM COUNTY,501,32 Years,103,57,46,32,14,18,1,1,0,0,0,0,70,42,28
YOAKUM COUNTY,501,33 Years,118,61,57,32,16,16,2,0,2,1,0,1,83,45,38
YOAKUM COUNTY,501,34 Years,119,49,70,38,16,22,1,0,1,3,2,1,77,31,46
YOAKUM COUNTY,501,35 Years,105,35,70,28,9,19,1,0,1,1,0,1,75,26,49
YOAKUM COUNTY,501,36 Years,99,50,49,23,13,10,0,0,0,1,0,1,75,37,38
YOAKUM COUNTY,501,37 Years,103,61,42,24,15,9,0,0,0,3,2,1,76,44,32
YOAKUM COUNTY,501,38 Years,116,66,50,29,18,11,1,1,0,1,0,1,85,47,38
YOAKUM COUNTY,501,39 Years,118,65,53,32,17,15,1,1,0,1,1,0,84,46,38
YOAKUM COUNTY,501,40 Years,108,58,50,35,18,17,1,0,1,1,1,0,71,39,32
YOAKUM COUNTY,501,41 Years,93,45,48,26,14,12,1,0,1,0,0,0,66,31,35
YOAKUM COUNTY,501,42 Years,87,44,43,22,13,9,0,0,0,1,1,0,64,30,34
YOAKUM COUNTY,501,43 Years,99,42,57,31,14,17,0,0,0,0,0,0,68,28,40
YOAKUM COUNTY,501,44 Years,92,44,48,26,14,12,0,0,0,1,0,1,65,30,35
YOAKUM COUNTY,501,45 Years,100,49,51,36,19,17,0,0,0,1,0,1,63,30,33
YOAKUM COUNTY,501,46 Years,112,52,60,41,18,23,1,0,1,2,1,1,68,33,35
YOAKUM COUNTY,501,47 Years,93,43,50,29,13,16,1,0,1,1,0,1,62,30,32
YOAKUM COUNTY,501,48 Years,101,53,48,29,15,14,0,0,0,3,2,1,69,36,33
YOAKUM COUNTY,501,49 Years,96,49,47,27,11,16,1,0,1,2,1,1,66,37,29
YOAKUM COUNTY,501,50 Years,105,55,50,31,15,16,1,0,1,1,1,0,72,39,33
YOAKUM COUNTY,501,51 Years,99,54,45,36,20,16,0,0,0,1,1,0,62,33,29
YOAKUM COUNTY,501,52 Years,106,53,53,48,22,26,0,0,0,1,1,0,57,30,27
YOAKUM COUNTY,501,53 Years,112,55,57,51,25,26,2,0,2,1,0,1,58,30,28
YOAKUM COUNTY,501,54 Years,106,57,49,60,28,32,1,1,0,4,3,1,41,25,16
YOAKUM COUNTY,501,55 Years,119,67,52,60,36,24,1,1,0,3,2,1,55,28,27
YOAKUM COUNTY,501,56 Years,115,54,61,55,30,25,3,2,1,1,0,1,56,22,34
YOAKUM COUNTY,501,57 Years,107,53,54,53,29,24,1,0,1,0,0,0,53,24,29
YOAKUM COUNTY,501,58 Years,110,62,48,64,39,25,1,0,1,0,0,0,45,23,22
YOAKUM COUNTY,501,59 Years,104,51,53,60,27,33,3,2,1,1,0,1,40,22,18
YOAKUM COUNTY,501,60 Years,99,48,51,51,23,28,3,1,2,0,0,0,45,24,21
YOAKUM COUNTY,501,61 Years,95,49,46,51,23,28,1,1,0,1,1,0,42,24,18
YOAKUM COUNTY,501,62 Years,78,40,38,44,20,24,0,0,0,1,0,1,33,20,13
YOAKUM COUNTY,501,63 Years,83,41,42,45,21,24,1,0,1,1,0,1,36,20,16
YOAKUM COUNTY,501,64 Years,89,46,43,50,26,24,2,1,1,0,0,0,37,19,18
YOAKUM COUNTY,501,65 Years,76,37,39,40,20,20,1,1,0,1,0,1,34,16,18
YOAKUM COUNTY,501,66 Years,76,36,40,46,19,27,1,1,0,0,0,0,29,16,13
YOAKUM COUNTY,501,67 Years,71,39,32,43,23,20,0,0,0,3,3,0,25,13,12
YOAKUM COUNTY,501,68 Years,73,38,35,47,23,24,0,0,0,2,2,0,24,13,11
YOAKUM COUNTY,501,69 Years,68,29,39,37,14,23,1,1,0,2,1,1,28,13,15
YOAKUM COUNTY,501,70 Years,54,27,27,31,14,17,1,1,0,0,0,0,22,12,10
YOAKUM COUNTY,501,71 Years,63,32,31,39,19,20,0,0,0,2,0,2,22,13,9
YOAKUM COUNTY,501,72 Years,57,30,27,36,19,17,0,0,0,1,0,1,20,11,9
YOAKUM COUNTY,501,73 Years,48,24,24,27,12,15,0,0,0,3,1,2,18,11,7
YOAKUM COUNTY,501,74 Years,45,22,23,27,14,13,0,0,0,2,1,1,16,7,9
YOAKUM COUNTY,501,75 Years,46,23,23,30,14,16,1,1,0,0,0,0,15,8,7
YOAKUM COUNTY,501,76 Years,45,19,26,30,13,17,1,0,1,0,0,0,14,6,8
YOAKUM COUNTY,501,77 Years,37,17,20,25,12,13,1,0,1,0,0,0,11,5,6
YOAKUM COUNTY,501,78 Years,34,13,21,26,10,16,0,0,0,1,1,0,7,2,5
YOAKUM COUNTY,501,79 Years,32,14,18,21,9,12,0,0,0,0,0,0,11,5,6
YOAKUM COUNTY,501,80 Years,36,18,18,25,13,12,1,0,1,0,0,0,10,5,5
YOAKUM COUNTY,501,81 Years,32,14,18,25,11,14,1,0,1,0,0,0,6,3,3
YOAKUM COUNTY,501,82 Years,33,15,18,21,8,13,0,0,0,0,0,0,12,7,5
YOAKUM COUNTY,501,83 Years,25,11,14,16,7,9,0,0,0,0,0,0,9,4,5
YOAKUM COUNTY,501,84 Years,18,8,10,13,6,7,0,0,0,0,0,0,5,2,3
YOAKUM COUNTY,501,85 Years +,118,47,71,89,34,55,1,1,0,1,0,1,27,12,15
YOUNG COUNTY,503,All Ages,18918,9433,9485,14663,7160,7503,224,123,101,370,171,199,3661,1979,1682
YOUNG COUNTY,503,< 1 Year,228,112,116,141,70,71,0,0,0,10,6,4,77,36,41
YOUNG COUNTY,503,1 Years,228,116,112,146,75,71,0,0,0,9,5,4,73,36,37
YOUNG COUNTY,503,2 Years,242,130,112,158,85,73,2,1,1,7,3,4,75,41,34
YOUNG COUNTY,503,3 Years,239,124,115,157,84,73,2,0,2,7,2,5,73,38,35
YOUNG COUNTY,503,4 Years,245,126,119,155,85,70,2,0,2,7,1,6,81,40,41
YOUNG COUNTY,503,5 Years,258,149,109,156,89,67,3,1,2,9,7,2,90,52,38
YOUNG COUNTY,503,6 Years,260,139,121,153,80,73,3,2,1,8,4,4,96,53,43
YOUNG COUNTY,503,7 Years,243,125,118,149,72,77,3,2,1,10,6,4,81,45,36
YOUNG COUNTY,503,8 Years,252,141,111,152,84,68,6,2,4,9,5,4,85,50,35
YOUNG COUNTY,503,9 Years,249,126,123,147,73,74,4,2,2,11,7,4,87,44,43
YOUNG COUNTY,503,10 Years,234,109,125,138,65,73,2,2,0,7,4,3,87,38,49
YOUNG COUNTY,503,11 Years,257,124,133,169,84,85,2,1,1,5,3,2,81,36,45
YOUNG COUNTY,503,12 Years,265,133,132,177,89,88,3,1,2,8,5,3,77,38,39
YOUNG COUNTY,503,13 Years,265,128,137,188,87,101,2,1,1,7,3,4,68,37,31
YOUNG COUNTY,503,14 Years,267,132,135,186,88,98,4,4,0,3,1,2,74,39,35
YOUNG COUNTY,503,15 Years,269,140,129,185,98,87,3,3,0,4,1,3,77,38,39
YOUNG COUNTY,503,16 Years,259,140,119,188,99,89,4,4,0,4,1,3,63,36,27
YOUNG COUNTY,503,17 Years,249,140,109,175,92,83,4,4,0,6,2,4,64,42,22
YOUNG COUNTY,503,18 Years,217,118,99,157,82,75,1,1,0,4,1,3,55,34,21
YOUNG COUNTY,503,19 Years,223,116,107,155,75,80,2,2,0,5,3,2,61,36,25
YOUNG COUNTY,503,20 Years,202,106,96,144,74,70,2,2,0,4,1,3,52,29,23
YOUNG COUNTY,503,21 Years,205,115,90,146,81,65,2,2,0,5,2,3,52,30,22
YOUNG COUNTY,503,22 Years,217,108,109,157,82,75,3,0,3,6,1,5,51,25,26
YOUNG COUNTY,503,23 Years,235,129,106,167,96,71,2,1,1,8,2,6,58,30,28
YOUNG COUNTY,503,24 Years,201,98,103,133,64,69,3,2,1,5,3,2,60,29,31
YOUNG COUNTY,503,25 Years,204,105,99,139,66,73,2,2,0,4,3,1,59,34,25
YOUNG COUNTY,503,26 Years,195,99,96,134,64,70,3,3,0,7,4,3,51,28,23
YOUNG COUNTY,503,27 Years,190,98,92,118,59,59,5,3,2,6,2,4,61,34,27
YOUNG COUNTY,503,28 Years,182,92,90,119,57,62,1,1,0,4,1,3,58,33,25
YOUNG COUNTY,503,29 Years,214,120,94,141,74,67,1,0,1,7,3,4,65,43,22
YOUNG COUNTY,503,30 Years,209,107,102,142,65,77,5,3,2,7,3,4,55,36,19
YOUNG COUNTY,503,31 Years,192,104,88,138,74,64,4,3,1,2,0,2,48,27,21
YOUNG COUNTY,503,32 Years,220,117,103,154,81,73,2,1,1,3,2,1,61,33,28
YOUNG COUNTY,503,33 Years,204,115,89,138,77,61,4,2,2,3,1,2,59,35,24
YOUNG COUNTY,503,34 Years,209,110,99,154,75,79,2,2,0,4,2,2,49,31,18
YOUNG COUNTY,503,35 Years,183,97,86,133,69,64,1,1,0,3,2,1,46,25,21
YOUNG COUNTY,503,36 Years,184,92,92,136,64,72,0,0,0,2,1,1,46,27,19
YOUNG COUNTY,503,37 Years,198,98,100,150,70,80,1,0,1,3,0,3,44,28,16
YOUNG COUNTY,503,38 Years,181,92,89,127,63,64,4,2,2,2,0,2,48,27,21
YOUNG COUNTY,503,39 Years,183,90,93,132,63,69,2,1,1,1,0,1,48,26,22
YOUNG COUNTY,503,40 Years,204,91,113,151,64,87,2,2,0,3,2,1,48,23,25
YOUNG COUNTY,503,41 Years,228,113,115,171,85,86,2,2,0,4,2,2,51,24,27
YOUNG COUNTY,503,42 Years,223,116,107,177,91,86,2,2,0,3,2,1,41,21,20
YOUNG COUNTY,503,43 Years,217,106,111,171,83,88,2,1,1,2,1,1,42,21,21
YOUNG COUNTY,503,44 Years,214,100,114,175,79,96,2,1,1,1,1,0,36,19,17
YOUNG COUNTY,503,45 Years,216,105,111,171,80,91,3,2,1,3,1,2,39,22,17
YOUNG COUNTY,503,46 Years,215,113,102,166,85,81,3,2,1,6,4,2,40,22,18
YOUNG COUNTY,503,47 Years,220,109,111,168,86,82,1,1,0,7,3,4,44,19,25
YOUNG COUNTY,503,48 Years,213,107,106,166,82,84,3,2,1,4,1,3,40,22,18
YOUNG COUNTY,503,49 Years,222,114,108,170,83,87,3,1,2,1,0,1,48,30,18
YOUNG COUNTY,503,50 Years,261,126,135,214,102,112,4,1,3,2,1,1,41,22,19
YOUNG COUNTY,503,51 Years,259,132,127,219,112,107,5,3,2,2,1,1,33,16,17
YOUNG COUNTY,503,52 Years,259,130,129,206,103,103,4,1,3,4,2,2,45,24,21
YOUNG COUNTY,503,53 Years,277,129,148,230,106,124,5,2,3,4,2,2,38,19,19
YOUNG COUNTY,503,54 Years,279,137,142,242,120,122,2,1,1,2,0,2,33,16,17
YOUNG COUNTY,503,55 Years,299,145,154,253,121,132,5,3,2,4,2,2,37,19,18
YOUNG COUNTY,503,56 Years,296,144,152,246,120,126,5,4,1,5,1,4,40,19,21
YOUNG COUNTY,503,57 Years,287,144,143,243,120,123,3,1,2,4,1,3,37,22,15
YOUNG COUNTY,503,58 Years,291,140,151,255,122,133,4,0,4,3,1,2,29,17,12
YOUNG COUNTY,503,59 Years,296,157,139,258,135,123,5,2,3,3,3,0,30,17,13
YOUNG COUNTY,503,60 Years,262,126,136,235,112,123,5,2,3,2,1,1,20,11,9
YOUNG COUNTY,503,61 Years,243,123,120,217,111,106,2,0,2,5,3,2,19,9,10
YOUNG COUNTY,503,62 Years,272,132,140,248,122,126,2,0,2,4,3,1,18,7,11
YOUNG COUNTY,503,63 Years,294,139,155,258,123,135,2,0,2,6,2,4,28,14,14
YOUNG COUNTY,503,64 Years,242,133,109,218,118,100,1,1,0,5,4,1,18,10,8
YOUNG COUNTY,503,65 Years,229,125,104,207,112,95,2,1,1,3,1,2,17,11,6
YOUNG COUNTY,503,66 Years,210,101,109,194,92,102,1,0,1,1,0,1,14,9,5
YOUNG COUNTY,503,67 Years,228,103,125,212,96,116,4,1,3,3,0,3,9,6,3
YOUNG COUNTY,503,68 Years,234,117,117,216,108,108,2,1,1,3,1,2,13,7,6
YOUNG COUNTY,503,69 Years,190,92,98,172,84,88,4,1,3,3,1,2,11,6,5
YOUNG COUNTY,503,70 Years,191,94,97,174,83,91,3,2,1,4,2,2,10,7,3
YOUNG COUNTY,503,71 Years,192,89,103,180,81,99,2,1,1,2,2,0,8,5,3
YOUNG COUNTY,503,72 Years,173,79,94,161,72,89,2,1,1,4,3,1,6,3,3
YOUNG COUNTY,503,73 Years,175,85,90,165,77,88,0,0,0,2,2,0,8,6,2
YOUNG COUNTY,503,74 Years,169,83,86,155,74,81,0,0,0,4,3,1,10,6,4
YOUNG COUNTY,503,75 Years,136,60,76,130,57,73,1,0,1,2,1,1,3,2,1
YOUNG COUNTY,503,76 Years,132,60,72,123,54,69,1,0,1,2,1,1,6,5,1
YOUNG COUNTY,503,77 Years,110,48,62,103,44,59,4,2,2,0,0,0,3,2,1
YOUNG COUNTY,503,78 Years,129,60,69,122,57,65,3,2,1,2,0,2,2,1,1
YOUNG COUNTY,503,79 Years,125,56,69,114,51,63,1,1,0,3,0,3,7,4,3
YOUNG COUNTY,503,80 Years,128,58,70,115,52,63,3,2,1,3,1,2,7,3,4
YOUNG COUNTY,503,81 Years,114,49,65,102,44,58,2,1,1,1,0,1,9,4,5
YOUNG COUNTY,503,82 Years,106,41,65,95,35,60,2,2,0,1,1,0,8,3,5
YOUNG COUNTY,503,83 Years,100,43,57,92,40,52,1,1,0,1,1,0,6,1,5
YOUNG COUNTY,503,84 Years,89,39,50,86,39,47,0,0,0,1,0,1,2,0,2
YOUNG COUNTY,503,85 Years +,512,180,332,483,169,314,8,3,5,10,4,6,11,4,7
ZAPATA COUNTY,505,All Ages,14245,7214,7031,747,392,355,8,5,3,58,23,35,13432,6794,6638
ZAPATA COUNTY,505,< 1 Year,299,161,138,0,0,0,0,0,0,0,0,0,299,161,138
ZAPATA COUNTY,505,1 Years,299,162,137,3,2,1,0,0,0,0,0,0,296,160,136
ZAPATA COUNTY,505,2 Years,302,160,142,4,2,2,0,0,0,0,0,0,298,158,140
ZAPATA COUNTY,505,3 Years,296,149,147,7,2,5,0,0,0,0,0,0,289,147,142
ZAPATA COUNTY,505,4 Years,317,158,159,8,2,6,0,0,0,0,0,0,309,156,153
ZAPATA COUNTY,505,5 Years,320,173,147,7,3,4,0,0,0,0,0,0,313,170,143
ZAPATA COUNTY,505,6 Years,279,152,127,6,3,3,0,0,0,1,1,0,272,148,124
ZAPATA COUNTY,505,7 Years,274,149,125,3,1,2,0,0,0,0,0,0,271,148,123
ZAPATA COUNTY,505,8 Years,266,147,119,6,3,3,0,0,0,0,0,0,260,144,116
ZAPATA COUNTY,505,9 Years,237,138,99,7,5,2,0,0,0,0,0,0,230,133,97
ZAPATA COUNTY,505,10 Years,261,148,113,6,4,2,0,0,0,1,1,0,254,143,111
ZAPATA COUNTY,505,11 Years,251,136,115,8,6,2,0,0,0,2,1,1,241,129,112
ZAPATA COUNTY,505,12 Years,240,128,112,6,4,2,0,0,0,2,1,1,232,123,109
ZAPATA COUNTY,505,13 Years,258,135,123,6,3,3,0,0,0,1,0,1,251,132,119
ZAPATA COUNTY,505,14 Years,237,125,112,3,1,2,0,0,0,1,0,1,233,124,109
ZAPATA COUNTY,505,15 Years,234,119,115,3,2,1,1,1,0,0,0,0,230,116,114
ZAPATA COUNTY,505,16 Years,257,128,129,6,2,4,0,0,0,1,1,0,250,125,125
ZAPATA COUNTY,505,17 Years,243,124,119,6,3,3,0,0,0,0,0,0,237,121,116
ZAPATA COUNTY,505,18 Years,230,128,102,7,6,1,0,0,0,0,0,0,223,122,101
ZAPATA COUNTY,505,19 Years,235,126,109,6,3,3,0,0,0,3,2,1,226,121,105
ZAPATA COUNTY,505,20 Years,220,113,107,5,3,2,0,0,0,3,1,2,212,109,103
ZAPATA COUNTY,505,21 Years,230,130,100,5,3,2,0,0,0,0,0,0,225,127,98
ZAPATA COUNTY,505,22 Years,235,118,117,4,2,2,0,0,0,0,0,0,231,116,115
ZAPATA COUNTY,505,23 Years,235,123,112,4,2,2,0,0,0,2,0,2,229,121,108
ZAPATA COUNTY,505,24 Years,225,115,110,7,5,2,0,0,0,1,0,1,217,110,107
ZAPATA COUNTY,505,25 Years,215,107,108,7,3,4,0,0,0,2,0,2,206,104,102
ZAPATA COUNTY,505,26 Years,198,96,102,7,4,3,0,0,0,0,0,0,191,92,99
ZAPATA COUNTY,505,27 Years,179,97,82,5,2,3,0,0,0,0,0,0,174,95,79
ZAPATA COUNTY,505,28 Years,180,87,93,2,1,1,0,0,0,0,0,0,178,86,92
ZAPATA COUNTY,505,29 Years,198,102,96,5,3,2,0,0,0,0,0,0,193,99,94
ZAPATA COUNTY,505,30 Years,183,83,100,5,2,3,0,0,0,0,0,0,178,81,97
ZAPATA COUNTY,505,31 Years,163,87,76,6,4,2,0,0,0,0,0,0,157,83,74
ZAPATA COUNTY,505,32 Years,176,89,87,5,2,3,0,0,0,0,0,0,171,87,84
ZAPATA COUNTY,505,33 Years,179,85,94,7,4,3,0,0,0,0,0,0,172,81,91
ZAPATA COUNTY,505,34 Years,175,89,86,5,3,2,0,0,0,0,0,0,170,86,84
ZAPATA COUNTY,505,35 Years,174,86,88,2,1,1,1,0,1,0,0,0,171,85,86
ZAPATA COUNTY,505,36 Years,155,80,75,2,0,2,0,0,0,0,0,0,153,80,73
ZAPATA COUNTY,505,37 Years,165,83,82,6,2,4,0,0,0,0,0,0,159,81,78
ZAPATA COUNTY,505,38 Years,178,94,84,6,3,3,0,0,0,1,0,1,171,91,80
ZAPATA COUNTY,505,39 Years,180,88,92,8,3,5,0,0,0,0,0,0,172,85,87
ZAPATA COUNTY,505,40 Years,186,85,101,10,5,5,0,0,0,0,0,0,176,80,96
ZAPATA COUNTY,505,41 Years,166,75,91,8,3,5,0,0,0,0,0,0,158,72,86
ZAPATA COUNTY,505,42 Years,152,74,78,3,1,2,0,0,0,1,1,0,148,72,76
ZAPATA COUNTY,505,43 Years,154,69,85,5,3,2,0,0,0,1,1,0,148,65,83
ZAPATA COUNTY,505,44 Years,155,71,84,2,1,1,0,0,0,2,2,0,151,68,83
ZAPATA COUNTY,505,45 Years,152,76,76,3,2,1,0,0,0,1,1,0,148,73,75
ZAPATA COUNTY,505,46 Years,143,67,76,5,5,0,0,0,0,3,1,2,135,61,74
ZAPATA COUNTY,505,47 Years,139,68,71,5,4,1,0,0,0,2,1,1,132,63,69
ZAPATA COUNTY,505,48 Years,146,68,78,5,3,2,1,1,0,0,0,0,140,64,76
ZAPATA COUNTY,505,49 Years,152,63,89,5,1,4,0,0,0,3,1,2,144,61,83
ZAPATA COUNTY,505,50 Years,143,67,76,7,4,3,0,0,0,1,0,1,135,63,72
ZAPATA COUNTY,505,51 Years,148,69,79,7,4,3,0,0,0,0,0,0,141,65,76
ZAPATA COUNTY,505,52 Years,147,70,77,11,6,5,0,0,0,1,0,1,135,64,71
ZAPATA COUNTY,505,53 Years,139,75,64,8,3,5,0,0,0,0,0,0,131,72,59
ZAPATA COUNTY,505,54 Years,145,74,71,6,2,4,0,0,0,0,0,0,139,72,67
ZAPATA COUNTY,505,55 Years,135,70,65,9,6,3,0,0,0,1,1,0,125,63,62
ZAPATA COUNTY,505,56 Years,128,70,58,6,5,1,0,0,0,0,0,0,122,65,57
ZAPATA COUNTY,505,57 Years,122,64,58,9,7,2,0,0,0,0,0,0,113,57,56
ZAPATA COUNTY,505,58 Years,125,70,55,9,7,2,0,0,0,1,1,0,115,62,53
ZAPATA COUNTY,505,59 Years,110,57,53,5,4,1,1,1,0,0,0,0,104,52,52
ZAPATA COUNTY,505,60 Years,128,66,62,10,6,4,0,0,0,1,1,0,117,59,58
ZAPATA COUNTY,505,61 Years,117,63,54,11,5,6,1,1,0,2,1,1,103,56,47
ZAPATA COUNTY,505,62 Years,115,57,58,11,6,5,1,0,1,2,1,1,101,50,51
ZAPATA COUNTY,505,63 Years,104,46,58,8,4,4,0,0,0,2,0,2,94,42,52
ZAPATA COUNTY,505,64 Years,109,53,56,14,9,5,0,0,0,1,0,1,94,44,50
ZAPATA COUNTY,505,65 Years,105,48,57,11,6,5,0,0,0,1,0,1,93,42,51
ZAPATA COUNTY,505,66 Years,113,46,67,15,6,9,0,0,0,1,0,1,97,40,57
ZAPATA COUNTY,505,67 Years,112,46,66,20,8,12,0,0,0,1,0,1,91,38,53
ZAPATA COUNTY,505,68 Years,107,49,58,17,8,9,0,0,0,2,1,1,88,40,48
ZAPATA COUNTY,505,69 Years,101,45,56,18,8,10,0,0,0,1,0,1,82,37,45
ZAPATA COUNTY,505,70 Years,88,35,53,12,7,5,0,0,0,1,0,1,75,28,47
ZAPATA COUNTY,505,71 Years,81,31,50,16,9,7,0,0,0,0,0,0,65,22,43
ZAPATA COUNTY,505,72 Years,85,40,45,18,10,8,0,0,0,0,0,0,67,30,37
ZAPATA COUNTY,505,73 Years,84,42,42,16,9,7,0,0,0,0,0,0,68,33,35
ZAPATA COUNTY,505,74 Years,82,42,40,19,8,11,0,0,0,0,0,0,63,34,29
ZAPATA COUNTY,505,75 Years,72,36,36,17,7,10,0,0,0,1,0,1,54,29,25
ZAPATA COUNTY,505,76 Years,61,30,31,16,10,6,0,0,0,1,0,1,44,20,24
ZAPATA COUNTY,505,77 Years,66,36,30,22,10,12,0,0,0,0,0,0,44,26,18
ZAPATA COUNTY,505,78 Years,52,28,24,16,7,9,0,0,0,0,0,0,36,21,15
ZAPATA COUNTY,505,79 Years,48,19,29,14,6,8,0,0,0,0,0,0,34,13,21
ZAPATA COUNTY,505,80 Years,46,17,29,12,7,5,1,0,1,1,0,1,32,10,22
ZAPATA COUNTY,505,81 Years,42,21,21,10,7,3,1,1,0,0,0,0,31,13,18
ZAPATA COUNTY,505,82 Years,32,17,15,11,7,4,0,0,0,1,1,0,20,9,11
ZAPATA COUNTY,505,83 Years,27,12,15,11,5,6,0,0,0,0,0,0,16,7,9
ZAPATA COUNTY,505,84 Years,29,12,17,11,5,6,0,0,0,0,0,0,18,7,11
ZAPATA COUNTY,505,85 Years +,174,77,97,52,27,25,0,0,0,1,0,1,121,50,71
ZAVALA COUNTY,507,All Ages,12255,6054,6201,648,321,327,34,20,14,34,15,19,11539,5698,5841
ZAVALA COUNTY,507,< 1 Year,221,110,111,7,3,4,2,1,1,0,0,0,212,106,106
ZAVALA COUNTY,507,1 Years,222,108,114,6,3,3,0,0,0,0,0,0,216,105,111
ZAVALA COUNTY,507,2 Years,229,117,112,7,4,3,0,0,0,0,0,0,222,113,109
ZAVALA COUNTY,507,3 Years,230,112,118,7,3,4,0,0,0,0,0,0,223,109,114
ZAVALA COUNTY,507,4 Years,226,107,119,7,3,4,0,0,0,0,0,0,219,104,115
ZAVALA COUNTY,507,5 Years,226,108,118,6,4,2,0,0,0,0,0,0,220,104,116
ZAVALA COUNTY,507,6 Years,201,99,102,13,3,10,0,0,0,0,0,0,188,96,92
ZAVALA COUNTY,507,7 Years,195,104,91,9,4,5,2,0,2,0,0,0,184,100,84
ZAVALA COUNTY,507,8 Years,192,97,95,9,5,4,0,0,0,0,0,0,183,92,91
ZAVALA COUNTY,507,9 Years,218,118,100,7,4,3,0,0,0,0,0,0,211,114,97
ZAVALA COUNTY,507,10 Years,225,109,116,5,0,5,0,0,0,0,0,0,220,109,111
ZAVALA COUNTY,507,11 Years,196,95,101,6,1,5,1,0,1,0,0,0,189,94,95
ZAVALA COUNTY,507,12 Years,195,102,93,7,3,4,1,1,0,0,0,0,187,98,89
ZAVALA COUNTY,507,13 Years,195,92,103,5,1,4,1,0,1,0,0,0,189,91,98
ZAVALA COUNTY,507,14 Years,184,90,94,4,2,2,2,0,2,1,0,1,177,88,89
ZAVALA COUNTY,507,15 Years,195,98,97,4,2,2,1,0,1,2,1,1,188,95,93
ZAVALA COUNTY,507,16 Years,196,86,110,8,2,6,1,1,0,1,0,1,186,83,103
ZAVALA COUNTY,507,17 Years,192,93,99,6,2,4,2,2,0,1,0,1,183,89,94
ZAVALA COUNTY,507,18 Years,178,86,92,9,5,4,1,1,0,2,1,1,166,79,87
ZAVALA COUNTY,507,19 Years,173,87,86,6,3,3,1,0,1,1,0,1,165,84,81
ZAVALA COUNTY,507,20 Years,191,99,92,4,1,3,0,0,0,0,0,0,187,98,89
ZAVALA COUNTY,507,21 Years,197,91,106,4,3,1,1,0,1,0,0,0,192,88,104
ZAVALA COUNTY,507,22 Years,214,110,104,6,4,2,1,0,1,0,0,0,207,106,101
ZAVALA COUNTY,507,23 Years,206,97,109,9,3,6,0,0,0,1,0,1,196,94,102
ZAVALA COUNTY,507,24 Years,196,115,81,9,6,3,1,1,0,0,0,0,186,108,78
ZAVALA COUNTY,507,25 Years,199,113,86,6,4,2,1,1,0,0,0,0,192,108,84
ZAVALA COUNTY,507,26 Years,166,98,68,7,5,2,0,0,0,1,1,0,158,92,66
ZAVALA COUNTY,507,27 Years,153,90,63,5,3,2,1,1,0,0,0,0,147,86,61
ZAVALA COUNTY,507,28 Years,183,111,72,9,7,2,1,1,0,0,0,0,173,103,70
ZAVALA COUNTY,507,29 Years,167,102,65,8,4,4,1,1,0,0,0,0,158,97,61
ZAVALA COUNTY,507,30 Years,147,81,66,7,5,2,0,0,0,0,0,0,140,76,64
ZAVALA COUNTY,507,31 Years,132,76,56,6,3,3,1,1,0,0,0,0,125,72,53
ZAVALA COUNTY,507,32 Years,149,80,69,7,3,4,1,1,0,0,0,0,141,76,65
ZAVALA COUNTY,507,33 Years,145,76,69,7,4,3,0,0,0,1,0,1,137,72,65
ZAVALA COUNTY,507,34 Years,151,76,75,9,4,5,1,0,1,0,0,0,141,72,69
ZAVALA COUNTY,507,35 Years,147,72,75,9,3,6,0,0,0,0,0,0,138,69,69
ZAVALA COUNTY,507,36 Years,128,61,67,8,4,4,2,1,1,0,0,0,118,56,62
ZAVALA COUNTY,507,37 Years,117,59,58,4,2,2,0,0,0,1,1,0,112,56,56
ZAVALA COUNTY,507,38 Years,115,58,57,8,6,2,0,0,0,0,0,0,107,52,55
ZAVALA COUNTY,507,39 Years,132,63,69,5,3,2,0,0,0,0,0,0,127,60,67
ZAVALA COUNTY,507,40 Years,134,71,63,4,2,2,0,0,0,0,0,0,130,69,61
ZAVALA COUNTY,507,41 Years,118,62,56,5,3,2,0,0,0,1,0,1,112,59,53
ZAVALA COUNTY,507,42 Years,145,68,77,8,4,4,0,0,0,1,0,1,136,64,72
ZAVALA COUNTY,507,43 Years,130,68,62,6,3,3,0,0,0,0,0,0,124,65,59
ZAVALA COUNTY,507,44 Years,124,55,69,6,2,4,0,0,0,1,1,0,117,52,65
ZAVALA COUNTY,507,45 Years,125,62,63,9,4,5,1,1,0,1,0,1,114,57,57
ZAVALA COUNTY,507,46 Years,123,61,62,9,3,6,1,1,0,0,0,0,113,57,56
ZAVALA COUNTY,507,47 Years,129,55,74,6,4,2,0,0,0,0,0,0,123,51,72
ZAVALA COUNTY,507,48 Years,138,70,68,7,5,2,0,0,0,2,1,1,129,64,65
ZAVALA COUNTY,507,49 Years,132,67,65,5,2,3,0,0,0,2,1,1,125,64,61
ZAVALA COUNTY,507,50 Years,122,57,65,8,4,4,0,0,0,0,0,0,114,53,61
ZAVALA COUNTY,507,51 Years,124,56,68,4,2,2,0,0,0,1,1,0,119,53,66
ZAVALA COUNTY,507,52 Years,121,63,58,5,2,3,0,0,0,2,1,1,114,60,54
ZAVALA COUNTY,507,53 Years,126,65,61,11,6,5,0,0,0,2,1,1,113,58,55
ZAVALA COUNTY,507,54 Years,139,72,67,8,4,4,0,0,0,1,0,1,130,68,62
ZAVALA COUNTY,507,55 Years,150,76,74,9,5,4,0,0,0,0,0,0,141,71,70
ZAVALA COUNTY,507,56 Years,139,62,77,6,2,4,0,0,0,0,0,0,133,60,73
ZAVALA COUNTY,507,57 Years,120,56,64,8,2,6,0,0,0,0,0,0,112,54,58
ZAVALA COUNTY,507,58 Years,137,68,69,8,5,3,0,0,0,0,0,0,129,63,66
ZAVALA COUNTY,507,59 Years,132,66,66,8,6,2,0,0,0,0,0,0,124,60,64
ZAVALA COUNTY,507,60 Years,134,64,70,7,4,3,0,0,0,1,0,1,126,60,66
ZAVALA COUNTY,507,61 Years,123,63,60,5,4,1,1,1,0,1,1,0,116,57,59
ZAVALA COUNTY,507,62 Years,131,60,71,8,3,5,0,0,0,1,1,0,122,56,66
ZAVALA COUNTY,507,63 Years,125,61,64,15,7,8,0,0,0,0,0,0,110,54,56
ZAVALA COUNTY,507,64 Years,126,58,68,15,9,6,0,0,0,2,1,1,109,48,61
ZAVALA COUNTY,507,65 Years,128,54,74,13,6,7,1,0,1,0,0,0,114,48,66
ZAVALA COUNTY,507,66 Years,127,49,78,11,5,6,0,0,0,0,0,0,116,44,72
ZAVALA COUNTY,507,67 Years,117,53,64,10,5,5,0,0,0,0,0,0,107,48,59
ZAVALA COUNTY,507,68 Years,98,44,54,12,7,5,0,0,0,0,0,0,86,37,49
ZAVALA COUNTY,507,69 Years,97,43,54,9,5,4,0,0,0,0,0,0,88,38,50
ZAVALA COUNTY,507,70 Years,85,38,47,11,5,6,0,0,0,0,0,0,74,33,41
ZAVALA COUNTY,507,71 Years,93,41,52,10,6,4,0,0,0,0,0,0,83,35,48
ZAVALA COUNTY,507,72 Years,90,43,47,8,4,4,0,0,0,1,1,0,81,38,43
ZAVALA COUNTY,507,73 Years,70,29,41,8,4,4,0,0,0,0,0,0,62,25,37
ZAVALA COUNTY,507,74 Years,64,29,35,6,2,4,0,0,0,0,0,0,58,27,31
ZAVALA COUNTY,507,75 Years,63,32,31,5,3,2,0,0,0,0,0,0,58,29,29
ZAVALA COUNTY,507,76 Years,54,26,28,2,2,0,0,0,0,0,0,0,52,24,28
ZAVALA COUNTY,507,77 Years,51,21,30,5,4,1,0,0,0,0,0,0,46,17,29
ZAVALA COUNTY,507,78 Years,59,28,31,11,4,7,1,1,0,0,0,0,47,23,24
ZAVALA COUNTY,507,79 Years,55,23,32,8,3,5,1,1,0,0,0,0,46,19,27
ZAVALA COUNTY,507,80 Years,44,17,27,3,2,1,0,0,0,0,0,0,41,15,26
ZAVALA COUNTY,507,81 Years,45,19,26,4,2,2,0,0,0,0,0,0,41,17,24
ZAVALA COUNTY,507,82 Years,36,14,22,5,2,3,0,0,0,0,0,0,31,12,19
ZAVALA COUNTY,507,83 Years,39,13,26,5,3,2,0,0,0,0,0,0,34,10,24
ZAVALA COUNTY,507,84 Years,40,11,29,5,3,2,0,0,0,0,0,0,35,8,27
ZAVALA COUNTY,507,85 Years +,229,95,134,32,13,19,1,1,0,2,1,1,194,80,114
