County,FIPS,Age,Total,Total Male,Total Female,Anglo Total,Anglo Male,Anglo Female,Black Total,Black Male,Black Female,Other Total,Other Male,Other Female,Hispanic Total,Hispanic Male,Hispanic Female
STATE OF TEXAS,000,All Ages,26448193,13140348,13307845,11460706,5671064,5789642,3044184,1471304,1572880,1602890,783288,819602,10340413,5214692,5125721
STATE OF TEXAS,000,< 1 Year,397473,202827,194646,130182,66449,63733,43540,22224,21316,28700,14705,13995,195051,99449,95602
STATE OF TEXAS,000,1 Years,390390,199022,191368,130208,66389,63819,43138,21974,21164,22368,11411,10957,194676,99248,95428
STATE OF TEXAS,000,2 Years,385038,196338,188700,130631,66613,64018,42702,21748,20954,22335,11408,10927,189370,96569,92801
STATE OF TEXAS,000,3 Years,380392,193855,186537,121188,62230,58958,42031,21230,20801,25634,13109,12525,191539,97286,94253
STATE OF TEXAS,000,4 Years,381352,194449,186903,119081,61004,58077,42579,21538,21041,27207,13911,13296,192485,97996,94489
STATE OF TEXAS,000,5 Years,389350,198844,190506,121563,62302,59261,43779,22237,21542,28385,14521,13864,195623,99784,95839
STATE OF TEXAS,000,6 Years,392664,200658,192006,123281,63268,60013,44387,22701,21686,28369,14463,13906,196627,100226,96401
STATE OF TEXAS,000,7 Years,391046,199751,191295,123894,63793,60101,44181,22344,21837,28223,14320,13903,194748,99294,95454
STATE OF TEXAS,000,8 Years,391560,199974,191586,125033,64153,60880,43933,22212,21721,28036,14170,13866,194558,99439,95119
STATE OF TEXAS,000,9 Years,391971,200072,191899,126613,64901,61712,43964,22305,21659,27673,13969,13704,193721,98897,94824
STATE OF TEXAS,000,10 Years,393762,200913,192849,127680,65459,62221,44747,22805,21942,26837,13497,13340,194498,99152,95346
STATE OF TEXAS,000,11 Years,396506,203061,193445,128026,65708,62318,46169,23660,22509,25838,13096,12742,196473,100597,95876
STATE OF TEXAS,000,12 Years,403777,206912,196865,130544,67105,63439,47694,24522,23172,25903,13210,12693,199636,102075,97561
STATE OF TEXAS,000,13 Years,403954,207134,196820,132222,68031,64191,48599,24883,23716,25087,12784,12303,198046,101436,96610
STATE OF TEXAS,000,14 Years,395338,202810,192528,131655,67655,64000,47776,24530,23246,24034,12228,11806,191873,98397,93476
STATE OF TEXAS,000,15 Years,389186,199949,189237,130712,67382,63330,47627,24442,23185,23752,12057,11695,187095,96068,91027
STATE OF TEXAS,000,16 Years,386945,198551,188394,131671,67665,64006,47663,24344,23319,23724,11986,11738,183887,94556,89331
STATE OF TEXAS,000,17 Years,386495,198882,187613,132552,68116,64436,47938,24707,23231,23438,11942,11496,182567,94117,88450
STATE OF TEXAS,000,18 Years,389940,200762,189178,134833,69078,65755,49644,25490,24154,23155,11876,11279,182308,94318,87990
STATE OF TEXAS,000,19 Years,396196,204805,191391,138677,71328,67349,51193,26378,24815,23292,11974,11318,183034,95125,87909
STATE OF TEXAS,000,20 Years,392017,203058,188959,136579,70347,66232,51530,26522,25008,22625,11643,10982,181283,94546,86737
STATE OF TEXAS,000,21 Years,392552,203715,188837,138148,71446,66702,50957,26044,24913,22573,11610,10963,180874,94615,86259
STATE OF TEXAS,000,22 Years,388224,201168,187056,138457,71313,67144,50096,25185,24911,22510,11576,10934,177161,93094,84067
STATE OF TEXAS,000,23 Years,380771,197146,183625,137227,70216,67011,48355,24140,24215,22573,11594,10979,172616,91196,81420
STATE OF TEXAS,000,24 Years,372987,193377,179610,136779,69605,67174,45915,22940,22975,23102,11921,11181,167191,88911,78280
STATE OF TEXAS,000,25 Years,371323,192425,178898,137694,69743,67951,44053,21853,22200,23293,11888,11405,166283,88941,77342
STATE OF TEXAS,000,26 Years,374125,193053,181072,140934,71188,69746,43301,21393,21908,23646,11817,11829,166244,88655,77589
STATE OF TEXAS,000,27 Years,379115,194490,184625,145349,73122,72227,43496,21460,22036,24488,12300,12188,165782,87608,78174
STATE OF TEXAS,000,28 Years,380863,194454,186409,148028,74689,73339,43216,21310,21906,25210,12597,12613,164409,85858,78551
STATE OF TEXAS,000,29 Years,376980,191390,185590,146506,73956,72550,42552,20773,21779,25988,12787,13201,161934,83874,78060
STATE OF TEXAS,000,30 Years,383637,194141,189496,149022,75132,73890,43451,21154,22297,26675,12939,13736,164489,84916,79573
STATE OF TEXAS,000,31 Years,384249,193301,190948,149716,75238,74478,43888,21231,22657,26462,12530,13932,164183,84302,79881
STATE OF TEXAS,000,32 Years,386740,193663,193077,150664,76025,74639,45438,21653,23785,26237,12349,13888,164401,83636,80765
STATE OF TEXAS,000,33 Years,387064,193887,193177,150037,75907,74130,46898,22165,24733,26329,12409,13920,163800,83406,80394
STATE OF TEXAS,000,34 Years,366469,183454,183015,142305,72033,70272,45009,21259,23750,25756,12095,13661,153399,78067,75332
STATE OF TEXAS,000,35 Years,358949,179097,179852,139118,69943,69175,43148,20345,22803,25347,11930,13417,151336,76879,74457
STATE OF TEXAS,000,36 Years,354901,176696,178205,136248,68485,67763,42221,19945,22276,25455,12026,13429,150977,76240,74737
STATE OF TEXAS,000,37 Years,353220,175493,177727,134305,67745,66560,41595,19460,22135,26228,12368,13860,151092,75920,75172
STATE OF TEXAS,000,38 Years,356691,177247,179444,136817,68923,67894,41615,19662,21953,26655,12543,14112,151604,76119,75485
STATE OF TEXAS,000,39 Years,349462,172663,176799,134713,67613,67100,41738,19733,22005,26405,12366,14039,146606,72951,73655
STATE OF TEXAS,000,40 Years,352851,174134,178717,137662,69372,68290,42825,20188,22637,26488,12465,14023,145876,72109,73767
STATE OF TEXAS,000,41 Years,362069,178609,183460,147384,74263,73121,43893,20846,23047,26217,12336,13881,144575,71164,73411
STATE OF TEXAS,000,42 Years,372398,183936,188462,159157,80069,79088,45424,21636,23788,26078,12394,13684,141739,69837,71902
STATE OF TEXAS,000,43 Years,370376,183602,186774,160978,81037,79941,44255,21076,23179,25361,12081,13280,139782,69408,70374
STATE OF TEXAS,000,44 Years,349960,174079,175881,153382,77143,76239,41469,19947,21522,23773,11511,12262,131336,65478,65858
STATE OF TEXAS,000,45 Years,337108,167801,169307,147461,74416,73045,41195,19857,21338,21999,10624,11375,126453,62904,63549
STATE OF TEXAS,000,46 Years,331192,165075,166117,146946,74150,72796,41264,19854,21410,20620,9966,10654,122362,61105,61257
STATE OF TEXAS,000,47 Years,333443,166242,167201,149541,74926,74615,42348,20326,22022,20527,10010,10517,121027,60980,60047
STATE OF TEXAS,000,48 Years,348199,173007,175192,161829,80851,80978,44329,21146,23183,20649,10015,10634,121392,60995,60397
STATE OF TEXAS,000,49 Years,352115,174634,177481,170740,85058,85682,43671,20769,22902,20782,10134,10648,116922,58673,58249
STATE OF TEXAS,000,50 Years,353445,175025,178420,176118,87499,88619,43249,20659,22590,20509,9972,10537,113569,56895,56674
STATE OF TEXAS,000,51 Years,350191,173160,177031,179215,88902,90313,42836,20439,22397,18977,9150,9827,109163,54669,54494
STATE OF TEXAS,000,52 Years,351172,173253,177919,182749,90637,92112,43175,20624,22551,18697,8923,9774,106551,53069,53482
STATE OF TEXAS,000,53 Years,352706,174799,177907,186361,92752,93609,43188,20819,22369,18454,8805,9649,104703,52423,52280
STATE OF TEXAS,000,54 Years,339771,167693,172078,182838,90904,91934,41793,19973,21820,17546,8271,9275,97594,48545,49049
STATE OF TEXAS,000,55 Years,335309,165024,170285,183726,91266,92460,40509,19267,21242,17235,8195,9040,93839,46296,47543
STATE OF TEXAS,000,56 Years,327570,160283,167287,181261,89621,91640,39380,18658,20722,16940,7937,9003,89989,44067,45922
STATE OF TEXAS,000,57 Years,317572,155081,162491,176860,87118,89742,38045,18095,19950,16463,7783,8680,86204,42085,44119
STATE OF TEXAS,000,58 Years,310593,151269,159324,176013,86713,89300,36526,17206,19320,15867,7463,8404,82187,39887,42300
STATE OF TEXAS,000,59 Years,294742,142482,152260,170220,83237,86983,33492,15547,17945,14820,6938,7882,76210,36760,39450
STATE OF TEXAS,000,60 Years,282977,136636,146341,165465,80976,84489,31497,14589,16908,14416,6640,7776,71599,34431,37168
STATE OF TEXAS,000,61 Years,269021,129412,139609,159396,77844,81552,29801,13607,16194,13389,6109,7280,66435,31852,34583
STATE OF TEXAS,000,62 Years,257166,123247,133919,151008,73506,77502,28794,13119,15675,13063,5925,7138,64301,30697,33604
STATE OF TEXAS,000,63 Years,251572,120369,131203,149312,72664,76648,27332,12435,14897,12944,5901,7043,61984,29369,32615
STATE OF TEXAS,000,64 Years,242264,115822,126442,146499,71167,75332,25601,11612,13989,12181,5627,6554,57983,27416,30567
STATE OF TEXAS,000,65 Years,240289,114987,125302,149903,72904,76999,23819,10884,12935,11434,5297,6137,55133,25902,29231
STATE OF TEXAS,000,66 Years,234398,112060,122338,150542,73298,77244,21408,9700,11708,10584,4857,5727,51864,24205,27659
STATE OF TEXAS,000,67 Years,194307,92507,101800,120685,58692,61993,18165,8087,10078,9093,4256,4837,46364,21472,24892
STATE OF TEXAS,000,68 Years,182608,86199,96409,113828,54767,59061,17055,7426,9629,8550,4014,4536,43175,19992,23183
STATE OF TEXAS,000,69 Years,178340,83789,94551,114937,55131,59806,15870,6836,9034,7831,3676,4155,39702,18146,21556
STATE OF TEXAS,000,70 Years,170010,79744,90266,111203,53239,57964,14980,6549,8431,7414,3539,3875,36413,16417,19996
STATE OF TEXAS,000,71 Years,154080,72014,82066,100706,48109,52597,13566,5857,7709,6809,3248,3561,32999,14800,18199
STATE OF TEXAS,000,72 Years,141898,65476,76422,92331,43564,48767,12567,5287,7280,6158,2906,3252,30842,13719,17123
STATE OF TEXAS,000,73 Years,131841,60562,71279,85389,39997,45392,11601,4841,6760,5721,2690,3031,29130,13034,16096
STATE OF TEXAS,000,74 Years,123167,56266,66901,80698,37620,43078,10435,4429,6006,5200,2428,2772,26834,11789,15045
STATE OF TEXAS,000,75 Years,116418,52580,63838,76519,35340,41179,9678,3973,5705,4781,2269,2512,25440,10998,14442
STATE OF TEXAS,000,76 Years,108105,48345,59760,70889,32507,38382,9126,3632,5494,4340,2013,2327,23750,10193,13557
STATE OF TEXAS,000,77 Years,102854,45280,57574,67892,30775,37117,8484,3308,5176,3958,1766,2192,22520,9431,13089
STATE OF TEXAS,000,78 Years,98768,43155,55613,65669,29377,36292,8216,3205,5011,3487,1595,1892,21396,8978,12418
STATE OF TEXAS,000,79 Years,89792,38821,50971,60005,26535,33470,7494,2891,4603,3136,1399,1737,19157,7996,11161
STATE OF TEXAS,000,80 Years,83488,35456,48032,56491,24636,31855,6965,2592,4373,2887,1236,1651,17145,6992,10153
STATE OF TEXAS,000,81 Years,78553,33052,45501,53705,23161,30544,6106,2242,3864,2500,1046,1454,16242,6603,9639
STATE OF TEXAS,000,82 Years,74251,30753,43498,51089,21671,29418,5599,2025,3574,2359,973,1386,15204,6084,9120
STATE OF TEXAS,000,83 Years,69864,28185,41679,47926,19802,28124,5333,1849,3484,2200,890,1310,14405,5644,8761
STATE OF TEXAS,000,84 Years,62440,24740,37700,43290,17540,25750,4736,1590,3146,1803,747,1056,12611,4863,7748
STATE OF TEXAS,000,85 Years +,343266,118216,225050,245996,85010,160986,25334,7306,18028,9103,3343,5760,62833,22557,40276
ANDERSON COUNTY,001,All Ages,59008,35824,23184,35565,19640,15925,12255,8877,3378,1285,615,670,9903,6692,3211
ANDERSON COUNTY,001,< 1 Year,582,296,286,336,171,165,88,43,45,13,6,7,145,76,69
ANDERSON COUNTY,001,1 Years,584,300,284,346,177,169,85,44,41,11,6,5,142,73,69
ANDERSON COUNTY,001,2 Years,586,300,286,352,180,172,85,43,42,13,7,6,136,70,66
ANDERSON COUNTY,001,3 Years,589,310,279,318,164,154,103,52,51,31,14,17,137,80,57
ANDERSON COUNTY,001,4 Years,628,306,322,344,165,179,102,44,58,36,17,19,146,80,66
ANDERSON COUNTY,001,5 Years,645,314,331,345,167,178,95,40,55,47,23,24,158,84,74
ANDERSON COUNTY,001,6 Years,653,333,320,357,184,173,90,41,49,42,22,20,164,86,78
ANDERSON COUNTY,001,7 Years,648,324,324,363,184,179,96,37,59,37,18,19,152,85,67
ANDERSON COUNTY,001,8 Years,643,336,307,347,172,175,100,54,46,32,16,16,164,94,70
ANDERSON COUNTY,001,9 Years,629,325,304,370,187,183,90,53,37,24,12,12,145,73,72
ANDERSON COUNTY,001,10 Years,659,358,301,371,205,166,98,53,45,30,16,14,160,84,76
ANDERSON COUNTY,001,11 Years,669,368,301,371,211,160,111,48,63,28,17,11,159,92,67
ANDERSON COUNTY,001,12 Years,672,357,315,390,207,183,101,50,51,26,15,11,155,85,70
ANDERSON COUNTY,001,13 Years,671,343,328,402,212,190,88,44,44,27,14,13,154,73,81
ANDERSON COUNTY,001,14 Years,672,341,331,395,201,194,94,55,39,29,13,16,154,72,82
ANDERSON COUNTY,001,15 Years,598,292,306,350,174,176,82,42,40,25,8,17,141,68,73
ANDERSON COUNTY,001,16 Years,618,316,302,367,192,175,96,50,46,28,8,20,127,66,61
ANDERSON COUNTY,001,17 Years,615,301,314,370,186,184,95,46,49,28,11,17,122,58,64
ANDERSON COUNTY,001,18 Years,614,331,283,326,174,152,111,59,52,24,12,12,153,86,67
ANDERSON COUNTY,001,19 Years,642,364,278,344,175,169,118,77,41,14,9,5,166,103,63
ANDERSON COUNTY,001,20 Years,638,378,260,335,184,151,124,84,40,18,8,10,161,102,59
ANDERSON COUNTY,001,21 Years,652,393,259,368,208,160,131,92,39,17,7,10,136,86,50
ANDERSON COUNTY,001,22 Years,665,418,247,357,207,150,146,106,40,13,5,8,149,100,49
ANDERSON COUNTY,001,23 Years,744,484,260,390,224,166,175,133,42,9,6,3,170,121,49
ANDERSON COUNTY,001,24 Years,739,456,283,388,204,184,160,113,47,11,8,3,180,131,49
ANDERSON COUNTY,001,25 Years,823,545,278,404,232,172,205,160,45,10,6,4,204,147,57
ANDERSON COUNTY,001,26 Years,844,574,270,425,253,172,206,159,47,12,6,6,201,156,45
ANDERSON COUNTY,001,27 Years,898,628,270,443,269,174,231,185,46,10,6,4,214,168,46
ANDERSON COUNTY,001,28 Years,875,618,257,428,249,179,222,189,33,11,9,2,214,171,43
ANDERSON COUNTY,001,29 Years,837,606,231,401,250,151,240,198,42,11,7,4,185,151,34
ANDERSON COUNTY,001,30 Years,932,655,277,444,266,178,248,207,41,15,8,7,225,174,51
ANDERSON COUNTY,001,31 Years,918,655,263,414,239,175,253,222,31,12,5,7,239,189,50
ANDERSON COUNTY,001,32 Years,961,678,283,445,261,184,259,221,38,15,5,10,242,191,51
ANDERSON COUNTY,001,33 Years,957,676,281,463,289,174,241,206,35,13,4,9,240,177,63
ANDERSON COUNTY,001,34 Years,955,697,258,424,265,159,286,244,42,10,5,5,235,183,52
ANDERSON COUNTY,001,35 Years,908,654,254,433,264,169,253,217,36,13,7,6,209,166,43
ANDERSON COUNTY,001,36 Years,880,645,235,433,276,157,257,220,37,13,6,7,177,143,34
ANDERSON COUNTY,001,37 Years,839,593,246,420,257,163,241,206,35,16,9,7,162,121,41
ANDERSON COUNTY,001,38 Years,908,656,252,457,298,159,252,213,39,18,11,7,181,134,47
ANDERSON COUNTY,001,39 Years,907,646,261,463,290,173,253,218,35,18,9,9,173,129,44
ANDERSON COUNTY,001,40 Years,923,648,275,461,284,177,248,209,39,21,8,13,193,147,46
ANDERSON COUNTY,001,41 Years,947,661,286,486,306,180,242,202,40,26,9,17,193,144,49
ANDERSON COUNTY,001,42 Years,974,694,280,516,332,184,258,221,37,22,11,11,178,130,48
ANDERSON COUNTY,001,43 Years,972,699,273,493,322,171,272,225,47,16,8,8,191,144,47
ANDERSON COUNTY,001,44 Years,917,658,259,490,312,178,257,219,38,13,4,9,157,123,34
ANDERSON COUNTY,001,45 Years,897,630,267,492,297,195,261,225,36,13,5,8,131,103,28
ANDERSON COUNTY,001,46 Years,914,633,281,495,296,199,264,222,42,12,5,7,143,110,33
ANDERSON COUNTY,001,47 Years,925,646,279,511,319,192,258,208,50,9,5,4,147,114,33
ANDERSON COUNTY,001,48 Years,899,607,292,540,327,213,224,184,40,7,2,5,128,94,34
ANDERSON COUNTY,001,49 Years,985,683,302,593,378,215,233,189,44,11,5,6,148,111,37
ANDERSON COUNTY,001,50 Years,982,669,313,570,351,219,252,202,50,16,9,7,144,107,37
ANDERSON COUNTY,001,51 Years,946,622,324,582,342,240,232,184,48,14,5,9,118,91,27
ANDERSON COUNTY,001,52 Years,955,646,309,591,368,223,244,190,54,14,8,6,106,80,26
ANDERSON COUNTY,001,53 Years,886,572,314,577,349,228,209,154,55,16,7,9,84,62,22
ANDERSON COUNTY,001,54 Years,846,524,322,562,317,245,196,146,50,13,6,7,75,55,20
ANDERSON COUNTY,001,55 Years,885,550,335,611,359,252,182,132,50,16,8,8,76,51,25
ANDERSON COUNTY,001,56 Years,825,486,339,563,313,250,183,131,52,15,5,10,64,37,27
ANDERSON COUNTY,001,57 Years,779,443,336,547,290,257,165,112,53,15,6,9,52,35,17
ANDERSON COUNTY,001,58 Years,768,428,340,565,304,261,142,84,58,13,7,6,48,33,15
ANDERSON COUNTY,001,59 Years,756,417,339,553,288,265,134,87,47,16,9,7,53,33,20
ANDERSON COUNTY,001,60 Years,718,417,301,523,278,245,130,92,38,12,8,4,53,39,14
ANDERSON COUNTY,001,61 Years,723,405,318,541,291,250,117,74,43,5,3,2,60,37,23
ANDERSON COUNTY,001,62 Years,701,396,305,505,274,231,128,83,45,12,4,8,56,35,21
ANDERSON COUNTY,001,63 Years,639,347,292,484,254,230,87,52,35,15,7,8,53,34,19
ANDERSON COUNTY,001,64 Years,651,338,313,506,249,257,87,55,32,12,8,4,46,26,20
ANDERSON COUNTY,001,65 Years,604,316,288,498,256,242,66,39,27,8,4,4,32,17,15
ANDERSON COUNTY,001,66 Years,600,309,291,502,247,255,57,37,20,8,6,2,33,19,14
ANDERSON COUNTY,001,67 Years,498,266,232,410,214,196,52,32,20,12,6,6,24,14,10
ANDERSON COUNTY,001,68 Years,484,249,235,397,201,196,54,29,25,8,4,4,25,15,10
ANDERSON COUNTY,001,69 Years,493,267,226,415,224,191,54,27,27,5,3,2,19,13,6
ANDERSON COUNTY,001,70 Years,513,254,259,426,213,213,48,23,25,7,1,6,32,17,15
ANDERSON COUNTY,001,71 Years,441,217,224,362,178,184,50,23,27,6,3,3,23,13,10
ANDERSON COUNTY,001,72 Years,407,208,199,331,170,161,54,22,32,6,3,3,16,13,3
ANDERSON COUNTY,001,73 Years,391,191,200,325,162,163,42,18,24,9,3,6,15,8,7
ANDERSON COUNTY,001,74 Years,356,179,177,302,151,151,35,18,17,4,0,4,15,10,5
ANDERSON COUNTY,001,75 Years,323,143,180,283,123,160,28,12,16,3,2,1,9,6,3
ANDERSON COUNTY,001,76 Years,290,130,160,244,108,136,33,15,18,2,1,1,11,6,5
ANDERSON COUNTY,001,77 Years,263,123,140,213,99,114,40,18,22,3,1,2,7,5,2
ANDERSON COUNTY,001,78 Years,306,137,169,251,112,139,38,18,20,7,2,5,10,5,5
ANDERSON COUNTY,001,79 Years,257,116,141,207,90,117,35,16,19,4,2,2,11,8,3
ANDERSON COUNTY,001,80 Years,240,110,130,198,92,106,32,11,21,3,2,1,7,5,2
ANDERSON COUNTY,001,81 Years,212,96,116,175,81,94,26,11,15,2,1,1,9,3,6
ANDERSON COUNTY,001,82 Years,198,83,115,164,73,91,24,8,16,4,0,4,6,2,4
ANDERSON COUNTY,001,83 Years,178,72,106,152,63,89,17,6,11,3,1,2,6,2,4
ANDERSON COUNTY,001,84 Years,157,55,102,132,48,84,22,6,16,2,1,1,1,0,1
ANDERSON COUNTY,001,85 Years +,887,314,573,722,262,460,132,38,94,15,6,9,18,8,10
ANDREWS COUNTY,003,All Ages,16491,8244,8247,7597,3717,3880,211,106,105,340,164,176,8343,4257,4086
ANDREWS COUNTY,003,< 1 Year,289,148,141,96,48,48,1,1,0,6,3,3,186,96,90
ANDREWS COUNTY,003,1 Years,267,136,131,93,48,45,1,0,1,7,3,4,166,85,81
ANDREWS COUNTY,003,2 Years,264,135,129,93,47,46,1,1,0,6,3,3,164,84,80
ANDREWS COUNTY,003,3 Years,268,138,130,83,41,42,2,1,1,5,4,1,178,92,86
ANDREWS COUNTY,003,4 Years,252,139,113,90,45,45,4,4,0,6,5,1,152,85,67
ANDREWS COUNTY,003,5 Years,264,143,121,89,46,43,4,1,3,6,3,3,165,93,72
ANDREWS COUNTY,003,6 Years,282,155,127,89,55,34,2,0,2,4,1,3,187,99,88
ANDREWS COUNTY,003,7 Years,274,145,129,86,50,36,3,1,2,6,2,4,179,92,87
ANDREWS COUNTY,003,8 Years,275,148,127,88,49,39,4,4,0,3,1,2,180,94,86
ANDREWS COUNTY,003,9 Years,265,127,138,82,42,40,4,4,0,5,1,4,174,80,94
ANDREWS COUNTY,003,10 Years,252,129,123,86,45,41,3,3,0,7,4,3,156,77,79
ANDREWS COUNTY,003,11 Years,246,127,119,82,42,40,2,2,0,3,2,1,159,81,78
ANDREWS COUNTY,003,12 Years,263,129,134,91,49,42,7,3,4,7,2,5,158,75,83
ANDREWS COUNTY,003,13 Years,246,121,125,84,46,38,8,5,3,5,1,4,149,69,80
ANDREWS COUNTY,003,14 Years,254,138,116,78,42,36,5,3,2,11,4,7,160,89,71
ANDREWS COUNTY,003,15 Years,258,135,123,89,45,44,4,0,4,7,5,2,158,85,73
ANDREWS COUNTY,003,16 Years,267,153,114,92,50,42,3,2,1,4,3,1,168,98,70
ANDREWS COUNTY,003,17 Years,270,147,123,96,56,40,5,3,2,4,2,2,165,86,79
ANDREWS COUNTY,003,18 Years,250,126,124,93,48,45,5,4,1,9,6,3,143,68,75
ANDREWS COUNTY,003,19 Years,246,127,119,85,43,42,3,3,0,8,4,4,150,77,73
ANDREWS COUNTY,003,20 Years,224,132,92,80,47,33,1,1,0,6,4,2,137,80,57
ANDREWS COUNTY,003,21 Years,233,125,108,79,43,36,4,4,0,4,4,0,146,74,72
ANDREWS COUNTY,003,22 Years,203,95,108,64,30,34,3,2,1,5,2,3,131,61,70
ANDREWS COUNTY,003,23 Years,203,111,92,73,39,34,2,1,1,4,2,2,124,69,55
ANDREWS COUNTY,003,24 Years,242,125,117,92,44,48,5,2,3,6,4,2,139,75,64
ANDREWS COUNTY,003,25 Years,221,117,104,94,51,43,3,2,1,2,1,1,122,63,59
ANDREWS COUNTY,003,26 Years,216,114,102,85,45,40,1,0,1,1,0,1,129,69,60
ANDREWS COUNTY,003,27 Years,195,93,102,72,29,43,1,0,1,0,0,0,122,64,58
ANDREWS COUNTY,003,28 Years,212,101,111,82,34,48,1,1,0,2,2,0,127,64,63
ANDREWS COUNTY,003,29 Years,200,93,107,79,36,43,1,0,1,7,3,4,113,54,59
ANDREWS COUNTY,003,30 Years,236,116,120,103,52,51,1,0,1,4,2,2,128,62,66
ANDREWS COUNTY,003,31 Years,228,115,113,93,42,51,1,0,1,5,2,3,129,71,58
ANDREWS COUNTY,003,32 Years,212,104,108,91,39,52,1,1,0,8,8,0,112,56,56
ANDREWS COUNTY,003,33 Years,216,115,101,91,48,43,3,1,2,6,5,1,116,61,55
ANDREWS COUNTY,003,34 Years,213,118,95,94,52,42,2,1,1,4,3,1,113,62,51
ANDREWS COUNTY,003,35 Years,203,99,104,87,42,45,1,0,1,4,3,1,111,54,57
ANDREWS COUNTY,003,36 Years,216,96,120,94,44,50,4,1,3,3,2,1,115,49,66
ANDREWS COUNTY,003,37 Years,206,90,116,89,39,50,3,1,2,4,1,3,110,49,61
ANDREWS COUNTY,003,38 Years,198,100,98,83,37,46,6,3,3,2,0,2,107,60,47
ANDREWS COUNTY,003,39 Years,205,105,100,86,42,44,3,2,1,3,1,2,113,60,53
ANDREWS COUNTY,003,40 Years,194,96,98,91,45,46,4,1,3,2,0,2,97,50,47
ANDREWS COUNTY,003,41 Years,175,90,85,95,47,48,3,2,1,2,0,2,75,41,34
ANDREWS COUNTY,003,42 Years,180,91,89,91,46,45,0,0,0,2,1,1,87,44,43
ANDREWS COUNTY,003,43 Years,185,92,93,87,45,42,2,2,0,3,3,0,93,42,51
ANDREWS COUNTY,003,44 Years,190,82,108,88,42,46,3,1,2,2,1,1,97,38,59
ANDREWS COUNTY,003,45 Years,217,91,126,106,46,60,2,0,2,6,2,4,103,43,60
ANDREWS COUNTY,003,46 Years,196,92,104,86,40,46,2,0,2,6,2,4,102,50,52
ANDREWS COUNTY,003,47 Years,191,106,85,81,43,38,4,1,3,4,2,2,102,60,42
ANDREWS COUNTY,003,48 Years,216,104,112,112,53,59,1,0,1,5,1,4,98,50,48
ANDREWS COUNTY,003,49 Years,236,107,129,119,47,72,2,1,1,4,1,3,111,58,53
ANDREWS COUNTY,003,50 Years,235,114,121,126,61,65,3,1,2,4,1,3,102,51,51
ANDREWS COUNTY,003,51 Years,227,120,107,119,64,55,3,1,2,7,5,2,98,50,48
ANDREWS COUNTY,003,52 Years,249,133,116,146,77,69,3,1,2,6,4,2,94,51,43
ANDREWS COUNTY,003,53 Years,234,131,103,131,71,60,2,2,0,4,1,3,97,57,40
ANDREWS COUNTY,003,54 Years,228,110,118,127,61,66,2,0,2,6,3,3,93,46,47
ANDREWS COUNTY,003,55 Years,224,103,121,122,59,63,3,0,3,7,4,3,92,40,52
ANDREWS COUNTY,003,56 Years,237,118,119,150,77,73,2,1,1,6,3,3,79,37,42
ANDREWS COUNTY,003,57 Years,216,107,109,136,71,65,1,0,1,4,1,3,75,35,40
ANDREWS COUNTY,003,58 Years,201,98,103,128,61,67,3,2,1,3,0,3,67,35,32
ANDREWS COUNTY,003,59 Years,191,92,99,124,58,66,5,2,3,4,1,3,58,31,27
ANDREWS COUNTY,003,60 Years,172,79,93,114,57,57,5,2,3,4,0,4,49,20,29
ANDREWS COUNTY,003,61 Years,159,79,80,99,51,48,2,1,1,4,0,4,54,27,27
ANDREWS COUNTY,003,62 Years,169,95,74,92,50,42,4,1,3,6,3,3,67,41,26
ANDREWS COUNTY,003,63 Years,161,84,77,97,49,48,4,1,3,2,2,0,58,32,26
ANDREWS COUNTY,003,64 Years,159,78,81,101,42,59,1,1,0,5,2,3,52,33,19
ANDREWS COUNTY,003,65 Years,138,64,74,87,35,52,1,1,0,6,4,2,44,24,20
ANDREWS COUNTY,003,66 Years,130,62,68,82,36,46,3,2,1,2,1,1,43,23,20
ANDREWS COUNTY,003,67 Years,102,51,51,62,32,30,2,1,1,3,1,2,35,17,18
ANDREWS COUNTY,003,68 Years,96,50,46,58,31,27,1,1,0,3,1,2,34,17,17
ANDREWS COUNTY,003,69 Years,106,54,52,76,39,37,2,2,0,1,0,1,27,13,14
ANDREWS COUNTY,003,70 Years,102,45,57,69,32,37,2,1,1,3,1,2,28,11,17
ANDREWS COUNTY,003,71 Years,91,46,45,61,29,32,2,1,1,2,1,1,26,15,11
ANDREWS COUNTY,003,72 Years,90,40,50,59,28,31,2,0,2,0,0,0,29,12,17
ANDREWS COUNTY,003,73 Years,81,33,48,64,27,37,1,0,1,1,0,1,15,6,9
ANDREWS COUNTY,003,74 Years,78,28,50,51,17,34,0,0,0,0,0,0,27,11,16
ANDREWS COUNTY,003,75 Years,83,36,47,55,20,35,1,1,0,2,1,1,25,14,11
ANDREWS COUNTY,003,76 Years,71,28,43,45,15,30,1,1,0,1,1,0,24,11,13
ANDREWS COUNTY,003,77 Years,89,33,56,71,27,44,0,0,0,0,0,0,18,6,12
ANDREWS COUNTY,003,78 Years,80,32,48,69,28,41,1,0,1,0,0,0,10,4,6
ANDREWS COUNTY,003,79 Years,68,30,38,51,24,27,0,0,0,2,0,2,15,6,9
ANDREWS COUNTY,003,80 Years,66,34,32,49,25,24,1,1,0,1,0,1,15,8,7
ANDREWS COUNTY,003,81 Years,57,24,33,45,19,26,0,0,0,1,0,1,11,5,6
ANDREWS COUNTY,003,82 Years,58,24,34,41,16,25,2,0,2,1,0,1,14,8,6
ANDREWS COUNTY,003,83 Years,53,22,31,40,16,24,1,0,1,0,0,0,12,6,6
ANDREWS COUNTY,003,84 Years,44,19,25,34,17,17,0,0,0,0,0,0,10,2,8
ANDREWS COUNTY,003,85 Years +,232,87,145,184,69,115,4,2,2,4,2,2,40,14,26
ANGELINA COUNTY,005,All Ages,89839,44235,45604,55283,27018,28265,13335,6332,7003,2181,1012,1169,19040,9873,9167
ANGELINA COUNTY,005,< 1 Year,1272,646,626,637,325,312,195,97,98,45,25,20,395,199,196
ANGELINA COUNTY,005,1 Years,1269,648,621,637,325,312,197,100,97,37,19,18,398,204,194
ANGELINA COUNTY,005,2 Years,1267,649,618,646,330,316,195,100,95,37,19,18,389,200,189
ANGELINA COUNTY,005,3 Years,1265,644,621,608,308,300,192,89,103,48,24,24,417,223,194
ANGELINA COUNTY,005,4 Years,1277,662,615,604,326,278,194,93,101,59,32,27,420,211,209
ANGELINA COUNTY,005,5 Years,1333,693,640,612,306,306,222,124,98,64,32,32,435,231,204
ANGELINA COUNTY,005,6 Years,1349,679,670,606,298,308,227,123,104,54,21,33,462,237,225
ANGELINA COUNTY,005,7 Years,1406,702,704,680,351,329,213,103,110,46,19,27,467,229,238
ANGELINA COUNTY,005,8 Years,1346,690,656,680,353,327,199,107,92,47,22,25,420,208,212
ANGELINA COUNTY,005,9 Years,1314,667,647,650,333,317,212,108,104,47,20,27,405,206,199
ANGELINA COUNTY,005,10 Years,1304,661,643,648,328,320,203,105,98,53,30,23,400,198,202
ANGELINA COUNTY,005,11 Years,1300,655,645,654,322,332,196,106,90,45,21,24,405,206,199
ANGELINA COUNTY,005,12 Years,1336,699,637,679,354,325,209,104,105,38,19,19,410,222,188
ANGELINA COUNTY,005,13 Years,1347,687,660,690,364,326,205,98,107,37,15,22,415,210,205
ANGELINA COUNTY,005,14 Years,1352,670,682,692,352,340,203,98,105,39,19,20,418,201,217
ANGELINA COUNTY,005,15 Years,1337,679,658,702,362,340,213,111,102,39,16,23,383,190,193
ANGELINA COUNTY,005,16 Years,1346,689,657,724,370,354,215,109,106,40,19,21,367,191,176
ANGELINA COUNTY,005,17 Years,1307,662,645,702,359,343,202,93,109,40,23,17,363,187,176
ANGELINA COUNTY,005,18 Years,1193,620,573,672,354,318,174,81,93,37,17,20,310,168,142
ANGELINA COUNTY,005,19 Years,1123,571,552,588,309,279,185,88,97,29,12,17,321,162,159
ANGELINA COUNTY,005,20 Years,1153,590,563,602,318,284,201,102,99,35,15,20,315,155,160
ANGELINA COUNTY,005,21 Years,1199,583,616,644,314,330,210,93,117,27,14,13,318,162,156
ANGELINA COUNTY,005,22 Years,1249,622,627,659,330,329,227,101,126,29,13,16,334,178,156
ANGELINA COUNTY,005,23 Years,1248,631,617,688,349,339,223,101,122,30,10,20,307,171,136
ANGELINA COUNTY,005,24 Years,1200,597,603,660,325,335,216,96,120,26,13,13,298,163,135
ANGELINA COUNTY,005,25 Years,1153,557,596,646,297,349,198,92,106,22,10,12,287,158,129
ANGELINA COUNTY,005,26 Years,1111,539,572,625,299,326,175,74,101,19,10,9,292,156,136
ANGELINA COUNTY,005,27 Years,1080,535,545,612,300,312,157,70,87,13,5,8,298,160,138
ANGELINA COUNTY,005,28 Years,1041,521,520,568,283,285,170,79,91,24,11,13,279,148,131
ANGELINA COUNTY,005,29 Years,1042,500,542,570,282,288,166,65,101,30,15,15,276,138,138
ANGELINA COUNTY,005,30 Years,1060,514,546,598,300,298,146,58,88,34,16,18,282,140,142
ANGELINA COUNTY,005,31 Years,1080,532,548,597,296,301,156,71,85,28,14,14,299,151,148
ANGELINA COUNTY,005,32 Years,1104,538,566,620,303,317,167,74,93,26,13,13,291,148,143
ANGELINA COUNTY,005,33 Years,1153,560,593,637,305,332,187,82,105,24,13,11,305,160,145
ANGELINA COUNTY,005,34 Years,1113,566,547,605,302,303,189,95,94,30,16,14,289,153,136
ANGELINA COUNTY,005,35 Years,1054,521,533,584,290,294,159,80,79,41,19,22,270,132,138
ANGELINA COUNTY,005,36 Years,1041,527,514,567,286,281,178,95,83,30,14,16,266,132,134
ANGELINA COUNTY,005,37 Years,1018,485,533,559,254,305,167,79,88,22,9,13,270,143,127
ANGELINA COUNTY,005,38 Years,1047,502,545,583,277,306,153,72,81,30,14,16,281,139,142
ANGELINA COUNTY,005,39 Years,1058,507,551,605,296,309,149,63,86,23,10,13,281,138,143
ANGELINA COUNTY,005,40 Years,1095,551,544,635,316,319,154,70,84,24,12,12,282,153,129
ANGELINA COUNTY,005,41 Years,1135,572,563,703,355,348,173,75,98,22,7,15,237,135,102
ANGELINA COUNTY,005,42 Years,1161,575,586,739,370,369,185,83,102,22,7,15,215,115,100
ANGELINA COUNTY,005,43 Years,1176,553,623,729,340,389,186,86,100,20,8,12,241,119,122
ANGELINA COUNTY,005,44 Years,1136,553,583,717,358,359,168,78,90,19,4,15,232,113,119
ANGELINA COUNTY,005,45 Years,1086,527,559,671,332,339,168,72,96,19,4,15,228,119,109
ANGELINA COUNTY,005,46 Years,1119,547,572,697,338,359,178,85,93,21,4,17,223,120,103
ANGELINA COUNTY,005,47 Years,1128,564,564,717,351,366,168,78,90,22,10,12,221,125,96
ANGELINA COUNTY,005,48 Years,1154,581,573,723,358,365,191,96,95,28,16,12,212,111,101
ANGELINA COUNTY,005,49 Years,1189,624,565,803,425,378,170,87,83,26,14,12,190,98,92
ANGELINA COUNTY,005,50 Years,1213,588,625,825,385,440,189,96,93,17,9,8,182,98,84
ANGELINA COUNTY,005,51 Years,1186,583,603,784,368,416,189,96,93,27,17,10,186,102,84
ANGELINA COUNTY,005,52 Years,1181,601,580,790,385,405,182,97,85,25,13,12,184,106,78
ANGELINA COUNTY,005,53 Years,1235,600,635,841,406,435,182,84,98,26,10,16,186,100,86
ANGELINA COUNTY,005,54 Years,1220,599,621,835,414,421,202,85,117,24,11,13,159,89,70
ANGELINA COUNTY,005,55 Years,1203,605,598,828,417,411,195,97,98,30,14,16,150,77,73
ANGELINA COUNTY,005,56 Years,1193,622,571,833,436,397,188,96,92,24,9,15,148,81,67
ANGELINA COUNTY,005,57 Years,1199,614,585,814,410,404,215,108,107,21,7,14,149,89,60
ANGELINA COUNTY,005,58 Years,1195,585,610,806,381,425,222,115,107,22,7,15,145,82,63
ANGELINA COUNTY,005,59 Years,1120,575,545,794,404,390,180,92,88,16,7,9,130,72,58
ANGELINA COUNTY,005,60 Years,1109,588,521,785,411,374,166,85,81,16,9,7,142,83,59
ANGELINA COUNTY,005,61 Years,1002,536,466,744,396,348,141,72,69,13,4,9,104,64,40
ANGELINA COUNTY,005,62 Years,970,481,489,723,362,361,136,66,70,16,4,12,95,49,46
ANGELINA COUNTY,005,63 Years,947,449,498,699,319,380,130,65,65,23,11,12,95,54,41
ANGELINA COUNTY,005,64 Years,988,449,539,761,344,417,119,49,70,26,13,13,82,43,39
ANGELINA COUNTY,005,65 Years,943,436,507,745,349,396,105,42,63,22,11,11,71,34,37
ANGELINA COUNTY,005,66 Years,1007,486,521,819,395,424,101,46,55,20,12,8,67,33,34
ANGELINA COUNTY,005,67 Years,812,386,426,647,311,336,85,41,44,14,8,6,66,26,40
ANGELINA COUNTY,005,68 Years,768,363,405,626,300,326,86,37,49,10,5,5,46,21,25
ANGELINA COUNTY,005,69 Years,734,363,371,596,290,306,77,44,33,8,3,5,53,26,27
ANGELINA COUNTY,005,70 Years,740,360,380,595,294,301,71,32,39,14,7,7,60,27,33
ANGELINA COUNTY,005,71 Years,685,341,344,556,273,283,68,36,32,13,7,6,48,25,23
ANGELINA COUNTY,005,72 Years,662,313,349,545,255,290,64,30,34,11,7,4,42,21,21
ANGELINA COUNTY,005,73 Years,599,266,333,498,221,277,53,21,32,10,5,5,38,19,19
ANGELINA COUNTY,005,74 Years,582,252,330,483,213,270,53,18,35,10,4,6,36,17,19
ANGELINA COUNTY,005,75 Years,527,235,292,445,200,245,47,22,25,6,3,3,29,10,19
ANGELINA COUNTY,005,76 Years,501,205,296,414,176,238,53,16,37,4,2,2,30,11,19
ANGELINA COUNTY,005,77 Years,498,224,274,421,189,232,54,22,32,4,1,3,19,12,7
ANGELINA COUNTY,005,78 Years,497,223,274,424,192,232,42,13,29,6,4,2,25,14,11
ANGELINA COUNTY,005,79 Years,429,191,238,353,163,190,44,14,30,7,4,3,25,10,15
ANGELINA COUNTY,005,80 Years,401,178,223,342,153,189,35,14,21,5,3,2,19,8,11
ANGELINA COUNTY,005,81 Years,349,147,202,301,124,177,29,14,15,6,2,4,13,7,6
ANGELINA COUNTY,005,82 Years,321,142,179,273,116,157,28,15,13,6,3,3,14,8,6
ANGELINA COUNTY,005,83 Years,320,138,182,263,114,149,34,13,21,7,4,3,16,7,9
ANGELINA COUNTY,005,84 Years,284,111,173,243,97,146,29,9,20,3,1,2,9,4,5
ANGELINA COUNTY,005,85 Years +,1593,553,1040,1358,477,881,155,41,114,22,7,15,58,28,30
ARANSAS COUNTY,007,All Ages,24385,12054,12331,16927,8268,8659,269,156,113,921,455,466,6268,3175,3093
ARANSAS COUNTY,007,< 1 Year,261,140,121,145,77,68,3,2,1,11,6,5,102,55,47
ARANSAS COUNTY,007,1 Years,255,131,124,143,74,69,2,1,1,11,6,5,99,50,49
ARANSAS COUNTY,007,2 Years,250,128,122,141,72,69,2,1,1,11,6,5,96,49,47
ARANSAS COUNTY,007,3 Years,240,126,114,117,62,55,1,0,1,12,7,5,110,57,53
ARANSAS COUNTY,007,4 Years,239,123,116,116,61,55,3,0,3,9,4,5,111,58,53
ARANSAS COUNTY,007,5 Years,259,140,119,125,66,59,3,1,2,9,4,5,122,69,53
ARANSAS COUNTY,007,6 Years,244,123,121,108,59,49,4,1,3,12,7,5,120,56,64
ARANSAS COUNTY,007,7 Years,249,126,123,124,64,60,3,1,2,11,6,5,111,55,56
ARANSAS COUNTY,007,8 Years,249,132,117,128,63,65,3,2,1,11,6,5,107,61,46
ARANSAS COUNTY,007,9 Years,262,140,122,130,73,57,4,3,1,10,4,6,118,60,58
ARANSAS COUNTY,007,10 Years,227,116,111,101,53,48,4,3,1,9,3,6,113,57,56
ARANSAS COUNTY,007,11 Years,223,110,113,107,54,53,3,1,2,6,3,3,107,52,55
ARANSAS COUNTY,007,12 Years,246,126,120,129,69,60,7,3,4,12,5,7,98,49,49
ARANSAS COUNTY,007,13 Years,231,120,111,122,64,58,3,2,1,9,4,5,97,50,47
ARANSAS COUNTY,007,14 Years,258,136,122,129,62,67,3,3,0,10,7,3,116,64,52
ARANSAS COUNTY,007,15 Years,281,140,141,143,68,75,4,3,1,13,7,6,121,62,59
ARANSAS COUNTY,007,16 Years,280,144,136,139,69,70,1,0,1,14,9,5,126,66,60
ARANSAS COUNTY,007,17 Years,284,154,130,146,72,74,1,1,0,14,10,4,123,71,52
ARANSAS COUNTY,007,18 Years,283,153,130,145,73,72,2,2,0,13,8,5,123,70,53
ARANSAS COUNTY,007,19 Years,242,141,101,126,71,55,3,2,1,12,4,8,101,64,37
ARANSAS COUNTY,007,20 Years,280,144,136,146,75,71,3,1,2,17,10,7,114,58,56
ARANSAS COUNTY,007,21 Years,270,148,122,132,70,62,3,2,1,16,10,6,119,66,53
ARANSAS COUNTY,007,22 Years,226,126,100,110,59,51,5,4,1,12,7,5,99,56,43
ARANSAS COUNTY,007,23 Years,201,98,103,114,56,58,3,2,1,7,4,3,77,36,41
ARANSAS COUNTY,007,24 Years,203,95,108,116,57,59,3,1,2,4,2,2,80,35,45
ARANSAS COUNTY,007,25 Years,233,122,111,137,70,67,3,1,2,7,5,2,86,46,40
ARANSAS COUNTY,007,26 Years,211,113,98,122,68,54,6,5,1,7,2,5,76,38,38
ARANSAS COUNTY,007,27 Years,199,106,93,111,60,51,4,3,1,8,3,5,76,40,36
ARANSAS COUNTY,007,28 Years,196,102,94,117,58,59,5,3,2,13,7,6,61,34,27
ARANSAS COUNTY,007,29 Years,184,91,93,112,52,60,3,2,1,11,9,2,58,28,30
ARANSAS COUNTY,007,30 Years,191,95,96,109,53,56,1,0,1,9,6,3,72,36,36
ARANSAS COUNTY,007,31 Years,211,99,112,130,59,71,1,0,1,15,6,9,65,34,31
ARANSAS COUNTY,007,32 Years,222,104,118,125,60,65,5,3,2,12,4,8,80,37,43
ARANSAS COUNTY,007,33 Years,200,95,105,122,59,63,3,3,0,9,2,7,66,31,35
ARANSAS COUNTY,007,34 Years,185,89,96,106,52,54,2,2,0,3,0,3,74,35,39
ARANSAS COUNTY,007,35 Years,202,98,104,125,60,65,1,1,0,5,2,3,71,35,36
ARANSAS COUNTY,007,36 Years,217,112,105,133,69,64,2,2,0,7,2,5,75,39,36
ARANSAS COUNTY,007,37 Years,210,103,107,128,63,65,3,2,1,10,5,5,69,33,36
ARANSAS COUNTY,007,38 Years,221,103,118,141,65,76,2,2,0,8,3,5,70,33,37
ARANSAS COUNTY,007,39 Years,202,104,98,121,65,56,1,1,0,12,4,8,68,34,34
ARANSAS COUNTY,007,40 Years,236,118,118,135,66,69,2,0,2,14,5,9,85,47,38
ARANSAS COUNTY,007,41 Years,231,119,112,137,73,64,3,2,1,11,3,8,80,41,39
ARANSAS COUNTY,007,42 Years,257,131,126,171,93,78,1,1,0,7,4,3,78,33,45
ARANSAS COUNTY,007,43 Years,256,125,131,182,88,94,3,3,0,10,6,4,61,28,33
ARANSAS COUNTY,007,44 Years,234,114,120,152,69,83,2,1,1,11,7,4,69,37,32
ARANSAS COUNTY,007,45 Years,246,120,126,161,74,87,2,2,0,9,5,4,74,39,35
ARANSAS COUNTY,007,46 Years,249,125,124,158,77,81,7,4,3,12,7,5,72,37,35
ARANSAS COUNTY,007,47 Years,283,139,144,169,80,89,3,2,1,16,9,7,95,48,47
ARANSAS COUNTY,007,48 Years,299,143,156,207,98,109,6,1,5,13,7,6,73,37,36
ARANSAS COUNTY,007,49 Years,312,152,160,214,104,110,8,4,4,11,5,6,79,39,40
ARANSAS COUNTY,007,50 Years,348,169,179,240,114,126,6,4,2,11,3,8,91,48,43
ARANSAS COUNTY,007,51 Years,340,165,175,247,121,126,2,1,1,14,6,8,77,37,40
ARANSAS COUNTY,007,52 Years,377,181,196,281,127,154,4,4,0,12,7,5,80,43,37
ARANSAS COUNTY,007,53 Years,398,197,201,291,136,155,9,7,2,16,12,4,82,42,40
ARANSAS COUNTY,007,54 Years,376,189,187,285,136,149,7,6,1,13,8,5,71,39,32
ARANSAS COUNTY,007,55 Years,376,183,193,291,140,151,5,3,2,10,5,5,70,35,35
ARANSAS COUNTY,007,56 Years,354,156,198,268,118,150,5,1,4,15,7,8,66,30,36
ARANSAS COUNTY,007,57 Years,385,171,214,294,136,158,5,1,4,20,7,13,66,27,39
ARANSAS COUNTY,007,58 Years,423,183,240,319,140,179,6,1,5,22,8,14,76,34,42
ARANSAS COUNTY,007,59 Years,373,169,204,291,132,159,5,2,3,16,5,11,61,30,31
ARANSAS COUNTY,007,60 Years,376,175,201,296,137,159,2,1,1,12,5,7,66,32,34
ARANSAS COUNTY,007,61 Years,403,202,201,312,148,164,3,2,1,21,13,8,67,39,28
ARANSAS COUNTY,007,62 Years,391,193,198,316,154,162,2,2,0,16,7,9,57,30,27
ARANSAS COUNTY,007,63 Years,441,208,233,362,172,190,3,1,2,15,6,9,61,29,32
ARANSAS COUNTY,007,64 Years,441,214,227,375,181,194,2,1,1,12,3,9,52,29,23
ARANSAS COUNTY,007,65 Years,448,220,228,375,181,194,6,3,3,14,6,8,53,30,23
ARANSAS COUNTY,007,66 Years,449,219,230,383,183,200,2,1,1,15,8,7,49,27,22
ARANSAS COUNTY,007,67 Years,413,189,224,350,158,192,3,3,0,9,6,3,51,22,29
ARANSAS COUNTY,007,68 Years,430,198,232,369,171,198,2,1,1,12,8,4,47,18,29
ARANSAS COUNTY,007,69 Years,435,207,228,377,181,196,3,2,1,10,4,6,45,20,25
ARANSAS COUNTY,007,70 Years,440,214,226,379,185,194,6,5,1,13,5,8,42,19,23
ARANSAS COUNTY,007,71 Years,370,193,177,320,168,152,3,2,1,10,4,6,37,19,18
ARANSAS COUNTY,007,72 Years,381,211,170,337,189,148,2,1,1,11,5,6,31,16,15
ARANSAS COUNTY,007,73 Years,337,166,171,299,151,148,5,2,3,9,3,6,24,10,14
ARANSAS COUNTY,007,74 Years,319,148,171,277,129,148,4,3,1,5,4,1,33,12,21
ARANSAS COUNTY,007,75 Years,294,140,154,248,122,126,1,1,0,7,3,4,38,14,24
ARANSAS COUNTY,007,76 Years,260,126,134,220,109,111,2,1,1,6,2,4,32,14,18
ARANSAS COUNTY,007,77 Years,236,121,115,207,107,100,1,0,1,3,1,2,25,13,12
ARANSAS COUNTY,007,78 Years,232,113,119,202,100,102,1,0,1,10,4,6,19,9,10
ARANSAS COUNTY,007,79 Years,207,115,92,181,102,79,1,0,1,7,4,3,18,9,9
ARANSAS COUNTY,007,80 Years,198,105,93,169,91,78,1,0,1,6,5,1,22,9,13
ARANSAS COUNTY,007,81 Years,171,82,89,149,71,78,0,0,0,3,3,0,19,8,11
ARANSAS COUNTY,007,82 Years,163,83,80,148,75,73,1,0,1,1,1,0,13,7,6
ARANSAS COUNTY,007,83 Years,142,66,76,130,62,68,1,0,1,1,1,0,10,3,7
ARANSAS COUNTY,007,84 Years,133,55,78,116,49,67,1,0,1,6,3,3,10,3,7
ARANSAS COUNTY,007,85 Years +,595,246,349,516,214,302,2,2,0,13,6,7,64,24,40
ARCHER COUNTY,009,All Ages,9242,4623,4619,8298,4127,4171,29,19,10,163,67,96,752,410,342
ARCHER COUNTY,009,< 1 Year,78,40,38,67,34,33,0,0,0,1,1,0,10,5,5
ARCHER COUNTY,009,1 Years,80,41,39,69,35,34,0,0,0,1,0,1,10,6,4
ARCHER COUNTY,009,2 Years,79,42,37,68,36,32,0,0,0,1,1,0,10,5,5
ARCHER COUNTY,009,3 Years,82,40,42,66,33,33,0,0,0,3,1,2,13,6,7
ARCHER COUNTY,009,4 Years,95,44,51,76,34,42,0,0,0,4,1,3,15,9,6
ARCHER COUNTY,009,5 Years,90,45,45,78,39,39,0,0,0,4,1,3,8,5,3
ARCHER COUNTY,009,6 Years,101,43,58,84,39,45,0,0,0,5,1,4,12,3,9
ARCHER COUNTY,009,7 Years,110,47,63,88,37,51,0,0,0,4,2,2,18,8,10
ARCHER COUNTY,009,8 Years,117,59,58,98,50,48,1,1,0,3,2,1,15,6,9
ARCHER COUNTY,009,9 Years,126,64,62,108,55,53,2,1,1,2,1,1,14,7,7
ARCHER COUNTY,009,10 Years,124,65,59,105,56,49,0,0,0,2,0,2,17,9,8
ARCHER COUNTY,009,11 Years,132,73,59,107,60,47,1,1,0,2,1,1,22,11,11
ARCHER COUNTY,009,12 Years,129,67,62,107,56,51,1,1,0,3,2,1,18,8,10
ARCHER COUNTY,009,13 Years,145,66,79,123,56,67,0,0,0,2,1,1,20,9,11
ARCHER COUNTY,009,14 Years,157,76,81,134,64,70,3,2,1,2,1,1,18,9,9
ARCHER COUNTY,009,15 Years,145,68,77,129,60,69,3,2,1,1,1,0,12,5,7
ARCHER COUNTY,009,16 Years,149,74,75,133,64,69,0,0,0,1,1,0,15,9,6
ARCHER COUNTY,009,17 Years,150,80,70,132,70,62,0,0,0,2,0,2,16,10,6
ARCHER COUNTY,009,18 Years,146,78,68,123,65,58,1,1,0,3,0,3,19,12,7
ARCHER COUNTY,009,19 Years,128,78,50,106,65,41,2,1,1,3,0,3,17,12,5
ARCHER COUNTY,009,20 Years,118,76,42,100,61,39,2,2,0,0,0,0,16,13,3
ARCHER COUNTY,009,21 Years,136,85,51,110,66,44,1,0,1,3,3,0,22,16,6
ARCHER COUNTY,009,22 Years,108,54,54,85,42,43,0,0,0,4,1,3,19,11,8
ARCHER COUNTY,009,23 Years,102,45,57,88,40,48,0,0,0,2,0,2,12,5,7
ARCHER COUNTY,009,24 Years,113,64,49,98,55,43,1,0,1,2,1,1,12,8,4
ARCHER COUNTY,009,25 Years,86,46,40,75,39,36,0,0,0,0,0,0,11,7,4
ARCHER COUNTY,009,26 Years,79,46,33,66,37,29,0,0,0,0,0,0,13,9,4
ARCHER COUNTY,009,27 Years,72,42,30,64,37,27,0,0,0,1,0,1,7,5,2
ARCHER COUNTY,009,28 Years,73,38,35,67,35,32,0,0,0,1,0,1,5,3,2
ARCHER COUNTY,009,29 Years,80,42,38,69,38,31,0,0,0,1,0,1,10,4,6
ARCHER COUNTY,009,30 Years,74,36,38,59,29,30,0,0,0,2,1,1,13,6,7
ARCHER COUNTY,009,31 Years,65,31,34,57,26,31,0,0,0,1,1,0,7,4,3
ARCHER COUNTY,009,32 Years,72,35,37,64,29,35,0,0,0,2,1,1,6,5,1
ARCHER COUNTY,009,33 Years,88,48,40,80,44,36,0,0,0,0,0,0,8,4,4
ARCHER COUNTY,009,34 Years,86,43,43,70,35,35,0,0,0,2,2,0,14,6,8
ARCHER COUNTY,009,35 Years,94,37,57,77,29,48,0,0,0,0,0,0,17,8,9
ARCHER COUNTY,009,36 Years,110,55,55,96,48,48,0,0,0,1,0,1,13,7,6
ARCHER COUNTY,009,37 Years,104,56,48,91,49,42,0,0,0,3,2,1,10,5,5
ARCHER COUNTY,009,38 Years,94,47,47,83,42,41,2,0,2,2,1,1,7,4,3
ARCHER COUNTY,009,39 Years,107,49,58,96,45,51,1,0,1,2,1,1,8,3,5
ARCHER COUNTY,009,40 Years,114,60,54,102,53,49,0,0,0,2,1,1,10,6,4
ARCHER COUNTY,009,41 Years,113,59,54,101,50,51,0,0,0,1,1,0,11,8,3
ARCHER COUNTY,009,42 Years,123,52,71,111,46,65,1,1,0,2,1,1,9,4,5
ARCHER COUNTY,009,43 Years,123,52,71,110,44,66,1,1,0,3,2,1,9,5,4
ARCHER COUNTY,009,44 Years,123,61,62,107,52,55,0,0,0,3,2,1,13,7,6
ARCHER COUNTY,009,45 Years,119,66,53,101,57,44,0,0,0,2,1,1,16,8,8
ARCHER COUNTY,009,46 Years,125,68,57,112,58,54,1,1,0,2,2,0,10,7,3
ARCHER COUNTY,009,47 Years,117,57,60,108,52,56,0,0,0,1,1,0,8,4,4
ARCHER COUNTY,009,48 Years,148,81,67,142,77,65,1,1,0,0,0,0,5,3,2
ARCHER COUNTY,009,49 Years,151,77,74,146,74,72,0,0,0,0,0,0,5,3,2
ARCHER COUNTY,009,50 Years,174,83,91,161,76,85,1,1,0,2,1,1,10,5,5
ARCHER COUNTY,009,51 Years,151,84,67,139,77,62,0,0,0,2,1,1,10,6,4
ARCHER COUNTY,009,52 Years,174,85,89,163,81,82,0,0,0,4,1,3,7,3,4
ARCHER COUNTY,009,53 Years,166,73,93,156,69,87,0,0,0,4,2,2,6,2,4
ARCHER COUNTY,009,54 Years,154,75,79,143,68,75,0,0,0,2,1,1,9,6,3
ARCHER COUNTY,009,55 Years,176,90,86,164,83,81,0,0,0,3,1,2,9,6,3
ARCHER COUNTY,009,56 Years,170,81,89,162,78,84,0,0,0,2,0,2,6,3,3
ARCHER COUNTY,009,57 Years,148,72,76,141,68,73,0,0,0,2,0,2,5,4,1
ARCHER COUNTY,009,58 Years,146,77,69,138,72,66,0,0,0,3,1,2,5,4,1
ARCHER COUNTY,009,59 Years,136,66,70,130,63,67,0,0,0,2,1,1,4,2,2
ARCHER COUNTY,009,60 Years,119,59,60,116,58,58,0,0,0,1,0,1,2,1,1
ARCHER COUNTY,009,61 Years,132,62,70,126,60,66,0,0,0,5,1,4,1,1,0
ARCHER COUNTY,009,62 Years,109,50,59,106,49,57,0,0,0,2,1,1,1,0,1
ARCHER COUNTY,009,63 Years,120,62,58,112,58,54,1,0,1,3,2,1,4,2,2
ARCHER COUNTY,009,64 Years,110,55,55,105,51,54,0,0,0,3,2,1,2,2,0
ARCHER COUNTY,009,65 Years,104,52,52,100,50,50,0,0,0,1,0,1,3,2,1
ARCHER COUNTY,009,66 Years,118,63,55,110,58,52,1,1,0,2,0,2,5,4,1
ARCHER COUNTY,009,67 Years,82,44,38,78,42,36,0,0,0,3,1,2,1,1,0
ARCHER COUNTY,009,68 Years,87,45,42,82,43,39,0,0,0,3,1,2,2,1,1
ARCHER COUNTY,009,69 Years,78,35,43,75,34,41,0,0,0,2,1,1,1,0,1
ARCHER COUNTY,009,70 Years,77,31,46,72,28,44,1,1,0,1,0,1,3,2,1
ARCHER COUNTY,009,71 Years,99,45,54,91,41,50,0,0,0,2,1,1,6,3,3
ARCHER COUNTY,009,72 Years,97,51,46,93,48,45,0,0,0,1,1,0,3,2,1
ARCHER COUNTY,009,73 Years,87,42,45,81,39,42,0,0,0,2,1,1,4,2,2
ARCHER COUNTY,009,74 Years,68,37,31,65,36,29,0,0,0,0,0,0,3,1,2
ARCHER COUNTY,009,75 Years,75,43,32,70,41,29,0,0,0,2,1,1,3,1,2
ARCHER COUNTY,009,76 Years,67,28,39,65,28,37,0,0,0,1,0,1,1,0,1
ARCHER COUNTY,009,77 Years,58,22,36,58,22,36,0,0,0,0,0,0,0,0,0
ARCHER COUNTY,009,78 Years,66,29,37,63,29,34,0,0,0,1,0,1,2,0,2
ARCHER COUNTY,009,79 Years,57,30,27,56,30,26,0,0,0,1,0,1,0,0,0
ARCHER COUNTY,009,80 Years,58,27,31,56,26,30,0,0,0,0,0,0,2,1,1
ARCHER COUNTY,009,81 Years,46,22,24,45,22,23,0,0,0,0,0,0,1,0,1
ARCHER COUNTY,009,82 Years,37,15,22,36,14,22,0,0,0,1,1,0,0,0,0
ARCHER COUNTY,009,83 Years,39,16,23,37,16,21,0,0,0,1,0,1,1,0,1
ARCHER COUNTY,009,84 Years,40,16,24,36,16,20,0,0,0,2,0,2,2,0,2
ARCHER COUNTY,009,85 Years +,137,58,79,131,56,75,0,0,0,3,1,2,3,1,2
ARMSTRONG COUNTY,011,All Ages,1944,961,983,1764,872,892,10,5,5,40,16,24,130,68,62
ARMSTRONG COUNTY,011,< 1 Year,18,10,8,16,9,7,0,0,0,0,0,0,2,1,1
ARMSTRONG COUNTY,011,1 Years,17,9,8,15,8,7,0,0,0,0,0,0,2,1,1
ARMSTRONG COUNTY,011,2 Years,17,9,8,15,8,7,0,0,0,0,0,0,2,1,1
ARMSTRONG COUNTY,011,3 Years,19,10,9,18,10,8,0,0,0,1,0,1,0,0,0
ARMSTRONG COUNTY,011,4 Years,24,13,11,20,10,10,0,0,0,1,0,1,3,3,0
ARMSTRONG COUNTY,011,5 Years,20,11,9,18,9,9,0,0,0,1,1,0,1,1,0
ARMSTRONG COUNTY,011,6 Years,21,12,9,16,9,7,0,0,0,2,1,1,3,2,1
ARMSTRONG COUNTY,011,7 Years,21,10,11,16,8,8,0,0,0,1,0,1,4,2,2
ARMSTRONG COUNTY,011,8 Years,24,12,12,17,8,9,1,1,0,2,0,2,4,3,1
ARMSTRONG COUNTY,011,9 Years,16,7,9,13,5,8,1,1,0,0,0,0,2,1,1
ARMSTRONG COUNTY,011,10 Years,18,10,8,15,7,8,0,0,0,0,0,0,3,3,0
ARMSTRONG COUNTY,011,11 Years,18,7,11,15,5,10,0,0,0,0,0,0,3,2,1
ARMSTRONG COUNTY,011,12 Years,30,12,18,24,9,15,1,0,1,0,0,0,5,3,2
ARMSTRONG COUNTY,011,13 Years,24,10,14,18,7,11,0,0,0,1,1,0,5,2,3
ARMSTRONG COUNTY,011,14 Years,23,11,12,20,9,11,0,0,0,1,1,0,2,1,1
ARMSTRONG COUNTY,011,15 Years,25,16,9,21,14,7,1,1,0,0,0,0,3,1,2
ARMSTRONG COUNTY,011,16 Years,21,11,10,19,10,9,0,0,0,0,0,0,2,1,1
ARMSTRONG COUNTY,011,17 Years,20,12,8,17,9,8,0,0,0,0,0,0,3,3,0
ARMSTRONG COUNTY,011,18 Years,31,19,12,26,15,11,0,0,0,1,1,0,4,3,1
ARMSTRONG COUNTY,011,19 Years,30,16,14,26,14,12,1,0,1,1,1,0,2,1,1
ARMSTRONG COUNTY,011,20 Years,26,14,12,23,13,10,0,0,0,0,0,0,3,1,2
ARMSTRONG COUNTY,011,21 Years,24,12,12,21,10,11,0,0,0,0,0,0,3,2,1
ARMSTRONG COUNTY,011,22 Years,16,11,5,14,9,5,1,1,0,0,0,0,1,1,0
ARMSTRONG COUNTY,011,23 Years,15,11,4,13,9,4,0,0,0,1,1,0,1,1,0
ARMSTRONG COUNTY,011,24 Years,10,5,5,9,5,4,0,0,0,0,0,0,1,0,1
ARMSTRONG COUNTY,011,25 Years,14,6,8,13,6,7,0,0,0,1,0,1,0,0,0
ARMSTRONG COUNTY,011,26 Years,12,4,8,10,4,6,0,0,0,0,0,0,2,0,2
ARMSTRONG COUNTY,011,27 Years,13,3,10,10,3,7,1,0,1,0,0,0,2,0,2
ARMSTRONG COUNTY,011,28 Years,12,4,8,9,4,5,0,0,0,2,0,2,1,0,1
ARMSTRONG COUNTY,011,29 Years,16,9,7,14,8,6,0,0,0,2,1,1,0,0,0
ARMSTRONG COUNTY,011,30 Years,22,13,9,19,12,7,0,0,0,1,1,0,2,0,2
ARMSTRONG COUNTY,011,31 Years,22,13,9,19,12,7,0,0,0,0,0,0,3,1,2
ARMSTRONG COUNTY,011,32 Years,23,12,11,22,12,10,0,0,0,1,0,1,0,0,0
ARMSTRONG COUNTY,011,33 Years,28,15,13,26,15,11,0,0,0,1,0,1,1,0,1
ARMSTRONG COUNTY,011,34 Years,27,15,12,27,15,12,0,0,0,0,0,0,0,0,0
ARMSTRONG COUNTY,011,35 Years,20,10,10,20,10,10,0,0,0,0,0,0,0,0,0
ARMSTRONG COUNTY,011,36 Years,17,9,8,15,9,6,0,0,0,0,0,0,2,0,2
ARMSTRONG COUNTY,011,37 Years,22,12,10,19,10,9,0,0,0,0,0,0,3,2,1
ARMSTRONG COUNTY,011,38 Years,19,9,10,18,8,10,0,0,0,0,0,0,1,1,0
ARMSTRONG COUNTY,011,39 Years,15,7,8,13,6,7,1,0,1,0,0,0,1,1,0
ARMSTRONG COUNTY,011,40 Years,16,8,8,14,8,6,1,0,1,0,0,0,1,0,1
ARMSTRONG COUNTY,011,41 Years,15,6,9,13,6,7,0,0,0,0,0,0,2,0,2
ARMSTRONG COUNTY,011,42 Years,25,9,16,20,7,13,0,0,0,0,0,0,5,2,3
ARMSTRONG COUNTY,011,43 Years,30,18,12,27,17,10,0,0,0,0,0,0,3,1,2
ARMSTRONG COUNTY,011,44 Years,22,10,12,17,8,9,0,0,0,0,0,0,5,2,3
ARMSTRONG COUNTY,011,45 Years,20,11,9,17,9,8,0,0,0,1,0,1,2,2,0
ARMSTRONG COUNTY,011,46 Years,20,9,11,18,8,10,0,0,0,1,0,1,1,1,0
ARMSTRONG COUNTY,011,47 Years,21,11,10,20,10,10,0,0,0,0,0,0,1,1,0
ARMSTRONG COUNTY,011,48 Years,21,13,8,20,13,7,0,0,0,1,0,1,0,0,0
ARMSTRONG COUNTY,011,49 Years,21,6,15,20,6,14,0,0,0,0,0,0,1,0,1
ARMSTRONG COUNTY,011,50 Years,19,6,13,18,5,13,0,0,0,0,0,0,1,1,0
ARMSTRONG COUNTY,011,51 Years,24,7,17,21,6,15,0,0,0,1,0,1,2,1,1
ARMSTRONG COUNTY,011,52 Years,30,15,15,29,14,15,0,0,0,0,0,0,1,1,0
ARMSTRONG COUNTY,011,53 Years,39,20,19,37,19,18,0,0,0,1,1,0,1,0,1
ARMSTRONG COUNTY,011,54 Years,35,16,19,33,14,19,0,0,0,1,1,0,1,1,0
ARMSTRONG COUNTY,011,55 Years,30,17,13,26,15,11,0,0,0,2,1,1,2,1,1
ARMSTRONG COUNTY,011,56 Years,29,15,14,28,15,13,0,0,0,1,0,1,0,0,0
ARMSTRONG COUNTY,011,57 Years,31,15,16,29,14,15,0,0,0,0,0,0,2,1,1
ARMSTRONG COUNTY,011,58 Years,26,11,15,23,10,13,0,0,0,1,0,1,2,1,1
ARMSTRONG COUNTY,011,59 Years,32,19,13,30,17,13,0,0,0,2,2,0,0,0,0
ARMSTRONG COUNTY,011,60 Years,35,22,13,34,21,13,0,0,0,1,1,0,0,0,0
ARMSTRONG COUNTY,011,61 Years,36,18,18,36,18,18,0,0,0,0,0,0,0,0,0
ARMSTRONG COUNTY,011,62 Years,26,14,12,25,14,11,0,0,0,1,0,1,0,0,0
ARMSTRONG COUNTY,011,63 Years,33,13,20,29,12,17,0,0,0,0,0,0,4,1,3
ARMSTRONG COUNTY,011,64 Years,40,16,24,39,16,23,0,0,0,0,0,0,1,0,1
ARMSTRONG COUNTY,011,65 Years,39,23,16,35,21,14,0,0,0,2,0,2,2,2,0
ARMSTRONG COUNTY,011,66 Years,32,21,11,30,19,11,1,1,0,0,0,0,1,1,0
ARMSTRONG COUNTY,011,67 Years,21,10,11,20,10,10,0,0,0,0,0,0,1,0,1
ARMSTRONG COUNTY,011,68 Years,22,11,11,21,10,11,0,0,0,0,0,0,1,1,0
ARMSTRONG COUNTY,011,69 Years,29,11,18,28,10,18,0,0,0,0,0,0,1,1,0
ARMSTRONG COUNTY,011,70 Years,22,11,11,22,11,11,0,0,0,0,0,0,0,0,0
ARMSTRONG COUNTY,011,71 Years,17,10,7,16,9,7,0,0,0,1,1,0,0,0,0
ARMSTRONG COUNTY,011,72 Years,26,11,15,26,11,15,0,0,0,0,0,0,0,0,0
ARMSTRONG COUNTY,011,73 Years,23,10,13,23,10,13,0,0,0,0,0,0,0,0,0
ARMSTRONG COUNTY,011,74 Years,20,11,9,20,11,9,0,0,0,0,0,0,0,0,0
ARMSTRONG COUNTY,011,75 Years,16,9,7,16,9,7,0,0,0,0,0,0,0,0,0
ARMSTRONG COUNTY,011,76 Years,17,8,9,17,8,9,0,0,0,0,0,0,0,0,0
ARMSTRONG COUNTY,011,77 Years,23,8,15,21,8,13,0,0,0,0,0,0,2,0,2
ARMSTRONG COUNTY,011,78 Years,23,7,16,21,7,14,0,0,0,1,0,1,1,0,1
ARMSTRONG COUNTY,011,79 Years,16,5,11,16,5,11,0,0,0,0,0,0,0,0,0
ARMSTRONG COUNTY,011,80 Years,9,5,4,9,5,4,0,0,0,0,0,0,0,0,0
ARMSTRONG COUNTY,011,81 Years,14,7,7,13,7,6,0,0,0,1,0,1,0,0,0
ARMSTRONG COUNTY,011,82 Years,12,5,7,12,5,7,0,0,0,0,0,0,0,0,0
ARMSTRONG COUNTY,011,83 Years,10,4,6,10,4,6,0,0,0,0,0,0,0,0,0
ARMSTRONG COUNTY,011,84 Years,10,4,6,10,4,6,0,0,0,0,0,0,0,0,0
ARMSTRONG COUNTY,011,85 Years +,57,24,33,56,23,33,0,0,0,0,0,0,1,1,0
ATASCOSA COUNTY,013,All Ages,47125,23174,23951,16633,8018,8615,260,149,111,602,293,309,29630,14714,14916
ATASCOSA COUNTY,013,< 1 Year,643,326,317,167,83,84,3,2,1,8,5,3,465,236,229
ATASCOSA COUNTY,013,1 Years,639,328,311,170,87,83,2,1,1,6,4,2,461,236,225
ATASCOSA COUNTY,013,2 Years,629,323,306,172,88,84,2,1,1,6,4,2,449,230,219
ATASCOSA COUNTY,013,3 Years,648,329,319,174,85,89,1,0,1,6,3,3,467,241,226
ATASCOSA COUNTY,013,4 Years,638,326,312,166,81,85,0,0,0,6,1,5,466,244,222
ATASCOSA COUNTY,013,5 Years,672,339,333,172,88,84,2,1,1,7,5,2,491,245,246
ATASCOSA COUNTY,013,6 Years,681,343,338,159,78,81,3,2,1,12,8,4,507,255,252
ATASCOSA COUNTY,013,7 Years,702,361,341,180,97,83,4,3,1,11,9,2,507,252,255
ATASCOSA COUNTY,013,8 Years,727,373,354,184,80,104,4,1,3,9,6,3,530,286,244
ATASCOSA COUNTY,013,9 Years,716,371,345,186,95,91,6,1,5,6,3,3,518,272,246
ATASCOSA COUNTY,013,10 Years,706,363,343,188,99,89,5,2,3,5,2,3,508,260,248
ATASCOSA COUNTY,013,11 Years,770,390,380,193,98,95,6,1,5,7,3,4,564,288,276
ATASCOSA COUNTY,013,12 Years,787,410,377,203,100,103,6,4,2,7,3,4,571,303,268
ATASCOSA COUNTY,013,13 Years,775,389,386,185,95,90,5,2,3,6,4,2,579,288,291
ATASCOSA COUNTY,013,14 Years,785,389,396,203,109,94,7,6,1,5,2,3,570,272,298
ATASCOSA COUNTY,013,15 Years,830,413,417,229,111,118,7,6,1,6,1,5,588,295,293
ATASCOSA COUNTY,013,16 Years,819,417,402,214,105,109,4,3,1,9,3,6,592,306,286
ATASCOSA COUNTY,013,17 Years,798,401,397,206,98,108,6,3,3,7,3,4,579,297,282
ATASCOSA COUNTY,013,18 Years,738,377,361,183,90,93,6,2,4,10,6,4,539,279,260
ATASCOSA COUNTY,013,19 Years,683,345,338,168,85,83,5,3,2,14,8,6,496,249,247
ATASCOSA COUNTY,013,20 Years,649,328,321,146,72,74,8,3,5,10,4,6,485,249,236
ATASCOSA COUNTY,013,21 Years,643,336,307,164,81,83,3,1,2,7,3,4,469,251,218
ATASCOSA COUNTY,013,22 Years,576,302,274,141,73,68,2,0,2,6,1,5,427,228,199
ATASCOSA COUNTY,013,23 Years,532,271,261,152,80,72,0,0,0,5,3,2,375,188,187
ATASCOSA COUNTY,013,24 Years,512,262,250,154,77,77,1,0,1,7,4,3,350,181,169
ATASCOSA COUNTY,013,25 Years,472,232,240,134,65,69,4,3,1,5,3,2,329,161,168
ATASCOSA COUNTY,013,26 Years,472,238,234,120,54,66,5,4,1,4,3,1,343,177,166
ATASCOSA COUNTY,013,27 Years,469,215,254,139,60,79,4,3,1,7,5,2,319,147,172
ATASCOSA COUNTY,013,28 Years,474,235,239,142,65,77,5,4,1,10,5,5,317,161,156
ATASCOSA COUNTY,013,29 Years,462,221,241,143,68,75,6,3,3,5,2,3,308,148,160
ATASCOSA COUNTY,013,30 Years,483,224,259,152,74,78,2,1,1,9,6,3,320,143,177
ATASCOSA COUNTY,013,31 Years,525,253,272,161,81,80,2,2,0,10,6,4,352,164,188
ATASCOSA COUNTY,013,32 Years,590,285,305,196,101,95,3,1,2,9,5,4,382,178,204
ATASCOSA COUNTY,013,33 Years,609,295,314,207,104,103,1,0,1,6,3,3,395,188,207
ATASCOSA COUNTY,013,34 Years,566,263,303,196,95,101,1,0,1,5,2,3,364,166,198
ATASCOSA COUNTY,013,35 Years,532,251,281,192,94,98,1,1,0,4,1,3,335,155,180
ATASCOSA COUNTY,013,36 Years,525,257,268,196,90,106,4,2,2,5,3,2,320,162,158
ATASCOSA COUNTY,013,37 Years,525,266,259,183,95,88,3,2,1,3,2,1,336,167,169
ATASCOSA COUNTY,013,38 Years,547,267,280,191,94,97,1,1,0,6,4,2,349,168,181
ATASCOSA COUNTY,013,39 Years,537,256,281,203,100,103,1,0,1,5,3,2,328,153,175
ATASCOSA COUNTY,013,40 Years,574,254,320,195,91,104,2,1,1,9,3,6,368,159,209
ATASCOSA COUNTY,013,41 Years,626,297,329,221,116,105,2,0,2,11,6,5,392,175,217
ATASCOSA COUNTY,013,42 Years,630,322,308,235,126,109,3,0,3,8,4,4,384,192,192
ATASCOSA COUNTY,013,43 Years,660,333,327,237,123,114,4,3,1,10,1,9,409,206,203
ATASCOSA COUNTY,013,44 Years,601,304,297,233,112,121,5,3,2,7,2,5,356,187,169
ATASCOSA COUNTY,013,45 Years,561,285,276,202,97,105,4,4,0,7,1,6,348,183,165
ATASCOSA COUNTY,013,46 Years,570,298,272,207,110,97,2,2,0,10,6,4,351,180,171
ATASCOSA COUNTY,013,47 Years,585,295,290,215,104,111,4,2,2,8,5,3,358,184,174
ATASCOSA COUNTY,013,48 Years,597,298,299,204,106,98,4,3,1,12,6,6,377,183,194
ATASCOSA COUNTY,013,49 Years,651,302,349,223,103,120,3,2,1,11,4,7,414,193,221
ATASCOSA COUNTY,013,50 Years,694,334,360,262,125,137,3,2,1,9,5,4,420,202,218
ATASCOSA COUNTY,013,51 Years,657,313,344,258,120,138,3,2,1,11,6,5,385,185,200
ATASCOSA COUNTY,013,52 Years,674,328,346,252,116,136,3,1,2,18,7,11,401,204,197
ATASCOSA COUNTY,013,53 Years,634,307,327,232,102,130,5,4,1,13,5,8,384,196,188
ATASCOSA COUNTY,013,54 Years,660,308,352,277,120,157,4,4,0,7,5,2,372,179,193
ATASCOSA COUNTY,013,55 Years,626,316,310,268,130,138,5,4,1,8,3,5,345,179,166
ATASCOSA COUNTY,013,56 Years,618,313,305,270,129,141,4,2,2,11,7,4,333,175,158
ATASCOSA COUNTY,013,57 Years,610,286,324,256,110,146,3,2,1,12,6,6,339,168,171
ATASCOSA COUNTY,013,58 Years,622,305,317,271,124,147,4,2,2,10,5,5,337,174,163
ATASCOSA COUNTY,013,59 Years,608,308,300,276,131,145,5,3,2,8,4,4,319,170,149
ATASCOSA COUNTY,013,60 Years,623,302,321,289,129,160,2,2,0,7,6,1,325,165,160
ATASCOSA COUNTY,013,61 Years,578,274,304,271,122,149,3,2,1,7,4,3,297,146,151
ATASCOSA COUNTY,013,62 Years,547,274,273,261,127,134,2,1,1,8,4,4,276,142,134
ATASCOSA COUNTY,013,63 Years,550,263,287,263,125,138,1,1,0,9,6,3,277,131,146
ATASCOSA COUNTY,013,64 Years,549,261,288,254,124,130,4,2,2,10,5,5,281,130,151
ATASCOSA COUNTY,013,65 Years,509,264,245,242,129,113,3,2,1,9,4,5,255,129,126
ATASCOSA COUNTY,013,66 Years,509,249,260,253,126,127,1,1,0,4,2,2,251,120,131
ATASCOSA COUNTY,013,67 Years,495,230,265,233,111,122,3,2,1,4,0,4,255,117,138
ATASCOSA COUNTY,013,68 Years,446,212,234,206,99,107,2,2,0,3,1,2,235,110,125
ATASCOSA COUNTY,013,69 Years,414,207,207,212,106,106,2,2,0,6,1,5,194,98,96
ATASCOSA COUNTY,013,70 Years,385,184,201,205,94,111,3,2,1,7,1,6,170,87,83
ATASCOSA COUNTY,013,71 Years,348,165,183,178,86,92,0,0,0,6,2,4,164,77,87
ATASCOSA COUNTY,013,72 Years,323,157,166,168,83,85,1,0,1,6,3,3,148,71,77
ATASCOSA COUNTY,013,73 Years,314,150,164,162,84,78,0,0,0,4,1,3,148,65,83
ATASCOSA COUNTY,013,74 Years,276,129,147,138,67,71,2,1,1,5,3,2,131,58,73
ATASCOSA COUNTY,013,75 Years,260,120,140,131,63,68,2,2,0,5,2,3,122,53,69
ATASCOSA COUNTY,013,76 Years,241,111,130,119,54,65,3,1,2,3,1,2,116,55,61
ATASCOSA COUNTY,013,77 Years,222,110,112,120,58,62,1,0,1,4,2,2,97,50,47
ATASCOSA COUNTY,013,78 Years,240,121,119,125,64,61,1,0,1,2,1,1,112,56,56
ATASCOSA COUNTY,013,79 Years,201,102,99,109,57,52,1,0,1,2,1,1,89,44,45
ATASCOSA COUNTY,013,80 Years,187,85,102,108,52,56,2,2,0,2,0,2,75,31,44
ATASCOSA COUNTY,013,81 Years,170,76,94,96,42,54,1,1,0,0,0,0,73,33,40
ATASCOSA COUNTY,013,82 Years,154,62,92,79,32,47,0,0,0,1,0,1,74,30,44
ATASCOSA COUNTY,013,83 Years,150,63,87,78,32,46,0,0,0,1,0,1,71,31,40
ATASCOSA COUNTY,013,84 Years,139,64,75,79,36,43,1,0,1,0,0,0,59,28,31
ATASCOSA COUNTY,013,85 Years +,751,263,488,446,146,300,6,2,4,6,1,5,293,114,179
AUSTIN COUNTY,015,All Ages,29178,14408,14770,18404,8937,9467,2746,1355,1391,548,258,290,7480,3858,3622
AUSTIN COUNTY,015,< 1 Year,353,179,174,168,85,83,35,17,18,9,5,4,141,72,69
AUSTIN COUNTY,015,1 Years,361,185,176,178,91,87,35,18,17,6,3,3,142,73,69
AUSTIN COUNTY,015,2 Years,351,181,170,177,91,86,33,17,16,7,4,3,134,69,65
AUSTIN COUNTY,015,3 Years,358,171,187,161,75,86,32,16,16,9,3,6,156,77,79
AUSTIN COUNTY,015,4 Years,352,177,175,170,90,80,33,19,14,7,4,3,142,64,78
AUSTIN COUNTY,015,5 Years,370,189,181,174,89,85,35,21,14,13,8,5,148,71,77
AUSTIN COUNTY,015,6 Years,374,183,191,168,89,79,32,14,18,17,7,10,157,73,84
AUSTIN COUNTY,015,7 Years,374,194,180,164,90,74,37,19,18,18,8,10,155,77,78
AUSTIN COUNTY,015,8 Years,362,197,165,168,99,69,36,20,16,13,6,7,145,72,73
AUSTIN COUNTY,015,9 Years,374,208,166,190,109,81,24,14,10,15,8,7,145,77,68
AUSTIN COUNTY,015,10 Years,428,233,195,211,115,96,44,23,21,14,7,7,159,88,71
AUSTIN COUNTY,015,11 Years,414,229,185,201,114,87,52,28,24,9,4,5,152,83,69
AUSTIN COUNTY,015,12 Years,403,203,200,206,107,99,37,20,17,7,3,4,153,73,80
AUSTIN COUNTY,015,13 Years,423,209,214,206,102,104,45,24,21,10,7,3,162,76,86
AUSTIN COUNTY,015,14 Years,456,220,236,230,104,126,54,29,25,11,6,5,161,81,80
AUSTIN COUNTY,015,15 Years,441,217,224,234,115,119,52,26,26,9,3,6,146,73,73
AUSTIN COUNTY,015,16 Years,394,203,191,213,108,105,44,26,18,10,4,6,127,65,62
AUSTIN COUNTY,015,17 Years,426,223,203,235,121,114,47,25,22,11,6,5,133,71,62
AUSTIN COUNTY,015,18 Years,434,216,218,231,115,116,45,22,23,9,4,5,149,75,74
AUSTIN COUNTY,015,19 Years,400,204,196,198,101,97,51,27,24,13,6,7,138,70,68
AUSTIN COUNTY,015,20 Years,376,195,181,187,101,86,47,20,27,10,6,4,132,68,64
AUSTIN COUNTY,015,21 Years,343,187,156,171,89,82,44,22,22,9,7,2,119,69,50
AUSTIN COUNTY,015,22 Years,314,159,155,153,74,79,32,14,18,5,3,2,124,68,56
AUSTIN COUNTY,015,23 Years,291,138,153,136,65,71,36,16,20,3,0,3,116,57,59
AUSTIN COUNTY,015,24 Years,291,135,156,144,60,84,34,17,17,4,1,3,109,57,52
AUSTIN COUNTY,015,25 Years,278,146,132,137,69,68,31,17,14,2,2,0,108,58,50
AUSTIN COUNTY,015,26 Years,264,135,129,137,71,66,26,11,15,7,4,3,94,49,45
AUSTIN COUNTY,015,27 Years,267,132,135,141,70,71,26,13,13,4,2,2,96,47,49
AUSTIN COUNTY,015,28 Years,287,148,139,127,62,65,34,18,16,5,1,4,121,67,54
AUSTIN COUNTY,015,29 Years,248,135,113,117,59,58,26,14,12,4,1,3,101,61,40
AUSTIN COUNTY,015,30 Years,302,155,147,149,65,84,35,20,15,4,3,1,114,67,47
AUSTIN COUNTY,015,31 Years,322,161,161,165,78,87,31,19,12,5,3,2,121,61,60
AUSTIN COUNTY,015,32 Years,325,162,163,182,87,95,30,17,13,7,3,4,106,55,51
AUSTIN COUNTY,015,33 Years,329,158,171,188,85,103,31,19,12,5,1,4,105,53,52
AUSTIN COUNTY,015,34 Years,340,158,182,188,91,97,38,15,23,4,2,2,110,50,60
AUSTIN COUNTY,015,35 Years,340,168,172,203,105,98,30,12,18,3,1,2,104,50,54
AUSTIN COUNTY,015,36 Years,345,179,166,207,103,104,28,15,13,5,3,2,105,58,47
AUSTIN COUNTY,015,37 Years,317,161,156,185,92,93,24,12,12,2,1,1,106,56,50
AUSTIN COUNTY,015,38 Years,348,169,179,189,87,102,30,17,13,6,1,5,123,64,59
AUSTIN COUNTY,015,39 Years,349,180,169,178,90,88,31,14,17,4,0,4,136,76,60
AUSTIN COUNTY,015,40 Years,331,168,163,178,87,91,25,11,14,5,3,2,123,67,56
AUSTIN COUNTY,015,41 Years,349,161,188,199,86,113,37,18,19,7,3,4,106,54,52
AUSTIN COUNTY,015,42 Years,369,169,200,220,94,126,37,14,23,5,2,3,107,59,48
AUSTIN COUNTY,015,43 Years,363,178,185,223,109,114,35,16,19,3,0,3,102,53,49
AUSTIN COUNTY,015,44 Years,343,168,175,226,112,114,32,14,18,4,1,3,81,41,40
AUSTIN COUNTY,015,45 Years,349,181,168,215,108,107,39,22,17,6,3,3,89,48,41
AUSTIN COUNTY,015,46 Years,356,195,161,213,114,99,38,21,17,11,5,6,94,55,39
AUSTIN COUNTY,015,47 Years,387,205,182,239,128,111,46,22,24,12,5,7,90,50,40
AUSTIN COUNTY,015,48 Years,398,192,206,251,118,133,46,21,25,12,4,8,89,49,40
AUSTIN COUNTY,015,49 Years,401,190,211,260,115,145,41,21,20,10,4,6,90,50,40
AUSTIN COUNTY,015,50 Years,420,197,223,287,129,158,41,17,24,7,5,2,85,46,39
AUSTIN COUNTY,015,51 Years,433,199,234,302,137,165,46,17,29,5,5,0,80,40,40
AUSTIN COUNTY,015,52 Years,446,204,242,300,130,170,51,26,25,12,9,3,83,39,44
AUSTIN COUNTY,015,53 Years,453,219,234,329,150,179,42,23,19,10,5,5,72,41,31
AUSTIN COUNTY,015,54 Years,458,240,218,336,174,162,44,26,18,10,4,6,68,36,32
AUSTIN COUNTY,015,55 Years,472,249,223,334,174,160,48,27,21,9,4,5,81,44,37
AUSTIN COUNTY,015,56 Years,471,247,224,349,179,170,36,22,14,15,7,8,71,39,32
AUSTIN COUNTY,015,57 Years,474,227,247,359,168,191,39,23,16,10,4,6,66,32,34
AUSTIN COUNTY,015,58 Years,424,210,214,318,154,164,33,19,14,5,1,4,68,36,32
AUSTIN COUNTY,015,59 Years,450,214,236,351,164,187,37,16,21,7,3,4,55,31,24
AUSTIN COUNTY,015,60 Years,425,227,198,336,179,157,35,17,18,6,3,3,48,28,20
AUSTIN COUNTY,015,61 Years,412,215,197,330,172,158,35,18,17,6,3,3,41,22,19
AUSTIN COUNTY,015,62 Years,363,182,181,290,145,145,25,12,13,3,2,1,45,23,22
AUSTIN COUNTY,015,63 Years,333,168,165,271,139,132,23,13,10,2,1,1,37,15,22
AUSTIN COUNTY,015,64 Years,354,175,179,287,146,141,26,11,15,5,2,3,36,16,20
AUSTIN COUNTY,015,65 Years,381,183,198,315,150,165,29,14,15,2,2,0,35,17,18
AUSTIN COUNTY,015,66 Years,374,174,200,313,145,168,24,12,12,2,1,1,35,16,19
AUSTIN COUNTY,015,67 Years,312,139,173,251,113,138,26,10,16,2,0,2,33,16,17
AUSTIN COUNTY,015,68 Years,308,158,150,255,132,123,23,10,13,3,2,1,27,14,13
AUSTIN COUNTY,015,69 Years,312,152,160,262,128,134,23,11,12,2,2,0,25,11,14
AUSTIN COUNTY,015,70 Years,320,153,167,271,130,141,20,9,11,4,2,2,25,12,13
AUSTIN COUNTY,015,71 Years,292,145,147,254,129,125,19,7,12,1,1,0,18,8,10
AUSTIN COUNTY,015,72 Years,243,117,126,214,107,107,15,6,9,2,1,1,12,3,9
AUSTIN COUNTY,015,73 Years,211,103,108,171,86,85,17,7,10,3,1,2,20,9,11
AUSTIN COUNTY,015,74 Years,185,85,100,152,69,83,13,7,6,5,1,4,15,8,7
AUSTIN COUNTY,015,75 Years,186,81,105,160,71,89,15,6,9,3,1,2,8,3,5
AUSTIN COUNTY,015,76 Years,173,75,98,145,67,78,13,3,10,3,1,2,12,4,8
AUSTIN COUNTY,015,77 Years,151,73,78,129,64,65,9,3,6,1,0,1,12,6,6
AUSTIN COUNTY,015,78 Years,156,75,81,135,65,70,7,2,5,1,0,1,13,8,5
AUSTIN COUNTY,015,79 Years,144,61,83,117,46,71,14,6,8,1,1,0,12,8,4
AUSTIN COUNTY,015,80 Years,123,53,70,99,46,53,11,2,9,2,0,2,11,5,6
AUSTIN COUNTY,015,81 Years,132,60,72,114,56,58,7,1,6,1,0,1,10,3,7
AUSTIN COUNTY,015,82 Years,130,57,73,109,50,59,9,2,7,1,0,1,11,5,6
AUSTIN COUNTY,015,83 Years,127,50,77,108,42,66,9,4,5,2,2,0,8,2,6
AUSTIN COUNTY,015,84 Years,113,44,69,96,36,60,10,5,5,0,0,0,7,3,4
AUSTIN COUNTY,015,85 Years +,647,208,439,564,181,383,49,14,35,5,1,4,29,12,17
BAILEY COUNTY,017,All Ages,7140,3622,3518,2585,1251,1334,62,38,24,71,33,38,4422,2300,2122
BAILEY COUNTY,017,< 1 Year,109,58,51,28,15,13,1,1,0,1,1,0,79,41,38
BAILEY COUNTY,017,1 Years,111,55,56,27,14,13,1,0,1,1,0,1,82,41,41
BAILEY COUNTY,017,2 Years,112,56,56,28,14,14,1,0,1,1,0,1,82,42,40
BAILEY COUNTY,017,3 Years,141,75,66,30,15,15,1,1,0,1,0,1,109,59,50
BAILEY COUNTY,017,4 Years,141,73,68,25,12,13,0,0,0,2,1,1,114,60,54
BAILEY COUNTY,017,5 Years,129,63,66,21,9,12,1,0,1,1,1,0,106,53,53
BAILEY COUNTY,017,6 Years,135,73,62,32,15,17,0,0,0,1,1,0,102,57,45
BAILEY COUNTY,017,7 Years,137,66,71,32,10,22,0,0,0,1,1,0,104,55,49
BAILEY COUNTY,017,8 Years,128,63,65,33,11,22,2,1,1,3,3,0,90,48,42
BAILEY COUNTY,017,9 Years,117,55,62,26,10,16,0,0,0,2,1,1,89,44,45
BAILEY COUNTY,017,10 Years,119,63,56,25,13,12,1,1,0,0,0,0,93,49,44
BAILEY COUNTY,017,11 Years,127,65,62,28,16,12,0,0,0,1,0,1,98,49,49
BAILEY COUNTY,017,12 Years,130,65,65,34,17,17,0,0,0,1,1,0,95,47,48
BAILEY COUNTY,017,13 Years,113,61,52,19,11,8,0,0,0,1,1,0,93,49,44
BAILEY COUNTY,017,14 Years,106,60,46,27,17,10,0,0,0,2,2,0,77,41,36
BAILEY COUNTY,017,15 Years,108,56,52,24,12,12,0,0,0,2,0,2,82,44,38
BAILEY COUNTY,017,16 Years,102,52,50,21,12,9,0,0,0,1,0,1,80,40,40
BAILEY COUNTY,017,17 Years,117,57,60,28,15,13,0,0,0,1,0,1,88,42,46
BAILEY COUNTY,017,18 Years,111,58,53,25,11,14,1,1,0,1,0,1,84,46,38
BAILEY COUNTY,017,19 Years,102,57,45,20,10,10,0,0,0,1,1,0,81,46,35
BAILEY COUNTY,017,20 Years,97,51,46,17,9,8,0,0,0,1,0,1,79,42,37
BAILEY COUNTY,017,21 Years,103,59,44,25,12,13,4,3,1,1,0,1,73,44,29
BAILEY COUNTY,017,22 Years,89,45,44,16,10,6,2,1,1,1,0,1,70,34,36
BAILEY COUNTY,017,23 Years,88,45,43,14,7,7,0,0,0,1,0,1,73,38,35
BAILEY COUNTY,017,24 Years,86,41,45,18,7,11,1,0,1,0,0,0,67,34,33
BAILEY COUNTY,017,25 Years,94,47,47,19,10,9,1,0,1,0,0,0,74,37,37
BAILEY COUNTY,017,26 Years,101,51,50,27,12,15,3,2,1,1,0,1,70,37,33
BAILEY COUNTY,017,27 Years,89,44,45,24,9,15,2,2,0,0,0,0,63,33,30
BAILEY COUNTY,017,28 Years,101,48,53,32,12,20,0,0,0,2,1,1,67,35,32
BAILEY COUNTY,017,29 Years,98,52,46,30,16,14,0,0,0,2,1,1,66,35,31
BAILEY COUNTY,017,30 Years,82,46,36,24,12,12,2,2,0,2,1,1,54,31,23
BAILEY COUNTY,017,31 Years,87,44,43,29,17,12,0,0,0,3,1,2,55,26,29
BAILEY COUNTY,017,32 Years,85,40,45,26,15,11,0,0,0,1,0,1,58,25,33
BAILEY COUNTY,017,33 Years,83,44,39,24,15,9,1,0,1,0,0,0,58,29,29
BAILEY COUNTY,017,34 Years,91,52,39,31,18,13,0,0,0,0,0,0,60,34,26
BAILEY COUNTY,017,35 Years,86,46,40,25,14,11,1,1,0,1,1,0,59,30,29
BAILEY COUNTY,017,36 Years,74,38,36,19,10,9,0,0,0,0,0,0,55,28,27
BAILEY COUNTY,017,37 Years,82,42,40,23,11,12,1,1,0,0,0,0,58,30,28
BAILEY COUNTY,017,38 Years,76,39,37,20,8,12,2,2,0,0,0,0,54,29,25
BAILEY COUNTY,017,39 Years,88,44,44,30,15,15,0,0,0,2,1,1,56,28,28
BAILEY COUNTY,017,40 Years,76,41,35,25,16,9,0,0,0,0,0,0,51,25,26
BAILEY COUNTY,017,41 Years,76,40,36,19,11,8,1,1,0,1,0,1,55,28,27
BAILEY COUNTY,017,42 Years,69,32,37,17,7,10,0,0,0,1,0,1,51,25,26
BAILEY COUNTY,017,43 Years,73,36,37,20,10,10,0,0,0,2,0,2,51,26,25
BAILEY COUNTY,017,44 Years,81,40,41,26,13,13,2,0,2,2,2,0,51,25,26
BAILEY COUNTY,017,45 Years,73,36,37,22,10,12,1,0,1,1,1,0,49,25,24
BAILEY COUNTY,017,46 Years,76,41,35,27,14,13,1,1,0,2,2,0,46,24,22
BAILEY COUNTY,017,47 Years,82,47,35,29,16,13,0,0,0,1,1,0,52,30,22
BAILEY COUNTY,017,48 Years,71,34,37,25,11,14,0,0,0,0,0,0,46,23,23
BAILEY COUNTY,017,49 Years,72,32,40,21,8,13,0,0,0,1,1,0,50,23,27
BAILEY COUNTY,017,50 Years,80,41,39,35,15,20,1,1,0,1,0,1,43,25,18
BAILEY COUNTY,017,51 Years,86,43,43,39,18,21,1,1,0,0,0,0,46,24,22
BAILEY COUNTY,017,52 Years,83,47,36,30,16,14,0,0,0,0,0,0,53,31,22
BAILEY COUNTY,017,53 Years,81,43,38,35,21,14,0,0,0,0,0,0,46,22,24
BAILEY COUNTY,017,54 Years,77,37,40,44,20,24,0,0,0,1,0,1,32,17,15
BAILEY COUNTY,017,55 Years,74,41,33,38,21,17,0,0,0,1,0,1,35,20,15
BAILEY COUNTY,017,56 Years,94,50,44,49,23,26,3,3,0,1,1,0,41,23,18
BAILEY COUNTY,017,57 Years,91,45,46,49,22,27,3,2,1,0,0,0,39,21,18
BAILEY COUNTY,017,58 Years,76,42,34,42,25,17,0,0,0,0,0,0,34,17,17
BAILEY COUNTY,017,59 Years,84,44,40,47,24,23,0,0,0,0,0,0,37,20,17
BAILEY COUNTY,017,60 Years,86,42,44,50,24,26,1,1,0,1,0,1,34,17,17
BAILEY COUNTY,017,61 Years,75,35,40,45,20,25,1,1,0,1,0,1,28,14,14
BAILEY COUNTY,017,62 Years,66,33,33,39,18,21,1,0,1,1,0,1,25,15,10
BAILEY COUNTY,017,63 Years,63,38,25,38,21,17,1,1,0,0,0,0,24,16,8
BAILEY COUNTY,017,64 Years,61,29,32,42,18,24,0,0,0,0,0,0,19,11,8
BAILEY COUNTY,017,65 Years,66,30,36,43,19,24,0,0,0,0,0,0,23,11,12
BAILEY COUNTY,017,66 Years,54,27,27,34,17,17,1,1,0,1,1,0,18,8,10
BAILEY COUNTY,017,67 Years,50,26,24,33,18,15,1,1,0,1,0,1,15,7,8
BAILEY COUNTY,017,68 Years,52,34,18,34,23,11,1,1,0,0,0,0,17,10,7
BAILEY COUNTY,017,69 Years,61,30,31,43,21,22,1,0,1,2,2,0,15,7,8
BAILEY COUNTY,017,70 Years,65,26,39,46,19,27,0,0,0,1,1,0,18,6,12
BAILEY COUNTY,017,71 Years,53,24,29,39,18,21,0,0,0,0,0,0,14,6,8
BAILEY COUNTY,017,72 Years,60,34,26,43,26,17,0,0,0,1,0,1,16,8,8
BAILEY COUNTY,017,73 Years,43,22,21,33,17,16,0,0,0,0,0,0,10,5,5
BAILEY COUNTY,017,74 Years,44,22,22,26,14,12,0,0,0,0,0,0,18,8,10
BAILEY COUNTY,017,75 Years,38,16,22,25,10,15,0,0,0,1,1,0,12,5,7
BAILEY COUNTY,017,76 Years,41,18,23,29,11,18,0,0,0,0,0,0,12,7,5
BAILEY COUNTY,017,77 Years,47,19,28,34,11,23,1,0,1,0,0,0,12,8,4
BAILEY COUNTY,017,78 Years,41,16,25,30,13,17,1,0,1,1,0,1,9,3,6
BAILEY COUNTY,017,79 Years,38,21,17,26,14,12,1,0,1,1,0,1,10,7,3
BAILEY COUNTY,017,80 Years,35,14,21,25,9,16,0,0,0,1,0,1,9,5,4
BAILEY COUNTY,017,81 Years,37,17,20,25,9,16,1,1,0,0,0,0,11,7,4
BAILEY COUNTY,017,82 Years,29,14,15,22,10,12,1,1,0,0,0,0,6,3,3
BAILEY COUNTY,017,83 Years,25,9,16,17,7,10,2,0,2,0,0,0,6,2,4
BAILEY COUNTY,017,84 Years,26,15,11,19,10,9,1,1,0,0,0,0,6,4,2
BAILEY COUNTY,017,85 Years +,134,50,84,100,35,65,4,1,3,0,0,0,30,14,16
BANDERA COUNTY,019,All Ages,20942,10368,10574,16750,8245,8505,81,51,30,415,186,229,3696,1886,1810
BANDERA COUNTY,019,< 1 Year,166,82,84,119,59,60,0,0,0,4,2,2,43,21,22
BANDERA COUNTY,019,1 Years,167,85,82,119,60,59,0,0,0,3,2,1,45,23,22
BANDERA COUNTY,019,2 Years,165,84,81,119,60,59,0,0,0,4,2,2,42,22,20
BANDERA COUNTY,019,3 Years,165,90,75,113,61,52,0,0,0,6,2,4,46,27,19
BANDERA COUNTY,019,4 Years,182,94,88,133,67,66,1,0,1,4,1,3,44,26,18
BANDERA COUNTY,019,5 Years,187,89,98,128,58,70,4,2,2,5,1,4,50,28,22
BANDERA COUNTY,019,6 Years,192,96,96,126,62,64,1,1,0,6,3,3,59,30,29
BANDERA COUNTY,019,7 Years,189,93,96,127,65,62,0,0,0,4,1,3,58,27,31
BANDERA COUNTY,019,8 Years,194,95,99,125,63,62,1,0,1,4,3,1,64,29,35
BANDERA COUNTY,019,9 Years,199,100,99,125,62,63,0,0,0,4,2,2,70,36,34
BANDERA COUNTY,019,10 Years,227,110,117,141,68,73,2,1,1,6,1,5,78,40,38
BANDERA COUNTY,019,11 Years,220,105,115,149,69,80,3,1,2,3,1,2,65,34,31
BANDERA COUNTY,019,12 Years,229,122,107,152,81,71,2,1,1,3,1,2,72,39,33
BANDERA COUNTY,019,13 Years,224,108,116,154,75,79,4,1,3,2,1,1,64,31,33
BANDERA COUNTY,019,14 Years,249,132,117,181,97,84,4,2,2,3,2,1,61,31,30
BANDERA COUNTY,019,15 Years,262,130,132,190,92,98,3,2,1,6,2,4,63,34,29
BANDERA COUNTY,019,16 Years,266,137,129,188,101,87,2,1,1,9,2,7,67,33,34
BANDERA COUNTY,019,17 Years,276,145,131,193,100,93,2,2,0,8,2,6,73,41,32
BANDERA COUNTY,019,18 Years,273,136,137,189,92,97,2,1,1,7,2,5,75,41,34
BANDERA COUNTY,019,19 Years,250,123,127,177,85,92,1,1,0,7,3,4,65,34,31
BANDERA COUNTY,019,20 Years,226,117,109,165,83,82,1,1,0,4,3,1,56,30,26
BANDERA COUNTY,019,21 Years,202,116,86,137,78,59,0,0,0,3,2,1,62,36,26
BANDERA COUNTY,019,22 Years,154,77,77,112,56,56,0,0,0,2,1,1,40,20,20
BANDERA COUNTY,019,23 Years,151,73,78,117,56,61,1,0,1,2,2,0,31,15,16
BANDERA COUNTY,019,24 Years,152,81,71,102,52,50,0,0,0,9,6,3,41,23,18
BANDERA COUNTY,019,25 Years,141,65,76,98,43,55,0,0,0,5,2,3,38,20,18
BANDERA COUNTY,019,26 Years,144,72,72,97,53,44,0,0,0,3,0,3,44,19,25
BANDERA COUNTY,019,27 Years,130,68,62,88,47,41,1,1,0,3,2,1,38,18,20
BANDERA COUNTY,019,28 Years,142,71,71,95,48,47,0,0,0,4,3,1,43,20,23
BANDERA COUNTY,019,29 Years,129,68,61,95,50,45,0,0,0,5,3,2,29,15,14
BANDERA COUNTY,019,30 Years,144,81,63,104,57,47,0,0,0,3,2,1,37,22,15
BANDERA COUNTY,019,31 Years,139,76,63,108,59,49,0,0,0,6,4,2,25,13,12
BANDERA COUNTY,019,32 Years,165,82,83,127,60,67,0,0,0,6,3,3,32,19,13
BANDERA COUNTY,019,33 Years,164,74,90,124,53,71,0,0,0,4,1,3,36,20,16
BANDERA COUNTY,019,34 Years,162,81,81,129,61,68,0,0,0,1,0,1,32,20,12
BANDERA COUNTY,019,35 Years,172,93,79,136,74,62,0,0,0,3,1,2,33,18,15
BANDERA COUNTY,019,36 Years,167,93,74,132,74,58,2,2,0,1,1,0,32,16,16
BANDERA COUNTY,019,37 Years,178,90,88,136,70,66,3,3,0,1,0,1,38,17,21
BANDERA COUNTY,019,38 Years,196,86,110,143,66,77,1,1,0,3,2,1,49,17,32
BANDERA COUNTY,019,39 Years,181,83,98,133,62,71,1,0,1,5,2,3,42,19,23
BANDERA COUNTY,019,40 Years,198,93,105,147,66,81,0,0,0,10,5,5,41,22,19
BANDERA COUNTY,019,41 Years,189,101,88,137,71,66,2,2,0,5,3,2,45,25,20
BANDERA COUNTY,019,42 Years,225,117,108,166,87,79,1,1,0,7,4,3,51,25,26
BANDERA COUNTY,019,43 Years,249,116,133,195,92,103,1,0,1,5,2,3,48,22,26
BANDERA COUNTY,019,44 Years,247,116,131,197,94,103,1,0,1,2,1,1,47,21,26
BANDERA COUNTY,019,45 Years,263,125,138,207,99,108,0,0,0,6,3,3,50,23,27
BANDERA COUNTY,019,46 Years,267,127,140,219,105,114,0,0,0,5,2,3,43,20,23
BANDERA COUNTY,019,47 Years,275,135,140,223,112,111,0,0,0,9,4,5,43,19,24
BANDERA COUNTY,019,48 Years,317,154,163,254,122,132,1,1,0,8,2,6,54,29,25
BANDERA COUNTY,019,49 Years,367,185,182,301,150,151,2,2,0,4,2,2,60,31,29
BANDERA COUNTY,019,50 Years,381,184,197,307,147,160,1,1,0,5,4,1,68,32,36
BANDERA COUNTY,019,51 Years,373,178,195,304,140,164,1,1,0,9,6,3,59,31,28
BANDERA COUNTY,019,52 Years,399,181,218,327,151,176,0,0,0,9,3,6,63,27,36
BANDERA COUNTY,019,53 Years,422,189,233,347,154,193,1,1,0,11,3,8,63,31,32
BANDERA COUNTY,019,54 Years,410,190,220,354,160,194,1,1,0,4,1,3,51,28,23
BANDERA COUNTY,019,55 Years,402,207,195,340,175,165,2,1,1,6,3,3,54,28,26
BANDERA COUNTY,019,56 Years,403,189,214,341,158,183,4,3,1,8,5,3,50,23,27
BANDERA COUNTY,019,57 Years,435,202,233,373,173,200,2,1,1,6,2,4,54,26,28
BANDERA COUNTY,019,58 Years,410,203,207,355,179,176,1,0,1,4,1,3,50,23,27
BANDERA COUNTY,019,59 Years,407,191,216,355,168,187,0,0,0,8,2,6,44,21,23
BANDERA COUNTY,019,60 Years,409,197,212,358,170,188,1,0,1,4,1,3,46,26,20
BANDERA COUNTY,019,61 Years,399,204,195,346,179,167,2,1,1,8,2,6,43,22,21
BANDERA COUNTY,019,62 Years,372,192,180,327,169,158,1,1,0,8,4,4,36,18,18
BANDERA COUNTY,019,63 Years,357,168,189,315,147,168,1,0,1,3,1,2,38,20,18
BANDERA COUNTY,019,64 Years,375,188,187,328,162,166,1,1,0,9,4,5,37,21,16
BANDERA COUNTY,019,65 Years,406,208,198,348,177,171,1,1,0,6,4,2,51,26,25
BANDERA COUNTY,019,66 Years,416,206,210,354,171,183,0,0,0,7,3,4,55,32,23
BANDERA COUNTY,019,67 Years,329,161,168,279,128,151,1,1,0,11,7,4,38,25,13
BANDERA COUNTY,019,68 Years,315,164,151,282,144,138,2,2,0,7,2,5,24,16,8
BANDERA COUNTY,019,69 Years,321,156,165,287,143,144,2,1,1,4,1,3,28,11,17
BANDERA COUNTY,019,70 Years,330,162,168,294,147,147,0,0,0,8,4,4,28,11,17
BANDERA COUNTY,019,71 Years,300,149,151,273,138,135,1,1,0,4,2,2,22,8,14
BANDERA COUNTY,019,72 Years,270,137,133,247,125,122,0,0,0,4,2,2,19,10,9
BANDERA COUNTY,019,73 Years,239,128,111,210,113,97,0,0,0,3,1,2,26,14,12
BANDERA COUNTY,019,74 Years,214,113,101,190,101,89,0,0,0,3,1,2,21,11,10
BANDERA COUNTY,019,75 Years,192,93,99,171,83,88,1,1,0,4,2,2,16,7,9
BANDERA COUNTY,019,76 Years,157,73,84,138,64,74,1,1,0,3,2,1,15,6,9
BANDERA COUNTY,019,77 Years,152,72,80,131,62,69,0,0,0,3,2,1,18,8,10
BANDERA COUNTY,019,78 Years,150,80,70,132,72,60,0,0,0,1,0,1,17,8,9
BANDERA COUNTY,019,79 Years,132,66,66,115,58,57,1,0,1,0,0,0,16,8,8
BANDERA COUNTY,019,80 Years,122,65,57,105,56,49,0,0,0,2,1,1,15,8,7
BANDERA COUNTY,019,81 Years,112,57,55,98,48,50,0,0,0,2,1,1,12,8,4
BANDERA COUNTY,019,82 Years,111,58,53,99,51,48,0,0,0,2,1,1,10,6,4
BANDERA COUNTY,019,83 Years,98,52,46,86,44,42,0,0,0,1,1,0,11,7,4
BANDERA COUNTY,019,84 Years,96,53,43,85,48,37,1,0,1,2,1,1,8,4,4
BANDERA COUNTY,019,85 Years +,408,180,228,377,163,214,1,1,0,4,2,2,26,14,12
BASTROP COUNTY,021,All Ages,78707,40042,38665,42855,21152,21703,5804,3097,2707,2286,1134,1152,27762,14659,13103
BASTROP COUNTY,021,< 1 Year,929,479,450,418,219,199,55,28,27,28,16,12,428,216,212
BASTROP COUNTY,021,1 Years,903,461,442,412,211,201,58,30,28,23,12,11,410,208,202
BASTROP COUNTY,021,2 Years,879,448,431,412,210,202,57,29,28,21,11,10,389,198,191
BASTROP COUNTY,021,3 Years,918,473,445,344,180,164,60,35,25,34,15,19,480,243,237
BASTROP COUNTY,021,4 Years,1007,490,517,367,175,192,64,33,31,45,22,23,531,260,271
BASTROP COUNTY,021,5 Years,1064,554,510,381,194,187,67,32,35,52,27,25,564,301,263
BASTROP COUNTY,021,6 Years,1117,600,517,374,215,159,66,32,34,57,33,24,620,320,300
BASTROP COUNTY,021,7 Years,1097,579,518,386,212,174,58,27,31,58,29,29,595,311,284
BASTROP COUNTY,021,8 Years,1122,602,520,422,229,193,57,31,26,47,22,25,596,320,276
BASTROP COUNTY,021,9 Years,1137,572,565,421,224,197,64,26,38,50,25,25,602,297,305
BASTROP COUNTY,021,10 Years,1175,588,587,442,230,212,69,25,44,57,26,31,607,307,300
BASTROP COUNTY,021,11 Years,1204,622,582,467,247,220,66,28,38,55,28,27,616,319,297
BASTROP COUNTY,021,12 Years,1227,634,593,472,245,227,71,34,37,50,23,27,634,332,302
BASTROP COUNTY,021,13 Years,1268,677,591,498,261,237,83,39,44,48,26,22,639,351,288
BASTROP COUNTY,021,14 Years,1287,672,615,528,270,258,90,43,47,43,19,24,626,340,286
BASTROP COUNTY,021,15 Years,1257,634,623,530,258,272,104,50,54,48,21,27,575,305,270
BASTROP COUNTY,021,16 Years,1219,629,590,522,265,257,114,57,57,47,24,23,536,283,253
BASTROP COUNTY,021,17 Years,1227,653,574,538,272,266,104,59,45,41,25,16,544,297,247
BASTROP COUNTY,021,18 Years,1178,628,550,512,267,245,104,62,42,42,24,18,520,275,245
BASTROP COUNTY,021,19 Years,1043,552,491,435,226,209,88,46,42,33,18,15,487,262,225
BASTROP COUNTY,021,20 Years,1020,524,496,411,206,205,78,47,31,27,13,14,504,258,246
BASTROP COUNTY,021,21 Years,1031,546,485,399,202,197,80,48,32,31,13,18,521,283,238
BASTROP COUNTY,021,22 Years,891,479,412,313,159,154,81,45,36,25,13,12,472,262,210
BASTROP COUNTY,021,23 Years,867,470,397,342,170,172,69,41,28,32,15,17,424,244,180
BASTROP COUNTY,021,24 Years,777,432,345,350,178,172,62,39,23,18,10,8,347,205,142
BASTROP COUNTY,021,25 Years,790,424,366,344,162,182,71,41,30,17,12,5,358,209,149
BASTROP COUNTY,021,26 Years,738,393,345,316,160,156,65,34,31,25,12,13,332,187,145
BASTROP COUNTY,021,27 Years,773,417,356,342,181,161,55,34,21,20,11,9,356,191,165
BASTROP COUNTY,021,28 Years,715,367,348,312,145,167,50,31,19,20,12,8,333,179,154
BASTROP COUNTY,021,29 Years,770,401,369,318,158,160,65,39,26,15,9,6,372,195,177
BASTROP COUNTY,021,30 Years,839,440,399,369,191,178,59,39,20,18,10,8,393,200,193
BASTROP COUNTY,021,31 Years,945,485,460,423,200,223,58,37,21,20,11,9,444,237,207
BASTROP COUNTY,021,32 Years,992,523,469,439,217,222,75,47,28,21,10,11,457,249,208
BASTROP COUNTY,021,33 Years,963,498,465,432,217,215,65,43,22,24,11,13,442,227,215
BASTROP COUNTY,021,34 Years,1004,519,485,464,217,247,68,46,22,27,13,14,445,243,202
BASTROP COUNTY,021,35 Years,952,507,445,444,222,222,75,52,23,26,13,13,407,220,187
BASTROP COUNTY,021,36 Years,984,504,480,454,224,230,64,41,23,28,13,15,438,226,212
BASTROP COUNTY,021,37 Years,1039,554,485,494,254,240,84,54,30,35,20,15,426,226,200
BASTROP COUNTY,021,38 Years,1034,543,491,463,229,234,82,56,26,29,16,13,460,242,218
BASTROP COUNTY,021,39 Years,1045,536,509,506,251,255,86,52,34,27,11,16,426,222,204
BASTROP COUNTY,021,40 Years,1019,540,479,500,258,242,91,56,35,20,11,9,408,215,193
BASTROP COUNTY,021,41 Years,1077,561,516,548,272,276,83,49,34,20,11,9,426,229,197
BASTROP COUNTY,021,42 Years,1115,569,546,606,294,312,102,59,43,21,12,9,386,204,182
BASTROP COUNTY,021,43 Years,1126,566,560,597,284,313,94,54,40,36,18,18,399,210,189
BASTROP COUNTY,021,44 Years,1102,561,541,611,301,310,80,43,37,29,10,19,382,207,175
BASTROP COUNTY,021,45 Years,1014,516,498,549,279,270,91,51,40,29,14,15,345,172,173
BASTROP COUNTY,021,46 Years,1030,524,506,581,300,281,92,47,45,30,14,16,327,163,164
BASTROP COUNTY,021,47 Years,1096,576,520,612,307,305,105,60,45,35,19,16,344,190,154
BASTROP COUNTY,021,48 Years,1205,624,581,719,362,357,110,60,50,29,15,14,347,187,160
BASTROP COUNTY,021,49 Years,1192,623,569,733,382,351,108,53,55,30,16,14,321,172,149
BASTROP COUNTY,021,50 Years,1187,622,565,744,373,371,92,52,40,28,16,12,323,181,142
BASTROP COUNTY,021,51 Years,1171,605,566,741,370,371,88,52,36,34,15,19,308,168,140
BASTROP COUNTY,021,52 Years,1192,616,576,772,390,382,96,52,44,40,20,20,284,154,130
BASTROP COUNTY,021,53 Years,1222,626,596,806,401,405,92,50,42,31,13,18,293,162,131
BASTROP COUNTY,021,54 Years,1230,615,615,824,398,426,92,49,43,34,16,18,280,152,128
BASTROP COUNTY,021,55 Years,1217,578,639,837,380,457,94,49,45,28,14,14,258,135,123
BASTROP COUNTY,021,56 Years,1190,590,600,835,402,433,85,43,42,26,11,15,244,134,110
BASTROP COUNTY,021,57 Years,1164,562,602,822,381,441,94,47,47,24,9,15,224,125,99
BASTROP COUNTY,021,58 Years,1131,560,571,836,407,429,71,35,36,25,12,13,199,106,93
BASTROP COUNTY,021,59 Years,1079,529,550,784,376,408,73,35,38,28,12,16,194,106,88
BASTROP COUNTY,021,60 Years,1091,547,544,804,389,415,85,50,35,31,17,14,171,91,80
BASTROP COUNTY,021,61 Years,1044,522,522,772,387,385,70,33,37,31,16,15,171,86,85
BASTROP COUNTY,021,62 Years,999,493,506,748,373,375,71,30,41,27,14,13,153,76,77
BASTROP COUNTY,021,63 Years,958,495,463,727,373,354,64,35,29,29,16,13,138,71,67
BASTROP COUNTY,021,64 Years,943,468,475,724,353,371,54,27,27,25,12,13,140,76,64
BASTROP COUNTY,021,65 Years,979,474,505,755,367,388,68,31,37,21,10,11,135,66,69
BASTROP COUNTY,021,66 Years,944,467,477,716,359,357,60,26,34,25,11,14,143,71,72
BASTROP COUNTY,021,67 Years,748,374,374,560,283,277,50,22,28,15,6,9,123,63,60
BASTROP COUNTY,021,68 Years,691,342,349,512,249,263,47,22,25,14,6,8,118,65,53
BASTROP COUNTY,021,69 Years,652,312,340,519,245,274,43,21,22,13,6,7,77,40,37
BASTROP COUNTY,021,70 Years,630,295,335,513,245,268,33,14,19,14,5,9,70,31,39
BASTROP COUNTY,021,71 Years,550,265,285,431,210,221,40,16,24,7,2,5,72,37,35
BASTROP COUNTY,021,72 Years,482,231,251,378,184,194,34,16,18,8,3,5,62,28,34
BASTROP COUNTY,021,73 Years,458,216,242,358,171,187,36,19,17,8,4,4,56,22,34
BASTROP COUNTY,021,74 Years,430,206,224,323,153,170,37,20,17,7,3,4,63,30,33
BASTROP COUNTY,021,75 Years,407,194,213,321,155,166,25,11,14,9,3,6,52,25,27
BASTROP COUNTY,021,76 Years,358,171,187,291,139,152,23,8,15,6,4,2,38,20,18
BASTROP COUNTY,021,77 Years,340,150,190,273,121,152,23,9,14,10,5,5,34,15,19
BASTROP COUNTY,021,78 Years,339,149,190,266,118,148,31,12,19,5,2,3,37,17,20
BASTROP COUNTY,021,79 Years,266,121,145,207,96,111,23,11,12,4,2,2,32,12,20
BASTROP COUNTY,021,80 Years,250,115,135,203,98,105,21,8,13,2,0,2,24,9,15
BASTROP COUNTY,021,81 Years,230,102,128,185,86,99,20,7,13,4,1,3,21,8,13
BASTROP COUNTY,021,82 Years,232,107,125,177,84,93,17,8,9,6,3,3,32,12,20
BASTROP COUNTY,021,83 Years,213,94,119,171,74,97,13,5,8,3,2,1,26,13,13
BASTROP COUNTY,021,84 Years,197,85,112,151,67,84,17,7,10,5,3,2,24,8,16
BASTROP COUNTY,021,85 Years +,1090,375,715,897,303,594,75,21,54,16,6,10,102,45,57
BAYLOR COUNTY,023,All Ages,3631,1749,1882,3037,1475,1562,67,33,34,54,21,33,473,220,253
BAYLOR COUNTY,023,< 1 Year,34,19,15,26,14,12,0,0,0,0,0,0,8,5,3
BAYLOR COUNTY,023,1 Years,35,18,17,27,14,13,0,0,0,0,0,0,8,4,4
BAYLOR COUNTY,023,2 Years,33,17,16,25,13,12,0,0,0,0,0,0,8,4,4
BAYLOR COUNTY,023,3 Years,42,23,19,34,19,15,0,0,0,2,1,1,6,3,3
BAYLOR COUNTY,023,4 Years,42,21,21,28,16,12,1,0,1,2,2,0,11,3,8
BAYLOR COUNTY,023,5 Years,34,21,13,22,14,8,1,0,1,2,2,0,9,5,4
BAYLOR COUNTY,023,6 Years,50,28,22,33,18,15,0,0,0,2,2,0,15,8,7
BAYLOR COUNTY,023,7 Years,51,32,19,35,25,10,1,1,0,2,0,2,13,6,7
BAYLOR COUNTY,023,8 Years,47,22,25,35,17,18,1,1,0,2,1,1,9,3,6
BAYLOR COUNTY,023,9 Years,41,16,25,34,13,21,1,1,0,1,1,0,5,1,4
BAYLOR COUNTY,023,10 Years,37,16,21,28,12,16,1,1,0,1,0,1,7,3,4
BAYLOR COUNTY,023,11 Years,39,19,20,30,15,15,0,0,0,1,0,1,8,4,4
BAYLOR COUNTY,023,12 Years,45,24,21,33,19,14,3,1,2,0,0,0,9,4,5
BAYLOR COUNTY,023,13 Years,44,22,22,33,18,15,2,1,1,0,0,0,9,3,6
BAYLOR COUNTY,023,14 Years,44,20,24,31,14,17,0,0,0,0,0,0,13,6,7
BAYLOR COUNTY,023,15 Years,43,20,23,30,15,15,1,0,1,0,0,0,12,5,7
BAYLOR COUNTY,023,16 Years,39,17,22,23,10,13,1,0,1,1,0,1,14,7,7
BAYLOR COUNTY,023,17 Years,33,17,16,26,14,12,1,0,1,0,0,0,6,3,3
BAYLOR COUNTY,023,18 Years,36,20,16,26,15,11,0,0,0,1,1,0,9,4,5
BAYLOR COUNTY,023,19 Years,32,18,14,26,15,11,0,0,0,0,0,0,6,3,3
BAYLOR COUNTY,023,20 Years,39,21,18,30,17,13,0,0,0,0,0,0,9,4,5
BAYLOR COUNTY,023,21 Years,44,15,29,33,13,20,1,0,1,0,0,0,10,2,8
BAYLOR COUNTY,023,22 Years,44,19,25,33,13,20,1,1,0,0,0,0,10,5,5
BAYLOR COUNTY,023,23 Years,44,21,23,36,16,20,1,0,1,0,0,0,7,5,2
BAYLOR COUNTY,023,24 Years,44,22,22,39,19,20,0,0,0,0,0,0,5,3,2
BAYLOR COUNTY,023,25 Years,37,15,22,32,13,19,0,0,0,0,0,0,5,2,3
BAYLOR COUNTY,023,26 Years,31,14,17,26,13,13,0,0,0,0,0,0,5,1,4
BAYLOR COUNTY,023,27 Years,36,18,18,31,16,15,1,1,0,0,0,0,4,1,3
BAYLOR COUNTY,023,28 Years,45,26,19,40,23,17,0,0,0,0,0,0,5,3,2
BAYLOR COUNTY,023,29 Years,40,21,19,32,17,15,0,0,0,0,0,0,8,4,4
BAYLOR COUNTY,023,30 Years,27,14,13,22,11,11,0,0,0,0,0,0,5,3,2
BAYLOR COUNTY,023,31 Years,27,12,15,23,10,13,0,0,0,0,0,0,4,2,2
BAYLOR COUNTY,023,32 Years,34,18,16,28,17,11,1,1,0,1,0,1,4,0,4
BAYLOR COUNTY,023,33 Years,37,22,15,25,15,10,1,1,0,1,1,0,10,5,5
BAYLOR COUNTY,023,34 Years,34,19,15,23,14,9,0,0,0,1,0,1,10,5,5
BAYLOR COUNTY,023,35 Years,32,17,15,29,16,13,1,0,1,0,0,0,2,1,1
BAYLOR COUNTY,023,36 Years,33,16,17,29,13,16,0,0,0,0,0,0,4,3,1
BAYLOR COUNTY,023,37 Years,31,16,15,25,13,12,0,0,0,0,0,0,6,3,3
BAYLOR COUNTY,023,38 Years,29,14,15,25,12,13,0,0,0,0,0,0,4,2,2
BAYLOR COUNTY,023,39 Years,23,11,12,20,9,11,0,0,0,0,0,0,3,2,1
BAYLOR COUNTY,023,40 Years,33,16,17,27,13,14,1,1,0,0,0,0,5,2,3
BAYLOR COUNTY,023,41 Years,30,15,15,26,13,13,1,1,0,0,0,0,3,1,2
BAYLOR COUNTY,023,42 Years,41,16,25,36,15,21,0,0,0,1,0,1,4,1,3
BAYLOR COUNTY,023,43 Years,37,17,20,31,15,16,0,0,0,0,0,0,6,2,4
BAYLOR COUNTY,023,44 Years,48,25,23,42,21,21,0,0,0,0,0,0,6,4,2
BAYLOR COUNTY,023,45 Years,40,19,21,35,17,18,1,0,1,0,0,0,4,2,2
BAYLOR COUNTY,023,46 Years,36,13,23,31,11,20,1,0,1,0,0,0,4,2,2
BAYLOR COUNTY,023,47 Years,44,16,28,36,13,23,1,0,1,1,0,1,6,3,3
BAYLOR COUNTY,023,48 Years,52,24,28,44,20,24,3,2,1,0,0,0,5,2,3
BAYLOR COUNTY,023,49 Years,56,28,28,49,25,24,2,1,1,0,0,0,5,2,3
BAYLOR COUNTY,023,50 Years,48,25,23,40,20,20,3,2,1,0,0,0,5,3,2
BAYLOR COUNTY,023,51 Years,45,26,19,40,23,17,1,1,0,0,0,0,4,2,2
BAYLOR COUNTY,023,52 Years,49,25,24,43,21,22,0,0,0,0,0,0,6,4,2
BAYLOR COUNTY,023,53 Years,58,35,23,52,32,20,2,1,1,1,1,0,3,1,2
BAYLOR COUNTY,023,54 Years,52,27,25,43,24,19,2,0,2,1,1,0,6,2,4
BAYLOR COUNTY,023,55 Years,64,30,34,54,25,29,2,1,1,1,0,1,7,4,3
BAYLOR COUNTY,023,56 Years,57,25,32,49,21,28,1,1,0,0,0,0,7,3,4
BAYLOR COUNTY,023,57 Years,62,30,32,52,26,26,1,0,1,1,1,0,8,3,5
BAYLOR COUNTY,023,58 Years,52,32,20,41,25,16,1,1,0,1,1,0,9,5,4
BAYLOR COUNTY,023,59 Years,54,29,25,46,25,21,1,1,0,2,1,1,5,2,3
BAYLOR COUNTY,023,60 Years,47,27,20,43,24,19,0,0,0,3,2,1,1,1,0
BAYLOR COUNTY,023,61 Years,50,26,24,44,23,21,0,0,0,2,2,0,4,1,3
BAYLOR COUNTY,023,62 Years,47,22,25,40,19,21,1,1,0,2,0,2,4,2,2
BAYLOR COUNTY,023,63 Years,47,24,23,41,21,20,0,0,0,2,0,2,4,3,1
BAYLOR COUNTY,023,64 Years,46,20,26,40,18,22,0,0,0,2,0,2,4,2,2
BAYLOR COUNTY,023,65 Years,40,17,23,36,15,21,1,1,0,2,0,2,1,1,0
BAYLOR COUNTY,023,66 Years,39,16,23,35,14,21,1,0,1,0,0,0,3,2,1
BAYLOR COUNTY,023,67 Years,48,23,25,44,20,24,0,0,0,1,1,0,3,2,1
BAYLOR COUNTY,023,68 Years,55,25,30,48,21,27,3,1,2,0,0,0,4,3,1
BAYLOR COUNTY,023,69 Years,42,18,24,36,17,19,3,0,3,1,0,1,2,1,1
BAYLOR COUNTY,023,70 Years,58,28,30,54,26,28,0,0,0,1,0,1,3,2,1
BAYLOR COUNTY,023,71 Years,57,27,30,53,27,26,1,0,1,1,0,1,2,0,2
BAYLOR COUNTY,023,72 Years,46,20,26,44,20,24,0,0,0,1,0,1,1,0,1
BAYLOR COUNTY,023,73 Years,41,15,26,39,15,24,1,0,1,0,0,0,1,0,1
BAYLOR COUNTY,023,74 Years,39,17,22,36,15,21,0,0,0,0,0,0,3,2,1
BAYLOR COUNTY,023,75 Years,39,20,19,35,17,18,1,1,0,0,0,0,3,2,1
BAYLOR COUNTY,023,76 Years,40,24,16,36,23,13,1,0,1,1,0,1,2,1,1
BAYLOR COUNTY,023,77 Years,32,16,16,30,15,15,0,0,0,1,0,1,1,1,0
BAYLOR COUNTY,023,78 Years,37,13,24,34,12,22,2,1,1,1,0,1,0,0,0
BAYLOR COUNTY,023,79 Years,40,18,22,36,16,20,1,1,0,0,0,0,3,1,2
BAYLOR COUNTY,023,80 Years,29,14,15,24,12,12,1,1,0,1,0,1,3,1,2
BAYLOR COUNTY,023,81 Years,31,10,21,27,8,19,2,1,1,0,0,0,2,1,1
BAYLOR COUNTY,023,82 Years,22,7,15,20,7,13,1,0,1,0,0,0,1,0,1
BAYLOR COUNTY,023,83 Years,22,10,12,19,9,10,1,1,0,2,0,2,0,0,0
BAYLOR COUNTY,023,84 Years,17,8,9,16,7,9,1,1,0,0,0,0,0,0,0
BAYLOR COUNTY,023,85 Years +,150,50,100,144,49,95,0,0,0,1,0,1,5,1,4
BEE COUNTY,025,All Ages,32414,19401,13013,10974,6708,4266,2524,2327,197,499,255,244,18417,10111,8306
BEE COUNTY,025,< 1 Year,366,194,172,90,49,41,4,3,1,10,5,5,262,137,125
BEE COUNTY,025,1 Years,349,177,172,89,45,44,4,2,2,9,5,4,247,125,122
BEE COUNTY,025,2 Years,340,174,166,88,45,43,4,2,2,7,4,3,241,123,118
BEE COUNTY,025,3 Years,358,168,190,80,32,48,8,5,3,9,4,5,261,127,134
BEE COUNTY,025,4 Years,367,177,190,77,35,42,9,7,2,11,6,5,270,129,141
BEE COUNTY,025,5 Years,372,184,188,78,41,37,10,7,3,12,5,7,272,131,141
BEE COUNTY,025,6 Years,412,203,209,96,51,45,5,3,2,8,4,4,303,145,158
BEE COUNTY,025,7 Years,412,221,191,92,50,42,4,2,2,11,6,5,305,163,142
BEE COUNTY,025,8 Years,393,198,195,91,52,39,5,3,2,9,6,3,288,137,151
BEE COUNTY,025,9 Years,385,193,192,81,42,39,4,1,3,8,6,2,292,144,148
BEE COUNTY,025,10 Years,392,190,202,83,44,39,6,3,3,10,7,3,293,136,157
BEE COUNTY,025,11 Years,368,195,173,75,44,31,5,3,2,6,2,4,282,146,136
BEE COUNTY,025,12 Years,410,212,198,93,60,33,6,5,1,4,3,1,307,144,163
BEE COUNTY,025,13 Years,421,218,203,86,47,39,6,3,3,10,6,4,319,162,157
BEE COUNTY,025,14 Years,396,202,194,86,43,43,7,4,3,5,3,2,298,152,146
BEE COUNTY,025,15 Years,391,200,191,84,47,37,4,2,2,4,2,2,299,149,150
BEE COUNTY,025,16 Years,369,189,180,74,40,34,7,4,3,5,3,2,283,142,141
BEE COUNTY,025,17 Years,384,202,182,83,41,42,4,3,1,4,3,1,293,155,138
BEE COUNTY,025,18 Years,430,240,190,94,51,43,22,19,3,2,0,2,312,170,142
BEE COUNTY,025,19 Years,508,344,164,115,84,31,63,60,3,5,2,3,325,198,127
BEE COUNTY,025,20 Years,537,354,183,115,74,41,53,49,4,11,6,5,358,225,133
BEE COUNTY,025,21 Years,578,374,204,121,70,51,75,68,7,11,5,6,371,231,140
BEE COUNTY,025,22 Years,583,394,189,143,80,63,73,67,6,10,8,2,357,239,118
BEE COUNTY,025,23 Years,575,388,187,150,94,56,85,78,7,7,5,2,333,211,122
BEE COUNTY,025,24 Years,561,399,162,169,118,51,67,62,5,7,4,3,318,215,103
BEE COUNTY,025,25 Years,473,335,138,130,93,37,58,56,2,7,4,3,278,182,96
BEE COUNTY,025,26 Years,539,392,147,154,115,39,65,64,1,10,6,4,310,207,103
BEE COUNTY,025,27 Years,518,367,151,154,108,46,68,65,3,5,2,3,291,192,99
BEE COUNTY,025,28 Years,514,357,157,165,118,47,71,68,3,4,1,3,274,170,104
BEE COUNTY,025,29 Years,569,410,159,182,141,41,63,62,1,5,1,4,319,206,113
BEE COUNTY,025,30 Years,516,361,155,158,117,41,51,49,2,3,2,1,304,193,111
BEE COUNTY,025,31 Years,560,412,148,178,135,43,71,66,5,4,2,2,307,209,98
BEE COUNTY,025,32 Years,502,350,152,165,122,43,60,58,2,7,4,3,270,166,104
BEE COUNTY,025,33 Years,499,345,154,168,118,50,70,68,2,5,2,3,256,157,99
BEE COUNTY,025,34 Years,484,362,122,151,117,34,72,70,2,4,2,2,257,173,84
BEE COUNTY,025,35 Years,463,329,134,153,115,38,61,58,3,9,4,5,240,152,88
BEE COUNTY,025,36 Years,482,332,150,160,121,39,58,57,1,7,2,5,257,152,105
BEE COUNTY,025,37 Years,467,321,146,151,112,39,56,54,2,4,2,2,256,153,103
BEE COUNTY,025,38 Years,453,316,137,163,120,43,51,51,0,9,7,2,230,138,92
BEE COUNTY,025,39 Years,475,332,143,170,126,44,65,64,1,5,2,3,235,140,95
BEE COUNTY,025,40 Years,495,354,141,162,118,44,56,56,0,8,5,3,269,175,94
BEE COUNTY,025,41 Years,477,329,148,168,122,46,62,61,1,9,5,4,238,141,97
BEE COUNTY,025,42 Years,505,357,148,182,133,49,64,61,3,9,6,3,250,157,93
BEE COUNTY,025,43 Years,456,304,152,159,118,41,61,59,2,11,5,6,225,122,103
BEE COUNTY,025,44 Years,441,310,131,170,124,46,57,54,3,5,3,2,209,129,80
BEE COUNTY,025,45 Years,428,292,136,149,104,45,72,70,2,5,3,2,202,115,87
BEE COUNTY,025,46 Years,464,299,165,177,125,52,71,70,1,9,6,3,207,98,109
BEE COUNTY,025,47 Years,451,302,149,173,118,55,58,56,2,5,3,2,215,125,90
BEE COUNTY,025,48 Years,444,288,156,154,113,41,55,52,3,10,5,5,225,118,107
BEE COUNTY,025,49 Years,469,302,167,171,117,54,50,49,1,6,4,2,242,132,110
BEE COUNTY,025,50 Years,482,308,174,201,140,61,52,48,4,4,3,1,225,117,108
BEE COUNTY,025,51 Years,428,253,175,170,109,61,36,33,3,8,4,4,214,107,107
BEE COUNTY,025,52 Years,475,298,177,198,124,74,47,43,4,10,4,6,220,127,93
BEE COUNTY,025,53 Years,440,265,175,194,120,74,40,35,5,4,2,2,202,108,94
BEE COUNTY,025,54 Years,427,242,185,185,113,72,23,19,4,5,1,4,214,109,105
BEE COUNTY,025,55 Years,444,251,193,201,121,80,32,30,2,4,1,3,207,99,108
BEE COUNTY,025,56 Years,410,242,168,194,112,82,31,28,3,8,3,5,177,99,78
BEE COUNTY,025,57 Years,408,217,191,179,87,92,28,26,2,5,2,3,196,102,94
BEE COUNTY,025,58 Years,381,196,185,158,79,79,21,17,4,6,5,1,196,95,101
BEE COUNTY,025,59 Years,334,169,165,140,69,71,15,14,1,4,3,1,175,83,92
BEE COUNTY,025,60 Years,346,183,163,155,83,72,15,13,2,8,3,5,168,84,84
BEE COUNTY,025,61 Years,316,150,166,138,66,72,12,9,3,4,1,3,162,74,88
BEE COUNTY,025,62 Years,315,149,166,148,76,72,4,4,0,3,2,1,160,67,93
BEE COUNTY,025,63 Years,294,144,150,135,65,70,8,7,1,2,0,2,149,72,77
BEE COUNTY,025,64 Years,288,141,147,124,64,60,7,5,2,3,0,3,154,72,82
BEE COUNTY,025,65 Years,319,162,157,156,86,70,8,4,4,3,1,2,152,71,81
BEE COUNTY,025,66 Years,274,132,142,137,70,67,5,1,4,7,4,3,125,57,68
BEE COUNTY,025,67 Years,233,125,108,110,61,49,3,1,2,5,3,2,115,60,55
BEE COUNTY,025,68 Years,226,115,111,112,54,58,5,2,3,4,3,1,105,56,49
BEE COUNTY,025,69 Years,219,107,112,110,59,51,5,2,3,5,1,4,99,45,54
BEE COUNTY,025,70 Years,220,98,122,120,57,63,5,3,2,2,1,1,93,37,56
BEE COUNTY,025,71 Years,180,80,100,100,49,51,6,3,3,3,1,2,71,27,44
BEE COUNTY,025,72 Years,174,86,88,87,46,41,5,1,4,4,2,2,78,37,41
BEE COUNTY,025,73 Years,175,79,96,88,42,46,3,2,1,1,0,1,83,35,48
BEE COUNTY,025,74 Years,153,75,78,84,43,41,1,1,0,1,0,1,67,31,36
BEE COUNTY,025,75 Years,150,74,76,74,38,36,3,2,1,3,1,2,70,33,37
BEE COUNTY,025,76 Years,132,63,69,70,35,35,6,3,3,2,2,0,54,23,31
BEE COUNTY,025,77 Years,137,58,79,64,29,35,1,0,1,2,1,1,70,28,42
BEE COUNTY,025,78 Years,137,62,75,66,29,37,3,3,0,2,1,1,66,29,37
BEE COUNTY,025,79 Years,118,57,61,58,24,34,1,1,0,1,0,1,58,32,26
BEE COUNTY,025,80 Years,115,45,70,52,19,33,1,1,0,2,1,1,60,24,36
BEE COUNTY,025,81 Years,107,41,66,53,21,32,1,1,0,1,1,0,52,18,34
BEE COUNTY,025,82 Years,98,35,63,52,23,29,0,0,0,1,0,1,45,12,33
BEE COUNTY,025,83 Years,100,38,62,58,24,34,0,0,0,2,0,2,40,14,26
BEE COUNTY,025,84 Years,91,35,56,45,17,28,0,0,0,2,0,2,44,18,26
BEE COUNTY,025,85 Years +,467,178,289,258,105,153,5,2,3,8,0,8,196,71,125
BELL COUNTY,027,All Ages,326917,162104,164813,161485,80804,80681,66013,32864,33149,25604,11454,14150,73815,36982,36833
BELL COUNTY,027,< 1 Year,6159,3133,3026,2727,1391,1336,1241,634,607,585,295,290,1606,813,793
BELL COUNTY,027,1 Years,5962,3035,2927,2695,1372,1323,1236,629,607,464,236,228,1567,798,769
BELL COUNTY,027,2 Years,5919,3011,2908,2697,1374,1323,1222,621,601,471,238,233,1529,778,751
BELL COUNTY,027,3 Years,5802,2986,2816,2389,1272,1117,1118,576,542,616,309,307,1679,829,850
BELL COUNTY,027,4 Years,5817,2953,2864,2251,1182,1069,1107,559,548,713,344,369,1746,868,878
BELL COUNTY,027,5 Years,5852,2957,2895,2310,1174,1136,1131,577,554,695,340,355,1716,866,850
BELL COUNTY,027,6 Years,5686,2880,2806,2142,1113,1029,1147,589,558,649,312,337,1748,866,882
BELL COUNTY,027,7 Years,5421,2758,2663,2040,1031,1009,1145,588,557,587,287,300,1649,852,797
BELL COUNTY,027,8 Years,5141,2607,2534,1965,1011,954,1087,539,548,566,284,282,1523,773,750
BELL COUNTY,027,9 Years,4960,2547,2413,1935,1004,931,1000,500,500,513,250,263,1512,793,719
BELL COUNTY,027,10 Years,4782,2436,2346,1825,918,907,1041,525,516,464,235,229,1452,758,694
BELL COUNTY,027,11 Years,4810,2457,2353,1815,919,896,1101,554,547,446,223,223,1448,761,687
BELL COUNTY,027,12 Years,4743,2403,2340,1776,912,864,1117,558,559,438,222,216,1412,711,701
BELL COUNTY,027,13 Years,4702,2394,2308,1741,895,846,1124,559,565,430,227,203,1407,713,694
BELL COUNTY,027,14 Years,4503,2327,2176,1639,845,794,1111,559,552,402,199,203,1351,724,627
BELL COUNTY,027,15 Years,4441,2297,2144,1621,855,766,1118,603,515,377,172,205,1325,667,658
BELL COUNTY,027,16 Years,4251,2187,2064,1601,832,769,1048,559,489,371,185,186,1231,611,620
BELL COUNTY,027,17 Years,4286,2231,2055,1585,823,762,1066,558,508,385,197,188,1250,653,597
BELL COUNTY,027,18 Years,4165,2114,2051,1546,792,754,1050,514,536,350,179,171,1219,629,590
BELL COUNTY,027,19 Years,4067,2075,1992,1477,752,725,1078,553,525,334,167,167,1178,603,575
BELL COUNTY,027,20 Years,4209,2143,2066,1594,810,784,1080,555,525,351,173,178,1184,605,579
BELL COUNTY,027,21 Years,4434,2263,2171,1842,940,902,1033,538,495,357,182,175,1202,603,599
BELL COUNTY,027,22 Years,5195,2683,2512,2393,1266,1127,1044,521,523,413,223,190,1345,673,672
BELL COUNTY,027,23 Years,6105,3141,2964,3005,1560,1445,1107,546,561,469,221,248,1524,814,710
BELL COUNTY,027,24 Years,6898,3493,3405,3618,1834,1784,1145,577,568,517,235,282,1618,847,771
BELL COUNTY,027,25 Years,7468,3827,3641,4049,2105,1944,1230,618,612,567,260,307,1622,844,778
BELL COUNTY,027,26 Years,7339,3837,3502,3981,2154,1827,1236,619,617,554,251,303,1568,813,755
BELL COUNTY,027,27 Years,7238,3794,3444,3836,2092,1744,1346,666,680,557,255,302,1499,781,718
BELL COUNTY,027,28 Years,6842,3568,3274,3551,1927,1624,1323,652,671,476,243,233,1492,746,746
BELL COUNTY,027,29 Years,6128,3180,2948,3067,1649,1418,1207,610,597,456,241,215,1398,680,718
BELL COUNTY,027,30 Years,5840,2990,2850,2830,1509,1321,1150,579,571,452,211,241,1408,691,717
BELL COUNTY,027,31 Years,5463,2723,2740,2555,1328,1227,1108,543,565,456,199,257,1344,653,691
BELL COUNTY,027,32 Years,5270,2633,2637,2454,1280,1174,1080,526,554,453,195,258,1283,632,651
BELL COUNTY,027,33 Years,5148,2626,2522,2346,1244,1102,1122,566,556,431,173,258,1249,643,606
BELL COUNTY,027,34 Years,4676,2351,2325,2146,1126,1020,1035,507,528,387,161,226,1108,557,551
BELL COUNTY,027,35 Years,4385,2154,2231,1994,1025,969,957,455,502,393,176,217,1041,498,543
BELL COUNTY,027,36 Years,4171,2073,2098,1891,966,925,913,439,474,353,158,195,1014,510,504
BELL COUNTY,027,37 Years,3973,1946,2027,1801,905,896,860,402,458,338,161,177,974,478,496
BELL COUNTY,027,38 Years,3991,1931,2060,1808,890,918,888,422,466,323,143,180,972,476,496
BELL COUNTY,027,39 Years,3823,1849,1974,1788,883,905,857,423,434,309,136,173,869,407,462
BELL COUNTY,027,40 Years,3905,1874,2031,1865,899,966,864,434,430,329,138,191,847,403,444
BELL COUNTY,027,41 Years,4021,1992,2029,1976,995,981,902,461,441,286,124,162,857,412,445
BELL COUNTY,027,42 Years,3998,1917,2081,1978,980,998,925,442,483,270,113,157,825,382,443
BELL COUNTY,027,43 Years,3905,1857,2048,1928,923,1005,925,455,470,268,113,155,784,366,418
BELL COUNTY,027,44 Years,3651,1740,1911,1774,832,942,887,436,451,250,112,138,740,360,380
BELL COUNTY,027,45 Years,3550,1695,1855,1706,823,883,851,412,439,238,93,145,755,367,388
BELL COUNTY,027,46 Years,3492,1728,1764,1745,880,865,845,410,435,211,82,129,691,356,335
BELL COUNTY,027,47 Years,3566,1766,1800,1793,889,904,872,441,431,214,89,125,687,347,340
BELL COUNTY,027,48 Years,3805,1875,1930,1924,966,958,916,446,470,242,97,145,723,366,357
BELL COUNTY,027,49 Years,3830,1826,2004,1999,973,1026,887,423,464,242,85,157,702,345,357
BELL COUNTY,027,50 Years,3788,1819,1969,2004,954,1050,878,433,445,215,83,132,691,349,342
BELL COUNTY,027,51 Years,3713,1770,1943,1956,936,1020,902,422,480,230,89,141,625,323,302
BELL COUNTY,027,52 Years,3657,1700,1957,1968,913,1055,875,406,469,208,83,125,606,298,308
BELL COUNTY,027,53 Years,3830,1877,1953,2089,1034,1055,865,432,433,225,88,137,651,323,328
BELL COUNTY,027,54 Years,3538,1707,1831,1923,924,999,802,408,394,198,77,121,615,298,317
BELL COUNTY,027,55 Years,3511,1712,1799,1951,964,987,730,383,347,220,68,152,610,297,313
BELL COUNTY,027,56 Years,3509,1695,1814,1966,943,1023,736,392,344,229,72,157,578,288,290
BELL COUNTY,027,57 Years,3346,1562,1784,1921,901,1020,688,337,351,197,61,136,540,263,277
BELL COUNTY,027,58 Years,3246,1560,1686,1891,913,978,605,307,298,222,73,149,528,267,261
BELL COUNTY,027,59 Years,3024,1438,1586,1822,838,984,550,300,250,202,72,130,450,228,222
BELL COUNTY,027,60 Years,2818,1360,1458,1729,844,885,500,256,244,201,60,141,388,200,188
BELL COUNTY,027,61 Years,2652,1246,1406,1658,820,838,444,201,243,174,51,123,376,174,202
BELL COUNTY,027,62 Years,2646,1250,1396,1677,826,851,421,200,221,172,48,124,376,176,200
BELL COUNTY,027,63 Years,2618,1229,1389,1708,834,874,395,182,213,182,46,136,333,167,166
BELL COUNTY,027,64 Years,2569,1236,1333,1706,846,860,361,175,186,172,52,120,330,163,167
BELL COUNTY,027,65 Years,2523,1186,1337,1714,812,902,335,175,160,166,54,112,308,145,163
BELL COUNTY,027,66 Years,2502,1198,1304,1774,871,903,293,152,141,141,41,100,294,134,160
BELL COUNTY,027,67 Years,2012,948,1064,1374,669,705,256,119,137,124,38,86,258,122,136
BELL COUNTY,027,68 Years,1855,867,988,1277,611,666,220,107,113,110,34,76,248,115,133
BELL COUNTY,027,69 Years,1788,844,944,1262,610,652,209,102,107,97,32,65,220,100,120
BELL COUNTY,027,70 Years,1697,807,890,1216,602,614,213,98,115,93,31,62,175,76,99
BELL COUNTY,027,71 Years,1599,752,847,1135,545,590,199,100,99,86,30,56,179,77,102
BELL COUNTY,027,72 Years,1509,699,810,1076,506,570,197,87,110,81,30,51,155,76,79
BELL COUNTY,027,73 Years,1369,627,742,983,462,521,169,72,97,73,27,46,144,66,78
BELL COUNTY,027,74 Years,1228,575,653,899,423,476,146,71,75,59,18,41,124,63,61
BELL COUNTY,027,75 Years,1180,530,650,887,411,476,129,57,72,51,15,36,113,47,66
BELL COUNTY,027,76 Years,1117,488,629,839,377,462,115,47,68,52,17,35,111,47,64
BELL COUNTY,027,77 Years,1044,460,584,778,350,428,104,49,55,48,16,32,114,45,69
BELL COUNTY,027,78 Years,997,443,554,748,340,408,102,48,54,46,13,33,101,42,59
BELL COUNTY,027,79 Years,955,433,522,726,335,391,95,42,53,39,12,27,95,44,51
BELL COUNTY,027,80 Years,897,391,506,678,308,370,94,37,57,42,12,30,83,34,49
BELL COUNTY,027,81 Years,797,343,454,606,270,336,79,31,48,41,11,30,71,31,40
BELL COUNTY,027,82 Years,721,320,401,563,254,309,69,29,40,30,10,20,59,27,32
BELL COUNTY,027,83 Years,710,292,418,549,228,321,59,28,31,35,9,26,67,27,40
BELL COUNTY,027,84 Years,647,254,393,513,198,315,53,23,30,24,8,16,57,25,32
BELL COUNTY,027,85 Years +,3517,1223,2294,2905,1012,1893,242,78,164,101,29,72,269,104,165
BEXAR COUNTY,029,All Ages,1813421,892732,920689,520131,259671,260460,125694,62955,62739,82034,38889,43145,1085562,531217,554345
BEXAR COUNTY,029,< 1 Year,27935,14223,13712,6197,3170,3027,1884,960,924,1684,853,831,18170,9240,8930
BEXAR COUNTY,029,1 Years,27613,14071,13542,6280,3200,3080,1918,976,942,1305,667,638,18110,9228,8882
BEXAR COUNTY,029,2 Years,27212,13866,13346,6321,3221,3100,1889,960,929,1273,651,622,17729,9034,8695
BEXAR COUNTY,029,3 Years,25869,13216,12653,5387,2742,2645,1578,793,785,1240,656,584,17664,9025,8639
BEXAR COUNTY,029,4 Years,25670,13192,12478,4996,2564,2432,1560,793,767,1304,682,622,17810,9153,8657
BEXAR COUNTY,029,5 Years,26347,13486,12861,5113,2637,2476,1636,832,804,1357,681,676,18241,9336,8905
BEXAR COUNTY,029,6 Years,26555,13558,12997,5178,2632,2546,1630,821,809,1418,722,696,18329,9383,8946
BEXAR COUNTY,029,7 Years,26441,13443,12998,5244,2651,2593,1610,807,803,1416,717,699,18171,9268,8903
BEXAR COUNTY,029,8 Years,26368,13366,13002,5237,2691,2546,1573,785,788,1358,682,676,18200,9208,8992
BEXAR COUNTY,029,9 Years,26616,13416,13200,5287,2665,2622,1618,822,796,1308,659,649,18403,9270,9133
BEXAR COUNTY,029,10 Years,26937,13623,13314,5300,2748,2552,1685,864,821,1266,645,621,18686,9366,9320
BEXAR COUNTY,029,11 Years,26999,13860,13139,5166,2692,2474,1839,959,880,1220,610,610,18774,9599,9175
BEXAR COUNTY,029,12 Years,27439,14009,13430,5150,2669,2481,1880,995,885,1209,602,607,19200,9743,9457
BEXAR COUNTY,029,13 Years,27511,14092,13419,5141,2625,2516,1842,967,875,1148,568,580,19380,9932,9448
BEXAR COUNTY,029,14 Years,27097,13954,13143,5180,2650,2530,1788,929,859,1193,598,595,18936,9777,9159
BEXAR COUNTY,029,15 Years,26503,13549,12954,5128,2628,2500,1796,932,864,1153,581,572,18426,9408,9018
BEXAR COUNTY,029,16 Years,26557,13622,12935,5201,2652,2549,1900,997,903,1138,582,556,18318,9391,8927
BEXAR COUNTY,029,17 Years,26631,13819,12812,5509,2934,2575,1938,1072,866,1179,592,587,18005,9221,8784
BEXAR COUNTY,029,18 Years,27338,14242,13096,5694,3031,2663,2070,1126,944,1266,640,626,18308,9445,8863
BEXAR COUNTY,029,19 Years,28710,15154,13556,6218,3455,2763,2382,1251,1131,1368,741,627,18742,9707,9035
BEXAR COUNTY,029,20 Years,27022,13930,13092,5322,2785,2537,2243,1136,1107,1316,686,630,18141,9323,8818
BEXAR COUNTY,029,21 Years,28105,14460,13645,6033,3173,2860,2334,1164,1170,1456,760,696,18282,9363,8919
BEXAR COUNTY,029,22 Years,29339,15295,14044,7501,4134,3367,2393,1262,1131,1572,786,786,17873,9113,8760
BEXAR COUNTY,029,23 Years,28874,14867,14007,7819,4261,3558,2150,1133,1017,1515,777,738,17390,8696,8694
BEXAR COUNTY,029,24 Years,28456,14647,13809,8175,4434,3741,2036,1055,981,1463,759,704,16782,8399,8383
BEXAR COUNTY,029,25 Years,28365,14875,13490,8496,4682,3814,1924,1052,872,1451,763,688,16494,8378,8116
BEXAR COUNTY,029,26 Years,28123,14448,13675,8150,4385,3765,1899,1014,885,1447,740,707,16627,8309,8318
BEXAR COUNTY,029,27 Years,28212,14328,13884,8208,4331,3877,1864,979,885,1489,745,744,16651,8273,8378
BEXAR COUNTY,029,28 Years,27641,13794,13847,7648,3931,3717,1837,951,886,1439,699,740,16717,8213,8504
BEXAR COUNTY,029,29 Years,27082,13504,13578,7382,3768,3614,1759,914,845,1457,705,752,16484,8117,8367
BEXAR COUNTY,029,30 Years,26656,13314,13342,7140,3610,3530,1686,882,804,1418,673,745,16412,8149,8263
BEXAR COUNTY,029,31 Years,26676,13163,13513,7221,3579,3642,1707,863,844,1371,638,733,16377,8083,8294
BEXAR COUNTY,029,32 Years,27060,13435,13625,7359,3759,3600,1765,908,857,1423,674,749,16513,8094,8419
BEXAR COUNTY,029,33 Years,26871,13475,13396,7230,3754,3476,1803,938,865,1396,694,702,16442,8089,8353
BEXAR COUNTY,029,34 Years,25175,12695,12480,6724,3564,3160,1747,878,869,1376,679,697,15328,7574,7754
BEXAR COUNTY,029,35 Years,24278,12181,12097,6409,3353,3056,1644,826,818,1392,667,725,14833,7335,7498
BEXAR COUNTY,029,36 Years,23778,11691,12087,6152,3107,3045,1583,789,794,1345,636,709,14698,7159,7539
BEXAR COUNTY,029,37 Years,23786,11703,12083,6087,3076,3011,1578,800,778,1334,647,687,14787,7180,7607
BEXAR COUNTY,029,38 Years,23524,11529,11995,6026,3060,2966,1565,758,807,1333,643,690,14600,7068,7532
BEXAR COUNTY,029,39 Years,23163,11270,11893,5891,2993,2898,1563,771,792,1296,597,699,14413,6909,7504
BEXAR COUNTY,029,40 Years,23717,11567,12150,6210,3192,3018,1533,753,780,1247,557,690,14727,7065,7662
BEXAR COUNTY,029,41 Years,24348,11832,12516,6501,3336,3165,1632,809,823,1227,546,681,14988,7141,7847
BEXAR COUNTY,029,42 Years,24940,12120,12820,7004,3529,3475,1738,879,859,1246,580,666,14952,7132,7820
BEXAR COUNTY,029,43 Years,24528,12029,12499,6989,3559,3430,1753,892,861,1185,537,648,14601,7041,7560
BEXAR COUNTY,029,44 Years,23365,11422,11943,6703,3440,3263,1650,837,813,1110,493,617,13902,6652,7250
BEXAR COUNTY,029,45 Years,22317,10890,11427,6439,3304,3135,1664,840,824,1005,431,574,13209,6315,6894
BEXAR COUNTY,029,46 Years,21951,10838,11113,6506,3310,3196,1680,862,818,938,422,516,12827,6244,6583
BEXAR COUNTY,029,47 Years,22365,11057,11308,6671,3378,3293,1753,898,855,975,442,533,12966,6339,6627
BEXAR COUNTY,029,48 Years,23614,11582,12032,7156,3549,3607,1907,967,940,993,448,545,13558,6618,6940
BEXAR COUNTY,029,49 Years,23931,11781,12150,7676,3827,3849,1865,924,941,994,465,529,13396,6565,6831
BEXAR COUNTY,029,50 Years,24020,11822,12198,7862,3945,3917,1858,932,926,1024,484,540,13276,6461,6815
BEXAR COUNTY,029,51 Years,23548,11469,12079,7976,4006,3970,1810,886,924,922,402,520,12840,6175,6665
BEXAR COUNTY,029,52 Years,23514,11410,12104,8054,3977,4077,1859,912,947,892,381,511,12709,6140,6569
BEXAR COUNTY,029,53 Years,23128,11274,11854,7955,3922,4033,1870,957,913,860,385,475,12443,6010,6433
BEXAR COUNTY,029,54 Years,22336,10943,11393,7840,3923,3917,1792,911,881,865,362,503,11839,5747,6092
BEXAR COUNTY,029,55 Years,22034,10711,11323,7991,3953,4038,1717,850,867,842,370,472,11484,5538,5946
BEXAR COUNTY,029,56 Years,21398,10211,11187,7740,3712,4028,1685,835,850,784,319,465,11189,5345,5844
BEXAR COUNTY,029,57 Years,20879,9952,10927,7686,3689,3997,1604,789,815,747,318,429,10842,5156,5686
BEXAR COUNTY,029,58 Years,20303,9497,10806,7607,3598,4009,1562,728,834,710,290,420,10424,4881,5543
BEXAR COUNTY,029,59 Years,19402,8970,10432,7345,3444,3901,1464,696,768,677,244,433,9916,4586,5330
BEXAR COUNTY,029,60 Years,18979,8915,10064,7466,3616,3850,1407,693,714,642,254,388,9464,4352,5112
BEXAR COUNTY,029,61 Years,17906,8451,9455,7040,3405,3635,1289,647,642,606,234,372,8971,4165,4806
BEXAR COUNTY,029,62 Years,17161,7972,9189,6685,3183,3502,1190,563,627,613,240,373,8673,3986,4687
BEXAR COUNTY,029,63 Years,17029,7866,9163,6766,3258,3508,1127,541,586,585,239,346,8551,3828,4723
BEXAR COUNTY,029,64 Years,16536,7747,8789,6646,3237,3409,1111,557,554,586,239,347,8193,3714,4479
BEXAR COUNTY,029,65 Years,16141,7540,8601,6765,3287,3478,1045,508,537,554,210,344,7777,3535,4242
BEXAR COUNTY,029,66 Years,15629,7240,8389,6837,3324,3513,933,435,498,487,185,302,7372,3296,4076
BEXAR COUNTY,029,67 Years,12872,5896,6976,5362,2611,2751,801,352,449,406,154,252,6303,2779,3524
BEXAR COUNTY,029,68 Years,11982,5525,6457,5017,2430,2587,752,343,409,393,153,240,5820,2599,3221
BEXAR COUNTY,029,69 Years,11595,5344,6251,5029,2402,2627,711,321,390,367,144,223,5488,2477,3011
BEXAR COUNTY,029,70 Years,11035,5066,5969,4744,2295,2449,691,309,382,318,128,190,5282,2334,2948
BEXAR COUNTY,029,71 Years,9940,4527,5413,4246,2038,2208,640,281,359,301,113,188,4753,2095,2658
BEXAR COUNTY,029,72 Years,9058,4076,4982,3936,1877,2059,575,245,330,273,107,166,4274,1847,2427
BEXAR COUNTY,029,73 Years,8550,3792,4758,3671,1708,1963,560,227,333,257,102,155,4062,1755,2307
BEXAR COUNTY,029,74 Years,8043,3547,4496,3567,1623,1944,474,207,267,235,87,148,3767,1630,2137
BEXAR COUNTY,029,75 Years,7667,3346,4321,3429,1569,1860,461,199,262,215,83,132,3562,1495,2067
BEXAR COUNTY,029,76 Years,7130,3079,4051,3133,1431,1702,442,185,257,181,74,107,3374,1389,1985
BEXAR COUNTY,029,77 Years,6883,2909,3974,3084,1365,1719,390,167,223,197,78,119,3212,1299,1913
BEXAR COUNTY,029,78 Years,6602,2788,3814,3004,1320,1684,410,170,240,174,67,107,3014,1231,1783
BEXAR COUNTY,029,79 Years,6054,2589,3465,2759,1274,1485,400,170,230,168,49,119,2727,1096,1631
BEXAR COUNTY,029,80 Years,5721,2392,3329,2686,1204,1482,366,154,212,178,48,130,2491,986,1505
BEXAR COUNTY,029,81 Years,5538,2312,3226,2610,1189,1421,343,139,204,137,43,94,2448,941,1507
BEXAR COUNTY,029,82 Years,5206,2138,3068,2557,1143,1414,311,127,184,126,39,87,2212,829,1383
BEXAR COUNTY,029,83 Years,4914,1957,2957,2295,1007,1288,281,95,186,120,41,79,2218,814,1404
BEXAR COUNTY,029,84 Years,4357,1680,2677,2065,853,1212,223,79,144,93,34,59,1976,714,1262
BEXAR COUNTY,029,85 Years +,24721,8296,16425,12921,4433,8488,1269,370,899,487,171,316,10044,3322,6722
BLANCO COUNTY,031,All Ages,10591,5373,5218,8338,4160,4178,59,40,19,196,96,100,1998,1077,921
BLANCO COUNTY,031,< 1 Year,90,46,44,55,28,27,0,0,0,3,2,1,32,16,16
BLANCO COUNTY,031,1 Years,95,48,47,58,30,28,0,0,0,3,1,2,34,17,17
BLANCO COUNTY,031,2 Years,96,51,45,57,30,27,0,0,0,3,2,1,36,19,17
BLANCO COUNTY,031,3 Years,97,62,35,61,37,24,0,0,0,2,1,1,34,24,10
BLANCO COUNTY,031,4 Years,92,52,40,59,33,26,0,0,0,1,0,1,32,19,13
BLANCO COUNTY,031,5 Years,107,47,60,67,33,34,0,0,0,3,0,3,37,14,23
BLANCO COUNTY,031,6 Years,112,54,58,70,34,36,0,0,0,1,0,1,41,20,21
BLANCO COUNTY,031,7 Years,115,58,57,72,34,38,0,0,0,3,0,3,40,24,16
BLANCO COUNTY,031,8 Years,108,56,52,69,36,33,0,0,0,2,0,2,37,20,17
BLANCO COUNTY,031,9 Years,127,75,52,80,46,34,0,0,0,2,1,1,45,28,17
BLANCO COUNTY,031,10 Years,125,70,55,83,49,34,0,0,0,1,0,1,41,21,20
BLANCO COUNTY,031,11 Years,126,70,56,88,52,36,0,0,0,3,0,3,35,18,17
BLANCO COUNTY,031,12 Years,124,69,55,83,43,40,0,0,0,2,0,2,39,26,13
BLANCO COUNTY,031,13 Years,146,78,68,96,48,48,1,0,1,3,0,3,46,30,16
BLANCO COUNTY,031,14 Years,135,80,55,91,53,38,1,1,0,4,2,2,39,24,15
BLANCO COUNTY,031,15 Years,147,87,60,104,63,41,2,2,0,5,2,3,36,20,16
BLANCO COUNTY,031,16 Years,147,76,71,112,58,54,1,1,0,2,1,1,32,16,16
BLANCO COUNTY,031,17 Years,140,63,77,103,45,58,1,1,0,2,1,1,34,16,18
BLANCO COUNTY,031,18 Years,129,60,69,92,43,49,1,0,1,4,1,3,32,16,16
BLANCO COUNTY,031,19 Years,116,59,57,85,43,42,1,1,0,1,1,0,29,14,15
BLANCO COUNTY,031,20 Years,122,71,51,83,50,33,6,4,2,3,2,1,30,15,15
BLANCO COUNTY,031,21 Years,107,59,48,70,41,29,2,2,0,3,2,1,32,14,18
BLANCO COUNTY,031,22 Years,87,49,38,56,32,24,1,1,0,2,1,1,28,15,13
BLANCO COUNTY,031,23 Years,78,46,32,47,25,22,1,0,1,3,2,1,27,19,8
BLANCO COUNTY,031,24 Years,78,40,38,38,20,18,1,0,1,5,4,1,34,16,18
BLANCO COUNTY,031,25 Years,87,41,46,50,21,29,0,0,0,4,4,0,33,16,17
BLANCO COUNTY,031,26 Years,84,49,35,56,30,26,0,0,0,1,1,0,27,18,9
BLANCO COUNTY,031,27 Years,88,46,42,52,27,25,1,1,0,4,3,1,31,15,16
BLANCO COUNTY,031,28 Years,85,46,39,44,21,23,1,1,0,7,3,4,33,21,12
BLANCO COUNTY,031,29 Years,78,48,30,50,30,20,0,0,0,3,2,1,25,16,9
BLANCO COUNTY,031,30 Years,74,46,28,46,31,15,1,0,1,1,0,1,26,15,11
BLANCO COUNTY,031,31 Years,90,43,47,58,32,26,1,0,1,2,1,1,29,10,19
BLANCO COUNTY,031,32 Years,92,47,45,64,35,29,0,0,0,1,1,0,27,11,16
BLANCO COUNTY,031,33 Years,91,47,44,62,30,32,0,0,0,1,1,0,28,16,12
BLANCO COUNTY,031,34 Years,88,47,41,61,28,33,0,0,0,1,1,0,26,18,8
BLANCO COUNTY,031,35 Years,84,40,44,60,23,37,0,0,0,1,1,0,23,16,7
BLANCO COUNTY,031,36 Years,84,39,45,63,28,35,0,0,0,3,1,2,18,10,8
BLANCO COUNTY,031,37 Years,96,58,38,70,42,28,0,0,0,2,1,1,24,15,9
BLANCO COUNTY,031,38 Years,116,63,53,84,47,37,0,0,0,6,2,4,26,14,12
BLANCO COUNTY,031,39 Years,112,51,61,81,36,45,0,0,0,3,0,3,28,15,13
BLANCO COUNTY,031,40 Years,108,44,64,84,35,49,1,0,1,1,0,1,22,9,13
BLANCO COUNTY,031,41 Years,121,56,65,94,45,49,1,0,1,0,0,0,26,11,15
BLANCO COUNTY,031,42 Years,148,82,66,116,60,56,2,2,0,1,1,0,29,19,10
BLANCO COUNTY,031,43 Years,125,65,60,101,50,51,0,0,0,1,0,1,23,15,8
BLANCO COUNTY,031,44 Years,105,47,58,85,36,49,0,0,0,2,1,1,18,10,8
BLANCO COUNTY,031,45 Years,112,51,61,86,39,47,0,0,0,3,1,2,23,11,12
BLANCO COUNTY,031,46 Years,135,66,69,101,48,53,2,2,0,1,1,0,31,15,16
BLANCO COUNTY,031,47 Years,139,73,66,103,53,50,1,1,0,3,2,1,32,17,15
BLANCO COUNTY,031,48 Years,141,66,75,106,49,57,1,1,0,2,1,1,32,15,17
BLANCO COUNTY,031,49 Years,161,83,78,131,67,64,1,1,0,4,2,2,25,13,12
BLANCO COUNTY,031,50 Years,169,89,80,141,75,66,1,1,0,2,2,0,25,11,14
BLANCO COUNTY,031,51 Years,178,103,75,145,85,60,3,3,0,2,1,1,28,14,14
BLANCO COUNTY,031,52 Years,187,96,91,153,75,78,2,2,0,5,1,4,27,18,9
BLANCO COUNTY,031,53 Years,183,82,101,155,69,86,1,0,1,4,2,2,23,11,12
BLANCO COUNTY,031,54 Years,184,89,95,161,75,86,0,0,0,2,1,1,21,13,8
BLANCO COUNTY,031,55 Years,198,96,102,173,87,86,0,0,0,2,0,2,23,9,14
BLANCO COUNTY,031,56 Years,200,94,106,178,85,93,1,0,1,1,0,1,20,9,11
BLANCO COUNTY,031,57 Years,196,96,100,168,81,87,1,0,1,2,1,1,25,14,11
BLANCO COUNTY,031,58 Years,219,114,105,189,95,94,3,3,0,8,4,4,19,12,7
BLANCO COUNTY,031,59 Years,205,111,94,180,97,83,2,2,0,5,2,3,18,10,8
BLANCO COUNTY,031,60 Years,185,94,91,167,82,85,1,1,0,1,1,0,16,10,6
BLANCO COUNTY,031,61 Years,184,87,97,166,76,90,3,2,1,2,2,0,13,7,6
BLANCO COUNTY,031,62 Years,198,91,107,177,79,98,3,2,1,1,1,0,17,9,8
BLANCO COUNTY,031,63 Years,195,98,97,176,86,90,1,0,1,2,0,2,16,12,4
BLANCO COUNTY,031,64 Years,181,81,100,166,73,93,2,1,1,2,1,1,11,6,5
BLANCO COUNTY,031,65 Years,198,95,103,177,84,93,0,0,0,10,8,2,11,3,8
BLANCO COUNTY,031,66 Years,184,90,94,166,79,87,0,0,0,5,4,1,13,7,6
BLANCO COUNTY,031,67 Years,162,81,81,151,76,75,0,0,0,1,1,0,10,4,6
BLANCO COUNTY,031,68 Years,144,71,73,134,67,67,0,0,0,2,1,1,8,3,5
BLANCO COUNTY,031,69 Years,147,78,69,134,70,64,0,0,0,2,2,0,11,6,5
BLANCO COUNTY,031,70 Years,136,68,68,128,64,64,1,1,0,0,0,0,7,3,4
BLANCO COUNTY,031,71 Years,133,67,66,124,62,62,0,0,0,2,1,1,7,4,3
BLANCO COUNTY,031,72 Years,130,62,68,117,55,62,0,0,0,2,1,1,11,6,5
BLANCO COUNTY,031,73 Years,99,49,50,93,46,47,0,0,0,1,0,1,5,3,2
BLANCO COUNTY,031,74 Years,89,47,42,83,46,37,1,0,1,0,0,0,5,1,4
BLANCO COUNTY,031,75 Years,83,48,35,73,42,31,0,0,0,1,0,1,9,6,3
BLANCO COUNTY,031,76 Years,80,41,39,72,38,34,0,0,0,0,0,0,8,3,5
BLANCO COUNTY,031,77 Years,70,34,36,65,31,34,0,0,0,1,0,1,4,3,1
BLANCO COUNTY,031,78 Years,69,27,42,64,25,39,0,0,0,0,0,0,5,2,3
BLANCO COUNTY,031,79 Years,62,29,33,53,25,28,0,0,0,0,0,0,9,4,5
BLANCO COUNTY,031,80 Years,57,32,25,50,27,23,0,0,0,1,1,0,6,4,2
BLANCO COUNTY,031,81 Years,46,24,22,44,23,21,0,0,0,0,0,0,2,1,1
BLANCO COUNTY,031,82 Years,45,21,24,38,19,19,0,0,0,2,1,1,5,1,4
BLANCO COUNTY,031,83 Years,38,19,19,34,18,16,0,0,0,1,0,1,3,1,2
BLANCO COUNTY,031,84 Years,37,18,19,35,17,18,0,0,0,0,0,0,2,1,1
BLANCO COUNTY,031,85 Years +,230,81,149,221,77,144,1,0,1,0,0,0,8,4,4
BORDEN COUNTY,033,All Ages,657,345,312,550,287,263,0,0,0,5,1,4,102,57,45
BORDEN COUNTY,033,< 1 Year,7,4,3,6,3,3,0,0,0,0,0,0,1,1,0
BORDEN COUNTY,033,1 Years,5,2,3,4,2,2,0,0,0,0,0,0,1,0,1
BORDEN COUNTY,033,2 Years,5,3,2,4,2,2,0,0,0,0,0,0,1,1,0
BORDEN COUNTY,033,3 Years,6,3,3,3,2,1,0,0,0,0,0,0,3,1,2
BORDEN COUNTY,033,4 Years,8,6,2,4,4,0,0,0,0,0,0,0,4,2,2
BORDEN COUNTY,033,5 Years,4,4,0,3,3,0,0,0,0,0,0,0,1,1,0
BORDEN COUNTY,033,6 Years,4,4,0,1,1,0,0,0,0,0,0,0,3,3,0
BORDEN COUNTY,033,7 Years,5,4,1,3,2,1,0,0,0,0,0,0,2,2,0
BORDEN COUNTY,033,8 Years,9,5,4,6,3,3,0,0,0,0,0,0,3,2,1
BORDEN COUNTY,033,9 Years,9,3,6,7,2,5,0,0,0,0,0,0,2,1,1
BORDEN COUNTY,033,10 Years,5,2,3,4,1,3,0,0,0,0,0,0,1,1,0
BORDEN COUNTY,033,11 Years,5,3,2,3,2,1,0,0,0,0,0,0,2,1,1
BORDEN COUNTY,033,12 Years,5,1,4,4,1,3,0,0,0,0,0,0,1,0,1
BORDEN COUNTY,033,13 Years,4,2,2,4,2,2,0,0,0,0,0,0,0,0,0
BORDEN COUNTY,033,14 Years,7,3,4,6,2,4,0,0,0,0,0,0,1,1,0
BORDEN COUNTY,033,15 Years,12,7,5,12,7,5,0,0,0,0,0,0,0,0,0
BORDEN COUNTY,033,16 Years,11,8,3,9,7,2,0,0,0,0,0,0,2,1,1
BORDEN COUNTY,033,17 Years,14,8,6,11,6,5,0,0,0,0,0,0,3,2,1
BORDEN COUNTY,033,18 Years,10,6,4,7,4,3,0,0,0,0,0,0,3,2,1
BORDEN COUNTY,033,19 Years,7,4,3,6,4,2,0,0,0,0,0,0,1,0,1
BORDEN COUNTY,033,20 Years,12,9,3,10,7,3,0,0,0,0,0,0,2,2,0
BORDEN COUNTY,033,21 Years,12,9,3,10,7,3,0,0,0,1,1,0,1,1,0
BORDEN COUNTY,033,22 Years,5,3,2,4,2,2,0,0,0,0,0,0,1,1,0
BORDEN COUNTY,033,23 Years,4,2,2,4,2,2,0,0,0,0,0,0,0,0,0
BORDEN COUNTY,033,24 Years,5,3,2,5,3,2,0,0,0,0,0,0,0,0,0
BORDEN COUNTY,033,25 Years,6,4,2,6,4,2,0,0,0,0,0,0,0,0,0
BORDEN COUNTY,033,26 Years,4,1,3,3,1,2,0,0,0,0,0,0,1,0,1
BORDEN COUNTY,033,27 Years,6,4,2,5,4,1,0,0,0,0,0,0,1,0,1
BORDEN COUNTY,033,28 Years,4,1,3,3,1,2,0,0,0,0,0,0,1,0,1
BORDEN COUNTY,033,29 Years,3,1,2,3,1,2,0,0,0,0,0,0,0,0,0
BORDEN COUNTY,033,30 Years,3,1,2,3,1,2,0,0,0,0,0,0,0,0,0
BORDEN COUNTY,033,31 Years,6,2,4,3,1,2,0,0,0,0,0,0,3,1,2
BORDEN COUNTY,033,32 Years,6,4,2,4,3,1,0,0,0,0,0,0,2,1,1
BORDEN COUNTY,033,33 Years,6,5,1,4,3,1,0,0,0,0,0,0,2,2,0
BORDEN COUNTY,033,34 Years,8,4,4,5,2,3,0,0,0,0,0,0,3,2,1
BORDEN COUNTY,033,35 Years,6,2,4,5,2,3,0,0,0,0,0,0,1,0,1
BORDEN COUNTY,033,36 Years,5,2,3,5,2,3,0,0,0,0,0,0,0,0,0
BORDEN COUNTY,033,37 Years,5,4,1,5,4,1,0,0,0,0,0,0,0,0,0
BORDEN COUNTY,033,38 Years,3,2,1,3,2,1,0,0,0,0,0,0,0,0,0
BORDEN COUNTY,033,39 Years,7,3,4,5,1,4,0,0,0,0,0,0,2,2,0
BORDEN COUNTY,033,40 Years,8,5,3,7,4,3,0,0,0,0,0,0,1,1,0
BORDEN COUNTY,033,41 Years,8,6,2,7,5,2,0,0,0,0,0,0,1,1,0
BORDEN COUNTY,033,42 Years,9,4,5,8,3,5,0,0,0,0,0,0,1,1,0
BORDEN COUNTY,033,43 Years,13,6,7,11,6,5,0,0,0,0,0,0,2,0,2
BORDEN COUNTY,033,44 Years,12,7,5,10,6,4,0,0,0,0,0,0,2,1,1
BORDEN COUNTY,033,45 Years,8,3,5,5,3,2,0,0,0,1,0,1,2,0,2
BORDEN COUNTY,033,46 Years,5,2,3,4,2,2,0,0,0,0,0,0,1,0,1
BORDEN COUNTY,033,47 Years,6,3,3,5,3,2,0,0,0,0,0,0,1,0,1
BORDEN COUNTY,033,48 Years,9,3,6,7,3,4,0,0,0,0,0,0,2,0,2
BORDEN COUNTY,033,49 Years,16,8,8,13,6,7,0,0,0,0,0,0,3,2,1
BORDEN COUNTY,033,50 Years,12,5,7,11,5,6,0,0,0,0,0,0,1,0,1
BORDEN COUNTY,033,51 Years,11,3,8,9,3,6,0,0,0,1,0,1,1,0,1
BORDEN COUNTY,033,52 Years,8,5,3,6,4,2,0,0,0,0,0,0,2,1,1
BORDEN COUNTY,033,53 Years,10,6,4,6,3,3,0,0,0,1,0,1,3,3,0
BORDEN COUNTY,033,54 Years,5,2,3,4,1,3,0,0,0,0,0,0,1,1,0
BORDEN COUNTY,033,55 Years,8,4,4,6,2,4,0,0,0,0,0,0,2,2,0
BORDEN COUNTY,033,56 Years,12,4,8,9,3,6,0,0,0,1,0,1,2,1,1
BORDEN COUNTY,033,57 Years,12,6,6,10,5,5,0,0,0,0,0,0,2,1,1
BORDEN COUNTY,033,58 Years,10,5,5,9,5,4,0,0,0,0,0,0,1,0,1
BORDEN COUNTY,033,59 Years,12,4,8,10,3,7,0,0,0,0,0,0,2,1,1
BORDEN COUNTY,033,60 Years,6,3,3,5,2,3,0,0,0,0,0,0,1,1,0
BORDEN COUNTY,033,61 Years,4,4,0,4,4,0,0,0,0,0,0,0,0,0,0
BORDEN COUNTY,033,62 Years,9,5,4,9,5,4,0,0,0,0,0,0,0,0,0
BORDEN COUNTY,033,63 Years,16,9,7,13,7,6,0,0,0,0,0,0,3,2,1
BORDEN COUNTY,033,64 Years,11,6,5,9,6,3,0,0,0,0,0,0,2,0,2
BORDEN COUNTY,033,65 Years,12,7,5,11,7,4,0,0,0,0,0,0,1,0,1
BORDEN COUNTY,033,66 Years,11,8,3,11,8,3,0,0,0,0,0,0,0,0,0
BORDEN COUNTY,033,67 Years,5,2,3,5,2,3,0,0,0,0,0,0,0,0,0
BORDEN COUNTY,033,68 Years,6,3,3,6,3,3,0,0,0,0,0,0,0,0,0
BORDEN COUNTY,033,69 Years,9,6,3,9,6,3,0,0,0,0,0,0,0,0,0
BORDEN COUNTY,033,70 Years,12,6,6,11,5,6,0,0,0,0,0,0,1,1,0
BORDEN COUNTY,033,71 Years,10,5,5,10,5,5,0,0,0,0,0,0,0,0,0
BORDEN COUNTY,033,72 Years,6,3,3,6,3,3,0,0,0,0,0,0,0,0,0
BORDEN COUNTY,033,73 Years,4,2,2,4,2,2,0,0,0,0,0,0,0,0,0
BORDEN COUNTY,033,74 Years,2,0,2,2,0,2,0,0,0,0,0,0,0,0,0
BORDEN COUNTY,033,75 Years,11,8,3,11,8,3,0,0,0,0,0,0,0,0,0
BORDEN COUNTY,033,76 Years,8,3,5,8,3,5,0,0,0,0,0,0,0,0,0
BORDEN COUNTY,033,77 Years,8,3,5,8,3,5,0,0,0,0,0,0,0,0,0
BORDEN COUNTY,033,78 Years,5,1,4,5,1,4,0,0,0,0,0,0,0,0,0
BORDEN COUNTY,033,79 Years,4,1,3,4,1,3,0,0,0,0,0,0,0,0,0
BORDEN COUNTY,033,80 Years,7,2,5,6,2,4,0,0,0,0,0,0,1,0,1
BORDEN COUNTY,033,81 Years,8,5,3,6,4,2,0,0,0,0,0,0,2,1,1
BORDEN COUNTY,033,82 Years,7,4,3,6,3,3,0,0,0,0,0,0,1,1,0
BORDEN COUNTY,033,83 Years,3,1,2,3,1,2,0,0,0,0,0,0,0,0,0
BORDEN COUNTY,033,84 Years,6,3,3,6,3,3,0,0,0,0,0,0,0,0,0
BORDEN COUNTY,033,85 Years +,15,6,9,13,5,8,0,0,0,0,0,0,2,1,1
BOSQUE COUNTY,035,All Ages,18454,9223,9231,14665,7218,7447,275,151,124,314,143,171,3200,1711,1489
BOSQUE COUNTY,035,< 1 Year,198,101,97,132,66,66,4,2,2,5,3,2,57,30,27
BOSQUE COUNTY,035,1 Years,195,102,93,131,68,63,2,1,1,4,2,2,58,31,27
BOSQUE COUNTY,035,2 Years,191,99,92,129,66,63,3,2,1,4,2,2,55,29,26
BOSQUE COUNTY,035,3 Years,175,81,94,107,46,61,4,2,2,7,4,3,57,29,28
BOSQUE COUNTY,035,4 Years,204,101,103,126,61,65,4,2,2,7,4,3,67,34,33
BOSQUE COUNTY,035,5 Years,211,118,93,132,70,62,3,2,1,2,2,0,74,44,30
BOSQUE COUNTY,035,6 Years,211,120,91,135,78,57,3,0,3,3,1,2,70,41,29
BOSQUE COUNTY,035,7 Years,208,118,90,129,71,58,4,2,2,5,2,3,70,43,27
BOSQUE COUNTY,035,8 Years,221,109,112,135,62,73,5,5,0,6,2,4,75,40,35
BOSQUE COUNTY,035,9 Years,214,118,96,143,78,65,2,2,0,6,4,2,63,34,29
BOSQUE COUNTY,035,10 Years,222,114,108,157,80,77,1,1,0,5,3,2,59,30,29
BOSQUE COUNTY,035,11 Years,234,120,114,148,73,75,6,3,3,4,1,3,76,43,33
BOSQUE COUNTY,035,12 Years,251,138,113,148,78,70,8,5,3,4,3,1,91,52,39
BOSQUE COUNTY,035,13 Years,265,145,120,169,94,75,5,3,2,3,1,2,88,47,41
BOSQUE COUNTY,035,14 Years,260,130,130,176,93,83,4,1,3,3,0,3,77,36,41
BOSQUE COUNTY,035,15 Years,242,118,124,168,82,86,3,2,1,5,1,4,66,33,33
BOSQUE COUNTY,035,16 Years,234,113,121,156,76,80,3,2,1,9,2,7,66,33,33
BOSQUE COUNTY,035,17 Years,237,111,126,163,74,89,5,3,2,8,3,5,61,31,30
BOSQUE COUNTY,035,18 Years,247,130,117,178,91,87,5,1,4,10,5,5,54,33,21
BOSQUE COUNTY,035,19 Years,237,132,105,165,88,77,3,1,2,7,2,5,62,41,21
BOSQUE COUNTY,035,20 Years,241,116,125,162,80,82,6,3,3,7,2,5,66,31,35
BOSQUE COUNTY,035,21 Years,201,94,107,143,68,75,4,1,3,3,1,2,51,24,27
BOSQUE COUNTY,035,22 Years,174,84,90,121,57,64,2,2,0,2,1,1,49,24,25
BOSQUE COUNTY,035,23 Years,188,101,87,133,70,63,5,3,2,2,1,1,48,27,21
BOSQUE COUNTY,035,24 Years,164,95,69,110,60,50,5,2,3,4,3,1,45,30,15
BOSQUE COUNTY,035,25 Years,154,81,73,105,53,52,4,2,2,3,1,2,42,25,17
BOSQUE COUNTY,035,26 Years,153,87,66,106,58,48,7,5,2,6,3,3,34,21,13
BOSQUE COUNTY,035,27 Years,136,70,66,100,50,50,2,2,0,3,0,3,31,18,13
BOSQUE COUNTY,035,28 Years,147,79,68,102,56,46,4,2,2,3,2,1,38,19,19
BOSQUE COUNTY,035,29 Years,142,67,75,89,46,43,2,1,1,5,1,4,46,19,27
BOSQUE COUNTY,035,30 Years,163,91,72,104,59,45,2,2,0,5,2,3,52,28,24
BOSQUE COUNTY,035,31 Years,172,90,82,115,63,52,5,3,2,3,2,1,49,22,27
BOSQUE COUNTY,035,32 Years,188,88,100,133,62,71,5,3,2,3,1,2,47,22,25
BOSQUE COUNTY,035,33 Years,176,94,82,124,65,59,3,2,1,3,2,1,46,25,21
BOSQUE COUNTY,035,34 Years,172,89,83,124,62,62,3,1,2,2,2,0,43,24,19
BOSQUE COUNTY,035,35 Years,160,75,85,116,56,60,2,1,1,2,1,1,40,17,23
BOSQUE COUNTY,035,36 Years,164,80,84,123,60,63,1,1,0,2,1,1,38,18,20
BOSQUE COUNTY,035,37 Years,177,91,86,134,70,64,1,1,0,2,0,2,40,20,20
BOSQUE COUNTY,035,38 Years,167,83,84,123,59,64,1,1,0,2,1,1,41,22,19
BOSQUE COUNTY,035,39 Years,173,83,90,133,64,69,4,2,2,2,0,2,34,17,17
BOSQUE COUNTY,035,40 Years,193,93,100,152,75,77,3,1,2,2,0,2,36,17,19
BOSQUE COUNTY,035,41 Years,210,103,107,167,83,84,4,3,1,3,1,2,36,16,20
BOSQUE COUNTY,035,42 Years,224,110,114,179,88,91,4,3,1,5,1,4,36,18,18
BOSQUE COUNTY,035,43 Years,227,104,123,177,83,94,5,2,3,3,0,3,42,19,23
BOSQUE COUNTY,035,44 Years,215,108,107,166,82,84,2,1,1,1,1,0,46,24,22
BOSQUE COUNTY,035,45 Years,226,113,113,170,85,85,5,1,4,3,2,1,48,25,23
BOSQUE COUNTY,035,46 Years,223,105,118,177,80,97,3,1,2,5,3,2,38,21,17
BOSQUE COUNTY,035,47 Years,213,104,109,172,85,87,2,0,2,3,1,2,36,18,18
BOSQUE COUNTY,035,48 Years,240,119,121,200,97,103,3,1,2,4,2,2,33,19,14
BOSQUE COUNTY,035,49 Years,249,124,125,206,99,107,3,2,1,2,1,1,38,22,16
BOSQUE COUNTY,035,50 Years,267,130,137,231,106,125,4,4,0,2,1,1,30,19,11
BOSQUE COUNTY,035,51 Years,237,118,119,198,99,99,2,1,1,2,1,1,35,17,18
BOSQUE COUNTY,035,52 Years,256,125,131,218,104,114,3,2,1,4,2,2,31,17,14
BOSQUE COUNTY,035,53 Years,286,142,144,248,119,129,3,3,0,4,1,3,31,19,12
BOSQUE COUNTY,035,54 Years,300,158,142,255,132,123,7,3,4,4,1,3,34,22,12
BOSQUE COUNTY,035,55 Years,286,147,139,250,126,124,3,1,2,7,3,4,26,17,9
BOSQUE COUNTY,035,56 Years,299,145,154,267,127,140,3,1,2,4,2,2,25,15,10
BOSQUE COUNTY,035,57 Years,288,142,146,254,123,131,6,5,1,3,0,3,25,14,11
BOSQUE COUNTY,035,58 Years,273,148,125,243,130,113,6,6,0,4,2,2,20,10,10
BOSQUE COUNTY,035,59 Years,256,130,126,230,116,114,3,1,2,5,2,3,18,11,7
BOSQUE COUNTY,035,60 Years,267,140,127,238,122,116,6,3,3,4,2,2,19,13,6
BOSQUE COUNTY,035,61 Years,274,133,141,246,117,129,5,2,3,5,3,2,18,11,7
BOSQUE COUNTY,035,62 Years,264,138,126,243,126,117,2,1,1,3,1,2,16,10,6
BOSQUE COUNTY,035,63 Years,273,152,121,248,136,112,2,1,1,6,4,2,17,11,6
BOSQUE COUNTY,035,64 Years,287,146,141,247,128,119,6,4,2,4,3,1,30,11,19
BOSQUE COUNTY,035,65 Years,299,147,152,270,131,139,4,3,1,4,3,1,21,10,11
BOSQUE COUNTY,035,66 Years,302,137,165,277,125,152,1,1,0,2,1,1,22,10,12
BOSQUE COUNTY,035,67 Years,265,132,133,237,116,121,2,0,2,3,3,0,23,13,10
BOSQUE COUNTY,035,68 Years,271,132,139,248,122,126,4,0,4,1,1,0,18,9,9
BOSQUE COUNTY,035,69 Years,272,127,145,253,118,135,1,0,1,2,1,1,16,8,8
BOSQUE COUNTY,035,70 Years,243,110,133,227,100,127,1,0,1,4,3,1,11,7,4
BOSQUE COUNTY,035,71 Years,251,124,127,233,115,118,2,1,1,3,1,2,13,7,6
BOSQUE COUNTY,035,72 Years,227,110,117,213,101,112,1,1,0,1,1,0,12,7,5
BOSQUE COUNTY,035,73 Years,212,113,99,199,106,93,2,0,2,0,0,0,11,7,4
BOSQUE COUNTY,035,74 Years,201,102,99,192,95,97,3,2,1,2,2,0,4,3,1
BOSQUE COUNTY,035,75 Years,176,87,89,161,79,82,4,2,2,3,2,1,8,4,4
BOSQUE COUNTY,035,76 Years,165,72,93,155,68,87,1,0,1,2,1,1,7,3,4
BOSQUE COUNTY,035,77 Years,140,64,76,130,59,71,3,2,1,2,1,1,5,2,3
BOSQUE COUNTY,035,78 Years,117,55,62,108,50,58,1,1,0,3,1,2,5,3,2
BOSQUE COUNTY,035,79 Years,104,51,53,97,48,49,2,1,1,1,0,1,4,2,2
BOSQUE COUNTY,035,80 Years,119,60,59,110,54,56,1,1,0,2,1,1,6,4,2
BOSQUE COUNTY,035,81 Years,114,58,56,108,55,53,1,1,0,2,1,1,3,1,2
BOSQUE COUNTY,035,82 Years,94,48,46,88,46,42,0,0,0,2,1,1,4,1,3
BOSQUE COUNTY,035,83 Years,86,38,48,80,37,43,0,0,0,2,0,2,4,1,3
BOSQUE COUNTY,035,84 Years,82,37,45,78,36,42,0,0,0,1,0,1,3,1,2
BOSQUE COUNTY,035,85 Years +,512,186,326,492,176,316,1,0,1,9,5,4,10,5,5
BOWIE COUNTY,037,All Ages,94440,47931,46509,61303,30348,30955,23145,11710,11435,3342,1675,1667,6650,4198,2452
BOWIE COUNTY,037,< 1 Year,1175,607,568,685,354,331,352,181,171,43,24,19,95,48,47
BOWIE COUNTY,037,1 Years,1153,589,564,697,355,342,337,172,165,32,17,15,87,45,42
BOWIE COUNTY,037,2 Years,1152,586,566,704,358,346,330,168,162,33,17,16,85,43,42
BOWIE COUNTY,037,3 Years,1144,591,553,633,334,299,327,169,158,69,29,40,115,59,56
BOWIE COUNTY,037,4 Years,1155,586,569,641,319,322,307,156,151,74,42,32,133,69,64
BOWIE COUNTY,037,5 Years,1221,638,583,672,352,320,336,181,155,76,43,33,137,62,75
BOWIE COUNTY,037,6 Years,1286,656,630,699,352,347,345,175,170,88,51,37,154,78,76
BOWIE COUNTY,037,7 Years,1235,645,590,701,372,329,309,155,154,88,43,45,137,75,62
BOWIE COUNTY,037,8 Years,1254,645,609,700,364,336,345,171,174,87,45,42,122,65,57
BOWIE COUNTY,037,9 Years,1256,649,607,721,363,358,342,174,168,78,44,34,115,68,47
BOWIE COUNTY,037,10 Years,1232,617,615,717,360,357,327,161,166,76,45,31,112,51,61
BOWIE COUNTY,037,11 Years,1255,645,610,720,374,346,343,161,182,82,51,31,110,59,51
BOWIE COUNTY,037,12 Years,1297,653,644,736,368,368,366,187,179,84,44,40,111,54,57
BOWIE COUNTY,037,13 Years,1294,651,643,744,364,380,364,192,172,85,39,46,101,56,45
BOWIE COUNTY,037,14 Years,1303,668,635,758,373,385,371,206,165,77,39,38,97,50,47
BOWIE COUNTY,037,15 Years,1225,628,597,687,344,343,368,197,171,72,39,33,98,48,50
BOWIE COUNTY,037,16 Years,1256,651,605,746,384,362,349,184,165,56,31,25,105,52,53
BOWIE COUNTY,037,17 Years,1290,648,642,757,372,385,376,198,178,57,28,29,100,50,50
BOWIE COUNTY,037,18 Years,1301,667,634,762,401,361,377,183,194,56,24,32,106,59,47
BOWIE COUNTY,037,19 Years,1258,674,584,703,371,332,388,197,191,50,28,22,117,78,39
BOWIE COUNTY,037,20 Years,1253,689,564,686,373,313,399,215,184,45,24,21,123,77,46
BOWIE COUNTY,037,21 Years,1273,688,585,686,363,323,405,219,186,40,17,23,142,89,53
BOWIE COUNTY,037,22 Years,1302,698,604,725,384,341,395,205,190,49,20,29,133,89,44
BOWIE COUNTY,037,23 Years,1308,729,579,772,417,355,331,172,159,43,25,18,162,115,47
BOWIE COUNTY,037,24 Years,1254,654,600,733,363,370,352,172,180,40,27,13,129,92,37
BOWIE COUNTY,037,25 Years,1231,663,568,714,351,363,329,182,147,32,22,10,156,108,48
BOWIE COUNTY,037,26 Years,1208,683,525,685,358,327,328,194,134,41,22,19,154,109,45
BOWIE COUNTY,037,27 Years,1243,672,571,705,352,353,348,185,163,29,18,11,161,117,44
BOWIE COUNTY,037,28 Years,1194,627,567,680,343,337,330,162,168,35,16,19,149,106,43
BOWIE COUNTY,037,29 Years,1288,714,574,755,404,351,350,183,167,33,15,18,150,112,38
BOWIE COUNTY,037,30 Years,1377,761,616,809,421,388,364,197,167,31,14,17,173,129,44
BOWIE COUNTY,037,31 Years,1204,692,512,737,392,345,291,170,121,30,16,14,146,114,32
BOWIE COUNTY,037,32 Years,1262,720,542,747,400,347,329,187,142,33,16,17,153,117,36
BOWIE COUNTY,037,33 Years,1232,655,577,736,364,372,319,175,144,38,17,21,139,99,40
BOWIE COUNTY,037,34 Years,1194,649,545,703,357,346,331,189,142,42,16,26,118,87,31
BOWIE COUNTY,037,35 Years,1181,638,543,690,353,337,326,174,152,48,19,29,117,92,25
BOWIE COUNTY,037,36 Years,1160,612,548,698,345,353,311,172,139,39,12,27,112,83,29
BOWIE COUNTY,037,37 Years,1113,609,504,661,346,315,310,169,141,33,18,15,109,76,33
BOWIE COUNTY,037,38 Years,1164,634,530,685,368,317,335,172,163,39,21,18,105,73,32
BOWIE COUNTY,037,39 Years,1138,586,552,683,338,345,312,164,148,45,21,24,98,63,35
BOWIE COUNTY,037,40 Years,1180,613,567,720,364,356,315,160,155,44,19,25,101,70,31
BOWIE COUNTY,037,41 Years,1228,666,562,793,423,370,305,160,145,37,18,19,93,65,28
BOWIE COUNTY,037,42 Years,1288,677,611,835,432,403,322,162,160,36,18,18,95,65,30
BOWIE COUNTY,037,43 Years,1292,686,606,830,417,413,324,180,144,39,20,19,99,69,30
BOWIE COUNTY,037,44 Years,1171,636,535,761,402,359,284,156,128,44,20,24,82,58,24
BOWIE COUNTY,037,45 Years,1184,627,557,762,388,374,305,161,144,37,18,19,80,60,20
BOWIE COUNTY,037,46 Years,1162,616,546,764,404,360,286,142,144,30,14,16,82,56,26
BOWIE COUNTY,037,47 Years,1179,623,556,784,418,366,281,137,144,32,12,20,82,56,26
BOWIE COUNTY,037,48 Years,1268,643,625,845,426,419,312,148,164,38,20,18,73,49,24
BOWIE COUNTY,037,49 Years,1258,640,618,856,431,425,305,153,152,37,18,19,60,38,22
BOWIE COUNTY,037,50 Years,1346,684,662,941,475,466,303,150,153,35,15,20,67,44,23
BOWIE COUNTY,037,51 Years,1382,711,671,959,483,476,328,179,149,41,14,27,54,35,19
BOWIE COUNTY,037,52 Years,1361,699,662,918,455,463,328,171,157,50,28,22,65,45,20
BOWIE COUNTY,037,53 Years,1379,697,682,954,473,481,309,154,155,58,30,28,58,40,18
BOWIE COUNTY,037,54 Years,1257,625,632,882,444,438,290,136,154,41,17,24,44,28,16
BOWIE COUNTY,037,55 Years,1265,655,610,896,463,433,291,144,147,37,20,17,41,28,13
BOWIE COUNTY,037,56 Years,1284,644,640,934,470,464,272,123,149,39,19,20,39,32,7
BOWIE COUNTY,037,57 Years,1263,625,638,882,427,455,315,159,156,31,13,18,35,26,9
BOWIE COUNTY,037,58 Years,1190,566,624,854,406,448,266,127,139,26,11,15,44,22,22
BOWIE COUNTY,037,59 Years,1165,567,598,842,408,434,258,128,130,29,13,16,36,18,18
BOWIE COUNTY,037,60 Years,1153,548,605,833,389,444,265,131,134,28,15,13,27,13,14
BOWIE COUNTY,037,61 Years,1117,540,577,835,397,438,226,112,114,31,15,16,25,16,9
BOWIE COUNTY,037,62 Years,1119,564,555,832,420,412,233,112,121,31,16,15,23,16,7
BOWIE COUNTY,037,63 Years,1060,532,528,794,403,391,212,101,111,24,13,11,30,15,15
BOWIE COUNTY,037,64 Years,1056,528,528,803,410,393,191,86,105,33,18,15,29,14,15
BOWIE COUNTY,037,65 Years,1105,538,567,836,406,430,214,102,112,34,19,15,21,11,10
BOWIE COUNTY,037,66 Years,1092,529,563,839,402,437,200,98,102,30,16,14,23,13,10
BOWIE COUNTY,037,67 Years,878,421,457,676,328,348,157,65,92,20,10,10,25,18,7
BOWIE COUNTY,037,68 Years,816,368,448,617,281,336,163,71,92,20,9,11,16,7,9
BOWIE COUNTY,037,69 Years,858,381,477,672,302,370,152,66,86,21,8,13,13,5,8
BOWIE COUNTY,037,70 Years,808,364,444,652,295,357,128,58,70,18,8,10,10,3,7
BOWIE COUNTY,037,71 Years,742,347,395,599,282,317,118,50,68,17,10,7,8,5,3
BOWIE COUNTY,037,72 Years,668,323,345,548,271,277,96,41,55,15,7,8,9,4,5
BOWIE COUNTY,037,73 Years,642,283,359,526,240,286,98,35,63,9,4,5,9,4,5
BOWIE COUNTY,037,74 Years,609,289,320,501,241,260,84,38,46,12,4,8,12,6,6
BOWIE COUNTY,037,75 Years,545,248,297,449,213,236,81,28,53,7,4,3,8,3,5
BOWIE COUNTY,037,76 Years,535,239,296,443,205,238,74,27,47,11,4,7,7,3,4
BOWIE COUNTY,037,77 Years,483,215,268,401,180,221,65,26,39,10,5,5,7,4,3
BOWIE COUNTY,037,78 Years,472,194,278,387,161,226,67,26,41,12,4,8,6,3,3
BOWIE COUNTY,037,79 Years,432,188,244,362,157,205,56,23,33,9,5,4,5,3,2
BOWIE COUNTY,037,80 Years,423,166,257,347,139,208,61,21,40,8,4,4,7,2,5
BOWIE COUNTY,037,81 Years,403,156,247,329,130,199,60,21,39,7,3,4,7,2,5
BOWIE COUNTY,037,82 Years,360,139,221,297,117,180,53,18,35,7,4,3,3,0,3
BOWIE COUNTY,037,83 Years,325,123,202,273,103,170,41,16,25,7,3,4,4,1,3
BOWIE COUNTY,037,84 Years,335,123,212,283,107,176,42,13,29,8,3,5,2,0,2
BOWIE COUNTY,037,85 Years +,1981,618,1363,1684,534,1150,255,69,186,24,8,16,18,7,11
BRAZORIA COUNTY,039,All Ages,330385,166796,163589,166543,83380,83163,40955,21203,19752,27178,13181,13997,95709,49032,46677
BRAZORIA COUNTY,039,< 1 Year,4722,2406,2316,2122,1076,1046,472,247,225,468,242,226,1660,841,819
BRAZORIA COUNTY,039,1 Years,4651,2372,2279,2149,1096,1053,463,237,226,392,199,193,1647,840,807
BRAZORIA COUNTY,039,2 Years,4650,2370,2280,2192,1118,1074,455,232,223,408,207,201,1595,813,782
BRAZORIA COUNTY,039,3 Years,4856,2476,2380,2126,1080,1046,475,244,231,521,266,255,1734,886,848
BRAZORIA COUNTY,039,4 Years,5060,2540,2520,2110,1039,1071,529,261,268,590,299,291,1831,941,890
BRAZORIA COUNTY,039,5 Years,5070,2589,2481,2052,1048,1004,529,261,268,606,312,294,1883,968,915
BRAZORIA COUNTY,039,6 Years,5238,2680,2558,2105,1084,1021,571,270,301,621,323,298,1941,1003,938
BRAZORIA COUNTY,039,7 Years,5068,2631,2437,2078,1106,972,545,277,268,592,327,265,1853,921,932
BRAZORIA COUNTY,039,8 Years,5033,2577,2456,1993,1021,972,547,268,279,618,331,287,1875,957,918
BRAZORIA COUNTY,039,9 Years,5117,2586,2531,2023,1006,1017,589,286,303,588,306,282,1917,988,929
BRAZORIA COUNTY,039,10 Years,5205,2654,2551,2065,1058,1007,596,299,297,572,290,282,1972,1007,965
BRAZORIA COUNTY,039,11 Years,5284,2666,2618,2125,1087,1038,650,322,328,530,259,271,1979,998,981
BRAZORIA COUNTY,039,12 Years,5351,2706,2645,2192,1106,1086,680,359,321,514,250,264,1965,991,974
BRAZORIA COUNTY,039,13 Years,5345,2739,2606,2211,1144,1067,689,368,321,467,236,231,1978,991,987
BRAZORIA COUNTY,039,14 Years,4966,2553,2413,2042,1057,985,682,360,322,411,216,195,1831,920,911
BRAZORIA COUNTY,039,15 Years,4940,2563,2377,2004,1046,958,678,334,344,413,222,191,1845,961,884
BRAZORIA COUNTY,039,16 Years,4890,2553,2337,1979,1022,957,715,357,358,424,228,196,1772,946,826
BRAZORIA COUNTY,039,17 Years,4907,2535,2372,1925,974,951,714,371,343,416,224,192,1852,966,886
BRAZORIA COUNTY,039,18 Years,4832,2548,2284,1892,978,914,716,404,312,391,208,183,1833,958,875
BRAZORIA COUNTY,039,19 Years,4395,2339,2056,1686,880,806,664,387,277,336,173,163,1709,899,810
BRAZORIA COUNTY,039,20 Years,4215,2238,1977,1671,861,810,619,337,282,321,160,161,1604,880,724
BRAZORIA COUNTY,039,21 Years,4003,2125,1878,1617,862,755,547,286,261,283,144,139,1556,833,723
BRAZORIA COUNTY,039,22 Years,3713,1946,1767,1589,844,745,456,239,217,229,117,112,1439,746,693
BRAZORIA COUNTY,039,23 Years,3684,1904,1780,1582,808,774,466,241,225,222,117,105,1414,738,676
BRAZORIA COUNTY,039,24 Years,3610,1907,1703,1654,862,792,445,246,199,235,118,117,1276,681,595
BRAZORIA COUNTY,039,25 Years,3584,1870,1714,1673,860,813,416,236,180,224,113,111,1271,661,610
BRAZORIA COUNTY,039,26 Years,3575,1851,1724,1650,833,817,416,241,175,218,109,109,1291,668,623
BRAZORIA COUNTY,039,27 Years,3624,1897,1727,1707,873,834,398,224,174,230,114,116,1289,686,603
BRAZORIA COUNTY,039,28 Years,3977,2110,1867,1953,1046,907,450,242,208,245,124,121,1329,698,631
BRAZORIA COUNTY,039,29 Years,4124,2143,1981,1973,1035,938,490,275,215,258,136,122,1403,697,706
BRAZORIA COUNTY,039,30 Years,4432,2277,2155,2129,1095,1034,488,298,190,307,147,160,1508,737,771
BRAZORIA COUNTY,039,31 Years,4550,2222,2328,2110,987,1123,547,321,226,315,129,186,1578,785,793
BRAZORIA COUNTY,039,32 Years,4687,2259,2428,2136,987,1149,635,334,301,339,129,210,1577,809,768
BRAZORIA COUNTY,039,33 Years,4847,2356,2491,2202,1034,1168,672,354,318,370,149,221,1603,819,784
BRAZORIA COUNTY,039,34 Years,4661,2280,2381,2113,1039,1074,627,324,303,388,147,241,1533,770,763
BRAZORIA COUNTY,039,35 Years,4783,2465,2318,2166,1116,1050,642,344,298,417,189,228,1558,816,742
BRAZORIA COUNTY,039,36 Years,4654,2373,2281,2100,1061,1039,633,344,289,452,218,234,1469,750,719
BRAZORIA COUNTY,039,37 Years,4669,2329,2340,2097,1040,1057,609,310,299,482,226,256,1481,753,728
BRAZORIA COUNTY,039,38 Years,4725,2358,2367,2113,1077,1036,675,319,356,487,209,278,1450,753,697
BRAZORIA COUNTY,039,39 Years,4781,2347,2434,2113,1057,1056,692,328,364,545,225,320,1431,737,694
BRAZORIA COUNTY,039,40 Years,5051,2503,2548,2199,1085,1114,773,405,368,577,255,322,1502,758,744
BRAZORIA COUNTY,039,41 Years,5183,2604,2579,2378,1217,1161,782,409,373,529,240,289,1494,738,756
BRAZORIA COUNTY,039,42 Years,5350,2682,2668,2546,1275,1271,813,437,376,510,234,276,1481,736,745
BRAZORIA COUNTY,039,43 Years,5065,2564,2501,2442,1255,1187,769,385,384,483,232,251,1371,692,679
BRAZORIA COUNTY,039,44 Years,4829,2467,2362,2378,1215,1163,672,349,323,496,242,254,1283,661,622
BRAZORIA COUNTY,039,45 Years,4743,2447,2296,2319,1195,1124,668,366,302,473,233,240,1283,653,630
BRAZORIA COUNTY,039,46 Years,4768,2476,2292,2363,1219,1144,699,394,305,422,211,211,1284,652,632
BRAZORIA COUNTY,039,47 Years,4640,2432,2208,2327,1235,1092,705,364,341,418,213,205,1190,620,570
BRAZORIA COUNTY,039,48 Years,4742,2417,2325,2406,1215,1191,719,375,344,421,205,216,1196,622,574
BRAZORIA COUNTY,039,49 Years,4812,2415,2397,2567,1293,1274,691,342,349,397,185,212,1157,595,562
BRAZORIA COUNTY,039,50 Years,4903,2561,2342,2700,1374,1326,719,392,327,379,199,180,1105,596,509
BRAZORIA COUNTY,039,51 Years,4829,2463,2366,2775,1379,1396,669,347,322,337,172,165,1048,565,483
BRAZORIA COUNTY,039,52 Years,4739,2366,2373,2764,1365,1399,678,348,330,321,149,172,976,504,472
BRAZORIA COUNTY,039,53 Years,4855,2480,2375,2940,1472,1468,635,345,290,336,150,186,944,513,431
BRAZORIA COUNTY,039,54 Years,4742,2423,2319,2876,1457,1419,619,340,279,310,137,173,937,489,448
BRAZORIA COUNTY,039,55 Years,4622,2350,2272,2858,1432,1426,597,328,269,276,125,151,891,465,426
BRAZORIA COUNTY,039,56 Years,4400,2228,2172,2732,1365,1367,548,292,256,277,134,143,843,437,406
BRAZORIA COUNTY,039,57 Years,4134,2087,2047,2574,1294,1280,490,238,252,266,127,139,804,428,376
BRAZORIA COUNTY,039,58 Years,4126,2097,2029,2633,1332,1301,466,235,231,258,122,136,769,408,361
BRAZORIA COUNTY,039,59 Years,3886,1987,1899,2486,1280,1206,436,207,229,251,120,131,713,380,333
BRAZORIA COUNTY,039,60 Years,3732,1937,1795,2382,1249,1133,446,231,215,242,107,135,662,350,312
BRAZORIA COUNTY,039,61 Years,3460,1757,1703,2212,1138,1074,435,204,231,200,88,112,613,327,286
BRAZORIA COUNTY,039,62 Years,3186,1606,1580,1992,1018,974,431,203,228,207,92,115,556,293,263
BRAZORIA COUNTY,039,63 Years,3128,1566,1562,2044,1027,1017,380,191,189,187,86,101,517,262,255
BRAZORIA COUNTY,039,64 Years,3073,1526,1547,2036,1026,1010,346,178,168,192,86,106,499,236,263
BRAZORIA COUNTY,039,65 Years,2969,1517,1452,2012,1036,976,306,164,142,183,85,98,468,232,236
BRAZORIA COUNTY,039,66 Years,2836,1436,1400,1968,989,979,278,147,131,169,86,83,421,214,207
BRAZORIA COUNTY,039,67 Years,2278,1136,1142,1529,766,763,229,112,117,155,78,77,365,180,185
BRAZORIA COUNTY,039,68 Years,2211,1067,1144,1469,721,748,231,101,130,151,66,85,360,179,181
BRAZORIA COUNTY,039,69 Years,2231,1065,1166,1535,728,807,225,107,118,129,57,72,342,173,169
BRAZORIA COUNTY,039,70 Years,2049,963,1086,1457,688,769,189,92,97,125,60,65,278,123,155
BRAZORIA COUNTY,039,71 Years,1881,894,987,1332,642,690,157,76,81,126,62,64,266,114,152
BRAZORIA COUNTY,039,72 Years,1721,803,918,1197,562,635,145,68,77,111,49,62,268,124,144
BRAZORIA COUNTY,039,73 Years,1608,757,851,1138,541,597,130,63,67,108,46,62,232,107,125
BRAZORIA COUNTY,039,74 Years,1478,706,772,1071,507,564,101,50,51,99,46,53,207,103,104
BRAZORIA COUNTY,039,75 Years,1367,663,704,1008,490,518,90,43,47,83,43,40,186,87,99
BRAZORIA COUNTY,039,76 Years,1195,564,631,882,411,471,79,41,38,64,30,34,170,82,88
BRAZORIA COUNTY,039,77 Years,1150,505,645,864,389,475,70,30,40,62,22,40,154,64,90
BRAZORIA COUNTY,039,78 Years,1132,508,624,847,381,466,59,24,35,65,32,33,161,71,90
BRAZORIA COUNTY,039,79 Years,1020,462,558,767,353,414,63,24,39,60,31,29,130,54,76
BRAZORIA COUNTY,039,80 Years,932,400,532,709,312,397,66,22,44,49,23,26,108,43,65
BRAZORIA COUNTY,039,81 Years,815,335,480,614,254,360,65,23,42,36,13,23,100,45,55
BRAZORIA COUNTY,039,82 Years,775,308,467,586,237,349,57,17,40,37,13,24,95,41,54
BRAZORIA COUNTY,039,83 Years,756,304,452,582,233,349,52,22,30,27,11,16,95,38,57
BRAZORIA COUNTY,039,84 Years,708,286,422,553,221,332,52,22,30,21,9,12,82,34,48
BRAZORIA COUNTY,039,85 Years +,3797,1336,2461,3075,1104,1971,243,63,180,108,37,71,371,132,239
BRAZOS COUNTY,041,All Ages,203420,103274,100146,115712,58404,57308,21792,10496,11296,14969,8007,6962,50947,26367,24580
BRAZOS COUNTY,041,< 1 Year,3394,1718,1676,1520,776,744,362,180,182,271,135,136,1241,627,614
BRAZOS COUNTY,041,1 Years,3554,1811,1743,1628,830,798,365,185,180,221,113,108,1340,683,657
BRAZOS COUNTY,041,2 Years,3503,1785,1718,1621,826,795,364,185,179,217,110,107,1301,664,637
BRAZOS COUNTY,041,3 Years,2805,1405,1400,1225,599,626,366,186,180,229,111,118,985,509,476
BRAZOS COUNTY,041,4 Years,2506,1251,1255,1019,504,515,350,178,172,210,104,106,927,465,462
BRAZOS COUNTY,041,5 Years,2566,1307,1259,1033,513,520,371,199,172,217,111,106,945,484,461
BRAZOS COUNTY,041,6 Years,2523,1318,1205,1004,523,481,369,190,179,214,104,110,936,501,435
BRAZOS COUNTY,041,7 Years,2371,1200,1171,919,473,446,351,171,180,188,94,94,913,462,451
BRAZOS COUNTY,041,8 Years,2356,1204,1152,942,491,451,329,157,172,181,99,82,904,457,447
BRAZOS COUNTY,041,9 Years,2271,1170,1101,912,480,432,354,179,175,174,87,87,831,424,407
BRAZOS COUNTY,041,10 Years,2266,1164,1102,924,492,432,356,170,186,139,69,70,847,433,414
BRAZOS COUNTY,041,11 Years,2215,1095,1120,890,458,432,353,162,191,122,56,66,850,419,431
BRAZOS COUNTY,041,12 Years,2191,1117,1074,873,455,418,350,177,173,128,54,74,840,431,409
BRAZOS COUNTY,041,13 Years,2119,1069,1050,849,418,431,348,187,161,120,57,63,802,407,395
BRAZOS COUNTY,041,14 Years,2077,1064,1013,896,478,418,323,170,153,111,58,53,747,358,389
BRAZOS COUNTY,041,15 Years,1981,999,982,812,424,388,326,164,162,130,72,58,713,339,374
BRAZOS COUNTY,041,16 Years,1977,1008,969,818,412,406,313,162,151,113,63,50,733,371,362
BRAZOS COUNTY,041,17 Years,1991,1044,947,839,435,404,329,176,153,125,68,57,698,365,333
BRAZOS COUNTY,041,18 Years,4681,2296,2385,2941,1387,1554,396,215,181,268,139,129,1076,555,521
BRAZOS COUNTY,041,19 Years,9505,4794,4711,6539,3264,3275,549,283,266,473,259,214,1944,988,956
BRAZOS COUNTY,041,20 Years,9811,5016,4795,6839,3443,3396,612,311,301,507,298,209,1853,964,889
BRAZOS COUNTY,041,21 Years,10378,5411,4967,7160,3719,3441,603,298,305,622,340,282,1993,1054,939
BRAZOS COUNTY,041,22 Years,9808,5368,4440,6648,3684,2964,584,295,289,645,363,282,1931,1026,905
BRAZOS COUNTY,041,23 Years,7117,4024,3093,4406,2559,1847,515,253,262,614,378,236,1582,834,748
BRAZOS COUNTY,041,24 Years,5187,2801,2386,3013,1615,1398,396,189,207,595,356,239,1183,641,542
BRAZOS COUNTY,041,25 Years,4222,2242,1980,2267,1123,1144,355,169,186,598,385,213,1002,565,437
BRAZOS COUNTY,041,26 Years,3645,1920,1725,1849,943,906,343,162,181,531,320,211,922,495,427
BRAZOS COUNTY,041,27 Years,3659,1957,1702,1857,982,875,356,172,184,451,249,202,995,554,441
BRAZOS COUNTY,041,28 Years,3550,1897,1653,1778,938,840,346,160,186,429,232,197,997,567,430
BRAZOS COUNTY,041,29 Years,3424,1841,1583,1778,974,804,313,140,173,400,218,182,933,509,424
BRAZOS COUNTY,041,30 Years,3212,1721,1491,1544,816,728,339,163,176,414,235,179,915,507,408
BRAZOS COUNTY,041,31 Years,3007,1599,1408,1452,774,678,345,161,184,366,203,163,844,461,383
BRAZOS COUNTY,041,32 Years,2806,1460,1346,1331,681,650,339,163,176,339,199,140,797,417,380
BRAZOS COUNTY,041,33 Years,2677,1423,1254,1304,695,609,310,153,157,295,160,135,768,415,353
BRAZOS COUNTY,041,34 Years,2529,1301,1228,1292,680,612,270,127,143,253,129,124,714,365,349
BRAZOS COUNTY,041,35 Years,2405,1267,1138,1209,641,568,241,125,116,240,126,114,715,375,340
BRAZOS COUNTY,041,36 Years,2305,1182,1123,1133,596,537,259,127,132,238,113,125,675,346,329
BRAZOS COUNTY,041,37 Years,2099,1058,1041,982,512,470,262,114,148,220,109,111,635,323,312
BRAZOS COUNTY,041,38 Years,2000,1019,981,894,464,430,239,104,135,234,121,113,633,330,303
BRAZOS COUNTY,041,39 Years,1968,1029,939,905,473,432,254,129,125,237,132,105,572,295,277
BRAZOS COUNTY,041,40 Years,1956,979,977,917,455,462,244,114,130,220,116,104,575,294,281
BRAZOS COUNTY,041,41 Years,1959,979,980,962,486,476,252,113,139,170,91,79,575,289,286
BRAZOS COUNTY,041,42 Years,2015,968,1047,1052,519,533,269,109,160,152,69,83,542,271,271
BRAZOS COUNTY,041,43 Years,1955,939,1016,1036,502,534,243,100,143,156,68,88,520,269,251
BRAZOS COUNTY,041,44 Years,1822,881,941,948,452,496,251,127,124,149,64,85,474,238,236
BRAZOS COUNTY,041,45 Years,1773,892,881,916,460,456,277,146,131,111,48,63,469,238,231
BRAZOS COUNTY,041,46 Years,1749,867,882,903,444,459,292,140,152,107,53,54,447,230,217
BRAZOS COUNTY,041,47 Years,1752,863,889,938,457,481,280,129,151,106,54,52,428,223,205
BRAZOS COUNTY,041,48 Years,1777,877,900,969,476,493,270,129,141,100,47,53,438,225,213
BRAZOS COUNTY,041,49 Years,1833,903,930,1013,496,517,263,120,143,111,55,56,446,232,214
BRAZOS COUNTY,041,50 Years,1798,885,913,1046,501,545,265,120,145,97,57,40,390,207,183
BRAZOS COUNTY,041,51 Years,1716,818,898,1039,489,550,255,115,140,95,53,42,327,161,166
BRAZOS COUNTY,041,52 Years,1819,871,948,1127,529,598,242,115,127,90,42,48,360,185,175
BRAZOS COUNTY,041,53 Years,1860,900,960,1168,554,614,272,133,139,87,38,49,333,175,158
BRAZOS COUNTY,041,54 Years,1753,853,900,1127,555,572,240,107,133,77,30,47,309,161,148
BRAZOS COUNTY,041,55 Years,1753,865,888,1123,558,565,243,115,128,72,31,41,315,161,154
BRAZOS COUNTY,041,56 Years,1767,852,915,1141,552,589,242,111,131,70,30,40,314,159,155
BRAZOS COUNTY,041,57 Years,1665,793,872,1123,536,587,205,98,107,65,30,35,272,129,143
BRAZOS COUNTY,041,58 Years,1583,757,826,1046,502,544,208,97,111,66,30,36,263,128,135
BRAZOS COUNTY,041,59 Years,1557,757,800,1046,498,548,195,92,103,65,31,34,251,136,115
BRAZOS COUNTY,041,60 Years,1475,731,744,1018,506,512,175,77,98,56,24,32,226,124,102
BRAZOS COUNTY,041,61 Years,1402,682,720,967,455,512,177,82,95,59,30,29,199,115,84
BRAZOS COUNTY,041,62 Years,1307,641,666,908,444,464,159,76,83,59,24,35,181,97,84
BRAZOS COUNTY,041,63 Years,1284,638,646,907,460,447,148,73,75,51,24,27,178,81,97
BRAZOS COUNTY,041,64 Years,1172,569,603,852,411,441,119,57,62,41,24,17,160,77,83
BRAZOS COUNTY,041,65 Years,1244,587,657,920,430,490,117,59,58,39,19,20,168,79,89
BRAZOS COUNTY,041,66 Years,1270,610,660,946,452,494,124,61,63,38,21,17,162,76,86
BRAZOS COUNTY,041,67 Years,1045,496,549,770,372,398,94,40,54,39,18,21,142,66,76
BRAZOS COUNTY,041,68 Years,988,453,535,708,333,375,97,42,55,34,16,18,149,62,87
BRAZOS COUNTY,041,69 Years,919,423,496,678,308,370,90,38,52,31,19,12,120,58,62
BRAZOS COUNTY,041,70 Years,847,403,444,636,307,329,81,33,48,27,14,13,103,49,54
BRAZOS COUNTY,041,71 Years,773,365,408,585,278,307,68,29,39,25,13,12,95,45,50
BRAZOS COUNTY,041,72 Years,734,329,405,557,246,311,71,30,41,25,10,15,81,43,38
BRAZOS COUNTY,041,73 Years,690,297,393,532,229,303,69,27,42,26,11,15,63,30,33
BRAZOS COUNTY,041,74 Years,647,294,353,512,237,275,68,30,38,18,7,11,49,20,29
BRAZOS COUNTY,041,75 Years,638,286,352,498,228,270,63,26,37,21,8,13,56,24,32
BRAZOS COUNTY,041,76 Years,585,259,326,444,201,243,54,19,35,14,5,9,73,34,39
BRAZOS COUNTY,041,77 Years,548,244,304,415,186,229,58,21,37,13,5,8,62,32,30
BRAZOS COUNTY,041,78 Years,529,240,289,405,186,219,56,20,36,19,10,9,49,24,25
BRAZOS COUNTY,041,79 Years,519,229,290,410,185,225,50,16,34,14,5,9,45,23,22
BRAZOS COUNTY,041,80 Years,480,205,275,374,162,212,51,20,31,13,6,7,42,17,25
BRAZOS COUNTY,041,81 Years,452,185,267,366,157,209,40,15,25,9,4,5,37,9,28
BRAZOS COUNTY,041,82 Years,416,168,248,351,145,206,31,12,19,9,3,6,25,8,17
BRAZOS COUNTY,041,83 Years,401,170,231,322,134,188,35,15,20,8,4,4,36,17,19
BRAZOS COUNTY,041,84 Years,362,144,218,299,118,181,29,10,19,6,2,4,28,14,14
BRAZOS COUNTY,041,85 Years +,2170,772,1398,1847,663,1184,155,47,108,30,15,15,138,47,91
BREWSTER COUNTY,043,All Ages,9274,4681,4593,4983,2517,2466,76,62,14,236,120,116,3979,1982,1997
BREWSTER COUNTY,043,< 1 Year,128,65,63,47,23,24,0,0,0,5,3,2,76,39,37
BREWSTER COUNTY,043,1 Years,131,67,64,47,24,23,0,0,0,5,3,2,79,40,39
BREWSTER COUNTY,043,2 Years,130,69,61,47,25,22,0,0,0,5,3,2,78,41,37
BREWSTER COUNTY,043,3 Years,121,60,61,47,26,21,0,0,0,6,2,4,68,32,36
BREWSTER COUNTY,043,4 Years,103,53,50,42,22,20,2,2,0,5,3,2,54,26,28
BREWSTER COUNTY,043,5 Years,91,49,42,36,17,19,1,1,0,3,1,2,51,30,21
BREWSTER COUNTY,043,6 Years,92,49,43,32,14,18,1,0,1,3,2,1,56,33,23
BREWSTER COUNTY,043,7 Years,114,57,57,42,19,23,0,0,0,6,3,3,66,35,31
BREWSTER COUNTY,043,8 Years,99,46,53,33,13,20,1,1,0,5,4,1,60,28,32
BREWSTER COUNTY,043,9 Years,98,54,44,40,22,18,0,0,0,3,2,1,55,30,25
BREWSTER COUNTY,043,10 Years,105,60,45,47,30,17,0,0,0,3,2,1,55,28,27
BREWSTER COUNTY,043,11 Years,108,61,47,44,27,17,3,3,0,5,3,2,56,28,28
BREWSTER COUNTY,043,12 Years,104,50,54,37,13,24,1,1,0,5,4,1,61,32,29
BREWSTER COUNTY,043,13 Years,114,61,53,47,23,24,0,0,0,2,2,0,65,36,29
BREWSTER COUNTY,043,14 Years,99,46,53,38,17,21,1,0,1,4,3,1,56,26,30
BREWSTER COUNTY,043,15 Years,98,47,51,43,24,19,0,0,0,4,1,3,51,22,29
BREWSTER COUNTY,043,16 Years,100,48,52,34,19,15,1,0,1,3,0,3,62,29,33
BREWSTER COUNTY,043,17 Years,129,63,66,55,27,28,0,0,0,5,2,3,69,34,35
BREWSTER COUNTY,043,18 Years,118,59,59,41,22,19,0,0,0,4,2,2,73,35,38
BREWSTER COUNTY,043,19 Years,128,65,63,44,20,24,2,1,1,2,1,1,80,43,37
BREWSTER COUNTY,043,20 Years,138,70,68,54,23,31,2,2,0,4,2,2,78,43,35
BREWSTER COUNTY,043,21 Years,137,73,64,55,31,24,4,3,1,2,0,2,76,39,37
BREWSTER COUNTY,043,22 Years,126,63,63,48,26,22,3,3,0,6,4,2,69,30,39
BREWSTER COUNTY,043,23 Years,117,64,53,54,31,23,4,4,0,4,2,2,55,27,28
BREWSTER COUNTY,043,24 Years,108,58,50,49,29,20,5,4,1,4,3,1,50,22,28
BREWSTER COUNTY,043,25 Years,103,52,51,37,16,21,4,4,0,4,1,3,58,31,27
BREWSTER COUNTY,043,26 Years,110,62,48,47,25,22,3,3,0,3,0,3,57,34,23
BREWSTER COUNTY,043,27 Years,113,57,56,51,22,29,1,0,1,4,3,1,57,32,25
BREWSTER COUNTY,043,28 Years,135,62,73,68,36,32,2,1,1,7,2,5,58,23,35
BREWSTER COUNTY,043,29 Years,127,73,54,72,46,26,2,2,0,4,1,3,49,24,25
BREWSTER COUNTY,043,30 Years,119,61,58,61,30,31,0,0,0,4,1,3,54,30,24
BREWSTER COUNTY,043,31 Years,109,61,48,61,34,27,0,0,0,3,2,1,45,25,20
BREWSTER COUNTY,043,32 Years,107,66,41,54,36,18,0,0,0,2,1,1,51,29,22
BREWSTER COUNTY,043,33 Years,104,59,45,53,31,22,1,0,1,0,0,0,50,28,22
BREWSTER COUNTY,043,34 Years,79,38,41,40,17,23,0,0,0,2,0,2,37,21,16
BREWSTER COUNTY,043,35 Years,101,50,51,53,26,27,0,0,0,5,3,2,43,21,22
BREWSTER COUNTY,043,36 Years,98,44,54,49,22,27,1,1,0,2,1,1,46,20,26
BREWSTER COUNTY,043,37 Years,103,54,49,54,31,23,2,2,0,2,2,0,45,19,26
BREWSTER COUNTY,043,38 Years,108,55,53,57,27,30,2,2,0,2,2,0,47,24,23
BREWSTER COUNTY,043,39 Years,85,50,35,44,27,17,2,1,1,4,3,1,35,19,16
BREWSTER COUNTY,043,40 Years,81,44,37,40,24,16,1,1,0,1,0,1,39,19,20
BREWSTER COUNTY,043,41 Years,103,47,56,52,24,28,0,0,0,1,0,1,50,23,27
BREWSTER COUNTY,043,42 Years,101,50,51,57,29,28,0,0,0,4,3,1,40,18,22
BREWSTER COUNTY,043,43 Years,102,48,54,54,25,29,1,1,0,2,2,0,45,20,25
BREWSTER COUNTY,043,44 Years,95,47,48,45,23,22,1,1,0,2,1,1,47,22,25
BREWSTER COUNTY,043,45 Years,108,50,58,57,28,29,0,0,0,3,2,1,48,20,28
BREWSTER COUNTY,043,46 Years,108,50,58,52,23,29,3,3,0,3,2,1,50,22,28
BREWSTER COUNTY,043,47 Years,96,47,49,50,23,27,2,2,0,3,1,2,41,21,20
BREWSTER COUNTY,043,48 Years,116,52,64,62,29,33,0,0,0,3,1,2,51,22,29
BREWSTER COUNTY,043,49 Years,126,59,67,72,35,37,0,0,0,1,0,1,53,24,29
BREWSTER COUNTY,043,50 Years,126,61,65,74,32,42,0,0,0,1,0,1,51,29,22
BREWSTER COUNTY,043,51 Years,132,59,73,90,42,48,1,1,0,0,0,0,41,16,25
BREWSTER COUNTY,043,52 Years,136,68,68,75,40,35,2,2,0,3,1,2,56,25,31
BREWSTER COUNTY,043,53 Years,132,68,64,79,38,41,1,1,0,2,1,1,50,28,22
BREWSTER COUNTY,043,54 Years,125,59,66,71,34,37,1,1,0,5,3,2,48,21,27
BREWSTER COUNTY,043,55 Years,115,62,53,70,34,36,0,0,0,1,1,0,44,27,17
BREWSTER COUNTY,043,56 Years,133,69,64,88,46,42,0,0,0,1,0,1,44,23,21
BREWSTER COUNTY,043,57 Years,137,65,72,97,46,51,3,1,2,2,1,1,35,17,18
BREWSTER COUNTY,043,58 Years,149,75,74,105,47,58,3,2,1,2,1,1,39,25,14
BREWSTER COUNTY,043,59 Years,153,77,76,104,48,56,1,1,0,1,1,0,47,27,20
BREWSTER COUNTY,043,60 Years,158,82,76,112,57,55,0,0,0,1,0,1,45,25,20
BREWSTER COUNTY,043,61 Years,145,78,67,102,57,45,0,0,0,1,0,1,42,21,21
BREWSTER COUNTY,043,62 Years,130,69,61,86,43,43,1,1,0,5,2,3,38,23,15
BREWSTER COUNTY,043,63 Years,148,67,81,102,44,58,1,1,0,5,3,2,40,19,21
BREWSTER COUNTY,043,64 Years,144,67,77,108,51,57,1,0,1,4,2,2,31,14,17
BREWSTER COUNTY,043,65 Years,137,77,60,104,61,43,0,0,0,4,2,2,29,14,15
BREWSTER COUNTY,043,66 Years,141,79,62,111,62,49,0,0,0,4,2,2,26,15,11
BREWSTER COUNTY,043,67 Years,120,66,54,88,50,38,0,0,0,3,1,2,29,15,14
BREWSTER COUNTY,043,68 Years,107,54,53,70,39,31,0,0,0,3,2,1,34,13,21
BREWSTER COUNTY,043,69 Years,97,47,50,66,35,31,0,0,0,4,1,3,27,11,16
BREWSTER COUNTY,043,70 Years,98,48,50,66,36,30,0,0,0,1,0,1,31,12,19
BREWSTER COUNTY,043,71 Years,87,42,45,65,31,34,0,0,0,0,0,0,22,11,11
BREWSTER COUNTY,043,72 Years,87,44,43,65,34,31,0,0,0,1,1,0,21,9,12
BREWSTER COUNTY,043,73 Years,88,48,40,58,32,26,0,0,0,0,0,0,30,16,14
BREWSTER COUNTY,043,74 Years,91,51,40,59,33,26,0,0,0,2,1,1,30,17,13
BREWSTER COUNTY,043,75 Years,76,43,33,49,28,21,0,0,0,1,1,0,26,14,12
BREWSTER COUNTY,043,76 Years,62,37,25,37,21,16,2,2,0,0,0,0,23,14,9
BREWSTER COUNTY,043,77 Years,49,26,23,31,18,13,0,0,0,0,0,0,18,8,10
BREWSTER COUNTY,043,78 Years,58,25,33,35,17,18,0,0,0,0,0,0,23,8,15
BREWSTER COUNTY,043,79 Years,50,22,28,28,13,15,0,0,0,0,0,0,22,9,13
BREWSTER COUNTY,043,80 Years,41,19,22,27,11,16,0,0,0,0,0,0,14,8,6
BREWSTER COUNTY,043,81 Years,40,18,22,25,11,14,0,0,0,0,0,0,15,7,8
BREWSTER COUNTY,043,82 Years,45,16,29,25,9,16,0,0,0,1,1,0,19,6,13
BREWSTER COUNTY,043,83 Years,42,17,25,24,9,15,0,0,0,1,1,0,17,7,10
BREWSTER COUNTY,043,84 Years,33,16,17,23,11,12,0,0,0,0,0,0,10,5,5
BREWSTER COUNTY,043,85 Years +,189,65,124,119,41,78,0,0,0,3,0,3,67,24,43
BRISCOE COUNTY,045,All Ages,1541,778,763,1082,537,545,32,15,17,23,13,10,404,213,191
BRISCOE COUNTY,045,< 1 Year,17,9,8,11,5,6,0,0,0,0,0,0,6,4,2
BRISCOE COUNTY,045,1 Years,18,10,8,11,6,5,0,0,0,0,0,0,7,4,3
BRISCOE COUNTY,045,2 Years,19,11,8,11,6,5,0,0,0,0,0,0,8,5,3
BRISCOE COUNTY,045,3 Years,20,11,9,7,5,2,1,0,1,1,0,1,11,6,5
BRISCOE COUNTY,045,4 Years,16,7,9,8,3,5,0,0,0,1,0,1,7,4,3
BRISCOE COUNTY,045,5 Years,17,10,7,8,4,4,0,0,0,1,1,0,8,5,3
BRISCOE COUNTY,045,6 Years,21,10,11,8,3,5,0,0,0,1,0,1,12,7,5
BRISCOE COUNTY,045,7 Years,21,12,9,9,6,3,1,1,0,0,0,0,11,5,6
BRISCOE COUNTY,045,8 Years,18,10,8,10,6,4,0,0,0,0,0,0,8,4,4
BRISCOE COUNTY,045,9 Years,15,5,10,9,4,5,0,0,0,0,0,0,6,1,5
BRISCOE COUNTY,045,10 Years,17,12,5,11,8,3,0,0,0,0,0,0,6,4,2
BRISCOE COUNTY,045,11 Years,19,12,7,12,8,4,2,0,2,0,0,0,5,4,1
BRISCOE COUNTY,045,12 Years,16,8,8,8,4,4,1,0,1,1,1,0,6,3,3
BRISCOE COUNTY,045,13 Years,19,7,12,10,2,8,0,0,0,2,1,1,7,4,3
BRISCOE COUNTY,045,14 Years,26,12,14,16,6,10,0,0,0,0,0,0,10,6,4
BRISCOE COUNTY,045,15 Years,14,8,6,11,5,6,0,0,0,0,0,0,3,3,0
BRISCOE COUNTY,045,16 Years,14,7,7,7,3,4,0,0,0,0,0,0,7,4,3
BRISCOE COUNTY,045,17 Years,20,10,10,12,5,7,0,0,0,0,0,0,8,5,3
BRISCOE COUNTY,045,18 Years,17,6,11,10,3,7,0,0,0,1,0,1,6,3,3
BRISCOE COUNTY,045,19 Years,22,13,9,12,7,5,1,1,0,3,2,1,6,3,3
BRISCOE COUNTY,045,20 Years,19,12,7,8,5,3,0,0,0,2,1,1,9,6,3
BRISCOE COUNTY,045,21 Years,18,10,8,9,4,5,0,0,0,1,1,0,8,5,3
BRISCOE COUNTY,045,22 Years,13,8,5,6,4,2,0,0,0,0,0,0,7,4,3
BRISCOE COUNTY,045,23 Years,13,9,4,6,4,2,0,0,0,0,0,0,7,5,2
BRISCOE COUNTY,045,24 Years,12,6,6,5,3,2,0,0,0,0,0,0,7,3,4
BRISCOE COUNTY,045,25 Years,14,9,5,6,4,2,1,1,0,0,0,0,7,4,3
BRISCOE COUNTY,045,26 Years,9,4,5,4,2,2,1,1,0,0,0,0,4,1,3
BRISCOE COUNTY,045,27 Years,14,7,7,8,4,4,2,2,0,0,0,0,4,1,3
BRISCOE COUNTY,045,28 Years,10,5,5,6,3,3,1,1,0,0,0,0,3,1,2
BRISCOE COUNTY,045,29 Years,11,7,4,9,6,3,0,0,0,0,0,0,2,1,1
BRISCOE COUNTY,045,30 Years,11,7,4,7,4,3,0,0,0,0,0,0,4,3,1
BRISCOE COUNTY,045,31 Years,13,7,6,7,3,4,0,0,0,0,0,0,6,4,2
BRISCOE COUNTY,045,32 Years,17,10,7,11,6,5,0,0,0,0,0,0,6,4,2
BRISCOE COUNTY,045,33 Years,16,8,8,11,5,6,0,0,0,0,0,0,5,3,2
BRISCOE COUNTY,045,34 Years,12,3,9,5,1,4,0,0,0,0,0,0,7,2,5
BRISCOE COUNTY,045,35 Years,15,7,8,9,5,4,0,0,0,0,0,0,6,2,4
BRISCOE COUNTY,045,36 Years,20,12,8,10,7,3,2,0,2,0,0,0,8,5,3
BRISCOE COUNTY,045,37 Years,22,11,11,15,7,8,0,0,0,0,0,0,7,4,3
BRISCOE COUNTY,045,38 Years,21,12,9,16,9,7,0,0,0,0,0,0,5,3,2
BRISCOE COUNTY,045,39 Years,14,8,6,7,4,3,0,0,0,1,1,0,6,3,3
BRISCOE COUNTY,045,40 Years,18,10,8,10,4,6,0,0,0,1,1,0,7,5,2
BRISCOE COUNTY,045,41 Years,17,9,8,13,7,6,0,0,0,0,0,0,4,2,2
BRISCOE COUNTY,045,42 Years,15,6,9,13,6,7,0,0,0,0,0,0,2,0,2
BRISCOE COUNTY,045,43 Years,16,7,9,11,5,6,0,0,0,0,0,0,5,2,3
BRISCOE COUNTY,045,44 Years,20,9,11,14,8,6,0,0,0,0,0,0,6,1,5
BRISCOE COUNTY,045,45 Years,12,6,6,7,4,3,0,0,0,0,0,0,5,2,3
BRISCOE COUNTY,045,46 Years,13,8,5,12,7,5,0,0,0,0,0,0,1,1,0
BRISCOE COUNTY,045,47 Years,15,8,7,12,6,6,0,0,0,0,0,0,3,2,1
BRISCOE COUNTY,045,48 Years,24,12,12,21,11,10,0,0,0,0,0,0,3,1,2
BRISCOE COUNTY,045,49 Years,23,7,16,15,6,9,1,0,1,0,0,0,7,1,6
BRISCOE COUNTY,045,50 Years,19,9,10,14,6,8,0,0,0,1,1,0,4,2,2
BRISCOE COUNTY,045,51 Years,26,15,11,18,9,9,0,0,0,0,0,0,8,6,2
BRISCOE COUNTY,045,52 Years,25,17,8,19,12,7,0,0,0,0,0,0,6,5,1
BRISCOE COUNTY,045,53 Years,23,12,11,18,9,9,0,0,0,0,0,0,5,3,2
BRISCOE COUNTY,045,54 Years,20,12,8,15,10,5,0,0,0,0,0,0,5,2,3
BRISCOE COUNTY,045,55 Years,17,7,10,12,5,7,1,1,0,0,0,0,4,1,3
BRISCOE COUNTY,045,56 Years,21,10,11,16,7,9,1,1,0,0,0,0,4,2,2
BRISCOE COUNTY,045,57 Years,21,8,13,18,6,12,1,1,0,0,0,0,2,1,1
BRISCOE COUNTY,045,58 Years,20,8,12,16,5,11,1,1,0,1,0,1,2,2,0
BRISCOE COUNTY,045,59 Years,19,7,12,16,7,9,1,0,1,0,0,0,2,0,2
BRISCOE COUNTY,045,60 Years,22,13,9,19,11,8,0,0,0,1,1,0,2,1,1
BRISCOE COUNTY,045,61 Years,23,14,9,22,13,9,0,0,0,0,0,0,1,1,0
BRISCOE COUNTY,045,62 Years,18,10,8,15,7,8,0,0,0,1,1,0,2,2,0
BRISCOE COUNTY,045,63 Years,17,5,12,14,4,10,0,0,0,0,0,0,3,1,2
BRISCOE COUNTY,045,64 Years,22,9,13,18,8,10,0,0,0,0,0,0,4,1,3
BRISCOE COUNTY,045,65 Years,22,10,12,18,9,9,1,0,1,0,0,0,3,1,2
BRISCOE COUNTY,045,66 Years,29,16,13,25,14,11,2,1,1,0,0,0,2,1,1
BRISCOE COUNTY,045,67 Years,31,18,13,27,15,12,0,0,0,0,0,0,4,3,1
BRISCOE COUNTY,045,68 Years,18,10,8,14,9,5,0,0,0,0,0,0,4,1,3
BRISCOE COUNTY,045,69 Years,20,11,9,15,8,7,1,1,0,0,0,0,4,2,2
BRISCOE COUNTY,045,70 Years,21,9,12,16,7,9,1,1,0,1,0,1,3,1,2
BRISCOE COUNTY,045,71 Years,20,9,11,17,8,9,0,0,0,1,0,1,2,1,1
BRISCOE COUNTY,045,72 Years,14,8,6,13,7,6,0,0,0,0,0,0,1,1,0
BRISCOE COUNTY,045,73 Years,15,6,9,13,6,7,1,0,1,0,0,0,1,0,1
BRISCOE COUNTY,045,74 Years,13,4,9,11,4,7,1,0,1,0,0,0,1,0,1
BRISCOE COUNTY,045,75 Years,16,9,7,14,8,6,0,0,0,0,0,0,2,1,1
BRISCOE COUNTY,045,76 Years,14,8,6,13,7,6,0,0,0,0,0,0,1,1,0
BRISCOE COUNTY,045,77 Years,16,7,9,14,7,7,1,0,1,0,0,0,1,0,1
BRISCOE COUNTY,045,78 Years,18,9,9,16,8,8,0,0,0,0,0,0,2,1,1
BRISCOE COUNTY,045,79 Years,14,8,6,13,7,6,0,0,0,0,0,0,1,1,0
BRISCOE COUNTY,045,80 Years,14,7,7,14,7,7,0,0,0,0,0,0,0,0,0
BRISCOE COUNTY,045,81 Years,18,10,8,16,8,8,0,0,0,0,0,0,2,2,0
BRISCOE COUNTY,045,82 Years,13,5,8,13,5,8,0,0,0,0,0,0,0,0,0
BRISCOE COUNTY,045,83 Years,13,6,7,11,5,6,0,0,0,0,0,0,2,1,1
BRISCOE COUNTY,045,84 Years,6,2,4,5,2,3,0,0,0,0,0,0,1,0,1
BRISCOE COUNTY,045,85 Years +,50,16,34,40,14,26,5,1,4,1,1,0,4,0,4
BROOKS COUNTY,047,All Ages,7292,3640,3652,579,282,297,16,11,5,43,22,21,6654,3325,3329
BROOKS COUNTY,047,< 1 Year,121,60,61,7,3,4,0,0,0,1,1,0,113,56,57
BROOKS COUNTY,047,1 Years,116,59,57,7,4,3,0,0,0,1,0,1,108,55,53
BROOKS COUNTY,047,2 Years,115,60,55,7,4,3,0,0,0,0,0,0,108,56,52
BROOKS COUNTY,047,3 Years,124,61,63,8,4,4,0,0,0,0,0,0,116,57,59
BROOKS COUNTY,047,4 Years,111,61,50,7,3,4,0,0,0,0,0,0,104,58,46
BROOKS COUNTY,047,5 Years,111,59,52,10,7,3,0,0,0,1,0,1,100,52,48
BROOKS COUNTY,047,6 Years,129,65,64,6,4,2,0,0,0,2,0,2,121,61,60
BROOKS COUNTY,047,7 Years,119,65,54,8,6,2,0,0,0,1,0,1,110,59,51
BROOKS COUNTY,047,8 Years,108,52,56,7,4,3,0,0,0,0,0,0,101,48,53
BROOKS COUNTY,047,9 Years,101,52,49,4,3,1,1,0,1,2,2,0,94,47,47
BROOKS COUNTY,047,10 Years,86,42,44,4,1,3,0,0,0,1,1,0,81,40,41
BROOKS COUNTY,047,11 Years,114,57,57,8,2,6,1,1,0,0,0,0,105,54,51
BROOKS COUNTY,047,12 Years,106,52,54,5,3,2,0,0,0,1,0,1,100,49,51
BROOKS COUNTY,047,13 Years,107,61,46,6,3,3,1,1,0,1,1,0,99,56,43
BROOKS COUNTY,047,14 Years,106,67,39,7,5,2,0,0,0,1,1,0,98,61,37
BROOKS COUNTY,047,15 Years,103,60,43,7,5,2,0,0,0,0,0,0,96,55,41
BROOKS COUNTY,047,16 Years,101,58,43,6,4,2,0,0,0,0,0,0,95,54,41
BROOKS COUNTY,047,17 Years,107,58,49,5,2,3,0,0,0,0,0,0,102,56,46
BROOKS COUNTY,047,18 Years,97,56,41,4,1,3,0,0,0,1,0,1,92,55,37
BROOKS COUNTY,047,19 Years,94,55,39,4,2,2,0,0,0,0,0,0,90,53,37
BROOKS COUNTY,047,20 Years,118,63,55,6,2,4,0,0,0,0,0,0,112,61,51
BROOKS COUNTY,047,21 Years,118,65,53,4,1,3,0,0,0,0,0,0,114,64,50
BROOKS COUNTY,047,22 Years,107,59,48,3,1,2,0,0,0,2,2,0,102,56,46
BROOKS COUNTY,047,23 Years,108,52,56,4,2,2,0,0,0,3,2,1,101,48,53
BROOKS COUNTY,047,24 Years,90,51,39,4,2,2,1,1,0,1,1,0,84,47,37
BROOKS COUNTY,047,25 Years,97,52,45,7,1,6,0,0,0,0,0,0,90,51,39
BROOKS COUNTY,047,26 Years,87,46,41,5,2,3,0,0,0,3,1,2,79,43,36
BROOKS COUNTY,047,27 Years,81,37,44,5,2,3,0,0,0,3,1,2,73,34,39
BROOKS COUNTY,047,28 Years,73,40,33,5,3,2,0,0,0,1,0,1,67,37,30
BROOKS COUNTY,047,29 Years,77,44,33,6,3,3,1,0,1,0,0,0,70,41,29
BROOKS COUNTY,047,30 Years,82,35,47,6,1,5,1,1,0,0,0,0,75,33,42
BROOKS COUNTY,047,31 Years,78,35,43,7,3,4,2,1,1,0,0,0,69,31,38
BROOKS COUNTY,047,32 Years,88,43,45,6,3,3,1,0,1,0,0,0,81,40,41
BROOKS COUNTY,047,33 Years,74,33,41,5,2,3,1,1,0,0,0,0,68,30,38
BROOKS COUNTY,047,34 Years,59,33,26,4,3,1,0,0,0,0,0,0,55,30,25
BROOKS COUNTY,047,35 Years,65,35,30,2,0,2,0,0,0,0,0,0,63,35,28
BROOKS COUNTY,047,36 Years,59,29,30,5,1,4,0,0,0,0,0,0,54,28,26
BROOKS COUNTY,047,37 Years,62,30,32,5,3,2,0,0,0,1,1,0,56,26,30
BROOKS COUNTY,047,38 Years,66,40,26,4,2,2,1,1,0,3,3,0,58,34,24
BROOKS COUNTY,047,39 Years,53,35,18,5,4,1,1,1,0,0,0,0,47,30,17
BROOKS COUNTY,047,40 Years,75,39,36,12,7,5,0,0,0,1,1,0,62,31,31
BROOKS COUNTY,047,41 Years,69,28,41,8,4,4,1,1,0,1,1,0,59,22,37
BROOKS COUNTY,047,42 Years,65,31,34,7,4,3,1,1,0,0,0,0,57,26,31
BROOKS COUNTY,047,43 Years,57,28,29,6,3,3,0,0,0,0,0,0,51,25,26
BROOKS COUNTY,047,44 Years,61,26,35,3,2,1,1,1,0,0,0,0,57,23,34
BROOKS COUNTY,047,45 Years,65,34,31,2,1,1,0,0,0,3,2,1,60,31,29
BROOKS COUNTY,047,46 Years,78,41,37,5,2,3,1,0,1,0,0,0,72,39,33
BROOKS COUNTY,047,47 Years,81,39,42,5,3,2,0,0,0,0,0,0,76,36,40
BROOKS COUNTY,047,48 Years,90,43,47,7,4,3,0,0,0,0,0,0,83,39,44
BROOKS COUNTY,047,49 Years,84,39,45,6,4,2,0,0,0,0,0,0,78,35,43
BROOKS COUNTY,047,50 Years,95,45,50,7,3,4,0,0,0,0,0,0,88,42,46
BROOKS COUNTY,047,51 Years,107,50,57,9,3,6,0,0,0,1,1,0,97,46,51
BROOKS COUNTY,047,52 Years,94,47,47,8,2,6,0,0,0,0,0,0,86,45,41
BROOKS COUNTY,047,53 Years,99,43,56,5,2,3,0,0,0,0,0,0,94,41,53
BROOKS COUNTY,047,54 Years,89,47,42,6,3,3,0,0,0,0,0,0,83,44,39
BROOKS COUNTY,047,55 Years,86,40,46,5,4,1,0,0,0,1,0,1,80,36,44
BROOKS COUNTY,047,56 Years,97,47,50,7,3,4,0,0,0,1,0,1,89,44,45
BROOKS COUNTY,047,57 Years,96,49,47,10,4,6,0,0,0,0,0,0,86,45,41
BROOKS COUNTY,047,58 Years,101,46,55,10,5,5,0,0,0,2,0,2,89,41,48
BROOKS COUNTY,047,59 Years,98,52,46,12,5,7,0,0,0,1,0,1,85,47,38
BROOKS COUNTY,047,60 Years,93,47,46,11,5,6,0,0,0,0,0,0,82,42,40
BROOKS COUNTY,047,61 Years,84,43,41,8,3,5,0,0,0,0,0,0,76,40,36
BROOKS COUNTY,047,62 Years,91,48,43,6,4,2,0,0,0,0,0,0,85,44,41
BROOKS COUNTY,047,63 Years,91,41,50,10,4,6,0,0,0,0,0,0,81,37,44
BROOKS COUNTY,047,64 Years,86,40,46,8,3,5,0,0,0,0,0,0,78,37,41
BROOKS COUNTY,047,65 Years,85,44,41,10,6,4,0,0,0,0,0,0,75,38,37
BROOKS COUNTY,047,66 Years,90,41,49,9,5,4,0,0,0,0,0,0,81,36,45
BROOKS COUNTY,047,67 Years,83,44,39,7,5,2,0,0,0,0,0,0,76,39,37
BROOKS COUNTY,047,68 Years,92,47,45,10,6,4,0,0,0,0,0,0,82,41,41
BROOKS COUNTY,047,69 Years,70,31,39,3,1,2,0,0,0,0,0,0,67,30,37
BROOKS COUNTY,047,70 Years,68,30,38,9,5,4,0,0,0,0,0,0,59,25,34
BROOKS COUNTY,047,71 Years,63,29,34,9,6,3,0,0,0,1,0,1,53,23,30
BROOKS COUNTY,047,72 Years,53,27,26,7,6,1,0,0,0,0,0,0,46,21,25
BROOKS COUNTY,047,73 Years,61,27,34,8,5,3,0,0,0,0,0,0,53,22,31
BROOKS COUNTY,047,74 Years,63,27,36,6,3,3,0,0,0,0,0,0,57,24,33
BROOKS COUNTY,047,75 Years,53,23,30,6,4,2,0,0,0,0,0,0,47,19,28
BROOKS COUNTY,047,76 Years,54,28,26,6,3,3,0,0,0,0,0,0,48,25,23
BROOKS COUNTY,047,77 Years,53,29,24,12,7,5,0,0,0,0,0,0,41,22,19
BROOKS COUNTY,047,78 Years,47,22,25,6,5,1,0,0,0,0,0,0,41,17,24
BROOKS COUNTY,047,79 Years,42,17,25,6,4,2,0,0,0,1,0,1,35,13,22
BROOKS COUNTY,047,80 Years,32,12,20,3,0,3,0,0,0,0,0,0,29,12,17
BROOKS COUNTY,047,81 Years,30,10,20,3,1,2,0,0,0,0,0,0,27,9,18
BROOKS COUNTY,047,82 Years,42,14,28,5,0,5,0,0,0,0,0,0,37,14,23
BROOKS COUNTY,047,83 Years,50,21,29,10,4,6,0,0,0,0,0,0,40,17,23
BROOKS COUNTY,047,84 Years,41,14,27,7,1,6,0,0,0,0,0,0,34,13,21
BROOKS COUNTY,047,85 Years +,170,53,117,29,7,22,0,0,0,0,0,0,141,46,95
BROWN COUNTY,049,All Ages,38889,19332,19557,28473,13985,14488,1362,749,613,961,492,469,8093,4106,3987
BROWN COUNTY,049,< 1 Year,443,221,222,294,147,147,18,9,9,10,5,5,121,60,61
BROWN COUNTY,049,1 Years,451,231,220,295,151,144,18,9,9,10,5,5,128,66,62
BROWN COUNTY,049,2 Years,454,231,223,300,153,147,17,9,8,10,5,5,127,64,63
BROWN COUNTY,049,3 Years,448,238,210,269,156,113,22,13,9,14,9,5,143,60,83
BROWN COUNTY,049,4 Years,482,265,217,280,156,124,21,13,8,22,13,9,159,83,76
BROWN COUNTY,049,5 Years,475,259,216,262,143,119,15,7,8,25,19,6,173,90,83
BROWN COUNTY,049,6 Years,526,268,258,305,152,153,17,6,11,25,15,10,179,95,84
BROWN COUNTY,049,7 Years,518,260,258,271,143,128,16,7,9,26,15,11,205,95,110
BROWN COUNTY,049,8 Years,509,243,266,280,136,144,12,4,8,28,15,13,189,88,101
BROWN COUNTY,049,9 Years,517,261,256,293,156,137,16,5,11,34,17,17,174,83,91
BROWN COUNTY,049,10 Years,543,298,245,317,183,134,16,5,11,25,11,14,185,99,86
BROWN COUNTY,049,11 Years,531,271,260,318,168,150,14,5,9,21,10,11,178,88,90
BROWN COUNTY,049,12 Years,524,275,249,334,185,149,16,7,9,20,11,9,154,72,82
BROWN COUNTY,049,13 Years,538,275,263,332,173,159,18,7,11,24,14,10,164,81,83
BROWN COUNTY,049,14 Years,525,274,251,319,170,149,15,9,6,21,14,7,170,81,89
BROWN COUNTY,049,15 Years,531,277,254,333,177,156,17,7,10,17,10,7,164,83,81
BROWN COUNTY,049,16 Years,529,275,254,349,192,157,19,9,10,10,4,6,151,70,81
BROWN COUNTY,049,17 Years,522,270,252,352,185,167,18,7,11,9,3,6,143,75,68
BROWN COUNTY,049,18 Years,528,266,262,338,166,172,27,13,14,7,3,4,156,84,72
BROWN COUNTY,049,19 Years,504,258,246,311,156,155,33,15,18,10,6,4,150,81,69
BROWN COUNTY,049,20 Years,508,259,249,287,139,148,45,22,23,12,6,6,164,92,72
BROWN COUNTY,049,21 Years,513,274,239,316,168,148,28,16,12,14,5,9,155,85,70
BROWN COUNTY,049,22 Years,533,286,247,358,191,167,31,18,13,18,8,10,126,69,57
BROWN COUNTY,049,23 Years,537,278,259,365,186,179,32,18,14,14,6,8,126,68,58
BROWN COUNTY,049,24 Years,537,272,265,361,177,184,24,11,13,14,7,7,138,77,61
BROWN COUNTY,049,25 Years,494,239,255,342,165,177,24,14,10,12,5,7,116,55,61
BROWN COUNTY,049,26 Years,450,203,247,301,130,171,27,16,11,13,5,8,109,52,57
BROWN COUNTY,049,27 Years,401,200,201,263,121,142,18,14,4,13,5,8,107,60,47
BROWN COUNTY,049,28 Years,381,197,184,247,125,122,21,15,6,13,7,6,100,50,50
BROWN COUNTY,049,29 Years,414,208,206,273,128,145,17,13,4,8,4,4,116,63,53
BROWN COUNTY,049,30 Years,404,208,196,283,143,140,14,10,4,8,5,3,99,50,49
BROWN COUNTY,049,31 Years,406,207,199,284,146,138,18,13,5,5,3,2,99,45,54
BROWN COUNTY,049,32 Years,397,207,190,271,140,131,23,14,9,5,2,3,98,51,47
BROWN COUNTY,049,33 Years,411,211,200,285,141,144,20,14,6,7,1,6,99,55,44
BROWN COUNTY,049,34 Years,424,217,207,287,150,137,18,9,9,9,5,4,110,53,57
BROWN COUNTY,049,35 Years,408,213,195,282,148,134,19,15,4,5,3,2,102,47,55
BROWN COUNTY,049,36 Years,414,214,200,288,145,143,14,10,4,7,3,4,105,56,49
BROWN COUNTY,049,37 Years,405,192,213,266,120,146,18,13,5,11,6,5,110,53,57
BROWN COUNTY,049,38 Years,412,205,207,268,121,147,18,14,4,13,8,5,113,62,51
BROWN COUNTY,049,39 Years,418,208,210,285,135,150,16,12,4,12,5,7,105,56,49
BROWN COUNTY,049,40 Years,428,218,210,303,155,148,16,9,7,13,5,8,96,49,47
BROWN COUNTY,049,41 Years,467,227,240,346,170,176,13,7,6,7,2,5,101,48,53
BROWN COUNTY,049,42 Years,461,227,234,342,176,166,15,9,6,4,2,2,100,40,60
BROWN COUNTY,049,43 Years,472,256,216,357,189,168,21,16,5,7,5,2,87,46,41
BROWN COUNTY,049,44 Years,446,235,211,318,163,155,25,17,8,13,8,5,90,47,43
BROWN COUNTY,049,45 Years,426,222,204,308,161,147,18,11,7,10,5,5,90,45,45
BROWN COUNTY,049,46 Years,427,216,211,311,158,153,16,9,7,6,4,2,94,45,49
BROWN COUNTY,049,47 Years,449,226,223,329,165,164,16,10,6,9,5,4,95,46,49
BROWN COUNTY,049,48 Years,477,237,240,360,180,180,12,7,5,13,6,7,92,44,48
BROWN COUNTY,049,49 Years,506,269,237,379,192,187,15,9,6,13,8,5,99,60,39
BROWN COUNTY,049,50 Years,557,272,285,429,197,232,17,8,9,11,8,3,100,59,41
BROWN COUNTY,049,51 Years,543,272,271,420,207,213,15,7,8,13,6,7,95,52,43
BROWN COUNTY,049,52 Years,544,273,271,416,199,217,23,17,6,9,3,6,96,54,42
BROWN COUNTY,049,53 Years,567,277,290,443,207,236,20,15,5,11,4,7,93,51,42
BROWN COUNTY,049,54 Years,548,282,266,432,222,210,22,12,10,8,4,4,86,44,42
BROWN COUNTY,049,55 Years,529,261,268,421,204,217,27,15,12,8,4,4,73,38,35
BROWN COUNTY,049,56 Years,546,261,285,435,202,233,26,14,12,9,3,6,76,42,34
BROWN COUNTY,049,57 Years,524,250,274,441,209,232,18,10,8,7,3,4,58,28,30
BROWN COUNTY,049,58 Years,513,242,271,428,199,229,18,11,7,11,4,7,56,28,28
BROWN COUNTY,049,59 Years,495,237,258,403,196,207,15,8,7,14,6,8,63,27,36
BROWN COUNTY,049,60 Years,498,237,261,412,194,218,14,7,7,9,5,4,63,31,32
BROWN COUNTY,049,61 Years,503,240,263,421,198,223,13,6,7,9,3,6,60,33,27
BROWN COUNTY,049,62 Years,497,234,263,428,198,230,9,6,3,6,4,2,54,26,28
BROWN COUNTY,049,63 Years,516,246,270,436,209,227,9,4,5,9,4,5,62,29,33
BROWN COUNTY,049,64 Years,548,275,273,471,238,233,6,1,5,13,8,5,58,28,30
BROWN COUNTY,049,65 Years,533,254,279,460,217,243,12,6,6,14,9,5,47,22,25
BROWN COUNTY,049,66 Years,554,272,282,487,238,249,11,4,7,10,3,7,46,27,19
BROWN COUNTY,049,67 Years,476,243,233,418,212,206,6,4,2,12,7,5,40,20,20
BROWN COUNTY,049,68 Years,450,216,234,397,193,204,10,5,5,11,6,5,32,12,20
BROWN COUNTY,049,69 Years,451,223,228,403,201,202,7,3,4,11,4,7,30,15,15
BROWN COUNTY,049,70 Years,439,220,219,389,198,191,10,3,7,7,3,4,33,16,17
BROWN COUNTY,049,71 Years,401,182,219,359,165,194,5,1,4,6,3,3,31,13,18
BROWN COUNTY,049,72 Years,381,169,212,344,151,193,7,4,3,3,2,1,27,12,15
BROWN COUNTY,049,73 Years,350,166,184,306,142,164,7,3,4,10,5,5,27,16,11
BROWN COUNTY,049,74 Years,313,143,170,279,128,151,5,1,4,6,2,4,23,12,11
BROWN COUNTY,049,75 Years,284,136,148,252,121,131,3,1,2,5,3,2,24,11,13
BROWN COUNTY,049,76 Years,272,131,141,248,122,126,4,1,3,4,1,3,16,7,9
BROWN COUNTY,049,77 Years,283,133,150,256,120,136,6,2,4,7,4,3,14,7,7
BROWN COUNTY,049,78 Years,250,116,134,221,102,119,6,2,4,4,2,2,19,10,9
BROWN COUNTY,049,79 Years,210,99,111,189,87,102,1,1,0,1,1,0,19,10,9
BROWN COUNTY,049,80 Years,205,94,111,178,81,97,4,3,1,3,1,2,20,9,11
BROWN COUNTY,049,81 Years,207,93,114,181,77,104,5,4,1,5,4,1,16,8,8
BROWN COUNTY,049,82 Years,185,74,111,166,65,101,2,1,1,3,2,1,14,6,8
BROWN COUNTY,049,83 Years,180,78,102,158,69,89,6,2,4,2,1,1,14,6,8
BROWN COUNTY,049,84 Years,141,66,75,124,56,68,2,1,1,4,3,1,11,6,5
BROWN COUNTY,049,85 Years +,872,318,554,805,285,520,14,5,9,10,4,6,43,24,19
BURLESON COUNTY,051,All Ages,17467,8646,8821,11662,5698,5964,2102,1014,1088,255,130,125,3448,1804,1644
BURLESON COUNTY,051,< 1 Year,182,95,87,115,60,55,23,11,12,2,2,0,42,22,20
BURLESON COUNTY,051,1 Years,185,93,92,120,61,59,21,10,11,2,1,1,42,21,21
BURLESON COUNTY,051,2 Years,188,96,92,122,62,60,20,10,10,2,1,1,44,23,21
BURLESON COUNTY,051,3 Years,198,107,91,104,56,48,20,9,11,3,2,1,71,40,31
BURLESON COUNTY,051,4 Years,195,109,86,103,59,44,18,10,8,9,4,5,65,36,29
BURLESON COUNTY,051,5 Years,234,128,106,126,67,59,21,12,9,11,6,5,76,43,33
BURLESON COUNTY,051,6 Years,232,120,112,116,57,59,26,16,10,5,3,2,85,44,41
BURLESON COUNTY,051,7 Years,221,110,111,109,52,57,26,13,13,6,5,1,80,40,40
BURLESON COUNTY,051,8 Years,231,116,115,118,59,59,32,14,18,9,6,3,72,37,35
BURLESON COUNTY,051,9 Years,239,130,109,117,68,49,40,18,22,5,3,2,77,41,36
BURLESON COUNTY,051,10 Years,210,106,104,106,54,52,33,16,17,4,1,3,67,35,32
BURLESON COUNTY,051,11 Years,223,113,110,123,61,62,24,12,12,3,1,2,73,39,34
BURLESON COUNTY,051,12 Years,245,122,123,130,60,70,32,17,15,3,1,2,80,44,36
BURLESON COUNTY,051,13 Years,233,115,118,131,60,71,32,18,14,5,1,4,65,36,29
BURLESON COUNTY,051,14 Years,223,114,109,118,59,59,39,17,22,5,3,2,61,35,26
BURLESON COUNTY,051,15 Years,233,108,125,130,56,74,33,16,17,5,4,1,65,32,33
BURLESON COUNTY,051,16 Years,247,127,120,144,72,72,32,19,13,8,6,2,63,30,33
BURLESON COUNTY,051,17 Years,251,144,107,140,82,58,33,18,15,5,3,2,73,41,32
BURLESON COUNTY,051,18 Years,245,131,114,138,72,66,40,19,21,3,2,1,64,38,26
BURLESON COUNTY,051,19 Years,202,106,96,117,60,57,31,17,14,4,1,3,50,28,22
BURLESON COUNTY,051,20 Years,196,95,101,102,53,49,32,11,21,4,1,3,58,30,28
BURLESON COUNTY,051,21 Years,199,97,102,114,58,56,31,11,20,3,3,0,51,25,26
BURLESON COUNTY,051,22 Years,190,90,100,110,50,60,28,12,16,4,3,1,48,25,23
BURLESON COUNTY,051,23 Years,184,95,89,98,45,53,27,16,11,5,2,3,54,32,22
BURLESON COUNTY,051,24 Years,167,90,77,94,51,43,22,10,12,1,1,0,50,28,22
BURLESON COUNTY,051,25 Years,170,78,92,110,50,60,23,9,14,1,1,0,36,18,18
BURLESON COUNTY,051,26 Years,171,84,87,105,51,54,26,13,13,2,1,1,38,19,19
BURLESON COUNTY,051,27 Years,180,91,89,106,54,52,19,9,10,2,0,2,53,28,25
BURLESON COUNTY,051,28 Years,177,90,87,102,49,53,23,11,12,1,0,1,51,30,21
BURLESON COUNTY,051,29 Years,155,79,76,97,44,53,15,9,6,0,0,0,43,26,17
BURLESON COUNTY,051,30 Years,152,71,81,88,43,45,21,11,10,1,0,1,42,17,25
BURLESON COUNTY,051,31 Years,176,90,86,116,61,55,20,9,11,1,1,0,39,19,20
BURLESON COUNTY,051,32 Years,195,101,94,123,67,56,22,9,13,2,2,0,48,23,25
BURLESON COUNTY,051,33 Years,182,86,96,105,49,56,21,12,9,3,2,1,53,23,30
BURLESON COUNTY,051,34 Years,161,73,88,97,44,53,18,8,10,2,2,0,44,19,25
BURLESON COUNTY,051,35 Years,156,80,76,91,51,40,21,9,12,3,2,1,41,18,23
BURLESON COUNTY,051,36 Years,161,84,77,96,55,41,21,8,13,5,1,4,39,20,19
BURLESON COUNTY,051,37 Years,163,79,84,96,47,49,19,9,10,3,1,2,45,22,23
BURLESON COUNTY,051,38 Years,181,92,89,106,54,52,22,10,12,2,1,1,51,27,24
BURLESON COUNTY,051,39 Years,177,85,92,102,51,51,26,12,14,3,1,2,46,21,25
BURLESON COUNTY,051,40 Years,196,91,105,120,54,66,27,12,15,3,2,1,46,23,23
BURLESON COUNTY,051,41 Years,199,101,98,129,63,66,29,16,13,1,1,0,40,21,19
BURLESON COUNTY,051,42 Years,202,115,87,137,79,58,22,10,12,2,1,1,41,25,16
BURLESON COUNTY,051,43 Years,214,107,107,147,76,71,18,7,11,2,0,2,47,24,23
BURLESON COUNTY,051,44 Years,208,100,108,145,70,75,23,10,13,1,1,0,39,19,20
BURLESON COUNTY,051,45 Years,239,128,111,160,80,80,36,22,14,1,0,1,42,26,16
BURLESON COUNTY,051,46 Years,229,110,119,154,71,83,30,16,14,3,1,2,42,22,20
BURLESON COUNTY,051,47 Years,248,121,127,173,83,90,23,14,9,5,3,2,47,21,26
BURLESON COUNTY,051,48 Years,236,118,118,170,79,91,18,11,7,2,2,0,46,26,20
BURLESON COUNTY,051,49 Years,253,133,120,185,96,89,28,14,14,1,1,0,39,22,17
BURLESON COUNTY,051,50 Years,284,139,145,198,95,103,33,16,17,6,3,3,47,25,22
BURLESON COUNTY,051,51 Years,262,130,132,185,85,100,29,19,10,4,1,3,44,25,19
BURLESON COUNTY,051,52 Years,262,130,132,192,91,101,24,15,9,4,2,2,42,22,20
BURLESON COUNTY,051,53 Years,280,141,139,212,108,104,24,13,11,4,1,3,40,19,21
BURLESON COUNTY,051,54 Years,275,132,143,207,96,111,27,17,10,5,2,3,36,17,19
BURLESON COUNTY,051,55 Years,291,141,150,222,100,122,34,20,14,2,1,1,33,20,13
BURLESON COUNTY,051,56 Years,289,134,155,218,102,116,38,16,22,2,1,1,31,15,16
BURLESON COUNTY,051,57 Years,282,128,154,224,109,115,26,6,20,1,0,1,31,13,18
BURLESON COUNTY,051,58 Years,272,126,146,221,103,118,26,9,17,1,0,1,24,14,10
BURLESON COUNTY,051,59 Years,273,125,148,208,93,115,31,16,15,5,2,3,29,14,15
BURLESON COUNTY,051,60 Years,262,138,124,198,104,94,35,21,14,3,1,2,26,12,14
BURLESON COUNTY,051,61 Years,228,109,119,176,85,91,29,15,14,2,1,1,21,8,13
BURLESON COUNTY,051,62 Years,247,125,122,178,91,87,35,17,18,4,2,2,30,15,15
BURLESON COUNTY,051,63 Years,253,121,132,185,91,94,38,17,21,5,1,4,25,12,13
BURLESON COUNTY,051,64 Years,236,117,119,177,88,89,32,13,19,5,1,4,22,15,7
BURLESON COUNTY,051,65 Years,226,112,114,174,87,87,31,13,18,2,1,1,19,11,8
BURLESON COUNTY,051,66 Years,237,117,120,186,92,94,24,11,13,4,1,3,23,13,10
BURLESON COUNTY,051,67 Years,213,109,104,163,86,77,17,8,9,2,1,1,31,14,17
BURLESON COUNTY,051,68 Years,190,104,86,147,82,65,20,12,8,2,1,1,21,9,12
BURLESON COUNTY,051,69 Years,191,100,91,155,80,75,15,8,7,4,2,2,17,10,7
BURLESON COUNTY,051,70 Years,167,85,82,134,67,67,16,9,7,3,1,2,14,8,6
BURLESON COUNTY,051,71 Years,142,78,64,114,63,51,11,4,7,2,2,0,15,9,6
BURLESON COUNTY,051,72 Years,144,65,79,119,53,66,13,3,10,3,3,0,9,6,3
BURLESON COUNTY,051,73 Years,145,72,73,114,53,61,17,9,8,1,1,0,13,9,4
BURLESON COUNTY,051,74 Years,145,68,77,113,52,61,16,8,8,1,0,1,15,8,7
BURLESON COUNTY,051,75 Years,122,57,65,101,49,52,12,4,8,0,0,0,9,4,5
BURLESON COUNTY,051,76 Years,125,59,66,106,55,51,11,3,8,0,0,0,8,1,7
BURLESON COUNTY,051,77 Years,126,62,64,104,51,53,12,6,6,1,1,0,9,4,5
BURLESON COUNTY,051,78 Years,106,48,58,81,35,46,16,7,9,0,0,0,9,6,3
BURLESON COUNTY,051,79 Years,114,48,66,92,38,54,11,6,5,1,0,1,10,4,6
BURLESON COUNTY,051,80 Years,103,46,57,76,32,44,14,7,7,1,1,0,12,6,6
BURLESON COUNTY,051,81 Years,101,41,60,80,35,45,12,3,9,0,0,0,9,3,6
BURLESON COUNTY,051,82 Years,96,46,50,79,39,40,8,2,6,2,2,0,7,3,4
BURLESON COUNTY,051,83 Years,105,45,60,82,33,49,12,5,7,1,0,1,10,7,3
BURLESON COUNTY,051,84 Years,82,39,43,65,29,36,8,5,3,1,0,1,8,5,3
BURLESON COUNTY,051,85 Years +,457,165,292,371,131,240,58,19,39,3,1,2,25,14,11
BURNET COUNTY,053,All Ages,44376,21745,22631,33095,15943,17152,736,393,343,924,423,501,9621,4986,4635
BURNET COUNTY,053,< 1 Year,494,254,240,280,145,135,12,7,5,16,8,8,186,94,92
BURNET COUNTY,053,1 Years,494,254,240,279,143,136,11,6,5,14,8,6,190,97,93
BURNET COUNTY,053,2 Years,482,246,236,275,140,135,11,6,5,13,7,6,183,93,90
BURNET COUNTY,053,3 Years,474,260,214,263,146,117,5,4,1,15,8,7,191,102,89
BURNET COUNTY,053,4 Years,486,265,221,264,143,121,7,5,2,11,6,5,204,111,93
BURNET COUNTY,053,5 Years,493,272,221,283,155,128,8,6,2,14,8,6,188,103,85
BURNET COUNTY,053,6 Years,499,269,230,279,156,123,9,4,5,15,9,6,196,100,96
BURNET COUNTY,053,7 Years,526,269,257,301,156,145,11,5,6,14,8,6,200,100,100
BURNET COUNTY,053,8 Years,553,287,266,329,169,160,6,3,3,17,9,8,201,106,95
BURNET COUNTY,053,9 Years,547,272,275,319,159,160,8,4,4,14,5,9,206,104,102
BURNET COUNTY,053,10 Years,563,279,284,341,173,168,7,4,3,16,6,10,199,96,103
BURNET COUNTY,053,11 Years,613,307,306,377,190,187,10,5,5,18,7,11,208,105,103
BURNET COUNTY,053,12 Years,589,299,290,356,179,177,10,5,5,24,13,11,199,102,97
BURNET COUNTY,053,13 Years,603,312,291,376,195,181,18,9,9,17,10,7,192,98,94
BURNET COUNTY,053,14 Years,629,315,314,389,194,195,16,10,6,18,9,9,206,102,104
BURNET COUNTY,053,15 Years,615,294,321,368,176,192,12,9,3,16,8,8,219,101,118
BURNET COUNTY,053,16 Years,595,295,300,378,188,190,8,5,3,16,7,9,193,95,98
BURNET COUNTY,053,17 Years,595,308,287,388,202,186,9,5,4,17,10,7,181,91,90
BURNET COUNTY,053,18 Years,555,279,276,367,181,186,8,4,4,15,7,8,165,87,78
BURNET COUNTY,053,19 Years,524,260,264,331,160,171,11,6,5,12,5,7,170,89,81
BURNET COUNTY,053,20 Years,562,291,271,354,176,178,15,9,6,13,8,5,180,98,82
BURNET COUNTY,053,21 Years,515,265,250,314,162,152,17,10,7,16,6,10,168,87,81
BURNET COUNTY,053,22 Years,448,232,216,244,114,130,18,12,6,14,8,6,172,98,74
BURNET COUNTY,053,23 Years,450,257,193,252,140,112,14,10,4,12,5,7,172,102,70
BURNET COUNTY,053,24 Years,402,214,188,235,124,111,9,6,3,7,2,5,151,82,69
BURNET COUNTY,053,25 Years,388,207,181,231,115,116,17,13,4,5,1,4,135,78,57
BURNET COUNTY,053,26 Years,401,207,194,240,116,124,11,8,3,10,3,7,140,80,60
BURNET COUNTY,053,27 Years,420,207,213,253,116,137,15,9,6,8,2,6,144,80,64
BURNET COUNTY,053,28 Years,405,210,195,232,119,113,17,7,10,7,3,4,149,81,68
BURNET COUNTY,053,29 Years,423,206,217,250,116,134,18,8,10,9,4,5,146,78,68
BURNET COUNTY,053,30 Years,428,196,232,253,113,140,21,12,9,8,3,5,146,68,78
BURNET COUNTY,053,31 Years,441,217,224,285,135,150,13,8,5,7,4,3,136,70,66
BURNET COUNTY,053,32 Years,482,238,244,323,155,168,14,7,7,11,5,6,134,71,63
BURNET COUNTY,053,33 Years,477,234,243,312,146,166,13,7,6,5,2,3,147,79,68
BURNET COUNTY,053,34 Years,464,225,239,298,139,159,15,9,6,8,4,4,143,73,70
BURNET COUNTY,053,35 Years,447,204,243,279,132,147,17,10,7,8,4,4,143,58,85
BURNET COUNTY,053,36 Years,426,193,233,279,125,154,17,11,6,7,4,3,123,53,70
BURNET COUNTY,053,37 Years,464,242,222,314,159,155,14,10,4,13,7,6,123,66,57
BURNET COUNTY,053,38 Years,428,217,211,297,139,158,12,7,5,8,5,3,111,66,45
BURNET COUNTY,053,39 Years,440,221,219,307,154,153,7,4,3,7,3,4,119,60,59
BURNET COUNTY,053,40 Years,492,241,251,349,175,174,10,4,6,6,2,4,127,60,67
BURNET COUNTY,053,41 Years,539,274,265,385,196,189,8,4,4,12,7,5,134,67,67
BURNET COUNTY,053,42 Years,554,263,291,406,191,215,14,6,8,9,3,6,125,63,62
BURNET COUNTY,053,43 Years,528,254,274,399,190,209,11,3,8,12,2,10,106,59,47
BURNET COUNTY,053,44 Years,513,258,255,381,183,198,10,3,7,9,4,5,113,68,45
BURNET COUNTY,053,45 Years,514,258,256,363,176,187,9,5,4,11,4,7,131,73,58
BURNET COUNTY,053,46 Years,483,240,243,341,162,179,8,4,4,11,5,6,123,69,54
BURNET COUNTY,053,47 Years,493,240,253,370,175,195,7,4,3,11,4,7,105,57,48
BURNET COUNTY,053,48 Years,576,277,299,448,216,232,11,5,6,13,6,7,104,50,54
BURNET COUNTY,053,49 Years,630,297,333,492,231,261,10,6,4,12,5,7,116,55,61
BURNET COUNTY,053,50 Years,651,299,352,516,232,284,11,4,7,12,3,9,112,60,52
BURNET COUNTY,053,51 Years,674,310,364,535,241,294,8,2,6,19,7,12,112,60,52
BURNET COUNTY,053,52 Years,710,337,373,577,274,303,11,4,7,13,6,7,109,53,56
BURNET COUNTY,053,53 Years,703,355,348,569,291,278,12,4,8,16,8,8,106,52,54
BURNET COUNTY,053,54 Years,649,310,339,541,254,287,8,4,4,16,8,8,84,44,40
BURNET COUNTY,053,55 Years,715,339,376,609,288,321,4,2,2,14,5,9,88,44,44
BURNET COUNTY,053,56 Years,680,314,366,577,264,313,4,3,1,13,3,10,86,44,42
BURNET COUNTY,053,57 Years,680,316,364,583,265,318,7,5,2,12,6,6,78,40,38
BURNET COUNTY,053,58 Years,665,314,351,573,263,310,5,4,1,13,7,6,74,40,34
BURNET COUNTY,053,59 Years,649,321,328,564,270,294,5,4,1,14,8,6,66,39,27
BURNET COUNTY,053,60 Years,673,312,361,600,277,323,3,2,1,12,4,8,58,29,29
BURNET COUNTY,053,61 Years,655,306,349,582,269,313,6,2,4,11,4,7,56,31,25
BURNET COUNTY,053,62 Years,658,299,359,579,258,321,6,3,3,10,5,5,63,33,30
BURNET COUNTY,053,63 Years,636,305,331,571,273,298,4,2,2,12,5,7,49,25,24
BURNET COUNTY,053,64 Years,690,334,356,633,307,326,2,1,1,8,3,5,47,23,24
BURNET COUNTY,053,65 Years,723,340,383,659,303,356,3,2,1,10,6,4,51,29,22
BURNET COUNTY,053,66 Years,729,350,379,655,314,341,3,0,3,17,8,9,54,28,26
BURNET COUNTY,053,67 Years,596,305,291,531,270,261,5,0,5,9,4,5,51,31,20
BURNET COUNTY,053,68 Years,564,295,269,517,269,248,4,0,4,6,3,3,37,23,14
BURNET COUNTY,053,69 Years,551,274,277,506,252,254,6,2,4,8,4,4,31,16,15
BURNET COUNTY,053,70 Years,548,276,272,504,251,253,4,2,2,10,7,3,30,16,14
BURNET COUNTY,053,71 Years,483,244,239,450,229,221,2,1,1,6,3,3,25,11,14
BURNET COUNTY,053,72 Years,432,206,226,408,197,211,2,1,1,6,3,3,16,5,11
BURNET COUNTY,053,73 Years,408,186,222,381,174,207,2,1,1,4,3,1,21,8,13
BURNET COUNTY,053,74 Years,406,179,227,379,171,208,4,0,4,3,0,3,20,8,12
BURNET COUNTY,053,75 Years,386,180,206,366,172,194,2,0,2,3,1,2,15,7,8
BURNET COUNTY,053,76 Years,354,176,178,330,164,166,2,2,0,4,2,2,18,8,10
BURNET COUNTY,053,77 Years,303,159,144,283,151,132,2,0,2,4,1,3,14,7,7
BURNET COUNTY,053,78 Years,312,142,170,292,135,157,1,0,1,5,2,3,14,5,9
BURNET COUNTY,053,79 Years,284,126,158,265,120,145,2,0,2,4,1,3,13,5,8
BURNET COUNTY,053,80 Years,271,130,141,255,122,133,1,0,1,4,2,2,11,6,5
BURNET COUNTY,053,81 Years,244,121,123,231,115,116,0,0,0,3,1,2,10,5,5
BURNET COUNTY,053,82 Years,211,98,113,196,90,106,0,0,0,4,2,2,11,6,5
BURNET COUNTY,053,83 Years,205,93,112,191,87,104,2,1,1,3,2,1,9,3,6
BURNET COUNTY,053,84 Years,176,73,103,162,67,95,0,0,0,4,1,3,10,5,5
BURNET COUNTY,053,85 Years +,940,340,600,896,324,572,4,2,2,11,2,9,29,12,17
CALDWELL COUNTY,055,All Ages,39231,19717,19514,16691,8305,8386,2499,1298,1201,878,444,434,19163,9670,9493
CALDWELL COUNTY,055,< 1 Year,470,237,233,161,81,80,15,8,7,12,6,6,282,142,140
CALDWELL COUNTY,055,1 Years,468,238,230,166,85,81,18,9,9,9,5,4,275,139,136
CALDWELL COUNTY,055,2 Years,457,234,223,164,83,81,18,10,8,10,6,4,265,135,130
CALDWELL COUNTY,055,3 Years,458,218,240,137,67,70,18,11,7,10,5,5,293,135,158
CALDWELL COUNTY,055,4 Years,492,240,252,145,73,72,22,11,11,12,6,6,313,150,163
CALDWELL COUNTY,055,5 Years,559,283,276,155,79,76,28,13,15,12,5,7,364,186,178
CALDWELL COUNTY,055,6 Years,525,270,255,140,76,64,23,11,12,13,7,6,349,176,173
CALDWELL COUNTY,055,7 Years,535,283,252,145,80,65,23,14,9,10,2,8,357,187,170
CALDWELL COUNTY,055,8 Years,563,307,256,149,84,65,24,13,11,10,3,7,380,207,173
CALDWELL COUNTY,055,9 Years,532,270,262,147,81,66,23,9,14,11,4,7,351,176,175
CALDWELL COUNTY,055,10 Years,525,274,251,142,81,61,16,9,7,15,4,11,352,180,172
CALDWELL COUNTY,055,11 Years,558,275,283,138,67,71,26,11,15,18,10,8,376,187,189
CALDWELL COUNTY,055,12 Years,580,290,290,156,82,74,35,19,16,17,5,12,372,184,188
CALDWELL COUNTY,055,13 Years,577,284,293,160,78,82,29,17,12,15,4,11,373,185,188
CALDWELL COUNTY,055,14 Years,569,309,260,162,92,70,29,18,11,19,8,11,359,191,168
CALDWELL COUNTY,055,15 Years,559,321,238,187,107,80,33,20,13,14,9,5,325,185,140
CALDWELL COUNTY,055,16 Years,582,332,250,190,106,84,46,27,19,15,10,5,331,189,142
CALDWELL COUNTY,055,17 Years,607,324,283,185,96,89,44,24,20,29,16,13,349,188,161
CALDWELL COUNTY,055,18 Years,627,329,298,184,99,85,33,16,17,31,16,15,379,198,181
CALDWELL COUNTY,055,19 Years,646,344,302,183,97,86,42,22,20,26,13,13,395,212,183
CALDWELL COUNTY,055,20 Years,729,387,342,202,98,104,58,27,31,42,27,15,427,235,192
CALDWELL COUNTY,055,21 Years,732,414,318,213,116,97,55,32,23,36,24,12,428,242,186
CALDWELL COUNTY,055,22 Years,729,410,319,235,133,102,67,32,35,34,19,15,393,226,167
CALDWELL COUNTY,055,23 Years,724,417,307,261,149,112,76,49,27,35,23,12,352,196,156
CALDWELL COUNTY,055,24 Years,639,361,278,254,144,110,51,33,18,27,14,13,307,170,137
CALDWELL COUNTY,055,25 Years,641,356,285,239,124,115,54,40,14,21,10,11,327,182,145
CALDWELL COUNTY,055,26 Years,597,334,263,213,117,96,47,29,18,16,10,6,321,178,143
CALDWELL COUNTY,055,27 Years,500,262,238,174,90,84,39,25,14,12,7,5,275,140,135
CALDWELL COUNTY,055,28 Years,482,245,237,185,99,86,38,25,13,15,8,7,244,113,131
CALDWELL COUNTY,055,29 Years,436,214,222,172,89,83,32,18,14,11,6,5,221,101,120
CALDWELL COUNTY,055,30 Years,454,228,226,168,85,83,36,26,10,10,5,5,240,112,128
CALDWELL COUNTY,055,31 Years,451,228,223,171,87,84,34,18,16,7,4,3,239,119,120
CALDWELL COUNTY,055,32 Years,477,247,230,196,98,98,31,17,14,6,6,0,244,126,118
CALDWELL COUNTY,055,33 Years,491,234,257,208,96,112,40,16,24,8,4,4,235,118,117
CALDWELL COUNTY,055,34 Years,507,248,259,215,103,112,44,23,21,6,3,3,242,119,123
CALDWELL COUNTY,055,35 Years,486,226,260,212,93,119,30,15,15,7,2,5,237,116,121
CALDWELL COUNTY,055,36 Years,462,229,233,194,100,94,37,23,14,5,1,4,226,105,121
CALDWELL COUNTY,055,37 Years,453,212,241,174,84,90,22,10,12,4,3,1,253,115,138
CALDWELL COUNTY,055,38 Years,455,226,229,174,90,84,20,10,10,8,5,3,253,121,132
CALDWELL COUNTY,055,39 Years,487,243,244,177,95,82,29,14,15,10,5,5,271,129,142
CALDWELL COUNTY,055,40 Years,492,248,244,194,100,94,26,12,14,5,3,2,267,133,134
CALDWELL COUNTY,055,41 Years,517,258,259,221,111,110,32,18,14,7,2,5,257,127,130
CALDWELL COUNTY,055,42 Years,544,262,282,247,118,129,36,21,15,8,4,4,253,119,134
CALDWELL COUNTY,055,43 Years,513,243,270,245,112,133,22,12,10,10,4,6,236,115,121
CALDWELL COUNTY,055,44 Years,466,224,242,206,97,109,31,15,16,6,4,2,223,108,115
CALDWELL COUNTY,055,45 Years,479,236,243,204,100,104,29,15,14,10,6,4,236,115,121
CALDWELL COUNTY,055,46 Years,465,232,233,200,100,100,29,21,8,8,4,4,228,107,121
CALDWELL COUNTY,055,47 Years,514,267,247,227,118,109,27,13,14,9,6,3,251,130,121
CALDWELL COUNTY,055,48 Years,546,273,273,248,117,131,32,14,18,5,4,1,261,138,123
CALDWELL COUNTY,055,49 Years,513,268,245,229,119,110,39,21,18,5,3,2,240,125,115
CALDWELL COUNTY,055,50 Years,517,269,248,249,126,123,46,21,25,7,5,2,215,117,98
CALDWELL COUNTY,055,51 Years,506,246,260,245,123,122,52,22,30,12,4,8,197,97,100
CALDWELL COUNTY,055,52 Years,502,236,266,260,125,135,38,16,22,11,2,9,193,93,100
CALDWELL COUNTY,055,53 Years,571,294,277,306,161,145,43,22,21,9,3,6,213,108,105
CALDWELL COUNTY,055,54 Years,520,259,261,281,141,140,40,21,19,7,2,5,192,95,97
CALDWELL COUNTY,055,55 Years,502,255,247,268,138,130,41,19,22,10,6,4,183,92,91
CALDWELL COUNTY,055,56 Years,499,247,252,285,141,144,34,17,17,8,4,4,172,85,87
CALDWELL COUNTY,055,57 Years,528,244,284,298,137,161,36,15,21,11,5,6,183,87,96
CALDWELL COUNTY,055,58 Years,508,234,274,276,130,146,30,15,15,7,4,3,195,85,110
CALDWELL COUNTY,055,59 Years,497,237,260,273,133,140,25,12,13,9,4,5,190,88,102
CALDWELL COUNTY,055,60 Years,427,207,220,234,110,124,23,12,11,5,3,2,165,82,83
CALDWELL COUNTY,055,61 Years,435,223,212,262,140,122,23,9,14,4,1,3,146,73,73
CALDWELL COUNTY,055,62 Years,438,223,215,258,137,121,29,10,19,5,3,2,146,73,73
CALDWELL COUNTY,055,63 Years,406,199,207,242,118,124,22,12,10,7,2,5,135,67,68
CALDWELL COUNTY,055,64 Years,388,189,199,231,113,118,19,11,8,5,1,4,133,64,69
CALDWELL COUNTY,055,65 Years,395,199,196,235,113,122,18,11,7,8,3,5,134,72,62
CALDWELL COUNTY,055,66 Years,377,183,194,238,121,117,17,8,9,3,1,2,119,53,66
CALDWELL COUNTY,055,67 Years,325,152,173,190,93,97,17,9,8,2,0,2,116,50,66
CALDWELL COUNTY,055,68 Years,293,131,162,174,78,96,18,8,10,1,0,1,100,45,55
CALDWELL COUNTY,055,69 Years,312,145,167,195,88,107,15,5,10,4,1,3,98,51,47
CALDWELL COUNTY,055,70 Years,307,132,175,190,82,108,17,3,14,4,2,2,96,45,51
CALDWELL COUNTY,055,71 Years,247,106,141,149,65,84,14,4,10,6,2,4,78,35,43
CALDWELL COUNTY,055,72 Years,238,112,126,149,70,79,14,9,5,3,2,1,72,31,41
CALDWELL COUNTY,055,73 Years,230,113,117,149,72,77,17,11,6,2,1,1,62,29,33
CALDWELL COUNTY,055,74 Years,222,102,120,140,67,73,14,9,5,3,1,2,65,25,40
CALDWELL COUNTY,055,75 Years,202,87,115,130,61,69,14,5,9,1,1,0,57,20,37
CALDWELL COUNTY,055,76 Years,169,76,93,101,47,54,12,4,8,3,2,1,53,23,30
CALDWELL COUNTY,055,77 Years,179,78,101,114,51,63,10,3,7,4,1,3,51,23,28
CALDWELL COUNTY,055,78 Years,193,93,100,123,58,65,13,4,9,2,1,1,55,30,25
CALDWELL COUNTY,055,79 Years,160,73,87,102,45,57,13,6,7,2,0,2,43,22,21
CALDWELL COUNTY,055,80 Years,142,61,81,96,41,55,10,6,4,4,1,3,32,13,19
CALDWELL COUNTY,055,81 Years,141,62,79,97,44,53,9,5,4,2,1,1,33,12,21
CALDWELL COUNTY,055,82 Years,131,54,77,90,36,54,10,4,6,1,1,0,30,13,17
CALDWELL COUNTY,055,83 Years,121,49,72,87,35,52,7,1,6,0,0,0,27,13,14
CALDWELL COUNTY,055,84 Years,114,43,71,79,32,47,6,1,5,1,1,0,28,9,19
CALDWELL COUNTY,055,85 Years +,619,210,409,441,157,284,45,12,33,4,3,1,129,38,91
CALHOUN COUNTY,057,All Ages,21729,10989,10740,9479,4762,4717,513,255,258,1215,668,547,10522,5304,5218
CALHOUN COUNTY,057,< 1 Year,295,148,147,95,48,47,4,3,1,19,10,9,177,87,90
CALHOUN COUNTY,057,1 Years,285,145,140,95,48,47,5,3,2,12,6,6,173,88,85
CALHOUN COUNTY,057,2 Years,275,142,133,93,48,45,5,3,2,11,6,5,166,85,81
CALHOUN COUNTY,057,3 Years,307,154,153,96,49,47,3,1,2,17,9,8,191,95,96
CALHOUN COUNTY,057,4 Years,290,149,141,72,33,39,8,4,4,16,8,8,194,104,90
CALHOUN COUNTY,057,5 Years,305,162,143,70,34,36,7,4,3,17,9,8,211,115,96
CALHOUN COUNTY,057,6 Years,311,155,156,80,39,41,6,2,4,14,6,8,211,108,103
CALHOUN COUNTY,057,7 Years,323,163,160,86,48,38,6,0,6,17,7,10,214,108,106
CALHOUN COUNTY,057,8 Years,302,151,151,81,39,42,3,0,3,25,13,12,193,99,94
CALHOUN COUNTY,057,9 Years,323,162,161,89,42,47,6,3,3,24,10,14,204,107,97
CALHOUN COUNTY,057,10 Years,326,173,153,93,54,39,8,5,3,25,8,17,200,106,94
CALHOUN COUNTY,057,11 Years,301,160,141,90,53,37,6,4,2,16,6,10,189,97,92
CALHOUN COUNTY,057,12 Years,286,147,139,81,42,39,4,2,2,13,5,8,188,98,90
CALHOUN COUNTY,057,13 Years,314,157,157,76,43,33,8,4,4,14,6,8,216,104,112
CALHOUN COUNTY,057,14 Years,329,181,148,88,50,38,8,5,3,17,10,7,216,116,100
CALHOUN COUNTY,057,15 Years,318,165,153,86,43,43,6,4,2,11,6,5,215,112,103
CALHOUN COUNTY,057,16 Years,342,173,169,106,55,51,5,2,3,20,10,10,211,106,105
CALHOUN COUNTY,057,17 Years,327,158,169,113,52,61,7,3,4,22,10,12,185,93,92
CALHOUN COUNTY,057,18 Years,310,170,140,95,51,44,4,3,1,23,15,8,188,101,87
CALHOUN COUNTY,057,19 Years,324,169,155,100,47,53,5,2,3,21,16,5,198,104,94
CALHOUN COUNTY,057,20 Years,319,170,149,98,49,49,8,3,5,24,15,9,189,103,86
CALHOUN COUNTY,057,21 Years,301,157,144,104,51,53,8,5,3,21,13,8,168,88,80
CALHOUN COUNTY,057,22 Years,284,134,150,93,43,50,8,3,5,15,8,7,168,80,88
CALHOUN COUNTY,057,23 Years,241,119,122,75,40,35,6,2,4,13,8,5,147,69,78
CALHOUN COUNTY,057,24 Years,253,137,116,102,54,48,2,1,1,10,9,1,139,73,66
CALHOUN COUNTY,057,25 Years,245,131,114,81,43,38,4,1,3,11,8,3,149,79,70
CALHOUN COUNTY,057,26 Years,231,125,106,82,46,36,5,1,4,10,6,4,134,72,62
CALHOUN COUNTY,057,27 Years,232,120,112,79,43,36,8,5,3,13,8,5,132,64,68
CALHOUN COUNTY,057,28 Years,238,126,112,78,45,33,6,3,3,13,7,6,141,71,70
CALHOUN COUNTY,057,29 Years,235,125,110,81,48,33,4,1,3,14,8,6,136,68,68
CALHOUN COUNTY,057,30 Years,240,112,128,85,31,54,3,2,1,17,10,7,135,69,66
CALHOUN COUNTY,057,31 Years,277,125,152,88,31,57,1,1,0,16,11,5,172,82,90
CALHOUN COUNTY,057,32 Years,275,138,137,97,48,49,6,4,2,12,8,4,160,78,82
CALHOUN COUNTY,057,33 Years,274,136,138,98,39,59,4,2,2,14,9,5,158,86,72
CALHOUN COUNTY,057,34 Years,246,118,128,83,43,40,5,1,4,12,6,6,146,68,78
CALHOUN COUNTY,057,35 Years,239,127,112,84,53,31,3,1,2,12,8,4,140,65,75
CALHOUN COUNTY,057,36 Years,231,119,112,91,54,37,3,2,1,13,6,7,124,57,67
CALHOUN COUNTY,057,37 Years,228,121,107,78,45,33,5,2,3,14,5,9,131,69,62
CALHOUN COUNTY,057,38 Years,230,118,112,71,35,36,6,3,3,11,4,7,142,76,66
CALHOUN COUNTY,057,39 Years,220,108,112,78,31,47,10,6,4,9,4,5,123,67,56
CALHOUN COUNTY,057,40 Years,232,112,120,85,41,44,8,3,5,7,3,4,132,65,67
CALHOUN COUNTY,057,41 Years,236,109,127,89,41,48,5,3,2,9,4,5,133,61,72
CALHOUN COUNTY,057,42 Years,245,118,127,101,49,52,7,4,3,12,7,5,125,58,67
CALHOUN COUNTY,057,43 Years,272,134,138,118,60,58,8,4,4,18,8,10,128,62,66
CALHOUN COUNTY,057,44 Years,261,127,134,120,56,64,7,3,4,12,5,7,122,63,59
CALHOUN COUNTY,057,45 Years,243,123,120,107,53,54,7,5,2,11,5,6,118,60,58
CALHOUN COUNTY,057,46 Years,263,126,137,109,50,59,7,4,3,18,6,12,129,66,63
CALHOUN COUNTY,057,47 Years,275,132,143,119,55,64,4,1,3,21,10,11,131,66,65
CALHOUN COUNTY,057,48 Years,314,162,152,146,78,68,10,4,6,16,9,7,142,71,71
CALHOUN COUNTY,057,49 Years,292,159,133,144,82,62,6,5,1,14,10,4,128,62,66
CALHOUN COUNTY,057,50 Years,319,168,151,153,79,74,9,5,4,21,13,8,136,71,65
CALHOUN COUNTY,057,51 Years,302,154,148,150,76,74,10,5,5,17,11,6,125,62,63
CALHOUN COUNTY,057,52 Years,286,145,141,154,78,76,6,3,3,22,9,13,104,55,49
CALHOUN COUNTY,057,53 Years,305,160,145,165,88,77,8,3,5,25,11,14,107,58,49
CALHOUN COUNTY,057,54 Years,313,163,150,162,80,82,9,5,4,21,14,7,121,64,57
CALHOUN COUNTY,057,55 Years,309,161,148,169,86,83,9,5,4,22,14,8,109,56,53
CALHOUN COUNTY,057,56 Years,300,157,143,177,93,84,10,6,4,23,13,10,90,45,45
CALHOUN COUNTY,057,57 Years,296,140,156,173,82,91,9,4,5,19,12,7,95,42,53
CALHOUN COUNTY,057,58 Years,312,159,153,182,91,91,12,6,6,12,8,4,106,54,52
CALHOUN COUNTY,057,59 Years,285,148,137,172,92,80,8,3,5,20,11,9,85,42,43
CALHOUN COUNTY,057,60 Years,283,151,132,162,86,76,9,6,3,25,13,12,87,46,41
CALHOUN COUNTY,057,61 Years,284,150,134,158,79,79,10,8,2,19,9,10,97,54,43
CALHOUN COUNTY,057,62 Years,240,121,119,136,66,70,4,3,1,19,12,7,81,40,41
CALHOUN COUNTY,057,63 Years,231,119,112,126,65,61,6,2,4,24,16,8,75,36,39
CALHOUN COUNTY,057,64 Years,251,126,125,146,71,75,10,3,7,20,11,9,75,41,34
CALHOUN COUNTY,057,65 Years,259,125,134,164,80,84,5,1,4,13,8,5,77,36,41
CALHOUN COUNTY,057,66 Years,239,121,118,159,82,77,3,2,1,9,7,2,68,30,38
CALHOUN COUNTY,057,67 Years,206,109,97,142,77,65,4,3,1,8,6,2,52,23,29
CALHOUN COUNTY,057,68 Years,204,109,95,138,74,64,4,2,2,9,8,1,53,25,28
CALHOUN COUNTY,057,69 Years,205,104,101,142,75,67,5,2,3,6,6,0,52,21,31
CALHOUN COUNTY,057,70 Years,214,109,105,150,77,73,4,2,2,8,5,3,52,25,27
CALHOUN COUNTY,057,71 Years,190,90,100,134,64,70,4,2,2,6,2,4,46,22,24
CALHOUN COUNTY,057,72 Years,171,80,91,119,51,68,5,2,3,7,5,2,40,22,18
CALHOUN COUNTY,057,73 Years,149,71,78,108,52,56,7,3,4,6,3,3,28,13,15
CALHOUN COUNTY,057,74 Years,149,74,75,100,53,47,4,2,2,7,3,4,38,16,22
CALHOUN COUNTY,057,75 Years,146,69,77,99,50,49,6,3,3,3,2,1,38,14,24
CALHOUN COUNTY,057,76 Years,151,72,79,99,49,50,8,4,4,8,5,3,36,14,22
CALHOUN COUNTY,057,77 Years,136,71,65,95,49,46,6,5,1,6,4,2,29,13,16
CALHOUN COUNTY,057,78 Years,121,57,64,79,39,40,3,2,1,6,3,3,33,13,20
CALHOUN COUNTY,057,79 Years,125,52,73,90,38,52,3,1,2,3,1,2,29,12,17
CALHOUN COUNTY,057,80 Years,106,45,61,73,30,43,4,2,2,3,2,1,26,11,15
CALHOUN COUNTY,057,81 Years,104,46,58,68,33,35,3,1,2,6,2,4,27,10,17
CALHOUN COUNTY,057,82 Years,98,44,54,65,29,36,2,1,1,5,1,4,26,13,13
CALHOUN COUNTY,057,83 Years,106,53,53,73,35,38,3,1,2,6,5,1,24,12,12
CALHOUN COUNTY,057,84 Years,88,39,49,63,29,34,3,1,2,3,2,1,19,7,12
CALHOUN COUNTY,057,85 Years +,381,175,206,285,129,156,10,4,6,12,7,5,74,35,39
CALLAHAN COUNTY,059,All Ages,13955,6651,7304,12319,5819,6500,140,74,66,349,163,186,1147,595,552
CALLAHAN COUNTY,059,< 1 Year,144,77,67,124,66,58,1,1,0,6,3,3,13,7,6
CALLAHAN COUNTY,059,1 Years,150,76,74,130,66,64,1,0,1,6,3,3,13,7,6
CALLAHAN COUNTY,059,2 Years,148,77,71,129,66,63,1,1,0,5,3,2,13,7,6
CALLAHAN COUNTY,059,3 Years,160,90,70,133,74,59,2,0,2,7,5,2,18,11,7
CALLAHAN COUNTY,059,4 Years,150,76,74,123,58,65,3,1,2,5,3,2,19,14,5
CALLAHAN COUNTY,059,5 Years,147,72,75,120,56,64,3,2,1,4,2,2,20,12,8
CALLAHAN COUNTY,059,6 Years,167,85,82,135,70,65,3,1,2,5,2,3,24,12,12
CALLAHAN COUNTY,059,7 Years,179,95,84,144,77,67,3,1,2,7,4,3,25,13,12
CALLAHAN COUNTY,059,8 Years,164,93,71,131,74,57,2,1,1,10,6,4,21,12,9
CALLAHAN COUNTY,059,9 Years,191,99,92,160,79,81,4,3,1,8,6,2,19,11,8
CALLAHAN COUNTY,059,10 Years,190,89,101,157,68,89,1,0,1,7,5,2,25,16,9
CALLAHAN COUNTY,059,11 Years,218,97,121,183,78,105,2,1,1,7,5,2,26,13,13
CALLAHAN COUNTY,059,12 Years,201,91,110,174,79,95,2,1,1,4,2,2,21,9,12
CALLAHAN COUNTY,059,13 Years,188,88,100,146,67,79,2,2,0,6,4,2,34,15,19
CALLAHAN COUNTY,059,14 Years,212,93,119,164,70,94,2,2,0,10,6,4,36,15,21
CALLAHAN COUNTY,059,15 Years,203,89,114,158,70,88,3,0,3,10,4,6,32,15,17
CALLAHAN COUNTY,059,16 Years,202,94,108,158,68,90,3,2,1,14,7,7,27,17,10
CALLAHAN COUNTY,059,17 Years,201,91,110,167,74,93,4,2,2,4,2,2,26,13,13
CALLAHAN COUNTY,059,18 Years,189,86,103,159,73,86,2,1,1,2,0,2,26,12,14
CALLAHAN COUNTY,059,19 Years,170,85,85,140,68,72,5,4,1,4,1,3,21,12,9
CALLAHAN COUNTY,059,20 Years,173,92,81,149,80,69,2,1,1,5,2,3,17,9,8
CALLAHAN COUNTY,059,21 Years,139,70,69,115,58,57,2,1,1,3,1,2,19,10,9
CALLAHAN COUNTY,059,22 Years,134,72,62,114,61,53,3,2,1,2,2,0,15,7,8
CALLAHAN COUNTY,059,23 Years,134,72,62,108,58,50,3,1,2,4,2,2,19,11,8
CALLAHAN COUNTY,059,24 Years,146,77,69,123,62,61,3,1,2,2,1,1,18,13,5
CALLAHAN COUNTY,059,25 Years,137,65,72,121,57,64,0,0,0,5,1,4,11,7,4
CALLAHAN COUNTY,059,26 Years,128,65,63,111,59,52,1,1,0,2,0,2,14,5,9
CALLAHAN COUNTY,059,27 Years,124,62,62,105,55,50,0,0,0,3,1,2,16,6,10
CALLAHAN COUNTY,059,28 Years,123,56,67,108,49,59,1,1,0,2,0,2,12,6,6
CALLAHAN COUNTY,059,29 Years,142,65,77,121,56,65,1,1,0,5,1,4,15,7,8
CALLAHAN COUNTY,059,30 Years,146,77,69,124,65,59,1,0,1,4,1,3,17,11,6
CALLAHAN COUNTY,059,31 Years,145,77,68,123,63,60,1,1,0,3,1,2,18,12,6
CALLAHAN COUNTY,059,32 Years,143,72,71,122,62,60,3,1,2,3,3,0,15,6,9
CALLAHAN COUNTY,059,33 Years,153,73,80,128,60,68,3,1,2,4,1,3,18,11,7
CALLAHAN COUNTY,059,34 Years,145,66,79,125,55,70,1,0,1,4,1,3,15,10,5
CALLAHAN COUNTY,059,35 Years,152,70,82,139,64,75,0,0,0,4,2,2,9,4,5
CALLAHAN COUNTY,059,36 Years,154,73,81,141,67,74,1,1,0,4,1,3,8,4,4
CALLAHAN COUNTY,059,37 Years,146,63,83,134,58,76,1,1,0,1,0,1,10,4,6
CALLAHAN COUNTY,059,38 Years,143,60,83,127,56,71,3,1,2,4,0,4,9,3,6
CALLAHAN COUNTY,059,39 Years,146,63,83,129,59,70,3,1,2,2,0,2,12,3,9
CALLAHAN COUNTY,059,40 Years,140,56,84,128,51,77,3,3,0,3,1,2,6,1,5
CALLAHAN COUNTY,059,41 Years,147,66,81,137,61,76,1,1,0,0,0,0,9,4,5
CALLAHAN COUNTY,059,42 Years,170,68,102,160,64,96,0,0,0,3,1,2,7,3,4
CALLAHAN COUNTY,059,43 Years,162,70,92,146,64,82,1,0,1,4,1,3,11,5,6
CALLAHAN COUNTY,059,44 Years,173,80,93,149,67,82,3,2,1,6,2,4,15,9,6
CALLAHAN COUNTY,059,45 Years,167,81,86,151,74,77,2,2,0,4,0,4,10,5,5
CALLAHAN COUNTY,059,46 Years,165,83,82,146,75,71,2,1,1,3,0,3,14,7,7
CALLAHAN COUNTY,059,47 Years,156,78,78,136,70,66,0,0,0,4,2,2,16,6,10
CALLAHAN COUNTY,059,48 Years,167,83,84,150,76,74,0,0,0,3,2,1,14,5,9
CALLAHAN COUNTY,059,49 Years,199,99,100,179,90,89,0,0,0,3,1,2,17,8,9
CALLAHAN COUNTY,059,50 Years,231,117,114,204,105,99,2,1,1,2,2,0,23,9,14
CALLAHAN COUNTY,059,51 Years,235,109,126,211,97,114,1,1,0,3,2,1,20,9,11
CALLAHAN COUNTY,059,52 Years,214,107,107,189,92,97,4,2,2,9,5,4,12,8,4
CALLAHAN COUNTY,059,53 Years,242,117,125,209,101,108,3,2,1,9,2,7,21,12,9
CALLAHAN COUNTY,059,54 Years,227,109,118,203,98,105,4,2,2,3,1,2,17,8,9
CALLAHAN COUNTY,059,55 Years,204,96,108,186,85,101,1,1,0,3,3,0,14,7,7
CALLAHAN COUNTY,059,56 Years,199,97,102,178,83,95,1,0,1,5,3,2,15,11,4
CALLAHAN COUNTY,059,57 Years,197,89,108,182,80,102,0,0,0,5,2,3,10,7,3
CALLAHAN COUNTY,059,58 Years,216,101,115,194,89,105,2,1,1,9,5,4,11,6,5
CALLAHAN COUNTY,059,59 Years,220,109,111,202,98,104,2,0,2,8,5,3,8,6,2
CALLAHAN COUNTY,059,60 Years,188,101,87,176,93,83,1,1,0,2,1,1,9,6,3
CALLAHAN COUNTY,059,61 Years,185,91,94,170,82,88,2,2,0,5,3,2,8,4,4
CALLAHAN COUNTY,059,62 Years,183,89,94,170,83,87,1,1,0,5,2,3,7,3,4
CALLAHAN COUNTY,059,63 Years,192,84,108,178,78,100,3,1,2,4,2,2,7,3,4
CALLAHAN COUNTY,059,64 Years,200,85,115,191,83,108,1,0,1,2,1,1,6,1,5
CALLAHAN COUNTY,059,65 Years,200,83,117,193,82,111,0,0,0,3,0,3,4,1,3
CALLAHAN COUNTY,059,66 Years,194,93,101,183,89,94,1,1,0,4,1,3,6,2,4
CALLAHAN COUNTY,059,67 Years,154,81,73,142,74,68,1,1,0,3,2,1,8,4,4
CALLAHAN COUNTY,059,68 Years,163,71,92,152,65,87,2,2,0,3,1,2,6,3,3
CALLAHAN COUNTY,059,69 Years,154,81,73,142,73,69,0,0,0,3,2,1,9,6,3
CALLAHAN COUNTY,059,70 Years,145,71,74,138,66,72,1,1,0,1,1,0,5,3,2
CALLAHAN COUNTY,059,71 Years,136,73,63,125,65,60,1,1,0,3,2,1,7,5,2
CALLAHAN COUNTY,059,72 Years,127,62,65,120,58,62,1,0,1,2,2,0,4,2,2
CALLAHAN COUNTY,059,73 Years,135,63,72,129,60,69,1,0,1,2,1,1,3,2,1
CALLAHAN COUNTY,059,74 Years,134,55,79,128,52,76,1,0,1,2,1,1,3,2,1
CALLAHAN COUNTY,059,75 Years,135,59,76,131,58,73,1,0,1,0,0,0,3,1,2
CALLAHAN COUNTY,059,76 Years,126,64,62,116,60,56,0,0,0,4,1,3,6,3,3
CALLAHAN COUNTY,059,77 Years,103,48,55,94,45,49,0,0,0,4,1,3,5,2,3
CALLAHAN COUNTY,059,78 Years,101,51,50,97,50,47,0,0,0,2,0,2,2,1,1
CALLAHAN COUNTY,059,79 Years,74,33,41,70,32,38,1,0,1,1,0,1,2,1,1
CALLAHAN COUNTY,059,80 Years,78,27,51,73,26,47,1,0,1,1,0,1,3,1,2
CALLAHAN COUNTY,059,81 Years,81,33,48,78,32,46,1,0,1,1,0,1,1,1,0
CALLAHAN COUNTY,059,82 Years,83,33,50,77,28,49,1,1,0,1,1,0,4,3,1
CALLAHAN COUNTY,059,83 Years,67,33,34,63,30,33,1,1,0,0,0,0,3,2,1
CALLAHAN COUNTY,059,84 Years,70,35,35,68,33,35,0,0,0,0,0,0,2,2,0
CALLAHAN COUNTY,059,85 Years +,289,104,185,273,97,176,3,0,3,5,4,1,8,3,5
CAMERON COUNTY,061,All Ages,421288,203612,217676,41442,20943,20499,1239,735,504,4315,2138,2177,374292,179796,194496
CAMERON COUNTY,061,< 1 Year,7905,4036,3869,251,125,126,16,8,8,81,41,40,7557,3862,3695
CAMERON COUNTY,061,1 Years,8046,4099,3947,265,134,131,15,8,7,57,29,28,7709,3928,3781
CAMERON COUNTY,061,2 Years,7950,4048,3902,285,143,142,14,7,7,58,29,29,7593,3869,3724
CAMERON COUNTY,061,3 Years,7214,3671,3543,342,170,172,14,5,9,52,24,28,6806,3472,3334
CAMERON COUNTY,061,4 Years,6783,3446,3337,366,183,183,11,6,5,46,26,20,6360,3231,3129
CAMERON COUNTY,061,5 Years,6942,3523,3419,365,188,177,9,4,5,42,21,21,6526,3310,3216
CAMERON COUNTY,061,6 Years,6972,3609,3363,368,188,180,11,3,8,51,29,22,6542,3389,3153
CAMERON COUNTY,061,7 Years,7043,3613,3430,335,168,167,15,6,9,53,28,25,6640,3411,3229
CAMERON COUNTY,061,8 Years,7268,3661,3607,357,171,186,14,8,6,56,25,31,6841,3457,3384
CAMERON COUNTY,061,9 Years,7371,3758,3613,366,189,177,16,10,6,65,32,33,6924,3527,3397
CAMERON COUNTY,061,10 Years,7598,3881,3717,359,183,176,18,8,10,60,34,26,7161,3656,3505
CAMERON COUNTY,061,11 Years,7906,3996,3910,360,188,172,17,9,8,65,43,22,7464,3756,3708
CAMERON COUNTY,061,12 Years,8081,4159,3922,370,208,162,21,7,14,68,37,31,7622,3907,3715
CAMERON COUNTY,061,13 Years,8075,4176,3899,377,209,168,17,4,13,62,30,32,7619,3933,3686
CAMERON COUNTY,061,14 Years,7858,4084,3774,365,188,177,13,8,5,72,35,37,7408,3853,3555
CAMERON COUNTY,061,15 Years,7734,3939,3795,361,188,173,17,9,8,76,33,43,7280,3709,3571
CAMERON COUNTY,061,16 Years,7592,3909,3683,345,173,172,19,11,8,75,37,38,7153,3688,3465
CAMERON COUNTY,061,17 Years,7548,3934,3614,351,175,176,16,7,9,66,33,33,7115,3719,3396
CAMERON COUNTY,061,18 Years,7370,3806,3564,344,165,179,19,8,11,65,36,29,6942,3597,3345
CAMERON COUNTY,061,19 Years,7095,3671,3424,327,171,156,15,7,8,73,35,38,6680,3458,3222
CAMERON COUNTY,061,20 Years,7032,3637,3395,329,168,161,15,5,10,61,36,25,6627,3428,3199
CAMERON COUNTY,061,21 Years,6664,3428,3236,321,179,142,16,6,10,58,35,23,6269,3208,3061
CAMERON COUNTY,061,22 Years,6156,3109,3047,284,154,130,24,12,12,45,24,21,5803,2919,2884
CAMERON COUNTY,061,23 Years,5824,2917,2907,291,154,137,27,15,12,48,25,23,5458,2723,2735
CAMERON COUNTY,061,24 Years,5426,2708,2718,291,154,137,26,20,6,45,26,19,5064,2508,2556
CAMERON COUNTY,061,25 Years,5088,2537,2551,311,177,134,19,14,5,44,28,16,4714,2318,2396
CAMERON COUNTY,061,26 Years,4819,2355,2464,308,162,146,18,13,5,46,29,17,4447,2151,2296
CAMERON COUNTY,061,27 Years,4685,2296,2389,338,169,169,22,13,9,47,29,18,4278,2085,2193
CAMERON COUNTY,061,28 Years,4724,2296,2428,328,169,159,20,13,7,49,26,23,4327,2088,2239
CAMERON COUNTY,061,29 Years,4665,2261,2404,329,177,152,22,14,8,52,31,21,4262,2039,2223
CAMERON COUNTY,061,30 Years,4809,2331,2478,328,158,170,16,11,5,52,32,20,4413,2130,2283
CAMERON COUNTY,061,31 Years,5128,2403,2725,330,155,175,20,15,5,54,29,25,4724,2204,2520
CAMERON COUNTY,061,32 Years,5419,2504,2915,335,161,174,20,15,5,57,28,29,5007,2300,2707
CAMERON COUNTY,061,33 Years,5282,2469,2813,342,161,181,20,14,6,51,28,23,4869,2266,2603
CAMERON COUNTY,061,34 Years,4954,2287,2667,310,156,154,21,15,6,50,18,32,4573,2098,2475
CAMERON COUNTY,061,35 Years,5045,2377,2668,320,161,159,20,14,6,58,26,32,4647,2176,2471
CAMERON COUNTY,061,36 Years,5352,2507,2845,329,173,156,19,15,4,58,30,28,4946,2289,2657
CAMERON COUNTY,061,37 Years,5496,2560,2936,312,163,149,19,14,5,64,32,32,5101,2351,2750
CAMERON COUNTY,061,38 Years,5582,2643,2939,319,153,166,19,14,5,54,24,30,5190,2452,2738
CAMERON COUNTY,061,39 Years,5444,2559,2885,318,176,142,17,9,8,61,30,31,5048,2344,2704
CAMERON COUNTY,061,40 Years,5349,2438,2911,323,167,156,18,13,5,66,32,34,4942,2226,2716
CAMERON COUNTY,061,41 Years,5308,2414,2894,355,184,171,16,12,4,77,33,44,4860,2185,2675
CAMERON COUNTY,061,42 Years,5431,2417,3014,388,198,190,17,12,5,72,26,46,4954,2181,2773
CAMERON COUNTY,061,43 Years,5425,2464,2961,435,225,210,14,10,4,75,28,47,4901,2201,2700
CAMERON COUNTY,061,44 Years,5095,2360,2735,433,237,196,15,9,6,74,30,44,4573,2084,2489
CAMERON COUNTY,061,45 Years,4881,2238,2643,382,192,190,16,10,6,73,30,43,4410,2006,2404
CAMERON COUNTY,061,46 Years,4852,2236,2616,382,186,196,18,12,6,78,35,43,4374,2003,2371
CAMERON COUNTY,061,47 Years,4611,2150,2461,403,200,203,14,9,5,71,35,36,4123,1906,2217
CAMERON COUNTY,061,48 Years,4721,2214,2507,444,219,225,27,20,7,79,39,40,4171,1936,2235
CAMERON COUNTY,061,49 Years,4672,2134,2538,493,252,241,20,10,10,71,36,35,4088,1836,2252
CAMERON COUNTY,061,50 Years,4646,2142,2504,501,250,251,10,4,6,57,29,28,4078,1859,2219
CAMERON COUNTY,061,51 Years,4545,2124,2421,499,249,250,16,10,6,51,23,28,3979,1842,2137
CAMERON COUNTY,061,52 Years,4620,2118,2502,563,274,289,19,14,5,58,23,35,3980,1807,2173
CAMERON COUNTY,061,53 Years,4606,2180,2426,572,292,280,19,11,8,68,33,35,3947,1844,2103
CAMERON COUNTY,061,54 Years,4474,2132,2342,603,304,299,17,10,7,68,31,37,3786,1787,1999
CAMERON COUNTY,061,55 Years,4408,2074,2334,573,298,275,14,9,5,60,32,28,3761,1735,2026
CAMERON COUNTY,061,56 Years,4371,1998,2373,617,316,301,18,11,7,47,25,22,3689,1646,2043
CAMERON COUNTY,061,57 Years,4308,1945,2363,651,314,337,19,11,8,57,35,22,3581,1585,1996
CAMERON COUNTY,061,58 Years,4184,1851,2333,668,314,354,21,15,6,58,28,30,3437,1494,1943
CAMERON COUNTY,061,59 Years,4100,1868,2232,689,335,354,17,12,5,48,23,25,3346,1498,1848
CAMERON COUNTY,061,60 Years,4039,1896,2143,728,345,383,16,8,8,48,22,26,3247,1521,1726
CAMERON COUNTY,061,61 Years,3779,1742,2037,729,352,377,21,13,8,43,19,24,2986,1358,1628
CAMERON COUNTY,061,62 Years,3730,1700,2030,728,374,354,18,11,7,44,20,24,2940,1295,1645
CAMERON COUNTY,061,63 Years,3706,1739,1967,746,398,348,8,4,4,43,14,29,2909,1323,1586
CAMERON COUNTY,061,64 Years,3565,1700,1865,758,416,342,9,4,5,41,18,23,2757,1262,1495
CAMERON COUNTY,061,65 Years,3580,1670,1910,810,410,400,14,8,6,41,24,17,2715,1228,1487
CAMERON COUNTY,061,66 Years,3472,1657,1815,862,434,428,9,6,3,33,15,18,2568,1202,1366
CAMERON COUNTY,061,67 Years,3128,1487,1641,763,397,366,5,5,0,29,15,14,2331,1070,1261
CAMERON COUNTY,061,68 Years,3051,1435,1616,800,412,388,7,4,3,36,15,21,2208,1004,1204
CAMERON COUNTY,061,69 Years,2895,1335,1560,838,435,403,10,6,4,28,11,17,2019,883,1136
CAMERON COUNTY,061,70 Years,2643,1243,1400,810,433,377,7,4,3,29,12,17,1797,794,1003
CAMERON COUNTY,061,71 Years,2540,1176,1364,776,401,375,5,3,2,27,14,13,1732,758,974
CAMERON COUNTY,061,72 Years,2470,1126,1344,770,391,379,6,4,2,27,14,13,1667,717,950
CAMERON COUNTY,061,73 Years,2355,1093,1262,719,370,349,5,3,2,20,8,12,1611,712,899
CAMERON COUNTY,061,74 Years,2145,962,1183,653,326,327,4,3,1,20,8,12,1468,625,843
CAMERON COUNTY,061,75 Years,2071,921,1150,626,311,315,5,1,4,24,14,10,1416,595,821
CAMERON COUNTY,061,76 Years,1942,876,1066,594,307,287,5,3,2,19,14,5,1324,552,772
CAMERON COUNTY,061,77 Years,1879,816,1063,604,313,291,1,0,1,17,11,6,1257,492,765
CAMERON COUNTY,061,78 Years,1771,747,1024,556,272,284,7,4,3,21,11,10,1187,460,727
CAMERON COUNTY,061,79 Years,1595,690,905,478,242,236,4,3,1,14,7,7,1099,438,661
CAMERON COUNTY,061,80 Years,1482,627,855,443,214,229,5,3,2,11,6,5,1023,404,619
CAMERON COUNTY,061,81 Years,1440,590,850,462,219,243,3,2,1,11,3,8,964,366,598
CAMERON COUNTY,061,82 Years,1417,591,826,481,236,245,2,1,1,11,5,6,923,349,574
CAMERON COUNTY,061,83 Years,1293,534,759,413,205,208,1,1,0,12,6,6,867,322,545
CAMERON COUNTY,061,84 Years,1120,452,668,371,185,186,1,0,1,9,3,6,739,264,475
CAMERON COUNTY,061,85 Years +,5628,2107,3521,1718,752,966,9,3,6,52,20,32,3849,1332,2517
CAMP COUNTY,063,All Ages,12617,6221,6396,7268,3526,3742,2153,1014,1139,344,168,176,2852,1513,1339
CAMP COUNTY,063,< 1 Year,177,95,82,80,44,36,29,15,14,8,4,4,60,32,28
CAMP COUNTY,063,1 Years,165,87,78,78,41,37,27,15,12,6,3,3,54,28,26
CAMP COUNTY,063,2 Years,158,81,77,76,39,37,27,14,13,5,3,2,50,25,25
CAMP COUNTY,063,3 Years,169,91,78,67,38,29,30,17,13,13,5,8,59,31,28
CAMP COUNTY,063,4 Years,167,97,70,61,33,28,26,17,9,13,8,5,67,39,28
CAMP COUNTY,063,5 Years,176,88,88,70,33,37,29,14,15,13,6,7,64,35,29
CAMP COUNTY,063,6 Years,187,91,96,76,37,39,30,21,9,13,5,8,68,28,40
CAMP COUNTY,063,7 Years,179,88,91,79,41,38,26,18,8,11,4,7,63,25,38
CAMP COUNTY,063,8 Years,191,95,96,79,46,33,30,15,15,9,3,6,73,31,42
CAMP COUNTY,063,9 Years,195,93,102,78,38,40,35,19,16,8,5,3,74,31,43
CAMP COUNTY,063,10 Years,183,95,88,78,39,39,32,18,14,9,7,2,64,31,33
CAMP COUNTY,063,11 Years,184,88,96,78,36,42,28,12,16,8,5,3,70,35,35
CAMP COUNTY,063,12 Years,178,85,93,75,37,38,23,9,14,9,4,5,71,35,36
CAMP COUNTY,063,13 Years,187,89,98,88,43,45,28,11,17,9,4,5,62,31,31
CAMP COUNTY,063,14 Years,200,103,97,96,49,47,34,18,16,8,4,4,62,32,30
CAMP COUNTY,063,15 Years,203,116,87,96,57,39,35,18,17,7,4,3,65,37,28
CAMP COUNTY,063,16 Years,198,110,88,87,56,31,31,16,15,7,3,4,73,35,38
CAMP COUNTY,063,17 Years,185,102,83,86,47,39,32,17,15,6,4,2,61,34,27
CAMP COUNTY,063,18 Years,184,101,83,82,46,36,28,15,13,5,2,3,69,38,31
CAMP COUNTY,063,19 Years,169,93,76,72,38,34,33,22,11,6,3,3,58,30,28
CAMP COUNTY,063,20 Years,170,86,84,66,32,34,32,15,17,9,4,5,63,35,28
CAMP COUNTY,063,21 Years,161,74,87,69,30,39,30,12,18,6,2,4,56,30,26
CAMP COUNTY,063,22 Years,154,73,81,76,37,39,22,10,12,3,1,2,53,25,28
CAMP COUNTY,063,23 Years,162,84,78,74,34,40,37,23,14,4,1,3,47,26,21
CAMP COUNTY,063,24 Years,150,75,75,68,29,39,30,15,15,5,2,3,47,29,18
CAMP COUNTY,063,25 Years,129,65,64,62,35,27,18,9,9,4,1,3,45,20,25
CAMP COUNTY,063,26 Years,148,77,71,70,34,36,26,15,11,4,2,2,48,26,22
CAMP COUNTY,063,27 Years,127,58,69,60,26,34,22,8,14,3,2,1,42,22,20
CAMP COUNTY,063,28 Years,132,57,75,63,30,33,27,9,18,3,0,3,39,18,21
CAMP COUNTY,063,29 Years,122,66,56,64,30,34,23,13,10,3,2,1,32,21,11
CAMP COUNTY,063,30 Years,127,72,55,64,36,28,22,14,8,4,2,2,37,20,17
CAMP COUNTY,063,31 Years,132,72,60,61,32,29,25,14,11,5,2,3,41,24,17
CAMP COUNTY,063,32 Years,148,78,70,69,35,34,21,8,13,5,2,3,53,33,20
CAMP COUNTY,063,33 Years,145,69,76,73,34,39,27,9,18,5,3,2,40,23,17
CAMP COUNTY,063,34 Years,145,72,73,79,37,42,27,13,14,2,0,2,37,22,15
CAMP COUNTY,063,35 Years,157,64,93,90,35,55,24,7,17,3,1,2,40,21,19
CAMP COUNTY,063,36 Years,153,72,81,80,34,46,28,13,15,3,0,3,42,25,17
CAMP COUNTY,063,37 Years,133,73,60,73,37,36,19,11,8,3,2,1,38,23,15
CAMP COUNTY,063,38 Years,122,61,61,61,27,34,16,8,8,3,2,1,42,24,18
CAMP COUNTY,063,39 Years,111,55,56,59,23,36,15,7,8,1,0,1,36,25,11
CAMP COUNTY,063,40 Years,120,59,61,69,30,39,15,7,8,4,2,2,32,20,12
CAMP COUNTY,063,41 Years,143,63,80,83,37,46,21,8,13,2,1,1,37,17,20
CAMP COUNTY,063,42 Years,154,72,82,89,42,47,23,9,14,2,2,0,40,19,21
CAMP COUNTY,063,43 Years,146,71,75,80,40,40,26,11,15,2,2,0,38,18,20
CAMP COUNTY,063,44 Years,137,63,74,75,34,41,27,10,17,3,2,1,32,17,15
CAMP COUNTY,063,45 Years,131,57,74,77,36,41,20,7,13,3,1,2,31,13,18
CAMP COUNTY,063,46 Years,130,62,68,76,37,39,25,9,16,2,1,1,27,15,12
CAMP COUNTY,063,47 Years,136,59,77,65,30,35,36,14,22,2,0,2,33,15,18
CAMP COUNTY,063,48 Years,171,72,99,93,34,59,35,16,19,4,2,2,39,20,19
CAMP COUNTY,063,49 Years,154,77,77,91,44,47,30,11,19,4,2,2,29,20,9
CAMP COUNTY,063,50 Years,146,79,67,80,46,34,30,13,17,3,2,1,33,18,15
CAMP COUNTY,063,51 Years,169,90,79,109,61,48,25,10,15,4,2,2,31,17,14
CAMP COUNTY,063,52 Years,174,83,91,117,57,60,27,11,16,4,1,3,26,14,12
CAMP COUNTY,063,53 Years,161,76,85,100,47,53,35,13,22,3,2,1,23,14,9
CAMP COUNTY,063,54 Years,156,85,71,102,54,48,32,14,18,2,2,0,20,15,5
CAMP COUNTY,063,55 Years,162,84,78,108,57,51,33,14,19,2,0,2,19,13,6
CAMP COUNTY,063,56 Years,183,86,97,131,59,72,36,18,18,2,1,1,14,8,6
CAMP COUNTY,063,57 Years,167,75,92,121,52,69,33,16,17,4,3,1,9,4,5
CAMP COUNTY,063,58 Years,191,94,97,131,61,70,43,21,22,3,2,1,14,10,4
CAMP COUNTY,063,59 Years,186,90,96,126,58,68,39,20,19,3,1,2,18,11,7
CAMP COUNTY,063,60 Years,173,91,82,124,60,64,27,17,10,3,2,1,19,12,7
CAMP COUNTY,063,61 Years,158,81,77,115,60,55,28,12,16,4,3,1,11,6,5
CAMP COUNTY,063,62 Years,159,68,91,112,49,63,36,13,23,3,1,2,8,5,3
CAMP COUNTY,063,63 Years,166,75,91,127,57,70,30,13,17,2,1,1,7,4,3
CAMP COUNTY,063,64 Years,167,79,88,134,63,71,22,12,10,3,2,1,8,2,6
CAMP COUNTY,063,65 Years,157,76,81,124,60,64,25,12,13,2,1,1,6,3,3
CAMP COUNTY,063,66 Years,158,77,81,125,62,63,20,7,13,3,1,2,10,7,3
CAMP COUNTY,063,67 Years,137,63,74,111,51,60,15,6,9,2,0,2,9,6,3
CAMP COUNTY,063,68 Years,121,53,68,99,41,58,15,8,7,1,0,1,6,4,2
CAMP COUNTY,063,69 Years,121,58,63,93,42,51,18,11,7,2,2,0,8,3,5
CAMP COUNTY,063,70 Years,118,52,66,95,42,53,15,6,9,1,1,0,7,3,4
CAMP COUNTY,063,71 Years,111,56,55,85,46,39,19,7,12,0,0,0,7,3,4
CAMP COUNTY,063,72 Years,117,60,57,89,46,43,20,10,10,0,0,0,8,4,4
CAMP COUNTY,063,73 Years,116,62,54,92,50,42,20,9,11,2,2,0,2,1,1
CAMP COUNTY,063,74 Years,99,56,43,78,44,34,17,8,9,3,3,0,1,1,0
CAMP COUNTY,063,75 Years,95,49,46,77,38,39,14,8,6,1,0,1,3,3,0
CAMP COUNTY,063,76 Years,92,44,48,76,35,41,14,7,7,0,0,0,2,2,0
CAMP COUNTY,063,77 Years,91,47,44,71,36,35,15,7,8,0,0,0,5,4,1
CAMP COUNTY,063,78 Years,74,36,38,63,32,31,9,3,6,0,0,0,2,1,1
CAMP COUNTY,063,79 Years,66,29,37,58,25,33,7,3,4,0,0,0,1,1,0
CAMP COUNTY,063,80 Years,64,24,40,51,20,31,12,4,8,0,0,0,1,0,1
CAMP COUNTY,063,81 Years,69,28,41,61,27,34,7,1,6,0,0,0,1,0,1
CAMP COUNTY,063,82 Years,61,30,31,51,26,25,9,4,5,0,0,0,1,0,1
CAMP COUNTY,063,83 Years,57,27,30,47,22,25,9,4,5,0,0,0,1,1,0
CAMP COUNTY,063,84 Years,52,23,29,42,18,24,9,4,5,0,0,0,1,1,0
CAMP COUNTY,063,85 Years +,238,89,149,182,73,109,46,12,34,3,1,2,7,3,4
CARSON COUNTY,065,All Ages,6117,3020,3097,5392,2652,2740,36,17,19,149,83,66,540,268,272
CARSON COUNTY,065,< 1 Year,60,31,29,52,27,25,0,0,0,2,1,1,6,3,3
CARSON COUNTY,065,1 Years,62,31,31,54,27,27,0,0,0,1,0,1,7,4,3
CARSON COUNTY,065,2 Years,60,32,28,53,28,25,0,0,0,1,0,1,6,4,2
CARSON COUNTY,065,3 Years,54,28,26,44,22,22,0,0,0,0,0,0,10,6,4
CARSON COUNTY,065,4 Years,69,36,33,55,30,25,1,1,0,1,0,1,12,5,7
CARSON COUNTY,065,5 Years,72,38,34,56,30,26,2,1,1,1,1,0,13,6,7
CARSON COUNTY,065,6 Years,83,44,39,67,36,31,3,2,1,1,0,1,12,6,6
CARSON COUNTY,065,7 Years,82,40,42,65,29,36,0,0,0,3,0,3,14,11,3
CARSON COUNTY,065,8 Years,91,43,48,75,34,41,0,0,0,1,0,1,15,9,6
CARSON COUNTY,065,9 Years,94,49,45,75,39,36,0,0,0,4,3,1,15,7,8
CARSON COUNTY,065,10 Years,90,48,42,78,43,35,0,0,0,3,1,2,9,4,5
CARSON COUNTY,065,11 Years,86,44,42,74,37,37,0,0,0,4,2,2,8,5,3
CARSON COUNTY,065,12 Years,96,43,53,82,37,45,0,0,0,5,2,3,9,4,5
CARSON COUNTY,065,13 Years,96,47,49,80,39,41,1,1,0,4,3,1,11,4,7
CARSON COUNTY,065,14 Years,90,44,46,77,39,38,1,0,1,4,3,1,8,2,6
CARSON COUNTY,065,15 Years,93,38,55,79,33,46,1,0,1,4,2,2,9,3,6
CARSON COUNTY,065,16 Years,102,52,50,83,45,38,2,0,2,2,2,0,15,5,10
CARSON COUNTY,065,17 Years,102,55,47,88,49,39,2,1,1,1,1,0,11,4,7
CARSON COUNTY,065,18 Years,87,46,41,77,41,36,2,0,2,3,3,0,5,2,3
CARSON COUNTY,065,19 Years,83,44,39,69,36,33,1,1,0,4,2,2,9,5,4
CARSON COUNTY,065,20 Years,88,48,40,72,39,33,1,0,1,5,3,2,10,6,4
CARSON COUNTY,065,21 Years,70,36,34,57,27,30,0,0,0,3,3,0,10,6,4
CARSON COUNTY,065,22 Years,49,24,25,40,18,22,0,0,0,1,1,0,8,5,3
CARSON COUNTY,065,23 Years,54,24,30,44,20,24,1,1,0,1,0,1,8,3,5
CARSON COUNTY,065,24 Years,55,22,33,46,17,29,1,0,1,1,0,1,7,5,2
CARSON COUNTY,065,25 Years,48,23,25,40,20,20,1,0,1,0,0,0,7,3,4
CARSON COUNTY,065,26 Years,46,24,22,38,20,18,1,1,0,1,1,0,6,2,4
CARSON COUNTY,065,27 Years,51,27,24,46,23,23,0,0,0,0,0,0,5,4,1
CARSON COUNTY,065,28 Years,60,32,28,50,25,25,0,0,0,2,1,1,8,6,2
CARSON COUNTY,065,29 Years,42,24,18,36,20,16,0,0,0,3,2,1,3,2,1
CARSON COUNTY,065,30 Years,55,30,25,49,27,22,0,0,0,1,1,0,5,2,3
CARSON COUNTY,065,31 Years,63,34,29,55,29,26,0,0,0,1,1,0,7,4,3
CARSON COUNTY,065,32 Years,66,30,36,56,29,27,0,0,0,1,0,1,9,1,8
CARSON COUNTY,065,33 Years,72,35,37,58,30,28,1,1,0,3,1,2,10,3,7
CARSON COUNTY,065,34 Years,65,31,34,59,27,32,0,0,0,2,1,1,4,3,1
CARSON COUNTY,065,35 Years,67,29,38,63,27,36,0,0,0,1,1,0,3,1,2
CARSON COUNTY,065,36 Years,65,33,32,58,30,28,0,0,0,1,1,0,6,2,4
CARSON COUNTY,065,37 Years,56,30,26,50,27,23,0,0,0,2,1,1,4,2,2
CARSON COUNTY,065,38 Years,71,32,39,66,29,37,0,0,0,1,0,1,4,3,1
CARSON COUNTY,065,39 Years,66,36,30,59,31,28,0,0,0,2,1,1,5,4,1
CARSON COUNTY,065,40 Years,65,33,32,58,29,29,0,0,0,1,0,1,6,4,2
CARSON COUNTY,065,41 Years,66,35,31,58,29,29,0,0,0,1,0,1,7,6,1
CARSON COUNTY,065,42 Years,75,36,39,66,31,35,0,0,0,2,1,1,7,4,3
CARSON COUNTY,065,43 Years,70,31,39,63,28,35,0,0,0,2,1,1,5,2,3
CARSON COUNTY,065,44 Years,75,33,42,61,28,33,1,0,1,2,2,0,11,3,8
CARSON COUNTY,065,45 Years,81,40,41,74,38,36,1,0,1,0,0,0,6,2,4
CARSON COUNTY,065,46 Years,75,38,37,68,36,32,1,0,1,3,0,3,3,2,1
CARSON COUNTY,065,47 Years,74,35,39,62,30,32,0,0,0,3,1,2,9,4,5
CARSON COUNTY,065,48 Years,80,36,44,71,33,38,0,0,0,2,0,2,7,3,4
CARSON COUNTY,065,49 Years,88,41,47,80,38,42,0,0,0,0,0,0,8,3,5
CARSON COUNTY,065,50 Years,99,46,53,88,44,44,1,1,0,1,0,1,9,1,8
CARSON COUNTY,065,51 Years,98,54,44,84,45,39,2,2,0,0,0,0,12,7,5
CARSON COUNTY,065,52 Years,88,49,39,75,42,33,2,1,1,1,1,0,10,5,5
CARSON COUNTY,065,53 Years,100,47,53,90,41,49,1,1,0,1,1,0,8,4,4
CARSON COUNTY,065,54 Years,97,46,51,87,42,45,0,0,0,4,2,2,6,2,4
CARSON COUNTY,065,55 Years,104,57,47,90,47,43,0,0,0,4,3,1,10,7,3
CARSON COUNTY,065,56 Years,97,48,49,87,42,45,0,0,0,3,1,2,7,5,2
CARSON COUNTY,065,57 Years,96,45,51,88,41,47,1,1,0,1,0,1,6,3,3
CARSON COUNTY,065,58 Years,99,53,46,93,49,44,0,0,0,0,0,0,6,4,2
CARSON COUNTY,065,59 Years,102,54,48,95,50,45,0,0,0,3,2,1,4,2,2
CARSON COUNTY,065,60 Years,98,54,44,91,49,42,0,0,0,3,2,1,4,3,1
CARSON COUNTY,065,61 Years,93,51,42,89,48,41,0,0,0,1,1,0,3,2,1
CARSON COUNTY,065,62 Years,72,36,36,67,33,34,0,0,0,2,2,0,3,1,2
CARSON COUNTY,065,63 Years,76,37,39,72,35,37,0,0,0,1,1,0,3,1,2
CARSON COUNTY,065,64 Years,85,38,47,76,33,43,1,1,0,4,2,2,4,2,2
CARSON COUNTY,065,65 Years,77,36,41,71,32,39,0,0,0,3,2,1,3,2,1
CARSON COUNTY,065,66 Years,77,35,42,72,31,41,0,0,0,2,2,0,3,2,1
CARSON COUNTY,065,67 Years,53,26,27,48,24,24,0,0,0,2,1,1,3,1,2
CARSON COUNTY,065,68 Years,48,27,21,46,25,21,0,0,0,1,1,0,1,1,0
CARSON COUNTY,065,69 Years,69,36,33,65,34,31,0,0,0,1,1,0,3,1,2
CARSON COUNTY,065,70 Years,55,26,29,50,25,25,1,0,1,0,0,0,4,1,3
CARSON COUNTY,065,71 Years,53,28,25,50,27,23,1,0,1,0,0,0,2,1,1
CARSON COUNTY,065,72 Years,45,21,24,43,20,23,0,0,0,0,0,0,2,1,1
CARSON COUNTY,065,73 Years,52,21,31,50,20,30,0,0,0,1,0,1,1,1,0
CARSON COUNTY,065,74 Years,53,27,26,50,25,25,0,0,0,1,0,1,2,2,0
CARSON COUNTY,065,75 Years,47,23,24,44,21,23,0,0,0,1,1,0,2,1,1
CARSON COUNTY,065,76 Years,44,18,26,41,17,24,0,0,0,1,1,0,2,0,2
CARSON COUNTY,065,77 Years,43,23,20,39,21,18,0,0,0,3,2,1,1,0,1
CARSON COUNTY,065,78 Years,38,22,16,35,20,15,0,0,0,2,2,0,1,0,1
CARSON COUNTY,065,79 Years,31,16,15,29,15,14,0,0,0,1,0,1,1,1,0
CARSON COUNTY,065,80 Years,35,14,21,34,13,21,0,0,0,0,0,0,1,1,0
CARSON COUNTY,065,81 Years,28,12,16,27,11,16,0,0,0,0,0,0,1,1,0
CARSON COUNTY,065,82 Years,35,14,21,33,13,20,0,0,0,0,0,0,2,1,1
CARSON COUNTY,065,83 Years,35,14,21,33,14,19,0,0,0,1,0,1,1,0,1
CARSON COUNTY,065,84 Years,33,13,20,29,11,18,0,0,0,1,1,0,3,1,2
CARSON COUNTY,065,85 Years +,152,58,94,145,56,89,1,0,1,2,1,1,4,1,3
CASS COUNTY,067,All Ages,30784,15003,15781,23639,11576,12063,5318,2515,2803,638,295,343,1189,617,572
CASS COUNTY,067,< 1 Year,347,180,167,245,127,118,66,35,31,14,6,8,22,12,10
CASS COUNTY,067,1 Years,344,175,169,250,127,123,64,33,31,10,5,5,20,10,10
CASS COUNTY,067,2 Years,350,179,171,253,129,124,63,32,31,11,6,5,23,12,11
CASS COUNTY,067,3 Years,363,183,180,248,126,122,64,28,36,13,8,5,38,21,17
CASS COUNTY,067,4 Years,345,184,161,220,116,104,69,39,30,16,6,10,40,23,17
CASS COUNTY,067,5 Years,361,191,170,240,128,112,73,41,32,18,8,10,30,14,16
CASS COUNTY,067,6 Years,365,188,177,254,136,118,69,32,37,17,5,12,25,15,10
CASS COUNTY,067,7 Years,382,203,179,262,140,122,74,38,36,17,8,9,29,17,12
CASS COUNTY,067,8 Years,391,194,197,266,133,133,80,37,43,18,9,9,27,15,12
CASS COUNTY,067,9 Years,391,200,191,270,130,140,81,46,35,14,7,7,26,17,9
CASS COUNTY,067,10 Years,386,208,178,277,145,132,68,43,25,12,5,7,29,15,14
CASS COUNTY,067,11 Years,388,206,182,280,152,128,70,37,33,13,8,5,25,9,16
CASS COUNTY,067,12 Years,396,201,195,293,156,137,67,28,39,17,10,7,19,7,12
CASS COUNTY,067,13 Years,423,208,215,310,155,155,72,30,42,16,8,8,25,15,10
CASS COUNTY,067,14 Years,430,225,205,298,159,139,82,41,41,17,8,9,33,17,16
CASS COUNTY,067,15 Years,426,221,205,301,151,150,83,47,36,11,5,6,31,18,13
CASS COUNTY,067,16 Years,417,215,202,294,149,145,85,44,41,11,6,5,27,16,11
CASS COUNTY,067,17 Years,416,239,177,293,176,117,80,44,36,9,3,6,34,16,18
CASS COUNTY,067,18 Years,428,240,188,306,170,136,83,49,34,11,6,5,28,15,13
CASS COUNTY,067,19 Years,390,209,181,274,137,137,82,50,32,9,6,3,25,16,9
CASS COUNTY,067,20 Years,358,189,169,246,120,126,81,50,31,9,6,3,22,13,9
CASS COUNTY,067,21 Years,350,179,171,246,129,117,80,37,43,8,6,2,16,7,9
CASS COUNTY,067,22 Years,304,157,147,221,119,102,61,28,33,5,2,3,17,8,9
CASS COUNTY,067,23 Years,322,155,167,231,111,120,64,31,33,7,3,4,20,10,10
CASS COUNTY,067,24 Years,327,161,166,238,116,122,70,37,33,6,2,4,13,6,7
CASS COUNTY,067,25 Years,282,130,152,202,91,111,63,32,31,6,3,3,11,4,7
CASS COUNTY,067,26 Years,266,119,147,194,85,109,58,27,31,3,2,1,11,5,6
CASS COUNTY,067,27 Years,301,122,179,221,91,130,59,22,37,7,4,3,14,5,9
CASS COUNTY,067,28 Years,294,143,151,213,111,102,58,21,37,7,2,5,16,9,7
CASS COUNTY,067,29 Years,277,131,146,213,105,108,50,20,30,4,1,3,10,5,5
CASS COUNTY,067,30 Years,273,127,146,204,96,108,51,23,28,4,1,3,14,7,7
CASS COUNTY,067,31 Years,289,139,150,220,107,113,51,24,27,3,1,2,15,7,8
CASS COUNTY,067,32 Years,318,144,174,244,114,130,46,19,27,6,1,5,22,10,12
CASS COUNTY,067,33 Years,329,163,166,233,120,113,67,32,35,5,1,4,24,10,14
CASS COUNTY,067,34 Years,330,158,172,238,117,121,65,30,35,9,3,6,18,8,10
CASS COUNTY,067,35 Years,327,157,170,249,120,129,60,28,32,6,2,4,12,7,5
CASS COUNTY,067,36 Years,310,151,159,240,116,124,50,24,26,1,1,0,19,10,9
CASS COUNTY,067,37 Years,284,125,159,202,89,113,57,21,36,4,3,1,21,12,9
CASS COUNTY,067,38 Years,320,156,164,232,120,112,64,26,38,6,2,4,18,8,10
CASS COUNTY,067,39 Years,317,158,159,229,117,112,60,28,32,8,3,5,20,10,10
CASS COUNTY,067,40 Years,339,162,177,266,128,138,49,22,27,10,4,6,14,8,6
CASS COUNTY,067,41 Years,369,178,191,289,136,153,59,31,28,9,5,4,12,6,6
CASS COUNTY,067,42 Years,384,185,199,304,148,156,52,25,27,13,6,7,15,6,9
CASS COUNTY,067,43 Years,384,172,212,303,135,168,57,26,31,8,3,5,16,8,8
CASS COUNTY,067,44 Years,382,181,201,298,139,159,61,30,31,7,4,3,16,8,8
CASS COUNTY,067,45 Years,360,184,176,270,141,129,71,34,37,6,3,3,13,6,7
CASS COUNTY,067,46 Years,364,181,183,281,140,141,65,32,33,5,3,2,13,6,7
CASS COUNTY,067,47 Years,385,188,197,299,148,151,66,28,38,7,5,2,13,7,6
CASS COUNTY,067,48 Years,427,217,210,347,178,169,62,30,32,8,4,4,10,5,5
CASS COUNTY,067,49 Years,433,211,222,342,167,175,73,37,36,10,4,6,8,3,5
CASS COUNTY,067,50 Years,431,196,235,345,157,188,67,30,37,8,4,4,11,5,6
CASS COUNTY,067,51 Years,426,202,224,325,156,169,79,30,49,10,7,3,12,9,3
CASS COUNTY,067,52 Years,431,214,217,331,175,156,84,30,54,6,3,3,10,6,4
CASS COUNTY,067,53 Years,451,218,233,350,175,175,85,37,48,6,3,3,10,3,7
CASS COUNTY,067,54 Years,479,233,246,372,179,193,88,47,41,7,1,6,12,6,6
CASS COUNTY,067,55 Years,484,246,238,383,195,188,78,37,41,6,1,5,17,13,4
CASS COUNTY,067,56 Years,475,229,246,383,188,195,78,33,45,6,1,5,8,7,1
CASS COUNTY,067,57 Years,456,218,238,365,177,188,76,35,41,10,4,6,5,2,3
CASS COUNTY,067,58 Years,476,229,247,384,191,193,79,35,44,8,2,6,5,1,4
CASS COUNTY,067,59 Years,452,210,242,366,175,191,72,29,43,5,2,3,9,4,5
CASS COUNTY,067,60 Years,410,198,212,336,169,167,62,24,38,6,2,4,6,3,3
CASS COUNTY,067,61 Years,401,206,195,335,176,159,58,27,31,3,1,2,5,2,3
CASS COUNTY,067,62 Years,417,213,204,337,177,160,73,33,40,4,2,2,3,1,2
CASS COUNTY,067,63 Years,428,211,217,347,167,180,75,41,34,3,1,2,3,2,1
CASS COUNTY,067,64 Years,420,207,213,338,163,175,73,40,33,6,3,3,3,1,2
CASS COUNTY,067,65 Years,439,230,209,353,183,170,75,39,36,5,3,2,6,5,1
CASS COUNTY,067,66 Years,444,215,229,369,176,193,68,35,33,4,1,3,3,3,0
CASS COUNTY,067,67 Years,386,182,204,313,149,164,61,26,35,7,4,3,5,3,2
CASS COUNTY,067,68 Years,388,177,211,329,154,175,50,19,31,5,2,3,4,2,2
CASS COUNTY,067,69 Years,397,188,209,343,166,177,45,17,28,6,4,2,3,1,2
CASS COUNTY,067,70 Years,392,197,195,326,158,168,56,32,24,6,5,1,4,2,2
CASS COUNTY,067,71 Years,376,191,185,322,165,157,45,22,23,7,3,4,2,1,1
CASS COUNTY,067,72 Years,320,159,161,278,143,135,37,13,24,3,2,1,2,1,1
CASS COUNTY,067,73 Years,311,149,162,264,128,136,44,20,24,2,1,1,1,0,1
CASS COUNTY,067,74 Years,296,130,166,253,109,144,36,19,17,4,2,2,3,0,3
CASS COUNTY,067,75 Years,247,104,143,214,92,122,27,11,16,3,1,2,3,0,3
CASS COUNTY,067,76 Years,229,109,120,193,91,102,31,14,17,1,1,0,4,3,1
CASS COUNTY,067,77 Years,223,104,119,183,91,92,37,11,26,2,1,1,1,1,0
CASS COUNTY,067,78 Years,227,96,131,193,80,113,30,13,17,2,2,0,2,1,1
CASS COUNTY,067,79 Years,196,87,109,170,73,97,23,12,11,2,1,1,1,1,0
CASS COUNTY,067,80 Years,193,86,107,167,76,91,23,9,14,3,1,2,0,0,0
CASS COUNTY,067,81 Years,175,74,101,155,69,86,18,4,14,1,0,1,1,1,0
CASS COUNTY,067,82 Years,149,57,92,132,52,80,16,5,11,1,0,1,0,0,0
CASS COUNTY,067,83 Years,147,61,86,125,53,72,19,8,11,3,0,3,0,0,0
CASS COUNTY,067,84 Years,132,47,85,109,40,69,21,6,15,1,0,1,1,1,0
CASS COUNTY,067,85 Years +,736,258,478,602,212,390,124,43,81,5,1,4,5,2,3
CASTRO COUNTY,069,All Ages,8026,4077,3949,2865,1437,1428,144,72,72,82,36,46,4935,2532,2403
CASTRO COUNTY,069,< 1 Year,116,60,56,24,12,12,1,1,0,1,1,0,90,46,44
CASTRO COUNTY,069,1 Years,113,59,54,23,12,11,1,1,0,0,0,0,89,46,43
CASTRO COUNTY,069,2 Years,111,59,52,23,12,11,1,1,0,1,1,0,86,45,41
CASTRO COUNTY,069,3 Years,133,71,62,27,14,13,3,1,2,4,1,3,99,55,44
CASTRO COUNTY,069,4 Years,139,77,62,26,14,12,4,3,1,2,0,2,107,60,47
CASTRO COUNTY,069,5 Years,127,66,61,32,19,13,2,1,1,1,0,1,92,46,46
CASTRO COUNTY,069,6 Years,137,71,66,30,17,13,2,0,2,4,0,4,101,54,47
CASTRO COUNTY,069,7 Years,134,75,59,35,20,15,2,1,1,2,0,2,95,54,41
CASTRO COUNTY,069,8 Years,138,72,66,38,23,15,1,0,1,2,1,1,97,48,49
CASTRO COUNTY,069,9 Years,147,76,71,37,18,19,2,1,1,1,1,0,107,56,51
CASTRO COUNTY,069,10 Years,137,82,55,39,24,15,2,1,1,1,1,0,95,56,39
CASTRO COUNTY,069,11 Years,123,65,58,32,16,16,3,2,1,2,1,1,86,46,40
CASTRO COUNTY,069,12 Years,145,68,77,37,15,22,4,1,3,0,0,0,104,52,52
CASTRO COUNTY,069,13 Years,136,64,72,30,11,19,2,0,2,0,0,0,104,53,51
CASTRO COUNTY,069,14 Years,132,60,72,28,11,17,2,1,1,0,0,0,102,48,54
CASTRO COUNTY,069,15 Years,147,75,72,33,16,17,4,2,2,1,0,1,109,57,52
CASTRO COUNTY,069,16 Years,141,74,67,32,19,13,5,3,2,0,0,0,104,52,52
CASTRO COUNTY,069,17 Years,130,59,71,31,12,19,3,2,1,2,1,1,94,44,50
CASTRO COUNTY,069,18 Years,123,64,59,27,8,19,5,4,1,1,1,0,90,51,39
CASTRO COUNTY,069,19 Years,126,65,61,30,14,16,3,3,0,1,1,0,92,47,45
CASTRO COUNTY,069,20 Years,122,55,67,37,19,18,1,1,0,2,2,0,82,33,49
CASTRO COUNTY,069,21 Years,115,61,54,35,23,12,0,0,0,2,1,1,78,37,41
CASTRO COUNTY,069,22 Years,89,49,40,19,12,7,0,0,0,1,0,1,69,37,32
CASTRO COUNTY,069,23 Years,85,42,43,19,10,9,1,0,1,0,0,0,65,32,33
CASTRO COUNTY,069,24 Years,90,46,44,16,7,9,3,0,3,2,1,1,69,38,31
CASTRO COUNTY,069,25 Years,84,44,40,18,9,9,3,2,1,1,0,1,62,33,29
CASTRO COUNTY,069,26 Years,94,45,49,25,9,16,5,3,2,1,0,1,63,33,30
CASTRO COUNTY,069,27 Years,90,45,45,20,7,13,4,3,1,0,0,0,66,35,31
CASTRO COUNTY,069,28 Years,100,60,40,23,14,9,1,0,1,2,2,0,74,44,30
CASTRO COUNTY,069,29 Years,88,44,44,24,16,8,1,0,1,3,0,3,60,28,32
CASTRO COUNTY,069,30 Years,90,42,48,22,11,11,1,0,1,2,1,1,65,30,35
CASTRO COUNTY,069,31 Years,86,39,47,27,11,16,1,0,1,3,2,1,55,26,29
CASTRO COUNTY,069,32 Years,88,49,39,24,14,10,1,1,0,2,1,1,61,33,28
CASTRO COUNTY,069,33 Years,95,47,48,24,11,13,2,1,1,2,1,1,67,34,33
CASTRO COUNTY,069,34 Years,91,40,51,26,12,14,1,0,1,1,1,0,63,27,36
CASTRO COUNTY,069,35 Years,94,51,43,24,11,13,1,0,1,2,2,0,67,38,29
CASTRO COUNTY,069,36 Years,85,43,42,22,9,13,0,0,0,2,1,1,61,33,28
CASTRO COUNTY,069,37 Years,100,50,50,25,12,13,1,0,1,1,0,1,73,38,35
CASTRO COUNTY,069,38 Years,85,43,42,23,13,10,3,2,1,2,0,2,57,28,29
CASTRO COUNTY,069,39 Years,92,41,51,28,15,13,4,2,2,2,0,2,58,24,34
CASTRO COUNTY,069,40 Years,87,41,46,23,11,12,1,0,1,1,0,1,62,30,32
CASTRO COUNTY,069,41 Years,77,48,29,22,12,10,1,1,0,0,0,0,54,35,19
CASTRO COUNTY,069,42 Years,91,54,37,31,17,14,1,1,0,0,0,0,59,36,23
CASTRO COUNTY,069,43 Years,100,54,46,38,20,18,0,0,0,1,1,0,61,33,28
CASTRO COUNTY,069,44 Years,86,42,44,29,16,13,0,0,0,0,0,0,57,26,31
CASTRO COUNTY,069,45 Years,86,41,45,33,15,18,1,0,1,1,1,0,51,25,26
CASTRO COUNTY,069,46 Years,78,36,42,28,14,14,0,0,0,1,0,1,49,22,27
CASTRO COUNTY,069,47 Years,88,45,43,24,13,11,1,0,1,3,2,1,60,30,30
CASTRO COUNTY,069,48 Years,87,46,41,37,20,17,1,1,0,1,1,0,48,24,24
CASTRO COUNTY,069,49 Years,102,47,55,52,26,26,2,1,1,0,0,0,48,20,28
CASTRO COUNTY,069,50 Years,97,44,53,48,23,25,2,1,1,0,0,0,47,20,27
CASTRO COUNTY,069,51 Years,97,50,47,39,21,18,2,0,2,0,0,0,56,29,27
CASTRO COUNTY,069,52 Years,112,63,49,47,26,21,3,2,1,0,0,0,62,35,27
CASTRO COUNTY,069,53 Years,95,47,48,43,22,21,2,1,1,0,0,0,50,24,26
CASTRO COUNTY,069,54 Years,101,55,46,49,25,24,2,1,1,1,1,0,49,28,21
CASTRO COUNTY,069,55 Years,106,58,48,51,28,23,5,2,3,1,1,0,49,27,22
CASTRO COUNTY,069,56 Years,107,60,47,50,32,18,4,3,1,2,1,1,51,24,27
CASTRO COUNTY,069,57 Years,93,48,45,44,23,21,5,3,2,1,0,1,43,22,21
CASTRO COUNTY,069,58 Years,118,59,59,56,28,28,2,1,1,1,0,1,59,30,29
CASTRO COUNTY,069,59 Years,115,59,56,60,30,30,1,0,1,1,1,0,53,28,25
CASTRO COUNTY,069,60 Years,109,62,47,52,28,24,2,1,1,0,0,0,55,33,22
CASTRO COUNTY,069,61 Years,104,55,49,52,24,28,4,2,2,0,0,0,48,29,19
CASTRO COUNTY,069,62 Years,86,45,41,42,24,18,4,2,2,0,0,0,40,19,21
CASTRO COUNTY,069,63 Years,71,32,39,35,18,17,2,1,1,1,0,1,33,13,20
CASTRO COUNTY,069,64 Years,64,27,37,36,18,18,0,0,0,1,0,1,27,9,18
CASTRO COUNTY,069,65 Years,81,41,40,45,23,22,0,0,0,1,0,1,35,18,17
CASTRO COUNTY,069,66 Years,77,44,33,47,25,22,0,0,0,0,0,0,30,19,11
CASTRO COUNTY,069,67 Years,69,36,33,44,25,19,1,0,1,0,0,0,24,11,13
CASTRO COUNTY,069,68 Years,60,30,30,36,19,17,1,1,0,0,0,0,23,10,13
CASTRO COUNTY,069,69 Years,49,21,28,30,13,17,1,1,0,0,0,0,18,7,11
CASTRO COUNTY,069,70 Years,70,30,40,45,19,26,0,0,0,0,0,0,25,11,14
CASTRO COUNTY,069,71 Years,62,36,26,33,20,13,0,0,0,1,1,0,28,15,13
CASTRO COUNTY,069,72 Years,55,31,24,31,18,13,0,0,0,1,1,0,23,12,11
CASTRO COUNTY,069,73 Years,48,22,26,30,14,16,0,0,0,0,0,0,18,8,10
CASTRO COUNTY,069,74 Years,46,21,25,29,13,16,0,0,0,0,0,0,17,8,9
CASTRO COUNTY,069,75 Years,46,22,24,26,8,18,0,0,0,0,0,0,20,14,6
CASTRO COUNTY,069,76 Years,50,27,23,32,16,16,0,0,0,0,0,0,18,11,7
CASTRO COUNTY,069,77 Years,43,20,23,28,13,15,1,1,0,0,0,0,14,6,8
CASTRO COUNTY,069,78 Years,50,23,27,31,14,17,0,0,0,1,0,1,18,9,9
CASTRO COUNTY,069,79 Years,54,25,29,42,20,22,0,0,0,1,0,1,11,5,6
CASTRO COUNTY,069,80 Years,46,18,28,31,12,19,0,0,0,1,0,1,14,6,8
CASTRO COUNTY,069,81 Years,40,18,22,26,10,16,1,0,1,0,0,0,13,8,5
CASTRO COUNTY,069,82 Years,31,16,15,22,11,11,0,0,0,0,0,0,9,5,4
CASTRO COUNTY,069,83 Years,29,14,15,20,10,10,0,0,0,0,0,0,9,4,5
CASTRO COUNTY,069,84 Years,35,16,19,24,10,14,2,1,1,0,0,0,9,5,4
CASTRO COUNTY,069,85 Years +,130,50,80,97,38,59,3,0,3,0,0,0,30,12,18
CHAMBERS COUNTY,071,All Ages,36774,18454,18320,25142,12480,12662,2973,1511,1462,961,467,494,7698,3996,3702
CHAMBERS COUNTY,071,< 1 Year,431,219,212,274,137,137,30,15,15,10,5,5,117,62,55
CHAMBERS COUNTY,071,1 Years,421,214,207,265,135,130,32,16,16,9,4,5,115,59,56
CHAMBERS COUNTY,071,2 Years,419,213,206,266,135,131,29,15,14,9,4,5,115,59,56
CHAMBERS COUNTY,071,3 Years,454,211,243,266,120,146,30,15,15,13,4,9,145,72,73
CHAMBERS COUNTY,071,4 Years,494,255,239,270,140,130,28,16,12,19,7,12,177,92,85
CHAMBERS COUNTY,071,5 Years,496,260,236,288,151,137,28,13,15,22,11,11,158,85,73
CHAMBERS COUNTY,071,6 Years,503,255,248,299,154,145,32,15,17,24,10,14,148,76,72
CHAMBERS COUNTY,071,7 Years,532,285,247,312,169,143,32,17,15,23,13,10,165,86,79
CHAMBERS COUNTY,071,8 Years,545,278,267,315,163,152,34,16,18,22,10,12,174,89,85
CHAMBERS COUNTY,071,9 Years,563,288,275,344,176,168,34,17,17,22,10,12,163,85,78
CHAMBERS COUNTY,071,10 Years,596,317,279,366,205,161,33,17,16,23,12,11,174,83,91
CHAMBERS COUNTY,071,11 Years,609,331,278,378,209,169,40,19,21,20,10,10,171,93,78
CHAMBERS COUNTY,071,12 Years,662,357,305,425,233,192,47,29,18,21,9,12,169,86,83
CHAMBERS COUNTY,071,13 Years,668,344,324,415,217,198,56,30,26,25,11,14,172,86,86
CHAMBERS COUNTY,071,14 Years,644,328,316,399,205,194,50,25,25,18,11,7,177,87,90
CHAMBERS COUNTY,071,15 Years,655,331,324,400,205,195,47,25,22,24,13,11,184,88,96
CHAMBERS COUNTY,071,16 Years,625,316,309,390,201,189,44,23,21,25,11,14,166,81,85
CHAMBERS COUNTY,071,17 Years,634,321,313,403,201,202,49,27,22,24,12,12,158,81,77
CHAMBERS COUNTY,071,18 Years,599,304,295,378,194,184,49,25,24,18,8,10,154,77,77
CHAMBERS COUNTY,071,19 Years,553,286,267,336,174,162,57,33,24,16,8,8,144,71,73
CHAMBERS COUNTY,071,20 Years,537,287,250,318,173,145,56,33,23,11,5,6,152,76,76
CHAMBERS COUNTY,071,21 Years,504,262,242,292,153,139,58,31,27,14,7,7,140,71,69
CHAMBERS COUNTY,071,22 Years,454,242,212,267,140,127,46,26,20,9,6,3,132,70,62
CHAMBERS COUNTY,071,23 Years,387,195,192,230,114,116,36,18,18,5,3,2,116,60,56
CHAMBERS COUNTY,071,24 Years,359,175,184,207,95,112,34,18,16,5,4,1,113,58,55
CHAMBERS COUNTY,071,25 Years,363,176,187,205,94,111,34,21,13,9,1,8,115,60,55
CHAMBERS COUNTY,071,26 Years,330,170,160,196,100,96,21,13,8,12,6,6,101,51,50
CHAMBERS COUNTY,071,27 Years,351,184,167,205,103,102,22,13,9,12,10,2,112,58,54
CHAMBERS COUNTY,071,28 Years,368,187,181,217,99,118,24,14,10,11,6,5,116,68,48
CHAMBERS COUNTY,071,29 Years,350,164,186,210,88,122,17,9,8,9,5,4,114,62,52
CHAMBERS COUNTY,071,30 Years,389,181,208,229,94,135,21,13,8,7,3,4,132,71,61
CHAMBERS COUNTY,071,31 Years,447,206,241,270,110,160,30,18,12,10,4,6,137,74,63
CHAMBERS COUNTY,071,32 Years,485,235,250,307,143,164,26,13,13,12,5,7,140,74,66
CHAMBERS COUNTY,071,33 Years,512,255,257,337,171,166,33,12,21,14,6,8,128,66,62
CHAMBERS COUNTY,071,34 Years,451,227,224,305,146,159,26,13,13,7,3,4,113,65,48
CHAMBERS COUNTY,071,35 Years,485,232,253,324,149,175,33,18,15,10,3,7,118,62,56
CHAMBERS COUNTY,071,36 Years,524,247,277,348,163,185,41,18,23,8,4,4,127,62,65
CHAMBERS COUNTY,071,37 Years,526,253,273,343,164,179,42,16,26,7,3,4,134,70,64
CHAMBERS COUNTY,071,38 Years,506,242,264,329,155,174,46,20,26,8,4,4,123,63,60
CHAMBERS COUNTY,071,39 Years,533,250,283,350,158,192,44,20,24,9,4,5,130,68,62
CHAMBERS COUNTY,071,40 Years,548,263,285,358,171,187,52,26,26,12,5,7,126,61,65
CHAMBERS COUNTY,071,41 Years,578,264,314,390,177,213,49,26,23,15,4,11,124,57,67
CHAMBERS COUNTY,071,42 Years,609,295,314,417,200,217,63,35,28,19,6,13,110,54,56
CHAMBERS COUNTY,071,43 Years,598,292,306,414,196,218,57,32,25,17,9,8,110,55,55
CHAMBERS COUNTY,071,44 Years,585,287,298,415,196,219,54,30,24,10,5,5,106,56,50
CHAMBERS COUNTY,071,45 Years,544,264,280,387,184,203,48,24,24,10,6,4,99,50,49
CHAMBERS COUNTY,071,46 Years,557,270,287,394,187,207,42,19,23,16,7,9,105,57,48
CHAMBERS COUNTY,071,47 Years,547,271,276,401,194,207,42,25,17,15,8,7,89,44,45
CHAMBERS COUNTY,071,48 Years,537,274,263,402,202,200,43,25,18,14,7,7,78,40,38
CHAMBERS COUNTY,071,49 Years,520,270,250,388,197,191,46,26,20,14,6,8,72,41,31
CHAMBERS COUNTY,071,50 Years,534,289,245,405,216,189,45,25,20,15,9,6,69,39,30
CHAMBERS COUNTY,071,51 Years,536,278,258,408,204,204,50,26,24,15,8,7,63,40,23
CHAMBERS COUNTY,071,52 Years,532,277,255,397,203,194,46,23,23,25,13,12,64,38,26
CHAMBERS COUNTY,071,53 Years,558,291,267,410,220,190,54,23,31,19,10,9,75,38,37
CHAMBERS COUNTY,071,54 Years,515,257,258,390,196,194,45,20,25,12,8,4,68,33,35
CHAMBERS COUNTY,071,55 Years,500,250,250,387,187,200,42,25,17,9,6,3,62,32,30
CHAMBERS COUNTY,071,56 Years,528,279,249,416,228,188,41,21,20,11,5,6,60,25,35
CHAMBERS COUNTY,071,57 Years,507,278,229,397,217,180,37,20,17,9,7,2,64,34,30
CHAMBERS COUNTY,071,58 Years,490,254,236,391,201,190,34,17,17,9,6,3,56,30,26
CHAMBERS COUNTY,071,59 Years,491,241,250,393,188,205,36,20,16,12,6,6,50,27,23
CHAMBERS COUNTY,071,60 Years,498,247,251,396,192,204,45,20,25,6,3,3,51,32,19
CHAMBERS COUNTY,071,61 Years,408,219,189,325,174,151,37,16,21,6,4,2,40,25,15
CHAMBERS COUNTY,071,62 Years,361,195,166,281,149,132,37,20,17,6,4,2,37,22,15
CHAMBERS COUNTY,071,63 Years,354,187,167,279,147,132,38,20,18,11,5,6,26,15,11
CHAMBERS COUNTY,071,64 Years,359,175,184,290,137,153,35,19,16,7,3,4,27,16,11
CHAMBERS COUNTY,071,65 Years,381,192,189,312,156,156,32,17,15,10,3,7,27,16,11
CHAMBERS COUNTY,071,66 Years,382,190,192,309,154,155,35,17,18,11,4,7,27,15,12
CHAMBERS COUNTY,071,67 Years,312,154,158,255,122,133,31,15,16,4,2,2,22,15,7
CHAMBERS COUNTY,071,68 Years,265,129,136,215,105,110,29,15,14,3,1,2,18,8,10
CHAMBERS COUNTY,071,69 Years,247,122,125,201,101,100,27,11,16,4,3,1,15,7,8
CHAMBERS COUNTY,071,70 Years,236,122,114,199,106,93,19,6,13,3,1,2,15,9,6
CHAMBERS COUNTY,071,71 Years,209,98,111,177,87,90,15,2,13,7,5,2,10,4,6
CHAMBERS COUNTY,071,72 Years,199,95,104,162,79,83,21,10,11,4,2,2,12,4,8
CHAMBERS COUNTY,071,73 Years,180,88,92,141,68,73,21,9,12,3,1,2,15,10,5
CHAMBERS COUNTY,071,74 Years,160,79,81,125,62,63,17,7,10,2,0,2,16,10,6
CHAMBERS COUNTY,071,75 Years,133,69,64,111,58,53,14,6,8,2,1,1,6,4,2
CHAMBERS COUNTY,071,76 Years,133,64,69,111,53,58,14,7,7,2,1,1,6,3,3
CHAMBERS COUNTY,071,77 Years,124,65,59,110,59,51,10,3,7,0,0,0,4,3,1
CHAMBERS COUNTY,071,78 Years,116,60,56,97,51,46,14,6,8,1,1,0,4,2,2
CHAMBERS COUNTY,071,79 Years,113,55,58,99,45,54,11,7,4,1,1,0,2,2,0
CHAMBERS COUNTY,071,80 Years,100,49,51,82,42,40,14,6,8,1,0,1,3,1,2
CHAMBERS COUNTY,071,81 Years,80,34,46,70,30,40,7,3,4,1,0,1,2,1,1
CHAMBERS COUNTY,071,82 Years,93,33,60,83,28,55,7,4,3,1,0,1,2,1,1
CHAMBERS COUNTY,071,83 Years,94,34,60,84,29,55,8,3,5,1,1,0,1,1,0
CHAMBERS COUNTY,071,84 Years,77,30,47,66,26,40,8,2,6,2,2,0,1,0,1
CHAMBERS COUNTY,071,85 Years +,382,142,240,324,120,204,30,7,23,8,3,5,20,12,8
CHEROKEE COUNTY,073,All Ages,52538,26823,25715,31987,15669,16318,7552,4078,3474,1174,540,634,11825,6536,5289
CHEROKEE COUNTY,073,< 1 Year,738,374,364,350,177,173,99,50,49,21,10,11,268,137,131
CHEROKEE COUNTY,073,1 Years,717,366,351,354,181,173,95,49,46,15,8,7,253,128,125
CHEROKEE COUNTY,073,2 Years,707,360,347,359,183,176,92,47,45,14,7,7,242,123,119
CHEROKEE COUNTY,073,3 Years,719,369,350,339,169,170,96,54,42,31,14,17,253,132,121
CHEROKEE COUNTY,073,4 Years,745,384,361,324,163,161,110,60,50,35,12,23,276,149,127
CHEROKEE COUNTY,073,5 Years,717,371,346,320,164,156,89,46,43,36,17,19,272,144,128
CHEROKEE COUNTY,073,6 Years,712,367,345,321,167,154,95,50,45,32,17,15,264,133,131
CHEROKEE COUNTY,073,7 Years,755,398,357,349,186,163,95,45,50,34,18,16,277,149,128
CHEROKEE COUNTY,073,8 Years,758,395,363,349,188,161,109,47,62,34,19,15,266,141,125
CHEROKEE COUNTY,073,9 Years,760,383,377,359,191,168,100,41,59,37,19,18,264,132,132
CHEROKEE COUNTY,073,10 Years,778,392,386,350,170,180,113,54,59,43,21,22,272,147,125
CHEROKEE COUNTY,073,11 Years,770,393,377,355,166,189,92,51,41,36,19,17,287,157,130
CHEROKEE COUNTY,073,12 Years,779,406,373,379,187,192,107,64,43,26,10,16,267,145,122
CHEROKEE COUNTY,073,13 Years,778,411,367,371,187,184,108,58,50,36,14,22,263,152,111
CHEROKEE COUNTY,073,14 Years,788,401,387,386,196,190,102,54,48,27,10,17,273,141,132
CHEROKEE COUNTY,073,15 Years,748,381,367,381,191,190,91,49,42,18,6,12,258,135,123
CHEROKEE COUNTY,073,16 Years,754,390,364,379,191,188,115,56,59,19,8,11,241,135,106
CHEROKEE COUNTY,073,17 Years,740,381,359,382,193,189,114,58,56,16,9,7,228,121,107
CHEROKEE COUNTY,073,18 Years,734,404,330,364,184,180,133,92,41,18,11,7,219,117,102
CHEROKEE COUNTY,073,19 Years,793,454,339,369,192,177,177,123,54,18,11,7,229,128,101
CHEROKEE COUNTY,073,20 Years,743,416,327,328,167,161,164,106,58,18,7,11,233,136,97
CHEROKEE COUNTY,073,21 Years,749,392,357,335,160,175,140,81,59,20,10,10,254,141,113
CHEROKEE COUNTY,073,22 Years,799,413,386,361,173,188,156,90,66,18,8,10,264,142,122
CHEROKEE COUNTY,073,23 Years,754,397,357,369,185,184,130,75,55,19,9,10,236,128,108
CHEROKEE COUNTY,073,24 Years,679,362,317,348,174,174,119,76,43,13,5,8,199,107,92
CHEROKEE COUNTY,073,25 Years,658,349,309,341,167,174,114,64,50,11,5,6,192,113,79
CHEROKEE COUNTY,073,26 Years,610,328,282,294,142,152,108,63,45,11,5,6,197,118,79
CHEROKEE COUNTY,073,27 Years,548,303,245,279,135,144,83,52,31,6,2,4,180,114,66
CHEROKEE COUNTY,073,28 Years,528,282,246,272,130,142,84,51,33,7,3,4,165,98,67
CHEROKEE COUNTY,073,29 Years,584,304,280,315,163,152,84,42,42,12,6,6,173,93,80
CHEROKEE COUNTY,073,30 Years,544,271,273,304,155,149,71,35,36,13,7,6,156,74,82
CHEROKEE COUNTY,073,31 Years,533,274,259,292,145,147,82,44,38,9,2,7,150,83,67
CHEROKEE COUNTY,073,32 Years,593,301,292,322,160,162,90,43,47,16,7,9,165,91,74
CHEROKEE COUNTY,073,33 Years,631,311,320,339,159,180,99,51,48,15,6,9,178,95,83
CHEROKEE COUNTY,073,34 Years,590,302,288,324,160,164,80,42,38,11,3,8,175,97,78
CHEROKEE COUNTY,073,35 Years,578,306,272,303,150,153,93,55,38,11,5,6,171,96,75
CHEROKEE COUNTY,073,36 Years,630,340,290,332,164,168,98,58,40,10,4,6,190,114,76
CHEROKEE COUNTY,073,37 Years,588,319,269,325,174,151,84,46,38,10,5,5,169,94,75
CHEROKEE COUNTY,073,38 Years,589,305,284,337,168,169,83,49,34,6,2,4,163,86,77
CHEROKEE COUNTY,073,39 Years,633,323,310,369,176,193,84,44,40,8,3,5,172,100,72
CHEROKEE COUNTY,073,40 Years,636,341,295,370,184,186,90,53,37,5,3,2,171,101,70
CHEROKEE COUNTY,073,41 Years,636,324,312,372,184,188,80,44,36,7,4,3,177,92,85
CHEROKEE COUNTY,073,42 Years,662,347,315,422,218,204,81,41,40,7,4,3,152,84,68
CHEROKEE COUNTY,073,43 Years,629,335,294,393,199,194,82,43,39,6,2,4,148,91,57
CHEROKEE COUNTY,073,44 Years,624,339,285,380,196,184,101,55,46,11,8,3,132,80,52
CHEROKEE COUNTY,073,45 Years,596,306,290,367,176,191,92,54,38,11,6,5,126,70,56
CHEROKEE COUNTY,073,46 Years,590,325,265,346,179,167,102,60,42,8,2,6,134,84,50
CHEROKEE COUNTY,073,47 Years,650,357,293,378,200,178,116,68,48,14,5,9,142,84,58
CHEROKEE COUNTY,073,48 Years,692,396,296,437,253,184,114,72,42,14,5,9,127,66,61
CHEROKEE COUNTY,073,49 Years,668,365,303,443,231,212,101,64,37,13,7,6,111,63,48
CHEROKEE COUNTY,073,50 Years,705,389,316,452,239,213,121,72,49,16,8,8,116,70,46
CHEROKEE COUNTY,073,51 Years,694,372,322,448,221,227,120,71,49,15,7,8,111,73,38
CHEROKEE COUNTY,073,52 Years,671,345,326,427,206,221,116,61,55,18,7,11,110,71,39
CHEROKEE COUNTY,073,53 Years,724,369,355,497,249,248,121,60,61,13,7,6,93,53,40
CHEROKEE COUNTY,073,54 Years,736,379,357,521,259,262,119,65,54,13,5,8,83,50,33
CHEROKEE COUNTY,073,55 Years,689,371,318,482,252,230,106,61,45,15,7,8,86,51,35
CHEROKEE COUNTY,073,56 Years,693,359,334,503,253,250,104,57,47,17,7,10,69,42,27
CHEROKEE COUNTY,073,57 Years,662,336,326,476,232,244,106,55,51,14,6,8,66,43,23
CHEROKEE COUNTY,073,58 Years,683,344,339,503,243,260,111,61,50,11,7,4,58,33,25
CHEROKEE COUNTY,073,59 Years,700,339,361,516,234,282,121,70,51,11,6,5,52,29,23
CHEROKEE COUNTY,073,60 Years,671,322,349,516,242,274,94,46,48,13,5,8,48,29,19
CHEROKEE COUNTY,073,61 Years,634,307,327,493,239,254,84,37,47,8,3,5,49,28,21
CHEROKEE COUNTY,073,62 Years,646,316,330,481,228,253,100,49,51,7,3,4,58,36,22
CHEROKEE COUNTY,073,63 Years,638,329,309,494,244,250,98,55,43,9,6,3,37,24,13
CHEROKEE COUNTY,073,64 Years,612,311,301,484,237,247,81,45,36,7,5,2,40,24,16
CHEROKEE COUNTY,073,65 Years,630,298,332,506,229,277,77,45,32,7,3,4,40,21,19
CHEROKEE COUNTY,073,66 Years,624,286,338,518,227,291,56,32,24,9,3,6,41,24,17
CHEROKEE COUNTY,073,67 Years,526,253,273,448,212,236,46,23,23,5,2,3,27,16,11
CHEROKEE COUNTY,073,68 Years,521,255,266,440,216,224,46,21,25,6,1,5,29,17,12
CHEROKEE COUNTY,073,69 Years,480,228,252,410,200,210,42,11,31,7,5,2,21,12,9
CHEROKEE COUNTY,073,70 Years,487,239,248,416,200,216,46,20,26,3,2,1,22,17,5
CHEROKEE COUNTY,073,71 Years,460,218,242,397,188,209,38,18,20,7,2,5,18,10,8
CHEROKEE COUNTY,073,72 Years,422,202,220,371,180,191,29,13,16,5,3,2,17,6,11
CHEROKEE COUNTY,073,73 Years,397,192,205,339,167,172,32,11,21,6,3,3,20,11,9
CHEROKEE COUNTY,073,74 Years,349,172,177,298,148,150,32,14,18,2,1,1,17,9,8
CHEROKEE COUNTY,073,75 Years,312,154,158,264,133,131,30,12,18,5,3,2,13,6,7
CHEROKEE COUNTY,073,76 Years,326,151,175,279,131,148,31,14,17,4,1,3,12,5,7
CHEROKEE COUNTY,073,77 Years,307,137,170,270,121,149,27,10,17,2,1,1,8,5,3
CHEROKEE COUNTY,073,78 Years,323,150,173,273,130,143,34,12,22,4,2,2,12,6,6
CHEROKEE COUNTY,073,79 Years,298,128,170,248,106,142,34,11,23,3,1,2,13,10,3
CHEROKEE COUNTY,073,80 Years,239,108,131,203,90,113,24,10,14,3,2,1,9,6,3
CHEROKEE COUNTY,073,81 Years,217,97,120,185,85,100,20,7,13,3,1,2,9,4,5
CHEROKEE COUNTY,073,82 Years,185,77,108,158,67,91,19,7,12,3,1,2,5,2,3
CHEROKEE COUNTY,073,83 Years,195,77,118,160,63,97,19,9,10,5,1,4,11,4,7
CHEROKEE COUNTY,073,84 Years,173,67,106,147,58,89,19,7,12,3,1,2,4,1,3
CHEROKEE COUNTY,073,85 Years +,975,333,642,827,287,540,112,37,75,9,2,7,27,7,20
CHILDRESS COUNTY,075,All Ages,7047,4129,2918,4279,2224,2055,672,543,129,151,73,78,1945,1289,656
CHILDRESS COUNTY,075,< 1 Year,77,39,38,43,22,21,2,1,1,4,2,2,28,14,14
CHILDRESS COUNTY,075,1 Years,80,40,40,47,24,23,3,1,2,3,1,2,27,14,13
CHILDRESS COUNTY,075,2 Years,80,42,38,47,24,23,2,1,1,3,2,1,28,15,13
CHILDRESS COUNTY,075,3 Years,75,41,34,41,24,17,2,1,1,3,2,1,29,14,15
CHILDRESS COUNTY,075,4 Years,82,45,37,51,28,23,1,0,1,3,2,1,27,15,12
CHILDRESS COUNTY,075,5 Years,87,44,43,51,26,25,4,3,1,4,2,2,28,13,15
CHILDRESS COUNTY,075,6 Years,87,42,45,52,25,27,6,3,3,1,0,1,28,14,14
CHILDRESS COUNTY,075,7 Years,84,44,40,46,22,24,4,3,1,3,2,1,31,17,14
CHILDRESS COUNTY,075,8 Years,81,39,42,49,23,26,3,2,1,3,1,2,26,13,13
CHILDRESS COUNTY,075,9 Years,71,35,36,43,24,19,3,1,2,5,1,4,20,9,11
CHILDRESS COUNTY,075,10 Years,76,41,35,49,28,21,2,2,0,3,1,2,22,10,12
CHILDRESS COUNTY,075,11 Years,89,45,44,49,24,25,4,1,3,3,2,1,33,18,15
CHILDRESS COUNTY,075,12 Years,77,42,35,44,24,20,2,1,1,2,1,1,29,16,13
CHILDRESS COUNTY,075,13 Years,91,56,35,51,28,23,4,2,2,3,2,1,33,24,9
CHILDRESS COUNTY,075,14 Years,85,50,35,48,27,21,5,3,2,3,2,1,29,18,11
CHILDRESS COUNTY,075,15 Years,82,42,40,46,23,23,5,2,3,2,1,1,29,16,13
CHILDRESS COUNTY,075,16 Years,91,48,43,53,25,28,7,4,3,3,2,1,28,17,11
CHILDRESS COUNTY,075,17 Years,75,36,39,45,20,25,8,6,2,0,0,0,22,10,12
CHILDRESS COUNTY,075,18 Years,102,63,39,56,30,26,11,8,3,2,1,1,33,24,9
CHILDRESS COUNTY,075,19 Years,93,66,27,42,27,15,15,12,3,1,0,1,35,27,8
CHILDRESS COUNTY,075,20 Years,112,76,36,52,34,18,21,18,3,3,0,3,36,24,12
CHILDRESS COUNTY,075,21 Years,155,112,43,58,34,24,25,22,3,1,0,1,71,56,15
CHILDRESS COUNTY,075,22 Years,149,118,31,48,29,19,34,33,1,3,0,3,64,56,8
CHILDRESS COUNTY,075,23 Years,150,128,22,60,45,15,26,26,0,1,0,1,63,57,6
CHILDRESS COUNTY,075,24 Years,162,133,29,64,46,18,29,28,1,4,3,1,65,56,9
CHILDRESS COUNTY,075,25 Years,149,126,23,54,40,14,41,40,1,1,1,0,53,45,8
CHILDRESS COUNTY,075,26 Years,157,136,21,49,34,15,32,32,0,3,3,0,73,67,6
CHILDRESS COUNTY,075,27 Years,138,117,21,45,31,14,37,35,2,1,1,0,55,50,5
CHILDRESS COUNTY,075,28 Years,154,120,34,62,40,22,26,26,0,0,0,0,66,54,12
CHILDRESS COUNTY,075,29 Years,132,94,38,56,34,22,31,26,5,1,0,1,44,34,10
CHILDRESS COUNTY,075,30 Years,123,93,30,54,32,22,27,25,2,3,2,1,39,34,5
CHILDRESS COUNTY,075,31 Years,113,83,30,57,36,21,16,16,0,2,1,1,38,30,8
CHILDRESS COUNTY,075,32 Years,86,56,30,44,25,19,14,14,0,2,0,2,26,17,9
CHILDRESS COUNTY,075,33 Years,102,68,34,47,25,22,16,15,1,2,1,1,37,27,10
CHILDRESS COUNTY,075,34 Years,97,60,37,44,21,23,15,13,2,2,2,0,36,24,12
CHILDRESS COUNTY,075,35 Years,91,49,42,41,18,23,7,4,3,5,2,3,38,25,13
CHILDRESS COUNTY,075,36 Years,79,46,33,42,23,19,10,8,2,4,2,2,23,13,10
CHILDRESS COUNTY,075,37 Years,71,36,35,40,20,20,9,7,2,3,1,2,19,8,11
CHILDRESS COUNTY,075,38 Years,85,57,28,50,30,20,4,3,1,3,2,1,28,22,6
CHILDRESS COUNTY,075,39 Years,82,55,27,40,24,16,9,8,1,1,0,1,32,23,9
CHILDRESS COUNTY,075,40 Years,81,47,34,45,25,20,7,6,1,1,0,1,28,16,12
CHILDRESS COUNTY,075,41 Years,71,39,32,47,24,23,5,4,1,0,0,0,19,11,8
CHILDRESS COUNTY,075,42 Years,65,35,30,51,27,24,3,3,0,1,1,0,10,4,6
CHILDRESS COUNTY,075,43 Years,73,44,29,46,26,20,10,9,1,1,1,0,16,8,8
CHILDRESS COUNTY,075,44 Years,68,37,31,40,21,19,8,5,3,3,1,2,17,10,7
CHILDRESS COUNTY,075,45 Years,66,41,25,38,25,13,7,4,3,2,1,1,19,11,8
CHILDRESS COUNTY,075,46 Years,64,30,34,44,21,23,4,1,3,0,0,0,16,8,8
CHILDRESS COUNTY,075,47 Years,67,33,34,43,20,23,5,2,3,0,0,0,19,11,8
CHILDRESS COUNTY,075,48 Years,86,46,40,64,33,31,6,4,2,1,1,0,15,8,7
CHILDRESS COUNTY,075,49 Years,87,43,44,60,29,31,8,4,4,2,0,2,17,10,7
CHILDRESS COUNTY,075,50 Years,83,53,30,62,42,20,5,3,2,3,0,3,13,8,5
CHILDRESS COUNTY,075,51 Years,68,35,33,51,25,26,5,3,2,1,0,1,11,7,4
CHILDRESS COUNTY,075,52 Years,66,26,40,54,21,33,1,0,1,1,0,1,10,5,5
CHILDRESS COUNTY,075,53 Years,77,38,39,53,25,28,6,4,2,2,1,1,16,8,8
CHILDRESS COUNTY,075,54 Years,78,39,39,59,31,28,2,1,1,2,0,2,15,7,8
CHILDRESS COUNTY,075,55 Years,76,35,41,57,24,33,4,4,0,1,1,0,14,6,8
CHILDRESS COUNTY,075,56 Years,78,34,44,60,26,34,4,2,2,2,2,0,12,4,8
CHILDRESS COUNTY,075,57 Years,80,46,34,59,33,26,7,4,3,1,0,1,13,9,4
CHILDRESS COUNTY,075,58 Years,78,44,34,58,32,26,4,2,2,3,2,1,13,8,5
CHILDRESS COUNTY,075,59 Years,78,37,41,61,29,32,1,1,0,2,1,1,14,6,8
CHILDRESS COUNTY,075,60 Years,88,41,47,71,34,37,1,0,1,2,1,1,14,6,8
CHILDRESS COUNTY,075,61 Years,83,42,41,66,35,31,3,2,1,1,1,0,13,4,9
CHILDRESS COUNTY,075,62 Years,71,38,33,52,28,24,5,3,2,3,2,1,11,5,6
CHILDRESS COUNTY,075,63 Years,64,33,31,48,24,24,4,2,2,2,1,1,10,6,4
CHILDRESS COUNTY,075,64 Years,63,34,29,54,28,26,2,1,1,0,0,0,7,5,2
CHILDRESS COUNTY,075,65 Years,65,31,34,55,24,31,1,1,0,0,0,0,9,6,3
CHILDRESS COUNTY,075,66 Years,76,35,41,61,29,32,2,2,0,1,0,1,12,4,8
CHILDRESS COUNTY,075,67 Years,61,30,31,47,25,22,1,0,1,1,0,1,12,5,7
CHILDRESS COUNTY,075,68 Years,60,28,32,50,24,26,0,0,0,1,0,1,9,4,5
CHILDRESS COUNTY,075,69 Years,66,30,36,58,26,32,2,2,0,1,0,1,5,2,3
CHILDRESS COUNTY,075,70 Years,62,34,28,58,31,27,0,0,0,1,0,1,3,3,0
CHILDRESS COUNTY,075,71 Years,62,28,34,53,24,29,3,0,3,3,2,1,3,2,1
CHILDRESS COUNTY,075,72 Years,58,26,32,49,21,28,3,1,2,1,1,0,5,3,2
CHILDRESS COUNTY,075,73 Years,41,22,19,32,18,14,2,0,2,0,0,0,7,4,3
CHILDRESS COUNTY,075,74 Years,41,16,25,35,14,21,2,0,2,1,1,0,3,1,2
CHILDRESS COUNTY,075,75 Years,43,19,24,37,17,20,1,1,0,2,1,1,3,0,3
CHILDRESS COUNTY,075,76 Years,43,16,27,40,14,26,0,0,0,0,0,0,3,2,1
CHILDRESS COUNTY,075,77 Years,43,20,23,35,14,21,3,2,1,0,0,0,5,4,1
CHILDRESS COUNTY,075,78 Years,41,19,22,35,16,19,2,0,2,1,1,0,3,2,1
CHILDRESS COUNTY,075,79 Years,45,20,25,39,16,23,1,0,1,1,1,0,4,3,1
CHILDRESS COUNTY,075,80 Years,43,19,24,39,17,22,1,1,0,0,0,0,3,1,2
CHILDRESS COUNTY,075,81 Years,34,20,14,29,16,13,1,1,0,0,0,0,4,3,1
CHILDRESS COUNTY,075,82 Years,32,14,18,27,12,15,0,0,0,0,0,0,5,2,3
CHILDRESS COUNTY,075,83 Years,33,12,21,29,10,19,1,0,1,0,0,0,3,2,1
CHILDRESS COUNTY,075,84 Years,30,8,22,25,7,18,1,0,1,0,0,0,4,1,3
CHILDRESS COUNTY,075,85 Years +,157,49,108,143,42,101,6,2,4,1,1,0,7,4,3
CLAY COUNTY,077,All Ages,10844,5323,5521,10002,4923,5079,51,30,21,303,144,159,488,226,262
CLAY COUNTY,077,< 1 Year,107,53,54,93,47,46,0,0,0,5,2,3,9,4,5
CLAY COUNTY,077,1 Years,108,55,53,97,49,48,0,0,0,4,2,2,7,4,3
CLAY COUNTY,077,2 Years,108,55,53,97,49,48,0,0,0,4,2,2,7,4,3
CLAY COUNTY,077,3 Years,120,60,60,108,55,53,0,0,0,4,1,3,8,4,4
CLAY COUNTY,077,4 Years,132,66,66,113,59,54,1,1,0,5,1,4,13,5,8
CLAY COUNTY,077,5 Years,129,67,62,111,56,55,1,1,0,6,3,3,11,7,4
CLAY COUNTY,077,6 Years,117,63,54,103,54,49,2,1,1,4,2,2,8,6,2
CLAY COUNTY,077,7 Years,120,68,52,102,57,45,1,1,0,5,4,1,12,6,6
CLAY COUNTY,077,8 Years,129,61,68,114,56,58,0,0,0,5,2,3,10,3,7
CLAY COUNTY,077,9 Years,133,67,66,122,61,61,0,0,0,3,2,1,8,4,4
CLAY COUNTY,077,10 Years,131,67,64,120,61,59,0,0,0,3,1,2,8,5,3
CLAY COUNTY,077,11 Years,130,68,62,115,60,55,1,1,0,4,2,2,10,5,5
CLAY COUNTY,077,12 Years,137,65,72,122,60,62,1,0,1,3,1,2,11,4,7
CLAY COUNTY,077,13 Years,140,67,73,122,63,59,1,0,1,3,1,2,14,3,11
CLAY COUNTY,077,14 Years,136,64,72,121,61,60,0,0,0,3,1,2,12,2,10
CLAY COUNTY,077,15 Years,146,77,69,133,73,60,0,0,0,5,3,2,8,1,7
CLAY COUNTY,077,16 Years,162,85,77,143,75,68,0,0,0,7,5,2,12,5,7
CLAY COUNTY,077,17 Years,161,79,82,142,71,71,2,2,0,5,2,3,12,4,8
CLAY COUNTY,077,18 Years,150,78,72,130,68,62,1,0,1,5,3,2,14,7,7
CLAY COUNTY,077,19 Years,149,85,64,130,76,54,1,0,1,7,5,2,11,4,7
CLAY COUNTY,077,20 Years,131,67,64,114,57,57,1,0,1,6,5,1,10,5,5
CLAY COUNTY,077,21 Years,129,65,64,117,60,57,2,1,1,3,2,1,7,2,5
CLAY COUNTY,077,22 Years,110,51,59,99,46,53,2,2,0,1,0,1,8,3,5
CLAY COUNTY,077,23 Years,106,45,61,95,42,53,3,1,2,2,0,2,6,2,4
CLAY COUNTY,077,24 Years,87,39,48,79,36,43,1,0,1,2,1,1,5,2,3
CLAY COUNTY,077,25 Years,89,48,41,84,45,39,1,1,0,2,1,1,2,1,1
CLAY COUNTY,077,26 Years,83,40,43,75,37,38,1,0,1,2,1,1,5,2,3
CLAY COUNTY,077,27 Years,75,39,36,71,36,35,0,0,0,1,1,0,3,2,1
CLAY COUNTY,077,28 Years,94,51,43,88,48,40,1,1,0,3,1,2,2,1,1
CLAY COUNTY,077,29 Years,82,35,47,77,32,45,0,0,0,3,2,1,2,1,1
CLAY COUNTY,077,30 Years,89,37,52,81,33,48,0,0,0,3,1,2,5,3,2
CLAY COUNTY,077,31 Years,91,42,49,82,38,44,0,0,0,3,1,2,6,3,3
CLAY COUNTY,077,32 Years,93,48,45,87,47,40,0,0,0,2,0,2,4,1,3
CLAY COUNTY,077,33 Years,107,57,50,99,53,46,0,0,0,2,1,1,6,3,3
CLAY COUNTY,077,34 Years,114,59,55,100,52,48,0,0,0,6,2,4,8,5,3
CLAY COUNTY,077,35 Years,125,58,67,114,52,62,1,1,0,3,1,2,7,4,3
CLAY COUNTY,077,36 Years,120,61,59,109,53,56,0,0,0,4,2,2,7,6,1
CLAY COUNTY,077,37 Years,121,58,63,106,51,55,1,0,1,6,2,4,8,5,3
CLAY COUNTY,077,38 Years,109,47,62,101,45,56,0,0,0,3,1,2,5,1,4
CLAY COUNTY,077,39 Years,114,58,56,99,50,49,3,1,2,3,2,1,9,5,4
CLAY COUNTY,077,40 Years,112,55,57,99,48,51,1,0,1,3,1,2,9,6,3
CLAY COUNTY,077,41 Years,123,53,70,112,49,63,3,2,1,3,0,3,5,2,3
CLAY COUNTY,077,42 Years,137,66,71,126,62,64,1,1,0,6,1,5,4,2,2
CLAY COUNTY,077,43 Years,149,70,79,135,62,73,1,1,0,5,3,2,8,4,4
CLAY COUNTY,077,44 Years,136,70,66,128,66,62,0,0,0,4,3,1,4,1,3
CLAY COUNTY,077,45 Years,140,67,73,127,59,68,0,0,0,7,4,3,6,4,2
CLAY COUNTY,077,46 Years,131,66,65,120,63,57,0,0,0,6,1,5,5,2,3
CLAY COUNTY,077,47 Years,129,60,69,119,56,63,0,0,0,2,1,1,8,3,5
CLAY COUNTY,077,48 Years,148,71,77,137,66,71,1,0,1,5,3,2,5,2,3
CLAY COUNTY,077,49 Years,176,83,93,165,80,85,1,1,0,6,1,5,4,1,3
CLAY COUNTY,077,50 Years,183,93,90,166,85,81,1,1,0,10,4,6,6,3,3
CLAY COUNTY,077,51 Years,177,91,86,160,84,76,2,1,1,5,2,3,10,4,6
CLAY COUNTY,077,52 Years,180,92,88,169,86,83,1,1,0,2,1,1,8,4,4
CLAY COUNTY,077,53 Years,187,97,90,174,90,84,1,0,1,4,3,1,8,4,4
CLAY COUNTY,077,54 Years,183,88,95,170,83,87,1,0,1,4,3,1,8,2,6
CLAY COUNTY,077,55 Years,190,96,94,178,88,90,1,1,0,5,3,2,6,4,2
CLAY COUNTY,077,56 Years,173,89,84,162,82,80,2,1,1,6,5,1,3,1,2
CLAY COUNTY,077,57 Years,188,81,107,183,78,105,0,0,0,2,2,0,3,1,2
CLAY COUNTY,077,58 Years,198,99,99,193,95,98,0,0,0,2,1,1,3,3,0
CLAY COUNTY,077,59 Years,191,98,93,184,94,90,2,2,0,4,2,2,1,0,1
CLAY COUNTY,077,60 Years,188,87,101,178,82,96,1,1,0,3,1,2,6,3,3
CLAY COUNTY,077,61 Years,172,80,92,164,76,88,1,1,0,4,2,2,3,1,2
CLAY COUNTY,077,62 Years,147,74,73,140,70,70,1,1,0,4,2,2,2,1,1
CLAY COUNTY,077,63 Years,142,71,71,136,67,69,0,0,0,3,2,1,3,2,1
CLAY COUNTY,077,64 Years,153,72,81,149,69,80,0,0,0,1,1,0,3,2,1
CLAY COUNTY,077,65 Years,159,78,81,151,73,78,0,0,0,4,2,2,4,3,1
CLAY COUNTY,077,66 Years,155,77,78,146,73,73,0,0,0,5,2,3,4,2,2
CLAY COUNTY,077,67 Years,119,56,63,112,54,58,0,0,0,4,1,3,3,1,2
CLAY COUNTY,077,68 Years,131,64,67,125,60,65,0,0,0,3,2,1,3,2,1
CLAY COUNTY,077,69 Years,138,66,72,137,65,72,0,0,0,0,0,0,1,1,0
CLAY COUNTY,077,70 Years,134,63,71,129,62,67,0,0,0,2,0,2,3,1,2
CLAY COUNTY,077,71 Years,108,57,51,105,55,50,0,0,0,2,1,1,1,1,0
CLAY COUNTY,077,72 Years,95,49,46,91,48,43,0,0,0,2,1,1,2,0,2
CLAY COUNTY,077,73 Years,88,43,45,83,41,42,0,0,0,2,1,1,3,1,2
CLAY COUNTY,077,74 Years,110,49,61,105,47,58,0,0,0,3,1,2,2,1,1
CLAY COUNTY,077,75 Years,101,52,49,96,49,47,0,0,0,4,2,2,1,1,0
CLAY COUNTY,077,76 Years,83,40,43,79,39,40,0,0,0,2,1,1,2,0,2
CLAY COUNTY,077,77 Years,76,40,36,74,40,34,0,0,0,2,0,2,0,0,0
CLAY COUNTY,077,78 Years,68,37,31,65,35,30,0,0,0,2,1,1,1,1,0
CLAY COUNTY,077,79 Years,69,31,38,66,29,37,0,0,0,2,1,1,1,1,0
CLAY COUNTY,077,80 Years,62,27,35,58,25,33,0,0,0,2,1,1,2,1,1
CLAY COUNTY,077,81 Years,59,27,32,58,27,31,0,0,0,1,0,1,0,0,0
CLAY COUNTY,077,82 Years,50,21,29,49,21,28,0,0,0,1,0,1,0,0,0
CLAY COUNTY,077,83 Years,46,18,28,45,18,27,0,0,0,0,0,0,1,0,1
CLAY COUNTY,077,84 Years,39,17,22,38,16,22,0,0,0,0,0,0,1,1,0
CLAY COUNTY,077,85 Years +,207,87,120,201,82,119,0,0,0,4,3,1,2,2,0
COCHRAN COUNTY,079,All Ages,3013,1480,1533,1251,619,632,107,43,64,37,14,23,1618,804,814
COCHRAN COUNTY,079,< 1 Year,44,24,20,12,6,6,1,1,0,0,0,0,31,17,14
COCHRAN COUNTY,079,1 Years,46,23,23,14,7,7,1,0,1,0,0,0,31,16,15
COCHRAN COUNTY,079,2 Years,44,24,20,15,8,7,1,1,0,0,0,0,28,15,13
COCHRAN COUNTY,079,3 Years,44,26,18,14,6,8,0,0,0,0,0,0,30,20,10
COCHRAN COUNTY,079,4 Years,49,23,26,10,4,6,0,0,0,0,0,0,39,19,20
COCHRAN COUNTY,079,5 Years,44,26,18,12,7,5,0,0,0,1,1,0,31,18,13
COCHRAN COUNTY,079,6 Years,48,20,28,11,4,7,1,0,1,0,0,0,36,16,20
COCHRAN COUNTY,079,7 Years,45,24,21,13,6,7,2,1,1,0,0,0,30,17,13
COCHRAN COUNTY,079,8 Years,46,22,24,13,9,4,2,1,1,1,0,1,30,12,18
COCHRAN COUNTY,079,9 Years,48,20,28,9,6,3,1,0,1,1,0,1,37,14,23
COCHRAN COUNTY,079,10 Years,52,29,23,10,6,4,1,1,0,0,0,0,41,22,19
COCHRAN COUNTY,079,11 Years,46,21,25,12,8,4,0,0,0,0,0,0,34,13,21
COCHRAN COUNTY,079,12 Years,36,14,22,8,4,4,1,0,1,0,0,0,27,10,17
COCHRAN COUNTY,079,13 Years,37,17,20,11,4,7,0,0,0,0,0,0,26,13,13
COCHRAN COUNTY,079,14 Years,53,30,23,18,9,9,1,1,0,1,0,1,33,20,13
COCHRAN COUNTY,079,15 Years,43,23,20,12,7,5,2,2,0,1,1,0,28,13,15
COCHRAN COUNTY,079,16 Years,46,25,21,15,7,8,2,1,1,2,1,1,27,16,11
COCHRAN COUNTY,079,17 Years,49,22,27,17,7,10,2,1,1,1,1,0,29,13,16
COCHRAN COUNTY,079,18 Years,45,21,24,12,6,6,1,1,0,1,0,1,31,14,17
COCHRAN COUNTY,079,19 Years,52,20,32,16,7,9,3,1,2,1,0,1,32,12,20
COCHRAN COUNTY,079,20 Years,54,24,30,17,8,9,3,0,3,0,0,0,34,16,18
COCHRAN COUNTY,079,21 Years,43,20,23,17,11,6,2,0,2,1,1,0,23,8,15
COCHRAN COUNTY,079,22 Years,48,24,24,20,10,10,2,1,1,1,0,1,25,13,12
COCHRAN COUNTY,079,23 Years,40,21,19,16,9,7,1,0,1,0,0,0,23,12,11
COCHRAN COUNTY,079,24 Years,41,21,20,18,10,8,2,2,0,0,0,0,21,9,12
COCHRAN COUNTY,079,25 Years,33,14,19,10,6,4,1,0,1,0,0,0,22,8,14
COCHRAN COUNTY,079,26 Years,39,19,20,12,5,7,1,0,1,0,0,0,26,14,12
COCHRAN COUNTY,079,27 Years,33,18,15,10,4,6,3,3,0,0,0,0,20,11,9
COCHRAN COUNTY,079,28 Years,37,21,16,15,8,7,1,1,0,0,0,0,21,12,9
COCHRAN COUNTY,079,29 Years,38,17,21,16,8,8,1,0,1,0,0,0,21,9,12
COCHRAN COUNTY,079,30 Years,26,13,13,12,6,6,1,1,0,0,0,0,13,6,7
COCHRAN COUNTY,079,31 Years,34,14,20,15,6,9,2,0,2,0,0,0,17,8,9
COCHRAN COUNTY,079,32 Years,40,22,18,10,6,4,1,0,1,0,0,0,29,16,13
COCHRAN COUNTY,079,33 Years,37,20,17,10,4,6,0,0,0,0,0,0,27,16,11
COCHRAN COUNTY,079,34 Years,26,17,9,9,5,4,0,0,0,0,0,0,17,12,5
COCHRAN COUNTY,079,35 Years,28,13,15,6,5,1,0,0,0,1,0,1,21,8,13
COCHRAN COUNTY,079,36 Years,30,16,14,12,6,6,0,0,0,0,0,0,18,10,8
COCHRAN COUNTY,079,37 Years,19,10,9,8,5,3,0,0,0,0,0,0,11,5,6
COCHRAN COUNTY,079,38 Years,22,10,12,9,4,5,0,0,0,0,0,0,13,6,7
COCHRAN COUNTY,079,39 Years,23,9,14,10,2,8,1,1,0,0,0,0,12,6,6
COCHRAN COUNTY,079,40 Years,24,9,15,12,4,8,0,0,0,0,0,0,12,5,7
COCHRAN COUNTY,079,41 Years,28,15,13,10,5,5,2,2,0,0,0,0,16,8,8
COCHRAN COUNTY,079,42 Years,34,17,17,9,4,5,1,1,0,0,0,0,24,12,12
COCHRAN COUNTY,079,43 Years,34,11,23,10,4,6,2,0,2,1,0,1,21,7,14
COCHRAN COUNTY,079,44 Years,30,14,16,10,3,7,1,1,0,0,0,0,19,10,9
COCHRAN COUNTY,079,45 Years,44,24,20,18,10,8,5,2,3,0,0,0,21,12,9
COCHRAN COUNTY,079,46 Years,32,19,13,13,9,4,2,0,2,1,0,1,16,10,6
COCHRAN COUNTY,079,47 Years,29,14,15,14,6,8,1,0,1,1,0,1,13,8,5
COCHRAN COUNTY,079,48 Years,41,20,21,18,7,11,1,1,0,1,1,0,21,11,10
COCHRAN COUNTY,079,49 Years,39,17,22,14,6,8,1,0,1,1,0,1,23,11,12
COCHRAN COUNTY,079,50 Years,48,26,22,21,12,9,3,0,3,0,0,0,24,14,10
COCHRAN COUNTY,079,51 Years,46,26,20,23,13,10,2,1,1,1,0,1,20,12,8
COCHRAN COUNTY,079,52 Years,41,20,21,22,11,11,2,0,2,1,0,1,16,9,7
COCHRAN COUNTY,079,53 Years,39,24,15,19,12,7,1,1,0,1,0,1,18,11,7
COCHRAN COUNTY,079,54 Years,38,19,19,18,8,10,2,1,1,1,1,0,17,9,8
COCHRAN COUNTY,079,55 Years,31,15,16,18,9,9,1,1,0,1,0,1,11,5,6
COCHRAN COUNTY,079,56 Years,36,14,22,22,10,12,3,1,2,0,0,0,11,3,8
COCHRAN COUNTY,079,57 Years,47,26,21,29,17,12,1,1,0,0,0,0,17,8,9
COCHRAN COUNTY,079,58 Years,45,23,22,29,17,12,1,0,1,1,0,1,14,6,8
COCHRAN COUNTY,079,59 Years,39,19,20,21,12,9,1,0,1,1,0,1,16,7,9
COCHRAN COUNTY,079,60 Years,30,16,14,16,8,8,1,0,1,0,0,0,13,8,5
COCHRAN COUNTY,079,61 Years,32,15,17,17,8,9,0,0,0,2,1,1,13,6,7
COCHRAN COUNTY,079,62 Years,32,19,13,18,10,8,1,1,0,1,1,0,12,7,5
COCHRAN COUNTY,079,63 Years,31,16,15,17,8,9,1,0,1,1,0,1,12,8,4
COCHRAN COUNTY,079,64 Years,33,18,15,12,8,4,2,1,1,1,0,1,18,9,9
COCHRAN COUNTY,079,65 Years,30,13,17,15,7,8,1,0,1,1,1,0,13,5,8
COCHRAN COUNTY,079,66 Years,32,16,16,19,9,10,2,1,1,0,0,0,11,6,5
COCHRAN COUNTY,079,67 Years,26,14,12,12,7,5,1,0,1,1,1,0,12,6,6
COCHRAN COUNTY,079,68 Years,26,12,14,15,5,10,1,1,0,0,0,0,10,6,4
COCHRAN COUNTY,079,69 Years,26,15,11,15,8,7,0,0,0,1,1,0,10,6,4
COCHRAN COUNTY,079,70 Years,21,13,8,11,6,5,0,0,0,1,1,0,9,6,3
COCHRAN COUNTY,079,71 Years,20,8,12,11,3,8,1,0,1,0,0,0,8,5,3
COCHRAN COUNTY,079,72 Years,29,11,18,19,8,11,2,1,1,0,0,0,8,2,6
COCHRAN COUNTY,079,73 Years,20,9,11,12,7,5,1,0,1,0,0,0,7,2,5
COCHRAN COUNTY,079,74 Years,24,10,14,14,6,8,1,0,1,2,1,1,7,3,4
COCHRAN COUNTY,079,75 Years,28,12,16,19,8,11,1,0,1,0,0,0,8,4,4
COCHRAN COUNTY,079,76 Years,25,11,14,17,8,9,1,1,0,0,0,0,7,2,5
COCHRAN COUNTY,079,77 Years,33,15,18,21,10,11,2,1,1,0,0,0,10,4,6
COCHRAN COUNTY,079,78 Years,23,12,11,14,8,6,2,0,2,0,0,0,7,4,3
COCHRAN COUNTY,079,79 Years,20,8,12,12,5,7,4,1,3,0,0,0,4,2,2
COCHRAN COUNTY,079,80 Years,17,5,12,10,3,7,1,0,1,1,0,1,5,2,3
COCHRAN COUNTY,079,81 Years,16,7,9,11,5,6,1,0,1,0,0,0,4,2,2
COCHRAN COUNTY,079,82 Years,16,6,10,12,5,7,1,0,1,0,0,0,3,1,2
COCHRAN COUNTY,079,83 Years,12,6,6,11,5,6,0,0,0,0,0,0,1,1,0
COCHRAN COUNTY,079,84 Years,11,5,6,10,5,5,0,0,0,0,0,0,1,0,1
COCHRAN COUNTY,079,85 Years +,47,19,28,35,14,21,2,1,1,0,0,0,10,4,6
COKE COUNTY,081,All Ages,3263,1601,1662,2565,1240,1325,5,3,2,63,35,28,630,323,307
COKE COUNTY,081,< 1 Year,29,15,14,19,10,9,0,0,0,1,1,0,9,4,5
COKE COUNTY,081,1 Years,28,13,15,17,8,9,0,0,0,1,0,1,10,5,5
COKE COUNTY,081,2 Years,28,15,13,18,9,9,0,0,0,1,1,0,9,5,4
COKE COUNTY,081,3 Years,32,15,17,23,9,14,1,0,1,1,1,0,7,5,2
COKE COUNTY,081,4 Years,27,14,13,18,6,12,0,0,0,0,0,0,9,8,1
COKE COUNTY,081,5 Years,35,20,15,24,14,10,0,0,0,0,0,0,11,6,5
COKE COUNTY,081,6 Years,34,21,13,23,15,8,0,0,0,1,0,1,10,6,4
COKE COUNTY,081,7 Years,35,19,16,23,14,9,0,0,0,0,0,0,12,5,7
COKE COUNTY,081,8 Years,28,18,10,16,10,6,0,0,0,0,0,0,12,8,4
COKE COUNTY,081,9 Years,28,10,18,17,6,11,0,0,0,0,0,0,11,4,7
COKE COUNTY,081,10 Years,36,13,23,24,9,15,0,0,0,0,0,0,12,4,8
COKE COUNTY,081,11 Years,44,19,25,29,13,16,0,0,0,2,1,1,13,5,8
COKE COUNTY,081,12 Years,51,25,26,36,17,19,0,0,0,1,1,0,14,7,7
COKE COUNTY,081,13 Years,50,23,27,36,15,21,0,0,0,1,1,0,13,7,6
COKE COUNTY,081,14 Years,39,21,18,32,17,15,0,0,0,0,0,0,7,4,3
COKE COUNTY,081,15 Years,38,16,22,28,10,18,0,0,0,1,1,0,9,5,4
COKE COUNTY,081,16 Years,42,23,19,29,16,13,0,0,0,2,0,2,11,7,4
COKE COUNTY,081,17 Years,40,22,18,29,16,13,0,0,0,2,1,1,9,5,4
COKE COUNTY,081,18 Years,42,21,21,28,13,15,0,0,0,2,1,1,12,7,5
COKE COUNTY,081,19 Years,34,19,15,24,13,11,0,0,0,0,0,0,10,6,4
COKE COUNTY,081,20 Years,45,27,18,27,18,9,0,0,0,4,2,2,14,7,7
COKE COUNTY,081,21 Years,37,24,13,21,15,6,1,1,0,1,1,0,14,7,7
COKE COUNTY,081,22 Years,26,16,10,15,9,6,0,0,0,1,1,0,10,6,4
COKE COUNTY,081,23 Years,26,14,12,16,8,8,1,1,0,0,0,0,9,5,4
COKE COUNTY,081,24 Years,29,15,14,20,10,10,1,1,0,0,0,0,8,4,4
COKE COUNTY,081,25 Years,21,13,8,15,10,5,0,0,0,1,1,0,5,2,3
COKE COUNTY,081,26 Years,21,12,9,11,6,5,0,0,0,1,0,1,9,6,3
COKE COUNTY,081,27 Years,25,14,11,16,8,8,0,0,0,2,2,0,7,4,3
COKE COUNTY,081,28 Years,27,16,11,19,9,10,0,0,0,2,2,0,6,5,1
COKE COUNTY,081,29 Years,37,23,14,30,18,12,0,0,0,0,0,0,7,5,2
COKE COUNTY,081,30 Years,25,13,12,21,11,10,0,0,0,0,0,0,4,2,2
COKE COUNTY,081,31 Years,27,10,17,23,10,13,0,0,0,2,0,2,2,0,2
COKE COUNTY,081,32 Years,29,14,15,21,9,12,0,0,0,1,0,1,7,5,2
COKE COUNTY,081,33 Years,28,12,16,19,8,11,0,0,0,2,0,2,7,4,3
COKE COUNTY,081,34 Years,29,13,16,23,11,12,0,0,0,1,0,1,5,2,3
COKE COUNTY,081,35 Years,27,12,15,21,10,11,0,0,0,1,0,1,5,2,3
COKE COUNTY,081,36 Years,26,13,13,22,11,11,0,0,0,0,0,0,4,2,2
COKE COUNTY,081,37 Years,27,13,14,20,11,9,0,0,0,1,0,1,6,2,4
COKE COUNTY,081,38 Years,29,14,15,23,12,11,0,0,0,1,1,0,5,1,4
COKE COUNTY,081,39 Years,23,10,13,18,8,10,0,0,0,0,0,0,5,2,3
COKE COUNTY,081,40 Years,27,12,15,20,10,10,0,0,0,1,0,1,6,2,4
COKE COUNTY,081,41 Years,25,8,17,21,7,14,0,0,0,0,0,0,4,1,3
COKE COUNTY,081,42 Years,24,12,12,18,9,9,0,0,0,0,0,0,6,3,3
COKE COUNTY,081,43 Years,31,16,15,24,12,12,0,0,0,0,0,0,7,4,3
COKE COUNTY,081,44 Years,40,22,18,32,17,15,0,0,0,0,0,0,8,5,3
COKE COUNTY,081,45 Years,36,19,17,24,13,11,0,0,0,0,0,0,12,6,6
COKE COUNTY,081,46 Years,39,22,17,28,16,12,0,0,0,0,0,0,11,6,5
COKE COUNTY,081,47 Years,36,18,18,22,10,12,0,0,0,0,0,0,14,8,6
COKE COUNTY,081,48 Years,57,21,36,46,16,30,0,0,0,0,0,0,11,5,6
COKE COUNTY,081,49 Years,51,23,28,39,19,20,0,0,0,2,0,2,10,4,6
COKE COUNTY,081,50 Years,46,23,23,35,17,18,1,0,1,0,0,0,10,6,4
COKE COUNTY,081,51 Years,52,27,25,40,20,20,0,0,0,2,1,1,10,6,4
COKE COUNTY,081,52 Years,52,26,26,43,21,22,0,0,0,1,1,0,8,4,4
COKE COUNTY,081,53 Years,44,20,24,30,14,16,0,0,0,1,1,0,13,5,8
COKE COUNTY,081,54 Years,49,23,26,38,18,20,0,0,0,2,2,0,9,3,6
COKE COUNTY,081,55 Years,48,24,24,39,19,20,0,0,0,2,2,0,7,3,4
COKE COUNTY,081,56 Years,50,26,24,42,22,20,0,0,0,0,0,0,8,4,4
COKE COUNTY,081,57 Years,45,22,23,39,18,21,0,0,0,0,0,0,6,4,2
COKE COUNTY,081,58 Years,45,25,20,40,22,18,0,0,0,0,0,0,5,3,2
COKE COUNTY,081,59 Years,56,27,29,45,22,23,0,0,0,1,1,0,10,4,6
COKE COUNTY,081,60 Years,49,24,25,42,21,21,0,0,0,0,0,0,7,3,4
COKE COUNTY,081,61 Years,45,22,23,40,19,21,0,0,0,0,0,0,5,3,2
COKE COUNTY,081,62 Years,49,27,22,47,25,22,0,0,0,0,0,0,2,2,0
COKE COUNTY,081,63 Years,46,21,25,41,19,22,0,0,0,1,1,0,4,1,3
COKE COUNTY,081,64 Years,53,25,28,44,20,24,0,0,0,1,1,0,8,4,4
COKE COUNTY,081,65 Years,52,22,30,46,19,27,0,0,0,1,1,0,5,2,3
COKE COUNTY,081,66 Years,51,23,28,42,20,22,0,0,0,1,0,1,8,3,5
COKE COUNTY,081,67 Years,35,12,23,28,10,18,0,0,0,2,1,1,5,1,4
COKE COUNTY,081,68 Years,49,21,28,44,19,25,0,0,0,2,1,1,3,1,2
COKE COUNTY,081,69 Years,53,29,24,46,25,21,0,0,0,2,1,1,5,3,2
COKE COUNTY,081,70 Years,52,25,27,46,23,23,0,0,0,1,1,0,5,1,4
COKE COUNTY,081,71 Years,45,20,25,40,16,24,0,0,0,0,0,0,5,4,1
COKE COUNTY,081,72 Years,48,20,28,43,17,26,0,0,0,1,0,1,4,3,1
COKE COUNTY,081,73 Years,44,24,20,42,23,19,0,0,0,0,0,0,2,1,1
COKE COUNTY,081,74 Years,41,23,18,40,23,17,0,0,0,1,0,1,0,0,0
COKE COUNTY,081,75 Years,38,17,21,36,16,20,0,0,0,0,0,0,2,1,1
COKE COUNTY,081,76 Years,39,23,16,35,20,15,0,0,0,1,1,0,3,2,1
COKE COUNTY,081,77 Years,38,18,20,34,18,16,0,0,0,0,0,0,4,0,4
COKE COUNTY,081,78 Years,34,15,19,30,14,16,0,0,0,0,0,0,4,1,3
COKE COUNTY,081,79 Years,30,16,14,27,14,13,0,0,0,0,0,0,3,2,1
COKE COUNTY,081,80 Years,23,14,9,21,12,9,0,0,0,0,0,0,2,2,0
COKE COUNTY,081,81 Years,23,9,14,22,8,14,0,0,0,0,0,0,1,1,0
COKE COUNTY,081,82 Years,31,17,14,27,13,14,0,0,0,0,0,0,4,4,0
COKE COUNTY,081,83 Years,35,15,20,33,14,19,0,0,0,0,0,0,2,1,1
COKE COUNTY,081,84 Years,22,9,13,19,8,11,0,0,0,0,0,0,3,1,2
COKE COUNTY,081,85 Years +,101,34,67,91,30,61,0,0,0,0,0,0,10,4,6
COLEMAN COUNTY,083,All Ages,8830,4474,4356,6962,3520,3442,188,99,89,171,87,84,1509,768,741
COLEMAN COUNTY,083,< 1 Year,97,48,49,69,34,35,2,1,1,3,1,2,23,12,11
COLEMAN COUNTY,083,1 Years,97,50,47,69,35,34,2,1,1,2,1,1,24,13,11
COLEMAN COUNTY,083,2 Years,97,50,47,69,35,34,2,1,1,2,1,1,24,13,11
COLEMAN COUNTY,083,3 Years,99,50,49,66,32,34,5,2,3,2,1,1,26,15,11
COLEMAN COUNTY,083,4 Years,95,44,51,65,29,36,3,1,2,2,0,2,25,14,11
COLEMAN COUNTY,083,5 Years,100,52,48,69,37,32,1,0,1,4,2,2,26,13,13
COLEMAN COUNTY,083,6 Years,114,58,56,68,33,35,3,2,1,4,2,2,39,21,18
COLEMAN COUNTY,083,7 Years,90,42,48,56,27,29,2,1,1,6,3,3,26,11,15
COLEMAN COUNTY,083,8 Years,105,56,49,73,40,33,2,1,1,3,2,1,27,13,14
COLEMAN COUNTY,083,9 Years,108,58,50,75,39,36,2,2,0,4,2,2,27,15,12
COLEMAN COUNTY,083,10 Years,115,59,56,82,42,40,4,1,3,2,2,0,27,14,13
COLEMAN COUNTY,083,11 Years,103,54,49,71,41,30,2,1,1,1,1,0,29,11,18
COLEMAN COUNTY,083,12 Years,107,60,47,80,45,35,1,1,0,1,1,0,25,13,12
COLEMAN COUNTY,083,13 Years,108,61,47,72,43,29,5,2,3,5,4,1,26,12,14
COLEMAN COUNTY,083,14 Years,130,81,49,90,59,31,1,0,1,3,2,1,36,20,16
COLEMAN COUNTY,083,15 Years,116,64,52,80,44,36,0,0,0,4,4,0,32,16,16
COLEMAN COUNTY,083,16 Years,110,56,54,75,36,39,3,3,0,4,3,1,28,14,14
COLEMAN COUNTY,083,17 Years,117,59,58,86,44,42,2,2,0,2,2,0,27,11,16
COLEMAN COUNTY,083,18 Years,92,53,39,62,36,26,1,1,0,1,1,0,28,15,13
COLEMAN COUNTY,083,19 Years,90,53,37,65,37,28,3,2,1,1,1,0,21,13,8
COLEMAN COUNTY,083,20 Years,111,61,50,77,39,38,6,4,2,3,2,1,25,16,9
COLEMAN COUNTY,083,21 Years,111,50,61,81,37,44,3,1,2,1,1,0,26,11,15
COLEMAN COUNTY,083,22 Years,89,46,43,66,33,33,3,2,1,1,0,1,19,11,8
COLEMAN COUNTY,083,23 Years,86,39,47,64,29,35,3,2,1,1,0,1,18,8,10
COLEMAN COUNTY,083,24 Years,78,42,36,54,31,23,1,1,0,1,0,1,22,10,12
COLEMAN COUNTY,083,25 Years,76,39,37,50,24,26,2,1,1,1,0,1,23,14,9
COLEMAN COUNTY,083,26 Years,80,34,46,58,19,39,3,1,2,2,1,1,17,13,4
COLEMAN COUNTY,083,27 Years,84,35,49,59,23,36,1,0,1,2,1,1,22,11,11
COLEMAN COUNTY,083,28 Years,73,34,39,54,24,30,1,0,1,1,1,0,17,9,8
COLEMAN COUNTY,083,29 Years,83,45,38,63,34,29,1,0,1,2,2,0,17,9,8
COLEMAN COUNTY,083,30 Years,77,39,38,55,28,27,2,2,0,2,0,2,18,9,9
COLEMAN COUNTY,083,31 Years,70,36,34,54,29,25,1,0,1,3,1,2,12,6,6
COLEMAN COUNTY,083,32 Years,69,36,33,53,29,24,1,0,1,0,0,0,15,7,8
COLEMAN COUNTY,083,33 Years,66,38,28,44,25,19,2,1,1,1,0,1,19,12,7
COLEMAN COUNTY,083,34 Years,75,42,33,53,28,25,1,1,0,1,1,0,20,12,8
COLEMAN COUNTY,083,35 Years,69,34,35,53,26,27,2,1,1,0,0,0,14,7,7
COLEMAN COUNTY,083,36 Years,84,38,46,67,31,36,1,0,1,2,0,2,14,7,7
COLEMAN COUNTY,083,37 Years,88,39,49,65,30,35,2,0,2,2,0,2,19,9,10
COLEMAN COUNTY,083,38 Years,93,45,48,69,35,34,2,1,1,2,1,1,20,8,12
COLEMAN COUNTY,083,39 Years,93,44,49,72,36,36,3,2,1,1,1,0,17,5,12
COLEMAN COUNTY,083,40 Years,94,42,52,70,31,39,1,1,0,3,2,1,20,8,12
COLEMAN COUNTY,083,41 Years,98,45,53,74,32,42,4,3,1,1,0,1,19,10,9
COLEMAN COUNTY,083,42 Years,115,57,58,91,45,46,3,1,2,3,2,1,18,9,9
COLEMAN COUNTY,083,43 Years,104,53,51,85,42,43,1,1,0,3,1,2,15,9,6
COLEMAN COUNTY,083,44 Years,96,54,42,72,42,30,2,1,1,1,0,1,21,11,10
COLEMAN COUNTY,083,45 Years,102,53,49,74,39,35,3,1,2,5,2,3,20,11,9
COLEMAN COUNTY,083,46 Years,94,56,38,72,44,28,2,1,1,4,0,4,16,11,5
COLEMAN COUNTY,083,47 Years,94,52,42,72,40,32,4,2,2,1,0,1,17,10,7
COLEMAN COUNTY,083,48 Years,97,54,43,73,42,31,3,1,2,2,0,2,19,11,8
COLEMAN COUNTY,083,49 Years,125,66,59,100,52,48,3,2,1,2,0,2,20,12,8
COLEMAN COUNTY,083,50 Years,116,58,58,97,49,48,3,1,2,1,0,1,15,8,7
COLEMAN COUNTY,083,51 Years,128,66,62,106,56,50,3,2,1,2,0,2,17,8,9
COLEMAN COUNTY,083,52 Years,134,70,64,106,57,49,3,2,1,1,0,1,24,11,13
COLEMAN COUNTY,083,53 Years,144,81,63,125,71,54,4,3,1,1,0,1,14,7,7
COLEMAN COUNTY,083,54 Years,144,77,67,125,66,59,3,2,1,3,1,2,13,8,5
COLEMAN COUNTY,083,55 Years,134,71,63,113,59,54,4,1,3,5,3,2,12,8,4
COLEMAN COUNTY,083,56 Years,123,64,59,103,54,49,3,0,3,5,3,2,12,7,5
COLEMAN COUNTY,083,57 Years,150,81,69,132,72,60,3,2,1,4,3,1,11,4,7
COLEMAN COUNTY,083,58 Years,144,76,68,125,69,56,4,2,2,3,2,1,12,3,9
COLEMAN COUNTY,083,59 Years,133,65,68,117,59,58,3,2,1,3,2,1,10,2,8
COLEMAN COUNTY,083,60 Years,122,56,66,107,49,58,3,1,2,1,1,0,11,5,6
COLEMAN COUNTY,083,61 Years,122,55,67,106,47,59,2,1,1,1,0,1,13,7,6
COLEMAN COUNTY,083,62 Years,121,55,66,108,48,60,3,3,0,2,0,2,8,4,4
COLEMAN COUNTY,083,63 Years,128,57,71,109,47,62,2,1,1,1,1,0,16,8,8
COLEMAN COUNTY,083,64 Years,143,68,75,123,60,63,3,1,2,2,0,2,15,7,8
COLEMAN COUNTY,083,65 Years,153,74,79,133,61,72,1,1,0,1,1,0,18,11,7
COLEMAN COUNTY,083,66 Years,131,66,65,114,56,58,1,1,0,1,0,1,15,9,6
COLEMAN COUNTY,083,67 Years,114,62,52,94,52,42,2,1,1,3,2,1,15,7,8
COLEMAN COUNTY,083,68 Years,124,63,61,100,49,51,3,3,0,3,3,0,18,8,10
COLEMAN COUNTY,083,69 Years,117,56,61,98,48,50,2,1,1,3,2,1,14,5,9
COLEMAN COUNTY,083,70 Years,108,63,45,94,56,38,2,1,1,1,1,0,11,5,6
COLEMAN COUNTY,083,71 Years,105,63,42,89,53,36,1,1,0,1,0,1,14,9,5
COLEMAN COUNTY,083,72 Years,101,54,47,85,47,38,1,0,1,1,0,1,14,7,7
COLEMAN COUNTY,083,73 Years,93,46,47,82,41,41,1,1,0,1,1,0,9,3,6
COLEMAN COUNTY,083,74 Years,84,40,44,72,34,38,4,3,1,0,0,0,8,3,5
COLEMAN COUNTY,083,75 Years,90,50,40,81,43,38,3,2,1,1,1,0,5,4,1
COLEMAN COUNTY,083,76 Years,83,43,40,71,37,34,2,0,2,3,2,1,7,4,3
COLEMAN COUNTY,083,77 Years,83,39,44,74,35,39,1,0,1,1,1,0,7,3,4
COLEMAN COUNTY,083,78 Years,80,37,43,72,34,38,1,0,1,1,1,0,6,2,4
COLEMAN COUNTY,083,79 Years,69,32,37,62,29,33,0,0,0,2,1,1,5,2,3
COLEMAN COUNTY,083,80 Years,65,30,35,61,28,33,1,0,1,0,0,0,3,2,1
COLEMAN COUNTY,083,81 Years,65,28,37,62,26,36,0,0,0,0,0,0,3,2,1
COLEMAN COUNTY,083,82 Years,59,23,36,52,20,32,1,1,0,0,0,0,6,2,4
COLEMAN COUNTY,083,83 Years,60,24,36,54,22,32,0,0,0,0,0,0,6,2,4
COLEMAN COUNTY,083,84 Years,58,24,34,52,23,29,0,0,0,1,0,1,5,1,4
COLEMAN COUNTY,083,85 Years +,238,101,137,222,96,126,2,0,2,2,0,2,12,5,7
COLLIN COUNTY,085,All Ages,854036,419048,434988,513879,252671,261208,75187,35037,40150,127868,62248,65620,137102,69092,68010
COLLIN COUNTY,085,< 1 Year,10909,5534,5375,5640,2873,2767,938,476,462,2164,1093,1071,2167,1092,1075
COLLIN COUNTY,085,1 Years,10486,5342,5144,5645,2876,2769,919,467,452,1744,888,856,2178,1111,1067
COLLIN COUNTY,085,2 Years,10418,5307,5111,5644,2876,2768,894,454,440,1798,914,884,2082,1063,1019
COLLIN COUNTY,085,3 Years,10805,5492,5313,5569,2834,2735,937,454,483,2010,1034,976,2289,1170,1119
COLLIN COUNTY,085,4 Years,11455,5852,5603,5749,2959,2790,956,468,488,2220,1133,1087,2530,1292,1238
COLLIN COUNTY,085,5 Years,12180,6168,6012,6113,3108,3005,1054,531,523,2405,1203,1202,2608,1326,1282
COLLIN COUNTY,085,6 Years,12574,6412,6162,6356,3247,3109,1104,567,537,2460,1246,1214,2654,1352,1302
COLLIN COUNTY,085,7 Years,13215,6727,6488,6784,3507,3277,1154,588,566,2549,1267,1282,2728,1365,1363
COLLIN COUNTY,085,8 Years,13883,7076,6807,7206,3717,3489,1211,610,601,2611,1299,1312,2855,1450,1405
COLLIN COUNTY,085,9 Years,14359,7360,6999,7530,3903,3627,1214,622,592,2701,1340,1361,2914,1495,1419
COLLIN COUNTY,085,10 Years,14520,7424,7096,7713,3984,3729,1269,669,600,2608,1293,1315,2930,1478,1452
COLLIN COUNTY,085,11 Years,14628,7416,7212,7812,3981,3831,1343,694,649,2524,1264,1260,2949,1477,1472
COLLIN COUNTY,085,12 Years,14767,7490,7277,7840,4007,3833,1420,709,711,2479,1254,1225,3028,1520,1508
COLLIN COUNTY,085,13 Years,14960,7524,7436,7956,4006,3950,1443,697,746,2540,1299,1241,3021,1522,1499
COLLIN COUNTY,085,14 Years,14597,7449,7148,7801,4025,3776,1454,718,736,2432,1245,1187,2910,1461,1449
COLLIN COUNTY,085,15 Years,14181,7299,6882,7578,3914,3664,1451,756,695,2314,1186,1128,2838,1443,1395
COLLIN COUNTY,085,16 Years,13735,6941,6794,7343,3701,3642,1387,688,699,2283,1175,1108,2722,1377,1345
COLLIN COUNTY,085,17 Years,13390,6841,6549,7300,3754,3546,1343,682,661,2126,1066,1060,2621,1339,1282
COLLIN COUNTY,085,18 Years,12583,6522,6061,6807,3550,3257,1351,707,644,1883,956,927,2542,1309,1233
COLLIN COUNTY,085,19 Years,11143,5797,5346,5882,3052,2830,1271,652,619,1607,825,782,2383,1268,1115
COLLIN COUNTY,085,20 Years,10449,5402,5047,5497,2809,2688,1238,623,615,1430,723,707,2284,1247,1037
COLLIN COUNTY,085,21 Years,9724,5121,4603,5049,2634,2415,1157,578,579,1289,657,632,2229,1252,977
COLLIN COUNTY,085,22 Years,8433,4451,3982,4208,2216,1992,1021,499,522,1095,567,528,2109,1169,940
COLLIN COUNTY,085,23 Years,8099,4171,3928,4147,2135,2012,926,454,472,1006,500,506,2020,1082,938
COLLIN COUNTY,085,24 Years,7942,4115,3827,4101,2105,1996,888,436,452,1034,533,501,1919,1041,878
COLLIN COUNTY,085,25 Years,8183,4105,4078,4167,2064,2103,868,416,452,1117,522,595,2031,1103,928
COLLIN COUNTY,085,26 Years,8717,4375,4342,4493,2197,2296,929,455,474,1185,545,640,2110,1178,932
COLLIN COUNTY,085,27 Years,9403,4682,4721,5059,2481,2578,891,418,473,1265,588,677,2188,1195,993
COLLIN COUNTY,085,28 Years,10041,4946,5095,5566,2704,2862,892,405,487,1420,662,758,2163,1175,988
COLLIN COUNTY,085,29 Years,10537,5166,5371,5906,2868,3038,928,419,509,1569,742,827,2134,1137,997
COLLIN COUNTY,085,30 Years,11377,5567,5810,6353,3115,3238,1073,479,594,1662,793,869,2289,1180,1109
COLLIN COUNTY,085,31 Years,11870,5749,6121,6617,3220,3397,1091,489,602,1759,806,953,2403,1234,1169
COLLIN COUNTY,085,32 Years,12190,5873,6317,6803,3304,3499,1193,514,679,1781,822,959,2413,1233,1180
COLLIN COUNTY,085,33 Years,12902,6187,6715,7224,3514,3710,1327,564,763,1888,868,1020,2463,1241,1222
COLLIN COUNTY,085,34 Years,13028,6231,6797,7272,3499,3773,1318,568,750,2038,937,1101,2400,1227,1173
COLLIN COUNTY,085,35 Years,13428,6431,6997,7552,3724,3828,1259,511,748,2156,950,1206,2461,1246,1215
COLLIN COUNTY,085,36 Years,13584,6404,7180,7530,3633,3897,1255,539,716,2286,1007,1279,2513,1225,1288
COLLIN COUNTY,085,37 Years,13775,6454,7321,7510,3653,3857,1318,554,764,2422,1052,1370,2525,1195,1330
COLLIN COUNTY,085,38 Years,14346,6767,7579,7856,3800,4056,1407,604,803,2579,1160,1419,2504,1203,1301
COLLIN COUNTY,085,39 Years,14450,6906,7544,7880,3891,3989,1462,626,836,2614,1194,1420,2494,1195,1299
COLLIN COUNTY,085,40 Years,14678,7065,7613,8073,4022,4051,1488,642,846,2656,1223,1433,2461,1178,1283
COLLIN COUNTY,085,41 Years,15251,7354,7897,8707,4371,4336,1523,666,857,2657,1222,1435,2364,1095,1269
COLLIN COUNTY,085,42 Years,15895,7659,8236,9373,4648,4725,1584,690,894,2610,1239,1371,2328,1082,1246
COLLIN COUNTY,085,43 Years,15495,7572,7923,9169,4513,4656,1480,687,793,2596,1291,1305,2250,1081,1169
COLLIN COUNTY,085,44 Years,14830,7359,7471,8890,4437,4453,1382,640,742,2518,1268,1250,2040,1014,1026
COLLIN COUNTY,085,45 Years,13973,6889,7084,8421,4201,4220,1311,578,733,2309,1164,1145,1932,946,986
COLLIN COUNTY,085,46 Years,13347,6619,6728,8115,4051,4064,1239,549,690,2130,1088,1042,1863,931,932
COLLIN COUNTY,085,47 Years,13253,6528,6725,8096,3946,4150,1221,566,655,2129,1102,1027,1807,914,893
COLLIN COUNTY,085,48 Years,13742,6744,6998,8676,4228,4448,1249,564,685,2078,1084,994,1739,868,871
COLLIN COUNTY,085,49 Years,13935,6946,6989,9008,4522,4486,1219,552,667,2063,1053,1010,1645,819,826
COLLIN COUNTY,085,50 Years,13656,6767,6889,9054,4506,4548,1190,565,625,1909,966,943,1503,730,773
COLLIN COUNTY,085,51 Years,13092,6539,6553,8876,4455,4421,1154,539,615,1642,844,798,1420,701,719
COLLIN COUNTY,085,52 Years,12625,6309,6316,8705,4378,4327,1107,520,587,1511,774,737,1302,637,665
COLLIN COUNTY,085,53 Years,12090,6097,5993,8453,4280,4173,1046,500,546,1389,701,688,1202,616,586
COLLIN COUNTY,085,54 Years,11387,5706,5681,8053,4103,3950,961,441,520,1269,628,641,1104,534,570
COLLIN COUNTY,085,55 Years,10758,5237,5521,7702,3756,3946,874,384,490,1189,604,585,993,493,500
COLLIN COUNTY,085,56 Years,10435,5080,5355,7501,3697,3804,839,353,486,1184,575,609,911,455,456
COLLIN COUNTY,085,57 Years,9756,4713,5043,7035,3416,3619,775,358,417,1123,551,572,823,388,435
COLLIN COUNTY,085,58 Years,9396,4498,4898,6854,3263,3591,676,317,359,1050,519,531,816,399,417
COLLIN COUNTY,085,59 Years,8812,4229,4583,6500,3130,3370,608,282,326,959,455,504,745,362,383
COLLIN COUNTY,085,60 Years,8371,4005,4366,6175,2999,3176,573,246,327,939,433,506,684,327,357
COLLIN COUNTY,085,61 Years,7886,3685,4201,5910,2801,3109,516,208,308,865,393,472,595,283,312
COLLIN COUNTY,085,62 Years,7449,3435,4014,5544,2570,2974,511,215,296,861,396,465,533,254,279
COLLIN COUNTY,085,63 Years,7244,3334,3910,5396,2498,2898,469,207,262,857,374,483,522,255,267
COLLIN COUNTY,085,64 Years,7190,3295,3895,5533,2588,2945,434,163,271,758,341,417,465,203,262
COLLIN COUNTY,085,65 Years,7236,3309,3927,5683,2654,3029,404,155,249,733,328,405,416,172,244
COLLIN COUNTY,085,66 Years,7166,3322,3844,5715,2705,3010,366,159,207,693,296,397,392,162,230
COLLIN COUNTY,085,67 Years,5767,2684,3083,4535,2150,2385,302,138,164,569,251,318,361,145,216
COLLIN COUNTY,085,68 Years,5151,2400,2751,4053,1911,2142,251,104,147,524,248,276,323,137,186
COLLIN COUNTY,085,69 Years,4979,2287,2692,3984,1842,2142,220,95,125,475,216,259,300,134,166
COLLIN COUNTY,085,70 Years,4857,2280,2577,3901,1855,2046,204,90,114,470,209,261,282,126,156
COLLIN COUNTY,085,71 Years,4381,2042,2339,3504,1661,1843,178,77,101,443,195,248,256,109,147
COLLIN COUNTY,085,72 Years,3817,1722,2095,3032,1376,1656,161,67,94,401,176,225,223,103,120
COLLIN COUNTY,085,73 Years,3509,1582,1927,2786,1267,1519,135,52,83,399,178,221,189,85,104
COLLIN COUNTY,085,74 Years,3212,1469,1743,2518,1165,1353,107,44,63,399,185,214,188,75,113
COLLIN COUNTY,085,75 Years,2969,1351,1618,2340,1076,1264,106,39,67,332,156,176,191,80,111
COLLIN COUNTY,085,76 Years,2688,1220,1468,2126,976,1150,92,38,54,308,136,172,162,70,92
COLLIN COUNTY,085,77 Years,2540,1133,1407,2020,912,1108,94,33,61,286,129,157,140,59,81
COLLIN COUNTY,085,78 Years,2296,999,1297,1835,795,1040,83,30,53,231,104,127,147,70,77
COLLIN COUNTY,085,79 Years,2035,866,1169,1656,712,944,62,13,49,193,87,106,124,54,70
COLLIN COUNTY,085,80 Years,1854,781,1073,1536,654,882,52,13,39,169,74,95,97,40,57
COLLIN COUNTY,085,81 Years,1711,700,1011,1431,593,838,52,16,36,141,59,82,87,32,55
COLLIN COUNTY,085,82 Years,1667,657,1010,1409,555,854,36,8,28,137,61,76,85,33,52
COLLIN COUNTY,085,83 Years,1475,584,891,1236,487,749,36,12,24,122,54,68,81,31,50
COLLIN COUNTY,085,84 Years,1244,481,763,1036,403,633,43,9,34,96,40,56,69,29,40
COLLIN COUNTY,085,85 Years +,7670,2439,5231,6666,2103,4563,220,53,167,443,170,273,341,113,228
COLLINGSWORTH COUNTY,087,All Ages,2958,1454,1504,1815,903,912,111,44,67,88,43,45,944,464,480
COLLINGSWORTH COUNTY,087,< 1 Year,39,20,19,16,9,7,2,1,1,1,1,0,20,9,11
COLLINGSWORTH COUNTY,087,1 Years,38,19,19,16,8,8,1,0,1,1,1,0,20,10,10
COLLINGSWORTH COUNTY,087,2 Years,39,23,16,18,10,8,1,1,0,1,1,0,19,11,8
COLLINGSWORTH COUNTY,087,3 Years,51,25,26,21,11,10,2,0,2,3,2,1,25,12,13
COLLINGSWORTH COUNTY,087,4 Years,50,24,26,24,13,11,0,0,0,3,0,3,23,11,12
COLLINGSWORTH COUNTY,087,5 Years,45,18,27,21,7,14,0,0,0,1,0,1,23,11,12
COLLINGSWORTH COUNTY,087,6 Years,49,29,20,25,14,11,0,0,0,0,0,0,24,15,9
COLLINGSWORTH COUNTY,087,7 Years,50,29,21,19,10,9,0,0,0,1,1,0,30,18,12
COLLINGSWORTH COUNTY,087,8 Years,44,25,19,15,9,6,1,0,1,1,1,0,27,15,12
COLLINGSWORTH COUNTY,087,9 Years,35,16,19,14,6,8,1,0,1,2,2,0,18,8,10
COLLINGSWORTH COUNTY,087,10 Years,40,20,20,18,9,9,1,0,1,3,2,1,18,9,9
COLLINGSWORTH COUNTY,087,11 Years,49,21,28,19,9,10,1,0,1,3,1,2,26,11,15
COLLINGSWORTH COUNTY,087,12 Years,46,22,24,16,8,8,2,0,2,3,1,2,25,13,12
COLLINGSWORTH COUNTY,087,13 Years,42,24,18,19,10,9,1,0,1,1,0,1,21,14,7
COLLINGSWORTH COUNTY,087,14 Years,41,25,16,19,9,10,1,1,0,1,0,1,20,15,5
COLLINGSWORTH COUNTY,087,15 Years,40,19,21,24,11,13,2,2,0,2,1,1,12,5,7
COLLINGSWORTH COUNTY,087,16 Years,48,26,22,25,13,12,2,1,1,2,2,0,19,10,9
COLLINGSWORTH COUNTY,087,17 Years,52,25,27,25,12,13,2,1,1,1,1,0,24,11,13
COLLINGSWORTH COUNTY,087,18 Years,39,23,16,19,12,7,1,1,0,0,0,0,19,10,9
COLLINGSWORTH COUNTY,087,19 Years,41,21,20,25,14,11,2,1,1,1,0,1,13,6,7
COLLINGSWORTH COUNTY,087,20 Years,41,23,18,22,13,9,1,0,1,1,1,0,17,9,8
COLLINGSWORTH COUNTY,087,21 Years,42,24,18,19,14,5,3,1,2,2,1,1,18,8,10
COLLINGSWORTH COUNTY,087,22 Years,27,15,12,10,6,4,2,0,2,1,1,0,14,8,6
COLLINGSWORTH COUNTY,087,23 Years,28,16,12,13,7,6,0,0,0,0,0,0,15,9,6
COLLINGSWORTH COUNTY,087,24 Years,26,13,13,12,6,6,1,0,1,2,1,1,11,6,5
COLLINGSWORTH COUNTY,087,25 Years,29,12,17,15,8,7,0,0,0,1,0,1,13,4,9
COLLINGSWORTH COUNTY,087,26 Years,28,15,13,16,9,7,1,0,1,1,1,0,10,5,5
COLLINGSWORTH COUNTY,087,27 Years,35,17,18,20,8,12,2,2,0,0,0,0,13,7,6
COLLINGSWORTH COUNTY,087,28 Years,39,16,23,22,10,12,3,2,1,0,0,0,14,4,10
COLLINGSWORTH COUNTY,087,29 Years,36,18,18,17,12,5,1,1,0,2,1,1,16,4,12
COLLINGSWORTH COUNTY,087,30 Years,32,17,15,17,10,7,0,0,0,2,1,1,13,6,7
COLLINGSWORTH COUNTY,087,31 Years,27,18,9,12,7,5,2,1,1,0,0,0,13,10,3
COLLINGSWORTH COUNTY,087,32 Years,32,17,15,15,9,6,2,1,1,2,0,2,13,7,6
COLLINGSWORTH COUNTY,087,33 Years,37,18,19,20,13,7,1,0,1,1,0,1,15,5,10
COLLINGSWORTH COUNTY,087,34 Years,30,16,14,16,8,8,0,0,0,1,1,0,13,7,6
COLLINGSWORTH COUNTY,087,35 Years,32,17,15,18,10,8,1,0,1,1,1,0,12,6,6
COLLINGSWORTH COUNTY,087,36 Years,32,16,16,21,11,10,1,0,1,0,0,0,10,5,5
COLLINGSWORTH COUNTY,087,37 Years,32,15,17,20,9,11,1,0,1,1,1,0,10,5,5
COLLINGSWORTH COUNTY,087,38 Years,33,17,16,19,12,7,2,1,1,0,0,0,12,4,8
COLLINGSWORTH COUNTY,087,39 Years,25,12,13,18,9,9,0,0,0,0,0,0,7,3,4
COLLINGSWORTH COUNTY,087,40 Years,30,16,14,21,11,10,1,0,1,0,0,0,8,5,3
COLLINGSWORTH COUNTY,087,41 Years,28,14,14,14,6,8,0,0,0,1,1,0,13,7,6
COLLINGSWORTH COUNTY,087,42 Years,27,10,17,15,6,9,1,0,1,0,0,0,11,4,7
COLLINGSWORTH COUNTY,087,43 Years,26,12,14,14,7,7,1,0,1,0,0,0,11,5,6
COLLINGSWORTH COUNTY,087,44 Years,30,15,15,21,9,12,1,1,0,1,0,1,7,5,2
COLLINGSWORTH COUNTY,087,45 Years,29,12,17,19,9,10,3,0,3,2,1,1,5,2,3
COLLINGSWORTH COUNTY,087,46 Years,35,19,16,22,13,9,1,0,1,2,0,2,10,6,4
COLLINGSWORTH COUNTY,087,47 Years,35,17,18,22,12,10,1,1,0,1,0,1,11,4,7
COLLINGSWORTH COUNTY,087,48 Years,43,19,24,25,14,11,1,0,1,1,0,1,16,5,11
COLLINGSWORTH COUNTY,087,49 Years,38,17,21,24,11,13,1,0,1,2,1,1,11,5,6
COLLINGSWORTH COUNTY,087,50 Years,34,16,18,24,12,12,0,0,0,1,0,1,9,4,5
COLLINGSWORTH COUNTY,087,51 Years,36,20,16,22,13,9,3,2,1,1,1,0,10,4,6
COLLINGSWORTH COUNTY,087,52 Years,45,14,31,29,11,18,1,0,1,3,0,3,12,3,9
COLLINGSWORTH COUNTY,087,53 Years,41,23,18,27,15,12,2,1,1,3,2,1,9,5,4
COLLINGSWORTH COUNTY,087,54 Years,42,22,20,29,14,15,2,2,0,1,1,0,10,5,5
COLLINGSWORTH COUNTY,087,55 Years,34,15,19,25,12,13,1,1,0,0,0,0,8,2,6
COLLINGSWORTH COUNTY,087,56 Years,33,17,16,23,12,11,0,0,0,1,0,1,9,5,4
COLLINGSWORTH COUNTY,087,57 Years,45,22,23,32,14,18,3,1,2,2,1,1,8,6,2
COLLINGSWORTH COUNTY,087,58 Years,46,25,21,30,16,14,4,2,2,2,1,1,10,6,4
COLLINGSWORTH COUNTY,087,59 Years,42,24,18,33,20,13,2,1,1,1,0,1,6,3,3
COLLINGSWORTH COUNTY,087,60 Years,34,18,16,25,13,12,1,0,1,1,0,1,7,5,2
COLLINGSWORTH COUNTY,087,61 Years,30,13,17,23,12,11,0,0,0,1,0,1,6,1,5
COLLINGSWORTH COUNTY,087,62 Years,37,15,22,26,11,15,4,3,1,2,1,1,5,0,5
COLLINGSWORTH COUNTY,087,63 Years,31,16,15,22,11,11,3,2,1,1,0,1,5,3,2
COLLINGSWORTH COUNTY,087,64 Years,29,17,12,19,11,8,1,0,1,3,2,1,6,4,2
COLLINGSWORTH COUNTY,087,65 Years,34,13,21,30,11,19,1,0,1,1,1,0,2,1,1
COLLINGSWORTH COUNTY,087,66 Years,40,17,23,35,15,20,2,0,2,0,0,0,3,2,1
COLLINGSWORTH COUNTY,087,67 Years,27,11,16,22,9,13,2,0,2,0,0,0,3,2,1
COLLINGSWORTH COUNTY,087,68 Years,22,11,11,20,10,10,0,0,0,0,0,0,2,1,1
COLLINGSWORTH COUNTY,087,69 Years,31,19,12,27,17,10,0,0,0,0,0,0,4,2,2
COLLINGSWORTH COUNTY,087,70 Years,27,10,17,23,9,14,1,0,1,0,0,0,3,1,2
COLLINGSWORTH COUNTY,087,71 Years,31,14,17,25,11,14,3,2,1,1,0,1,2,1,1
COLLINGSWORTH COUNTY,087,72 Years,30,16,14,26,13,13,3,2,1,0,0,0,1,1,0
COLLINGSWORTH COUNTY,087,73 Years,27,12,15,23,11,12,1,0,1,0,0,0,3,1,2
COLLINGSWORTH COUNTY,087,74 Years,20,10,10,16,8,8,3,1,2,0,0,0,1,1,0
COLLINGSWORTH COUNTY,087,75 Years,21,13,8,19,12,7,1,1,0,0,0,0,1,0,1
COLLINGSWORTH COUNTY,087,76 Years,18,8,10,15,7,8,1,1,0,1,0,1,1,0,1
COLLINGSWORTH COUNTY,087,77 Years,16,6,10,14,6,8,0,0,0,0,0,0,2,0,2
COLLINGSWORTH COUNTY,087,78 Years,21,6,15,17,5,12,2,1,1,0,0,0,2,0,2
COLLINGSWORTH COUNTY,087,79 Years,17,7,10,15,7,8,1,0,1,0,0,0,1,0,1
COLLINGSWORTH COUNTY,087,80 Years,19,10,9,17,8,9,0,0,0,1,1,0,1,1,0
COLLINGSWORTH COUNTY,087,81 Years,20,8,12,16,7,9,1,0,1,1,1,0,2,0,2
COLLINGSWORTH COUNTY,087,82 Years,25,10,15,22,9,13,1,0,1,1,1,0,1,0,1
COLLINGSWORTH COUNTY,087,83 Years,16,7,9,16,7,9,0,0,0,0,0,0,0,0,0
COLLINGSWORTH COUNTY,087,84 Years,12,5,7,12,5,7,0,0,0,0,0,0,0,0,0
COLLINGSWORTH COUNTY,087,85 Years +,83,27,56,79,26,53,3,1,2,0,0,0,1,0,1
COLORADO COUNTY,089,All Ages,21514,10738,10776,12440,6127,6313,2760,1341,1419,315,146,169,5999,3124,2875
COLORADO COUNTY,089,< 1 Year,258,132,126,101,52,49,31,17,14,6,2,4,120,61,59
COLORADO COUNTY,089,1 Years,259,133,126,101,52,49,33,17,16,4,2,2,121,62,59
COLORADO COUNTY,089,2 Years,253,131,122,101,52,49,32,17,15,4,2,2,116,60,56
COLORADO COUNTY,089,3 Years,279,148,131,98,53,45,38,16,22,7,2,5,136,77,59
COLORADO COUNTY,089,4 Years,260,142,118,90,51,39,33,15,18,8,5,3,129,71,58
COLORADO COUNTY,089,5 Years,268,135,133,99,44,55,31,17,14,10,7,3,128,67,61
COLORADO COUNTY,089,6 Years,272,144,128,95,48,47,38,20,18,10,5,5,129,71,58
COLORADO COUNTY,089,7 Years,268,135,133,97,47,50,33,21,12,10,3,7,128,64,64
COLORADO COUNTY,089,8 Years,258,132,126,99,53,46,31,15,16,10,4,6,118,60,58
COLORADO COUNTY,089,9 Years,267,139,128,103,60,43,33,13,20,7,4,3,124,62,62
COLORADO COUNTY,089,10 Years,274,138,136,112,63,49,37,16,21,6,2,4,119,57,62
COLORADO COUNTY,089,11 Years,269,137,132,104,60,44,35,16,19,9,5,4,121,56,65
COLORADO COUNTY,089,12 Years,293,154,139,113,62,51,50,28,22,5,3,2,125,61,64
COLORADO COUNTY,089,13 Years,297,155,142,120,62,58,57,27,30,4,2,2,116,64,52
COLORADO COUNTY,089,14 Years,287,156,131,124,68,56,51,29,22,4,3,1,108,56,52
COLORADO COUNTY,089,15 Years,294,156,138,130,68,62,45,25,20,5,3,2,114,60,54
COLORADO COUNTY,089,16 Years,299,153,146,134,67,67,47,25,22,5,3,2,113,58,55
COLORADO COUNTY,089,17 Years,280,128,152,138,58,80,39,20,19,6,4,2,97,46,51
COLORADO COUNTY,089,18 Years,274,141,133,140,72,68,34,22,12,7,3,4,93,44,49
COLORADO COUNTY,089,19 Years,288,154,134,139,79,60,46,26,20,5,3,2,98,46,52
COLORADO COUNTY,089,20 Years,278,150,128,135,72,63,44,27,17,4,1,3,95,50,45
COLORADO COUNTY,089,21 Years,272,150,122,121,61,60,48,30,18,3,1,2,100,58,42
COLORADO COUNTY,089,22 Years,242,125,117,105,50,55,35,20,15,3,1,2,99,54,45
COLORADO COUNTY,089,23 Years,197,91,106,78,33,45,21,7,14,3,0,3,95,51,44
COLORADO COUNTY,089,24 Years,191,92,99,73,35,38,38,20,18,1,0,1,79,37,42
COLORADO COUNTY,089,25 Years,207,107,100,79,38,41,42,24,18,2,1,1,84,44,40
COLORADO COUNTY,089,26 Years,232,130,102,103,65,38,35,14,21,4,1,3,90,50,40
COLORADO COUNTY,089,27 Years,204,109,95,92,51,41,26,12,14,2,1,1,84,45,39
COLORADO COUNTY,089,28 Years,196,96,100,104,48,56,18,9,9,3,1,2,71,38,33
COLORADO COUNTY,089,29 Years,189,99,90,91,49,42,33,18,15,2,1,1,63,31,32
COLORADO COUNTY,089,30 Years,194,87,107,72,36,36,36,16,20,3,2,1,83,33,50
COLORADO COUNTY,089,31 Years,200,107,93,86,48,38,27,10,17,1,1,0,86,48,38
COLORADO COUNTY,089,32 Years,237,135,102,112,66,46,25,9,16,4,1,3,96,59,37
COLORADO COUNTY,089,33 Years,224,111,113,103,49,54,25,9,16,4,2,2,92,51,41
COLORADO COUNTY,089,34 Years,212,94,118,101,45,56,32,13,19,3,1,2,76,35,41
COLORADO COUNTY,089,35 Years,199,101,98,104,55,49,25,13,12,2,0,2,68,33,35
COLORADO COUNTY,089,36 Years,211,104,107,108,51,57,26,12,14,0,0,0,77,41,36
COLORADO COUNTY,089,37 Years,200,103,97,100,45,55,26,14,12,2,1,1,72,43,29
COLORADO COUNTY,089,38 Years,194,100,94,92,48,44,21,10,11,2,0,2,79,42,37
COLORADO COUNTY,089,39 Years,186,95,91,90,49,41,26,12,14,3,0,3,67,34,33
COLORADO COUNTY,089,40 Years,202,100,102,112,56,56,23,11,12,2,1,1,65,32,33
COLORADO COUNTY,089,41 Years,227,115,112,118,62,56,31,11,20,4,2,2,74,40,34
COLORADO COUNTY,089,42 Years,209,109,100,116,59,57,28,14,14,4,2,2,61,34,27
COLORADO COUNTY,089,43 Years,227,111,116,137,64,73,25,10,15,5,2,3,60,35,25
COLORADO COUNTY,089,44 Years,244,114,130,141,67,74,33,14,19,4,2,2,66,31,35
COLORADO COUNTY,089,45 Years,245,117,128,156,74,82,26,14,12,4,1,3,59,28,31
COLORADO COUNTY,089,46 Years,244,110,134,145,71,74,27,6,21,5,1,4,67,32,35
COLORADO COUNTY,089,47 Years,236,120,116,139,72,67,27,12,15,3,3,0,67,33,34
COLORADO COUNTY,089,48 Years,269,143,126,162,85,77,37,20,17,1,1,0,69,37,32
COLORADO COUNTY,089,49 Years,289,136,153,171,79,92,38,13,25,5,2,3,75,42,33
COLORADO COUNTY,089,50 Years,299,161,138,180,95,85,42,23,19,3,1,2,74,42,32
COLORADO COUNTY,089,51 Years,289,137,152,176,81,95,42,22,20,3,1,2,68,33,35
COLORADO COUNTY,089,52 Years,333,165,168,215,102,113,46,23,23,6,2,4,66,38,28
COLORADO COUNTY,089,53 Years,363,190,173,239,124,115,46,25,21,9,5,4,69,36,33
COLORADO COUNTY,089,54 Years,337,173,164,221,112,109,46,18,28,4,3,1,66,40,26
COLORADO COUNTY,089,55 Years,337,167,170,215,110,105,49,16,33,2,2,0,71,39,32
COLORADO COUNTY,089,56 Years,350,174,176,237,117,120,44,21,23,4,1,3,65,35,30
COLORADO COUNTY,089,57 Years,334,171,163,225,115,110,44,23,21,4,1,3,61,32,29
COLORADO COUNTY,089,58 Years,319,166,153,223,115,108,45,23,22,2,1,1,49,27,22
COLORADO COUNTY,089,59 Years,347,170,177,240,115,125,51,23,28,4,3,1,52,29,23
COLORADO COUNTY,089,60 Years,362,173,189,253,116,137,47,23,24,4,2,2,58,32,26
COLORADO COUNTY,089,61 Years,334,167,167,246,115,131,39,23,16,4,1,3,45,28,17
COLORADO COUNTY,089,62 Years,323,167,156,246,126,120,34,19,15,4,2,2,39,20,19
COLORADO COUNTY,089,63 Years,320,167,153,250,124,126,28,14,14,4,3,1,38,26,12
COLORADO COUNTY,089,64 Years,309,144,165,230,110,120,27,11,16,3,1,2,49,22,27
COLORADO COUNTY,089,65 Years,289,139,150,212,102,110,41,19,22,1,1,0,35,17,18
COLORADO COUNTY,089,66 Years,279,136,143,209,98,111,34,18,16,3,3,0,33,17,16
COLORADO COUNTY,089,67 Years,249,124,125,183,88,95,26,15,11,6,3,3,34,18,16
COLORADO COUNTY,089,68 Years,245,124,121,181,93,88,25,12,13,5,2,3,34,17,17
COLORADO COUNTY,089,69 Years,244,134,110,190,101,89,27,14,13,3,2,1,24,17,7
COLORADO COUNTY,089,70 Years,245,130,115,199,103,96,22,13,9,2,1,1,22,13,9
COLORADO COUNTY,089,71 Years,222,111,111,183,97,86,18,9,9,0,0,0,21,5,16
COLORADO COUNTY,089,72 Years,217,93,124,174,79,95,19,8,11,1,0,1,23,6,17
COLORADO COUNTY,089,73 Years,212,98,114,163,74,89,22,10,12,1,0,1,26,14,12
COLORADO COUNTY,089,74 Years,183,88,95,136,65,71,24,9,15,0,0,0,23,14,9
COLORADO COUNTY,089,75 Years,175,92,83,132,68,64,21,9,12,0,0,0,22,15,7
COLORADO COUNTY,089,76 Years,167,84,83,130,67,63,19,10,9,1,0,1,17,7,10
COLORADO COUNTY,089,77 Years,170,83,87,130,65,65,19,8,11,1,0,1,20,10,10
COLORADO COUNTY,089,78 Years,144,70,74,107,53,54,19,8,11,0,0,0,18,9,9
COLORADO COUNTY,089,79 Years,131,56,75,108,48,60,8,3,5,2,1,1,13,4,9
COLORADO COUNTY,089,80 Years,132,61,71,108,48,60,14,6,8,1,1,0,9,6,3
COLORADO COUNTY,089,81 Years,141,62,79,114,51,63,16,7,9,0,0,0,11,4,7
COLORADO COUNTY,089,82 Years,125,52,73,104,44,60,12,5,7,1,1,0,8,2,6
COLORADO COUNTY,089,83 Years,116,50,66,95,43,52,9,3,6,2,1,1,10,3,7
COLORADO COUNTY,089,84 Years,101,50,51,84,42,42,7,4,3,1,1,0,9,3,6
COLORADO COUNTY,089,85 Years +,617,205,412,518,167,351,50,18,32,4,0,4,45,20,25
COMAL COUNTY,091,All Ages,118373,58238,60135,83586,41180,42406,1826,975,851,2952,1349,1603,30009,14734,15275
COMAL COUNTY,091,< 1 Year,1317,676,641,749,383,366,16,8,8,36,18,18,516,267,249
COMAL COUNTY,091,1 Years,1287,657,630,728,371,357,16,9,7,27,14,13,516,263,253
COMAL COUNTY,091,2 Years,1263,645,618,723,368,355,15,9,6,28,14,14,497,254,243
COMAL COUNTY,091,3 Years,1162,579,583,644,323,321,14,4,10,40,17,23,464,235,229
COMAL COUNTY,091,4 Years,1209,604,605,681,322,359,14,7,7,43,23,20,471,252,219
COMAL COUNTY,091,5 Years,1280,644,636,702,354,348,20,9,11,49,24,25,509,257,252
COMAL COUNTY,091,6 Years,1297,652,645,726,366,360,18,8,10,48,28,20,505,250,255
COMAL COUNTY,091,7 Years,1354,662,692,764,373,391,16,8,8,55,30,25,519,251,268
COMAL COUNTY,091,8 Years,1405,695,710,805,406,399,16,7,9,53,27,26,531,255,276
COMAL COUNTY,091,9 Years,1486,792,694,850,472,378,17,6,11,52,26,26,567,288,279
COMAL COUNTY,091,10 Years,1574,846,728,948,525,423,17,7,10,55,27,28,554,287,267
COMAL COUNTY,091,11 Years,1560,817,743,944,491,453,19,10,9,45,25,20,552,291,261
COMAL COUNTY,091,12 Years,1686,886,800,1008,529,479,29,17,12,43,24,19,606,316,290
COMAL COUNTY,091,13 Years,1766,956,810,1080,592,488,32,21,11,49,26,23,605,317,288
COMAL COUNTY,091,14 Years,1690,871,819,1017,539,478,36,24,12,45,19,26,592,289,303
COMAL COUNTY,091,15 Years,1738,896,842,1044,551,493,30,19,11,46,24,22,618,302,316
COMAL COUNTY,091,16 Years,1773,921,852,1105,598,507,29,15,14,44,21,23,595,287,308
COMAL COUNTY,091,17 Years,1715,886,829,1061,557,504,30,15,15,47,24,23,577,290,287
COMAL COUNTY,091,18 Years,1622,829,793,975,499,476,33,16,17,43,21,22,571,293,278
COMAL COUNTY,091,19 Years,1502,753,749,883,439,444,27,14,13,52,29,23,540,271,269
COMAL COUNTY,091,20 Years,1408,725,683,825,417,408,25,17,8,49,31,18,509,260,249
COMAL COUNTY,091,21 Years,1306,699,607,767,399,368,22,16,6,40,25,15,477,259,218
COMAL COUNTY,091,22 Years,1073,560,513,593,311,282,18,8,10,25,14,11,437,227,210
COMAL COUNTY,091,23 Years,1017,521,496,553,275,278,28,16,12,25,11,14,411,219,192
COMAL COUNTY,091,24 Years,1045,524,521,613,311,302,23,12,11,35,12,23,374,189,185
COMAL COUNTY,091,25 Years,991,498,493,596,298,298,14,8,6,27,9,18,354,183,171
COMAL COUNTY,091,26 Years,1001,509,492,575,277,298,23,15,8,23,11,12,380,206,174
COMAL COUNTY,091,27 Years,1038,534,504,607,294,313,17,10,7,26,12,14,388,218,170
COMAL COUNTY,091,28 Years,1061,542,519,617,308,309,16,10,6,26,13,13,402,211,191
COMAL COUNTY,091,29 Years,1082,566,516,639,322,317,19,12,7,34,19,15,390,213,177
COMAL COUNTY,091,30 Years,1105,536,569,697,339,358,12,5,7,32,17,15,364,175,189
COMAL COUNTY,091,31 Years,1138,544,594,735,353,382,14,8,6,35,17,18,354,166,188
COMAL COUNTY,091,32 Years,1196,580,616,770,368,402,15,9,6,36,14,22,375,189,186
COMAL COUNTY,091,33 Years,1219,580,639,786,379,407,18,9,9,35,12,23,380,180,200
COMAL COUNTY,091,34 Years,1146,512,634,740,332,408,18,7,11,38,14,24,350,159,191
COMAL COUNTY,091,35 Years,1188,590,598,788,385,403,17,8,9,39,18,21,344,179,165
COMAL COUNTY,091,36 Years,1225,604,621,813,384,429,16,12,4,38,21,17,358,187,171
COMAL COUNTY,091,37 Years,1271,615,656,839,409,430,17,11,6,41,17,24,374,178,196
COMAL COUNTY,091,38 Years,1374,648,726,906,436,470,20,10,10,54,22,32,394,180,214
COMAL COUNTY,091,39 Years,1382,661,721,951,456,495,19,6,13,40,16,24,372,183,189
COMAL COUNTY,091,40 Years,1464,699,765,995,495,500,32,19,13,41,15,26,396,170,226
COMAL COUNTY,091,41 Years,1539,742,797,1056,514,542,25,14,11,41,15,26,417,199,218
COMAL COUNTY,091,42 Years,1668,803,865,1173,581,592,28,16,12,44,14,30,423,192,231
COMAL COUNTY,091,43 Years,1712,837,875,1234,624,610,30,19,11,46,16,30,402,178,224
COMAL COUNTY,091,44 Years,1632,793,839,1172,588,584,31,15,16,41,18,23,388,172,216
COMAL COUNTY,091,45 Years,1607,781,826,1147,576,571,31,14,17,44,16,28,385,175,210
COMAL COUNTY,091,46 Years,1567,777,790,1133,565,568,36,21,15,35,13,22,363,178,185
COMAL COUNTY,091,47 Years,1677,810,867,1223,585,638,38,23,15,36,15,21,380,187,193
COMAL COUNTY,091,48 Years,1788,870,918,1318,647,671,35,20,15,46,21,25,389,182,207
COMAL COUNTY,091,49 Years,1862,893,969,1396,679,717,39,19,20,45,20,25,382,175,207
COMAL COUNTY,091,50 Years,1896,909,987,1441,700,741,38,16,22,42,18,24,375,175,200
COMAL COUNTY,091,51 Years,1935,945,990,1478,730,748,41,21,20,40,19,21,376,175,201
COMAL COUNTY,091,52 Years,1960,960,1000,1490,738,752,39,16,23,49,22,27,382,184,198
COMAL COUNTY,091,53 Years,1939,937,1002,1491,725,766,47,23,24,48,21,27,353,168,185
COMAL COUNTY,091,54 Years,1916,936,980,1503,743,760,38,21,17,41,13,28,334,159,175
COMAL COUNTY,091,55 Years,1938,965,973,1522,746,776,37,22,15,28,11,17,351,186,165
COMAL COUNTY,091,56 Years,1990,966,1024,1569,758,811,32,20,12,43,18,25,346,170,176
COMAL COUNTY,091,57 Years,1925,950,975,1524,755,769,29,14,15,48,20,28,324,161,163
COMAL COUNTY,091,58 Years,1890,908,982,1496,722,774,36,16,20,49,21,28,309,149,160
COMAL COUNTY,091,59 Years,1892,896,996,1511,714,797,33,14,19,38,19,19,310,149,161
COMAL COUNTY,091,60 Years,1846,873,973,1462,700,762,22,10,12,44,17,27,318,146,172
COMAL COUNTY,091,61 Years,1777,860,917,1434,691,743,23,10,13,45,19,26,275,140,135
COMAL COUNTY,091,62 Years,1744,836,908,1429,686,743,24,13,11,41,16,25,250,121,129
COMAL COUNTY,091,63 Years,1768,862,906,1452,709,743,23,12,11,34,15,19,259,126,133
COMAL COUNTY,091,64 Years,1755,842,913,1456,696,760,26,13,13,30,14,16,243,119,124
COMAL COUNTY,091,65 Years,1789,866,923,1495,730,765,25,16,9,24,8,16,245,112,133
COMAL COUNTY,091,66 Years,1772,858,914,1488,738,750,19,13,6,28,10,18,237,97,140
COMAL COUNTY,091,67 Years,1380,662,718,1156,564,592,16,9,7,20,7,13,188,82,106
COMAL COUNTY,091,68 Years,1320,651,669,1101,547,554,14,7,7,21,7,14,184,90,94
COMAL COUNTY,091,69 Years,1327,663,664,1108,563,545,15,7,8,27,13,14,177,80,97
COMAL COUNTY,091,70 Years,1279,649,630,1090,561,529,13,9,4,26,13,13,150,66,84
COMAL COUNTY,091,71 Years,1115,589,526,945,503,442,13,8,5,23,11,12,134,67,67
COMAL COUNTY,091,72 Years,986,503,483,836,424,412,12,7,5,20,11,9,118,61,57
COMAL COUNTY,091,73 Years,920,449,471,786,376,410,11,7,4,14,9,5,109,57,52
COMAL COUNTY,091,74 Years,849,424,425,719,357,362,12,6,6,12,7,5,106,54,52
COMAL COUNTY,091,75 Years,799,387,412,691,340,351,6,3,3,11,6,5,91,38,53
COMAL COUNTY,091,76 Years,737,357,380,638,315,323,5,3,2,7,3,4,87,36,51
COMAL COUNTY,091,77 Years,688,328,360,592,288,304,4,3,1,8,2,6,84,35,49
COMAL COUNTY,091,78 Years,660,307,353,560,264,296,3,1,2,15,8,7,82,34,48
COMAL COUNTY,091,79 Years,566,248,318,477,218,259,2,1,1,8,4,4,79,25,54
COMAL COUNTY,091,80 Years,556,247,309,479,222,257,2,1,1,7,2,5,68,22,46
COMAL COUNTY,091,81 Years,497,225,272,423,197,226,2,1,1,9,3,6,63,24,39
COMAL COUNTY,091,82 Years,477,219,258,404,192,212,3,2,1,4,2,2,66,23,43
COMAL COUNTY,091,83 Years,441,209,232,383,183,200,4,3,1,5,4,1,49,19,30
COMAL COUNTY,091,84 Years,379,158,221,327,134,193,3,2,1,5,2,3,44,20,24
COMAL COUNTY,091,85 Years +,2197,774,1423,1936,686,1250,14,3,11,21,5,16,226,80,146
COMANCHE COUNTY,093,All Ages,14047,6967,7080,9967,4865,5102,28,15,13,200,87,113,3852,2000,1852
COMANCHE COUNTY,093,< 1 Year,166,85,81,95,49,46,0,0,0,3,2,1,68,34,34
COMANCHE COUNTY,093,1 Years,170,88,82,97,50,47,0,0,0,3,2,1,70,36,34
COMANCHE COUNTY,093,2 Years,168,86,82,97,50,47,0,0,0,2,1,1,69,35,34
COMANCHE COUNTY,093,3 Years,189,87,102,100,45,55,0,0,0,2,0,2,87,42,45
COMANCHE COUNTY,093,4 Years,192,97,95,94,40,54,1,1,0,4,2,2,93,54,39
COMANCHE COUNTY,093,5 Years,189,95,94,95,49,46,1,1,0,2,0,2,91,45,46
COMANCHE COUNTY,093,6 Years,197,95,102,96,49,47,1,0,1,2,1,1,98,45,53
COMANCHE COUNTY,093,7 Years,177,81,96,92,43,49,1,0,1,5,1,4,79,37,42
COMANCHE COUNTY,093,8 Years,182,79,103,95,40,55,1,0,1,3,1,2,83,38,45
COMANCHE COUNTY,093,9 Years,167,89,78,90,50,40,0,0,0,2,1,1,75,38,37
COMANCHE COUNTY,093,10 Years,166,82,84,92,49,43,0,0,0,3,3,0,71,30,41
COMANCHE COUNTY,093,11 Years,173,83,90,91,50,41,3,0,3,5,3,2,74,30,44
COMANCHE COUNTY,093,12 Years,170,93,77,91,49,42,1,0,1,3,3,0,75,41,34
COMANCHE COUNTY,093,13 Years,192,88,104,107,52,55,0,0,0,3,1,2,82,35,47
COMANCHE COUNTY,093,14 Years,208,116,92,115,67,48,0,0,0,3,0,3,90,49,41
COMANCHE COUNTY,093,15 Years,205,99,106,113,54,59,0,0,0,1,0,1,91,45,46
COMANCHE COUNTY,093,16 Years,187,82,105,110,43,67,0,0,0,4,3,1,73,36,37
COMANCHE COUNTY,093,17 Years,169,85,84,97,47,50,0,0,0,3,2,1,69,36,33
COMANCHE COUNTY,093,18 Years,187,99,88,98,47,51,1,1,0,4,2,2,84,49,35
COMANCHE COUNTY,093,19 Years,181,98,83,103,50,53,0,0,0,4,2,2,74,46,28
COMANCHE COUNTY,093,20 Years,192,104,88,113,62,51,0,0,0,2,2,0,77,40,37
COMANCHE COUNTY,093,21 Years,171,96,75,99,58,41,1,1,0,1,0,1,70,37,33
COMANCHE COUNTY,093,22 Years,151,75,76,82,40,42,0,0,0,4,0,4,65,35,30
COMANCHE COUNTY,093,23 Years,143,69,74,77,33,44,1,0,1,3,2,1,62,34,28
COMANCHE COUNTY,093,24 Years,143,75,68,88,42,46,0,0,0,1,0,1,54,33,21
COMANCHE COUNTY,093,25 Years,153,90,63,86,48,38,1,1,0,1,0,1,65,41,24
COMANCHE COUNTY,093,26 Years,133,69,64,75,37,38,1,0,1,2,1,1,55,31,24
COMANCHE COUNTY,093,27 Years,139,67,72,77,38,39,0,0,0,1,1,0,61,28,33
COMANCHE COUNTY,093,28 Years,119,64,55,72,39,33,0,0,0,1,1,0,46,24,22
COMANCHE COUNTY,093,29 Years,126,68,58,74,39,35,0,0,0,3,2,1,49,27,22
COMANCHE COUNTY,093,30 Years,123,58,65,72,32,40,0,0,0,2,1,1,49,25,24
COMANCHE COUNTY,093,31 Years,128,65,63,75,39,36,0,0,0,2,0,2,51,26,25
COMANCHE COUNTY,093,32 Years,119,63,56,75,41,34,0,0,0,3,1,2,41,21,20
COMANCHE COUNTY,093,33 Years,121,62,59,71,37,34,0,0,0,2,2,0,48,23,25
COMANCHE COUNTY,093,34 Years,125,64,61,78,39,39,0,0,0,2,2,0,45,23,22
COMANCHE COUNTY,093,35 Years,129,64,65,91,44,47,1,1,0,0,0,0,37,19,18
COMANCHE COUNTY,093,36 Years,137,65,72,89,39,50,1,0,1,0,0,0,47,26,21
COMANCHE COUNTY,093,37 Years,132,67,65,81,38,43,1,0,1,1,0,1,49,29,20
COMANCHE COUNTY,093,38 Years,136,72,64,88,48,40,0,0,0,3,0,3,45,24,21
COMANCHE COUNTY,093,39 Years,143,68,75,93,44,49,0,0,0,3,1,2,47,23,24
COMANCHE COUNTY,093,40 Years,132,58,74,85,36,49,0,0,0,1,0,1,46,22,24
COMANCHE COUNTY,093,41 Years,148,63,85,93,39,54,0,0,0,2,0,2,53,24,29
COMANCHE COUNTY,093,42 Years,164,76,88,108,50,58,0,0,0,2,0,2,54,26,28
COMANCHE COUNTY,093,43 Years,174,89,85,115,64,51,0,0,0,1,0,1,58,25,33
COMANCHE COUNTY,093,44 Years,161,86,75,115,62,53,0,0,0,6,3,3,40,21,19
COMANCHE COUNTY,093,45 Years,166,77,89,116,54,62,0,0,0,3,1,2,47,22,25
COMANCHE COUNTY,093,46 Years,188,92,96,128,58,70,0,0,0,2,1,1,58,33,25
COMANCHE COUNTY,093,47 Years,169,97,72,120,69,51,1,1,0,1,1,0,47,26,21
COMANCHE COUNTY,093,48 Years,186,103,83,132,72,60,1,1,0,3,2,1,50,28,22
COMANCHE COUNTY,093,49 Years,208,107,101,157,75,82,2,1,1,1,1,0,48,30,18
COMANCHE COUNTY,093,50 Years,188,96,92,143,66,77,1,1,0,1,0,1,43,29,14
COMANCHE COUNTY,093,51 Years,195,98,97,153,76,77,0,0,0,3,1,2,39,21,18
COMANCHE COUNTY,093,52 Years,195,99,96,154,78,76,0,0,0,3,1,2,38,20,18
COMANCHE COUNTY,093,53 Years,188,97,91,151,80,71,0,0,0,1,1,0,36,16,20
COMANCHE COUNTY,093,54 Years,194,104,90,153,82,71,0,0,0,1,0,1,40,22,18
COMANCHE COUNTY,093,55 Years,213,113,100,177,93,84,0,0,0,4,2,2,32,18,14
COMANCHE COUNTY,093,56 Years,180,95,85,147,74,73,0,0,0,5,3,2,28,18,10
COMANCHE COUNTY,093,57 Years,196,98,98,158,78,80,2,2,0,6,2,4,30,16,14
COMANCHE COUNTY,093,58 Years,182,84,98,149,68,81,2,1,1,4,1,3,27,14,13
COMANCHE COUNTY,093,59 Years,175,77,98,147,62,85,0,0,0,4,1,3,24,14,10
COMANCHE COUNTY,093,60 Years,179,96,83,150,78,72,0,0,0,3,1,2,26,17,9
COMANCHE COUNTY,093,61 Years,188,99,89,161,84,77,0,0,0,3,1,2,24,14,10
COMANCHE COUNTY,093,62 Years,192,95,97,160,78,82,0,0,0,3,1,2,29,16,13
COMANCHE COUNTY,093,63 Years,187,89,98,152,74,78,0,0,0,2,0,2,33,15,18
COMANCHE COUNTY,093,64 Years,195,90,105,164,76,88,0,0,0,2,0,2,29,14,15
COMANCHE COUNTY,093,65 Years,189,95,94,166,83,83,0,0,0,2,1,1,21,11,10
COMANCHE COUNTY,093,66 Years,207,104,103,174,87,87,0,0,0,6,2,4,27,15,12
COMANCHE COUNTY,093,67 Years,169,84,85,149,73,76,0,0,0,4,2,2,16,9,7
COMANCHE COUNTY,093,68 Years,181,84,97,166,79,87,0,0,0,1,0,1,14,5,9
COMANCHE COUNTY,093,69 Years,198,98,100,180,87,93,0,0,0,0,0,0,18,11,7
COMANCHE COUNTY,093,70 Years,192,94,98,178,86,92,0,0,0,0,0,0,14,8,6
COMANCHE COUNTY,093,71 Years,171,80,91,161,74,87,0,0,0,0,0,0,10,6,4
COMANCHE COUNTY,093,72 Years,150,67,83,143,65,78,0,0,0,1,0,1,6,2,4
COMANCHE COUNTY,093,73 Years,159,74,85,147,69,78,0,0,0,1,0,1,11,5,6
COMANCHE COUNTY,093,74 Years,149,77,72,138,71,67,0,0,0,1,1,0,10,5,5
COMANCHE COUNTY,093,75 Years,127,65,62,115,59,56,0,0,0,2,1,1,10,5,5
COMANCHE COUNTY,093,76 Years,127,62,65,121,59,62,0,0,0,1,0,1,5,3,2
COMANCHE COUNTY,093,77 Years,122,59,63,113,54,59,0,0,0,3,2,1,6,3,3
COMANCHE COUNTY,093,78 Years,126,69,57,115,61,54,0,0,0,3,2,1,8,6,2
COMANCHE COUNTY,093,79 Years,106,52,54,98,49,49,0,0,0,2,0,2,6,3,3
COMANCHE COUNTY,093,80 Years,79,39,40,74,36,38,1,1,0,1,1,0,3,1,2
COMANCHE COUNTY,093,81 Years,83,41,42,74,36,38,1,1,0,1,1,0,7,3,4
COMANCHE COUNTY,093,82 Years,87,36,51,81,33,48,0,0,0,0,0,0,6,3,3
COMANCHE COUNTY,093,83 Years,66,28,38,61,26,35,0,0,0,1,1,0,4,1,3
COMANCHE COUNTY,093,84 Years,57,22,35,55,22,33,0,0,0,0,0,0,2,0,2
COMANCHE COUNTY,093,85 Years +,361,127,234,346,120,226,0,0,0,5,3,2,10,4,6
CONCHO COUNTY,095,All Ages,4055,2767,1288,1780,910,870,59,54,5,45,29,16,2171,1774,397
CONCHO COUNTY,095,< 1 Year,26,13,13,13,6,7,0,0,0,0,0,0,13,7,6
CONCHO COUNTY,095,1 Years,29,16,13,14,8,6,0,0,0,0,0,0,15,8,7
CONCHO COUNTY,095,2 Years,29,16,13,15,8,7,0,0,0,0,0,0,14,8,6
CONCHO COUNTY,095,3 Years,25,13,12,14,7,7,0,0,0,0,0,0,11,6,5
CONCHO COUNTY,095,4 Years,32,17,15,15,6,9,1,1,0,0,0,0,16,10,6
CONCHO COUNTY,095,5 Years,38,20,18,21,9,12,0,0,0,1,1,0,16,10,6
CONCHO COUNTY,095,6 Years,37,15,22,20,8,12,0,0,0,0,0,0,17,7,10
CONCHO COUNTY,095,7 Years,27,11,16,14,6,8,1,1,0,0,0,0,12,4,8
CONCHO COUNTY,095,8 Years,41,20,21,17,7,10,1,1,0,0,0,0,23,12,11
CONCHO COUNTY,095,9 Years,30,16,14,13,6,7,1,1,0,0,0,0,16,9,7
CONCHO COUNTY,095,10 Years,30,13,17,17,6,11,1,1,0,0,0,0,12,6,6
CONCHO COUNTY,095,11 Years,30,19,11,16,11,5,0,0,0,0,0,0,14,8,6
CONCHO COUNTY,095,12 Years,27,20,7,16,10,6,0,0,0,0,0,0,11,10,1
CONCHO COUNTY,095,13 Years,36,20,16,21,11,10,0,0,0,0,0,0,15,9,6
CONCHO COUNTY,095,14 Years,38,16,22,24,12,12,0,0,0,0,0,0,14,4,10
CONCHO COUNTY,095,15 Years,31,14,17,18,8,10,1,1,0,1,0,1,11,5,6
CONCHO COUNTY,095,16 Years,26,14,12,16,8,8,0,0,0,0,0,0,10,6,4
CONCHO COUNTY,095,17 Years,30,10,20,16,6,10,0,0,0,0,0,0,14,4,10
CONCHO COUNTY,095,18 Years,25,9,16,12,4,8,0,0,0,0,0,0,13,5,8
CONCHO COUNTY,095,19 Years,43,26,17,14,6,8,0,0,0,1,0,1,28,20,8
CONCHO COUNTY,095,20 Years,37,23,14,15,8,7,1,1,0,1,0,1,20,14,6
CONCHO COUNTY,095,21 Years,42,26,16,22,12,10,1,1,0,2,1,1,17,12,5
CONCHO COUNTY,095,22 Years,68,54,14,19,9,10,1,1,0,3,2,1,45,42,3
CONCHO COUNTY,095,23 Years,51,40,11,15,11,4,3,3,0,4,3,1,29,23,6
CONCHO COUNTY,095,24 Years,32,24,8,11,7,4,1,1,0,1,0,1,19,16,3
CONCHO COUNTY,095,25 Years,79,73,6,11,7,4,3,3,0,2,2,0,63,61,2
CONCHO COUNTY,095,26 Years,62,54,8,7,4,3,1,1,0,0,0,0,54,49,5
CONCHO COUNTY,095,27 Years,60,54,6,11,7,4,2,2,0,0,0,0,47,45,2
CONCHO COUNTY,095,28 Years,65,60,5,14,11,3,1,1,0,1,1,0,49,47,2
CONCHO COUNTY,095,29 Years,44,33,11,9,4,5,0,0,0,0,0,0,35,29,6
CONCHO COUNTY,095,30 Years,75,64,11,15,10,5,2,1,1,1,1,0,57,52,5
CONCHO COUNTY,095,31 Years,54,44,10,14,8,6,1,0,1,0,0,0,39,36,3
CONCHO COUNTY,095,32 Years,59,43,16,14,5,9,1,1,0,2,2,0,42,35,7
CONCHO COUNTY,095,33 Years,75,63,12,19,12,7,0,0,0,1,1,0,55,50,5
CONCHO COUNTY,095,34 Years,85,70,15,17,9,8,2,2,0,0,0,0,66,59,7
CONCHO COUNTY,095,35 Years,76,66,10,19,14,5,2,2,0,1,1,0,54,49,5
CONCHO COUNTY,095,36 Years,66,58,8,13,9,4,2,2,0,2,1,1,49,46,3
CONCHO COUNTY,095,37 Years,42,30,12,15,6,9,0,0,0,1,0,1,26,24,2
CONCHO COUNTY,095,38 Years,78,66,12,16,8,8,0,0,0,1,1,0,61,57,4
CONCHO COUNTY,095,39 Years,93,82,11,20,12,8,3,3,0,0,0,0,70,67,3
CONCHO COUNTY,095,40 Years,68,55,13,14,7,7,1,1,0,0,0,0,53,47,6
CONCHO COUNTY,095,41 Years,110,91,19,27,13,14,4,4,0,1,1,0,78,73,5
CONCHO COUNTY,095,42 Years,89,78,11,20,13,7,1,1,0,1,1,0,67,63,4
CONCHO COUNTY,095,43 Years,66,52,14,16,7,9,0,0,0,0,0,0,50,45,5
CONCHO COUNTY,095,44 Years,83,67,16,24,16,8,2,2,0,3,3,0,54,46,8
CONCHO COUNTY,095,45 Years,71,56,15,12,6,6,3,3,0,0,0,0,56,47,9
CONCHO COUNTY,095,46 Years,80,64,16,13,6,7,4,3,1,0,0,0,63,55,8
CONCHO COUNTY,095,47 Years,65,55,10,11,7,4,1,1,0,0,0,0,53,47,6
CONCHO COUNTY,095,48 Years,76,57,19,34,19,15,0,0,0,0,0,0,42,38,4
CONCHO COUNTY,095,49 Years,100,72,28,36,17,19,0,0,0,1,1,0,63,54,9
CONCHO COUNTY,095,50 Years,56,36,20,29,16,13,0,0,0,1,0,1,26,20,6
CONCHO COUNTY,095,51 Years,39,26,13,19,10,9,0,0,0,1,0,1,19,16,3
CONCHO COUNTY,095,52 Years,32,22,10,17,8,9,1,1,0,0,0,0,14,13,1
CONCHO COUNTY,095,53 Years,53,39,14,25,13,12,0,0,0,0,0,0,28,26,2
CONCHO COUNTY,095,54 Years,54,32,22,29,13,16,0,0,0,1,0,1,24,19,5
CONCHO COUNTY,095,55 Years,74,52,22,26,12,14,2,2,0,2,0,2,44,38,6
CONCHO COUNTY,095,56 Years,49,28,21,28,12,16,0,0,0,1,1,0,20,15,5
CONCHO COUNTY,095,57 Years,46,25,21,35,19,16,0,0,0,0,0,0,11,6,5
CONCHO COUNTY,095,58 Years,55,36,19,40,25,15,0,0,0,1,1,0,14,10,4
CONCHO COUNTY,095,59 Years,54,33,21,34,17,17,3,3,0,0,0,0,17,13,4
CONCHO COUNTY,095,60 Years,48,31,17,20,10,10,1,1,0,0,0,0,27,20,7
CONCHO COUNTY,095,61 Years,39,27,12,21,13,8,0,0,0,0,0,0,18,14,4
CONCHO COUNTY,095,62 Years,39,20,19,32,17,15,0,0,0,0,0,0,7,3,4
CONCHO COUNTY,095,63 Years,48,22,26,36,15,21,0,0,0,2,1,1,10,6,4
CONCHO COUNTY,095,64 Years,50,23,27,42,20,22,1,0,1,1,0,1,6,3,3
CONCHO COUNTY,095,65 Years,61,34,27,46,23,23,1,1,0,0,0,0,14,10,4
CONCHO COUNTY,095,66 Years,51,30,21,41,25,16,0,0,0,0,0,0,10,5,5
CONCHO COUNTY,095,67 Years,41,21,20,32,14,18,0,0,0,1,1,0,8,6,2
CONCHO COUNTY,095,68 Years,41,22,19,32,16,16,0,0,0,0,0,0,9,6,3
CONCHO COUNTY,095,69 Years,32,19,13,26,15,11,0,0,0,1,1,0,5,3,2
CONCHO COUNTY,095,70 Years,39,20,19,31,17,14,1,0,1,0,0,0,7,3,4
CONCHO COUNTY,095,71 Years,29,15,14,26,13,13,0,0,0,0,0,0,3,2,1
CONCHO COUNTY,095,72 Years,26,13,13,20,10,10,0,0,0,0,0,0,6,3,3
CONCHO COUNTY,095,73 Years,30,15,15,24,12,12,0,0,0,0,0,0,6,3,3
CONCHO COUNTY,095,74 Years,26,9,17,20,7,13,0,0,0,0,0,0,6,2,4
CONCHO COUNTY,095,75 Years,25,12,13,17,8,9,0,0,0,0,0,0,8,4,4
CONCHO COUNTY,095,76 Years,26,16,10,21,11,10,0,0,0,1,1,0,4,4,0
CONCHO COUNTY,095,77 Years,29,16,13,25,12,13,0,0,0,0,0,0,4,4,0
CONCHO COUNTY,095,78 Years,23,12,11,21,10,11,0,0,0,0,0,0,2,2,0
CONCHO COUNTY,095,79 Years,17,9,8,16,9,7,0,0,0,0,0,0,1,0,1
CONCHO COUNTY,095,80 Years,21,9,12,16,7,9,0,0,0,0,0,0,5,2,3
CONCHO COUNTY,095,81 Years,21,9,12,18,7,11,0,0,0,0,0,0,3,2,1
CONCHO COUNTY,095,82 Years,10,5,5,9,5,4,0,0,0,0,0,0,1,0,1
CONCHO COUNTY,095,83 Years,11,5,6,10,5,5,0,0,0,0,0,0,1,0,1
CONCHO COUNTY,095,84 Years,12,7,5,10,6,4,0,0,0,0,0,0,2,1,1
CONCHO COUNTY,095,85 Years +,67,25,42,57,21,36,0,0,0,0,0,0,10,4,6
COOKE COUNTY,097,All Ages,39389,19618,19771,30361,14898,15463,1058,579,479,1259,558,701,6711,3583,3128
COOKE COUNTY,097,< 1 Year,513,265,248,341,174,167,14,7,7,21,13,8,137,71,66
COOKE COUNTY,097,1 Years,507,259,248,345,176,169,12,6,6,19,10,9,131,67,64
COOKE COUNTY,097,2 Years,505,259,246,348,178,170,12,6,6,17,9,8,128,66,62
COOKE COUNTY,097,3 Years,522,269,253,339,182,157,13,6,7,23,12,11,147,69,78
COOKE COUNTY,097,4 Years,531,279,252,324,178,146,16,9,7,35,16,19,156,76,80
COOKE COUNTY,097,5 Years,557,291,266,344,184,160,11,6,5,37,16,21,165,85,80
COOKE COUNTY,097,6 Years,543,267,276,335,156,179,13,8,5,33,13,20,162,90,72
COOKE COUNTY,097,7 Years,562,281,281,360,179,181,16,7,9,31,15,16,155,80,75
COOKE COUNTY,097,8 Years,532,279,253,333,184,149,18,9,9,33,14,19,148,72,76
COOKE COUNTY,097,9 Years,524,275,249,331,177,154,17,8,9,25,12,13,151,78,73
COOKE COUNTY,097,10 Years,540,278,262,351,168,183,17,8,9,24,11,13,148,91,57
COOKE COUNTY,097,11 Years,536,265,271,349,167,182,15,5,10,25,10,15,147,83,64
COOKE COUNTY,097,12 Years,569,277,292,367,175,192,17,8,9,22,9,13,163,85,78
COOKE COUNTY,097,13 Years,542,263,279,352,170,182,14,5,9,21,7,14,155,81,74
COOKE COUNTY,097,14 Years,517,271,246,341,178,163,8,5,3,22,7,15,146,81,65
COOKE COUNTY,097,15 Years,561,286,275,387,200,187,13,5,8,21,7,14,140,74,66
COOKE COUNTY,097,16 Years,560,291,269,394,202,192,8,4,4,26,13,13,132,72,60
COOKE COUNTY,097,17 Years,557,280,277,388,195,193,10,6,4,23,10,13,136,69,67
COOKE COUNTY,097,18 Years,570,311,259,364,195,169,26,20,6,18,9,9,162,87,75
COOKE COUNTY,097,19 Years,575,342,233,351,191,160,44,40,4,17,9,8,163,102,61
COOKE COUNTY,097,20 Years,562,341,221,335,175,160,57,51,6,21,12,9,149,103,46
COOKE COUNTY,097,21 Years,543,304,239,350,192,158,38,29,9,26,12,14,129,71,58
COOKE COUNTY,097,22 Years,524,261,263,364,178,186,23,15,8,18,7,11,119,61,58
COOKE COUNTY,097,23 Years,517,260,257,378,191,187,19,8,11,11,5,6,109,56,53
COOKE COUNTY,097,24 Years,470,251,219,337,182,155,18,8,10,11,8,3,104,53,51
COOKE COUNTY,097,25 Years,461,240,221,332,175,157,13,6,7,13,8,5,103,51,52
COOKE COUNTY,097,26 Years,436,228,208,323,164,159,10,6,4,8,3,5,95,55,40
COOKE COUNTY,097,27 Years,424,229,195,301,152,149,13,7,6,12,5,7,98,65,33
COOKE COUNTY,097,28 Years,388,200,188,279,143,136,11,5,6,9,4,5,89,48,41
COOKE COUNTY,097,29 Years,387,192,195,273,140,133,11,5,6,9,2,7,94,45,49
COOKE COUNTY,097,30 Years,436,204,232,306,145,161,15,7,8,20,5,15,95,47,48
COOKE COUNTY,097,31 Years,420,207,213,287,133,154,12,8,4,12,4,8,109,62,47
COOKE COUNTY,097,32 Years,425,214,211,302,152,150,9,7,2,20,6,14,94,49,45
COOKE COUNTY,097,33 Years,431,218,213,304,155,149,7,5,2,16,5,11,104,53,51
COOKE COUNTY,097,34 Years,411,214,197,275,143,132,7,4,3,14,6,8,115,61,54
COOKE COUNTY,097,35 Years,409,212,197,284,144,140,11,8,3,14,9,5,100,51,49
COOKE COUNTY,097,36 Years,391,198,193,269,135,134,11,5,6,14,8,6,97,50,47
COOKE COUNTY,097,37 Years,382,190,192,261,129,132,12,8,4,12,5,7,97,48,49
COOKE COUNTY,097,38 Years,417,207,210,294,145,149,14,8,6,19,10,9,90,44,46
COOKE COUNTY,097,39 Years,419,201,218,302,148,154,9,6,3,11,4,7,97,43,54
COOKE COUNTY,097,40 Years,403,199,204,291,141,150,8,5,3,8,3,5,96,50,46
COOKE COUNTY,097,41 Years,422,207,215,309,141,168,12,6,6,14,9,5,87,51,36
COOKE COUNTY,097,42 Years,448,207,241,348,153,195,11,7,4,11,7,4,78,40,38
COOKE COUNTY,097,43 Years,449,211,238,357,162,195,13,6,7,5,2,3,74,41,33
COOKE COUNTY,097,44 Years,453,214,239,356,168,188,13,6,7,11,4,7,73,36,37
COOKE COUNTY,097,45 Years,452,233,219,347,180,167,13,8,5,15,6,9,77,39,38
COOKE COUNTY,097,46 Years,472,238,234,371,189,182,11,5,6,13,4,9,77,40,37
COOKE COUNTY,097,47 Years,475,225,250,382,178,204,9,3,6,16,6,10,68,38,30
COOKE COUNTY,097,48 Years,477,231,246,384,180,204,8,2,6,15,9,6,70,40,30
COOKE COUNTY,097,49 Years,512,245,267,422,202,220,9,4,5,17,6,11,64,33,31
COOKE COUNTY,097,50 Years,573,268,305,477,220,257,9,6,3,19,6,13,68,36,32
COOKE COUNTY,097,51 Years,538,278,260,445,225,220,10,5,5,18,10,8,65,38,27
COOKE COUNTY,097,52 Years,566,286,280,490,238,252,14,9,5,15,11,4,47,28,19
COOKE COUNTY,097,53 Years,586,294,292,494,246,248,16,5,11,17,10,7,59,33,26
COOKE COUNTY,097,54 Years,594,276,318,517,239,278,12,4,8,15,6,9,50,27,23
COOKE COUNTY,097,55 Years,603,292,311,526,256,270,13,5,8,18,4,14,46,27,19
COOKE COUNTY,097,56 Years,552,274,278,483,237,246,14,8,6,17,5,12,38,24,14
COOKE COUNTY,097,57 Years,559,284,275,489,247,242,19,11,8,10,3,7,41,23,18
COOKE COUNTY,097,58 Years,580,298,282,496,253,243,22,12,10,15,6,9,47,27,20
COOKE COUNTY,097,59 Years,589,301,288,526,264,262,13,7,6,12,7,5,38,23,15
COOKE COUNTY,097,60 Years,565,280,285,502,248,254,12,7,5,11,3,8,40,22,18
COOKE COUNTY,097,61 Years,530,266,264,467,231,236,10,5,5,19,11,8,34,19,15
COOKE COUNTY,097,62 Years,495,258,237,444,233,211,10,6,4,12,6,6,29,13,16
COOKE COUNTY,097,63 Years,503,254,249,450,228,222,15,6,9,7,3,4,31,17,14
COOKE COUNTY,097,64 Years,512,239,273,456,214,242,13,3,10,14,7,7,29,15,14
COOKE COUNTY,097,65 Years,475,215,260,431,196,235,6,2,4,11,5,6,27,12,15
COOKE COUNTY,097,66 Years,498,241,257,456,222,234,10,5,5,10,6,4,22,8,14
COOKE COUNTY,097,67 Years,441,219,222,405,200,205,10,5,5,10,6,4,16,8,8
COOKE COUNTY,097,68 Years,417,204,213,388,191,197,7,2,5,10,4,6,12,7,5
COOKE COUNTY,097,69 Years,392,179,213,370,171,199,2,0,2,7,3,4,13,5,8
COOKE COUNTY,097,70 Years,392,198,194,362,182,180,8,4,4,6,3,3,16,9,7
COOKE COUNTY,097,71 Years,339,165,174,312,154,158,7,3,4,6,1,5,14,7,7
COOKE COUNTY,097,72 Years,322,152,170,298,141,157,5,2,3,7,2,5,12,7,5
COOKE COUNTY,097,73 Years,328,157,171,309,150,159,6,1,5,6,2,4,7,4,3
COOKE COUNTY,097,74 Years,295,139,156,272,128,144,5,1,4,7,2,5,11,8,3
COOKE COUNTY,097,75 Years,267,124,143,248,113,135,6,3,3,4,2,2,9,6,3
COOKE COUNTY,097,76 Years,263,114,149,244,108,136,5,1,4,7,2,5,7,3,4
COOKE COUNTY,097,77 Years,253,121,132,244,117,127,2,0,2,3,2,1,4,2,2
COOKE COUNTY,097,78 Years,241,109,132,228,104,124,3,0,3,2,2,0,8,3,5
COOKE COUNTY,097,79 Years,237,102,135,225,95,130,2,1,1,3,2,1,7,4,3
COOKE COUNTY,097,80 Years,208,92,116,194,84,110,3,2,1,5,2,3,6,4,2
COOKE COUNTY,097,81 Years,187,84,103,170,75,95,5,4,1,5,3,2,7,2,5
COOKE COUNTY,097,82 Years,177,75,102,164,71,93,3,1,2,6,2,4,4,1,3
COOKE COUNTY,097,83 Years,157,71,86,148,69,79,3,1,2,2,0,2,4,1,3
COOKE COUNTY,097,84 Years,138,59,79,130,57,73,2,1,1,3,1,2,3,0,3
COOKE COUNTY,097,85 Years +,778,281,497,734,267,467,15,5,10,12,2,10,17,7,10
CORYELL COUNTY,099,All Ages,76805,37549,39256,46549,22779,23770,11422,5472,5950,5743,2698,3045,13091,6600,6491
CORYELL COUNTY,099,< 1 Year,1023,526,497,607,311,296,130,70,60,93,47,46,193,98,95
CORYELL COUNTY,099,1 Years,1024,523,501,597,305,292,138,71,67,78,40,38,211,107,104
CORYELL COUNTY,099,2 Years,1074,544,530,617,314,303,142,72,70,83,43,40,232,115,117
CORYELL COUNTY,099,3 Years,1233,600,633,654,322,332,142,64,78,134,68,66,303,146,157
CORYELL COUNTY,099,4 Years,1418,690,728,732,350,382,169,74,95,162,84,78,355,182,173
CORYELL COUNTY,099,5 Years,1393,683,710,718,339,379,165,81,84,167,87,80,343,176,167
CORYELL COUNTY,099,6 Years,1435,734,701,741,385,356,168,80,88,189,103,86,337,166,171
CORYELL COUNTY,099,7 Years,1500,780,720,762,399,363,195,97,98,176,93,83,367,191,176
CORYELL COUNTY,099,8 Years,1346,702,644,660,347,313,181,92,89,151,80,71,354,183,171
CORYELL COUNTY,099,9 Years,1276,658,618,631,320,311,173,86,87,138,69,69,334,183,151
CORYELL COUNTY,099,10 Years,1351,685,666,677,330,347,198,102,96,146,71,75,330,182,148
CORYELL COUNTY,099,11 Years,1250,645,605,660,338,322,164,78,86,124,65,59,302,164,138
CORYELL COUNTY,099,12 Years,1190,611,579,625,315,310,155,81,74,128,65,63,282,150,132
CORYELL COUNTY,099,13 Years,1140,579,561,616,306,310,161,86,75,120,59,61,243,128,115
CORYELL COUNTY,099,14 Years,1112,584,528,598,317,281,161,82,79,117,58,59,236,127,109
CORYELL COUNTY,099,15 Years,1053,520,533,549,275,274,160,77,83,124,60,64,220,108,112
CORYELL COUNTY,099,16 Years,1008,520,488,520,270,250,169,88,81,100,47,53,219,115,104
CORYELL COUNTY,099,17 Years,1171,682,489,633,380,253,185,107,78,102,56,46,251,139,112
CORYELL COUNTY,099,18 Years,1098,626,472,587,345,242,184,94,90,100,56,44,227,131,96
CORYELL COUNTY,099,19 Years,1026,576,450,535,300,235,189,105,84,92,53,39,210,118,92
CORYELL COUNTY,099,20 Years,1425,924,501,808,556,252,249,145,104,112,68,44,256,155,101
CORYELL COUNTY,099,21 Years,1512,1005,507,870,626,244,260,155,105,120,71,49,262,153,109
CORYELL COUNTY,099,22 Years,1784,1100,684,1122,721,401,271,137,134,102,55,47,289,187,102
CORYELL COUNTY,099,23 Years,1658,916,742,1074,604,470,234,123,111,89,41,48,261,148,113
CORYELL COUNTY,099,24 Years,1686,878,808,1118,604,514,179,76,103,95,40,55,294,158,136
CORYELL COUNTY,099,25 Years,1229,538,691,688,278,410,199,104,95,109,52,57,233,104,129
CORYELL COUNTY,099,26 Years,1202,490,712,698,275,423,191,83,108,91,48,43,222,84,138
CORYELL COUNTY,099,27 Years,991,364,627,516,163,353,177,83,94,94,41,53,204,77,127
CORYELL COUNTY,099,28 Years,1285,630,655,732,375,357,186,85,101,110,48,62,257,122,135
CORYELL COUNTY,099,29 Years,1320,632,688,754,375,379,224,103,121,89,35,54,253,119,134
CORYELL COUNTY,099,30 Years,1272,547,725,705,314,391,204,84,120,91,50,41,272,99,173
CORYELL COUNTY,099,31 Years,1171,524,647,689,301,388,168,78,90,91,45,46,223,100,123
CORYELL COUNTY,099,32 Years,1173,491,682,667,284,383,174,64,110,89,43,46,243,100,143
CORYELL COUNTY,099,33 Years,1307,654,653,751,378,373,201,101,100,92,51,41,263,124,139
CORYELL COUNTY,099,34 Years,1239,600,639,714,346,368,200,101,99,97,47,50,228,106,122
CORYELL COUNTY,099,35 Years,1148,551,597,672,319,353,213,103,110,77,34,43,186,95,91
CORYELL COUNTY,099,36 Years,1046,486,560,616,285,331,183,85,98,69,35,34,178,81,97
CORYELL COUNTY,099,37 Years,989,445,544,558,248,310,172,72,100,65,28,37,194,97,97
CORYELL COUNTY,099,38 Years,1075,507,568,613,290,323,193,94,99,74,29,45,195,94,101
CORYELL COUNTY,099,39 Years,1057,499,558,602,278,324,204,98,106,60,26,34,191,97,94
CORYELL COUNTY,099,40 Years,1103,520,583,617,289,328,247,118,129,60,20,40,179,93,86
CORYELL COUNTY,099,41 Years,1085,482,603,662,283,379,209,102,107,59,25,34,155,72,83
CORYELL COUNTY,099,42 Years,1111,483,628,699,297,402,204,89,115,59,27,32,149,70,79
CORYELL COUNTY,099,43 Years,1084,464,620,679,295,384,202,82,120,63,23,40,140,64,76
CORYELL COUNTY,099,44 Years,1015,462,553,643,283,360,190,88,102,48,21,27,134,70,64
CORYELL COUNTY,099,45 Years,1030,477,553,633,293,340,229,94,135,47,25,22,121,65,56
CORYELL COUNTY,099,46 Years,952,436,516,583,278,305,193,72,121,46,23,23,130,63,67
CORYELL COUNTY,099,47 Years,890,404,486,564,258,306,164,69,95,45,20,25,117,57,60
CORYELL COUNTY,099,48 Years,941,429,512,608,287,321,157,62,95,56,25,31,120,55,65
CORYELL COUNTY,099,49 Years,948,461,487,617,291,326,168,78,90,41,19,22,122,73,49
CORYELL COUNTY,099,50 Years,908,425,483,597,272,325,167,76,91,34,16,18,110,61,49
CORYELL COUNTY,099,51 Years,900,437,463,588,280,308,173,85,88,31,14,17,108,58,50
CORYELL COUNTY,099,52 Years,841,390,451,540,255,285,158,73,85,45,15,30,98,47,51
CORYELL COUNTY,099,53 Years,813,363,450,531,248,283,144,60,84,50,16,34,88,39,49
CORYELL COUNTY,099,54 Years,776,345,431,509,227,282,145,71,74,48,16,32,74,31,43
CORYELL COUNTY,099,55 Years,788,355,433,519,240,279,144,59,85,46,20,26,79,36,43
CORYELL COUNTY,099,56 Years,765,344,421,532,220,312,121,63,58,39,22,17,73,39,34
CORYELL COUNTY,099,57 Years,693,319,374,491,219,272,99,53,46,42,18,24,61,29,32
CORYELL COUNTY,099,58 Years,656,303,353,464,215,249,94,44,50,40,14,26,58,30,28
CORYELL COUNTY,099,59 Years,631,296,335,440,209,231,85,43,42,46,11,35,60,33,27
CORYELL COUNTY,099,60 Years,585,264,321,437,211,226,69,26,43,38,7,31,41,20,21
CORYELL COUNTY,099,61 Years,576,280,296,430,217,213,65,27,38,32,8,24,49,28,21
CORYELL COUNTY,099,62 Years,549,262,287,399,196,203,59,28,31,36,16,20,55,22,33
CORYELL COUNTY,099,63 Years,494,232,262,379,180,199,50,29,21,28,7,21,37,16,21
CORYELL COUNTY,099,64 Years,492,234,258,395,188,207,38,22,16,23,6,17,36,18,18
CORYELL COUNTY,099,65 Years,520,238,282,406,184,222,40,21,19,25,7,18,49,26,23
CORYELL COUNTY,099,66 Years,536,251,285,428,206,222,44,22,22,25,7,18,39,16,23
CORYELL COUNTY,099,67 Years,408,180,228,325,145,180,34,19,15,16,6,10,33,10,23
CORYELL COUNTY,099,68 Years,403,173,230,309,138,171,45,21,24,19,4,15,30,10,20
CORYELL COUNTY,099,69 Years,401,182,219,322,151,171,39,16,23,18,4,14,22,11,11
CORYELL COUNTY,099,70 Years,384,185,199,308,150,158,31,15,16,17,4,13,28,16,12
CORYELL COUNTY,099,71 Years,346,168,178,284,141,143,23,11,12,16,3,13,23,13,10
CORYELL COUNTY,099,72 Years,321,147,174,270,126,144,19,11,8,14,3,11,18,7,11
CORYELL COUNTY,099,73 Years,290,128,162,234,109,125,23,12,11,16,2,14,17,5,12
CORYELL COUNTY,099,74 Years,281,116,165,218,92,126,21,9,12,17,5,12,25,10,15
CORYELL COUNTY,099,75 Years,292,132,160,240,112,128,20,7,13,15,5,10,17,8,9
CORYELL COUNTY,099,76 Years,288,124,164,245,107,138,13,5,8,13,5,8,17,7,10
CORYELL COUNTY,099,77 Years,232,95,137,194,79,115,11,5,6,11,3,8,16,8,8
CORYELL COUNTY,099,78 Years,208,88,120,177,76,101,9,2,7,8,1,7,14,9,5
CORYELL COUNTY,099,79 Years,181,81,100,155,74,81,8,2,6,10,1,9,8,4,4
CORYELL COUNTY,099,80 Years,172,80,92,143,71,72,8,3,5,14,2,12,7,4,3
CORYELL COUNTY,099,81 Years,172,75,97,142,62,80,10,5,5,7,1,6,13,7,6
CORYELL COUNTY,099,82 Years,163,60,103,134,50,84,7,3,4,9,1,8,13,6,7
CORYELL COUNTY,099,83 Years,147,63,84,123,53,70,6,3,3,7,2,5,11,5,6
CORYELL COUNTY,099,84 Years,114,39,75,95,33,62,4,2,2,5,1,4,10,3,7
CORYELL COUNTY,099,85 Years +,630,228,402,555,201,354,22,4,18,19,6,13,34,17,17
COTTLE COUNTY,101,All Ages,1486,708,778,1020,481,539,121,58,63,16,10,6,329,159,170
COTTLE COUNTY,101,< 1 Year,17,9,8,9,5,4,2,1,1,0,0,0,6,3,3
COTTLE COUNTY,101,1 Years,18,10,8,11,6,5,1,1,0,0,0,0,6,3,3
COTTLE COUNTY,101,2 Years,17,10,7,11,6,5,1,1,0,0,0,0,5,3,2
COTTLE COUNTY,101,3 Years,17,7,10,9,3,6,0,0,0,1,0,1,7,4,3
COTTLE COUNTY,101,4 Years,17,9,8,9,6,3,0,0,0,0,0,0,8,3,5
COTTLE COUNTY,101,5 Years,12,8,4,5,4,1,1,1,0,1,1,0,5,2,3
COTTLE COUNTY,101,6 Years,15,8,7,6,3,3,1,1,0,0,0,0,8,4,4
COTTLE COUNTY,101,7 Years,17,6,11,8,3,5,2,0,2,0,0,0,7,3,4
COTTLE COUNTY,101,8 Years,14,6,8,9,4,5,0,0,0,0,0,0,5,2,3
COTTLE COUNTY,101,9 Years,19,9,10,13,6,7,1,1,0,0,0,0,5,2,3
COTTLE COUNTY,101,10 Years,28,14,14,19,9,10,1,1,0,0,0,0,8,4,4
COTTLE COUNTY,101,11 Years,25,16,9,18,11,7,1,1,0,1,1,0,5,3,2
COTTLE COUNTY,101,12 Years,28,15,13,20,11,9,1,0,1,0,0,0,7,4,3
COTTLE COUNTY,101,13 Years,24,14,10,17,11,6,0,0,0,0,0,0,7,3,4
COTTLE COUNTY,101,14 Years,20,11,9,12,7,5,1,0,1,0,0,0,7,4,3
COTTLE COUNTY,101,15 Years,15,7,8,8,3,5,2,1,1,0,0,0,5,3,2
COTTLE COUNTY,101,16 Years,20,12,8,13,7,6,1,1,0,0,0,0,6,4,2
COTTLE COUNTY,101,17 Years,18,11,7,9,5,4,2,1,1,1,1,0,6,4,2
COTTLE COUNTY,101,18 Years,18,9,9,6,3,3,4,1,3,1,1,0,7,4,3
COTTLE COUNTY,101,19 Years,16,8,8,6,3,3,7,3,4,0,0,0,3,2,1
COTTLE COUNTY,101,20 Years,20,12,8,8,4,4,7,5,2,0,0,0,5,3,2
COTTLE COUNTY,101,21 Years,19,11,8,7,6,1,5,4,1,1,1,0,6,0,6
COTTLE COUNTY,101,22 Years,14,8,6,7,4,3,2,1,1,1,1,0,4,2,2
COTTLE COUNTY,101,23 Years,10,6,4,6,3,3,0,0,0,0,0,0,4,3,1
COTTLE COUNTY,101,24 Years,9,3,6,3,0,3,2,1,1,0,0,0,4,2,2
COTTLE COUNTY,101,25 Years,8,4,4,5,3,2,1,0,1,0,0,0,2,1,1
COTTLE COUNTY,101,26 Years,10,5,5,5,2,3,1,1,0,0,0,0,4,2,2
COTTLE COUNTY,101,27 Years,14,6,8,8,4,4,2,1,1,0,0,0,4,1,3
COTTLE COUNTY,101,28 Years,12,8,4,8,5,3,0,0,0,0,0,0,4,3,1
COTTLE COUNTY,101,29 Years,9,4,5,6,3,3,1,0,1,0,0,0,2,1,1
COTTLE COUNTY,101,30 Years,15,6,9,7,4,3,2,1,1,1,0,1,5,1,4
COTTLE COUNTY,101,31 Years,14,7,7,10,6,4,0,0,0,1,0,1,3,1,2
COTTLE COUNTY,101,32 Years,11,4,7,7,3,4,1,0,1,0,0,0,3,1,2
COTTLE COUNTY,101,33 Years,17,7,10,11,6,5,0,0,0,0,0,0,6,1,5
COTTLE COUNTY,101,34 Years,13,5,8,8,3,5,0,0,0,0,0,0,5,2,3
COTTLE COUNTY,101,35 Years,13,6,7,8,4,4,0,0,0,0,0,0,5,2,3
COTTLE COUNTY,101,36 Years,10,3,7,5,1,4,0,0,0,0,0,0,5,2,3
COTTLE COUNTY,101,37 Years,11,3,8,7,2,5,1,1,0,0,0,0,3,0,3
COTTLE COUNTY,101,38 Years,14,3,11,9,2,7,0,0,0,0,0,0,5,1,4
COTTLE COUNTY,101,39 Years,17,6,11,9,3,6,4,1,3,0,0,0,4,2,2
COTTLE COUNTY,101,40 Years,10,7,3,5,3,2,3,2,1,0,0,0,2,2,0
COTTLE COUNTY,101,41 Years,9,3,6,6,3,3,1,0,1,0,0,0,2,0,2
COTTLE COUNTY,101,42 Years,9,4,5,6,3,3,2,0,2,0,0,0,1,1,0
COTTLE COUNTY,101,43 Years,13,5,8,8,4,4,2,0,2,0,0,0,3,1,2
COTTLE COUNTY,101,44 Years,13,5,8,10,3,7,0,0,0,1,0,1,2,2,0
COTTLE COUNTY,101,45 Years,21,8,13,17,6,11,2,1,1,0,0,0,2,1,1
COTTLE COUNTY,101,46 Years,16,8,8,12,7,5,2,0,2,0,0,0,2,1,1
COTTLE COUNTY,101,47 Years,13,5,8,9,4,5,1,0,1,0,0,0,3,1,2
COTTLE COUNTY,101,48 Years,17,7,10,10,6,4,3,0,3,0,0,0,4,1,3
COTTLE COUNTY,101,49 Years,21,9,12,16,8,8,2,0,2,0,0,0,3,1,2
COTTLE COUNTY,101,50 Years,26,13,13,17,8,9,2,1,1,1,1,0,6,3,3
COTTLE COUNTY,101,51 Years,22,11,11,15,7,8,3,2,1,0,0,0,4,2,2
COTTLE COUNTY,101,52 Years,24,11,13,16,8,8,2,0,2,0,0,0,6,3,3
COTTLE COUNTY,101,53 Years,22,12,10,15,8,7,2,2,0,0,0,0,5,2,3
COTTLE COUNTY,101,54 Years,19,15,4,14,10,4,1,1,0,0,0,0,4,4,0
COTTLE COUNTY,101,55 Years,21,12,9,13,7,6,2,1,1,0,0,0,6,4,2
COTTLE COUNTY,101,56 Years,20,8,12,14,5,9,2,1,1,0,0,0,4,2,2
COTTLE COUNTY,101,57 Years,15,8,7,9,4,5,1,1,0,1,0,1,4,3,1
COTTLE COUNTY,101,58 Years,21,9,12,11,4,7,2,1,1,0,0,0,8,4,4
COTTLE COUNTY,101,59 Years,19,9,10,14,7,7,1,0,1,0,0,0,4,2,2
COTTLE COUNTY,101,60 Years,18,6,12,15,5,10,1,0,1,0,0,0,2,1,1
COTTLE COUNTY,101,61 Years,19,8,11,14,6,8,3,1,2,0,0,0,2,1,1
COTTLE COUNTY,101,62 Years,31,16,15,25,13,12,3,1,2,0,0,0,3,2,1
COTTLE COUNTY,101,63 Years,25,17,8,21,14,7,1,1,0,0,0,0,3,2,1
COTTLE COUNTY,101,64 Years,18,9,9,13,6,7,1,1,0,0,0,0,4,2,2
COTTLE COUNTY,101,65 Years,19,8,11,15,6,9,1,1,0,0,0,0,3,1,2
COTTLE COUNTY,101,66 Years,22,8,14,19,6,13,1,1,0,0,0,0,2,1,1
COTTLE COUNTY,101,67 Years,21,10,11,19,9,10,1,1,0,0,0,0,1,0,1
COTTLE COUNTY,101,68 Years,21,14,7,15,10,5,2,1,1,1,1,0,3,2,1
COTTLE COUNTY,101,69 Years,23,11,12,19,8,11,1,0,1,0,0,0,3,3,0
COTTLE COUNTY,101,70 Years,19,9,10,16,7,9,2,1,1,0,0,0,1,1,0
COTTLE COUNTY,101,71 Years,17,7,10,16,7,9,1,0,1,0,0,0,0,0,0
COTTLE COUNTY,101,72 Years,23,9,14,21,8,13,0,0,0,0,0,0,2,1,1
COTTLE COUNTY,101,73 Years,19,6,13,15,4,11,2,1,1,1,1,0,1,0,1
COTTLE COUNTY,101,74 Years,22,11,11,18,10,8,2,1,1,1,0,1,1,0,1
COTTLE COUNTY,101,75 Years,17,9,8,16,8,8,0,0,0,0,0,0,1,1,0
COTTLE COUNTY,101,76 Years,14,4,10,12,4,8,0,0,0,0,0,0,2,0,2
COTTLE COUNTY,101,77 Years,13,6,7,12,5,7,0,0,0,0,0,0,1,1,0
COTTLE COUNTY,101,78 Years,11,7,4,10,6,4,0,0,0,0,0,0,1,1,0
COTTLE COUNTY,101,79 Years,16,6,10,14,5,9,0,0,0,1,1,0,1,0,1
COTTLE COUNTY,101,80 Years,17,6,11,15,6,9,0,0,0,0,0,0,2,0,2
COTTLE COUNTY,101,81 Years,16,7,9,12,5,7,1,0,1,0,0,0,3,2,1
COTTLE COUNTY,101,82 Years,13,5,8,10,3,7,1,1,0,0,0,0,2,1,1
COTTLE COUNTY,101,83 Years,8,2,6,7,2,5,1,0,1,0,0,0,0,0,0
COTTLE COUNTY,101,84 Years,6,3,3,6,3,3,0,0,0,0,0,0,0,0,0
COTTLE COUNTY,101,85 Years +,52,19,33,46,16,30,2,2,0,0,0,0,4,1,3
CRANE COUNTY,103,All Ages,4744,2336,2408,1843,885,958,129,62,67,88,44,44,2684,1345,1339
CRANE COUNTY,103,< 1 Year,73,39,34,19,10,9,1,1,0,1,1,0,52,27,25
CRANE COUNTY,103,1 Years,70,35,35,17,9,8,1,0,1,2,1,1,50,25,25
CRANE COUNTY,103,2 Years,69,36,33,18,9,9,1,1,0,1,1,0,49,25,24
CRANE COUNTY,103,3 Years,78,32,46,16,6,10,3,0,3,0,0,0,59,26,33
CRANE COUNTY,103,4 Years,74,35,39,15,5,10,3,2,1,2,2,0,54,26,28
CRANE COUNTY,103,5 Years,67,35,32,18,7,11,1,1,0,0,0,0,48,27,21
CRANE COUNTY,103,6 Years,61,31,30,11,6,5,3,3,0,2,1,1,45,21,24
CRANE COUNTY,103,7 Years,66,34,32,16,9,7,3,2,1,0,0,0,47,23,24
CRANE COUNTY,103,8 Years,77,42,35,23,12,11,0,0,0,0,0,0,54,30,24
CRANE COUNTY,103,9 Years,83,38,45,23,13,10,2,0,2,0,0,0,58,25,33
CRANE COUNTY,103,10 Years,69,37,32,21,14,7,2,1,1,0,0,0,46,22,24
CRANE COUNTY,103,11 Years,68,35,33,21,10,11,4,1,3,3,1,2,40,23,17
CRANE COUNTY,103,12 Years,73,38,35,19,9,10,3,2,1,2,1,1,49,26,23
CRANE COUNTY,103,13 Years,88,43,45,28,11,17,1,0,1,2,1,1,57,31,26
CRANE COUNTY,103,14 Years,78,40,38,24,12,12,2,1,1,0,0,0,52,27,25
CRANE COUNTY,103,15 Years,72,36,36,18,10,8,0,0,0,1,0,1,53,26,27
CRANE COUNTY,103,16 Years,72,31,41,18,8,10,3,1,2,1,0,1,50,22,28
CRANE COUNTY,103,17 Years,74,35,39,22,12,10,3,0,3,0,0,0,49,23,26
CRANE COUNTY,103,18 Years,81,38,43,23,12,11,1,0,1,1,0,1,56,26,30
CRANE COUNTY,103,19 Years,88,40,48,25,10,15,3,0,3,2,1,1,58,29,29
CRANE COUNTY,103,20 Years,80,39,41,22,8,14,3,1,2,2,2,0,53,28,25
CRANE COUNTY,103,21 Years,83,44,39,20,12,8,2,1,1,6,3,3,55,28,27
CRANE COUNTY,103,22 Years,63,34,29,13,7,6,2,1,1,5,3,2,43,23,20
CRANE COUNTY,103,23 Years,49,26,23,11,4,7,1,1,0,2,1,1,35,20,15
CRANE COUNTY,103,24 Years,54,26,28,20,9,11,0,0,0,1,0,1,33,17,16
CRANE COUNTY,103,25 Years,54,29,25,17,10,7,1,1,0,1,1,0,35,17,18
CRANE COUNTY,103,26 Years,43,22,21,10,5,5,4,2,2,1,0,1,28,15,13
CRANE COUNTY,103,27 Years,56,29,27,17,8,9,2,1,1,1,1,0,36,19,17
CRANE COUNTY,103,28 Years,55,25,30,18,7,11,3,2,1,2,2,0,32,14,18
CRANE COUNTY,103,29 Years,55,24,31,12,4,8,1,1,0,2,1,1,40,18,22
CRANE COUNTY,103,30 Years,54,22,32,16,7,9,1,1,0,1,0,1,36,14,22
CRANE COUNTY,103,31 Years,51,21,30,19,7,12,2,1,1,1,0,1,29,13,16
CRANE COUNTY,103,32 Years,60,29,31,24,10,14,2,1,1,1,1,0,33,17,16
CRANE COUNTY,103,33 Years,48,23,25,17,9,8,2,1,1,0,0,0,29,13,16
CRANE COUNTY,103,34 Years,47,28,19,18,13,5,2,1,1,0,0,0,27,14,13
CRANE COUNTY,103,35 Years,59,33,26,20,11,9,2,1,1,1,1,0,36,20,16
CRANE COUNTY,103,36 Years,51,28,23,15,7,8,3,2,1,0,0,0,33,19,14
CRANE COUNTY,103,37 Years,52,28,24,14,9,5,0,0,0,0,0,0,38,19,19
CRANE COUNTY,103,38 Years,52,27,25,14,7,7,0,0,0,0,0,0,38,20,18
CRANE COUNTY,103,39 Years,44,27,17,8,4,4,1,1,0,0,0,0,35,22,13
CRANE COUNTY,103,40 Years,50,23,27,15,5,10,1,1,0,0,0,0,34,17,17
CRANE COUNTY,103,41 Years,61,30,31,18,9,9,0,0,0,0,0,0,43,21,22
CRANE COUNTY,103,42 Years,65,24,41,25,9,16,0,0,0,0,0,0,40,15,25
CRANE COUNTY,103,43 Years,53,22,31,24,11,13,1,0,1,2,2,0,26,9,17
CRANE COUNTY,103,44 Years,60,37,23,22,12,10,1,0,1,2,1,1,35,24,11
CRANE COUNTY,103,45 Years,63,34,29,28,13,15,0,0,0,1,0,1,34,21,13
CRANE COUNTY,103,46 Years,71,34,37,35,16,19,0,0,0,0,0,0,36,18,18
CRANE COUNTY,103,47 Years,71,32,39,32,16,16,1,1,0,0,0,0,38,15,23
CRANE COUNTY,103,48 Years,68,34,34,32,14,18,3,2,1,0,0,0,33,18,15
CRANE COUNTY,103,49 Years,75,33,42,34,13,21,2,0,2,1,0,1,38,20,18
CRANE COUNTY,103,50 Years,80,37,43,43,21,22,1,0,1,1,0,1,35,16,19
CRANE COUNTY,103,51 Years,76,42,34,42,23,19,1,1,0,2,0,2,31,18,13
CRANE COUNTY,103,52 Years,72,37,35,33,16,17,0,0,0,5,2,3,34,19,15
CRANE COUNTY,103,53 Years,73,41,32,35,18,17,2,2,0,3,1,2,33,20,13
CRANE COUNTY,103,54 Years,71,33,38,35,15,20,0,0,0,3,2,1,33,16,17
CRANE COUNTY,103,55 Years,64,35,29,40,21,19,1,1,0,1,1,0,22,12,10
CRANE COUNTY,103,56 Years,60,29,31,30,18,12,2,1,1,3,1,2,25,9,16
CRANE COUNTY,103,57 Years,61,35,26,30,17,13,3,2,1,1,1,0,27,15,12
CRANE COUNTY,103,58 Years,62,29,33,28,11,17,4,2,2,2,1,1,28,15,13
CRANE COUNTY,103,59 Years,55,26,29,31,14,17,2,1,1,0,0,0,22,11,11
CRANE COUNTY,103,60 Years,52,29,23,28,14,14,3,2,1,1,1,0,20,12,8
CRANE COUNTY,103,61 Years,56,31,25,32,17,15,1,0,1,1,1,0,22,13,9
CRANE COUNTY,103,62 Years,44,25,19,27,15,12,2,1,1,0,0,0,15,9,6
CRANE COUNTY,103,63 Years,49,22,27,24,11,13,2,1,1,2,0,2,21,10,11
CRANE COUNTY,103,64 Years,44,24,20,19,12,7,2,1,1,2,1,1,21,10,11
CRANE COUNTY,103,65 Years,41,22,19,29,17,12,3,0,3,2,1,1,7,4,3
CRANE COUNTY,103,66 Years,43,21,22,30,16,14,1,0,1,2,1,1,10,4,6
CRANE COUNTY,103,67 Years,39,17,22,22,10,12,0,0,0,0,0,0,17,7,10
CRANE COUNTY,103,68 Years,33,13,20,17,8,9,2,1,1,0,0,0,14,4,10
CRANE COUNTY,103,69 Years,32,13,19,16,6,10,2,1,1,0,0,0,14,6,8
CRANE COUNTY,103,70 Years,33,17,16,22,11,11,1,1,0,0,0,0,10,5,5
CRANE COUNTY,103,71 Years,26,14,12,18,9,9,1,1,0,0,0,0,7,4,3
CRANE COUNTY,103,72 Years,32,15,17,17,8,9,1,0,1,0,0,0,14,7,7
CRANE COUNTY,103,73 Years,28,15,13,18,9,9,1,0,1,0,0,0,9,6,3
CRANE COUNTY,103,74 Years,29,13,16,20,9,11,1,0,1,0,0,0,8,4,4
CRANE COUNTY,103,75 Years,23,10,13,17,6,11,0,0,0,0,0,0,6,4,2
CRANE COUNTY,103,76 Years,23,12,11,13,8,5,1,0,1,1,0,1,8,4,4
CRANE COUNTY,103,77 Years,24,11,13,14,6,8,2,1,1,0,0,0,8,4,4
CRANE COUNTY,103,78 Years,21,8,13,14,5,9,1,1,0,0,0,0,6,2,4
CRANE COUNTY,103,79 Years,18,7,11,10,5,5,0,0,0,1,0,1,7,2,5
CRANE COUNTY,103,80 Years,17,7,10,11,6,5,0,0,0,0,0,0,6,1,5
CRANE COUNTY,103,81 Years,14,5,9,8,3,5,0,0,0,0,0,0,6,2,4
CRANE COUNTY,103,82 Years,16,5,11,9,2,7,0,0,0,0,0,0,7,3,4
CRANE COUNTY,103,83 Years,17,6,11,12,4,8,0,0,0,1,0,1,4,2,2
CRANE COUNTY,103,84 Years,10,4,6,8,3,5,0,0,0,0,0,0,2,1,1
CRANE COUNTY,103,85 Years +,78,29,49,56,21,35,3,1,2,1,1,0,18,6,12
CROCKETT COUNTY,105,All Ages,3747,1847,1900,1297,644,653,11,8,3,42,25,17,2397,1170,1227
CROCKETT COUNTY,105,< 1 Year,55,27,28,13,6,7,0,0,0,0,0,0,42,21,21
CROCKETT COUNTY,105,1 Years,56,29,27,15,8,7,0,0,0,0,0,0,41,21,20
CROCKETT COUNTY,105,2 Years,55,29,26,17,9,8,0,0,0,0,0,0,38,20,18
CROCKETT COUNTY,105,3 Years,53,29,24,17,8,9,0,0,0,0,0,0,36,21,15
CROCKETT COUNTY,105,4 Years,56,29,27,14,6,8,0,0,0,2,1,1,40,22,18
CROCKETT COUNTY,105,5 Years,58,28,30,17,7,10,0,0,0,0,0,0,41,21,20
CROCKETT COUNTY,105,6 Years,65,32,33,17,8,9,0,0,0,0,0,0,48,24,24
CROCKETT COUNTY,105,7 Years,56,23,33,12,6,6,0,0,0,0,0,0,44,17,27
CROCKETT COUNTY,105,8 Years,54,27,27,11,6,5,0,0,0,0,0,0,43,21,22
CROCKETT COUNTY,105,9 Years,58,31,27,12,7,5,0,0,0,0,0,0,46,24,22
CROCKETT COUNTY,105,10 Years,56,28,28,7,5,2,0,0,0,0,0,0,49,23,26
CROCKETT COUNTY,105,11 Years,51,27,24,7,3,4,0,0,0,1,1,0,43,23,20
CROCKETT COUNTY,105,12 Years,45,26,19,7,5,2,0,0,0,1,1,0,37,20,17
CROCKETT COUNTY,105,13 Years,45,26,19,8,6,2,0,0,0,0,0,0,37,20,17
CROCKETT COUNTY,105,14 Years,46,22,24,7,2,5,0,0,0,0,0,0,39,20,19
CROCKETT COUNTY,105,15 Years,53,23,30,12,8,4,0,0,0,0,0,0,41,15,26
CROCKETT COUNTY,105,16 Years,50,23,27,10,4,6,0,0,0,0,0,0,40,19,21
CROCKETT COUNTY,105,17 Years,51,23,28,7,4,3,0,0,0,0,0,0,44,19,25
CROCKETT COUNTY,105,18 Years,47,22,25,8,4,4,0,0,0,0,0,0,39,18,21
CROCKETT COUNTY,105,19 Years,57,28,29,10,5,5,0,0,0,0,0,0,47,23,24
CROCKETT COUNTY,105,20 Years,53,27,26,12,5,7,1,1,0,1,1,0,39,20,19
CROCKETT COUNTY,105,21 Years,49,22,27,13,6,7,0,0,0,1,1,0,35,15,20
CROCKETT COUNTY,105,22 Years,36,17,19,12,5,7,0,0,0,0,0,0,24,12,12
CROCKETT COUNTY,105,23 Years,32,16,16,12,7,5,0,0,0,0,0,0,20,9,11
CROCKETT COUNTY,105,24 Years,21,12,9,7,5,2,0,0,0,0,0,0,14,7,7
CROCKETT COUNTY,105,25 Years,31,18,13,11,8,3,0,0,0,0,0,0,20,10,10
CROCKETT COUNTY,105,26 Years,37,18,19,14,9,5,0,0,0,0,0,0,23,9,14
CROCKETT COUNTY,105,27 Years,34,14,20,10,5,5,0,0,0,0,0,0,24,9,15
CROCKETT COUNTY,105,28 Years,34,18,16,10,5,5,0,0,0,0,0,0,24,13,11
CROCKETT COUNTY,105,29 Years,38,18,20,15,6,9,0,0,0,0,0,0,23,12,11
CROCKETT COUNTY,105,30 Years,38,17,21,15,7,8,0,0,0,0,0,0,23,10,13
CROCKETT COUNTY,105,31 Years,48,25,23,17,9,8,0,0,0,0,0,0,31,16,15
CROCKETT COUNTY,105,32 Years,50,28,22,19,9,10,0,0,0,0,0,0,31,19,12
CROCKETT COUNTY,105,33 Years,53,23,30,18,7,11,0,0,0,0,0,0,35,16,19
CROCKETT COUNTY,105,34 Years,39,16,23,15,7,8,0,0,0,0,0,0,24,9,15
CROCKETT COUNTY,105,35 Years,38,18,20,13,8,5,0,0,0,0,0,0,25,10,15
CROCKETT COUNTY,105,36 Years,41,18,23,9,5,4,1,0,1,0,0,0,31,13,18
CROCKETT COUNTY,105,37 Years,43,19,24,10,4,6,0,0,0,0,0,0,33,15,18
CROCKETT COUNTY,105,38 Years,34,17,17,8,4,4,0,0,0,0,0,0,26,13,13
CROCKETT COUNTY,105,39 Years,35,19,16,10,6,4,0,0,0,2,2,0,23,11,12
CROCKETT COUNTY,105,40 Years,49,24,25,15,7,8,0,0,0,1,0,1,33,17,16
CROCKETT COUNTY,105,41 Years,50,25,25,16,9,7,0,0,0,1,0,1,33,16,17
CROCKETT COUNTY,105,42 Years,47,29,18,12,8,4,0,0,0,1,0,1,34,21,13
CROCKETT COUNTY,105,43 Years,38,19,19,10,4,6,0,0,0,1,0,1,27,15,12
CROCKETT COUNTY,105,44 Years,41,22,19,13,7,6,0,0,0,0,0,0,28,15,13
CROCKETT COUNTY,105,45 Years,41,21,20,12,5,7,1,1,0,0,0,0,28,15,13
CROCKETT COUNTY,105,46 Years,41,18,23,10,6,4,0,0,0,1,0,1,30,12,18
CROCKETT COUNTY,105,47 Years,54,29,25,17,10,7,0,0,0,3,2,1,34,17,17
CROCKETT COUNTY,105,48 Years,50,24,26,22,7,15,1,1,0,3,2,1,24,14,10
CROCKETT COUNTY,105,49 Years,46,18,28,23,10,13,1,1,0,1,0,1,21,7,14
CROCKETT COUNTY,105,50 Years,52,24,28,27,12,15,0,0,0,0,0,0,25,12,13
CROCKETT COUNTY,105,51 Years,48,27,21,18,10,8,0,0,0,1,0,1,29,17,12
CROCKETT COUNTY,105,52 Years,50,25,25,25,13,12,0,0,0,1,0,1,24,12,12
CROCKETT COUNTY,105,53 Years,55,28,27,27,14,13,0,0,0,0,0,0,28,14,14
CROCKETT COUNTY,105,54 Years,56,30,26,30,15,15,0,0,0,1,1,0,25,14,11
CROCKETT COUNTY,105,55 Years,63,31,32,27,11,16,0,0,0,3,2,1,33,18,15
CROCKETT COUNTY,105,56 Years,54,27,27,23,11,12,0,0,0,2,1,1,29,15,14
CROCKETT COUNTY,105,57 Years,68,38,30,36,19,17,0,0,0,1,0,1,31,19,12
CROCKETT COUNTY,105,58 Years,69,37,32,33,16,17,0,0,0,0,0,0,36,21,15
CROCKETT COUNTY,105,59 Years,56,32,24,29,16,13,0,0,0,2,1,1,25,15,10
CROCKETT COUNTY,105,60 Years,57,27,30,22,13,9,0,0,0,1,1,0,34,13,21
CROCKETT COUNTY,105,61 Years,49,25,24,21,14,7,0,0,0,0,0,0,28,11,17
CROCKETT COUNTY,105,62 Years,42,23,19,18,9,9,0,0,0,2,2,0,22,12,10
CROCKETT COUNTY,105,63 Years,49,18,31,18,6,12,0,0,0,2,1,1,29,11,18
CROCKETT COUNTY,105,64 Years,44,22,22,22,11,11,0,0,0,2,1,1,20,10,10
CROCKETT COUNTY,105,65 Years,39,22,17,24,13,11,0,0,0,1,1,0,14,8,6
CROCKETT COUNTY,105,66 Years,46,25,21,25,15,10,0,0,0,1,1,0,20,9,11
CROCKETT COUNTY,105,67 Years,33,16,17,15,8,7,0,0,0,0,0,0,18,8,10
CROCKETT COUNTY,105,68 Years,35,17,18,20,11,9,0,0,0,0,0,0,15,6,9
CROCKETT COUNTY,105,69 Years,48,26,22,16,8,8,0,0,0,1,1,0,31,17,14
CROCKETT COUNTY,105,70 Years,42,21,21,18,8,10,0,0,0,1,1,0,23,12,11
CROCKETT COUNTY,105,71 Years,31,15,16,14,6,8,0,0,0,0,0,0,17,9,8
CROCKETT COUNTY,105,72 Years,31,9,22,15,4,11,1,0,1,0,0,0,15,5,10
CROCKETT COUNTY,105,73 Years,26,11,15,10,3,7,0,0,0,0,0,0,16,8,8
CROCKETT COUNTY,105,74 Years,23,11,12,9,4,5,1,1,0,0,0,0,13,6,7
CROCKETT COUNTY,105,75 Years,26,13,13,9,5,4,1,1,0,0,0,0,16,7,9
CROCKETT COUNTY,105,76 Years,23,12,11,14,8,6,1,1,0,0,0,0,8,3,5
CROCKETT COUNTY,105,77 Years,23,12,11,11,6,5,0,0,0,0,0,0,12,6,6
CROCKETT COUNTY,105,78 Years,24,12,12,10,3,7,0,0,0,0,0,0,14,9,5
CROCKETT COUNTY,105,79 Years,20,10,10,9,5,4,0,0,0,0,0,0,11,5,6
CROCKETT COUNTY,105,80 Years,21,9,12,10,5,5,0,0,0,0,0,0,11,4,7
CROCKETT COUNTY,105,81 Years,20,5,15,9,3,6,0,0,0,0,0,0,11,2,9
CROCKETT COUNTY,105,82 Years,21,9,12,10,5,5,0,0,0,0,0,0,11,4,7
CROCKETT COUNTY,105,83 Years,16,8,8,7,3,4,0,0,0,0,0,0,9,5,4
CROCKETT COUNTY,105,84 Years,10,6,4,7,4,3,0,0,0,0,0,0,3,2,1
CROCKETT COUNTY,105,85 Years +,69,23,46,31,10,21,2,1,1,0,0,0,36,12,24
CROSBY COUNTY,107,All Ages,5974,2882,3092,2434,1149,1285,188,89,99,58,28,30,3294,1616,1678
CROSBY COUNTY,107,< 1 Year,75,38,37,21,11,10,1,1,0,0,0,0,53,26,27
CROSBY COUNTY,107,1 Years,77,40,37,22,11,11,0,0,0,0,0,0,55,29,26
CROSBY COUNTY,107,2 Years,74,38,36,22,11,11,1,0,1,0,0,0,51,27,24
CROSBY COUNTY,107,3 Years,90,51,39,17,9,8,2,2,0,1,1,0,70,39,31
CROSBY COUNTY,107,4 Years,87,45,42,24,11,13,3,2,1,0,0,0,60,32,28
CROSBY COUNTY,107,5 Years,95,52,43,24,16,8,6,2,4,0,0,0,65,34,31
CROSBY COUNTY,107,6 Years,103,47,56,27,12,15,6,3,3,2,0,2,68,32,36
CROSBY COUNTY,107,7 Years,104,51,53,27,13,14,4,2,2,2,0,2,71,36,35
CROSBY COUNTY,107,8 Years,90,50,40,22,11,11,2,1,1,2,1,1,64,37,27
CROSBY COUNTY,107,9 Years,94,46,48,26,15,11,2,1,1,1,1,0,65,29,36
CROSBY COUNTY,107,10 Years,88,42,46,25,12,13,2,1,1,0,0,0,61,29,32
CROSBY COUNTY,107,11 Years,91,50,41,24,15,9,4,3,1,0,0,0,63,32,31
CROSBY COUNTY,107,12 Years,87,46,41,24,14,10,2,2,0,1,1,0,60,29,31
CROSBY COUNTY,107,13 Years,93,44,49,25,12,13,2,1,1,1,0,1,65,31,34
CROSBY COUNTY,107,14 Years,92,43,49,28,12,16,3,1,2,0,0,0,61,30,31
CROSBY COUNTY,107,15 Years,101,50,51,30,16,14,3,1,2,1,1,0,67,32,35
CROSBY COUNTY,107,16 Years,96,55,41,26,13,13,6,4,2,1,1,0,63,37,26
CROSBY COUNTY,107,17 Years,89,41,48,25,10,15,2,1,1,1,1,0,61,29,32
CROSBY COUNTY,107,18 Years,91,46,45,24,15,9,2,2,0,1,0,1,64,29,35
CROSBY COUNTY,107,19 Years,98,49,49,29,18,11,3,3,0,1,0,1,65,28,37
CROSBY COUNTY,107,20 Years,105,51,54,30,16,14,2,1,1,3,0,3,70,34,36
CROSBY COUNTY,107,21 Years,90,39,51,24,12,12,1,0,1,1,0,1,64,27,37
CROSBY COUNTY,107,22 Years,61,26,35,10,4,6,1,1,0,0,0,0,50,21,29
CROSBY COUNTY,107,23 Years,59,26,33,13,4,9,1,1,0,2,2,0,43,19,24
CROSBY COUNTY,107,24 Years,65,37,28,16,10,6,3,3,0,1,1,0,45,23,22
CROSBY COUNTY,107,25 Years,54,26,28,9,4,5,2,1,1,1,1,0,42,20,22
CROSBY COUNTY,107,26 Years,53,26,27,13,6,7,2,1,1,2,1,1,36,18,18
CROSBY COUNTY,107,27 Years,43,23,20,14,6,8,1,1,0,0,0,0,28,16,12
CROSBY COUNTY,107,28 Years,52,23,29,20,10,10,1,0,1,0,0,0,31,13,18
CROSBY COUNTY,107,29 Years,59,27,32,20,10,10,3,0,3,0,0,0,36,17,19
CROSBY COUNTY,107,30 Years,57,27,30,20,11,9,1,0,1,0,0,0,36,16,20
CROSBY COUNTY,107,31 Years,64,26,38,24,7,17,1,0,1,0,0,0,39,19,20
CROSBY COUNTY,107,32 Years,64,29,35,20,7,13,3,1,2,0,0,0,41,21,20
CROSBY COUNTY,107,33 Years,69,35,34,21,10,11,2,1,1,0,0,0,46,24,22
CROSBY COUNTY,107,34 Years,69,37,32,26,15,11,3,2,1,0,0,0,40,20,20
CROSBY COUNTY,107,35 Years,78,34,44,25,10,15,4,1,3,2,0,2,47,23,24
CROSBY COUNTY,107,36 Years,80,34,46,28,11,17,1,0,1,1,0,1,50,23,27
CROSBY COUNTY,107,37 Years,65,33,32,25,13,12,1,1,0,0,0,0,39,19,20
CROSBY COUNTY,107,38 Years,61,31,30,21,9,12,1,1,0,2,1,1,37,20,17
CROSBY COUNTY,107,39 Years,55,27,28,21,11,10,1,1,0,1,1,0,32,14,18
CROSBY COUNTY,107,40 Years,69,35,34,26,12,14,2,1,1,2,1,1,39,21,18
CROSBY COUNTY,107,41 Years,64,30,34,26,12,14,1,1,0,0,0,0,37,17,20
CROSBY COUNTY,107,42 Years,70,34,36,27,13,14,3,1,2,0,0,0,40,20,20
CROSBY COUNTY,107,43 Years,64,30,34,25,12,13,3,0,3,1,0,1,35,18,17
CROSBY COUNTY,107,44 Years,57,24,33,19,9,10,1,0,1,0,0,0,37,15,22
CROSBY COUNTY,107,45 Years,70,34,36,32,17,15,0,0,0,0,0,0,38,17,21
CROSBY COUNTY,107,46 Years,63,30,33,21,11,10,2,2,0,1,0,1,39,17,22
CROSBY COUNTY,107,47 Years,70,40,30,22,13,9,4,2,2,1,0,1,43,25,18
CROSBY COUNTY,107,48 Years,71,36,35,32,16,16,2,2,0,1,0,1,36,18,18
CROSBY COUNTY,107,49 Years,61,28,33,31,15,16,1,1,0,1,0,1,28,12,16
CROSBY COUNTY,107,50 Years,65,27,38,33,14,19,1,1,0,1,0,1,30,12,18
CROSBY COUNTY,107,51 Years,73,34,39,31,16,15,3,0,3,1,1,0,38,17,21
CROSBY COUNTY,107,52 Years,71,38,33,35,20,15,2,1,1,0,0,0,34,17,17
CROSBY COUNTY,107,53 Years,90,43,47,44,19,25,3,2,1,0,0,0,43,22,21
CROSBY COUNTY,107,54 Years,73,33,40,38,14,24,1,1,0,0,0,0,34,18,16
CROSBY COUNTY,107,55 Years,77,34,43,40,17,23,4,2,2,0,0,0,33,15,18
CROSBY COUNTY,107,56 Years,83,41,42,41,19,22,2,1,1,1,1,0,39,20,19
CROSBY COUNTY,107,57 Years,85,42,43,47,26,21,1,1,0,1,0,1,36,15,21
CROSBY COUNTY,107,58 Years,67,31,36,35,15,20,1,0,1,2,2,0,29,14,15
CROSBY COUNTY,107,59 Years,74,30,44,37,14,23,2,1,1,0,0,0,35,15,20
CROSBY COUNTY,107,60 Years,71,36,35,38,20,18,4,1,3,1,1,0,28,14,14
CROSBY COUNTY,107,61 Years,73,40,33,36,18,18,2,1,1,2,1,1,33,20,13
CROSBY COUNTY,107,62 Years,73,38,35,42,20,22,1,0,1,1,0,1,29,18,11
CROSBY COUNTY,107,63 Years,58,29,29,38,18,20,0,0,0,0,0,0,20,11,9
CROSBY COUNTY,107,64 Years,70,35,35,40,19,21,2,1,1,1,0,1,27,15,12
CROSBY COUNTY,107,65 Years,74,31,43,42,19,23,2,0,2,1,0,1,29,12,17
CROSBY COUNTY,107,66 Years,50,25,25,27,15,12,2,0,2,0,0,0,21,10,11
CROSBY COUNTY,107,67 Years,55,31,24,28,15,13,3,1,2,1,1,0,23,14,9
CROSBY COUNTY,107,68 Years,69,30,39,34,15,19,2,0,2,3,3,0,30,12,18
CROSBY COUNTY,107,69 Years,61,27,34,39,19,20,1,0,1,1,1,0,20,7,13
CROSBY COUNTY,107,70 Years,67,31,36,40,18,22,3,1,2,1,0,1,23,12,11
CROSBY COUNTY,107,71 Years,58,30,28,38,18,20,3,1,2,0,0,0,17,11,6
CROSBY COUNTY,107,72 Years,52,22,30,33,16,17,2,0,2,0,0,0,17,6,11
CROSBY COUNTY,107,73 Years,55,26,29,37,16,21,0,0,0,1,1,0,17,9,8
CROSBY COUNTY,107,74 Years,49,21,28,37,15,22,2,2,0,0,0,0,10,4,6
CROSBY COUNTY,107,75 Years,41,17,24,31,13,18,1,0,1,1,1,0,8,3,5
CROSBY COUNTY,107,76 Years,47,22,25,30,14,16,3,2,1,0,0,0,14,6,8
CROSBY COUNTY,107,77 Years,41,19,22,25,11,14,1,1,0,0,0,0,15,7,8
CROSBY COUNTY,107,78 Years,39,21,18,29,16,13,2,0,2,0,0,0,8,5,3
CROSBY COUNTY,107,79 Years,37,20,17,22,11,11,3,1,2,0,0,0,12,8,4
CROSBY COUNTY,107,80 Years,31,14,17,19,9,10,3,1,2,0,0,0,9,4,5
CROSBY COUNTY,107,81 Years,38,14,24,24,8,16,4,0,4,0,0,0,10,6,4
CROSBY COUNTY,107,82 Years,31,13,18,20,7,13,2,2,0,0,0,0,9,4,5
CROSBY COUNTY,107,83 Years,28,12,16,19,7,12,1,1,0,0,0,0,8,4,4
CROSBY COUNTY,107,84 Years,18,8,10,12,5,7,0,0,0,0,0,0,6,3,3
CROSBY COUNTY,107,85 Years +,153,55,98,120,40,80,9,3,6,0,0,0,24,12,12
CULBERSON COUNTY,109,All Ages,2388,1166,1222,497,260,237,9,6,3,54,31,23,1828,869,959
CULBERSON COUNTY,109,< 1 Year,38,21,17,6,4,2,0,0,0,1,1,0,31,16,15
CULBERSON COUNTY,109,1 Years,40,20,20,6,3,3,0,0,0,1,0,1,33,17,16
CULBERSON COUNTY,109,2 Years,38,20,18,5,3,2,0,0,0,1,1,0,32,16,16
CULBERSON COUNTY,109,3 Years,32,12,20,4,2,2,0,0,0,1,1,0,27,9,18
CULBERSON COUNTY,109,4 Years,37,17,20,5,4,1,0,0,0,0,0,0,32,13,19
CULBERSON COUNTY,109,5 Years,42,27,15,4,3,1,0,0,0,0,0,0,38,24,14
CULBERSON COUNTY,109,6 Years,29,18,11,3,1,2,0,0,0,0,0,0,26,17,9
CULBERSON COUNTY,109,7 Years,32,14,18,5,2,3,0,0,0,0,0,0,27,12,15
CULBERSON COUNTY,109,8 Years,31,11,20,3,1,2,0,0,0,0,0,0,28,10,18
CULBERSON COUNTY,109,9 Years,30,17,13,1,0,1,0,0,0,0,0,0,29,17,12
CULBERSON COUNTY,109,10 Years,39,20,19,6,4,2,0,0,0,1,0,1,32,16,16
CULBERSON COUNTY,109,11 Years,32,17,15,3,2,1,1,1,0,0,0,0,28,14,14
CULBERSON COUNTY,109,12 Years,38,22,16,6,4,2,1,1,0,0,0,0,31,17,14
CULBERSON COUNTY,109,13 Years,35,19,16,6,4,2,0,0,0,0,0,0,29,15,14
CULBERSON COUNTY,109,14 Years,33,17,16,5,2,3,0,0,0,1,1,0,27,14,13
CULBERSON COUNTY,109,15 Years,37,19,18,7,3,4,0,0,0,1,1,0,29,15,14
CULBERSON COUNTY,109,16 Years,34,16,18,9,4,5,0,0,0,2,2,0,23,10,13
CULBERSON COUNTY,109,17 Years,37,20,17,5,2,3,0,0,0,1,1,0,31,17,14
CULBERSON COUNTY,109,18 Years,39,18,21,7,2,5,0,0,0,2,1,1,30,15,15
CULBERSON COUNTY,109,19 Years,37,20,17,5,3,2,0,0,0,3,2,1,29,15,14
CULBERSON COUNTY,109,20 Years,37,21,16,2,2,0,0,0,0,2,1,1,33,18,15
CULBERSON COUNTY,109,21 Years,35,15,20,6,3,3,0,0,0,1,1,0,28,11,17
CULBERSON COUNTY,109,22 Years,27,11,16,3,1,2,0,0,0,0,0,0,24,10,14
CULBERSON COUNTY,109,23 Years,33,18,15,3,1,2,0,0,0,2,1,1,28,16,12
CULBERSON COUNTY,109,24 Years,34,17,17,6,4,2,0,0,0,1,1,0,27,12,15
CULBERSON COUNTY,109,25 Years,24,15,9,3,3,0,0,0,0,0,0,0,21,12,9
CULBERSON COUNTY,109,26 Years,26,16,10,5,3,2,1,1,0,1,1,0,19,11,8
CULBERSON COUNTY,109,27 Years,23,9,14,5,1,4,0,0,0,0,0,0,18,8,10
CULBERSON COUNTY,109,28 Years,22,10,12,8,5,3,1,1,0,1,0,1,12,4,8
CULBERSON COUNTY,109,29 Years,17,11,6,5,5,0,0,0,0,0,0,0,12,6,6
CULBERSON COUNTY,109,30 Years,23,9,14,4,2,2,0,0,0,2,1,1,17,6,11
CULBERSON COUNTY,109,31 Years,29,16,13,5,3,2,0,0,0,0,0,0,24,13,11
CULBERSON COUNTY,109,32 Years,26,12,14,6,4,2,0,0,0,1,1,0,19,7,12
CULBERSON COUNTY,109,33 Years,28,12,16,5,2,3,0,0,0,1,0,1,22,10,12
CULBERSON COUNTY,109,34 Years,21,11,10,2,1,1,0,0,0,1,0,1,18,10,8
CULBERSON COUNTY,109,35 Years,24,9,15,5,2,3,0,0,0,1,0,1,18,7,11
CULBERSON COUNTY,109,36 Years,25,14,11,6,3,3,0,0,0,0,0,0,19,11,8
CULBERSON COUNTY,109,37 Years,19,13,6,6,3,3,0,0,0,1,1,0,12,9,3
CULBERSON COUNTY,109,38 Years,22,9,13,4,1,3,0,0,0,1,0,1,17,8,9
CULBERSON COUNTY,109,39 Years,27,7,20,6,2,4,0,0,0,1,0,1,20,5,15
CULBERSON COUNTY,109,40 Years,25,13,12,3,2,1,0,0,0,0,0,0,22,11,11
CULBERSON COUNTY,109,41 Years,29,16,13,5,5,0,0,0,0,0,0,0,24,11,13
CULBERSON COUNTY,109,42 Years,28,15,13,6,4,2,0,0,0,0,0,0,22,11,11
CULBERSON COUNTY,109,43 Years,25,11,14,7,4,3,1,1,0,1,0,1,16,6,10
CULBERSON COUNTY,109,44 Years,25,9,16,3,2,1,1,0,1,0,0,0,21,7,14
CULBERSON COUNTY,109,45 Years,29,14,15,3,3,0,0,0,0,1,0,1,25,11,14
CULBERSON COUNTY,109,46 Years,31,13,18,5,3,2,0,0,0,1,0,1,25,10,15
CULBERSON COUNTY,109,47 Years,32,14,18,8,5,3,0,0,0,1,0,1,23,9,14
CULBERSON COUNTY,109,48 Years,33,16,17,7,3,4,0,0,0,0,0,0,26,13,13
CULBERSON COUNTY,109,49 Years,30,13,17,7,3,4,0,0,0,0,0,0,23,10,13
CULBERSON COUNTY,109,50 Years,26,11,15,7,3,4,0,0,0,0,0,0,19,8,11
CULBERSON COUNTY,109,51 Years,33,18,15,7,4,3,0,0,0,1,0,1,25,14,11
CULBERSON COUNTY,109,52 Years,35,19,16,3,2,1,0,0,0,1,1,0,31,16,15
CULBERSON COUNTY,109,53 Years,28,12,16,5,2,3,0,0,0,0,0,0,23,10,13
CULBERSON COUNTY,109,54 Years,27,14,13,6,3,3,0,0,0,1,1,0,20,10,10
CULBERSON COUNTY,109,55 Years,35,19,16,10,4,6,0,0,0,1,1,0,24,14,10
CULBERSON COUNTY,109,56 Years,34,17,17,8,2,6,0,0,0,2,1,1,24,14,10
CULBERSON COUNTY,109,57 Years,31,15,16,8,4,4,0,0,0,0,0,0,23,11,12
CULBERSON COUNTY,109,58 Years,35,15,20,9,5,4,0,0,0,1,1,0,25,9,16
CULBERSON COUNTY,109,59 Years,27,11,16,9,4,5,0,0,0,1,1,0,17,6,11
CULBERSON COUNTY,109,60 Years,29,12,17,10,4,6,0,0,0,2,2,0,17,6,11
CULBERSON COUNTY,109,61 Years,34,15,19,11,5,6,0,0,0,0,0,0,23,10,13
CULBERSON COUNTY,109,62 Years,29,13,16,7,2,5,0,0,0,0,0,0,22,11,11
CULBERSON COUNTY,109,63 Years,31,14,17,9,3,6,0,0,0,1,0,1,21,11,10
CULBERSON COUNTY,109,64 Years,30,15,15,10,6,4,0,0,0,1,0,1,19,9,10
CULBERSON COUNTY,109,65 Years,28,14,14,8,6,2,0,0,0,0,0,0,20,8,12
CULBERSON COUNTY,109,66 Years,25,8,17,5,3,2,0,0,0,1,0,1,19,5,14
CULBERSON COUNTY,109,67 Years,25,8,17,6,3,3,0,0,0,1,0,1,18,5,13
CULBERSON COUNTY,109,68 Years,23,9,14,6,2,4,0,0,0,0,0,0,17,7,10
CULBERSON COUNTY,109,69 Years,29,18,11,12,7,5,0,0,0,2,2,0,15,9,6
CULBERSON COUNTY,109,70 Years,20,11,9,6,4,2,0,0,0,0,0,0,14,7,7
CULBERSON COUNTY,109,71 Years,19,12,7,6,3,3,0,0,0,0,0,0,13,9,4
CULBERSON COUNTY,109,72 Years,21,10,11,6,2,4,1,0,1,0,0,0,14,8,6
CULBERSON COUNTY,109,73 Years,13,4,9,4,1,3,0,0,0,0,0,0,9,3,6
CULBERSON COUNTY,109,74 Years,18,12,6,6,5,1,1,0,1,0,0,0,11,7,4
CULBERSON COUNTY,109,75 Years,16,7,9,3,2,1,1,1,0,0,0,0,12,4,8
CULBERSON COUNTY,109,76 Years,21,8,13,9,2,7,0,0,0,1,1,0,11,5,6
CULBERSON COUNTY,109,77 Years,16,6,10,7,2,5,0,0,0,0,0,0,9,4,5
CULBERSON COUNTY,109,78 Years,15,8,7,2,1,1,0,0,0,0,0,0,13,7,6
CULBERSON COUNTY,109,79 Years,12,6,6,2,1,1,0,0,0,1,1,0,9,4,5
CULBERSON COUNTY,109,80 Years,8,2,6,3,1,2,0,0,0,0,0,0,5,1,4
CULBERSON COUNTY,109,81 Years,15,8,7,6,5,1,0,0,0,0,0,0,9,3,6
CULBERSON COUNTY,109,82 Years,12,4,8,5,3,2,0,0,0,0,0,0,7,1,6
CULBERSON COUNTY,109,83 Years,13,9,4,6,4,2,0,0,0,0,0,0,7,5,2
CULBERSON COUNTY,109,84 Years,13,8,5,5,4,1,0,0,0,0,0,0,8,4,4
CULBERSON COUNTY,109,85 Years +,43,20,23,15,8,7,0,0,0,0,0,0,28,12,16
DALLAM COUNTY,111,All Ages,6964,3637,3327,3751,1923,1828,80,40,40,193,112,81,2940,1562,1378
DALLAM COUNTY,111,< 1 Year,129,67,62,60,31,29,0,0,0,6,3,3,63,33,30
DALLAM COUNTY,111,1 Years,123,65,58,59,31,28,1,1,0,3,2,1,60,31,29
DALLAM COUNTY,111,2 Years,122,63,59,61,31,30,1,1,0,4,2,2,56,29,27
DALLAM COUNTY,111,3 Years,120,62,58,58,30,28,0,0,0,5,3,2,57,29,28
DALLAM COUNTY,111,4 Years,121,66,55,57,31,26,0,0,0,2,1,1,62,34,28
DALLAM COUNTY,111,5 Years,122,67,55,54,27,27,1,0,1,5,3,2,62,37,25
DALLAM COUNTY,111,6 Years,121,60,61,51,25,26,0,0,0,6,3,3,64,32,32
DALLAM COUNTY,111,7 Years,131,67,64,57,29,28,3,2,1,4,2,2,67,34,33
DALLAM COUNTY,111,8 Years,113,60,53,54,30,24,1,0,1,8,4,4,50,26,24
DALLAM COUNTY,111,9 Years,117,67,50,46,26,20,0,0,0,8,5,3,63,36,27
DALLAM COUNTY,111,10 Years,123,68,55,53,30,23,1,0,1,5,4,1,64,34,30
DALLAM COUNTY,111,11 Years,109,62,47,44,25,19,1,0,1,2,2,0,62,35,27
DALLAM COUNTY,111,12 Years,101,53,48,40,21,19,1,0,1,2,1,1,58,31,27
DALLAM COUNTY,111,13 Years,110,52,58,52,22,30,1,1,0,2,0,2,55,29,26
DALLAM COUNTY,111,14 Years,112,54,58,43,23,20,1,0,1,6,2,4,62,29,33
DALLAM COUNTY,111,15 Years,98,52,46,36,19,17,1,0,1,4,2,2,57,31,26
DALLAM COUNTY,111,16 Years,99,52,47,42,19,23,1,1,0,2,2,0,54,30,24
DALLAM COUNTY,111,17 Years,97,51,46,45,22,23,1,0,1,2,1,1,49,28,21
DALLAM COUNTY,111,18 Years,95,48,47,37,19,18,3,0,3,1,1,0,54,28,26
DALLAM COUNTY,111,19 Years,87,43,44,39,22,17,2,1,1,1,1,0,45,19,26
DALLAM COUNTY,111,20 Years,96,48,48,45,22,23,1,1,0,4,3,1,46,22,24
DALLAM COUNTY,111,21 Years,88,43,45,45,22,23,1,0,1,2,1,1,40,20,20
DALLAM COUNTY,111,22 Years,90,46,44,44,21,23,2,0,2,0,0,0,44,25,19
DALLAM COUNTY,111,23 Years,87,46,41,36,18,18,2,0,2,0,0,0,49,28,21
DALLAM COUNTY,111,24 Years,89,55,34,41,23,18,2,1,1,1,1,0,45,30,15
DALLAM COUNTY,111,25 Years,92,52,40,50,27,23,1,0,1,2,2,0,39,23,16
DALLAM COUNTY,111,26 Years,83,41,42,43,22,21,1,0,1,3,1,2,36,18,18
DALLAM COUNTY,111,27 Years,105,53,52,57,26,31,1,1,0,3,2,1,44,24,20
DALLAM COUNTY,111,28 Years,109,59,50,64,34,30,2,1,1,5,3,2,38,21,17
DALLAM COUNTY,111,29 Years,107,59,48,62,33,29,0,0,0,3,2,1,42,24,18
DALLAM COUNTY,111,30 Years,106,59,47,61,33,28,0,0,0,2,2,0,43,24,19
DALLAM COUNTY,111,31 Years,96,58,38,51,30,21,0,0,0,3,1,2,42,27,15
DALLAM COUNTY,111,32 Years,97,57,40,50,30,20,0,0,0,2,1,1,45,26,19
DALLAM COUNTY,111,33 Years,103,63,40,49,33,16,2,1,1,5,2,3,47,27,20
DALLAM COUNTY,111,34 Years,85,47,38,43,23,20,2,2,0,2,1,1,38,21,17
DALLAM COUNTY,111,35 Years,86,42,44,37,17,20,1,0,1,2,1,1,46,24,22
DALLAM COUNTY,111,36 Years,75,33,42,33,12,21,1,1,0,5,2,3,36,18,18
DALLAM COUNTY,111,37 Years,80,41,39,29,14,15,2,1,1,2,1,1,47,25,22
DALLAM COUNTY,111,38 Years,90,48,42,41,23,18,1,0,1,2,0,2,46,25,21
DALLAM COUNTY,111,39 Years,95,42,53,48,21,27,1,1,0,3,1,2,43,19,24
DALLAM COUNTY,111,40 Years,99,52,47,49,28,21,1,0,1,3,3,0,46,21,25
DALLAM COUNTY,111,41 Years,94,44,50,51,24,27,0,0,0,3,1,2,40,19,21
DALLAM COUNTY,111,42 Years,91,44,47,49,21,28,1,0,1,2,1,1,39,22,17
DALLAM COUNTY,111,43 Years,84,46,38,46,25,21,0,0,0,2,1,1,36,20,16
DALLAM COUNTY,111,44 Years,87,54,33,49,28,21,1,1,0,1,1,0,36,24,12
DALLAM COUNTY,111,45 Years,92,45,47,52,27,25,1,1,0,1,1,0,38,16,22
DALLAM COUNTY,111,46 Years,85,41,44,46,24,22,0,0,0,3,2,1,36,15,21
DALLAM COUNTY,111,47 Years,90,46,44,46,21,25,1,0,1,3,3,0,40,22,18
DALLAM COUNTY,111,48 Years,96,54,42,54,28,26,2,2,0,1,1,0,39,23,16
DALLAM COUNTY,111,49 Years,89,48,41,52,26,26,2,2,0,4,2,2,31,18,13
DALLAM COUNTY,111,50 Years,106,58,48,60,31,29,2,2,0,2,1,1,42,24,18
DALLAM COUNTY,111,51 Years,106,56,50,66,36,30,2,1,1,2,1,1,36,18,18
DALLAM COUNTY,111,52 Years,81,40,41,47,22,25,1,1,0,3,2,1,30,15,15
DALLAM COUNTY,111,53 Years,78,43,35,47,23,24,1,0,1,2,2,0,28,18,10
DALLAM COUNTY,111,54 Years,82,41,41,54,31,23,0,0,0,2,1,1,26,9,17
DALLAM COUNTY,111,55 Years,77,42,35,53,32,21,1,1,0,1,0,1,22,9,13
DALLAM COUNTY,111,56 Years,80,36,44,53,24,29,1,1,0,2,1,1,24,10,14
DALLAM COUNTY,111,57 Years,69,34,35,46,23,23,0,0,0,1,0,1,22,11,11
DALLAM COUNTY,111,58 Years,64,36,28,40,22,18,3,2,1,2,2,0,19,10,9
DALLAM COUNTY,111,59 Years,84,47,37,60,31,29,1,1,0,3,1,2,20,14,6
DALLAM COUNTY,111,60 Years,89,53,36,65,39,26,3,1,2,1,1,0,20,12,8
DALLAM COUNTY,111,61 Years,70,41,29,52,30,22,1,1,0,1,0,1,16,10,6
DALLAM COUNTY,111,62 Years,70,39,31,50,28,22,1,1,0,2,1,1,17,9,8
DALLAM COUNTY,111,63 Years,78,42,36,55,30,25,1,1,0,1,1,0,21,10,11
DALLAM COUNTY,111,64 Years,71,35,36,51,27,24,0,0,0,0,0,0,20,8,12
DALLAM COUNTY,111,65 Years,66,32,34,48,23,25,0,0,0,0,0,0,18,9,9
DALLAM COUNTY,111,66 Years,62,34,28,41,21,20,0,0,0,2,1,1,19,12,7
DALLAM COUNTY,111,67 Years,43,22,21,28,13,15,2,1,1,1,1,0,12,7,5
DALLAM COUNTY,111,68 Years,43,21,22,33,16,17,0,0,0,0,0,0,10,5,5
DALLAM COUNTY,111,69 Years,44,21,23,31,15,16,1,0,1,0,0,0,12,6,6
DALLAM COUNTY,111,70 Years,42,17,25,30,11,19,1,0,1,0,0,0,11,6,5
DALLAM COUNTY,111,71 Years,44,25,19,29,15,14,0,0,0,1,1,0,14,9,5
DALLAM COUNTY,111,72 Years,44,25,19,32,18,14,1,1,0,2,2,0,9,4,5
DALLAM COUNTY,111,73 Years,36,19,17,26,14,12,1,0,1,1,1,0,8,4,4
DALLAM COUNTY,111,74 Years,30,14,16,22,10,12,1,0,1,1,1,0,6,3,3
DALLAM COUNTY,111,75 Years,30,12,18,22,7,15,0,0,0,1,1,0,7,4,3
DALLAM COUNTY,111,76 Years,31,13,18,27,11,16,0,0,0,0,0,0,4,2,2
DALLAM COUNTY,111,77 Years,29,11,18,24,10,14,0,0,0,0,0,0,5,1,4
DALLAM COUNTY,111,78 Years,18,11,7,12,9,3,0,0,0,0,0,0,6,2,4
DALLAM COUNTY,111,79 Years,19,13,6,14,8,6,2,2,0,1,1,0,2,2,0
DALLAM COUNTY,111,80 Years,21,12,9,14,7,7,0,0,0,1,1,0,6,4,2
DALLAM COUNTY,111,81 Years,16,6,10,11,4,7,0,0,0,1,1,0,4,1,3
DALLAM COUNTY,111,82 Years,15,6,9,13,6,7,0,0,0,0,0,0,2,0,2
DALLAM COUNTY,111,83 Years,20,6,14,16,5,11,0,0,0,0,0,0,4,1,3
DALLAM COUNTY,111,84 Years,19,6,13,13,4,9,0,0,0,1,0,1,5,2,3
DALLAM COUNTY,111,85 Years +,71,23,48,55,18,37,1,0,1,3,0,3,12,5,7
DALLAS COUNTY,113,All Ages,2459095,1220823,1238272,740331,363481,376850,544196,252764,291432,178521,88079,90442,996047,516499,479548
DALLAS COUNTY,113,< 1 Year,41209,21058,20151,8290,4244,4046,8390,4282,4108,3717,1903,1814,20812,10629,10183
DALLAS COUNTY,113,1 Years,40586,20677,19909,8254,4207,4047,8461,4307,4154,2806,1429,1377,21065,10734,10331
DALLAS COUNTY,113,2 Years,40102,20423,19679,8336,4249,4087,8477,4310,4167,2722,1384,1338,20567,10480,10087
DALLAS COUNTY,113,3 Years,38376,19595,18781,7186,3710,3476,7938,4071,3867,2917,1509,1408,20335,10305,10030
DALLAS COUNTY,113,4 Years,37842,19311,18531,6637,3395,3242,7868,3996,3872,2991,1520,1471,20346,10400,9946
DALLAS COUNTY,113,5 Years,38581,19793,18788,6626,3361,3265,8090,4161,3929,3024,1532,1492,20841,10739,10102
DALLAS COUNTY,113,6 Years,38552,19845,18707,6525,3381,3144,8179,4225,3954,2912,1459,1453,20936,10780,10156
DALLAS COUNTY,113,7 Years,37961,19437,18524,6315,3280,3035,8173,4164,4009,2905,1472,1433,20568,10521,10047
DALLAS COUNTY,113,8 Years,37271,19065,18206,6219,3221,2998,8014,4070,3944,2845,1457,1388,20193,10317,9876
DALLAS COUNTY,113,9 Years,36641,18749,17892,6117,3158,2959,7929,3992,3937,2840,1477,1363,19755,10122,9633
DALLAS COUNTY,113,10 Years,36156,18508,17648,5932,3088,2844,7978,4032,3946,2777,1422,1355,19469,9966,9503
DALLAS COUNTY,113,11 Years,36639,18799,17840,5945,3085,2860,8300,4228,4072,2576,1305,1271,19818,10181,9637
DALLAS COUNTY,113,12 Years,36816,18948,17868,6081,3197,2884,8466,4369,4097,2493,1256,1237,19776,10126,9650
DALLAS COUNTY,113,13 Years,36282,18574,17708,6155,3191,2964,8675,4401,4274,2280,1153,1127,19172,9829,9343
DALLAS COUNTY,113,14 Years,35096,17864,17232,6197,3208,2989,8448,4281,4167,2128,1076,1052,18323,9299,9024
DALLAS COUNTY,113,15 Years,34408,17605,16803,6240,3235,3005,8393,4308,4085,2091,1067,1024,17684,8995,8689
DALLAS COUNTY,113,16 Years,34358,17583,16775,6520,3369,3151,8430,4261,4169,2066,1037,1029,17342,8916,8426
DALLAS COUNTY,113,17 Years,34163,17479,16684,6541,3344,3197,8386,4293,4093,2095,1068,1027,17141,8774,8367
DALLAS COUNTY,113,18 Years,33636,17438,16198,6450,3349,3101,8362,4279,4083,2047,1053,994,16777,8757,8020
DALLAS COUNTY,113,19 Years,32286,16740,15546,6108,3170,2938,7959,4040,3919,1977,993,984,16242,8537,7705
DALLAS COUNTY,113,20 Years,32358,16709,15649,6067,3128,2939,8042,4014,4028,1899,946,953,16350,8621,7729
DALLAS COUNTY,113,21 Years,32356,16745,15611,6384,3247,3137,7724,3860,3864,1900,949,951,16348,8689,7659
DALLAS COUNTY,113,22 Years,32835,16957,15878,6698,3346,3352,7564,3701,3863,1978,1024,954,16595,8886,7709
DALLAS COUNTY,113,23 Years,34413,17889,16524,7596,3807,3789,7531,3597,3934,2221,1141,1080,17065,9344,7721
DALLAS COUNTY,113,24 Years,35632,18508,17124,8284,4012,4272,7432,3518,3914,2488,1250,1238,17428,9728,7700
DALLAS COUNTY,113,25 Years,37845,19606,18239,9552,4606,4946,7380,3468,3912,2745,1401,1344,18168,10131,8037
DALLAS COUNTY,113,26 Years,39950,20374,19576,10999,5240,5759,7315,3414,3901,3062,1485,1577,18574,10235,8339
DALLAS COUNTY,113,27 Years,41604,20938,20666,12217,5852,6365,7461,3382,4079,3441,1699,1742,18485,10005,8480
DALLAS COUNTY,113,28 Years,41925,21018,20907,12709,6139,6570,7421,3371,4050,3670,1848,1822,18125,9660,8465
DALLAS COUNTY,113,29 Years,41395,20713,20682,12319,6134,6185,7326,3342,3984,4020,1912,2108,17730,9325,8405
DALLAS COUNTY,113,30 Years,42221,21121,21100,12190,6176,6014,7632,3434,4198,4247,2010,2237,18152,9501,8651
DALLAS COUNTY,113,31 Years,42071,21197,20874,11907,6076,5831,7855,3504,4351,4252,2056,2196,18057,9561,8496
DALLAS COUNTY,113,32 Years,42036,21045,20991,11508,5885,5623,8279,3618,4661,4074,1958,2116,18175,9584,8591
DALLAS COUNTY,113,33 Years,41943,21032,20911,11005,5702,5303,8550,3695,4855,4047,1993,2054,18341,9642,8699
DALLAS COUNTY,113,34 Years,38758,19562,19196,9905,5155,4750,8229,3583,4646,3683,1850,1833,16941,8974,7967
DALLAS COUNTY,113,35 Years,37055,18696,18359,9266,4806,4460,7891,3424,4467,3351,1668,1683,16547,8798,7749
DALLAS COUNTY,113,36 Years,35859,17925,17934,8793,4613,4180,7809,3380,4429,3245,1603,1642,16012,8329,7683
DALLAS COUNTY,113,37 Years,35378,17524,17854,8418,4391,4027,7649,3287,4362,3369,1651,1718,15942,8195,7747
DALLAS COUNTY,113,38 Years,35743,17873,17870,8548,4454,4094,7653,3337,4316,3298,1648,1650,16244,8434,7810
DALLAS COUNTY,113,39 Years,34344,17029,17315,8266,4267,3999,7559,3272,4287,3007,1523,1484,15512,7967,7545
DALLAS COUNTY,113,40 Years,33884,16888,16996,8368,4377,3991,7709,3400,4309,2846,1435,1411,14961,7676,7285
DALLAS COUNTY,113,41 Years,34353,17121,17232,8827,4583,4244,8021,3583,4438,2725,1399,1326,14780,7556,7224
DALLAS COUNTY,113,42 Years,34888,17259,17629,9660,5015,4645,8326,3677,4649,2685,1375,1310,14217,7192,7025
DALLAS COUNTY,113,43 Years,34972,17386,17586,9998,5191,4807,8228,3641,4587,2600,1300,1300,14146,7254,6892
DALLAS COUNTY,113,44 Years,32790,16544,16246,9591,4976,4615,7670,3490,4180,2395,1219,1176,13134,6859,6275
DALLAS COUNTY,113,45 Years,31728,15921,15807,9319,4796,4523,7657,3460,4197,2238,1138,1100,12514,6527,5987
DALLAS COUNTY,113,46 Years,31051,15571,15480,9336,4837,4499,7564,3399,4165,2031,984,1047,12120,6351,5769
DALLAS COUNTY,113,47 Years,31129,15589,15540,9481,4874,4607,7826,3502,4324,2046,1006,1040,11776,6207,5569
DALLAS COUNTY,113,48 Years,32311,16299,16012,10490,5437,5053,8303,3751,4552,2120,1044,1076,11398,6067,5331
DALLAS COUNTY,113,49 Years,32220,16210,16010,11299,5750,5549,8187,3686,4501,2114,1055,1059,10620,5719,4901
DALLAS COUNTY,113,50 Years,32012,15884,16128,12007,6076,5931,8059,3603,4456,2072,1011,1061,9874,5194,4680
DALLAS COUNTY,113,51 Years,31751,15693,16058,12540,6249,6291,7975,3641,4334,1932,926,1006,9304,4877,4427
DALLAS COUNTY,113,52 Years,31864,15813,16051,12787,6386,6401,8008,3671,4337,1962,950,1012,9107,4806,4301
DALLAS COUNTY,113,53 Years,31912,15905,16007,13087,6526,6561,8021,3724,4297,1969,942,1027,8835,4713,4122
DALLAS COUNTY,113,54 Years,30501,15069,15432,12969,6499,6470,7664,3516,4148,1836,848,988,8032,4206,3826
DALLAS COUNTY,113,55 Years,29803,14660,15143,13129,6570,6559,7454,3423,4031,1844,866,978,7376,3801,3575
DALLAS COUNTY,113,56 Years,29006,14115,14891,12983,6402,6581,7224,3270,3954,1839,869,970,6960,3574,3386
DALLAS COUNTY,113,57 Years,27899,13650,14249,12783,6378,6405,6825,3102,3723,1731,813,918,6560,3357,3203
DALLAS COUNTY,113,58 Years,26893,13138,13755,12730,6309,6421,6465,2937,3528,1639,772,867,6059,3120,2939
DALLAS COUNTY,113,59 Years,24882,11912,12970,12088,5827,6261,5835,2619,3216,1563,731,832,5396,2735,2661
DALLAS COUNTY,113,60 Years,23907,11400,12507,11835,5718,6117,5482,2438,3044,1600,733,867,4990,2511,2479
DALLAS COUNTY,113,61 Years,22711,10685,12026,11313,5418,5895,5302,2288,3014,1453,683,770,4643,2296,2347
DALLAS COUNTY,113,62 Years,21773,10269,11504,10648,5121,5527,5255,2251,3004,1450,677,773,4420,2220,2200
DALLAS COUNTY,113,63 Years,20869,9808,11061,10367,4957,5410,5000,2175,2825,1453,672,781,4049,2004,2045
DALLAS COUNTY,113,64 Years,19864,9343,10521,10040,4784,5256,4769,2089,2680,1311,608,703,3744,1862,1882
DALLAS COUNTY,113,65 Years,19463,9061,10402,10298,4867,5431,4515,1984,2531,1192,558,634,3458,1652,1806
DALLAS COUNTY,113,66 Years,18811,8745,10066,10559,5031,5528,3954,1716,2238,1118,516,602,3180,1482,1698
DALLAS COUNTY,113,67 Years,15419,7135,8284,8218,3879,4339,3380,1450,1930,971,456,515,2850,1350,1500
DALLAS COUNTY,113,68 Years,14300,6510,7790,7512,3465,4047,3257,1342,1915,982,464,518,2549,1239,1310
DALLAS COUNTY,113,69 Years,13792,6337,7455,7481,3536,3945,2985,1252,1733,912,426,486,2414,1123,1291
DALLAS COUNTY,113,70 Years,13061,5934,7127,7317,3386,3931,2786,1172,1614,827,400,427,2131,976,1155
DALLAS COUNTY,113,71 Years,11617,5184,6433,6521,2949,3572,2531,1049,1482,711,329,382,1854,857,997
DALLAS COUNTY,113,72 Years,10786,4772,6014,6053,2726,3327,2327,929,1398,643,298,345,1763,819,944
DALLAS COUNTY,113,73 Years,9979,4379,5600,5625,2505,3120,2098,844,1254,604,283,321,1652,747,905
DALLAS COUNTY,113,74 Years,9326,4107,5219,5391,2414,2977,1883,764,1119,560,266,294,1492,663,829
DALLAS COUNTY,113,75 Years,8701,3832,4869,5123,2290,2833,1692,685,1007,504,242,262,1382,615,767
DALLAS COUNTY,113,76 Years,8044,3449,4595,4745,2059,2686,1588,623,965,473,218,255,1238,549,689
DALLAS COUNTY,113,77 Years,7638,3222,4416,4602,1984,2618,1460,542,918,438,193,245,1138,503,635
DALLAS COUNTY,113,78 Years,7423,3037,4386,4578,1872,2706,1406,556,850,381,164,217,1058,445,613
DALLAS COUNTY,113,79 Years,6918,2838,4080,4334,1778,2556,1321,507,814,318,141,177,945,412,533
DALLAS COUNTY,113,80 Years,6436,2587,3849,4118,1683,2435,1217,427,790,290,131,159,811,346,465
DALLAS COUNTY,113,81 Years,6031,2419,3612,4017,1640,2377,1000,350,650,274,112,162,740,317,423
DALLAS COUNTY,113,82 Years,5719,2242,3477,3834,1529,2305,930,320,610,252,101,151,703,292,411
DALLAS COUNTY,113,83 Years,5441,2064,3377,3635,1412,2223,908,286,622,241,94,147,657,272,385
DALLAS COUNTY,113,84 Years,4945,1847,3098,3404,1315,2089,806,244,562,208,83,125,527,205,322
DALLAS COUNTY,113,85 Years +,27590,9038,18552,19986,6627,13359,4105,1115,2990,962,361,601,2537,935,1602
DAWSON COUNTY,115,All Ages,13847,7837,6010,5240,2901,2339,845,622,223,191,107,84,7571,4207,3364
DAWSON COUNTY,115,< 1 Year,177,92,85,52,28,24,6,4,2,3,2,1,116,58,58
DAWSON COUNTY,115,1 Years,175,89,86,51,25,26,5,3,2,2,1,1,117,60,57
DAWSON COUNTY,115,2 Years,170,87,83,51,26,25,5,3,2,2,1,1,112,57,55
DAWSON COUNTY,115,3 Years,193,103,90,52,32,20,7,2,5,5,2,3,129,67,62
DAWSON COUNTY,115,4 Years,205,106,99,65,36,29,7,4,3,4,2,2,129,64,65
DAWSON COUNTY,115,5 Years,206,107,99,53,28,25,5,3,2,3,1,2,145,75,70
DAWSON COUNTY,115,6 Years,205,108,97,44,23,21,5,2,3,2,1,1,154,82,72
DAWSON COUNTY,115,7 Years,201,104,97,56,32,24,3,0,3,3,2,1,139,70,69
DAWSON COUNTY,115,8 Years,183,94,89,54,29,25,5,2,3,6,4,2,118,59,59
DAWSON COUNTY,115,9 Years,175,100,75,45,26,19,5,2,3,4,3,1,121,69,52
DAWSON COUNTY,115,10 Years,182,98,84,43,24,19,7,3,4,3,3,0,129,68,61
DAWSON COUNTY,115,11 Years,178,97,81,47,27,20,6,3,3,5,4,1,120,63,57
DAWSON COUNTY,115,12 Years,190,95,95,46,23,23,6,3,3,4,2,2,134,67,67
DAWSON COUNTY,115,13 Years,189,105,84,54,25,29,9,5,4,4,1,3,122,74,48
DAWSON COUNTY,115,14 Years,183,99,84,52,29,23,15,10,5,2,0,2,114,60,54
DAWSON COUNTY,115,15 Years,163,92,71,41,25,16,9,8,1,1,0,1,112,59,53
DAWSON COUNTY,115,16 Years,168,93,75,42,24,18,9,6,3,1,0,1,116,63,53
DAWSON COUNTY,115,17 Years,186,99,87,49,26,23,7,3,4,3,2,1,127,68,59
DAWSON COUNTY,115,18 Years,187,103,84,47,25,22,13,8,5,4,1,3,123,69,54
DAWSON COUNTY,115,19 Years,198,121,77,36,20,16,14,10,4,5,4,1,143,87,56
DAWSON COUNTY,115,20 Years,209,125,84,55,31,24,14,11,3,2,2,0,138,81,57
DAWSON COUNTY,115,21 Years,247,166,81,60,37,23,29,27,2,3,2,1,155,100,55
DAWSON COUNTY,115,22 Years,228,162,66,59,40,19,38,36,2,3,2,1,128,84,44
DAWSON COUNTY,115,23 Years,217,150,67,61,42,19,26,23,3,5,4,1,125,81,44
DAWSON COUNTY,115,24 Years,254,178,76,76,52,24,28,25,3,4,3,1,146,98,48
DAWSON COUNTY,115,25 Years,244,200,44,89,70,19,32,32,0,3,2,1,120,96,24
DAWSON COUNTY,115,26 Years,246,174,72,74,51,23,29,26,3,6,4,2,137,93,44
DAWSON COUNTY,115,27 Years,247,189,58,87,70,17,26,25,1,4,3,1,130,91,39
DAWSON COUNTY,115,28 Years,263,196,67,97,74,23,31,30,1,2,1,1,133,91,42
DAWSON COUNTY,115,29 Years,271,191,80,101,71,30,27,25,2,3,2,1,140,93,47
DAWSON COUNTY,115,30 Years,258,179,79,96,67,29,24,21,3,1,0,1,137,91,46
DAWSON COUNTY,115,31 Years,227,151,76,89,64,25,23,20,3,3,3,0,112,64,48
DAWSON COUNTY,115,32 Years,223,148,75,80,54,26,20,17,3,3,3,0,120,74,46
DAWSON COUNTY,115,33 Years,187,110,77,70,45,25,8,5,3,4,2,2,105,58,47
DAWSON COUNTY,115,34 Years,186,116,70,62,39,23,6,5,1,2,1,1,116,71,45
DAWSON COUNTY,115,35 Years,173,113,60,51,34,17,11,9,2,2,1,1,109,69,40
DAWSON COUNTY,115,36 Years,175,113,62,58,39,19,12,11,1,2,2,0,103,61,42
DAWSON COUNTY,115,37 Years,179,117,62,61,44,17,9,8,1,2,1,1,107,64,43
DAWSON COUNTY,115,38 Years,165,106,59,62,40,22,7,6,1,1,1,0,95,59,36
DAWSON COUNTY,115,39 Years,163,103,60,55,36,19,16,14,2,1,0,1,91,53,38
DAWSON COUNTY,115,40 Years,157,95,62,49,29,20,21,18,3,1,0,1,86,48,38
DAWSON COUNTY,115,41 Years,136,81,55,55,32,23,13,11,2,4,3,1,64,35,29
DAWSON COUNTY,115,42 Years,148,77,71,62,35,27,5,4,1,5,2,3,76,36,40
DAWSON COUNTY,115,43 Years,159,89,70,58,33,25,10,7,3,2,1,1,89,48,41
DAWSON COUNTY,115,44 Years,127,58,69,62,33,29,4,3,1,1,1,0,60,21,39
DAWSON COUNTY,115,45 Years,145,79,66,52,24,28,5,5,0,0,0,0,88,50,38
DAWSON COUNTY,115,46 Years,153,88,65,43,27,16,18,14,4,4,1,3,88,46,42
DAWSON COUNTY,115,47 Years,139,83,56,38,24,14,8,5,3,2,1,1,91,53,38
DAWSON COUNTY,115,48 Years,151,82,69,52,30,22,12,8,4,1,0,1,86,44,42
DAWSON COUNTY,115,49 Years,159,92,67,60,37,23,11,7,4,2,1,1,86,47,39
DAWSON COUNTY,115,50 Years,163,92,71,62,37,25,7,4,3,0,0,0,94,51,43
DAWSON COUNTY,115,51 Years,191,99,92,75,40,35,11,6,5,1,0,1,104,53,51
DAWSON COUNTY,115,52 Years,185,103,82,71,38,33,12,8,4,1,1,0,101,56,45
DAWSON COUNTY,115,53 Years,156,82,74,71,38,33,5,2,3,0,0,0,80,42,38
DAWSON COUNTY,115,54 Years,156,84,72,74,39,35,8,5,3,1,1,0,73,39,34
DAWSON COUNTY,115,55 Years,139,67,72,62,30,32,5,2,3,4,1,3,68,34,34
DAWSON COUNTY,115,56 Years,170,83,87,72,35,37,10,5,5,4,1,3,84,42,42
DAWSON COUNTY,115,57 Years,146,67,79,73,36,37,6,1,5,2,1,1,65,29,36
DAWSON COUNTY,115,58 Years,159,79,80,77,37,40,8,5,3,2,0,2,72,37,35
DAWSON COUNTY,115,59 Years,141,77,64,70,37,33,7,6,1,2,1,1,62,33,29
DAWSON COUNTY,115,60 Years,147,77,70,73,39,34,9,5,4,2,0,2,63,33,30
DAWSON COUNTY,115,61 Years,136,66,70,68,30,38,8,4,4,2,1,1,58,31,27
DAWSON COUNTY,115,62 Years,139,72,67,65,32,33,5,3,2,1,1,0,68,36,32
DAWSON COUNTY,115,63 Years,119,59,60,63,30,33,5,3,2,2,2,0,49,24,25
DAWSON COUNTY,115,64 Years,115,64,51,62,34,28,3,2,1,1,1,0,49,27,22
DAWSON COUNTY,115,65 Years,125,65,60,73,36,37,5,2,3,1,1,0,46,26,20
DAWSON COUNTY,115,66 Years,129,54,75,70,29,41,2,1,1,2,1,1,55,23,32
DAWSON COUNTY,115,67 Years,111,40,71,52,19,33,4,1,3,1,0,1,54,20,34
DAWSON COUNTY,115,68 Years,106,43,63,54,21,33,4,0,4,1,1,0,47,21,26
DAWSON COUNTY,115,69 Years,116,49,67,58,27,31,5,0,5,4,1,3,49,21,28
DAWSON COUNTY,115,70 Years,105,52,53,61,31,30,2,1,1,1,0,1,41,20,21
DAWSON COUNTY,115,71 Years,98,41,57,61,26,35,3,1,2,0,0,0,34,14,20
DAWSON COUNTY,115,72 Years,86,37,49,56,26,30,4,2,2,1,1,0,25,8,17
DAWSON COUNTY,115,73 Years,88,39,49,48,21,27,4,1,3,2,1,1,34,16,18
DAWSON COUNTY,115,74 Years,87,38,49,49,21,28,3,0,3,0,0,0,35,17,18
DAWSON COUNTY,115,75 Years,84,37,47,53,23,30,2,0,2,0,0,0,29,14,15
DAWSON COUNTY,115,76 Years,77,32,45,50,22,28,1,0,1,2,1,1,24,9,15
DAWSON COUNTY,115,77 Years,85,29,56,58,21,37,1,0,1,0,0,0,26,8,18
DAWSON COUNTY,115,78 Years,90,37,53,59,25,34,1,0,1,3,2,1,27,10,17
DAWSON COUNTY,115,79 Years,76,32,44,49,22,27,2,0,2,1,0,1,24,10,14
DAWSON COUNTY,115,80 Years,68,30,38,47,22,25,1,1,0,0,0,0,20,7,13
DAWSON COUNTY,115,81 Years,72,34,38,54,24,30,1,1,0,1,1,0,16,8,8
DAWSON COUNTY,115,82 Years,60,26,34,43,19,24,2,0,2,0,0,0,15,7,8
DAWSON COUNTY,115,83 Years,56,25,31,37,15,22,2,1,1,0,0,0,17,9,8
DAWSON COUNTY,115,84 Years,53,23,30,34,14,20,5,2,3,0,0,0,14,7,7
DAWSON COUNTY,115,85 Years +,263,100,163,182,68,114,11,5,6,2,1,1,68,26,42
DEAF SMITH COUNTY,117,All Ages,19337,9694,9643,5539,2691,2848,150,75,75,244,114,130,13404,6814,6590
DEAF SMITH COUNTY,117,< 1 Year,346,174,172,49,25,24,2,1,1,7,4,3,288,144,144
DEAF SMITH COUNTY,117,1 Years,351,180,171,53,28,25,2,1,1,7,4,3,289,147,142
DEAF SMITH COUNTY,117,2 Years,345,178,167,53,28,25,1,1,0,7,4,3,284,145,139
DEAF SMITH COUNTY,117,3 Years,335,162,173,52,26,26,1,0,1,3,2,1,279,134,145
DEAF SMITH COUNTY,117,4 Years,343,162,181,55,28,27,0,0,0,6,3,3,282,131,151
DEAF SMITH COUNTY,117,5 Years,371,182,189,56,30,26,0,0,0,6,3,3,309,149,160
DEAF SMITH COUNTY,117,6 Years,366,198,168,44,23,21,2,1,1,5,3,2,315,171,144
DEAF SMITH COUNTY,117,7 Years,339,182,157,53,28,25,1,1,0,3,3,0,282,150,132
DEAF SMITH COUNTY,117,8 Years,333,169,164,57,31,26,2,1,1,5,3,2,269,134,135
DEAF SMITH COUNTY,117,9 Years,349,170,179,52,26,26,5,1,4,8,4,4,284,139,145
DEAF SMITH COUNTY,117,10 Years,345,164,181,61,27,34,1,0,1,3,2,1,280,135,145
DEAF SMITH COUNTY,117,11 Years,337,174,163,69,38,31,0,0,0,4,2,2,264,134,130
DEAF SMITH COUNTY,117,12 Years,331,164,167,68,33,35,1,1,0,4,0,4,258,130,128
DEAF SMITH COUNTY,117,13 Years,339,165,174,64,31,33,0,0,0,4,1,3,271,133,138
DEAF SMITH COUNTY,117,14 Years,334,168,166,78,40,38,2,1,1,3,2,1,251,125,126
DEAF SMITH COUNTY,117,15 Years,328,171,157,69,33,36,2,1,1,3,2,1,254,135,119
DEAF SMITH COUNTY,117,16 Years,306,155,151,61,34,27,1,1,0,3,2,1,241,118,123
DEAF SMITH COUNTY,117,17 Years,305,159,146,69,39,30,2,2,0,3,3,0,231,115,116
DEAF SMITH COUNTY,117,18 Years,299,160,139,62,31,31,1,1,0,1,1,0,235,127,108
DEAF SMITH COUNTY,117,19 Years,293,163,130,52,27,25,2,2,0,2,0,2,237,134,103
DEAF SMITH COUNTY,117,20 Years,290,158,132,57,26,31,2,2,0,4,1,3,227,129,98
DEAF SMITH COUNTY,117,21 Years,303,161,142,58,34,24,2,1,1,3,0,3,240,126,114
DEAF SMITH COUNTY,117,22 Years,273,132,141,41,21,20,1,0,1,5,1,4,226,110,116
DEAF SMITH COUNTY,117,23 Years,244,133,111,36,17,19,2,2,0,2,1,1,204,113,91
DEAF SMITH COUNTY,117,24 Years,256,141,115,44,24,20,1,1,0,2,1,1,209,115,94
DEAF SMITH COUNTY,117,25 Years,271,152,119,55,35,20,2,1,1,3,1,2,211,115,96
DEAF SMITH COUNTY,117,26 Years,234,132,102,47,28,19,2,0,2,2,1,1,183,103,80
DEAF SMITH COUNTY,117,27 Years,238,115,123,46,21,25,4,1,3,2,1,1,186,92,94
DEAF SMITH COUNTY,117,28 Years,239,126,113,55,27,28,3,2,1,4,2,2,177,95,82
DEAF SMITH COUNTY,117,29 Years,254,126,128,60,25,35,0,0,0,3,1,2,191,100,91
DEAF SMITH COUNTY,117,30 Years,244,127,117,50,28,22,0,0,0,7,3,4,187,96,91
DEAF SMITH COUNTY,117,31 Years,238,116,122,42,26,16,1,0,1,5,1,4,190,89,101
DEAF SMITH COUNTY,117,32 Years,239,121,118,54,28,26,0,0,0,2,0,2,183,93,90
DEAF SMITH COUNTY,117,33 Years,271,137,134,58,25,33,3,1,2,7,4,3,203,107,96
DEAF SMITH COUNTY,117,34 Years,251,128,123,53,25,28,2,1,1,3,2,1,193,100,93
DEAF SMITH COUNTY,117,35 Years,234,124,110,46,22,24,2,1,1,2,1,1,184,100,84
DEAF SMITH COUNTY,117,36 Years,242,115,127,49,22,27,3,2,1,4,3,1,186,88,98
DEAF SMITH COUNTY,117,37 Years,241,120,121,55,27,28,4,3,1,2,1,1,180,89,91
DEAF SMITH COUNTY,117,38 Years,229,114,115,50,23,27,3,1,2,1,1,0,175,89,86
DEAF SMITH COUNTY,117,39 Years,201,103,98,46,26,20,1,0,1,2,1,1,152,76,76
DEAF SMITH COUNTY,117,40 Years,201,104,97,49,25,24,1,0,1,3,1,2,148,78,70
DEAF SMITH COUNTY,117,41 Years,226,108,118,54,26,28,2,1,1,6,2,4,164,79,85
DEAF SMITH COUNTY,117,42 Years,229,116,113,67,32,35,4,3,1,4,1,3,154,80,74
DEAF SMITH COUNTY,117,43 Years,235,123,112,74,34,40,7,3,4,0,0,0,154,86,68
DEAF SMITH COUNTY,117,44 Years,235,115,120,63,29,34,2,1,1,3,2,1,167,83,84
DEAF SMITH COUNTY,117,45 Years,205,97,108,50,22,28,0,0,0,3,1,2,152,74,78
DEAF SMITH COUNTY,117,46 Years,220,112,108,66,39,27,2,0,2,3,1,2,149,72,77
DEAF SMITH COUNTY,117,47 Years,218,119,99,65,33,32,2,1,1,1,1,0,150,84,66
DEAF SMITH COUNTY,117,48 Years,240,120,120,73,37,36,5,3,2,4,2,2,158,78,80
DEAF SMITH COUNTY,117,49 Years,216,114,102,70,37,33,3,2,1,2,1,1,141,74,67
DEAF SMITH COUNTY,117,50 Years,214,114,100,68,36,32,3,1,2,2,1,1,141,76,65
DEAF SMITH COUNTY,117,51 Years,219,109,110,79,36,43,1,1,0,2,1,1,137,71,66
DEAF SMITH COUNTY,117,52 Years,238,112,126,91,44,47,2,2,0,5,1,4,140,65,75
DEAF SMITH COUNTY,117,53 Years,214,108,106,80,39,41,1,1,0,2,0,2,131,68,63
DEAF SMITH COUNTY,117,54 Years,212,114,98,80,39,41,5,2,3,1,1,0,126,72,54
DEAF SMITH COUNTY,117,55 Years,243,124,119,102,52,50,3,2,1,1,0,1,137,70,67
DEAF SMITH COUNTY,117,56 Years,234,122,112,106,58,48,2,1,1,1,0,1,125,63,62
DEAF SMITH COUNTY,117,57 Years,220,109,111,99,49,50,1,1,0,0,0,0,120,59,61
DEAF SMITH COUNTY,117,58 Years,212,105,107,92,42,50,2,2,0,0,0,0,118,61,57
DEAF SMITH COUNTY,117,59 Years,218,105,113,99,48,51,3,1,2,3,2,1,113,54,59
DEAF SMITH COUNTY,117,60 Years,200,103,97,98,51,47,2,2,0,4,3,1,96,47,49
DEAF SMITH COUNTY,117,61 Years,198,97,101,98,48,50,2,2,0,5,3,2,93,44,49
DEAF SMITH COUNTY,117,62 Years,191,91,100,89,41,48,2,1,1,2,0,2,98,49,49
DEAF SMITH COUNTY,117,63 Years,183,89,94,93,42,51,2,1,1,0,0,0,88,46,42
DEAF SMITH COUNTY,117,64 Years,177,90,87,90,44,46,1,0,1,3,1,2,83,45,38
DEAF SMITH COUNTY,117,65 Years,158,76,82,82,39,43,1,0,1,4,1,3,71,36,35
DEAF SMITH COUNTY,117,66 Years,142,70,72,83,39,44,1,0,1,3,2,1,55,29,26
DEAF SMITH COUNTY,117,67 Years,114,50,64,64,29,35,1,1,0,2,1,1,47,19,28
DEAF SMITH COUNTY,117,68 Years,121,45,76,56,24,32,2,0,2,3,1,2,60,20,40
DEAF SMITH COUNTY,117,69 Years,131,54,77,69,31,38,3,1,2,2,1,1,57,21,36
DEAF SMITH COUNTY,117,70 Years,117,61,56,58,31,27,2,1,1,2,1,1,55,28,27
DEAF SMITH COUNTY,117,71 Years,100,53,47,57,31,26,1,0,1,2,1,1,40,21,19
DEAF SMITH COUNTY,117,72 Years,105,51,54,63,30,33,1,0,1,0,0,0,41,21,20
DEAF SMITH COUNTY,117,73 Years,103,47,56,63,29,34,1,0,1,1,1,0,38,17,21
DEAF SMITH COUNTY,117,74 Years,92,44,48,53,27,26,0,0,0,1,1,0,38,16,22
DEAF SMITH COUNTY,117,75 Years,94,45,49,58,27,31,0,0,0,1,0,1,35,18,17
DEAF SMITH COUNTY,117,76 Years,95,40,55,54,22,32,1,0,1,1,0,1,39,18,21
DEAF SMITH COUNTY,117,77 Years,84,36,48,54,22,32,2,0,2,2,1,1,26,13,13
DEAF SMITH COUNTY,117,78 Years,76,38,38,50,24,26,1,0,1,0,0,0,25,14,11
DEAF SMITH COUNTY,117,79 Years,81,33,48,56,22,34,1,0,1,0,0,0,24,11,13
DEAF SMITH COUNTY,117,80 Years,71,31,40,48,22,26,2,0,2,0,0,0,21,9,12
DEAF SMITH COUNTY,117,81 Years,67,31,36,45,19,26,2,1,1,0,0,0,20,11,9
DEAF SMITH COUNTY,117,82 Years,68,28,40,48,18,30,1,1,0,0,0,0,19,9,10
DEAF SMITH COUNTY,117,83 Years,65,25,40,46,17,29,0,0,0,1,0,1,18,8,10
DEAF SMITH COUNTY,117,84 Years,62,25,37,40,14,26,0,0,0,2,1,1,20,10,10
DEAF SMITH COUNTY,117,85 Years +,306,110,196,218,75,143,1,1,0,5,2,3,82,32,50
DELTA COUNTY,119,All Ages,5276,2593,2683,4379,2140,2239,383,180,203,219,100,119,295,173,122
DELTA COUNTY,119,< 1 Year,57,29,28,42,21,21,7,4,3,2,1,1,6,3,3
DELTA COUNTY,119,1 Years,57,30,27,44,23,21,5,3,2,2,1,1,6,3,3
DELTA COUNTY,119,2 Years,56,28,28,43,22,21,4,2,2,3,1,2,6,3,3
DELTA COUNTY,119,3 Years,60,24,36,42,19,23,7,2,5,4,2,2,7,1,6
DELTA COUNTY,119,4 Years,63,31,32,40,18,22,7,3,4,7,5,2,9,5,4
DELTA COUNTY,119,5 Years,48,25,23,35,17,18,6,4,2,3,2,1,4,2,2
DELTA COUNTY,119,6 Years,63,30,33,46,21,25,7,4,3,4,1,3,6,4,2
DELTA COUNTY,119,7 Years,67,38,29,46,25,21,5,2,3,5,2,3,11,9,2
DELTA COUNTY,119,8 Years,56,28,28,43,22,21,3,0,3,4,2,2,6,4,2
DELTA COUNTY,119,9 Years,54,26,28,39,19,20,3,0,3,4,2,2,8,5,3
DELTA COUNTY,119,10 Years,67,35,32,46,25,21,3,0,3,7,4,3,11,6,5
DELTA COUNTY,119,11 Years,64,37,27,54,32,22,2,1,1,2,1,1,6,3,3
DELTA COUNTY,119,12 Years,61,36,25,48,29,19,3,2,1,7,3,4,3,2,1
DELTA COUNTY,119,13 Years,69,37,32,53,29,24,7,4,3,5,3,2,4,1,3
DELTA COUNTY,119,14 Years,68,28,40,53,23,30,6,2,4,3,1,2,6,2,4
DELTA COUNTY,119,15 Years,59,26,33,46,20,26,4,1,3,4,1,3,5,4,1
DELTA COUNTY,119,16 Years,65,37,28,50,26,24,5,4,1,5,2,3,5,5,0
DELTA COUNTY,119,17 Years,75,43,32,56,31,25,6,4,2,5,3,2,8,5,3
DELTA COUNTY,119,18 Years,78,40,38,55,29,26,10,3,7,5,4,1,8,4,4
DELTA COUNTY,119,19 Years,73,39,34,53,28,25,11,5,6,2,2,0,7,4,3
DELTA COUNTY,119,20 Years,66,37,29,53,29,24,7,4,3,3,2,1,3,2,1
DELTA COUNTY,119,21 Years,62,36,26,43,25,18,10,5,5,5,4,1,4,2,2
DELTA COUNTY,119,22 Years,55,32,23,40,24,16,7,3,4,2,1,1,6,4,2
DELTA COUNTY,119,23 Years,63,34,29,46,25,21,8,4,4,1,1,0,8,4,4
DELTA COUNTY,119,24 Years,61,34,27,52,28,24,5,3,2,2,2,0,2,1,1
DELTA COUNTY,119,25 Years,42,18,24,34,13,21,5,3,2,2,1,1,1,1,0
DELTA COUNTY,119,26 Years,61,30,31,48,24,24,7,2,5,3,2,1,3,2,1
DELTA COUNTY,119,27 Years,53,24,29,41,21,20,8,2,6,0,0,0,4,1,3
DELTA COUNTY,119,28 Years,48,23,25,40,21,19,3,0,3,2,0,2,3,2,1
DELTA COUNTY,119,29 Years,58,30,28,51,26,25,3,1,2,1,0,1,3,3,0
DELTA COUNTY,119,30 Years,58,29,29,46,22,24,4,1,3,2,2,0,6,4,2
DELTA COUNTY,119,31 Years,43,22,21,36,19,17,2,1,1,2,0,2,3,2,1
DELTA COUNTY,119,32 Years,43,15,28,34,13,21,3,0,3,3,1,2,3,1,2
DELTA COUNTY,119,33 Years,62,25,37,52,19,33,2,1,1,3,1,2,5,4,1
DELTA COUNTY,119,34 Years,51,26,25,45,22,23,1,1,0,1,0,1,4,3,1
DELTA COUNTY,119,35 Years,44,24,20,41,21,20,1,1,0,0,0,0,2,2,0
DELTA COUNTY,119,36 Years,47,23,24,39,19,20,3,1,2,1,0,1,4,3,1
DELTA COUNTY,119,37 Years,51,28,23,43,23,20,4,2,2,0,0,0,4,3,1
DELTA COUNTY,119,38 Years,50,26,24,45,23,22,3,2,1,0,0,0,2,1,1
DELTA COUNTY,119,39 Years,64,32,32,47,26,21,6,2,4,5,0,5,6,4,2
DELTA COUNTY,119,40 Years,56,32,24,44,27,17,6,2,4,2,0,2,4,3,1
DELTA COUNTY,119,41 Years,58,27,31,48,26,22,4,0,4,3,0,3,3,1,2
DELTA COUNTY,119,42 Years,59,29,30,50,25,25,4,3,1,1,0,1,4,1,3
DELTA COUNTY,119,43 Years,62,29,33,55,25,30,4,3,1,0,0,0,3,1,2
DELTA COUNTY,119,44 Years,71,33,38,56,25,31,9,5,4,3,1,2,3,2,1
DELTA COUNTY,119,45 Years,63,33,30,52,26,26,7,4,3,3,2,1,1,1,0
DELTA COUNTY,119,46 Years,63,30,33,52,24,28,6,4,2,2,1,1,3,1,2
DELTA COUNTY,119,47 Years,70,30,40,61,25,36,6,4,2,1,0,1,2,1,1
DELTA COUNTY,119,48 Years,75,29,46,65,25,40,4,2,2,1,0,1,5,2,3
DELTA COUNTY,119,49 Years,66,29,37,56,25,31,7,4,3,1,0,1,2,0,2
DELTA COUNTY,119,50 Years,61,30,31,50,24,26,6,2,4,1,0,1,4,4,0
DELTA COUNTY,119,51 Years,63,35,28,57,31,26,2,1,1,2,1,1,2,2,0
DELTA COUNTY,119,52 Years,74,42,32,65,37,28,3,2,1,4,1,3,2,2,0
DELTA COUNTY,119,53 Years,70,37,33,61,32,29,3,2,1,6,3,3,0,0,0
DELTA COUNTY,119,54 Years,82,33,49,66,27,39,7,4,3,3,1,2,6,1,5
DELTA COUNTY,119,55 Years,89,48,41,76,41,35,6,4,2,4,3,1,3,0,3
DELTA COUNTY,119,56 Years,97,47,50,83,40,43,5,3,2,7,4,3,2,0,2
DELTA COUNTY,119,57 Years,93,45,48,75,38,37,6,2,4,7,2,5,5,3,2
DELTA COUNTY,119,58 Years,69,35,34,57,28,29,5,3,2,4,2,2,3,2,1
DELTA COUNTY,119,59 Years,71,34,37,60,28,32,3,2,1,3,1,2,5,3,2
DELTA COUNTY,119,60 Years,80,38,42,73,34,39,3,2,1,3,1,2,1,1,0
DELTA COUNTY,119,61 Years,70,32,38,58,25,33,7,5,2,4,2,2,1,0,1
DELTA COUNTY,119,62 Years,69,34,35,63,29,34,3,2,1,2,2,0,1,1,0
DELTA COUNTY,119,63 Years,78,38,40,67,30,37,5,2,3,3,3,0,3,3,0
DELTA COUNTY,119,64 Years,83,35,48,75,31,44,4,1,3,2,1,1,2,2,0
DELTA COUNTY,119,65 Years,79,40,39,71,37,34,3,1,2,3,0,3,2,2,0
DELTA COUNTY,119,66 Years,79,37,42,73,34,39,3,2,1,2,0,2,1,1,0
DELTA COUNTY,119,67 Years,75,32,43,70,30,40,3,1,2,2,1,1,0,0,0
DELTA COUNTY,119,68 Years,69,32,37,64,31,33,3,0,3,2,1,1,0,0,0
DELTA COUNTY,119,69 Years,70,36,34,64,33,31,4,2,2,2,1,1,0,0,0
DELTA COUNTY,119,70 Years,75,37,38,63,32,31,6,2,4,5,3,2,1,0,1
DELTA COUNTY,119,71 Years,65,34,31,59,31,28,3,1,2,1,1,0,2,1,1
DELTA COUNTY,119,72 Years,59,28,31,53,25,28,3,1,2,2,1,1,1,1,0
DELTA COUNTY,119,73 Years,70,31,39,64,28,36,4,2,2,1,0,1,1,1,0
DELTA COUNTY,119,74 Years,52,27,25,49,24,25,1,1,0,1,1,0,1,1,0
DELTA COUNTY,119,75 Years,44,22,22,40,20,20,3,2,1,0,0,0,1,0,1
DELTA COUNTY,119,76 Years,46,23,23,41,21,20,4,2,2,0,0,0,1,0,1
DELTA COUNTY,119,77 Years,41,19,22,37,17,20,3,2,1,1,0,1,0,0,0
DELTA COUNTY,119,78 Years,39,22,17,34,18,16,3,2,1,0,0,0,2,2,0
DELTA COUNTY,119,79 Years,35,20,15,32,19,13,1,0,1,0,0,0,2,1,1
DELTA COUNTY,119,80 Years,29,15,14,27,15,12,1,0,1,1,0,1,0,0,0
DELTA COUNTY,119,81 Years,25,14,11,22,12,10,1,1,0,1,0,1,1,1,0
DELTA COUNTY,119,82 Years,19,9,10,16,7,9,1,1,0,1,0,1,1,1,0
DELTA COUNTY,119,83 Years,24,9,15,23,9,14,1,0,1,0,0,0,0,0,0
DELTA COUNTY,119,84 Years,22,10,12,21,10,11,1,0,1,0,0,0,0,0,0
DELTA COUNTY,119,85 Years +,125,37,88,121,37,84,3,0,3,1,0,1,0,0,0
DENTON COUNTY,121,All Ages,721022,354859,366163,442558,217836,224722,61543,29204,32339,73292,35719,37573,143629,72100,71529
DENTON COUNTY,121,< 1 Year,9730,4959,4771,5227,2655,2572,755,391,364,1253,643,610,2495,1270,1225
DENTON COUNTY,121,1 Years,9475,4829,4646,5291,2696,2595,720,367,353,1024,522,502,2440,1244,1196
DENTON COUNTY,121,2 Years,9446,4816,4630,5344,2725,2619,704,359,345,1059,537,522,2339,1195,1144
DENTON COUNTY,121,3 Years,9512,4923,4589,5018,2587,2431,738,393,345,1225,632,593,2531,1311,1220
DENTON COUNTY,121,4 Years,9811,5044,4767,4998,2559,2439,781,413,368,1359,697,662,2673,1375,1298
DENTON COUNTY,121,5 Years,10255,5184,5071,5255,2652,2603,828,418,410,1411,722,689,2761,1392,1369
DENTON COUNTY,121,6 Years,10615,5414,5201,5504,2852,2652,833,412,421,1446,746,700,2832,1404,1428
DENTON COUNTY,121,7 Years,10904,5584,5320,5723,2971,2752,852,433,419,1448,743,705,2881,1437,1444
DENTON COUNTY,121,8 Years,11206,5820,5386,5934,3081,2853,866,462,404,1492,779,713,2914,1498,1416
DENTON COUNTY,121,9 Years,11424,5886,5538,6031,3102,2929,921,486,435,1454,744,710,3018,1554,1464
DENTON COUNTY,121,10 Years,11590,5866,5724,6145,3138,3007,931,479,452,1420,703,717,3094,1546,1548
DENTON COUNTY,121,11 Years,11654,5909,5745,6186,3161,3025,983,507,476,1373,689,684,3112,1552,1560
DENTON COUNTY,121,12 Years,11764,6062,5702,6220,3186,3034,1041,579,462,1350,690,660,3153,1607,1546
DENTON COUNTY,121,13 Years,11708,6032,5676,6216,3178,3038,1083,568,515,1363,716,647,3046,1570,1476
DENTON COUNTY,121,14 Years,11460,5863,5597,6168,3153,3015,1034,529,505,1297,661,636,2961,1520,1441
DENTON COUNTY,121,15 Years,11012,5669,5343,5951,3080,2871,979,505,474,1242,618,624,2840,1466,1374
DENTON COUNTY,121,16 Years,10928,5597,5331,5892,3037,2855,1019,522,497,1207,604,603,2810,1434,1376
DENTON COUNTY,121,17 Years,10729,5476,5253,5852,2985,2867,1011,524,487,1209,616,593,2657,1351,1306
DENTON COUNTY,121,18 Years,11003,5530,5473,5875,2979,2896,1213,594,619,1138,571,567,2777,1386,1391
DENTON COUNTY,121,19 Years,11375,5710,5665,5845,2927,2918,1367,632,735,1211,572,639,2952,1579,1373
DENTON COUNTY,121,20 Years,11139,5526,5613,5717,2795,2922,1406,641,765,1156,566,590,2860,1524,1336
DENTON COUNTY,121,21 Years,11221,5453,5768,5965,2873,3092,1396,610,786,1069,506,563,2791,1464,1327
DENTON COUNTY,121,22 Years,11458,5313,6145,6368,2933,3435,1380,589,791,1094,512,582,2616,1279,1337
DENTON COUNTY,121,23 Years,11447,5221,6226,6552,2977,3575,1291,560,731,1165,527,638,2439,1157,1282
DENTON COUNTY,121,24 Years,11091,5226,5865,6454,3015,3439,1152,504,648,1103,532,571,2382,1175,1207
DENTON COUNTY,121,25 Years,10381,5110,5271,5891,2919,2972,1054,481,573,1034,496,538,2402,1214,1188
DENTON COUNTY,121,26 Years,9886,5003,4883,5638,2883,2755,935,423,512,934,470,464,2379,1227,1152
DENTON COUNTY,121,27 Years,9827,5021,4806,5645,2915,2730,937,440,497,959,487,472,2286,1179,1107
DENTON COUNTY,121,28 Years,10080,5123,4957,5875,2999,2876,1012,468,544,960,485,475,2233,1171,1062
DENTON COUNTY,121,29 Years,9994,5130,4864,5686,2902,2784,1004,482,522,1006,500,506,2298,1246,1052
DENTON COUNTY,121,30 Years,10289,5257,5032,5838,2972,2866,1018,496,522,990,464,526,2443,1325,1118
DENTON COUNTY,121,31 Years,10231,5131,5100,5750,2914,2836,1012,484,528,978,438,540,2491,1295,1196
DENTON COUNTY,121,32 Years,10270,5116,5154,5733,2895,2838,1085,519,566,967,445,522,2485,1257,1228
DENTON COUNTY,121,33 Years,10468,5215,5253,5752,2901,2851,1102,538,564,1063,494,569,2551,1282,1269
DENTON COUNTY,121,34 Years,10280,4989,5291,5607,2794,2813,1050,472,578,1154,513,641,2469,1210,1259
DENTON COUNTY,121,35 Years,10302,4897,5405,5680,2727,2953,1033,459,574,1145,499,646,2444,1212,1232
DENTON COUNTY,121,36 Years,10639,5060,5579,5878,2798,3080,1054,476,578,1216,544,672,2491,1242,1249
DENTON COUNTY,121,37 Years,10809,5240,5569,6003,2959,3044,999,431,568,1315,611,704,2492,1239,1253
DENTON COUNTY,121,38 Years,11085,5321,5764,6195,3021,3174,948,422,526,1381,629,752,2561,1249,1312
DENTON COUNTY,121,39 Years,11140,5346,5794,6333,3088,3245,981,464,517,1400,635,765,2426,1159,1267
DENTON COUNTY,121,40 Years,11396,5605,5791,6478,3227,3251,1077,511,566,1435,683,752,2406,1184,1222
DENTON COUNTY,121,41 Years,11884,5903,5981,7063,3574,3489,1102,523,579,1351,649,702,2368,1157,1211
DENTON COUNTY,121,42 Years,12505,6132,6373,7827,3877,3950,1113,513,600,1320,646,674,2245,1096,1149
DENTON COUNTY,121,43 Years,12367,6113,6254,7879,3898,3981,1041,506,535,1284,634,650,2163,1075,1088
DENTON COUNTY,121,44 Years,11625,5765,5860,7423,3706,3717,957,461,496,1202,604,598,2043,994,1049
DENTON COUNTY,121,45 Years,10824,5386,5438,6894,3456,3438,918,429,489,1096,556,540,1916,945,971
DENTON COUNTY,121,46 Years,10468,5207,5261,6733,3406,3327,930,434,496,1003,501,502,1802,866,936
DENTON COUNTY,121,47 Years,10317,5105,5212,6644,3307,3337,970,465,505,961,471,490,1742,862,880
DENTON COUNTY,121,48 Years,10765,5319,5446,7093,3511,3582,986,476,510,959,465,494,1727,867,860
DENTON COUNTY,121,49 Years,11030,5510,5520,7517,3786,3731,941,432,509,942,473,469,1630,819,811
DENTON COUNTY,121,50 Years,10810,5344,5466,7479,3738,3741,912,420,492,938,448,490,1481,738,743
DENTON COUNTY,121,51 Years,10472,5146,5326,7341,3642,3699,852,392,460,865,407,458,1414,705,709
DENTON COUNTY,121,52 Years,10206,5043,5163,7326,3647,3679,807,374,433,806,395,411,1267,627,640
DENTON COUNTY,121,53 Years,9844,4860,4984,7108,3515,3593,793,373,420,752,372,380,1191,600,591
DENTON COUNTY,121,54 Years,9201,4500,4701,6671,3277,3394,725,327,398,718,356,362,1087,540,547
DENTON COUNTY,121,55 Years,8733,4339,4394,6403,3190,3213,618,294,324,703,356,347,1009,499,510
DENTON COUNTY,121,56 Years,8336,4056,4280,6168,3005,3163,582,282,300,665,324,341,921,445,476
DENTON COUNTY,121,57 Years,7790,3782,4008,5750,2809,2941,537,259,278,661,317,344,842,397,445
DENTON COUNTY,121,58 Years,7497,3687,3810,5600,2778,2822,512,238,274,608,292,316,777,379,398
DENTON COUNTY,121,59 Years,7098,3364,3734,5422,2570,2852,458,207,251,546,264,282,672,323,349
DENTON COUNTY,121,60 Years,6611,3154,3457,5062,2431,2631,414,180,234,514,245,269,621,298,323
DENTON COUNTY,121,61 Years,6210,2999,3211,4763,2335,2428,382,168,214,477,219,258,588,277,311
DENTON COUNTY,121,62 Years,5902,2808,3094,4483,2140,2343,386,174,212,464,214,250,569,280,289
DENTON COUNTY,121,63 Years,5891,2760,3131,4520,2135,2385,372,157,215,468,220,248,531,248,283
DENTON COUNTY,121,64 Years,5708,2712,2996,4443,2149,2294,333,135,198,446,206,240,486,222,264
DENTON COUNTY,121,65 Years,5717,2739,2978,4521,2185,2336,314,139,175,421,196,225,461,219,242
DENTON COUNTY,121,66 Years,5548,2632,2916,4514,2148,2366,248,113,135,357,168,189,429,203,226
DENTON COUNTY,121,67 Years,4402,2066,2336,3507,1652,1855,196,87,109,325,156,169,374,171,203
DENTON COUNTY,121,68 Years,4025,1869,2156,3248,1507,1741,144,61,83,306,151,155,327,150,177
DENTON COUNTY,121,69 Years,3965,1821,2144,3255,1515,1740,141,60,81,273,125,148,296,121,175
DENTON COUNTY,121,70 Years,3764,1743,2021,3105,1450,1655,126,54,72,263,124,139,270,115,155
DENTON COUNTY,121,71 Years,3267,1549,1718,2660,1267,1393,127,58,69,244,115,129,236,109,127
DENTON COUNTY,121,72 Years,2903,1366,1537,2367,1110,1257,102,47,55,213,103,110,221,106,115
DENTON COUNTY,121,73 Years,2595,1182,1413,2086,955,1131,102,41,61,207,103,104,200,83,117
DENTON COUNTY,121,74 Years,2356,1072,1284,1899,882,1017,95,39,56,190,91,99,172,60,112
DENTON COUNTY,121,75 Years,2169,968,1201,1767,794,973,89,39,50,155,68,87,158,67,91
DENTON COUNTY,121,76 Years,2018,893,1125,1631,725,906,86,34,52,155,66,89,146,68,78
DENTON COUNTY,121,77 Years,1822,822,1000,1458,667,791,72,28,44,148,63,85,144,64,80
DENTON COUNTY,121,78 Years,1690,711,979,1376,591,785,68,22,46,129,57,72,117,41,76
DENTON COUNTY,121,79 Years,1557,639,918,1291,533,758,60,18,42,108,49,59,98,39,59
DENTON COUNTY,121,80 Years,1397,595,802,1162,498,664,51,19,32,86,38,48,98,40,58
DENTON COUNTY,121,81 Years,1302,555,747,1104,470,634,41,14,27,75,39,36,82,32,50
DENTON COUNTY,121,82 Years,1231,471,760,1052,408,644,31,7,24,74,29,45,74,27,47
DENTON COUNTY,121,83 Years,1120,420,700,970,367,603,28,8,20,63,22,41,59,23,36
DENTON COUNTY,121,84 Years,995,377,618,869,331,538,26,7,19,45,18,27,55,21,34
DENTON COUNTY,121,85 Years +,6051,1899,4152,5391,1688,3703,170,47,123,201,63,138,289,101,188
DE WITT COUNTY,123,All Ages,20663,10835,9828,11376,5723,5653,1861,1103,758,358,162,196,7068,3847,3221
DE WITT COUNTY,123,< 1 Year,252,130,122,123,62,61,14,8,6,6,4,2,109,56,53
DE WITT COUNTY,123,1 Years,241,124,117,112,57,55,12,7,5,4,2,2,113,58,55
DE WITT COUNTY,123,2 Years,236,122,114,107,55,52,12,6,6,5,3,2,112,58,54
DE WITT COUNTY,123,3 Years,242,122,120,96,49,47,9,5,4,10,7,3,127,61,66
DE WITT COUNTY,123,4 Years,252,136,116,99,57,42,16,9,7,12,6,6,125,64,61
DE WITT COUNTY,123,5 Years,256,137,119,104,61,43,20,7,13,10,3,7,122,66,56
DE WITT COUNTY,123,6 Years,270,143,127,111,64,47,19,11,8,10,5,5,130,63,67
DE WITT COUNTY,123,7 Years,254,126,128,103,58,45,21,10,11,10,4,6,120,54,66
DE WITT COUNTY,123,8 Years,242,119,123,101,53,48,22,11,11,9,3,6,110,52,58
DE WITT COUNTY,123,9 Years,266,143,123,106,56,50,21,13,8,11,5,6,128,69,59
DE WITT COUNTY,123,10 Years,264,138,126,109,56,53,21,10,11,11,7,4,123,65,58
DE WITT COUNTY,123,11 Years,217,110,107,86,47,39,20,7,13,9,5,4,102,51,51
DE WITT COUNTY,123,12 Years,254,141,113,108,56,52,22,12,10,9,7,2,115,66,49
DE WITT COUNTY,123,13 Years,276,150,126,113,63,50,32,16,16,9,5,4,122,66,56
DE WITT COUNTY,123,14 Years,250,130,120,105,57,48,26,14,12,9,4,5,110,55,55
DE WITT COUNTY,123,15 Years,253,137,116,120,64,56,22,14,8,8,3,5,103,56,47
DE WITT COUNTY,123,16 Years,267,141,126,123,67,56,23,14,9,11,4,7,110,56,54
DE WITT COUNTY,123,17 Years,258,131,127,128,66,62,16,8,8,11,3,8,103,54,49
DE WITT COUNTY,123,18 Years,253,134,119,120,64,56,17,10,7,11,5,6,105,55,50
DE WITT COUNTY,123,19 Years,240,123,117,117,57,60,20,11,9,8,4,4,95,51,44
DE WITT COUNTY,123,20 Years,242,121,121,121,62,59,18,7,11,7,2,5,96,50,46
DE WITT COUNTY,123,21 Years,262,133,129,130,63,67,21,6,15,4,1,3,107,63,44
DE WITT COUNTY,123,22 Years,220,117,103,104,56,48,22,11,11,3,2,1,91,48,43
DE WITT COUNTY,123,23 Years,201,105,96,104,52,52,20,10,10,3,2,1,74,41,33
DE WITT COUNTY,123,24 Years,209,118,91,119,62,57,18,11,7,2,1,1,70,44,26
DE WITT COUNTY,123,25 Years,231,140,91,111,73,38,15,11,4,5,1,4,100,55,45
DE WITT COUNTY,123,26 Years,198,97,101,83,41,42,17,11,6,4,1,3,94,44,50
DE WITT COUNTY,123,27 Years,215,112,103,98,49,49,20,13,7,3,1,2,94,49,45
DE WITT COUNTY,123,28 Years,234,127,107,104,56,48,30,20,10,1,0,1,99,51,48
DE WITT COUNTY,123,29 Years,211,120,91,88,47,41,25,17,8,1,0,1,97,56,41
DE WITT COUNTY,123,30 Years,224,138,86,92,51,41,26,20,6,3,2,1,103,65,38
DE WITT COUNTY,123,31 Years,233,137,96,94,48,46,30,24,6,5,3,2,104,62,42
DE WITT COUNTY,123,32 Years,243,144,99,107,55,52,27,18,9,2,1,1,107,70,37
DE WITT COUNTY,123,33 Years,223,130,93,94,45,49,30,20,10,1,1,0,98,64,34
DE WITT COUNTY,123,34 Years,233,138,95,107,59,48,25,18,7,2,1,1,99,60,39
DE WITT COUNTY,123,35 Years,235,144,91,109,65,44,24,18,6,2,0,2,100,61,39
DE WITT COUNTY,123,36 Years,252,148,104,115,64,51,34,27,7,3,1,2,100,56,44
DE WITT COUNTY,123,37 Years,248,143,105,112,60,52,30,25,5,4,3,1,102,55,47
DE WITT COUNTY,123,38 Years,245,153,92,109,63,46,26,24,2,3,2,1,107,64,43
DE WITT COUNTY,123,39 Years,216,125,91,93,45,48,31,28,3,3,0,3,89,52,37
DE WITT COUNTY,123,40 Years,241,153,88,108,59,49,29,22,7,3,2,1,101,70,31
DE WITT COUNTY,123,41 Years,251,147,104,117,64,53,33,23,10,5,4,1,96,56,40
DE WITT COUNTY,123,42 Years,283,166,117,134,72,62,28,17,11,3,2,1,118,75,43
DE WITT COUNTY,123,43 Years,256,138,118,140,65,75,20,12,8,3,1,2,93,60,33
DE WITT COUNTY,123,44 Years,267,149,118,132,62,70,32,19,13,5,2,3,98,66,32
DE WITT COUNTY,123,45 Years,240,136,104,116,63,53,32,19,13,4,2,2,88,52,36
DE WITT COUNTY,123,46 Years,264,155,109,142,85,57,33,22,11,2,0,2,87,48,39
DE WITT COUNTY,123,47 Years,272,151,121,146,78,68,28,19,9,5,1,4,93,53,40
DE WITT COUNTY,123,48 Years,293,177,116,158,92,66,38,28,10,4,1,3,93,56,37
DE WITT COUNTY,123,49 Years,309,182,127,182,101,81,36,28,8,4,1,3,87,52,35
DE WITT COUNTY,123,50 Years,291,159,132,168,87,81,33,21,12,3,1,2,87,50,37
DE WITT COUNTY,123,51 Years,285,158,127,154,79,75,30,20,10,2,0,2,99,59,40
DE WITT COUNTY,123,52 Years,305,182,123,179,101,78,28,22,6,3,1,2,95,58,37
DE WITT COUNTY,123,53 Years,316,163,153,184,92,92,22,14,8,7,4,3,103,53,50
DE WITT COUNTY,123,54 Years,342,188,154,198,107,91,32,23,9,5,2,3,107,56,51
DE WITT COUNTY,123,55 Years,324,174,150,213,107,106,23,13,10,2,1,1,86,53,33
DE WITT COUNTY,123,56 Years,307,150,157,209,96,113,21,10,11,2,0,2,75,44,31
DE WITT COUNTY,123,57 Years,285,144,141,175,87,88,33,17,16,2,0,2,75,40,35
DE WITT COUNTY,123,58 Years,294,162,132,195,110,85,30,15,15,3,2,1,66,35,31
DE WITT COUNTY,123,59 Years,288,150,138,185,94,91,29,17,12,2,2,0,72,37,35
DE WITT COUNTY,123,60 Years,286,151,135,195,102,93,30,15,15,2,1,1,59,33,26
DE WITT COUNTY,123,61 Years,266,128,138,182,84,98,22,10,12,3,2,1,59,32,27
DE WITT COUNTY,123,62 Years,271,137,134,174,80,94,34,20,14,2,1,1,61,36,25
DE WITT COUNTY,123,63 Years,262,135,127,178,88,90,25,15,10,2,1,1,57,31,26
DE WITT COUNTY,123,64 Years,276,134,142,197,96,101,15,7,8,2,0,2,62,31,31
DE WITT COUNTY,123,65 Years,256,127,129,181,89,92,19,11,8,2,1,1,54,26,28
DE WITT COUNTY,123,66 Years,245,119,126,176,89,87,17,8,9,2,0,2,50,22,28
DE WITT COUNTY,123,67 Years,234,110,124,163,81,82,16,7,9,3,0,3,52,22,30
DE WITT COUNTY,123,68 Years,243,108,135,155,70,85,27,10,17,3,1,2,58,27,31
DE WITT COUNTY,123,69 Years,211,100,111,144,66,78,12,5,7,0,0,0,55,29,26
DE WITT COUNTY,123,70 Years,200,93,107,154,68,86,7,5,2,2,1,1,37,19,18
DE WITT COUNTY,123,71 Years,176,76,100,133,56,77,12,5,7,2,1,1,29,14,15
DE WITT COUNTY,123,72 Years,163,79,84,124,62,62,9,4,5,0,0,0,30,13,17
DE WITT COUNTY,123,73 Years,149,72,77,110,54,56,10,5,5,3,2,1,26,11,15
DE WITT COUNTY,123,74 Years,154,72,82,114,57,57,10,2,8,3,1,2,27,12,15
DE WITT COUNTY,123,75 Years,149,68,81,109,48,61,14,7,7,0,0,0,26,13,13
DE WITT COUNTY,123,76 Years,159,76,83,124,59,65,9,6,3,0,0,0,26,11,15
DE WITT COUNTY,123,77 Years,150,70,80,111,53,58,8,3,5,4,2,2,27,12,15
DE WITT COUNTY,123,78 Years,142,65,77,102,48,54,11,4,7,2,2,0,27,11,16
DE WITT COUNTY,123,79 Years,124,59,65,89,43,46,11,6,5,1,1,0,23,9,14
DE WITT COUNTY,123,80 Years,132,50,82,88,35,53,10,3,7,1,0,1,33,12,21
DE WITT COUNTY,123,81 Years,121,53,68,84,40,44,11,3,8,2,1,1,24,9,15
DE WITT COUNTY,123,82 Years,121,47,74,91,35,56,12,4,8,0,0,0,18,8,10
DE WITT COUNTY,123,83 Years,113,43,70,84,30,54,9,3,6,1,1,0,19,9,10
DE WITT COUNTY,123,84 Years,104,40,64,85,35,50,6,1,5,1,0,1,12,4,8
DE WITT COUNTY,123,85 Years +,625,212,413,509,169,340,31,11,20,2,0,2,83,32,51
DICKENS COUNTY,125,All Ages,2345,1337,1008,1513,795,718,83,70,13,54,34,20,695,438,257
DICKENS COUNTY,125,< 1 Year,21,12,9,14,8,6,0,0,0,0,0,0,7,4,3
DICKENS COUNTY,125,1 Years,20,10,10,13,7,6,0,0,0,0,0,0,7,3,4
DICKENS COUNTY,125,2 Years,20,10,10,12,6,6,0,0,0,0,0,0,8,4,4
DICKENS COUNTY,125,3 Years,34,22,12,22,12,10,0,0,0,0,0,0,12,10,2
DICKENS COUNTY,125,4 Years,19,13,6,8,4,4,0,0,0,0,0,0,11,9,2
DICKENS COUNTY,125,5 Years,21,9,12,10,3,7,0,0,0,0,0,0,11,6,5
DICKENS COUNTY,125,6 Years,26,13,13,12,4,8,0,0,0,2,1,1,12,8,4
DICKENS COUNTY,125,7 Years,24,11,13,12,4,8,0,0,0,0,0,0,12,7,5
DICKENS COUNTY,125,8 Years,27,15,12,11,6,5,0,0,0,1,0,1,15,9,6
DICKENS COUNTY,125,9 Years,25,14,11,12,6,6,0,0,0,0,0,0,13,8,5
DICKENS COUNTY,125,10 Years,28,16,12,14,9,5,1,1,0,0,0,0,13,6,7
DICKENS COUNTY,125,11 Years,28,14,14,15,9,6,1,0,1,0,0,0,12,5,7
DICKENS COUNTY,125,12 Years,32,18,14,18,12,6,0,0,0,1,0,1,13,6,7
DICKENS COUNTY,125,13 Years,26,12,14,14,8,6,0,0,0,1,1,0,11,3,8
DICKENS COUNTY,125,14 Years,23,16,7,16,12,4,0,0,0,1,1,0,6,3,3
DICKENS COUNTY,125,15 Years,23,14,9,15,9,6,0,0,0,0,0,0,8,5,3
DICKENS COUNTY,125,16 Years,25,16,9,12,9,3,0,0,0,3,1,2,10,6,4
DICKENS COUNTY,125,17 Years,29,17,12,13,9,4,0,0,0,1,0,1,15,8,7
DICKENS COUNTY,125,18 Years,20,11,9,12,6,6,0,0,0,0,0,0,8,5,3
DICKENS COUNTY,125,19 Years,25,15,10,12,6,6,0,0,0,2,2,0,11,7,4
DICKENS COUNTY,125,20 Years,26,17,9,14,8,6,1,0,1,1,1,0,10,8,2
DICKENS COUNTY,125,21 Years,24,13,11,11,6,5,1,1,0,0,0,0,12,6,6
DICKENS COUNTY,125,22 Years,27,20,7,11,7,4,6,6,0,0,0,0,10,7,3
DICKENS COUNTY,125,23 Years,26,17,9,10,4,6,5,5,0,0,0,0,11,8,3
DICKENS COUNTY,125,24 Years,24,19,5,7,4,3,4,4,0,0,0,0,13,11,2
DICKENS COUNTY,125,25 Years,31,24,7,19,13,6,2,2,0,1,1,0,9,8,1
DICKENS COUNTY,125,26 Years,21,13,8,11,7,4,1,1,0,1,0,1,8,5,3
DICKENS COUNTY,125,27 Years,21,16,5,10,8,2,2,2,0,1,1,0,8,5,3
DICKENS COUNTY,125,28 Years,23,17,6,9,7,2,2,2,0,1,1,0,11,7,4
DICKENS COUNTY,125,29 Years,28,23,5,12,10,2,4,4,0,0,0,0,12,9,3
DICKENS COUNTY,125,30 Years,29,22,7,14,10,4,3,3,0,0,0,0,12,9,3
DICKENS COUNTY,125,31 Years,33,22,11,17,11,6,3,2,1,0,0,0,13,9,4
DICKENS COUNTY,125,32 Years,30,24,6,13,9,4,2,1,1,0,0,0,15,14,1
DICKENS COUNTY,125,33 Years,36,26,10,17,9,8,4,4,0,0,0,0,15,13,2
DICKENS COUNTY,125,34 Years,37,27,10,18,13,5,4,4,0,2,0,2,13,10,3
DICKENS COUNTY,125,35 Years,31,24,7,15,9,6,3,3,0,0,0,0,13,12,1
DICKENS COUNTY,125,36 Years,33,25,8,15,10,5,2,2,0,2,1,1,14,12,2
DICKENS COUNTY,125,37 Years,28,19,9,12,6,6,2,2,0,2,2,0,12,9,3
DICKENS COUNTY,125,38 Years,30,18,12,19,9,10,2,2,0,2,2,0,7,5,2
DICKENS COUNTY,125,39 Years,31,19,12,22,11,11,1,1,0,1,1,0,7,6,1
DICKENS COUNTY,125,40 Years,33,20,13,22,14,8,0,0,0,1,0,1,10,6,4
DICKENS COUNTY,125,41 Years,32,20,12,15,9,6,2,2,0,1,0,1,14,9,5
DICKENS COUNTY,125,42 Years,29,18,11,13,7,6,0,0,0,3,2,1,13,9,4
DICKENS COUNTY,125,43 Years,28,21,7,16,13,3,0,0,0,0,0,0,12,8,4
DICKENS COUNTY,125,44 Years,20,14,6,12,8,4,1,1,0,0,0,0,7,5,2
DICKENS COUNTY,125,45 Years,22,14,8,9,5,4,3,2,1,0,0,0,10,7,3
DICKENS COUNTY,125,46 Years,24,16,8,12,7,5,2,2,0,0,0,0,10,7,3
DICKENS COUNTY,125,47 Years,24,11,13,14,6,8,2,2,0,0,0,0,8,3,5
DICKENS COUNTY,125,48 Years,22,10,12,15,6,9,2,2,0,0,0,0,5,2,3
DICKENS COUNTY,125,49 Years,28,15,13,21,11,10,1,1,0,1,1,0,5,2,3
DICKENS COUNTY,125,50 Years,35,19,16,25,12,13,0,0,0,2,2,0,8,5,3
DICKENS COUNTY,125,51 Years,32,18,14,22,10,12,0,0,0,0,0,0,10,8,2
DICKENS COUNTY,125,52 Years,39,20,19,23,10,13,0,0,0,0,0,0,16,10,6
DICKENS COUNTY,125,53 Years,44,22,22,29,13,16,2,1,1,2,2,0,11,6,5
DICKENS COUNTY,125,54 Years,37,21,16,27,15,12,0,0,0,2,2,0,8,4,4
DICKENS COUNTY,125,55 Years,34,16,18,25,13,12,1,0,1,1,0,1,7,3,4
DICKENS COUNTY,125,56 Years,36,18,18,28,13,15,1,0,1,2,2,0,5,3,2
DICKENS COUNTY,125,57 Years,42,22,20,32,15,17,0,0,0,1,1,0,9,6,3
DICKENS COUNTY,125,58 Years,41,25,16,35,21,14,1,1,0,0,0,0,5,3,2
DICKENS COUNTY,125,59 Years,29,18,11,24,15,9,0,0,0,0,0,0,5,3,2
DICKENS COUNTY,125,60 Years,29,14,15,25,11,14,1,0,1,0,0,0,3,3,0
DICKENS COUNTY,125,61 Years,30,15,15,22,10,12,0,0,0,2,1,1,6,4,2
DICKENS COUNTY,125,62 Years,24,10,14,19,8,11,1,1,0,0,0,0,4,1,3
DICKENS COUNTY,125,63 Years,29,10,19,23,9,14,0,0,0,0,0,0,6,1,5
DICKENS COUNTY,125,64 Years,28,11,17,24,10,14,0,0,0,1,0,1,3,1,2
DICKENS COUNTY,125,65 Years,31,15,16,24,10,14,1,1,0,1,1,0,5,3,2
DICKENS COUNTY,125,66 Years,28,10,18,22,8,14,0,0,0,1,1,0,5,1,4
DICKENS COUNTY,125,67 Years,28,12,16,23,10,13,0,0,0,1,1,0,4,1,3
DICKENS COUNTY,125,68 Years,28,16,12,25,15,10,0,0,0,0,0,0,3,1,2
DICKENS COUNTY,125,69 Years,32,14,18,29,13,16,0,0,0,0,0,0,3,1,2
DICKENS COUNTY,125,70 Years,27,11,16,24,9,15,0,0,0,0,0,0,3,2,1
DICKENS COUNTY,125,71 Years,31,17,14,30,16,14,0,0,0,0,0,0,1,1,0
DICKENS COUNTY,125,72 Years,31,15,16,27,13,14,0,0,0,0,0,0,4,2,2
DICKENS COUNTY,125,73 Years,21,11,10,20,11,9,0,0,0,0,0,0,1,0,1
DICKENS COUNTY,125,74 Years,23,12,11,22,11,11,0,0,0,0,0,0,1,1,0
DICKENS COUNTY,125,75 Years,25,11,14,24,10,14,0,0,0,0,0,0,1,1,0
DICKENS COUNTY,125,76 Years,25,11,14,21,10,11,2,1,1,0,0,0,2,0,2
DICKENS COUNTY,125,77 Years,20,10,10,16,9,7,1,0,1,0,0,0,3,1,2
DICKENS COUNTY,125,78 Years,14,7,7,11,6,5,1,0,1,0,0,0,2,1,1
DICKENS COUNTY,125,79 Years,13,9,4,12,8,4,0,0,0,0,0,0,1,1,0
DICKENS COUNTY,125,80 Years,16,10,6,15,9,6,0,0,0,0,0,0,1,1,0
DICKENS COUNTY,125,81 Years,14,4,10,12,4,8,0,0,0,1,0,1,1,0,1
DICKENS COUNTY,125,82 Years,15,5,10,14,5,9,0,0,0,1,0,1,0,0,0
DICKENS COUNTY,125,83 Years,13,7,6,9,5,4,0,0,0,1,1,0,3,1,2
DICKENS COUNTY,125,84 Years,9,4,5,8,4,4,0,0,0,0,0,0,1,0,1
DICKENS COUNTY,125,85 Years +,65,25,40,50,18,32,2,1,1,3,1,2,10,5,5
DIMMIT COUNTY,127,All Ages,11012,5354,5658,1331,684,647,89,49,40,92,42,50,9500,4579,4921
DIMMIT COUNTY,127,< 1 Year,183,94,89,14,7,7,1,1,0,3,2,1,165,84,81
DIMMIT COUNTY,127,1 Years,170,87,83,14,8,6,1,0,1,2,1,1,153,78,75
DIMMIT COUNTY,127,2 Years,163,84,79,14,7,7,1,1,0,2,1,1,146,75,71
DIMMIT COUNTY,127,3 Years,164,78,86,19,9,10,1,0,1,3,1,2,141,68,73
DIMMIT COUNTY,127,4 Years,168,85,83,17,9,8,0,0,0,2,1,1,149,75,74
DIMMIT COUNTY,127,5 Years,157,79,78,13,9,4,2,1,1,2,1,1,140,68,72
DIMMIT COUNTY,127,6 Years,174,83,91,14,8,6,3,1,2,1,0,1,156,74,82
DIMMIT COUNTY,127,7 Years,189,92,97,16,8,8,3,1,2,0,0,0,170,83,87
DIMMIT COUNTY,127,8 Years,184,92,92,15,7,8,1,1,0,2,1,1,166,83,83
DIMMIT COUNTY,127,9 Years,183,91,92,15,6,9,3,2,1,1,1,0,164,82,82
DIMMIT COUNTY,127,10 Years,161,81,80,15,9,6,2,1,1,1,0,1,143,71,72
DIMMIT COUNTY,127,11 Years,165,90,75,16,10,6,2,1,1,1,1,0,146,78,68
DIMMIT COUNTY,127,12 Years,187,95,92,9,6,3,1,1,0,0,0,0,177,88,89
DIMMIT COUNTY,127,13 Years,169,85,84,12,5,7,0,0,0,2,2,0,155,78,77
DIMMIT COUNTY,127,14 Years,176,86,90,18,8,10,1,1,0,2,2,0,155,75,80
DIMMIT COUNTY,127,15 Years,174,80,94,12,3,9,1,1,0,0,0,0,161,76,85
DIMMIT COUNTY,127,16 Years,175,78,97,10,2,8,1,1,0,2,1,1,162,74,88
DIMMIT COUNTY,127,17 Years,176,85,91,13,4,9,1,1,0,0,0,0,162,80,82
DIMMIT COUNTY,127,18 Years,183,96,87,12,5,7,1,0,1,1,0,1,169,91,78
DIMMIT COUNTY,127,19 Years,185,96,89,11,5,6,3,1,2,0,0,0,171,90,81
DIMMIT COUNTY,127,20 Years,179,95,84,12,5,7,2,1,1,2,0,2,163,89,74
DIMMIT COUNTY,127,21 Years,173,85,88,13,7,6,1,0,1,2,1,1,157,77,80
DIMMIT COUNTY,127,22 Years,121,61,60,13,6,7,1,0,1,0,0,0,107,55,52
DIMMIT COUNTY,127,23 Years,124,64,60,14,5,9,0,0,0,1,1,0,109,58,51
DIMMIT COUNTY,127,24 Years,126,69,57,9,4,5,2,1,1,3,3,0,112,61,51
DIMMIT COUNTY,127,25 Years,144,83,61,15,11,4,1,1,0,1,1,0,127,70,57
DIMMIT COUNTY,127,26 Years,115,63,52,16,10,6,0,0,0,1,1,0,98,52,46
DIMMIT COUNTY,127,27 Years,115,55,60,13,9,4,2,1,1,1,0,1,99,45,54
DIMMIT COUNTY,127,28 Years,98,53,45,13,9,4,1,0,1,0,0,0,84,44,40
DIMMIT COUNTY,127,29 Years,105,60,45,20,13,7,1,0,1,1,1,0,83,46,37
DIMMIT COUNTY,127,30 Years,109,50,59,16,7,9,2,1,1,1,0,1,90,42,48
DIMMIT COUNTY,127,31 Years,111,49,62,17,7,10,1,1,0,3,0,3,90,41,49
DIMMIT COUNTY,127,32 Years,103,47,56,14,8,6,1,0,1,2,0,2,86,39,47
DIMMIT COUNTY,127,33 Years,119,56,63,12,4,8,1,0,1,1,1,0,105,51,54
DIMMIT COUNTY,127,34 Years,101,52,49,15,7,8,1,0,1,0,0,0,85,45,40
DIMMIT COUNTY,127,35 Years,94,44,50,15,11,4,0,0,0,0,0,0,79,33,46
DIMMIT COUNTY,127,36 Years,123,56,67,15,11,4,0,0,0,1,0,1,107,45,62
DIMMIT COUNTY,127,37 Years,140,62,78,21,9,12,0,0,0,1,0,1,118,53,65
DIMMIT COUNTY,127,38 Years,133,67,66,19,11,8,0,0,0,1,0,1,113,56,57
DIMMIT COUNTY,127,39 Years,120,55,65,18,12,6,0,0,0,1,0,1,101,43,58
DIMMIT COUNTY,127,40 Years,95,45,50,11,6,5,0,0,0,1,0,1,83,39,44
DIMMIT COUNTY,127,41 Years,109,50,59,13,6,7,1,1,0,2,0,2,93,43,50
DIMMIT COUNTY,127,42 Years,124,64,60,15,9,6,1,1,0,1,0,1,107,54,53
DIMMIT COUNTY,127,43 Years,146,71,75,17,6,11,1,0,1,0,0,0,128,65,63
DIMMIT COUNTY,127,44 Years,125,61,64,16,7,9,1,1,0,0,0,0,108,53,55
DIMMIT COUNTY,127,45 Years,122,54,68,18,9,9,1,1,0,0,0,0,103,44,59
DIMMIT COUNTY,127,46 Years,129,58,71,19,9,10,1,1,0,3,1,2,106,47,59
DIMMIT COUNTY,127,47 Years,129,61,68,10,6,4,1,1,0,1,0,1,117,54,63
DIMMIT COUNTY,127,48 Years,137,67,70,9,3,6,1,0,1,2,1,1,125,63,62
DIMMIT COUNTY,127,49 Years,138,74,64,18,13,5,1,1,0,2,1,1,117,59,58
DIMMIT COUNTY,127,50 Years,125,68,57,13,9,4,1,1,0,0,0,0,111,58,53
DIMMIT COUNTY,127,51 Years,138,80,58,14,9,5,1,1,0,3,3,0,120,67,53
DIMMIT COUNTY,127,52 Years,148,72,76,24,11,13,1,1,0,1,1,0,122,59,63
DIMMIT COUNTY,127,53 Years,141,74,67,27,19,8,2,2,0,1,1,0,111,52,59
DIMMIT COUNTY,127,54 Years,122,66,56,17,13,4,1,1,0,1,0,1,103,52,51
DIMMIT COUNTY,127,55 Years,133,65,68,21,12,9,2,1,1,1,0,1,109,52,57
DIMMIT COUNTY,127,56 Years,140,70,70,16,7,9,3,2,1,2,1,1,119,60,59
DIMMIT COUNTY,127,57 Years,136,66,70,19,11,8,2,0,2,1,0,1,114,55,59
DIMMIT COUNTY,127,58 Years,136,68,68,17,9,8,2,2,0,4,1,3,113,56,57
DIMMIT COUNTY,127,59 Years,134,62,72,22,9,13,3,2,1,2,0,2,107,51,56
DIMMIT COUNTY,127,60 Years,141,66,75,21,11,10,1,0,1,0,0,0,119,55,64
DIMMIT COUNTY,127,61 Years,141,67,74,17,8,9,2,2,0,1,1,0,121,56,65
DIMMIT COUNTY,127,62 Years,134,67,67,25,14,11,1,1,0,1,1,0,107,51,56
DIMMIT COUNTY,127,63 Years,132,53,79,16,10,6,1,0,1,0,0,0,115,43,72
DIMMIT COUNTY,127,64 Years,153,58,95,22,11,11,1,0,1,2,0,2,128,47,81
DIMMIT COUNTY,127,65 Years,130,62,68,23,12,11,1,1,0,0,0,0,106,49,57
DIMMIT COUNTY,127,66 Years,137,65,72,24,12,12,1,0,1,1,0,1,111,53,58
DIMMIT COUNTY,127,67 Years,118,57,61,21,12,9,0,0,0,1,1,0,96,44,52
DIMMIT COUNTY,127,68 Years,105,49,56,18,8,10,0,0,0,0,0,0,87,41,46
DIMMIT COUNTY,127,69 Years,94,49,45,15,7,8,0,0,0,0,0,0,79,42,37
DIMMIT COUNTY,127,70 Years,90,39,51,15,8,7,0,0,0,0,0,0,75,31,44
DIMMIT COUNTY,127,71 Years,84,34,50,13,6,7,1,1,0,0,0,0,70,27,43
DIMMIT COUNTY,127,72 Years,83,36,47,18,10,8,2,1,1,0,0,0,63,25,38
DIMMIT COUNTY,127,73 Years,72,31,41,15,8,7,1,0,1,1,0,1,55,23,32
DIMMIT COUNTY,127,74 Years,68,31,37,10,5,5,0,0,0,0,0,0,58,26,32
DIMMIT COUNTY,127,75 Years,65,27,38,4,1,3,0,0,0,0,0,0,61,26,35
DIMMIT COUNTY,127,76 Years,61,33,28,5,4,1,1,1,0,0,0,0,55,28,27
DIMMIT COUNTY,127,77 Years,58,26,32,12,7,5,0,0,0,2,2,0,44,17,27
DIMMIT COUNTY,127,78 Years,63,28,35,13,5,8,0,0,0,1,1,0,49,22,27
DIMMIT COUNTY,127,79 Years,66,28,38,10,4,6,0,0,0,0,0,0,56,24,32
DIMMIT COUNTY,127,80 Years,57,29,28,13,6,7,0,0,0,0,0,0,44,23,21
DIMMIT COUNTY,127,81 Years,51,23,28,11,4,7,0,0,0,0,0,0,40,19,21
DIMMIT COUNTY,127,82 Years,52,21,31,8,3,5,0,0,0,0,0,0,44,18,26
DIMMIT COUNTY,127,83 Years,42,18,24,6,3,3,1,0,1,0,0,0,35,15,20
DIMMIT COUNTY,127,84 Years,44,15,29,9,3,6,0,0,0,0,0,0,35,12,23
DIMMIT COUNTY,127,85 Years +,225,83,142,52,18,34,2,0,2,4,2,2,167,63,104
DONLEY COUNTY,129,All Ages,3626,1797,1829,3076,1546,1530,167,70,97,67,25,42,316,156,160
DONLEY COUNTY,129,< 1 Year,37,20,17,28,15,13,4,2,2,0,0,0,5,3,2
DONLEY COUNTY,129,1 Years,36,19,17,28,14,14,2,1,1,0,0,0,6,4,2
DONLEY COUNTY,129,2 Years,37,19,18,29,15,14,2,1,1,0,0,0,6,3,3
DONLEY COUNTY,129,3 Years,37,18,19,29,16,13,3,1,2,0,0,0,5,1,4
DONLEY COUNTY,129,4 Years,52,23,29,44,23,21,1,0,1,2,0,2,5,0,5
DONLEY COUNTY,129,5 Years,40,24,16,31,19,12,2,2,0,0,0,0,7,3,4
DONLEY COUNTY,129,6 Years,37,21,16,29,17,12,2,1,1,0,0,0,6,3,3
DONLEY COUNTY,129,7 Years,36,22,14,28,18,10,3,1,2,2,0,2,3,3,0
DONLEY COUNTY,129,8 Years,29,14,15,19,10,9,3,1,2,2,0,2,5,3,2
DONLEY COUNTY,129,9 Years,40,16,24,30,11,19,4,2,2,1,1,0,5,2,3
DONLEY COUNTY,129,10 Years,39,18,21,29,13,16,4,2,2,2,1,1,4,2,2
DONLEY COUNTY,129,11 Years,33,17,16,24,14,10,3,1,2,1,0,1,5,2,3
DONLEY COUNTY,129,12 Years,39,22,17,25,16,9,4,2,2,2,1,1,8,3,5
DONLEY COUNTY,129,13 Years,33,18,15,26,16,10,3,0,3,0,0,0,4,2,2
DONLEY COUNTY,129,14 Years,44,23,21,34,19,15,2,0,2,1,0,1,7,4,3
DONLEY COUNTY,129,15 Years,39,22,17,32,19,13,1,0,1,2,0,2,4,3,1
DONLEY COUNTY,129,16 Years,42,19,23,32,18,14,2,0,2,2,0,2,6,1,5
DONLEY COUNTY,129,17 Years,39,19,20,29,18,11,3,0,3,1,0,1,6,1,5
DONLEY COUNTY,129,18 Years,52,28,24,41,25,16,4,0,4,1,0,1,6,3,3
DONLEY COUNTY,129,19 Years,57,30,27,42,24,18,4,0,4,2,1,1,9,5,4
DONLEY COUNTY,129,20 Years,52,24,28,40,21,19,4,1,3,1,0,1,7,2,5
DONLEY COUNTY,129,21 Years,70,34,36,49,23,26,6,4,2,2,1,1,13,6,7
DONLEY COUNTY,129,22 Years,126,66,60,97,49,48,8,4,4,2,1,1,19,12,7
DONLEY COUNTY,129,23 Years,116,68,48,92,52,40,9,5,4,1,0,1,14,11,3
DONLEY COUNTY,129,24 Years,56,27,29,45,20,25,4,2,2,1,0,1,6,5,1
DONLEY COUNTY,129,25 Years,42,21,21,33,15,18,3,3,0,0,0,0,6,3,3
DONLEY COUNTY,129,26 Years,25,12,13,19,9,10,2,1,1,1,1,0,3,1,2
DONLEY COUNTY,129,27 Years,26,15,11,22,12,10,0,0,0,1,1,0,3,2,1
DONLEY COUNTY,129,28 Years,36,17,19,29,14,15,1,0,1,0,0,0,6,3,3
DONLEY COUNTY,129,29 Years,36,20,16,31,18,13,0,0,0,0,0,0,5,2,3
DONLEY COUNTY,129,30 Years,33,19,14,28,17,11,0,0,0,0,0,0,5,2,3
DONLEY COUNTY,129,31 Years,46,24,22,36,18,18,1,0,1,1,1,0,8,5,3
DONLEY COUNTY,129,32 Years,32,17,15,27,15,12,2,1,1,0,0,0,3,1,2
DONLEY COUNTY,129,33 Years,37,19,18,31,16,15,1,0,1,0,0,0,5,3,2
DONLEY COUNTY,129,34 Years,32,18,14,26,16,10,1,0,1,0,0,0,5,2,3
DONLEY COUNTY,129,35 Years,28,17,11,24,15,9,1,0,1,1,1,0,2,1,1
DONLEY COUNTY,129,36 Years,29,15,14,23,12,11,1,0,1,1,1,0,4,2,2
DONLEY COUNTY,129,37 Years,29,14,15,24,12,12,2,0,2,0,0,0,3,2,1
DONLEY COUNTY,129,38 Years,31,15,16,26,14,12,1,0,1,0,0,0,4,1,3
DONLEY COUNTY,129,39 Years,28,11,17,24,10,14,2,1,1,0,0,0,2,0,2
DONLEY COUNTY,129,40 Years,28,12,16,21,7,14,3,2,1,0,0,0,4,3,1
DONLEY COUNTY,129,41 Years,32,16,16,24,11,13,3,2,1,1,1,0,4,2,2
DONLEY COUNTY,129,42 Years,40,21,19,37,19,18,3,2,1,0,0,0,0,0,0
DONLEY COUNTY,129,43 Years,37,20,17,34,18,16,2,2,0,0,0,0,1,0,1
DONLEY COUNTY,129,44 Years,34,18,16,29,15,14,2,2,0,2,1,1,1,0,1
DONLEY COUNTY,129,45 Years,32,16,16,26,14,12,2,0,2,2,1,1,2,1,1
DONLEY COUNTY,129,46 Years,33,16,17,29,15,14,1,0,1,1,0,1,2,1,1
DONLEY COUNTY,129,47 Years,42,15,27,36,13,23,2,0,2,1,0,1,3,2,1
DONLEY COUNTY,129,48 Years,36,19,17,33,17,16,2,1,1,0,0,0,1,1,0
DONLEY COUNTY,129,49 Years,45,20,25,42,19,23,1,1,0,1,0,1,1,0,1
DONLEY COUNTY,129,50 Years,56,29,27,51,27,24,1,1,0,2,0,2,2,1,1
DONLEY COUNTY,129,51 Years,56,27,29,48,25,23,4,1,3,2,0,2,2,1,1
DONLEY COUNTY,129,52 Years,50,25,25,42,22,20,1,0,1,0,0,0,7,3,4
DONLEY COUNTY,129,53 Years,49,22,27,40,17,23,2,2,0,0,0,0,7,3,4
DONLEY COUNTY,129,54 Years,47,22,25,39,17,22,2,1,1,1,1,0,5,3,2
DONLEY COUNTY,129,55 Years,43,18,25,38,17,21,2,0,2,1,1,0,2,0,2
DONLEY COUNTY,129,56 Years,45,22,23,39,19,20,1,0,1,1,1,0,4,2,2
DONLEY COUNTY,129,57 Years,56,28,28,51,25,26,0,0,0,1,1,0,4,2,2
DONLEY COUNTY,129,58 Years,55,31,24,50,30,20,3,1,2,1,0,1,1,0,1
DONLEY COUNTY,129,59 Years,47,26,21,44,25,19,1,0,1,1,0,1,1,1,0
DONLEY COUNTY,129,60 Years,43,22,21,39,21,18,3,1,2,0,0,0,1,0,1
DONLEY COUNTY,129,61 Years,43,23,20,40,20,20,1,1,0,0,0,0,2,2,0
DONLEY COUNTY,129,62 Years,50,24,26,47,22,25,1,1,0,0,0,0,2,1,1
DONLEY COUNTY,129,63 Years,53,27,26,49,27,22,0,0,0,1,0,1,3,0,3
DONLEY COUNTY,129,64 Years,59,31,28,53,28,25,2,2,0,1,0,1,3,1,2
DONLEY COUNTY,129,65 Years,51,20,31,48,19,29,1,1,0,1,0,1,1,0,1
DONLEY COUNTY,129,66 Years,50,24,26,48,23,25,0,0,0,2,1,1,0,0,0
DONLEY COUNTY,129,67 Years,44,19,25,41,17,24,0,0,0,0,0,0,3,2,1
DONLEY COUNTY,129,68 Years,38,18,20,35,16,19,1,0,1,0,0,0,2,2,0
DONLEY COUNTY,129,69 Years,48,22,26,46,21,25,1,1,0,0,0,0,1,0,1
DONLEY COUNTY,129,70 Years,44,20,24,41,19,22,0,0,0,2,1,1,1,0,1
DONLEY COUNTY,129,71 Years,38,16,22,35,14,21,1,1,0,1,1,0,1,0,1
DONLEY COUNTY,129,72 Years,41,21,20,38,19,19,2,1,1,0,0,0,1,1,0
DONLEY COUNTY,129,73 Years,44,23,21,40,21,19,1,0,1,1,1,0,2,1,1
DONLEY COUNTY,129,74 Years,35,17,18,33,16,17,0,0,0,1,1,0,1,0,1
DONLEY COUNTY,129,75 Years,32,14,18,32,14,18,0,0,0,0,0,0,0,0,0
DONLEY COUNTY,129,76 Years,37,17,20,36,17,19,1,0,1,0,0,0,0,0,0
DONLEY COUNTY,129,77 Years,31,14,17,29,13,16,0,0,0,1,0,1,1,1,0
DONLEY COUNTY,129,78 Years,33,16,17,30,14,16,0,0,0,2,1,1,1,1,0
DONLEY COUNTY,129,79 Years,27,13,14,23,10,13,2,2,0,1,0,1,1,1,0
DONLEY COUNTY,129,80 Years,23,10,13,21,10,11,1,0,1,1,0,1,0,0,0
DONLEY COUNTY,129,81 Years,23,11,12,22,11,11,1,0,1,0,0,0,0,0,0
DONLEY COUNTY,129,82 Years,23,8,15,23,8,15,0,0,0,0,0,0,0,0,0
DONLEY COUNTY,129,83 Years,27,15,12,27,15,12,0,0,0,0,0,0,0,0,0
DONLEY COUNTY,129,84 Years,24,10,14,24,10,14,0,0,0,0,0,0,0,0,0
DONLEY COUNTY,129,85 Years +,94,34,60,88,31,57,5,2,3,1,1,0,0,0,0
DUVAL COUNTY,131,All Ages,11661,6043,5618,1176,673,503,84,78,6,66,32,34,10335,5260,5075
DUVAL COUNTY,131,< 1 Year,164,82,82,11,6,5,0,0,0,0,0,0,153,76,77
DUVAL COUNTY,131,1 Years,167,86,81,12,6,6,0,0,0,0,0,0,155,80,75
DUVAL COUNTY,131,2 Years,160,82,78,11,6,5,0,0,0,0,0,0,149,76,73
DUVAL COUNTY,131,3 Years,165,80,85,10,5,5,1,1,0,1,1,0,153,73,80
DUVAL COUNTY,131,4 Years,172,91,81,13,6,7,0,0,0,1,1,0,158,84,74
DUVAL COUNTY,131,5 Years,167,77,90,13,5,8,1,1,0,2,1,1,151,70,81
DUVAL COUNTY,131,6 Years,158,82,76,10,4,6,0,0,0,2,0,2,146,78,68
DUVAL COUNTY,131,7 Years,143,63,80,8,4,4,0,0,0,1,0,1,134,59,75
DUVAL COUNTY,131,8 Years,174,92,82,17,9,8,0,0,0,1,1,0,156,82,74
DUVAL COUNTY,131,9 Years,158,87,71,13,7,6,0,0,0,1,0,1,144,80,64
DUVAL COUNTY,131,10 Years,160,96,64,15,10,5,0,0,0,0,0,0,145,86,59
DUVAL COUNTY,131,11 Years,149,81,68,12,9,3,0,0,0,0,0,0,137,72,65
DUVAL COUNTY,131,12 Years,143,72,71,10,7,3,0,0,0,0,0,0,133,65,68
DUVAL COUNTY,131,13 Years,182,84,98,20,10,10,0,0,0,1,0,1,161,74,87
DUVAL COUNTY,131,14 Years,156,74,82,16,8,8,0,0,0,0,0,0,140,66,74
DUVAL COUNTY,131,15 Years,155,75,80,12,7,5,0,0,0,0,0,0,143,68,75
DUVAL COUNTY,131,16 Years,163,76,87,8,5,3,0,0,0,0,0,0,155,71,84
DUVAL COUNTY,131,17 Years,175,83,92,15,5,10,0,0,0,1,0,1,159,78,81
DUVAL COUNTY,131,18 Years,180,95,85,12,6,6,1,0,1,1,0,1,166,89,77
DUVAL COUNTY,131,19 Years,201,115,86,16,8,8,1,0,1,1,1,0,183,106,77
DUVAL COUNTY,131,20 Years,184,112,72,14,11,3,0,0,0,0,0,0,170,101,69
DUVAL COUNTY,131,21 Years,189,106,83,9,4,5,2,2,0,1,1,0,177,99,78
DUVAL COUNTY,131,22 Years,172,89,83,16,12,4,1,1,0,0,0,0,155,76,79
DUVAL COUNTY,131,23 Years,151,87,64,13,10,3,3,3,0,0,0,0,135,74,61
DUVAL COUNTY,131,24 Years,146,85,61,17,12,5,1,1,0,2,2,0,126,70,56
DUVAL COUNTY,131,25 Years,148,90,58,13,12,1,3,3,0,1,1,0,131,74,57
DUVAL COUNTY,131,26 Years,157,100,57,11,8,3,2,2,0,1,1,0,143,89,54
DUVAL COUNTY,131,27 Years,137,73,64,8,4,4,1,1,0,2,2,0,126,66,60
DUVAL COUNTY,131,28 Years,131,78,53,10,8,2,1,1,0,0,0,0,120,69,51
DUVAL COUNTY,131,29 Years,128,70,58,15,10,5,0,0,0,0,0,0,113,60,53
DUVAL COUNTY,131,30 Years,121,66,55,17,11,6,1,1,0,1,0,1,102,54,48
DUVAL COUNTY,131,31 Years,116,66,50,16,10,6,3,3,0,1,0,1,96,53,43
DUVAL COUNTY,131,32 Years,121,58,63,6,2,4,3,2,1,1,0,1,111,54,57
DUVAL COUNTY,131,33 Years,144,78,66,13,7,6,1,1,0,1,0,1,129,70,59
DUVAL COUNTY,131,34 Years,118,62,56,12,6,6,0,0,0,2,2,0,104,54,50
DUVAL COUNTY,131,35 Years,127,69,58,17,9,8,0,0,0,1,1,0,109,59,50
DUVAL COUNTY,131,36 Years,134,72,62,19,11,8,0,0,0,3,2,1,112,59,53
DUVAL COUNTY,131,37 Years,127,72,55,15,8,7,1,1,0,0,0,0,111,63,48
DUVAL COUNTY,131,38 Years,113,59,54,13,9,4,3,3,0,1,1,0,96,46,50
DUVAL COUNTY,131,39 Years,130,61,69,13,8,5,2,2,0,0,0,0,115,51,64
DUVAL COUNTY,131,40 Years,136,70,66,17,10,7,1,1,0,2,0,2,116,59,57
DUVAL COUNTY,131,41 Years,135,87,48,17,13,4,3,3,0,1,0,1,114,71,43
DUVAL COUNTY,131,42 Years,141,73,68,12,5,7,4,3,1,1,0,1,124,65,59
DUVAL COUNTY,131,43 Years,120,64,56,5,3,2,1,1,0,0,0,0,114,60,54
DUVAL COUNTY,131,44 Years,132,67,65,15,11,4,3,3,0,1,0,1,113,53,60
DUVAL COUNTY,131,45 Years,144,82,62,16,13,3,3,3,0,2,1,1,123,65,58
DUVAL COUNTY,131,46 Years,138,81,57,16,12,4,6,6,0,0,0,0,116,63,53
DUVAL COUNTY,131,47 Years,140,73,67,10,7,3,4,3,1,3,0,3,123,63,60
DUVAL COUNTY,131,48 Years,143,76,67,16,15,1,2,2,0,2,1,1,123,58,65
DUVAL COUNTY,131,49 Years,139,75,64,15,10,5,2,2,0,0,0,0,122,63,59
DUVAL COUNTY,131,50 Years,164,84,80,15,8,7,3,3,0,1,0,1,145,73,72
DUVAL COUNTY,131,51 Years,172,91,81,14,6,8,1,1,0,2,1,1,155,83,72
DUVAL COUNTY,131,52 Years,182,103,79,17,9,8,1,0,1,0,0,0,164,94,70
DUVAL COUNTY,131,53 Years,169,87,82,18,12,6,2,2,0,2,1,1,147,72,75
DUVAL COUNTY,131,54 Years,146,78,68,19,13,6,0,0,0,1,1,0,126,64,62
DUVAL COUNTY,131,55 Years,162,91,71,20,12,8,4,4,0,1,1,0,137,74,63
DUVAL COUNTY,131,56 Years,152,80,72,19,8,11,3,3,0,0,0,0,130,69,61
DUVAL COUNTY,131,57 Years,132,69,63,16,5,11,4,4,0,0,0,0,112,60,52
DUVAL COUNTY,131,58 Years,133,65,68,17,8,9,1,1,0,1,1,0,114,55,59
DUVAL COUNTY,131,59 Years,131,69,62,13,8,5,0,0,0,1,1,0,117,60,57
DUVAL COUNTY,131,60 Years,132,79,53,15,12,3,0,0,0,1,1,0,116,66,50
DUVAL COUNTY,131,61 Years,120,75,45,17,14,3,1,1,0,1,1,0,101,59,42
DUVAL COUNTY,131,62 Years,119,56,63,12,6,6,1,1,0,0,0,0,106,49,57
DUVAL COUNTY,131,63 Years,120,51,69,17,5,12,1,1,0,0,0,0,102,45,57
DUVAL COUNTY,131,64 Years,123,59,64,13,7,6,1,1,0,2,1,1,107,50,57
DUVAL COUNTY,131,65 Years,123,63,60,16,9,7,0,0,0,2,1,1,105,53,52
DUVAL COUNTY,131,66 Years,120,64,56,14,6,8,0,0,0,0,0,0,106,58,48
DUVAL COUNTY,131,67 Years,129,60,69,16,8,8,0,0,0,1,1,0,112,51,61
DUVAL COUNTY,131,68 Years,144,69,75,17,10,7,0,0,0,1,0,1,126,59,67
DUVAL COUNTY,131,69 Years,134,67,67,18,10,8,0,0,0,2,1,1,114,56,58
DUVAL COUNTY,131,70 Years,111,57,54,9,5,4,0,0,0,0,0,0,102,52,50
DUVAL COUNTY,131,71 Years,95,47,48,10,6,4,0,0,0,0,0,0,85,41,44
DUVAL COUNTY,131,72 Years,90,41,49,12,5,7,0,0,0,0,0,0,78,36,42
DUVAL COUNTY,131,73 Years,86,39,47,13,3,10,0,0,0,3,0,3,70,36,34
DUVAL COUNTY,131,74 Years,103,46,57,16,6,10,0,0,0,0,0,0,87,40,47
DUVAL COUNTY,131,75 Years,72,29,43,14,6,8,0,0,0,0,0,0,58,23,35
DUVAL COUNTY,131,76 Years,67,31,36,11,7,4,0,0,0,0,0,0,56,24,32
DUVAL COUNTY,131,77 Years,83,36,47,11,5,6,0,0,0,0,0,0,72,31,41
DUVAL COUNTY,131,78 Years,76,35,41,11,7,4,0,0,0,0,0,0,65,28,37
DUVAL COUNTY,131,79 Years,58,25,33,9,6,3,0,0,0,1,0,1,48,19,29
DUVAL COUNTY,131,80 Years,69,30,39,10,6,4,0,0,0,0,0,0,59,24,35
DUVAL COUNTY,131,81 Years,72,32,40,12,7,5,0,0,0,0,0,0,60,25,35
DUVAL COUNTY,131,82 Years,73,35,38,10,6,4,0,0,0,0,0,0,63,29,34
DUVAL COUNTY,131,83 Years,53,21,32,8,3,5,0,0,0,0,0,0,45,18,27
DUVAL COUNTY,131,84 Years,52,20,32,6,2,4,0,0,0,0,0,0,46,18,28
DUVAL COUNTY,131,85 Years +,240,85,155,31,13,18,0,0,0,0,0,0,209,72,137
EASTLAND COUNTY,133,All Ages,18731,9165,9566,15174,7314,7860,331,193,138,334,165,169,2892,1493,1399
EASTLAND COUNTY,133,< 1 Year,228,119,109,170,90,80,4,2,2,5,2,3,49,25,24
EASTLAND COUNTY,133,1 Years,230,119,111,166,85,81,5,3,2,4,2,2,55,29,26
EASTLAND COUNTY,133,2 Years,223,115,108,164,84,80,4,2,2,4,2,2,51,27,24
EASTLAND COUNTY,133,3 Years,218,115,103,162,85,77,2,2,0,3,1,2,51,27,24
EASTLAND COUNTY,133,4 Years,215,111,104,147,77,70,2,1,1,4,2,2,62,31,31
EASTLAND COUNTY,133,5 Years,224,110,114,148,72,76,4,2,2,5,2,3,67,34,33
EASTLAND COUNTY,133,6 Years,214,104,110,145,75,70,2,2,0,6,3,3,61,24,37
EASTLAND COUNTY,133,7 Years,243,112,131,169,80,89,1,1,0,5,4,1,68,27,41
EASTLAND COUNTY,133,8 Years,228,104,124,157,71,86,2,1,1,5,2,3,64,30,34
EASTLAND COUNTY,133,9 Years,235,110,125,160,76,84,3,0,3,6,2,4,66,32,34
EASTLAND COUNTY,133,10 Years,250,136,114,179,99,80,3,1,2,5,4,1,63,32,31
EASTLAND COUNTY,133,11 Years,231,124,107,169,92,77,1,0,1,4,1,3,57,31,26
EASTLAND COUNTY,133,12 Years,218,121,97,157,89,68,2,1,1,4,1,3,55,30,25
EASTLAND COUNTY,133,13 Years,221,120,101,163,93,70,2,1,1,3,1,2,53,25,28
EASTLAND COUNTY,133,14 Years,240,126,114,178,93,85,2,1,1,7,5,2,53,27,26
EASTLAND COUNTY,133,15 Years,215,103,112,155,74,81,2,1,1,3,1,2,55,27,28
EASTLAND COUNTY,133,16 Years,243,121,122,183,85,98,2,1,1,2,1,1,56,34,22
EASTLAND COUNTY,133,17 Years,257,124,133,198,90,108,1,0,1,2,1,1,56,33,23
EASTLAND COUNTY,133,18 Years,234,114,120,169,74,95,2,2,0,4,2,2,59,36,23
EASTLAND COUNTY,133,19 Years,218,111,107,156,76,80,3,3,0,3,3,0,56,29,27
EASTLAND COUNTY,133,20 Years,224,124,100,158,87,71,7,5,2,3,2,1,56,30,26
EASTLAND COUNTY,133,21 Years,289,149,140,193,93,100,22,10,12,3,2,1,71,44,27
EASTLAND COUNTY,133,22 Years,440,250,190,273,160,113,58,35,23,14,10,4,95,45,50
EASTLAND COUNTY,133,23 Years,356,200,156,227,128,99,40,26,14,11,7,4,78,39,39
EASTLAND COUNTY,133,24 Years,245,135,110,164,85,79,28,23,5,5,4,1,48,23,25
EASTLAND COUNTY,133,25 Years,189,98,91,130,63,67,16,11,5,2,1,1,41,23,18
EASTLAND COUNTY,133,26 Years,171,93,78,114,61,53,8,6,2,2,2,0,47,24,23
EASTLAND COUNTY,133,27 Years,177,86,91,130,61,69,3,2,1,2,2,0,42,21,21
EASTLAND COUNTY,133,28 Years,198,88,110,150,64,86,1,1,0,5,2,3,42,21,21
EASTLAND COUNTY,133,29 Years,158,80,78,122,62,60,1,1,0,3,2,1,32,15,17
EASTLAND COUNTY,133,30 Years,190,90,100,139,64,75,3,2,1,3,0,3,45,24,21
EASTLAND COUNTY,133,31 Years,193,99,94,155,77,78,2,1,1,2,1,1,34,20,14
EASTLAND COUNTY,133,32 Years,190,96,94,151,80,71,4,3,1,3,1,2,32,12,20
EASTLAND COUNTY,133,33 Years,196,91,105,155,70,85,2,2,0,4,1,3,35,18,17
EASTLAND COUNTY,133,34 Years,188,95,93,144,68,76,1,0,1,6,4,2,37,23,14
EASTLAND COUNTY,133,35 Years,164,79,85,126,62,64,2,1,1,3,1,2,33,15,18
EASTLAND COUNTY,133,36 Years,174,92,82,136,73,63,2,1,1,2,1,1,34,17,17
EASTLAND COUNTY,133,37 Years,188,98,90,157,77,80,1,1,0,1,1,0,29,19,10
EASTLAND COUNTY,133,38 Years,179,93,86,151,77,74,2,1,1,2,0,2,24,15,9
EASTLAND COUNTY,133,39 Years,160,85,75,133,71,62,1,1,0,4,1,3,22,12,10
EASTLAND COUNTY,133,40 Years,158,68,90,128,58,70,0,0,0,5,2,3,25,8,17
EASTLAND COUNTY,133,41 Years,179,89,90,152,76,76,0,0,0,3,2,1,24,11,13
EASTLAND COUNTY,133,42 Years,177,84,93,145,69,76,0,0,0,5,3,2,27,12,15
EASTLAND COUNTY,133,43 Years,187,94,93,149,76,73,0,0,0,3,2,1,35,16,19
EASTLAND COUNTY,133,44 Years,189,95,94,154,76,78,0,0,0,5,3,2,30,16,14
EASTLAND COUNTY,133,45 Years,177,82,95,149,68,81,2,0,2,5,2,3,21,12,9
EASTLAND COUNTY,133,46 Years,186,81,105,157,66,91,2,1,1,3,1,2,24,13,11
EASTLAND COUNTY,133,47 Years,197,96,101,166,78,88,1,1,0,3,2,1,27,15,12
EASTLAND COUNTY,133,48 Years,220,111,109,190,95,95,1,1,0,2,0,2,27,15,12
EASTLAND COUNTY,133,49 Years,237,111,126,197,94,103,3,1,2,7,2,5,30,14,16
EASTLAND COUNTY,133,50 Years,259,132,127,206,108,98,1,1,0,6,1,5,46,22,24
EASTLAND COUNTY,133,51 Years,284,144,140,246,121,125,4,4,0,5,4,1,29,15,14
EASTLAND COUNTY,133,52 Years,270,136,134,230,109,121,3,2,1,5,4,1,32,21,11
EASTLAND COUNTY,133,53 Years,280,133,147,236,107,129,3,1,2,5,4,1,36,21,15
EASTLAND COUNTY,133,54 Years,306,140,166,267,118,149,3,2,1,5,4,1,31,16,15
EASTLAND COUNTY,133,55 Years,301,148,153,261,127,134,4,1,3,8,5,3,28,15,13
EASTLAND COUNTY,133,56 Years,268,134,134,233,116,117,4,1,3,4,2,2,27,15,12
EASTLAND COUNTY,133,57 Years,258,129,129,227,111,116,4,2,2,2,1,1,25,15,10
EASTLAND COUNTY,133,58 Years,250,126,124,217,108,109,1,0,1,5,0,5,27,18,9
EASTLAND COUNTY,133,59 Years,224,116,108,198,101,97,2,1,1,5,2,3,19,12,7
EASTLAND COUNTY,133,60 Years,237,122,115,202,100,102,3,3,0,5,2,3,27,17,10
EASTLAND COUNTY,133,61 Years,267,133,134,237,117,120,2,1,1,4,2,2,24,13,11
EASTLAND COUNTY,133,62 Years,266,128,138,242,116,126,3,1,2,4,2,2,17,9,8
EASTLAND COUNTY,133,63 Years,257,122,135,239,111,128,4,2,2,2,1,1,12,8,4
EASTLAND COUNTY,133,64 Years,233,107,126,220,102,118,2,1,1,2,0,2,9,4,5
EASTLAND COUNTY,133,65 Years,280,128,152,253,114,139,1,0,1,5,2,3,21,12,9
EASTLAND COUNTY,133,66 Years,290,128,162,265,114,151,2,1,1,4,2,2,19,11,8
EASTLAND COUNTY,133,67 Years,233,105,128,212,95,117,0,0,0,5,2,3,16,8,8
EASTLAND COUNTY,133,68 Years,222,108,114,211,103,108,0,0,0,2,1,1,9,4,5
EASTLAND COUNTY,133,69 Years,220,113,107,205,107,98,2,0,2,3,2,1,10,4,6
EASTLAND COUNTY,133,70 Years,234,107,127,218,100,118,1,1,0,5,2,3,10,4,6
EASTLAND COUNTY,133,71 Years,209,96,113,193,91,102,0,0,0,5,2,3,11,3,8
EASTLAND COUNTY,133,72 Years,180,80,100,171,76,95,0,0,0,2,1,1,7,3,4
EASTLAND COUNTY,133,73 Years,185,86,99,171,81,90,5,2,3,3,2,1,6,1,5
EASTLAND COUNTY,133,74 Years,187,86,101,172,82,90,1,0,1,4,1,3,10,3,7
EASTLAND COUNTY,133,75 Years,163,78,85,153,74,79,1,0,1,3,2,1,6,2,4
EASTLAND COUNTY,133,76 Years,155,69,86,144,63,81,2,0,2,3,2,1,6,4,2
EASTLAND COUNTY,133,77 Years,142,63,79,131,58,73,0,0,0,2,1,1,9,4,5
EASTLAND COUNTY,133,78 Years,141,62,79,132,58,74,0,0,0,2,1,1,7,3,4
EASTLAND COUNTY,133,79 Years,124,56,68,114,53,61,3,1,2,1,0,1,6,2,4
EASTLAND COUNTY,133,80 Years,122,55,67,110,49,61,2,1,1,1,0,1,9,5,4
EASTLAND COUNTY,133,81 Years,119,51,68,110,48,62,2,0,2,2,0,2,5,3,2
EASTLAND COUNTY,133,82 Years,106,46,60,97,44,53,0,0,0,2,0,2,7,2,5
EASTLAND COUNTY,133,83 Years,96,36,60,90,35,55,0,0,0,0,0,0,6,1,5
EASTLAND COUNTY,133,84 Years,91,39,52,86,35,51,0,0,0,1,1,0,4,3,1
EASTLAND COUNTY,133,85 Years +,511,172,339,485,163,322,4,0,4,7,1,6,15,8,7
ECTOR COUNTY,135,All Ages,149324,73950,75374,57370,28146,29224,6017,2970,3047,3351,1680,1671,82586,41154,41432
ECTOR COUNTY,135,< 1 Year,2778,1415,1363,739,378,361,97,52,45,64,33,31,1878,952,926
ECTOR COUNTY,135,1 Years,2664,1356,1308,706,359,347,100,51,49,43,22,21,1815,924,891
ECTOR COUNTY,135,2 Years,2626,1339,1287,713,363,350,97,50,47,46,24,22,1770,902,868
ECTOR COUNTY,135,3 Years,2577,1333,1244,644,346,298,110,53,57,71,39,32,1752,895,857
ECTOR COUNTY,135,4 Years,2541,1283,1258,681,357,324,97,49,48,60,31,29,1703,846,857
ECTOR COUNTY,135,5 Years,2526,1275,1251,666,352,314,114,56,58,65,32,33,1681,835,846
ECTOR COUNTY,135,6 Years,2501,1275,1226,652,324,328,103,47,56,63,32,31,1683,872,811
ECTOR COUNTY,135,7 Years,2358,1211,1147,593,295,298,91,49,42,59,29,30,1615,838,777
ECTOR COUNTY,135,8 Years,2357,1211,1146,580,298,282,92,47,45,68,34,34,1617,832,785
ECTOR COUNTY,135,9 Years,2374,1222,1152,617,317,300,90,49,41,62,35,27,1605,821,784
ECTOR COUNTY,135,10 Years,2403,1215,1188,592,293,299,98,50,48,58,30,28,1655,842,813
ECTOR COUNTY,135,11 Years,2321,1187,1134,584,318,266,93,44,49,48,17,31,1596,808,788
ECTOR COUNTY,135,12 Years,2260,1173,1087,571,302,269,80,41,39,57,29,28,1552,801,751
ECTOR COUNTY,135,13 Years,2270,1179,1091,568,301,267,101,55,46,65,34,31,1536,789,747
ECTOR COUNTY,135,14 Years,2259,1187,1072,591,327,264,98,55,43,61,34,27,1509,771,738
ECTOR COUNTY,135,15 Years,2235,1160,1075,632,332,300,94,47,47,63,37,26,1446,744,702
ECTOR COUNTY,135,16 Years,2158,1124,1034,610,316,294,79,46,33,54,31,23,1415,731,684
ECTOR COUNTY,135,17 Years,2066,1058,1008,598,290,308,87,44,43,41,23,18,1340,701,639
ECTOR COUNTY,135,18 Years,1971,993,978,534,269,265,78,38,40,51,28,23,1308,658,650
ECTOR COUNTY,135,19 Years,1952,983,969,531,278,253,78,44,34,33,17,16,1310,644,666
ECTOR COUNTY,135,20 Years,2090,1027,1063,577,294,283,96,49,47,37,22,15,1380,662,718
ECTOR COUNTY,135,21 Years,2249,1111,1138,672,341,331,94,42,52,53,31,22,1430,697,733
ECTOR COUNTY,135,22 Years,2366,1144,1222,774,366,408,100,49,51,50,27,23,1442,702,740
ECTOR COUNTY,135,23 Years,2442,1200,1242,811,376,435,103,51,52,48,24,24,1480,749,731
ECTOR COUNTY,135,24 Years,2476,1246,1230,805,418,387,104,50,54,47,23,24,1520,755,765
ECTOR COUNTY,135,25 Years,2360,1166,1194,821,418,403,107,46,61,41,18,23,1391,684,707
ECTOR COUNTY,135,26 Years,2416,1206,1210,832,426,406,107,56,51,50,24,26,1427,700,727
ECTOR COUNTY,135,27 Years,2377,1205,1172,831,420,411,99,47,52,51,24,27,1396,714,682
ECTOR COUNTY,135,28 Years,2265,1117,1148,819,404,415,93,46,47,45,19,26,1308,648,660
ECTOR COUNTY,135,29 Years,2167,1094,1073,763,389,374,82,45,37,40,17,23,1282,643,639
ECTOR COUNTY,135,30 Years,2300,1189,1111,811,413,398,83,41,42,42,22,20,1364,713,651
ECTOR COUNTY,135,31 Years,2220,1147,1073,763,378,385,78,46,32,54,27,27,1325,696,629
ECTOR COUNTY,135,32 Years,2153,1104,1049,760,379,381,78,44,34,52,28,24,1263,653,610
ECTOR COUNTY,135,33 Years,2107,1084,1023,774,384,390,71,39,32,51,27,24,1211,634,577
ECTOR COUNTY,135,34 Years,1922,971,951,698,367,331,76,38,38,45,17,28,1103,549,554
ECTOR COUNTY,135,35 Years,1850,923,927,669,355,314,76,36,40,49,20,29,1056,512,544
ECTOR COUNTY,135,36 Years,1859,921,938,637,329,308,65,32,33,42,19,23,1115,541,574
ECTOR COUNTY,135,37 Years,1838,934,904,605,321,284,63,34,29,46,24,22,1124,555,569
ECTOR COUNTY,135,38 Years,1801,910,891,613,317,296,68,39,29,36,18,18,1084,536,548
ECTOR COUNTY,135,39 Years,1712,820,892,596,299,297,65,34,31,34,16,18,1017,471,546
ECTOR COUNTY,135,40 Years,1691,828,863,621,307,314,58,30,28,41,22,19,971,469,502
ECTOR COUNTY,135,41 Years,1785,865,920,632,307,325,72,35,37,52,27,25,1029,496,533
ECTOR COUNTY,135,42 Years,1849,927,922,682,330,352,70,40,30,58,27,31,1039,530,509
ECTOR COUNTY,135,43 Years,1745,887,858,660,340,320,65,35,30,42,23,19,978,489,489
ECTOR COUNTY,135,44 Years,1673,811,862,657,317,340,61,29,32,30,17,13,925,448,477
ECTOR COUNTY,135,45 Years,1673,819,854,633,306,327,64,31,33,36,20,16,940,462,478
ECTOR COUNTY,135,46 Years,1619,804,815,609,295,314,67,29,38,30,19,11,913,461,452
ECTOR COUNTY,135,47 Years,1667,821,846,675,329,346,62,33,29,32,20,12,898,439,459
ECTOR COUNTY,135,48 Years,1781,888,893,739,378,361,80,45,35,34,18,16,928,447,481
ECTOR COUNTY,135,49 Years,1792,864,928,799,391,408,90,42,48,31,14,17,872,417,455
ECTOR COUNTY,135,50 Years,1882,910,972,901,422,479,73,35,38,39,21,18,869,432,437
ECTOR COUNTY,135,51 Years,1894,940,954,893,441,452,77,37,40,40,23,17,884,439,445
ECTOR COUNTY,135,52 Years,1931,951,980,926,448,478,94,46,48,42,19,23,869,438,431
ECTOR COUNTY,135,53 Years,1921,950,971,913,452,461,91,49,42,42,20,22,875,429,446
ECTOR COUNTY,135,54 Years,1914,926,988,983,490,493,86,39,47,39,17,22,806,380,426
ECTOR COUNTY,135,55 Years,1885,915,970,963,474,489,79,37,42,49,20,29,794,384,410
ECTOR COUNTY,135,56 Years,1881,930,951,966,480,486,88,47,41,61,26,35,766,377,389
ECTOR COUNTY,135,57 Years,1864,913,951,990,487,503,81,45,36,46,23,23,747,358,389
ECTOR COUNTY,135,58 Years,1758,868,890,946,466,480,74,36,38,40,21,19,698,345,353
ECTOR COUNTY,135,59 Years,1656,815,841,905,458,447,74,34,40,45,25,20,632,298,334
ECTOR COUNTY,135,60 Years,1611,818,793,882,455,427,62,31,31,37,20,17,630,312,318
ECTOR COUNTY,135,61 Years,1524,750,774,858,414,444,56,27,29,34,19,15,576,290,286
ECTOR COUNTY,135,62 Years,1386,674,712,760,359,401,57,29,28,29,13,16,540,273,267
ECTOR COUNTY,135,63 Years,1396,700,696,773,401,372,57,29,28,31,14,17,535,256,279
ECTOR COUNTY,135,64 Years,1280,639,641,732,378,354,54,25,29,25,10,15,469,226,243
ECTOR COUNTY,135,65 Years,1204,576,628,708,339,369,44,21,23,22,10,12,430,206,224
ECTOR COUNTY,135,66 Years,1166,567,599,705,341,364,35,17,18,23,10,13,403,199,204
ECTOR COUNTY,135,67 Years,1004,482,522,568,277,291,35,16,19,22,13,9,379,176,203
ECTOR COUNTY,135,68 Years,931,461,470,535,264,271,36,16,20,18,7,11,342,174,168
ECTOR COUNTY,135,69 Years,938,459,479,563,272,291,39,16,23,24,14,10,312,157,155
ECTOR COUNTY,135,70 Years,872,378,494,518,226,292,33,14,19,25,9,16,296,129,167
ECTOR COUNTY,135,71 Years,788,339,449,498,222,276,29,12,17,15,8,7,246,97,149
ECTOR COUNTY,135,72 Years,752,329,423,462,200,262,28,12,16,15,9,6,247,108,139
ECTOR COUNTY,135,73 Years,678,309,369,399,179,220,34,13,21,17,7,10,228,110,118
ECTOR COUNTY,135,74 Years,679,313,366,440,197,243,30,12,18,13,8,5,196,96,100
ECTOR COUNTY,135,75 Years,681,309,372,450,196,254,24,10,14,12,8,4,195,95,100
ECTOR COUNTY,135,76 Years,628,304,324,397,180,217,23,10,13,16,9,7,192,105,87
ECTOR COUNTY,135,77 Years,592,256,336,389,165,224,24,9,15,13,5,8,166,77,89
ECTOR COUNTY,135,78 Years,582,232,350,391,151,240,25,10,15,12,6,6,154,65,89
ECTOR COUNTY,135,79 Years,537,213,324,366,142,224,20,6,14,10,3,7,141,62,79
ECTOR COUNTY,135,80 Years,493,196,297,351,141,210,19,7,12,6,1,5,117,47,70
ECTOR COUNTY,135,81 Years,458,193,265,317,132,185,18,7,11,9,4,5,114,50,64
ECTOR COUNTY,135,82 Years,435,171,264,308,119,189,12,6,6,9,2,7,106,44,62
ECTOR COUNTY,135,83 Years,420,155,265,297,110,187,21,6,15,4,1,3,98,38,60
ECTOR COUNTY,135,84 Years,388,146,242,271,104,167,24,5,19,3,2,1,90,35,55
ECTOR COUNTY,135,85 Years +,1873,651,1222,1306,455,851,87,19,68,33,8,25,447,169,278
EDWARDS COUNTY,137,All Ages,1865,959,906,868,438,430,9,6,3,18,6,12,970,509,461
EDWARDS COUNTY,137,< 1 Year,24,13,11,8,4,4,0,0,0,0,0,0,16,9,7
EDWARDS COUNTY,137,1 Years,25,12,13,9,4,5,0,0,0,0,0,0,16,8,8
EDWARDS COUNTY,137,2 Years,24,13,11,9,5,4,0,0,0,0,0,0,15,8,7
EDWARDS COUNTY,137,3 Years,22,10,12,7,4,3,0,0,0,0,0,0,15,6,9
EDWARDS COUNTY,137,4 Years,23,10,13,6,2,4,0,0,0,0,0,0,17,8,9
EDWARDS COUNTY,137,5 Years,16,7,9,6,3,3,0,0,0,0,0,0,10,4,6
EDWARDS COUNTY,137,6 Years,17,11,6,6,4,2,0,0,0,0,0,0,11,7,4
EDWARDS COUNTY,137,7 Years,24,14,10,9,5,4,0,0,0,1,1,0,14,8,6
EDWARDS COUNTY,137,8 Years,27,16,11,9,5,4,0,0,0,0,0,0,18,11,7
EDWARDS COUNTY,137,9 Years,23,15,8,9,5,4,0,0,0,0,0,0,14,10,4
EDWARDS COUNTY,137,10 Years,24,13,11,11,4,7,0,0,0,0,0,0,13,9,4
EDWARDS COUNTY,137,11 Years,28,17,11,13,8,5,1,0,1,0,0,0,14,9,5
EDWARDS COUNTY,137,12 Years,22,15,7,8,4,4,0,0,0,0,0,0,14,11,3
EDWARDS COUNTY,137,13 Years,15,6,9,3,1,2,0,0,0,0,0,0,12,5,7
EDWARDS COUNTY,137,14 Years,16,8,8,1,0,1,0,0,0,0,0,0,15,8,7
EDWARDS COUNTY,137,15 Years,15,8,7,0,0,0,0,0,0,0,0,0,15,8,7
EDWARDS COUNTY,137,16 Years,16,8,8,3,0,3,0,0,0,1,0,1,12,8,4
EDWARDS COUNTY,137,17 Years,26,14,12,5,3,2,0,0,0,0,0,0,21,11,10
EDWARDS COUNTY,137,18 Years,21,11,10,5,4,1,0,0,0,0,0,0,16,7,9
EDWARDS COUNTY,137,19 Years,18,9,9,5,3,2,0,0,0,0,0,0,13,6,7
EDWARDS COUNTY,137,20 Years,24,12,12,7,3,4,2,2,0,0,0,0,15,7,8
EDWARDS COUNTY,137,21 Years,25,14,11,6,5,1,0,0,0,0,0,0,19,9,10
EDWARDS COUNTY,137,22 Years,21,11,10,3,2,1,1,0,1,1,1,0,16,8,8
EDWARDS COUNTY,137,23 Years,20,11,9,3,2,1,0,0,0,0,0,0,17,9,8
EDWARDS COUNTY,137,24 Years,15,10,5,3,2,1,0,0,0,0,0,0,12,8,4
EDWARDS COUNTY,137,25 Years,10,5,5,1,0,1,0,0,0,0,0,0,9,5,4
EDWARDS COUNTY,137,26 Years,15,8,7,1,1,0,0,0,0,0,0,0,14,7,7
EDWARDS COUNTY,137,27 Years,24,13,11,6,2,4,0,0,0,0,0,0,18,11,7
EDWARDS COUNTY,137,28 Years,17,7,10,6,2,4,1,1,0,0,0,0,10,4,6
EDWARDS COUNTY,137,29 Years,17,7,10,6,2,4,0,0,0,1,0,1,10,5,5
EDWARDS COUNTY,137,30 Years,17,11,6,5,4,1,0,0,0,1,0,1,11,7,4
EDWARDS COUNTY,137,31 Years,15,9,6,5,3,2,0,0,0,0,0,0,10,6,4
EDWARDS COUNTY,137,32 Years,14,6,8,5,3,2,0,0,0,0,0,0,9,3,6
EDWARDS COUNTY,137,33 Years,19,8,11,4,0,4,0,0,0,0,0,0,15,8,7
EDWARDS COUNTY,137,34 Years,17,7,10,5,3,2,0,0,0,0,0,0,12,4,8
EDWARDS COUNTY,137,35 Years,16,9,7,7,5,2,0,0,0,0,0,0,9,4,5
EDWARDS COUNTY,137,36 Years,12,8,4,7,4,3,0,0,0,0,0,0,5,4,1
EDWARDS COUNTY,137,37 Years,11,5,6,6,2,4,0,0,0,0,0,0,5,3,2
EDWARDS COUNTY,137,38 Years,11,4,7,4,1,3,0,0,0,0,0,0,7,3,4
EDWARDS COUNTY,137,39 Years,15,7,8,4,3,1,0,0,0,0,0,0,11,4,7
EDWARDS COUNTY,137,40 Years,17,7,10,7,3,4,0,0,0,0,0,0,10,4,6
EDWARDS COUNTY,137,41 Years,20,7,13,8,4,4,0,0,0,0,0,0,12,3,9
EDWARDS COUNTY,137,42 Years,19,12,7,7,3,4,0,0,0,1,1,0,11,8,3
EDWARDS COUNTY,137,43 Years,21,10,11,9,2,7,0,0,0,0,0,0,12,8,4
EDWARDS COUNTY,137,44 Years,21,11,10,12,5,7,0,0,0,0,0,0,9,6,3
EDWARDS COUNTY,137,45 Years,19,8,11,10,4,6,0,0,0,1,1,0,8,3,5
EDWARDS COUNTY,137,46 Years,15,4,11,5,2,3,0,0,0,0,0,0,10,2,8
EDWARDS COUNTY,137,47 Years,18,9,9,7,3,4,0,0,0,1,1,0,10,5,5
EDWARDS COUNTY,137,48 Years,23,10,13,12,3,9,0,0,0,0,0,0,11,7,4
EDWARDS COUNTY,137,49 Years,34,20,14,14,8,6,0,0,0,1,0,1,19,12,7
EDWARDS COUNTY,137,50 Years,30,13,17,11,5,6,0,0,0,1,0,1,18,8,10
EDWARDS COUNTY,137,51 Years,27,11,16,10,5,5,0,0,0,0,0,0,17,6,11
EDWARDS COUNTY,137,52 Years,22,11,11,8,3,5,0,0,0,0,0,0,14,8,6
EDWARDS COUNTY,137,53 Years,26,13,13,12,6,6,0,0,0,0,0,0,14,7,7
EDWARDS COUNTY,137,54 Years,24,14,10,13,9,4,1,0,1,1,0,1,9,5,4
EDWARDS COUNTY,137,55 Years,25,14,11,12,6,6,0,0,0,1,0,1,12,8,4
EDWARDS COUNTY,137,56 Years,28,11,17,15,5,10,0,0,0,0,0,0,13,6,7
EDWARDS COUNTY,137,57 Years,27,12,15,17,6,11,1,1,0,0,0,0,9,5,4
EDWARDS COUNTY,137,58 Years,28,13,15,13,7,6,0,0,0,0,0,0,15,6,9
EDWARDS COUNTY,137,59 Years,30,14,16,18,8,10,0,0,0,1,0,1,11,6,5
EDWARDS COUNTY,137,60 Years,37,21,16,25,12,13,0,0,0,1,0,1,11,9,2
EDWARDS COUNTY,137,61 Years,33,16,17,22,10,12,0,0,0,1,0,1,10,6,4
EDWARDS COUNTY,137,62 Years,36,21,15,25,15,10,0,0,0,1,0,1,10,6,4
EDWARDS COUNTY,137,63 Years,30,13,17,17,8,9,0,0,0,0,0,0,13,5,8
EDWARDS COUNTY,137,64 Years,22,11,11,12,6,6,0,0,0,0,0,0,10,5,5
EDWARDS COUNTY,137,65 Years,35,26,9,23,19,4,0,0,0,0,0,0,12,7,5
EDWARDS COUNTY,137,66 Years,33,22,11,20,14,6,0,0,0,1,1,0,12,7,5
EDWARDS COUNTY,137,67 Years,25,14,11,15,9,6,0,0,0,0,0,0,10,5,5
EDWARDS COUNTY,137,68 Years,31,15,16,20,12,8,0,0,0,0,0,0,11,3,8
EDWARDS COUNTY,137,69 Years,33,16,17,24,12,12,0,0,0,0,0,0,9,4,5
EDWARDS COUNTY,137,70 Years,27,15,12,19,11,8,0,0,0,0,0,0,8,4,4
EDWARDS COUNTY,137,71 Years,31,18,13,23,14,9,0,0,0,0,0,0,8,4,4
EDWARDS COUNTY,137,72 Years,26,9,17,18,7,11,0,0,0,1,0,1,7,2,5
EDWARDS COUNTY,137,73 Years,21,10,11,15,7,8,0,0,0,0,0,0,6,3,3
EDWARDS COUNTY,137,74 Years,24,14,10,18,11,7,0,0,0,0,0,0,6,3,3
EDWARDS COUNTY,137,75 Years,17,10,7,13,6,7,0,0,0,0,0,0,4,4,0
EDWARDS COUNTY,137,76 Years,15,8,7,8,5,3,0,0,0,0,0,0,7,3,4
EDWARDS COUNTY,137,77 Years,13,7,6,8,4,4,0,0,0,0,0,0,5,3,2
EDWARDS COUNTY,137,78 Years,16,8,8,12,5,7,1,1,0,0,0,0,3,2,1
EDWARDS COUNTY,137,79 Years,12,7,5,8,4,4,0,0,0,0,0,0,4,3,1
EDWARDS COUNTY,137,80 Years,17,7,10,12,5,7,0,0,0,0,0,0,5,2,3
EDWARDS COUNTY,137,81 Years,15,5,10,11,3,8,0,0,0,0,0,0,4,2,2
EDWARDS COUNTY,137,82 Years,13,6,7,9,4,5,0,0,0,0,0,0,4,2,2
EDWARDS COUNTY,137,83 Years,15,9,6,10,5,5,0,0,0,0,0,0,5,4,1
EDWARDS COUNTY,137,84 Years,11,5,6,6,3,3,0,0,0,0,0,0,5,2,3
EDWARDS COUNTY,137,85 Years +,42,20,22,29,13,16,1,1,0,0,0,0,12,6,6
ELLIS COUNTY,139,All Ages,155939,76791,79148,98855,48104,50751,14047,6802,7245,3762,1776,1986,39275,20109,19166
ELLIS COUNTY,139,< 1 Year,2021,1022,999,1097,555,542,182,92,90,50,25,25,692,350,342
ELLIS COUNTY,139,1 Years,1994,1018,976,1082,552,530,184,94,90,40,21,19,688,351,337
ELLIS COUNTY,139,2 Years,1955,996,959,1081,550,531,176,90,86,40,21,19,658,335,323
ELLIS COUNTY,139,3 Years,1985,1035,950,1076,559,517,166,85,81,56,28,28,687,363,324
ELLIS COUNTY,139,4 Years,2034,1068,966,1055,553,502,183,93,90,74,41,33,722,381,341
ELLIS COUNTY,139,5 Years,2147,1123,1024,1106,573,533,197,98,99,88,48,40,756,404,352
ELLIS COUNTY,139,6 Years,2226,1155,1071,1144,592,552,201,108,93,87,44,43,794,411,383
ELLIS COUNTY,139,7 Years,2308,1171,1137,1185,579,606,225,116,109,84,34,50,814,442,372
ELLIS COUNTY,139,8 Years,2332,1185,1147,1217,606,611,205,105,100,87,36,51,823,438,385
ELLIS COUNTY,139,9 Years,2346,1186,1160,1217,619,598,200,101,99,82,35,47,847,431,416
ELLIS COUNTY,139,10 Years,2498,1283,1215,1300,677,623,227,106,121,89,41,48,882,459,423
ELLIS COUNTY,139,11 Years,2613,1363,1250,1381,733,648,247,113,134,81,41,40,904,476,428
ELLIS COUNTY,139,12 Years,2630,1367,1263,1391,719,672,266,139,127,80,44,36,893,465,428
ELLIS COUNTY,139,13 Years,2705,1423,1282,1431,742,689,268,138,130,85,40,45,921,503,418
ELLIS COUNTY,139,14 Years,2714,1411,1303,1467,761,706,281,142,139,96,52,44,870,456,414
ELLIS COUNTY,139,15 Years,2724,1417,1307,1462,759,703,274,144,130,98,56,42,890,458,432
ELLIS COUNTY,139,16 Years,2752,1420,1332,1507,772,735,275,143,132,94,50,44,876,455,421
ELLIS COUNTY,139,17 Years,2786,1448,1338,1542,797,745,295,159,136,90,45,45,859,447,412
ELLIS COUNTY,139,18 Years,2627,1337,1290,1454,741,713,260,142,118,78,40,38,835,414,421
ELLIS COUNTY,139,19 Years,2386,1219,1167,1307,665,642,235,135,100,70,33,37,774,386,388
ELLIS COUNTY,139,20 Years,2276,1153,1123,1215,618,597,254,127,127,71,36,35,736,372,364
ELLIS COUNTY,139,21 Years,2146,1091,1055,1133,573,560,251,130,121,64,34,30,698,354,344
ELLIS COUNTY,139,22 Years,2045,1017,1028,1079,546,533,228,117,111,53,26,27,685,328,357
ELLIS COUNTY,139,23 Years,1948,982,966,1021,506,515,202,104,98,49,29,20,676,343,333
ELLIS COUNTY,139,24 Years,1850,966,884,998,492,506,170,93,77,52,32,20,630,349,281
ELLIS COUNTY,139,25 Years,1746,916,830,991,488,503,157,94,63,47,24,23,551,310,241
ELLIS COUNTY,139,26 Years,1716,858,858,993,480,513,167,80,87,33,13,20,523,285,238
ELLIS COUNTY,139,27 Years,1710,858,852,1035,500,535,139,70,69,25,12,13,511,276,235
ELLIS COUNTY,139,28 Years,1703,816,887,1019,465,554,146,76,70,25,12,13,513,263,250
ELLIS COUNTY,139,29 Years,1735,824,911,1025,471,554,128,66,62,34,13,21,548,274,274
ELLIS COUNTY,139,30 Years,1785,864,921,1057,496,561,109,51,58,40,18,22,579,299,280
ELLIS COUNTY,139,31 Years,1859,851,1008,1094,490,604,118,48,70,38,18,20,609,295,314
ELLIS COUNTY,139,32 Years,1931,907,1024,1147,534,613,129,61,68,42,18,24,613,294,319
ELLIS COUNTY,139,33 Years,1931,943,988,1156,563,593,150,67,83,36,20,16,589,293,296
ELLIS COUNTY,139,34 Years,1928,934,994,1162,542,620,169,77,92,36,15,21,561,300,261
ELLIS COUNTY,139,35 Years,1978,957,1021,1187,564,623,179,84,95,36,11,25,576,298,278
ELLIS COUNTY,139,36 Years,2052,967,1085,1238,589,649,181,84,97,35,18,17,598,276,322
ELLIS COUNTY,139,37 Years,2098,1001,1097,1262,619,643,174,78,96,47,20,27,615,284,331
ELLIS COUNTY,139,38 Years,2112,996,1116,1287,610,677,171,73,98,46,16,30,608,297,311
ELLIS COUNTY,139,39 Years,2083,945,1138,1256,568,688,198,81,117,47,24,23,582,272,310
ELLIS COUNTY,139,40 Years,2123,1011,1112,1306,624,682,216,93,123,52,22,30,549,272,277
ELLIS COUNTY,139,41 Years,2213,1067,1146,1411,697,714,213,86,127,48,21,27,541,263,278
ELLIS COUNTY,139,42 Years,2397,1208,1189,1554,795,759,225,100,125,51,23,28,567,290,277
ELLIS COUNTY,139,43 Years,2353,1152,1201,1529,751,778,214,99,115,54,24,30,556,278,278
ELLIS COUNTY,139,44 Years,2191,1082,1109,1410,690,720,208,107,101,55,27,28,518,258,260
ELLIS COUNTY,139,45 Years,2147,1072,1075,1337,672,665,202,100,102,62,28,34,546,272,274
ELLIS COUNTY,139,46 Years,2137,1049,1088,1366,675,691,197,90,107,50,22,28,524,262,262
ELLIS COUNTY,139,47 Years,2138,1043,1095,1371,667,704,230,100,130,43,16,27,494,260,234
ELLIS COUNTY,139,48 Years,2188,1092,1096,1455,725,730,224,110,114,48,18,30,461,239,222
ELLIS COUNTY,139,49 Years,2219,1114,1105,1562,779,783,204,106,98,54,25,29,399,204,195
ELLIS COUNTY,139,50 Years,2242,1116,1126,1578,783,795,211,103,108,51,24,27,402,206,196
ELLIS COUNTY,139,51 Years,2321,1114,1207,1657,783,874,204,86,118,40,20,20,420,225,195
ELLIS COUNTY,139,52 Years,2300,1101,1199,1695,799,896,192,88,104,45,19,26,368,195,173
ELLIS COUNTY,139,53 Years,2308,1112,1196,1723,822,901,188,87,101,48,19,29,349,184,165
ELLIS COUNTY,139,54 Years,2128,1038,1090,1585,755,830,193,88,105,43,16,27,307,179,128
ELLIS COUNTY,139,55 Years,2175,1061,1114,1625,786,839,192,92,100,46,18,28,312,165,147
ELLIS COUNTY,139,56 Years,2126,1059,1067,1588,780,808,192,101,91,44,23,21,302,155,147
ELLIS COUNTY,139,57 Years,2069,1062,1007,1558,802,756,191,93,98,35,18,17,285,149,136
ELLIS COUNTY,139,58 Years,2000,1004,996,1497,747,750,196,97,99,31,14,17,276,146,130
ELLIS COUNTY,139,59 Years,1905,938,967,1459,717,742,173,82,91,37,18,19,236,121,115
ELLIS COUNTY,139,60 Years,1750,850,900,1331,638,693,159,75,84,37,17,20,223,120,103
ELLIS COUNTY,139,61 Years,1657,808,849,1261,612,649,156,75,81,34,14,20,206,107,99
ELLIS COUNTY,139,62 Years,1628,775,853,1245,598,647,143,62,81,32,13,19,208,102,106
ELLIS COUNTY,139,63 Years,1569,761,808,1175,572,603,152,68,84,34,14,20,208,107,101
ELLIS COUNTY,139,64 Years,1511,723,788,1172,564,608,135,68,67,24,10,14,180,81,99
ELLIS COUNTY,139,65 Years,1522,729,793,1204,583,621,118,56,62,26,9,17,174,81,93
ELLIS COUNTY,139,66 Years,1505,717,788,1206,572,634,107,49,58,27,10,17,165,86,79
ELLIS COUNTY,139,67 Years,1201,575,626,940,446,494,102,47,55,23,10,13,136,72,64
ELLIS COUNTY,139,68 Years,1128,547,581,879,432,447,100,46,54,19,5,14,130,64,66
ELLIS COUNTY,139,69 Years,1108,546,562,889,437,452,84,43,41,21,9,12,114,57,57
ELLIS COUNTY,139,70 Years,1040,506,534,835,407,428,79,40,39,21,12,9,105,47,58
ELLIS COUNTY,139,71 Years,932,447,485,769,369,400,63,32,31,12,7,5,88,39,49
ELLIS COUNTY,139,72 Years,860,419,441,709,350,359,58,25,33,10,5,5,83,39,44
ELLIS COUNTY,139,73 Years,815,377,438,677,317,360,48,16,32,12,4,8,78,40,38
ELLIS COUNTY,139,74 Years,737,345,392,620,295,325,44,18,26,8,3,5,65,29,36
ELLIS COUNTY,139,75 Years,678,316,362,559,259,300,49,22,27,8,5,3,62,30,32
ELLIS COUNTY,139,76 Years,603,272,331,492,224,268,43,17,26,10,5,5,58,26,32
ELLIS COUNTY,139,77 Years,567,253,314,470,207,263,35,17,18,11,8,3,51,21,30
ELLIS COUNTY,139,78 Years,547,238,309,447,195,252,42,18,24,4,3,1,54,22,32
ELLIS COUNTY,139,79 Years,497,211,286,408,171,237,42,18,24,7,3,4,40,19,21
ELLIS COUNTY,139,80 Years,441,167,274,364,138,226,33,13,20,8,1,7,36,15,21
ELLIS COUNTY,139,81 Years,421,160,261,359,137,222,25,7,18,5,0,5,32,16,16
ELLIS COUNTY,139,82 Years,423,169,254,363,143,220,27,7,20,3,1,2,30,18,12
ELLIS COUNTY,139,83 Years,399,162,237,331,130,201,33,14,19,6,3,3,29,15,14
ELLIS COUNTY,139,84 Years,328,132,196,277,116,161,23,6,17,5,2,3,23,8,15
ELLIS COUNTY,139,85 Years +,1977,598,1379,1750,525,1225,115,31,84,13,4,9,99,38,61
EL PASO COUNTY,141,All Ages,829726,403359,426367,100689,53604,47085,20910,12096,8814,18406,8868,9538,689721,328791,360930
EL PASO COUNTY,141,< 1 Year,13923,7090,6833,1241,631,610,312,155,157,393,201,192,11977,6103,5874
EL PASO COUNTY,141,1 Years,13817,7039,6778,1193,607,586,300,153,147,290,147,143,12034,6132,5902
EL PASO COUNTY,141,2 Years,13552,6901,6651,1232,625,607,299,152,147,300,152,148,11721,5972,5749
EL PASO COUNTY,141,3 Years,12640,6440,6200,1209,622,587,287,154,133,347,174,173,10797,5490,5307
EL PASO COUNTY,141,4 Years,12472,6316,6156,1203,627,576,275,144,131,362,181,181,10632,5364,5268
EL PASO COUNTY,141,5 Years,12634,6372,6262,1188,600,588,309,177,132,375,190,185,10762,5405,5357
EL PASO COUNTY,141,6 Years,12642,6481,6161,1118,586,532,299,170,129,340,175,165,10885,5550,5335
EL PASO COUNTY,141,7 Years,12749,6527,6222,1049,538,511,293,153,140,329,163,166,11078,5673,5405
EL PASO COUNTY,141,8 Years,12822,6486,6336,1049,532,517,293,150,143,300,148,152,11180,5656,5524
EL PASO COUNTY,141,9 Years,12843,6497,6346,986,493,493,275,130,145,282,141,141,11300,5733,5567
EL PASO COUNTY,141,10 Years,13153,6726,6427,977,485,492,268,124,144,285,136,149,11623,5981,5642
EL PASO COUNTY,141,11 Years,13166,6687,6479,924,446,478,263,123,140,269,136,133,11710,5982,5728
EL PASO COUNTY,141,12 Years,13792,7075,6717,951,500,451,298,143,155,266,134,132,12277,6298,5979
EL PASO COUNTY,141,13 Years,13772,7090,6682,932,478,454,315,160,155,261,129,132,12264,6323,5941
EL PASO COUNTY,141,14 Years,13857,7114,6743,937,471,466,322,159,163,235,115,120,12363,6369,5994
EL PASO COUNTY,141,15 Years,13761,7016,6745,842,425,417,308,164,144,220,101,119,12391,6326,6065
EL PASO COUNTY,141,16 Years,13911,7134,6777,848,429,419,304,160,144,280,128,152,12479,6417,6062
EL PASO COUNTY,141,17 Years,14301,7476,6825,1001,538,463,312,169,143,245,119,126,12743,6650,6093
EL PASO COUNTY,141,18 Years,14105,7367,6738,974,536,438,311,170,141,232,113,119,12588,6548,6040
EL PASO COUNTY,141,19 Years,13838,7279,6559,1080,666,414,332,193,139,238,127,111,12188,6293,5895
EL PASO COUNTY,141,20 Years,14069,7393,6676,1239,731,508,369,228,141,232,127,105,12229,6307,5922
EL PASO COUNTY,141,21 Years,14136,7408,6728,1303,772,531,356,219,137,239,132,107,12238,6285,5953
EL PASO COUNTY,141,22 Years,14481,7499,6982,1558,877,681,373,236,137,299,168,131,12251,6218,6033
EL PASO COUNTY,141,23 Years,14203,7324,6879,1849,1038,811,379,238,141,336,199,137,11639,5849,5790
EL PASO COUNTY,141,24 Years,13685,7157,6528,2033,1209,824,416,261,155,324,177,147,10912,5510,5402
EL PASO COUNTY,141,25 Years,13183,6957,6226,1941,1196,745,409,268,141,300,166,134,10533,5327,5206
EL PASO COUNTY,141,26 Years,12313,6419,5894,1675,1062,613,356,229,127,329,176,153,9953,4952,5001
EL PASO COUNTY,141,27 Years,11987,6138,5849,1567,939,628,377,233,144,317,168,149,9726,4798,4928
EL PASO COUNTY,141,28 Years,11804,6008,5796,1503,895,608,367,251,116,348,197,151,9586,4665,4921
EL PASO COUNTY,141,29 Years,11253,5622,5631,1490,832,658,317,181,136,351,180,171,9095,4429,4666
EL PASO COUNTY,141,30 Years,10866,5295,5571,1456,821,635,295,167,128,331,159,172,8784,4148,4636
EL PASO COUNTY,141,31 Years,10568,5069,5499,1316,669,647,283,153,130,316,154,162,8653,4093,4560
EL PASO COUNTY,141,32 Years,10499,5111,5388,1237,660,577,313,181,132,288,131,157,8661,4139,4522
EL PASO COUNTY,141,33 Years,10167,4827,5340,1134,584,550,305,171,134,307,144,163,8421,3928,4493
EL PASO COUNTY,141,34 Years,9606,4516,5090,1081,579,502,290,174,116,302,154,148,7933,3609,4324
EL PASO COUNTY,141,35 Years,9710,4633,5077,1121,597,524,289,175,114,296,136,160,8004,3725,4279
EL PASO COUNTY,141,36 Years,9997,4772,5225,1069,569,500,277,175,102,294,136,158,8357,3892,4465
EL PASO COUNTY,141,37 Years,10211,4833,5378,1048,548,500,293,182,111,267,126,141,8603,3977,4626
EL PASO COUNTY,141,38 Years,10463,4970,5493,1070,591,479,264,166,98,251,125,126,8878,4088,4790
EL PASO COUNTY,141,39 Years,10512,4962,5550,1044,556,488,294,184,110,262,133,129,8912,4089,4823
EL PASO COUNTY,141,40 Years,10885,5064,5821,1061,575,486,312,188,124,268,128,140,9244,4173,5071
EL PASO COUNTY,141,41 Years,10878,5090,5788,1192,655,537,324,202,122,275,138,137,9087,4095,4992
EL PASO COUNTY,141,42 Years,10666,5057,5609,1249,704,545,325,200,125,261,126,135,8831,4027,4804
EL PASO COUNTY,141,43 Years,10676,5062,5614,1220,679,541,333,197,136,231,107,124,8892,4079,4813
EL PASO COUNTY,141,44 Years,10173,4833,5340,1188,668,520,309,188,121,224,105,119,8452,3872,4580
EL PASO COUNTY,141,45 Years,9958,4699,5259,1145,652,493,317,194,123,216,106,110,8280,3747,4533
EL PASO COUNTY,141,46 Years,9814,4571,5243,1184,676,508,333,207,126,193,98,95,8104,3590,4514
EL PASO COUNTY,141,47 Years,9966,4697,5269,1363,761,602,319,199,120,192,104,88,8092,3633,4459
EL PASO COUNTY,141,48 Years,10230,4794,5436,1364,770,594,330,202,128,207,105,102,8329,3717,4612
EL PASO COUNTY,141,49 Years,10148,4781,5367,1401,761,640,322,202,120,199,87,112,8226,3731,4495
EL PASO COUNTY,141,50 Years,10127,4748,5379,1345,726,619,281,167,114,201,91,110,8300,3764,4536
EL PASO COUNTY,141,51 Years,10312,4825,5487,1435,778,657,269,168,101,182,80,102,8426,3799,4627
EL PASO COUNTY,141,52 Years,10308,4808,5500,1451,777,674,244,157,87,168,70,98,8445,3804,4641
EL PASO COUNTY,141,53 Years,10377,4885,5492,1464,778,686,266,161,105,188,90,98,8459,3856,4603
EL PASO COUNTY,141,54 Years,9966,4649,5317,1449,761,688,288,173,115,196,88,108,8033,3627,4406
EL PASO COUNTY,141,55 Years,9848,4602,5246,1485,782,703,268,174,94,203,96,107,7892,3550,4342
EL PASO COUNTY,141,56 Years,9534,4414,5120,1486,783,703,260,169,91,215,103,112,7573,3359,4214
EL PASO COUNTY,141,57 Years,9398,4330,5068,1452,748,704,263,168,95,183,85,98,7500,3329,4171
EL PASO COUNTY,141,58 Years,8987,4133,4854,1430,738,692,243,139,104,207,90,117,7107,3166,3941
EL PASO COUNTY,141,59 Years,8521,3904,4617,1444,747,697,198,117,81,166,71,95,6713,2969,3744
EL PASO COUNTY,141,60 Years,8104,3688,4416,1453,747,706,186,109,77,168,72,96,6297,2760,3537
EL PASO COUNTY,141,61 Years,7608,3547,4061,1390,741,649,164,97,67,156,59,97,5898,2650,3248
EL PASO COUNTY,141,62 Years,7390,3449,3941,1296,696,600,150,91,59,135,57,78,5809,2605,3204
EL PASO COUNTY,141,63 Years,7104,3296,3808,1287,690,597,139,84,55,153,63,90,5525,2459,3066
EL PASO COUNTY,141,64 Years,6824,3139,3685,1280,679,601,124,79,45,157,66,91,5263,2315,2948
EL PASO COUNTY,141,65 Years,6673,3113,3560,1326,732,594,117,71,46,140,62,78,5090,2248,2842
EL PASO COUNTY,141,66 Years,6389,3006,3383,1350,760,590,117,63,54,137,61,76,4785,2122,2663
EL PASO COUNTY,141,67 Years,5489,2532,2957,1017,568,449,106,60,46,121,53,68,4245,1851,2394
EL PASO COUNTY,141,68 Years,5139,2323,2816,918,490,428,112,60,52,93,35,58,4016,1738,2278
EL PASO COUNTY,141,69 Years,4908,2174,2734,945,501,444,111,55,56,90,33,57,3762,1585,2177
EL PASO COUNTY,141,70 Years,4761,2116,2645,957,508,449,108,58,50,92,33,59,3604,1517,2087
EL PASO COUNTY,141,71 Years,4417,1934,2483,889,453,436,99,51,48,84,28,56,3345,1402,1943
EL PASO COUNTY,141,72 Years,4144,1741,2403,802,383,419,86,41,45,71,23,48,3185,1294,1891
EL PASO COUNTY,141,73 Years,4038,1722,2316,741,356,385,77,35,42,76,21,55,3144,1310,1834
EL PASO COUNTY,141,74 Years,3839,1625,2214,735,364,371,73,40,33,71,25,46,2960,1196,1764
EL PASO COUNTY,141,75 Years,3664,1573,2091,711,359,352,68,31,37,64,30,34,2821,1153,1668
EL PASO COUNTY,141,76 Years,3475,1467,2008,695,341,354,67,29,38,54,24,30,2659,1073,1586
EL PASO COUNTY,141,77 Years,3363,1402,1961,683,319,364,69,38,31,48,20,28,2563,1025,1538
EL PASO COUNTY,141,78 Years,3158,1294,1864,650,306,344,58,26,32,46,16,30,2404,946,1458
EL PASO COUNTY,141,79 Years,2977,1195,1782,632,282,350,73,36,37,42,13,29,2230,864,1366
EL PASO COUNTY,141,80 Years,2784,1108,1676,614,275,339,64,33,31,56,13,43,2050,787,1263
EL PASO COUNTY,141,81 Years,2691,1095,1596,578,277,301,66,32,34,51,16,35,1996,770,1226
EL PASO COUNTY,141,82 Years,2590,1026,1564,533,247,286,50,24,26,47,11,36,1960,744,1216
EL PASO COUNTY,141,83 Years,2513,937,1576,558,253,305,47,22,25,39,9,30,1869,653,1216
EL PASO COUNTY,141,84 Years,2215,873,1342,491,216,275,36,19,17,39,11,28,1649,627,1022
EL PASO COUNTY,141,85 Years +,11234,4012,7222,2682,982,1700,142,65,77,163,48,115,8247,2917,5330
ERATH COUNTY,143,All Ages,39862,19630,20232,30295,14617,15678,484,291,193,906,467,439,8177,4255,3922
ERATH COUNTY,143,< 1 Year,563,288,275,369,190,179,13,6,7,15,8,7,166,84,82
ERATH COUNTY,143,1 Years,583,299,284,378,193,185,16,8,8,12,7,5,177,91,86
ERATH COUNTY,143,2 Years,578,295,283,380,194,186,15,8,7,13,6,7,170,87,83
ERATH COUNTY,143,3 Years,518,273,245,323,169,154,8,5,3,15,8,7,172,91,81
ERATH COUNTY,143,4 Years,506,259,247,318,160,158,5,3,2,14,9,5,169,87,82
ERATH COUNTY,143,5 Years,501,266,235,317,166,151,3,3,0,13,8,5,168,89,79
ERATH COUNTY,143,6 Years,498,259,239,305,155,150,3,2,1,15,9,6,175,93,82
ERATH COUNTY,143,7 Years,500,256,244,293,151,142,3,1,2,20,8,12,184,96,88
ERATH COUNTY,143,8 Years,488,260,228,302,168,134,4,1,3,20,9,11,162,82,80
ERATH COUNTY,143,9 Years,504,263,241,305,153,152,6,3,3,22,13,9,171,94,77
ERATH COUNTY,143,10 Years,511,253,258,311,151,160,7,3,4,15,9,6,178,90,88
ERATH COUNTY,143,11 Years,460,230,230,287,145,142,3,1,2,9,6,3,161,78,83
ERATH COUNTY,143,12 Years,476,229,247,320,156,164,4,1,3,10,6,4,142,66,76
ERATH COUNTY,143,13 Years,475,239,236,303,155,148,2,1,1,10,7,3,160,76,84
ERATH COUNTY,143,14 Years,475,249,226,307,163,144,4,3,1,11,5,6,153,78,75
ERATH COUNTY,143,15 Years,438,230,208,288,147,141,4,3,1,10,6,4,136,74,62
ERATH COUNTY,143,16 Years,457,223,234,293,148,145,5,3,2,12,4,8,147,68,79
ERATH COUNTY,143,17 Years,476,230,246,304,156,148,4,2,2,12,5,7,156,67,89
ERATH COUNTY,143,18 Years,777,353,424,557,245,312,26,12,14,12,5,7,182,91,91
ERATH COUNTY,143,19 Years,1319,603,716,1012,451,561,34,17,17,21,11,10,252,124,128
ERATH COUNTY,143,20 Years,1201,533,668,928,398,530,27,12,15,20,7,13,226,116,110
ERATH COUNTY,143,21 Years,1194,554,640,912,402,510,38,23,15,21,10,11,223,119,104
ERATH COUNTY,143,22 Years,1170,540,630,865,387,478,45,31,14,27,13,14,233,109,124
ERATH COUNTY,143,23 Years,951,414,537,682,281,401,28,21,7,21,12,9,220,100,120
ERATH COUNTY,143,24 Years,850,441,409,626,316,310,21,16,5,30,19,11,173,90,83
ERATH COUNTY,143,25 Years,720,392,328,512,273,239,24,16,8,23,14,9,161,89,72
ERATH COUNTY,143,26 Years,685,391,294,524,291,233,12,9,3,17,13,4,132,78,54
ERATH COUNTY,143,27 Years,564,307,257,405,211,194,7,6,1,15,8,7,137,82,55
ERATH COUNTY,143,28 Years,584,305,279,434,231,203,8,4,4,10,5,5,132,65,67
ERATH COUNTY,143,29 Years,485,237,248,354,172,182,6,4,2,11,5,6,114,56,58
ERATH COUNTY,143,30 Years,483,245,238,356,180,176,5,2,3,11,3,8,111,60,51
ERATH COUNTY,143,31 Years,494,270,224,354,201,153,2,1,1,8,4,4,130,64,66
ERATH COUNTY,143,32 Years,417,234,183,301,165,136,3,2,1,5,3,2,108,64,44
ERATH COUNTY,143,33 Years,434,214,220,307,148,159,2,1,1,10,4,6,115,61,54
ERATH COUNTY,143,34 Years,339,157,182,241,111,130,5,4,1,9,4,5,84,38,46
ERATH COUNTY,143,35 Years,355,188,167,256,136,120,3,3,0,9,4,5,87,45,42
ERATH COUNTY,143,36 Years,370,198,172,280,149,131,5,4,1,8,2,6,77,43,34
ERATH COUNTY,143,37 Years,379,195,184,281,142,139,2,1,1,10,3,7,86,49,37
ERATH COUNTY,143,38 Years,383,201,182,289,146,143,1,0,1,7,3,4,86,52,34
ERATH COUNTY,143,39 Years,390,202,188,287,148,139,5,3,2,13,5,8,85,46,39
ERATH COUNTY,143,40 Years,382,182,200,283,140,143,5,3,2,11,3,8,83,36,47
ERATH COUNTY,143,41 Years,413,192,221,311,153,158,3,1,2,7,3,4,92,35,57
ERATH COUNTY,143,42 Years,413,197,216,313,153,160,1,0,1,8,5,3,91,39,52
ERATH COUNTY,143,43 Years,445,224,221,320,161,159,4,2,2,13,9,4,108,52,56
ERATH COUNTY,143,44 Years,409,204,205,308,152,156,2,1,1,8,3,5,91,48,43
ERATH COUNTY,143,45 Years,429,221,208,317,156,161,5,3,2,9,4,5,98,58,40
ERATH COUNTY,143,46 Years,388,198,190,292,141,151,2,2,0,6,3,3,88,52,36
ERATH COUNTY,143,47 Years,398,188,210,286,128,158,4,2,2,9,6,3,99,52,47
ERATH COUNTY,143,48 Years,466,231,235,343,163,180,4,1,3,13,6,7,106,61,45
ERATH COUNTY,143,49 Years,473,234,239,367,171,196,5,4,1,9,4,5,92,55,37
ERATH COUNTY,143,50 Years,487,247,240,382,185,197,2,2,0,13,7,6,90,53,37
ERATH COUNTY,143,51 Years,512,255,257,401,197,204,7,4,3,13,6,7,91,48,43
ERATH COUNTY,143,52 Years,488,237,251,400,193,207,2,1,1,8,4,4,78,39,39
ERATH COUNTY,143,53 Years,477,250,227,396,203,193,2,2,0,11,5,6,68,40,28
ERATH COUNTY,143,54 Years,472,239,233,401,196,205,1,1,0,10,6,4,60,36,24
ERATH COUNTY,143,55 Years,419,212,207,350,170,180,0,0,0,8,3,5,61,39,22
ERATH COUNTY,143,56 Years,439,232,207,361,183,178,1,1,0,8,5,3,69,43,26
ERATH COUNTY,143,57 Years,423,213,210,360,174,186,1,1,0,7,5,2,55,33,22
ERATH COUNTY,143,58 Years,420,232,188,361,190,171,0,0,0,13,10,3,46,32,14
ERATH COUNTY,143,59 Years,426,216,210,365,179,186,1,1,0,15,10,5,45,26,19
ERATH COUNTY,143,60 Years,434,189,245,377,162,215,2,1,1,11,6,5,44,20,24
ERATH COUNTY,143,61 Years,412,194,218,369,172,197,3,2,1,7,4,3,33,16,17
ERATH COUNTY,143,62 Years,400,194,206,352,165,187,2,2,0,11,6,5,35,21,14
ERATH COUNTY,143,63 Years,412,201,211,357,171,186,1,1,0,17,7,10,37,22,15
ERATH COUNTY,143,64 Years,391,197,194,348,172,176,0,0,0,12,4,8,31,21,10
ERATH COUNTY,143,65 Years,405,204,201,359,180,179,0,0,0,11,5,6,35,19,16
ERATH COUNTY,143,66 Years,404,193,211,373,176,197,1,1,0,7,4,3,23,12,11
ERATH COUNTY,143,67 Years,337,162,175,299,141,158,1,1,0,8,6,2,29,14,15
ERATH COUNTY,143,68 Years,330,163,167,301,147,154,0,0,0,6,3,3,23,13,10
ERATH COUNTY,143,69 Years,338,173,165,316,159,157,1,1,0,2,1,1,19,12,7
ERATH COUNTY,143,70 Years,312,154,158,289,139,150,0,0,0,5,4,1,18,11,7
ERATH COUNTY,143,71 Years,278,132,146,263,123,140,0,0,0,3,3,0,12,6,6
ERATH COUNTY,143,72 Years,272,134,138,254,124,130,0,0,0,3,1,2,15,9,6
ERATH COUNTY,143,73 Years,238,118,120,225,111,114,0,0,0,6,3,3,7,4,3
ERATH COUNTY,143,74 Years,210,100,110,195,92,103,1,0,1,2,1,1,12,7,5
ERATH COUNTY,143,75 Years,217,101,116,200,92,108,2,1,1,3,1,2,12,7,5
ERATH COUNTY,143,76 Years,194,85,109,179,80,99,0,0,0,2,1,1,13,4,9
ERATH COUNTY,143,77 Years,194,91,103,187,88,99,0,0,0,1,0,1,6,3,3
ERATH COUNTY,143,78 Years,181,81,100,171,79,92,0,0,0,2,0,2,8,2,6
ERATH COUNTY,143,79 Years,168,64,104,159,61,98,0,0,0,3,1,2,6,2,4
ERATH COUNTY,143,80 Years,165,65,100,158,63,95,0,0,0,2,1,1,5,1,4
ERATH COUNTY,143,81 Years,156,69,87,148,64,84,0,0,0,3,2,1,5,3,2
ERATH COUNTY,143,82 Years,146,62,84,140,58,82,0,0,0,2,1,1,4,3,1
ERATH COUNTY,143,83 Years,121,48,73,118,46,72,0,0,0,1,1,0,2,1,1
ERATH COUNTY,143,84 Years,123,43,80,117,41,76,0,0,0,0,0,0,6,2,4
ERATH COUNTY,143,85 Years +,694,234,460,658,219,439,0,0,0,11,4,7,25,11,14
FALLS COUNTY,145,All Ages,17493,8356,9137,8972,4268,4704,4396,1911,2485,309,158,151,3816,2019,1797
FALLS COUNTY,145,< 1 Year,199,104,95,74,38,36,63,34,29,5,3,2,57,29,28
FALLS COUNTY,145,1 Years,201,104,97,77,40,37,62,32,30,4,2,2,58,30,28
FALLS COUNTY,145,2 Years,201,102,99,78,40,38,61,31,30,4,2,2,58,29,29
FALLS COUNTY,145,3 Years,206,104,102,71,34,37,62,34,28,10,2,8,63,34,29
FALLS COUNTY,145,4 Years,188,101,87,64,33,31,59,33,26,8,4,4,57,31,26
FALLS COUNTY,145,5 Years,201,98,103,74,34,40,55,29,26,8,4,4,64,31,33
FALLS COUNTY,145,6 Years,207,111,96,70,37,33,55,27,28,5,2,3,77,45,32
FALLS COUNTY,145,7 Years,219,112,107,82,42,40,52,24,28,5,4,1,80,42,38
FALLS COUNTY,145,8 Years,202,106,96,77,38,39,44,21,23,9,7,2,72,40,32
FALLS COUNTY,145,9 Years,214,120,94,77,47,30,55,26,29,7,6,1,75,41,34
FALLS COUNTY,145,10 Years,201,109,92,81,44,37,46,27,19,5,4,1,69,34,35
FALLS COUNTY,145,11 Years,200,108,92,82,45,37,40,23,17,7,4,3,71,36,35
FALLS COUNTY,145,12 Years,205,105,100,85,51,34,49,19,30,5,2,3,66,33,33
FALLS COUNTY,145,13 Years,215,113,102,90,48,42,50,24,26,5,1,4,70,40,30
FALLS COUNTY,145,14 Years,202,100,102,83,42,41,53,27,26,5,3,2,61,28,33
FALLS COUNTY,145,15 Years,200,110,90,84,47,37,53,28,25,7,6,1,56,29,27
FALLS COUNTY,145,16 Years,201,109,92,81,46,35,49,25,24,8,3,5,63,35,28
FALLS COUNTY,145,17 Years,204,110,94,72,38,34,58,28,30,8,3,5,66,41,25
FALLS COUNTY,145,18 Years,204,112,92,77,39,38,64,34,30,5,3,2,58,36,22
FALLS COUNTY,145,19 Years,193,98,95,76,40,36,60,26,34,8,5,3,49,27,22
FALLS COUNTY,145,20 Years,230,119,111,80,40,40,83,40,43,8,5,3,59,34,25
FALLS COUNTY,145,21 Years,239,126,113,82,42,40,86,41,45,4,1,3,67,42,25
FALLS COUNTY,145,22 Years,245,134,111,82,39,43,85,44,41,3,0,3,75,51,24
FALLS COUNTY,145,23 Years,268,137,131,90,46,44,89,42,47,3,1,2,86,48,38
FALLS COUNTY,145,24 Years,260,134,126,105,55,50,81,35,46,1,1,0,73,43,30
FALLS COUNTY,145,25 Years,245,123,122,89,46,43,81,36,45,1,1,0,74,40,34
FALLS COUNTY,145,26 Years,238,113,125,96,46,50,78,35,43,1,0,1,63,32,31
FALLS COUNTY,145,27 Years,229,105,124,78,34,44,70,30,40,4,3,1,77,38,39
FALLS COUNTY,145,28 Years,236,114,122,98,45,53,65,30,35,2,1,1,71,38,33
FALLS COUNTY,145,29 Years,206,98,108,91,42,49,54,24,30,2,1,1,59,31,28
FALLS COUNTY,145,30 Years,224,99,125,98,39,59,64,27,37,3,1,2,59,32,27
FALLS COUNTY,145,31 Years,218,94,124,89,37,52,68,26,42,2,0,2,59,31,28
FALLS COUNTY,145,32 Years,237,96,141,102,37,65,70,28,42,3,2,1,62,29,33
FALLS COUNTY,145,33 Years,218,94,124,103,41,62,52,21,31,3,3,0,60,29,31
FALLS COUNTY,145,34 Years,229,106,123,111,49,62,57,22,35,2,2,0,59,33,26
FALLS COUNTY,145,35 Years,196,73,123,96,38,58,44,13,31,4,1,3,52,21,31
FALLS COUNTY,145,36 Years,207,84,123,93,37,56,57,21,36,5,2,3,52,24,28
FALLS COUNTY,145,37 Years,198,76,122,89,39,50,47,12,35,3,0,3,59,25,34
FALLS COUNTY,145,38 Years,207,80,127,87,33,54,58,15,43,2,0,2,60,32,28
FALLS COUNTY,145,39 Years,201,84,117,87,39,48,53,16,37,3,1,2,58,28,30
FALLS COUNTY,145,40 Years,204,86,118,100,42,58,51,19,32,2,1,1,51,24,27
FALLS COUNTY,145,41 Years,197,79,118,98,40,58,57,22,35,5,1,4,37,16,21
FALLS COUNTY,145,42 Years,226,97,129,107,42,65,59,22,37,3,2,1,57,31,26
FALLS COUNTY,145,43 Years,233,106,127,109,49,60,66,25,41,2,1,1,56,31,25
FALLS COUNTY,145,44 Years,222,96,126,119,53,66,55,16,39,1,1,0,47,26,21
FALLS COUNTY,145,45 Years,228,97,131,122,50,72,61,22,39,4,2,2,41,23,18
FALLS COUNTY,145,46 Years,252,104,148,117,48,69,78,24,54,2,1,1,55,31,24
FALLS COUNTY,145,47 Years,254,117,137,131,56,75,70,31,39,1,0,1,52,30,22
FALLS COUNTY,145,48 Years,272,121,151,141,65,76,75,30,45,5,3,2,51,23,28
FALLS COUNTY,145,49 Years,281,134,147,154,74,80,81,39,42,3,1,2,43,20,23
FALLS COUNTY,145,50 Years,271,117,154,153,65,88,72,30,42,2,0,2,44,22,22
FALLS COUNTY,145,51 Years,255,121,134,150,72,78,60,23,37,4,2,2,41,24,17
FALLS COUNTY,145,52 Years,236,113,123,151,76,75,49,17,32,2,0,2,34,20,14
FALLS COUNTY,145,53 Years,256,127,129,164,77,87,50,23,27,3,3,0,39,24,15
FALLS COUNTY,145,54 Years,228,106,122,151,72,79,46,17,29,3,1,2,28,16,12
FALLS COUNTY,145,55 Years,255,120,135,164,83,81,52,20,32,4,2,2,35,15,20
FALLS COUNTY,145,56 Years,247,118,129,146,73,73,60,28,32,2,1,1,39,16,23
FALLS COUNTY,145,57 Years,246,122,124,146,75,71,64,33,31,4,3,1,32,11,21
FALLS COUNTY,145,58 Years,247,126,121,152,71,81,53,30,23,4,2,2,38,23,15
FALLS COUNTY,145,59 Years,246,128,118,157,78,79,55,29,26,3,1,2,31,20,11
FALLS COUNTY,145,60 Years,229,118,111,148,78,70,55,25,30,2,0,2,24,15,9
FALLS COUNTY,145,61 Years,214,98,116,148,70,78,43,17,26,1,0,1,22,11,11
FALLS COUNTY,145,62 Years,217,113,104,140,72,68,43,22,21,3,3,0,31,16,15
FALLS COUNTY,145,63 Years,213,109,104,145,71,74,38,20,18,2,1,1,28,17,11
FALLS COUNTY,145,64 Years,208,104,104,145,75,70,37,16,21,4,3,1,22,10,12
FALLS COUNTY,145,65 Years,197,93,104,144,74,70,32,10,22,2,1,1,19,8,11
FALLS COUNTY,145,66 Years,186,89,97,133,67,66,34,12,22,3,1,2,16,9,7
FALLS COUNTY,145,67 Years,169,84,85,111,54,57,33,16,17,2,2,0,23,12,11
FALLS COUNTY,145,68 Years,166,74,92,122,57,65,28,10,18,2,1,1,14,6,8
FALLS COUNTY,145,69 Years,162,80,82,113,58,55,25,8,17,6,3,3,18,11,7
FALLS COUNTY,145,70 Years,158,86,72,111,60,51,27,13,14,5,4,1,15,9,6
FALLS COUNTY,145,71 Years,160,74,86,112,52,60,26,11,15,5,3,2,17,8,9
FALLS COUNTY,145,72 Years,163,71,92,124,53,71,25,12,13,4,1,3,10,5,5
FALLS COUNTY,145,73 Years,128,67,61,87,44,43,30,15,15,1,1,0,10,7,3
FALLS COUNTY,145,74 Years,136,65,71,99,48,51,22,9,13,6,3,3,9,5,4
FALLS COUNTY,145,75 Years,122,55,67,88,39,49,20,10,10,3,0,3,11,6,5
FALLS COUNTY,145,76 Years,118,57,61,86,41,45,18,6,12,1,1,0,13,9,4
FALLS COUNTY,145,77 Years,109,53,56,82,42,40,18,6,12,2,1,1,7,4,3
FALLS COUNTY,145,78 Years,99,45,54,72,36,36,19,7,12,1,0,1,7,2,5
FALLS COUNTY,145,79 Years,100,42,58,69,31,38,22,7,15,1,0,1,8,4,4
FALLS COUNTY,145,80 Years,99,48,51,69,34,35,18,7,11,1,1,0,11,6,5
FALLS COUNTY,145,81 Years,89,43,46,65,32,33,16,6,10,1,1,0,7,4,3
FALLS COUNTY,145,82 Years,87,31,56,61,24,37,19,4,15,1,1,0,6,2,4
FALLS COUNTY,145,83 Years,81,31,50,60,26,34,12,2,10,1,1,0,8,2,6
FALLS COUNTY,145,84 Years,56,23,33,40,19,21,10,2,8,1,1,0,5,1,4
FALLS COUNTY,145,85 Years +,377,143,234,265,103,162,80,28,52,2,0,2,30,12,18
FANNIN COUNTY,147,All Ages,34526,18308,16218,27632,14056,13576,2289,1566,723,1045,508,537,3560,2178,1382
FANNIN COUNTY,147,< 1 Year,358,182,176,272,136,136,18,10,8,12,6,6,56,30,26
FANNIN COUNTY,147,1 Years,368,189,179,285,146,139,18,10,8,10,5,5,55,28,27
FANNIN COUNTY,147,2 Years,367,188,179,285,146,139,17,9,8,11,6,5,54,27,27
FANNIN COUNTY,147,3 Years,374,193,181,271,145,126,18,7,11,20,12,8,65,29,36
FANNIN COUNTY,147,4 Years,404,211,193,291,155,136,15,6,9,34,17,17,64,33,31
FANNIN COUNTY,147,5 Years,383,191,192,274,137,137,12,7,5,29,12,17,68,35,33
FANNIN COUNTY,147,6 Years,415,221,194,294,151,143,16,11,5,26,17,9,79,42,37
FANNIN COUNTY,147,7 Years,428,218,210,316,161,155,16,9,7,27,12,15,69,36,33
FANNIN COUNTY,147,8 Years,441,228,213,332,171,161,24,13,11,21,10,11,64,34,30
FANNIN COUNTY,147,9 Years,434,225,209,316,165,151,23,14,9,25,11,14,70,35,35
FANNIN COUNTY,147,10 Years,429,220,209,317,163,154,26,11,15,20,9,11,66,37,29
FANNIN COUNTY,147,11 Years,412,210,202,300,147,153,26,14,12,21,10,11,65,39,26
FANNIN COUNTY,147,12 Years,424,218,206,309,156,153,23,12,11,20,10,10,72,40,32
FANNIN COUNTY,147,13 Years,460,241,219,343,175,168,21,11,10,22,12,10,74,43,31
FANNIN COUNTY,147,14 Years,416,212,204,317,159,158,21,13,8,20,12,8,58,28,30
FANNIN COUNTY,147,15 Years,435,216,219,345,173,172,21,9,12,19,10,9,50,24,26
FANNIN COUNTY,147,16 Years,426,212,214,329,167,162,17,7,10,19,9,10,61,29,32
FANNIN COUNTY,147,17 Years,415,214,201,323,172,151,19,8,11,17,8,9,56,26,30
FANNIN COUNTY,147,18 Years,430,231,199,324,171,153,27,18,9,14,8,6,65,34,31
FANNIN COUNTY,147,19 Years,448,254,194,318,167,151,37,27,10,17,9,8,76,51,25
FANNIN COUNTY,147,20 Years,438,267,171,310,177,133,49,40,9,15,9,6,64,41,23
FANNIN COUNTY,147,21 Years,505,318,187,351,205,146,58,48,10,15,6,9,81,59,22
FANNIN COUNTY,147,22 Years,443,273,170,299,173,126,59,47,12,10,5,5,75,48,27
FANNIN COUNTY,147,23 Years,472,296,176,340,200,140,47,38,9,14,10,4,71,48,23
FANNIN COUNTY,147,24 Years,439,258,181,296,151,145,42,34,8,12,5,7,89,68,21
FANNIN COUNTY,147,25 Years,402,248,154,273,150,123,50,44,6,12,5,7,67,49,18
FANNIN COUNTY,147,26 Years,365,234,131,235,133,102,50,44,6,10,4,6,70,53,17
FANNIN COUNTY,147,27 Years,395,242,153,283,164,119,47,40,7,10,4,6,55,34,21
FANNIN COUNTY,147,28 Years,388,237,151,257,141,116,47,36,11,10,5,5,74,55,19
FANNIN COUNTY,147,29 Years,366,215,151,250,131,119,42,32,10,10,4,6,64,48,16
FANNIN COUNTY,147,30 Years,404,242,162,277,144,133,50,41,9,6,4,2,71,53,18
FANNIN COUNTY,147,31 Years,360,210,150,246,130,116,47,35,12,10,6,4,57,39,18
FANNIN COUNTY,147,32 Years,413,246,167,308,173,135,32,25,7,7,3,4,66,45,21
FANNIN COUNTY,147,33 Years,391,221,170,279,140,139,40,34,6,9,7,2,63,40,23
FANNIN COUNTY,147,34 Years,375,201,174,279,143,136,27,20,7,8,1,7,61,37,24
FANNIN COUNTY,147,35 Years,384,221,163,270,136,134,37,31,6,11,5,6,66,49,17
FANNIN COUNTY,147,36 Years,388,221,167,274,142,132,35,27,8,11,3,8,68,49,19
FANNIN COUNTY,147,37 Years,398,236,162,279,145,134,35,30,5,9,6,3,75,55,20
FANNIN COUNTY,147,38 Years,364,208,156,261,135,126,38,32,6,9,7,2,56,34,22
FANNIN COUNTY,147,39 Years,401,216,185,298,149,149,33,26,7,7,2,5,63,39,24
FANNIN COUNTY,147,40 Years,391,211,180,293,150,143,46,38,8,7,2,5,45,21,24
FANNIN COUNTY,147,41 Years,400,219,181,314,166,148,33,26,7,16,7,9,37,20,17
FANNIN COUNTY,147,42 Years,413,226,187,328,177,151,24,16,8,16,6,10,45,27,18
FANNIN COUNTY,147,43 Years,467,250,217,364,186,178,35,24,11,15,7,8,53,33,20
FANNIN COUNTY,147,44 Years,417,210,207,333,154,179,31,20,11,11,5,6,42,31,11
FANNIN COUNTY,147,45 Years,411,206,205,334,161,173,30,19,11,12,4,8,35,22,13
FANNIN COUNTY,147,46 Years,444,245,199,353,183,170,33,24,9,14,6,8,44,32,12
FANNIN COUNTY,147,47 Years,496,273,223,395,201,194,41,30,11,13,7,6,47,35,12
FANNIN COUNTY,147,48 Years,471,261,210,373,190,183,36,28,8,15,9,6,47,34,13
FANNIN COUNTY,147,49 Years,561,323,238,441,239,202,52,38,14,17,9,8,51,37,14
FANNIN COUNTY,147,50 Years,520,267,253,441,220,221,39,27,12,16,4,12,24,16,8
FANNIN COUNTY,147,51 Years,515,265,250,439,225,214,40,24,16,13,5,8,23,11,12
FANNIN COUNTY,147,52 Years,494,238,256,432,202,230,23,16,7,13,8,5,26,12,14
FANNIN COUNTY,147,53 Years,534,261,273,462,219,243,25,17,8,10,5,5,37,20,17
FANNIN COUNTY,147,54 Years,537,273,264,455,225,230,34,19,15,10,5,5,38,24,14
FANNIN COUNTY,147,55 Years,520,265,255,445,222,223,33,19,14,13,5,8,29,19,10
FANNIN COUNTY,147,56 Years,510,264,246,440,221,219,35,24,11,16,8,8,19,11,8
FANNIN COUNTY,147,57 Years,511,284,227,451,246,205,30,22,8,14,10,4,16,6,10
FANNIN COUNTY,147,58 Years,453,247,206,410,225,185,17,10,7,11,5,6,15,7,8
FANNIN COUNTY,147,59 Years,450,236,214,390,201,189,26,14,12,12,6,6,22,15,7
FANNIN COUNTY,147,60 Years,455,239,216,404,209,195,23,14,9,11,6,5,17,10,7
FANNIN COUNTY,147,61 Years,453,228,225,393,191,202,24,15,9,15,8,7,21,14,7
FANNIN COUNTY,147,62 Years,419,203,216,373,180,193,16,7,9,14,7,7,16,9,7
FANNIN COUNTY,147,63 Years,437,215,222,395,197,198,21,9,12,7,3,4,14,6,8
FANNIN COUNTY,147,64 Years,467,229,238,428,207,221,16,9,7,7,2,5,16,11,5
FANNIN COUNTY,147,65 Years,446,228,218,411,208,203,14,10,4,7,3,4,14,7,7
FANNIN COUNTY,147,66 Years,452,252,200,408,225,183,16,10,6,14,9,5,14,8,6
FANNIN COUNTY,147,67 Years,388,204,184,355,186,169,14,8,6,10,5,5,9,5,4
FANNIN COUNTY,147,68 Years,396,184,212,367,171,196,15,8,7,7,3,4,7,2,5
FANNIN COUNTY,147,69 Years,398,198,200,361,176,185,16,10,6,7,3,4,14,9,5
FANNIN COUNTY,147,70 Years,375,186,189,343,170,173,17,9,8,7,3,4,8,4,4
FANNIN COUNTY,147,71 Years,353,174,179,330,162,168,10,4,6,8,5,3,5,3,2
FANNIN COUNTY,147,72 Years,298,151,147,271,132,139,16,10,6,8,6,2,3,3,0
FANNIN COUNTY,147,73 Years,286,132,154,260,119,141,13,7,6,7,3,4,6,3,3
FANNIN COUNTY,147,74 Years,270,130,140,254,121,133,10,6,4,2,1,1,4,2,2
FANNIN COUNTY,147,75 Years,277,139,138,264,132,132,9,5,4,1,1,0,3,1,2
FANNIN COUNTY,147,76 Years,229,110,119,213,100,113,8,5,3,2,1,1,6,4,2
FANNIN COUNTY,147,77 Years,231,111,120,212,104,108,8,3,5,4,1,3,7,3,4
FANNIN COUNTY,147,78 Years,226,116,110,215,111,104,6,4,2,1,0,1,4,1,3
FANNIN COUNTY,147,79 Years,210,99,111,194,92,102,6,3,3,5,2,3,5,2,3
FANNIN COUNTY,147,80 Years,202,92,110,183,85,98,9,2,7,6,2,4,4,3,1
FANNIN COUNTY,147,81 Years,173,79,94,159,77,82,9,2,7,4,0,4,1,0,1
FANNIN COUNTY,147,82 Years,160,71,89,151,69,82,7,2,5,1,0,1,1,0,1
FANNIN COUNTY,147,83 Years,148,63,85,136,60,76,5,1,4,2,0,2,5,2,3
FANNIN COUNTY,147,84 Years,133,59,74,123,53,70,6,4,2,0,0,0,4,2,2
FANNIN COUNTY,147,85 Years +,771,308,463,710,281,429,32,14,18,15,5,10,14,8,6
FAYETTE COUNTY,149,All Ages,24833,12272,12561,17854,8736,9118,1601,778,823,354,169,185,5024,2589,2435
FAYETTE COUNTY,149,< 1 Year,243,123,120,128,67,61,17,9,8,9,5,4,89,42,47
FAYETTE COUNTY,149,1 Years,243,124,119,129,66,63,16,8,8,8,4,4,90,46,44
FAYETTE COUNTY,149,2 Years,239,125,114,131,68,63,16,9,7,8,4,4,84,44,40
FAYETTE COUNTY,149,3 Years,258,141,117,143,75,68,21,11,10,7,6,1,87,49,38
FAYETTE COUNTY,149,4 Years,276,138,138,134,69,65,23,10,13,8,1,7,111,58,53
FAYETTE COUNTY,149,5 Years,274,142,132,137,71,66,18,8,10,7,4,3,112,59,53
FAYETTE COUNTY,149,6 Years,275,138,137,136,70,66,18,9,9,6,4,2,115,55,60
FAYETTE COUNTY,149,7 Years,280,135,145,140,69,71,21,12,9,4,2,2,115,52,63
FAYETTE COUNTY,149,8 Years,287,155,132,137,77,60,28,12,16,5,4,1,117,62,55
FAYETTE COUNTY,149,9 Years,272,137,135,134,67,67,33,14,19,8,3,5,97,53,44
FAYETTE COUNTY,149,10 Years,304,153,151,174,93,81,29,13,16,11,6,5,90,41,49
FAYETTE COUNTY,149,11 Years,296,140,156,162,77,85,28,14,14,8,4,4,98,45,53
FAYETTE COUNTY,149,12 Years,315,156,159,175,88,87,26,14,12,6,2,4,108,52,56
FAYETTE COUNTY,149,13 Years,311,151,160,183,91,92,24,10,14,8,3,5,96,47,49
FAYETTE COUNTY,149,14 Years,306,139,167,165,76,89,31,15,16,8,2,6,102,46,56
FAYETTE COUNTY,149,15 Years,326,171,155,199,103,96,27,14,13,7,4,3,93,50,43
FAYETTE COUNTY,149,16 Years,334,175,159,218,113,105,28,15,13,6,4,2,82,43,39
FAYETTE COUNTY,149,17 Years,359,196,163,223,121,102,25,15,10,7,3,4,104,57,47
FAYETTE COUNTY,149,18 Years,331,164,167,205,103,102,20,9,11,6,4,2,100,48,52
FAYETTE COUNTY,149,19 Years,276,140,136,177,91,86,19,7,12,4,3,1,76,39,37
FAYETTE COUNTY,149,20 Years,275,136,139,166,80,86,25,14,11,5,3,2,79,39,40
FAYETTE COUNTY,149,21 Years,279,155,124,164,93,71,28,14,14,4,2,2,83,46,37
FAYETTE COUNTY,149,22 Years,225,123,102,125,69,56,19,8,11,6,5,1,75,41,34
FAYETTE COUNTY,149,23 Years,198,102,96,97,51,46,19,11,8,3,1,2,79,39,40
FAYETTE COUNTY,149,24 Years,226,111,115,119,56,63,18,11,7,4,3,1,85,41,44
FAYETTE COUNTY,149,25 Years,197,91,106,109,42,67,14,9,5,3,2,1,71,38,33
FAYETTE COUNTY,149,26 Years,205,103,102,113,49,64,13,9,4,3,1,2,76,44,32
FAYETTE COUNTY,149,27 Years,202,103,99,111,54,57,14,6,8,3,1,2,74,42,32
FAYETTE COUNTY,149,28 Years,209,106,103,112,57,55,15,6,9,6,2,4,76,41,35
FAYETTE COUNTY,149,29 Years,208,102,106,111,51,60,15,6,9,5,3,2,77,42,35
FAYETTE COUNTY,149,30 Years,221,109,112,117,55,62,23,9,14,6,4,2,75,41,34
FAYETTE COUNTY,149,31 Years,231,118,113,128,67,61,20,10,10,3,3,0,80,38,42
FAYETTE COUNTY,149,32 Years,239,116,123,153,75,78,15,7,8,3,2,1,68,32,36
FAYETTE COUNTY,149,33 Years,243,125,118,152,76,76,23,13,10,3,1,2,65,35,30
FAYETTE COUNTY,149,34 Years,230,115,115,155,77,78,15,8,7,3,1,2,57,29,28
FAYETTE COUNTY,149,35 Years,230,118,112,145,71,74,18,12,6,1,0,1,66,35,31
FAYETTE COUNTY,149,36 Years,225,112,113,137,68,69,19,11,8,5,1,4,64,32,32
FAYETTE COUNTY,149,37 Years,248,131,117,150,79,71,15,7,8,2,1,1,81,44,37
FAYETTE COUNTY,149,38 Years,252,135,117,150,77,73,11,6,5,4,2,2,87,50,37
FAYETTE COUNTY,149,39 Years,228,119,109,137,72,65,14,6,8,4,2,2,73,39,34
FAYETTE COUNTY,149,40 Years,265,130,135,165,83,82,24,12,12,4,2,2,72,33,39
FAYETTE COUNTY,149,41 Years,251,138,113,166,91,75,16,11,5,3,2,1,66,34,32
FAYETTE COUNTY,149,42 Years,261,135,126,180,93,87,18,10,8,0,0,0,63,32,31
FAYETTE COUNTY,149,43 Years,262,134,128,190,100,90,11,5,6,2,1,1,59,28,31
FAYETTE COUNTY,149,44 Years,257,124,133,188,90,98,9,4,5,4,1,3,56,29,27
FAYETTE COUNTY,149,45 Years,280,127,153,198,91,107,11,5,6,4,2,2,67,29,38
FAYETTE COUNTY,149,46 Years,252,129,123,184,97,87,12,6,6,4,2,2,52,24,28
FAYETTE COUNTY,149,47 Years,297,152,145,204,102,102,18,8,10,5,1,4,70,41,29
FAYETTE COUNTY,149,48 Years,346,160,186,245,109,136,29,14,15,10,4,6,62,33,29
FAYETTE COUNTY,149,49 Years,360,173,187,276,133,143,24,12,12,5,1,4,55,27,28
FAYETTE COUNTY,149,50 Years,381,182,199,298,145,153,21,11,10,3,0,3,59,26,33
FAYETTE COUNTY,149,51 Years,404,194,210,315,146,169,22,11,11,2,0,2,65,37,28
FAYETTE COUNTY,149,52 Years,407,211,196,324,169,155,27,12,15,1,0,1,55,30,25
FAYETTE COUNTY,149,53 Years,390,200,190,313,157,156,23,13,10,4,1,3,50,29,21
FAYETTE COUNTY,149,54 Years,382,188,194,311,151,160,25,14,11,4,1,3,42,22,20
FAYETTE COUNTY,149,55 Years,385,190,195,309,146,163,24,15,9,3,1,2,49,28,21
FAYETTE COUNTY,149,56 Years,380,193,187,313,156,157,20,13,7,4,2,2,43,22,21
FAYETTE COUNTY,149,57 Years,420,213,207,346,180,166,25,11,14,4,2,2,45,20,25
FAYETTE COUNTY,149,58 Years,435,219,216,351,178,173,28,8,20,6,4,2,50,29,21
FAYETTE COUNTY,149,59 Years,435,210,225,358,167,191,28,14,14,4,2,2,45,27,18
FAYETTE COUNTY,149,60 Years,408,188,220,338,159,179,28,11,17,5,2,3,37,16,21
FAYETTE COUNTY,149,61 Years,381,190,191,317,159,158,27,11,16,3,2,1,34,18,16
FAYETTE COUNTY,149,62 Years,369,196,173,311,165,146,22,10,12,2,1,1,34,20,14
FAYETTE COUNTY,149,63 Years,372,184,188,319,155,164,18,8,10,1,0,1,34,21,13
FAYETTE COUNTY,149,64 Years,387,191,196,344,165,179,16,10,6,2,2,0,25,14,11
FAYETTE COUNTY,149,65 Years,364,191,173,331,173,158,13,6,7,3,2,1,17,10,7
FAYETTE COUNTY,149,66 Years,382,189,193,346,167,179,13,6,7,4,3,1,19,13,6
FAYETTE COUNTY,149,67 Years,338,169,169,300,149,151,13,7,6,3,2,1,22,11,11
FAYETTE COUNTY,149,68 Years,328,170,158,288,148,140,15,8,7,4,2,2,21,12,9
FAYETTE COUNTY,149,69 Years,342,157,185,307,141,166,13,7,6,4,1,3,18,8,10
FAYETTE COUNTY,149,70 Years,324,157,167,285,137,148,12,7,5,5,3,2,22,10,12
FAYETTE COUNTY,149,71 Years,299,166,133,262,146,116,14,7,7,4,1,3,19,12,7
FAYETTE COUNTY,149,72 Years,267,130,137,235,113,122,15,9,6,2,0,2,15,8,7
FAYETTE COUNTY,149,73 Years,260,129,131,236,118,118,13,5,8,2,0,2,9,6,3
FAYETTE COUNTY,149,74 Years,255,129,126,234,114,120,12,9,3,2,2,0,7,4,3
FAYETTE COUNTY,149,75 Years,238,123,115,213,108,105,9,7,2,1,1,0,15,7,8
FAYETTE COUNTY,149,76 Years,222,115,107,199,104,95,8,5,3,0,0,0,15,6,9
FAYETTE COUNTY,149,77 Years,193,97,96,180,90,90,3,2,1,1,0,1,9,5,4
FAYETTE COUNTY,149,78 Years,178,81,97,163,75,88,7,1,6,0,0,0,8,5,3
FAYETTE COUNTY,149,79 Years,164,71,93,147,64,83,10,4,6,1,0,1,6,3,3
FAYETTE COUNTY,149,80 Years,153,65,88,133,57,76,12,3,9,0,0,0,8,5,3
FAYETTE COUNTY,149,81 Years,154,69,85,138,65,73,9,2,7,0,0,0,7,2,5
FAYETTE COUNTY,149,82 Years,139,57,82,126,52,74,10,3,7,0,0,0,3,2,1
FAYETTE COUNTY,149,83 Years,142,59,83,131,55,76,6,1,5,2,1,1,3,2,1
FAYETTE COUNTY,149,84 Years,140,59,81,125,53,72,6,2,4,2,1,1,7,3,4
FAYETTE COUNTY,149,85 Years +,808,265,543,731,246,485,41,7,34,8,2,6,28,10,18
FISHER COUNTY,151,All Ages,3864,1910,1954,2674,1310,1364,118,53,65,53,29,24,1019,518,501
FISHER COUNTY,151,< 1 Year,38,20,18,22,11,11,1,1,0,0,0,0,15,8,7
FISHER COUNTY,151,1 Years,41,22,19,24,13,11,1,1,0,0,0,0,16,8,8
FISHER COUNTY,151,2 Years,41,21,20,24,12,12,1,1,0,0,0,0,16,8,8
FISHER COUNTY,151,3 Years,40,21,19,22,10,12,1,1,0,0,0,0,17,10,7
FISHER COUNTY,151,4 Years,40,17,23,20,5,15,0,0,0,0,0,0,20,12,8
FISHER COUNTY,151,5 Years,39,23,16,22,14,8,1,0,1,0,0,0,16,9,7
FISHER COUNTY,151,6 Years,46,22,24,27,14,13,0,0,0,1,1,0,18,7,11
FISHER COUNTY,151,7 Years,47,21,26,29,13,16,1,0,1,2,0,2,15,8,7
FISHER COUNTY,151,8 Years,42,21,21,23,10,13,2,1,1,1,1,0,16,9,7
FISHER COUNTY,151,9 Years,42,24,18,22,12,10,1,1,0,2,2,0,17,9,8
FISHER COUNTY,151,10 Years,41,20,21,23,13,10,1,0,1,1,1,0,16,6,10
FISHER COUNTY,151,11 Years,49,26,23,35,19,16,1,0,1,0,0,0,13,7,6
FISHER COUNTY,151,12 Years,42,19,23,30,14,16,0,0,0,0,0,0,12,5,7
FISHER COUNTY,151,13 Years,45,18,27,28,10,18,0,0,0,2,1,1,15,7,8
FISHER COUNTY,151,14 Years,41,24,17,25,14,11,1,1,0,1,1,0,14,8,6
FISHER COUNTY,151,15 Years,50,25,25,29,15,14,4,3,1,0,0,0,17,7,10
FISHER COUNTY,151,16 Years,48,24,24,30,16,14,2,1,1,0,0,0,16,7,9
FISHER COUNTY,151,17 Years,45,28,17,29,17,12,0,0,0,0,0,0,16,11,5
FISHER COUNTY,151,18 Years,57,28,29,32,13,19,3,2,1,0,0,0,22,13,9
FISHER COUNTY,151,19 Years,65,35,30,39,23,16,4,1,3,2,0,2,20,11,9
FISHER COUNTY,151,20 Years,66,31,35,40,22,18,3,0,3,3,1,2,20,8,12
FISHER COUNTY,151,21 Years,55,28,27,32,15,17,4,2,2,2,1,1,17,10,7
FISHER COUNTY,151,22 Years,43,22,21,20,9,11,3,1,2,1,0,1,19,12,7
FISHER COUNTY,151,23 Years,38,22,16,20,11,9,3,3,0,1,0,1,14,8,6
FISHER COUNTY,151,24 Years,32,19,13,20,10,10,1,1,0,0,0,0,11,8,3
FISHER COUNTY,151,25 Years,39,22,17,27,13,14,1,1,0,1,1,0,10,7,3
FISHER COUNTY,151,26 Years,32,19,13,20,9,11,2,2,0,1,1,0,9,7,2
FISHER COUNTY,151,27 Years,26,14,12,21,10,11,0,0,0,0,0,0,5,4,1
FISHER COUNTY,151,28 Years,32,15,17,18,10,8,0,0,0,0,0,0,14,5,9
FISHER COUNTY,151,29 Years,36,16,20,20,10,10,0,0,0,0,0,0,16,6,10
FISHER COUNTY,151,30 Years,38,18,20,24,11,13,0,0,0,0,0,0,14,7,7
FISHER COUNTY,151,31 Years,31,13,18,21,9,12,2,0,2,0,0,0,8,4,4
FISHER COUNTY,151,32 Years,36,14,22,21,10,11,1,0,1,1,0,1,13,4,9
FISHER COUNTY,151,33 Years,26,13,13,19,11,8,0,0,0,1,0,1,6,2,4
FISHER COUNTY,151,34 Years,23,13,10,18,10,8,0,0,0,0,0,0,5,3,2
FISHER COUNTY,151,35 Years,31,15,16,25,11,14,0,0,0,0,0,0,6,4,2
FISHER COUNTY,151,36 Years,33,22,11,22,13,9,0,0,0,0,0,0,11,9,2
FISHER COUNTY,151,37 Years,36,22,14,21,11,10,2,2,0,1,0,1,12,9,3
FISHER COUNTY,151,38 Years,33,13,20,16,7,9,4,2,2,0,0,0,13,4,9
FISHER COUNTY,151,39 Years,36,15,21,23,10,13,3,0,3,0,0,0,10,5,5
FISHER COUNTY,151,40 Years,46,26,20,30,17,13,1,0,1,1,1,0,14,8,6
FISHER COUNTY,151,41 Years,50,27,23,32,17,15,3,2,1,0,0,0,15,8,7
FISHER COUNTY,151,42 Years,58,25,33,42,21,21,1,0,1,0,0,0,15,4,11
FISHER COUNTY,151,43 Years,52,26,26,39,21,18,3,1,2,0,0,0,10,4,6
FISHER COUNTY,151,44 Years,42,20,22,33,16,17,1,0,1,0,0,0,8,4,4
FISHER COUNTY,151,45 Years,41,18,23,25,11,14,1,0,1,1,1,0,14,6,8
FISHER COUNTY,151,46 Years,41,21,20,26,15,11,2,0,2,0,0,0,13,6,7
FISHER COUNTY,151,47 Years,42,18,24,28,11,17,3,2,1,0,0,0,11,5,6
FISHER COUNTY,151,48 Years,45,26,19,27,14,13,4,2,2,1,0,1,13,10,3
FISHER COUNTY,151,49 Years,52,30,22,32,18,14,3,1,2,1,1,0,16,10,6
FISHER COUNTY,151,50 Years,57,29,28,40,23,17,2,0,2,2,1,1,13,5,8
FISHER COUNTY,151,51 Years,58,28,30,44,23,21,2,1,1,0,0,0,12,4,8
FISHER COUNTY,151,52 Years,54,29,25,38,22,16,1,1,0,1,0,1,14,6,8
FISHER COUNTY,151,53 Years,64,36,28,45,26,19,1,1,0,1,0,1,17,9,8
FISHER COUNTY,151,54 Years,60,34,26,44,25,19,2,1,1,2,2,0,12,6,6
FISHER COUNTY,151,55 Years,55,28,27,42,19,23,3,3,0,0,0,0,10,6,4
FISHER COUNTY,151,56 Years,54,24,30,39,16,23,2,2,0,0,0,0,13,6,7
FISHER COUNTY,151,57 Years,64,33,31,47,22,25,0,0,0,1,1,0,16,10,6
FISHER COUNTY,151,58 Years,64,38,26,47,27,20,1,0,1,1,1,0,15,10,5
FISHER COUNTY,151,59 Years,60,29,31,47,22,25,1,0,1,0,0,0,12,7,5
FISHER COUNTY,151,60 Years,53,28,25,39,19,20,0,0,0,1,1,0,13,8,5
FISHER COUNTY,151,61 Years,53,25,28,43,20,23,1,1,0,0,0,0,9,4,5
FISHER COUNTY,151,62 Years,52,25,27,43,21,22,0,0,0,1,1,0,8,3,5
FISHER COUNTY,151,63 Years,56,27,29,41,20,21,1,0,1,2,0,2,12,7,5
FISHER COUNTY,151,64 Years,50,22,28,39,17,22,1,0,1,1,1,0,9,4,5
FISHER COUNTY,151,65 Years,53,24,29,44,22,22,2,0,2,0,0,0,7,2,5
FISHER COUNTY,151,66 Years,53,32,21,42,27,15,3,2,1,1,0,1,7,3,4
FISHER COUNTY,151,67 Years,48,26,22,35,19,16,3,1,2,1,1,0,9,5,4
FISHER COUNTY,151,68 Years,41,22,19,30,15,15,1,0,1,2,1,1,8,6,2
FISHER COUNTY,151,69 Years,45,24,21,35,19,16,1,0,1,2,1,1,7,4,3
FISHER COUNTY,151,70 Years,42,17,25,30,11,19,2,0,2,1,1,0,9,5,4
FISHER COUNTY,151,71 Years,43,17,26,33,12,21,0,0,0,1,0,1,9,5,4
FISHER COUNTY,151,72 Years,43,19,24,39,17,22,1,1,0,0,0,0,3,1,2
FISHER COUNTY,151,73 Years,46,15,31,37,13,24,0,0,0,0,0,0,9,2,7
FISHER COUNTY,151,74 Years,46,20,26,38,16,22,2,1,1,1,1,0,5,2,3
FISHER COUNTY,151,75 Years,42,21,21,32,14,18,2,2,0,1,1,0,7,4,3
FISHER COUNTY,151,76 Years,41,20,21,34,17,17,0,0,0,0,0,0,7,3,4
FISHER COUNTY,151,77 Years,41,22,19,32,18,14,1,0,1,0,0,0,8,4,4
FISHER COUNTY,151,78 Years,39,19,20,32,17,15,1,0,1,0,0,0,6,2,4
FISHER COUNTY,151,79 Years,33,16,17,30,16,14,0,0,0,0,0,0,3,0,3
FISHER COUNTY,151,80 Years,27,14,13,25,14,11,0,0,0,0,0,0,2,0,2
FISHER COUNTY,151,81 Years,25,10,15,18,8,10,1,0,1,0,0,0,6,2,4
FISHER COUNTY,151,82 Years,27,12,15,21,11,10,1,0,1,0,0,0,5,1,4
FISHER COUNTY,151,83 Years,30,12,18,23,10,13,2,0,2,0,0,0,5,2,3
FISHER COUNTY,151,84 Years,26,6,20,21,5,16,0,0,0,0,0,0,5,1,4
FISHER COUNTY,151,85 Years +,129,45,84,108,36,72,1,0,1,2,1,1,18,8,10
FLOYD COUNTY,153,All Ages,6248,3085,3163,2578,1243,1335,204,99,105,47,19,28,3419,1724,1695
FLOYD COUNTY,153,< 1 Year,85,42,43,20,10,10,2,1,1,0,0,0,63,31,32
FLOYD COUNTY,153,1 Years,85,44,41,21,11,10,2,1,1,0,0,0,62,32,30
FLOYD COUNTY,153,2 Years,82,42,40,21,11,10,2,1,1,0,0,0,59,30,29
FLOYD COUNTY,153,3 Years,91,47,44,18,11,7,1,0,1,2,1,1,70,35,35
FLOYD COUNTY,153,4 Years,84,41,43,20,12,8,2,0,2,0,0,0,62,29,33
FLOYD COUNTY,153,5 Years,98,47,51,19,7,12,3,0,3,0,0,0,76,40,36
FLOYD COUNTY,153,6 Years,91,51,40,17,10,7,4,2,2,0,0,0,70,39,31
FLOYD COUNTY,153,7 Years,96,56,40,21,14,7,2,1,1,1,0,1,72,41,31
FLOYD COUNTY,153,8 Years,100,50,50,16,8,8,3,2,1,1,0,1,80,40,40
FLOYD COUNTY,153,9 Years,93,44,49,23,10,13,3,2,1,1,0,1,66,32,34
FLOYD COUNTY,153,10 Years,97,51,46,27,16,11,3,2,1,1,0,1,66,33,33
FLOYD COUNTY,153,11 Years,99,51,48,26,14,12,4,2,2,1,1,0,68,34,34
FLOYD COUNTY,153,12 Years,89,48,41,18,10,8,3,1,2,0,0,0,68,37,31
FLOYD COUNTY,153,13 Years,96,56,40,24,14,10,3,1,2,1,0,1,68,41,27
FLOYD COUNTY,153,14 Years,105,55,50,24,11,13,5,4,1,1,0,1,75,40,35
FLOYD COUNTY,153,15 Years,103,60,43,25,16,9,3,3,0,0,0,0,75,41,34
FLOYD COUNTY,153,16 Years,105,51,54,31,16,15,1,1,0,2,1,1,71,33,38
FLOYD COUNTY,153,17 Years,93,49,44,29,13,16,2,1,1,1,1,0,61,34,27
FLOYD COUNTY,153,18 Years,97,52,45,30,14,16,4,3,1,0,0,0,63,35,28
FLOYD COUNTY,153,19 Years,98,47,51,29,12,17,3,3,0,0,0,0,66,32,34
FLOYD COUNTY,153,20 Years,102,57,45,25,12,13,5,4,1,2,1,1,70,40,30
FLOYD COUNTY,153,21 Years,89,48,41,29,16,13,3,2,1,0,0,0,57,30,27
FLOYD COUNTY,153,22 Years,61,33,28,14,9,5,3,2,1,2,1,1,42,21,21
FLOYD COUNTY,153,23 Years,60,24,36,14,9,5,3,1,2,1,0,1,42,14,28
FLOYD COUNTY,153,24 Years,63,26,37,19,10,9,2,1,1,1,0,1,41,15,26
FLOYD COUNTY,153,25 Years,64,34,30,18,11,7,1,0,1,1,0,1,44,23,21
FLOYD COUNTY,153,26 Years,58,27,31,20,11,9,1,0,1,1,0,1,36,16,20
FLOYD COUNTY,153,27 Years,62,31,31,21,12,9,1,1,0,1,1,0,39,17,22
FLOYD COUNTY,153,28 Years,67,33,34,25,12,13,2,0,2,1,1,0,39,20,19
FLOYD COUNTY,153,29 Years,54,24,30,20,8,12,2,1,1,0,0,0,32,15,17
FLOYD COUNTY,153,30 Years,66,31,35,22,7,15,4,3,1,0,0,0,40,21,19
FLOYD COUNTY,153,31 Years,61,33,28,21,11,10,4,1,3,0,0,0,36,21,15
FLOYD COUNTY,153,32 Years,68,27,41,18,10,8,2,1,1,1,0,1,47,16,31
FLOYD COUNTY,153,33 Years,65,32,33,18,9,9,2,2,0,1,1,0,44,20,24
FLOYD COUNTY,153,34 Years,57,29,28,20,9,11,1,1,0,0,0,0,36,19,17
FLOYD COUNTY,153,35 Years,59,27,32,24,11,13,1,0,1,0,0,0,34,16,18
FLOYD COUNTY,153,36 Years,61,32,29,22,13,9,1,0,1,1,0,1,37,19,18
FLOYD COUNTY,153,37 Years,69,25,44,20,9,11,1,0,1,0,0,0,48,16,32
FLOYD COUNTY,153,38 Years,61,24,37,20,9,11,1,0,1,0,0,0,40,15,25
FLOYD COUNTY,153,39 Years,60,28,32,22,10,12,1,0,1,0,0,0,37,18,19
FLOYD COUNTY,153,40 Years,62,28,34,19,6,13,1,0,1,1,0,1,41,22,19
FLOYD COUNTY,153,41 Years,66,35,31,22,10,12,1,1,0,0,0,0,43,24,19
FLOYD COUNTY,153,42 Years,81,46,35,27,14,13,2,2,0,0,0,0,52,30,22
FLOYD COUNTY,153,43 Years,77,43,34,23,12,11,2,1,1,1,0,1,51,30,21
FLOYD COUNTY,153,44 Years,68,36,32,26,13,13,2,0,2,0,0,0,40,23,17
FLOYD COUNTY,153,45 Years,63,28,35,30,11,19,2,1,1,0,0,0,31,16,15
FLOYD COUNTY,153,46 Years,77,43,34,37,19,18,3,3,0,1,1,0,36,20,16
FLOYD COUNTY,153,47 Years,70,33,37,26,13,13,4,2,2,1,0,1,39,18,21
FLOYD COUNTY,153,48 Years,73,33,40,32,17,15,5,2,3,0,0,0,36,14,22
FLOYD COUNTY,153,49 Years,79,35,44,40,19,21,4,3,1,0,0,0,35,13,22
FLOYD COUNTY,153,50 Years,72,31,41,37,16,21,3,2,1,0,0,0,32,13,19
FLOYD COUNTY,153,51 Years,81,35,46,40,16,24,2,0,2,0,0,0,39,19,20
FLOYD COUNTY,153,52 Years,88,45,43,43,20,23,3,2,1,0,0,0,42,23,19
FLOYD COUNTY,153,53 Years,92,51,41,54,28,26,2,0,2,1,1,0,35,22,13
FLOYD COUNTY,153,54 Years,88,45,43,50,22,28,2,0,2,1,1,0,35,22,13
FLOYD COUNTY,153,55 Years,81,47,34,46,29,17,3,1,2,1,1,0,31,16,15
FLOYD COUNTY,153,56 Years,71,38,33,33,19,14,1,1,0,1,1,0,36,17,19
FLOYD COUNTY,153,57 Years,76,40,36,38,21,17,2,0,2,0,0,0,36,19,17
FLOYD COUNTY,153,58 Years,88,48,40,46,24,22,3,1,2,1,1,0,38,22,16
FLOYD COUNTY,153,59 Years,78,43,35,41,25,16,3,1,2,2,1,1,32,16,16
FLOYD COUNTY,153,60 Years,85,49,36,48,24,24,5,4,1,1,1,0,31,20,11
FLOYD COUNTY,153,61 Years,87,44,43,50,28,22,4,3,1,1,1,0,32,12,20
FLOYD COUNTY,153,62 Years,74,36,38,41,21,20,2,2,0,0,0,0,31,13,18
FLOYD COUNTY,153,63 Years,66,32,34,40,21,19,2,1,1,1,0,1,23,10,13
FLOYD COUNTY,153,64 Years,64,29,35,38,16,22,1,1,0,1,1,0,24,11,13
FLOYD COUNTY,153,65 Years,59,29,30,29,11,18,2,2,0,0,0,0,28,16,12
FLOYD COUNTY,153,66 Years,52,25,27,28,15,13,2,0,2,0,0,0,22,10,12
FLOYD COUNTY,153,67 Years,59,31,28,38,21,17,1,0,1,0,0,0,20,10,10
FLOYD COUNTY,153,68 Years,55,22,33,33,12,21,1,0,1,1,0,1,20,10,10
FLOYD COUNTY,153,69 Years,52,25,27,32,13,19,1,0,1,1,0,1,18,12,6
FLOYD COUNTY,153,70 Years,65,26,39,44,18,26,2,1,1,0,0,0,19,7,12
FLOYD COUNTY,153,71 Years,60,22,38,37,13,24,3,2,1,1,0,1,19,7,12
FLOYD COUNTY,153,72 Years,58,28,30,38,20,18,3,2,1,2,0,2,15,6,9
FLOYD COUNTY,153,73 Years,56,24,32,39,17,22,1,0,1,1,0,1,15,7,8
FLOYD COUNTY,153,74 Years,53,22,31,34,14,20,1,0,1,0,0,0,18,8,10
FLOYD COUNTY,153,75 Years,46,20,26,31,14,17,1,0,1,0,0,0,14,6,8
FLOYD COUNTY,153,76 Years,44,22,22,27,13,14,1,1,0,0,0,0,16,8,8
FLOYD COUNTY,153,77 Years,46,23,23,36,17,19,2,1,1,0,0,0,8,5,3
FLOYD COUNTY,153,78 Years,42,18,24,32,12,20,2,1,1,0,0,0,8,5,3
FLOYD COUNTY,153,79 Years,36,13,23,23,9,14,2,0,2,0,0,0,11,4,7
FLOYD COUNTY,153,80 Years,41,16,25,23,10,13,5,0,5,0,0,0,13,6,7
FLOYD COUNTY,153,81 Years,31,13,18,24,9,15,1,0,1,0,0,0,6,4,2
FLOYD COUNTY,153,82 Years,38,19,19,28,13,15,1,0,1,0,0,0,9,6,3
FLOYD COUNTY,153,83 Years,45,19,26,34,12,22,2,0,2,0,0,0,9,7,2
FLOYD COUNTY,153,84 Years,38,16,22,29,12,17,3,1,2,1,0,1,5,3,2
FLOYD COUNTY,153,85 Years +,171,70,101,141,56,85,7,3,4,0,0,0,23,11,12
FOARD COUNTY,155,All Ages,1284,610,674,1028,493,535,56,23,33,8,3,5,192,91,101
FOARD COUNTY,155,< 1 Year,13,7,6,9,5,4,0,0,0,0,0,0,4,2,2
FOARD COUNTY,155,1 Years,14,8,6,9,5,4,0,0,0,0,0,0,5,3,2
FOARD COUNTY,155,2 Years,14,8,6,10,5,5,0,0,0,0,0,0,4,3,1
FOARD COUNTY,155,3 Years,12,5,7,7,3,4,1,0,1,0,0,0,4,2,2
FOARD COUNTY,155,4 Years,13,4,9,9,3,6,1,0,1,1,0,1,2,1,1
FOARD COUNTY,155,5 Years,12,8,4,9,5,4,0,0,0,0,0,0,3,3,0
FOARD COUNTY,155,6 Years,7,2,5,6,1,5,0,0,0,0,0,0,1,1,0
FOARD COUNTY,155,7 Years,10,6,4,8,5,3,0,0,0,0,0,0,2,1,1
FOARD COUNTY,155,8 Years,14,5,9,10,4,6,0,0,0,0,0,0,4,1,3
FOARD COUNTY,155,9 Years,13,5,8,8,4,4,1,0,1,0,0,0,4,1,3
FOARD COUNTY,155,10 Years,11,6,5,6,4,2,1,0,1,1,0,1,3,2,1
FOARD COUNTY,155,11 Years,19,7,12,14,6,8,2,1,1,1,0,1,2,0,2
FOARD COUNTY,155,12 Years,16,6,10,13,5,8,2,1,1,0,0,0,1,0,1
FOARD COUNTY,155,13 Years,14,7,7,11,4,7,2,2,0,0,0,0,1,1,0
FOARD COUNTY,155,14 Years,11,4,7,6,1,5,1,1,0,0,0,0,4,2,2
FOARD COUNTY,155,15 Years,16,8,8,11,6,5,3,0,3,0,0,0,2,2,0
FOARD COUNTY,155,16 Years,14,5,9,8,3,5,2,0,2,0,0,0,4,2,2
FOARD COUNTY,155,17 Years,17,7,10,12,5,7,2,1,1,0,0,0,3,1,2
FOARD COUNTY,155,18 Years,23,12,11,16,10,6,3,1,2,0,0,0,4,1,3
FOARD COUNTY,155,19 Years,20,10,10,13,8,5,0,0,0,0,0,0,7,2,5
FOARD COUNTY,155,20 Years,17,9,8,10,7,3,1,0,1,0,0,0,6,2,4
FOARD COUNTY,155,21 Years,18,7,11,14,6,8,0,0,0,0,0,0,4,1,3
FOARD COUNTY,155,22 Years,14,4,10,11,3,8,0,0,0,0,0,0,3,1,2
FOARD COUNTY,155,23 Years,12,4,8,10,4,6,0,0,0,0,0,0,2,0,2
FOARD COUNTY,155,24 Years,14,8,6,9,6,3,3,1,2,0,0,0,2,1,1
FOARD COUNTY,155,25 Years,10,4,6,6,3,3,1,1,0,0,0,0,3,0,3
FOARD COUNTY,155,26 Years,7,3,4,5,2,3,0,0,0,0,0,0,2,1,1
FOARD COUNTY,155,27 Years,16,9,7,12,6,6,0,0,0,0,0,0,4,3,1
FOARD COUNTY,155,28 Years,12,5,7,8,3,5,0,0,0,0,0,0,4,2,2
FOARD COUNTY,155,29 Years,10,7,3,6,4,2,1,1,0,0,0,0,3,2,1
FOARD COUNTY,155,30 Years,17,12,5,12,9,3,2,1,1,0,0,0,3,2,1
FOARD COUNTY,155,31 Years,14,6,8,12,6,6,1,0,1,0,0,0,1,0,1
FOARD COUNTY,155,32 Years,8,3,5,7,2,5,0,0,0,0,0,0,1,1,0
FOARD COUNTY,155,33 Years,10,5,5,8,5,3,0,0,0,0,0,0,2,0,2
FOARD COUNTY,155,34 Years,8,3,5,5,2,3,0,0,0,0,0,0,3,1,2
FOARD COUNTY,155,35 Years,6,4,2,6,4,2,0,0,0,0,0,0,0,0,0
FOARD COUNTY,155,36 Years,7,3,4,5,2,3,0,0,0,0,0,0,2,1,1
FOARD COUNTY,155,37 Years,13,7,6,12,6,6,0,0,0,0,0,0,1,1,0
FOARD COUNTY,155,38 Years,13,7,6,11,6,5,0,0,0,0,0,0,2,1,1
FOARD COUNTY,155,39 Years,8,4,4,5,2,3,0,0,0,0,0,0,3,2,1
FOARD COUNTY,155,40 Years,8,5,3,6,3,3,1,1,0,0,0,0,1,1,0
FOARD COUNTY,155,41 Years,12,7,5,9,5,4,1,1,0,0,0,0,2,1,1
FOARD COUNTY,155,42 Years,17,6,11,14,5,9,1,0,1,0,0,0,2,1,1
FOARD COUNTY,155,43 Years,18,7,11,15,6,9,1,0,1,0,0,0,2,1,1
FOARD COUNTY,155,44 Years,13,7,6,11,6,5,0,0,0,0,0,0,2,1,1
FOARD COUNTY,155,45 Years,20,12,8,15,10,5,2,1,1,0,0,0,3,1,2
FOARD COUNTY,155,46 Years,16,8,8,11,5,6,2,1,1,0,0,0,3,2,1
FOARD COUNTY,155,47 Years,16,5,11,13,3,10,0,0,0,0,0,0,3,2,1
FOARD COUNTY,155,48 Years,15,8,7,10,5,5,1,1,0,0,0,0,4,2,2
FOARD COUNTY,155,49 Years,25,13,12,21,10,11,1,1,0,0,0,0,3,2,1
FOARD COUNTY,155,50 Years,21,12,9,14,8,6,0,0,0,0,0,0,7,4,3
FOARD COUNTY,155,51 Years,22,12,10,17,9,8,1,1,0,0,0,0,4,2,2
FOARD COUNTY,155,52 Years,23,13,10,19,12,7,1,0,1,0,0,0,3,1,2
FOARD COUNTY,155,53 Years,22,14,8,20,14,6,0,0,0,0,0,0,2,0,2
FOARD COUNTY,155,54 Years,17,11,6,15,9,6,0,0,0,0,0,0,2,2,0
FOARD COUNTY,155,55 Years,16,10,6,11,7,4,0,0,0,2,2,0,3,1,2
FOARD COUNTY,155,56 Years,22,10,12,20,9,11,1,0,1,0,0,0,1,1,0
FOARD COUNTY,155,57 Years,18,7,11,15,4,11,0,0,0,0,0,0,3,3,0
FOARD COUNTY,155,58 Years,10,4,6,7,2,5,0,0,0,0,0,0,3,2,1
FOARD COUNTY,155,59 Years,10,6,4,8,4,4,0,0,0,0,0,0,2,2,0
FOARD COUNTY,155,60 Years,16,8,8,14,7,7,0,0,0,0,0,0,2,1,1
FOARD COUNTY,155,61 Years,20,11,9,18,9,9,1,1,0,1,1,0,0,0,0
FOARD COUNTY,155,62 Years,22,12,10,20,11,9,1,1,0,0,0,0,1,0,1
FOARD COUNTY,155,63 Years,16,8,8,14,7,7,1,1,0,0,0,0,1,0,1
FOARD COUNTY,155,64 Years,18,10,8,17,10,7,0,0,0,0,0,0,1,0,1
FOARD COUNTY,155,65 Years,19,9,10,17,9,8,0,0,0,0,0,0,2,0,2
FOARD COUNTY,155,66 Years,17,7,10,17,7,10,0,0,0,0,0,0,0,0,0
FOARD COUNTY,155,67 Years,17,7,10,16,7,9,0,0,0,0,0,0,1,0,1
FOARD COUNTY,155,68 Years,17,6,11,13,5,8,0,0,0,1,0,1,3,1,2
FOARD COUNTY,155,69 Years,16,7,9,12,5,7,2,1,1,0,0,0,2,1,1
FOARD COUNTY,155,70 Years,17,10,7,14,8,6,1,1,0,0,0,0,2,1,1
FOARD COUNTY,155,71 Years,15,8,7,14,8,6,0,0,0,0,0,0,1,0,1
FOARD COUNTY,155,72 Years,15,7,8,13,7,6,0,0,0,0,0,0,2,0,2
FOARD COUNTY,155,73 Years,17,7,10,16,7,9,0,0,0,0,0,0,1,0,1
FOARD COUNTY,155,74 Years,20,7,13,18,7,11,2,0,2,0,0,0,0,0,0
FOARD COUNTY,155,75 Years,13,3,10,12,3,9,1,0,1,0,0,0,0,0,0
FOARD COUNTY,155,76 Years,15,5,10,13,5,8,1,0,1,1,0,1,0,0,0
FOARD COUNTY,155,77 Years,14,7,7,13,7,6,0,0,0,0,0,0,1,0,1
FOARD COUNTY,155,78 Years,12,7,5,12,7,5,0,0,0,0,0,0,0,0,0
FOARD COUNTY,155,79 Years,10,4,6,10,4,6,0,0,0,0,0,0,0,0,0
FOARD COUNTY,155,80 Years,12,7,5,11,6,5,0,0,0,0,0,0,1,1,0
FOARD COUNTY,155,81 Years,10,4,6,10,4,6,0,0,0,0,0,0,0,0,0
FOARD COUNTY,155,82 Years,7,3,4,6,2,4,0,0,0,0,0,0,1,1,0
FOARD COUNTY,155,83 Years,7,4,3,7,4,3,0,0,0,0,0,0,0,0,0
FOARD COUNTY,155,84 Years,8,5,3,8,5,3,0,0,0,0,0,0,0,0,0
FOARD COUNTY,155,85 Years +,56,16,40,53,16,37,3,0,3,0,0,0,0,0,0
FORT BEND COUNTY,157,All Ages,650693,318556,332137,220774,109513,111261,137861,64759,73102,130637,64150,66487,161421,80134,81287
FORT BEND COUNTY,157,< 1 Year,8165,4171,3994,2341,1193,1148,1513,773,740,1928,988,940,2383,1217,1166
FORT BEND COUNTY,157,1 Years,7536,3837,3699,2230,1136,1094,1468,746,722,1488,759,729,2350,1196,1154
FORT BEND COUNTY,157,2 Years,7507,3819,3688,2256,1148,1108,1452,736,716,1532,780,752,2267,1155,1112
FORT BEND COUNTY,157,3 Years,8197,4224,3973,2373,1264,1109,1559,782,777,1685,873,812,2580,1305,1275
FORT BEND COUNTY,157,4 Years,8894,4543,4351,2578,1343,1235,1754,876,878,1838,955,883,2724,1369,1355
FORT BEND COUNTY,157,5 Years,9357,4767,4590,2650,1356,1294,1877,943,934,2044,1044,1000,2786,1424,1362
FORT BEND COUNTY,157,6 Years,9956,5025,4931,2800,1416,1384,2016,1004,1012,2198,1119,1079,2942,1486,1456
FORT BEND COUNTY,157,7 Years,10417,5340,5077,3029,1559,1470,2113,1083,1030,2228,1142,1086,3047,1556,1491
FORT BEND COUNTY,157,8 Years,10881,5536,5345,3164,1605,1559,2224,1112,1112,2278,1175,1103,3215,1644,1571
FORT BEND COUNTY,157,9 Years,11302,5721,5581,3307,1615,1692,2370,1210,1160,2303,1200,1103,3322,1696,1626
FORT BEND COUNTY,157,10 Years,11469,5823,5646,3307,1609,1698,2474,1311,1163,2251,1171,1080,3437,1732,1705
FORT BEND COUNTY,157,11 Years,11453,5916,5537,3296,1671,1625,2525,1321,1204,2135,1152,983,3497,1772,1725
FORT BEND COUNTY,157,12 Years,11693,6037,5656,3297,1686,1611,2699,1379,1320,2196,1178,1018,3501,1794,1707
FORT BEND COUNTY,157,13 Years,11744,6073,5671,3353,1755,1598,2775,1417,1358,2116,1091,1025,3500,1810,1690
FORT BEND COUNTY,157,14 Years,11649,5944,5705,3228,1659,1569,2816,1429,1387,2134,1078,1056,3471,1778,1693
FORT BEND COUNTY,157,15 Years,11635,5951,5684,3159,1616,1543,2873,1436,1437,2255,1164,1091,3348,1735,1613
FORT BEND COUNTY,157,16 Years,11603,6003,5600,3249,1681,1568,2862,1467,1395,2282,1195,1087,3210,1660,1550
FORT BEND COUNTY,157,17 Years,11516,5962,5554,3264,1686,1578,2870,1463,1407,2224,1178,1046,3158,1635,1523
FORT BEND COUNTY,157,18 Years,10906,5624,5282,3015,1549,1466,2727,1379,1348,2100,1086,1014,3064,1610,1454
FORT BEND COUNTY,157,19 Years,9987,5160,4827,2690,1366,1324,2498,1305,1193,1903,982,921,2896,1507,1389
FORT BEND COUNTY,157,20 Years,9466,5003,4463,2506,1319,1187,2407,1287,1120,1792,943,849,2761,1454,1307
FORT BEND COUNTY,157,21 Years,8420,4487,3933,2218,1177,1041,2159,1143,1016,1516,796,720,2527,1371,1156
FORT BEND COUNTY,157,22 Years,7087,3756,3331,1635,851,784,1871,1001,870,1264,637,627,2317,1267,1050
FORT BEND COUNTY,157,23 Years,6563,3430,3133,1442,742,700,1685,880,805,1246,624,622,2190,1184,1006
FORT BEND COUNTY,157,24 Years,6304,3315,2989,1497,772,725,1542,801,741,1211,630,581,2054,1112,942
FORT BEND COUNTY,157,25 Years,6145,3134,3011,1603,806,797,1387,662,725,1208,596,612,1947,1070,877
FORT BEND COUNTY,157,26 Years,6309,3207,3102,1770,878,892,1339,664,675,1229,614,615,1971,1051,920
FORT BEND COUNTY,157,27 Years,6372,3211,3161,1800,910,890,1302,634,668,1261,610,651,2009,1057,952
FORT BEND COUNTY,157,28 Years,6687,3325,3362,1986,990,996,1315,632,683,1368,689,679,2018,1014,1004
FORT BEND COUNTY,157,29 Years,6710,3225,3485,1970,953,1017,1302,606,696,1402,676,726,2036,990,1046
FORT BEND COUNTY,157,30 Years,7359,3554,3805,2288,1133,1155,1396,662,734,1400,660,740,2275,1099,1176
FORT BEND COUNTY,157,31 Years,7827,3758,4069,2487,1213,1274,1477,678,799,1449,691,758,2414,1176,1238
FORT BEND COUNTY,157,32 Years,8202,3859,4343,2626,1272,1354,1615,724,891,1466,681,785,2495,1182,1313
FORT BEND COUNTY,157,33 Years,8510,3922,4588,2667,1271,1396,1815,786,1029,1550,683,867,2478,1182,1296
FORT BEND COUNTY,157,34 Years,8441,3883,4558,2647,1268,1379,1755,733,1022,1602,699,903,2437,1183,1254
FORT BEND COUNTY,157,35 Years,8658,4011,4647,2655,1282,1373,1773,746,1027,1694,744,950,2536,1239,1297
FORT BEND COUNTY,157,36 Years,8888,4054,4834,2684,1298,1386,1801,761,1040,1787,764,1023,2616,1231,1385
FORT BEND COUNTY,157,37 Years,9146,4169,4977,2701,1283,1418,1823,764,1059,1915,833,1082,2707,1289,1418
FORT BEND COUNTY,157,38 Years,9757,4442,5315,2964,1394,1570,1934,813,1121,2088,899,1189,2771,1336,1435
FORT BEND COUNTY,157,39 Years,10069,4621,5448,3053,1485,1568,2179,917,1262,2182,955,1227,2655,1264,1391
FORT BEND COUNTY,157,40 Years,10617,4899,5718,3241,1580,1661,2386,1006,1380,2243,1018,1225,2747,1295,1452
FORT BEND COUNTY,157,41 Years,11017,5040,5977,3500,1684,1816,2489,1048,1441,2253,1011,1242,2775,1297,1478
FORT BEND COUNTY,157,42 Years,11274,5224,6050,3709,1802,1907,2563,1090,1473,2263,1037,1226,2739,1295,1444
FORT BEND COUNTY,157,43 Years,11092,5141,5951,3734,1806,1928,2454,1030,1424,2233,1031,1202,2671,1274,1397
FORT BEND COUNTY,157,44 Years,10596,4967,5629,3527,1702,1825,2360,1031,1329,2232,1034,1198,2477,1200,1277
FORT BEND COUNTY,157,45 Years,10188,4858,5330,3413,1716,1697,2282,1018,1264,2154,1006,1148,2339,1118,1221
FORT BEND COUNTY,157,46 Years,10025,4856,5169,3387,1701,1686,2204,1004,1200,2205,1075,1130,2229,1076,1153
FORT BEND COUNTY,157,47 Years,9983,4848,5135,3348,1668,1680,2175,991,1184,2218,1103,1115,2242,1086,1156
FORT BEND COUNTY,157,48 Years,9958,4816,5142,3488,1747,1741,2155,952,1203,2126,1051,1075,2189,1066,1123
FORT BEND COUNTY,157,49 Years,9965,4719,5246,3531,1707,1824,2147,929,1218,2195,1083,1112,2092,1000,1092
FORT BEND COUNTY,157,50 Years,9990,4837,5153,3684,1852,1832,2110,951,1159,2220,1091,1129,1976,943,1033
FORT BEND COUNTY,157,51 Years,9716,4734,4982,3784,1882,1902,2041,943,1098,2027,998,1029,1864,911,953
FORT BEND COUNTY,157,52 Years,9698,4654,5044,3853,1869,1984,2067,962,1105,2005,966,1039,1773,857,916
FORT BEND COUNTY,157,53 Years,9907,4866,5041,4113,2060,2053,2083,986,1097,1969,952,1017,1742,868,874
FORT BEND COUNTY,157,54 Years,9746,4743,5003,4262,2112,2150,1984,905,1079,1849,904,945,1651,822,829
FORT BEND COUNTY,157,55 Years,9589,4685,4904,4279,2176,2103,1976,887,1089,1779,876,903,1555,746,809
FORT BEND COUNTY,157,56 Years,9315,4579,4736,4207,2155,2052,1908,866,1042,1736,850,886,1464,708,756
FORT BEND COUNTY,157,57 Years,8943,4466,4477,3917,2020,1897,1856,872,984,1768,878,890,1402,696,706
FORT BEND COUNTY,157,58 Years,8488,4135,4353,3691,1846,1845,1835,849,986,1658,818,840,1304,622,682
FORT BEND COUNTY,157,59 Years,7827,3809,4018,3443,1747,1696,1665,733,932,1521,773,748,1198,556,642
FORT BEND COUNTY,157,60 Years,7534,3656,3878,3333,1675,1658,1566,687,879,1513,755,758,1122,539,583
FORT BEND COUNTY,157,61 Years,7171,3451,3720,3243,1670,1573,1492,611,881,1380,653,727,1056,517,539
FORT BEND COUNTY,157,62 Years,6636,3216,3420,2962,1503,1459,1364,601,763,1360,643,717,950,469,481
FORT BEND COUNTY,157,63 Years,6382,3129,3253,2808,1422,1386,1326,605,721,1327,645,682,921,457,464
FORT BEND COUNTY,157,64 Years,5947,2904,3043,2618,1326,1292,1266,563,703,1223,602,621,840,413,427
FORT BEND COUNTY,157,65 Years,5680,2746,2934,2620,1320,1300,1135,511,624,1130,556,574,795,359,436
FORT BEND COUNTY,157,66 Years,5412,2625,2787,2625,1329,1296,980,428,552,1057,526,531,750,342,408
FORT BEND COUNTY,157,67 Years,4385,2115,2270,1996,1003,993,774,344,430,942,462,480,673,306,367
FORT BEND COUNTY,157,68 Years,3944,1872,2072,1800,883,917,678,291,387,889,436,453,577,262,315
FORT BEND COUNTY,157,69 Years,3711,1768,1943,1780,894,886,625,252,373,792,401,391,514,221,293
FORT BEND COUNTY,157,70 Years,3396,1652,1744,1660,829,831,538,235,303,724,384,340,474,204,270
FORT BEND COUNTY,157,71 Years,2965,1442,1523,1423,699,724,451,199,252,669,342,327,422,202,220
FORT BEND COUNTY,157,72 Years,2707,1262,1445,1259,601,658,420,180,240,617,296,321,411,185,226
FORT BEND COUNTY,157,73 Years,2514,1194,1320,1173,563,610,372,160,212,579,299,280,390,172,218
FORT BEND COUNTY,157,74 Years,2270,1054,1216,1088,514,574,339,145,194,505,262,243,338,133,205
FORT BEND COUNTY,157,75 Years,2055,920,1135,990,456,534,299,111,188,441,220,221,325,133,192
FORT BEND COUNTY,157,76 Years,1824,807,1017,875,411,464,254,90,164,398,193,205,297,113,184
FORT BEND COUNTY,157,77 Years,1730,743,987,853,387,466,236,90,146,364,167,197,277,99,178
FORT BEND COUNTY,157,78 Years,1555,687,868,776,344,432,212,86,126,320,153,167,247,104,143
FORT BEND COUNTY,157,79 Years,1356,588,768,695,298,397,192,74,118,259,134,125,210,82,128
FORT BEND COUNTY,157,80 Years,1310,544,766,696,291,405,178,61,117,236,113,123,200,79,121
FORT BEND COUNTY,157,81 Years,1199,497,702,671,278,393,134,45,89,200,96,104,194,78,116
FORT BEND COUNTY,157,82 Years,1120,445,675,625,254,371,125,39,86,191,85,106,179,67,112
FORT BEND COUNTY,157,83 Years,1061,406,655,592,220,372,121,41,80,172,72,100,176,73,103
FORT BEND COUNTY,157,84 Years,964,363,601,553,206,347,127,43,84,144,61,83,140,53,87
FORT BEND COUNTY,157,85 Years +,5144,1752,3392,3164,1095,2069,575,148,427,803,305,498,602,204,398
FRANKLIN COUNTY,159,All Ages,10656,5358,5298,8500,4244,4256,420,214,206,263,106,157,1473,794,679
FRANKLIN COUNTY,159,< 1 Year,117,60,57,85,44,41,5,3,2,5,2,3,22,11,11
FRANKLIN COUNTY,159,1 Years,115,59,56,85,43,42,5,3,2,4,2,2,21,11,10
FRANKLIN COUNTY,159,2 Years,115,60,55,85,44,41,4,3,1,4,2,2,22,11,11
FRANKLIN COUNTY,159,3 Years,135,66,69,86,41,45,6,3,3,6,5,1,37,17,20
FRANKLIN COUNTY,159,4 Years,136,72,64,89,50,39,3,2,1,4,3,1,40,17,23
FRANKLIN COUNTY,159,5 Years,138,76,62,85,50,35,5,2,3,5,1,4,43,23,20
FRANKLIN COUNTY,159,6 Years,155,79,76,99,48,51,8,4,4,4,1,3,44,26,18
FRANKLIN COUNTY,159,7 Years,141,72,69,96,48,48,5,1,4,5,2,3,35,21,14
FRANKLIN COUNTY,159,8 Years,172,91,81,115,62,53,7,4,3,10,4,6,40,21,19
FRANKLIN COUNTY,159,9 Years,174,102,72,111,69,42,9,5,4,11,5,6,43,23,20
FRANKLIN COUNTY,159,10 Years,128,72,56,82,49,33,9,6,3,3,1,2,34,16,18
FRANKLIN COUNTY,159,11 Years,154,85,69,110,61,49,8,6,2,4,1,3,32,17,15
FRANKLIN COUNTY,159,12 Years,149,83,66,104,58,46,10,5,5,6,2,4,29,18,11
FRANKLIN COUNTY,159,13 Years,150,76,74,102,55,47,14,6,8,4,2,2,30,13,17
FRANKLIN COUNTY,159,14 Years,147,72,75,104,55,49,7,3,4,4,2,2,32,12,20
FRANKLIN COUNTY,159,15 Years,144,73,71,104,58,46,4,1,3,7,1,6,29,13,16
FRANKLIN COUNTY,159,16 Years,147,79,68,107,59,48,4,1,3,9,3,6,27,16,11
FRANKLIN COUNTY,159,17 Years,138,77,61,105,58,47,4,2,2,3,2,1,26,15,11
FRANKLIN COUNTY,159,18 Years,136,69,67,96,48,48,8,4,4,7,4,3,25,13,12
FRANKLIN COUNTY,159,19 Years,132,70,62,90,51,39,7,3,4,4,1,3,31,15,16
FRANKLIN COUNTY,159,20 Years,135,75,60,90,49,41,7,4,3,4,2,2,34,20,14
FRANKLIN COUNTY,159,21 Years,131,68,63,86,42,44,8,7,1,6,3,3,31,16,15
FRANKLIN COUNTY,159,22 Years,120,65,55,79,40,39,8,6,2,5,3,2,28,16,12
FRANKLIN COUNTY,159,23 Years,126,66,60,86,43,43,6,4,2,4,1,3,30,18,12
FRANKLIN COUNTY,159,24 Years,122,62,60,91,46,45,3,1,2,3,1,2,25,14,11
FRANKLIN COUNTY,159,25 Years,126,65,61,92,44,48,4,2,2,3,1,2,27,18,9
FRANKLIN COUNTY,159,26 Years,118,58,60,83,42,41,3,1,2,2,1,1,30,14,16
FRANKLIN COUNTY,159,27 Years,115,54,61,83,37,46,3,2,1,2,2,0,27,13,14
FRANKLIN COUNTY,159,28 Years,105,51,54,78,37,41,3,1,2,1,1,0,23,12,11
FRANKLIN COUNTY,159,29 Years,92,44,48,69,31,38,6,2,4,0,0,0,17,11,6
FRANKLIN COUNTY,159,30 Years,95,45,50,69,30,39,9,5,4,1,0,1,16,10,6
FRANKLIN COUNTY,159,31 Years,105,48,57,76,34,42,5,2,3,1,0,1,23,12,11
FRANKLIN COUNTY,159,32 Years,95,49,46,76,36,40,1,0,1,1,0,1,17,13,4
FRANKLIN COUNTY,159,33 Years,117,54,63,91,38,53,7,3,4,3,1,2,16,12,4
FRANKLIN COUNTY,159,34 Years,100,49,51,74,36,38,8,4,4,3,0,3,15,9,6
FRANKLIN COUNTY,159,35 Years,98,56,42,69,37,32,6,5,1,2,1,1,21,13,8
FRANKLIN COUNTY,159,36 Years,98,45,53,70,31,39,7,4,3,4,2,2,17,8,9
FRANKLIN COUNTY,159,37 Years,94,47,47,70,34,36,7,4,3,2,1,1,15,8,7
FRANKLIN COUNTY,159,38 Years,99,42,57,76,33,43,5,3,2,2,1,1,16,5,11
FRANKLIN COUNTY,159,39 Years,93,44,49,73,36,37,4,2,2,1,0,1,15,6,9
FRANKLIN COUNTY,159,40 Years,111,57,54,86,43,43,4,1,3,5,2,3,16,11,5
FRANKLIN COUNTY,159,41 Years,117,58,59,89,47,42,3,0,3,2,0,2,23,11,12
FRANKLIN COUNTY,159,42 Years,124,64,60,95,50,45,5,3,2,3,1,2,21,10,11
FRANKLIN COUNTY,159,43 Years,120,68,52,91,51,40,7,4,3,4,3,1,18,10,8
FRANKLIN COUNTY,159,44 Years,133,74,59,112,62,50,7,4,3,4,3,1,10,5,5
FRANKLIN COUNTY,159,45 Years,120,66,54,96,52,44,5,3,2,2,1,1,17,10,7
FRANKLIN COUNTY,159,46 Years,115,55,60,87,42,45,6,2,4,2,0,2,20,11,9
FRANKLIN COUNTY,159,47 Years,126,59,67,102,48,54,5,2,3,2,2,0,17,7,10
FRANKLIN COUNTY,159,48 Years,146,67,79,120,58,62,4,1,3,3,0,3,19,8,11
FRANKLIN COUNTY,159,49 Years,153,69,84,126,53,73,4,3,1,5,1,4,18,12,6
FRANKLIN COUNTY,159,50 Years,161,90,71,135,71,64,5,5,0,3,2,1,18,12,6
FRANKLIN COUNTY,159,51 Years,144,77,67,119,60,59,4,2,2,4,2,2,17,13,4
FRANKLIN COUNTY,159,52 Years,141,73,68,120,59,61,5,4,1,1,0,1,15,10,5
FRANKLIN COUNTY,159,53 Years,144,71,73,119,58,61,5,3,2,5,2,3,15,8,7
FRANKLIN COUNTY,159,54 Years,155,76,79,130,62,68,6,3,3,3,2,1,16,9,7
FRANKLIN COUNTY,159,55 Years,145,73,72,127,62,65,4,2,2,3,2,1,11,7,4
FRANKLIN COUNTY,159,56 Years,151,75,76,129,63,66,7,3,4,3,1,2,12,8,4
FRANKLIN COUNTY,159,57 Years,143,73,70,125,64,61,7,3,4,1,0,1,10,6,4
FRANKLIN COUNTY,159,58 Years,135,76,59,116,63,53,10,7,3,1,0,1,8,6,2
FRANKLIN COUNTY,159,59 Years,128,63,65,116,58,58,2,2,0,2,0,2,8,3,5
FRANKLIN COUNTY,159,60 Years,141,65,76,125,59,66,5,2,3,4,2,2,7,2,5
FRANKLIN COUNTY,159,61 Years,162,69,93,146,65,81,5,2,3,2,0,2,9,2,7
FRANKLIN COUNTY,159,62 Years,153,77,76,137,71,66,4,1,3,3,1,2,9,4,5
FRANKLIN COUNTY,159,63 Years,151,84,67,137,77,60,4,2,2,4,1,3,6,4,2
FRANKLIN COUNTY,159,64 Years,156,85,71,145,79,66,3,2,1,3,1,2,5,3,2
FRANKLIN COUNTY,159,65 Years,153,72,81,144,69,75,2,1,1,4,0,4,3,2,1
FRANKLIN COUNTY,159,66 Years,152,64,88,144,59,85,1,0,1,2,0,2,5,5,0
FRANKLIN COUNTY,159,67 Years,137,63,74,125,55,70,2,1,1,3,1,2,7,6,1
FRANKLIN COUNTY,159,68 Years,110,58,52,103,54,49,2,1,1,1,1,0,4,2,2
FRANKLIN COUNTY,159,69 Years,129,65,64,118,61,57,3,2,1,4,1,3,4,1,3
FRANKLIN COUNTY,159,70 Years,127,61,66,121,59,62,4,2,2,1,0,1,1,0,1
FRANKLIN COUNTY,159,71 Years,115,55,60,112,54,58,2,0,2,1,1,0,0,0,0
FRANKLIN COUNTY,159,72 Years,102,57,45,95,52,43,3,1,2,1,1,0,3,3,0
FRANKLIN COUNTY,159,73 Years,94,52,42,87,48,39,1,1,0,3,2,1,3,1,2
FRANKLIN COUNTY,159,74 Years,101,50,51,97,48,49,2,1,1,1,1,0,1,0,1
FRANKLIN COUNTY,159,75 Years,109,50,59,102,47,55,6,3,3,1,0,1,0,0,0
FRANKLIN COUNTY,159,76 Years,95,42,53,87,40,47,6,2,4,1,0,1,1,0,1
FRANKLIN COUNTY,159,77 Years,75,34,41,68,31,37,3,1,2,0,0,0,4,2,2
FRANKLIN COUNTY,159,78 Years,76,39,37,72,37,35,1,1,0,1,0,1,2,1,1
FRANKLIN COUNTY,159,79 Years,74,36,38,74,36,38,0,0,0,0,0,0,0,0,0
FRANKLIN COUNTY,159,80 Years,62,26,36,61,26,35,1,0,1,0,0,0,0,0,0
FRANKLIN COUNTY,159,81 Years,55,25,30,54,25,29,1,0,1,0,0,0,0,0,0
FRANKLIN COUNTY,159,82 Years,62,34,28,55,29,26,2,1,1,3,2,1,2,2,0
FRANKLIN COUNTY,159,83 Years,47,19,28,45,19,26,1,0,1,1,0,1,0,0,0
FRANKLIN COUNTY,159,84 Years,45,18,27,43,18,25,1,0,1,0,0,0,1,0,1
FRANKLIN COUNTY,159,85 Years +,254,94,160,242,93,149,8,1,7,2,0,2,2,0,2
FREESTONE COUNTY,161,All Ages,20078,10574,9504,13638,6921,6717,3210,1776,1434,326,175,151,2904,1702,1202
FREESTONE COUNTY,161,< 1 Year,231,120,111,136,71,65,32,16,16,9,4,5,54,29,25
FREESTONE COUNTY,161,1 Years,236,122,114,142,73,69,32,17,15,8,4,4,54,28,26
FREESTONE COUNTY,161,2 Years,231,119,112,140,71,69,32,17,15,7,4,3,52,27,25
FREESTONE COUNTY,161,3 Years,235,113,122,135,64,71,40,19,21,5,2,3,55,28,27
FREESTONE COUNTY,161,4 Years,238,125,113,131,69,62,39,19,20,5,3,2,63,34,29
FREESTONE COUNTY,161,5 Years,257,145,112,158,92,66,37,22,15,8,4,4,54,27,27
FREESTONE COUNTY,161,6 Years,251,135,116,149,84,65,42,23,19,10,5,5,50,23,27
FREESTONE COUNTY,161,7 Years,238,125,113,136,73,63,39,21,18,9,6,3,54,25,29
FREESTONE COUNTY,161,8 Years,247,122,125,146,69,77,27,13,14,8,4,4,66,36,30
FREESTONE COUNTY,161,9 Years,252,116,136,154,76,78,31,11,20,4,3,1,63,26,37
FREESTONE COUNTY,161,10 Years,266,126,140,166,83,83,33,15,18,5,3,2,62,25,37
FREESTONE COUNTY,161,11 Years,296,154,142,185,95,90,42,27,15,8,5,3,61,27,34
FREESTONE COUNTY,161,12 Years,296,155,141,180,95,85,44,24,20,7,5,2,65,31,34
FREESTONE COUNTY,161,13 Years,279,144,135,173,89,84,46,24,22,3,3,0,57,28,29
FREESTONE COUNTY,161,14 Years,255,140,115,165,87,78,37,21,16,2,1,1,51,31,20
FREESTONE COUNTY,161,15 Years,247,129,118,161,82,79,41,24,17,7,3,4,38,20,18
FREESTONE COUNTY,161,16 Years,253,132,121,166,90,76,42,23,19,4,2,2,41,17,24
FREESTONE COUNTY,161,17 Years,259,139,120,160,86,74,37,20,17,6,5,1,56,28,28
FREESTONE COUNTY,161,18 Years,254,132,122,166,82,84,39,22,17,4,2,2,45,26,19
FREESTONE COUNTY,161,19 Years,245,127,118,157,80,77,36,16,20,4,1,3,48,30,18
FREESTONE COUNTY,161,20 Years,222,123,99,130,70,60,37,18,19,3,0,3,52,35,17
FREESTONE COUNTY,161,21 Years,216,115,101,130,65,65,40,21,19,4,2,2,42,27,15
FREESTONE COUNTY,161,22 Years,182,95,87,111,58,53,26,12,14,3,1,2,42,24,18
FREESTONE COUNTY,161,23 Years,191,104,87,109,61,48,27,15,12,3,1,2,52,27,25
FREESTONE COUNTY,161,24 Years,197,118,79,116,70,46,34,20,14,4,1,3,43,27,16
FREESTONE COUNTY,161,25 Years,191,87,104,116,55,61,33,14,19,4,1,3,38,17,21
FREESTONE COUNTY,161,26 Years,202,102,100,111,50,61,42,21,21,4,3,1,45,28,17
FREESTONE COUNTY,161,27 Years,218,120,98,117,57,60,50,30,20,5,2,3,46,31,15
FREESTONE COUNTY,161,28 Years,221,134,87,127,73,54,36,24,12,5,2,3,53,35,18
FREESTONE COUNTY,161,29 Years,209,123,86,131,73,58,30,21,9,2,1,1,46,28,18
FREESTONE COUNTY,161,30 Years,216,123,93,118,62,56,37,24,13,4,4,0,57,33,24
FREESTONE COUNTY,161,31 Years,228,116,112,131,61,70,35,20,15,4,3,1,58,32,26
FREESTONE COUNTY,161,32 Years,261,152,109,155,78,77,37,26,11,2,1,1,67,47,20
FREESTONE COUNTY,161,33 Years,260,148,112,168,93,75,36,17,19,2,1,1,54,37,17
FREESTONE COUNTY,161,34 Years,261,149,112,153,86,67,48,26,22,1,1,0,59,36,23
FREESTONE COUNTY,161,35 Years,259,151,108,162,88,74,41,23,18,4,2,2,52,38,14
FREESTONE COUNTY,161,36 Years,249,149,100,161,89,72,37,21,16,2,2,0,49,37,12
FREESTONE COUNTY,161,37 Years,234,140,94,149,82,67,35,25,10,1,1,0,49,32,17
FREESTONE COUNTY,161,38 Years,245,148,97,149,82,67,46,35,11,5,3,2,45,28,17
FREESTONE COUNTY,161,39 Years,239,143,96,149,83,66,34,25,9,7,4,3,49,31,18
FREESTONE COUNTY,161,40 Years,228,147,81,146,90,56,38,28,10,3,2,1,41,27,14
FREESTONE COUNTY,161,41 Years,280,160,120,177,97,80,34,19,15,6,3,3,63,41,22
FREESTONE COUNTY,161,42 Years,295,161,134,193,97,96,53,35,18,3,1,2,46,28,18
FREESTONE COUNTY,161,43 Years,310,178,132,214,114,100,42,28,14,3,1,2,51,35,16
FREESTONE COUNTY,161,44 Years,266,148,118,179,92,87,51,34,17,3,2,1,33,20,13
FREESTONE COUNTY,161,45 Years,261,174,87,171,102,69,42,32,10,2,2,0,46,38,8
FREESTONE COUNTY,161,46 Years,248,144,104,165,86,79,48,33,15,2,1,1,33,24,9
FREESTONE COUNTY,161,47 Years,265,153,112,168,87,81,52,35,17,6,4,2,39,27,12
FREESTONE COUNTY,161,48 Years,274,146,128,185,94,91,49,26,23,6,2,4,34,24,10
FREESTONE COUNTY,161,49 Years,280,153,127,192,102,90,50,26,24,2,1,1,36,24,12
FREESTONE COUNTY,161,50 Years,265,152,113,187,102,85,46,30,16,3,0,3,29,20,9
FREESTONE COUNTY,161,51 Years,285,149,136,193,95,98,53,32,21,4,2,2,35,20,15
FREESTONE COUNTY,161,52 Years,288,156,132,200,100,100,64,43,21,4,4,0,20,9,11
FREESTONE COUNTY,161,53 Years,298,161,137,215,113,102,52,28,24,4,3,1,27,17,10
FREESTONE COUNTY,161,54 Years,290,162,128,205,109,96,61,39,22,5,3,2,19,11,8
FREESTONE COUNTY,161,55 Years,267,132,135,196,95,101,50,25,25,3,2,1,18,10,8
FREESTONE COUNTY,161,56 Years,277,152,125,198,107,91,50,28,22,5,2,3,24,15,9
FREESTONE COUNTY,161,57 Years,279,144,135,199,103,96,53,26,27,2,1,1,25,14,11
FREESTONE COUNTY,161,58 Years,300,160,140,219,116,103,55,30,25,3,1,2,23,13,10
FREESTONE COUNTY,161,59 Years,283,152,131,215,109,106,48,30,18,5,3,2,15,10,5
FREESTONE COUNTY,161,60 Years,292,149,143,223,111,112,48,22,26,6,4,2,15,12,3
FREESTONE COUNTY,161,61 Years,245,118,127,192,92,100,40,17,23,2,1,1,11,8,3
FREESTONE COUNTY,161,62 Years,243,128,115,188,94,94,39,22,17,1,1,0,15,11,4
FREESTONE COUNTY,161,63 Years,281,141,140,213,104,109,46,25,21,4,1,3,18,11,7
FREESTONE COUNTY,161,64 Years,283,133,150,228,102,126,36,20,16,4,1,3,15,10,5
FREESTONE COUNTY,161,65 Years,263,119,144,221,95,126,29,16,13,4,2,2,9,6,3
FREESTONE COUNTY,161,66 Years,272,140,132,224,114,110,34,19,15,5,4,1,9,3,6
FREESTONE COUNTY,161,67 Years,213,99,114,166,79,87,37,15,22,2,1,1,8,4,4
FREESTONE COUNTY,161,68 Years,217,98,119,174,81,93,29,10,19,5,2,3,9,5,4
FREESTONE COUNTY,161,69 Years,231,105,126,186,82,104,34,16,18,2,1,1,9,6,3
FREESTONE COUNTY,161,70 Years,225,108,117,184,83,101,30,16,14,3,2,1,8,7,1
FREESTONE COUNTY,161,71 Years,203,97,106,170,77,93,26,14,12,1,1,0,6,5,1
FREESTONE COUNTY,161,72 Years,173,90,83,147,75,72,21,12,9,2,1,1,3,2,1
FREESTONE COUNTY,161,73 Years,162,84,78,138,72,66,20,11,9,3,1,2,1,0,1
FREESTONE COUNTY,161,74 Years,162,81,81,137,69,68,20,10,10,2,1,1,3,1,2
FREESTONE COUNTY,161,75 Years,156,77,79,132,67,65,22,10,12,1,0,1,1,0,1
FREESTONE COUNTY,161,76 Years,141,70,71,115,59,56,24,10,14,1,1,0,1,0,1
FREESTONE COUNTY,161,77 Years,135,61,74,114,52,62,18,8,10,1,0,1,2,1,1
FREESTONE COUNTY,161,78 Years,128,60,68,104,48,56,19,8,11,2,2,0,3,2,1
FREESTONE COUNTY,161,79 Years,108,48,60,89,40,49,17,7,10,0,0,0,2,1,1
FREESTONE COUNTY,161,80 Years,101,37,64,81,30,51,17,7,10,2,0,2,1,0,1
FREESTONE COUNTY,161,81 Years,90,40,50,71,34,37,17,6,11,2,0,2,0,0,0
FREESTONE COUNTY,161,82 Years,94,44,50,76,36,40,15,6,9,1,1,0,2,1,1
FREESTONE COUNTY,161,83 Years,82,34,48,69,29,40,9,3,6,1,0,1,3,2,1
FREESTONE COUNTY,161,84 Years,62,23,39,52,19,33,9,4,5,0,0,0,1,0,1
FREESTONE COUNTY,161,85 Years +,410,146,264,328,120,208,74,23,51,3,2,1,5,1,4
FRIO COUNTY,163,All Ages,18175,10602,7573,2894,1543,1351,531,497,34,535,452,83,14215,8110,6105
FRIO COUNTY,163,< 1 Year,251,129,122,32,16,16,1,1,0,4,3,1,214,109,105
FRIO COUNTY,163,1 Years,237,121,116,27,14,13,0,0,0,3,1,2,207,106,101
FRIO COUNTY,163,2 Years,232,119,113,28,14,14,0,0,0,3,2,1,201,103,98
FRIO COUNTY,163,3 Years,243,125,118,28,14,14,0,0,0,1,1,0,214,110,104
FRIO COUNTY,163,4 Years,228,120,108,22,11,11,0,0,0,3,1,2,203,108,95
FRIO COUNTY,163,5 Years,242,140,102,23,11,12,0,0,0,1,0,1,218,129,89
FRIO COUNTY,163,6 Years,235,119,116,26,11,15,1,1,0,2,0,2,206,107,99
FRIO COUNTY,163,7 Years,245,126,119,21,11,10,2,0,2,1,0,1,221,115,106
FRIO COUNTY,163,8 Years,233,118,115,20,11,9,1,1,0,3,2,1,209,104,105
FRIO COUNTY,163,9 Years,207,104,103,22,9,13,1,1,0,1,1,0,183,93,90
FRIO COUNTY,163,10 Years,220,112,108,27,9,18,0,0,0,3,2,1,190,101,89
FRIO COUNTY,163,11 Years,250,116,134,28,17,11,1,0,1,2,1,1,219,98,121
FRIO COUNTY,163,12 Years,257,133,124,22,12,10,1,0,1,2,1,1,232,120,112
FRIO COUNTY,163,13 Years,266,135,131,30,16,14,1,1,0,2,2,0,233,116,117
FRIO COUNTY,163,14 Years,242,119,123,26,12,14,0,0,0,3,1,2,213,106,107
FRIO COUNTY,163,15 Years,228,121,107,22,12,10,1,0,1,2,1,1,203,108,95
FRIO COUNTY,163,16 Years,224,123,101,28,15,13,1,1,0,3,1,2,192,106,86
FRIO COUNTY,163,17 Years,214,120,94,25,17,8,1,1,0,4,3,1,184,99,85
FRIO COUNTY,163,18 Years,264,144,120,35,22,13,8,6,2,3,3,0,218,113,105
FRIO COUNTY,163,19 Years,269,150,119,23,12,11,7,6,1,12,12,0,227,120,107
FRIO COUNTY,163,20 Years,308,184,124,32,22,10,13,13,0,8,6,2,255,143,112
FRIO COUNTY,163,21 Years,355,227,128,28,16,12,29,29,0,10,9,1,288,173,115
FRIO COUNTY,163,22 Years,367,251,116,24,16,8,30,30,0,15,13,2,298,192,106
FRIO COUNTY,163,23 Years,325,241,84,21,14,7,43,43,0,20,15,5,241,169,72
FRIO COUNTY,163,24 Years,363,275,88,39,26,13,34,34,0,21,19,2,269,196,73
FRIO COUNTY,163,25 Years,345,267,78,32,23,9,28,27,1,24,24,0,261,193,68
FRIO COUNTY,163,26 Years,363,278,85,33,22,11,27,27,0,25,22,3,278,207,71
FRIO COUNTY,163,27 Years,347,261,86,44,31,13,26,26,0,20,19,1,257,185,72
FRIO COUNTY,163,28 Years,314,229,85,30,20,10,19,19,0,23,22,1,242,168,74
FRIO COUNTY,163,29 Years,304,215,89,44,32,12,23,23,0,21,20,1,216,140,76
FRIO COUNTY,163,30 Years,340,243,97,31,19,12,26,26,0,21,21,0,262,177,85
FRIO COUNTY,163,31 Years,289,210,79,20,11,9,18,18,0,20,19,1,231,162,69
FRIO COUNTY,163,32 Years,296,218,78,27,16,11,16,16,0,23,22,1,230,164,66
FRIO COUNTY,163,33 Years,275,193,82,30,16,14,10,10,0,10,9,1,225,158,67
FRIO COUNTY,163,34 Years,266,187,79,37,25,12,24,22,2,12,10,2,193,130,63
FRIO COUNTY,163,35 Years,239,170,69,26,18,8,18,17,1,13,12,1,182,123,59
FRIO COUNTY,163,36 Years,223,149,74,26,17,9,14,14,0,10,9,1,173,109,64
FRIO COUNTY,163,37 Years,237,165,72,17,8,9,10,10,0,13,12,1,197,135,62
FRIO COUNTY,163,38 Years,240,164,76,29,19,10,5,5,0,13,13,0,193,127,66
FRIO COUNTY,163,39 Years,220,136,84,24,16,8,4,4,0,11,9,2,181,107,74
FRIO COUNTY,163,40 Years,236,152,84,27,19,8,12,11,1,13,11,2,184,111,73
FRIO COUNTY,163,41 Years,223,143,80,22,15,7,6,5,1,12,10,2,183,113,70
FRIO COUNTY,163,42 Years,217,131,86,28,13,15,4,3,1,6,6,0,179,109,70
FRIO COUNTY,163,43 Years,210,128,82,34,15,19,2,1,1,7,4,3,167,108,59
FRIO COUNTY,163,44 Years,206,120,86,31,16,15,4,2,2,4,3,1,167,99,68
FRIO COUNTY,163,45 Years,211,136,75,33,18,15,5,5,0,5,4,1,168,109,59
FRIO COUNTY,163,46 Years,229,135,94,35,16,19,7,6,1,8,7,1,179,106,73
FRIO COUNTY,163,47 Years,238,120,118,28,14,14,7,3,4,8,6,2,195,97,98
FRIO COUNTY,163,48 Years,223,125,98,31,19,12,3,2,1,6,5,1,183,99,84
FRIO COUNTY,163,49 Years,247,127,120,52,23,29,2,1,1,10,8,2,183,95,88
FRIO COUNTY,163,50 Years,214,122,92,46,20,26,3,2,1,8,7,1,157,93,64
FRIO COUNTY,163,51 Years,184,99,85,44,26,18,5,5,0,4,3,1,131,65,66
FRIO COUNTY,163,52 Years,185,101,84,42,27,15,3,3,0,4,4,0,136,67,69
FRIO COUNTY,163,53 Years,212,125,87,45,28,17,4,4,0,6,3,3,157,90,67
FRIO COUNTY,163,54 Years,221,122,99,43,25,18,5,5,0,4,2,2,169,90,79
FRIO COUNTY,163,55 Years,214,109,105,43,21,22,3,1,2,4,3,1,164,84,80
FRIO COUNTY,163,56 Years,206,98,108,45,19,26,0,0,0,2,1,1,159,78,81
FRIO COUNTY,163,57 Years,196,98,98,46,21,25,1,0,1,5,4,1,144,73,71
FRIO COUNTY,163,58 Years,186,98,88,55,31,24,1,0,1,3,2,1,127,65,62
FRIO COUNTY,163,59 Years,178,97,81,55,29,26,1,1,0,2,1,1,120,66,54
FRIO COUNTY,163,60 Years,178,88,90,54,26,28,2,1,1,2,1,1,120,60,60
FRIO COUNTY,163,61 Years,165,73,92,52,24,28,0,0,0,2,2,0,111,47,64
FRIO COUNTY,163,62 Years,178,86,92,49,23,26,0,0,0,2,2,0,127,61,66
FRIO COUNTY,163,63 Years,203,112,91,57,31,26,1,1,0,1,1,0,144,79,65
FRIO COUNTY,163,64 Years,186,89,97,56,28,28,0,0,0,1,0,1,129,61,68
FRIO COUNTY,163,65 Years,165,76,89,52,23,29,1,0,1,1,1,0,111,52,59
FRIO COUNTY,163,66 Years,149,77,72,37,19,18,1,1,0,0,0,0,111,57,54
FRIO COUNTY,163,67 Years,147,68,79,45,25,20,0,0,0,0,0,0,102,43,59
FRIO COUNTY,163,68 Years,149,74,75,46,25,21,0,0,0,0,0,0,103,49,54
FRIO COUNTY,163,69 Years,144,77,67,48,24,24,0,0,0,1,1,0,95,52,43
FRIO COUNTY,163,70 Years,127,60,67,46,23,23,1,1,0,1,0,1,79,36,43
FRIO COUNTY,163,71 Years,105,49,56,33,16,17,0,0,0,1,0,1,71,33,38
FRIO COUNTY,163,72 Years,99,45,54,38,15,23,1,1,0,1,1,0,59,28,31
FRIO COUNTY,163,73 Years,94,49,45,37,17,20,0,0,0,1,1,0,56,31,25
FRIO COUNTY,163,74 Years,86,37,49,34,15,19,0,0,0,2,0,2,50,22,28
FRIO COUNTY,163,75 Years,84,40,44,35,18,17,0,0,0,1,0,1,48,22,26
FRIO COUNTY,163,76 Years,87,40,47,29,16,13,0,0,0,0,0,0,58,24,34
FRIO COUNTY,163,77 Years,82,36,46,27,14,13,0,0,0,0,0,0,55,22,33
FRIO COUNTY,163,78 Years,91,38,53,20,12,8,2,0,2,0,0,0,69,26,43
FRIO COUNTY,163,79 Years,77,32,45,21,10,11,0,0,0,0,0,0,56,22,34
FRIO COUNTY,163,80 Years,60,28,32,20,8,12,0,0,0,0,0,0,40,20,20
FRIO COUNTY,163,81 Years,59,24,35,19,7,12,0,0,0,0,0,0,40,17,23
FRIO COUNTY,163,82 Years,60,22,38,19,5,14,0,0,0,0,0,0,41,17,24
FRIO COUNTY,163,83 Years,55,19,36,15,6,9,0,0,0,1,1,0,39,12,27
FRIO COUNTY,163,84 Years,58,27,31,22,11,11,0,0,0,1,1,0,35,15,20
FRIO COUNTY,163,85 Years +,248,93,155,89,34,55,0,0,0,4,3,1,155,56,99
GAINES COUNTY,165,All Ages,18820,9434,9386,11399,5623,5776,270,132,138,245,131,114,6906,3548,3358
GAINES COUNTY,165,< 1 Year,350,178,172,182,93,89,4,2,2,7,3,4,157,80,77
GAINES COUNTY,165,1 Years,331,168,163,171,87,84,3,1,2,4,2,2,153,78,75
GAINES COUNTY,165,2 Years,332,169,163,176,90,86,3,1,2,4,2,2,149,76,73
GAINES COUNTY,165,3 Years,389,204,185,219,120,99,9,4,5,3,2,1,158,78,80
GAINES COUNTY,165,4 Years,383,194,189,230,114,116,10,5,5,2,1,1,141,74,67
GAINES COUNTY,165,5 Years,383,186,197,234,107,127,4,1,3,6,2,4,139,76,63
GAINES COUNTY,165,6 Years,370,175,195,236,101,135,6,3,3,3,1,2,125,70,55
GAINES COUNTY,165,7 Years,395,196,199,250,123,127,6,4,2,2,1,1,137,68,69
GAINES COUNTY,165,8 Years,407,194,213,258,122,136,3,2,1,5,1,4,141,69,72
GAINES COUNTY,165,9 Years,410,199,211,253,121,132,4,3,1,4,1,3,149,74,75
GAINES COUNTY,165,10 Years,390,199,191,238,122,116,4,3,1,5,2,3,143,72,71
GAINES COUNTY,165,11 Years,363,190,173,228,117,111,2,1,1,2,1,1,131,71,60
GAINES COUNTY,165,12 Years,366,178,188,224,111,113,5,2,3,1,1,0,136,64,72
GAINES COUNTY,165,13 Years,359,169,190,220,106,114,5,3,2,6,3,3,128,57,71
GAINES COUNTY,165,14 Years,351,171,180,216,104,112,4,3,1,6,5,1,125,59,66
GAINES COUNTY,165,15 Years,334,171,163,200,101,99,3,2,1,9,6,3,122,62,60
GAINES COUNTY,165,16 Years,318,162,156,193,97,96,5,1,4,7,5,2,113,59,54
GAINES COUNTY,165,17 Years,330,170,160,192,96,96,4,1,3,9,6,3,125,67,58
GAINES COUNTY,165,18 Years,314,161,153,180,92,88,4,2,2,7,4,3,123,63,60
GAINES COUNTY,165,19 Years,283,149,134,167,89,78,3,2,1,5,4,1,108,54,54
GAINES COUNTY,165,20 Years,296,152,144,168,88,80,7,3,4,10,5,5,111,56,55
GAINES COUNTY,165,21 Years,308,165,143,168,87,81,6,4,2,11,8,3,123,66,57
GAINES COUNTY,165,22 Years,270,150,120,154,82,72,5,4,1,5,4,1,106,60,46
GAINES COUNTY,165,23 Years,243,130,113,141,70,71,4,3,1,4,4,0,94,53,41
GAINES COUNTY,165,24 Years,269,135,134,159,75,84,2,1,1,5,2,3,103,57,46
GAINES COUNTY,165,25 Years,266,134,132,162,82,80,3,2,1,1,1,0,100,49,51
GAINES COUNTY,165,26 Years,247,134,113,148,84,64,2,1,1,1,0,1,96,49,47
GAINES COUNTY,165,27 Years,266,136,130,164,82,82,3,2,1,2,1,1,97,51,46
GAINES COUNTY,165,28 Years,246,114,132,147,73,74,4,2,2,2,0,2,93,39,54
GAINES COUNTY,165,29 Years,267,138,129,163,89,74,2,1,1,3,0,3,99,48,51
GAINES COUNTY,165,30 Years,246,124,122,146,78,68,3,2,1,2,0,2,95,44,51
GAINES COUNTY,165,31 Years,236,124,112,141,77,64,4,2,2,2,1,1,89,44,45
GAINES COUNTY,165,32 Years,252,133,119,147,80,67,3,1,2,2,0,2,100,52,48
GAINES COUNTY,165,33 Years,239,118,121,142,69,73,1,1,0,1,0,1,95,48,47
GAINES COUNTY,165,34 Years,226,113,113,136,69,67,1,1,0,1,0,1,88,43,45
GAINES COUNTY,165,35 Years,218,110,108,127,64,63,1,1,0,3,2,1,87,43,44
GAINES COUNTY,165,36 Years,223,115,108,122,59,63,3,1,2,1,1,0,97,54,43
GAINES COUNTY,165,37 Years,226,114,112,129,59,70,4,2,2,3,1,2,90,52,38
GAINES COUNTY,165,38 Years,200,99,101,118,53,65,3,1,2,3,3,0,76,42,34
GAINES COUNTY,165,39 Years,201,105,96,123,64,59,5,1,4,0,0,0,73,40,33
GAINES COUNTY,165,40 Years,187,96,91,107,54,53,2,1,1,2,1,1,76,40,36
GAINES COUNTY,165,41 Years,205,101,104,125,58,67,3,2,1,4,2,2,73,39,34
GAINES COUNTY,165,42 Years,200,86,114,126,51,75,6,2,4,2,1,1,66,32,34
GAINES COUNTY,165,43 Years,212,102,110,146,65,81,3,0,3,2,0,2,61,37,24
GAINES COUNTY,165,44 Years,206,97,109,129,61,68,2,1,1,1,0,1,74,35,39
GAINES COUNTY,165,45 Years,220,105,115,136,68,68,3,1,2,1,0,1,80,36,44
GAINES COUNTY,165,46 Years,208,103,105,128,64,64,2,1,1,2,1,1,76,37,39
GAINES COUNTY,165,47 Years,203,101,102,126,60,66,2,2,0,2,2,0,73,37,36
GAINES COUNTY,165,48 Years,226,111,115,138,67,71,6,2,4,4,4,0,78,38,40
GAINES COUNTY,165,49 Years,229,120,109,138,76,62,4,1,3,2,2,0,85,41,44
GAINES COUNTY,165,50 Years,230,110,120,143,73,70,5,0,5,2,1,1,80,36,44
GAINES COUNTY,165,51 Years,234,113,121,137,69,68,6,4,2,5,1,4,86,39,47
GAINES COUNTY,165,52 Years,233,115,118,136,60,76,5,4,1,5,3,2,87,48,39
GAINES COUNTY,165,53 Years,241,125,116,148,73,75,6,4,2,5,2,3,82,46,36
GAINES COUNTY,165,54 Years,226,127,99,142,78,64,2,1,1,6,2,4,76,46,30
GAINES COUNTY,165,55 Years,215,118,97,121,66,55,5,2,3,3,2,1,86,48,38
GAINES COUNTY,165,56 Years,201,103,98,122,62,60,5,3,2,4,2,2,70,36,34
GAINES COUNTY,165,57 Years,190,100,90,114,62,52,1,1,0,5,2,3,70,35,35
GAINES COUNTY,165,58 Years,180,93,87,108,53,55,0,0,0,2,1,1,70,39,31
GAINES COUNTY,165,59 Years,166,83,83,103,48,55,1,0,1,4,3,1,58,32,26
GAINES COUNTY,165,60 Years,177,88,89,112,52,60,2,1,1,2,1,1,61,34,27
GAINES COUNTY,165,61 Years,171,88,83,105,55,50,2,1,1,1,0,1,63,32,31
GAINES COUNTY,165,62 Years,139,67,72,88,40,48,1,1,0,1,0,1,49,26,23
GAINES COUNTY,165,63 Years,138,67,71,86,39,47,2,2,0,0,0,0,50,26,24
GAINES COUNTY,165,64 Years,141,79,62,88,46,42,1,1,0,1,0,1,51,32,19
GAINES COUNTY,165,65 Years,134,66,68,82,41,41,0,0,0,1,1,0,51,24,27
GAINES COUNTY,165,66 Years,111,61,50,66,37,29,0,0,0,4,4,0,41,20,21
GAINES COUNTY,165,67 Years,94,51,43,57,31,26,3,1,2,2,1,1,32,18,14
GAINES COUNTY,165,68 Years,100,44,56,67,29,38,1,0,1,1,1,0,31,14,17
GAINES COUNTY,165,69 Years,95,42,53,61,27,34,1,1,0,1,1,0,32,13,19
GAINES COUNTY,165,70 Years,97,49,48,63,29,34,2,1,1,1,0,1,31,19,12
GAINES COUNTY,165,71 Years,90,43,47,57,22,35,3,1,2,1,1,0,29,19,10
GAINES COUNTY,165,72 Years,66,28,38,42,15,27,2,1,1,1,1,0,21,11,10
GAINES COUNTY,165,73 Years,74,31,43,50,20,30,1,0,1,0,0,0,23,11,12
GAINES COUNTY,165,74 Years,74,33,41,54,26,28,1,0,1,0,0,0,19,7,12
GAINES COUNTY,165,75 Years,76,35,41,50,26,24,3,2,1,1,0,1,22,7,15
GAINES COUNTY,165,76 Years,80,33,47,54,21,33,3,0,3,0,0,0,23,12,11
GAINES COUNTY,165,77 Years,75,37,38,49,23,26,2,0,2,0,0,0,24,14,10
GAINES COUNTY,165,78 Years,67,34,33,46,23,23,1,0,1,1,0,1,19,11,8
GAINES COUNTY,165,79 Years,62,27,35,43,17,26,4,2,2,0,0,0,15,8,7
GAINES COUNTY,165,80 Years,54,23,31,41,16,25,3,1,2,0,0,0,10,6,4
GAINES COUNTY,165,81 Years,55,22,33,42,15,27,2,0,2,0,0,0,11,7,4
GAINES COUNTY,165,82 Years,54,29,25,42,20,22,1,1,0,0,0,0,11,8,3
GAINES COUNTY,165,83 Years,49,26,23,43,21,22,1,0,1,0,0,0,5,5,0
GAINES COUNTY,165,84 Years,43,19,24,31,13,18,0,0,0,1,1,0,11,5,6
GAINES COUNTY,165,85 Years +,189,77,112,135,54,81,2,1,1,3,1,2,49,21,28
GALVESTON COUNTY,167,All Ages,305938,152279,153659,177076,88611,88465,39952,18987,20965,16694,8172,8522,72216,36509,35707
GALVESTON COUNTY,167,< 1 Year,4124,2095,2029,2045,1038,1007,562,288,274,324,167,157,1193,602,591
GALVESTON COUNTY,167,1 Years,4073,2076,1997,2036,1037,999,553,281,272,282,145,137,1202,613,589
GALVESTON COUNTY,167,2 Years,4058,2069,1989,2052,1046,1006,541,275,266,285,146,139,1180,602,578
GALVESTON COUNTY,167,3 Years,4022,2029,1993,1878,943,935,543,269,274,296,156,140,1305,661,644
GALVESTON COUNTY,167,4 Years,4078,2102,1976,1857,957,900,570,285,285,300,167,133,1351,693,658
GALVESTON COUNTY,167,5 Years,4184,2171,2013,1881,964,917,589,307,282,309,175,134,1405,725,680
GALVESTON COUNTY,167,6 Years,4205,2157,2048,1931,981,950,580,306,274,293,159,134,1401,711,690
GALVESTON COUNTY,167,7 Years,4128,2101,2027,1922,975,947,595,314,281,296,156,140,1315,656,659
GALVESTON COUNTY,167,8 Years,4118,2107,2011,1952,1003,949,534,290,244,286,142,144,1346,672,674
GALVESTON COUNTY,167,9 Years,4263,2233,2030,2061,1069,992,569,308,261,278,148,130,1355,708,647
GALVESTON COUNTY,167,10 Years,4286,2182,2104,2018,1017,1001,637,319,318,281,141,140,1350,705,645
GALVESTON COUNTY,167,11 Years,4239,2152,2087,2016,1019,997,579,278,301,266,135,131,1378,720,658
GALVESTON COUNTY,167,12 Years,4394,2268,2126,2126,1081,1045,580,303,277,292,151,141,1396,733,663
GALVESTON COUNTY,167,13 Years,4469,2305,2164,2166,1138,1028,640,320,320,279,147,132,1384,700,684
GALVESTON COUNTY,167,14 Years,4461,2318,2143,2233,1163,1070,623,341,282,263,146,117,1342,668,674
GALVESTON COUNTY,167,15 Years,4391,2269,2122,2190,1155,1035,626,330,296,256,130,126,1319,654,665
GALVESTON COUNTY,167,16 Years,4255,2164,2091,2126,1097,1029,572,296,276,251,117,134,1306,654,652
GALVESTON COUNTY,167,17 Years,4178,2147,2031,2082,1083,999,546,285,261,248,112,136,1302,667,635
GALVESTON COUNTY,167,18 Years,4054,2071,1983,1979,1001,978,564,301,263,215,106,109,1296,663,633
GALVESTON COUNTY,167,19 Years,3900,2022,1878,1847,966,881,570,298,272,215,114,101,1268,644,624
GALVESTON COUNTY,167,20 Years,3937,2032,1905,1836,977,859,644,319,325,227,110,117,1230,626,604
GALVESTON COUNTY,167,21 Years,3988,2095,1893,1899,1020,879,632,311,321,204,105,99,1253,659,594
GALVESTON COUNTY,167,22 Years,3980,2097,1883,1961,1048,913,617,296,321,195,109,86,1207,644,563
GALVESTON COUNTY,167,23 Years,3870,2048,1822,1966,1013,953,584,311,273,195,105,90,1125,619,506
GALVESTON COUNTY,167,24 Years,3643,1893,1750,1849,928,921,558,290,268,191,102,89,1045,573,472
GALVESTON COUNTY,167,25 Years,3637,1835,1802,1863,946,917,541,238,303,216,107,109,1017,544,473
GALVESTON COUNTY,167,26 Years,3802,1884,1918,2012,1005,1007,517,217,300,231,109,122,1042,553,489
GALVESTON COUNTY,167,27 Years,3930,2008,1922,2126,1087,1039,523,253,270,218,106,112,1063,562,501
GALVESTON COUNTY,167,28 Years,3927,2018,1909,2118,1090,1028,540,273,267,218,106,112,1051,549,502
GALVESTON COUNTY,167,29 Years,3867,1873,1994,2100,1012,1088,532,246,286,214,104,110,1021,511,510
GALVESTON COUNTY,167,30 Years,3905,1922,1983,2106,1014,1092,494,251,243,229,105,124,1076,552,524
GALVESTON COUNTY,167,31 Years,3974,1990,1984,2191,1078,1113,475,256,219,250,109,141,1058,547,511
GALVESTON COUNTY,167,32 Years,4202,2075,2127,2271,1114,1157,558,275,283,241,102,139,1132,584,548
GALVESTON COUNTY,167,33 Years,4344,2175,2169,2319,1172,1147,598,280,318,248,111,137,1179,612,567
GALVESTON COUNTY,167,34 Years,4111,2052,2059,2235,1127,1108,529,245,284,238,112,126,1109,568,541
GALVESTON COUNTY,167,35 Years,3904,1939,1965,2120,1062,1058,492,232,260,214,99,115,1078,546,532
GALVESTON COUNTY,167,36 Years,3904,1945,1959,2079,1063,1016,491,221,270,253,118,135,1081,543,538
GALVESTON COUNTY,167,37 Years,3928,1949,1979,2082,1034,1048,493,229,264,261,133,128,1092,553,539
GALVESTON COUNTY,167,38 Years,3952,1969,1983,2118,1041,1077,468,229,239,259,126,133,1107,573,534
GALVESTON COUNTY,167,39 Years,3933,1912,2021,2137,1044,1093,466,206,260,249,111,138,1081,551,530
GALVESTON COUNTY,167,40 Years,4004,1975,2029,2220,1110,1110,457,206,251,274,121,153,1053,538,515
GALVESTON COUNTY,167,41 Years,4060,2007,2053,2260,1137,1123,451,217,234,302,134,168,1047,519,528
GALVESTON COUNTY,167,42 Years,4351,2130,2221,2585,1284,1301,464,215,249,287,132,155,1015,499,516
GALVESTON COUNTY,167,43 Years,4256,2076,2180,2565,1280,1285,446,215,231,267,123,144,978,458,520
GALVESTON COUNTY,167,44 Years,3977,1990,1987,2358,1205,1153,413,207,206,256,113,143,950,465,485
GALVESTON COUNTY,167,45 Years,3966,1949,2017,2379,1186,1193,435,206,229,241,105,136,911,452,459
GALVESTON COUNTY,167,46 Years,3903,1944,1959,2331,1165,1166,472,235,237,219,104,115,881,440,441
GALVESTON COUNTY,167,47 Years,4165,2026,2139,2512,1240,1272,538,256,282,244,120,124,871,410,461
GALVESTON COUNTY,167,48 Years,4436,2168,2268,2706,1350,1356,570,250,320,239,111,128,921,457,464
GALVESTON COUNTY,167,49 Years,4486,2209,2277,2829,1403,1426,573,260,313,231,109,122,853,437,416
GALVESTON COUNTY,167,50 Years,4651,2326,2325,3013,1525,1488,556,260,296,216,99,117,866,442,424
GALVESTON COUNTY,167,51 Years,4730,2328,2402,3074,1518,1556,582,282,300,220,108,112,854,420,434
GALVESTON COUNTY,167,52 Years,4847,2405,2442,3194,1598,1596,606,288,318,221,108,113,826,411,415
GALVESTON COUNTY,167,53 Years,4927,2458,2469,3301,1657,1644,612,288,324,218,111,107,796,402,394
GALVESTON COUNTY,167,54 Years,4812,2388,2424,3255,1642,1613,614,277,337,205,97,108,738,372,366
GALVESTON COUNTY,167,55 Years,4723,2362,2361,3207,1622,1585,579,269,310,210,109,101,727,362,365
GALVESTON COUNTY,167,56 Years,4621,2345,2276,3169,1618,1551,572,276,296,203,102,101,677,349,328
GALVESTON COUNTY,167,57 Years,4442,2247,2195,3041,1551,1490,569,276,293,204,101,103,628,319,309
GALVESTON COUNTY,167,58 Years,4302,2136,2166,2955,1511,1444,552,246,306,201,96,105,594,283,311
GALVESTON COUNTY,167,59 Years,4155,2035,2120,2854,1442,1412,549,231,318,172,77,95,580,285,295
GALVESTON COUNTY,167,60 Years,4029,2002,2027,2777,1411,1366,545,233,312,154,78,76,553,280,273
GALVESTON COUNTY,167,61 Years,3823,1888,1935,2665,1347,1318,486,211,275,146,76,70,526,254,272
GALVESTON COUNTY,167,62 Years,3508,1737,1771,2409,1220,1189,451,198,253,137,69,68,511,250,261
GALVESTON COUNTY,167,63 Years,3389,1681,1708,2330,1183,1147,448,200,248,134,67,67,477,231,246
GALVESTON COUNTY,167,64 Years,3231,1577,1654,2245,1117,1128,417,187,230,133,62,71,436,211,225
GALVESTON COUNTY,167,65 Years,3215,1580,1635,2345,1185,1160,382,161,221,101,43,58,387,191,196
GALVESTON COUNTY,167,66 Years,3066,1546,1520,2256,1156,1100,332,164,168,108,55,53,370,171,199
GALVESTON COUNTY,167,67 Years,2458,1233,1225,1757,907,850,296,137,159,93,41,52,312,148,164
GALVESTON COUNTY,167,68 Years,2298,1157,1141,1611,842,769,284,114,170,96,43,53,307,158,149
GALVESTON COUNTY,167,69 Years,2338,1138,1200,1706,858,848,268,101,167,88,44,44,276,135,141
GALVESTON COUNTY,167,70 Years,2190,1045,1145,1601,780,821,243,101,142,77,33,44,269,131,138
GALVESTON COUNTY,167,71 Years,1977,938,1039,1413,685,728,229,98,131,79,36,43,256,119,137
GALVESTON COUNTY,167,72 Years,1800,853,947,1283,621,662,221,90,131,82,38,44,214,104,110
GALVESTON COUNTY,167,73 Years,1654,776,878,1176,572,604,199,77,122,77,36,41,202,91,111
GALVESTON COUNTY,167,74 Years,1522,720,802,1094,534,560,188,79,109,59,30,29,181,77,104
GALVESTON COUNTY,167,75 Years,1435,675,760,1026,495,531,180,72,108,63,34,29,166,74,92
GALVESTON COUNTY,167,76 Years,1362,613,749,963,452,511,186,65,121,52,25,27,161,71,90
GALVESTON COUNTY,167,77 Years,1259,555,704,888,409,479,179,61,118,43,18,25,149,67,82
GALVESTON COUNTY,167,78 Years,1194,522,672,856,383,473,153,55,98,39,18,21,146,66,80
GALVESTON COUNTY,167,79 Years,1068,454,614,756,328,428,139,51,88,34,15,19,139,60,79
GALVESTON COUNTY,167,80 Years,1005,423,582,711,311,400,133,45,88,29,11,18,132,56,76
GALVESTON COUNTY,167,81 Years,948,393,555,689,293,396,119,41,78,24,10,14,116,49,67
GALVESTON COUNTY,167,82 Years,884,373,511,643,283,360,115,41,74,25,10,15,101,39,62
GALVESTON COUNTY,167,83 Years,841,356,485,606,262,344,105,37,68,24,10,14,106,47,59
GALVESTON COUNTY,167,84 Years,783,322,461,584,239,345,99,41,58,19,10,9,81,32,49
GALVESTON COUNTY,167,85 Years +,4229,1469,2760,3092,1086,2006,620,195,425,82,31,51,435,157,278
GARZA COUNTY,169,All Ages,6510,4104,2406,2929,1634,1295,393,273,120,64,24,40,3124,2173,951
GARZA COUNTY,169,< 1 Year,75,38,37,29,15,14,5,2,3,2,1,1,39,20,19
GARZA COUNTY,169,1 Years,78,40,38,29,15,14,5,3,2,1,0,1,43,22,21
GARZA COUNTY,169,2 Years,76,40,36,29,15,14,5,3,2,1,1,0,41,21,20
GARZA COUNTY,169,3 Years,77,36,41,32,13,19,4,1,3,1,0,1,40,22,18
GARZA COUNTY,169,4 Years,93,51,42,29,17,12,5,4,1,2,0,2,57,30,27
GARZA COUNTY,169,5 Years,71,36,35,27,15,12,4,2,2,1,0,1,39,19,20
GARZA COUNTY,169,6 Years,76,40,36,29,16,13,4,3,1,2,1,1,41,20,21
GARZA COUNTY,169,7 Years,63,27,36,30,13,17,4,4,0,0,0,0,29,10,19
GARZA COUNTY,169,8 Years,62,26,36,28,14,14,3,2,1,1,0,1,30,10,20
GARZA COUNTY,169,9 Years,64,37,27,30,16,14,3,3,0,0,0,0,31,18,13
GARZA COUNTY,169,10 Years,75,38,37,28,14,14,5,2,3,2,1,1,40,21,19
GARZA COUNTY,169,11 Years,59,25,34,23,11,12,4,1,3,1,1,0,31,12,19
GARZA COUNTY,169,12 Years,60,29,31,22,12,10,4,3,1,1,0,1,33,14,19
GARZA COUNTY,169,13 Years,57,32,25,26,14,12,5,2,3,1,0,1,25,16,9
GARZA COUNTY,169,14 Years,63,34,29,23,14,9,3,1,2,0,0,0,37,19,18
GARZA COUNTY,169,15 Years,68,35,33,28,15,13,3,2,1,1,0,1,36,18,18
GARZA COUNTY,169,16 Years,64,35,29,20,9,11,3,2,1,1,1,0,40,23,17
GARZA COUNTY,169,17 Years,72,44,28,24,13,11,3,2,1,5,3,2,40,26,14
GARZA COUNTY,169,18 Years,121,97,24,44,34,10,13,11,2,2,1,1,62,51,11
GARZA COUNTY,169,19 Years,119,89,30,37,25,12,11,9,2,2,0,2,69,55,14
GARZA COUNTY,169,20 Years,108,74,34,40,22,18,8,6,2,1,0,1,59,46,13
GARZA COUNTY,169,21 Years,151,112,39,48,32,16,10,8,2,2,0,2,91,72,19
GARZA COUNTY,169,22 Years,191,163,28,45,36,9,13,12,1,1,0,1,132,115,17
GARZA COUNTY,169,23 Years,109,82,27,36,26,10,9,7,2,1,0,1,63,49,14
GARZA COUNTY,169,24 Years,96,63,33,37,26,11,8,4,4,1,0,1,50,33,17
GARZA COUNTY,169,25 Years,134,105,29,31,17,14,17,16,1,1,0,1,85,72,13
GARZA COUNTY,169,26 Years,174,143,31,61,46,15,10,8,2,1,0,1,102,89,13
GARZA COUNTY,169,27 Years,121,87,34,31,22,9,13,9,4,1,0,1,76,56,20
GARZA COUNTY,169,28 Years,109,69,40,44,26,18,6,4,2,1,0,1,58,39,19
GARZA COUNTY,169,29 Years,202,168,34,66,51,15,15,12,3,0,0,0,121,105,16
GARZA COUNTY,169,30 Years,137,109,28,35,23,12,12,11,1,0,0,0,90,75,15
GARZA COUNTY,169,31 Years,97,71,26,22,14,8,9,9,0,2,0,2,64,48,16
GARZA COUNTY,169,32 Years,87,66,21,29,19,10,8,6,2,2,1,1,48,40,8
GARZA COUNTY,169,33 Years,61,36,25,23,12,11,8,5,3,1,1,0,29,18,11
GARZA COUNTY,169,34 Years,99,76,23,31,20,11,8,7,1,0,0,0,60,49,11
GARZA COUNTY,169,35 Years,45,23,22,22,11,11,2,1,1,0,0,0,21,11,10
GARZA COUNTY,169,36 Years,40,22,18,20,10,10,2,1,1,0,0,0,18,11,7
GARZA COUNTY,169,37 Years,65,33,32,32,15,17,9,5,4,0,0,0,24,13,11
GARZA COUNTY,169,38 Years,119,86,33,44,28,16,10,5,5,0,0,0,65,53,12
GARZA COUNTY,169,39 Years,62,37,25,24,11,13,3,2,1,0,0,0,35,24,11
GARZA COUNTY,169,40 Years,61,33,28,21,6,15,1,1,0,0,0,0,39,26,13
GARZA COUNTY,169,41 Years,56,29,27,29,14,15,4,2,2,1,1,0,22,12,10
GARZA COUNTY,169,42 Years,70,35,35,37,17,20,3,2,1,0,0,0,30,16,14
GARZA COUNTY,169,43 Years,142,109,33,62,41,21,7,6,1,0,0,0,73,62,11
GARZA COUNTY,169,44 Years,81,34,47,39,14,25,4,1,3,2,2,0,36,17,19
GARZA COUNTY,169,45 Years,125,94,31,43,28,15,7,5,2,0,0,0,75,61,14
GARZA COUNTY,169,46 Years,101,77,24,32,20,12,5,4,1,0,0,0,64,53,11
GARZA COUNTY,169,47 Years,98,74,24,47,31,16,1,0,1,0,0,0,50,43,7
GARZA COUNTY,169,48 Years,105,75,30,54,35,19,3,3,0,4,3,1,44,34,10
GARZA COUNTY,169,49 Years,72,42,30,46,26,20,3,2,1,0,0,0,23,14,9
GARZA COUNTY,169,50 Years,107,73,34,43,22,21,6,3,3,2,0,2,56,48,8
GARZA COUNTY,169,51 Years,53,29,24,33,17,16,3,2,1,0,0,0,17,10,7
GARZA COUNTY,169,52 Years,103,68,35,58,35,23,4,2,2,1,1,0,40,30,10
GARZA COUNTY,169,53 Years,93,50,43,55,28,27,8,5,3,0,0,0,30,17,13
GARZA COUNTY,169,54 Years,81,48,33,44,27,17,2,1,1,2,0,2,33,20,13
GARZA COUNTY,169,55 Years,63,38,25,40,26,14,4,2,2,1,0,1,18,10,8
GARZA COUNTY,169,56 Years,140,112,28,60,43,17,6,5,1,0,0,0,74,64,10
GARZA COUNTY,169,57 Years,97,70,27,45,26,19,9,6,3,0,0,0,43,38,5
GARZA COUNTY,169,58 Years,55,36,19,32,20,12,7,5,2,0,0,0,16,11,5
GARZA COUNTY,169,59 Years,54,30,24,32,17,15,3,2,1,0,0,0,19,11,8
GARZA COUNTY,169,60 Years,71,38,33,43,22,21,0,0,0,1,0,1,27,16,11
GARZA COUNTY,169,61 Years,73,42,31,39,20,19,3,3,0,0,0,0,31,19,12
GARZA COUNTY,169,62 Years,44,19,25,30,12,18,4,2,2,1,1,0,9,4,5
GARZA COUNTY,169,63 Years,53,24,29,37,15,22,3,1,2,1,1,0,12,7,5
GARZA COUNTY,169,64 Years,46,21,25,32,13,19,0,0,0,2,1,1,12,7,5
GARZA COUNTY,169,65 Years,52,27,25,37,21,16,0,0,0,0,0,0,15,6,9
GARZA COUNTY,169,66 Years,53,29,24,42,24,18,2,1,1,2,1,1,7,3,4
GARZA COUNTY,169,67 Years,58,33,25,46,25,21,1,1,0,1,1,0,10,6,4
GARZA COUNTY,169,68 Years,43,18,25,31,16,15,2,1,1,0,0,0,10,1,9
GARZA COUNTY,169,69 Years,42,18,24,29,15,14,1,1,0,0,0,0,12,2,10
GARZA COUNTY,169,70 Years,35,18,17,25,12,13,0,0,0,0,0,0,10,6,4
GARZA COUNTY,169,71 Years,36,13,23,30,11,19,0,0,0,0,0,0,6,2,4
GARZA COUNTY,169,72 Years,34,15,19,26,12,14,0,0,0,0,0,0,8,3,5
GARZA COUNTY,169,73 Years,31,12,19,24,9,15,1,0,1,0,0,0,6,3,3
GARZA COUNTY,169,74 Years,39,14,25,32,12,20,1,0,1,1,0,1,5,2,3
GARZA COUNTY,169,75 Years,36,17,19,32,16,16,0,0,0,0,0,0,4,1,3
GARZA COUNTY,169,76 Years,34,16,18,29,13,16,0,0,0,0,0,0,5,3,2
GARZA COUNTY,169,77 Years,31,15,16,22,11,11,1,0,1,0,0,0,8,4,4
GARZA COUNTY,169,78 Years,32,16,16,26,13,13,0,0,0,0,0,0,6,3,3
GARZA COUNTY,169,79 Years,26,13,13,23,11,12,1,0,1,0,0,0,2,2,0
GARZA COUNTY,169,80 Years,22,11,11,20,10,10,1,0,1,0,0,0,1,1,0
GARZA COUNTY,169,81 Years,23,11,12,17,7,10,1,1,0,0,0,0,5,3,2
GARZA COUNTY,169,82 Years,20,7,13,16,6,10,1,1,0,0,0,0,3,0,3
GARZA COUNTY,169,83 Years,21,11,10,17,9,8,2,1,1,0,0,0,2,1,1
GARZA COUNTY,169,84 Years,16,8,8,14,7,7,1,0,1,0,0,0,1,1,0
GARZA COUNTY,169,85 Years +,82,28,54,70,22,48,1,1,0,0,0,0,11,5,6
GILLESPIE COUNTY,171,All Ages,25695,12389,13306,19849,9347,10502,43,22,21,368,173,195,5435,2847,2588
GILLESPIE COUNTY,171,< 1 Year,257,137,120,141,75,66,1,1,0,8,5,3,107,56,51
GILLESPIE COUNTY,171,1 Years,259,133,126,142,73,69,0,0,0,7,4,3,110,56,54
GILLESPIE COUNTY,171,2 Years,248,128,120,136,70,66,0,0,0,7,4,3,105,54,51
GILLESPIE COUNTY,171,3 Years,224,114,110,108,57,51,2,2,0,6,2,4,108,53,55
GILLESPIE COUNTY,171,4 Years,241,128,113,142,75,67,0,0,0,4,2,2,95,51,44
GILLESPIE COUNTY,171,5 Years,265,140,125,152,78,74,1,0,1,7,5,2,105,57,48
GILLESPIE COUNTY,171,6 Years,245,122,123,139,67,72,0,0,0,3,1,2,103,54,49
GILLESPIE COUNTY,171,7 Years,241,132,109,140,73,67,0,0,0,4,2,2,97,57,40
GILLESPIE COUNTY,171,8 Years,260,144,116,152,84,68,0,0,0,6,2,4,102,58,44
GILLESPIE COUNTY,171,9 Years,290,156,134,166,91,75,2,0,2,8,2,6,114,63,51
GILLESPIE COUNTY,171,10 Years,282,146,136,181,93,88,2,1,1,4,3,1,95,49,46
GILLESPIE COUNTY,171,11 Years,290,149,141,199,102,97,0,0,0,3,2,1,88,45,43
GILLESPIE COUNTY,171,12 Years,293,151,142,200,104,96,0,0,0,6,4,2,87,43,44
GILLESPIE COUNTY,171,13 Years,318,165,153,214,113,101,0,0,0,6,4,2,98,48,50
GILLESPIE COUNTY,171,14 Years,313,152,161,208,102,106,0,0,0,6,2,4,99,48,51
GILLESPIE COUNTY,171,15 Years,324,165,159,206,102,104,0,0,0,6,1,5,112,62,50
GILLESPIE COUNTY,171,16 Years,345,182,163,218,106,112,1,0,1,10,5,5,116,71,45
GILLESPIE COUNTY,171,17 Years,325,157,168,202,91,111,0,0,0,9,4,5,114,62,52
GILLESPIE COUNTY,171,18 Years,312,161,151,192,95,97,1,0,1,7,3,4,112,63,49
GILLESPIE COUNTY,171,19 Years,288,148,140,173,87,86,1,1,0,7,6,1,107,54,53
GILLESPIE COUNTY,171,20 Years,269,135,134,163,78,85,0,0,0,3,3,0,103,54,49
GILLESPIE COUNTY,171,21 Years,252,125,127,151,75,76,0,0,0,3,1,2,98,49,49
GILLESPIE COUNTY,171,22 Years,196,107,89,103,58,45,1,0,1,4,1,3,88,48,40
GILLESPIE COUNTY,171,23 Years,178,93,85,83,45,38,0,0,0,7,2,5,88,46,42
GILLESPIE COUNTY,171,24 Years,184,89,95,101,43,58,2,1,1,4,2,2,77,43,34
GILLESPIE COUNTY,171,25 Years,196,110,86,109,55,54,1,1,0,4,4,0,82,50,32
GILLESPIE COUNTY,171,26 Years,221,115,106,127,55,72,1,1,0,3,3,0,90,56,34
GILLESPIE COUNTY,171,27 Years,184,102,82,108,57,51,1,1,0,3,1,2,72,43,29
GILLESPIE COUNTY,171,28 Years,189,98,91,121,58,63,1,1,0,3,1,2,64,38,26
GILLESPIE COUNTY,171,29 Years,193,95,98,127,60,67,0,0,0,3,0,3,63,35,28
GILLESPIE COUNTY,171,30 Years,197,102,95,125,61,64,0,0,0,2,1,1,70,40,30
GILLESPIE COUNTY,171,31 Years,198,94,104,126,56,70,1,0,1,4,2,2,67,36,31
GILLESPIE COUNTY,171,32 Years,233,122,111,150,76,74,1,0,1,4,2,2,78,44,34
GILLESPIE COUNTY,171,33 Years,235,119,116,151,78,73,1,0,1,4,2,2,79,39,40
GILLESPIE COUNTY,171,34 Years,220,120,100,140,72,68,0,0,0,5,4,1,75,44,31
GILLESPIE COUNTY,171,35 Years,201,102,99,134,65,69,2,2,0,5,3,2,60,32,28
GILLESPIE COUNTY,171,36 Years,191,96,95,125,60,65,1,1,0,3,2,1,62,33,29
GILLESPIE COUNTY,171,37 Years,217,100,117,146,69,77,0,0,0,3,2,1,68,29,39
GILLESPIE COUNTY,171,38 Years,234,101,133,151,67,84,0,0,0,7,2,5,76,32,44
GILLESPIE COUNTY,171,39 Years,247,127,120,169,83,86,0,0,0,4,1,3,74,43,31
GILLESPIE COUNTY,171,40 Years,235,113,122,166,76,90,0,0,0,2,1,1,67,36,31
GILLESPIE COUNTY,171,41 Years,238,111,127,180,85,95,0,0,0,1,1,0,57,25,32
GILLESPIE COUNTY,171,42 Years,269,134,135,202,106,96,0,0,0,3,1,2,64,27,37
GILLESPIE COUNTY,171,43 Years,277,132,145,195,94,101,1,1,0,5,1,4,76,36,40
GILLESPIE COUNTY,171,44 Years,261,125,136,186,84,102,0,0,0,4,1,3,71,40,31
GILLESPIE COUNTY,171,45 Years,267,119,148,192,85,107,0,0,0,3,0,3,72,34,38
GILLESPIE COUNTY,171,46 Years,265,130,135,194,93,101,0,0,0,2,2,0,69,35,34
GILLESPIE COUNTY,171,47 Years,286,151,135,213,109,104,1,1,0,4,1,3,68,40,28
GILLESPIE COUNTY,171,48 Years,305,153,152,225,114,111,0,0,0,5,1,4,75,38,37
GILLESPIE COUNTY,171,49 Years,328,158,170,241,113,128,0,0,0,7,5,2,80,40,40
GILLESPIE COUNTY,171,50 Years,354,157,197,277,119,158,0,0,0,7,3,4,70,35,35
GILLESPIE COUNTY,171,51 Years,391,188,203,312,150,162,1,0,1,5,2,3,73,36,37
GILLESPIE COUNTY,171,52 Years,388,186,202,313,147,166,0,0,0,5,2,3,70,37,33
GILLESPIE COUNTY,171,53 Years,397,195,202,333,157,176,0,0,0,7,4,3,57,34,23
GILLESPIE COUNTY,171,54 Years,385,173,212,326,141,185,1,0,1,8,3,5,50,29,21
GILLESPIE COUNTY,171,55 Years,373,166,207,316,134,182,0,0,0,5,1,4,52,31,21
GILLESPIE COUNTY,171,56 Years,399,166,233,337,143,194,1,0,1,4,0,4,57,23,34
GILLESPIE COUNTY,171,57 Years,383,172,211,332,147,185,2,1,1,1,1,0,48,23,25
GILLESPIE COUNTY,171,58 Years,389,187,202,338,160,178,2,2,0,5,2,3,44,23,21
GILLESPIE COUNTY,171,59 Years,408,185,223,359,165,194,1,1,0,4,1,3,44,18,26
GILLESPIE COUNTY,171,60 Years,442,191,251,394,173,221,2,1,1,5,1,4,41,16,25
GILLESPIE COUNTY,171,61 Years,436,191,245,394,167,227,0,0,0,2,1,1,40,23,17
GILLESPIE COUNTY,171,62 Years,418,182,236,377,164,213,0,0,0,4,2,2,37,16,21
GILLESPIE COUNTY,171,63 Years,405,190,215,375,177,198,0,0,0,4,1,3,26,12,14
GILLESPIE COUNTY,171,64 Years,390,178,212,355,161,194,1,0,1,6,3,3,28,14,14
GILLESPIE COUNTY,171,65 Years,422,208,214,384,188,196,1,0,1,5,4,1,32,16,16
GILLESPIE COUNTY,171,66 Years,463,207,256,434,192,242,0,0,0,2,1,1,27,14,13
GILLESPIE COUNTY,171,67 Years,419,197,222,386,175,211,1,1,0,2,2,0,30,19,11
GILLESPIE COUNTY,171,68 Years,394,184,210,364,170,194,0,0,0,5,2,3,25,12,13
GILLESPIE COUNTY,171,69 Years,395,188,207,369,178,191,1,0,1,4,0,4,21,10,11
GILLESPIE COUNTY,171,70 Years,378,174,204,351,162,189,2,1,1,4,1,3,21,10,11
GILLESPIE COUNTY,171,71 Years,350,174,176,321,154,167,0,0,0,3,2,1,26,18,8
GILLESPIE COUNTY,171,72 Years,351,165,186,323,150,173,0,0,0,2,1,1,26,14,12
GILLESPIE COUNTY,171,73 Years,335,161,174,316,151,165,0,0,0,3,3,0,16,7,9
GILLESPIE COUNTY,171,74 Years,326,164,162,308,156,152,1,0,1,4,3,1,13,5,8
GILLESPIE COUNTY,171,75 Years,300,149,151,285,144,141,0,0,0,2,2,0,13,3,10
GILLESPIE COUNTY,171,76 Years,272,132,140,259,127,132,0,0,0,2,1,1,11,4,7
GILLESPIE COUNTY,171,77 Years,248,123,125,232,116,116,0,0,0,2,1,1,14,6,8
GILLESPIE COUNTY,171,78 Years,250,126,124,236,120,116,0,0,0,1,0,1,13,6,7
GILLESPIE COUNTY,171,79 Years,239,123,116,221,114,107,0,0,0,0,0,0,18,9,9
GILLESPIE COUNTY,171,80 Years,210,98,112,198,93,105,0,0,0,0,0,0,12,5,7
GILLESPIE COUNTY,171,81 Years,191,87,104,180,82,98,0,0,0,1,0,1,10,5,5
GILLESPIE COUNTY,171,82 Years,183,82,101,175,76,99,0,0,0,1,1,0,7,5,2
GILLESPIE COUNTY,171,83 Years,176,75,101,168,73,95,0,0,0,0,0,0,8,2,6
GILLESPIE COUNTY,171,84 Years,173,79,94,165,76,89,0,0,0,0,0,0,8,3,5
GILLESPIE COUNTY,171,85 Years +,1076,398,678,1021,377,644,0,0,0,15,6,9,40,15,25
GLASSCOCK COUNTY,173,All Ages,1249,658,591,833,435,398,12,6,6,10,6,4,394,211,183
GLASSCOCK COUNTY,173,< 1 Year,15,7,8,9,4,5,0,0,0,0,0,0,6,3,3
GLASSCOCK COUNTY,173,1 Years,15,9,6,9,5,4,0,0,0,0,0,0,6,4,2
GLASSCOCK COUNTY,173,2 Years,14,7,7,8,4,4,0,0,0,0,0,0,6,3,3
GLASSCOCK COUNTY,173,3 Years,13,6,7,6,2,4,0,0,0,0,0,0,7,4,3
GLASSCOCK COUNTY,173,4 Years,15,6,9,8,3,5,1,1,0,0,0,0,6,2,4
GLASSCOCK COUNTY,173,5 Years,17,8,9,9,4,5,0,0,0,0,0,0,8,4,4
GLASSCOCK COUNTY,173,6 Years,16,6,10,9,4,5,0,0,0,1,0,1,6,2,4
GLASSCOCK COUNTY,173,7 Years,17,8,9,10,5,5,0,0,0,0,0,0,7,3,4
GLASSCOCK COUNTY,173,8 Years,20,11,9,10,7,3,0,0,0,0,0,0,10,4,6
GLASSCOCK COUNTY,173,9 Years,18,9,9,11,5,6,0,0,0,0,0,0,7,4,3
GLASSCOCK COUNTY,173,10 Years,20,10,10,13,5,8,0,0,0,0,0,0,7,5,2
GLASSCOCK COUNTY,173,11 Years,15,11,4,10,8,2,0,0,0,0,0,0,5,3,2
GLASSCOCK COUNTY,173,12 Years,17,11,6,11,8,3,0,0,0,0,0,0,6,3,3
GLASSCOCK COUNTY,173,13 Years,18,6,12,11,4,7,0,0,0,0,0,0,7,2,5
GLASSCOCK COUNTY,173,14 Years,18,8,10,12,6,6,0,0,0,0,0,0,6,2,4
GLASSCOCK COUNTY,173,15 Years,22,13,9,12,7,5,0,0,0,0,0,0,10,6,4
GLASSCOCK COUNTY,173,16 Years,20,11,9,11,7,4,1,0,1,0,0,0,8,4,4
GLASSCOCK COUNTY,173,17 Years,24,16,8,14,10,4,1,0,1,0,0,0,9,6,3
GLASSCOCK COUNTY,173,18 Years,26,18,8,16,11,5,2,2,0,0,0,0,8,5,3
GLASSCOCK COUNTY,173,19 Years,21,11,10,13,6,7,1,0,1,0,0,0,7,5,2
GLASSCOCK COUNTY,173,20 Years,23,12,11,16,8,8,0,0,0,0,0,0,7,4,3
GLASSCOCK COUNTY,173,21 Years,17,5,12,10,3,7,1,1,0,0,0,0,6,1,5
GLASSCOCK COUNTY,173,22 Years,10,5,5,5,2,3,0,0,0,1,0,1,4,3,1
GLASSCOCK COUNTY,173,23 Years,7,3,4,3,1,2,0,0,0,0,0,0,4,2,2
GLASSCOCK COUNTY,173,24 Years,5,3,2,2,1,1,0,0,0,0,0,0,3,2,1
GLASSCOCK COUNTY,173,25 Years,8,6,2,3,2,1,1,0,1,0,0,0,4,4,0
GLASSCOCK COUNTY,173,26 Years,15,10,5,9,5,4,1,1,0,0,0,0,5,4,1
GLASSCOCK COUNTY,173,27 Years,7,5,2,4,3,1,0,0,0,0,0,0,3,2,1
GLASSCOCK COUNTY,173,28 Years,12,5,7,10,4,6,0,0,0,0,0,0,2,1,1
GLASSCOCK COUNTY,173,29 Years,16,9,7,11,6,5,0,0,0,0,0,0,5,3,2
GLASSCOCK COUNTY,173,30 Years,13,7,6,9,5,4,0,0,0,0,0,0,4,2,2
GLASSCOCK COUNTY,173,31 Years,14,7,7,6,4,2,0,0,0,1,0,1,7,3,4
GLASSCOCK COUNTY,173,32 Years,10,5,5,5,3,2,0,0,0,0,0,0,5,2,3
GLASSCOCK COUNTY,173,33 Years,14,5,9,9,4,5,0,0,0,0,0,0,5,1,4
GLASSCOCK COUNTY,173,34 Years,13,7,6,6,3,3,0,0,0,1,0,1,6,4,2
GLASSCOCK COUNTY,173,35 Years,15,8,7,10,5,5,0,0,0,0,0,0,5,3,2
GLASSCOCK COUNTY,173,36 Years,17,10,7,7,3,4,0,0,0,1,1,0,9,6,3
GLASSCOCK COUNTY,173,37 Years,21,10,11,14,7,7,0,0,0,0,0,0,7,3,4
GLASSCOCK COUNTY,173,38 Years,15,6,9,7,3,4,0,0,0,0,0,0,8,3,5
GLASSCOCK COUNTY,173,39 Years,16,11,5,8,5,3,0,0,0,0,0,0,8,6,2
GLASSCOCK COUNTY,173,40 Years,12,8,4,7,5,2,0,0,0,0,0,0,5,3,2
GLASSCOCK COUNTY,173,41 Years,17,7,10,10,6,4,0,0,0,0,0,0,7,1,6
GLASSCOCK COUNTY,173,42 Years,19,10,9,12,6,6,1,0,1,0,0,0,6,4,2
GLASSCOCK COUNTY,173,43 Years,22,14,8,15,9,6,1,0,1,0,0,0,6,5,1
GLASSCOCK COUNTY,173,44 Years,13,5,8,10,4,6,0,0,0,0,0,0,3,1,2
GLASSCOCK COUNTY,173,45 Years,8,3,5,6,2,4,0,0,0,0,0,0,2,1,1
GLASSCOCK COUNTY,173,46 Years,14,10,4,10,6,4,0,0,0,0,0,0,4,4,0
GLASSCOCK COUNTY,173,47 Years,15,8,7,7,4,3,0,0,0,0,0,0,8,4,4
GLASSCOCK COUNTY,173,48 Years,14,9,5,10,7,3,0,0,0,0,0,0,4,2,2
GLASSCOCK COUNTY,173,49 Years,18,8,10,14,7,7,0,0,0,0,0,0,4,1,3
GLASSCOCK COUNTY,173,50 Years,22,10,12,15,8,7,0,0,0,0,0,0,7,2,5
GLASSCOCK COUNTY,173,51 Years,14,6,8,11,5,6,0,0,0,1,1,0,2,0,2
GLASSCOCK COUNTY,173,52 Years,18,6,12,14,3,11,0,0,0,1,1,0,3,2,1
GLASSCOCK COUNTY,173,53 Years,20,11,9,15,8,7,1,1,0,0,0,0,4,2,2
GLASSCOCK COUNTY,173,54 Years,23,14,9,19,12,7,0,0,0,0,0,0,4,2,2
GLASSCOCK COUNTY,173,55 Years,27,15,12,20,11,9,0,0,0,0,0,0,7,4,3
GLASSCOCK COUNTY,173,56 Years,18,9,9,12,6,6,0,0,0,0,0,0,6,3,3
GLASSCOCK COUNTY,173,57 Years,13,6,7,12,5,7,0,0,0,0,0,0,1,1,0
GLASSCOCK COUNTY,173,58 Years,15,7,8,14,7,7,0,0,0,0,0,0,1,0,1
GLASSCOCK COUNTY,173,59 Years,14,8,6,12,6,6,0,0,0,0,0,0,2,2,0
GLASSCOCK COUNTY,173,60 Years,15,9,6,7,4,3,0,0,0,0,0,0,8,5,3
GLASSCOCK COUNTY,173,61 Years,13,9,4,10,7,3,0,0,0,0,0,0,3,2,1
GLASSCOCK COUNTY,173,62 Years,15,6,9,13,6,7,0,0,0,0,0,0,2,0,2
GLASSCOCK COUNTY,173,63 Years,20,14,6,14,10,4,0,0,0,0,0,0,6,4,2
GLASSCOCK COUNTY,173,64 Years,14,10,4,8,6,2,0,0,0,0,0,0,6,4,2
GLASSCOCK COUNTY,173,65 Years,16,8,8,13,7,6,0,0,0,0,0,0,3,1,2
GLASSCOCK COUNTY,173,66 Years,19,11,8,14,7,7,0,0,0,2,2,0,3,2,1
GLASSCOCK COUNTY,173,67 Years,12,8,4,9,5,4,0,0,0,1,1,0,2,2,0
GLASSCOCK COUNTY,173,68 Years,8,5,3,6,3,3,0,0,0,0,0,0,2,2,0
GLASSCOCK COUNTY,173,69 Years,11,6,5,8,3,5,0,0,0,0,0,0,3,3,0
GLASSCOCK COUNTY,173,70 Years,15,8,7,13,7,6,0,0,0,0,0,0,2,1,1
GLASSCOCK COUNTY,173,71 Years,13,7,6,12,7,5,0,0,0,0,0,0,1,0,1
GLASSCOCK COUNTY,173,72 Years,5,3,2,5,3,2,0,0,0,0,0,0,0,0,0
GLASSCOCK COUNTY,173,73 Years,7,1,6,5,1,4,0,0,0,0,0,0,2,0,2
GLASSCOCK COUNTY,173,74 Years,9,3,6,7,2,5,0,0,0,0,0,0,2,1,1
GLASSCOCK COUNTY,173,75 Years,14,6,8,11,5,6,0,0,0,0,0,0,3,1,2
GLASSCOCK COUNTY,173,76 Years,10,5,5,8,5,3,0,0,0,0,0,0,2,0,2
GLASSCOCK COUNTY,173,77 Years,10,5,5,8,3,5,0,0,0,0,0,0,2,2,0
GLASSCOCK COUNTY,173,78 Years,11,7,4,8,5,3,0,0,0,0,0,0,3,2,1
GLASSCOCK COUNTY,173,79 Years,9,3,6,7,2,5,0,0,0,0,0,0,2,1,1
GLASSCOCK COUNTY,173,80 Years,9,4,5,8,4,4,0,0,0,0,0,0,1,0,1
GLASSCOCK COUNTY,173,81 Years,4,2,2,4,2,2,0,0,0,0,0,0,0,0,0
GLASSCOCK COUNTY,173,82 Years,7,2,5,6,1,5,0,0,0,0,0,0,1,1,0
GLASSCOCK COUNTY,173,83 Years,5,3,2,5,3,2,0,0,0,0,0,0,0,0,0
GLASSCOCK COUNTY,173,84 Years,5,3,2,5,3,2,0,0,0,0,0,0,0,0,0
GLASSCOCK COUNTY,173,85 Years +,8,5,3,8,5,3,0,0,0,0,0,0,0,0,0
GOLIAD COUNTY,175,All Ages,7444,3697,3747,4413,2183,2230,301,143,158,105,59,46,2625,1312,1313
GOLIAD COUNTY,175,< 1 Year,66,34,32,35,18,17,2,1,1,1,1,0,28,14,14
GOLIAD COUNTY,175,1 Years,67,36,31,36,19,17,2,1,1,1,1,0,28,15,13
GOLIAD COUNTY,175,2 Years,63,33,30,35,18,17,2,1,1,0,0,0,26,14,12
GOLIAD COUNTY,175,3 Years,75,37,38,31,17,14,5,1,4,1,1,0,38,18,20
GOLIAD COUNTY,175,4 Years,75,44,31,33,20,13,4,2,2,3,2,1,35,20,15
GOLIAD COUNTY,175,5 Years,89,48,41,30,18,12,6,3,3,3,1,2,50,26,24
GOLIAD COUNTY,175,6 Years,78,40,38,29,18,11,4,2,2,1,1,0,44,19,25
GOLIAD COUNTY,175,7 Years,73,41,32,30,15,15,3,1,2,1,1,0,39,24,15
GOLIAD COUNTY,175,8 Years,84,46,38,36,15,21,5,4,1,1,0,1,42,27,15
GOLIAD COUNTY,175,9 Years,87,45,42,37,17,20,5,3,2,2,0,2,43,25,18
GOLIAD COUNTY,175,10 Years,92,52,40,42,22,20,4,2,2,0,0,0,46,28,18
GOLIAD COUNTY,175,11 Years,111,59,52,44,23,21,5,3,2,2,1,1,60,32,28
GOLIAD COUNTY,175,12 Years,89,45,44,42,20,22,4,1,3,1,0,1,42,24,18
GOLIAD COUNTY,175,13 Years,94,45,49,44,21,23,2,2,0,1,1,0,47,21,26
GOLIAD COUNTY,175,14 Years,100,49,51,45,25,20,4,2,2,1,0,1,50,22,28
GOLIAD COUNTY,175,15 Years,105,59,46,56,33,23,3,2,1,3,2,1,43,22,21
GOLIAD COUNTY,175,16 Years,99,57,42,49,26,23,6,5,1,3,3,0,41,23,18
GOLIAD COUNTY,175,17 Years,101,57,44,43,21,22,4,2,2,2,2,0,52,32,20
GOLIAD COUNTY,175,18 Years,114,57,57,53,27,26,1,1,0,2,1,1,58,28,30
GOLIAD COUNTY,175,19 Years,105,55,50,51,28,23,4,1,3,2,1,1,48,25,23
GOLIAD COUNTY,175,20 Years,104,51,53,62,31,31,2,1,1,2,2,0,38,17,21
GOLIAD COUNTY,175,21 Years,91,52,39,54,29,25,2,2,0,1,1,0,34,20,14
GOLIAD COUNTY,175,22 Years,85,45,40,40,20,20,5,4,1,2,1,1,38,20,18
GOLIAD COUNTY,175,23 Years,71,40,31,33,21,12,4,1,3,1,0,1,33,18,15
GOLIAD COUNTY,175,24 Years,56,30,26,29,15,14,2,0,2,0,0,0,25,15,10
GOLIAD COUNTY,175,25 Years,49,22,27,24,13,11,2,0,2,1,0,1,22,9,13
GOLIAD COUNTY,175,26 Years,50,24,26,23,11,12,2,2,0,2,1,1,23,10,13
GOLIAD COUNTY,175,27 Years,57,32,25,34,20,14,1,1,0,1,1,0,21,10,11
GOLIAD COUNTY,175,28 Years,52,25,27,32,13,19,1,1,0,0,0,0,19,11,8
GOLIAD COUNTY,175,29 Years,55,25,30,33,13,20,2,1,1,1,0,1,19,11,8
GOLIAD COUNTY,175,30 Years,64,31,33,38,18,20,2,1,1,0,0,0,24,12,12
GOLIAD COUNTY,175,31 Years,62,30,32,37,18,19,0,0,0,1,1,0,24,11,13
GOLIAD COUNTY,175,32 Years,73,34,39,42,21,21,3,2,1,0,0,0,28,11,17
GOLIAD COUNTY,175,33 Years,66,36,30,33,20,13,2,0,2,1,1,0,30,15,15
GOLIAD COUNTY,175,34 Years,66,37,29,36,22,14,4,2,2,2,0,2,24,13,11
GOLIAD COUNTY,175,35 Years,65,26,39,35,13,22,2,1,1,1,0,1,27,12,15
GOLIAD COUNTY,175,36 Years,68,28,40,36,16,20,2,1,1,1,0,1,29,11,18
GOLIAD COUNTY,175,37 Years,62,27,35,35,15,20,4,2,2,1,0,1,22,10,12
GOLIAD COUNTY,175,38 Years,75,33,42,40,15,25,3,1,2,0,0,0,32,17,15
GOLIAD COUNTY,175,39 Years,81,38,43,45,20,25,4,3,1,0,0,0,32,15,17
GOLIAD COUNTY,175,40 Years,81,40,41,39,20,19,4,2,2,3,3,0,35,15,20
GOLIAD COUNTY,175,41 Years,87,45,42,48,24,24,2,1,1,1,1,0,36,19,17
GOLIAD COUNTY,175,42 Years,85,40,45,46,24,22,6,2,4,1,0,1,32,14,18
GOLIAD COUNTY,175,43 Years,94,50,44,58,30,28,3,2,1,1,0,1,32,18,14
GOLIAD COUNTY,175,44 Years,85,50,35,51,31,20,1,1,0,3,2,1,30,16,14
GOLIAD COUNTY,175,45 Years,94,49,45,60,32,28,2,1,1,1,1,0,31,15,16
GOLIAD COUNTY,175,46 Years,96,48,48,60,28,32,3,2,1,3,1,2,30,17,13
GOLIAD COUNTY,175,47 Years,109,46,63,63,25,38,5,3,2,1,0,1,40,18,22
GOLIAD COUNTY,175,48 Years,104,45,59,68,26,42,3,2,1,1,1,0,32,16,16
GOLIAD COUNTY,175,49 Years,108,47,61,69,33,36,2,0,2,4,2,2,33,12,21
GOLIAD COUNTY,175,50 Years,96,44,52,63,31,32,3,1,2,3,2,1,27,10,17
GOLIAD COUNTY,175,51 Years,113,53,60,75,36,39,3,1,2,2,1,1,33,15,18
GOLIAD COUNTY,175,52 Years,122,62,60,80,41,39,4,2,2,2,2,0,36,17,19
GOLIAD COUNTY,175,53 Years,127,65,62,80,39,41,7,3,4,1,1,0,39,22,17
GOLIAD COUNTY,175,54 Years,122,64,58,74,39,35,6,4,2,3,3,0,39,18,21
GOLIAD COUNTY,175,55 Years,132,61,71,81,38,43,7,3,4,2,1,1,42,19,23
GOLIAD COUNTY,175,56 Years,128,66,62,84,41,43,6,2,4,0,0,0,38,23,15
GOLIAD COUNTY,175,57 Years,108,58,50,75,39,36,3,1,2,2,1,1,28,17,11
GOLIAD COUNTY,175,58 Years,129,63,66,87,42,45,5,2,3,1,1,0,36,18,18
GOLIAD COUNTY,175,59 Years,122,53,69,85,37,48,7,2,5,1,1,0,29,13,16
GOLIAD COUNTY,175,60 Years,114,55,59,77,35,42,6,2,4,1,1,0,30,17,13
GOLIAD COUNTY,175,61 Years,130,61,69,96,43,53,5,3,2,1,1,0,28,14,14
GOLIAD COUNTY,175,62 Years,134,69,65,94,46,48,5,3,2,1,1,0,34,19,15
GOLIAD COUNTY,175,63 Years,121,64,57,85,46,39,5,3,2,0,0,0,31,15,16
GOLIAD COUNTY,175,64 Years,120,61,59,87,45,42,8,5,3,1,0,1,24,11,13
GOLIAD COUNTY,175,65 Years,113,59,54,85,46,39,3,1,2,1,0,1,24,12,12
GOLIAD COUNTY,175,66 Years,119,54,65,83,42,41,5,0,5,3,0,3,28,12,16
GOLIAD COUNTY,175,67 Years,97,44,53,63,30,33,3,1,2,3,1,2,28,12,16
GOLIAD COUNTY,175,68 Years,88,40,48,64,30,34,3,1,2,1,0,1,20,9,11
GOLIAD COUNTY,175,69 Years,90,40,50,65,30,35,4,3,1,1,0,1,20,7,13
GOLIAD COUNTY,175,70 Years,90,44,46,65,34,31,3,2,1,0,0,0,22,8,14
GOLIAD COUNTY,175,71 Years,82,34,48,56,26,30,4,2,2,0,0,0,22,6,16
GOLIAD COUNTY,175,72 Years,92,48,44,66,33,33,6,5,1,0,0,0,20,10,10
GOLIAD COUNTY,175,73 Years,84,46,38,63,33,30,3,2,1,1,0,1,17,11,6
GOLIAD COUNTY,175,74 Years,62,27,35,48,22,26,1,0,1,1,0,1,12,5,7
GOLIAD COUNTY,175,75 Years,70,31,39,52,24,28,1,0,1,1,0,1,16,7,9
GOLIAD COUNTY,175,76 Years,54,26,28,40,20,20,1,0,1,0,0,0,13,6,7
GOLIAD COUNTY,175,77 Years,49,28,21,35,20,15,1,0,1,0,0,0,13,8,5
GOLIAD COUNTY,175,78 Years,53,29,24,35,21,14,2,0,2,1,1,0,15,7,8
GOLIAD COUNTY,175,79 Years,49,23,26,26,13,13,2,0,2,1,1,0,20,9,11
GOLIAD COUNTY,175,80 Years,38,15,23,25,9,16,1,0,1,1,1,0,11,5,6
GOLIAD COUNTY,175,81 Years,43,21,22,28,14,14,2,2,0,0,0,0,13,5,8
GOLIAD COUNTY,175,82 Years,35,16,19,19,8,11,2,2,0,0,0,0,14,6,8
GOLIAD COUNTY,175,83 Years,33,14,19,18,6,12,2,1,1,0,0,0,13,7,6
GOLIAD COUNTY,175,84 Years,30,13,17,17,7,10,3,0,3,0,0,0,10,6,4
GOLIAD COUNTY,175,85 Years +,193,81,112,133,59,74,14,2,12,1,1,0,45,19,26
GONZALES COUNTY,177,All Ages,20326,10300,10026,8650,4244,4406,1371,717,654,286,127,159,10019,5212,4807
GONZALES COUNTY,177,< 1 Year,301,158,143,77,41,36,13,8,5,8,4,4,203,105,98
GONZALES COUNTY,177,1 Years,310,160,150,75,39,36,15,8,7,7,4,3,213,109,104
GONZALES COUNTY,177,2 Years,301,155,146,74,38,36,15,8,7,7,4,3,205,105,100
GONZALES COUNTY,177,3 Years,286,143,143,70,34,36,15,10,5,9,4,5,192,95,97
GONZALES COUNTY,177,4 Years,299,155,144,70,37,33,16,7,9,8,4,4,205,107,98
GONZALES COUNTY,177,5 Years,304,167,137,77,43,34,15,7,8,7,2,5,205,115,90
GONZALES COUNTY,177,6 Years,301,155,146,79,41,38,15,6,9,8,5,3,199,103,96
GONZALES COUNTY,177,7 Years,304,158,146,80,42,38,16,7,9,8,3,5,200,106,94
GONZALES COUNTY,177,8 Years,295,150,145,65,32,33,15,7,8,4,0,4,211,111,100
GONZALES COUNTY,177,9 Years,300,159,141,75,37,38,15,9,6,3,2,1,207,111,96
GONZALES COUNTY,177,10 Years,330,161,169,85,37,48,14,6,8,8,3,5,223,115,108
GONZALES COUNTY,177,11 Years,310,152,158,80,37,43,15,7,8,7,0,7,208,108,100
GONZALES COUNTY,177,12 Years,306,159,147,81,45,36,24,14,10,6,2,4,195,98,97
GONZALES COUNTY,177,13 Years,297,143,154,97,45,52,21,12,9,7,4,3,172,82,90
GONZALES COUNTY,177,14 Years,309,150,159,98,46,52,20,13,7,5,3,2,186,88,98
GONZALES COUNTY,177,15 Years,293,159,134,102,55,47,18,11,7,4,3,1,169,90,79
GONZALES COUNTY,177,16 Years,290,155,135,113,63,50,19,11,8,4,2,2,154,79,75
GONZALES COUNTY,177,17 Years,276,148,128,106,50,56,21,11,10,2,1,1,147,86,61
GONZALES COUNTY,177,18 Years,259,141,118,89,41,48,17,9,8,4,4,0,149,87,62
GONZALES COUNTY,177,19 Years,269,137,132,87,44,43,14,8,6,5,3,2,163,82,81
GONZALES COUNTY,177,20 Years,267,132,135,85,43,42,21,9,12,5,2,3,156,78,78
GONZALES COUNTY,177,21 Years,281,138,143,86,45,41,21,13,8,7,3,4,167,77,90
GONZALES COUNTY,177,22 Years,248,138,110,72,44,28,21,14,7,3,1,2,152,79,73
GONZALES COUNTY,177,23 Years,251,147,104,75,48,27,23,17,6,3,0,3,150,82,68
GONZALES COUNTY,177,24 Years,255,142,113,88,46,42,23,13,10,1,1,0,143,82,61
GONZALES COUNTY,177,25 Years,247,135,112,77,35,42,21,14,7,1,0,1,148,86,62
GONZALES COUNTY,177,26 Years,229,118,111,73,32,41,18,12,6,3,0,3,135,74,61
GONZALES COUNTY,177,27 Years,246,116,130,69,33,36,24,16,8,3,0,3,150,67,83
GONZALES COUNTY,177,28 Years,243,126,117,69,35,34,26,16,10,4,1,3,144,74,70
GONZALES COUNTY,177,29 Years,219,112,107,70,33,37,16,8,8,1,1,0,132,70,62
GONZALES COUNTY,177,30 Years,251,138,113,82,39,43,21,11,10,0,0,0,148,88,60
GONZALES COUNTY,177,31 Years,221,113,108,69,30,39,17,10,7,4,1,3,131,72,59
GONZALES COUNTY,177,32 Years,202,110,92,66,32,34,14,11,3,2,0,2,120,67,53
GONZALES COUNTY,177,33 Years,240,128,112,79,49,30,14,8,6,1,0,1,146,71,75
GONZALES COUNTY,177,34 Years,228,116,112,79,36,43,12,7,5,5,3,2,132,70,62
GONZALES COUNTY,177,35 Years,221,115,106,63,29,34,15,10,5,6,2,4,137,74,63
GONZALES COUNTY,177,36 Years,216,111,105,68,32,36,13,7,6,5,2,3,130,70,60
GONZALES COUNTY,177,37 Years,216,106,110,73,32,41,10,4,6,4,3,1,129,67,62
GONZALES COUNTY,177,38 Years,234,117,117,79,36,43,16,9,7,3,2,1,136,70,66
GONZALES COUNTY,177,39 Years,223,122,101,81,44,37,15,9,6,5,2,3,122,67,55
GONZALES COUNTY,177,40 Years,209,100,109,82,38,44,14,7,7,5,1,4,108,54,54
GONZALES COUNTY,177,41 Years,230,113,117,97,46,51,10,4,6,3,1,2,120,62,58
GONZALES COUNTY,177,42 Years,229,116,113,107,57,50,10,5,5,2,1,1,110,53,57
GONZALES COUNTY,177,43 Years,244,124,120,95,50,45,14,6,8,2,2,0,133,66,67
GONZALES COUNTY,177,44 Years,252,123,129,104,52,52,10,4,6,6,4,2,132,63,69
GONZALES COUNTY,177,45 Years,220,110,110,92,49,43,7,3,4,3,1,2,118,57,61
GONZALES COUNTY,177,46 Years,214,104,110,88,41,47,12,2,10,5,2,3,109,59,50
GONZALES COUNTY,177,47 Years,233,119,114,103,51,52,15,7,8,2,1,1,113,60,53
GONZALES COUNTY,177,48 Years,247,133,114,112,62,50,18,11,7,3,1,2,114,59,55
GONZALES COUNTY,177,49 Years,263,137,126,117,64,53,23,12,11,2,1,1,121,60,61
GONZALES COUNTY,177,50 Years,287,144,143,137,68,69,24,8,16,3,1,2,123,67,56
GONZALES COUNTY,177,51 Years,291,145,146,147,71,76,21,8,13,1,1,0,122,65,57
GONZALES COUNTY,177,52 Years,275,140,135,137,67,70,28,13,15,1,0,1,109,60,49
GONZALES COUNTY,177,53 Years,295,151,144,154,73,81,26,13,13,2,1,1,113,64,49
GONZALES COUNTY,177,54 Years,303,150,153,152,70,82,25,13,12,1,0,1,125,67,58
GONZALES COUNTY,177,55 Years,300,153,147,162,77,85,19,11,8,3,1,2,116,64,52
GONZALES COUNTY,177,56 Years,290,147,143,164,81,83,21,11,10,4,1,3,101,54,47
GONZALES COUNTY,177,57 Years,282,145,137,159,75,84,25,14,11,5,2,3,93,54,39
GONZALES COUNTY,177,58 Years,272,142,130,148,70,78,26,14,12,2,2,0,96,56,40
GONZALES COUNTY,177,59 Years,261,132,129,149,75,74,23,12,11,2,1,1,87,44,43
GONZALES COUNTY,177,60 Years,251,132,119,153,79,74,24,12,12,2,1,1,72,40,32
GONZALES COUNTY,177,61 Years,243,125,118,143,69,74,26,17,9,2,1,1,72,38,34
GONZALES COUNTY,177,62 Years,210,100,110,121,54,67,17,9,8,2,0,2,70,37,33
GONZALES COUNTY,177,63 Years,206,107,99,124,64,60,15,6,9,1,0,1,66,37,29
GONZALES COUNTY,177,64 Years,244,129,115,165,87,78,14,7,7,2,2,0,63,33,30
GONZALES COUNTY,177,65 Years,227,118,109,152,85,67,11,4,7,2,1,1,62,28,34
GONZALES COUNTY,177,66 Years,248,126,122,174,88,86,13,6,7,1,1,0,60,31,29
GONZALES COUNTY,177,67 Years,195,99,96,124,61,63,9,5,4,2,2,0,60,31,29
GONZALES COUNTY,177,68 Years,166,73,93,94,42,52,6,4,2,4,1,3,62,26,36
GONZALES COUNTY,177,69 Years,173,86,87,115,57,58,7,4,3,5,0,5,46,25,21
GONZALES COUNTY,177,70 Years,176,88,88,125,60,65,8,3,5,2,1,1,41,24,17
GONZALES COUNTY,177,71 Years,181,90,91,134,65,69,9,4,5,0,0,0,38,21,17
GONZALES COUNTY,177,72 Years,161,80,81,113,59,54,12,3,9,0,0,0,36,18,18
GONZALES COUNTY,177,73 Years,157,71,86,107,52,55,8,2,6,1,1,0,41,16,25
GONZALES COUNTY,177,74 Years,158,74,84,110,50,60,14,7,7,1,1,0,33,16,17
GONZALES COUNTY,177,75 Years,135,64,71,93,47,46,12,4,8,0,0,0,30,13,17
GONZALES COUNTY,177,76 Years,133,63,70,90,45,45,9,3,6,1,0,1,33,15,18
GONZALES COUNTY,177,77 Years,123,56,67,80,38,42,8,2,6,1,1,0,34,15,19
GONZALES COUNTY,177,78 Years,129,69,60,82,44,38,10,6,4,3,2,1,34,17,17
GONZALES COUNTY,177,79 Years,99,50,49,64,31,33,10,7,3,1,1,0,24,11,13
GONZALES COUNTY,177,80 Years,104,49,55,71,34,37,8,4,4,0,0,0,25,11,14
GONZALES COUNTY,177,81 Years,93,44,49,65,32,33,6,3,3,0,0,0,22,9,13
GONZALES COUNTY,177,82 Years,79,32,47,57,24,33,7,3,4,0,0,0,15,5,10
GONZALES COUNTY,177,83 Years,86,35,51,64,25,39,6,3,3,1,1,0,15,6,9
GONZALES COUNTY,177,84 Years,86,37,49,59,23,36,9,4,5,0,0,0,18,10,8
GONZALES COUNTY,177,85 Years +,388,130,258,282,92,190,28,10,18,8,4,4,70,24,46
GRAY COUNTY,179,All Ages,23110,12076,11034,15344,7654,7690,1086,790,296,589,284,305,6091,3348,2743
GRAY COUNTY,179,< 1 Year,347,181,166,192,99,93,10,5,5,14,8,6,131,69,62
GRAY COUNTY,179,1 Years,343,175,168,194,99,95,12,6,6,12,7,5,125,63,62
GRAY COUNTY,179,2 Years,339,174,165,194,99,95,11,6,5,13,7,6,121,62,59
GRAY COUNTY,179,3 Years,332,169,163,172,89,83,10,3,7,16,10,6,134,67,67
GRAY COUNTY,179,4 Years,324,163,161,169,83,86,8,3,5,12,9,3,135,68,67
GRAY COUNTY,179,5 Years,352,182,170,183,92,91,5,2,3,14,6,8,150,82,68
GRAY COUNTY,179,6 Years,334,165,169,171,88,83,7,4,3,13,4,9,143,69,74
GRAY COUNTY,179,7 Years,334,176,158,172,95,77,4,3,1,15,6,9,143,72,71
GRAY COUNTY,179,8 Years,371,200,171,189,101,88,10,6,4,13,3,10,159,90,69
GRAY COUNTY,179,9 Years,340,163,177,177,86,91,13,4,9,11,1,10,139,72,67
GRAY COUNTY,179,10 Years,322,153,169,164,76,88,14,8,6,8,4,4,136,65,71
GRAY COUNTY,179,11 Years,315,159,156,175,88,87,11,7,4,11,6,5,118,58,60
GRAY COUNTY,179,12 Years,310,158,152,178,91,87,7,4,3,9,6,3,116,57,59
GRAY COUNTY,179,13 Years,310,170,140,166,88,78,8,5,3,8,6,2,128,71,57
GRAY COUNTY,179,14 Years,298,152,146,159,89,70,6,1,5,10,6,4,123,56,67
GRAY COUNTY,179,15 Years,284,132,152,169,86,83,10,5,5,10,4,6,95,37,58
GRAY COUNTY,179,16 Years,293,146,147,166,86,80,6,3,3,8,3,5,113,54,59
GRAY COUNTY,179,17 Years,277,148,129,154,81,73,12,8,4,6,3,3,105,56,49
GRAY COUNTY,179,18 Years,283,144,139,157,81,76,9,4,5,8,4,4,109,55,54
GRAY COUNTY,179,19 Years,288,139,149,167,81,86,12,4,8,7,3,4,102,51,51
GRAY COUNTY,179,20 Years,273,135,138,160,79,81,9,3,6,6,2,4,98,51,47
GRAY COUNTY,179,21 Years,266,138,128,160,80,80,12,7,5,8,5,3,86,46,40
GRAY COUNTY,179,22 Years,230,121,109,122,61,61,10,5,5,4,3,1,94,52,42
GRAY COUNTY,179,23 Years,249,144,105,138,75,63,11,7,4,5,3,2,95,59,36
GRAY COUNTY,179,24 Years,239,123,116,135,62,73,9,5,4,7,4,3,88,52,36
GRAY COUNTY,179,25 Years,245,128,117,149,73,76,9,6,3,5,2,3,82,47,35
GRAY COUNTY,179,26 Years,286,154,132,163,76,87,17,15,2,7,3,4,99,60,39
GRAY COUNTY,179,27 Years,316,189,127,168,94,74,24,21,3,5,3,2,119,71,48
GRAY COUNTY,179,28 Years,318,187,131,185,100,85,24,21,3,3,1,2,106,65,41
GRAY COUNTY,179,29 Years,301,172,129,166,91,75,29,24,5,10,3,7,96,54,42
GRAY COUNTY,179,30 Years,290,173,117,158,93,65,26,23,3,9,3,6,97,54,43
GRAY COUNTY,179,31 Years,312,166,146,183,86,97,22,21,1,7,3,4,100,56,44
GRAY COUNTY,179,32 Years,294,172,122,168,86,82,19,16,3,5,3,2,102,67,35
GRAY COUNTY,179,33 Years,297,163,134,173,84,89,16,15,1,4,3,1,104,61,43
GRAY COUNTY,179,34 Years,292,169,123,174,94,80,15,13,2,6,3,3,97,59,38
GRAY COUNTY,179,35 Years,249,145,104,144,78,66,14,11,3,9,6,3,82,50,32
GRAY COUNTY,179,36 Years,275,143,132,162,75,87,14,11,3,7,4,3,92,53,39
GRAY COUNTY,179,37 Years,279,156,123,164,88,76,19,18,1,5,2,3,91,48,43
GRAY COUNTY,179,38 Years,260,157,103,158,91,67,12,11,1,5,3,2,85,52,33
GRAY COUNTY,179,39 Years,268,154,114,157,81,76,18,15,3,7,3,4,86,55,31
GRAY COUNTY,179,40 Years,294,170,124,163,81,82,22,21,1,5,2,3,104,66,38
GRAY COUNTY,179,41 Years,309,182,127,199,110,89,18,17,1,5,3,2,87,52,35
GRAY COUNTY,179,42 Years,331,197,134,211,114,97,33,32,1,4,2,2,83,49,34
GRAY COUNTY,179,43 Years,315,176,139,200,102,98,23,20,3,7,3,4,85,51,34
GRAY COUNTY,179,44 Years,311,180,131,187,103,84,24,19,5,4,1,3,96,57,39
GRAY COUNTY,179,45 Years,297,170,127,195,111,84,13,8,5,5,2,3,84,49,35
GRAY COUNTY,179,46 Years,288,171,117,189,105,84,20,18,2,3,1,2,76,47,29
GRAY COUNTY,179,47 Years,280,166,114,191,105,86,29,28,1,4,3,1,56,30,26
GRAY COUNTY,179,48 Years,279,171,108,191,108,83,28,26,2,6,4,2,54,33,21
GRAY COUNTY,179,49 Years,308,182,126,205,108,97,34,31,3,7,4,3,62,39,23
GRAY COUNTY,179,50 Years,313,179,134,226,121,105,24,20,4,8,3,5,55,35,20
GRAY COUNTY,179,51 Years,312,166,146,237,122,115,19,16,3,8,3,5,48,25,23
GRAY COUNTY,179,52 Years,329,170,159,239,117,122,17,14,3,9,2,7,64,37,27
GRAY COUNTY,179,53 Years,329,174,155,242,121,121,17,12,5,10,7,3,60,34,26
GRAY COUNTY,179,54 Years,329,179,150,231,113,118,21,18,3,9,4,5,68,44,24
GRAY COUNTY,179,55 Years,302,157,145,227,111,116,20,15,5,11,3,8,44,28,16
GRAY COUNTY,179,56 Years,323,180,143,257,135,122,16,12,4,7,4,3,43,29,14
GRAY COUNTY,179,57 Years,299,153,146,240,121,119,8,5,3,8,4,4,43,23,20
GRAY COUNTY,179,58 Years,300,160,140,225,113,112,19,15,4,9,6,3,47,26,21
GRAY COUNTY,179,59 Years,295,146,149,240,113,127,22,14,8,7,4,3,26,15,11
GRAY COUNTY,179,60 Years,277,134,143,221,103,118,20,12,8,5,2,3,31,17,14
GRAY COUNTY,179,61 Years,258,137,121,210,110,100,10,4,6,6,3,3,32,20,12
GRAY COUNTY,179,62 Years,253,130,123,217,109,108,7,3,4,3,1,2,26,17,9
GRAY COUNTY,179,63 Years,255,135,120,209,111,98,10,5,5,5,4,1,31,15,16
GRAY COUNTY,179,64 Years,240,126,114,199,107,92,7,4,3,6,2,4,28,13,15
GRAY COUNTY,179,65 Years,232,113,119,196,95,101,9,6,3,5,2,3,22,10,12
GRAY COUNTY,179,66 Years,236,113,123,202,96,106,5,3,2,8,5,3,21,9,12
GRAY COUNTY,179,67 Years,209,101,108,168,84,84,7,3,4,10,5,5,24,9,15
GRAY COUNTY,179,68 Years,199,96,103,169,82,87,5,2,3,6,2,4,19,10,9
GRAY COUNTY,179,69 Years,201,97,104,176,84,92,4,3,1,5,1,4,16,9,7
GRAY COUNTY,179,70 Years,199,88,111,168,73,95,7,3,4,7,5,2,17,7,10
GRAY COUNTY,179,71 Years,164,71,93,149,66,83,3,1,2,4,1,3,8,3,5
GRAY COUNTY,179,72 Years,162,74,88,146,67,79,6,3,3,2,1,1,8,3,5
GRAY COUNTY,179,73 Years,172,87,85,152,74,78,5,3,2,2,2,0,13,8,5
GRAY COUNTY,179,74 Years,168,82,86,143,67,76,6,3,3,5,3,2,14,9,5
GRAY COUNTY,179,75 Years,153,63,90,141,58,83,3,1,2,3,1,2,6,3,3
GRAY COUNTY,179,76 Years,144,54,90,133,50,83,1,0,1,3,1,2,7,3,4
GRAY COUNTY,179,77 Years,159,72,87,141,67,74,2,0,2,5,0,5,11,5,6
GRAY COUNTY,179,78 Years,142,61,81,124,57,67,7,1,6,3,1,2,8,2,6
GRAY COUNTY,179,79 Years,124,48,76,114,45,69,2,0,2,3,1,2,5,2,3
GRAY COUNTY,179,80 Years,145,58,87,135,50,85,2,2,0,2,2,0,6,4,2
GRAY COUNTY,179,81 Years,124,51,73,114,43,71,3,3,0,1,1,0,6,4,2
GRAY COUNTY,179,82 Years,121,44,77,110,39,71,3,2,1,3,1,2,5,2,3
GRAY COUNTY,179,83 Years,113,43,70,104,40,64,3,1,2,1,0,1,5,2,3
GRAY COUNTY,179,84 Years,105,41,64,101,40,61,1,0,1,1,0,1,2,1,1
GRAY COUNTY,179,85 Years +,477,190,287,452,178,274,7,2,5,7,4,3,11,6,5
GRAYSON COUNTY,181,All Ages,123115,60167,62948,94697,45911,48786,7035,3450,3585,5738,2736,3002,15645,8070,7575
GRAYSON COUNTY,181,< 1 Year,1485,763,722,1008,522,486,95,47,48,72,35,37,310,159,151
GRAYSON COUNTY,181,1 Years,1474,754,720,1022,521,501,99,51,48,54,29,25,299,153,146
GRAYSON COUNTY,181,2 Years,1465,749,716,1031,527,504,98,50,48,54,28,26,282,144,138
GRAYSON COUNTY,181,3 Years,1525,784,741,988,513,475,99,49,50,98,55,43,340,167,173
GRAYSON COUNTY,181,4 Years,1553,783,770,977,491,486,102,49,53,119,65,54,355,178,177
GRAYSON COUNTY,181,5 Years,1592,808,784,999,505,494,102,57,45,133,69,64,358,177,181
GRAYSON COUNTY,181,6 Years,1547,789,758,980,501,479,115,68,47,120,59,61,332,161,171
GRAYSON COUNTY,181,7 Years,1637,831,806,1061,534,527,110,56,54,136,70,66,330,171,159
GRAYSON COUNTY,181,8 Years,1657,837,820,1091,554,537,97,41,56,127,62,65,342,180,162
GRAYSON COUNTY,181,9 Years,1600,802,798,1060,539,521,102,50,52,109,53,56,329,160,169
GRAYSON COUNTY,181,10 Years,1562,757,805,1048,525,523,119,52,67,102,49,53,293,131,162
GRAYSON COUNTY,181,11 Years,1647,877,770,1086,589,497,118,57,61,116,59,57,327,172,155
GRAYSON COUNTY,181,12 Years,1702,898,804,1133,599,534,108,60,48,108,56,52,353,183,170
GRAYSON COUNTY,181,13 Years,1720,868,852,1145,586,559,114,56,58,118,63,55,343,163,180
GRAYSON COUNTY,181,14 Years,1733,873,860,1153,592,561,118,58,60,110,60,50,352,163,189
GRAYSON COUNTY,181,15 Years,1666,861,805,1131,593,538,105,60,45,105,49,56,325,159,166
GRAYSON COUNTY,181,16 Years,1674,875,799,1143,607,536,115,68,47,104,46,58,312,154,158
GRAYSON COUNTY,181,17 Years,1621,829,792,1117,574,543,110,59,51,101,48,53,293,148,145
GRAYSON COUNTY,181,18 Years,1521,815,706,1047,557,490,96,50,46,101,55,46,277,153,124
GRAYSON COUNTY,181,19 Years,1489,791,698,1036,549,487,95,46,49,97,54,43,261,142,119
GRAYSON COUNTY,181,20 Years,1542,815,727,1051,561,490,101,44,57,90,49,41,300,161,139
GRAYSON COUNTY,181,21 Years,1686,883,803,1130,603,527,111,59,52,121,58,63,324,163,161
GRAYSON COUNTY,181,22 Years,1920,962,958,1303,653,650,133,68,65,145,64,81,339,177,162
GRAYSON COUNTY,181,23 Years,1898,917,981,1286,616,670,135,62,73,130,59,71,347,180,167
GRAYSON COUNTY,181,24 Years,1780,854,926,1226,562,664,122,62,60,125,61,64,307,169,138
GRAYSON COUNTY,181,25 Years,1686,848,838,1172,583,589,103,54,49,90,41,49,321,170,151
GRAYSON COUNTY,181,26 Years,1564,779,785,1076,524,552,98,50,48,77,37,40,313,168,145
GRAYSON COUNTY,181,27 Years,1418,720,698,982,490,492,79,40,39,70,31,39,287,159,128
GRAYSON COUNTY,181,28 Years,1414,709,705,991,480,511,93,51,42,60,25,35,270,153,117
GRAYSON COUNTY,181,29 Years,1302,643,659,905,431,474,87,46,41,71,33,38,239,133,106
GRAYSON COUNTY,181,30 Years,1298,645,653,915,444,471,77,43,34,59,30,29,247,128,119
GRAYSON COUNTY,181,31 Years,1333,684,649,947,486,461,89,47,42,51,25,26,246,126,120
GRAYSON COUNTY,181,32 Years,1399,690,709,979,494,485,99,46,53,58,26,32,263,124,139
GRAYSON COUNTY,181,33 Years,1390,702,688,964,493,471,93,47,46,70,30,40,263,132,131
GRAYSON COUNTY,181,34 Years,1288,658,630,904,459,445,92,45,47,66,29,37,226,125,101
GRAYSON COUNTY,181,35 Years,1288,652,636,901,442,459,82,43,39,65,33,32,240,134,106
GRAYSON COUNTY,181,36 Years,1288,639,649,920,460,460,73,27,46,68,38,30,227,114,113
GRAYSON COUNTY,181,37 Years,1258,616,642,909,448,461,69,30,39,70,30,40,210,108,102
GRAYSON COUNTY,181,38 Years,1360,679,681,976,481,495,71,36,35,76,34,42,237,128,109
GRAYSON COUNTY,181,39 Years,1407,702,705,1033,509,524,75,39,36,65,29,36,234,125,109
GRAYSON COUNTY,181,40 Years,1360,673,687,1010,496,514,82,36,46,58,24,34,210,117,93
GRAYSON COUNTY,181,41 Years,1450,696,754,1097,516,581,78,35,43,66,31,35,209,114,95
GRAYSON COUNTY,181,42 Years,1552,757,795,1193,574,619,75,36,39,73,35,38,211,112,99
GRAYSON COUNTY,181,43 Years,1550,741,809,1188,552,636,80,40,40,69,33,36,213,116,97
GRAYSON COUNTY,181,44 Years,1529,759,770,1186,577,609,71,38,33,59,28,31,213,116,97
GRAYSON COUNTY,181,45 Years,1465,673,792,1137,520,617,74,34,40,63,30,33,191,89,102
GRAYSON COUNTY,181,46 Years,1442,699,743,1124,534,590,84,46,38,67,35,32,167,84,83
GRAYSON COUNTY,181,47 Years,1541,767,774,1218,595,623,75,40,35,67,33,34,181,99,82
GRAYSON COUNTY,181,48 Years,1670,810,860,1342,648,694,93,47,46,75,31,44,160,84,76
GRAYSON COUNTY,181,49 Years,1770,891,879,1451,729,722,106,53,53,69,33,36,144,76,68
GRAYSON COUNTY,181,50 Years,1784,869,915,1472,713,759,110,58,52,61,27,34,141,71,70
GRAYSON COUNTY,181,51 Years,1753,867,886,1440,713,727,106,52,54,68,30,38,139,72,67
GRAYSON COUNTY,181,52 Years,1840,908,932,1511,741,770,112,61,51,75,31,44,142,75,67
GRAYSON COUNTY,181,53 Years,1829,889,940,1531,746,785,107,51,56,70,32,38,121,60,61
GRAYSON COUNTY,181,54 Years,1823,878,945,1547,741,806,109,56,53,62,26,36,105,55,50
GRAYSON COUNTY,181,55 Years,1824,912,912,1541,775,766,111,52,59,72,30,42,100,55,45
GRAYSON COUNTY,181,56 Years,1805,866,939,1514,730,784,124,54,70,70,31,39,97,51,46
GRAYSON COUNTY,181,57 Years,1826,854,972,1566,733,833,106,49,57,66,29,37,88,43,45
GRAYSON COUNTY,181,58 Years,1762,856,906,1521,736,785,102,49,53,60,29,31,79,42,37
GRAYSON COUNTY,181,59 Years,1660,783,877,1446,687,759,83,37,46,61,22,39,70,37,33
GRAYSON COUNTY,181,60 Years,1528,729,799,1349,645,704,75,36,39,42,14,28,62,34,28
GRAYSON COUNTY,181,61 Years,1508,716,792,1325,622,703,74,41,33,48,21,27,61,32,29
GRAYSON COUNTY,181,62 Years,1427,671,756,1239,579,660,81,41,40,47,21,26,60,30,30
GRAYSON COUNTY,181,63 Years,1517,707,810,1322,608,714,85,44,41,44,21,23,66,34,32
GRAYSON COUNTY,181,64 Years,1488,714,774,1324,631,693,79,37,42,34,16,18,51,30,21
GRAYSON COUNTY,181,65 Years,1503,742,761,1365,669,696,61,31,30,35,17,18,42,25,17
GRAYSON COUNTY,181,66 Years,1568,751,817,1415,677,738,71,39,32,38,14,24,44,21,23
GRAYSON COUNTY,181,67 Years,1337,615,722,1209,560,649,57,26,31,38,15,23,33,14,19
GRAYSON COUNTY,181,68 Years,1239,575,664,1116,525,591,46,18,28,40,20,20,37,12,25
GRAYSON COUNTY,181,69 Years,1262,610,652,1143,553,590,51,26,25,38,16,22,30,15,15
GRAYSON COUNTY,181,70 Years,1223,597,626,1123,546,577,42,20,22,32,16,16,26,15,11
GRAYSON COUNTY,181,71 Years,1134,540,594,1037,495,542,35,15,20,26,13,13,36,17,19
GRAYSON COUNTY,181,72 Years,990,439,551,908,404,504,32,13,19,18,8,10,32,14,18
GRAYSON COUNTY,181,73 Years,945,439,506,857,397,460,46,18,28,13,9,4,29,15,14
GRAYSON COUNTY,181,74 Years,898,424,474,827,394,433,31,12,19,18,9,9,22,9,13
GRAYSON COUNTY,181,75 Years,817,381,436,750,348,402,25,11,14,22,12,10,20,10,10
GRAYSON COUNTY,181,76 Years,796,373,423,729,346,383,27,9,18,21,9,12,19,9,10
GRAYSON COUNTY,181,77 Years,704,309,395,646,282,364,24,10,14,21,9,12,13,8,5
GRAYSON COUNTY,181,78 Years,709,306,403,657,283,374,23,8,15,16,8,8,13,7,6
GRAYSON COUNTY,181,79 Years,656,281,375,609,260,349,18,7,11,14,6,8,15,8,7
GRAYSON COUNTY,181,80 Years,633,264,369,593,249,344,15,5,10,13,4,9,12,6,6
GRAYSON COUNTY,181,81 Years,578,242,336,542,228,314,16,6,10,7,2,5,13,6,7
GRAYSON COUNTY,181,82 Years,539,224,315,504,209,295,13,3,10,11,5,6,11,7,4
GRAYSON COUNTY,181,83 Years,542,219,323,496,203,293,22,5,17,10,3,7,14,8,6
GRAYSON COUNTY,181,84 Years,446,182,264,414,170,244,18,4,14,4,1,3,10,7,3
GRAYSON COUNTY,181,85 Years +,2504,828,1676,2337,775,1562,81,18,63,46,21,25,40,14,26
GREGG COUNTY,183,All Ages,124939,61400,63539,72987,35291,37696,24512,11564,12948,4154,2066,2088,23286,12479,10807
GREGG COUNTY,183,< 1 Year,1880,958,922,900,455,445,392,199,193,74,37,37,514,267,247
GREGG COUNTY,183,1 Years,1850,944,906,914,467,447,392,199,193,59,30,29,485,248,237
GREGG COUNTY,183,2 Years,1823,931,892,918,469,449,387,197,190,60,31,29,458,234,224
GREGG COUNTY,183,3 Years,1824,953,871,830,431,399,350,184,166,100,57,43,544,281,263
GREGG COUNTY,183,4 Years,1781,935,846,785,422,363,360,186,174,94,49,45,542,278,264
GREGG COUNTY,183,5 Years,1809,922,887,773,401,372,384,193,191,110,47,63,542,281,261
GREGG COUNTY,183,6 Years,1789,905,884,796,409,387,342,176,166,95,47,48,556,273,283
GREGG COUNTY,183,7 Years,1777,930,847,777,423,354,338,178,160,80,42,38,582,287,295
GREGG COUNTY,183,8 Years,1772,885,887,748,387,361,374,186,188,97,40,57,553,272,281
GREGG COUNTY,183,9 Years,1724,870,854,715,378,337,372,189,183,94,42,52,543,261,282
GREGG COUNTY,183,10 Years,1730,875,855,757,399,358,358,176,182,85,47,38,530,253,277
GREGG COUNTY,183,11 Years,1726,897,829,776,401,375,376,205,171,73,41,32,501,250,251
GREGG COUNTY,183,12 Years,1686,881,805,751,393,358,379,194,185,80,46,34,476,248,228
GREGG COUNTY,183,13 Years,1706,898,808,765,404,361,400,196,204,81,43,38,460,255,205
GREGG COUNTY,183,14 Years,1701,900,801,791,417,374,403,193,210,83,45,38,424,245,179
GREGG COUNTY,183,15 Years,1687,862,825,808,398,410,389,199,190,76,41,35,414,224,190
GREGG COUNTY,183,16 Years,1619,835,784,762,378,384,392,207,185,73,41,32,392,209,183
GREGG COUNTY,183,17 Years,1625,828,797,779,396,383,398,201,197,73,37,36,375,194,181
GREGG COUNTY,183,18 Years,1606,827,779,779,410,369,369,189,180,69,32,37,389,196,193
GREGG COUNTY,183,19 Years,1531,782,749,726,366,360,347,172,175,64,28,36,394,216,178
GREGG COUNTY,183,20 Years,1599,812,787,754,381,373,387,190,197,63,28,35,395,213,182
GREGG COUNTY,183,21 Years,1812,948,864,898,468,430,417,218,199,80,42,38,417,220,197
GREGG COUNTY,183,22 Years,2014,1054,960,1032,527,505,440,230,210,81,47,34,461,250,211
GREGG COUNTY,183,23 Years,2087,1077,1010,1096,559,537,427,213,214,77,39,38,487,266,221
GREGG COUNTY,183,24 Years,2000,1069,931,1102,582,520,353,187,166,77,45,32,468,255,213
GREGG COUNTY,183,25 Years,1964,1014,950,1076,554,522,366,170,196,70,39,31,452,251,201
GREGG COUNTY,183,26 Years,1915,966,949,1058,519,539,347,160,187,66,36,30,444,251,193
GREGG COUNTY,183,27 Years,1805,918,887,1003,487,516,326,150,176,58,35,23,418,246,172
GREGG COUNTY,183,28 Years,1796,918,878,971,479,492,318,144,174,65,39,26,442,256,186
GREGG COUNTY,183,29 Years,1771,882,889,933,445,488,309,149,160,60,33,27,469,255,214
GREGG COUNTY,183,30 Years,1771,903,868,918,465,453,339,159,180,50,29,21,464,250,214
GREGG COUNTY,183,31 Years,1730,864,866,872,443,429,341,154,187,50,28,22,467,239,228
GREGG COUNTY,183,32 Years,1697,821,876,892,439,453,331,141,190,53,28,25,421,213,208
GREGG COUNTY,183,33 Years,1676,844,832,864,431,433,338,157,181,64,30,34,410,226,184
GREGG COUNTY,183,34 Years,1584,809,775,808,421,387,337,156,181,60,27,33,379,205,174
GREGG COUNTY,183,35 Years,1600,812,788,819,406,413,354,168,186,53,26,27,374,212,162
GREGG COUNTY,183,36 Years,1571,808,763,806,414,392,336,163,173,50,21,29,379,210,169
GREGG COUNTY,183,37 Years,1475,736,739,779,401,378,290,110,180,47,21,26,359,204,155
GREGG COUNTY,183,38 Years,1438,730,708,757,386,371,276,114,162,49,23,26,356,207,149
GREGG COUNTY,183,39 Years,1452,731,721,770,385,385,298,135,163,50,22,28,334,189,145
GREGG COUNTY,183,40 Years,1390,691,699,732,357,375,305,136,169,45,23,22,308,175,133
GREGG COUNTY,183,41 Years,1449,711,738,779,366,413,319,146,173,44,23,21,307,176,131
GREGG COUNTY,183,42 Years,1570,777,793,849,405,444,354,175,179,52,20,32,315,177,138
GREGG COUNTY,183,43 Years,1597,797,800,922,460,462,331,151,180,48,21,27,296,165,131
GREGG COUNTY,183,44 Years,1500,726,774,901,423,478,306,138,168,36,18,18,257,147,110
GREGG COUNTY,183,45 Years,1399,695,704,808,400,408,303,140,163,41,20,21,247,135,112
GREGG COUNTY,183,46 Years,1387,702,685,806,407,399,290,136,154,45,20,25,246,139,107
GREGG COUNTY,183,47 Years,1390,695,695,830,405,425,275,131,144,45,23,22,240,136,104
GREGG COUNTY,183,48 Years,1521,753,768,946,462,484,300,137,163,39,17,22,236,137,99
GREGG COUNTY,183,49 Years,1558,749,809,986,474,512,300,137,163,38,15,23,234,123,111
GREGG COUNTY,183,50 Years,1570,761,809,979,468,511,317,144,173,54,26,28,220,123,97
GREGG COUNTY,183,51 Years,1683,795,888,1081,512,569,336,140,196,45,19,26,221,124,97
GREGG COUNTY,183,52 Years,1651,789,862,1060,500,560,337,151,186,47,23,24,207,115,92
GREGG COUNTY,183,53 Years,1705,806,899,1109,526,583,361,157,204,46,21,25,189,102,87
GREGG COUNTY,183,54 Years,1647,790,857,1102,517,585,342,163,179,47,19,28,156,91,65
GREGG COUNTY,183,55 Years,1726,840,886,1198,583,615,343,156,187,40,13,27,145,88,57
GREGG COUNTY,183,56 Years,1663,842,821,1163,586,577,338,164,174,36,13,23,126,79,47
GREGG COUNTY,183,57 Years,1598,795,803,1101,548,553,340,164,176,40,15,25,117,68,49
GREGG COUNTY,183,58 Years,1563,775,788,1072,532,540,332,157,175,46,23,23,113,63,50
GREGG COUNTY,183,59 Years,1463,696,767,1036,491,545,292,129,163,40,21,19,95,55,40
GREGG COUNTY,183,60 Years,1459,670,789,1043,474,569,272,121,151,37,18,19,107,57,50
GREGG COUNTY,183,61 Years,1404,698,706,1035,515,520,264,127,137,29,14,15,76,42,34
GREGG COUNTY,183,62 Years,1361,684,677,997,510,487,260,117,143,30,15,15,74,42,32
GREGG COUNTY,183,63 Years,1313,626,687,969,474,495,245,105,140,29,15,14,70,32,38
GREGG COUNTY,183,64 Years,1239,559,680,922,418,504,222,94,128,30,11,19,65,36,29
GREGG COUNTY,183,65 Years,1216,553,663,945,435,510,199,79,120,19,11,8,53,28,25
GREGG COUNTY,183,66 Years,1224,559,665,969,450,519,185,78,107,21,11,10,49,20,29
GREGG COUNTY,183,67 Years,1005,473,532,781,363,418,160,75,85,18,8,10,46,27,19
GREGG COUNTY,183,68 Years,894,416,478,705,320,385,131,60,71,18,12,6,40,24,16
GREGG COUNTY,183,69 Years,931,426,505,758,345,413,121,52,69,20,13,7,32,16,16
GREGG COUNTY,183,70 Years,944,429,515,778,350,428,119,56,63,16,9,7,31,14,17
GREGG COUNTY,183,71 Years,816,364,452,653,292,361,122,56,66,16,7,9,25,9,16
GREGG COUNTY,183,72 Years,779,357,422,621,286,335,124,56,68,14,7,7,20,8,12
GREGG COUNTY,183,73 Years,746,324,422,614,267,347,102,41,61,10,6,4,20,10,10
GREGG COUNTY,183,74 Years,730,316,414,587,259,328,102,38,64,12,6,6,29,13,16
GREGG COUNTY,183,75 Years,692,291,401,570,238,332,89,37,52,8,5,3,25,11,14
GREGG COUNTY,183,76 Years,704,292,412,577,234,343,89,39,50,13,7,6,25,12,13
GREGG COUNTY,183,77 Years,680,285,395,568,235,333,83,36,47,10,5,5,19,9,10
GREGG COUNTY,183,78 Years,652,275,377,544,234,310,86,34,52,6,1,5,16,6,10
GREGG COUNTY,183,79 Years,579,246,333,481,209,272,81,32,49,5,0,5,12,5,7
GREGG COUNTY,183,80 Years,586,250,336,498,210,288,62,26,36,12,6,6,14,8,6
GREGG COUNTY,183,81 Years,560,219,341,471,184,287,62,19,43,13,9,4,14,7,7
GREGG COUNTY,183,82 Years,526,203,323,447,175,272,63,18,45,8,6,2,8,4,4
GREGG COUNTY,183,83 Years,510,191,319,430,162,268,58,23,35,8,1,7,14,5,9
GREGG COUNTY,183,84 Years,462,162,300,392,141,251,46,15,31,10,1,9,14,5,9
GREGG COUNTY,183,85 Years +,2494,813,1681,2114,693,1421,312,91,221,25,8,17,43,21,22
GRIMES COUNTY,185,All Ages,27596,15164,12432,16412,8803,7609,4458,2624,1834,493,246,247,6233,3491,2742
GRIMES COUNTY,185,< 1 Year,322,166,156,161,83,78,44,21,23,8,4,4,109,58,51
GRIMES COUNTY,185,1 Years,319,163,156,165,84,81,39,20,19,6,3,3,109,56,53
GRIMES COUNTY,185,2 Years,310,159,151,165,84,81,38,19,19,5,3,2,102,53,49
GRIMES COUNTY,185,3 Years,293,139,154,147,69,78,39,18,21,9,1,8,98,51,47
GRIMES COUNTY,185,4 Years,299,147,152,132,60,72,40,21,19,12,6,6,115,60,55
GRIMES COUNTY,185,5 Years,317,158,159,158,77,81,33,16,17,7,4,3,119,61,58
GRIMES COUNTY,185,6 Years,339,161,178,158,73,85,52,27,25,11,5,6,118,56,62
GRIMES COUNTY,185,7 Years,327,162,165,141,62,79,56,34,22,11,7,4,119,59,60
GRIMES COUNTY,185,8 Years,331,177,154,141,71,70,51,32,19,14,10,4,125,64,61
GRIMES COUNTY,185,9 Years,345,174,171,150,78,72,59,32,27,9,3,6,127,61,66
GRIMES COUNTY,185,10 Years,346,174,172,168,85,83,47,23,24,7,4,3,124,62,62
GRIMES COUNTY,185,11 Years,331,152,179,144,64,80,56,21,35,6,2,4,125,65,60
GRIMES COUNTY,185,12 Years,361,185,176,167,91,76,59,27,32,12,5,7,123,62,61
GRIMES COUNTY,185,13 Years,354,178,176,170,83,87,61,30,31,10,6,4,113,59,54
GRIMES COUNTY,185,14 Years,332,170,162,166,80,86,48,23,25,8,5,3,110,62,48
GRIMES COUNTY,185,15 Years,347,185,162,175,91,84,52,30,22,7,4,3,113,60,53
GRIMES COUNTY,185,16 Years,347,164,183,173,86,87,52,25,27,9,4,5,113,49,64
GRIMES COUNTY,185,17 Years,387,201,186,201,108,93,56,27,29,14,9,5,116,57,59
GRIMES COUNTY,185,18 Years,375,201,174,184,92,92,55,28,27,13,8,5,123,73,50
GRIMES COUNTY,185,19 Years,342,191,151,158,84,74,54,32,22,7,4,3,123,71,52
GRIMES COUNTY,185,20 Years,359,198,161,160,91,69,67,36,31,9,4,5,123,67,56
GRIMES COUNTY,185,21 Years,344,188,156,154,83,71,69,40,29,9,4,5,112,61,51
GRIMES COUNTY,185,22 Years,349,206,143,180,97,83,68,49,19,7,2,5,94,58,36
GRIMES COUNTY,185,23 Years,345,219,126,178,111,67,65,49,16,3,0,3,99,59,40
GRIMES COUNTY,185,24 Years,369,234,135,188,114,74,82,60,22,1,1,0,98,59,39
GRIMES COUNTY,185,25 Years,338,212,126,155,95,60,81,57,24,3,2,1,99,58,41
GRIMES COUNTY,185,26 Years,339,221,118,168,106,62,71,56,15,6,4,2,94,55,39
GRIMES COUNTY,185,27 Years,356,223,133,181,107,74,63,47,16,8,6,2,104,63,41
GRIMES COUNTY,185,28 Years,362,234,128,182,114,68,71,52,19,6,2,4,103,66,37
GRIMES COUNTY,185,29 Years,348,218,130,175,99,76,61,43,18,6,3,3,106,73,33
GRIMES COUNTY,185,30 Years,339,217,122,184,113,71,74,50,24,2,1,1,79,53,26
GRIMES COUNTY,185,31 Years,322,198,124,161,97,64,67,41,26,4,4,0,90,56,34
GRIMES COUNTY,185,32 Years,345,203,142,178,103,75,70,47,23,3,2,1,94,51,43
GRIMES COUNTY,185,33 Years,294,154,140,159,81,78,58,33,25,4,2,2,73,38,35
GRIMES COUNTY,185,34 Years,299,173,126,157,89,68,63,42,21,5,2,3,74,40,34
GRIMES COUNTY,185,35 Years,307,188,119,155,91,64,58,41,17,4,2,2,90,54,36
GRIMES COUNTY,185,36 Years,309,183,126,163,95,68,53,34,19,2,2,0,91,52,39
GRIMES COUNTY,185,37 Years,347,201,146,179,105,74,59,37,22,3,2,1,106,57,49
GRIMES COUNTY,185,38 Years,337,191,146,182,99,83,51,33,18,4,1,3,100,58,42
GRIMES COUNTY,185,39 Years,314,179,135,180,105,75,45,28,17,3,1,2,86,45,41
GRIMES COUNTY,185,40 Years,354,207,147,189,109,80,61,39,22,6,2,4,98,57,41
GRIMES COUNTY,185,41 Years,347,192,155,218,125,93,43,21,22,6,3,3,80,43,37
GRIMES COUNTY,185,42 Years,380,239,141,224,132,92,65,48,17,3,2,1,88,57,31
GRIMES COUNTY,185,43 Years,367,221,146,214,119,95,54,38,16,5,3,2,94,61,33
GRIMES COUNTY,185,44 Years,349,202,147,204,117,87,52,32,20,4,1,3,89,52,37
GRIMES COUNTY,185,45 Years,364,225,139,209,123,86,59,44,15,5,3,2,91,55,36
GRIMES COUNTY,185,46 Years,344,211,133,197,125,72,61,39,22,6,4,2,80,43,37
GRIMES COUNTY,185,47 Years,390,236,154,210,128,82,88,54,34,9,4,5,83,50,33
GRIMES COUNTY,185,48 Years,413,243,170,235,136,99,95,58,37,8,2,6,75,47,28
GRIMES COUNTY,185,49 Years,426,256,170,268,166,102,74,41,33,9,5,4,75,44,31
GRIMES COUNTY,185,50 Years,414,227,187,264,137,127,84,51,33,6,3,3,60,36,24
GRIMES COUNTY,185,51 Years,409,225,184,275,141,134,72,45,27,4,2,2,58,37,21
GRIMES COUNTY,185,52 Years,427,231,196,292,148,144,73,48,25,4,2,2,58,33,25
GRIMES COUNTY,185,53 Years,468,253,215,310,158,152,83,56,27,8,2,6,67,37,30
GRIMES COUNTY,185,54 Years,471,269,202,309,171,138,89,54,35,7,2,5,66,42,24
GRIMES COUNTY,185,55 Years,423,230,193,287,146,141,77,47,30,8,4,4,51,33,18
GRIMES COUNTY,185,56 Years,431,239,192,298,155,143,67,45,22,6,4,2,60,35,25
GRIMES COUNTY,185,57 Years,437,237,200,293,148,145,78,44,34,9,6,3,57,39,18
GRIMES COUNTY,185,58 Years,440,232,208,316,158,158,58,32,26,8,4,4,58,38,20
GRIMES COUNTY,185,59 Years,437,245,192,313,176,137,66,36,30,6,3,3,52,30,22
GRIMES COUNTY,185,60 Years,400,227,173,299,176,123,54,24,30,8,4,4,39,23,16
GRIMES COUNTY,185,61 Years,377,200,177,270,138,132,63,34,29,5,3,2,39,25,14
GRIMES COUNTY,185,62 Years,370,192,178,259,132,127,55,30,25,6,5,1,50,25,25
GRIMES COUNTY,185,63 Years,358,202,156,269,148,121,50,30,20,5,4,1,34,20,14
GRIMES COUNTY,185,64 Years,318,179,139,224,125,99,52,28,24,7,4,3,35,22,13
GRIMES COUNTY,185,65 Years,340,178,162,254,137,117,45,23,22,4,1,3,37,17,20
GRIMES COUNTY,185,66 Years,319,169,150,242,127,115,39,22,17,5,2,3,33,18,15
GRIMES COUNTY,185,67 Years,277,155,122,213,115,98,33,21,12,2,1,1,29,18,11
GRIMES COUNTY,185,68 Years,300,172,128,227,129,98,30,16,14,3,0,3,40,27,13
GRIMES COUNTY,185,69 Years,295,164,131,234,133,101,22,10,12,7,3,4,32,18,14
GRIMES COUNTY,185,70 Years,295,153,142,231,119,112,25,14,11,5,2,3,34,18,16
GRIMES COUNTY,185,71 Years,220,114,106,181,95,86,18,9,9,4,3,1,17,7,10
GRIMES COUNTY,185,72 Years,215,120,95,170,97,73,25,12,13,2,2,0,18,9,9
GRIMES COUNTY,185,73 Years,196,106,90,154,89,65,23,9,14,4,2,2,15,6,9
GRIMES COUNTY,185,74 Years,173,93,80,143,76,67,15,8,7,1,1,0,14,8,6
GRIMES COUNTY,185,75 Years,156,74,82,124,59,65,20,9,11,1,0,1,11,6,5
GRIMES COUNTY,185,76 Years,144,70,74,113,54,59,21,10,11,2,0,2,8,6,2
GRIMES COUNTY,185,77 Years,145,68,77,116,55,61,18,9,9,3,0,3,8,4,4
GRIMES COUNTY,185,78 Years,132,62,70,102,49,53,20,8,12,1,1,0,9,4,5
GRIMES COUNTY,185,79 Years,120,58,62,97,48,49,11,4,7,1,1,0,11,5,6
GRIMES COUNTY,185,80 Years,97,39,58,81,33,48,12,4,8,0,0,0,4,2,2
GRIMES COUNTY,185,81 Years,112,47,65,86,37,49,14,5,9,4,0,4,8,5,3
GRIMES COUNTY,185,82 Years,97,38,59,77,32,45,15,5,10,2,0,2,3,1,2
GRIMES COUNTY,185,83 Years,95,43,52,73,37,36,18,5,13,2,0,2,2,1,1
GRIMES COUNTY,185,84 Years,76,35,41,60,30,30,12,5,7,1,0,1,3,0,3
GRIMES COUNTY,185,85 Years +,432,139,293,345,115,230,62,17,45,4,2,2,21,5,16
GUADALUPE COUNTY,187,All Ages,143195,70012,73183,76435,37089,39346,8804,4430,4374,5369,2394,2975,52587,26099,26488
GUADALUPE COUNTY,187,< 1 Year,1683,862,821,772,393,379,81,44,37,75,39,36,755,386,369
GUADALUPE COUNTY,187,1 Years,1646,840,806,759,387,372,77,40,37,63,32,31,747,381,366
GUADALUPE COUNTY,187,2 Years,1631,833,798,761,388,373,72,37,35,66,34,32,732,374,358
GUADALUPE COUNTY,187,3 Years,1790,945,845,773,413,360,83,47,36,83,42,41,851,443,408
GUADALUPE COUNTY,187,4 Years,1891,984,907,771,403,368,89,45,44,97,42,55,934,494,440
GUADALUPE COUNTY,187,5 Years,1963,1014,949,818,422,396,90,47,43,105,54,51,950,491,459
GUADALUPE COUNTY,187,6 Years,2031,1042,989,858,440,418,96,45,51,97,49,48,980,508,472
GUADALUPE COUNTY,187,7 Years,2099,1087,1012,875,464,411,86,42,44,109,58,51,1029,523,506
GUADALUPE COUNTY,187,8 Years,2176,1128,1048,929,476,453,84,50,34,115,60,55,1048,542,506
GUADALUPE COUNTY,187,9 Years,2141,1102,1039,941,481,460,99,56,43,100,50,50,1001,515,486
GUADALUPE COUNTY,187,10 Years,2184,1108,1076,963,475,488,117,62,55,95,49,46,1009,522,487
GUADALUPE COUNTY,187,11 Years,2251,1147,1104,993,502,491,137,72,65,100,54,46,1021,519,502
GUADALUPE COUNTY,187,12 Years,2375,1206,1169,1019,513,506,137,70,67,113,57,56,1106,566,540
GUADALUPE COUNTY,187,13 Years,2382,1211,1171,1022,520,502,147,74,73,110,55,55,1103,562,541
GUADALUPE COUNTY,187,14 Years,2427,1260,1167,1088,572,516,161,80,81,105,48,57,1073,560,513
GUADALUPE COUNTY,187,15 Years,2449,1285,1164,1094,571,523,156,85,71,111,53,58,1088,576,512
GUADALUPE COUNTY,187,16 Years,2404,1237,1167,1051,545,506,164,81,83,114,57,57,1075,554,521
GUADALUPE COUNTY,187,17 Years,2417,1242,1175,1066,531,535,179,87,92,118,59,59,1054,565,489
GUADALUPE COUNTY,187,18 Years,2369,1219,1150,1030,511,519,173,90,83,105,54,51,1061,564,497
GUADALUPE COUNTY,187,19 Years,2172,1138,1034,925,481,444,179,96,83,87,45,42,981,516,465
GUADALUPE COUNTY,187,20 Years,2015,1030,985,833,426,407,172,82,90,101,52,49,909,470,439
GUADALUPE COUNTY,187,21 Years,1890,919,971,801,388,413,140,69,71,107,49,58,842,413,429
GUADALUPE COUNTY,187,22 Years,1770,889,881,766,375,391,142,72,70,87,44,43,775,398,377
GUADALUPE COUNTY,187,23 Years,1597,821,776,708,354,354,123,69,54,76,38,38,690,360,330
GUADALUPE COUNTY,187,24 Years,1594,815,779,737,352,385,114,67,47,69,35,34,674,361,313
GUADALUPE COUNTY,187,25 Years,1489,721,768,678,309,369,100,57,43,53,27,26,658,328,330
GUADALUPE COUNTY,187,26 Years,1368,702,666,624,305,319,92,52,40,46,25,21,606,320,286
GUADALUPE COUNTY,187,27 Years,1392,718,674,639,317,322,77,44,33,33,21,12,643,336,307
GUADALUPE COUNTY,187,28 Years,1419,712,707,671,327,344,74,37,37,41,18,23,633,330,303
GUADALUPE COUNTY,187,29 Years,1459,704,755,679,321,358,78,38,40,48,23,25,654,322,332
GUADALUPE COUNTY,187,30 Years,1590,780,810,745,372,373,85,45,40,54,23,31,706,340,366
GUADALUPE COUNTY,187,31 Years,1667,807,860,825,403,422,83,44,39,54,24,30,705,336,369
GUADALUPE COUNTY,187,32 Years,1730,813,917,881,417,464,88,50,38,52,18,34,709,328,381
GUADALUPE COUNTY,187,33 Years,1809,845,964,918,431,487,92,49,43,62,21,41,737,344,393
GUADALUPE COUNTY,187,34 Years,1800,838,962,929,438,491,98,39,59,65,26,39,708,335,373
GUADALUPE COUNTY,187,35 Years,1818,824,994,962,441,521,97,38,59,69,27,42,690,318,372
GUADALUPE COUNTY,187,36 Years,1829,856,973,963,448,515,92,40,52,77,35,42,697,333,364
GUADALUPE COUNTY,187,37 Years,1898,894,1004,1018,474,544,93,44,49,76,31,45,711,345,366
GUADALUPE COUNTY,187,38 Years,1988,909,1079,1089,504,585,101,44,57,81,33,48,717,328,389
GUADALUPE COUNTY,187,39 Years,1898,896,1002,1017,481,536,108,54,54,71,29,42,702,332,370
GUADALUPE COUNTY,187,40 Years,2017,959,1058,1066,514,552,116,61,55,73,25,48,762,359,403
GUADALUPE COUNTY,187,41 Years,2181,1009,1172,1200,577,623,133,61,72,72,26,46,776,345,431
GUADALUPE COUNTY,187,42 Years,2248,1070,1178,1242,583,659,149,77,72,73,30,43,784,380,404
GUADALUPE COUNTY,187,43 Years,2255,1081,1174,1232,581,651,154,73,81,82,38,44,787,389,398
GUADALUPE COUNTY,187,44 Years,2181,1041,1140,1213,576,637,135,60,75,83,38,45,750,367,383
GUADALUPE COUNTY,187,45 Years,2151,1038,1113,1200,565,635,162,83,79,78,31,47,711,359,352
GUADALUPE COUNTY,187,46 Years,2135,1043,1092,1184,571,613,170,91,79,71,38,33,710,343,367
GUADALUPE COUNTY,187,47 Years,2114,1025,1089,1168,562,606,183,90,93,79,42,37,684,331,353
GUADALUPE COUNTY,187,48 Years,2208,1067,1141,1235,608,627,189,90,99,75,29,46,709,340,369
GUADALUPE COUNTY,187,49 Years,2163,1043,1120,1243,601,642,188,89,99,79,30,49,653,323,330
GUADALUPE COUNTY,187,50 Years,2165,1034,1131,1242,609,633,179,88,91,80,32,48,664,305,359
GUADALUPE COUNTY,187,51 Years,2150,1046,1104,1236,605,631,190,99,91,88,34,54,636,308,328
GUADALUPE COUNTY,187,52 Years,2078,1028,1050,1230,618,612,176,89,87,90,39,51,582,282,300
GUADALUPE COUNTY,187,53 Years,2116,1050,1066,1250,635,615,139,69,70,66,24,42,661,322,339
GUADALUPE COUNTY,187,54 Years,1973,980,993,1190,592,598,142,72,70,62,26,36,579,290,289
GUADALUPE COUNTY,187,55 Years,1880,917,963,1131,555,576,145,67,78,65,23,42,539,272,267
GUADALUPE COUNTY,187,56 Years,1796,866,930,1115,547,568,140,64,76,64,15,49,477,240,237
GUADALUPE COUNTY,187,57 Years,1818,894,924,1135,548,587,142,83,59,53,17,36,488,246,242
GUADALUPE COUNTY,187,58 Years,1779,853,926,1104,510,594,132,74,58,65,25,40,478,244,234
GUADALUPE COUNTY,187,59 Years,1658,796,862,1037,485,552,112,58,54,61,28,33,448,225,223
GUADALUPE COUNTY,187,60 Years,1590,757,833,999,484,515,104,53,51,53,18,35,434,202,232
GUADALUPE COUNTY,187,61 Years,1532,739,793,960,449,511,91,53,38,50,17,33,431,220,211
GUADALUPE COUNTY,187,62 Years,1440,672,768,925,434,491,78,42,36,46,11,35,391,185,206
GUADALUPE COUNTY,187,63 Years,1459,677,782,960,462,498,75,37,38,41,10,31,383,168,215
GUADALUPE COUNTY,187,64 Years,1439,669,770,957,448,509,83,41,42,35,15,20,364,165,199
GUADALUPE COUNTY,187,65 Years,1420,684,736,967,476,491,75,38,37,36,12,24,342,158,184
GUADALUPE COUNTY,187,66 Years,1414,678,736,981,474,507,64,29,35,32,10,22,337,165,172
GUADALUPE COUNTY,187,67 Years,1233,599,634,811,397,414,62,29,33,27,8,19,333,165,168
GUADALUPE COUNTY,187,68 Years,1131,524,607,755,356,399,56,24,32,23,9,14,297,135,162
GUADALUPE COUNTY,187,69 Years,1144,556,588,799,393,406,56,26,30,25,12,13,264,125,139
GUADALUPE COUNTY,187,70 Years,1091,516,575,787,389,398,58,25,33,27,13,14,219,89,130
GUADALUPE COUNTY,187,71 Years,983,469,514,701,347,354,53,21,32,25,10,15,204,91,113
GUADALUPE COUNTY,187,72 Years,886,436,450,625,317,308,49,22,27,22,4,18,190,93,97
GUADALUPE COUNTY,187,73 Years,781,370,411,544,258,286,44,23,21,25,9,16,168,80,88
GUADALUPE COUNTY,187,74 Years,765,358,407,576,270,306,32,15,17,17,7,10,140,66,74
GUADALUPE COUNTY,187,75 Years,702,318,384,517,233,284,30,16,14,13,6,7,142,63,79
GUADALUPE COUNTY,187,76 Years,695,316,379,495,225,270,37,23,14,17,7,10,146,61,85
GUADALUPE COUNTY,187,77 Years,680,305,375,483,226,257,30,15,15,16,4,12,151,60,91
GUADALUPE COUNTY,187,78 Years,609,273,336,438,197,241,25,11,14,14,5,9,132,60,72
GUADALUPE COUNTY,187,79 Years,563,247,316,410,179,231,20,10,10,12,4,8,121,54,67
GUADALUPE COUNTY,187,80 Years,507,225,282,369,164,205,19,9,10,10,4,6,109,48,61
GUADALUPE COUNTY,187,81 Years,461,212,249,348,167,181,15,7,8,8,3,5,90,35,55
GUADALUPE COUNTY,187,82 Years,432,206,226,332,164,168,15,7,8,5,2,3,80,33,47
GUADALUPE COUNTY,187,83 Years,388,174,214,292,134,158,12,5,7,6,4,2,78,31,47
GUADALUPE COUNTY,187,84 Years,355,150,205,266,113,153,13,5,8,5,2,3,71,30,41
GUADALUPE COUNTY,187,85 Years +,1928,659,1269,1494,520,974,76,22,54,30,8,22,328,109,219
HALE COUNTY,189,All Ages,35626,18455,17171,12811,6504,6307,1788,1128,660,569,289,280,20458,10534,9924
HALE COUNTY,189,< 1 Year,585,294,291,134,67,67,21,10,11,11,7,4,419,210,209
HALE COUNTY,189,1 Years,609,311,298,133,68,65,21,11,10,11,6,5,444,226,218
HALE COUNTY,189,2 Years,604,311,293,136,70,66,19,11,8,12,6,6,437,224,213
HALE COUNTY,189,3 Years,571,269,302,117,59,58,20,8,12,12,7,5,422,195,227
HALE COUNTY,189,4 Years,589,301,288,126,64,62,28,16,12,10,5,5,425,216,209
HALE COUNTY,189,5 Years,583,301,282,117,59,58,26,15,11,13,7,6,427,220,207
HALE COUNTY,189,6 Years,573,290,283,114,62,52,24,14,10,10,4,6,425,210,215
HALE COUNTY,189,7 Years,562,287,275,122,66,56,18,11,7,12,3,9,410,207,203
HALE COUNTY,189,8 Years,561,290,271,130,71,59,16,7,9,6,3,3,409,209,200
HALE COUNTY,189,9 Years,581,285,296,122,57,65,19,8,11,6,3,3,434,217,217
HALE COUNTY,189,10 Years,544,288,256,117,63,54,21,7,14,10,6,4,396,212,184
HALE COUNTY,189,11 Years,571,282,289,143,78,65,19,7,12,13,6,7,396,191,205
HALE COUNTY,189,12 Years,542,258,284,136,68,68,18,12,6,10,5,5,378,173,205
HALE COUNTY,189,13 Years,579,313,266,145,77,68,19,14,5,13,8,5,402,214,188
HALE COUNTY,189,14 Years,547,285,262,128,64,64,20,14,6,8,4,4,391,203,188
HALE COUNTY,189,15 Years,540,280,260,129,66,63,20,11,9,8,5,3,383,198,185
HALE COUNTY,189,16 Years,519,270,249,141,72,69,20,10,10,9,6,3,349,182,167
HALE COUNTY,189,17 Years,555,281,274,146,77,69,15,8,7,10,8,2,384,188,196
HALE COUNTY,189,18 Years,510,268,242,137,79,58,20,13,7,9,6,3,344,170,174
HALE COUNTY,189,19 Years,533,298,235,118,65,53,36,21,15,10,7,3,369,205,164
HALE COUNTY,189,20 Years,545,297,248,131,77,54,36,22,14,9,3,6,369,195,174
HALE COUNTY,189,21 Years,595,346,249,158,98,60,47,33,14,11,5,6,379,210,169
HALE COUNTY,189,22 Years,580,319,261,178,95,83,52,38,14,10,4,6,340,182,158
HALE COUNTY,189,23 Years,567,307,260,198,103,95,58,41,17,11,5,6,300,158,142
HALE COUNTY,189,24 Years,557,317,240,200,116,84,49,37,12,12,7,5,296,157,139
HALE COUNTY,189,25 Years,561,313,248,191,109,82,46,37,9,8,4,4,316,163,153
HALE COUNTY,189,26 Years,530,293,237,176,93,83,48,33,15,10,5,5,296,162,134
HALE COUNTY,189,27 Years,502,288,214,156,91,65,42,28,14,9,4,5,295,165,130
HALE COUNTY,189,28 Years,474,276,198,147,89,58,36,27,9,3,2,1,288,158,130
HALE COUNTY,189,29 Years,447,270,177,134,86,48,33,27,6,2,1,1,278,156,122
HALE COUNTY,189,30 Years,477,275,202,137,76,61,30,24,6,7,5,2,303,170,133
HALE COUNTY,189,31 Years,487,274,213,136,76,60,32,30,2,11,5,6,308,163,145
HALE COUNTY,189,32 Years,471,256,215,132,70,62,25,21,4,9,5,4,305,160,145
HALE COUNTY,189,33 Years,465,251,214,159,85,74,22,15,7,4,2,2,280,149,131
HALE COUNTY,189,34 Years,442,246,196,139,79,60,28,21,7,6,2,4,269,144,125
HALE COUNTY,189,35 Years,408,218,190,120,65,55,30,23,7,6,4,2,252,126,126
HALE COUNTY,189,36 Years,374,199,175,112,58,54,23,16,7,6,4,2,233,121,112
HALE COUNTY,189,37 Years,392,211,181,119,65,54,26,18,8,6,2,4,241,126,115
HALE COUNTY,189,38 Years,391,211,180,108,57,51,31,23,8,3,1,2,249,130,119
HALE COUNTY,189,39 Years,412,209,203,112,55,57,29,23,6,8,4,4,263,127,136
HALE COUNTY,189,40 Years,408,214,194,120,63,57,19,10,9,9,7,2,260,134,126
HALE COUNTY,189,41 Years,438,231,207,135,73,62,15,8,7,10,5,5,278,145,133
HALE COUNTY,189,42 Years,435,217,218,149,79,70,15,9,6,8,3,5,263,126,137
HALE COUNTY,189,43 Years,432,240,192,170,99,71,18,8,10,7,2,5,237,131,106
HALE COUNTY,189,44 Years,404,218,186,151,84,67,18,9,9,5,2,3,230,123,107
HALE COUNTY,189,45 Years,450,235,215,163,86,77,28,18,10,6,2,4,253,129,124
HALE COUNTY,189,46 Years,435,234,201,166,92,74,22,14,8,6,1,5,241,127,114
HALE COUNTY,189,47 Years,430,236,194,155,79,76,28,23,5,6,3,3,241,131,110
HALE COUNTY,189,48 Years,454,242,212,173,87,86,23,15,8,5,2,3,253,138,115
HALE COUNTY,189,49 Years,439,224,215,178,88,90,23,19,4,7,3,4,231,114,117
HALE COUNTY,189,50 Years,437,224,213,177,90,87,18,10,8,9,4,5,233,120,113
HALE COUNTY,189,51 Years,435,222,213,182,91,91,24,13,11,7,3,4,222,115,107
HALE COUNTY,189,52 Years,418,225,193,179,94,85,19,11,8,5,3,2,215,117,98
HALE COUNTY,189,53 Years,454,241,213,197,109,88,21,10,11,6,3,3,230,119,111
HALE COUNTY,189,54 Years,429,223,206,204,99,105,25,16,9,8,4,4,192,104,88
HALE COUNTY,189,55 Years,435,216,219,201,92,109,26,17,9,6,3,3,202,104,98
HALE COUNTY,189,56 Years,433,210,223,199,96,103,27,19,8,5,1,4,202,94,108
HALE COUNTY,189,57 Years,418,200,218,198,94,104,19,10,9,3,2,1,198,94,104
HALE COUNTY,189,58 Years,395,206,189,195,103,92,15,7,8,6,3,3,179,93,86
HALE COUNTY,189,59 Years,393,208,185,201,108,93,21,12,9,4,2,2,167,86,81
HALE COUNTY,189,60 Years,378,185,193,197,99,98,13,9,4,4,1,3,164,76,88
HALE COUNTY,189,61 Years,321,163,158,180,86,94,20,12,8,2,0,2,119,65,54
HALE COUNTY,189,62 Years,307,171,136,166,90,76,10,6,4,5,2,3,126,73,53
HALE COUNTY,189,63 Years,315,158,157,171,82,89,6,3,3,5,3,2,133,70,63
HALE COUNTY,189,64 Years,321,155,166,181,88,93,12,4,8,3,2,1,125,61,64
HALE COUNTY,189,65 Years,299,147,152,164,78,86,14,6,8,3,2,1,118,61,57
HALE COUNTY,189,66 Years,274,136,138,154,74,80,13,6,7,6,3,3,101,53,48
HALE COUNTY,189,67 Years,241,117,124,131,56,75,9,6,3,4,4,0,97,51,46
HALE COUNTY,189,68 Years,225,109,116,116,55,61,8,3,5,7,3,4,94,48,46
HALE COUNTY,189,69 Years,251,125,126,153,74,79,5,1,4,8,4,4,85,46,39
HALE COUNTY,189,70 Years,240,116,124,151,74,77,5,3,2,5,3,2,79,36,43
HALE COUNTY,189,71 Years,242,115,127,151,74,77,14,7,7,3,2,1,74,32,42
HALE COUNTY,189,72 Years,207,95,112,137,63,74,8,4,4,3,2,1,59,26,33
HALE COUNTY,189,73 Years,192,84,108,119,53,66,5,1,4,2,1,1,66,29,37
HALE COUNTY,189,74 Years,176,75,101,109,44,65,4,2,2,2,0,2,61,29,32
HALE COUNTY,189,75 Years,193,81,112,122,51,71,5,2,3,2,0,2,64,28,36
HALE COUNTY,189,76 Years,161,71,90,99,42,57,5,2,3,4,1,3,53,26,27
HALE COUNTY,189,77 Years,148,72,76,103,51,52,4,2,2,2,2,0,39,17,22
HALE COUNTY,189,78 Years,170,83,87,113,53,60,4,2,2,1,1,0,52,27,25
HALE COUNTY,189,79 Years,157,68,89,108,46,62,6,2,4,2,1,1,41,19,22
HALE COUNTY,189,80 Years,159,64,95,110,41,69,3,1,2,3,3,0,43,19,24
HALE COUNTY,189,81 Years,152,71,81,108,47,61,4,3,1,2,1,1,38,20,18
HALE COUNTY,189,82 Years,119,48,71,90,36,54,6,2,4,1,0,1,22,10,12
HALE COUNTY,189,83 Years,115,50,65,80,35,45,5,2,3,1,0,1,29,13,16
HALE COUNTY,189,84 Years,125,56,69,88,40,48,9,4,5,1,1,0,27,11,16
HALE COUNTY,189,85 Years +,631,236,395,483,171,312,24,10,14,6,3,3,118,52,66
HALL COUNTY,191,All Ages,3331,1651,1680,1921,919,1002,243,138,105,31,13,18,1136,581,555
HALL COUNTY,191,< 1 Year,35,19,16,11,6,5,3,2,1,1,1,0,20,10,10
HALL COUNTY,191,1 Years,37,20,17,14,7,7,2,1,1,1,1,0,20,11,9
HALL COUNTY,191,2 Years,37,19,18,14,7,7,2,1,1,1,1,0,20,10,10
HALL COUNTY,191,3 Years,39,19,20,10,6,4,4,3,1,0,0,0,25,10,15
HALL COUNTY,191,4 Years,49,22,27,18,6,12,1,1,0,0,0,0,30,15,15
HALL COUNTY,191,5 Years,40,21,19,13,6,7,3,3,0,0,0,0,24,12,12
HALL COUNTY,191,6 Years,40,21,19,11,5,6,6,4,2,0,0,0,23,12,11
HALL COUNTY,191,7 Years,46,23,23,15,5,10,6,3,3,0,0,0,25,15,10
HALL COUNTY,191,8 Years,44,26,18,15,9,6,4,2,2,0,0,0,25,15,10
HALL COUNTY,191,9 Years,38,21,17,19,11,8,2,1,1,0,0,0,17,9,8
HALL COUNTY,191,10 Years,49,28,21,15,10,5,5,3,2,1,0,1,28,15,13
HALL COUNTY,191,11 Years,51,24,27,17,9,8,4,1,3,1,0,1,29,14,15
HALL COUNTY,191,12 Years,57,28,29,20,11,9,3,2,1,0,0,0,34,15,19
HALL COUNTY,191,13 Years,42,19,23,17,7,10,5,2,3,0,0,0,20,10,10
HALL COUNTY,191,14 Years,51,26,25,24,11,13,7,4,3,0,0,0,20,11,9
HALL COUNTY,191,15 Years,44,23,21,24,13,11,4,2,2,0,0,0,16,8,8
HALL COUNTY,191,16 Years,57,26,31,27,11,16,3,1,2,0,0,0,27,14,13
HALL COUNTY,191,17 Years,60,31,29,36,18,18,2,2,0,0,0,0,22,11,11
HALL COUNTY,191,18 Years,43,23,20,21,10,11,5,5,0,0,0,0,17,8,9
HALL COUNTY,191,19 Years,49,30,19,22,13,9,6,5,1,1,1,0,20,11,9
HALL COUNTY,191,20 Years,47,21,26,23,11,12,3,1,2,1,1,0,20,8,12
HALL COUNTY,191,21 Years,48,28,20,18,10,8,7,5,2,1,1,0,22,12,10
HALL COUNTY,191,22 Years,45,29,16,15,9,6,3,2,1,1,1,0,26,17,9
HALL COUNTY,191,23 Years,29,15,14,9,5,4,2,0,2,0,0,0,18,10,8
HALL COUNTY,191,24 Years,27,13,14,11,4,7,3,2,1,0,0,0,13,7,6
HALL COUNTY,191,25 Years,31,15,16,10,3,7,3,3,0,1,0,1,17,9,8
HALL COUNTY,191,26 Years,29,18,11,10,6,4,2,1,1,0,0,0,17,11,6
HALL COUNTY,191,27 Years,21,10,11,5,2,3,1,0,1,0,0,0,15,8,7
HALL COUNTY,191,28 Years,29,12,17,9,5,4,4,2,2,2,0,2,14,5,9
HALL COUNTY,191,29 Years,30,17,13,8,5,3,2,1,1,1,0,1,19,11,8
HALL COUNTY,191,30 Years,34,15,19,20,9,11,2,0,2,1,0,1,11,6,5
HALL COUNTY,191,31 Years,23,12,11,17,9,8,1,1,0,0,0,0,5,2,3
HALL COUNTY,191,32 Years,28,11,17,12,5,7,2,1,1,0,0,0,14,5,9
HALL COUNTY,191,33 Years,29,13,16,13,7,6,1,0,1,0,0,0,15,6,9
HALL COUNTY,191,34 Years,32,16,16,16,9,7,1,0,1,0,0,0,15,7,8
HALL COUNTY,191,35 Years,32,18,14,19,10,9,2,2,0,1,0,1,10,6,4
HALL COUNTY,191,36 Years,33,14,19,19,7,12,5,3,2,1,0,1,8,4,4
HALL COUNTY,191,37 Years,27,13,14,13,7,6,1,1,0,0,0,0,13,5,8
HALL COUNTY,191,38 Years,34,13,21,20,8,12,1,0,1,0,0,0,13,5,8
HALL COUNTY,191,39 Years,28,12,16,14,7,7,1,0,1,0,0,0,13,5,8
HALL COUNTY,191,40 Years,29,16,13,13,6,7,2,1,1,0,0,0,14,9,5
HALL COUNTY,191,41 Years,37,16,21,17,8,9,2,1,1,0,0,0,18,7,11
HALL COUNTY,191,42 Years,36,14,22,19,8,11,1,0,1,0,0,0,16,6,10
HALL COUNTY,191,43 Years,29,13,16,21,9,12,2,1,1,0,0,0,6,3,3
HALL COUNTY,191,44 Years,35,19,16,19,11,8,5,2,3,0,0,0,11,6,5
HALL COUNTY,191,45 Years,32,20,12,16,10,6,6,3,3,0,0,0,10,7,3
HALL COUNTY,191,46 Years,31,18,13,18,13,5,2,1,1,0,0,0,11,4,7
HALL COUNTY,191,47 Years,34,19,15,19,12,7,2,1,1,0,0,0,13,6,7
HALL COUNTY,191,48 Years,38,21,17,24,14,10,1,0,1,1,0,1,12,7,5
HALL COUNTY,191,49 Years,39,23,16,24,12,12,2,2,0,0,0,0,13,9,4
HALL COUNTY,191,50 Years,46,26,20,27,13,14,5,2,3,1,1,0,13,10,3
HALL COUNTY,191,51 Years,47,25,22,28,14,14,4,2,2,1,1,0,14,8,6
HALL COUNTY,191,52 Years,42,22,20,29,15,14,4,2,2,0,0,0,9,5,4
HALL COUNTY,191,53 Years,44,20,24,29,14,15,4,2,2,0,0,0,11,4,7
HALL COUNTY,191,54 Years,50,25,25,30,14,16,4,2,2,0,0,0,16,9,7
HALL COUNTY,191,55 Years,42,23,19,27,12,15,3,2,1,0,0,0,12,9,3
HALL COUNTY,191,56 Years,32,15,17,22,9,13,1,0,1,0,0,0,9,6,3
HALL COUNTY,191,57 Years,53,26,27,34,16,18,3,2,1,0,0,0,16,8,8
HALL COUNTY,191,58 Years,48,23,25,31,15,16,3,2,1,1,1,0,13,5,8
HALL COUNTY,191,59 Years,43,21,22,30,15,15,2,1,1,1,0,1,10,5,5
HALL COUNTY,191,60 Years,34,16,18,24,11,13,2,1,1,1,0,1,7,4,3
HALL COUNTY,191,61 Years,42,16,26,26,11,15,5,2,3,0,0,0,11,3,8
HALL COUNTY,191,62 Years,43,18,25,29,14,15,5,2,3,0,0,0,9,2,7
HALL COUNTY,191,63 Years,40,18,22,33,15,18,2,1,1,0,0,0,5,2,3
HALL COUNTY,191,64 Years,41,16,25,29,9,20,4,2,2,0,0,0,8,5,3
HALL COUNTY,191,65 Years,42,24,18,30,16,14,3,1,2,0,0,0,9,7,2
HALL COUNTY,191,66 Years,49,24,25,35,18,17,3,1,2,0,0,0,11,5,6
HALL COUNTY,191,67 Years,44,23,21,37,18,19,1,1,0,1,1,0,5,3,2
HALL COUNTY,191,68 Years,48,29,19,33,17,16,6,6,0,0,0,0,9,6,3
HALL COUNTY,191,69 Years,40,22,18,33,18,15,4,3,1,0,0,0,3,1,2
HALL COUNTY,191,70 Years,41,19,22,35,17,18,3,1,2,1,0,1,2,1,1
HALL COUNTY,191,71 Years,41,18,23,34,14,20,1,0,1,1,1,0,5,3,2
HALL COUNTY,191,72 Years,39,14,25,33,11,22,3,1,2,1,1,0,2,1,1
HALL COUNTY,191,73 Years,42,21,21,35,16,19,5,4,1,0,0,0,2,1,1
HALL COUNTY,191,74 Years,35,20,15,30,17,13,2,2,0,0,0,0,3,1,2
HALL COUNTY,191,75 Years,33,17,16,28,14,14,0,0,0,0,0,0,5,3,2
HALL COUNTY,191,76 Years,41,20,21,34,17,17,1,1,0,2,0,2,4,2,2
HALL COUNTY,191,77 Years,33,14,19,28,12,16,0,0,0,1,0,1,4,2,2
HALL COUNTY,191,78 Years,32,14,18,28,13,15,1,1,0,0,0,0,3,0,3
HALL COUNTY,191,79 Years,26,11,15,22,9,13,1,1,0,0,0,0,3,1,2
HALL COUNTY,191,80 Years,23,10,13,19,8,11,0,0,0,1,0,1,3,2,1
HALL COUNTY,191,81 Years,20,10,10,18,9,9,2,1,1,0,0,0,0,0,0
HALL COUNTY,191,82 Years,21,10,11,19,9,10,0,0,0,0,0,0,2,1,1
HALL COUNTY,191,83 Years,25,10,15,23,9,14,1,1,0,0,0,0,1,0,1
HALL COUNTY,191,84 Years,17,7,10,15,6,9,0,0,0,0,0,0,2,1,1
HALL COUNTY,191,85 Years +,108,41,67,90,32,58,6,3,3,1,0,1,11,6,5
HAMILTON COUNTY,193,All Ages,8482,4231,4251,7411,3656,3755,38,27,11,122,63,59,911,485,426
HAMILTON COUNTY,193,< 1 Year,88,47,41,67,36,31,0,0,0,2,2,0,19,9,10
HAMILTON COUNTY,193,1 Years,91,46,45,71,36,35,1,0,1,1,0,1,18,10,8
HAMILTON COUNTY,193,2 Years,89,47,42,70,36,34,1,1,0,1,1,0,17,9,8
HAMILTON COUNTY,193,3 Years,86,43,43,65,29,36,1,1,0,0,0,0,20,13,7
HAMILTON COUNTY,193,4 Years,107,56,51,85,45,40,2,0,2,1,0,1,19,11,8
HAMILTON COUNTY,193,5 Years,91,50,41,74,39,35,1,0,1,0,0,0,16,11,5
HAMILTON COUNTY,193,6 Years,87,42,45,71,33,38,0,0,0,0,0,0,16,9,7
HAMILTON COUNTY,193,7 Years,94,52,42,74,38,36,0,0,0,1,1,0,19,13,6
HAMILTON COUNTY,193,8 Years,87,43,44,67,32,35,0,0,0,2,2,0,18,9,9
HAMILTON COUNTY,193,9 Years,93,52,41,73,42,31,0,0,0,1,1,0,19,9,10
HAMILTON COUNTY,193,10 Years,94,52,42,75,44,31,0,0,0,2,0,2,17,8,9
HAMILTON COUNTY,193,11 Years,102,49,53,77,36,41,2,2,0,1,0,1,22,11,11
HAMILTON COUNTY,193,12 Years,100,46,54,77,32,45,2,2,0,3,2,1,18,10,8
HAMILTON COUNTY,193,13 Years,102,52,50,83,41,42,0,0,0,3,2,1,16,9,7
HAMILTON COUNTY,193,14 Years,93,52,41,72,43,29,0,0,0,5,2,3,16,7,9
HAMILTON COUNTY,193,15 Years,120,65,55,100,56,44,0,0,0,4,3,1,16,6,10
HAMILTON COUNTY,193,16 Years,117,61,56,92,49,43,0,0,0,5,3,2,20,9,11
HAMILTON COUNTY,193,17 Years,103,52,51,78,40,38,2,2,0,3,1,2,20,9,11
HAMILTON COUNTY,193,18 Years,98,53,45,77,39,38,2,2,0,1,0,1,18,12,6
HAMILTON COUNTY,193,19 Years,101,50,51,76,38,38,1,0,1,2,2,0,22,10,12
HAMILTON COUNTY,193,20 Years,90,48,42,67,36,31,1,0,1,2,0,2,20,12,8
HAMILTON COUNTY,193,21 Years,105,56,49,78,42,36,1,1,0,4,2,2,22,11,11
HAMILTON COUNTY,193,22 Years,74,38,36,55,28,27,1,1,0,2,2,0,16,7,9
HAMILTON COUNTY,193,23 Years,68,29,39,54,22,32,1,1,0,0,0,0,13,6,7
HAMILTON COUNTY,193,24 Years,70,29,41,57,22,35,0,0,0,0,0,0,13,7,6
HAMILTON COUNTY,193,25 Years,90,48,42,72,39,33,0,0,0,0,0,0,18,9,9
HAMILTON COUNTY,193,26 Years,93,53,40,78,46,32,0,0,0,1,1,0,14,6,8
HAMILTON COUNTY,193,27 Years,64,33,31,57,30,27,0,0,0,1,1,0,6,2,4
HAMILTON COUNTY,193,28 Years,81,47,34,61,34,27,2,2,0,1,0,1,17,11,6
HAMILTON COUNTY,193,29 Years,71,34,37,59,28,31,2,1,1,0,0,0,10,5,5
HAMILTON COUNTY,193,30 Years,93,49,44,82,42,40,0,0,0,0,0,0,11,7,4
HAMILTON COUNTY,193,31 Years,86,50,36,72,43,29,2,1,1,0,0,0,12,6,6
HAMILTON COUNTY,193,32 Years,76,42,34,62,35,27,2,1,1,0,0,0,12,6,6
HAMILTON COUNTY,193,33 Years,81,48,33,70,40,30,0,0,0,0,0,0,11,8,3
HAMILTON COUNTY,193,34 Years,71,40,31,60,33,27,0,0,0,0,0,0,11,7,4
HAMILTON COUNTY,193,35 Years,73,43,30,62,36,26,1,1,0,1,1,0,9,5,4
HAMILTON COUNTY,193,36 Years,83,48,35,71,41,30,1,1,0,1,1,0,10,5,5
HAMILTON COUNTY,193,37 Years,80,37,43,67,30,37,0,0,0,1,0,1,12,7,5
HAMILTON COUNTY,193,38 Years,94,47,47,77,38,39,0,0,0,5,2,3,12,7,5
HAMILTON COUNTY,193,39 Years,75,40,35,65,35,30,0,0,0,3,2,1,7,3,4
HAMILTON COUNTY,193,40 Years,80,37,43,65,27,38,0,0,0,2,2,0,13,8,5
HAMILTON COUNTY,193,41 Years,102,50,52,87,43,44,0,0,0,2,0,2,13,7,6
HAMILTON COUNTY,193,42 Years,93,47,46,77,39,38,1,0,1,3,2,1,12,6,6
HAMILTON COUNTY,193,43 Years,97,51,46,83,43,40,2,1,1,2,2,0,10,5,5
HAMILTON COUNTY,193,44 Years,97,53,44,87,45,42,0,0,0,3,2,1,7,6,1
HAMILTON COUNTY,193,45 Years,85,43,42,77,39,38,0,0,0,1,0,1,7,4,3
HAMILTON COUNTY,193,46 Years,83,40,43,69,35,34,0,0,0,1,1,0,13,4,9
HAMILTON COUNTY,193,47 Years,92,45,47,77,38,39,0,0,0,4,2,2,11,5,6
HAMILTON COUNTY,193,48 Years,99,51,48,83,40,43,0,0,0,1,0,1,15,11,4
HAMILTON COUNTY,193,49 Years,116,63,53,103,56,47,0,0,0,0,0,0,13,7,6
HAMILTON COUNTY,193,50 Years,134,66,68,122,62,60,1,1,0,2,0,2,9,3,6
HAMILTON COUNTY,193,51 Years,123,62,61,110,56,54,1,1,0,2,0,2,10,5,5
HAMILTON COUNTY,193,52 Years,133,70,63,113,59,54,1,1,0,3,3,0,16,7,9
HAMILTON COUNTY,193,53 Years,134,77,57,118,66,52,0,0,0,2,1,1,14,10,4
HAMILTON COUNTY,193,54 Years,119,59,60,111,55,56,0,0,0,1,0,1,7,4,3
HAMILTON COUNTY,193,55 Years,127,66,61,115,59,56,0,0,0,1,1,0,11,6,5
HAMILTON COUNTY,193,56 Years,119,63,56,105,56,49,0,0,0,2,1,1,12,6,6
HAMILTON COUNTY,193,57 Years,109,54,55,100,48,52,1,1,0,0,0,0,8,5,3
HAMILTON COUNTY,193,58 Years,114,48,66,103,42,61,0,0,0,2,0,2,9,6,3
HAMILTON COUNTY,193,59 Years,127,60,67,114,54,60,1,1,0,2,0,2,10,5,5
HAMILTON COUNTY,193,60 Years,111,55,56,101,50,51,0,0,0,3,1,2,7,4,3
HAMILTON COUNTY,193,61 Years,129,55,74,122,50,72,0,0,0,3,2,1,4,3,1
HAMILTON COUNTY,193,62 Years,115,47,68,112,45,67,0,0,0,1,1,0,2,1,1
HAMILTON COUNTY,193,63 Years,111,56,55,105,53,52,0,0,0,2,1,1,4,2,2
HAMILTON COUNTY,193,64 Years,124,68,56,117,64,53,1,1,0,1,0,1,5,3,2
HAMILTON COUNTY,193,65 Years,115,53,62,109,51,58,0,0,0,1,0,1,5,2,3
HAMILTON COUNTY,193,66 Years,122,60,62,115,57,58,0,0,0,1,0,1,6,3,3
HAMILTON COUNTY,193,67 Years,100,41,59,96,40,56,0,0,0,0,0,0,4,1,3
HAMILTON COUNTY,193,68 Years,116,54,62,113,52,61,0,0,0,0,0,0,3,2,1
HAMILTON COUNTY,193,69 Years,116,52,64,112,50,62,0,0,0,1,0,1,3,2,1
HAMILTON COUNTY,193,70 Years,124,63,61,121,61,60,0,0,0,1,1,0,2,1,1
HAMILTON COUNTY,193,71 Years,115,57,58,112,55,57,0,0,0,1,1,0,2,1,1
HAMILTON COUNTY,193,72 Years,110,54,56,108,52,56,0,0,0,1,1,0,1,1,0
HAMILTON COUNTY,193,73 Years,96,46,50,92,45,47,0,0,0,2,1,1,2,0,2
HAMILTON COUNTY,193,74 Years,100,53,47,95,50,45,0,0,0,3,2,1,2,1,1
HAMILTON COUNTY,193,75 Years,92,45,47,89,43,46,0,0,0,0,0,0,3,2,1
HAMILTON COUNTY,193,76 Years,76,36,40,75,35,40,0,0,0,0,0,0,1,1,0
HAMILTON COUNTY,193,77 Years,85,40,45,84,39,45,0,0,0,1,1,0,0,0,0
HAMILTON COUNTY,193,78 Years,94,43,51,91,42,49,0,0,0,0,0,0,3,1,2
HAMILTON COUNTY,193,79 Years,69,32,37,68,32,36,0,0,0,0,0,0,1,0,1
HAMILTON COUNTY,193,80 Years,64,32,32,64,32,32,0,0,0,0,0,0,0,0,0
HAMILTON COUNTY,193,81 Years,58,30,28,57,30,27,0,0,0,0,0,0,1,0,1
HAMILTON COUNTY,193,82 Years,56,28,28,53,28,25,0,0,0,1,0,1,2,0,2
HAMILTON COUNTY,193,83 Years,63,27,36,61,27,34,0,0,0,1,0,1,1,0,1
HAMILTON COUNTY,193,84 Years,54,28,26,54,28,26,0,0,0,0,0,0,0,0,0
HAMILTON COUNTY,193,85 Years +,323,102,221,316,99,217,0,0,0,2,0,2,5,3,2
HANSFORD COUNTY,195,All Ages,5520,2785,2735,2924,1420,1504,29,17,12,58,28,30,2509,1320,1189
HANSFORD COUNTY,195,< 1 Year,81,45,36,35,19,16,0,0,0,1,1,0,45,25,20
HANSFORD COUNTY,195,1 Years,80,41,39,34,18,16,0,0,0,1,0,1,45,23,22
HANSFORD COUNTY,195,2 Years,75,38,37,33,17,16,0,0,0,1,0,1,41,21,20
HANSFORD COUNTY,195,3 Years,82,44,38,33,16,17,0,0,0,2,2,0,47,26,21
HANSFORD COUNTY,195,4 Years,88,42,46,35,16,19,0,0,0,2,1,1,51,25,26
HANSFORD COUNTY,195,5 Years,91,41,50,40,15,25,1,0,1,1,1,0,49,25,24
HANSFORD COUNTY,195,6 Years,90,50,40,33,19,14,3,2,1,1,1,0,53,28,25
HANSFORD COUNTY,195,7 Years,89,51,38,36,21,15,1,1,0,1,1,0,51,28,23
HANSFORD COUNTY,195,8 Years,99,48,51,41,19,22,1,1,0,1,1,0,56,27,29
HANSFORD COUNTY,195,9 Years,95,49,46,36,17,19,0,0,0,0,0,0,59,32,27
HANSFORD COUNTY,195,10 Years,89,44,45,35,19,16,1,0,1,0,0,0,53,25,28
HANSFORD COUNTY,195,11 Years,93,51,42,41,25,16,0,0,0,0,0,0,52,26,26
HANSFORD COUNTY,195,12 Years,102,52,50,39,21,18,0,0,0,0,0,0,63,31,32
HANSFORD COUNTY,195,13 Years,97,50,47,39,19,20,0,0,0,1,1,0,57,30,27
HANSFORD COUNTY,195,14 Years,88,42,46,38,20,18,0,0,0,1,0,1,49,22,27
HANSFORD COUNTY,195,15 Years,78,40,38,33,18,15,0,0,0,1,0,1,44,22,22
HANSFORD COUNTY,195,16 Years,90,48,42,38,19,19,0,0,0,4,2,2,48,27,21
HANSFORD COUNTY,195,17 Years,92,49,43,39,16,23,0,0,0,2,1,1,51,32,19
HANSFORD COUNTY,195,18 Years,88,42,46,38,15,23,0,0,0,1,0,1,49,27,22
HANSFORD COUNTY,195,19 Years,80,38,42,32,14,18,0,0,0,1,0,1,47,24,23
HANSFORD COUNTY,195,20 Years,94,51,43,35,17,18,1,1,0,1,0,1,57,33,24
HANSFORD COUNTY,195,21 Years,90,44,46,27,11,16,1,1,0,1,0,1,61,32,29
HANSFORD COUNTY,195,22 Years,59,32,27,18,10,8,2,1,1,0,0,0,39,21,18
HANSFORD COUNTY,195,23 Years,53,29,24,18,9,9,1,1,0,0,0,0,34,19,15
HANSFORD COUNTY,195,24 Years,43,19,24,21,9,12,1,0,1,0,0,0,21,10,11
HANSFORD COUNTY,195,25 Years,50,28,22,23,10,13,0,0,0,0,0,0,27,18,9
HANSFORD COUNTY,195,26 Years,56,33,23,22,13,9,0,0,0,1,0,1,33,20,13
HANSFORD COUNTY,195,27 Years,59,31,28,23,15,8,1,1,0,2,1,1,33,14,19
HANSFORD COUNTY,195,28 Years,49,25,24,23,12,11,0,0,0,0,0,0,26,13,13
HANSFORD COUNTY,195,29 Years,58,33,25,23,12,11,2,2,0,0,0,0,33,19,14
HANSFORD COUNTY,195,30 Years,76,38,38,33,17,16,1,1,0,0,0,0,42,20,22
HANSFORD COUNTY,195,31 Years,65,26,39,27,10,17,0,0,0,2,1,1,36,15,21
HANSFORD COUNTY,195,32 Years,64,27,37,26,9,17,1,1,0,2,1,1,35,16,19
HANSFORD COUNTY,195,33 Years,64,30,34,28,12,16,0,0,0,0,0,0,36,18,18
HANSFORD COUNTY,195,34 Years,63,30,33,30,13,17,0,0,0,0,0,0,33,17,16
HANSFORD COUNTY,195,35 Years,61,31,30,31,15,16,0,0,0,1,1,0,29,15,14
HANSFORD COUNTY,195,36 Years,67,35,32,31,17,14,1,1,0,1,1,0,34,16,18
HANSFORD COUNTY,195,37 Years,70,35,35,28,14,14,0,0,0,0,0,0,42,21,21
HANSFORD COUNTY,195,38 Years,63,33,30,28,14,14,0,0,0,1,0,1,34,19,15
HANSFORD COUNTY,195,39 Years,67,35,32,33,17,16,1,0,1,0,0,0,33,18,15
HANSFORD COUNTY,195,40 Years,76,40,36,30,15,15,0,0,0,0,0,0,46,25,21
HANSFORD COUNTY,195,41 Years,58,29,29,28,13,15,0,0,0,0,0,0,30,16,14
HANSFORD COUNTY,195,42 Years,69,35,34,34,15,19,0,0,0,0,0,0,35,20,15
HANSFORD COUNTY,195,43 Years,67,31,36,32,13,19,0,0,0,0,0,0,35,18,17
HANSFORD COUNTY,195,44 Years,59,28,31,30,16,14,0,0,0,0,0,0,29,12,17
HANSFORD COUNTY,195,45 Years,66,35,31,38,22,16,1,0,1,1,1,0,26,12,14
HANSFORD COUNTY,195,46 Years,59,30,29,31,15,16,0,0,0,1,1,0,27,14,13
HANSFORD COUNTY,195,47 Years,69,39,30,32,15,17,0,0,0,1,0,1,36,24,12
HANSFORD COUNTY,195,48 Years,69,36,33,37,16,21,0,0,0,2,2,0,30,18,12
HANSFORD COUNTY,195,49 Years,72,35,37,39,18,21,0,0,0,1,0,1,32,17,15
HANSFORD COUNTY,195,50 Years,84,47,37,43,25,18,0,0,0,0,0,0,41,22,19
HANSFORD COUNTY,195,51 Years,75,43,32,43,23,20,1,0,1,0,0,0,31,20,11
HANSFORD COUNTY,195,52 Years,69,36,33,39,18,21,2,2,0,0,0,0,28,16,12
HANSFORD COUNTY,195,53 Years,74,35,39,38,17,21,1,0,1,0,0,0,35,18,17
HANSFORD COUNTY,195,54 Years,68,39,29,47,26,21,0,0,0,0,0,0,21,13,8
HANSFORD COUNTY,195,55 Years,73,35,38,52,25,27,0,0,0,1,0,1,20,10,10
HANSFORD COUNTY,195,56 Years,71,34,37,47,22,25,0,0,0,1,0,1,23,12,11
HANSFORD COUNTY,195,57 Years,75,40,35,50,25,25,0,0,0,2,0,2,23,15,8
HANSFORD COUNTY,195,58 Years,71,34,37,46,23,23,0,0,0,0,0,0,25,11,14
HANSFORD COUNTY,195,59 Years,72,35,37,51,26,25,0,0,0,1,1,0,20,8,12
HANSFORD COUNTY,195,60 Years,65,32,33,53,26,27,0,0,0,1,1,0,11,5,6
HANSFORD COUNTY,195,61 Years,55,26,29,38,20,18,0,0,0,0,0,0,17,6,11
HANSFORD COUNTY,195,62 Years,61,33,28,46,27,19,0,0,0,0,0,0,15,6,9
HANSFORD COUNTY,195,63 Years,55,33,22,40,25,15,0,0,0,0,0,0,15,8,7
HANSFORD COUNTY,195,64 Years,60,28,32,49,21,28,0,0,0,1,0,1,10,7,3
HANSFORD COUNTY,195,65 Years,46,20,26,39,17,22,0,0,0,0,0,0,7,3,4
HANSFORD COUNTY,195,66 Years,61,34,27,43,23,20,0,0,0,3,1,2,15,10,5
HANSFORD COUNTY,195,67 Years,46,22,24,33,14,19,0,0,0,2,1,1,11,7,4
HANSFORD COUNTY,195,68 Years,40,21,19,27,12,15,1,1,0,0,0,0,12,8,4
HANSFORD COUNTY,195,69 Years,38,23,15,29,17,12,0,0,0,0,0,0,9,6,3
HANSFORD COUNTY,195,70 Years,50,27,23,41,23,18,1,0,1,0,0,0,8,4,4
HANSFORD COUNTY,195,71 Years,46,23,23,37,20,17,0,0,0,1,0,1,8,3,5
HANSFORD COUNTY,195,72 Years,36,16,20,32,15,17,0,0,0,1,0,1,3,1,2
HANSFORD COUNTY,195,73 Years,32,17,15,28,14,14,0,0,0,0,0,0,4,3,1
HANSFORD COUNTY,195,74 Years,35,18,17,28,14,14,0,0,0,0,0,0,7,4,3
HANSFORD COUNTY,195,75 Years,34,13,21,29,11,18,1,0,1,0,0,0,4,2,2
HANSFORD COUNTY,195,76 Years,30,10,20,25,8,17,0,0,0,1,0,1,4,2,2
HANSFORD COUNTY,195,77 Years,30,17,13,28,15,13,0,0,0,0,0,0,2,2,0
HANSFORD COUNTY,195,78 Years,26,13,13,24,13,11,0,0,0,0,0,0,2,0,2
HANSFORD COUNTY,195,79 Years,28,12,16,25,11,14,0,0,0,1,1,0,2,0,2
HANSFORD COUNTY,195,80 Years,29,13,16,25,9,16,0,0,0,1,1,0,3,3,0
HANSFORD COUNTY,195,81 Years,21,9,12,18,7,11,0,0,0,0,0,0,3,2,1
HANSFORD COUNTY,195,82 Years,22,7,15,19,6,13,0,0,0,0,0,0,3,1,2
HANSFORD COUNTY,195,83 Years,20,9,11,17,6,11,0,0,0,1,1,0,2,2,0
HANSFORD COUNTY,195,84 Years,16,7,9,13,5,8,0,0,0,0,0,0,3,2,1
HANSFORD COUNTY,195,85 Years +,104,36,68,95,34,61,1,0,1,0,0,0,8,2,6
HARDEMAN COUNTY,197,All Ages,4024,2020,2004,2787,1363,1424,204,115,89,98,59,39,935,483,452
HARDEMAN COUNTY,197,< 1 Year,44,22,22,26,13,13,2,1,1,1,1,0,15,7,8
HARDEMAN COUNTY,197,1 Years,45,22,23,25,13,12,2,1,1,1,0,1,17,8,9
HARDEMAN COUNTY,197,2 Years,45,25,20,26,14,12,1,1,0,1,1,0,17,9,8
HARDEMAN COUNTY,197,3 Years,53,29,24,24,12,12,2,1,1,4,3,1,23,13,10
HARDEMAN COUNTY,197,4 Years,59,33,26,20,12,8,5,1,4,4,3,1,30,17,13
HARDEMAN COUNTY,197,5 Years,53,25,28,23,11,12,3,2,1,1,0,1,26,12,14
HARDEMAN COUNTY,197,6 Years,51,23,28,24,11,13,1,0,1,4,2,2,22,10,12
HARDEMAN COUNTY,197,7 Years,53,29,24,26,12,14,2,1,1,4,3,1,21,13,8
HARDEMAN COUNTY,197,8 Years,56,37,19,27,17,10,2,2,0,5,5,0,22,13,9
HARDEMAN COUNTY,197,9 Years,61,37,24,28,16,12,3,3,0,2,2,0,28,16,12
HARDEMAN COUNTY,197,10 Years,51,27,24,24,12,12,1,1,0,2,1,1,24,13,11
HARDEMAN COUNTY,197,11 Years,53,25,28,28,13,15,2,2,0,2,1,1,21,9,12
HARDEMAN COUNTY,197,12 Years,60,31,29,36,18,18,3,3,0,0,0,0,21,10,11
HARDEMAN COUNTY,197,13 Years,48,24,24,27,14,13,2,1,1,1,0,1,18,9,9
HARDEMAN COUNTY,197,14 Years,60,30,30,38,18,20,2,2,0,1,0,1,19,10,9
HARDEMAN COUNTY,197,15 Years,60,34,26,36,19,17,2,1,1,0,0,0,22,14,8
HARDEMAN COUNTY,197,16 Years,55,33,22,34,18,16,3,2,1,1,1,0,17,12,5
HARDEMAN COUNTY,197,17 Years,60,33,27,37,20,17,4,3,1,1,1,0,18,9,9
HARDEMAN COUNTY,197,18 Years,51,23,28,26,10,16,5,2,3,3,2,1,17,9,8
HARDEMAN COUNTY,197,19 Years,49,24,25,26,13,13,5,2,3,2,1,1,16,8,8
HARDEMAN COUNTY,197,20 Years,52,25,27,27,12,15,3,1,2,1,1,0,21,11,10
HARDEMAN COUNTY,197,21 Years,50,24,26,29,15,14,2,1,1,0,0,0,19,8,11
HARDEMAN COUNTY,197,22 Years,41,22,19,25,12,13,2,2,0,0,0,0,14,8,6
HARDEMAN COUNTY,197,23 Years,29,19,10,20,12,8,1,1,0,0,0,0,8,6,2
HARDEMAN COUNTY,197,24 Years,27,14,13,16,8,8,1,1,0,1,0,1,9,5,4
HARDEMAN COUNTY,197,25 Years,34,13,21,19,8,11,3,3,0,1,0,1,11,2,9
HARDEMAN COUNTY,197,26 Years,37,16,21,28,12,16,3,2,1,1,1,0,5,1,4
HARDEMAN COUNTY,197,27 Years,41,22,19,26,14,12,2,1,1,2,2,0,11,5,6
HARDEMAN COUNTY,197,28 Years,40,21,19,25,13,12,2,1,1,3,2,1,10,5,5
HARDEMAN COUNTY,197,29 Years,44,25,19,30,16,14,3,2,1,1,1,0,10,6,4
HARDEMAN COUNTY,197,30 Years,41,24,17,23,13,10,1,0,1,0,0,0,17,11,6
HARDEMAN COUNTY,197,31 Years,39,22,17,22,12,10,1,1,0,0,0,0,16,9,7
HARDEMAN COUNTY,197,32 Years,36,18,18,21,12,9,4,2,2,0,0,0,11,4,7
HARDEMAN COUNTY,197,33 Years,42,16,26,25,12,13,3,1,2,1,0,1,13,3,10
HARDEMAN COUNTY,197,34 Years,33,17,16,18,10,8,3,2,1,0,0,0,12,5,7
HARDEMAN COUNTY,197,35 Years,46,20,26,27,10,17,1,0,1,1,0,1,17,10,7
HARDEMAN COUNTY,197,36 Years,45,22,23,30,13,17,1,1,0,1,0,1,13,8,5
HARDEMAN COUNTY,197,37 Years,39,21,18,24,12,12,3,3,0,0,0,0,12,6,6
HARDEMAN COUNTY,197,38 Years,36,21,15,25,14,11,4,3,1,0,0,0,7,4,3
HARDEMAN COUNTY,197,39 Years,42,22,20,31,15,16,3,2,1,1,0,1,7,5,2
HARDEMAN COUNTY,197,40 Years,35,15,20,24,9,15,2,2,0,2,1,1,7,3,4
HARDEMAN COUNTY,197,41 Years,49,28,21,34,19,15,5,3,2,2,2,0,8,4,4
HARDEMAN COUNTY,197,42 Years,48,22,26,39,18,21,3,1,2,0,0,0,6,3,3
HARDEMAN COUNTY,197,43 Years,48,22,26,38,17,21,1,0,1,0,0,0,9,5,4
HARDEMAN COUNTY,197,44 Years,44,20,24,34,16,18,3,0,3,1,1,0,6,3,3
HARDEMAN COUNTY,197,45 Years,43,20,23,32,16,16,1,0,1,2,1,1,8,3,5
HARDEMAN COUNTY,197,46 Years,40,15,25,31,13,18,1,1,0,1,0,1,7,1,6
HARDEMAN COUNTY,197,47 Years,51,27,24,33,19,14,4,2,2,1,1,0,13,5,8
HARDEMAN COUNTY,197,48 Years,58,30,28,34,18,16,5,2,3,2,0,2,17,10,7
HARDEMAN COUNTY,197,49 Years,56,26,30,39,16,23,2,1,1,2,1,1,13,8,5
HARDEMAN COUNTY,197,50 Years,46,22,24,34,15,19,4,2,2,1,1,0,7,4,3
HARDEMAN COUNTY,197,51 Years,46,25,21,33,16,17,4,3,1,2,1,1,7,5,2
HARDEMAN COUNTY,197,52 Years,53,25,28,39,19,20,4,2,2,1,1,0,9,3,6
HARDEMAN COUNTY,197,53 Years,45,27,18,38,23,15,1,1,0,0,0,0,6,3,3
HARDEMAN COUNTY,197,54 Years,51,28,23,40,20,20,3,2,1,1,1,0,7,5,2
HARDEMAN COUNTY,197,55 Years,69,31,38,52,21,31,6,3,3,2,2,0,9,5,4
HARDEMAN COUNTY,197,56 Years,61,34,27,51,29,22,2,1,1,2,1,1,6,3,3
HARDEMAN COUNTY,197,57 Years,62,40,22,44,27,17,4,3,1,1,1,0,13,9,4
HARDEMAN COUNTY,197,58 Years,72,40,32,53,30,23,2,2,0,1,1,0,16,7,9
HARDEMAN COUNTY,197,59 Years,66,32,34,54,24,30,2,1,1,1,1,0,9,6,3
HARDEMAN COUNTY,197,60 Years,53,24,29,46,22,24,1,0,1,1,0,1,5,2,3
HARDEMAN COUNTY,197,61 Years,56,24,32,46,19,27,1,1,0,1,1,0,8,3,5
HARDEMAN COUNTY,197,62 Years,55,30,25,47,26,21,2,1,1,1,0,1,5,3,2
HARDEMAN COUNTY,197,63 Years,47,31,16,40,27,13,2,0,2,2,1,1,3,3,0
HARDEMAN COUNTY,197,64 Years,53,27,26,44,24,20,2,0,2,2,1,1,5,2,3
HARDEMAN COUNTY,197,65 Years,52,22,30,42,16,26,2,2,0,2,2,0,6,2,4
HARDEMAN COUNTY,197,66 Years,52,22,30,44,19,25,2,1,1,0,0,0,6,2,4
HARDEMAN COUNTY,197,67 Years,62,26,36,48,22,26,3,2,1,2,0,2,9,2,7
HARDEMAN COUNTY,197,68 Years,57,26,31,48,23,25,2,1,1,1,0,1,6,2,4
HARDEMAN COUNTY,197,69 Years,56,26,30,49,22,27,3,1,2,0,0,0,4,3,1
HARDEMAN COUNTY,197,70 Years,50,24,26,44,20,24,1,0,1,1,0,1,4,4,0
HARDEMAN COUNTY,197,71 Years,48,27,21,38,21,17,1,1,0,2,1,1,7,4,3
HARDEMAN COUNTY,197,72 Years,44,23,21,38,19,19,1,1,0,1,1,0,4,2,2
HARDEMAN COUNTY,197,73 Years,40,19,21,35,16,19,2,0,2,0,0,0,3,3,0
HARDEMAN COUNTY,197,74 Years,36,19,17,31,16,15,4,2,2,0,0,0,1,1,0
HARDEMAN COUNTY,197,75 Years,25,16,9,23,14,9,1,1,0,0,0,0,1,1,0
HARDEMAN COUNTY,197,76 Years,35,15,20,30,13,17,2,1,1,0,0,0,3,1,2
HARDEMAN COUNTY,197,77 Years,34,13,21,30,11,19,2,1,1,0,0,0,2,1,1
HARDEMAN COUNTY,197,78 Years,28,15,13,27,14,13,1,1,0,0,0,0,0,0,0
HARDEMAN COUNTY,197,79 Years,24,11,13,22,10,12,0,0,0,0,0,0,2,1,1
HARDEMAN COUNTY,197,80 Years,19,7,12,18,7,11,0,0,0,0,0,0,1,0,1
HARDEMAN COUNTY,197,81 Years,19,7,12,17,7,10,0,0,0,1,0,1,1,0,1
HARDEMAN COUNTY,197,82 Years,21,12,9,18,10,8,2,1,1,0,0,0,1,1,0
HARDEMAN COUNTY,197,83 Years,21,12,9,18,11,7,3,1,2,0,0,0,0,0,0
HARDEMAN COUNTY,197,84 Years,26,9,17,20,6,14,3,2,1,2,1,1,1,0,1
HARDEMAN COUNTY,197,85 Years +,107,34,73,96,32,64,4,0,4,0,0,0,7,2,5
HARDIN COUNTY,199,All Ages,57005,28107,28898,49726,24486,25240,3378,1592,1786,1119,564,555,2782,1465,1317
HARDIN COUNTY,199,< 1 Year,685,355,330,587,303,284,41,21,20,18,10,8,39,21,18
HARDIN COUNTY,199,1 Years,676,347,329,584,298,286,40,20,20,15,9,6,37,20,17
HARDIN COUNTY,199,2 Years,684,351,333,591,302,289,40,21,19,17,9,8,36,19,17
HARDIN COUNTY,199,3 Years,742,377,365,616,308,308,43,23,20,28,16,12,55,30,25
HARDIN COUNTY,199,4 Years,766,408,358,640,345,295,55,27,28,23,13,10,48,23,25
HARDIN COUNTY,199,5 Years,761,392,369,622,321,301,54,26,28,29,15,14,56,30,26
HARDIN COUNTY,199,6 Years,786,413,373,641,334,307,54,30,24,32,16,16,59,33,26
HARDIN COUNTY,199,7 Years,767,405,362,632,334,298,51,27,24,30,15,15,54,29,25
HARDIN COUNTY,199,8 Years,814,418,396,672,341,331,45,26,19,31,14,17,66,37,29
HARDIN COUNTY,199,9 Years,785,406,379,656,339,317,47,25,22,24,10,14,58,32,26
HARDIN COUNTY,199,10 Years,787,400,387,662,339,323,46,24,22,22,8,14,57,29,28
HARDIN COUNTY,199,11 Years,828,435,393,700,371,329,49,28,21,16,7,9,63,29,34
HARDIN COUNTY,199,12 Years,881,459,422,741,383,358,51,25,26,21,13,8,68,38,30
HARDIN COUNTY,199,13 Years,907,488,419,755,401,354,65,35,30,19,13,6,68,39,29
HARDIN COUNTY,199,14 Years,881,462,419,743,389,354,55,25,30,20,15,5,63,33,30
HARDIN COUNTY,199,15 Years,866,449,417,732,381,351,53,25,28,17,10,7,64,33,31
HARDIN COUNTY,199,16 Years,855,452,403,714,376,338,58,25,33,18,11,7,65,40,25
HARDIN COUNTY,199,17 Years,830,448,382,704,375,329,53,27,26,16,9,7,57,37,20
HARDIN COUNTY,199,18 Years,761,390,371,646,320,326,52,30,22,12,6,6,51,34,17
HARDIN COUNTY,199,19 Years,684,351,333,569,277,292,49,32,17,14,9,5,52,33,19
HARDIN COUNTY,199,20 Years,710,374,336,580,302,278,58,35,23,16,10,6,56,27,29
HARDIN COUNTY,199,21 Years,689,352,337,574,295,279,49,25,24,16,8,8,50,24,26
HARDIN COUNTY,199,22 Years,657,344,313,541,290,251,40,12,28,22,14,8,54,28,26
HARDIN COUNTY,199,23 Years,690,351,339,568,294,274,55,22,33,18,10,8,49,25,24
HARDIN COUNTY,199,24 Years,636,315,321,535,269,266,46,21,25,14,5,9,41,20,21
HARDIN COUNTY,199,25 Years,653,326,327,572,286,286,39,18,21,10,5,5,32,17,15
HARDIN COUNTY,199,26 Years,627,320,307,549,284,265,38,16,22,7,5,2,33,15,18
HARDIN COUNTY,199,27 Years,648,321,327,553,269,284,46,23,23,11,6,5,38,23,15
HARDIN COUNTY,199,28 Years,595,288,307,507,241,266,42,23,19,13,6,7,33,18,15
HARDIN COUNTY,199,29 Years,577,267,310,497,226,271,36,18,18,8,4,4,36,19,17
HARDIN COUNTY,199,30 Years,632,314,318,549,271,278,32,17,15,5,3,2,46,23,23
HARDIN COUNTY,199,31 Years,665,325,340,577,284,293,39,19,20,9,5,4,40,17,23
HARDIN COUNTY,199,32 Years,697,337,360,599,289,310,37,21,16,12,5,7,49,22,27
HARDIN COUNTY,199,33 Years,744,361,383,637,309,328,43,22,21,16,8,8,48,22,26
HARDIN COUNTY,199,34 Years,733,355,378,637,305,332,44,21,23,11,6,5,41,23,18
HARDIN COUNTY,199,35 Years,732,350,382,631,302,329,44,20,24,10,4,6,47,24,23
HARDIN COUNTY,199,36 Years,687,325,362,601,283,318,36,17,19,9,4,5,41,21,20
HARDIN COUNTY,199,37 Years,661,319,342,586,283,303,31,13,18,12,3,9,32,20,12
HARDIN COUNTY,199,38 Years,653,327,326,575,293,282,34,14,20,9,3,6,35,17,18
HARDIN COUNTY,199,39 Years,654,302,352,573,270,303,34,10,24,12,6,6,35,16,19
HARDIN COUNTY,199,40 Years,717,326,391,620,291,329,46,13,33,16,7,9,35,15,20
HARDIN COUNTY,199,41 Years,741,345,396,649,312,337,44,16,28,20,8,12,28,9,19
HARDIN COUNTY,199,42 Years,799,392,407,717,353,364,36,16,20,14,8,6,32,15,17
HARDIN COUNTY,199,43 Years,824,426,398,739,377,362,38,20,18,12,6,6,35,23,12
HARDIN COUNTY,199,44 Years,727,358,369,632,310,322,35,17,18,17,10,7,43,21,22
HARDIN COUNTY,199,45 Years,737,363,374,652,327,325,33,14,19,13,6,7,39,16,23
HARDIN COUNTY,199,46 Years,758,377,381,668,328,340,43,21,22,17,11,6,30,17,13
HARDIN COUNTY,199,47 Years,765,376,389,665,323,342,47,21,26,18,9,9,35,23,12
HARDIN COUNTY,199,48 Years,801,390,411,687,332,355,59,26,33,16,8,8,39,24,15
HARDIN COUNTY,199,49 Years,795,391,404,694,340,354,54,26,28,16,9,7,31,16,15
HARDIN COUNTY,199,50 Years,833,428,405,744,387,357,44,21,23,20,8,12,25,12,13
HARDIN COUNTY,199,51 Years,841,401,440,750,363,387,39,15,24,20,10,10,32,13,19
HARDIN COUNTY,199,52 Years,879,436,443,783,393,390,50,22,28,18,12,6,28,9,19
HARDIN COUNTY,199,53 Years,871,429,442,773,383,390,57,26,31,15,8,7,26,12,14
HARDIN COUNTY,199,54 Years,856,410,446,772,374,398,51,20,31,14,6,8,19,10,9
HARDIN COUNTY,199,55 Years,850,403,447,764,361,403,50,23,27,13,6,7,23,13,10
HARDIN COUNTY,199,56 Years,844,415,429,758,371,387,50,23,27,13,7,6,23,14,9
HARDIN COUNTY,199,57 Years,843,425,418,764,382,382,42,25,17,16,5,11,21,13,8
HARDIN COUNTY,199,58 Years,800,413,387,709,366,343,54,26,28,14,7,7,23,14,9
HARDIN COUNTY,199,59 Years,772,398,374,687,352,335,50,25,25,11,5,6,24,16,8
HARDIN COUNTY,199,60 Years,715,329,386,643,299,344,46,16,30,10,3,7,16,11,5
HARDIN COUNTY,199,61 Years,660,299,361,596,272,324,39,14,25,8,2,6,17,11,6
HARDIN COUNTY,199,62 Years,707,346,361,627,309,318,44,17,27,11,5,6,25,15,10
HARDIN COUNTY,199,63 Years,669,333,336,602,298,304,37,19,18,8,5,3,22,11,11
HARDIN COUNTY,199,64 Years,636,303,333,588,281,307,29,15,14,8,4,4,11,3,8
HARDIN COUNTY,199,65 Years,649,313,336,598,290,308,33,15,18,10,4,6,8,4,4
HARDIN COUNTY,199,66 Years,629,314,315,574,282,292,36,20,16,6,4,2,13,8,5
HARDIN COUNTY,199,67 Years,507,254,253,461,229,232,27,15,12,8,4,4,11,6,5
HARDIN COUNTY,199,68 Years,528,258,270,482,236,246,27,17,10,8,2,6,11,3,8
HARDIN COUNTY,199,69 Years,512,237,275,462,216,246,35,15,20,5,2,3,10,4,6
HARDIN COUNTY,199,70 Years,511,241,270,467,221,246,30,13,17,5,4,1,9,3,6
HARDIN COUNTY,199,71 Years,486,233,253,445,211,234,26,12,14,8,5,3,7,5,2
HARDIN COUNTY,199,72 Years,431,196,235,394,186,208,21,5,16,8,2,6,8,3,5
HARDIN COUNTY,199,73 Years,391,178,213,360,166,194,20,9,11,4,2,2,7,1,6
HARDIN COUNTY,199,74 Years,348,155,193,323,140,183,18,11,7,1,1,0,6,3,3
HARDIN COUNTY,199,75 Years,332,153,179,305,141,164,16,9,7,3,1,2,8,2,6
HARDIN COUNTY,199,76 Years,318,141,177,292,133,159,18,5,13,1,1,0,7,2,5
HARDIN COUNTY,199,77 Years,302,128,174,281,116,165,14,7,7,1,1,0,6,4,2
HARDIN COUNTY,199,78 Years,290,129,161,276,124,152,9,3,6,4,1,3,1,1,0
HARDIN COUNTY,199,79 Years,264,117,147,247,109,138,7,3,4,2,1,1,8,4,4
HARDIN COUNTY,199,80 Years,254,121,133,234,113,121,11,5,6,3,0,3,6,3,3
HARDIN COUNTY,199,81 Years,227,100,127,212,94,118,10,4,6,2,0,2,3,2,1
HARDIN COUNTY,199,82 Years,203,90,113,191,86,105,10,3,7,1,1,0,1,0,1
HARDIN COUNTY,199,83 Years,199,67,132,185,62,123,7,1,6,4,1,3,3,3,0
HARDIN COUNTY,199,84 Years,183,67,116,163,61,102,12,1,11,5,3,2,3,2,1
HARDIN COUNTY,199,85 Years +,915,324,591,843,304,539,50,13,37,10,1,9,12,6,6
HARRIS COUNTY,201,All Ages,4325413,2160184,2165229,1328399,662095,666304,787526,369250,418276,357882,176337,181545,1851606,952502,899104
HARRIS COUNTY,201,< 1 Year,70217,35764,34453,15279,7789,7490,12034,6116,5918,6482,3302,3180,36422,18557,17865
HARRIS COUNTY,201,1 Years,68143,34709,33434,14952,7615,7337,11845,6025,5820,4900,2499,2401,36446,18570,17876
HARRIS COUNTY,201,2 Years,66869,34059,32810,14960,7624,7336,11802,5994,5808,4742,2420,2322,35365,18021,17344
HARRIS COUNTY,201,3 Years,67921,34553,33368,14410,7399,7011,11712,5927,5785,5208,2614,2594,36591,18613,17978
HARRIS COUNTY,201,4 Years,67195,34190,33005,13918,7117,6801,11571,5827,5744,5273,2715,2558,36433,18531,17902
HARRIS COUNTY,201,5 Years,66990,34186,32804,13806,7104,6702,11578,5838,5740,5277,2782,2495,36329,18462,17867
HARRIS COUNTY,201,6 Years,66528,33932,32596,13722,7047,6675,11720,6001,5719,5211,2670,2541,35875,18214,17661
HARRIS COUNTY,201,7 Years,65060,33105,31955,13605,6989,6616,11570,5802,5768,5059,2580,2479,34826,17734,17092
HARRIS COUNTY,201,8 Years,64440,32845,31595,13612,6912,6700,11460,5757,5703,4917,2516,2401,34451,17660,16791
HARRIS COUNTY,201,9 Years,64019,32624,31395,13715,6990,6725,11371,5767,5604,4864,2476,2388,34069,17391,16678
HARRIS COUNTY,201,10 Years,63997,32727,31270,13853,7133,6720,11344,5805,5539,4893,2491,2402,33907,17298,16609
HARRIS COUNTY,201,11 Years,63873,32950,30923,13520,6994,6526,11721,6112,5609,4780,2440,2340,33852,17404,16448
HARRIS COUNTY,201,12 Years,65050,33422,31628,13777,7127,6650,12046,6152,5894,4884,2551,2333,34343,17592,16751
HARRIS COUNTY,201,13 Years,65507,33568,31939,14330,7346,6984,12296,6323,5973,4761,2455,2306,34120,17444,16676
HARRIS COUNTY,201,14 Years,63401,32488,30913,14197,7260,6937,12129,6326,5803,4390,2238,2152,32685,16664,16021
HARRIS COUNTY,201,15 Years,62635,32165,30470,14165,7328,6837,12136,6188,5948,4360,2230,2130,31974,16419,15555
HARRIS COUNTY,201,16 Years,61996,31780,30216,14434,7417,7017,12008,6041,5967,4422,2248,2174,31132,16074,15058
HARRIS COUNTY,201,17 Years,61201,31477,29724,14415,7437,6978,11867,6046,5821,4324,2213,2111,30595,15781,14814
HARRIS COUNTY,201,18 Years,59950,30940,29010,13882,7162,6720,11751,6011,5740,4119,2117,2002,30198,15650,14548
HARRIS COUNTY,201,19 Years,57815,29987,27828,12816,6616,6200,11537,5912,5625,3977,2057,1920,29485,15402,14083
HARRIS COUNTY,201,20 Years,58725,30577,28148,12859,6708,6151,11980,6079,5901,4118,2124,1994,29768,15666,14102
HARRIS COUNTY,201,21 Years,59503,31189,28314,12691,6680,6011,12165,6128,6037,4182,2194,1988,30465,16187,14278
HARRIS COUNTY,201,22 Years,59553,31065,28488,11913,6207,5706,12242,5918,6324,4298,2216,2082,31100,16724,14376
HARRIS COUNTY,201,23 Years,61275,31946,29329,12469,6427,6042,12456,5912,6544,4749,2425,2324,31601,17182,14419
HARRIS COUNTY,201,24 Years,62743,32475,30268,13255,6608,6647,12235,5681,6554,5302,2694,2608,31951,17492,14459
HARRIS COUNTY,201,25 Years,65901,34203,31698,15093,7503,7590,12023,5542,6481,5677,2847,2830,33108,18311,14797
HARRIS COUNTY,201,26 Years,69394,35847,33547,17436,8570,8866,12021,5569,6452,5933,2927,3006,34004,18781,15223
HARRIS COUNTY,201,27 Years,72269,37395,34874,19282,9648,9634,12314,5763,6551,6432,3178,3254,34241,18806,15435
HARRIS COUNTY,201,28 Years,73382,37725,35657,20161,10204,9957,12091,5600,6491,6788,3322,3466,34342,18599,15743
HARRIS COUNTY,201,29 Years,73691,37552,36139,20419,10360,10059,12018,5494,6524,7251,3526,3725,34003,18172,15831
HARRIS COUNTY,201,30 Years,75383,38452,36931,21088,10712,10376,12341,5655,6686,7500,3617,3883,34454,18468,15986
HARRIS COUNTY,201,31 Years,75642,38458,37184,21226,10917,10309,12565,5695,6870,7430,3598,3832,34421,18248,16173
HARRIS COUNTY,201,32 Years,75288,38032,37256,20836,10848,9988,12880,5799,7081,7204,3490,3714,34368,17895,16473
HARRIS COUNTY,201,33 Years,74248,37555,36693,20134,10484,9650,13106,5882,7224,6972,3411,3561,34036,17778,16258
HARRIS COUNTY,201,34 Years,68708,34659,34049,18112,9457,8655,12486,5632,6854,6562,3194,3368,31548,16376,15172
HARRIS COUNTY,201,35 Years,65984,33207,32777,17070,8825,8245,11691,5252,6439,6148,3029,3119,31075,16101,14974
HARRIS COUNTY,201,36 Years,64189,32395,31794,16601,8538,8063,11228,5113,6115,5756,2818,2938,30604,15926,14678
HARRIS COUNTY,201,37 Years,63093,31777,31316,16151,8285,7866,10986,4967,6019,5876,2858,3018,30080,15667,14413
HARRIS COUNTY,201,38 Years,62907,31565,31342,16306,8345,7961,10841,4992,5849,5875,2890,2985,29885,15338,14547
HARRIS COUNTY,201,39 Years,60906,30433,30473,15797,8068,7729,10692,4896,5796,5827,2818,3009,28590,14651,13939
HARRIS COUNTY,201,40 Years,60660,30120,30540,15780,8141,7639,11041,4977,6064,5981,2879,3102,27858,14123,13735
HARRIS COUNTY,201,41 Years,61337,30530,30807,17104,8788,8316,11203,5133,6070,5890,2819,3071,27140,13790,13350
HARRIS COUNTY,201,42 Years,62310,31070,31240,18483,9362,9121,11390,5332,6058,5960,2820,3140,26477,13556,12921
HARRIS COUNTY,201,43 Years,61516,30723,30793,18903,9654,9249,10925,5076,5849,5776,2756,3020,25912,13237,12675
HARRIS COUNTY,201,44 Years,57394,28811,28583,17898,9174,8724,10042,4627,5415,5334,2607,2727,24120,12403,11717
HARRIS COUNTY,201,45 Years,55272,27700,27572,17403,8864,8539,9819,4555,5264,4908,2404,2504,23142,11877,11265
HARRIS COUNTY,201,46 Years,54148,26888,27260,17390,8731,8659,9973,4561,5412,4518,2179,2339,22267,11417,10850
HARRIS COUNTY,201,47 Years,53785,26697,27088,17395,8727,8668,10134,4631,5503,4496,2183,2313,21760,11156,10604
HARRIS COUNTY,201,48 Years,55353,27389,27964,18908,9401,9507,10572,4781,5791,4422,2151,2271,21451,11056,10395
HARRIS COUNTY,201,49 Years,55304,27323,27981,19852,9920,9932,10382,4701,5681,4577,2239,2338,20493,10463,10030
HARRIS COUNTY,201,50 Years,55051,27053,27998,20511,10163,10348,10240,4617,5623,4559,2234,2325,19741,10039,9702
HARRIS COUNTY,201,51 Years,54521,26878,27643,21203,10481,10722,10311,4683,5628,4230,2056,2174,18777,9658,9119
HARRIS COUNTY,201,52 Years,55063,27000,28063,21919,10858,11061,10693,4845,5848,4194,1989,2205,18257,9308,8949
HARRIS COUNTY,201,53 Years,55940,27535,28405,22864,11394,11470,10786,4912,5874,4269,2037,2232,18021,9192,8829
HARRIS COUNTY,201,54 Years,54287,26554,27733,23049,11527,11522,10616,4766,5850,4173,1975,2198,16449,8286,8163
HARRIS COUNTY,201,55 Years,53911,26398,27513,23706,11907,11799,10440,4738,5702,4116,1936,2180,15649,7817,7832
HARRIS COUNTY,201,56 Years,52068,25569,26499,23187,11703,11484,10119,4618,5501,4004,1895,2109,14758,7353,7405
HARRIS COUNTY,201,57 Years,50527,24700,25827,22712,11293,11419,9753,4478,5275,4061,1930,2131,14001,6999,7002
HARRIS COUNTY,201,58 Years,49266,24265,25001,22542,11421,11121,9485,4344,5141,3994,1904,2090,13245,6596,6649
HARRIS COUNTY,201,59 Years,46562,22820,23742,21821,10983,10838,8820,3977,4843,3785,1833,1952,12136,6027,6109
HARRIS COUNTY,201,60 Years,44372,21534,22838,21135,10597,10538,8410,3783,4627,3675,1740,1935,11152,5414,5738
HARRIS COUNTY,201,61 Years,41618,20072,21546,20146,10097,10049,7993,3533,4460,3419,1597,1822,10060,4845,5215
HARRIS COUNTY,201,62 Years,39287,18866,20421,18645,9208,9437,7689,3414,4275,3316,1532,1784,9637,4712,4925
HARRIS COUNTY,201,63 Years,37751,18073,19678,18124,8932,9192,7306,3197,4109,3323,1552,1771,8998,4392,4606
HARRIS COUNTY,201,64 Years,35468,17008,18460,17443,8644,8799,6773,2972,3801,3181,1501,1680,8071,3891,4180
HARRIS COUNTY,201,65 Years,34481,16579,17902,17624,8682,8942,6193,2763,3430,2997,1447,1550,7667,3687,3980
HARRIS COUNTY,201,66 Years,33168,15835,17333,17733,8721,9012,5683,2483,3200,2716,1285,1431,7036,3346,3690
HARRIS COUNTY,201,67 Years,27360,13010,14350,13872,6823,7049,4823,2074,2749,2344,1134,1210,6321,2979,3342
HARRIS COUNTY,201,68 Years,25337,11984,13353,12768,6209,6559,4553,1945,2608,2234,1103,1131,5782,2727,3055
HARRIS COUNTY,201,69 Years,24030,11207,12823,12597,6041,6556,4190,1762,2428,1978,985,993,5265,2419,2846
HARRIS COUNTY,201,70 Years,22889,10657,12232,12196,5852,6344,3996,1679,2317,1926,967,959,4771,2159,2612
HARRIS COUNTY,201,71 Years,20291,9450,10841,10712,5151,5561,3576,1500,2076,1798,914,884,4205,1885,2320
HARRIS COUNTY,201,72 Years,18334,8421,9913,9475,4471,5004,3322,1370,1952,1620,824,796,3917,1756,2161
HARRIS COUNTY,201,73 Years,16779,7668,9111,8623,4030,4593,3049,1257,1792,1474,716,758,3633,1665,1968
HARRIS COUNTY,201,74 Years,15316,6961,8355,8059,3737,4322,2703,1120,1583,1306,629,677,3248,1475,1773
HARRIS COUNTY,201,75 Years,14552,6355,8197,7665,3397,4268,2545,995,1550,1239,604,635,3103,1359,1744
HARRIS COUNTY,201,76 Years,13276,5792,7484,6915,3110,3805,2368,905,1463,1143,559,584,2850,1218,1632
HARRIS COUNTY,201,77 Years,12595,5354,7241,6729,2972,3757,2253,832,1421,997,477,520,2616,1073,1543
HARRIS COUNTY,201,78 Years,12086,5147,6939,6632,2862,3770,2139,793,1346,864,453,411,2451,1039,1412
HARRIS COUNTY,201,79 Years,10896,4575,6321,5965,2564,3401,1900,713,1187,817,383,434,2214,915,1299
HARRIS COUNTY,201,80 Years,10043,4146,5897,5643,2404,3239,1763,656,1107,724,329,395,1913,757,1156
HARRIS COUNTY,201,81 Years,9446,3813,5633,5474,2248,3226,1549,552,997,628,292,336,1795,721,1074
HARRIS COUNTY,201,82 Years,8914,3570,5344,5268,2180,3088,1387,485,902,602,262,340,1657,643,1014
HARRIS COUNTY,201,83 Years,8453,3261,5192,5012,2001,3011,1375,451,924,580,248,332,1486,561,925
HARRIS COUNTY,201,84 Years,7530,2829,4701,4567,1783,2784,1196,370,826,472,208,264,1295,468,827
HARRIS COUNTY,201,85 Years +,41275,14016,27259,26480,9087,17393,6189,1755,4434,2539,980,1559,6067,2194,3873
HARRISON COUNTY,203,All Ages,66931,33098,33833,42509,21023,21486,14308,6715,7593,1628,815,813,8486,4545,3941
HARRISON COUNTY,203,< 1 Year,867,440,427,433,222,211,186,92,94,42,21,21,206,105,101
HARRISON COUNTY,203,1 Years,873,445,428,444,226,218,188,96,92,39,20,19,202,103,99
HARRISON COUNTY,203,2 Years,870,444,426,457,233,224,184,93,91,39,21,18,190,97,93
HARRISON COUNTY,203,3 Years,921,474,447,476,245,231,192,99,93,37,24,13,216,106,110
HARRISON COUNTY,203,4 Years,893,476,417,473,258,215,178,86,92,44,27,17,198,105,93
HARRISON COUNTY,203,5 Years,925,497,428,484,267,217,198,107,91,34,15,19,209,108,101
HARRISON COUNTY,203,6 Years,1007,506,501,535,258,277,197,105,92,48,24,24,227,119,108
HARRISON COUNTY,203,7 Years,1004,510,494,546,280,266,194,97,97,49,27,22,215,106,109
HARRISON COUNTY,203,8 Years,979,526,453,541,286,255,190,101,89,45,28,17,203,111,92
HARRISON COUNTY,203,9 Years,992,501,491,549,280,269,192,93,99,44,23,21,207,105,102
HARRISON COUNTY,203,10 Years,974,474,500,525,252,273,195,94,101,42,23,19,212,105,107
HARRISON COUNTY,203,11 Years,970,486,484,537,259,278,199,106,93,37,16,21,197,105,92
HARRISON COUNTY,203,12 Years,976,503,473,566,288,278,184,97,87,29,15,14,197,103,94
HARRISON COUNTY,203,13 Years,1007,539,468,583,316,267,202,108,94,31,16,15,191,99,92
HARRISON COUNTY,203,14 Years,974,478,496,553,277,276,222,110,112,24,14,10,175,77,98
HARRISON COUNTY,203,15 Years,979,508,471,566,296,270,207,113,94,27,14,13,179,85,94
HARRISON COUNTY,203,16 Years,974,517,457,572,305,267,200,112,88,26,12,14,176,88,88
HARRISON COUNTY,203,17 Years,933,493,440,550,296,254,183,93,90,29,15,14,171,89,82
HARRISON COUNTY,203,18 Years,905,478,427,518,279,239,198,87,111,20,13,7,169,99,70
HARRISON COUNTY,203,19 Years,868,470,398,489,261,228,203,107,96,21,11,10,155,91,64
HARRISON COUNTY,203,20 Years,854,465,389,476,266,210,203,107,96,21,12,9,154,80,74
HARRISON COUNTY,203,21 Years,903,480,423,462,251,211,263,128,135,20,12,8,158,89,69
HARRISON COUNTY,203,22 Years,885,454,431,418,216,202,283,136,147,18,10,8,166,92,74
HARRISON COUNTY,203,23 Years,928,447,481,451,224,227,296,129,167,16,8,8,165,86,79
HARRISON COUNTY,203,24 Years,907,453,454,472,248,224,270,121,149,18,7,11,147,77,70
HARRISON COUNTY,203,25 Years,879,426,453,482,241,241,223,87,136,20,10,10,154,88,66
HARRISON COUNTY,203,26 Years,788,391,397,424,205,219,198,93,105,14,8,6,152,85,67
HARRISON COUNTY,203,27 Years,778,394,384,434,221,213,177,86,91,18,9,9,149,78,71
HARRISON COUNTY,203,28 Years,780,388,392,470,231,239,162,77,85,15,6,9,133,74,59
HARRISON COUNTY,203,29 Years,726,363,363,423,201,222,158,75,83,14,6,8,131,81,50
HARRISON COUNTY,203,30 Years,734,368,366,440,213,227,146,68,78,12,6,6,136,81,55
HARRISON COUNTY,203,31 Years,748,387,361,439,223,216,143,69,74,13,7,6,153,88,65
HARRISON COUNTY,203,32 Years,819,409,410,509,255,254,155,68,87,17,8,9,138,78,60
HARRISON COUNTY,203,33 Years,828,393,435,509,241,268,159,63,96,15,4,11,145,85,60
HARRISON COUNTY,203,34 Years,759,372,387,458,215,243,148,65,83,23,12,11,130,80,50
HARRISON COUNTY,203,35 Years,800,384,416,507,236,271,149,67,82,15,7,8,129,74,55
HARRISON COUNTY,203,36 Years,784,375,409,475,230,245,160,69,91,14,6,8,135,70,65
HARRISON COUNTY,203,37 Years,758,385,373,459,242,217,165,74,91,13,5,8,121,64,57
HARRISON COUNTY,203,38 Years,770,408,362,475,255,220,160,77,83,13,5,8,122,71,51
HARRISON COUNTY,203,39 Years,733,375,358,454,226,228,140,73,67,20,6,14,119,70,49
HARRISON COUNTY,203,40 Years,785,382,403,502,240,262,146,72,74,24,12,12,113,58,55
HARRISON COUNTY,203,41 Years,834,422,412,534,264,270,157,81,76,26,10,16,117,67,50
HARRISON COUNTY,203,42 Years,878,427,451,577,288,289,175,73,102,22,9,13,104,57,47
HARRISON COUNTY,203,43 Years,891,441,450,596,297,299,173,79,94,19,9,10,103,56,47
HARRISON COUNTY,203,44 Years,795,386,409,528,263,265,158,64,94,18,10,8,91,49,42
HARRISON COUNTY,203,45 Years,738,361,377,499,250,249,147,60,87,17,10,7,75,41,34
HARRISON COUNTY,203,46 Years,739,357,382,499,243,256,147,67,80,12,4,8,81,43,38
HARRISON COUNTY,203,47 Years,758,352,406,508,235,273,168,74,94,9,3,6,73,40,33
HARRISON COUNTY,203,48 Years,906,422,484,624,292,332,195,82,113,9,3,6,78,45,33
HARRISON COUNTY,203,49 Years,931,427,504,645,295,350,197,84,113,14,5,9,75,43,32
HARRISON COUNTY,203,50 Years,987,475,512,685,334,351,216,97,119,18,9,9,68,35,33
HARRISON COUNTY,203,51 Years,950,481,469,673,346,327,196,90,106,19,11,8,62,34,28
HARRISON COUNTY,203,52 Years,972,503,469,687,360,327,215,105,110,14,6,8,56,32,24
HARRISON COUNTY,203,53 Years,961,482,479,679,344,335,212,94,118,13,8,5,57,36,21
HARRISON COUNTY,203,54 Years,963,488,475,704,352,352,195,99,96,13,5,8,51,32,19
HARRISON COUNTY,203,55 Years,1020,522,498,707,351,356,225,122,103,23,11,12,65,38,27
HARRISON COUNTY,203,56 Years,997,510,487,715,363,352,213,110,103,25,11,14,44,26,18
HARRISON COUNTY,203,57 Years,943,465,478,668,329,339,211,102,109,21,13,8,43,21,22
HARRISON COUNTY,203,58 Years,933,462,471,668,324,344,203,101,102,23,11,12,39,26,13
HARRISON COUNTY,203,59 Years,879,416,463,635,294,341,190,95,95,19,10,9,35,17,18
HARRISON COUNTY,203,60 Years,857,394,463,613,277,336,194,92,102,16,6,10,34,19,15
HARRISON COUNTY,203,61 Years,835,395,440,601,291,310,187,83,104,21,8,13,26,13,13
HARRISON COUNTY,203,62 Years,799,374,425,576,269,307,182,88,94,17,8,9,24,9,15
HARRISON COUNTY,203,63 Years,812,399,413,591,288,303,183,94,89,15,9,6,23,8,15
HARRISON COUNTY,203,64 Years,820,389,431,613,299,314,169,74,95,18,8,10,20,8,12
HARRISON COUNTY,203,65 Years,837,421,416,629,327,302,172,77,95,15,8,7,21,9,12
HARRISON COUNTY,203,66 Years,804,397,407,612,306,306,148,68,80,22,13,9,22,10,12
HARRISON COUNTY,203,67 Years,674,341,333,510,265,245,131,58,73,13,8,5,20,10,10
HARRISON COUNTY,203,68 Years,620,295,325,459,223,236,135,59,76,10,5,5,16,8,8
HARRISON COUNTY,203,69 Years,565,278,287,427,216,211,120,53,67,6,2,4,12,7,5
HARRISON COUNTY,203,70 Years,569,291,278,429,225,204,119,53,66,7,5,2,14,8,6
HARRISON COUNTY,203,71 Years,518,246,272,394,193,201,105,45,60,10,4,6,9,4,5
HARRISON COUNTY,203,72 Years,458,216,242,355,166,189,90,43,47,5,1,4,8,6,2
HARRISON COUNTY,203,73 Years,450,218,232,350,167,183,90,45,45,5,3,2,5,3,2
HARRISON COUNTY,203,74 Years,419,196,223,327,160,167,78,29,49,7,2,5,7,5,2
HARRISON COUNTY,203,75 Years,389,176,213,312,144,168,66,26,40,5,3,2,6,3,3
HARRISON COUNTY,203,76 Years,362,156,206,278,122,156,69,28,41,6,3,3,9,3,6
HARRISON COUNTY,203,77 Years,353,147,206,279,120,159,62,22,40,3,1,2,9,4,5
HARRISON COUNTY,203,78 Years,321,144,177,251,117,134,61,24,37,3,1,2,6,2,4
HARRISON COUNTY,203,79 Years,292,119,173,236,99,137,52,18,34,2,2,0,2,0,2
HARRISON COUNTY,203,80 Years,289,118,171,231,102,129,52,14,38,2,2,0,4,0,4
HARRISON COUNTY,203,81 Years,260,107,153,206,88,118,47,16,31,4,2,2,3,1,2
HARRISON COUNTY,203,82 Years,254,103,151,194,84,110,54,16,38,2,1,1,4,2,2
HARRISON COUNTY,203,83 Years,232,92,140,179,74,105,47,15,32,3,1,2,3,2,1
HARRISON COUNTY,203,84 Years,199,80,119,157,63,94,36,13,23,4,2,2,2,2,0
HARRISON COUNTY,203,85 Years +,1031,343,688,733,250,483,270,83,187,13,4,9,15,6,9
HARTLEY COUNTY,205,All Ages,6134,3760,2374,4105,2259,1846,416,410,6,91,44,47,1522,1047,475
HARTLEY COUNTY,205,< 1 Year,57,29,28,35,17,18,0,0,0,3,2,1,19,10,9
HARTLEY COUNTY,205,1 Years,51,26,25,32,16,16,0,0,0,2,1,1,17,9,8
HARTLEY COUNTY,205,2 Years,50,27,23,31,16,15,0,0,0,2,1,1,17,10,7
HARTLEY COUNTY,205,3 Years,60,35,25,34,19,15,1,0,1,2,2,0,23,14,9
HARTLEY COUNTY,205,4 Years,66,37,29,40,23,17,1,0,1,1,1,0,24,13,11
HARTLEY COUNTY,205,5 Years,70,38,32,50,26,24,0,0,0,1,0,1,19,12,7
HARTLEY COUNTY,205,6 Years,76,39,37,53,28,25,0,0,0,1,0,1,22,11,11
HARTLEY COUNTY,205,7 Years,81,37,44,53,25,28,1,1,0,0,0,0,27,11,16
HARTLEY COUNTY,205,8 Years,83,40,43,49,27,22,0,0,0,2,0,2,32,13,19
HARTLEY COUNTY,205,9 Years,82,41,41,52,27,25,0,0,0,1,0,1,29,14,15
HARTLEY COUNTY,205,10 Years,80,45,35,50,30,20,0,0,0,1,0,1,29,15,14
HARTLEY COUNTY,205,11 Years,81,39,42,52,29,23,0,0,0,3,1,2,26,9,17
HARTLEY COUNTY,205,12 Years,72,39,33,47,30,17,0,0,0,1,0,1,24,9,15
HARTLEY COUNTY,205,13 Years,77,38,39,57,29,28,0,0,0,2,2,0,18,7,11
HARTLEY COUNTY,205,14 Years,89,41,48,61,26,35,1,0,1,3,2,1,24,13,11
HARTLEY COUNTY,205,15 Years,76,41,35,52,27,25,1,1,0,1,1,0,22,12,10
HARTLEY COUNTY,205,16 Years,72,41,31,52,27,25,1,1,0,2,2,0,17,11,6
HARTLEY COUNTY,205,17 Years,80,40,40,54,27,27,1,1,0,2,1,1,23,11,12
HARTLEY COUNTY,205,18 Years,64,29,35,43,20,23,1,1,0,2,1,1,18,7,11
HARTLEY COUNTY,205,19 Years,73,33,40,51,23,28,0,0,0,2,1,1,20,9,11
HARTLEY COUNTY,205,20 Years,69,34,35,49,22,27,0,0,0,1,1,0,19,11,8
HARTLEY COUNTY,205,21 Years,53,32,21,36,21,15,0,0,0,2,1,1,15,10,5
HARTLEY COUNTY,205,22 Years,36,23,13,20,12,8,0,0,0,2,2,0,14,9,5
HARTLEY COUNTY,205,23 Years,34,21,13,17,12,5,0,0,0,3,1,2,14,8,6
HARTLEY COUNTY,205,24 Years,32,19,13,19,11,8,0,0,0,1,0,1,12,8,4
HARTLEY COUNTY,205,25 Years,34,19,15,19,11,8,2,2,0,1,1,0,12,5,7
HARTLEY COUNTY,205,26 Years,60,44,16,27,20,7,7,7,0,1,0,1,25,17,8
HARTLEY COUNTY,205,27 Years,92,77,15,32,23,9,16,16,0,3,2,1,41,36,5
HARTLEY COUNTY,205,28 Years,95,72,23,56,40,16,8,8,0,2,1,1,29,23,6
HARTLEY COUNTY,205,29 Years,123,97,26,56,36,20,24,24,0,1,0,1,42,37,5
HARTLEY COUNTY,205,30 Years,99,80,19,51,36,15,17,17,0,2,0,2,29,27,2
HARTLEY COUNTY,205,31 Years,80,63,17,37,25,12,17,17,0,2,1,1,24,20,4
HARTLEY COUNTY,205,32 Years,94,66,28,43,25,18,18,18,0,1,1,0,32,22,10
HARTLEY COUNTY,205,33 Years,91,63,28,41,22,19,14,14,0,3,3,0,33,24,9
HARTLEY COUNTY,205,34 Years,91,63,28,43,24,19,14,13,1,2,1,1,32,25,7
HARTLEY COUNTY,205,35 Years,111,75,36,60,31,29,13,12,1,0,0,0,38,32,6
HARTLEY COUNTY,205,36 Years,103,73,30,51,29,22,17,17,0,0,0,0,35,27,8
HARTLEY COUNTY,205,37 Years,99,69,30,59,39,20,9,9,0,3,1,2,28,20,8
HARTLEY COUNTY,205,38 Years,97,72,25,58,41,17,7,7,0,1,0,1,31,24,7
HARTLEY COUNTY,205,39 Years,111,78,33,62,40,22,11,11,0,1,1,0,37,26,11
HARTLEY COUNTY,205,40 Years,117,76,41,68,39,29,10,10,0,0,0,0,39,27,12
HARTLEY COUNTY,205,41 Years,128,86,42,74,41,33,18,18,0,0,0,0,36,27,9
HARTLEY COUNTY,205,42 Years,125,90,35,65,37,28,24,24,0,1,0,1,35,29,6
HARTLEY COUNTY,205,43 Years,124,91,33,68,42,26,15,15,0,2,2,0,39,32,7
HARTLEY COUNTY,205,44 Years,106,79,27,63,43,20,8,8,0,0,0,0,35,28,7
HARTLEY COUNTY,205,45 Years,114,87,27,72,50,22,11,11,0,1,1,0,30,25,5
HARTLEY COUNTY,205,46 Years,90,62,28,52,27,25,14,14,0,0,0,0,24,21,3
HARTLEY COUNTY,205,47 Years,112,83,29,64,38,26,16,16,0,3,1,2,29,28,1
HARTLEY COUNTY,205,48 Years,108,81,27,58,38,20,15,15,0,1,0,1,34,28,6
HARTLEY COUNTY,205,49 Years,108,79,29,68,43,25,10,10,0,1,0,1,29,26,3
HARTLEY COUNTY,205,50 Years,95,66,29,69,45,24,7,7,0,1,0,1,18,14,4
HARTLEY COUNTY,205,51 Years,107,71,36,79,48,31,10,10,0,1,0,1,17,13,4
HARTLEY COUNTY,205,52 Years,102,63,39,80,44,36,7,7,0,0,0,0,15,12,3
HARTLEY COUNTY,205,53 Years,106,78,28,80,54,26,13,13,0,0,0,0,13,11,2
HARTLEY COUNTY,205,54 Years,77,47,30,60,33,27,2,2,0,0,0,0,15,12,3
HARTLEY COUNTY,205,55 Years,82,51,31,64,38,26,5,5,0,0,0,0,13,8,5
HARTLEY COUNTY,205,56 Years,74,47,27,67,41,26,3,3,0,0,0,0,4,3,1
HARTLEY COUNTY,205,57 Years,74,47,27,63,36,27,2,2,0,1,1,0,8,8,0
HARTLEY COUNTY,205,58 Years,68,42,26,58,32,26,5,5,0,0,0,0,5,5,0
HARTLEY COUNTY,205,59 Years,66,32,34,51,20,31,3,3,0,2,0,2,10,9,1
HARTLEY COUNTY,205,60 Years,57,28,29,42,18,24,4,4,0,2,1,1,9,5,4
HARTLEY COUNTY,205,61 Years,72,43,29,60,35,25,4,3,1,2,1,1,6,4,2
HARTLEY COUNTY,205,62 Years,55,30,25,46,22,24,3,3,0,0,0,0,6,5,1
HARTLEY COUNTY,205,63 Years,58,33,25,51,28,23,2,2,0,0,0,0,5,3,2
HARTLEY COUNTY,205,64 Years,47,24,23,42,22,20,0,0,0,1,0,1,4,2,2
HARTLEY COUNTY,205,65 Years,53,24,29,48,23,25,0,0,0,1,0,1,4,1,3
HARTLEY COUNTY,205,66 Years,57,25,32,52,24,28,0,0,0,1,1,0,4,0,4
HARTLEY COUNTY,205,67 Years,46,24,22,40,19,21,0,0,0,0,0,0,6,5,1
HARTLEY COUNTY,205,68 Years,35,17,18,32,15,17,1,1,0,0,0,0,2,1,1
HARTLEY COUNTY,205,69 Years,40,18,22,36,16,20,0,0,0,1,0,1,3,2,1
HARTLEY COUNTY,205,70 Years,37,15,22,35,14,21,0,0,0,1,0,1,1,1,0
HARTLEY COUNTY,205,71 Years,52,28,24,48,24,24,0,0,0,1,1,0,3,3,0
HARTLEY COUNTY,205,72 Years,52,23,29,49,21,28,0,0,0,0,0,0,3,2,1
HARTLEY COUNTY,205,73 Years,45,24,21,42,21,21,1,1,0,0,0,0,2,2,0
HARTLEY COUNTY,205,74 Years,33,16,17,29,14,15,0,0,0,0,0,0,4,2,2
HARTLEY COUNTY,205,75 Years,34,17,17,33,16,17,0,0,0,0,0,0,1,1,0
HARTLEY COUNTY,205,76 Years,33,13,20,30,12,18,0,0,0,0,0,0,3,1,2
HARTLEY COUNTY,205,77 Years,29,12,17,27,11,16,0,0,0,0,0,0,2,1,1
HARTLEY COUNTY,205,78 Years,26,11,15,25,10,15,1,1,0,0,0,0,0,0,0
HARTLEY COUNTY,205,79 Years,26,12,14,25,11,14,0,0,0,0,0,0,1,1,0
HARTLEY COUNTY,205,80 Years,19,8,11,19,8,11,0,0,0,0,0,0,0,0,0
HARTLEY COUNTY,205,81 Years,24,12,12,21,10,11,0,0,0,0,0,0,3,2,1
HARTLEY COUNTY,205,82 Years,22,14,8,21,13,8,0,0,0,0,0,0,1,1,0
HARTLEY COUNTY,205,83 Years,23,9,14,22,8,14,0,0,0,0,0,0,1,1,0
HARTLEY COUNTY,205,84 Years,16,5,11,15,5,10,0,0,0,1,0,1,0,0,0
HARTLEY COUNTY,205,85 Years +,116,42,74,108,38,70,0,0,0,0,0,0,8,4,4
HASKELL COUNTY,207,All Ages,5852,3110,2742,4032,2097,1935,199,127,72,130,85,45,1491,801,690
HASKELL COUNTY,207,< 1 Year,56,29,27,32,16,16,2,1,1,1,1,0,21,11,10
HASKELL COUNTY,207,1 Years,58,30,28,33,17,16,1,0,1,1,1,0,23,12,11
HASKELL COUNTY,207,2 Years,55,29,26,31,16,15,1,1,0,1,1,0,22,11,11
HASKELL COUNTY,207,3 Years,63,30,33,32,14,18,1,0,1,1,0,1,29,16,13
HASKELL COUNTY,207,4 Years,64,32,32,29,12,17,3,2,1,2,2,0,30,16,14
HASKELL COUNTY,207,5 Years,64,34,30,33,18,15,2,2,0,4,3,1,25,11,14
HASKELL COUNTY,207,6 Years,62,31,31,32,16,16,0,0,0,3,2,1,27,13,14
HASKELL COUNTY,207,7 Years,58,35,23,28,16,12,2,2,0,3,3,0,25,14,11
HASKELL COUNTY,207,8 Years,70,37,33,41,22,19,2,1,1,1,1,0,26,13,13
HASKELL COUNTY,207,9 Years,69,37,32,39,23,16,2,1,1,1,0,1,27,13,14
HASKELL COUNTY,207,10 Years,78,38,40,50,28,22,1,1,0,3,0,3,24,9,15
HASKELL COUNTY,207,11 Years,78,41,37,40,19,21,5,3,2,3,2,1,30,17,13
HASKELL COUNTY,207,12 Years,64,36,28,29,17,12,4,1,3,2,2,0,29,16,13
HASKELL COUNTY,207,13 Years,74,41,33,46,26,20,3,1,2,4,3,1,21,11,10
HASKELL COUNTY,207,14 Years,74,39,35,41,23,18,3,1,2,1,1,0,29,14,15
HASKELL COUNTY,207,15 Years,56,34,22,32,19,13,0,0,0,1,1,0,23,14,9
HASKELL COUNTY,207,16 Years,61,34,27,36,21,15,2,1,1,2,1,1,21,11,10
HASKELL COUNTY,207,17 Years,67,37,30,40,25,15,3,1,2,2,2,0,22,9,13
HASKELL COUNTY,207,18 Years,71,38,33,39,22,17,3,1,2,5,4,1,24,11,13
HASKELL COUNTY,207,19 Years,65,32,33,38,20,18,1,0,1,6,4,2,20,8,12
HASKELL COUNTY,207,20 Years,70,32,38,46,24,22,0,0,0,4,1,3,20,7,13
HASKELL COUNTY,207,21 Years,68,34,34,39,21,18,1,0,1,2,1,1,26,12,14
HASKELL COUNTY,207,22 Years,66,37,29,36,20,16,2,2,0,1,1,0,27,14,13
HASKELL COUNTY,207,23 Years,67,39,28,39,21,18,2,2,0,1,1,0,25,15,10
HASKELL COUNTY,207,24 Years,63,40,23,39,26,13,5,3,2,1,1,0,18,10,8
HASKELL COUNTY,207,25 Years,60,41,19,33,23,10,3,2,1,2,1,1,22,15,7
HASKELL COUNTY,207,26 Years,58,38,20,30,20,10,3,1,2,3,1,2,22,16,6
HASKELL COUNTY,207,27 Years,58,36,22,35,22,13,2,2,0,1,0,1,20,12,8
HASKELL COUNTY,207,28 Years,56,32,24,35,19,16,2,2,0,1,1,0,18,10,8
HASKELL COUNTY,207,29 Years,64,31,33,40,18,22,2,1,1,2,2,0,20,10,10
HASKELL COUNTY,207,30 Years,61,38,23,35,19,16,4,4,0,1,1,0,21,14,7
HASKELL COUNTY,207,31 Years,64,39,25,34,17,17,5,4,1,0,0,0,25,18,7
HASKELL COUNTY,207,32 Years,61,41,20,39,24,15,4,3,1,1,1,0,17,13,4
HASKELL COUNTY,207,33 Years,70,42,28,51,30,21,3,2,1,1,1,0,15,9,6
HASKELL COUNTY,207,34 Years,71,44,27,51,30,21,3,3,0,1,1,0,16,10,6
HASKELL COUNTY,207,35 Years,61,38,23,40,22,18,4,3,1,2,2,0,15,11,4
HASKELL COUNTY,207,36 Years,65,40,25,40,26,14,4,3,1,3,2,1,18,9,9
HASKELL COUNTY,207,37 Years,70,41,29,44,25,19,3,3,0,2,1,1,21,12,9
HASKELL COUNTY,207,38 Years,69,39,30,45,26,19,4,3,1,1,0,1,19,10,9
HASKELL COUNTY,207,39 Years,63,37,26,40,23,17,6,5,1,0,0,0,17,9,8
HASKELL COUNTY,207,40 Years,66,42,24,50,31,19,5,4,1,0,0,0,11,7,4
HASKELL COUNTY,207,41 Years,61,35,26,39,23,16,4,3,1,1,1,0,17,8,9
HASKELL COUNTY,207,42 Years,63,35,28,40,24,16,1,1,0,4,3,1,18,7,11
HASKELL COUNTY,207,43 Years,71,38,33,49,27,22,3,2,1,1,1,0,18,8,10
HASKELL COUNTY,207,44 Years,61,37,24,39,26,13,3,1,2,2,2,0,17,8,9
HASKELL COUNTY,207,45 Years,64,34,30,37,18,19,4,1,3,2,1,1,21,14,7
HASKELL COUNTY,207,46 Years,61,38,23,35,22,13,4,3,1,2,1,1,20,12,8
HASKELL COUNTY,207,47 Years,68,39,29,43,26,17,5,3,2,2,2,0,18,8,10
HASKELL COUNTY,207,48 Years,67,36,31,48,27,21,1,0,1,1,1,0,17,8,9
HASKELL COUNTY,207,49 Years,75,40,35,56,27,29,2,2,0,0,0,0,17,11,6
HASKELL COUNTY,207,50 Years,89,48,41,62,34,28,4,1,3,3,1,2,20,12,8
HASKELL COUNTY,207,51 Years,97,50,47,70,36,34,3,2,1,2,1,1,22,11,11
HASKELL COUNTY,207,52 Years,93,47,46,66,30,36,4,3,1,2,1,1,21,13,8
HASKELL COUNTY,207,53 Years,96,44,52,71,30,41,3,1,2,2,1,1,20,12,8
HASKELL COUNTY,207,54 Years,84,43,41,59,32,27,1,0,1,2,1,1,22,10,12
HASKELL COUNTY,207,55 Years,73,43,30,51,30,21,3,2,1,2,1,1,17,10,7
HASKELL COUNTY,207,56 Years,84,48,36,63,34,29,3,3,0,1,1,0,17,10,7
HASKELL COUNTY,207,57 Years,86,41,45,64,25,39,2,2,0,3,2,1,17,12,5
HASKELL COUNTY,207,58 Years,89,44,45,67,29,38,3,2,1,2,1,1,17,12,5
HASKELL COUNTY,207,59 Years,74,43,31,56,30,26,3,2,1,1,1,0,14,10,4
HASKELL COUNTY,207,60 Years,86,52,34,68,41,27,1,1,0,1,0,1,16,10,6
HASKELL COUNTY,207,61 Years,85,51,34,71,43,28,1,1,0,1,0,1,12,7,5
HASKELL COUNTY,207,62 Years,92,50,42,73,39,34,2,2,0,1,0,1,16,9,7
HASKELL COUNTY,207,63 Years,88,46,42,70,36,34,3,3,0,1,1,0,14,6,8
HASKELL COUNTY,207,64 Years,78,42,36,57,31,26,2,1,1,2,1,1,17,9,8
HASKELL COUNTY,207,65 Years,81,38,43,65,30,35,2,1,1,1,1,0,13,6,7
HASKELL COUNTY,207,66 Years,79,36,43,60,25,35,4,3,1,1,1,0,14,7,7
HASKELL COUNTY,207,67 Years,58,29,29,44,21,23,2,1,1,2,1,1,10,6,4
HASKELL COUNTY,207,68 Years,72,37,35,60,31,29,1,0,1,1,1,0,10,5,5
HASKELL COUNTY,207,69 Years,72,33,39,64,27,37,2,2,0,0,0,0,6,4,2
HASKELL COUNTY,207,70 Years,63,23,40,53,19,34,2,1,1,1,0,1,7,3,4
HASKELL COUNTY,207,71 Years,68,31,37,55,29,26,2,0,2,1,0,1,10,2,8
HASKELL COUNTY,207,72 Years,60,32,28,49,28,21,1,0,1,1,0,1,9,4,5
HASKELL COUNTY,207,73 Years,56,26,30,48,21,27,0,0,0,1,1,0,7,4,3
HASKELL COUNTY,207,74 Years,43,22,21,37,18,19,0,0,0,1,1,0,5,3,2
HASKELL COUNTY,207,75 Years,50,28,22,44,25,19,1,1,0,0,0,0,5,2,3
HASKELL COUNTY,207,76 Years,44,19,25,38,16,22,0,0,0,0,0,0,6,3,3
HASKELL COUNTY,207,77 Years,55,27,28,49,23,26,1,1,0,0,0,0,5,3,2
HASKELL COUNTY,207,78 Years,52,24,28,43,20,23,1,1,0,1,0,1,7,3,4
HASKELL COUNTY,207,79 Years,49,22,27,43,21,22,1,1,0,0,0,0,5,0,5
HASKELL COUNTY,207,80 Years,46,22,24,41,19,22,1,0,1,1,1,0,3,2,1
HASKELL COUNTY,207,81 Years,41,15,26,35,12,23,1,0,1,0,0,0,5,3,2
HASKELL COUNTY,207,82 Years,36,16,20,31,14,17,0,0,0,0,0,0,5,2,3
HASKELL COUNTY,207,83 Years,43,18,25,38,17,21,0,0,0,0,0,0,5,1,4
HASKELL COUNTY,207,84 Years,35,14,21,32,13,19,0,0,0,0,0,0,3,1,2
HASKELL COUNTY,207,85 Years +,206,79,127,187,71,116,4,1,3,0,0,0,15,7,8
HAYS COUNTY,209,All Ages,175412,86898,88514,100107,49325,50782,5428,2938,2490,5536,2691,2845,64341,31944,32397
HAYS COUNTY,209,< 1 Year,2629,1349,1280,1358,696,662,62,32,30,102,51,51,1107,570,537
HAYS COUNTY,209,1 Years,2730,1392,1338,1483,756,727,62,32,30,84,43,41,1101,561,540
HAYS COUNTY,209,2 Years,2645,1348,1297,1450,740,710,61,31,30,83,42,41,1051,535,516
HAYS COUNTY,209,3 Years,2169,1105,1064,1004,509,495,45,28,17,85,44,41,1035,524,511
HAYS COUNTY,209,4 Years,2113,1074,1039,902,461,441,50,26,24,83,38,45,1078,549,529
HAYS COUNTY,209,5 Years,2162,1075,1087,914,462,452,62,28,34,79,42,37,1107,543,564
HAYS COUNTY,209,6 Years,2203,1120,1083,930,492,438,52,30,22,92,47,45,1129,551,578
HAYS COUNTY,209,7 Years,2229,1154,1075,965,513,452,59,32,27,102,49,53,1103,560,543
HAYS COUNTY,209,8 Years,2259,1154,1105,991,505,486,61,34,27,86,40,46,1121,575,546
HAYS COUNTY,209,9 Years,2297,1136,1161,1040,508,532,53,32,21,87,44,43,1117,552,565
HAYS COUNTY,209,10 Years,2390,1221,1169,1032,540,492,62,31,31,94,44,50,1202,606,596
HAYS COUNTY,209,11 Years,2440,1235,1205,1057,539,518,67,37,30,95,41,54,1221,618,603
HAYS COUNTY,209,12 Years,2575,1284,1291,1101,554,547,73,34,39,106,46,60,1295,650,645
HAYS COUNTY,209,13 Years,2564,1339,1225,1084,578,506,71,36,35,82,40,42,1327,685,642
HAYS COUNTY,209,14 Years,2517,1315,1202,1081,565,516,77,47,30,91,50,41,1268,653,615
HAYS COUNTY,209,15 Years,2458,1263,1195,1089,549,540,72,40,32,94,53,41,1203,621,582
HAYS COUNTY,209,16 Years,2421,1282,1139,1090,566,524,75,43,32,86,48,38,1170,625,545
HAYS COUNTY,209,17 Years,2479,1293,1186,1115,568,547,96,57,39,92,53,39,1176,615,561
HAYS COUNTY,209,18 Years,3354,1583,1771,1633,743,890,139,66,73,127,63,64,1455,711,744
HAYS COUNTY,209,19 Years,4662,2148,2514,2385,1059,1326,244,113,131,146,69,77,1887,907,980
HAYS COUNTY,209,20 Years,4827,2261,2566,2580,1191,1389,234,121,113,130,63,67,1883,886,997
HAYS COUNTY,209,21 Years,4928,2397,2531,2745,1309,1436,229,109,120,171,88,83,1783,891,892
HAYS COUNTY,209,22 Years,4791,2492,2299,2908,1493,1415,196,88,108,203,103,100,1484,808,676
HAYS COUNTY,209,23 Years,4673,2388,2285,2904,1434,1470,201,101,100,172,85,87,1396,768,628
HAYS COUNTY,209,24 Years,3999,2181,1818,2540,1342,1198,159,118,41,168,89,79,1132,632,500
HAYS COUNTY,209,25 Years,3426,1774,1652,2133,1088,1045,107,76,31,148,84,64,1038,526,512
HAYS COUNTY,209,26 Years,2703,1404,1299,1567,858,709,69,45,24,117,67,50,950,434,516
HAYS COUNTY,209,27 Years,2466,1228,1238,1292,663,629,65,33,32,95,49,46,1014,483,531
HAYS COUNTY,209,28 Years,2309,1216,1093,1226,664,562,66,35,31,72,37,35,945,480,465
HAYS COUNTY,209,29 Years,2109,1161,948,1088,627,461,79,48,31,68,34,34,874,452,422
HAYS COUNTY,209,30 Years,1992,1063,929,1018,561,457,61,36,25,67,35,32,846,431,415
HAYS COUNTY,209,31 Years,1965,1013,952,992,517,475,51,25,26,66,39,27,856,432,424
HAYS COUNTY,209,32 Years,2014,1035,979,1028,534,494,54,34,20,72,32,40,860,435,425
HAYS COUNTY,209,33 Years,2148,1090,1058,1082,557,525,60,32,28,73,37,36,933,464,469
HAYS COUNTY,209,34 Years,2049,1026,1023,1047,527,520,60,29,31,63,25,38,879,445,434
HAYS COUNTY,209,35 Years,2048,1020,1028,1025,510,515,70,42,28,67,29,38,886,439,447
HAYS COUNTY,209,36 Years,2107,1037,1070,1055,521,534,78,46,32,64,27,37,910,443,467
HAYS COUNTY,209,37 Years,2114,1016,1098,1037,515,522,67,36,31,70,30,40,940,435,505
HAYS COUNTY,209,38 Years,2176,1030,1146,1064,507,557,70,38,32,62,26,36,980,459,521
HAYS COUNTY,209,39 Years,2136,1015,1121,1072,502,570,65,33,32,56,24,32,943,456,487
HAYS COUNTY,209,40 Years,2211,1072,1139,1151,548,603,79,43,36,64,30,34,917,451,466
HAYS COUNTY,209,41 Years,2295,1072,1223,1259,569,690,75,37,38,69,33,36,892,433,459
HAYS COUNTY,209,42 Years,2398,1148,1250,1374,656,718,71,44,27,81,40,41,872,408,464
HAYS COUNTY,209,43 Years,2269,1142,1127,1292,646,646,62,40,22,76,37,39,839,419,420
HAYS COUNTY,209,44 Years,2128,1074,1054,1180,602,578,64,39,25,69,32,37,815,401,414
HAYS COUNTY,209,45 Years,2077,1070,1007,1163,587,576,77,52,25,53,21,32,784,410,374
HAYS COUNTY,209,46 Years,2032,1017,1015,1159,571,588,70,44,26,51,18,33,752,384,368
HAYS COUNTY,209,47 Years,2033,1000,1033,1139,548,591,63,42,21,57,25,32,774,385,389
HAYS COUNTY,209,48 Years,2162,1054,1108,1294,628,666,67,34,33,57,27,30,744,365,379
HAYS COUNTY,209,49 Years,2147,1024,1123,1302,610,692,63,24,39,54,28,26,728,362,366
HAYS COUNTY,209,50 Years,2112,1024,1088,1312,612,700,60,33,27,60,32,28,680,347,333
HAYS COUNTY,209,51 Years,2169,1050,1119,1393,650,743,75,45,30,49,24,25,652,331,321
HAYS COUNTY,209,52 Years,2132,1008,1124,1419,643,776,68,37,31,48,23,25,597,305,292
HAYS COUNTY,209,53 Years,2144,1076,1068,1429,711,718,84,45,39,51,20,31,580,300,280
HAYS COUNTY,209,54 Years,2058,1032,1026,1377,694,683,76,47,29,53,21,32,552,270,282
HAYS COUNTY,209,55 Years,1954,946,1008,1347,657,690,55,34,21,49,17,32,503,238,265
HAYS COUNTY,209,56 Years,1887,911,976,1309,633,676,47,29,18,47,18,29,484,231,253
HAYS COUNTY,209,57 Years,1867,886,981,1297,615,682,59,35,24,42,20,22,469,216,253
HAYS COUNTY,209,58 Years,1948,933,1015,1394,668,726,62,33,29,44,20,24,448,212,236
HAYS COUNTY,209,59 Years,1838,878,960,1335,641,694,54,28,26,42,20,22,407,189,218
HAYS COUNTY,209,60 Years,1827,871,956,1333,646,687,48,26,22,46,22,24,400,177,223
HAYS COUNTY,209,61 Years,1723,843,880,1261,616,645,42,26,16,43,19,24,377,182,195
HAYS COUNTY,209,62 Years,1656,802,854,1218,593,625,44,22,22,42,18,24,352,169,183
HAYS COUNTY,209,63 Years,1614,802,812,1193,603,590,36,19,17,40,21,19,345,159,186
HAYS COUNTY,209,64 Years,1514,749,765,1110,554,556,35,19,16,35,19,16,334,157,177
HAYS COUNTY,209,65 Years,1546,754,792,1154,572,582,20,11,9,35,15,20,337,156,181
HAYS COUNTY,209,66 Years,1550,771,779,1179,597,582,18,7,11,32,17,15,321,150,171
HAYS COUNTY,209,67 Years,1272,632,640,954,487,467,27,9,18,28,11,17,263,125,138
HAYS COUNTY,209,68 Years,1175,564,611,873,431,442,25,9,16,24,11,13,253,113,140
HAYS COUNTY,209,69 Years,1094,511,583,826,395,431,18,7,11,22,10,12,228,99,129
HAYS COUNTY,209,70 Years,1011,479,532,779,386,393,17,8,9,20,8,12,195,77,118
HAYS COUNTY,209,71 Years,882,409,473,672,323,349,17,6,11,18,7,11,175,73,102
HAYS COUNTY,209,72 Years,767,361,406,579,273,306,14,8,6,12,6,6,162,74,88
HAYS COUNTY,209,73 Years,721,327,394,554,250,304,15,9,6,13,5,8,139,63,76
HAYS COUNTY,209,74 Years,697,327,370,537,256,281,17,6,11,10,5,5,133,60,73
HAYS COUNTY,209,75 Years,653,310,343,500,244,256,15,4,11,11,4,7,127,58,69
HAYS COUNTY,209,76 Years,574,257,317,429,197,232,14,6,8,14,8,6,117,46,71
HAYS COUNTY,209,77 Years,538,235,303,404,180,224,13,7,6,12,5,7,109,43,66
HAYS COUNTY,209,78 Years,490,219,271,378,167,211,9,4,5,8,4,4,95,44,51
HAYS COUNTY,209,79 Years,451,199,252,351,157,194,8,3,5,8,4,4,84,35,49
HAYS COUNTY,209,80 Years,403,179,224,307,144,163,8,3,5,8,3,5,80,29,51
HAYS COUNTY,209,81 Years,384,166,218,297,128,169,11,5,6,8,3,5,68,30,38
HAYS COUNTY,209,82 Years,360,157,203,293,128,165,9,5,4,6,3,3,52,21,31
HAYS COUNTY,209,83 Years,350,145,205,282,122,160,5,2,3,5,0,5,58,21,37
HAYS COUNTY,209,84 Years,314,130,184,252,108,144,3,2,1,3,1,2,56,19,37
HAYS COUNTY,209,85 Years +,1709,565,1144,1360,456,904,25,6,19,17,6,11,307,97,210
HEMPHILL COUNTY,211,All Ages,3988,2021,1967,2728,1349,1379,5,3,2,63,25,38,1192,644,548
HEMPHILL COUNTY,211,< 1 Year,56,29,27,30,15,15,0,0,0,1,1,0,25,13,12
HEMPHILL COUNTY,211,1 Years,54,28,26,31,16,15,0,0,0,1,0,1,22,12,10
HEMPHILL COUNTY,211,2 Years,51,27,24,28,14,14,0,0,0,1,1,0,22,12,10
HEMPHILL COUNTY,211,3 Years,52,28,24,25,14,11,0,0,0,1,1,0,26,13,13
HEMPHILL COUNTY,211,4 Years,66,41,25,29,19,10,0,0,0,2,1,1,35,21,14
HEMPHILL COUNTY,211,5 Years,72,36,36,37,22,15,0,0,0,2,1,1,33,13,20
HEMPHILL COUNTY,211,6 Years,74,32,42,38,17,21,0,0,0,0,0,0,36,15,21
HEMPHILL COUNTY,211,7 Years,65,27,38,35,13,22,0,0,0,2,0,2,28,14,14
HEMPHILL COUNTY,211,8 Years,66,34,32,42,21,21,0,0,0,1,0,1,23,13,10
HEMPHILL COUNTY,211,9 Years,65,37,28,34,21,13,0,0,0,1,0,1,30,16,14
HEMPHILL COUNTY,211,10 Years,80,36,44,39,17,22,0,0,0,1,0,1,40,19,21
HEMPHILL COUNTY,211,11 Years,65,31,34,38,17,21,0,0,0,0,0,0,27,14,13
HEMPHILL COUNTY,211,12 Years,63,29,34,39,14,25,0,0,0,1,1,0,23,14,9
HEMPHILL COUNTY,211,13 Years,77,37,40,49,22,27,0,0,0,2,1,1,26,14,12
HEMPHILL COUNTY,211,14 Years,62,30,32,39,19,20,0,0,0,1,0,1,22,11,11
HEMPHILL COUNTY,211,15 Years,59,27,32,35,16,19,0,0,0,0,0,0,24,11,13
HEMPHILL COUNTY,211,16 Years,52,26,26,35,17,18,0,0,0,0,0,0,17,9,8
HEMPHILL COUNTY,211,17 Years,46,31,15,27,19,8,0,0,0,2,1,1,17,11,6
HEMPHILL COUNTY,211,18 Years,60,35,25,34,20,14,0,0,0,1,0,1,25,15,10
HEMPHILL COUNTY,211,19 Years,58,32,26,35,18,17,1,1,0,1,0,1,21,13,8
HEMPHILL COUNTY,211,20 Years,52,27,25,32,16,16,1,1,0,0,0,0,19,10,9
HEMPHILL COUNTY,211,21 Years,42,18,24,24,14,10,0,0,0,0,0,0,18,4,14
HEMPHILL COUNTY,211,22 Years,36,20,16,22,12,10,0,0,0,0,0,0,14,8,6
HEMPHILL COUNTY,211,23 Years,32,21,11,17,9,8,0,0,0,0,0,0,15,12,3
HEMPHILL COUNTY,211,24 Years,32,18,14,17,10,7,0,0,0,1,0,1,14,8,6
HEMPHILL COUNTY,211,25 Years,32,19,13,15,9,6,0,0,0,1,0,1,16,10,6
HEMPHILL COUNTY,211,26 Years,40,24,16,21,12,9,0,0,0,2,2,0,17,10,7
HEMPHILL COUNTY,211,27 Years,46,20,26,32,14,18,0,0,0,1,0,1,13,6,7
HEMPHILL COUNTY,211,28 Years,45,25,20,31,17,14,0,0,0,0,0,0,14,8,6
HEMPHILL COUNTY,211,29 Years,48,30,18,30,21,9,0,0,0,0,0,0,18,9,9
HEMPHILL COUNTY,211,30 Years,48,25,23,25,14,11,0,0,0,1,1,0,22,10,12
HEMPHILL COUNTY,211,31 Years,51,30,21,27,17,10,0,0,0,0,0,0,24,13,11
HEMPHILL COUNTY,211,32 Years,43,26,17,17,12,5,0,0,0,1,0,1,25,14,11
HEMPHILL COUNTY,211,33 Years,56,23,33,27,10,17,1,0,1,2,0,2,26,13,13
HEMPHILL COUNTY,211,34 Years,57,26,31,30,10,20,0,0,0,2,1,1,25,15,10
HEMPHILL COUNTY,211,35 Years,56,27,29,34,12,22,0,0,0,2,2,0,20,13,7
HEMPHILL COUNTY,211,36 Years,51,28,23,33,17,16,0,0,0,2,1,1,16,10,6
HEMPHILL COUNTY,211,37 Years,44,19,25,28,14,14,0,0,0,1,0,1,15,5,10
HEMPHILL COUNTY,211,38 Years,48,23,25,30,16,14,0,0,0,1,0,1,17,7,10
HEMPHILL COUNTY,211,39 Years,51,26,25,36,18,18,0,0,0,0,0,0,15,8,7
HEMPHILL COUNTY,211,40 Years,55,29,26,32,15,17,0,0,0,1,0,1,22,14,8
HEMPHILL COUNTY,211,41 Years,57,31,26,36,17,19,0,0,0,0,0,0,21,14,7
HEMPHILL COUNTY,211,42 Years,60,28,32,40,20,20,1,1,0,0,0,0,19,7,12
HEMPHILL COUNTY,211,43 Years,47,25,22,31,15,16,0,0,0,1,1,0,15,9,6
HEMPHILL COUNTY,211,44 Years,45,25,20,32,17,15,0,0,0,0,0,0,13,8,5
HEMPHILL COUNTY,211,45 Years,53,26,27,36,16,20,1,0,1,0,0,0,16,10,6
HEMPHILL COUNTY,211,46 Years,55,32,23,37,20,17,0,0,0,0,0,0,18,12,6
HEMPHILL COUNTY,211,47 Years,50,27,23,35,18,17,0,0,0,0,0,0,15,9,6
HEMPHILL COUNTY,211,48 Years,46,24,22,31,15,16,0,0,0,2,1,1,13,8,5
HEMPHILL COUNTY,211,49 Years,57,28,29,42,18,24,0,0,0,2,1,1,13,9,4
HEMPHILL COUNTY,211,50 Years,59,32,27,42,22,20,0,0,0,2,1,1,15,9,6
HEMPHILL COUNTY,211,51 Years,54,33,21,39,24,15,0,0,0,1,1,0,14,8,6
HEMPHILL COUNTY,211,52 Years,55,25,30,42,19,23,0,0,0,3,2,1,10,4,6
HEMPHILL COUNTY,211,53 Years,51,27,24,41,21,20,0,0,0,1,0,1,9,6,3
HEMPHILL COUNTY,211,54 Years,42,21,21,34,17,17,0,0,0,0,0,0,8,4,4
HEMPHILL COUNTY,211,55 Years,49,21,28,42,20,22,0,0,0,2,0,2,5,1,4
HEMPHILL COUNTY,211,56 Years,49,25,24,41,21,20,0,0,0,1,0,1,7,4,3
HEMPHILL COUNTY,211,57 Years,43,21,22,34,15,19,0,0,0,1,1,0,8,5,3
HEMPHILL COUNTY,211,58 Years,50,27,23,44,24,20,0,0,0,1,0,1,5,3,2
HEMPHILL COUNTY,211,59 Years,54,30,24,49,28,21,0,0,0,1,0,1,4,2,2
HEMPHILL COUNTY,211,60 Years,53,26,27,45,23,22,0,0,0,1,0,1,7,3,4
HEMPHILL COUNTY,211,61 Years,51,25,26,45,21,24,0,0,0,0,0,0,6,4,2
HEMPHILL COUNTY,211,62 Years,46,20,26,41,17,24,0,0,0,1,0,1,4,3,1
HEMPHILL COUNTY,211,63 Years,45,24,21,41,21,20,0,0,0,0,0,0,4,3,1
HEMPHILL COUNTY,211,64 Years,38,20,18,36,19,17,0,0,0,0,0,0,2,1,1
HEMPHILL COUNTY,211,65 Years,39,21,18,35,18,17,0,0,0,0,0,0,4,3,1
HEMPHILL COUNTY,211,66 Years,48,22,26,43,20,23,0,0,0,0,0,0,5,2,3
HEMPHILL COUNTY,211,67 Years,36,17,19,32,14,18,0,0,0,0,0,0,4,3,1
HEMPHILL COUNTY,211,68 Years,33,14,19,31,13,18,0,0,0,0,0,0,2,1,1
HEMPHILL COUNTY,211,69 Years,31,15,16,31,15,16,0,0,0,0,0,0,0,0,0
HEMPHILL COUNTY,211,70 Years,34,17,17,32,16,16,0,0,0,0,0,0,2,1,1
HEMPHILL COUNTY,211,71 Years,23,12,11,22,11,11,0,0,0,0,0,0,1,1,0
HEMPHILL COUNTY,211,72 Years,33,15,18,30,14,16,0,0,0,1,0,1,2,1,1
HEMPHILL COUNTY,211,73 Years,29,14,15,27,13,14,0,0,0,0,0,0,2,1,1
HEMPHILL COUNTY,211,74 Years,21,10,11,21,10,11,0,0,0,0,0,0,0,0,0
HEMPHILL COUNTY,211,75 Years,17,5,12,16,5,11,0,0,0,0,0,0,1,0,1
HEMPHILL COUNTY,211,76 Years,19,8,11,18,7,11,0,0,0,0,0,0,1,1,0
HEMPHILL COUNTY,211,77 Years,21,10,11,19,9,10,0,0,0,0,0,0,2,1,1
HEMPHILL COUNTY,211,78 Years,17,10,7,17,10,7,0,0,0,0,0,0,0,0,0
HEMPHILL COUNTY,211,79 Years,11,6,5,11,6,5,0,0,0,0,0,0,0,0,0
HEMPHILL COUNTY,211,80 Years,16,8,8,14,8,6,0,0,0,0,0,0,2,0,2
HEMPHILL COUNTY,211,81 Years,21,7,14,19,7,12,0,0,0,1,0,1,1,0,1
HEMPHILL COUNTY,211,82 Years,18,7,11,17,6,11,0,0,0,0,0,0,1,1,0
HEMPHILL COUNTY,211,83 Years,16,7,9,15,6,9,0,0,0,1,1,0,0,0,0
HEMPHILL COUNTY,211,84 Years,13,7,6,12,6,6,0,0,0,1,1,0,0,0,0
HEMPHILL COUNTY,211,85 Years +,75,29,46,71,27,44,0,0,0,0,0,0,4,2,2
HENDERSON COUNTY,213,All Ages,79849,39150,40699,63380,30781,32599,4881,2410,2471,1985,976,1009,9603,4983,4620
HENDERSON COUNTY,213,< 1 Year,970,499,471,665,342,323,60,30,30,38,19,19,207,108,99
HENDERSON COUNTY,213,1 Years,985,503,482,678,346,332,62,32,30,31,16,15,214,109,105
HENDERSON COUNTY,213,2 Years,974,496,478,682,347,335,58,30,28,32,16,16,202,103,99
HENDERSON COUNTY,213,3 Years,912,462,450,613,313,300,55,32,23,44,22,22,200,95,105
HENDERSON COUNTY,213,4 Years,950,467,483,647,318,329,61,31,30,45,15,30,197,103,94
HENDERSON COUNTY,213,5 Years,959,478,481,638,308,330,61,34,27,48,20,28,212,116,96
HENDERSON COUNTY,213,6 Years,939,478,461,629,309,320,64,41,23,40,22,18,206,106,100
HENDERSON COUNTY,213,7 Years,964,489,475,637,320,317,71,42,29,43,24,19,213,103,110
HENDERSON COUNTY,213,8 Years,999,513,486,680,363,317,64,30,34,45,20,25,210,100,110
HENDERSON COUNTY,213,9 Years,982,509,473,653,334,319,70,38,32,50,25,25,209,112,97
HENDERSON COUNTY,213,10 Years,991,530,461,660,356,304,74,40,34,44,19,25,213,115,98
HENDERSON COUNTY,213,11 Years,965,483,482,671,341,330,66,33,33,38,21,17,190,88,102
HENDERSON COUNTY,213,12 Years,1028,532,496,709,364,345,77,43,34,36,21,15,206,104,102
HENDERSON COUNTY,213,13 Years,1067,566,501,745,405,340,75,36,39,32,17,15,215,108,107
HENDERSON COUNTY,213,14 Years,1060,555,505,744,394,350,77,37,40,41,22,19,198,102,96
HENDERSON COUNTY,213,15 Years,1057,558,499,746,389,357,71,37,34,38,24,14,202,108,94
HENDERSON COUNTY,213,16 Years,1060,540,520,735,367,368,67,41,26,36,19,17,222,113,109
HENDERSON COUNTY,213,17 Years,1057,526,531,747,369,378,58,35,23,36,19,17,216,103,113
HENDERSON COUNTY,213,18 Years,964,493,471,681,348,333,70,38,32,25,14,11,188,93,95
HENDERSON COUNTY,213,19 Years,925,476,449,635,329,306,70,35,35,23,12,11,197,100,97
HENDERSON COUNTY,213,20 Years,919,491,428,663,351,312,72,42,30,21,11,10,163,87,76
HENDERSON COUNTY,213,21 Years,968,503,465,674,345,329,90,52,38,21,16,5,183,90,93
HENDERSON COUNTY,213,22 Years,1061,539,522,727,355,372,126,81,45,16,8,8,192,95,97
HENDERSON COUNTY,213,23 Years,1013,534,479,712,357,355,111,69,42,18,8,10,172,100,72
HENDERSON COUNTY,213,24 Years,922,480,442,694,344,350,77,47,30,12,9,3,139,80,59
HENDERSON COUNTY,213,25 Years,872,439,433,658,326,332,61,29,32,13,7,6,140,77,63
HENDERSON COUNTY,213,26 Years,820,404,416,594,284,310,60,26,34,17,7,10,149,87,62
HENDERSON COUNTY,213,27 Years,823,400,423,602,295,307,68,28,40,14,5,9,139,72,67
HENDERSON COUNTY,213,28 Years,843,428,415,631,327,304,68,29,39,17,6,11,127,66,61
HENDERSON COUNTY,213,29 Years,774,390,384,577,292,285,55,25,30,20,10,10,122,63,59
HENDERSON COUNTY,213,30 Years,786,415,371,568,293,275,55,28,27,19,10,9,144,84,60
HENDERSON COUNTY,213,31 Years,757,386,371,534,269,265,58,28,30,21,11,10,144,78,66
HENDERSON COUNTY,213,32 Years,820,404,416,596,297,299,60,24,36,25,8,17,139,75,64
HENDERSON COUNTY,213,33 Years,809,385,424,594,281,313,57,20,37,26,10,16,132,74,58
HENDERSON COUNTY,213,34 Years,814,389,425,598,282,316,54,22,32,25,10,15,137,75,62
HENDERSON COUNTY,213,35 Years,820,411,409,620,307,313,57,25,32,19,7,12,124,72,52
HENDERSON COUNTY,213,36 Years,802,390,412,598,285,313,57,21,36,21,9,12,126,75,51
HENDERSON COUNTY,213,37 Years,817,413,404,623,311,312,43,20,23,19,9,10,132,73,59
HENDERSON COUNTY,213,38 Years,811,413,398,625,320,305,41,17,24,21,13,8,124,63,61
HENDERSON COUNTY,213,39 Years,777,371,406,587,280,307,49,25,24,21,12,9,120,54,66
HENDERSON COUNTY,213,40 Years,820,388,432,626,292,334,61,36,25,18,9,9,115,51,64
HENDERSON COUNTY,213,41 Years,926,452,474,706,335,371,69,42,27,24,13,11,127,62,65
HENDERSON COUNTY,213,42 Years,990,478,512,787,372,415,58,29,29,20,12,8,125,65,60
HENDERSON COUNTY,213,43 Years,946,442,504,744,348,396,64,34,30,17,8,9,121,52,69
HENDERSON COUNTY,213,44 Years,964,478,486,766,379,387,56,30,26,22,7,15,120,62,58
HENDERSON COUNTY,213,45 Years,951,479,472,752,380,372,60,30,30,23,9,14,116,60,56
HENDERSON COUNTY,213,46 Years,932,481,451,733,382,351,53,24,29,28,12,16,118,63,55
HENDERSON COUNTY,213,47 Years,959,498,461,750,388,362,52,21,31,22,12,10,135,77,58
HENDERSON COUNTY,213,48 Years,976,498,478,781,399,382,59,25,34,19,9,10,117,65,52
HENDERSON COUNTY,213,49 Years,1050,526,524,844,412,432,62,32,30,27,14,13,117,68,49
HENDERSON COUNTY,213,50 Years,1122,547,575,927,455,472,74,35,39,25,10,15,96,47,49
HENDERSON COUNTY,213,51 Years,1145,545,600,939,448,491,80,40,40,23,11,12,103,46,57
HENDERSON COUNTY,213,52 Years,1176,553,623,976,449,527,74,38,36,29,14,15,97,52,45
HENDERSON COUNTY,213,53 Years,1182,569,613,1001,480,521,74,33,41,24,10,14,83,46,37
HENDERSON COUNTY,213,54 Years,1146,526,620,970,443,527,72,28,44,33,16,17,71,39,32
HENDERSON COUNTY,213,55 Years,1176,568,608,978,464,514,79,40,39,35,15,20,84,49,35
HENDERSON COUNTY,213,56 Years,1171,583,588,997,486,511,74,37,37,24,11,13,76,49,27
HENDERSON COUNTY,213,57 Years,1102,552,550,955,475,480,67,31,36,17,9,8,63,37,26
HENDERSON COUNTY,213,58 Years,1127,552,575,986,483,503,67,32,35,21,9,12,53,28,25
HENDERSON COUNTY,213,59 Years,1120,541,579,985,475,510,62,27,35,24,14,10,49,25,24
HENDERSON COUNTY,213,60 Years,1120,546,574,990,484,506,62,27,35,19,10,9,49,25,24
HENDERSON COUNTY,213,61 Years,1096,509,587,963,442,521,64,30,34,19,11,8,50,26,24
HENDERSON COUNTY,213,62 Years,1069,505,564,946,445,501,57,29,28,27,13,14,39,18,21
HENDERSON COUNTY,213,63 Years,1113,547,566,983,474,509,54,30,24,34,19,15,42,24,18
HENDERSON COUNTY,213,64 Years,1093,517,576,976,462,514,52,27,25,28,13,15,37,15,22
HENDERSON COUNTY,213,65 Years,1154,532,622,1050,482,568,46,23,23,21,8,13,37,19,18
HENDERSON COUNTY,213,66 Years,1170,534,636,1077,490,587,43,20,23,19,8,11,31,16,15
HENDERSON COUNTY,213,67 Years,974,458,516,888,426,462,37,11,26,13,7,6,36,14,22
HENDERSON COUNTY,213,68 Years,987,463,524,898,426,472,40,12,28,15,8,7,34,17,17
HENDERSON COUNTY,213,69 Years,981,469,512,902,432,470,37,13,24,12,7,5,30,17,13
HENDERSON COUNTY,213,70 Years,992,453,539,907,409,498,36,16,20,19,11,8,30,17,13
HENDERSON COUNTY,213,71 Years,935,427,508,858,392,466,38,17,21,14,6,8,25,12,13
HENDERSON COUNTY,213,72 Years,849,391,458,786,368,418,32,14,18,12,5,7,19,4,15
HENDERSON COUNTY,213,73 Years,797,372,425,740,350,390,29,12,17,8,4,4,20,6,14
HENDERSON COUNTY,213,74 Years,786,387,399,735,365,370,26,12,14,8,4,4,17,6,11
HENDERSON COUNTY,213,75 Years,708,369,339,651,344,307,26,11,15,12,5,7,19,9,10
HENDERSON COUNTY,213,76 Years,616,300,316,565,274,291,24,11,13,10,6,4,17,9,8
HENDERSON COUNTY,213,77 Years,626,306,320,586,284,302,18,10,8,9,5,4,13,7,6
HENDERSON COUNTY,213,78 Years,587,277,310,547,258,289,19,7,12,7,4,3,14,8,6
HENDERSON COUNTY,213,79 Years,524,223,301,488,209,279,19,9,10,3,2,1,14,3,11
HENDERSON COUNTY,213,80 Years,502,223,279,468,207,261,16,7,9,7,6,1,11,3,8
HENDERSON COUNTY,213,81 Years,477,213,264,442,198,244,15,4,11,8,4,4,12,7,5
HENDERSON COUNTY,213,82 Years,425,181,244,391,168,223,15,4,11,5,1,4,14,8,6
HENDERSON COUNTY,213,83 Years,393,177,216,366,168,198,14,4,10,5,1,4,8,4,4
HENDERSON COUNTY,213,84 Years,336,147,189,316,137,179,10,4,6,4,2,2,6,4,2
HENDERSON COUNTY,213,85 Years +,1722,630,1092,1588,579,1009,85,29,56,21,9,12,28,13,15
HIDALGO COUNTY,215,All Ages,818553,399549,419004,60871,30604,30267,2899,1928,971,10437,5016,5421,744346,362001,382345
HIDALGO COUNTY,215,< 1 Year,15518,7905,7613,308,159,149,28,15,13,164,81,83,15018,7650,7368
HIDALGO COUNTY,215,1 Years,15173,7733,7440,326,167,159,32,16,16,134,69,65,14681,7481,7200
HIDALGO COUNTY,215,2 Years,14836,7560,7276,373,190,183,32,17,15,132,67,65,14299,7286,7013
HIDALGO COUNTY,215,3 Years,14424,7280,7144,556,279,277,32,13,19,126,67,59,13710,6921,6789
HIDALGO COUNTY,215,4 Years,14326,7276,7050,609,316,293,40,20,20,135,66,69,13542,6874,6668
HIDALGO COUNTY,215,5 Years,14430,7293,7137,573,284,289,37,23,14,149,78,71,13671,6908,6763
HIDALGO COUNTY,215,6 Years,14469,7244,7225,530,264,266,51,32,19,152,87,65,13736,6861,6875
HIDALGO COUNTY,215,7 Years,14590,7402,7188,499,246,253,51,29,22,151,82,69,13889,7045,6844
HIDALGO COUNTY,215,8 Years,14893,7655,7238,460,220,240,45,25,20,150,75,75,14238,7335,6903
HIDALGO COUNTY,215,9 Years,14768,7567,7201,478,249,229,33,19,14,142,67,75,14115,7232,6883
HIDALGO COUNTY,215,10 Years,15113,7691,7422,511,264,247,30,19,11,160,84,76,14412,7324,7088
HIDALGO COUNTY,215,11 Years,15668,7980,7688,529,271,258,36,23,13,181,101,80,14922,7585,7337
HIDALGO COUNTY,215,12 Years,16305,8286,8019,556,292,264,42,25,17,199,107,92,15508,7862,7646
HIDALGO COUNTY,215,13 Years,16152,8325,7827,524,268,256,40,26,14,203,114,89,15385,7917,7468
HIDALGO COUNTY,215,14 Years,15627,8088,7539,528,279,249,40,22,18,187,90,97,14872,7697,7175
HIDALGO COUNTY,215,15 Years,15096,7809,7287,524,284,240,42,21,21,185,90,95,14345,7414,6931
HIDALGO COUNTY,215,16 Years,15021,7625,7396,540,288,252,43,23,20,188,92,96,14250,7222,7028
HIDALGO COUNTY,215,17 Years,14975,7630,7345,581,316,265,35,16,19,197,91,106,14162,7207,6955
HIDALGO COUNTY,215,18 Years,14639,7508,7131,511,285,226,41,21,20,174,79,95,13913,7123,6790
HIDALGO COUNTY,215,19 Years,14375,7339,7036,510,275,235,55,33,22,153,74,79,13657,6957,6700
HIDALGO COUNTY,215,20 Years,14092,7183,6909,487,272,215,46,28,18,140,79,61,13419,6804,6615
HIDALGO COUNTY,215,21 Years,13713,6900,6813,477,250,227,57,39,18,127,65,62,13052,6546,6506
HIDALGO COUNTY,215,22 Years,13060,6509,6551,470,242,228,59,46,13,139,58,81,12392,6163,6229
HIDALGO COUNTY,215,23 Years,12252,6142,6110,513,272,241,52,33,19,118,49,69,11569,5788,5781
HIDALGO COUNTY,215,24 Years,11567,5762,5805,526,259,267,59,40,19,119,63,56,10863,5400,5463
HIDALGO COUNTY,215,25 Years,11438,5815,5623,530,278,252,47,29,18,103,53,50,10758,5455,5303
HIDALGO COUNTY,215,26 Years,11437,5741,5696,525,279,246,57,44,13,121,58,63,10734,5360,5374
HIDALGO COUNTY,215,27 Years,11294,5603,5691,557,278,279,51,39,12,150,74,76,10536,5212,5324
HIDALGO COUNTY,215,28 Years,10893,5393,5500,529,274,255,54,39,15,146,72,74,10164,5008,5156
HIDALGO COUNTY,215,29 Years,10551,5169,5382,516,282,234,61,45,16,115,60,55,9859,4782,5077
HIDALGO COUNTY,215,30 Years,10646,5170,5476,498,263,235,54,38,16,114,58,56,9980,4811,5169
HIDALGO COUNTY,215,31 Years,11064,5291,5773,526,256,270,51,41,10,125,56,69,10362,4938,5424
HIDALGO COUNTY,215,32 Years,11400,5460,5940,562,290,272,53,43,10,136,58,78,10649,5069,5580
HIDALGO COUNTY,215,33 Years,11324,5475,5849,584,314,270,51,39,12,141,58,83,10548,5064,5484
HIDALGO COUNTY,215,34 Years,10656,5111,5545,556,302,254,47,36,11,126,53,73,9927,4720,5207
HIDALGO COUNTY,215,35 Years,10764,5129,5635,525,274,251,46,37,9,133,58,75,10060,4760,5300
HIDALGO COUNTY,215,36 Years,11105,5277,5828,515,266,249,45,33,12,164,82,82,10381,4896,5485
HIDALGO COUNTY,215,37 Years,11187,5330,5857,513,265,248,39,25,14,144,70,74,10491,4970,5521
HIDALGO COUNTY,215,38 Years,11303,5398,5905,510,263,247,46,31,15,170,72,98,10577,5032,5545
HIDALGO COUNTY,215,39 Years,11019,5271,5748,468,243,225,45,34,11,192,87,105,10314,4907,5407
HIDALGO COUNTY,215,40 Years,11023,5223,5800,474,253,221,55,43,12,214,93,121,10280,4834,5446
HIDALGO COUNTY,215,41 Years,10881,5073,5808,536,289,247,47,34,13,212,97,115,10086,4653,5433
HIDALGO COUNTY,215,42 Years,10777,5086,5691,578,301,277,53,33,20,222,127,95,9924,4625,5299
HIDALGO COUNTY,215,43 Years,10770,5119,5651,614,339,275,52,39,13,225,106,119,9879,4635,5244
HIDALGO COUNTY,215,44 Years,10038,4763,5275,582,321,261,42,34,8,186,83,103,9228,4325,4903
HIDALGO COUNTY,215,45 Years,9596,4491,5105,521,280,241,46,35,11,170,72,98,8859,4104,4755
HIDALGO COUNTY,215,46 Years,9256,4340,4916,532,264,268,42,29,13,149,60,89,8533,3987,4546
HIDALGO COUNTY,215,47 Years,9097,4302,4795,543,297,246,44,29,15,145,57,88,8365,3919,4446
HIDALGO COUNTY,215,48 Years,8898,4228,4670,577,299,278,49,37,12,134,65,69,8138,3827,4311
HIDALGO COUNTY,215,49 Years,8575,4108,4467,594,295,299,57,44,13,133,67,66,7791,3702,4089
HIDALGO COUNTY,215,50 Years,8472,4129,4343,594,317,277,65,47,18,120,65,55,7693,3700,3993
HIDALGO COUNTY,215,51 Years,8321,4033,4288,618,337,281,53,39,14,140,72,68,7510,3585,3925
HIDALGO COUNTY,215,52 Years,8096,3839,4257,649,340,309,49,37,12,145,66,79,7253,3396,3857
HIDALGO COUNTY,215,53 Years,7982,3776,4206,658,333,325,31,19,12,124,61,63,7169,3363,3806
HIDALGO COUNTY,215,54 Years,7617,3589,4028,653,330,323,32,22,10,145,73,72,6787,3164,3623
HIDALGO COUNTY,215,55 Years,7483,3474,4009,666,335,331,25,13,12,154,66,88,6638,3060,3578
HIDALGO COUNTY,215,56 Years,7285,3381,3904,685,337,348,32,22,10,151,70,81,6417,2952,3465
HIDALGO COUNTY,215,57 Years,7018,3223,3795,675,321,354,30,17,13,147,62,85,6166,2823,3343
HIDALGO COUNTY,215,58 Years,6916,3158,3758,749,357,392,26,18,8,134,57,77,6007,2726,3281
HIDALGO COUNTY,215,59 Years,6501,2979,3522,816,393,423,16,12,4,114,51,63,5555,2523,3032
HIDALGO COUNTY,215,60 Years,6452,2958,3494,866,410,456,25,18,7,105,51,54,5456,2479,2977
HIDALGO COUNTY,215,61 Years,6144,2789,3355,918,425,493,19,12,7,103,50,53,5104,2302,2802
HIDALGO COUNTY,215,62 Years,6175,2800,3375,934,438,496,19,13,6,80,35,45,5142,2314,2828
HIDALGO COUNTY,215,63 Years,6247,2824,3423,1020,484,536,22,14,8,85,42,43,5120,2284,2836
HIDALGO COUNTY,215,64 Years,5967,2768,3199,1100,541,559,18,12,6,68,36,32,4781,2179,2602
HIDALGO COUNTY,215,65 Years,5834,2726,3108,1216,617,599,11,6,5,77,41,36,4530,2062,2468
HIDALGO COUNTY,215,66 Years,5681,2644,3037,1224,601,623,16,11,5,70,33,37,4371,1999,2372
HIDALGO COUNTY,215,67 Years,5155,2386,2769,1142,560,582,9,4,5,48,23,25,3956,1799,2157
HIDALGO COUNTY,215,68 Years,4980,2259,2721,1242,594,648,11,7,4,47,23,24,3680,1635,2045
HIDALGO COUNTY,215,69 Years,4831,2228,2603,1332,647,685,10,7,3,38,20,18,3451,1554,1897
HIDALGO COUNTY,215,70 Years,4560,2108,2452,1369,682,687,8,4,4,40,21,19,3143,1401,1742
HIDALGO COUNTY,215,71 Years,4226,1963,2263,1267,641,626,8,4,4,50,19,31,2901,1299,1602
HIDALGO COUNTY,215,72 Years,4034,1856,2178,1262,630,632,7,4,3,43,20,23,2722,1202,1520
HIDALGO COUNTY,215,73 Years,3906,1807,2099,1191,571,620,5,3,2,39,17,22,2671,1216,1455
HIDALGO COUNTY,215,74 Years,3519,1620,1899,1078,506,572,6,4,2,37,15,22,2398,1095,1303
HIDALGO COUNTY,215,75 Years,3293,1463,1830,932,430,502,6,3,3,40,19,21,2315,1011,1304
HIDALGO COUNTY,215,76 Years,3156,1403,1753,928,442,486,4,2,2,43,18,25,2181,941,1240
HIDALGO COUNTY,215,77 Years,3011,1326,1685,911,444,467,8,1,7,37,17,20,2055,864,1191
HIDALGO COUNTY,215,78 Years,2912,1288,1624,875,436,439,3,0,3,35,15,20,1999,837,1162
HIDALGO COUNTY,215,79 Years,2642,1205,1437,825,419,406,2,1,1,33,13,20,1782,772,1010
HIDALGO COUNTY,215,80 Years,2395,1067,1328,805,397,408,4,3,1,30,13,17,1556,654,902
HIDALGO COUNTY,215,81 Years,2290,1014,1276,807,387,420,4,3,1,19,8,11,1460,616,844
HIDALGO COUNTY,215,82 Years,2214,967,1247,746,363,383,5,3,2,16,5,11,1447,596,851
HIDALGO COUNTY,215,83 Years,2068,908,1160,692,355,337,3,2,1,19,9,10,1354,542,812
HIDALGO COUNTY,215,84 Years,1809,774,1035,594,295,299,5,2,3,12,6,6,1198,471,727
HIDALGO COUNTY,215,85 Years +,9287,3759,5528,2868,1333,1535,10,5,5,74,33,41,6335,2388,3947
HILL COUNTY,217,All Ages,35239,17405,17834,25456,12411,13045,2199,1039,1160,698,347,351,6886,3608,3278
HILL COUNTY,217,< 1 Year,431,221,210,252,129,123,30,16,14,10,5,5,139,71,68
HILL COUNTY,217,1 Years,446,229,217,263,135,128,30,15,15,9,5,4,144,74,70
HILL COUNTY,217,2 Years,440,225,215,265,135,130,29,15,14,8,4,4,138,71,67
HILL COUNTY,217,3 Years,440,230,210,252,124,128,22,13,9,15,7,8,151,86,65
HILL COUNTY,217,4 Years,434,200,234,241,109,132,28,15,13,18,8,10,147,68,79
HILL COUNTY,217,5 Years,457,220,237,261,130,131,25,13,12,16,7,9,155,70,85
HILL COUNTY,217,6 Years,464,225,239,272,130,142,26,13,13,15,9,6,151,73,78
HILL COUNTY,217,7 Years,460,232,228,280,146,134,28,14,14,17,9,8,135,63,72
HILL COUNTY,217,8 Years,466,256,210,268,147,121,34,18,16,18,12,6,146,79,67
HILL COUNTY,217,9 Years,452,245,207,262,141,121,21,7,14,17,13,4,152,84,68
HILL COUNTY,217,10 Years,443,222,221,256,129,127,22,8,14,13,8,5,152,77,75
HILL COUNTY,217,11 Years,490,248,242,279,133,146,33,16,17,16,9,7,162,90,72
HILL COUNTY,217,12 Years,496,252,244,282,144,138,42,18,24,12,5,7,160,85,75
HILL COUNTY,217,13 Years,486,253,233,294,154,140,35,22,13,10,6,4,147,71,76
HILL COUNTY,217,14 Years,471,247,224,299,155,144,31,20,11,14,8,6,127,64,63
HILL COUNTY,217,15 Years,482,231,251,307,148,159,29,13,16,15,11,4,131,59,72
HILL COUNTY,217,16 Years,508,248,260,326,163,163,42,17,25,14,9,5,126,59,67
HILL COUNTY,217,17 Years,491,260,231,302,157,145,48,23,25,13,8,5,128,72,56
HILL COUNTY,217,18 Years,442,229,213,269,136,133,34,17,17,11,7,4,128,69,59
HILL COUNTY,217,19 Years,408,219,189,242,132,110,28,14,14,9,4,5,129,69,60
HILL COUNTY,217,20 Years,405,202,203,239,121,118,38,16,22,8,3,5,120,62,58
HILL COUNTY,217,21 Years,424,234,190,244,132,112,43,24,19,9,5,4,128,73,55
HILL COUNTY,217,22 Years,469,235,234,274,131,143,41,21,20,11,8,3,143,75,68
HILL COUNTY,217,23 Years,451,199,252,269,117,152,45,17,28,11,7,4,126,58,68
HILL COUNTY,217,24 Years,397,199,198,240,112,128,31,17,14,12,7,5,114,63,51
HILL COUNTY,217,25 Years,404,195,209,241,111,130,36,21,15,11,5,6,116,58,58
HILL COUNTY,217,26 Years,391,198,193,238,115,123,32,18,14,7,3,4,114,62,52
HILL COUNTY,217,27 Years,387,198,189,251,118,133,23,13,10,8,6,2,105,61,44
HILL COUNTY,217,28 Years,350,178,172,231,114,117,17,7,10,5,2,3,97,55,42
HILL COUNTY,217,29 Years,343,165,178,214,100,114,22,8,14,4,2,2,103,55,48
HILL COUNTY,217,30 Years,345,169,176,219,98,121,23,12,11,6,4,2,97,55,42
HILL COUNTY,217,31 Years,342,174,168,220,106,114,17,12,5,7,2,5,98,54,44
HILL COUNTY,217,32 Years,385,199,186,244,121,123,20,10,10,8,3,5,113,65,48
HILL COUNTY,217,33 Years,386,197,189,237,121,116,30,11,19,8,4,4,111,61,50
HILL COUNTY,217,34 Years,346,174,172,226,111,115,25,15,10,7,3,4,88,45,43
HILL COUNTY,217,35 Years,350,180,170,220,119,101,25,12,13,5,1,4,100,48,52
HILL COUNTY,217,36 Years,361,186,175,240,130,110,25,11,14,6,2,4,90,43,47
HILL COUNTY,217,37 Years,344,161,183,235,110,125,21,7,14,6,1,5,82,43,39
HILL COUNTY,217,38 Years,359,172,187,261,128,133,24,9,15,5,2,3,69,33,36
HILL COUNTY,217,39 Years,351,174,177,226,109,117,23,12,11,9,3,6,93,50,43
HILL COUNTY,217,40 Years,358,173,185,239,117,122,23,11,12,7,3,4,89,42,47
HILL COUNTY,217,41 Years,393,183,210,266,124,142,22,11,11,5,2,3,100,46,54
HILL COUNTY,217,42 Years,413,211,202,284,140,144,30,16,14,8,4,4,91,51,40
HILL COUNTY,217,43 Years,425,214,211,305,152,153,27,13,14,10,5,5,83,44,39
HILL COUNTY,217,44 Years,419,207,212,304,144,160,30,15,15,5,3,2,80,45,35
HILL COUNTY,217,45 Years,420,216,204,298,153,145,38,17,21,9,4,5,75,42,33
HILL COUNTY,217,46 Years,379,197,182,271,138,133,31,14,17,8,4,4,69,41,28
HILL COUNTY,217,47 Years,432,218,214,316,166,150,29,14,15,6,1,5,81,37,44
HILL COUNTY,217,48 Years,444,213,231,322,155,167,35,19,16,8,4,4,79,35,44
HILL COUNTY,217,49 Years,445,225,220,338,166,172,33,17,16,7,3,4,67,39,28
HILL COUNTY,217,50 Years,468,234,234,363,180,183,31,12,19,4,1,3,70,41,29
HILL COUNTY,217,51 Years,481,232,249,379,178,201,27,10,17,4,1,3,71,43,28
HILL COUNTY,217,52 Years,503,229,274,392,178,214,31,12,19,10,3,7,70,36,34
HILL COUNTY,217,53 Years,518,267,251,407,214,193,37,16,21,7,3,4,67,34,33
HILL COUNTY,217,54 Years,477,230,247,383,184,199,31,10,21,9,4,5,54,32,22
HILL COUNTY,217,55 Years,493,240,253,400,191,209,33,16,17,6,3,3,54,30,24
HILL COUNTY,217,56 Years,502,243,259,409,196,213,28,14,14,10,3,7,55,30,25
HILL COUNTY,217,57 Years,474,220,254,395,174,221,24,12,12,8,4,4,47,30,17
HILL COUNTY,217,58 Years,507,244,263,431,204,227,28,15,13,6,1,5,42,24,18
HILL COUNTY,217,59 Years,498,245,253,427,212,215,24,12,12,6,1,5,41,20,21
HILL COUNTY,217,60 Years,458,231,227,397,201,196,20,10,10,9,2,7,32,18,14
HILL COUNTY,217,61 Years,456,222,234,393,192,201,29,14,15,8,1,7,26,15,11
HILL COUNTY,217,62 Years,463,220,243,381,183,198,34,13,21,5,1,4,43,23,20
HILL COUNTY,217,63 Years,509,246,263,427,206,221,30,13,17,6,2,4,46,25,21
HILL COUNTY,217,64 Years,485,223,262,413,187,226,23,11,12,6,2,4,43,23,20
HILL COUNTY,217,65 Years,486,235,251,428,206,222,18,9,9,7,2,5,33,18,15
HILL COUNTY,217,66 Years,501,245,256,445,210,235,13,8,5,10,7,3,33,20,13
HILL COUNTY,217,67 Years,406,207,199,352,179,173,19,8,11,6,4,2,29,16,13
HILL COUNTY,217,68 Years,421,201,220,366,175,191,21,8,13,6,4,2,28,14,14
HILL COUNTY,217,69 Years,425,217,208,382,195,187,14,6,8,6,3,3,23,13,10
HILL COUNTY,217,70 Years,408,207,201,375,190,185,13,6,7,4,2,2,16,9,7
HILL COUNTY,217,71 Years,372,199,173,331,177,154,17,8,9,8,5,3,16,9,7
HILL COUNTY,217,72 Years,360,188,172,320,166,154,16,8,8,5,4,1,19,10,9
HILL COUNTY,217,73 Years,356,168,188,310,149,161,19,7,12,6,3,3,21,9,12
HILL COUNTY,217,74 Years,314,159,155,282,144,138,11,4,7,7,4,3,14,7,7
HILL COUNTY,217,75 Years,312,159,153,280,143,137,12,4,8,4,2,2,16,10,6
HILL COUNTY,217,76 Years,271,134,137,245,122,123,11,3,8,3,2,1,12,7,5
HILL COUNTY,217,77 Years,224,114,110,200,100,100,9,4,5,6,3,3,9,7,2
HILL COUNTY,217,78 Years,234,110,124,212,97,115,9,5,4,3,1,2,10,7,3
HILL COUNTY,217,79 Years,240,107,133,214,94,120,13,6,7,2,2,0,11,5,6
HILL COUNTY,217,80 Years,201,92,109,182,86,96,10,3,7,1,1,0,8,2,6
HILL COUNTY,217,81 Years,188,82,106,169,74,95,9,3,6,3,1,2,7,4,3
HILL COUNTY,217,82 Years,181,84,97,165,77,88,9,4,5,1,1,0,6,2,4
HILL COUNTY,217,83 Years,174,86,88,152,75,77,12,5,7,1,1,0,9,5,4
HILL COUNTY,217,84 Years,151,70,81,133,61,72,9,5,4,2,1,1,7,3,4
HILL COUNTY,217,85 Years +,797,277,520,732,255,477,29,8,21,7,2,5,29,12,17
HOCKLEY COUNTY,219,All Ages,23563,11705,11858,11739,5785,5954,862,425,437,381,196,185,10581,5299,5282
HOCKLEY COUNTY,219,< 1 Year,353,183,170,123,65,58,14,8,6,7,3,4,209,107,102
HOCKLEY COUNTY,219,1 Years,358,183,175,125,64,61,15,8,7,6,3,3,212,108,104
HOCKLEY COUNTY,219,2 Years,350,178,172,125,64,61,14,7,7,7,3,4,204,104,100
HOCKLEY COUNTY,219,3 Years,324,164,160,101,58,43,16,7,9,10,5,5,197,94,103
HOCKLEY COUNTY,219,4 Years,345,170,175,116,65,51,12,5,7,7,4,3,210,96,114
HOCKLEY COUNTY,219,5 Years,366,175,191,130,62,68,12,4,8,9,5,4,215,104,111
HOCKLEY COUNTY,219,6 Years,348,175,173,115,59,56,13,5,8,10,5,5,210,106,104
HOCKLEY COUNTY,219,7 Years,350,178,172,119,68,51,8,2,6,9,4,5,214,104,110
HOCKLEY COUNTY,219,8 Years,343,175,168,125,66,59,9,3,6,7,4,3,202,102,100
HOCKLEY COUNTY,219,9 Years,338,166,172,111,55,56,14,9,5,4,2,2,209,100,109
HOCKLEY COUNTY,219,10 Years,347,174,173,121,56,65,12,5,7,3,0,3,211,113,98
HOCKLEY COUNTY,219,11 Years,339,173,166,135,63,72,11,5,6,5,4,1,188,101,87
HOCKLEY COUNTY,219,12 Years,350,183,167,137,70,67,11,6,5,4,2,2,198,105,93
HOCKLEY COUNTY,219,13 Years,358,181,177,130,68,62,13,8,5,4,3,1,211,102,109
HOCKLEY COUNTY,219,14 Years,369,198,171,140,73,67,14,9,5,8,4,4,207,112,95
HOCKLEY COUNTY,219,15 Years,324,169,155,131,64,67,9,7,2,6,3,3,178,95,83
HOCKLEY COUNTY,219,16 Years,324,151,173,140,67,73,10,6,4,7,3,4,167,75,92
HOCKLEY COUNTY,219,17 Years,303,141,162,125,60,65,8,5,3,7,2,5,163,74,89
HOCKLEY COUNTY,219,18 Years,342,176,166,138,69,69,14,9,5,6,4,2,184,94,90
HOCKLEY COUNTY,219,19 Years,318,171,147,150,83,67,11,7,4,6,4,2,151,77,74
HOCKLEY COUNTY,219,20 Years,351,185,166,162,88,74,10,7,3,5,3,2,174,87,87
HOCKLEY COUNTY,219,21 Years,453,234,219,206,112,94,30,11,19,6,2,4,211,109,102
HOCKLEY COUNTY,219,22 Years,545,273,272,234,123,111,62,29,33,8,4,4,241,117,124
HOCKLEY COUNTY,219,23 Years,540,274,266,245,130,115,55,29,26,11,6,5,229,109,120
HOCKLEY COUNTY,219,24 Years,417,232,185,192,107,85,36,22,14,6,4,2,183,99,84
HOCKLEY COUNTY,219,25 Years,313,163,150,135,68,67,17,10,7,3,3,0,158,82,76
HOCKLEY COUNTY,219,26 Years,300,151,149,139,64,75,10,7,3,5,4,1,146,76,70
HOCKLEY COUNTY,219,27 Years,314,162,152,131,64,67,11,7,4,3,1,2,169,90,79
HOCKLEY COUNTY,219,28 Years,290,152,138,121,68,53,6,2,4,4,0,4,159,82,77
HOCKLEY COUNTY,219,29 Years,303,158,145,116,58,58,13,6,7,3,2,1,171,92,79
HOCKLEY COUNTY,219,30 Years,295,156,139,112,55,57,14,8,6,4,2,2,165,91,74
HOCKLEY COUNTY,219,31 Years,284,149,135,116,59,57,7,4,3,4,1,3,157,85,72
HOCKLEY COUNTY,219,32 Years,278,142,136,122,61,61,5,3,2,7,1,6,144,77,67
HOCKLEY COUNTY,219,33 Years,294,152,142,121,60,61,10,5,5,9,3,6,154,84,70
HOCKLEY COUNTY,219,34 Years,276,134,142,129,62,67,7,5,2,6,4,2,134,63,71
HOCKLEY COUNTY,219,35 Years,247,126,121,113,58,55,7,4,3,3,2,1,124,62,62
HOCKLEY COUNTY,219,36 Years,237,114,123,111,51,60,7,3,4,4,3,1,115,57,58
HOCKLEY COUNTY,219,37 Years,242,120,122,117,60,57,7,2,5,5,3,2,113,55,58
HOCKLEY COUNTY,219,38 Years,236,124,112,120,60,60,6,4,2,5,3,2,105,57,48
HOCKLEY COUNTY,219,39 Years,217,106,111,110,51,59,6,5,1,2,1,1,99,49,50
HOCKLEY COUNTY,219,40 Years,233,108,125,103,46,57,5,1,4,5,4,1,120,57,63
HOCKLEY COUNTY,219,41 Years,261,125,136,138,64,74,3,0,3,3,2,1,117,59,58
HOCKLEY COUNTY,219,42 Years,255,115,140,129,57,72,4,2,2,4,2,2,118,54,64
HOCKLEY COUNTY,219,43 Years,258,125,133,133,68,65,8,3,5,3,1,2,114,53,61
HOCKLEY COUNTY,219,44 Years,242,119,123,131,64,67,4,1,3,3,1,2,104,53,51
HOCKLEY COUNTY,219,45 Years,247,117,130,118,55,63,9,3,6,6,4,2,114,55,59
HOCKLEY COUNTY,219,46 Years,226,102,124,115,51,64,6,3,3,5,2,3,100,46,54
HOCKLEY COUNTY,219,47 Years,266,136,130,143,73,70,10,6,4,6,2,4,107,55,52
HOCKLEY COUNTY,219,48 Years,311,159,152,156,77,79,11,5,6,6,4,2,138,73,65
HOCKLEY COUNTY,219,49 Years,294,145,149,150,75,75,9,5,4,3,1,2,132,64,68
HOCKLEY COUNTY,219,50 Years,313,152,161,160,75,85,10,4,6,3,0,3,140,73,67
HOCKLEY COUNTY,219,51 Years,328,169,159,182,89,93,14,6,8,4,3,1,128,71,57
HOCKLEY COUNTY,219,52 Years,331,140,191,195,90,105,13,4,9,3,1,2,120,45,75
HOCKLEY COUNTY,219,53 Years,327,156,171,200,98,102,11,5,6,2,1,1,114,52,62
HOCKLEY COUNTY,219,54 Years,311,169,142,182,93,89,6,3,3,5,4,1,118,69,49
HOCKLEY COUNTY,219,55 Years,321,166,155,194,96,98,11,3,8,2,2,0,114,65,49
HOCKLEY COUNTY,219,56 Years,293,147,146,166,83,83,15,6,9,4,2,2,108,56,52
HOCKLEY COUNTY,219,57 Years,332,176,156,202,106,96,15,7,8,4,2,2,111,61,50
HOCKLEY COUNTY,219,58 Years,299,161,138,191,101,90,10,6,4,2,0,2,96,54,42
HOCKLEY COUNTY,219,59 Years,300,148,152,187,91,96,9,3,6,4,2,2,100,52,48
HOCKLEY COUNTY,219,60 Years,304,152,152,199,101,98,9,5,4,5,2,3,91,44,47
HOCKLEY COUNTY,219,61 Years,279,141,138,190,95,95,7,3,4,4,3,1,78,40,38
HOCKLEY COUNTY,219,62 Years,255,126,129,163,83,80,8,3,5,3,1,2,81,39,42
HOCKLEY COUNTY,219,63 Years,230,123,107,145,81,64,5,2,3,4,3,1,76,37,39
HOCKLEY COUNTY,219,64 Years,231,110,121,152,78,74,6,2,4,4,2,2,69,28,41
HOCKLEY COUNTY,219,65 Years,222,100,122,145,62,83,4,3,1,4,1,3,69,34,35
HOCKLEY COUNTY,219,66 Years,214,100,114,141,67,74,3,2,1,3,2,1,67,29,38
HOCKLEY COUNTY,219,67 Years,202,95,107,133,66,67,2,1,1,5,2,3,62,26,36
HOCKLEY COUNTY,219,68 Years,188,93,95,119,61,58,4,1,3,2,2,0,63,29,34
HOCKLEY COUNTY,219,69 Years,185,93,92,128,67,61,3,1,2,1,1,0,53,24,29
HOCKLEY COUNTY,219,70 Years,194,90,104,149,71,78,2,1,1,2,0,2,41,18,23
HOCKLEY COUNTY,219,71 Years,169,77,92,123,56,67,3,3,0,3,1,2,40,17,23
HOCKLEY COUNTY,219,72 Years,152,72,80,114,51,63,4,2,2,3,2,1,31,17,14
HOCKLEY COUNTY,219,73 Years,142,67,75,104,51,53,3,1,2,2,2,0,33,13,20
HOCKLEY COUNTY,219,74 Years,126,54,72,90,35,55,4,4,0,2,1,1,30,14,16
HOCKLEY COUNTY,219,75 Years,136,54,82,100,38,62,1,1,0,1,0,1,34,15,19
HOCKLEY COUNTY,219,76 Years,143,68,75,107,49,58,7,3,4,4,2,2,25,14,11
HOCKLEY COUNTY,219,77 Years,139,62,77,103,46,57,6,2,4,5,4,1,25,10,15
HOCKLEY COUNTY,219,78 Years,129,55,74,90,37,53,5,2,3,3,2,1,31,14,17
HOCKLEY COUNTY,219,79 Years,110,54,56,81,40,41,2,2,0,1,0,1,26,12,14
HOCKLEY COUNTY,219,80 Years,103,47,56,80,38,42,1,1,0,1,0,1,21,8,13
HOCKLEY COUNTY,219,81 Years,88,38,50,63,30,33,3,0,3,1,0,1,21,8,13
HOCKLEY COUNTY,219,82 Years,82,32,50,65,27,38,4,1,3,0,0,0,13,4,9
HOCKLEY COUNTY,219,83 Years,78,33,45,58,24,34,3,2,1,3,1,2,14,6,8
HOCKLEY COUNTY,219,84 Years,73,31,42,55,21,34,1,1,0,1,1,0,16,8,8
HOCKLEY COUNTY,219,85 Years +,360,132,228,278,100,178,13,2,11,2,2,0,67,28,39
HOOD COUNTY,221,All Ages,53022,26083,26939,45715,22239,23476,233,148,85,1213,569,644,5861,3127,2734
HOOD COUNTY,221,< 1 Year,564,288,276,437,223,214,2,1,1,16,9,7,109,55,54
HOOD COUNTY,221,1 Years,547,280,267,425,217,208,2,1,1,15,8,7,105,54,51
HOOD COUNTY,221,2 Years,545,281,264,427,219,208,2,1,1,16,9,7,100,52,48
HOOD COUNTY,221,3 Years,545,275,270,419,215,204,1,0,1,19,11,8,106,49,57
HOOD COUNTY,221,4 Years,549,278,271,420,204,216,2,1,1,20,10,10,107,63,44
HOOD COUNTY,221,5 Years,602,288,314,462,219,243,2,1,1,23,10,13,115,58,57
HOOD COUNTY,221,6 Years,616,304,312,475,230,245,1,1,0,22,13,9,118,60,58
HOOD COUNTY,221,7 Years,605,319,286,456,242,214,3,1,2,27,12,15,119,64,55
HOOD COUNTY,221,8 Years,593,318,275,446,235,211,3,2,1,23,10,13,121,71,50
HOOD COUNTY,221,9 Years,596,294,302,444,212,232,2,1,1,19,10,9,131,71,60
HOOD COUNTY,221,10 Years,628,303,325,484,231,253,2,2,0,21,11,10,121,59,62
HOOD COUNTY,221,11 Years,593,298,295,457,235,222,5,2,3,18,7,11,113,54,59
HOOD COUNTY,221,12 Years,599,325,274,454,256,198,3,1,2,21,7,14,121,61,60
HOOD COUNTY,221,13 Years,663,344,319,516,276,240,3,1,2,17,9,8,127,58,69
HOOD COUNTY,221,14 Years,634,328,306,489,258,231,4,2,2,18,7,11,123,61,62
HOOD COUNTY,221,15 Years,630,319,311,491,245,246,3,3,0,20,10,10,116,61,55
HOOD COUNTY,221,16 Years,646,340,306,505,269,236,4,3,1,16,8,8,121,60,61
HOOD COUNTY,221,17 Years,625,345,280,484,270,214,3,2,1,21,11,10,117,62,55
HOOD COUNTY,221,18 Years,626,349,277,488,271,217,6,4,2,15,9,6,117,65,52
HOOD COUNTY,221,19 Years,589,314,275,450,231,219,11,7,4,16,11,5,112,65,47
HOOD COUNTY,221,20 Years,575,306,269,431,221,210,8,7,1,17,9,8,119,69,50
HOOD COUNTY,221,21 Years,544,278,266,403,197,206,4,3,1,19,9,10,118,69,49
HOOD COUNTY,221,22 Years,466,245,221,344,174,170,2,0,2,17,11,6,103,60,43
HOOD COUNTY,221,23 Years,480,245,235,356,170,186,4,2,2,10,6,4,110,67,43
HOOD COUNTY,221,24 Years,475,234,241,357,166,191,4,3,1,11,6,5,103,59,44
HOOD COUNTY,221,25 Years,489,250,239,369,181,188,3,2,1,10,4,6,107,63,44
HOOD COUNTY,221,26 Years,487,244,243,379,180,199,2,2,0,7,3,4,99,59,40
HOOD COUNTY,221,27 Years,436,234,202,331,169,162,2,2,0,13,5,8,90,58,32
HOOD COUNTY,221,28 Years,498,250,248,399,195,204,3,2,1,14,5,9,82,48,34
HOOD COUNTY,221,29 Years,506,251,255,407,198,209,2,2,0,10,4,6,87,47,40
HOOD COUNTY,221,30 Years,513,255,258,416,204,212,3,3,0,13,6,7,81,42,39
HOOD COUNTY,221,31 Years,544,279,265,449,232,217,1,0,1,11,4,7,83,43,40
HOOD COUNTY,221,32 Years,570,292,278,462,234,228,3,1,2,12,6,6,93,51,42
HOOD COUNTY,221,33 Years,543,276,267,428,213,215,2,0,2,11,3,8,102,60,42
HOOD COUNTY,221,34 Years,498,250,248,401,199,202,4,4,0,14,4,10,79,43,36
HOOD COUNTY,221,35 Years,492,262,230,408,213,195,2,2,0,9,4,5,73,43,30
HOOD COUNTY,221,36 Years,499,251,248,414,203,211,3,2,1,10,7,3,72,39,33
HOOD COUNTY,221,37 Years,489,220,269,405,174,231,4,3,1,10,8,2,70,35,35
HOOD COUNTY,221,38 Years,498,233,265,407,190,217,5,3,2,12,7,5,74,33,41
HOOD COUNTY,221,39 Years,493,256,237,421,220,201,2,2,0,6,1,5,64,33,31
HOOD COUNTY,221,40 Years,523,265,258,433,224,209,3,1,2,9,4,5,78,36,42
HOOD COUNTY,221,41 Years,597,275,322,511,235,276,3,2,1,18,8,10,65,30,35
HOOD COUNTY,221,42 Years,595,290,305,523,252,271,5,4,1,13,5,8,54,29,25
HOOD COUNTY,221,43 Years,621,308,313,533,259,274,3,3,0,12,6,6,73,40,33
HOOD COUNTY,221,44 Years,586,278,308,495,230,265,2,2,0,12,8,4,77,38,39
HOOD COUNTY,221,45 Years,573,274,299,484,229,255,2,1,1,9,5,4,78,39,39
HOOD COUNTY,221,46 Years,600,280,320,509,238,271,4,1,3,10,4,6,77,37,40
HOOD COUNTY,221,47 Years,622,312,310,531,271,260,2,1,1,16,5,11,73,35,38
HOOD COUNTY,221,48 Years,687,340,347,591,297,294,3,2,1,18,6,12,75,35,40
HOOD COUNTY,221,49 Years,703,349,354,624,308,316,2,2,0,13,6,7,64,33,31
HOOD COUNTY,221,50 Years,747,367,380,654,322,332,4,3,1,18,9,9,71,33,38
HOOD COUNTY,221,51 Years,772,385,387,680,334,346,3,2,1,27,14,13,62,35,27
HOOD COUNTY,221,52 Years,792,406,386,709,353,356,3,2,1,20,12,8,60,39,21
HOOD COUNTY,221,53 Years,841,401,440,750,354,396,4,1,3,24,12,12,63,34,29
HOOD COUNTY,221,54 Years,818,377,441,740,340,400,3,1,2,21,9,12,54,27,27
HOOD COUNTY,221,55 Years,816,408,408,735,366,369,3,2,1,18,8,10,60,32,28
HOOD COUNTY,221,56 Years,820,396,424,741,354,387,3,2,1,23,8,15,53,32,21
HOOD COUNTY,221,57 Years,854,406,448,768,359,409,6,5,1,25,11,14,55,31,24
HOOD COUNTY,221,58 Years,834,413,421,752,370,382,3,2,1,25,11,14,54,30,24
HOOD COUNTY,221,59 Years,842,425,417,782,397,385,3,2,1,19,10,9,38,16,22
HOOD COUNTY,221,60 Years,836,367,469,782,346,436,4,1,3,19,8,11,31,12,19
HOOD COUNTY,221,61 Years,800,377,423,759,358,401,1,0,1,17,6,11,23,13,10
HOOD COUNTY,221,62 Years,800,383,417,749,353,396,3,1,2,15,5,10,33,24,9
HOOD COUNTY,221,63 Years,874,404,470,822,381,441,5,2,3,13,4,9,34,17,17
HOOD COUNTY,221,64 Years,875,391,484,830,374,456,3,1,2,15,6,9,27,10,17
HOOD COUNTY,221,65 Years,889,419,470,849,397,452,5,4,1,12,6,6,23,12,11
HOOD COUNTY,221,66 Years,896,443,453,862,422,440,4,4,0,9,4,5,21,13,8
HOOD COUNTY,221,67 Years,796,376,420,752,353,399,3,1,2,14,7,7,27,15,12
HOOD COUNTY,221,68 Years,817,387,430,771,365,406,1,0,1,16,7,9,29,15,14
HOOD COUNTY,221,69 Years,809,418,391,773,398,375,2,2,0,13,8,5,21,10,11
HOOD COUNTY,221,70 Years,745,373,372,713,354,359,1,1,0,8,4,4,23,14,9
HOOD COUNTY,221,71 Years,689,332,357,659,313,346,2,1,1,9,5,4,19,13,6
HOOD COUNTY,221,72 Years,662,321,341,632,302,330,1,1,0,11,5,6,18,13,5
HOOD COUNTY,221,73 Years,606,299,307,584,287,297,1,1,0,7,3,4,14,8,6
HOOD COUNTY,221,74 Years,594,302,292,572,288,284,0,0,0,7,3,4,15,11,4
HOOD COUNTY,221,75 Years,539,269,270,520,260,260,0,0,0,7,4,3,12,5,7
HOOD COUNTY,221,76 Years,498,237,261,485,229,256,1,1,0,3,2,1,9,5,4
HOOD COUNTY,221,77 Years,486,232,254,471,224,247,0,0,0,7,3,4,8,5,3
HOOD COUNTY,221,78 Years,434,206,228,423,201,222,0,0,0,4,1,3,7,4,3
HOOD COUNTY,221,79 Years,379,184,195,370,181,189,0,0,0,5,1,4,4,2,2
HOOD COUNTY,221,80 Years,337,157,180,327,154,173,1,1,0,2,1,1,7,1,6
HOOD COUNTY,221,81 Years,303,140,163,294,138,156,1,1,0,3,0,3,5,1,4
HOOD COUNTY,221,82 Years,284,132,152,274,129,145,1,0,1,3,0,3,6,3,3
HOOD COUNTY,221,83 Years,273,126,147,263,121,142,0,0,0,5,2,3,5,3,2
HOOD COUNTY,221,84 Years,253,120,133,246,117,129,0,0,0,3,1,2,4,2,2
HOOD COUNTY,221,85 Years +,1215,432,783,1172,411,761,2,2,0,17,8,9,24,11,13
HOPKINS COUNTY,223,All Ages,35601,17721,17880,26145,12783,13362,2508,1238,1270,969,470,499,5979,3230,2749
HOPKINS COUNTY,223,< 1 Year,466,238,228,301,152,149,30,15,15,22,13,9,113,58,55
HOPKINS COUNTY,223,1 Years,476,245,231,308,157,151,30,16,14,20,11,9,118,61,57
HOPKINS COUNTY,223,2 Years,473,242,231,308,157,151,28,15,13,22,12,10,115,58,57
HOPKINS COUNTY,223,3 Years,484,251,233,304,159,145,27,17,10,29,15,14,124,60,64
HOPKINS COUNTY,223,4 Years,485,258,227,275,151,124,37,20,17,31,12,19,142,75,67
HOPKINS COUNTY,223,5 Years,481,256,225,280,153,127,29,15,14,35,17,18,137,71,66
HOPKINS COUNTY,223,6 Years,510,263,247,296,144,152,30,15,15,31,15,16,153,89,64
HOPKINS COUNTY,223,7 Years,510,254,256,298,149,149,35,20,15,35,14,21,142,71,71
HOPKINS COUNTY,223,8 Years,485,244,241,284,142,142,38,20,18,36,17,19,127,65,62
HOPKINS COUNTY,223,9 Years,522,276,246,313,168,145,37,20,17,33,15,18,139,73,66
HOPKINS COUNTY,223,10 Years,504,246,258,310,147,163,31,20,11,29,11,18,134,68,66
HOPKINS COUNTY,223,11 Years,504,252,252,320,160,160,31,19,12,23,10,13,130,63,67
HOPKINS COUNTY,223,12 Years,525,285,240,340,190,150,40,25,15,18,8,10,127,62,65
HOPKINS COUNTY,223,13 Years,497,271,226,320,167,153,38,23,15,22,13,9,117,68,49
HOPKINS COUNTY,223,14 Years,501,258,243,322,159,163,36,21,15,17,12,5,126,66,60
HOPKINS COUNTY,223,15 Years,486,237,249,316,157,159,35,14,21,15,9,6,120,57,63
HOPKINS COUNTY,223,16 Years,491,259,232,321,178,143,43,21,22,12,2,10,115,58,57
HOPKINS COUNTY,223,17 Years,510,263,247,332,185,147,43,19,24,15,5,10,120,54,66
HOPKINS COUNTY,223,18 Years,502,258,244,322,174,148,36,14,22,12,6,6,132,64,68
HOPKINS COUNTY,223,19 Years,495,258,237,306,156,150,36,18,18,19,12,7,134,72,62
HOPKINS COUNTY,223,20 Years,475,248,227,307,162,145,35,18,17,15,7,8,118,61,57
HOPKINS COUNTY,223,21 Years,460,235,225,289,141,148,45,24,21,16,7,9,110,63,47
HOPKINS COUNTY,223,22 Years,448,230,218,302,148,154,36,19,17,9,6,3,101,57,44
HOPKINS COUNTY,223,23 Years,419,211,208,278,135,143,33,15,18,5,5,0,103,56,47
HOPKINS COUNTY,223,24 Years,414,217,197,279,143,136,22,11,11,5,4,1,108,59,49
HOPKINS COUNTY,223,25 Years,456,232,224,320,152,168,19,10,9,6,4,2,111,66,45
HOPKINS COUNTY,223,26 Years,444,218,226,315,150,165,20,12,8,8,4,4,101,52,49
HOPKINS COUNTY,223,27 Years,433,232,201,306,158,148,22,12,10,14,6,8,91,56,35
HOPKINS COUNTY,223,28 Years,419,218,201,282,140,142,24,12,12,9,5,4,104,61,43
HOPKINS COUNTY,223,29 Years,384,197,187,257,132,125,29,13,16,6,4,2,92,48,44
HOPKINS COUNTY,223,30 Years,394,195,199,268,132,136,28,14,14,10,4,6,88,45,43
HOPKINS COUNTY,223,31 Years,374,198,176,261,129,132,24,13,11,8,4,4,81,52,29
HOPKINS COUNTY,223,32 Years,386,201,185,258,129,129,29,17,12,12,5,7,87,50,37
HOPKINS COUNTY,223,33 Years,403,214,189,271,143,128,28,14,14,13,8,5,91,49,42
HOPKINS COUNTY,223,34 Years,376,185,191,268,127,141,26,11,15,7,4,3,75,43,32
HOPKINS COUNTY,223,35 Years,379,196,183,265,134,131,27,15,12,10,5,5,77,42,35
HOPKINS COUNTY,223,36 Years,386,197,189,267,131,136,23,12,11,10,6,4,86,48,38
HOPKINS COUNTY,223,37 Years,388,190,198,262,132,130,28,10,18,8,6,2,90,42,48
HOPKINS COUNTY,223,38 Years,402,190,212,288,140,148,26,6,20,7,4,3,81,40,41
HOPKINS COUNTY,223,39 Years,427,197,230,299,139,160,27,10,17,6,3,3,95,45,50
HOPKINS COUNTY,223,40 Years,400,194,206,288,139,149,29,16,13,7,3,4,76,36,40
HOPKINS COUNTY,223,41 Years,446,221,225,330,163,167,34,16,18,8,2,6,74,40,34
HOPKINS COUNTY,223,42 Years,449,222,227,337,168,169,39,19,20,9,3,6,64,32,32
HOPKINS COUNTY,223,43 Years,438,220,218,332,163,169,27,14,13,12,7,5,67,36,31
HOPKINS COUNTY,223,44 Years,459,227,232,339,158,181,36,15,21,13,6,7,71,48,23
HOPKINS COUNTY,223,45 Years,462,222,240,353,161,192,34,16,18,11,5,6,64,40,24
HOPKINS COUNTY,223,46 Years,395,200,195,291,147,144,36,21,15,8,2,6,60,30,30
HOPKINS COUNTY,223,47 Years,438,211,227,329,157,172,34,20,14,8,1,7,67,33,34
HOPKINS COUNTY,223,48 Years,483,235,248,368,178,190,30,15,15,7,1,6,78,41,37
HOPKINS COUNTY,223,49 Years,497,252,245,369,181,188,32,15,17,10,4,6,86,52,34
HOPKINS COUNTY,223,50 Years,496,271,225,378,200,178,32,13,19,9,5,4,77,53,24
HOPKINS COUNTY,223,51 Years,519,264,255,411,202,209,33,13,20,8,5,3,67,44,23
HOPKINS COUNTY,223,52 Years,499,241,258,382,185,197,43,16,27,11,6,5,63,34,29
HOPKINS COUNTY,223,53 Years,500,249,251,401,195,206,40,19,21,7,3,4,52,32,20
HOPKINS COUNTY,223,54 Years,486,250,236,385,194,191,40,20,20,8,4,4,53,32,21
HOPKINS COUNTY,223,55 Years,481,244,237,383,184,199,37,24,13,13,6,7,48,30,18
HOPKINS COUNTY,223,56 Years,477,247,230,383,189,194,39,26,13,11,6,5,44,26,18
HOPKINS COUNTY,223,57 Years,499,257,242,403,194,209,35,22,13,12,8,4,49,33,16
HOPKINS COUNTY,223,58 Years,486,241,245,409,195,214,39,22,17,6,4,2,32,20,12
HOPKINS COUNTY,223,59 Years,456,229,227,375,177,198,47,28,19,5,4,1,29,20,9
HOPKINS COUNTY,223,60 Years,434,207,227,345,159,186,44,23,21,10,3,7,35,22,13
HOPKINS COUNTY,223,61 Years,433,213,220,354,172,182,41,22,19,10,4,6,28,15,13
HOPKINS COUNTY,223,62 Years,413,199,214,350,169,181,35,16,19,7,2,5,21,12,9
HOPKINS COUNTY,223,63 Years,418,196,222,352,166,186,34,14,20,7,2,5,25,14,11
HOPKINS COUNTY,223,64 Years,446,206,240,386,180,206,32,13,19,10,3,7,18,10,8
HOPKINS COUNTY,223,65 Years,413,188,225,358,168,190,31,10,21,10,4,6,14,6,8
HOPKINS COUNTY,223,66 Years,414,188,226,360,164,196,32,12,20,9,5,4,13,7,6
HOPKINS COUNTY,223,67 Years,359,179,180,311,154,157,29,14,15,4,2,2,15,9,6
HOPKINS COUNTY,223,68 Years,343,179,164,311,161,150,16,8,8,3,1,2,13,9,4
HOPKINS COUNTY,223,69 Years,344,173,171,312,159,153,14,4,10,4,2,2,14,8,6
HOPKINS COUNTY,223,70 Years,338,169,169,299,150,149,20,9,11,6,5,1,13,5,8
HOPKINS COUNTY,223,71 Years,307,140,167,269,117,152,23,12,11,5,4,1,10,7,3
HOPKINS COUNTY,223,72 Years,309,133,176,274,117,157,20,7,13,3,1,2,12,8,4
HOPKINS COUNTY,223,73 Years,266,125,141,231,112,119,21,7,14,2,0,2,12,6,6
HOPKINS COUNTY,223,74 Years,254,125,129,221,110,111,20,8,12,5,4,1,8,3,5
HOPKINS COUNTY,223,75 Years,228,106,122,205,97,108,16,6,10,3,2,1,4,1,3
HOPKINS COUNTY,223,76 Years,226,108,118,211,102,109,10,2,8,0,0,0,5,4,1
HOPKINS COUNTY,223,77 Years,221,101,120,205,93,112,9,5,4,1,0,1,6,3,3
HOPKINS COUNTY,223,78 Years,220,98,122,198,89,109,16,6,10,3,2,1,3,1,2
HOPKINS COUNTY,223,79 Years,209,91,118,188,82,106,12,4,8,3,2,1,6,3,3
HOPKINS COUNTY,223,80 Years,182,81,101,162,72,90,11,3,8,1,0,1,8,6,2
HOPKINS COUNTY,223,81 Years,161,71,90,143,65,78,12,4,8,1,0,1,5,2,3
HOPKINS COUNTY,223,82 Years,145,62,83,133,57,76,8,4,4,2,0,2,2,1,1
HOPKINS COUNTY,223,83 Years,137,59,78,128,53,75,6,3,3,1,1,0,2,2,0
HOPKINS COUNTY,223,84 Years,134,58,76,125,55,70,5,2,3,2,0,2,2,1,1
HOPKINS COUNTY,223,85 Years +,707,254,453,650,228,422,34,15,19,14,6,8,9,5,4
HOUSTON COUNTY,225,All Ages,23396,12590,10806,14424,7368,7056,6033,3425,2608,454,195,259,2485,1602,883
HOUSTON COUNTY,225,< 1 Year,243,125,118,125,63,62,65,34,31,9,5,4,44,23,21
HOUSTON COUNTY,225,1 Years,249,127,122,134,69,65,65,33,32,8,4,4,42,21,21
HOUSTON COUNTY,225,2 Years,248,127,121,133,68,65,63,32,31,9,5,4,43,22,21
HOUSTON COUNTY,225,3 Years,257,131,126,118,69,49,76,31,45,11,3,8,52,28,24
HOUSTON COUNTY,225,4 Years,283,149,134,129,72,57,84,42,42,12,4,8,58,31,27
HOUSTON COUNTY,225,5 Years,254,129,125,119,59,60,67,34,33,14,5,9,54,31,23
HOUSTON COUNTY,225,6 Years,266,137,129,131,64,67,67,39,28,18,7,11,50,27,23
HOUSTON COUNTY,225,7 Years,282,148,134,139,74,65,73,41,32,20,5,15,50,28,22
HOUSTON COUNTY,225,8 Years,273,145,128,146,73,73,63,38,25,15,6,9,49,28,21
HOUSTON COUNTY,225,9 Years,255,133,122,137,74,63,62,31,31,15,7,8,41,21,20
HOUSTON COUNTY,225,10 Years,234,124,110,124,70,54,57,28,29,13,6,7,40,20,20
HOUSTON COUNTY,225,11 Years,243,125,118,133,69,64,58,34,24,13,4,9,39,18,21
HOUSTON COUNTY,225,12 Years,247,118,129,137,70,67,67,32,35,9,4,5,34,12,22
HOUSTON COUNTY,225,13 Years,257,132,125,138,71,67,66,34,32,9,4,5,44,23,21
HOUSTON COUNTY,225,14 Years,259,133,126,144,72,72,75,41,34,6,2,4,34,18,16
HOUSTON COUNTY,225,15 Years,275,139,136,148,76,72,74,40,34,11,5,6,42,18,24
HOUSTON COUNTY,225,16 Years,236,123,113,132,60,72,68,45,23,7,5,2,29,13,16
HOUSTON COUNTY,225,17 Years,260,153,107,153,86,67,65,41,24,5,2,3,37,24,13
HOUSTON COUNTY,225,18 Years,284,174,110,164,97,67,78,53,25,8,4,4,34,20,14
HOUSTON COUNTY,225,19 Years,282,161,121,153,87,66,87,50,37,6,3,3,36,21,15
HOUSTON COUNTY,225,20 Years,297,158,139,146,77,69,109,59,50,5,3,2,37,19,18
HOUSTON COUNTY,225,21 Years,284,164,120,135,76,59,99,61,38,3,2,1,47,25,22
HOUSTON COUNTY,225,22 Years,266,145,121,119,60,59,98,57,41,3,0,3,46,28,18
HOUSTON COUNTY,225,23 Years,236,128,108,102,51,51,90,43,47,3,2,1,41,32,9
HOUSTON COUNTY,225,24 Years,249,146,103,117,61,56,86,49,37,2,1,1,44,35,9
HOUSTON COUNTY,225,25 Years,245,150,95,110,67,43,86,51,35,5,3,2,44,29,15
HOUSTON COUNTY,225,26 Years,256,152,104,130,75,55,78,46,32,3,3,0,45,28,17
HOUSTON COUNTY,225,27 Years,259,167,92,134,90,44,80,47,33,5,3,2,40,27,13
HOUSTON COUNTY,225,28 Years,235,138,97,111,55,56,80,49,31,6,3,3,38,31,7
HOUSTON COUNTY,225,29 Years,250,148,102,133,69,64,74,44,30,3,2,1,40,33,7
HOUSTON COUNTY,225,30 Years,275,164,111,143,77,66,72,45,27,4,0,4,56,42,14
HOUSTON COUNTY,225,31 Years,275,163,112,155,86,69,72,44,28,2,1,1,46,32,14
HOUSTON COUNTY,225,32 Years,281,180,101,147,90,57,81,52,29,5,3,2,48,35,13
HOUSTON COUNTY,225,33 Years,276,158,118,133,74,59,87,51,36,8,3,5,48,30,18
HOUSTON COUNTY,225,34 Years,255,150,105,148,85,63,64,41,23,7,1,6,36,23,13
HOUSTON COUNTY,225,35 Years,233,126,107,116,54,62,73,42,31,5,1,4,39,29,10
HOUSTON COUNTY,225,36 Years,271,170,101,121,70,51,88,53,35,4,2,2,58,45,13
HOUSTON COUNTY,225,37 Years,248,153,95,121,68,53,74,46,28,3,1,2,50,38,12
HOUSTON COUNTY,225,38 Years,278,177,101,144,82,62,82,57,25,6,3,3,46,35,11
HOUSTON COUNTY,225,39 Years,252,151,101,133,66,67,72,51,21,5,2,3,42,32,10
HOUSTON COUNTY,225,40 Years,294,186,108,160,89,71,86,62,24,4,2,2,44,33,11
HOUSTON COUNTY,225,41 Years,274,156,118,143,71,72,88,55,33,3,2,1,40,28,12
HOUSTON COUNTY,225,42 Years,301,183,118,178,103,75,87,53,34,4,3,1,32,24,8
HOUSTON COUNTY,225,43 Years,298,180,118,156,82,74,103,68,35,2,1,1,37,29,8
HOUSTON COUNTY,225,44 Years,290,175,115,160,85,75,84,54,30,6,3,3,40,33,7
HOUSTON COUNTY,225,45 Years,304,196,108,172,101,71,91,64,27,5,2,3,36,29,7
HOUSTON COUNTY,225,46 Years,301,187,114,176,103,73,87,54,33,1,0,1,37,30,7
HOUSTON COUNTY,225,47 Years,325,190,135,185,104,81,105,63,42,3,2,1,32,21,11
HOUSTON COUNTY,225,48 Years,368,230,138,209,123,86,120,78,42,2,1,1,37,28,9
HOUSTON COUNTY,225,49 Years,346,205,141,189,99,90,122,81,41,4,2,2,31,23,8
HOUSTON COUNTY,225,50 Years,361,209,152,216,112,104,111,72,39,3,2,1,31,23,8
HOUSTON COUNTY,225,51 Years,348,192,156,208,103,105,108,66,42,3,2,1,29,21,8
HOUSTON COUNTY,225,52 Years,361,214,147,223,122,101,101,62,39,5,4,1,32,26,6
HOUSTON COUNTY,225,53 Years,381,221,160,254,137,117,92,60,32,3,1,2,32,23,9
HOUSTON COUNTY,225,54 Years,356,202,154,229,116,113,99,67,32,5,2,3,23,17,6
HOUSTON COUNTY,225,55 Years,367,199,168,245,125,120,90,55,35,7,2,5,25,17,8
HOUSTON COUNTY,225,56 Years,350,179,171,238,125,113,88,43,45,6,1,5,18,10,8
HOUSTON COUNTY,225,57 Years,328,168,160,232,123,109,81,38,43,3,2,1,12,5,7
HOUSTON COUNTY,225,58 Years,319,151,168,225,108,117,77,32,45,1,1,0,16,10,6
HOUSTON COUNTY,225,59 Years,322,152,170,222,104,118,82,40,42,4,0,4,14,8,6
HOUSTON COUNTY,225,60 Years,315,153,162,217,104,113,73,37,36,7,1,6,18,11,7
HOUSTON COUNTY,225,61 Years,332,168,164,243,116,127,71,40,31,5,2,3,13,10,3
HOUSTON COUNTY,225,62 Years,286,133,153,218,103,115,55,22,33,3,1,2,10,7,3
HOUSTON COUNTY,225,63 Years,275,135,140,209,105,104,49,19,30,4,2,2,13,9,4
HOUSTON COUNTY,225,64 Years,295,148,147,231,115,116,55,28,27,3,1,2,6,4,2
HOUSTON COUNTY,225,65 Years,316,150,166,244,110,134,61,35,26,6,1,5,5,4,1
HOUSTON COUNTY,225,66 Years,322,149,173,261,117,144,51,25,26,4,1,3,6,6,0
HOUSTON COUNTY,225,67 Years,301,148,153,239,116,123,51,23,28,1,0,1,10,9,1
HOUSTON COUNTY,225,68 Years,298,141,157,237,112,125,50,23,27,2,1,1,9,5,4
HOUSTON COUNTY,225,69 Years,260,126,134,217,104,113,40,20,20,0,0,0,3,2,1
HOUSTON COUNTY,225,70 Years,263,130,133,215,107,108,42,20,22,2,1,1,4,2,2
HOUSTON COUNTY,225,71 Years,265,123,142,217,103,114,41,18,23,2,0,2,5,2,3
HOUSTON COUNTY,225,72 Years,258,133,125,214,112,102,37,19,18,2,0,2,5,2,3
HOUSTON COUNTY,225,73 Years,240,122,118,201,101,100,35,19,16,1,1,0,3,1,2
HOUSTON COUNTY,225,74 Years,228,104,124,186,82,104,35,19,16,4,3,1,3,0,3
HOUSTON COUNTY,225,75 Years,202,101,101,170,84,86,29,15,14,2,2,0,1,0,1
HOUSTON COUNTY,225,76 Years,185,84,101,150,68,82,28,14,14,4,1,3,3,1,2
HOUSTON COUNTY,225,77 Years,175,78,97,138,60,78,33,17,16,3,1,2,1,0,1
HOUSTON COUNTY,225,78 Years,183,95,88,148,74,74,29,17,12,3,2,1,3,2,1
HOUSTON COUNTY,225,79 Years,154,73,81,117,55,62,30,14,16,1,1,0,6,3,3
HOUSTON COUNTY,225,80 Years,147,74,73,117,59,58,22,10,12,3,2,1,5,3,2
HOUSTON COUNTY,225,81 Years,127,59,68,109,49,60,14,7,7,1,1,0,3,2,1
HOUSTON COUNTY,225,82 Years,115,52,63,95,42,53,17,8,9,1,1,0,2,1,1
HOUSTON COUNTY,225,83 Years,100,44,56,86,38,48,14,6,8,0,0,0,0,0,0
HOUSTON COUNTY,225,84 Years,103,46,57,85,38,47,16,6,10,2,2,0,0,0,0
HOUSTON COUNTY,225,85 Years +,649,225,424,505,183,322,128,36,92,9,3,6,7,3,4
HOWARD COUNTY,227,All Ages,36077,20342,15735,19064,10224,8840,2150,1558,592,944,547,397,13919,8013,5906
HOWARD COUNTY,227,< 1 Year,425,214,211,203,102,101,9,5,4,11,6,5,202,101,101
HOWARD COUNTY,227,1 Years,416,213,203,201,102,99,9,5,4,10,5,5,196,101,95
HOWARD COUNTY,227,2 Years,408,210,198,199,102,97,9,5,4,10,6,4,190,97,93
HOWARD COUNTY,227,3 Years,443,217,226,178,85,93,17,10,7,14,8,6,234,114,120
HOWARD COUNTY,227,4 Years,464,233,231,180,80,100,20,10,10,20,10,10,244,133,111
HOWARD COUNTY,227,5 Years,437,218,219,179,84,95,11,5,6,18,7,11,229,122,107
HOWARD COUNTY,227,6 Years,471,239,232,198,99,99,13,7,6,16,6,10,244,127,117
HOWARD COUNTY,227,7 Years,475,247,228,177,87,90,19,8,11,22,12,10,257,140,117
HOWARD COUNTY,227,8 Years,473,241,232,186,97,89,27,12,15,25,11,14,235,121,114
HOWARD COUNTY,227,9 Years,427,227,200,156,87,69,30,16,14,21,10,11,220,114,106
HOWARD COUNTY,227,10 Years,418,223,195,167,83,84,29,18,11,17,10,7,205,112,93
HOWARD COUNTY,227,11 Years,456,242,214,182,99,83,23,14,9,12,7,5,239,122,117
HOWARD COUNTY,227,12 Years,447,228,219,170,81,89,22,15,7,10,5,5,245,127,118
HOWARD COUNTY,227,13 Years,433,219,214,184,86,98,20,11,9,10,5,5,219,117,102
HOWARD COUNTY,227,14 Years,416,211,205,160,76,84,21,10,11,15,6,9,220,119,101
HOWARD COUNTY,227,15 Years,446,213,233,178,85,93,22,12,10,14,5,9,232,111,121
HOWARD COUNTY,227,16 Years,394,192,202,167,87,80,20,8,12,11,3,8,196,94,102
HOWARD COUNTY,227,17 Years,493,303,190,185,98,87,41,32,9,11,5,6,256,168,88
HOWARD COUNTY,227,18 Years,506,289,217,199,107,92,37,23,14,14,11,3,256,148,108
HOWARD COUNTY,227,19 Years,462,242,220,194,103,91,26,20,6,15,11,4,227,108,119
HOWARD COUNTY,227,20 Years,588,392,196,237,145,92,58,50,8,20,11,9,273,186,87
HOWARD COUNTY,227,21 Years,505,284,221,249,133,116,33,22,11,13,8,5,210,121,89
HOWARD COUNTY,227,22 Years,649,415,234,288,166,122,49,39,10,17,15,2,295,195,100
HOWARD COUNTY,227,23 Years,610,364,246,291,174,117,46,34,12,20,16,4,253,140,113
HOWARD COUNTY,227,24 Years,438,234,204,213,110,103,20,8,12,8,4,4,197,112,85
HOWARD COUNTY,227,25 Years,570,337,233,280,166,114,40,34,6,15,9,6,235,128,107
HOWARD COUNTY,227,26 Years,574,373,201,281,172,109,43,37,6,17,13,4,233,151,82
HOWARD COUNTY,227,27 Years,467,250,217,236,121,115,34,29,5,17,12,5,180,88,92
HOWARD COUNTY,227,28 Years,548,323,225,271,150,121,40,34,6,13,8,5,224,131,93
HOWARD COUNTY,227,29 Years,426,255,171,196,112,84,33,29,4,7,5,2,190,109,81
HOWARD COUNTY,227,30 Years,393,217,176,195,116,79,16,7,9,7,3,4,175,91,84
HOWARD COUNTY,227,31 Years,570,407,163,231,152,79,53,45,8,23,17,6,263,193,70
HOWARD COUNTY,227,32 Years,461,278,183,231,141,90,31,24,7,11,6,5,188,107,81
HOWARD COUNTY,227,33 Years,407,222,185,201,112,89,27,16,11,9,4,5,170,90,80
HOWARD COUNTY,227,34 Years,496,307,189,270,161,109,36,31,5,11,8,3,179,107,72
HOWARD COUNTY,227,35 Years,411,238,173,231,126,105,20,15,5,9,5,4,151,92,59
HOWARD COUNTY,227,36 Years,361,200,161,201,108,93,17,12,5,9,5,4,134,75,59
HOWARD COUNTY,227,37 Years,375,213,162,202,116,86,13,7,6,15,4,11,145,86,59
HOWARD COUNTY,227,38 Years,485,310,175,257,156,101,35,29,6,14,8,6,179,117,62
HOWARD COUNTY,227,39 Years,317,167,150,162,85,77,11,6,5,9,7,2,135,69,66
HOWARD COUNTY,227,40 Years,404,205,199,190,89,101,27,22,5,9,6,3,178,88,90
HOWARD COUNTY,227,41 Years,387,218,169,196,110,86,25,17,8,13,5,8,153,86,67
HOWARD COUNTY,227,42 Years,431,259,172,209,120,89,36,29,7,1,0,1,185,110,75
HOWARD COUNTY,227,43 Years,473,296,177,242,147,95,39,33,6,14,10,4,178,106,72
HOWARD COUNTY,227,44 Years,523,332,191,237,142,95,39,28,11,13,8,5,234,154,80
HOWARD COUNTY,227,45 Years,473,296,177,225,133,92,38,34,4,8,4,4,202,125,77
HOWARD COUNTY,227,46 Years,335,175,160,179,97,82,13,6,7,5,2,3,138,70,68
HOWARD COUNTY,227,47 Years,641,471,170,262,176,86,72,63,9,22,16,6,285,216,69
HOWARD COUNTY,227,48 Years,654,429,225,315,187,128,68,60,8,23,11,12,248,171,77
HOWARD COUNTY,227,49 Years,548,323,225,280,140,140,43,30,13,20,15,5,205,138,67
HOWARD COUNTY,227,50 Years,842,637,205,388,261,127,107,98,9,23,19,4,324,259,65
HOWARD COUNTY,227,51 Years,612,380,232,343,189,154,45,34,11,12,8,4,212,149,63
HOWARD COUNTY,227,52 Years,550,348,202,327,189,138,38,33,5,9,6,3,176,120,56
HOWARD COUNTY,227,53 Years,593,386,207,325,189,136,60,48,12,12,10,2,196,139,57
HOWARD COUNTY,227,54 Years,621,390,231,372,209,163,56,48,8,18,11,7,175,122,53
HOWARD COUNTY,227,55 Years,631,410,221,404,241,163,48,41,7,15,10,5,164,118,46
HOWARD COUNTY,227,56 Years,460,241,219,290,146,144,22,17,5,14,9,5,134,69,65
HOWARD COUNTY,227,57 Years,558,349,209,341,206,135,35,29,6,8,4,4,174,110,64
HOWARD COUNTY,227,58 Years,510,283,227,351,193,158,22,12,10,10,6,4,127,72,55
HOWARD COUNTY,227,59 Years,465,256,209,312,174,138,15,10,5,11,7,4,127,65,62
HOWARD COUNTY,227,60 Years,402,211,191,257,146,111,2,1,1,13,8,5,130,56,74
HOWARD COUNTY,227,61 Years,397,192,205,268,128,140,17,5,12,15,9,6,97,50,47
HOWARD COUNTY,227,62 Years,343,171,172,230,115,115,12,6,6,7,4,3,94,46,48
HOWARD COUNTY,227,63 Years,365,175,190,254,116,138,11,5,6,6,4,2,94,50,44
HOWARD COUNTY,227,64 Years,348,194,154,241,136,105,15,9,6,2,0,2,90,49,41
HOWARD COUNTY,227,65 Years,304,152,152,206,101,105,19,12,7,3,2,1,76,37,39
HOWARD COUNTY,227,66 Years,313,158,155,215,113,102,12,6,6,3,1,2,83,38,45
HOWARD COUNTY,227,67 Years,256,135,121,153,78,75,16,10,6,13,9,4,74,38,36
HOWARD COUNTY,227,68 Years,309,176,133,200,107,93,18,14,4,13,9,4,78,46,32
HOWARD COUNTY,227,69 Years,250,121,129,178,88,90,5,2,3,8,3,5,59,28,31
HOWARD COUNTY,227,70 Years,255,120,135,189,86,103,7,4,3,6,4,2,53,26,27
HOWARD COUNTY,227,71 Years,265,134,131,197,99,98,4,1,3,2,1,1,62,33,29
HOWARD COUNTY,227,72 Years,240,117,123,182,89,93,5,2,3,3,1,2,50,25,25
HOWARD COUNTY,227,73 Years,201,85,116,151,66,85,4,0,4,1,0,1,45,19,26
HOWARD COUNTY,227,74 Years,197,85,112,144,63,81,8,3,5,0,0,0,45,19,26
HOWARD COUNTY,227,75 Years,199,94,105,142,68,74,11,5,6,2,1,1,44,20,24
HOWARD COUNTY,227,76 Years,200,89,111,150,66,84,9,4,5,3,0,3,38,19,19
HOWARD COUNTY,227,77 Years,183,82,101,141,62,79,4,3,1,4,1,3,34,16,18
HOWARD COUNTY,227,78 Years,181,84,97,137,62,75,7,3,4,2,0,2,35,19,16
HOWARD COUNTY,227,79 Years,187,80,107,140,58,82,4,2,2,3,1,2,40,19,21
HOWARD COUNTY,227,80 Years,166,61,105,127,47,80,3,0,3,3,2,1,33,12,21
HOWARD COUNTY,227,81 Years,153,67,86,120,56,64,3,3,0,3,0,3,27,8,19
HOWARD COUNTY,227,82 Years,160,80,80,119,60,59,3,1,2,3,0,3,35,19,16
HOWARD COUNTY,227,83 Years,149,70,79,116,54,62,3,1,2,2,1,1,28,14,14
HOWARD COUNTY,227,84 Years,116,47,69,99,42,57,2,1,1,1,0,1,14,4,10
HOWARD COUNTY,227,85 Years +,666,271,395,554,228,326,18,9,9,3,2,1,91,32,59
HUDSPETH COUNTY,229,All Ages,3447,1751,1696,618,335,283,30,23,7,47,21,26,2752,1372,1380
HUDSPETH COUNTY,229,< 1 Year,45,22,23,4,2,2,0,0,0,0,0,0,41,20,21
HUDSPETH COUNTY,229,1 Years,49,25,24,5,3,2,0,0,0,0,0,0,44,22,22
HUDSPETH COUNTY,229,2 Years,45,24,21,5,3,2,0,0,0,0,0,0,40,21,19
HUDSPETH COUNTY,229,3 Years,47,23,24,4,2,2,0,0,0,1,1,0,42,20,22
HUDSPETH COUNTY,229,4 Years,44,26,18,4,3,1,0,0,0,3,1,2,37,22,15
HUDSPETH COUNTY,229,5 Years,46,27,19,1,1,0,1,1,0,1,0,1,43,25,18
HUDSPETH COUNTY,229,6 Years,46,29,17,3,2,1,0,0,0,2,2,0,41,25,16
HUDSPETH COUNTY,229,7 Years,45,19,26,6,2,4,0,0,0,1,1,0,38,16,22
HUDSPETH COUNTY,229,8 Years,54,20,34,3,1,2,2,0,2,0,0,0,49,19,30
HUDSPETH COUNTY,229,9 Years,56,25,31,7,1,6,2,2,0,0,0,0,47,22,25
HUDSPETH COUNTY,229,10 Years,52,25,27,5,2,3,1,1,0,0,0,0,46,22,24
HUDSPETH COUNTY,229,11 Years,51,22,29,5,1,4,0,0,0,1,0,1,45,21,24
HUDSPETH COUNTY,229,12 Years,49,24,25,8,3,5,0,0,0,1,0,1,40,21,19
HUDSPETH COUNTY,229,13 Years,55,26,29,5,2,3,0,0,0,0,0,0,50,24,26
HUDSPETH COUNTY,229,14 Years,62,33,29,5,1,4,0,0,0,1,1,0,56,31,25
HUDSPETH COUNTY,229,15 Years,51,24,27,5,3,2,0,0,0,1,0,1,45,21,24
HUDSPETH COUNTY,229,16 Years,58,31,27,5,2,3,0,0,0,0,0,0,53,29,24
HUDSPETH COUNTY,229,17 Years,64,30,34,8,3,5,0,0,0,2,0,2,54,27,27
HUDSPETH COUNTY,229,18 Years,63,32,31,4,3,1,2,2,0,2,1,1,55,26,29
HUDSPETH COUNTY,229,19 Years,72,33,39,3,1,2,2,1,1,1,0,1,66,31,35
HUDSPETH COUNTY,229,20 Years,63,27,36,3,1,2,0,0,0,2,0,2,58,26,32
HUDSPETH COUNTY,229,21 Years,49,33,16,2,2,0,1,1,0,1,1,0,45,29,16
HUDSPETH COUNTY,229,22 Years,50,24,26,1,1,0,0,0,0,1,1,0,48,22,26
HUDSPETH COUNTY,229,23 Years,36,19,17,2,1,1,0,0,0,0,0,0,34,18,16
HUDSPETH COUNTY,229,24 Years,32,18,14,2,1,1,0,0,0,0,0,0,30,17,13
HUDSPETH COUNTY,229,25 Years,36,23,13,3,2,1,0,0,0,0,0,0,33,21,12
HUDSPETH COUNTY,229,26 Years,35,19,16,4,3,1,0,0,0,0,0,0,31,16,15
HUDSPETH COUNTY,229,27 Years,26,15,11,3,2,1,0,0,0,1,0,1,22,13,9
HUDSPETH COUNTY,229,28 Years,36,17,19,5,3,2,0,0,0,0,0,0,31,14,17
HUDSPETH COUNTY,229,29 Years,40,21,19,6,3,3,0,0,0,0,0,0,34,18,16
HUDSPETH COUNTY,229,30 Years,32,19,13,4,2,2,0,0,0,0,0,0,28,17,11
HUDSPETH COUNTY,229,31 Years,34,19,15,3,2,1,0,0,0,1,0,1,30,17,13
HUDSPETH COUNTY,229,32 Years,40,23,17,5,3,2,2,2,0,0,0,0,33,18,15
HUDSPETH COUNTY,229,33 Years,30,16,14,4,2,2,0,0,0,0,0,0,26,14,12
HUDSPETH COUNTY,229,34 Years,33,16,17,5,3,2,0,0,0,0,0,0,28,13,15
HUDSPETH COUNTY,229,35 Years,34,14,20,6,2,4,3,3,0,0,0,0,25,9,16
HUDSPETH COUNTY,229,36 Years,42,16,26,9,3,6,3,3,0,1,1,0,29,9,20
HUDSPETH COUNTY,229,37 Years,29,13,16,4,2,2,0,0,0,1,0,1,24,11,13
HUDSPETH COUNTY,229,38 Years,32,13,19,4,3,1,0,0,0,1,1,0,27,9,18
HUDSPETH COUNTY,229,39 Years,31,16,15,4,3,1,0,0,0,1,1,0,26,12,14
HUDSPETH COUNTY,229,40 Years,32,17,15,6,5,1,0,0,0,1,0,1,25,12,13
HUDSPETH COUNTY,229,41 Years,32,22,10,5,4,1,0,0,0,1,1,0,26,17,9
HUDSPETH COUNTY,229,42 Years,30,12,18,1,0,1,0,0,0,0,0,0,29,12,17
HUDSPETH COUNTY,229,43 Years,40,20,20,5,2,3,1,0,1,0,0,0,34,18,16
HUDSPETH COUNTY,229,44 Years,50,25,25,6,2,4,0,0,0,0,0,0,44,23,21
HUDSPETH COUNTY,229,45 Years,42,20,22,6,2,4,1,1,0,0,0,0,35,17,18
HUDSPETH COUNTY,229,46 Years,46,26,20,10,6,4,0,0,0,1,1,0,35,19,16
HUDSPETH COUNTY,229,47 Years,33,18,15,6,3,3,0,0,0,0,0,0,27,15,12
HUDSPETH COUNTY,229,48 Years,38,16,22,7,3,4,0,0,0,0,0,0,31,13,18
HUDSPETH COUNTY,229,49 Years,42,22,20,5,3,2,2,2,0,1,1,0,34,16,18
HUDSPETH COUNTY,229,50 Years,46,26,20,9,7,2,2,1,1,1,1,0,34,17,17
HUDSPETH COUNTY,229,51 Years,53,28,25,11,7,4,1,0,1,1,1,0,40,20,20
HUDSPETH COUNTY,229,52 Years,55,31,24,13,10,3,0,0,0,1,0,1,41,21,20
HUDSPETH COUNTY,229,53 Years,50,24,26,11,6,5,1,0,1,0,0,0,38,18,20
HUDSPETH COUNTY,229,54 Years,51,27,24,14,6,8,0,0,0,0,0,0,37,21,16
HUDSPETH COUNTY,229,55 Years,53,25,28,17,7,10,0,0,0,1,0,1,35,18,17
HUDSPETH COUNTY,229,56 Years,52,21,31,15,6,9,0,0,0,3,1,2,34,14,20
HUDSPETH COUNTY,229,57 Years,56,26,30,20,11,9,0,0,0,0,0,0,36,15,21
HUDSPETH COUNTY,229,58 Years,48,20,28,19,10,9,0,0,0,0,0,0,29,10,19
HUDSPETH COUNTY,229,59 Years,48,26,22,13,9,4,0,0,0,0,0,0,35,17,18
HUDSPETH COUNTY,229,60 Years,46,22,24,13,8,5,0,0,0,0,0,0,33,14,19
HUDSPETH COUNTY,229,61 Years,39,21,18,12,7,5,0,0,0,1,1,0,26,13,13
HUDSPETH COUNTY,229,62 Years,38,19,19,11,8,3,0,0,0,2,0,2,25,11,14
HUDSPETH COUNTY,229,63 Years,39,18,21,15,8,7,0,0,0,1,0,1,23,10,13
HUDSPETH COUNTY,229,64 Years,38,21,17,9,6,3,1,1,0,0,0,0,28,14,14
HUDSPETH COUNTY,229,65 Years,40,18,22,11,7,4,1,1,0,0,0,0,28,10,18
HUDSPETH COUNTY,229,66 Years,42,24,18,17,11,6,0,0,0,3,1,2,22,12,10
HUDSPETH COUNTY,229,67 Years,34,21,13,12,7,5,0,0,0,0,0,0,22,14,8
HUDSPETH COUNTY,229,68 Years,38,23,15,8,7,1,0,0,0,0,0,0,30,16,14
HUDSPETH COUNTY,229,69 Years,33,18,15,10,4,6,0,0,0,0,0,0,23,14,9
HUDSPETH COUNTY,229,70 Years,28,19,9,10,5,5,0,0,0,0,0,0,18,14,4
HUDSPETH COUNTY,229,71 Years,26,12,14,10,4,6,0,0,0,0,0,0,16,8,8
HUDSPETH COUNTY,229,72 Years,33,18,15,14,8,6,1,1,0,0,0,0,18,9,9
HUDSPETH COUNTY,229,73 Years,35,17,18,16,9,7,0,0,0,0,0,0,19,8,11
HUDSPETH COUNTY,229,74 Years,24,14,10,12,9,3,0,0,0,0,0,0,12,5,7
HUDSPETH COUNTY,229,75 Years,25,14,11,9,7,2,0,0,0,0,0,0,16,7,9
HUDSPETH COUNTY,229,76 Years,20,12,8,5,3,2,0,0,0,1,0,1,14,9,5
HUDSPETH COUNTY,229,77 Years,21,12,9,5,2,3,0,0,0,0,0,0,16,10,6
HUDSPETH COUNTY,229,78 Years,16,6,10,3,0,3,0,0,0,0,0,0,13,6,7
HUDSPETH COUNTY,229,79 Years,14,7,7,4,2,2,0,0,0,1,1,0,9,4,5
HUDSPETH COUNTY,229,80 Years,19,6,13,7,1,6,0,0,0,0,0,0,12,5,7
HUDSPETH COUNTY,229,81 Years,17,9,8,5,2,3,0,0,0,0,0,0,12,7,5
HUDSPETH COUNTY,229,82 Years,13,6,7,3,1,2,0,0,0,0,0,0,10,5,5
HUDSPETH COUNTY,229,83 Years,14,7,7,3,2,1,0,0,0,0,0,0,11,5,6
HUDSPETH COUNTY,229,84 Years,17,10,7,4,2,2,0,0,0,0,0,0,13,8,5
HUDSPETH COUNTY,229,85 Years +,47,24,23,17,11,6,0,0,0,0,0,0,30,13,17
HUNT COUNTY,231,All Ages,88451,43586,44865,64247,31289,32958,7295,3508,3787,3476,1706,1770,13433,7083,6350
HUNT COUNTY,231,< 1 Year,1085,552,533,689,356,333,114,56,58,58,29,29,224,111,113
HUNT COUNTY,231,1 Years,1074,546,528,698,355,343,114,58,56,48,24,24,214,109,105
HUNT COUNTY,231,2 Years,1065,543,522,697,355,342,109,55,54,49,25,24,210,108,102
HUNT COUNTY,231,3 Years,1073,550,523,638,326,312,102,51,51,64,34,30,269,139,130
HUNT COUNTY,231,4 Years,1085,566,519,648,333,315,89,49,40,62,35,27,286,149,137
HUNT COUNTY,231,5 Years,1172,603,569,678,346,332,103,53,50,72,40,32,319,164,155
HUNT COUNTY,231,6 Years,1187,626,561,717,378,339,93,52,41,69,34,35,308,162,146
HUNT COUNTY,231,7 Years,1234,646,588,753,400,353,108,51,57,62,34,28,311,161,150
HUNT COUNTY,231,8 Years,1170,590,580,701,345,356,105,58,47,60,32,28,304,155,149
HUNT COUNTY,231,9 Years,1204,633,571,742,395,347,99,60,39,57,30,27,306,148,158
HUNT COUNTY,231,10 Years,1247,647,600,770,405,365,110,60,50,55,28,27,312,154,158
HUNT COUNTY,231,11 Years,1308,661,647,811,399,412,113,61,52,59,31,28,325,170,155
HUNT COUNTY,231,12 Years,1298,640,658,806,393,413,99,48,51,58,31,27,335,168,167
HUNT COUNTY,231,13 Years,1311,695,616,812,428,384,117,69,48,69,36,33,313,162,151
HUNT COUNTY,231,14 Years,1299,668,631,827,421,406,98,58,40,68,34,34,306,155,151
HUNT COUNTY,231,15 Years,1255,645,610,810,416,394,100,49,51,61,33,28,284,147,137
HUNT COUNTY,231,16 Years,1271,666,605,817,422,395,107,66,41,60,29,31,287,149,138
HUNT COUNTY,231,17 Years,1346,708,638,837,431,406,151,86,65,67,34,33,291,157,134
HUNT COUNTY,231,18 Years,1404,754,650,858,447,411,200,113,87,70,37,33,276,157,119
HUNT COUNTY,231,19 Years,1471,745,726,899,466,433,207,85,122,69,34,35,296,160,136
HUNT COUNTY,231,20 Years,1309,669,640,842,429,413,146,82,64,54,23,31,267,135,132
HUNT COUNTY,231,21 Years,1390,662,728,891,419,472,176,75,101,67,33,34,256,135,121
HUNT COUNTY,231,22 Years,1378,669,709,858,396,462,172,79,93,97,55,42,251,139,112
HUNT COUNTY,231,23 Years,1364,622,742,879,377,502,143,66,77,115,56,59,227,123,104
HUNT COUNTY,231,24 Years,1321,633,688,813,360,453,164,76,88,116,65,51,228,132,96
HUNT COUNTY,231,25 Years,1077,543,534,685,336,349,127,49,78,73,39,34,192,119,73
HUNT COUNTY,231,26 Years,1057,562,495,681,358,323,118,57,61,58,26,32,200,121,79
HUNT COUNTY,231,27 Years,1016,555,461,662,359,303,96,49,47,50,25,25,208,122,86
HUNT COUNTY,231,28 Years,982,520,462,636,332,304,92,54,38,43,20,23,211,114,97
HUNT COUNTY,231,29 Years,945,449,496,614,277,337,92,44,48,39,18,21,200,110,90
HUNT COUNTY,231,30 Years,963,503,460,648,331,317,79,43,36,35,17,18,201,112,89
HUNT COUNTY,231,31 Years,935,443,492,608,287,321,81,36,45,35,13,22,211,107,104
HUNT COUNTY,231,32 Years,996,492,504,682,329,353,64,34,30,30,14,16,220,115,105
HUNT COUNTY,231,33 Years,996,483,513,680,317,363,83,37,46,28,15,13,205,114,91
HUNT COUNTY,231,34 Years,934,453,481,650,317,333,77,29,48,37,21,16,170,86,84
HUNT COUNTY,231,35 Years,973,445,528,679,304,375,89,36,53,39,19,20,166,86,80
HUNT COUNTY,231,36 Years,970,469,501,683,316,367,67,29,38,38,17,21,182,107,75
HUNT COUNTY,231,37 Years,975,484,491,652,315,337,80,35,45,38,16,22,205,118,87
HUNT COUNTY,231,38 Years,980,498,482,642,333,309,77,29,48,47,21,26,214,115,99
HUNT COUNTY,231,39 Years,1008,494,514,677,348,329,84,35,49,45,17,28,202,94,108
HUNT COUNTY,231,40 Years,1074,523,551,751,370,381,86,42,44,37,14,23,200,97,103
HUNT COUNTY,231,41 Years,1096,530,566,796,381,415,90,44,46,38,17,21,172,88,84
HUNT COUNTY,231,42 Years,1075,515,560,791,375,416,88,37,51,33,16,17,163,87,76
HUNT COUNTY,231,43 Years,1135,569,566,837,431,406,96,38,58,33,20,13,169,80,89
HUNT COUNTY,231,44 Years,1109,552,557,834,412,422,68,31,37,28,15,13,179,94,85
HUNT COUNTY,231,45 Years,1090,544,546,826,414,412,68,36,32,31,12,19,165,82,83
HUNT COUNTY,231,46 Years,1093,534,559,826,398,428,81,44,37,36,15,21,150,77,73
HUNT COUNTY,231,47 Years,1145,556,589,867,419,448,95,44,51,37,15,22,146,78,68
HUNT COUNTY,231,48 Years,1243,612,631,954,456,498,111,56,55,44,25,19,134,75,59
HUNT COUNTY,231,49 Years,1305,640,665,1003,478,525,107,58,49,41,21,20,154,83,71
HUNT COUNTY,231,50 Years,1299,623,676,1005,484,521,101,45,56,49,21,28,144,73,71
HUNT COUNTY,231,51 Years,1327,645,682,1062,504,558,82,38,44,46,25,21,137,78,59
HUNT COUNTY,231,52 Years,1338,660,678,1083,536,547,83,34,49,46,21,25,126,69,57
HUNT COUNTY,231,53 Years,1294,658,636,1060,542,518,91,40,51,29,12,17,114,64,50
HUNT COUNTY,231,54 Years,1259,623,636,1035,512,523,98,47,51,29,13,16,97,51,46
HUNT COUNTY,231,55 Years,1156,574,582,948,462,486,87,44,43,31,15,16,90,53,37
HUNT COUNTY,231,56 Years,1185,579,606,987,476,511,80,40,40,32,17,15,86,46,40
HUNT COUNTY,231,57 Years,1185,605,580,986,497,489,91,43,48,29,17,12,79,48,31
HUNT COUNTY,231,58 Years,1223,624,599,1020,511,509,87,45,42,26,15,11,90,53,37
HUNT COUNTY,231,59 Years,1162,582,580,992,497,495,74,34,40,29,12,17,67,39,28
HUNT COUNTY,231,60 Years,1080,524,556,921,445,476,76,32,44,28,11,17,55,36,19
HUNT COUNTY,231,61 Years,1003,489,514,842,408,434,75,36,39,23,7,16,63,38,25
HUNT COUNTY,231,62 Years,994,468,526,838,401,437,68,29,39,26,6,20,62,32,30
HUNT COUNTY,231,63 Years,999,484,515,839,415,424,70,30,40,34,14,20,56,25,31
HUNT COUNTY,231,64 Years,991,481,510,838,412,426,64,30,34,33,16,17,56,23,33
HUNT COUNTY,231,65 Years,1002,486,516,853,418,435,64,28,36,31,11,20,54,29,25
HUNT COUNTY,231,66 Years,989,490,499,860,435,425,57,24,33,23,7,16,49,24,25
HUNT COUNTY,231,67 Years,831,395,436,708,333,375,61,30,31,21,11,10,41,21,20
HUNT COUNTY,231,68 Years,819,393,426,713,341,372,48,23,25,23,11,12,35,18,17
HUNT COUNTY,231,69 Years,805,390,415,716,350,366,40,19,21,19,8,11,30,13,17
HUNT COUNTY,231,70 Years,796,368,428,699,334,365,46,17,29,21,8,13,30,9,21
HUNT COUNTY,231,71 Years,760,354,406,679,319,360,34,13,21,18,7,11,29,15,14
HUNT COUNTY,231,72 Years,701,319,382,623,279,344,30,15,15,24,12,12,24,13,11
HUNT COUNTY,231,73 Years,630,295,335,567,261,306,26,14,12,18,11,7,19,9,10
HUNT COUNTY,231,74 Years,612,298,314,549,266,283,30,16,14,15,8,7,18,8,10
HUNT COUNTY,231,75 Years,569,276,293,507,245,262,28,12,16,16,10,6,18,9,9
HUNT COUNTY,231,76 Years,523,249,274,466,221,245,28,12,16,10,6,4,19,10,9
HUNT COUNTY,231,77 Years,531,233,298,467,210,257,31,10,21,9,4,5,24,9,15
HUNT COUNTY,231,78 Years,467,197,270,408,174,234,29,10,19,12,6,6,18,7,11
HUNT COUNTY,231,79 Years,410,156,254,370,143,227,24,7,17,7,3,4,9,3,6
HUNT COUNTY,231,80 Years,386,166,220,353,153,200,21,7,14,3,1,2,9,5,4
HUNT COUNTY,231,81 Years,362,160,202,331,151,180,19,6,13,4,1,3,8,2,6
HUNT COUNTY,231,82 Years,328,144,184,298,132,166,16,5,11,7,4,3,7,3,4
HUNT COUNTY,231,83 Years,287,121,166,261,112,149,17,5,12,4,2,2,5,2,3
HUNT COUNTY,231,84 Years,253,97,156,233,90,143,13,5,8,4,2,2,3,0,3
HUNT COUNTY,231,85 Years +,1402,473,929,1275,429,846,71,21,50,18,7,11,38,16,22
HUTCHINSON COUNTY,233,All Ages,21735,10901,10834,15868,7884,7984,503,277,226,800,397,403,4564,2343,2221
HUTCHINSON COUNTY,233,< 1 Year,291,152,139,196,102,94,4,3,1,11,6,5,80,41,39
HUTCHINSON COUNTY,233,1 Years,289,148,141,197,101,96,5,3,2,10,5,5,77,39,38
HUTCHINSON COUNTY,233,2 Years,295,151,144,202,103,99,5,3,2,11,6,5,77,39,38
HUTCHINSON COUNTY,233,3 Years,308,158,150,194,104,90,5,3,2,17,10,7,92,41,51
HUTCHINSON COUNTY,233,4 Years,312,160,152,194,105,89,5,3,2,17,9,8,96,43,53
HUTCHINSON COUNTY,233,5 Years,340,184,156,212,114,98,5,2,3,12,6,6,111,62,49
HUTCHINSON COUNTY,233,6 Years,313,155,158,189,96,93,6,3,3,15,4,11,103,52,51
HUTCHINSON COUNTY,233,7 Years,298,142,156,162,78,84,6,2,4,20,7,13,110,55,55
HUTCHINSON COUNTY,233,8 Years,330,158,172,199,98,101,4,2,2,18,9,9,109,49,60
HUTCHINSON COUNTY,233,9 Years,307,150,157,172,83,89,3,1,2,18,10,8,114,56,58
HUTCHINSON COUNTY,233,10 Years,314,163,151,176,92,84,5,2,3,16,12,4,117,57,60
HUTCHINSON COUNTY,233,11 Years,321,166,155,199,102,97,7,4,3,15,11,4,100,49,51
HUTCHINSON COUNTY,233,12 Years,324,178,146,200,114,86,10,5,5,14,10,4,100,49,51
HUTCHINSON COUNTY,233,13 Years,316,160,156,194,100,94,10,5,5,11,6,5,101,49,52
HUTCHINSON COUNTY,233,14 Years,317,160,157,205,105,100,9,5,4,14,7,7,89,43,46
HUTCHINSON COUNTY,233,15 Years,304,155,149,200,101,99,5,4,1,13,5,8,86,45,41
HUTCHINSON COUNTY,233,16 Years,312,152,160,203,104,99,9,5,4,11,4,7,89,39,50
HUTCHINSON COUNTY,233,17 Years,318,153,165,209,102,107,8,3,5,17,9,8,84,39,45
HUTCHINSON COUNTY,233,18 Years,327,172,155,213,110,103,8,6,2,13,5,8,93,51,42
HUTCHINSON COUNTY,233,19 Years,269,144,125,173,91,82,7,6,1,10,3,7,79,44,35
HUTCHINSON COUNTY,233,20 Years,269,148,121,174,90,84,10,6,4,9,6,3,76,46,30
HUTCHINSON COUNTY,233,21 Years,258,137,121,172,93,79,7,2,5,12,7,5,67,35,32
HUTCHINSON COUNTY,233,22 Years,244,128,116,157,88,69,10,5,5,7,4,3,70,31,39
HUTCHINSON COUNTY,233,23 Years,234,114,120,147,76,71,8,6,2,9,5,4,70,27,43
HUTCHINSON COUNTY,233,24 Years,231,104,127,145,67,78,5,4,1,12,6,6,69,27,42
HUTCHINSON COUNTY,233,25 Years,232,112,120,162,82,80,5,2,3,8,3,5,57,25,32
HUTCHINSON COUNTY,233,26 Years,220,106,114,151,68,83,5,2,3,7,3,4,57,33,24
HUTCHINSON COUNTY,233,27 Years,237,121,116,164,82,82,4,1,3,9,4,5,60,34,26
HUTCHINSON COUNTY,233,28 Years,237,118,119,158,73,85,6,4,2,9,4,5,64,37,27
HUTCHINSON COUNTY,233,29 Years,235,125,110,159,81,78,8,7,1,9,5,4,59,32,27
HUTCHINSON COUNTY,233,30 Years,273,139,134,188,94,94,7,5,2,8,4,4,70,36,34
HUTCHINSON COUNTY,233,31 Years,252,130,122,163,79,84,7,5,2,9,6,3,73,40,33
HUTCHINSON COUNTY,233,32 Years,240,130,110,159,81,78,6,5,1,8,5,3,67,39,28
HUTCHINSON COUNTY,233,33 Years,258,132,126,180,91,89,6,3,3,6,3,3,66,35,31
HUTCHINSON COUNTY,233,34 Years,268,133,135,184,95,89,6,3,3,9,5,4,69,30,39
HUTCHINSON COUNTY,233,35 Years,273,136,137,187,93,94,9,5,4,13,4,9,64,34,30
HUTCHINSON COUNTY,233,36 Years,273,135,138,186,88,98,9,7,2,8,4,4,70,36,34
HUTCHINSON COUNTY,233,37 Years,252,134,118,176,91,85,6,4,2,9,6,3,61,33,28
HUTCHINSON COUNTY,233,38 Years,267,137,130,184,90,94,8,4,4,8,4,4,67,39,28
HUTCHINSON COUNTY,233,39 Years,255,126,129,174,80,94,6,4,2,6,3,3,69,39,30
HUTCHINSON COUNTY,233,40 Years,273,138,135,189,92,97,8,5,3,7,4,3,69,37,32
HUTCHINSON COUNTY,233,41 Years,258,124,134,183,85,98,10,4,6,9,6,3,56,29,27
HUTCHINSON COUNTY,233,42 Years,249,122,127,177,87,90,5,2,3,8,4,4,59,29,30
HUTCHINSON COUNTY,233,43 Years,257,122,135,195,91,104,2,1,1,7,4,3,53,26,27
HUTCHINSON COUNTY,233,44 Years,245,121,124,172,78,94,5,4,1,10,7,3,58,32,26
HUTCHINSON COUNTY,233,45 Years,237,119,118,171,84,87,4,2,2,9,4,5,53,29,24
HUTCHINSON COUNTY,233,46 Years,236,126,110,171,90,81,5,0,5,8,4,4,52,32,20
HUTCHINSON COUNTY,233,47 Years,223,115,108,165,86,79,5,2,3,11,6,5,42,21,21
HUTCHINSON COUNTY,233,48 Years,233,119,114,176,86,90,9,6,3,6,4,2,42,23,19
HUTCHINSON COUNTY,233,49 Years,276,129,147,207,99,108,4,2,2,12,5,7,53,23,30
HUTCHINSON COUNTY,233,50 Years,281,142,139,211,107,104,6,3,3,11,5,6,53,27,26
HUTCHINSON COUNTY,233,51 Years,306,158,148,244,122,122,6,3,3,9,5,4,47,28,19
HUTCHINSON COUNTY,233,52 Years,326,167,159,261,132,129,5,2,3,15,7,8,45,26,19
HUTCHINSON COUNTY,233,53 Years,319,172,147,250,125,125,10,5,5,12,9,3,47,33,14
HUTCHINSON COUNTY,233,54 Years,321,161,160,260,132,128,9,4,5,9,3,6,43,22,21
HUTCHINSON COUNTY,233,55 Years,335,166,169,275,139,136,8,5,3,8,3,5,44,19,25
HUTCHINSON COUNTY,233,56 Years,357,185,172,289,149,140,10,6,4,7,4,3,51,26,25
HUTCHINSON COUNTY,233,57 Years,325,168,157,268,138,130,13,7,6,10,5,5,34,18,16
HUTCHINSON COUNTY,233,58 Years,337,175,162,283,145,138,15,8,7,10,5,5,29,17,12
HUTCHINSON COUNTY,233,59 Years,330,173,157,274,141,133,11,4,7,13,6,7,32,22,10
HUTCHINSON COUNTY,233,60 Years,325,156,169,269,132,137,7,3,4,15,5,10,34,16,18
HUTCHINSON COUNTY,233,61 Years,290,145,145,243,123,120,6,4,2,10,3,7,31,15,16
HUTCHINSON COUNTY,233,62 Years,306,153,153,259,129,130,4,2,2,10,4,6,33,18,15
HUTCHINSON COUNTY,233,63 Years,261,138,123,221,116,105,5,2,3,7,2,5,28,18,10
HUTCHINSON COUNTY,233,64 Years,238,122,116,204,107,97,8,5,3,4,0,4,22,10,12
HUTCHINSON COUNTY,233,65 Years,251,128,123,212,107,105,7,4,3,5,2,3,27,15,12
HUTCHINSON COUNTY,233,66 Years,215,109,106,189,96,93,6,4,2,3,1,2,17,8,9
HUTCHINSON COUNTY,233,67 Years,190,92,98,166,80,86,4,3,1,2,1,1,18,8,10
HUTCHINSON COUNTY,233,68 Years,188,93,95,163,80,83,4,3,1,5,1,4,16,9,7
HUTCHINSON COUNTY,233,69 Years,189,101,88,161,89,72,2,1,1,8,3,5,18,8,10
HUTCHINSON COUNTY,233,70 Years,167,84,83,147,73,74,3,2,1,4,1,3,13,8,5
HUTCHINSON COUNTY,233,71 Years,164,71,93,145,60,85,7,5,2,2,1,1,10,5,5
HUTCHINSON COUNTY,233,72 Years,144,76,68,126,65,61,3,2,1,3,1,2,12,8,4
HUTCHINSON COUNTY,233,73 Years,153,80,73,129,66,63,2,1,1,11,6,5,11,7,4
HUTCHINSON COUNTY,233,74 Years,142,62,80,126,52,74,2,0,2,7,5,2,7,5,2
HUTCHINSON COUNTY,233,75 Years,121,52,69,110,46,64,1,0,1,6,4,2,4,2,2
HUTCHINSON COUNTY,233,76 Years,133,64,69,120,56,64,1,0,1,6,4,2,6,4,2
HUTCHINSON COUNTY,233,77 Years,129,64,65,113,58,55,2,0,2,7,3,4,7,3,4
HUTCHINSON COUNTY,233,78 Years,113,49,64,102,44,58,1,1,0,3,2,1,7,2,5
HUTCHINSON COUNTY,233,79 Years,111,50,61,99,44,55,1,1,0,3,1,2,8,4,4
HUTCHINSON COUNTY,233,80 Years,119,50,69,104,42,62,2,1,1,4,1,3,9,6,3
HUTCHINSON COUNTY,233,81 Years,112,47,65,100,42,58,2,0,2,3,1,2,7,4,3
HUTCHINSON COUNTY,233,82 Years,102,42,60,93,37,56,2,1,1,2,1,1,5,3,2
HUTCHINSON COUNTY,233,83 Years,100,43,57,94,39,55,0,0,0,3,1,2,3,3,0
HUTCHINSON COUNTY,233,84 Years,92,40,52,86,36,50,0,0,0,2,2,0,4,2,2
HUTCHINSON COUNTY,233,85 Years +,443,182,261,407,170,237,7,3,4,16,6,10,13,3,10
IRION COUNTY,235,All Ages,1724,868,856,1225,616,609,11,6,5,31,13,18,457,233,224
IRION COUNTY,235,< 1 Year,22,11,11,12,6,6,0,0,0,0,0,0,10,5,5
IRION COUNTY,235,1 Years,22,11,11,12,6,6,0,0,0,0,0,0,10,5,5
IRION COUNTY,235,2 Years,21,11,10,11,6,5,0,0,0,0,0,0,10,5,5
IRION COUNTY,235,3 Years,16,8,8,11,5,6,0,0,0,0,0,0,5,3,2
IRION COUNTY,235,4 Years,17,10,7,11,5,6,0,0,0,1,1,0,5,4,1
IRION COUNTY,235,5 Years,15,7,8,9,6,3,0,0,0,1,0,1,5,1,4
IRION COUNTY,235,6 Years,13,7,6,6,3,3,0,0,0,1,0,1,6,4,2
IRION COUNTY,235,7 Years,12,7,5,7,3,4,0,0,0,0,0,0,5,4,1
IRION COUNTY,235,8 Years,13,6,7,7,2,5,0,0,0,1,1,0,5,3,2
IRION COUNTY,235,9 Years,20,8,12,14,5,9,0,0,0,0,0,0,6,3,3
IRION COUNTY,235,10 Years,19,11,8,9,5,4,1,0,1,1,1,0,8,5,3
IRION COUNTY,235,11 Years,24,15,9,17,11,6,0,0,0,1,0,1,6,4,2
IRION COUNTY,235,12 Years,17,10,7,13,7,6,0,0,0,0,0,0,4,3,1
IRION COUNTY,235,13 Years,23,13,10,16,10,6,0,0,0,0,0,0,7,3,4
IRION COUNTY,235,14 Years,22,10,12,14,6,8,0,0,0,0,0,0,8,4,4
IRION COUNTY,235,15 Years,18,8,10,12,5,7,0,0,0,1,0,1,5,3,2
IRION COUNTY,235,16 Years,29,14,15,18,8,10,0,0,0,0,0,0,11,6,5
IRION COUNTY,235,17 Years,31,17,14,20,12,8,0,0,0,0,0,0,11,5,6
IRION COUNTY,235,18 Years,29,15,14,14,7,7,1,1,0,0,0,0,14,7,7
IRION COUNTY,235,19 Years,28,15,13,16,7,9,1,1,0,0,0,0,11,7,4
IRION COUNTY,235,20 Years,28,14,14,17,8,9,1,1,0,0,0,0,10,5,5
IRION COUNTY,235,21 Years,29,15,14,16,9,7,1,1,0,0,0,0,12,5,7
IRION COUNTY,235,22 Years,20,13,7,10,8,2,0,0,0,1,0,1,9,5,4
IRION COUNTY,235,23 Years,10,7,3,6,5,1,0,0,0,0,0,0,4,2,2
IRION COUNTY,235,24 Years,17,11,6,11,7,4,0,0,0,1,0,1,5,4,1
IRION COUNTY,235,25 Years,11,5,6,7,4,3,0,0,0,1,0,1,3,1,2
IRION COUNTY,235,26 Years,15,6,9,9,4,5,0,0,0,0,0,0,6,2,4
IRION COUNTY,235,27 Years,15,9,6,11,8,3,0,0,0,1,0,1,3,1,2
IRION COUNTY,235,28 Years,19,10,9,14,6,8,0,0,0,1,0,1,4,4,0
IRION COUNTY,235,29 Years,19,10,9,14,7,7,0,0,0,0,0,0,5,3,2
IRION COUNTY,235,30 Years,10,6,4,8,6,2,0,0,0,0,0,0,2,0,2
IRION COUNTY,235,31 Years,9,4,5,7,3,4,0,0,0,0,0,0,2,1,1
IRION COUNTY,235,32 Years,12,7,5,9,5,4,0,0,0,1,1,0,2,1,1
IRION COUNTY,235,33 Years,9,4,5,6,3,3,0,0,0,1,1,0,2,0,2
IRION COUNTY,235,34 Years,11,6,5,8,4,4,0,0,0,0,0,0,3,2,1
IRION COUNTY,235,35 Years,20,8,12,15,6,9,0,0,0,0,0,0,5,2,3
IRION COUNTY,235,36 Years,18,7,11,11,5,6,0,0,0,1,0,1,6,2,4
IRION COUNTY,235,37 Years,13,5,8,7,3,4,0,0,0,0,0,0,6,2,4
IRION COUNTY,235,38 Years,16,9,7,11,7,4,0,0,0,1,1,0,4,1,3
IRION COUNTY,235,39 Years,17,9,8,13,8,5,0,0,0,0,0,0,4,1,3
IRION COUNTY,235,40 Years,18,9,9,16,8,8,0,0,0,0,0,0,2,1,1
IRION COUNTY,235,41 Years,22,14,8,18,12,6,0,0,0,1,0,1,3,2,1
IRION COUNTY,235,42 Years,17,9,8,11,6,5,0,0,0,1,0,1,5,3,2
IRION COUNTY,235,43 Years,23,7,16,19,6,13,0,0,0,0,0,0,4,1,3
IRION COUNTY,235,44 Years,26,10,16,21,7,14,0,0,0,0,0,0,5,3,2
IRION COUNTY,235,45 Years,20,11,9,15,7,8,0,0,0,0,0,0,5,4,1
IRION COUNTY,235,46 Years,21,10,11,13,7,6,0,0,0,0,0,0,8,3,5
IRION COUNTY,235,47 Years,17,9,8,9,5,4,0,0,0,0,0,0,8,4,4
IRION COUNTY,235,48 Years,30,14,16,23,12,11,0,0,0,0,0,0,7,2,5
IRION COUNTY,235,49 Years,30,16,14,21,12,9,0,0,0,1,0,1,8,4,4
IRION COUNTY,235,50 Years,31,17,14,23,12,11,1,1,0,1,0,1,6,4,2
IRION COUNTY,235,51 Years,30,13,17,24,8,16,0,0,0,1,1,0,5,4,1
IRION COUNTY,235,52 Years,30,12,18,23,9,14,0,0,0,2,0,2,5,3,2
IRION COUNTY,235,53 Years,32,19,13,26,16,10,0,0,0,0,0,0,6,3,3
IRION COUNTY,235,54 Years,33,19,14,27,16,11,0,0,0,0,0,0,6,3,3
IRION COUNTY,235,55 Years,34,18,16,28,16,12,0,0,0,1,1,0,5,1,4
IRION COUNTY,235,56 Years,35,13,22,25,12,13,0,0,0,0,0,0,10,1,9
IRION COUNTY,235,57 Years,27,15,12,13,9,4,1,0,1,0,0,0,13,6,7
IRION COUNTY,235,58 Years,20,9,11,14,6,8,1,0,1,0,0,0,5,3,2
IRION COUNTY,235,59 Years,22,9,13,17,5,12,0,0,0,0,0,0,5,4,1
IRION COUNTY,235,60 Years,27,11,16,22,8,14,0,0,0,0,0,0,5,3,2
IRION COUNTY,235,61 Years,21,9,12,18,8,10,0,0,0,0,0,0,3,1,2
IRION COUNTY,235,62 Years,15,9,6,12,8,4,0,0,0,0,0,0,3,1,2
IRION COUNTY,235,63 Years,25,13,12,20,9,11,0,0,0,0,0,0,5,4,1
IRION COUNTY,235,64 Years,23,13,10,20,10,10,0,0,0,0,0,0,3,3,0
IRION COUNTY,235,65 Years,30,18,12,23,14,9,0,0,0,1,1,0,6,3,3
IRION COUNTY,235,66 Years,27,15,12,19,9,10,0,0,0,0,0,0,8,6,2
IRION COUNTY,235,67 Years,16,7,9,9,4,5,0,0,0,1,0,1,6,3,3
IRION COUNTY,235,68 Years,16,5,11,14,4,10,0,0,0,0,0,0,2,1,1
IRION COUNTY,235,69 Years,25,12,13,19,9,10,0,0,0,2,1,1,4,2,2
IRION COUNTY,235,70 Years,20,11,9,16,9,7,1,1,0,1,1,0,2,0,2
IRION COUNTY,235,71 Years,23,14,9,20,13,7,0,0,0,0,0,0,3,1,2
IRION COUNTY,235,72 Years,26,15,11,25,15,10,0,0,0,0,0,0,1,0,1
IRION COUNTY,235,73 Years,16,7,9,14,7,7,1,0,1,0,0,0,1,0,1
IRION COUNTY,235,74 Years,16,6,10,14,6,8,1,0,1,0,0,0,1,0,1
IRION COUNTY,235,75 Years,12,8,4,10,6,4,0,0,0,0,0,0,2,2,0
IRION COUNTY,235,76 Years,9,6,3,5,3,2,0,0,0,0,0,0,4,3,1
IRION COUNTY,235,77 Years,12,5,7,8,3,5,0,0,0,0,0,0,4,2,2
IRION COUNTY,235,78 Years,14,5,9,11,4,7,0,0,0,0,0,0,3,1,2
IRION COUNTY,235,79 Years,14,6,8,9,3,6,0,0,0,0,0,0,5,3,2
IRION COUNTY,235,80 Years,13,8,5,11,7,4,0,0,0,0,0,0,2,1,1
IRION COUNTY,235,81 Years,15,8,7,12,6,6,0,0,0,0,0,0,3,2,1
IRION COUNTY,235,82 Years,11,3,8,9,2,7,0,0,0,0,0,0,2,1,1
IRION COUNTY,235,83 Years,8,3,5,7,2,5,0,0,0,0,0,0,1,1,0
IRION COUNTY,235,84 Years,8,5,3,7,4,3,0,0,0,0,0,0,1,1,0
IRION COUNTY,235,85 Years +,35,14,21,26,11,15,0,0,0,2,2,0,7,1,6
JACK COUNTY,237,All Ages,9110,5089,4021,7266,3884,3382,326,295,31,133,69,64,1385,841,544
JACK COUNTY,237,< 1 Year,96,48,48,73,36,37,0,0,0,2,1,1,21,11,10
JACK COUNTY,237,1 Years,97,51,46,74,38,36,0,0,0,1,1,0,22,12,10
JACK COUNTY,237,2 Years,93,48,45,71,36,35,0,0,0,1,1,0,21,11,10
JACK COUNTY,237,3 Years,96,41,55,66,25,41,2,0,2,2,2,0,26,14,12
JACK COUNTY,237,4 Years,91,44,47,59,25,34,1,0,1,2,1,1,29,18,11
JACK COUNTY,237,5 Years,91,51,40,62,33,29,0,0,0,1,1,0,28,17,11
JACK COUNTY,237,6 Years,102,60,42,71,42,29,1,1,0,4,2,2,26,15,11
JACK COUNTY,237,7 Years,103,58,45,73,42,31,1,1,0,5,4,1,24,11,13
JACK COUNTY,237,8 Years,99,56,43,67,43,24,0,0,0,1,0,1,31,13,18
JACK COUNTY,237,9 Years,99,53,46,70,39,31,2,2,0,1,0,1,26,12,14
JACK COUNTY,237,10 Years,108,53,55,80,38,42,2,2,0,1,1,0,25,12,13
JACK COUNTY,237,11 Years,105,49,56,85,39,46,2,1,1,1,1,0,17,8,9
JACK COUNTY,237,12 Years,111,53,58,90,43,47,1,0,1,1,0,1,19,10,9
JACK COUNTY,237,13 Years,133,72,61,102,54,48,2,2,0,0,0,0,29,16,13
JACK COUNTY,237,14 Years,126,63,63,98,49,49,2,1,1,1,0,1,25,13,12
JACK COUNTY,237,15 Years,117,57,60,92,47,45,0,0,0,2,1,1,23,9,14
JACK COUNTY,237,16 Years,122,56,66,96,46,50,3,0,3,3,0,3,20,10,10
JACK COUNTY,237,17 Years,116,52,64,94,42,52,1,0,1,1,0,1,20,10,10
JACK COUNTY,237,18 Years,115,60,55,90,48,42,1,1,0,3,2,1,21,9,12
JACK COUNTY,237,19 Years,138,88,50,94,59,35,10,10,0,2,1,1,32,18,14
JACK COUNTY,237,20 Years,144,95,49,100,62,38,6,6,0,2,2,0,36,25,11
JACK COUNTY,237,21 Years,140,93,47,93,56,37,12,12,0,2,2,0,33,23,10
JACK COUNTY,237,22 Years,132,88,44,88,54,34,13,13,0,1,0,1,30,21,9
JACK COUNTY,237,23 Years,127,86,41,83,53,30,12,12,0,1,0,1,31,21,10
JACK COUNTY,237,24 Years,122,82,40,81,52,29,3,3,0,2,1,1,36,26,10
JACK COUNTY,237,25 Years,149,94,55,94,54,40,10,10,0,4,2,2,41,28,13
JACK COUNTY,237,26 Years,124,86,38,82,51,31,9,8,1,1,1,0,32,26,6
JACK COUNTY,237,27 Years,141,97,44,105,72,33,10,10,0,1,1,0,25,14,11
JACK COUNTY,237,28 Years,124,85,39,89,59,30,9,9,0,1,0,1,25,17,8
JACK COUNTY,237,29 Years,126,93,33,85,57,28,15,15,0,2,2,0,24,19,5
JACK COUNTY,237,30 Years,106,71,35,74,46,28,9,8,1,2,1,1,21,16,5
JACK COUNTY,237,31 Years,100,66,34,72,46,26,7,6,1,0,0,0,21,14,7
JACK COUNTY,237,32 Years,113,72,41,75,43,32,14,14,0,1,0,1,23,15,8
JACK COUNTY,237,33 Years,100,64,36,68,43,25,11,10,1,1,0,1,20,11,9
JACK COUNTY,237,34 Years,100,68,32,74,45,29,6,6,0,0,0,0,20,17,3
JACK COUNTY,237,35 Years,94,56,38,67,39,28,4,4,0,0,0,0,23,13,10
JACK COUNTY,237,36 Years,105,64,41,75,41,34,9,9,0,1,1,0,20,13,7
JACK COUNTY,237,37 Years,106,66,40,84,51,33,4,4,0,1,0,1,17,11,6
JACK COUNTY,237,38 Years,109,57,52,77,36,41,5,5,0,2,0,2,25,16,9
JACK COUNTY,237,39 Years,116,66,50,80,41,39,5,4,1,1,1,0,30,20,10
JACK COUNTY,237,40 Years,114,60,54,81,39,42,7,7,0,2,1,1,24,13,11
JACK COUNTY,237,41 Years,119,72,47,83,43,40,11,11,0,1,1,0,24,17,7
JACK COUNTY,237,42 Years,117,68,49,90,49,41,4,4,0,3,1,2,20,14,6
JACK COUNTY,237,43 Years,125,73,52,98,57,41,6,6,0,3,2,1,18,8,10
JACK COUNTY,237,44 Years,124,75,49,96,54,42,3,3,0,3,2,1,22,16,6
JACK COUNTY,237,45 Years,136,78,58,106,58,48,10,10,0,1,0,1,19,10,9
JACK COUNTY,237,46 Years,128,81,47,100,60,40,7,7,0,0,0,0,21,14,7
JACK COUNTY,237,47 Years,122,75,47,103,59,44,6,5,1,2,2,0,11,9,2
JACK COUNTY,237,48 Years,131,75,56,108,59,49,7,7,0,2,0,2,14,9,5
JACK COUNTY,237,49 Years,140,86,54,117,69,48,4,4,0,2,0,2,17,13,4
JACK COUNTY,237,50 Years,135,79,56,115,64,51,4,4,0,1,0,1,15,11,4
JACK COUNTY,237,51 Years,139,81,58,115,66,49,5,5,0,2,0,2,17,10,7
JACK COUNTY,237,52 Years,148,80,68,119,63,56,7,6,1,3,1,2,19,10,9
JACK COUNTY,237,53 Years,144,80,64,124,67,57,5,4,1,2,2,0,13,7,6
JACK COUNTY,237,54 Years,126,66,60,107,53,54,4,4,0,3,2,1,12,7,5
JACK COUNTY,237,55 Years,124,70,54,110,61,49,2,2,0,1,0,1,11,7,4
JACK COUNTY,237,56 Years,125,70,55,110,59,51,3,2,1,3,3,0,9,6,3
JACK COUNTY,237,57 Years,133,71,62,122,63,59,3,3,0,2,1,1,6,4,2
JACK COUNTY,237,58 Years,117,62,55,109,58,51,1,1,0,2,0,2,5,3,2
JACK COUNTY,237,59 Years,109,58,51,99,51,48,2,0,2,1,1,0,7,6,1
JACK COUNTY,237,60 Years,136,70,66,126,65,61,1,1,0,3,1,2,6,3,3
JACK COUNTY,237,61 Years,118,61,57,105,52,53,3,3,0,4,3,1,6,3,3
JACK COUNTY,237,62 Years,90,46,44,82,43,39,2,0,2,3,2,1,3,1,2
JACK COUNTY,237,63 Years,92,48,44,85,44,41,3,2,1,2,1,1,2,1,1
JACK COUNTY,237,64 Years,103,47,56,99,44,55,1,0,1,1,1,0,2,2,0
JACK COUNTY,237,65 Years,106,53,53,103,50,53,1,1,0,1,1,0,1,1,0
JACK COUNTY,237,66 Years,106,51,55,104,50,54,1,0,1,0,0,0,1,1,0
JACK COUNTY,237,67 Years,93,52,41,89,51,38,0,0,0,1,0,1,3,1,2
JACK COUNTY,237,68 Years,90,46,44,84,42,42,0,0,0,2,1,1,4,3,1
JACK COUNTY,237,69 Years,82,37,45,78,36,42,0,0,0,1,0,1,3,1,2
JACK COUNTY,237,70 Years,76,31,45,72,30,42,0,0,0,1,0,1,3,1,2
JACK COUNTY,237,71 Years,79,42,37,72,38,34,2,1,1,1,0,1,4,3,1
JACK COUNTY,237,72 Years,82,42,40,76,38,38,1,1,0,3,1,2,2,2,0
JACK COUNTY,237,73 Years,76,38,38,70,34,36,0,0,0,2,1,1,4,3,1
JACK COUNTY,237,74 Years,66,33,33,61,30,31,0,0,0,1,1,0,4,2,2
JACK COUNTY,237,75 Years,68,37,31,65,35,30,1,1,0,0,0,0,2,1,1
JACK COUNTY,237,76 Years,49,19,30,47,19,28,0,0,0,0,0,0,2,0,2
JACK COUNTY,237,77 Years,61,31,30,56,27,29,0,0,0,3,3,0,2,1,1
JACK COUNTY,237,78 Years,60,27,33,56,26,30,0,0,0,2,1,1,2,0,2
JACK COUNTY,237,79 Years,47,20,27,46,20,26,0,0,0,1,0,1,0,0,0
JACK COUNTY,237,80 Years,46,23,23,46,23,23,0,0,0,0,0,0,0,0,0
JACK COUNTY,237,81 Years,40,17,23,34,15,19,1,0,1,1,0,1,4,2,2
JACK COUNTY,237,82 Years,35,13,22,33,13,20,1,0,1,0,0,0,1,0,1
JACK COUNTY,237,83 Years,40,17,23,40,17,23,0,0,0,0,0,0,0,0,0
JACK COUNTY,237,84 Years,37,15,22,36,15,21,0,0,0,0,0,0,1,0,1
JACK COUNTY,237,85 Years +,140,51,89,136,50,86,3,1,2,0,0,0,1,0,1
JACKSON COUNTY,239,All Ages,14553,7223,7330,8948,4394,4554,982,465,517,212,109,103,4411,2255,2156
JACKSON COUNTY,239,< 1 Year,201,100,101,107,51,56,11,6,5,2,1,1,81,42,39
JACKSON COUNTY,239,1 Years,204,104,100,109,56,53,12,6,6,2,1,1,81,41,40
JACKSON COUNTY,239,2 Years,203,104,99,111,57,54,11,6,5,2,1,1,79,40,39
JACKSON COUNTY,239,3 Years,213,116,97,99,55,44,18,6,12,5,2,3,91,53,38
JACKSON COUNTY,239,4 Years,209,101,108,92,49,43,17,7,10,6,4,2,94,41,53
JACKSON COUNTY,239,5 Years,210,98,112,85,42,43,21,15,6,8,4,4,96,37,59
JACKSON COUNTY,239,6 Years,201,88,113,82,39,43,17,11,6,4,1,3,98,37,61
JACKSON COUNTY,239,7 Years,212,95,117,94,41,53,15,7,8,5,1,4,98,46,52
JACKSON COUNTY,239,8 Years,201,95,106,91,44,47,14,7,7,5,1,4,91,43,48
JACKSON COUNTY,239,9 Years,202,103,99,95,45,50,14,7,7,5,2,3,88,49,39
JACKSON COUNTY,239,10 Years,196,96,100,91,44,47,17,10,7,3,1,2,85,41,44
JACKSON COUNTY,239,11 Years,185,91,94,98,47,51,17,9,8,2,1,1,68,34,34
JACKSON COUNTY,239,12 Years,202,112,90,98,54,44,12,8,4,1,1,0,91,49,42
JACKSON COUNTY,239,13 Years,216,120,96,102,56,46,13,5,8,4,2,2,97,57,40
JACKSON COUNTY,239,14 Years,179,96,83,99,52,47,9,3,6,2,1,1,69,40,29
JACKSON COUNTY,239,15 Years,199,114,85,110,61,49,16,9,7,2,2,0,71,42,29
JACKSON COUNTY,239,16 Years,222,119,103,116,64,52,18,10,8,2,1,1,86,44,42
JACKSON COUNTY,239,17 Years,202,103,99,107,58,49,15,7,8,2,1,1,78,37,41
JACKSON COUNTY,239,18 Years,181,100,81,97,57,40,15,8,7,5,1,4,64,34,30
JACKSON COUNTY,239,19 Years,167,91,76,87,46,41,19,12,7,4,3,1,57,30,27
JACKSON COUNTY,239,20 Years,188,105,83,98,58,40,19,11,8,3,2,1,68,34,34
JACKSON COUNTY,239,21 Years,199,103,96,106,51,55,18,10,8,3,2,1,72,40,32
JACKSON COUNTY,239,22 Years,186,85,101,101,41,60,15,7,8,6,5,1,64,32,32
JACKSON COUNTY,239,23 Years,158,72,86,79,31,48,11,7,4,4,1,3,64,33,31
JACKSON COUNTY,239,24 Years,151,87,64,85,49,36,10,7,3,3,2,1,53,29,24
JACKSON COUNTY,239,25 Years,152,80,72,82,46,36,11,5,6,3,2,1,56,27,29
JACKSON COUNTY,239,26 Years,154,79,75,89,51,38,9,1,8,2,2,0,54,25,29
JACKSON COUNTY,239,27 Years,170,90,80,94,48,46,9,5,4,1,0,1,66,37,29
JACKSON COUNTY,239,28 Years,161,87,74,87,47,40,7,4,3,2,2,0,65,34,31
JACKSON COUNTY,239,29 Years,161,80,81,97,49,48,9,5,4,2,1,1,53,25,28
JACKSON COUNTY,239,30 Years,187,97,90,108,55,53,13,6,7,2,1,1,64,35,29
JACKSON COUNTY,239,31 Years,174,88,86,102,55,47,12,2,10,3,0,3,57,31,26
JACKSON COUNTY,239,32 Years,174,87,87,98,51,47,11,4,7,0,0,0,65,32,33
JACKSON COUNTY,239,33 Years,170,82,88,94,46,48,9,5,4,1,0,1,66,31,35
JACKSON COUNTY,239,34 Years,174,90,84,103,54,49,14,7,7,0,0,0,57,29,28
JACKSON COUNTY,239,35 Years,164,78,86,99,46,53,13,4,9,2,1,1,50,27,23
JACKSON COUNTY,239,36 Years,146,73,73,83,41,42,9,2,7,2,1,1,52,29,23
JACKSON COUNTY,239,37 Years,133,64,69,82,41,41,6,4,2,0,0,0,45,19,26
JACKSON COUNTY,239,38 Years,152,84,68,90,48,42,6,4,2,2,0,2,54,32,22
JACKSON COUNTY,239,39 Years,149,69,80,81,38,43,9,3,6,1,0,1,58,28,30
JACKSON COUNTY,239,40 Years,166,79,87,97,42,55,8,5,3,3,2,1,58,30,28
JACKSON COUNTY,239,41 Years,169,79,90,109,47,62,6,4,2,2,2,0,52,26,26
JACKSON COUNTY,239,42 Years,156,79,77,102,50,52,11,7,4,1,1,0,42,21,21
JACKSON COUNTY,239,43 Years,144,75,69,89,47,42,9,3,6,3,2,1,43,23,20
JACKSON COUNTY,239,44 Years,153,81,72,95,49,46,8,3,5,2,1,1,48,28,20
JACKSON COUNTY,239,45 Years,158,83,75,99,50,49,11,5,6,2,1,1,46,27,19
JACKSON COUNTY,239,46 Years,145,75,70,96,49,47,11,6,5,1,1,0,37,19,18
JACKSON COUNTY,239,47 Years,176,90,86,113,60,53,10,5,5,2,2,0,51,23,28
JACKSON COUNTY,239,48 Years,198,95,103,118,59,59,10,2,8,3,2,1,67,32,35
JACKSON COUNTY,239,49 Years,204,92,112,125,56,69,19,9,10,4,2,2,56,25,31
JACKSON COUNTY,239,50 Years,201,103,98,128,64,64,16,8,8,3,2,1,54,29,25
JACKSON COUNTY,239,51 Years,204,98,106,136,65,71,9,3,6,2,2,0,57,28,29
JACKSON COUNTY,239,52 Years,223,114,109,150,79,71,12,4,8,5,3,2,56,28,28
JACKSON COUNTY,239,53 Years,199,106,93,137,74,63,12,6,6,2,1,1,48,25,23
JACKSON COUNTY,239,54 Years,204,105,99,147,76,71,16,5,11,0,0,0,41,24,17
JACKSON COUNTY,239,55 Years,225,108,117,156,73,83,15,5,10,3,2,1,51,28,23
JACKSON COUNTY,239,56 Years,202,103,99,132,65,67,12,6,6,5,2,3,53,30,23
JACKSON COUNTY,239,57 Years,215,99,116,151,67,84,12,6,6,2,1,1,50,25,25
JACKSON COUNTY,239,58 Years,225,109,116,160,70,90,17,10,7,1,1,0,47,28,19
JACKSON COUNTY,239,59 Years,213,99,114,149,63,86,16,7,9,3,1,2,45,28,17
JACKSON COUNTY,239,60 Years,206,105,101,146,76,70,15,5,10,3,3,0,42,21,21
JACKSON COUNTY,239,61 Years,194,106,88,137,75,62,16,9,7,3,2,1,38,20,18
JACKSON COUNTY,239,62 Years,201,105,96,137,68,69,18,9,9,5,4,1,41,24,17
JACKSON COUNTY,239,63 Years,178,91,87,126,65,61,15,6,9,3,1,2,34,19,15
JACKSON COUNTY,239,64 Years,148,69,79,101,48,53,15,7,8,4,2,2,28,12,16
JACKSON COUNTY,239,65 Years,149,75,74,113,56,57,9,4,5,2,0,2,25,15,10
JACKSON COUNTY,239,66 Years,153,75,78,119,52,67,9,5,4,4,2,2,21,16,5
JACKSON COUNTY,239,67 Years,153,78,75,113,54,59,9,6,3,1,1,0,30,17,13
JACKSON COUNTY,239,68 Years,133,68,65,100,49,51,8,5,3,2,2,0,23,12,11
JACKSON COUNTY,239,69 Years,142,71,71,105,50,55,9,5,4,1,1,0,27,15,12
JACKSON COUNTY,239,70 Years,146,62,84,114,49,65,7,3,4,0,0,0,25,10,15
JACKSON COUNTY,239,71 Years,135,62,73,114,52,62,3,2,1,2,1,1,16,7,9
JACKSON COUNTY,239,72 Years,131,63,68,108,53,55,5,2,3,2,0,2,16,8,8
JACKSON COUNTY,239,73 Years,116,56,60,92,45,47,8,4,4,0,0,0,16,7,9
JACKSON COUNTY,239,74 Years,108,56,52,83,44,39,6,2,4,2,0,2,17,10,7
JACKSON COUNTY,239,75 Years,105,55,50,82,42,40,3,1,2,2,1,1,18,11,7
JACKSON COUNTY,239,76 Years,93,37,56,74,28,46,3,1,2,1,1,0,15,7,8
JACKSON COUNTY,239,77 Years,100,42,58,78,32,46,3,1,2,1,0,1,18,9,9
JACKSON COUNTY,239,78 Years,86,44,42,65,34,31,4,2,2,2,1,1,15,7,8
JACKSON COUNTY,239,79 Years,85,34,51,62,26,36,6,3,3,3,2,1,14,3,11
JACKSON COUNTY,239,80 Years,91,32,59,71,27,44,8,2,6,1,0,1,11,3,8
JACKSON COUNTY,239,81 Years,81,31,50,66,26,40,5,1,4,1,0,1,9,4,5
JACKSON COUNTY,239,82 Years,81,34,47,67,31,36,5,1,4,1,0,1,8,2,6
JACKSON COUNTY,239,83 Years,66,28,38,51,23,28,3,1,2,1,0,1,11,4,7
JACKSON COUNTY,239,84 Years,65,27,38,49,21,28,5,1,4,1,0,1,10,5,5
JACKSON COUNTY,239,85 Years +,319,119,200,258,99,159,24,6,18,2,0,2,35,14,21
JASPER COUNTY,241,All Ages,35438,17471,17967,26506,12981,13525,5898,2864,3034,887,414,473,2147,1212,935
JASPER COUNTY,241,< 1 Year,444,226,218,311,157,154,81,41,40,15,8,7,37,20,17
JASPER COUNTY,241,1 Years,444,229,215,315,161,154,84,44,40,11,6,5,34,18,16
JASPER COUNTY,241,2 Years,445,230,215,318,163,155,82,43,39,11,5,6,34,19,15
JASPER COUNTY,241,3 Years,483,231,252,326,156,170,90,40,50,22,9,13,45,26,19
JASPER COUNTY,241,4 Years,474,229,245,302,144,158,93,48,45,30,12,18,49,25,24
JASPER COUNTY,241,5 Years,482,228,254,317,149,168,93,45,48,29,12,17,43,22,21
JASPER COUNTY,241,6 Years,498,249,249,328,167,161,92,46,46,29,10,19,49,26,23
JASPER COUNTY,241,7 Years,475,242,233,317,168,149,83,41,42,26,10,16,49,23,26
JASPER COUNTY,241,8 Years,502,264,238,327,173,154,91,48,43,31,14,17,53,29,24
JASPER COUNTY,241,9 Years,526,276,250,338,181,157,105,53,52,30,13,17,53,29,24
JASPER COUNTY,241,10 Years,488,249,239,327,172,155,86,42,44,25,10,15,50,25,25
JASPER COUNTY,241,11 Years,475,256,219,321,170,151,88,50,38,22,12,10,44,24,20
JASPER COUNTY,241,12 Years,488,251,237,318,168,150,97,52,45,20,10,10,53,21,32
JASPER COUNTY,241,13 Years,481,238,243,330,167,163,79,45,34,21,7,14,51,19,32
JASPER COUNTY,241,14 Years,454,219,235,313,151,162,93,51,42,11,3,8,37,14,23
JASPER COUNTY,241,15 Years,443,237,206,310,166,144,85,43,42,16,8,8,32,20,12
JASPER COUNTY,241,16 Years,481,254,227,328,176,152,99,53,46,18,7,11,36,18,18
JASPER COUNTY,241,17 Years,483,234,249,319,157,162,107,57,50,20,7,13,37,13,24
JASPER COUNTY,241,18 Years,481,247,234,323,165,158,102,53,49,20,11,9,36,18,18
JASPER COUNTY,241,19 Years,444,241,203,285,154,131,101,52,49,17,8,9,41,27,14
JASPER COUNTY,241,20 Years,451,246,205,300,162,138,95,54,41,12,4,8,44,26,18
JASPER COUNTY,241,21 Years,423,214,209,272,137,135,106,52,54,13,6,7,32,19,13
JASPER COUNTY,241,22 Years,390,200,190,246,116,130,99,57,42,9,4,5,36,23,13
JASPER COUNTY,241,23 Years,374,186,188,263,124,139,76,43,33,7,3,4,28,16,12
JASPER COUNTY,241,24 Years,383,216,167,272,139,133,76,53,23,6,4,2,29,20,9
JASPER COUNTY,241,25 Years,393,206,187,268,130,138,80,45,35,7,6,1,38,25,13
JASPER COUNTY,241,26 Years,367,178,189,267,128,139,64,29,35,5,2,3,31,19,12
JASPER COUNTY,241,27 Years,364,177,187,241,107,134,69,33,36,8,4,4,46,33,13
JASPER COUNTY,241,28 Years,378,182,196,267,127,140,67,26,41,6,3,3,38,26,12
JASPER COUNTY,241,29 Years,371,188,183,259,132,127,70,29,41,5,4,1,37,23,14
JASPER COUNTY,241,30 Years,387,200,187,273,137,136,64,30,34,11,6,5,39,27,12
JASPER COUNTY,241,31 Years,382,198,184,272,143,129,64,29,35,8,4,4,38,22,16
JASPER COUNTY,241,32 Years,407,193,214,289,139,150,74,32,42,6,2,4,38,20,18
JASPER COUNTY,241,33 Years,408,203,205,294,141,153,70,37,33,9,5,4,35,20,15
JASPER COUNTY,241,34 Years,371,195,176,276,142,134,57,35,22,6,2,4,32,16,16
JASPER COUNTY,241,35 Years,362,179,183,254,122,132,69,35,34,4,2,2,35,20,15
JASPER COUNTY,241,36 Years,367,188,179,246,126,120,80,38,42,11,5,6,30,19,11
JASPER COUNTY,241,37 Years,378,204,174,267,150,117,68,30,38,10,2,8,33,22,11
JASPER COUNTY,241,38 Years,366,181,185,259,123,136,62,34,28,11,5,6,34,19,15
JASPER COUNTY,241,39 Years,369,197,172,267,138,129,55,31,24,9,5,4,38,23,15
JASPER COUNTY,241,40 Years,372,202,170,269,142,127,64,35,29,6,4,2,33,21,12
JASPER COUNTY,241,41 Years,394,186,208,299,141,158,58,26,32,9,4,5,28,15,13
JASPER COUNTY,241,42 Years,435,232,203,331,171,160,57,30,27,19,10,9,28,21,7
JASPER COUNTY,241,43 Years,408,194,214,308,141,167,61,27,34,14,9,5,25,17,8
JASPER COUNTY,241,44 Years,432,217,215,339,165,174,64,32,32,10,7,3,19,13,6
JASPER COUNTY,241,45 Years,445,237,208,338,179,159,73,36,37,11,7,4,23,15,8
JASPER COUNTY,241,46 Years,423,206,217,319,157,162,70,31,39,10,5,5,24,13,11
JASPER COUNTY,241,47 Years,423,198,225,325,156,169,67,26,41,10,5,5,21,11,10
JASPER COUNTY,241,48 Years,470,220,250,366,165,201,79,41,38,9,4,5,16,10,6
JASPER COUNTY,241,49 Years,481,231,250,371,170,201,76,41,35,10,5,5,24,15,9
JASPER COUNTY,241,50 Years,499,229,270,389,175,214,82,38,44,8,2,6,20,14,6
JASPER COUNTY,241,51 Years,542,276,266,416,210,206,90,42,48,8,4,4,28,20,8
JASPER COUNTY,241,52 Years,533,265,268,414,212,202,94,37,57,5,3,2,20,13,7
JASPER COUNTY,241,53 Years,522,251,271,407,200,207,93,38,55,6,3,3,16,10,6
JASPER COUNTY,241,54 Years,492,255,237,376,193,183,96,49,47,5,4,1,15,9,6
JASPER COUNTY,241,55 Years,538,252,286,434,203,231,82,36,46,8,4,4,14,9,5
JASPER COUNTY,241,56 Years,566,277,289,437,218,219,103,45,58,12,7,5,14,7,7
JASPER COUNTY,241,57 Years,509,258,251,381,196,185,101,48,53,10,7,3,17,7,10
JASPER COUNTY,241,58 Years,509,250,259,397,199,198,85,35,50,6,4,2,21,12,9
JASPER COUNTY,241,59 Years,533,263,270,430,214,216,86,39,47,5,3,2,12,7,5
JASPER COUNTY,241,60 Years,486,233,253,403,191,212,64,32,32,7,4,3,12,6,6
JASPER COUNTY,241,61 Years,440,219,221,367,182,185,57,29,28,6,3,3,10,5,5
JASPER COUNTY,241,62 Years,459,215,244,384,181,203,55,24,31,9,4,5,11,6,5
JASPER COUNTY,241,63 Years,485,233,252,405,195,210,64,31,33,7,2,5,9,5,4
JASPER COUNTY,241,64 Years,468,212,256,386,171,215,65,32,33,7,3,4,10,6,4
JASPER COUNTY,241,65 Years,465,217,248,391,180,211,59,30,29,8,5,3,7,2,5
JASPER COUNTY,241,66 Years,455,230,225,381,198,183,54,22,32,13,7,6,7,3,4
JASPER COUNTY,241,67 Years,378,186,192,321,163,158,44,17,27,6,3,3,7,3,4
JASPER COUNTY,241,68 Years,387,182,205,331,160,171,44,17,27,3,2,1,9,3,6
JASPER COUNTY,241,69 Years,381,174,207,326,150,176,41,19,22,6,3,3,8,2,6
JASPER COUNTY,241,70 Years,385,194,191,325,163,162,45,23,22,9,4,5,6,4,2
JASPER COUNTY,241,71 Years,335,156,179,291,135,156,38,18,20,4,2,2,2,1,1
JASPER COUNTY,241,72 Years,295,138,157,252,117,135,35,16,19,2,0,2,6,5,1
JASPER COUNTY,241,73 Years,319,145,174,274,125,149,39,16,23,2,1,1,4,3,1
JASPER COUNTY,241,74 Years,306,126,180,261,110,151,40,14,26,3,1,2,2,1,1
JASPER COUNTY,241,75 Years,258,110,148,221,96,125,33,13,20,1,0,1,3,1,2
JASPER COUNTY,241,76 Years,235,107,128,200,90,110,25,9,16,3,2,1,7,6,1
JASPER COUNTY,241,77 Years,242,110,132,213,97,116,23,8,15,2,2,0,4,3,1
JASPER COUNTY,241,78 Years,241,105,136,215,95,120,20,7,13,3,1,2,3,2,1
JASPER COUNTY,241,79 Years,226,105,121,193,95,98,29,9,20,2,0,2,2,1,1
JASPER COUNTY,241,80 Years,198,96,102,176,90,86,19,6,13,1,0,1,2,0,2
JASPER COUNTY,241,81 Years,167,77,90,149,71,78,13,5,8,1,0,1,4,1,3
JASPER COUNTY,241,82 Years,169,78,91,146,71,75,17,5,12,1,1,0,5,1,4
JASPER COUNTY,241,83 Years,159,66,93,139,58,81,13,4,9,3,1,2,4,3,1
JASPER COUNTY,241,84 Years,129,55,74,114,48,66,11,5,6,1,0,1,3,2,1
JASPER COUNTY,241,85 Years +,662,242,420,571,214,357,74,22,52,9,2,7,8,4,4
JEFF DAVIS COUNTY,243,All Ages,2238,1125,1113,1415,713,702,8,5,3,53,28,25,762,379,383
JEFF DAVIS COUNTY,243,< 1 Year,21,10,11,12,6,6,0,0,0,0,0,0,9,4,5
JEFF DAVIS COUNTY,243,1 Years,25,13,12,14,7,7,0,0,0,0,0,0,11,6,5
JEFF DAVIS COUNTY,243,2 Years,25,13,12,14,7,7,0,0,0,0,0,0,11,6,5
JEFF DAVIS COUNTY,243,3 Years,16,8,8,4,2,2,0,0,0,1,1,0,11,5,6
JEFF DAVIS COUNTY,243,4 Years,18,7,11,5,1,4,0,0,0,0,0,0,13,6,7
JEFF DAVIS COUNTY,243,5 Years,16,8,8,5,2,3,0,0,0,0,0,0,11,6,5
JEFF DAVIS COUNTY,243,6 Years,18,7,11,8,5,3,0,0,0,0,0,0,10,2,8
JEFF DAVIS COUNTY,243,7 Years,17,8,9,8,5,3,0,0,0,0,0,0,9,3,6
JEFF DAVIS COUNTY,243,8 Years,17,9,8,7,5,2,0,0,0,0,0,0,10,4,6
JEFF DAVIS COUNTY,243,9 Years,20,10,10,12,6,6,0,0,0,0,0,0,8,4,4
JEFF DAVIS COUNTY,243,10 Years,19,11,8,7,3,4,0,0,0,0,0,0,12,8,4
JEFF DAVIS COUNTY,243,11 Years,24,12,12,9,5,4,0,0,0,1,0,1,14,7,7
JEFF DAVIS COUNTY,243,12 Years,19,11,8,10,7,3,0,0,0,0,0,0,9,4,5
JEFF DAVIS COUNTY,243,13 Years,21,12,9,12,6,6,0,0,0,0,0,0,9,6,3
JEFF DAVIS COUNTY,243,14 Years,23,10,13,12,4,8,0,0,0,1,1,0,10,5,5
JEFF DAVIS COUNTY,243,15 Years,20,9,11,9,5,4,0,0,0,0,0,0,11,4,7
JEFF DAVIS COUNTY,243,16 Years,21,10,11,9,4,5,0,0,0,0,0,0,12,6,6
JEFF DAVIS COUNTY,243,17 Years,26,13,13,18,9,9,0,0,0,0,0,0,8,4,4
JEFF DAVIS COUNTY,243,18 Years,28,14,14,14,8,6,2,0,2,1,0,1,11,6,5
JEFF DAVIS COUNTY,243,19 Years,35,19,16,18,12,6,1,0,1,2,0,2,14,7,7
JEFF DAVIS COUNTY,243,20 Years,53,33,20,32,19,13,2,2,0,4,3,1,15,9,6
JEFF DAVIS COUNTY,243,21 Years,34,20,14,21,14,7,0,0,0,2,0,2,11,6,5
JEFF DAVIS COUNTY,243,22 Years,14,8,6,6,4,2,0,0,0,0,0,0,8,4,4
JEFF DAVIS COUNTY,243,23 Years,11,6,5,4,3,1,0,0,0,0,0,0,7,3,4
JEFF DAVIS COUNTY,243,24 Years,14,7,7,7,3,4,0,0,0,1,0,1,6,4,2
JEFF DAVIS COUNTY,243,25 Years,15,9,6,6,4,2,0,0,0,0,0,0,9,5,4
JEFF DAVIS COUNTY,243,26 Years,12,5,7,4,2,2,0,0,0,0,0,0,8,3,5
JEFF DAVIS COUNTY,243,27 Years,11,7,4,2,2,0,0,0,0,0,0,0,9,5,4
JEFF DAVIS COUNTY,243,28 Years,10,5,5,2,1,1,0,0,0,1,1,0,7,3,4
JEFF DAVIS COUNTY,243,29 Years,13,7,6,5,2,3,0,0,0,1,1,0,7,4,3
JEFF DAVIS COUNTY,243,30 Years,16,7,9,7,4,3,0,0,0,1,1,0,8,2,6
JEFF DAVIS COUNTY,243,31 Years,16,7,9,6,3,3,0,0,0,1,1,0,9,3,6
JEFF DAVIS COUNTY,243,32 Years,16,6,10,5,2,3,0,0,0,0,0,0,11,4,7
JEFF DAVIS COUNTY,243,33 Years,14,8,6,5,3,2,0,0,0,0,0,0,9,5,4
JEFF DAVIS COUNTY,243,34 Years,14,9,5,5,3,2,1,1,0,0,0,0,8,5,3
JEFF DAVIS COUNTY,243,35 Years,15,8,7,6,3,3,0,0,0,2,0,2,7,5,2
JEFF DAVIS COUNTY,243,36 Years,14,8,6,9,5,4,0,0,0,0,0,0,5,3,2
JEFF DAVIS COUNTY,243,37 Years,15,8,7,11,5,6,0,0,0,0,0,0,4,3,1
JEFF DAVIS COUNTY,243,38 Years,13,4,9,6,2,4,0,0,0,0,0,0,7,2,5
JEFF DAVIS COUNTY,243,39 Years,12,5,7,9,4,5,0,0,0,0,0,0,3,1,2
JEFF DAVIS COUNTY,243,40 Years,20,7,13,13,5,8,0,0,0,0,0,0,7,2,5
JEFF DAVIS COUNTY,243,41 Years,20,8,12,10,4,6,0,0,0,0,0,0,10,4,6
JEFF DAVIS COUNTY,243,42 Years,13,5,8,6,1,5,0,0,0,0,0,0,7,4,3
JEFF DAVIS COUNTY,243,43 Years,25,14,11,12,4,8,0,0,0,1,1,0,12,9,3
JEFF DAVIS COUNTY,243,44 Years,20,8,12,9,2,7,0,0,0,1,1,0,10,5,5
JEFF DAVIS COUNTY,243,45 Years,21,12,9,11,6,5,0,0,0,1,1,0,9,5,4
JEFF DAVIS COUNTY,243,46 Years,16,9,7,9,6,3,0,0,0,0,0,0,7,3,4
JEFF DAVIS COUNTY,243,47 Years,24,11,13,17,7,10,0,0,0,0,0,0,7,4,3
JEFF DAVIS COUNTY,243,48 Years,30,15,15,18,9,9,1,1,0,1,1,0,10,4,6
JEFF DAVIS COUNTY,243,49 Years,34,18,16,23,12,11,1,1,0,0,0,0,10,5,5
JEFF DAVIS COUNTY,243,50 Years,36,17,19,23,12,11,0,0,0,3,0,3,10,5,5
JEFF DAVIS COUNTY,243,51 Years,28,13,15,19,10,9,0,0,0,1,0,1,8,3,5
JEFF DAVIS COUNTY,243,52 Years,36,17,19,19,8,11,0,0,0,1,0,1,16,9,7
JEFF DAVIS COUNTY,243,53 Years,35,19,16,21,12,9,0,0,0,2,1,1,12,6,6
JEFF DAVIS COUNTY,243,54 Years,31,16,15,21,10,11,0,0,0,1,0,1,9,6,3
JEFF DAVIS COUNTY,243,55 Years,39,17,22,27,13,14,0,0,0,1,0,1,11,4,7
JEFF DAVIS COUNTY,243,56 Years,42,22,20,29,14,15,0,0,0,1,1,0,12,7,5
JEFF DAVIS COUNTY,243,57 Years,42,20,22,32,15,17,0,0,0,0,0,0,10,5,5
JEFF DAVIS COUNTY,243,58 Years,50,23,27,41,19,22,0,0,0,1,1,0,8,3,5
JEFF DAVIS COUNTY,243,59 Years,46,22,24,38,18,20,0,0,0,1,1,0,7,3,4
JEFF DAVIS COUNTY,243,60 Years,49,22,27,37,16,21,0,0,0,1,1,0,11,5,6
JEFF DAVIS COUNTY,243,61 Years,54,24,30,43,18,25,0,0,0,2,1,1,9,5,4
JEFF DAVIS COUNTY,243,62 Years,50,26,24,39,21,18,0,0,0,1,0,1,10,5,5
JEFF DAVIS COUNTY,243,63 Years,40,19,21,33,15,18,0,0,0,0,0,0,7,4,3
JEFF DAVIS COUNTY,243,64 Years,52,30,22,43,25,18,0,0,0,1,1,0,8,4,4
JEFF DAVIS COUNTY,243,65 Years,54,31,23,40,22,18,0,0,0,0,0,0,14,9,5
JEFF DAVIS COUNTY,243,66 Years,47,25,22,35,18,17,0,0,0,1,1,0,11,6,5
JEFF DAVIS COUNTY,243,67 Years,37,21,16,28,16,12,0,0,0,1,1,0,8,4,4
JEFF DAVIS COUNTY,243,68 Years,46,22,24,38,19,19,0,0,0,1,0,1,7,3,4
JEFF DAVIS COUNTY,243,69 Years,52,26,26,42,19,23,0,0,0,2,1,1,8,6,2
JEFF DAVIS COUNTY,243,70 Years,37,23,14,27,15,12,0,0,0,1,1,0,9,7,2
JEFF DAVIS COUNTY,243,71 Years,31,13,18,26,9,17,0,0,0,1,0,1,4,4,0
JEFF DAVIS COUNTY,243,72 Years,34,20,14,24,12,12,0,0,0,3,3,0,7,5,2
JEFF DAVIS COUNTY,243,73 Years,35,19,16,26,15,11,0,0,0,1,1,0,8,3,5
JEFF DAVIS COUNTY,243,74 Years,24,14,10,14,8,6,0,0,0,0,0,0,10,6,4
JEFF DAVIS COUNTY,243,75 Years,24,13,11,14,9,5,0,0,0,0,0,0,10,4,6
JEFF DAVIS COUNTY,243,76 Years,24,15,9,17,11,6,0,0,0,0,0,0,7,4,3
JEFF DAVIS COUNTY,243,77 Years,19,7,12,14,5,9,0,0,0,0,0,0,5,2,3
JEFF DAVIS COUNTY,243,78 Years,17,8,9,11,5,6,0,0,0,0,0,0,6,3,3
JEFF DAVIS COUNTY,243,79 Years,16,8,8,12,7,5,0,0,0,0,0,0,4,1,3
JEFF DAVIS COUNTY,243,80 Years,14,8,6,12,8,4,0,0,0,0,0,0,2,0,2
JEFF DAVIS COUNTY,243,81 Years,17,7,10,13,7,6,0,0,0,0,0,0,4,0,4
JEFF DAVIS COUNTY,243,82 Years,16,7,9,11,6,5,0,0,0,1,0,1,4,1,3
JEFF DAVIS COUNTY,243,83 Years,11,8,3,8,6,2,0,0,0,1,0,1,2,2,0
JEFF DAVIS COUNTY,243,84 Years,14,5,9,10,5,5,0,0,0,0,0,0,4,0,4
JEFF DAVIS COUNTY,243,85 Years +,55,20,35,35,12,23,0,0,0,0,0,0,20,8,12
JEFFERSON COUNTY,245,All Ages,253315,129984,123331,107199,53993,53206,84739,41908,42831,13568,7099,6469,47809,26984,20825
JEFFERSON COUNTY,245,< 1 Year,3519,1787,1732,1147,577,570,1204,614,590,239,121,118,929,475,454
JEFFERSON COUNTY,245,1 Years,3451,1756,1695,1169,595,574,1193,606,587,191,98,93,898,457,441
JEFFERSON COUNTY,245,2 Years,3427,1741,1686,1176,598,578,1190,605,585,194,98,96,867,440,427
JEFFERSON COUNTY,245,3 Years,3439,1778,1661,1055,564,491,1207,606,601,236,120,116,941,488,453
JEFFERSON COUNTY,245,4 Years,3394,1734,1660,991,524,467,1238,622,616,223,115,108,942,473,469
JEFFERSON COUNTY,245,5 Years,3427,1701,1726,968,489,479,1249,603,646,237,119,118,973,490,483
JEFFERSON COUNTY,245,6 Years,3482,1781,1701,1033,533,500,1253,640,613,230,114,116,966,494,472
JEFFERSON COUNTY,245,7 Years,3328,1687,1641,986,505,481,1227,599,628,228,110,118,887,473,414
JEFFERSON COUNTY,245,8 Years,3290,1690,1600,943,498,445,1210,578,632,237,119,118,900,495,405
JEFFERSON COUNTY,245,9 Years,3171,1613,1558,942,497,445,1151,543,608,224,114,110,854,459,395
JEFFERSON COUNTY,245,10 Years,3220,1635,1585,950,478,472,1188,601,587,204,101,103,878,455,423
JEFFERSON COUNTY,245,11 Years,3133,1605,1528,910,452,458,1165,611,554,208,105,103,850,437,413
JEFFERSON COUNTY,245,12 Years,3275,1702,1573,965,479,486,1234,656,578,213,105,108,863,462,401
JEFFERSON COUNTY,245,13 Years,3323,1665,1658,998,482,516,1257,632,625,207,104,103,861,447,414
JEFFERSON COUNTY,245,14 Years,3241,1609,1632,1050,522,528,1207,608,599,194,92,102,790,387,403
JEFFERSON COUNTY,245,15 Years,3215,1598,1617,1045,528,517,1164,564,600,200,100,100,806,406,400
JEFFERSON COUNTY,245,16 Years,3328,1656,1672,1094,545,549,1227,586,641,244,130,114,763,395,368
JEFFERSON COUNTY,245,17 Years,3435,1758,1677,1144,573,571,1289,648,641,221,118,103,781,419,362
JEFFERSON COUNTY,245,18 Years,3628,1879,1749,1187,594,593,1449,754,695,213,110,103,779,421,358
JEFFERSON COUNTY,245,19 Years,3978,2149,1829,1278,668,610,1637,876,761,229,119,110,834,486,348
JEFFERSON COUNTY,245,20 Years,3987,2168,1819,1279,680,599,1644,867,777,209,111,98,855,510,345
JEFFERSON COUNTY,245,21 Years,4043,2178,1865,1357,712,645,1584,840,744,219,112,107,883,514,369
JEFFERSON COUNTY,245,22 Years,4080,2084,1996,1390,667,723,1529,768,761,292,150,142,869,499,370
JEFFERSON COUNTY,245,23 Years,4043,2109,1934,1468,742,726,1415,713,702,277,143,134,883,511,372
JEFFERSON COUNTY,245,24 Years,3831,2029,1802,1368,704,664,1288,646,642,262,141,121,913,538,375
JEFFERSON COUNTY,245,25 Years,3920,2194,1726,1443,788,655,1214,630,584,280,159,121,983,617,366
JEFFERSON COUNTY,245,26 Years,3853,2097,1756,1471,808,663,1140,555,585,271,148,123,971,586,385
JEFFERSON COUNTY,245,27 Years,3827,2132,1695,1466,805,661,1108,574,534,255,151,104,998,602,396
JEFFERSON COUNTY,245,28 Years,3749,2110,1639,1463,809,654,1076,569,507,232,133,99,978,599,379
JEFFERSON COUNTY,245,29 Years,3594,2009,1585,1392,780,612,1071,560,511,214,125,89,917,544,373
JEFFERSON COUNTY,245,30 Years,3649,2013,1636,1414,743,671,1087,569,518,175,101,74,973,600,373
JEFFERSON COUNTY,245,31 Years,3486,1960,1526,1348,764,584,1083,589,494,166,94,72,889,513,376
JEFFERSON COUNTY,245,32 Years,3611,2005,1606,1381,763,618,1161,612,549,173,89,84,896,541,355
JEFFERSON COUNTY,245,33 Years,3589,1968,1621,1350,720,630,1168,617,551,194,100,94,877,531,346
JEFFERSON COUNTY,245,34 Years,3339,1825,1514,1231,658,573,1108,570,538,172,94,78,828,503,325
JEFFERSON COUNTY,245,35 Years,3225,1769,1456,1173,641,532,1085,563,522,181,98,83,786,467,319
JEFFERSON COUNTY,245,36 Years,3099,1696,1403,1133,629,504,1068,544,524,183,96,87,715,427,288
JEFFERSON COUNTY,245,37 Years,3033,1680,1353,1110,619,491,1021,539,482,171,88,83,731,434,297
JEFFERSON COUNTY,245,38 Years,3042,1674,1368,1098,596,502,1021,539,482,168,91,77,755,448,307
JEFFERSON COUNTY,245,39 Years,3021,1645,1376,1113,592,521,1009,541,468,189,103,86,710,409,301
JEFFERSON COUNTY,245,40 Years,2982,1613,1369,1143,634,509,915,457,458,202,104,98,722,418,304
JEFFERSON COUNTY,245,41 Years,3085,1659,1426,1198,644,554,1019,527,492,192,86,106,676,402,274
JEFFERSON COUNTY,245,42 Years,3150,1715,1435,1252,683,569,1062,534,528,183,93,90,653,405,248
JEFFERSON COUNTY,245,43 Years,3110,1725,1385,1298,728,570,1022,529,493,187,95,92,603,373,230
JEFFERSON COUNTY,245,44 Years,3027,1657,1370,1294,694,600,994,520,474,218,122,96,521,321,200
JEFFERSON COUNTY,245,45 Years,2964,1586,1378,1224,644,580,1026,516,510,188,100,88,526,326,200
JEFFERSON COUNTY,245,46 Years,2972,1634,1338,1248,668,580,1050,546,504,156,90,66,518,330,188
JEFFERSON COUNTY,245,47 Years,3063,1627,1436,1310,688,622,1085,550,535,142,76,66,526,313,213
JEFFERSON COUNTY,245,48 Years,3361,1723,1638,1523,785,738,1137,550,587,165,83,82,536,305,231
JEFFERSON COUNTY,245,49 Years,3363,1731,1632,1590,821,769,1108,534,574,152,86,66,513,290,223
JEFFERSON COUNTY,245,50 Years,3499,1825,1674,1635,838,797,1181,592,589,184,102,82,499,293,206
JEFFERSON COUNTY,245,51 Years,3558,1813,1745,1748,884,864,1153,540,613,184,102,82,473,287,186
JEFFERSON COUNTY,245,52 Years,3692,1904,1788,1775,892,883,1280,631,649,175,100,75,462,281,181
JEFFERSON COUNTY,245,53 Years,3693,1902,1791,1913,983,930,1183,574,609,181,95,86,416,250,166
JEFFERSON COUNTY,245,54 Years,3718,1962,1756,1904,981,923,1251,642,609,156,80,76,407,259,148
JEFFERSON COUNTY,245,55 Years,3609,1867,1742,1851,958,893,1218,589,629,156,89,67,384,231,153
JEFFERSON COUNTY,245,56 Years,3609,1803,1806,1843,896,947,1214,581,633,164,91,73,388,235,153
JEFFERSON COUNTY,245,57 Years,3398,1659,1739,1748,860,888,1169,534,635,153,83,70,328,182,146
JEFFERSON COUNTY,245,58 Years,3465,1715,1750,1857,943,914,1145,523,622,143,71,72,320,178,142
JEFFERSON COUNTY,245,59 Years,3242,1614,1628,1757,868,889,1032,486,546,148,81,67,305,179,126
JEFFERSON COUNTY,245,60 Years,3088,1581,1507,1672,865,807,1017,484,533,133,72,61,266,160,106
JEFFERSON COUNTY,245,61 Years,2831,1448,1383,1525,787,738,935,462,473,118,61,57,253,138,115
JEFFERSON COUNTY,245,62 Years,2692,1357,1335,1487,767,720,873,422,451,110,51,59,222,117,105
JEFFERSON COUNTY,245,63 Years,2706,1333,1373,1470,743,727,894,411,483,113,47,66,229,132,97
JEFFERSON COUNTY,245,64 Years,2500,1271,1229,1361,696,665,840,409,431,87,51,36,212,115,97
JEFFERSON COUNTY,245,65 Years,2496,1260,1236,1420,726,694,802,383,419,80,46,34,194,105,89
JEFFERSON COUNTY,245,66 Years,2274,1111,1163,1342,664,678,695,320,375,73,37,36,164,90,74
JEFFERSON COUNTY,245,67 Years,1891,898,993,1092,519,573,589,266,323,64,31,33,146,82,64
JEFFERSON COUNTY,245,68 Years,1759,818,941,1026,500,526,548,233,315,62,27,35,123,58,65
JEFFERSON COUNTY,245,69 Years,1782,823,959,1083,512,571,518,212,306,60,30,30,121,69,52
JEFFERSON COUNTY,245,70 Years,1720,795,925,1020,472,548,512,223,289,56,28,28,132,72,60
JEFFERSON COUNTY,245,71 Years,1540,700,840,926,428,498,455,199,256,48,24,24,111,49,62
JEFFERSON COUNTY,245,72 Years,1428,645,783,851,390,461,428,182,246,39,21,18,110,52,58
JEFFERSON COUNTY,245,73 Years,1397,587,810,854,364,490,421,172,249,41,20,21,81,31,50
JEFFERSON COUNTY,245,74 Years,1339,581,758,839,349,490,376,166,210,40,21,19,84,45,39
JEFFERSON COUNTY,245,75 Years,1268,569,699,818,361,457,345,152,193,32,18,14,73,38,35
JEFFERSON COUNTY,245,76 Years,1219,524,695,769,334,435,348,140,208,32,15,17,70,35,35
JEFFERSON COUNTY,245,77 Years,1180,518,662,754,336,418,325,129,196,33,17,16,68,36,32
JEFFERSON COUNTY,245,78 Years,1201,504,697,758,323,435,341,139,202,38,14,24,64,28,36
JEFFERSON COUNTY,245,79 Years,1127,473,654,739,306,433,288,125,163,29,13,16,71,29,42
JEFFERSON COUNTY,245,80 Years,1071,427,644,713,283,430,268,106,162,26,13,13,64,25,39
JEFFERSON COUNTY,245,81 Years,1026,415,611,714,286,428,235,93,142,22,11,11,55,25,30
JEFFERSON COUNTY,245,82 Years,995,411,584,693,281,412,230,93,137,24,13,11,48,24,24
JEFFERSON COUNTY,245,83 Years,947,363,584,658,252,406,221,81,140,23,11,12,45,19,26
JEFFERSON COUNTY,245,84 Years,859,319,540,620,233,387,185,68,117,15,4,11,39,14,25
JEFFERSON COUNTY,245,85 Years +,4694,1650,3044,3405,1203,2202,987,326,661,86,35,51,216,86,130
JIM HOGG COUNTY,247,All Ages,5236,2594,2642,325,171,154,17,16,1,41,18,23,4853,2389,2464
JIM HOGG COUNTY,247,< 1 Year,86,44,42,3,2,1,0,0,0,0,0,0,83,42,41
JIM HOGG COUNTY,247,1 Years,82,43,39,3,2,1,0,0,0,0,0,0,79,41,38
JIM HOGG COUNTY,247,2 Years,79,41,38,4,2,2,0,0,0,0,0,0,75,39,36
JIM HOGG COUNTY,247,3 Years,83,42,41,3,2,1,1,1,0,0,0,0,79,39,40
JIM HOGG COUNTY,247,4 Years,76,38,38,4,2,2,1,1,0,0,0,0,71,35,36
JIM HOGG COUNTY,247,5 Years,95,45,50,5,2,3,0,0,0,1,1,0,89,42,47
JIM HOGG COUNTY,247,6 Years,79,34,45,6,4,2,0,0,0,1,0,1,72,30,42
JIM HOGG COUNTY,247,7 Years,95,46,49,5,3,2,1,1,0,1,1,0,88,41,47
JIM HOGG COUNTY,247,8 Years,76,40,36,3,1,2,0,0,0,3,2,1,70,37,33
JIM HOGG COUNTY,247,9 Years,85,39,46,2,1,1,1,1,0,2,1,1,80,36,44
JIM HOGG COUNTY,247,10 Years,87,49,38,2,1,1,1,1,0,0,0,0,84,47,37
JIM HOGG COUNTY,247,11 Years,79,39,40,2,1,1,0,0,0,1,1,0,76,37,39
JIM HOGG COUNTY,247,12 Years,70,34,36,1,0,1,0,0,0,1,1,0,68,33,35
JIM HOGG COUNTY,247,13 Years,67,37,30,2,2,0,0,0,0,1,0,1,64,35,29
JIM HOGG COUNTY,247,14 Years,88,47,41,3,2,1,0,0,0,1,0,1,84,45,39
JIM HOGG COUNTY,247,15 Years,84,41,43,3,1,2,0,0,0,1,1,0,80,39,41
JIM HOGG COUNTY,247,16 Years,82,42,40,2,1,1,0,0,0,1,0,1,79,41,38
JIM HOGG COUNTY,247,17 Years,81,37,44,2,2,0,0,0,0,1,0,1,78,35,43
JIM HOGG COUNTY,247,18 Years,57,28,29,2,2,0,0,0,0,1,0,1,54,26,28
JIM HOGG COUNTY,247,19 Years,68,41,27,1,1,0,1,1,0,1,1,0,65,38,27
JIM HOGG COUNTY,247,20 Years,92,48,44,1,1,0,0,0,0,2,1,1,89,46,43
JIM HOGG COUNTY,247,21 Years,67,34,33,5,3,2,0,0,0,1,1,0,61,30,31
JIM HOGG COUNTY,247,22 Years,54,24,30,2,1,1,0,0,0,0,0,0,52,23,29
JIM HOGG COUNTY,247,23 Years,58,25,33,1,0,1,0,0,0,0,0,0,57,25,32
JIM HOGG COUNTY,247,24 Years,55,29,26,2,0,2,0,0,0,0,0,0,53,29,24
JIM HOGG COUNTY,247,25 Years,62,37,25,1,0,1,1,1,0,0,0,0,60,36,24
JIM HOGG COUNTY,247,26 Years,71,41,30,1,0,1,0,0,0,0,0,0,70,41,29
JIM HOGG COUNTY,247,27 Years,67,33,34,4,3,1,0,0,0,0,0,0,63,30,33
JIM HOGG COUNTY,247,28 Years,62,30,32,5,4,1,0,0,0,0,0,0,57,26,31
JIM HOGG COUNTY,247,29 Years,56,32,24,5,3,2,0,0,0,1,0,1,50,29,21
JIM HOGG COUNTY,247,30 Years,64,33,31,3,1,2,0,0,0,1,0,1,60,32,28
JIM HOGG COUNTY,247,31 Years,62,36,26,6,3,3,0,0,0,1,0,1,55,33,22
JIM HOGG COUNTY,247,32 Years,64,36,28,9,6,3,0,0,0,1,0,1,54,30,24
JIM HOGG COUNTY,247,33 Years,59,30,29,7,4,3,0,0,0,0,0,0,52,26,26
JIM HOGG COUNTY,247,34 Years,55,26,29,3,1,2,0,0,0,2,1,1,50,24,26
JIM HOGG COUNTY,247,35 Years,67,33,34,6,2,4,1,1,0,0,0,0,60,30,30
JIM HOGG COUNTY,247,36 Years,56,29,27,2,0,2,1,1,0,0,0,0,53,28,25
JIM HOGG COUNTY,247,37 Years,54,23,31,2,1,1,0,0,0,0,0,0,52,22,30
JIM HOGG COUNTY,247,38 Years,67,30,37,5,2,3,1,1,0,0,0,0,61,27,34
JIM HOGG COUNTY,247,39 Years,58,28,30,3,0,3,1,1,0,0,0,0,54,27,27
JIM HOGG COUNTY,247,40 Years,56,28,28,2,2,0,0,0,0,0,0,0,54,26,28
JIM HOGG COUNTY,247,41 Years,55,29,26,4,2,2,0,0,0,1,0,1,50,27,23
JIM HOGG COUNTY,247,42 Years,53,26,27,3,1,2,0,0,0,1,0,1,49,25,24
JIM HOGG COUNTY,247,43 Years,59,25,34,3,1,2,0,0,0,0,0,0,56,24,32
JIM HOGG COUNTY,247,44 Years,53,25,28,7,4,3,0,0,0,1,1,0,45,20,25
JIM HOGG COUNTY,247,45 Years,58,34,24,4,3,1,1,1,0,0,0,0,53,30,23
JIM HOGG COUNTY,247,46 Years,53,26,27,3,0,3,1,1,0,0,0,0,49,25,24
JIM HOGG COUNTY,247,47 Years,73,40,33,5,4,1,0,0,0,0,0,0,68,36,32
JIM HOGG COUNTY,247,48 Years,63,35,28,5,3,2,0,0,0,0,0,0,58,32,26
JIM HOGG COUNTY,247,49 Years,60,31,29,3,1,2,0,0,0,0,0,0,57,30,27
JIM HOGG COUNTY,247,50 Years,72,35,37,5,3,2,0,0,0,0,0,0,67,32,35
JIM HOGG COUNTY,247,51 Years,52,26,26,3,1,2,0,0,0,0,0,0,49,25,24
JIM HOGG COUNTY,247,52 Years,66,33,33,3,1,2,0,0,0,2,0,2,61,32,29
JIM HOGG COUNTY,247,53 Years,66,29,37,5,3,2,1,1,0,1,0,1,59,25,34
JIM HOGG COUNTY,247,54 Years,54,35,19,4,3,1,0,0,0,0,0,0,50,32,18
JIM HOGG COUNTY,247,55 Years,62,40,22,5,3,2,0,0,0,1,0,1,56,37,19
JIM HOGG COUNTY,247,56 Years,66,33,33,5,2,3,0,0,0,1,1,0,60,30,30
JIM HOGG COUNTY,247,57 Years,56,29,27,6,4,2,0,0,0,0,0,0,50,25,25
JIM HOGG COUNTY,247,58 Years,54,25,29,4,1,3,1,1,0,0,0,0,49,23,26
JIM HOGG COUNTY,247,59 Years,55,22,33,3,1,2,0,0,0,1,1,0,51,20,31
JIM HOGG COUNTY,247,60 Years,72,33,39,9,4,5,0,0,0,1,0,1,62,29,33
JIM HOGG COUNTY,247,61 Years,61,29,32,6,2,4,0,0,0,1,1,0,54,26,28
JIM HOGG COUNTY,247,62 Years,49,20,29,3,0,3,0,0,0,0,0,0,46,20,26
JIM HOGG COUNTY,247,63 Years,60,25,35,5,4,1,0,0,0,0,0,0,55,21,34
JIM HOGG COUNTY,247,64 Years,63,25,38,4,3,1,0,0,0,0,0,0,59,22,37
JIM HOGG COUNTY,247,65 Years,57,28,29,6,4,2,0,0,0,0,0,0,51,24,27
JIM HOGG COUNTY,247,66 Years,70,35,35,7,5,2,1,0,1,0,0,0,62,30,32
JIM HOGG COUNTY,247,67 Years,70,39,31,8,4,4,1,1,0,2,1,1,59,33,26
JIM HOGG COUNTY,247,68 Years,61,30,31,4,1,3,0,0,0,1,0,1,56,29,27
JIM HOGG COUNTY,247,69 Years,48,26,22,2,1,1,0,0,0,0,0,0,46,25,21
JIM HOGG COUNTY,247,70 Years,45,24,21,6,2,4,0,0,0,0,0,0,39,22,17
JIM HOGG COUNTY,247,71 Years,39,18,21,5,1,4,0,0,0,0,0,0,34,17,17
JIM HOGG COUNTY,247,72 Years,42,24,18,5,4,1,0,0,0,1,1,0,36,19,17
JIM HOGG COUNTY,247,73 Years,41,20,21,3,3,0,0,0,0,0,0,0,38,17,21
JIM HOGG COUNTY,247,74 Years,43,18,25,2,1,1,0,0,0,0,0,0,41,17,24
JIM HOGG COUNTY,247,75 Years,42,19,23,7,4,3,0,0,0,0,0,0,35,15,20
JIM HOGG COUNTY,247,76 Years,36,15,21,3,2,1,0,0,0,0,0,0,33,13,20
JIM HOGG COUNTY,247,77 Years,35,15,20,2,0,2,0,0,0,0,0,0,33,15,18
JIM HOGG COUNTY,247,78 Years,32,15,17,2,1,1,0,0,0,0,0,0,30,14,16
JIM HOGG COUNTY,247,79 Years,26,10,16,0,0,0,0,0,0,0,0,0,26,10,16
JIM HOGG COUNTY,247,80 Years,29,10,19,5,3,2,0,0,0,0,0,0,24,7,17
JIM HOGG COUNTY,247,81 Years,29,12,17,8,5,3,0,0,0,0,0,0,21,7,14
JIM HOGG COUNTY,247,82 Years,26,9,17,3,2,1,0,0,0,0,0,0,23,7,16
JIM HOGG COUNTY,247,83 Years,18,7,11,0,0,0,0,0,0,0,0,0,18,7,11
JIM HOGG COUNTY,247,84 Years,13,5,8,1,0,1,0,0,0,0,0,0,12,5,7
JIM HOGG COUNTY,247,85 Years +,94,33,61,6,3,3,0,0,0,0,0,0,88,30,58
JIM WELLS COUNTY,249,All Ages,41902,20742,21160,7881,3918,3963,160,93,67,391,192,199,33470,16539,16931
JIM WELLS COUNTY,249,< 1 Year,752,387,365,87,44,43,3,2,1,8,4,4,654,337,317
JIM WELLS COUNTY,249,1 Years,780,397,383,87,44,43,1,0,1,9,5,4,683,348,335
JIM WELLS COUNTY,249,2 Years,767,392,375,86,44,42,1,1,0,8,5,3,672,342,330
JIM WELLS COUNTY,249,3 Years,676,349,327,79,37,42,1,1,0,8,5,3,588,306,282
JIM WELLS COUNTY,249,4 Years,602,313,289,81,48,33,2,2,0,7,3,4,512,260,252
JIM WELLS COUNTY,249,5 Years,695,359,336,83,44,39,3,2,1,5,2,3,604,311,293
JIM WELLS COUNTY,249,6 Years,685,342,343,88,41,47,4,1,3,4,1,3,589,299,290
JIM WELLS COUNTY,249,7 Years,655,332,323,91,48,43,5,1,4,4,2,2,555,281,274
JIM WELLS COUNTY,249,8 Years,611,316,295,98,52,46,2,1,1,4,2,2,507,261,246
JIM WELLS COUNTY,249,9 Years,595,322,273,80,42,38,3,2,1,7,4,3,505,274,231
JIM WELLS COUNTY,249,10 Years,600,321,279,78,45,33,4,3,1,4,2,2,514,271,243
JIM WELLS COUNTY,249,11 Years,567,296,271,76,41,35,1,0,1,5,3,2,485,252,233
JIM WELLS COUNTY,249,12 Years,637,342,295,88,45,43,3,2,1,8,3,5,538,292,246
JIM WELLS COUNTY,249,13 Years,680,367,313,90,44,46,3,2,1,7,3,4,580,318,262
JIM WELLS COUNTY,249,14 Years,677,351,326,112,54,58,3,1,2,4,2,2,558,294,264
JIM WELLS COUNTY,249,15 Years,664,314,350,113,47,66,3,1,2,7,5,2,541,261,280
JIM WELLS COUNTY,249,16 Years,656,347,309,99,48,51,2,0,2,3,3,0,552,296,256
JIM WELLS COUNTY,249,17 Years,677,360,317,108,56,52,1,0,1,3,1,2,565,303,262
JIM WELLS COUNTY,249,18 Years,659,335,324,108,50,58,1,0,1,1,0,1,549,285,264
JIM WELLS COUNTY,249,19 Years,615,322,293,94,47,47,0,0,0,2,1,1,519,274,245
JIM WELLS COUNTY,249,20 Years,608,308,300,78,39,39,2,0,2,9,6,3,519,263,256
JIM WELLS COUNTY,249,21 Years,629,321,308,85,48,37,2,1,1,6,2,4,536,270,266
JIM WELLS COUNTY,249,22 Years,579,278,301,78,43,35,2,0,2,4,1,3,495,234,261
JIM WELLS COUNTY,249,23 Years,532,280,252,69,39,30,3,2,1,7,4,3,453,235,218
JIM WELLS COUNTY,249,24 Years,522,258,264,71,33,38,3,2,1,6,4,2,442,219,223
JIM WELLS COUNTY,249,25 Years,480,256,224,58,32,26,2,2,0,5,2,3,415,220,195
JIM WELLS COUNTY,249,26 Years,502,256,246,70,29,41,3,3,0,2,0,2,427,224,203
JIM WELLS COUNTY,249,27 Years,495,250,245,77,40,37,2,2,0,5,2,3,411,206,205
JIM WELLS COUNTY,249,28 Years,465,221,244,77,38,39,0,0,0,4,1,3,384,182,202
JIM WELLS COUNTY,249,29 Years,456,229,227,77,37,40,4,2,2,5,1,4,370,189,181
JIM WELLS COUNTY,249,30 Years,518,246,272,81,47,34,4,2,2,9,2,7,424,195,229
JIM WELLS COUNTY,249,31 Years,532,278,254,89,47,42,4,2,2,7,3,4,432,226,206
JIM WELLS COUNTY,249,32 Years,486,246,240,89,45,44,3,2,1,6,2,4,388,197,191
JIM WELLS COUNTY,249,33 Years,481,238,243,86,36,50,2,2,0,7,4,3,386,196,190
JIM WELLS COUNTY,249,34 Years,456,221,235,87,39,48,2,2,0,6,4,2,361,176,185
JIM WELLS COUNTY,249,35 Years,480,242,238,90,45,45,4,4,0,5,4,1,381,189,192
JIM WELLS COUNTY,249,36 Years,453,241,212,79,42,37,2,2,0,5,2,3,367,195,172
JIM WELLS COUNTY,249,37 Years,439,209,230,71,30,41,1,1,0,4,1,3,363,177,186
JIM WELLS COUNTY,249,38 Years,467,211,256,76,41,35,1,0,1,2,0,2,388,170,218
JIM WELLS COUNTY,249,39 Years,443,219,224,86,46,40,1,0,1,1,0,1,355,173,182
JIM WELLS COUNTY,249,40 Years,473,247,226,89,49,40,0,0,0,3,2,1,381,196,185
JIM WELLS COUNTY,249,41 Years,501,254,247,93,40,53,2,0,2,3,2,1,403,212,191
JIM WELLS COUNTY,249,42 Years,515,257,258,93,49,44,2,1,1,3,1,2,417,206,211
JIM WELLS COUNTY,249,43 Years,517,243,274,87,47,40,1,1,0,5,2,3,424,193,231
JIM WELLS COUNTY,249,44 Years,472,216,256,77,34,43,2,2,0,3,1,2,390,179,211
JIM WELLS COUNTY,249,45 Years,435,194,241,69,28,41,1,0,1,2,0,2,363,166,197
JIM WELLS COUNTY,249,46 Years,458,211,247,76,35,41,1,0,1,4,2,2,377,174,203
JIM WELLS COUNTY,249,47 Years,504,247,257,90,42,48,2,2,0,5,2,3,407,201,206
JIM WELLS COUNTY,249,48 Years,521,260,261,92,43,49,1,0,1,2,1,1,426,216,210
JIM WELLS COUNTY,249,49 Years,523,255,268,118,51,67,1,0,1,6,4,2,398,200,198
JIM WELLS COUNTY,249,50 Years,521,245,276,126,62,64,2,1,1,4,3,1,389,179,210
JIM WELLS COUNTY,249,51 Years,508,247,261,115,61,54,2,1,1,4,2,2,387,183,204
JIM WELLS COUNTY,249,52 Years,547,265,282,115,57,58,3,3,0,5,3,2,424,202,222
JIM WELLS COUNTY,249,53 Years,555,284,271,136,69,67,2,2,0,6,4,2,411,209,202
JIM WELLS COUNTY,249,54 Years,576,268,308,145,71,74,2,1,1,5,2,3,424,194,230
JIM WELLS COUNTY,249,55 Years,550,273,277,146,79,67,2,1,1,7,4,3,395,189,206
JIM WELLS COUNTY,249,56 Years,590,295,295,150,75,75,2,0,2,8,4,4,430,216,214
JIM WELLS COUNTY,249,57 Years,529,256,273,142,69,73,2,0,2,7,4,3,378,183,195
JIM WELLS COUNTY,249,58 Years,520,231,289,130,64,66,4,4,0,8,4,4,378,159,219
JIM WELLS COUNTY,249,59 Years,508,238,270,131,69,62,3,1,2,4,1,3,370,167,203
JIM WELLS COUNTY,249,60 Years,496,251,245,139,78,61,5,4,1,10,6,4,342,163,179
JIM WELLS COUNTY,249,61 Years,471,227,244,128,62,66,1,1,0,6,3,3,336,161,175
JIM WELLS COUNTY,249,62 Years,451,223,228,119,57,62,1,0,1,4,2,2,327,164,163
JIM WELLS COUNTY,249,63 Years,465,254,211,132,72,60,2,2,0,3,2,1,328,178,150
JIM WELLS COUNTY,249,64 Years,451,229,222,107,53,54,2,1,1,4,2,2,338,173,165
JIM WELLS COUNTY,249,65 Years,430,201,229,94,45,49,2,1,1,7,3,4,327,152,175
JIM WELLS COUNTY,249,66 Years,429,213,216,100,57,43,1,1,0,7,4,3,321,151,170
JIM WELLS COUNTY,249,67 Years,390,194,196,86,45,41,0,0,0,7,5,2,297,144,153
JIM WELLS COUNTY,249,68 Years,369,188,181,80,41,39,0,0,0,4,2,2,285,145,140
JIM WELLS COUNTY,249,69 Years,338,154,184,73,37,36,2,0,2,3,2,1,260,115,145
JIM WELLS COUNTY,249,70 Years,305,132,173,77,41,36,1,0,1,2,1,1,225,90,135
JIM WELLS COUNTY,249,71 Years,274,123,151,80,41,39,0,0,0,2,1,1,192,81,111
JIM WELLS COUNTY,249,72 Years,270,133,137,79,42,37,1,1,0,1,1,0,189,89,100
JIM WELLS COUNTY,249,73 Years,255,132,123,73,40,33,0,0,0,1,1,0,181,91,90
JIM WELLS COUNTY,249,74 Years,251,113,138,76,32,44,2,1,1,3,1,2,170,79,91
JIM WELLS COUNTY,249,75 Years,257,116,141,75,32,43,1,1,0,3,1,2,178,82,96
JIM WELLS COUNTY,249,76 Years,238,102,136,65,26,39,0,0,0,1,0,1,172,76,96
JIM WELLS COUNTY,249,77 Years,228,101,127,57,25,32,0,0,0,2,0,2,169,76,93
JIM WELLS COUNTY,249,78 Years,226,102,124,69,34,35,1,1,0,1,0,1,155,67,88
JIM WELLS COUNTY,249,79 Years,192,85,107,55,26,29,1,1,0,1,0,1,135,58,77
JIM WELLS COUNTY,249,80 Years,174,74,100,55,24,31,0,0,0,1,1,0,118,49,69
JIM WELLS COUNTY,249,81 Years,177,84,93,66,34,32,2,2,0,1,0,1,108,48,60
JIM WELLS COUNTY,249,82 Years,159,75,84,49,24,25,0,0,0,1,0,1,109,51,58
JIM WELLS COUNTY,249,83 Years,164,67,97,51,26,25,1,1,0,0,0,0,112,40,72
JIM WELLS COUNTY,249,84 Years,141,50,91,42,20,22,2,1,1,3,3,0,94,26,68
JIM WELLS COUNTY,249,85 Years +,705,261,444,234,93,141,2,1,1,6,2,4,463,165,298
JOHNSON COUNTY,251,All Ages,157201,78499,78702,116626,57266,59360,4220,2316,1904,4915,2464,2451,31440,16453,14987
JOHNSON COUNTY,251,< 1 Year,2050,1055,995,1394,716,678,43,21,22,66,37,29,547,281,266
JOHNSON COUNTY,251,1 Years,2050,1045,1005,1412,720,692,42,21,21,51,26,25,545,278,267
JOHNSON COUNTY,251,2 Years,2040,1039,1001,1428,727,701,40,20,20,51,27,24,521,265,256
JOHNSON COUNTY,251,3 Years,2079,1077,1002,1359,706,653,47,25,22,82,48,34,591,298,293
JOHNSON COUNTY,251,4 Years,2165,1135,1030,1366,710,656,59,31,28,98,51,47,642,343,299
JOHNSON COUNTY,251,5 Years,2164,1112,1052,1382,706,676,55,27,28,89,48,41,638,331,307
JOHNSON COUNTY,251,6 Years,2206,1127,1079,1418,727,691,54,26,28,92,53,39,642,321,321
JOHNSON COUNTY,251,7 Years,2294,1159,1135,1489,761,728,58,29,29,102,48,54,645,321,324
JOHNSON COUNTY,251,8 Years,2411,1238,1173,1572,813,759,54,27,27,123,60,63,662,338,324
JOHNSON COUNTY,251,9 Years,2400,1241,1159,1570,803,767,62,32,30,107,49,58,661,357,304
JOHNSON COUNTY,251,10 Years,2388,1211,1177,1549,778,771,57,29,28,99,42,57,683,362,321
JOHNSON COUNTY,251,11 Years,2391,1234,1157,1553,806,747,57,26,31,96,46,50,685,356,329
JOHNSON COUNTY,251,12 Years,2477,1271,1206,1602,812,790,72,39,33,100,51,49,703,369,334
JOHNSON COUNTY,251,13 Years,2502,1303,1199,1637,856,781,76,41,35,104,59,45,685,347,338
JOHNSON COUNTY,251,14 Years,2471,1253,1218,1641,831,810,64,28,36,99,58,41,667,336,331
JOHNSON COUNTY,251,15 Years,2542,1295,1247,1670,848,822,71,32,39,107,59,48,694,356,338
JOHNSON COUNTY,251,16 Years,2485,1274,1211,1617,827,790,70,35,35,108,59,49,690,353,337
JOHNSON COUNTY,251,17 Years,2424,1243,1181,1597,813,784,74,40,34,108,57,51,645,333,312
JOHNSON COUNTY,251,18 Years,2343,1214,1129,1546,800,746,70,37,33,110,66,44,617,311,306
JOHNSON COUNTY,251,19 Years,2108,1125,983,1366,730,636,71,39,32,97,53,44,574,303,271
JOHNSON COUNTY,251,20 Years,2087,1092,995,1353,711,642,61,31,30,76,44,32,597,306,291
JOHNSON COUNTY,251,21 Years,2067,1088,979,1317,678,639,73,41,32,87,50,37,590,319,271
JOHNSON COUNTY,251,22 Years,1923,1018,905,1178,623,555,77,40,37,86,44,42,582,311,271
JOHNSON COUNTY,251,23 Years,1938,997,941,1194,588,606,85,43,42,89,41,48,570,325,245
JOHNSON COUNTY,251,24 Years,1799,951,848,1175,586,589,66,35,31,69,38,31,489,292,197
JOHNSON COUNTY,251,25 Years,1736,880,856,1166,554,612,61,42,19,59,28,31,450,256,194
JOHNSON COUNTY,251,26 Years,1781,901,880,1166,560,606,63,38,25,63,29,34,489,274,215
JOHNSON COUNTY,251,27 Years,1771,912,859,1175,579,596,65,39,26,69,37,32,462,257,205
JOHNSON COUNTY,251,28 Years,1756,869,887,1192,576,616,57,35,22,60,29,31,447,229,218
JOHNSON COUNTY,251,29 Years,1851,940,911,1295,637,658,55,36,19,61,35,26,440,232,208
JOHNSON COUNTY,251,30 Years,1950,990,960,1348,654,694,62,43,19,70,34,36,470,259,211
JOHNSON COUNTY,251,31 Years,1960,993,967,1361,663,698,58,42,16,63,32,31,478,256,222
JOHNSON COUNTY,251,32 Years,2056,1038,1018,1414,691,723,69,46,23,61,29,32,512,272,240
JOHNSON COUNTY,251,33 Years,2072,1049,1023,1423,696,727,70,42,28,73,31,42,506,280,226
JOHNSON COUNTY,251,34 Years,1968,1008,960,1372,680,692,52,34,18,64,26,38,480,268,212
JOHNSON COUNTY,251,35 Years,1926,948,978,1344,658,686,46,29,17,64,28,36,472,233,239
JOHNSON COUNTY,251,36 Years,1929,926,1003,1344,649,695,49,26,23,59,27,32,477,224,253
JOHNSON COUNTY,251,37 Years,1907,947,960,1344,679,665,42,23,19,65,28,37,456,217,239
JOHNSON COUNTY,251,38 Years,1948,954,994,1373,664,709,44,25,19,64,27,37,467,238,229
JOHNSON COUNTY,251,39 Years,1892,938,954,1340,652,688,66,34,32,52,23,29,434,229,205
JOHNSON COUNTY,251,40 Years,1991,999,992,1446,711,735,75,46,29,52,24,28,418,218,200
JOHNSON COUNTY,251,41 Years,2121,1045,1076,1590,768,822,59,34,25,56,25,31,416,218,198
JOHNSON COUNTY,251,42 Years,2255,1125,1130,1651,808,843,70,43,27,60,30,30,474,244,230
JOHNSON COUNTY,251,43 Years,2263,1125,1138,1687,831,856,62,40,22,50,22,28,464,232,232
JOHNSON COUNTY,251,44 Years,2158,1070,1088,1634,792,842,51,29,22,62,29,33,411,220,191
JOHNSON COUNTY,251,45 Years,2092,1070,1022,1565,792,773,66,38,28,63,30,33,398,210,188
JOHNSON COUNTY,251,46 Years,2147,1105,1042,1625,826,799,67,43,24,55,26,29,400,210,190
JOHNSON COUNTY,251,47 Years,2168,1125,1043,1669,855,814,69,47,22,54,27,27,376,196,180
JOHNSON COUNTY,251,48 Years,2264,1175,1089,1767,902,865,60,38,22,48,27,21,389,208,181
JOHNSON COUNTY,251,49 Years,2321,1178,1143,1834,919,915,67,42,25,52,29,23,368,188,180
JOHNSON COUNTY,251,50 Years,2303,1155,1148,1844,911,933,65,33,32,65,35,30,329,176,153
JOHNSON COUNTY,251,51 Years,2305,1150,1155,1863,914,949,68,35,33,54,24,30,320,177,143
JOHNSON COUNTY,251,52 Years,2327,1166,1161,1909,943,966,54,29,25,58,27,31,306,167,139
JOHNSON COUNTY,251,53 Years,2399,1230,1169,1957,987,970,64,39,25,67,29,38,311,175,136
JOHNSON COUNTY,251,54 Years,2223,1135,1088,1841,913,928,63,39,24,54,26,28,265,157,108
JOHNSON COUNTY,251,55 Years,2223,1110,1113,1871,919,952,60,32,28,53,21,32,239,138,101
JOHNSON COUNTY,251,56 Years,2070,1036,1034,1746,863,883,60,32,28,57,25,32,207,116,91
JOHNSON COUNTY,251,57 Years,2057,999,1058,1744,836,908,56,29,27,54,21,33,203,113,90
JOHNSON COUNTY,251,58 Years,2005,991,1014,1697,830,867,52,25,27,52,26,26,204,110,94
JOHNSON COUNTY,251,59 Years,1917,954,963,1627,801,826,44,22,22,53,23,30,193,108,85
JOHNSON COUNTY,251,60 Years,1803,889,914,1529,745,784,54,28,26,46,23,23,174,93,81
JOHNSON COUNTY,251,61 Years,1788,868,920,1536,733,803,48,29,19,40,21,19,164,85,79
JOHNSON COUNTY,251,62 Years,1623,777,846,1396,665,731,42,22,20,36,19,17,149,71,78
JOHNSON COUNTY,251,63 Years,1577,755,822,1362,659,703,43,19,24,38,16,22,134,61,73
JOHNSON COUNTY,251,64 Years,1649,778,871,1434,680,754,37,14,23,41,19,22,137,65,72
JOHNSON COUNTY,251,65 Years,1713,819,894,1493,707,786,37,21,16,38,20,18,145,71,74
JOHNSON COUNTY,251,66 Years,1667,788,879,1467,682,785,35,19,16,36,21,15,129,66,63
JOHNSON COUNTY,251,67 Years,1358,650,708,1178,552,626,30,19,11,28,17,11,122,62,60
JOHNSON COUNTY,251,68 Years,1281,627,654,1106,533,573,28,13,15,22,16,6,125,65,60
JOHNSON COUNTY,251,69 Years,1275,613,662,1121,530,591,18,8,10,23,12,11,113,63,50
JOHNSON COUNTY,251,70 Years,1239,586,653,1117,526,591,16,6,10,21,11,10,85,43,42
JOHNSON COUNTY,251,71 Years,1098,515,583,982,455,527,18,8,10,28,16,12,70,36,34
JOHNSON COUNTY,251,72 Years,1000,480,520,901,432,469,14,9,5,19,9,10,66,30,36
JOHNSON COUNTY,251,73 Years,937,453,484,844,409,435,15,10,5,13,3,10,65,31,34
JOHNSON COUNTY,251,74 Years,905,428,477,816,385,431,17,7,10,15,7,8,57,29,28
JOHNSON COUNTY,251,75 Years,841,394,447,764,356,408,12,3,9,15,10,5,50,25,25
JOHNSON COUNTY,251,76 Years,773,366,407,700,333,367,10,4,6,14,7,7,49,22,27
JOHNSON COUNTY,251,77 Years,744,341,403,682,313,369,5,1,4,10,4,6,47,23,24
JOHNSON COUNTY,251,78 Years,666,293,373,616,271,345,7,4,3,9,4,5,34,14,20
JOHNSON COUNTY,251,79 Years,619,282,337,571,261,310,12,5,7,12,6,6,24,10,14
JOHNSON COUNTY,251,80 Years,568,249,319,525,227,298,9,4,5,9,6,3,25,12,13
JOHNSON COUNTY,251,81 Years,508,207,301,470,191,279,7,3,4,7,4,3,24,9,15
JOHNSON COUNTY,251,82 Years,493,212,281,459,200,259,7,3,4,5,1,4,22,8,14
JOHNSON COUNTY,251,83 Years,473,188,285,443,179,264,8,3,5,4,1,3,18,5,13
JOHNSON COUNTY,251,84 Years,418,157,261,387,147,240,8,3,5,5,1,4,18,6,12
JOHNSON COUNTY,251,85 Years +,2269,751,1518,2118,706,1412,34,7,27,19,7,12,98,31,67
JONES COUNTY,253,All Ages,19725,12165,7560,12051,6541,5510,2190,1901,289,359,175,184,5125,3548,1577
JONES COUNTY,253,< 1 Year,177,93,84,118,60,58,9,5,4,3,2,1,47,26,21
JONES COUNTY,253,1 Years,175,90,85,118,60,58,10,5,5,3,2,1,44,23,21
JONES COUNTY,253,2 Years,176,91,85,117,59,58,11,6,5,3,2,1,45,24,21
JONES COUNTY,253,3 Years,191,95,96,115,60,55,7,3,4,5,3,2,64,29,35
JONES COUNTY,253,4 Years,184,98,86,109,60,49,8,4,4,4,3,1,63,31,32
JONES COUNTY,253,5 Years,168,95,73,97,52,45,7,4,3,5,4,1,59,35,24
JONES COUNTY,253,6 Years,179,97,82,111,61,50,4,1,3,7,4,3,57,31,26
JONES COUNTY,253,7 Years,189,98,91,102,54,48,4,2,2,9,6,3,74,36,38
JONES COUNTY,253,8 Years,193,91,102,109,50,59,7,4,3,9,6,3,68,31,37
JONES COUNTY,253,9 Years,198,100,98,116,57,59,7,4,3,11,5,6,64,34,30
JONES COUNTY,253,10 Years,206,102,104,116,61,55,12,3,9,9,3,6,69,35,34
JONES COUNTY,253,11 Years,201,103,98,110,55,55,7,2,5,7,2,5,77,44,33
JONES COUNTY,253,12 Years,207,104,103,120,56,64,13,6,7,10,3,7,64,39,25
JONES COUNTY,253,13 Years,222,126,96,134,77,57,8,4,4,6,2,4,74,43,31
JONES COUNTY,253,14 Years,232,127,105,133,76,57,12,6,6,9,3,6,78,42,36
JONES COUNTY,253,15 Years,215,113,102,119,57,62,13,7,6,9,2,7,74,47,27
JONES COUNTY,253,16 Years,213,110,103,132,63,69,8,4,4,6,2,4,67,41,26
JONES COUNTY,253,17 Years,217,114,103,138,69,69,8,3,5,11,7,4,60,35,25
JONES COUNTY,253,18 Years,230,142,88,147,89,58,8,6,2,7,3,4,68,44,24
JONES COUNTY,253,19 Years,255,163,92,146,78,68,28,27,1,4,2,2,77,56,21
JONES COUNTY,253,20 Years,281,188,93,138,75,63,40,37,3,5,3,2,98,73,25
JONES COUNTY,253,21 Years,291,203,88,133,77,56,51,44,7,5,4,1,102,78,24
JONES COUNTY,253,22 Years,293,220,73,139,89,50,60,55,5,2,1,1,92,75,17
JONES COUNTY,253,23 Years,298,223,75,130,79,51,61,60,1,2,1,1,105,83,22
JONES COUNTY,253,24 Years,334,270,64,140,91,49,71,71,0,3,2,1,120,106,14
JONES COUNTY,253,25 Years,305,229,76,123,76,47,74,69,5,2,1,1,106,83,23
JONES COUNTY,253,26 Years,310,244,66,128,88,40,72,68,4,3,2,1,107,86,21
JONES COUNTY,253,27 Years,314,247,67,122,76,46,79,76,3,4,2,2,109,93,16
JONES COUNTY,253,28 Years,317,238,79,143,89,54,63,60,3,3,2,1,108,87,21
JONES COUNTY,253,29 Years,294,224,70,123,77,46,47,45,2,2,2,0,122,100,22
JONES COUNTY,253,30 Years,311,241,70,141,97,44,69,65,4,2,1,1,99,78,21
JONES COUNTY,253,31 Years,306,232,74,142,90,52,64,63,1,4,0,4,96,79,17
JONES COUNTY,253,32 Years,306,219,87,153,89,64,53,51,2,5,2,3,95,77,18
JONES COUNTY,253,33 Years,306,220,86,142,84,58,50,47,3,2,0,2,112,89,23
JONES COUNTY,253,34 Years,301,231,70,142,92,50,57,54,3,2,1,1,100,84,16
JONES COUNTY,253,35 Years,297,229,68,148,99,49,53,49,4,5,5,0,91,76,15
JONES COUNTY,253,36 Years,288,223,65,139,91,48,61,58,3,2,2,0,86,72,14
JONES COUNTY,253,37 Years,277,200,77,133,77,56,55,52,3,2,2,0,87,69,18
JONES COUNTY,253,38 Years,299,207,92,142,76,66,66,63,3,4,2,2,87,66,21
JONES COUNTY,253,39 Years,285,206,79,140,79,61,48,46,2,3,2,1,94,79,15
JONES COUNTY,253,40 Years,287,203,84,158,95,63,38,37,1,6,3,3,85,68,17
JONES COUNTY,253,41 Years,303,217,86,165,103,62,51,49,2,7,3,4,80,62,18
JONES COUNTY,253,42 Years,280,190,90,155,90,65,42,37,5,4,1,3,79,62,17
JONES COUNTY,253,43 Years,320,211,109,194,109,85,39,34,5,4,2,2,83,66,17
JONES COUNTY,253,44 Years,304,211,93,175,103,72,43,40,3,5,3,2,81,65,16
JONES COUNTY,253,45 Years,266,183,83,161,93,68,41,40,1,3,1,2,61,49,12
JONES COUNTY,253,46 Years,270,186,84,174,108,66,33,30,3,4,2,2,59,46,13
JONES COUNTY,253,47 Years,292,200,92,181,111,70,35,32,3,4,2,2,72,55,17
JONES COUNTY,253,48 Years,329,224,105,200,121,79,42,38,4,7,5,2,80,60,20
JONES COUNTY,253,49 Years,313,201,112,202,115,87,35,32,3,4,2,2,72,52,20
JONES COUNTY,253,50 Years,302,187,115,196,106,90,39,36,3,5,3,2,62,42,20
JONES COUNTY,253,51 Years,296,185,111,200,110,90,36,33,3,3,1,2,57,41,16
JONES COUNTY,253,52 Years,308,178,130,207,109,98,42,36,6,3,2,1,56,31,25
JONES COUNTY,253,53 Years,281,156,125,193,99,94,33,29,4,2,1,1,53,27,26
JONES COUNTY,253,54 Years,266,165,101,189,113,76,25,19,6,6,4,2,46,29,17
JONES COUNTY,253,55 Years,244,140,104,169,89,80,23,15,8,4,2,2,48,34,14
JONES COUNTY,253,56 Years,247,133,114,175,91,84,13,7,6,4,2,2,55,33,22
JONES COUNTY,253,57 Years,262,143,119,189,97,92,16,12,4,5,2,3,52,32,20
JONES COUNTY,253,58 Years,257,139,118,192,98,94,18,16,2,8,4,4,39,21,18
JONES COUNTY,253,59 Years,236,121,115,181,88,93,16,11,5,5,2,3,34,20,14
JONES COUNTY,253,60 Years,218,115,103,166,86,80,19,12,7,2,1,1,31,16,15
JONES COUNTY,253,61 Years,225,120,105,173,89,84,8,5,3,5,3,2,39,23,16
JONES COUNTY,253,62 Years,224,129,95,166,93,73,12,8,4,5,3,2,41,25,16
JONES COUNTY,253,63 Years,203,114,89,161,90,71,7,6,1,4,0,4,31,18,13
JONES COUNTY,253,64 Years,201,108,93,162,83,79,9,7,2,4,1,3,26,17,9
JONES COUNTY,253,65 Years,223,108,115,181,88,93,5,3,2,2,2,0,35,15,20
JONES COUNTY,253,66 Years,218,119,99,183,101,82,4,2,2,2,1,1,29,15,14
JONES COUNTY,253,67 Years,169,93,76,135,75,60,2,0,2,3,1,2,29,17,12
JONES COUNTY,253,68 Years,160,85,75,130,65,65,3,3,0,1,0,1,26,17,9
JONES COUNTY,253,69 Years,180,78,102,135,52,83,6,3,3,2,0,2,37,23,14
JONES COUNTY,253,70 Years,170,82,88,136,63,73,5,3,2,2,0,2,27,16,11
JONES COUNTY,253,71 Years,144,73,71,124,63,61,5,2,3,1,0,1,14,8,6
JONES COUNTY,253,72 Years,152,74,78,124,59,65,7,3,4,3,2,1,18,10,8
JONES COUNTY,253,73 Years,147,73,74,116,59,57,2,0,2,5,3,2,24,11,13
JONES COUNTY,253,74 Years,125,61,64,101,48,53,5,2,3,1,1,0,18,10,8
JONES COUNTY,253,75 Years,127,61,66,107,52,55,3,1,2,4,2,2,13,6,7
JONES COUNTY,253,76 Years,123,57,66,104,50,54,6,4,2,1,0,1,12,3,9
JONES COUNTY,253,77 Years,106,46,60,92,41,51,6,3,3,0,0,0,8,2,6
JONES COUNTY,253,78 Years,95,41,54,75,34,41,3,1,2,1,1,0,16,5,11
JONES COUNTY,253,79 Years,84,28,56,65,23,42,4,0,4,3,1,2,12,4,8
JONES COUNTY,253,80 Years,76,32,44,63,27,36,2,1,1,2,0,2,9,4,5
JONES COUNTY,253,81 Years,89,34,55,73,27,46,3,3,0,2,0,2,11,4,7
JONES COUNTY,253,82 Years,70,30,40,58,24,34,6,3,3,0,0,0,6,3,3
JONES COUNTY,253,83 Years,73,28,45,61,24,37,2,0,2,1,0,1,9,4,5
JONES COUNTY,253,84 Years,65,24,41,51,18,33,1,0,1,1,1,0,12,5,7
JONES COUNTY,253,85 Years +,354,133,221,305,114,191,10,4,6,10,2,8,29,13,16
KARNES COUNTY,255,All Ages,15067,8967,6100,5985,3233,2752,1341,1246,95,143,66,77,7598,4422,3176
KARNES COUNTY,255,< 1 Year,154,77,77,44,22,22,3,1,2,2,1,1,105,53,52
KARNES COUNTY,255,1 Years,144,73,71,42,21,21,4,2,2,1,0,1,97,50,47
KARNES COUNTY,255,2 Years,140,72,68,41,21,20,4,2,2,1,0,1,94,49,45
KARNES COUNTY,255,3 Years,156,80,76,50,32,18,4,2,2,3,0,3,99,46,53
KARNES COUNTY,255,4 Years,150,76,74,38,25,13,3,1,2,3,1,2,106,49,57
KARNES COUNTY,255,5 Years,151,72,79,45,21,24,2,1,1,2,1,1,102,49,53
KARNES COUNTY,255,6 Years,166,83,83,48,25,23,5,3,2,4,2,2,109,53,56
KARNES COUNTY,255,7 Years,179,90,89,56,31,25,7,5,2,5,2,3,111,52,59
KARNES COUNTY,255,8 Years,151,75,76,48,28,20,5,4,1,2,0,2,96,43,53
KARNES COUNTY,255,9 Years,154,81,73,47,23,24,4,3,1,2,0,2,101,55,46
KARNES COUNTY,255,10 Years,175,95,80,63,30,33,1,1,0,3,2,1,108,62,46
KARNES COUNTY,255,11 Years,157,79,78,51,24,27,2,1,1,4,1,3,100,53,47
KARNES COUNTY,255,12 Years,169,81,88,57,26,31,2,1,1,3,3,0,107,51,56
KARNES COUNTY,255,13 Years,175,85,90,59,26,33,1,0,1,2,1,1,113,58,55
KARNES COUNTY,255,14 Years,171,87,84,58,29,29,4,2,2,3,2,1,106,54,52
KARNES COUNTY,255,15 Years,165,88,77,57,33,24,2,1,1,3,2,1,103,52,51
KARNES COUNTY,255,16 Years,171,88,83,67,34,33,1,0,1,0,0,0,103,54,49
KARNES COUNTY,255,17 Years,163,89,74,61,32,29,3,3,0,1,0,1,98,54,44
KARNES COUNTY,255,18 Years,170,93,77,61,34,27,7,5,2,2,1,1,100,53,47
KARNES COUNTY,255,19 Years,188,117,71,62,37,25,18,16,2,1,0,1,107,64,43
KARNES COUNTY,255,20 Years,211,134,77,65,39,26,20,18,2,2,1,1,124,76,48
KARNES COUNTY,255,21 Years,230,157,73,66,41,25,30,30,0,3,1,2,131,85,46
KARNES COUNTY,255,22 Years,237,161,76,58,32,26,38,38,0,1,0,1,140,91,49
KARNES COUNTY,255,23 Years,266,191,75,61,40,21,47,46,1,3,2,1,155,103,52
KARNES COUNTY,255,24 Years,245,189,56,55,38,17,55,54,1,1,1,0,134,96,38
KARNES COUNTY,255,25 Years,279,208,71,72,46,26,59,56,3,2,1,1,146,105,41
KARNES COUNTY,255,26 Years,264,200,64,71,45,26,54,53,1,1,0,1,138,102,36
KARNES COUNTY,255,27 Years,241,170,71,58,34,24,54,52,2,5,2,3,124,82,42
KARNES COUNTY,255,28 Years,242,181,61,61,38,23,51,49,2,6,5,1,124,89,35
KARNES COUNTY,255,29 Years,256,200,56,64,43,21,65,63,2,3,3,0,124,91,33
KARNES COUNTY,255,30 Years,232,179,53,64,44,20,47,46,1,1,1,0,120,88,32
KARNES COUNTY,255,31 Years,243,184,59,63,42,21,53,51,2,2,1,1,125,90,35
KARNES COUNTY,255,32 Years,247,181,66,70,46,24,36,35,1,1,0,1,140,100,40
KARNES COUNTY,255,33 Years,254,186,68,69,43,26,44,44,0,1,1,0,140,98,42
KARNES COUNTY,255,34 Years,220,157,63,46,24,22,51,49,2,2,1,1,121,83,38
KARNES COUNTY,255,35 Years,207,152,55,56,35,21,44,43,1,2,1,1,105,73,32
KARNES COUNTY,255,36 Years,212,152,60,51,32,19,36,36,0,1,1,0,124,83,41
KARNES COUNTY,255,37 Years,201,145,56,58,37,21,39,38,1,2,2,0,102,68,34
KARNES COUNTY,255,38 Years,190,134,56,51,33,18,28,27,1,2,2,0,109,72,37
KARNES COUNTY,255,39 Years,186,125,61,56,33,23,28,26,2,2,0,2,100,66,34
KARNES COUNTY,255,40 Years,180,118,62,54,34,20,27,26,1,2,1,1,97,57,40
KARNES COUNTY,255,41 Years,198,137,61,66,44,22,19,18,1,0,0,0,113,75,38
KARNES COUNTY,255,42 Years,204,138,66,75,44,31,26,26,0,0,0,0,103,68,35
KARNES COUNTY,255,43 Years,207,133,74,86,53,33,20,18,2,1,1,0,100,61,39
KARNES COUNTY,255,44 Years,182,126,56,59,33,26,25,23,2,2,2,0,96,68,28
KARNES COUNTY,255,45 Years,186,114,72,76,38,38,22,22,0,1,0,1,87,54,33
KARNES COUNTY,255,46 Years,194,122,72,73,36,37,23,23,0,3,3,0,95,60,35
KARNES COUNTY,255,47 Years,197,122,75,77,43,34,19,19,0,3,1,2,98,59,39
KARNES COUNTY,255,48 Years,230,137,93,108,62,46,19,18,1,6,2,4,97,55,42
KARNES COUNTY,255,49 Years,236,151,85,117,69,48,21,20,1,3,2,1,95,60,35
KARNES COUNTY,255,50 Years,210,134,76,97,56,41,17,17,0,2,1,1,94,60,34
KARNES COUNTY,255,51 Years,209,135,74,94,64,30,12,11,1,2,1,1,101,59,42
KARNES COUNTY,255,52 Years,212,131,81,97,61,36,16,14,2,3,1,2,96,55,41
KARNES COUNTY,255,53 Years,193,110,83,106,61,45,11,9,2,2,1,1,74,39,35
KARNES COUNTY,255,54 Years,192,104,88,96,50,46,7,5,2,1,0,1,88,49,39
KARNES COUNTY,255,55 Years,196,94,102,99,44,55,6,5,1,1,0,1,90,45,45
KARNES COUNTY,255,56 Years,210,108,102,105,51,54,8,5,3,3,0,3,94,52,42
KARNES COUNTY,255,57 Years,203,107,96,111,56,55,6,4,2,1,0,1,85,47,38
KARNES COUNTY,255,58 Years,200,101,99,109,59,50,7,4,3,0,0,0,84,38,46
KARNES COUNTY,255,59 Years,200,102,98,108,53,55,10,8,2,2,1,1,80,40,40
KARNES COUNTY,255,60 Years,206,108,98,115,56,59,8,7,1,2,0,2,81,45,36
KARNES COUNTY,255,61 Years,177,85,92,104,48,56,4,4,0,2,1,1,67,32,35
KARNES COUNTY,255,62 Years,162,80,82,94,48,46,1,1,0,2,1,1,65,30,35
KARNES COUNTY,255,63 Years,149,78,71,84,48,36,3,3,0,1,0,1,61,27,34
KARNES COUNTY,255,64 Years,151,80,71,93,51,42,1,1,0,0,0,0,57,28,29
KARNES COUNTY,255,65 Years,171,91,80,103,57,46,3,2,1,0,0,0,65,32,33
KARNES COUNTY,255,66 Years,168,91,77,102,56,46,6,5,1,0,0,0,60,30,30
KARNES COUNTY,255,67 Years,124,58,66,71,35,36,3,2,1,1,0,1,49,21,28
KARNES COUNTY,255,68 Years,107,50,57,57,27,30,3,2,1,0,0,0,47,21,26
KARNES COUNTY,255,69 Years,110,53,57,67,34,33,3,2,1,1,1,0,39,16,23
KARNES COUNTY,255,70 Years,100,51,49,60,31,29,2,1,1,1,1,0,37,18,19
KARNES COUNTY,255,71 Years,95,46,49,56,25,31,2,2,0,0,0,0,37,19,18
KARNES COUNTY,255,72 Years,104,55,49,64,34,30,1,1,0,0,0,0,39,20,19
KARNES COUNTY,255,73 Years,94,46,48,62,34,28,0,0,0,1,0,1,31,12,19
KARNES COUNTY,255,74 Years,102,48,54,65,33,32,3,1,2,2,0,2,32,14,18
KARNES COUNTY,255,75 Years,100,44,56,59,26,33,1,0,1,1,0,1,39,18,21
KARNES COUNTY,255,76 Years,89,46,43,56,25,31,2,2,0,0,0,0,31,19,12
KARNES COUNTY,255,77 Years,91,39,52,62,28,34,1,0,1,0,0,0,28,11,17
KARNES COUNTY,255,78 Years,86,34,52,51,23,28,0,0,0,0,0,0,35,11,24
KARNES COUNTY,255,79 Years,83,31,52,49,20,29,1,1,0,1,0,1,32,10,22
KARNES COUNTY,255,80 Years,85,37,48,56,24,32,1,1,0,0,0,0,28,12,16
KARNES COUNTY,255,81 Years,71,32,39,47,21,26,0,0,0,0,0,0,24,11,13
KARNES COUNTY,255,82 Years,66,25,41,43,14,29,1,1,0,0,0,0,22,10,12
KARNES COUNTY,255,83 Years,68,32,36,46,19,27,1,1,0,0,0,0,21,12,9
KARNES COUNTY,255,84 Years,53,27,26,34,17,17,1,0,1,0,0,0,18,10,8
KARNES COUNTY,255,85 Years +,304,109,195,202,69,133,7,3,4,0,0,0,95,37,58
KAUFMAN COUNTY,257,All Ages,108298,52962,55336,73534,35734,37800,11243,5359,5884,3261,1549,1712,20260,10320,9940
KAUFMAN COUNTY,257,< 1 Year,1418,726,692,851,438,413,143,73,70,40,19,21,384,196,188
KAUFMAN COUNTY,257,1 Years,1388,708,680,845,431,414,133,68,65,30,15,15,380,194,186
KAUFMAN COUNTY,257,2 Years,1361,696,665,845,431,414,127,65,62,32,17,15,357,183,174
KAUFMAN COUNTY,257,3 Years,1357,682,675,794,396,398,138,67,71,59,30,29,366,189,177
KAUFMAN COUNTY,257,4 Years,1402,696,706,811,397,414,138,72,66,66,31,35,387,196,191
KAUFMAN COUNTY,257,5 Years,1535,739,796,903,416,487,156,79,77,78,36,42,398,208,190
KAUFMAN COUNTY,257,6 Years,1586,793,793,948,468,480,163,87,76,81,38,43,394,200,194
KAUFMAN COUNTY,257,7 Years,1663,832,831,969,490,479,147,72,75,86,43,43,461,227,234
KAUFMAN COUNTY,257,8 Years,1650,841,809,944,480,464,166,84,82,87,42,45,453,235,218
KAUFMAN COUNTY,257,9 Years,1705,884,821,985,522,463,167,83,84,77,39,38,476,240,236
KAUFMAN COUNTY,257,10 Years,1748,895,853,1021,523,498,167,88,79,77,37,40,483,247,236
KAUFMAN COUNTY,257,11 Years,1835,925,910,1085,539,546,182,87,95,78,40,38,490,259,231
KAUFMAN COUNTY,257,12 Years,1933,980,953,1147,585,562,190,88,102,83,42,41,513,265,248
KAUFMAN COUNTY,257,13 Years,1915,991,924,1135,577,558,181,88,93,77,43,34,522,283,239
KAUFMAN COUNTY,257,14 Years,1875,969,906,1141,580,561,192,103,89,66,35,31,476,251,225
KAUFMAN COUNTY,257,15 Years,1859,975,884,1115,590,525,179,98,81,70,36,34,495,251,244
KAUFMAN COUNTY,257,16 Years,1835,975,860,1122,586,536,195,109,86,59,30,29,459,250,209
KAUFMAN COUNTY,257,17 Years,1792,936,856,1081,566,515,205,101,104,57,26,31,449,243,206
KAUFMAN COUNTY,257,18 Years,1678,896,782,1003,548,455,205,101,104,61,29,32,409,218,191
KAUFMAN COUNTY,257,19 Years,1523,776,747,874,455,419,198,98,100,57,28,29,394,195,199
KAUFMAN COUNTY,257,20 Years,1437,720,717,809,413,396,201,95,106,55,28,27,372,184,188
KAUFMAN COUNTY,257,21 Years,1340,669,671,763,393,370,221,105,116,42,20,22,314,151,163
KAUFMAN COUNTY,257,22 Years,1172,597,575,653,341,312,193,87,106,41,23,18,285,146,139
KAUFMAN COUNTY,257,23 Years,1118,571,547,645,339,306,166,75,91,37,21,16,270,136,134
KAUFMAN COUNTY,257,24 Years,1074,535,539,623,308,315,139,66,73,34,20,14,278,141,137
KAUFMAN COUNTY,257,25 Years,1037,504,533,633,294,339,106,55,51,32,15,17,266,140,126
KAUFMAN COUNTY,257,26 Years,1121,561,560,706,341,365,118,62,56,37,15,22,260,143,117
KAUFMAN COUNTY,257,27 Years,1153,564,589,712,342,370,130,59,71,34,15,19,277,148,129
KAUFMAN COUNTY,257,28 Years,1138,547,591,709,345,364,129,62,67,30,13,17,270,127,143
KAUFMAN COUNTY,257,29 Years,1192,569,623,769,363,406,126,57,69,31,15,16,266,134,132
KAUFMAN COUNTY,257,30 Years,1302,609,693,829,375,454,132,64,68,35,15,20,306,155,151
KAUFMAN COUNTY,257,31 Years,1344,627,717,872,397,475,139,73,66,37,14,23,296,143,153
KAUFMAN COUNTY,257,32 Years,1469,687,782,979,448,531,129,67,62,35,17,18,326,155,171
KAUFMAN COUNTY,257,33 Years,1508,717,791,1018,473,545,117,59,58,34,16,18,339,169,170
KAUFMAN COUNTY,257,34 Years,1503,710,793,1020,479,541,124,58,66,36,16,20,323,157,166
KAUFMAN COUNTY,257,35 Years,1525,729,796,1010,479,531,145,71,74,33,15,18,337,164,173
KAUFMAN COUNTY,257,36 Years,1535,742,793,999,486,513,143,61,82,41,17,24,352,178,174
KAUFMAN COUNTY,257,37 Years,1591,765,826,1063,521,542,147,57,90,39,16,23,342,171,171
KAUFMAN COUNTY,257,38 Years,1625,788,837,1080,530,550,159,70,89,38,14,24,348,174,174
KAUFMAN COUNTY,257,39 Years,1592,758,834,1062,505,557,166,79,87,44,19,25,320,155,165
KAUFMAN COUNTY,257,40 Years,1576,740,836,1034,483,551,180,87,93,48,18,30,314,152,162
KAUFMAN COUNTY,257,41 Years,1634,758,876,1098,508,590,182,87,95,42,20,22,312,143,169
KAUFMAN COUNTY,257,42 Years,1659,785,874,1141,544,597,181,81,100,39,19,20,298,141,157
KAUFMAN COUNTY,257,43 Years,1665,819,846,1141,564,577,183,89,94,50,25,25,291,141,150
KAUFMAN COUNTY,257,44 Years,1588,765,823,1071,512,559,178,85,93,51,26,25,288,142,146
KAUFMAN COUNTY,257,45 Years,1489,733,756,1013,492,521,173,82,91,40,19,21,263,140,123
KAUFMAN COUNTY,257,46 Years,1495,725,770,1037,491,546,173,85,88,34,16,18,251,133,118
KAUFMAN COUNTY,257,47 Years,1475,701,774,1014,475,539,198,95,103,33,13,20,230,118,112
KAUFMAN COUNTY,257,48 Years,1524,733,791,1044,504,540,195,89,106,39,18,21,246,122,124
KAUFMAN COUNTY,257,49 Years,1599,779,820,1136,555,581,184,81,103,39,20,19,240,123,117
KAUFMAN COUNTY,257,50 Years,1564,771,793,1139,558,581,165,74,91,32,16,16,228,123,105
KAUFMAN COUNTY,257,51 Years,1528,767,761,1130,572,558,165,74,91,32,12,20,201,109,92
KAUFMAN COUNTY,257,52 Years,1568,779,789,1178,589,589,161,72,89,39,18,21,190,100,90
KAUFMAN COUNTY,257,53 Years,1582,782,800,1214,595,619,153,71,82,42,23,19,173,93,80
KAUFMAN COUNTY,257,54 Years,1490,741,749,1163,565,598,145,70,75,40,22,18,142,84,58
KAUFMAN COUNTY,257,55 Years,1516,748,768,1196,590,606,157,70,87,37,20,17,126,68,58
KAUFMAN COUNTY,257,56 Years,1442,712,730,1142,559,583,144,71,73,36,15,21,120,67,53
KAUFMAN COUNTY,257,57 Years,1385,672,713,1069,512,557,141,69,72,45,21,24,130,70,60
KAUFMAN COUNTY,257,58 Years,1363,660,703,1071,520,551,128,56,72,40,19,21,124,65,59
KAUFMAN COUNTY,257,59 Years,1295,648,647,1033,514,519,119,57,62,32,17,15,111,60,51
KAUFMAN COUNTY,257,60 Years,1257,630,627,1003,499,504,119,59,60,32,16,16,103,56,47
KAUFMAN COUNTY,257,61 Years,1169,563,606,938,452,486,116,58,58,27,12,15,88,41,47
KAUFMAN COUNTY,257,62 Years,1095,527,568,865,412,453,119,61,58,26,12,14,85,42,43
KAUFMAN COUNTY,257,63 Years,1098,520,578,884,420,464,112,53,59,30,11,19,72,36,36
KAUFMAN COUNTY,257,64 Years,1068,528,540,868,433,435,103,50,53,26,13,13,71,32,39
KAUFMAN COUNTY,257,65 Years,1037,502,535,836,411,425,101,43,58,20,8,12,80,40,40
KAUFMAN COUNTY,257,66 Years,976,467,509,804,392,412,90,36,54,22,8,14,60,31,29
KAUFMAN COUNTY,257,67 Years,874,409,465,704,339,365,84,33,51,24,8,16,62,29,33
KAUFMAN COUNTY,257,68 Years,817,367,450,660,299,361,74,32,42,22,8,14,61,28,33
KAUFMAN COUNTY,257,69 Years,769,358,411,625,288,337,69,34,35,19,8,11,56,28,28
KAUFMAN COUNTY,257,70 Years,740,336,404,620,278,342,59,30,29,18,9,9,43,19,24
KAUFMAN COUNTY,257,71 Years,686,319,367,574,270,304,57,29,28,17,6,11,38,14,24
KAUFMAN COUNTY,257,72 Years,633,303,330,528,256,272,55,24,31,18,6,12,32,17,15
KAUFMAN COUNTY,257,73 Years,573,281,292,483,239,244,54,21,33,13,8,5,23,13,10
KAUFMAN COUNTY,257,74 Years,547,260,287,462,220,242,51,22,29,8,3,5,26,15,11
KAUFMAN COUNTY,257,75 Years,465,214,251,388,177,211,41,19,22,9,5,4,27,13,14
KAUFMAN COUNTY,257,76 Years,428,199,229,346,164,182,41,15,26,12,7,5,29,13,16
KAUFMAN COUNTY,257,77 Years,392,181,211,332,158,174,32,12,20,12,3,9,16,8,8
KAUFMAN COUNTY,257,78 Years,387,165,222,337,140,197,24,10,14,12,5,7,14,10,4
KAUFMAN COUNTY,257,79 Years,354,148,206,311,130,181,26,10,16,6,3,3,11,5,6
KAUFMAN COUNTY,257,80 Years,345,147,198,298,127,171,31,12,19,3,2,1,13,6,7
KAUFMAN COUNTY,257,81 Years,301,128,173,263,114,149,24,9,15,4,1,3,10,4,6
KAUFMAN COUNTY,257,82 Years,284,112,172,250,101,149,19,8,11,2,0,2,13,3,10
KAUFMAN COUNTY,257,83 Years,249,96,153,228,89,139,12,4,8,1,1,0,8,2,6
KAUFMAN COUNTY,257,84 Years,217,79,138,190,71,119,15,4,11,3,0,3,9,4,5
KAUFMAN COUNTY,257,85 Years +,1266,421,845,1100,363,737,108,33,75,19,9,10,39,16,23
KENDALL COUNTY,259,All Ages,37673,18235,19438,28638,13617,15021,148,86,62,809,402,407,8078,4130,3948
KENDALL COUNTY,259,< 1 Year,353,183,170,209,107,102,1,1,0,10,5,5,133,70,63
KENDALL COUNTY,259,1 Years,356,182,174,208,106,102,1,0,1,9,5,4,138,71,67
KENDALL COUNTY,259,2 Years,347,178,169,207,105,102,1,1,0,9,5,4,130,67,63
KENDALL COUNTY,259,3 Years,348,176,172,216,109,107,1,1,0,7,5,2,124,61,63
KENDALL COUNTY,259,4 Years,345,173,172,216,108,108,1,1,0,10,6,4,118,58,60
KENDALL COUNTY,259,5 Years,384,200,184,242,128,114,1,1,0,6,3,3,135,68,67
KENDALL COUNTY,259,6 Years,375,194,181,248,131,117,1,1,0,7,3,4,119,59,60
KENDALL COUNTY,259,7 Years,422,203,219,278,133,145,2,1,1,11,4,7,131,65,66
KENDALL COUNTY,259,8 Years,474,222,252,306,142,164,1,0,1,20,8,12,147,72,75
KENDALL COUNTY,259,9 Years,477,241,236,335,161,174,2,1,1,11,7,4,129,72,57
KENDALL COUNTY,259,10 Years,491,243,248,340,166,174,4,1,3,8,4,4,139,72,67
KENDALL COUNTY,259,11 Years,533,282,251,356,180,176,2,2,0,17,7,10,158,93,65
KENDALL COUNTY,259,12 Years,569,294,275,384,192,192,1,1,0,14,7,7,170,94,76
KENDALL COUNTY,259,13 Years,597,294,303,416,201,215,2,1,1,10,4,6,169,88,81
KENDALL COUNTY,259,14 Years,602,317,285,413,209,204,3,2,1,14,8,6,172,98,74
KENDALL COUNTY,259,15 Years,599,311,288,410,209,201,4,2,2,24,10,14,161,90,71
KENDALL COUNTY,259,16 Years,607,314,293,398,201,197,4,2,2,23,10,13,182,101,81
KENDALL COUNTY,259,17 Years,645,334,311,432,217,215,4,2,2,20,12,8,189,103,86
KENDALL COUNTY,259,18 Years,588,282,306,392,191,201,7,3,4,18,10,8,171,78,93
KENDALL COUNTY,259,19 Years,486,235,251,314,149,165,2,1,1,14,9,5,156,76,80
KENDALL COUNTY,259,20 Years,474,234,240,304,153,151,5,3,2,11,7,4,154,71,83
KENDALL COUNTY,259,21 Years,433,218,215,285,148,137,3,2,1,11,6,5,134,62,72
KENDALL COUNTY,259,22 Years,375,197,178,233,119,114,1,1,0,9,6,3,132,71,61
KENDALL COUNTY,259,23 Years,317,177,140,207,117,90,1,0,1,5,5,0,104,55,49
KENDALL COUNTY,259,24 Years,304,177,127,197,120,77,0,0,0,11,8,3,96,49,47
KENDALL COUNTY,259,25 Years,299,156,143,193,95,98,2,2,0,9,6,3,95,53,42
KENDALL COUNTY,259,26 Years,269,138,131,157,81,76,2,2,0,6,4,2,104,51,53
KENDALL COUNTY,259,27 Years,290,158,132,186,105,81,1,1,0,5,3,2,98,49,49
KENDALL COUNTY,259,28 Years,269,147,122,160,80,80,1,0,1,5,4,1,103,63,40
KENDALL COUNTY,259,29 Years,260,132,128,159,77,82,1,0,1,2,1,1,98,54,44
KENDALL COUNTY,259,30 Years,283,144,139,180,89,91,1,1,0,3,1,2,99,53,46
KENDALL COUNTY,259,31 Years,296,150,146,192,92,100,1,1,0,6,2,4,97,55,42
KENDALL COUNTY,259,32 Years,319,158,161,202,96,106,1,1,0,5,1,4,111,60,51
KENDALL COUNTY,259,33 Years,320,153,167,213,97,116,0,0,0,4,2,2,103,54,49
KENDALL COUNTY,259,34 Years,336,151,185,218,94,124,2,0,2,9,3,6,107,54,53
KENDALL COUNTY,259,35 Years,340,160,180,234,104,130,2,2,0,6,3,3,98,51,47
KENDALL COUNTY,259,36 Years,355,179,176,246,122,124,2,1,1,6,3,3,101,53,48
KENDALL COUNTY,259,37 Years,386,200,186,262,132,130,1,0,1,7,4,3,116,64,52
KENDALL COUNTY,259,38 Years,410,203,207,290,141,149,1,1,0,9,4,5,110,57,53
KENDALL COUNTY,259,39 Years,402,197,205,291,143,148,0,0,0,9,5,4,102,49,53
KENDALL COUNTY,259,40 Years,419,199,220,296,140,156,0,0,0,5,2,3,118,57,61
KENDALL COUNTY,259,41 Years,452,213,239,332,150,182,1,1,0,9,3,6,110,59,51
KENDALL COUNTY,259,42 Years,498,212,286,385,161,224,2,0,2,11,4,7,100,47,53
KENDALL COUNTY,259,43 Years,487,216,271,379,167,212,3,1,2,13,6,7,92,42,50
KENDALL COUNTY,259,44 Years,473,221,252,370,171,199,1,1,0,11,6,5,91,43,48
KENDALL COUNTY,259,45 Years,497,222,275,367,159,208,3,2,1,14,8,6,113,53,60
KENDALL COUNTY,259,46 Years,525,246,279,390,183,207,2,2,0,15,8,7,118,53,65
KENDALL COUNTY,259,47 Years,543,268,275,410,202,208,0,0,0,13,6,7,120,60,60
KENDALL COUNTY,259,48 Years,639,299,340,493,228,265,1,1,0,15,7,8,130,63,67
KENDALL COUNTY,259,49 Years,656,312,344,499,232,267,2,1,1,19,9,10,136,70,66
KENDALL COUNTY,259,50 Years,627,295,332,506,235,271,3,2,1,16,5,11,102,53,49
KENDALL COUNTY,259,51 Years,644,288,356,515,226,289,5,3,2,10,2,8,114,57,57
KENDALL COUNTY,259,52 Years,633,293,340,513,233,280,3,1,2,10,3,7,107,56,51
KENDALL COUNTY,259,53 Years,633,299,334,516,242,274,1,0,1,11,5,6,105,52,53
KENDALL COUNTY,259,54 Years,619,290,329,523,245,278,2,2,0,12,5,7,82,38,44
KENDALL COUNTY,259,55 Years,631,302,329,534,244,290,2,2,0,13,8,5,82,48,34
KENDALL COUNTY,259,56 Years,633,309,324,530,254,276,4,2,2,10,7,3,89,46,43
KENDALL COUNTY,259,57 Years,578,260,318,489,216,273,1,0,1,11,4,7,77,40,37
KENDALL COUNTY,259,58 Years,604,277,327,520,232,288,2,1,1,14,10,4,68,34,34
KENDALL COUNTY,259,59 Years,618,299,319,535,254,281,0,0,0,12,8,4,71,37,34
KENDALL COUNTY,259,60 Years,575,278,297,497,237,260,2,1,1,9,6,3,67,34,33
KENDALL COUNTY,259,61 Years,547,252,295,471,212,259,4,3,1,9,5,4,63,32,31
KENDALL COUNTY,259,62 Years,575,274,301,496,229,267,7,5,2,7,2,5,65,38,27
KENDALL COUNTY,259,63 Years,569,268,301,490,227,263,4,2,2,9,2,7,66,37,29
KENDALL COUNTY,259,64 Years,552,271,281,479,237,242,3,2,1,7,2,5,63,30,33
KENDALL COUNTY,259,65 Years,567,280,287,499,246,253,3,2,1,7,3,4,58,29,29
KENDALL COUNTY,259,66 Years,582,282,300,524,258,266,2,1,1,8,3,5,48,20,28
KENDALL COUNTY,259,67 Years,485,240,245,434,217,217,2,1,1,8,3,5,41,19,22
KENDALL COUNTY,259,68 Years,466,229,237,414,204,210,1,0,1,12,7,5,39,18,21
KENDALL COUNTY,259,69 Years,448,223,225,407,206,201,0,0,0,9,5,4,32,12,20
KENDALL COUNTY,259,70 Years,419,200,219,376,180,196,1,1,0,10,4,6,32,15,17
KENDALL COUNTY,259,71 Years,380,188,192,332,164,168,1,1,0,7,4,3,40,19,21
KENDALL COUNTY,259,72 Years,336,153,183,296,136,160,0,0,0,4,2,2,36,15,21
KENDALL COUNTY,259,73 Years,294,131,163,258,115,143,1,0,1,4,2,2,31,14,17
KENDALL COUNTY,259,74 Years,295,149,146,266,135,131,1,0,1,4,2,2,24,12,12
KENDALL COUNTY,259,75 Years,259,140,119,231,123,108,1,0,1,4,2,2,23,15,8
KENDALL COUNTY,259,76 Years,253,126,127,227,114,113,1,0,1,5,2,3,20,10,10
KENDALL COUNTY,259,77 Years,229,107,122,206,95,111,0,0,0,7,3,4,16,9,7
KENDALL COUNTY,259,78 Years,201,96,105,178,88,90,0,0,0,6,3,3,17,5,12
KENDALL COUNTY,259,79 Years,204,105,99,174,91,83,1,1,0,7,4,3,22,9,13
KENDALL COUNTY,259,80 Years,191,86,105,166,74,92,1,1,0,6,2,4,18,9,9
KENDALL COUNTY,259,81 Years,159,81,78,145,73,72,0,0,0,3,2,1,11,6,5
KENDALL COUNTY,259,82 Years,147,63,84,135,57,78,0,0,0,1,0,1,11,6,5
KENDALL COUNTY,259,83 Years,155,58,97,140,53,87,1,0,1,3,2,1,11,3,8
KENDALL COUNTY,259,84 Years,157,56,101,145,52,93,0,0,0,2,1,1,10,3,7
KENDALL COUNTY,259,85 Years +,884,292,592,821,270,551,0,0,0,7,3,4,56,19,37
KENEDY COUNTY,261,All Ages,420,219,201,84,34,50,1,0,1,7,3,4,328,182,146
KENEDY COUNTY,261,< 1 Year,5,3,2,1,1,0,0,0,0,0,0,0,4,2,2
KENEDY COUNTY,261,1 Years,5,2,3,1,0,1,0,0,0,0,0,0,4,2,2
KENEDY COUNTY,261,2 Years,5,2,3,1,0,1,0,0,0,0,0,0,4,2,2
KENEDY COUNTY,261,3 Years,7,3,4,3,1,2,0,0,0,0,0,0,4,2,2
KENEDY COUNTY,261,4 Years,6,3,3,2,0,2,0,0,0,1,1,0,3,2,1
KENEDY COUNTY,261,5 Years,6,4,2,1,0,1,0,0,0,1,0,1,4,4,0
KENEDY COUNTY,261,6 Years,4,3,1,1,0,1,0,0,0,0,0,0,3,3,0
KENEDY COUNTY,261,7 Years,3,2,1,0,0,0,0,0,0,0,0,0,3,2,1
KENEDY COUNTY,261,8 Years,4,1,3,0,0,0,0,0,0,0,0,0,4,1,3
KENEDY COUNTY,261,9 Years,3,1,2,0,0,0,0,0,0,0,0,0,3,1,2
KENEDY COUNTY,261,10 Years,3,3,0,0,0,0,0,0,0,0,0,0,3,3,0
KENEDY COUNTY,261,11 Years,5,4,1,1,1,0,0,0,0,0,0,0,4,3,1
KENEDY COUNTY,261,12 Years,5,2,3,1,0,1,0,0,0,0,0,0,4,2,2
KENEDY COUNTY,261,13 Years,6,3,3,1,0,1,0,0,0,0,0,0,5,3,2
KENEDY COUNTY,261,14 Years,7,3,4,2,1,1,0,0,0,0,0,0,5,2,3
KENEDY COUNTY,261,15 Years,7,3,4,1,0,1,0,0,0,0,0,0,6,3,3
KENEDY COUNTY,261,16 Years,7,4,3,0,0,0,0,0,0,0,0,0,7,4,3
KENEDY COUNTY,261,17 Years,4,2,2,1,0,1,0,0,0,0,0,0,3,2,1
KENEDY COUNTY,261,18 Years,5,4,1,0,0,0,0,0,0,1,1,0,4,3,1
KENEDY COUNTY,261,19 Years,6,3,3,1,0,1,0,0,0,1,0,1,4,3,1
KENEDY COUNTY,261,20 Years,10,7,3,3,1,2,0,0,0,0,0,0,7,6,1
KENEDY COUNTY,261,21 Years,7,4,3,2,1,1,0,0,0,0,0,0,5,3,2
KENEDY COUNTY,261,22 Years,2,1,1,0,0,0,0,0,0,0,0,0,2,1,1
KENEDY COUNTY,261,23 Years,4,2,2,1,1,0,0,0,0,0,0,0,3,1,2
KENEDY COUNTY,261,24 Years,6,1,5,1,1,0,1,0,1,0,0,0,4,0,4
KENEDY COUNTY,261,25 Years,4,2,2,1,0,1,0,0,0,0,0,0,3,2,1
KENEDY COUNTY,261,26 Years,12,7,5,1,1,0,0,0,0,0,0,0,11,6,5
KENEDY COUNTY,261,27 Years,7,3,4,2,0,2,0,0,0,0,0,0,5,3,2
KENEDY COUNTY,261,28 Years,4,3,1,2,1,1,0,0,0,0,0,0,2,2,0
KENEDY COUNTY,261,29 Years,5,4,1,2,2,0,0,0,0,0,0,0,3,2,1
KENEDY COUNTY,261,30 Years,3,2,1,2,1,1,0,0,0,0,0,0,1,1,0
KENEDY COUNTY,261,31 Years,5,2,3,1,0,1,0,0,0,0,0,0,4,2,2
KENEDY COUNTY,261,32 Years,9,5,4,3,2,1,0,0,0,0,0,0,6,3,3
KENEDY COUNTY,261,33 Years,4,1,3,1,0,1,0,0,0,0,0,0,3,1,2
KENEDY COUNTY,261,34 Years,3,0,3,0,0,0,0,0,0,0,0,0,3,0,3
KENEDY COUNTY,261,35 Years,4,1,3,1,0,1,0,0,0,0,0,0,3,1,2
KENEDY COUNTY,261,36 Years,3,1,2,1,0,1,0,0,0,0,0,0,2,1,1
KENEDY COUNTY,261,37 Years,2,2,0,0,0,0,0,0,0,0,0,0,2,2,0
KENEDY COUNTY,261,38 Years,2,2,0,0,0,0,0,0,0,0,0,0,2,2,0
KENEDY COUNTY,261,39 Years,4,3,1,1,0,1,0,0,0,0,0,0,3,3,0
KENEDY COUNTY,261,40 Years,3,2,1,1,1,0,0,0,0,0,0,0,2,1,1
KENEDY COUNTY,261,41 Years,3,3,0,2,2,0,0,0,0,1,1,0,0,0,0
KENEDY COUNTY,261,42 Years,4,2,2,2,2,0,0,0,0,0,0,0,2,0,2
KENEDY COUNTY,261,43 Years,3,1,2,0,0,0,0,0,0,0,0,0,3,1,2
KENEDY COUNTY,261,44 Years,6,3,3,1,0,1,0,0,0,0,0,0,5,3,2
KENEDY COUNTY,261,45 Years,7,4,3,0,0,0,0,0,0,0,0,0,7,4,3
KENEDY COUNTY,261,46 Years,9,3,6,0,0,0,0,0,0,0,0,0,9,3,6
KENEDY COUNTY,261,47 Years,4,3,1,0,0,0,0,0,0,0,0,0,4,3,1
KENEDY COUNTY,261,48 Years,5,2,3,0,0,0,0,0,0,0,0,0,5,2,3
KENEDY COUNTY,261,49 Years,9,5,4,2,1,1,0,0,0,1,0,1,6,4,2
KENEDY COUNTY,261,50 Years,5,2,3,1,0,1,0,0,0,0,0,0,4,2,2
KENEDY COUNTY,261,51 Years,7,4,3,0,0,0,0,0,0,0,0,0,7,4,3
KENEDY COUNTY,261,52 Years,6,5,1,2,2,0,0,0,0,0,0,0,4,3,1
KENEDY COUNTY,261,53 Years,5,4,1,1,1,0,0,0,0,0,0,0,4,3,1
KENEDY COUNTY,261,54 Years,8,4,4,2,0,2,0,0,0,0,0,0,6,4,2
KENEDY COUNTY,261,55 Years,6,3,3,0,0,0,0,0,0,0,0,0,6,3,3
KENEDY COUNTY,261,56 Years,4,1,3,1,0,1,0,0,0,0,0,0,3,1,2
KENEDY COUNTY,261,57 Years,7,5,2,2,1,1,0,0,0,0,0,0,5,4,1
KENEDY COUNTY,261,58 Years,7,5,2,2,1,1,0,0,0,0,0,0,5,4,1
KENEDY COUNTY,261,59 Years,8,5,3,1,0,1,0,0,0,0,0,0,7,5,2
KENEDY COUNTY,261,60 Years,8,4,4,1,0,1,0,0,0,0,0,0,7,4,3
KENEDY COUNTY,261,61 Years,5,3,2,2,1,1,0,0,0,0,0,0,3,2,1
KENEDY COUNTY,261,62 Years,2,1,1,2,1,1,0,0,0,0,0,0,0,0,0
KENEDY COUNTY,261,63 Years,2,1,1,1,0,1,0,0,0,0,0,0,1,1,0
KENEDY COUNTY,261,64 Years,6,6,0,2,2,0,0,0,0,0,0,0,4,4,0
KENEDY COUNTY,261,65 Years,6,2,4,0,0,0,0,0,0,0,0,0,6,2,4
KENEDY COUNTY,261,66 Years,10,5,5,2,2,0,0,0,0,0,0,0,8,3,5
KENEDY COUNTY,261,67 Years,8,3,5,1,0,1,0,0,0,0,0,0,7,3,4
KENEDY COUNTY,261,68 Years,3,2,1,0,0,0,0,0,0,0,0,0,3,2,1
KENEDY COUNTY,261,69 Years,2,1,1,0,0,0,0,0,0,0,0,0,2,1,1
KENEDY COUNTY,261,70 Years,2,1,1,0,0,0,0,0,0,0,0,0,2,1,1
KENEDY COUNTY,261,71 Years,2,2,0,0,0,0,0,0,0,0,0,0,2,2,0
KENEDY COUNTY,261,72 Years,3,0,3,0,0,0,0,0,0,0,0,0,3,0,3
KENEDY COUNTY,261,73 Years,4,1,3,1,0,1,0,0,0,0,0,0,3,1,2
KENEDY COUNTY,261,74 Years,3,0,3,0,0,0,0,0,0,0,0,0,3,0,3
KENEDY COUNTY,261,75 Years,2,1,1,0,0,0,0,0,0,0,0,0,2,1,1
KENEDY COUNTY,261,76 Years,5,4,1,1,1,0,0,0,0,0,0,0,4,3,1
KENEDY COUNTY,261,77 Years,2,1,1,0,0,0,0,0,0,0,0,0,2,1,1
KENEDY COUNTY,261,78 Years,2,0,2,1,0,1,0,0,0,0,0,0,1,0,1
KENEDY COUNTY,261,79 Years,2,1,1,0,0,0,0,0,0,0,0,0,2,1,1
KENEDY COUNTY,261,80 Years,0,0,0,0,0,0,0,0,0,0,0,0,0,0,0
KENEDY COUNTY,261,81 Years,3,0,3,1,0,1,0,0,0,1,0,1,1,0,1
KENEDY COUNTY,261,82 Years,3,0,3,1,0,1,0,0,0,0,0,0,2,0,2
KENEDY COUNTY,261,83 Years,1,0,1,1,0,1,0,0,0,0,0,0,0,0,0
KENEDY COUNTY,261,84 Years,3,1,2,1,0,1,0,0,0,0,0,0,2,1,1
KENEDY COUNTY,261,85 Years +,12,5,7,3,1,2,0,0,0,0,0,0,9,4,5
KENT COUNTY,263,All Ages,804,402,402,664,324,340,7,4,3,11,6,5,122,68,54
KENT COUNTY,263,< 1 Year,9,5,4,8,4,4,0,0,0,0,0,0,1,1,0
KENT COUNTY,263,1 Years,8,4,4,7,4,3,0,0,0,0,0,0,1,0,1
KENT COUNTY,263,2 Years,8,5,3,7,4,3,0,0,0,0,0,0,1,1,0
KENT COUNTY,263,3 Years,8,4,4,6,3,3,1,1,0,0,0,0,1,0,1
KENT COUNTY,263,4 Years,9,6,3,5,3,2,1,1,0,0,0,0,3,2,1
KENT COUNTY,263,5 Years,8,6,2,6,5,1,0,0,0,0,0,0,2,1,1
KENT COUNTY,263,6 Years,7,4,3,5,3,2,0,0,0,1,0,1,1,1,0
KENT COUNTY,263,7 Years,6,3,3,3,2,1,0,0,0,0,0,0,3,1,2
KENT COUNTY,263,8 Years,7,5,2,5,4,1,0,0,0,0,0,0,2,1,1
KENT COUNTY,263,9 Years,11,6,5,8,3,5,0,0,0,0,0,0,3,3,0
KENT COUNTY,263,10 Years,10,4,6,7,2,5,0,0,0,0,0,0,3,2,1
KENT COUNTY,263,11 Years,15,9,6,11,7,4,0,0,0,0,0,0,4,2,2
KENT COUNTY,263,12 Years,12,6,6,7,4,3,0,0,0,0,0,0,5,2,3
KENT COUNTY,263,13 Years,12,7,5,6,3,3,0,0,0,0,0,0,6,4,2
KENT COUNTY,263,14 Years,10,5,5,6,3,3,0,0,0,0,0,0,4,2,2
KENT COUNTY,263,15 Years,10,5,5,7,4,3,0,0,0,0,0,0,3,1,2
KENT COUNTY,263,16 Years,11,4,7,9,4,5,0,0,0,0,0,0,2,0,2
KENT COUNTY,263,17 Years,14,8,6,11,7,4,0,0,0,1,1,0,2,0,2
KENT COUNTY,263,18 Years,13,7,6,10,6,4,0,0,0,1,1,0,2,0,2
KENT COUNTY,263,19 Years,9,5,4,6,2,4,1,1,0,0,0,0,2,2,0
KENT COUNTY,263,20 Years,9,4,5,7,3,4,1,1,0,0,0,0,1,0,1
KENT COUNTY,263,21 Years,8,4,4,6,3,3,0,0,0,0,0,0,2,1,1
KENT COUNTY,263,22 Years,8,5,3,7,4,3,0,0,0,0,0,0,1,1,0
KENT COUNTY,263,23 Years,4,1,3,3,1,2,0,0,0,0,0,0,1,0,1
KENT COUNTY,263,24 Years,3,2,1,2,2,0,0,0,0,0,0,0,1,0,1
KENT COUNTY,263,25 Years,5,2,3,5,2,3,0,0,0,0,0,0,0,0,0
KENT COUNTY,263,26 Years,5,1,4,4,1,3,0,0,0,0,0,0,1,0,1
KENT COUNTY,263,27 Years,6,3,3,5,2,3,0,0,0,1,1,0,0,0,0
KENT COUNTY,263,28 Years,7,5,2,7,5,2,0,0,0,0,0,0,0,0,0
KENT COUNTY,263,29 Years,5,4,1,4,3,1,0,0,0,0,0,0,1,1,0
KENT COUNTY,263,30 Years,7,1,6,7,1,6,0,0,0,0,0,0,0,0,0
KENT COUNTY,263,31 Years,5,1,4,5,1,4,0,0,0,0,0,0,0,0,0
KENT COUNTY,263,32 Years,8,1,7,7,1,6,0,0,0,0,0,0,1,0,1
KENT COUNTY,263,33 Years,9,8,1,6,5,1,0,0,0,0,0,0,3,3,0
KENT COUNTY,263,34 Years,6,5,1,4,3,1,0,0,0,1,1,0,1,1,0
KENT COUNTY,263,35 Years,3,3,0,2,2,0,0,0,0,0,0,0,1,1,0
KENT COUNTY,263,36 Years,3,2,1,2,1,1,0,0,0,0,0,0,1,1,0
KENT COUNTY,263,37 Years,7,2,5,4,2,2,2,0,2,1,0,1,0,0,0
KENT COUNTY,263,38 Years,8,3,5,5,3,2,0,0,0,0,0,0,3,0,3
KENT COUNTY,263,39 Years,6,3,3,4,2,2,0,0,0,0,0,0,2,1,1
KENT COUNTY,263,40 Years,7,4,3,5,2,3,0,0,0,0,0,0,2,2,0
KENT COUNTY,263,41 Years,9,3,6,7,2,5,0,0,0,0,0,0,2,1,1
KENT COUNTY,263,42 Years,8,5,3,7,4,3,0,0,0,0,0,0,1,1,0
KENT COUNTY,263,43 Years,5,3,2,3,1,2,0,0,0,0,0,0,2,2,0
KENT COUNTY,263,44 Years,8,5,3,5,3,2,0,0,0,0,0,0,3,2,1
KENT COUNTY,263,45 Years,7,3,4,5,1,4,0,0,0,1,1,0,1,1,0
KENT COUNTY,263,46 Years,10,4,6,10,4,6,0,0,0,0,0,0,0,0,0
KENT COUNTY,263,47 Years,13,6,7,11,6,5,0,0,0,0,0,0,2,0,2
KENT COUNTY,263,48 Years,14,6,8,9,3,6,0,0,0,0,0,0,5,3,2
KENT COUNTY,263,49 Years,12,7,5,10,6,4,0,0,0,0,0,0,2,1,1
KENT COUNTY,263,50 Years,8,6,2,7,6,1,0,0,0,0,0,0,1,0,1
KENT COUNTY,263,51 Years,8,3,5,7,2,5,0,0,0,0,0,0,1,1,0
KENT COUNTY,263,52 Years,11,5,6,10,5,5,0,0,0,0,0,0,1,0,1
KENT COUNTY,263,53 Years,14,7,7,13,7,6,0,0,0,0,0,0,1,0,1
KENT COUNTY,263,54 Years,9,5,4,8,4,4,0,0,0,0,0,0,1,1,0
KENT COUNTY,263,55 Years,18,10,8,15,7,8,0,0,0,0,0,0,3,3,0
KENT COUNTY,263,56 Years,16,11,5,13,9,4,0,0,0,0,0,0,3,2,1
KENT COUNTY,263,57 Years,11,8,3,10,7,3,0,0,0,0,0,0,1,1,0
KENT COUNTY,263,58 Years,11,7,4,11,7,4,0,0,0,0,0,0,0,0,0
KENT COUNTY,263,59 Years,9,4,5,9,4,5,0,0,0,0,0,0,0,0,0
KENT COUNTY,263,60 Years,11,5,6,11,5,6,0,0,0,0,0,0,0,0,0
KENT COUNTY,263,61 Years,7,3,4,7,3,4,0,0,0,0,0,0,0,0,0
KENT COUNTY,263,62 Years,5,3,2,5,3,2,0,0,0,0,0,0,0,0,0
KENT COUNTY,263,63 Years,9,4,5,9,4,5,0,0,0,0,0,0,0,0,0
KENT COUNTY,263,64 Years,9,4,5,7,3,4,0,0,0,0,0,0,2,1,1
KENT COUNTY,263,65 Years,21,9,12,19,9,10,0,0,0,1,0,1,1,0,1
KENT COUNTY,263,66 Years,18,10,8,16,9,7,0,0,0,0,0,0,2,1,1
KENT COUNTY,263,67 Years,10,6,4,9,5,4,0,0,0,0,0,0,1,1,0
KENT COUNTY,263,68 Years,9,5,4,8,4,4,0,0,0,0,0,0,1,1,0
KENT COUNTY,263,69 Years,9,4,5,8,4,4,0,0,0,0,0,0,1,0,1
KENT COUNTY,263,70 Years,8,4,4,8,4,4,0,0,0,0,0,0,0,0,0
KENT COUNTY,263,71 Years,9,4,5,9,4,5,0,0,0,0,0,0,0,0,0
KENT COUNTY,263,72 Years,9,6,3,7,4,3,0,0,0,0,0,0,2,2,0
KENT COUNTY,263,73 Years,12,4,8,11,3,8,0,0,0,0,0,0,1,1,0
KENT COUNTY,263,74 Years,15,6,9,13,5,8,1,0,1,0,0,0,1,1,0
KENT COUNTY,263,75 Years,7,3,4,6,3,3,0,0,0,1,0,1,0,0,0
KENT COUNTY,263,76 Years,6,3,3,4,1,3,0,0,0,1,1,0,1,1,0
KENT COUNTY,263,77 Years,3,2,1,2,1,1,0,0,0,0,0,0,1,1,0
KENT COUNTY,263,78 Years,5,4,1,5,4,1,0,0,0,0,0,0,0,0,0
KENT COUNTY,263,79 Years,8,4,4,5,3,2,0,0,0,0,0,0,3,1,2
KENT COUNTY,263,80 Years,7,1,6,6,1,5,0,0,0,0,0,0,1,0,1
KENT COUNTY,263,81 Years,6,2,4,6,2,4,0,0,0,0,0,0,0,0,0
KENT COUNTY,263,82 Years,12,5,7,12,5,7,0,0,0,0,0,0,0,0,0
KENT COUNTY,263,83 Years,8,2,6,8,2,6,0,0,0,0,0,0,0,0,0
KENT COUNTY,263,84 Years,8,3,5,8,3,5,0,0,0,0,0,0,0,0,0
KENT COUNTY,263,85 Years +,46,16,30,44,16,28,0,0,0,1,0,1,1,0,1
KERR COUNTY,265,All Ages,50827,24661,26166,36116,17203,18913,760,453,307,1216,563,653,12735,6442,6293
KERR COUNTY,265,< 1 Year,547,275,272,303,152,151,8,4,4,15,7,8,221,112,109
KERR COUNTY,265,1 Years,558,285,273,317,162,155,9,5,4,11,5,6,221,113,108
KERR COUNTY,265,2 Years,548,279,269,316,161,155,9,5,4,11,5,6,212,108,104
KERR COUNTY,265,3 Years,517,259,258,258,133,125,8,5,3,17,9,8,234,112,122
KERR COUNTY,265,4 Years,509,253,256,254,123,131,6,3,3,17,10,7,232,117,115
KERR COUNTY,265,5 Years,526,270,256,257,129,128,4,2,2,13,9,4,252,130,122
KERR COUNTY,265,6 Years,510,274,236,237,125,112,3,3,0,19,13,6,251,133,118
KERR COUNTY,265,7 Years,519,275,244,254,133,121,9,5,4,20,13,7,236,124,112
KERR COUNTY,265,8 Years,547,281,266,268,141,127,8,5,3,16,9,7,255,126,129
KERR COUNTY,265,9 Years,543,274,269,280,144,136,8,5,3,20,8,12,235,117,118
KERR COUNTY,265,10 Years,542,280,262,280,150,130,6,3,3,19,4,15,237,123,114
KERR COUNTY,265,11 Years,583,305,278,315,167,148,6,2,4,20,6,14,242,130,112
KERR COUNTY,265,12 Years,596,304,292,337,172,165,5,3,2,17,5,12,237,124,113
KERR COUNTY,265,13 Years,581,291,290,304,156,148,8,4,4,16,7,9,253,124,129
KERR COUNTY,265,14 Years,574,292,282,309,156,153,12,7,5,12,6,6,241,123,118
KERR COUNTY,265,15 Years,579,309,270,323,176,147,12,9,3,18,9,9,226,115,111
KERR COUNTY,265,16 Years,572,296,276,326,163,163,14,11,3,18,8,10,214,114,100
KERR COUNTY,265,17 Years,606,342,264,343,191,152,11,8,3,24,13,11,228,130,98
KERR COUNTY,265,18 Years,587,315,272,316,176,140,12,7,5,17,11,6,242,121,121
KERR COUNTY,265,19 Years,560,288,272,293,152,141,12,8,4,14,8,6,241,120,121
KERR COUNTY,265,20 Years,594,316,278,313,167,146,15,11,4,18,11,7,248,127,121
KERR COUNTY,265,21 Years,628,312,316,319,159,160,18,11,7,16,7,9,275,135,140
KERR COUNTY,265,22 Years,678,340,338,366,177,189,15,10,5,22,12,10,275,141,134
KERR COUNTY,265,23 Years,628,315,313,345,161,184,23,13,10,22,14,8,238,127,111
KERR COUNTY,265,24 Years,540,274,266,319,147,172,19,11,8,16,9,7,186,107,79
KERR COUNTY,265,25 Years,521,272,249,316,153,163,10,7,3,14,8,6,181,104,77
KERR COUNTY,265,26 Years,468,249,219,286,149,137,5,4,1,11,6,5,166,90,76
KERR COUNTY,265,27 Years,463,238,225,268,136,132,9,7,2,8,4,4,178,91,87
KERR COUNTY,265,28 Years,439,226,213,254,132,122,8,7,1,8,3,5,169,84,85
KERR COUNTY,265,29 Years,438,217,221,259,130,129,6,2,4,8,3,5,165,82,83
KERR COUNTY,265,30 Years,434,196,238,258,116,142,3,2,1,11,5,6,162,73,89
KERR COUNTY,265,31 Years,456,211,245,268,128,140,7,6,1,15,5,10,166,72,94
KERR COUNTY,265,32 Years,452,227,225,270,139,131,8,6,2,14,4,10,160,78,82
KERR COUNTY,265,33 Years,452,239,213,271,141,130,8,4,4,11,3,8,162,91,71
KERR COUNTY,265,34 Years,424,211,213,251,126,125,11,7,4,13,5,8,149,73,76
KERR COUNTY,265,35 Years,448,223,225,269,131,138,8,4,4,11,5,6,160,83,77
KERR COUNTY,265,36 Years,444,215,229,269,124,145,8,4,4,8,4,4,159,83,76
KERR COUNTY,265,37 Years,446,224,222,284,139,145,4,2,2,8,3,5,150,80,70
KERR COUNTY,265,38 Years,425,222,203,262,136,126,4,3,1,8,3,5,151,80,71
KERR COUNTY,265,39 Years,429,217,212,249,129,120,9,4,5,11,4,7,160,80,80
KERR COUNTY,265,40 Years,479,231,248,298,145,153,8,3,5,10,5,5,163,78,85
KERR COUNTY,265,41 Years,468,220,248,299,138,161,9,6,3,12,3,9,148,73,75
KERR COUNTY,265,42 Years,494,227,267,337,150,187,7,5,2,10,5,5,140,67,73
KERR COUNTY,265,43 Years,539,257,282,352,167,185,11,7,4,14,6,8,162,77,85
KERR COUNTY,265,44 Years,544,267,277,367,173,194,9,6,3,18,8,10,150,80,70
KERR COUNTY,265,45 Years,533,264,269,363,174,189,11,9,2,15,6,9,144,75,69
KERR COUNTY,265,46 Years,570,266,304,394,184,210,13,8,5,17,10,7,146,64,82
KERR COUNTY,265,47 Years,567,266,301,377,172,205,15,10,5,15,7,8,160,77,83
KERR COUNTY,265,48 Years,613,287,326,422,198,224,12,8,4,16,4,12,163,77,86
KERR COUNTY,265,49 Years,634,315,319,436,205,231,9,5,4,21,8,13,168,97,71
KERR COUNTY,265,50 Years,672,327,345,469,220,249,13,9,4,24,8,16,166,90,76
KERR COUNTY,265,51 Years,668,325,343,482,234,248,14,10,4,21,10,11,151,71,80
KERR COUNTY,265,52 Years,728,341,387,537,240,297,14,8,6,26,16,10,151,77,74
KERR COUNTY,265,53 Years,744,346,398,553,251,302,13,6,7,24,12,12,154,77,77
KERR COUNTY,265,54 Years,737,340,397,556,248,308,13,6,7,24,12,12,144,74,70
KERR COUNTY,265,55 Years,770,363,407,602,275,327,14,8,6,16,8,8,138,72,66
KERR COUNTY,265,56 Years,731,353,378,584,273,311,16,11,5,15,8,7,116,61,55
KERR COUNTY,265,57 Years,712,341,371,549,260,289,17,9,8,17,8,9,129,64,65
KERR COUNTY,265,58 Years,710,329,381,564,254,310,10,6,4,21,10,11,115,59,56
KERR COUNTY,265,59 Years,719,347,372,592,280,312,6,5,1,18,10,8,103,52,51
KERR COUNTY,265,60 Years,754,361,393,626,296,330,6,4,2,21,9,12,101,52,49
KERR COUNTY,265,61 Years,744,349,395,629,291,338,8,5,3,17,11,6,90,42,48
KERR COUNTY,265,62 Years,764,355,409,641,303,338,6,3,3,15,6,9,102,43,59
KERR COUNTY,265,63 Years,777,370,407,671,320,351,7,4,3,13,5,8,86,41,45
KERR COUNTY,265,64 Years,829,408,421,717,357,360,9,4,5,10,3,7,93,44,49
KERR COUNTY,265,65 Years,876,408,468,759,354,405,9,6,3,16,5,11,92,43,49
KERR COUNTY,265,66 Years,876,414,462,771,363,408,11,8,3,17,6,11,77,37,40
KERR COUNTY,265,67 Years,741,352,389,657,309,348,6,3,3,10,6,4,68,34,34
KERR COUNTY,265,68 Years,718,337,381,638,291,347,6,3,3,9,7,2,65,36,29
KERR COUNTY,265,69 Years,722,336,386,650,299,351,8,4,4,5,2,3,59,31,28
KERR COUNTY,265,70 Years,693,320,373,626,283,343,5,3,2,7,3,4,55,31,24
KERR COUNTY,265,71 Years,660,314,346,601,280,321,4,3,1,10,3,7,45,28,17
KERR COUNTY,265,72 Years,678,326,352,605,291,314,8,2,6,11,5,6,54,28,26
KERR COUNTY,265,73 Years,666,304,362,599,273,326,7,4,3,14,5,9,46,22,24
KERR COUNTY,265,74 Years,589,275,314,536,251,285,4,3,1,9,4,5,40,17,23
KERR COUNTY,265,75 Years,564,264,300,511,246,265,5,2,3,11,3,8,37,13,24
KERR COUNTY,265,76 Years,540,243,297,488,224,264,4,2,2,11,3,8,37,14,23
KERR COUNTY,265,77 Years,473,218,255,433,203,230,4,1,3,4,1,3,32,13,19
KERR COUNTY,265,78 Years,471,227,244,424,205,219,7,4,3,7,2,5,33,16,17
KERR COUNTY,265,79 Years,431,201,230,391,181,210,4,3,1,7,4,3,29,13,16
KERR COUNTY,265,80 Years,414,183,231,380,168,212,2,0,2,8,5,3,24,10,14
KERR COUNTY,265,81 Years,381,174,207,348,162,186,2,0,2,8,4,4,23,8,15
KERR COUNTY,265,82 Years,378,178,200,348,166,182,2,0,2,6,2,4,22,10,12
KERR COUNTY,265,83 Years,350,156,194,324,143,181,3,1,2,2,1,1,21,11,10
KERR COUNTY,265,84 Years,330,128,202,300,115,185,5,3,2,4,2,2,21,8,13
KERR COUNTY,265,85 Years +,1865,757,1108,1724,706,1018,16,4,12,23,9,14,102,38,64
KIMBLE COUNTY,267,All Ages,4705,2355,2350,3505,1731,1774,14,10,4,66,36,30,1120,578,542
KIMBLE COUNTY,267,< 1 Year,45,24,21,28,15,13,0,0,0,1,1,0,16,8,8
KIMBLE COUNTY,267,1 Years,44,23,21,27,14,13,0,0,0,0,0,0,17,9,8
KIMBLE COUNTY,267,2 Years,43,23,20,27,14,13,0,0,0,0,0,0,16,9,7
KIMBLE COUNTY,267,3 Years,36,16,20,18,7,11,0,0,0,0,0,0,18,9,9
KIMBLE COUNTY,267,4 Years,42,22,20,27,14,13,0,0,0,0,0,0,15,8,7
KIMBLE COUNTY,267,5 Years,49,24,25,30,15,15,1,0,1,1,0,1,17,9,8
KIMBLE COUNTY,267,6 Years,50,32,18,25,15,10,0,0,0,0,0,0,25,17,8
KIMBLE COUNTY,267,7 Years,52,29,23,29,17,12,0,0,0,0,0,0,23,12,11
KIMBLE COUNTY,267,8 Years,43,19,24,22,11,11,0,0,0,0,0,0,21,8,13
KIMBLE COUNTY,267,9 Years,37,18,19,19,10,9,0,0,0,0,0,0,18,8,10
KIMBLE COUNTY,267,10 Years,43,30,13,23,17,6,1,1,0,0,0,0,19,12,7
KIMBLE COUNTY,267,11 Years,65,32,33,40,21,19,0,0,0,0,0,0,25,11,14
KIMBLE COUNTY,267,12 Years,52,27,25,31,18,13,0,0,0,0,0,0,21,9,12
KIMBLE COUNTY,267,13 Years,53,28,25,33,20,13,0,0,0,1,0,1,19,8,11
KIMBLE COUNTY,267,14 Years,62,34,28,46,26,20,0,0,0,2,2,0,14,6,8
KIMBLE COUNTY,267,15 Years,63,33,30,39,19,20,0,0,0,1,1,0,23,13,10
KIMBLE COUNTY,267,16 Years,56,26,30,38,16,22,0,0,0,0,0,0,18,10,8
KIMBLE COUNTY,267,17 Years,62,28,34,39,21,18,0,0,0,0,0,0,23,7,16
KIMBLE COUNTY,267,18 Years,52,24,28,28,13,15,0,0,0,0,0,0,24,11,13
KIMBLE COUNTY,267,19 Years,54,28,26,34,17,17,1,1,0,0,0,0,19,10,9
KIMBLE COUNTY,267,20 Years,55,33,22,28,14,14,0,0,0,2,1,1,25,18,7
KIMBLE COUNTY,267,21 Years,50,30,20,21,13,8,0,0,0,1,0,1,28,17,11
KIMBLE COUNTY,267,22 Years,36,17,19,17,9,8,0,0,0,1,0,1,18,8,10
KIMBLE COUNTY,267,23 Years,24,11,13,15,7,8,0,0,0,0,0,0,9,4,5
KIMBLE COUNTY,267,24 Years,28,13,15,18,8,10,0,0,0,0,0,0,10,5,5
KIMBLE COUNTY,267,25 Years,31,12,19,19,8,11,0,0,0,0,0,0,12,4,8
KIMBLE COUNTY,267,26 Years,37,22,15,25,15,10,1,1,0,0,0,0,11,6,5
KIMBLE COUNTY,267,27 Years,40,21,19,28,16,12,0,0,0,0,0,0,12,5,7
KIMBLE COUNTY,267,28 Years,38,24,14,26,16,10,0,0,0,1,1,0,11,7,4
KIMBLE COUNTY,267,29 Years,37,25,12,26,17,9,0,0,0,0,0,0,11,8,3
KIMBLE COUNTY,267,30 Years,42,21,21,29,14,15,0,0,0,1,0,1,12,7,5
KIMBLE COUNTY,267,31 Years,38,21,17,23,11,12,1,1,0,0,0,0,14,9,5
KIMBLE COUNTY,267,32 Years,42,20,22,28,13,15,1,1,0,0,0,0,13,6,7
KIMBLE COUNTY,267,33 Years,40,18,22,26,9,17,0,0,0,0,0,0,14,9,5
KIMBLE COUNTY,267,34 Years,40,15,25,24,5,19,0,0,0,0,0,0,16,10,6
KIMBLE COUNTY,267,35 Years,43,24,19,26,13,13,0,0,0,1,1,0,16,10,6
KIMBLE COUNTY,267,36 Years,49,25,24,30,12,18,2,2,0,0,0,0,17,11,6
KIMBLE COUNTY,267,37 Years,42,20,22,25,11,14,1,1,0,1,0,1,15,8,7
KIMBLE COUNTY,267,38 Years,45,21,24,29,15,14,0,0,0,3,0,3,13,6,7
KIMBLE COUNTY,267,39 Years,41,18,23,25,12,13,0,0,0,1,0,1,15,6,9
KIMBLE COUNTY,267,40 Years,44,21,23,34,16,18,0,0,0,0,0,0,10,5,5
KIMBLE COUNTY,267,41 Years,54,26,28,42,24,18,0,0,0,1,0,1,11,2,9
KIMBLE COUNTY,267,42 Years,53,27,26,40,23,17,0,0,0,0,0,0,13,4,9
KIMBLE COUNTY,267,43 Years,59,31,28,43,23,20,0,0,0,2,2,0,14,6,8
KIMBLE COUNTY,267,44 Years,44,23,21,33,18,15,0,0,0,0,0,0,11,5,6
KIMBLE COUNTY,267,45 Years,48,31,17,30,17,13,0,0,0,2,2,0,16,12,4
KIMBLE COUNTY,267,46 Years,42,22,20,31,15,16,0,0,0,2,1,1,9,6,3
KIMBLE COUNTY,267,47 Years,50,24,26,35,17,18,0,0,0,0,0,0,15,7,8
KIMBLE COUNTY,267,48 Years,54,30,24,39,22,17,0,0,0,0,0,0,15,8,7
KIMBLE COUNTY,267,49 Years,64,36,28,50,28,22,0,0,0,0,0,0,14,8,6
KIMBLE COUNTY,267,50 Years,73,38,35,62,33,29,0,0,0,0,0,0,11,5,6
KIMBLE COUNTY,267,51 Years,73,43,30,61,36,25,0,0,0,1,0,1,11,7,4
KIMBLE COUNTY,267,52 Years,71,38,33,58,35,23,0,0,0,1,0,1,12,3,9
KIMBLE COUNTY,267,53 Years,70,30,40,58,24,34,0,0,0,0,0,0,12,6,6
KIMBLE COUNTY,267,54 Years,75,34,41,59,23,36,0,0,0,1,1,0,15,10,5
KIMBLE COUNTY,267,55 Years,73,41,32,60,31,29,0,0,0,0,0,0,13,10,3
KIMBLE COUNTY,267,56 Years,65,35,30,53,27,26,0,0,0,0,0,0,12,8,4
KIMBLE COUNTY,267,57 Years,70,33,37,54,26,28,2,2,0,1,0,1,13,5,8
KIMBLE COUNTY,267,58 Years,82,40,42,70,34,36,0,0,0,3,0,3,9,6,3
KIMBLE COUNTY,267,59 Years,95,47,48,74,34,40,2,0,2,7,5,2,12,8,4
KIMBLE COUNTY,267,60 Years,76,38,38,63,30,33,1,0,1,3,3,0,9,5,4
KIMBLE COUNTY,267,61 Years,84,37,47,71,30,41,0,0,0,1,1,0,12,6,6
KIMBLE COUNTY,267,62 Years,92,42,50,79,32,47,0,0,0,1,1,0,12,9,3
KIMBLE COUNTY,267,63 Years,86,36,50,73,29,44,0,0,0,0,0,0,13,7,6
KIMBLE COUNTY,267,64 Years,90,45,45,76,40,36,0,0,0,0,0,0,14,5,9
KIMBLE COUNTY,267,65 Years,93,44,49,81,41,40,0,0,0,3,1,2,9,2,7
KIMBLE COUNTY,267,66 Years,93,42,51,82,38,44,0,0,0,2,2,0,9,2,7
KIMBLE COUNTY,267,67 Years,83,39,44,71,33,38,0,0,0,1,0,1,11,6,5
KIMBLE COUNTY,267,68 Years,77,38,39,68,33,35,0,0,0,1,0,1,8,5,3
KIMBLE COUNTY,267,69 Years,82,41,41,70,35,35,0,0,0,2,2,0,10,4,6
KIMBLE COUNTY,267,70 Years,65,31,34,60,28,32,0,0,0,1,1,0,4,2,2
KIMBLE COUNTY,267,71 Years,59,28,31,51,24,27,0,0,0,0,0,0,8,4,4
KIMBLE COUNTY,267,72 Years,60,31,29,51,24,27,0,0,0,1,1,0,8,6,2
KIMBLE COUNTY,267,73 Years,54,26,28,46,20,26,0,0,0,2,2,0,6,4,2
KIMBLE COUNTY,267,74 Years,55,27,28,48,24,24,0,0,0,1,1,0,6,2,4
KIMBLE COUNTY,267,75 Years,60,31,29,54,28,26,0,0,0,1,1,0,5,2,3
KIMBLE COUNTY,267,76 Years,51,29,22,44,25,19,0,0,0,2,1,1,5,3,2
KIMBLE COUNTY,267,77 Years,31,16,15,29,16,13,0,0,0,1,0,1,1,0,1
KIMBLE COUNTY,267,78 Years,40,19,21,37,19,18,0,0,0,0,0,0,3,0,3
KIMBLE COUNTY,267,79 Years,37,23,14,32,20,12,0,0,0,1,0,1,4,3,1
KIMBLE COUNTY,267,80 Years,26,12,14,24,11,13,0,0,0,0,0,0,2,1,1
KIMBLE COUNTY,267,81 Years,27,14,13,23,11,12,0,0,0,1,1,0,3,2,1
KIMBLE COUNTY,267,82 Years,31,13,18,27,11,16,0,0,0,0,0,0,4,2,2
KIMBLE COUNTY,267,83 Years,29,10,19,26,9,17,0,0,0,0,0,0,3,1,2
KIMBLE COUNTY,267,84 Years,24,10,14,20,10,10,0,0,0,1,0,1,3,0,3
KIMBLE COUNTY,267,85 Years +,140,52,88,122,46,76,0,0,0,1,0,1,17,6,11
KING COUNTY,269,All Ages,288,140,148,242,116,126,0,0,0,7,3,4,39,21,18
KING COUNTY,269,< 1 Year,1,1,0,1,1,0,0,0,0,0,0,0,0,0,0
KING COUNTY,269,1 Years,2,1,1,2,1,1,0,0,0,0,0,0,0,0,0
KING COUNTY,269,2 Years,2,1,1,2,1,1,0,0,0,0,0,0,0,0,0
KING COUNTY,269,3 Years,1,0,1,1,0,1,0,0,0,0,0,0,0,0,0
KING COUNTY,269,4 Years,2,1,1,1,0,1,0,0,0,0,0,0,1,1,0
KING COUNTY,269,5 Years,2,1,1,1,0,1,0,0,0,0,0,0,1,1,0
KING COUNTY,269,6 Years,2,0,2,2,0,2,0,0,0,0,0,0,0,0,0
KING COUNTY,269,7 Years,3,1,2,3,1,2,0,0,0,0,0,0,0,0,0
KING COUNTY,269,8 Years,3,1,2,3,1,2,0,0,0,0,0,0,0,0,0
KING COUNTY,269,9 Years,3,3,0,3,3,0,0,0,0,0,0,0,0,0,0
KING COUNTY,269,10 Years,4,2,2,3,1,2,0,0,0,0,0,0,1,1,0
KING COUNTY,269,11 Years,5,2,3,4,1,3,0,0,0,0,0,0,1,1,0
KING COUNTY,269,12 Years,3,1,2,3,1,2,0,0,0,0,0,0,0,0,0
KING COUNTY,269,13 Years,4,2,2,3,2,1,0,0,0,0,0,0,1,0,1
KING COUNTY,269,14 Years,4,2,2,3,2,1,0,0,0,0,0,0,1,0,1
KING COUNTY,269,15 Years,8,5,3,5,3,2,0,0,0,0,0,0,3,2,1
KING COUNTY,269,16 Years,5,2,3,3,1,2,0,0,0,0,0,0,2,1,1
KING COUNTY,269,17 Years,4,1,3,3,1,2,0,0,0,0,0,0,1,0,1
KING COUNTY,269,18 Years,4,2,2,3,1,2,0,0,0,0,0,0,1,1,0
KING COUNTY,269,19 Years,3,2,1,2,1,1,0,0,0,0,0,0,1,1,0
KING COUNTY,269,20 Years,6,1,5,4,1,3,0,0,0,1,0,1,1,0,1
KING COUNTY,269,21 Years,5,2,3,5,2,3,0,0,0,0,0,0,0,0,0
KING COUNTY,269,22 Years,6,3,3,4,2,2,0,0,0,1,1,0,1,0,1
KING COUNTY,269,23 Years,3,1,2,2,1,1,0,0,0,1,0,1,0,0,0
KING COUNTY,269,24 Years,0,0,0,0,0,0,0,0,0,0,0,0,0,0,0
KING COUNTY,269,25 Years,2,1,1,1,1,0,0,0,0,0,0,0,1,0,1
KING COUNTY,269,26 Years,2,1,1,2,1,1,0,0,0,0,0,0,0,0,0
KING COUNTY,269,27 Years,2,1,1,2,1,1,0,0,0,0,0,0,0,0,0
KING COUNTY,269,28 Years,2,2,0,2,2,0,0,0,0,0,0,0,0,0,0
KING COUNTY,269,29 Years,3,1,2,3,1,2,0,0,0,0,0,0,0,0,0
KING COUNTY,269,30 Years,2,2,0,2,2,0,0,0,0,0,0,0,0,0,0
KING COUNTY,269,31 Years,2,1,1,2,1,1,0,0,0,0,0,0,0,0,0
KING COUNTY,269,32 Years,1,0,1,1,0,1,0,0,0,0,0,0,0,0,0
KING COUNTY,269,33 Years,4,2,2,4,2,2,0,0,0,0,0,0,0,0,0
KING COUNTY,269,34 Years,2,1,1,1,0,1,0,0,0,1,1,0,0,0,0
KING COUNTY,269,35 Years,2,1,1,1,0,1,0,0,0,1,1,0,0,0,0
KING COUNTY,269,36 Years,2,1,1,2,1,1,0,0,0,0,0,0,0,0,0
KING COUNTY,269,37 Years,2,1,1,1,1,0,0,0,0,0,0,0,1,0,1
KING COUNTY,269,38 Years,4,3,1,3,3,0,0,0,0,0,0,0,1,0,1
KING COUNTY,269,39 Years,3,2,1,2,1,1,0,0,0,0,0,0,1,1,0
KING COUNTY,269,40 Years,2,2,0,1,1,0,0,0,0,0,0,0,1,1,0
KING COUNTY,269,41 Years,2,1,1,2,1,1,0,0,0,0,0,0,0,0,0
KING COUNTY,269,42 Years,4,2,2,3,2,1,0,0,0,0,0,0,1,0,1
KING COUNTY,269,43 Years,7,5,2,5,4,1,0,0,0,0,0,0,2,1,1
KING COUNTY,269,44 Years,3,2,1,3,2,1,0,0,0,0,0,0,0,0,0
KING COUNTY,269,45 Years,4,2,2,2,1,1,0,0,0,0,0,0,2,1,1
KING COUNTY,269,46 Years,7,2,5,3,0,3,0,0,0,0,0,0,4,2,2
KING COUNTY,269,47 Years,6,2,4,4,0,4,0,0,0,0,0,0,2,2,0
KING COUNTY,269,48 Years,5,2,3,5,2,3,0,0,0,0,0,0,0,0,0
KING COUNTY,269,49 Years,4,2,2,2,1,1,0,0,0,0,0,0,2,1,1
KING COUNTY,269,50 Years,4,2,2,2,1,1,0,0,0,0,0,0,2,1,1
KING COUNTY,269,51 Years,4,1,3,4,1,3,0,0,0,0,0,0,0,0,0
KING COUNTY,269,52 Years,6,1,5,6,1,5,0,0,0,0,0,0,0,0,0
KING COUNTY,269,53 Years,7,1,6,7,1,6,0,0,0,0,0,0,0,0,0
KING COUNTY,269,54 Years,7,4,3,7,4,3,0,0,0,0,0,0,0,0,0
KING COUNTY,269,55 Years,5,4,1,5,4,1,0,0,0,0,0,0,0,0,0
KING COUNTY,269,56 Years,7,5,2,6,4,2,0,0,0,0,0,0,1,1,0
KING COUNTY,269,57 Years,9,3,6,7,2,5,0,0,0,1,0,1,1,1,0
KING COUNTY,269,58 Years,6,2,4,5,2,3,0,0,0,1,0,1,0,0,0
KING COUNTY,269,59 Years,6,3,3,6,3,3,0,0,0,0,0,0,0,0,0
KING COUNTY,269,60 Years,4,2,2,4,2,2,0,0,0,0,0,0,0,0,0
KING COUNTY,269,61 Years,2,2,0,2,2,0,0,0,0,0,0,0,0,0,0
KING COUNTY,269,62 Years,4,4,0,4,4,0,0,0,0,0,0,0,0,0,0
KING COUNTY,269,63 Years,6,4,2,6,4,2,0,0,0,0,0,0,0,0,0
KING COUNTY,269,64 Years,3,1,2,3,1,2,0,0,0,0,0,0,0,0,0
KING COUNTY,269,65 Years,2,2,0,2,2,0,0,0,0,0,0,0,0,0,0
KING COUNTY,269,66 Years,1,1,0,1,1,0,0,0,0,0,0,0,0,0,0
KING COUNTY,269,67 Years,3,2,1,3,2,1,0,0,0,0,0,0,0,0,0
KING COUNTY,269,68 Years,1,0,1,1,0,1,0,0,0,0,0,0,0,0,0
KING COUNTY,269,69 Years,4,2,2,4,2,2,0,0,0,0,0,0,0,0,0
KING COUNTY,269,70 Years,2,2,0,2,2,0,0,0,0,0,0,0,0,0,0
KING COUNTY,269,71 Years,2,1,1,2,1,1,0,0,0,0,0,0,0,0,0
KING COUNTY,269,72 Years,1,0,1,1,0,1,0,0,0,0,0,0,0,0,0
KING COUNTY,269,73 Years,3,1,2,2,1,1,0,0,0,0,0,0,1,0,1
KING COUNTY,269,74 Years,2,1,1,2,1,1,0,0,0,0,0,0,0,0,0
KING COUNTY,269,75 Years,3,1,2,3,1,2,0,0,0,0,0,0,0,0,0
KING COUNTY,269,76 Years,1,0,1,1,0,1,0,0,0,0,0,0,0,0,0
KING COUNTY,269,77 Years,1,0,1,1,0,1,0,0,0,0,0,0,0,0,0
KING COUNTY,269,78 Years,2,0,2,2,0,2,0,0,0,0,0,0,0,0,0
KING COUNTY,269,79 Years,6,1,5,6,1,5,0,0,0,0,0,0,0,0,0
KING COUNTY,269,80 Years,3,1,2,3,1,2,0,0,0,0,0,0,0,0,0
KING COUNTY,269,81 Years,0,0,0,0,0,0,0,0,0,0,0,0,0,0,0
KING COUNTY,269,82 Years,1,1,0,1,1,0,0,0,0,0,0,0,0,0,0
KING COUNTY,269,83 Years,0,0,0,0,0,0,0,0,0,0,0,0,0,0,0
KING COUNTY,269,84 Years,2,2,0,2,2,0,0,0,0,0,0,0,0,0,0
KING COUNTY,269,85 Years +,4,3,1,4,3,1,0,0,0,0,0,0,0,0,0
KINNEY COUNTY,271,All Ages,3661,1993,1668,1459,718,741,35,17,18,63,35,28,2104,1223,881
KINNEY COUNTY,271,< 1 Year,39,20,19,9,5,4,0,0,0,0,0,0,30,15,15
KINNEY COUNTY,271,1 Years,41,22,19,11,6,5,0,0,0,0,0,0,30,16,14
KINNEY COUNTY,271,2 Years,38,20,18,11,6,5,0,0,0,0,0,0,27,14,13
KINNEY COUNTY,271,3 Years,41,16,25,8,5,3,0,0,0,1,0,1,32,11,21
KINNEY COUNTY,271,4 Years,38,22,16,8,6,2,2,1,1,1,1,0,27,14,13
KINNEY COUNTY,271,5 Years,33,21,12,10,6,4,0,0,0,1,1,0,22,14,8
KINNEY COUNTY,271,6 Years,35,15,20,10,1,9,0,0,0,0,0,0,25,14,11
KINNEY COUNTY,271,7 Years,43,20,23,11,4,7,0,0,0,1,0,1,31,16,15
KINNEY COUNTY,271,8 Years,30,13,17,6,2,4,0,0,0,1,0,1,23,11,12
KINNEY COUNTY,271,9 Years,32,22,10,7,5,2,1,0,1,1,1,0,23,16,7
KINNEY COUNTY,271,10 Years,40,20,20,13,8,5,1,0,1,1,1,0,25,11,14
KINNEY COUNTY,271,11 Years,31,17,14,11,8,3,0,0,0,0,0,0,20,9,11
KINNEY COUNTY,271,12 Years,32,21,11,11,7,4,0,0,0,2,2,0,19,12,7
KINNEY COUNTY,271,13 Years,33,16,17,9,4,5,0,0,0,1,1,0,23,11,12
KINNEY COUNTY,271,14 Years,33,20,13,7,5,2,0,0,0,0,0,0,26,15,11
KINNEY COUNTY,271,15 Years,47,24,23,16,7,9,0,0,0,2,1,1,29,16,13
KINNEY COUNTY,271,16 Years,51,30,21,11,6,5,0,0,0,0,0,0,40,24,16
KINNEY COUNTY,271,17 Years,52,28,24,10,6,4,1,0,1,1,1,0,40,21,19
KINNEY COUNTY,271,18 Years,43,23,20,6,3,3,0,0,0,1,1,0,36,19,17
KINNEY COUNTY,271,19 Years,47,25,22,14,7,7,0,0,0,3,2,1,30,16,14
KINNEY COUNTY,271,20 Years,51,28,23,14,8,6,0,0,0,1,0,1,36,20,16
KINNEY COUNTY,271,21 Years,51,27,24,13,7,6,0,0,0,1,1,0,37,19,18
KINNEY COUNTY,271,22 Years,33,17,16,7,5,2,0,0,0,1,1,0,25,11,14
KINNEY COUNTY,271,23 Years,46,27,19,11,5,6,0,0,0,1,1,0,34,21,13
KINNEY COUNTY,271,24 Years,43,26,17,8,2,6,1,1,0,0,0,0,34,23,11
KINNEY COUNTY,271,25 Years,37,28,9,6,3,3,0,0,0,0,0,0,31,25,6
KINNEY COUNTY,271,26 Years,36,28,8,7,5,2,0,0,0,0,0,0,29,23,6
KINNEY COUNTY,271,27 Years,46,35,11,6,2,4,0,0,0,0,0,0,40,33,7
KINNEY COUNTY,271,28 Years,38,23,15,5,1,4,1,1,0,0,0,0,32,21,11
KINNEY COUNTY,271,29 Years,41,23,18,7,2,5,1,0,1,0,0,0,33,21,12
KINNEY COUNTY,271,30 Years,42,28,14,9,5,4,0,0,0,0,0,0,33,23,10
KINNEY COUNTY,271,31 Years,37,28,9,6,3,3,0,0,0,0,0,0,31,25,6
KINNEY COUNTY,271,32 Years,30,21,9,7,4,3,0,0,0,1,0,1,22,17,5
KINNEY COUNTY,271,33 Years,37,21,16,9,2,7,1,1,0,0,0,0,27,18,9
KINNEY COUNTY,271,34 Years,31,16,15,6,2,4,0,0,0,2,1,1,23,13,10
KINNEY COUNTY,271,35 Years,26,20,6,6,5,1,0,0,0,0,0,0,20,15,5
KINNEY COUNTY,271,36 Years,35,21,14,10,4,6,0,0,0,0,0,0,25,17,8
KINNEY COUNTY,271,37 Years,38,28,10,8,3,5,0,0,0,1,0,1,29,25,4
KINNEY COUNTY,271,38 Years,41,24,17,7,4,3,0,0,0,1,0,1,33,20,13
KINNEY COUNTY,271,39 Years,43,30,13,10,7,3,0,0,0,0,0,0,33,23,10
KINNEY COUNTY,271,40 Years,46,31,15,8,2,6,1,0,1,0,0,0,37,29,8
KINNEY COUNTY,271,41 Years,46,28,18,7,4,3,1,0,1,0,0,0,38,24,14
KINNEY COUNTY,271,42 Years,46,27,19,15,9,6,0,0,0,0,0,0,31,18,13
KINNEY COUNTY,271,43 Years,42,24,18,12,5,7,0,0,0,0,0,0,30,19,11
KINNEY COUNTY,271,44 Years,37,22,15,8,4,4,0,0,0,1,0,1,28,18,10
KINNEY COUNTY,271,45 Years,39,23,16,9,5,4,0,0,0,0,0,0,30,18,12
KINNEY COUNTY,271,46 Years,54,37,17,15,10,5,1,1,0,1,0,1,37,26,11
KINNEY COUNTY,271,47 Years,43,28,15,14,7,7,1,1,0,1,1,0,27,19,8
KINNEY COUNTY,271,48 Years,41,22,19,10,3,7,0,0,0,1,1,0,30,18,12
KINNEY COUNTY,271,49 Years,44,27,17,12,9,3,0,0,0,1,1,0,31,17,14
KINNEY COUNTY,271,50 Years,46,28,18,17,8,9,0,0,0,0,0,0,29,20,9
KINNEY COUNTY,271,51 Years,44,24,20,22,11,11,0,0,0,0,0,0,22,13,9
KINNEY COUNTY,271,52 Years,35,17,18,19,9,10,1,0,1,0,0,0,15,8,7
KINNEY COUNTY,271,53 Years,45,25,20,27,13,14,0,0,0,0,0,0,18,12,6
KINNEY COUNTY,271,54 Years,41,20,21,21,11,10,1,1,0,0,0,0,19,8,11
KINNEY COUNTY,271,55 Years,43,23,20,18,10,8,0,0,0,0,0,0,25,13,12
KINNEY COUNTY,271,56 Years,56,26,30,27,10,17,0,0,0,2,2,0,27,14,13
KINNEY COUNTY,271,57 Years,56,27,29,26,7,19,2,1,1,1,1,0,27,18,9
KINNEY COUNTY,271,58 Years,55,26,29,24,9,15,1,1,0,2,0,2,28,16,12
KINNEY COUNTY,271,59 Years,56,29,27,27,16,11,1,0,1,2,0,2,26,13,13
KINNEY COUNTY,271,60 Years,45,22,23,20,14,6,1,0,1,1,0,1,23,8,15
KINNEY COUNTY,271,61 Years,45,21,24,20,6,14,1,1,0,2,2,0,22,12,10
KINNEY COUNTY,271,62 Years,42,19,23,23,8,15,0,0,0,2,2,0,17,9,8
KINNEY COUNTY,271,63 Years,47,24,23,28,12,16,0,0,0,1,1,0,18,11,7
KINNEY COUNTY,271,64 Years,46,23,23,28,13,15,1,0,1,1,0,1,16,10,6
KINNEY COUNTY,271,65 Years,50,29,21,29,15,14,1,0,1,0,0,0,20,14,6
KINNEY COUNTY,271,66 Years,67,32,35,34,17,17,2,0,2,3,3,0,28,12,16
KINNEY COUNTY,271,67 Years,47,24,23,29,15,14,1,1,0,1,1,0,16,7,9
KINNEY COUNTY,271,68 Years,38,19,19,30,15,15,0,0,0,1,0,1,7,4,3
KINNEY COUNTY,271,69 Years,52,27,25,37,20,17,0,0,0,2,1,1,13,6,7
KINNEY COUNTY,271,70 Years,48,25,23,33,20,13,0,0,0,1,0,1,14,5,9
KINNEY COUNTY,271,71 Years,45,18,27,35,15,20,0,0,0,1,0,1,9,3,6
KINNEY COUNTY,271,72 Years,50,22,28,41,17,24,0,0,0,2,0,2,7,5,2
KINNEY COUNTY,271,73 Years,46,24,22,33,17,16,0,0,0,1,0,1,12,7,5
KINNEY COUNTY,271,74 Years,47,23,24,33,17,16,0,0,0,1,0,1,13,6,7
KINNEY COUNTY,271,75 Years,47,18,29,31,11,20,2,2,0,0,0,0,14,5,9
KINNEY COUNTY,271,76 Years,41,16,25,30,12,18,2,2,0,0,0,0,9,2,7
KINNEY COUNTY,271,77 Years,37,14,23,29,12,17,1,1,0,0,0,0,7,1,6
KINNEY COUNTY,271,78 Years,41,18,23,27,14,13,0,0,0,1,1,0,13,3,10
KINNEY COUNTY,271,79 Years,39,16,23,23,11,12,1,0,1,2,0,2,13,5,8
KINNEY COUNTY,271,80 Years,34,16,18,21,12,9,1,0,1,0,0,0,12,4,8
KINNEY COUNTY,271,81 Years,29,14,15,18,9,9,0,0,0,0,0,0,11,5,6
KINNEY COUNTY,271,82 Years,33,18,15,26,15,11,0,0,0,0,0,0,7,3,4
KINNEY COUNTY,271,83 Years,35,22,13,26,15,11,0,0,0,1,1,0,8,6,2
KINNEY COUNTY,271,84 Years,29,14,15,17,9,8,0,0,0,1,1,0,11,4,7
KINNEY COUNTY,271,85 Years +,105,47,58,59,29,30,2,1,1,0,0,0,44,17,27
KLEBERG COUNTY,273,All Ages,32019,16365,15654,7254,3851,3403,1090,627,463,1089,630,459,22586,11257,11329
KLEBERG COUNTY,273,< 1 Year,513,261,252,91,48,43,17,9,8,20,10,10,385,194,191
KLEBERG COUNTY,273,1 Years,515,264,251,89,46,43,19,10,9,17,9,8,390,199,191
KLEBERG COUNTY,273,2 Years,514,263,251,90,46,44,19,10,9,18,10,8,387,197,190
KLEBERG COUNTY,273,3 Years,503,262,241,77,38,39,21,11,10,17,11,6,388,202,186
KLEBERG COUNTY,273,4 Years,471,243,228,62,36,26,21,10,11,12,7,5,376,190,186
KLEBERG COUNTY,273,5 Years,493,254,239,75,44,31,12,4,8,11,6,5,395,200,195
KLEBERG COUNTY,273,6 Years,467,229,238,74,40,34,6,2,4,13,7,6,374,180,194
KLEBERG COUNTY,273,7 Years,448,232,216,63,34,29,15,9,6,16,11,5,354,178,176
KLEBERG COUNTY,273,8 Years,426,228,198,62,32,30,12,6,6,15,10,5,337,180,157
KLEBERG COUNTY,273,9 Years,436,225,211,68,38,30,7,3,4,14,6,8,347,178,169
KLEBERG COUNTY,273,10 Years,441,233,208,58,33,25,8,5,3,10,4,6,365,191,174
KLEBERG COUNTY,273,11 Years,435,221,214,56,30,26,10,8,2,7,4,3,362,179,183
KLEBERG COUNTY,273,12 Years,422,199,223,50,26,24,7,3,4,8,2,6,357,168,189
KLEBERG COUNTY,273,13 Years,407,218,189,57,33,24,12,6,6,9,6,3,329,173,156
KLEBERG COUNTY,273,14 Years,390,217,173,55,32,23,14,4,10,3,3,0,318,178,140
KLEBERG COUNTY,273,15 Years,390,221,169,60,34,26,7,4,3,8,4,4,315,179,136
KLEBERG COUNTY,273,16 Years,411,205,206,65,32,33,7,2,5,7,2,5,332,169,163
KLEBERG COUNTY,273,17 Years,489,232,257,72,35,37,16,10,6,6,2,4,395,185,210
KLEBERG COUNTY,273,18 Years,717,387,330,106,55,51,39,25,14,13,6,7,559,301,258
KLEBERG COUNTY,273,19 Years,1044,583,461,189,107,82,84,56,28,15,11,4,756,409,347
KLEBERG COUNTY,273,20 Years,738,408,330,136,87,49,39,26,13,10,7,3,553,288,265
KLEBERG COUNTY,273,21 Years,867,485,382,174,113,61,38,25,13,39,23,16,616,324,292
KLEBERG COUNTY,273,22 Years,832,474,358,185,110,75,20,14,6,58,41,17,569,309,260
KLEBERG COUNTY,273,23 Years,842,472,370,192,113,79,35,25,10,81,52,29,534,282,252
KLEBERG COUNTY,273,24 Years,752,414,338,189,104,85,35,23,12,75,50,25,453,237,216
KLEBERG COUNTY,273,25 Years,616,334,282,146,89,57,39,23,16,55,45,10,376,177,199
KLEBERG COUNTY,273,26 Years,523,284,239,134,86,48,25,17,8,48,34,14,316,147,169
KLEBERG COUNTY,273,27 Years,493,269,224,122,76,46,19,15,4,38,26,12,314,152,162
KLEBERG COUNTY,273,28 Years,491,245,246,110,57,53,25,14,11,32,16,16,324,158,166
KLEBERG COUNTY,273,29 Years,449,236,213,109,54,55,24,15,9,20,13,7,296,154,142
KLEBERG COUNTY,273,30 Years,432,240,192,93,53,40,19,15,4,27,16,11,293,156,137
KLEBERG COUNTY,273,31 Years,374,194,180,81,42,39,12,9,3,15,9,6,266,134,132
KLEBERG COUNTY,273,32 Years,353,189,164,67,41,26,13,9,4,14,7,7,259,132,127
KLEBERG COUNTY,273,33 Years,352,187,165,87,49,38,7,5,2,14,8,6,244,125,119
KLEBERG COUNTY,273,34 Years,301,159,142,78,44,34,8,5,3,10,6,4,205,104,101
KLEBERG COUNTY,273,35 Years,285,136,149,68,34,34,5,4,1,12,6,6,200,92,108
KLEBERG COUNTY,273,36 Years,299,146,153,59,32,27,9,4,5,10,6,4,221,104,117
KLEBERG COUNTY,273,37 Years,274,137,137,55,25,30,9,3,6,9,5,4,201,104,97
KLEBERG COUNTY,273,38 Years,322,174,148,61,36,25,11,5,6,10,7,3,240,126,114
KLEBERG COUNTY,273,39 Years,332,169,163,72,42,30,9,6,3,8,4,4,243,117,126
KLEBERG COUNTY,273,40 Years,327,161,166,66,32,34,10,7,3,12,5,7,239,117,122
KLEBERG COUNTY,273,41 Years,336,164,172,63,30,33,10,7,3,12,5,7,251,122,129
KLEBERG COUNTY,273,42 Years,339,179,160,78,37,41,14,9,5,10,4,6,237,129,108
KLEBERG COUNTY,273,43 Years,325,147,178,75,33,42,11,6,5,6,1,5,233,107,126
KLEBERG COUNTY,273,44 Years,317,161,156,68,39,29,10,4,6,7,5,2,232,113,119
KLEBERG COUNTY,273,45 Years,312,156,156,63,36,27,9,0,9,8,3,5,232,117,115
KLEBERG COUNTY,273,46 Years,278,139,139,57,31,26,9,3,6,7,5,2,205,100,105
KLEBERG COUNTY,273,47 Years,301,147,154,71,35,36,8,1,7,9,4,5,213,107,106
KLEBERG COUNTY,273,48 Years,337,155,182,77,41,36,7,3,4,11,6,5,242,105,137
KLEBERG COUNTY,273,49 Years,355,181,174,80,41,39,12,5,7,5,3,2,258,132,126
KLEBERG COUNTY,273,50 Years,373,175,198,89,38,51,10,6,4,10,4,6,264,127,137
KLEBERG COUNTY,273,51 Years,336,164,172,88,41,47,11,6,5,7,3,4,230,114,116
KLEBERG COUNTY,273,52 Years,340,173,167,97,50,47,5,3,2,7,4,3,231,116,115
KLEBERG COUNTY,273,53 Years,347,185,162,99,51,48,8,6,2,8,3,5,232,125,107
KLEBERG COUNTY,273,54 Years,320,151,169,94,40,54,9,4,5,6,3,3,211,104,107
KLEBERG COUNTY,273,55 Years,334,172,162,104,57,47,11,4,7,10,7,3,209,104,105
KLEBERG COUNTY,273,56 Years,346,169,177,93,46,47,10,6,4,8,3,5,235,114,121
KLEBERG COUNTY,273,57 Years,350,169,181,99,45,54,9,4,5,7,4,3,235,116,119
KLEBERG COUNTY,273,58 Years,371,174,197,105,49,56,12,6,6,6,2,4,248,117,131
KLEBERG COUNTY,273,59 Years,341,155,186,94,43,51,7,1,6,6,0,6,234,111,123
KLEBERG COUNTY,273,60 Years,305,159,146,95,49,46,7,5,2,7,2,5,196,103,93
KLEBERG COUNTY,273,61 Years,303,159,144,99,53,46,6,5,1,3,1,2,195,100,95
KLEBERG COUNTY,273,62 Years,286,136,150,82,47,35,6,4,2,5,1,4,193,84,109
KLEBERG COUNTY,273,63 Years,299,151,148,101,58,43,8,3,5,7,5,2,183,85,98
KLEBERG COUNTY,273,64 Years,285,145,140,95,50,45,9,5,4,6,3,3,175,87,88
KLEBERG COUNTY,273,65 Years,274,121,153,77,35,42,4,1,3,6,1,5,187,84,103
KLEBERG COUNTY,273,66 Years,278,136,142,84,42,42,5,5,0,4,1,3,185,88,97
KLEBERG COUNTY,273,67 Years,257,125,132,87,45,42,8,4,4,5,3,2,157,73,84
KLEBERG COUNTY,273,68 Years,258,128,130,77,36,41,13,7,6,5,2,3,163,83,80
KLEBERG COUNTY,273,69 Years,233,101,132,72,29,43,10,6,4,6,1,5,145,65,80
KLEBERG COUNTY,273,70 Years,216,97,119,68,32,36,6,3,3,4,2,2,138,60,78
KLEBERG COUNTY,273,71 Years,200,102,98,79,40,39,5,3,2,5,4,1,111,55,56
KLEBERG COUNTY,273,72 Years,172,90,82,72,43,29,5,2,3,3,2,1,92,43,49
KLEBERG COUNTY,273,73 Years,184,88,96,72,41,31,6,2,4,4,2,2,102,43,59
KLEBERG COUNTY,273,74 Years,201,86,115,75,37,38,3,2,1,8,5,3,115,42,73
KLEBERG COUNTY,273,75 Years,165,70,95,56,29,27,9,5,4,3,1,2,97,35,62
KLEBERG COUNTY,273,76 Years,163,76,87,57,30,27,8,4,4,2,0,2,96,42,54
KLEBERG COUNTY,273,77 Years,158,68,90,53,27,26,4,2,2,2,1,1,99,38,61
KLEBERG COUNTY,273,78 Years,145,64,81,46,26,20,1,1,0,1,0,1,97,37,60
KLEBERG COUNTY,273,79 Years,121,60,61,40,23,17,2,2,0,2,2,0,77,33,44
KLEBERG COUNTY,273,80 Years,116,56,60,40,21,19,2,1,1,3,2,1,71,32,39
KLEBERG COUNTY,273,81 Years,107,49,58,41,18,23,2,1,1,2,1,1,62,29,33
KLEBERG COUNTY,273,82 Years,107,43,64,42,18,24,2,1,1,0,0,0,63,24,39
KLEBERG COUNTY,273,83 Years,95,39,56,42,18,24,0,0,0,1,0,1,52,21,31
KLEBERG COUNTY,273,84 Years,85,40,45,38,18,20,0,0,0,1,0,1,46,22,24
KLEBERG COUNTY,273,85 Years +,462,170,292,167,65,102,13,3,10,8,2,6,274,100,174
KNOX COUNTY,275,All Ages,3817,1890,1927,2352,1156,1196,229,109,120,55,31,24,1181,594,587
KNOX COUNTY,275,< 1 Year,51,25,26,25,12,13,3,2,1,0,0,0,23,11,12
KNOX COUNTY,275,1 Years,51,26,25,26,13,13,2,1,1,0,0,0,23,12,11
KNOX COUNTY,275,2 Years,49,25,24,25,13,12,2,1,1,0,0,0,22,11,11
KNOX COUNTY,275,3 Years,57,26,31,24,10,14,1,1,0,2,0,2,30,15,15
KNOX COUNTY,275,4 Years,56,35,21,27,12,15,1,1,0,2,2,0,26,20,6
KNOX COUNTY,275,5 Years,61,33,28,30,13,17,0,0,0,4,3,1,27,17,10
KNOX COUNTY,275,6 Years,59,27,32,31,13,18,2,2,0,1,1,0,25,11,14
KNOX COUNTY,275,7 Years,50,23,27,19,12,7,2,2,0,3,1,2,26,8,18
KNOX COUNTY,275,8 Years,58,28,30,29,15,14,4,3,1,1,0,1,24,10,14
KNOX COUNTY,275,9 Years,46,22,24,23,10,13,3,2,1,1,0,1,19,10,9
KNOX COUNTY,275,10 Years,47,22,25,18,10,8,2,1,1,1,0,1,26,11,15
KNOX COUNTY,275,11 Years,53,23,30,28,14,14,5,1,4,1,0,1,19,8,11
KNOX COUNTY,275,12 Years,57,35,22,25,15,10,9,4,5,1,0,1,22,16,6
KNOX COUNTY,275,13 Years,57,28,29,27,12,15,9,6,3,1,1,0,20,9,11
KNOX COUNTY,275,14 Years,61,28,33,34,15,19,6,3,3,3,1,2,18,9,9
KNOX COUNTY,275,15 Years,47,18,29,23,8,15,5,3,2,1,0,1,18,7,11
KNOX COUNTY,275,16 Years,43,19,24,16,5,11,3,1,2,1,1,0,23,12,11
KNOX COUNTY,275,17 Years,52,27,25,25,12,13,3,2,1,1,1,0,23,12,11
KNOX COUNTY,275,18 Years,50,27,23,24,13,11,5,3,2,2,2,0,19,9,10
KNOX COUNTY,275,19 Years,42,20,22,19,9,10,6,2,4,1,1,0,16,8,8
KNOX COUNTY,275,20 Years,50,26,24,19,10,9,4,3,1,2,1,1,25,12,13
KNOX COUNTY,275,21 Years,52,26,26,24,14,10,8,5,3,1,0,1,19,7,12
KNOX COUNTY,275,22 Years,41,17,24,17,6,11,5,3,2,2,1,1,17,7,10
KNOX COUNTY,275,23 Years,34,13,21,15,8,7,2,0,2,1,0,1,16,5,11
KNOX COUNTY,275,24 Years,27,14,13,15,8,7,2,2,0,0,0,0,10,4,6
KNOX COUNTY,275,25 Years,28,14,14,15,7,8,0,0,0,0,0,0,13,7,6
KNOX COUNTY,275,26 Years,32,16,16,22,11,11,0,0,0,0,0,0,10,5,5
KNOX COUNTY,275,27 Years,41,19,22,26,16,10,3,1,2,0,0,0,12,2,10
KNOX COUNTY,275,28 Years,49,27,22,30,17,13,3,3,0,0,0,0,16,7,9
KNOX COUNTY,275,29 Years,40,20,20,24,11,13,3,1,2,2,1,1,11,7,4
KNOX COUNTY,275,30 Years,44,24,20,25,14,11,4,2,2,0,0,0,15,8,7
KNOX COUNTY,275,31 Years,35,16,19,20,10,10,2,1,1,0,0,0,13,5,8
KNOX COUNTY,275,32 Years,41,20,21,24,12,12,2,0,2,0,0,0,15,8,7
KNOX COUNTY,275,33 Years,44,25,19,26,14,12,1,0,1,0,0,0,17,11,6
KNOX COUNTY,275,34 Years,32,15,17,18,8,10,3,1,2,0,0,0,11,6,5
KNOX COUNTY,275,35 Years,42,25,17,23,13,10,3,2,1,1,1,0,15,9,6
KNOX COUNTY,275,36 Years,41,24,17,28,17,11,2,2,0,0,0,0,11,5,6
KNOX COUNTY,275,37 Years,36,20,16,22,12,10,1,1,0,0,0,0,13,7,6
KNOX COUNTY,275,38 Years,45,23,22,23,13,10,2,1,1,0,0,0,20,9,11
KNOX COUNTY,275,39 Years,35,18,17,18,10,8,2,1,1,0,0,0,15,7,8
KNOX COUNTY,275,40 Years,37,17,20,25,11,14,3,1,2,0,0,0,9,5,4
KNOX COUNTY,275,41 Years,32,12,20,17,5,12,2,0,2,1,1,0,12,6,6
KNOX COUNTY,275,42 Years,47,20,27,26,10,16,2,1,1,1,1,0,18,8,10
KNOX COUNTY,275,43 Years,51,23,28,35,18,17,1,0,1,0,0,0,15,5,10
KNOX COUNTY,275,44 Years,38,19,19,22,11,11,4,1,3,0,0,0,12,7,5
KNOX COUNTY,275,45 Years,41,20,21,24,13,11,5,1,4,0,0,0,12,6,6
KNOX COUNTY,275,46 Years,40,20,20,21,11,10,3,1,2,1,1,0,15,7,8
KNOX COUNTY,275,47 Years,42,22,20,23,11,12,4,2,2,1,1,0,14,8,6
KNOX COUNTY,275,48 Years,51,28,23,29,14,15,6,4,2,0,0,0,16,10,6
KNOX COUNTY,275,49 Years,47,24,23,26,11,15,4,3,1,0,0,0,17,10,7
KNOX COUNTY,275,50 Years,41,20,21,24,11,13,4,2,2,1,0,1,12,7,5
KNOX COUNTY,275,51 Years,44,26,18,28,17,11,4,2,2,2,2,0,10,5,5
KNOX COUNTY,275,52 Years,52,29,23,38,23,15,4,2,2,0,0,0,10,4,6
KNOX COUNTY,275,53 Years,57,30,27,43,22,21,1,0,1,0,0,0,13,8,5
KNOX COUNTY,275,54 Years,62,31,31,39,22,17,3,0,3,0,0,0,20,9,11
KNOX COUNTY,275,55 Years,57,31,26,40,22,18,2,0,2,0,0,0,15,9,6
KNOX COUNTY,275,56 Years,50,29,21,33,17,16,2,1,1,0,0,0,15,11,4
KNOX COUNTY,275,57 Years,54,32,22,40,23,17,2,1,1,0,0,0,12,8,4
KNOX COUNTY,275,58 Years,51,29,22,37,21,16,1,1,0,0,0,0,13,7,6
KNOX COUNTY,275,59 Years,48,25,23,31,16,15,2,0,2,2,0,2,13,9,4
KNOX COUNTY,275,60 Years,38,22,16,26,15,11,2,0,2,1,0,1,9,7,2
KNOX COUNTY,275,61 Years,57,31,26,46,26,20,3,1,2,0,0,0,8,4,4
KNOX COUNTY,275,62 Years,39,23,16,31,18,13,2,1,1,1,1,0,5,3,2
KNOX COUNTY,275,63 Years,42,21,21,30,15,15,4,1,3,1,1,0,7,4,3
KNOX COUNTY,275,64 Years,37,18,19,30,15,15,2,1,1,0,0,0,5,2,3
KNOX COUNTY,275,65 Years,38,19,19,26,12,14,3,1,2,0,0,0,9,6,3
KNOX COUNTY,275,66 Years,45,22,23,35,18,17,3,1,2,1,1,0,6,2,4
KNOX COUNTY,275,67 Years,40,22,18,31,18,13,1,0,1,0,0,0,8,4,4
KNOX COUNTY,275,68 Years,40,21,19,32,16,16,2,1,1,1,1,0,5,3,2
KNOX COUNTY,275,69 Years,46,17,29,32,13,19,4,1,3,0,0,0,10,3,7
KNOX COUNTY,275,70 Years,32,14,18,25,11,14,2,1,1,0,0,0,5,2,3
KNOX COUNTY,275,71 Years,32,16,16,28,14,14,1,1,0,0,0,0,3,1,2
KNOX COUNTY,275,72 Years,30,17,13,27,16,11,0,0,0,0,0,0,3,1,2
KNOX COUNTY,275,73 Years,35,15,20,28,13,15,0,0,0,0,0,0,7,2,5
KNOX COUNTY,275,74 Years,36,15,21,27,11,16,1,0,1,0,0,0,8,4,4
KNOX COUNTY,275,75 Years,39,16,23,31,12,19,0,0,0,1,1,0,7,3,4
KNOX COUNTY,275,76 Years,41,18,23,33,13,20,1,1,0,0,0,0,7,4,3
KNOX COUNTY,275,77 Years,40,15,25,32,11,21,2,2,0,0,0,0,6,2,4
KNOX COUNTY,275,78 Years,37,16,21,28,11,17,2,1,1,0,0,0,7,4,3
KNOX COUNTY,275,79 Years,32,14,18,26,12,14,2,1,1,0,0,0,4,1,3
KNOX COUNTY,275,80 Years,26,12,14,21,10,11,0,0,0,1,0,1,4,2,2
KNOX COUNTY,275,81 Years,23,10,13,18,7,11,0,0,0,1,0,1,4,3,1
KNOX COUNTY,275,82 Years,26,13,13,19,10,9,3,1,2,0,0,0,4,2,2
KNOX COUNTY,275,83 Years,24,12,12,18,10,8,2,0,2,1,1,0,3,1,2
KNOX COUNTY,275,84 Years,29,13,16,24,12,12,0,0,0,1,1,0,4,0,4
KNOX COUNTY,275,85 Years +,135,52,83,115,41,74,3,0,3,0,0,0,17,11,6
LAMAR COUNTY,277,All Ages,50270,24385,25885,37510,18249,19261,6812,3171,3641,2286,1073,1213,3662,1892,1770
LAMAR COUNTY,277,< 1 Year,650,326,324,431,214,217,106,54,52,42,21,21,71,37,34
LAMAR COUNTY,277,1 Years,645,329,316,428,218,210,110,56,54,34,17,17,73,38,35
LAMAR COUNTY,277,2 Years,646,329,317,433,221,212,109,55,54,34,17,17,70,36,34
LAMAR COUNTY,277,3 Years,636,319,317,408,211,197,98,50,48,51,22,29,79,36,43
LAMAR COUNTY,277,4 Years,645,322,323,392,197,195,108,57,51,57,30,27,88,38,50
LAMAR COUNTY,277,5 Years,660,340,320,402,203,199,105,61,44,55,31,24,98,45,53
LAMAR COUNTY,277,6 Years,657,335,322,397,209,188,106,57,49,59,29,30,95,40,55
LAMAR COUNTY,277,7 Years,651,329,322,398,204,194,97,53,44,50,25,25,106,47,59
LAMAR COUNTY,277,8 Years,684,342,342,435,220,215,94,43,51,50,23,27,105,56,49
LAMAR COUNTY,277,9 Years,646,329,317,404,208,196,101,53,48,44,20,24,97,48,49
LAMAR COUNTY,277,10 Years,659,335,324,424,215,209,96,47,49,44,21,23,95,52,43
LAMAR COUNTY,277,11 Years,621,316,305,395,206,189,102,47,55,42,20,22,82,43,39
LAMAR COUNTY,277,12 Years,677,364,313,445,244,201,99,52,47,37,19,18,96,49,47
LAMAR COUNTY,277,13 Years,696,354,342,464,235,229,99,54,45,39,20,19,94,45,49
LAMAR COUNTY,277,14 Years,695,344,351,462,232,230,100,48,52,46,23,23,87,41,46
LAMAR COUNTY,277,15 Years,689,344,345,454,227,227,109,53,56,36,17,19,90,47,43
LAMAR COUNTY,277,16 Years,707,360,347,473,246,227,116,59,57,42,19,23,76,36,40
LAMAR COUNTY,277,17 Years,714,367,347,481,244,237,105,61,44,51,24,27,77,38,39
LAMAR COUNTY,277,18 Years,672,341,331,448,219,229,113,64,49,38,19,19,73,39,34
LAMAR COUNTY,277,19 Years,644,328,316,429,213,216,102,50,52,41,22,19,72,43,29
LAMAR COUNTY,277,20 Years,627,345,282,418,234,184,109,55,54,36,20,16,64,36,28
LAMAR COUNTY,277,21 Years,678,361,317,460,252,208,122,63,59,36,15,21,60,31,29
LAMAR COUNTY,277,22 Years,717,343,374,475,237,238,132,58,74,43,16,27,67,32,35
LAMAR COUNTY,277,23 Years,745,362,383,500,240,260,141,64,77,43,21,22,61,37,24
LAMAR COUNTY,277,24 Years,665,305,360,476,218,258,108,47,61,31,14,17,50,26,24
LAMAR COUNTY,277,25 Years,622,301,321,435,215,220,98,43,55,35,14,21,54,29,25
LAMAR COUNTY,277,26 Years,596,297,299,425,209,216,77,34,43,34,19,15,60,35,25
LAMAR COUNTY,277,27 Years,568,289,279,388,193,195,93,46,47,29,19,10,58,31,27
LAMAR COUNTY,277,28 Years,543,277,266,378,196,182,84,36,48,22,14,8,59,31,28
LAMAR COUNTY,277,29 Years,505,256,249,353,187,166,75,31,44,21,9,12,56,29,27
LAMAR COUNTY,277,30 Years,526,254,272,367,182,185,79,32,47,24,9,15,56,31,25
LAMAR COUNTY,277,31 Years,508,242,266,358,173,185,72,31,41,21,7,14,57,31,26
LAMAR COUNTY,277,32 Years,505,253,252,369,186,183,57,22,35,26,13,13,53,32,21
LAMAR COUNTY,277,33 Years,552,271,281,390,196,194,73,31,42,23,11,12,66,33,33
LAMAR COUNTY,277,34 Years,539,262,277,380,185,195,87,40,47,23,14,9,49,23,26
LAMAR COUNTY,277,35 Years,526,258,268,362,178,184,80,34,46,26,12,14,58,34,24
LAMAR COUNTY,277,36 Years,554,278,276,372,191,181,88,38,50,30,15,15,64,34,30
LAMAR COUNTY,277,37 Years,551,276,275,390,204,186,82,39,43,28,12,16,51,21,30
LAMAR COUNTY,277,38 Years,571,279,292,401,199,202,88,40,48,24,9,15,58,31,27
LAMAR COUNTY,277,39 Years,545,268,277,405,193,212,79,42,37,19,11,8,42,22,20
LAMAR COUNTY,277,40 Years,545,253,292,388,182,206,84,36,48,23,10,13,50,25,25
LAMAR COUNTY,277,41 Years,594,288,306,438,213,225,95,42,53,19,10,9,42,23,19
LAMAR COUNTY,277,42 Years,646,306,340,488,232,256,95,41,54,26,12,14,37,21,16
LAMAR COUNTY,277,43 Years,694,322,372,526,247,279,94,42,52,33,13,20,41,20,21
LAMAR COUNTY,277,44 Years,688,330,358,518,250,268,99,42,57,30,11,19,41,27,14
LAMAR COUNTY,277,45 Years,664,326,338,495,248,247,101,45,56,30,12,18,38,21,17
LAMAR COUNTY,277,46 Years,646,313,333,488,240,248,95,42,53,33,13,20,30,18,12
LAMAR COUNTY,277,47 Years,623,304,319,481,236,245,89,44,45,28,10,18,25,14,11
LAMAR COUNTY,277,48 Years,666,338,328,523,272,251,91,45,46,24,10,14,28,11,17
LAMAR COUNTY,277,49 Years,708,339,369,557,277,280,106,42,64,24,12,12,21,8,13
LAMAR COUNTY,277,50 Years,703,334,369,560,269,291,96,44,52,25,10,15,22,11,11
LAMAR COUNTY,277,51 Years,695,332,363,561,270,291,84,37,47,26,11,15,24,14,10
LAMAR COUNTY,277,52 Years,676,325,351,543,263,280,92,43,49,19,9,10,22,10,12
LAMAR COUNTY,277,53 Years,721,344,377,571,269,302,98,50,48,29,14,15,23,11,12
LAMAR COUNTY,277,54 Years,666,327,339,518,257,261,97,43,54,23,12,11,28,15,13
LAMAR COUNTY,277,55 Years,721,357,364,571,284,287,94,42,52,29,15,14,27,16,11
LAMAR COUNTY,277,56 Years,697,334,363,552,264,288,97,42,55,28,14,14,20,14,6
LAMAR COUNTY,277,57 Years,660,326,334,535,266,269,89,41,48,20,7,13,16,12,4
LAMAR COUNTY,277,58 Years,660,327,333,519,262,257,95,43,52,25,9,16,21,13,8
LAMAR COUNTY,277,59 Years,607,300,307,484,248,236,85,33,52,19,9,10,19,10,9
LAMAR COUNTY,277,60 Years,594,289,305,487,242,245,68,29,39,24,9,15,15,9,6
LAMAR COUNTY,277,61 Years,606,279,327,506,232,274,69,27,42,14,7,7,17,13,4
LAMAR COUNTY,277,62 Years,616,295,321,509,248,261,71,29,42,21,11,10,15,7,8
LAMAR COUNTY,277,63 Years,636,310,326,534,257,277,56,29,27,27,13,14,19,11,8
LAMAR COUNTY,277,64 Years,655,295,360,554,254,300,59,24,35,28,10,18,14,7,7
LAMAR COUNTY,277,65 Years,579,267,312,493,227,266,56,25,31,19,8,11,11,7,4
LAMAR COUNTY,277,66 Years,611,291,320,532,253,279,49,25,24,17,6,11,13,7,6
LAMAR COUNTY,277,67 Years,533,256,277,465,221,244,43,23,20,13,6,7,12,6,6
LAMAR COUNTY,277,68 Years,543,256,287,480,229,251,46,19,27,10,5,5,7,3,4
LAMAR COUNTY,277,69 Years,557,256,301,485,226,259,46,18,28,15,8,7,11,4,7
LAMAR COUNTY,277,70 Years,538,256,282,475,230,245,43,16,27,12,6,6,8,4,4
LAMAR COUNTY,277,71 Years,492,244,248,435,216,219,37,15,22,11,7,4,9,6,3
LAMAR COUNTY,277,72 Years,454,207,247,407,184,223,34,16,18,8,3,5,5,4,1
LAMAR COUNTY,277,73 Years,434,190,244,393,174,219,28,11,17,6,2,4,7,3,4
LAMAR COUNTY,277,74 Years,398,186,212,355,170,185,31,11,20,8,2,6,4,3,1
LAMAR COUNTY,277,75 Years,393,186,207,355,173,182,26,9,17,7,2,5,5,2,3
LAMAR COUNTY,277,76 Years,356,164,192,317,149,168,29,12,17,5,1,4,5,2,3
LAMAR COUNTY,277,77 Years,304,135,169,271,123,148,23,9,14,8,2,6,2,1,1
LAMAR COUNTY,277,78 Years,308,138,170,273,125,148,22,7,15,10,4,6,3,2,1
LAMAR COUNTY,277,79 Years,296,134,162,261,119,142,21,8,13,7,5,2,7,2,5
LAMAR COUNTY,277,80 Years,259,108,151,219,92,127,31,12,19,4,3,1,5,1,4
LAMAR COUNTY,277,81 Years,243,100,143,218,90,128,21,8,13,2,1,1,2,1,1
LAMAR COUNTY,277,82 Years,225,92,133,197,79,118,20,9,11,5,2,3,3,2,1
LAMAR COUNTY,277,83 Years,195,83,112,175,74,101,15,7,8,2,1,1,3,1,2
LAMAR COUNTY,277,84 Years,174,71,103,158,62,96,11,5,6,3,2,1,2,2,0
LAMAR COUNTY,277,85 Years +,1054,342,712,935,297,638,82,29,53,21,11,10,16,5,11
LAMB COUNTY,279,All Ages,13780,6917,6863,5646,2764,2882,553,283,270,168,72,96,7413,3798,3615
LAMB COUNTY,279,< 1 Year,208,108,100,53,26,27,7,4,3,4,3,1,144,75,69
LAMB COUNTY,279,1 Years,210,108,102,54,28,26,6,3,3,2,1,1,148,76,72
LAMB COUNTY,279,2 Years,208,107,101,54,28,26,5,3,2,2,1,1,147,75,72
LAMB COUNTY,279,3 Years,222,117,105,53,32,21,7,4,3,4,2,2,158,79,79
LAMB COUNTY,279,4 Years,221,116,105,51,25,26,6,2,4,7,4,3,157,85,72
LAMB COUNTY,279,5 Years,207,108,99,49,22,27,10,4,6,3,1,2,145,81,64
LAMB COUNTY,279,6 Years,223,115,108,59,28,31,9,5,4,5,2,3,150,80,70
LAMB COUNTY,279,7 Years,217,109,108,54,22,32,10,8,2,4,1,3,149,78,71
LAMB COUNTY,279,8 Years,217,107,110,53,24,29,10,7,3,4,2,2,150,74,76
LAMB COUNTY,279,9 Years,211,102,109,55,25,30,9,5,4,3,3,0,144,69,75
LAMB COUNTY,279,10 Years,212,117,95,53,27,26,10,7,3,3,2,1,146,81,65
LAMB COUNTY,279,11 Years,222,117,105,56,28,28,15,8,7,4,0,4,147,81,66
LAMB COUNTY,279,12 Years,213,106,107,61,29,32,15,8,7,2,0,2,135,69,66
LAMB COUNTY,279,13 Years,222,110,112,69,30,39,7,3,4,3,0,3,143,77,66
LAMB COUNTY,279,14 Years,220,113,107,68,30,38,13,7,6,3,2,1,136,74,62
LAMB COUNTY,279,15 Years,214,116,98,70,42,28,11,4,7,2,1,1,131,69,62
LAMB COUNTY,279,16 Years,216,120,96,75,48,27,11,6,5,3,1,2,127,65,62
LAMB COUNTY,279,17 Years,207,118,89,68,42,26,6,4,2,1,0,1,132,72,60
LAMB COUNTY,279,18 Years,215,120,95,68,36,32,5,4,1,4,2,2,138,78,60
LAMB COUNTY,279,19 Years,224,129,95,72,44,28,8,4,4,4,3,1,140,78,62
LAMB COUNTY,279,20 Years,209,116,93,66,37,29,9,4,5,3,2,1,131,73,58
LAMB COUNTY,279,21 Years,197,102,95,59,31,28,9,3,6,3,0,3,126,68,58
LAMB COUNTY,279,22 Years,161,88,73,45,23,22,7,3,4,2,0,2,107,62,45
LAMB COUNTY,279,23 Years,163,85,78,47,24,23,5,3,2,1,0,1,110,58,52
LAMB COUNTY,279,24 Years,155,84,71,48,26,22,2,0,2,2,0,2,103,58,45
LAMB COUNTY,279,25 Years,163,84,79,51,26,25,6,5,1,2,0,2,104,53,51
LAMB COUNTY,279,26 Years,143,71,72,31,15,16,5,3,2,2,1,1,105,52,53
LAMB COUNTY,279,27 Years,140,76,64,40,23,17,5,4,1,1,0,1,94,49,45
LAMB COUNTY,279,28 Years,133,57,76,37,17,20,7,5,2,2,2,0,87,33,54
LAMB COUNTY,279,29 Years,146,70,76,44,26,18,7,2,5,1,1,0,94,41,53
LAMB COUNTY,279,30 Years,170,81,89,64,30,34,8,2,6,0,0,0,98,49,49
LAMB COUNTY,279,31 Years,149,80,69,47,25,22,7,4,3,1,1,0,94,50,44
LAMB COUNTY,279,32 Years,150,81,69,44,22,22,8,5,3,1,1,0,97,53,44
LAMB COUNTY,279,33 Years,167,85,82,52,26,26,7,4,3,1,0,1,107,55,52
LAMB COUNTY,279,34 Years,152,70,82,50,23,27,8,3,5,2,0,2,92,44,48
LAMB COUNTY,279,35 Years,150,70,80,46,21,25,10,4,6,2,0,2,92,45,47
LAMB COUNTY,279,36 Years,151,82,69,59,34,25,5,1,4,1,1,0,86,46,40
LAMB COUNTY,279,37 Years,133,69,64,48,25,23,6,1,5,1,1,0,78,42,36
LAMB COUNTY,279,38 Years,142,70,72,47,24,23,6,2,4,1,1,0,88,43,45
LAMB COUNTY,279,39 Years,126,58,68,47,21,26,5,3,2,1,0,1,73,34,39
LAMB COUNTY,279,40 Years,130,67,63,53,26,27,1,1,0,0,0,0,76,40,36
LAMB COUNTY,279,41 Years,118,57,61,43,24,19,2,0,2,0,0,0,73,33,40
LAMB COUNTY,279,42 Years,141,68,73,52,24,28,3,2,1,1,0,1,85,42,43
LAMB COUNTY,279,43 Years,169,90,79,56,27,29,5,3,2,1,1,0,107,59,48
LAMB COUNTY,279,44 Years,162,81,81,51,27,24,7,5,2,1,1,0,103,48,55
LAMB COUNTY,279,45 Years,167,83,84,59,29,30,5,2,3,3,1,2,100,51,49
LAMB COUNTY,279,46 Years,167,90,77,74,39,35,7,4,3,2,1,1,84,46,38
LAMB COUNTY,279,47 Years,164,83,81,64,35,29,4,1,3,0,0,0,96,47,49
LAMB COUNTY,279,48 Years,156,65,91,57,24,33,7,2,5,1,0,1,91,39,52
LAMB COUNTY,279,49 Years,190,93,97,78,38,40,9,7,2,5,0,5,98,48,50
LAMB COUNTY,279,50 Years,195,92,103,97,43,54,10,6,4,2,0,2,86,43,43
LAMB COUNTY,279,51 Years,185,93,92,86,40,46,10,5,5,1,1,0,88,47,41
LAMB COUNTY,279,52 Years,186,94,92,101,56,45,8,2,6,3,2,1,74,34,40
LAMB COUNTY,279,53 Years,187,90,97,115,59,56,5,3,2,4,1,3,63,27,36
LAMB COUNTY,279,54 Years,176,85,91,92,47,45,12,8,4,2,1,1,70,29,41
LAMB COUNTY,279,55 Years,179,93,86,93,50,43,13,6,7,4,1,3,69,36,33
LAMB COUNTY,279,56 Years,177,98,79,103,56,47,9,5,4,3,1,2,62,36,26
LAMB COUNTY,279,57 Years,196,107,89,103,56,47,7,5,2,5,3,2,81,43,38
LAMB COUNTY,279,58 Years,178,91,87,104,54,50,4,2,2,4,2,2,66,33,33
LAMB COUNTY,279,59 Years,184,98,86,102,51,51,5,2,3,3,2,1,74,43,31
LAMB COUNTY,279,60 Years,165,89,76,91,49,42,6,4,2,3,1,2,65,35,30
LAMB COUNTY,279,61 Years,157,86,71,91,46,45,6,3,3,1,1,0,59,36,23
LAMB COUNTY,279,62 Years,135,76,59,79,44,35,3,1,2,2,1,1,51,30,21
LAMB COUNTY,279,63 Years,136,65,71,74,36,38,3,1,2,1,1,0,58,27,31
LAMB COUNTY,279,64 Years,135,62,73,81,35,46,7,6,1,0,0,0,47,21,26
LAMB COUNTY,279,65 Years,118,56,62,66,29,37,6,4,2,0,0,0,46,23,23
LAMB COUNTY,279,66 Years,117,58,59,69,36,33,5,3,2,1,0,1,42,19,23
LAMB COUNTY,279,67 Years,128,54,74,62,30,32,8,3,5,2,0,2,56,21,35
LAMB COUNTY,279,68 Years,114,50,64,60,25,35,3,0,3,2,1,1,49,24,25
LAMB COUNTY,279,69 Years,116,61,55,69,32,37,3,3,0,1,1,0,43,25,18
LAMB COUNTY,279,70 Years,111,54,57,65,31,34,4,2,2,1,0,1,41,21,20
LAMB COUNTY,279,71 Years,111,51,60,72,30,42,2,1,1,1,1,0,36,19,17
LAMB COUNTY,279,72 Years,103,41,62,68,27,41,4,1,3,2,1,1,29,12,17
LAMB COUNTY,279,73 Years,104,48,56,69,33,36,3,1,2,1,0,1,31,14,17
LAMB COUNTY,279,74 Years,95,49,46,64,34,30,4,1,3,1,1,0,26,13,13
LAMB COUNTY,279,75 Years,99,46,53,65,30,35,5,3,2,0,0,0,29,13,16
LAMB COUNTY,279,76 Years,84,37,47,55,21,34,2,1,1,0,0,0,27,15,12
LAMB COUNTY,279,77 Years,96,41,55,64,29,35,3,0,3,0,0,0,29,12,17
LAMB COUNTY,279,78 Years,97,41,56,72,31,41,1,0,1,1,0,1,23,10,13
LAMB COUNTY,279,79 Years,93,39,54,67,28,39,3,2,1,1,0,1,22,9,13
LAMB COUNTY,279,80 Years,74,33,41,57,25,32,3,2,1,0,0,0,14,6,8
LAMB COUNTY,279,81 Years,75,28,47,53,19,34,2,0,2,1,0,1,19,9,10
LAMB COUNTY,279,82 Years,79,31,48,59,23,36,3,1,2,0,0,0,17,7,10
LAMB COUNTY,279,83 Years,70,24,46,52,19,33,4,1,3,1,0,1,13,4,9
LAMB COUNTY,279,84 Years,63,29,34,44,19,25,4,2,2,2,2,0,13,6,7
LAMB COUNTY,279,85 Years +,289,108,181,228,83,145,11,5,6,1,1,0,49,19,30
LAMPASAS COUNTY,281,All Ages,20478,10119,10359,15107,7435,7672,601,300,301,896,396,500,3874,1988,1886
LAMPASAS COUNTY,281,< 1 Year,255,131,124,167,87,80,6,3,3,13,7,6,69,34,35
LAMPASAS COUNTY,281,1 Years,245,126,119,165,84,81,7,4,3,11,6,5,62,32,30
LAMPASAS COUNTY,281,2 Years,247,126,121,165,84,81,6,3,3,12,6,6,64,33,31
LAMPASAS COUNTY,281,3 Years,240,130,110,141,77,64,4,2,2,18,8,10,77,43,34
LAMPASAS COUNTY,281,4 Years,253,132,121,156,78,78,5,2,3,17,11,6,75,41,34
LAMPASAS COUNTY,281,5 Years,254,129,125,155,74,81,4,1,3,21,13,8,74,41,33
LAMPASAS COUNTY,281,6 Years,275,134,141,167,81,86,5,4,1,21,12,9,82,37,45
LAMPASAS COUNTY,281,7 Years,269,125,144,154,71,83,2,1,1,19,10,9,94,43,51
LAMPASAS COUNTY,281,8 Years,276,139,137,170,85,85,5,3,2,21,12,9,80,39,41
LAMPASAS COUNTY,281,9 Years,259,136,123,172,92,80,5,3,2,17,9,8,65,32,33
LAMPASAS COUNTY,281,10 Years,278,150,128,175,94,81,5,2,3,17,10,7,81,44,37
LAMPASAS COUNTY,281,11 Years,271,139,132,171,91,80,5,2,3,16,9,7,79,37,42
LAMPASAS COUNTY,281,12 Years,260,131,129,176,93,83,1,0,1,15,8,7,68,30,38
LAMPASAS COUNTY,281,13 Years,278,146,132,184,94,90,4,2,2,20,8,12,70,42,28
LAMPASAS COUNTY,281,14 Years,274,145,129,178,94,84,7,4,3,19,9,10,70,38,32
LAMPASAS COUNTY,281,15 Years,279,143,136,188,101,87,9,3,6,16,6,10,66,33,33
LAMPASAS COUNTY,281,16 Years,314,151,163,210,99,111,8,2,6,20,12,8,76,38,38
LAMPASAS COUNTY,281,17 Years,319,166,153,206,109,97,12,4,8,18,12,6,83,41,42
LAMPASAS COUNTY,281,18 Years,324,155,169,211,104,107,14,4,10,16,7,9,83,40,43
LAMPASAS COUNTY,281,19 Years,282,153,129,173,96,77,11,5,6,16,10,6,82,42,40
LAMPASAS COUNTY,281,20 Years,261,131,130,161,81,80,18,7,11,12,7,5,70,36,34
LAMPASAS COUNTY,281,21 Years,256,143,113,156,84,72,11,5,6,16,9,7,73,45,28
LAMPASAS COUNTY,281,22 Years,227,127,100,133,73,60,9,6,3,12,7,5,73,41,32
LAMPASAS COUNTY,281,23 Years,195,104,91,129,70,59,12,3,9,4,2,2,50,29,21
LAMPASAS COUNTY,281,24 Years,189,92,97,131,60,71,7,3,4,3,2,1,48,27,21
LAMPASAS COUNTY,281,25 Years,192,101,91,126,65,61,5,4,1,6,3,3,55,29,26
LAMPASAS COUNTY,281,26 Years,200,101,99,129,68,61,5,4,1,10,4,6,56,25,31
LAMPASAS COUNTY,281,27 Years,206,112,94,134,73,61,5,2,3,9,4,5,58,33,25
LAMPASAS COUNTY,281,28 Years,193,86,107,138,58,80,5,2,3,7,2,5,43,24,19
LAMPASAS COUNTY,281,29 Years,185,90,95,129,60,69,6,4,2,6,2,4,44,24,20
LAMPASAS COUNTY,281,30 Years,205,109,96,144,77,67,3,1,2,6,2,4,52,29,23
LAMPASAS COUNTY,281,31 Years,236,116,120,177,89,88,4,2,2,3,1,2,52,24,28
LAMPASAS COUNTY,281,32 Years,219,106,113,172,84,88,4,1,3,4,1,3,39,20,19
LAMPASAS COUNTY,281,33 Years,218,104,114,161,80,81,2,1,1,9,4,5,46,19,27
LAMPASAS COUNTY,281,34 Years,201,99,102,143,71,72,3,3,0,10,5,5,45,20,25
LAMPASAS COUNTY,281,35 Years,221,105,116,158,76,82,5,2,3,9,3,6,49,24,25
LAMPASAS COUNTY,281,36 Years,220,109,111,161,79,82,4,3,1,8,4,4,47,23,24
LAMPASAS COUNTY,281,37 Years,212,106,106,159,78,81,5,3,2,11,6,5,37,19,18
LAMPASAS COUNTY,281,38 Years,226,105,121,164,78,86,6,3,3,12,5,7,44,19,25
LAMPASAS COUNTY,281,39 Years,244,119,125,181,84,97,7,5,2,11,5,6,45,25,20
LAMPASAS COUNTY,281,40 Years,241,120,121,178,87,91,7,5,2,10,6,4,46,22,24
LAMPASAS COUNTY,281,41 Years,239,118,121,175,83,92,8,5,3,11,6,5,45,24,21
LAMPASAS COUNTY,281,42 Years,261,118,143,197,91,106,11,5,6,11,3,8,42,19,23
LAMPASAS COUNTY,281,43 Years,294,141,153,230,114,116,9,4,5,11,6,5,44,17,27
LAMPASAS COUNTY,281,44 Years,285,139,146,215,110,105,9,4,5,13,4,9,48,21,27
LAMPASAS COUNTY,281,45 Years,266,138,128,195,104,91,13,6,7,11,4,7,47,24,23
LAMPASAS COUNTY,281,46 Years,286,134,152,217,104,113,13,5,8,14,6,8,42,19,23
LAMPASAS COUNTY,281,47 Years,296,140,156,220,100,120,20,13,7,9,4,5,47,23,24
LAMPASAS COUNTY,281,48 Years,333,170,163,253,128,125,17,9,8,8,2,6,55,31,24
LAMPASAS COUNTY,281,49 Years,345,181,164,272,142,130,14,9,5,8,2,6,51,28,23
LAMPASAS COUNTY,281,50 Years,307,154,153,235,114,121,8,6,2,9,5,4,55,29,26
LAMPASAS COUNTY,281,51 Years,324,173,151,237,120,117,10,6,4,12,6,6,65,41,24
LAMPASAS COUNTY,281,52 Years,324,166,158,260,129,131,8,5,3,11,5,6,45,27,18
LAMPASAS COUNTY,281,53 Years,294,148,146,233,117,116,7,4,3,10,4,6,44,23,21
LAMPASAS COUNTY,281,54 Years,320,147,173,249,115,134,11,4,7,12,2,10,48,26,22
LAMPASAS COUNTY,281,55 Years,307,149,158,238,111,127,14,8,6,9,3,6,46,27,19
LAMPASAS COUNTY,281,56 Years,297,156,141,231,123,108,11,3,8,10,3,7,45,27,18
LAMPASAS COUNTY,281,57 Years,299,145,154,233,109,124,12,6,6,14,3,11,40,27,13
LAMPASAS COUNTY,281,58 Years,300,137,163,236,112,124,14,5,9,15,4,11,35,16,19
LAMPASAS COUNTY,281,59 Years,266,120,146,221,101,120,7,3,4,9,4,5,29,12,17
LAMPASAS COUNTY,281,60 Years,275,133,142,221,112,109,13,8,5,9,1,8,32,12,20
LAMPASAS COUNTY,281,61 Years,264,128,136,209,103,106,11,6,5,12,1,11,32,18,14
LAMPASAS COUNTY,281,62 Years,256,116,140,200,91,109,6,4,2,19,7,12,31,14,17
LAMPASAS COUNTY,281,63 Years,270,132,138,221,110,111,8,2,6,15,7,8,26,13,13
LAMPASAS COUNTY,281,64 Years,251,118,133,206,97,109,9,4,5,10,4,6,26,13,13
LAMPASAS COUNTY,281,65 Years,270,136,134,223,117,106,9,5,4,11,3,8,27,11,16
LAMPASAS COUNTY,281,66 Years,258,134,124,216,109,107,7,4,3,6,2,4,29,19,10
LAMPASAS COUNTY,281,67 Years,205,109,96,178,92,86,7,5,2,3,0,3,17,12,5
LAMPASAS COUNTY,281,68 Years,199,99,100,168,84,84,6,3,3,8,3,5,17,9,8
LAMPASAS COUNTY,281,69 Years,212,97,115,185,86,99,7,4,3,10,3,7,10,4,6
LAMPASAS COUNTY,281,70 Years,220,98,122,192,85,107,11,6,5,6,1,5,11,6,5
LAMPASAS COUNTY,281,71 Years,207,97,110,176,81,95,8,5,3,5,1,4,18,10,8
LAMPASAS COUNTY,281,72 Years,181,83,98,159,72,87,5,3,2,2,1,1,15,7,8
LAMPASAS COUNTY,281,73 Years,162,81,81,141,69,72,3,2,1,2,1,1,16,9,7
LAMPASAS COUNTY,281,74 Years,159,75,84,139,67,72,2,2,0,7,2,5,11,4,7
LAMPASAS COUNTY,281,75 Years,135,60,75,119,52,67,1,1,0,8,2,6,7,5,2
LAMPASAS COUNTY,281,76 Years,133,64,69,117,56,61,2,1,1,4,2,2,10,5,5
LAMPASAS COUNTY,281,77 Years,144,64,80,124,57,67,3,1,2,2,1,1,15,5,10
LAMPASAS COUNTY,281,78 Years,122,61,61,106,53,53,2,1,1,4,2,2,10,5,5
LAMPASAS COUNTY,281,79 Years,89,40,49,77,34,43,0,0,0,4,3,1,8,3,5
LAMPASAS COUNTY,281,80 Years,92,48,44,80,43,37,1,0,1,3,2,1,8,3,5
LAMPASAS COUNTY,281,81 Years,91,47,44,80,43,37,1,0,1,2,1,1,8,3,5
LAMPASAS COUNTY,281,82 Years,79,43,36,71,40,31,0,0,0,2,0,2,6,3,3
LAMPASAS COUNTY,281,83 Years,79,38,41,72,34,38,0,0,0,3,1,2,4,3,1
LAMPASAS COUNTY,281,84 Years,76,35,41,66,32,34,0,0,0,2,0,2,8,3,5
LAMPASAS COUNTY,281,85 Years +,407,137,270,366,126,240,5,0,5,9,0,9,27,11,16
LA SALLE COUNTY,283,All Ages,7354,4372,2982,932,488,444,19,18,1,51,32,19,6352,3834,2518
LA SALLE COUNTY,283,< 1 Year,100,53,47,8,5,3,0,0,0,0,0,0,92,48,44
LA SALLE COUNTY,283,1 Years,101,52,49,9,5,4,0,0,0,0,0,0,92,47,45
LA SALLE COUNTY,283,2 Years,93,48,45,8,5,3,0,0,0,0,0,0,85,43,42
LA SALLE COUNTY,283,3 Years,89,44,45,6,3,3,1,1,0,0,0,0,82,40,42
LA SALLE COUNTY,283,4 Years,81,32,49,5,2,3,1,1,0,0,0,0,75,29,46
LA SALLE COUNTY,283,5 Years,85,48,37,8,5,3,0,0,0,1,1,0,76,42,34
LA SALLE COUNTY,283,6 Years,79,48,31,7,3,4,0,0,0,1,1,0,71,44,27
LA SALLE COUNTY,283,7 Years,78,39,39,8,4,4,0,0,0,2,1,1,68,34,34
LA SALLE COUNTY,283,8 Years,80,47,33,10,6,4,1,0,1,0,0,0,69,41,28
LA SALLE COUNTY,283,9 Years,80,47,33,9,7,2,1,1,0,0,0,0,70,39,31
LA SALLE COUNTY,283,10 Years,78,34,44,6,4,2,0,0,0,1,0,1,71,30,41
LA SALLE COUNTY,283,11 Years,77,31,46,6,2,4,0,0,0,1,0,1,70,29,41
LA SALLE COUNTY,283,12 Years,76,36,40,8,6,2,0,0,0,0,0,0,68,30,38
LA SALLE COUNTY,283,13 Years,85,40,45,8,4,4,0,0,0,0,0,0,77,36,41
LA SALLE COUNTY,283,14 Years,92,44,48,7,4,3,0,0,0,1,1,0,84,39,45
LA SALLE COUNTY,283,15 Years,87,42,45,5,3,2,0,0,0,0,0,0,82,39,43
LA SALLE COUNTY,283,16 Years,87,43,44,10,6,4,0,0,0,0,0,0,77,37,40
LA SALLE COUNTY,283,17 Years,90,58,32,9,8,1,0,0,0,0,0,0,81,50,31
LA SALLE COUNTY,283,18 Years,98,51,47,8,5,3,0,0,0,0,0,0,90,46,44
LA SALLE COUNTY,283,19 Years,101,60,41,7,4,3,0,0,0,0,0,0,94,56,38
LA SALLE COUNTY,283,20 Years,114,75,39,9,6,3,0,0,0,0,0,0,105,69,36
LA SALLE COUNTY,283,21 Years,142,96,46,10,7,3,0,0,0,1,0,1,131,89,42
LA SALLE COUNTY,283,22 Years,124,88,36,11,5,6,0,0,0,1,0,1,112,83,29
LA SALLE COUNTY,283,23 Years,205,154,51,6,4,2,0,0,0,0,0,0,199,150,49
LA SALLE COUNTY,283,24 Years,236,193,43,11,9,2,0,0,0,1,1,0,224,183,41
LA SALLE COUNTY,283,25 Years,182,145,37,13,5,8,0,0,0,1,1,0,168,139,29
LA SALLE COUNTY,283,26 Years,235,192,43,9,6,3,1,1,0,2,1,1,223,184,39
LA SALLE COUNTY,283,27 Years,230,190,40,7,3,4,1,1,0,3,2,1,219,184,35
LA SALLE COUNTY,283,28 Years,166,131,35,10,5,5,0,0,0,4,4,0,152,122,30
LA SALLE COUNTY,283,29 Years,161,128,33,13,9,4,0,0,0,2,2,0,146,117,29
LA SALLE COUNTY,283,30 Years,115,85,30,7,3,4,0,0,0,1,1,0,107,81,26
LA SALLE COUNTY,283,31 Years,103,74,29,9,5,4,0,0,0,0,0,0,94,69,25
LA SALLE COUNTY,283,32 Years,109,83,26,6,3,3,0,0,0,1,1,0,102,79,23
LA SALLE COUNTY,283,33 Years,80,51,29,6,1,5,0,0,0,1,1,0,73,49,24
LA SALLE COUNTY,283,34 Years,92,57,35,9,4,5,0,0,0,1,1,0,82,52,30
LA SALLE COUNTY,283,35 Years,91,53,38,12,5,7,0,0,0,0,0,0,79,48,31
LA SALLE COUNTY,283,36 Years,80,44,36,7,1,6,0,0,0,0,0,0,73,43,30
LA SALLE COUNTY,283,37 Years,65,37,28,4,2,2,1,1,0,1,1,0,59,33,26
LA SALLE COUNTY,283,38 Years,55,32,23,10,6,4,0,0,0,1,1,0,44,25,19
LA SALLE COUNTY,283,39 Years,60,29,31,7,2,5,0,0,0,0,0,0,53,27,26
LA SALLE COUNTY,283,40 Years,72,50,22,8,6,2,0,0,0,2,1,1,62,43,19
LA SALLE COUNTY,283,41 Years,81,56,25,7,5,2,0,0,0,2,1,1,72,50,22
LA SALLE COUNTY,283,42 Years,77,40,37,11,8,3,0,0,0,1,1,0,65,31,34
LA SALLE COUNTY,283,43 Years,95,53,42,12,7,5,0,0,0,1,1,0,82,45,37
LA SALLE COUNTY,283,44 Years,90,51,39,12,4,8,0,0,0,1,1,0,77,46,31
LA SALLE COUNTY,283,45 Years,89,43,46,14,7,7,0,0,0,1,0,1,74,36,38
LA SALLE COUNTY,283,46 Years,100,56,44,9,4,5,0,0,0,0,0,0,91,52,39
LA SALLE COUNTY,283,47 Years,89,54,35,11,7,4,0,0,0,0,0,0,78,47,31
LA SALLE COUNTY,283,48 Years,79,46,33,9,4,5,1,1,0,0,0,0,69,41,28
LA SALLE COUNTY,283,49 Years,75,42,33,12,6,6,0,0,0,0,0,0,63,36,27
LA SALLE COUNTY,283,50 Years,90,55,35,14,5,9,0,0,0,0,0,0,76,50,26
LA SALLE COUNTY,283,51 Years,73,40,33,15,7,8,0,0,0,0,0,0,58,33,25
LA SALLE COUNTY,283,52 Years,70,33,37,13,8,5,1,1,0,0,0,0,56,24,32
LA SALLE COUNTY,283,53 Years,65,34,31,10,5,5,1,1,0,0,0,0,54,28,26
LA SALLE COUNTY,283,54 Years,84,53,31,17,11,6,2,2,0,0,0,0,65,40,25
LA SALLE COUNTY,283,55 Years,73,33,40,11,7,4,0,0,0,1,0,1,61,26,35
LA SALLE COUNTY,283,56 Years,60,26,34,8,3,5,0,0,0,1,0,1,51,23,28
LA SALLE COUNTY,283,57 Years,57,26,31,10,3,7,0,0,0,0,0,0,47,23,24
LA SALLE COUNTY,283,58 Years,63,26,37,14,7,7,0,0,0,0,0,0,49,19,30
LA SALLE COUNTY,283,59 Years,59,25,34,12,4,8,0,0,0,0,0,0,47,21,26
LA SALLE COUNTY,283,60 Years,71,34,37,10,4,6,0,0,0,1,1,0,60,29,31
LA SALLE COUNTY,283,61 Years,70,40,30,15,6,9,1,1,0,0,0,0,54,33,21
LA SALLE COUNTY,283,62 Years,78,34,44,15,6,9,1,1,0,1,0,1,61,27,34
LA SALLE COUNTY,283,63 Years,74,31,43,12,4,8,0,0,0,1,1,0,61,26,35
LA SALLE COUNTY,283,64 Years,71,40,31,20,11,9,0,0,0,1,1,0,50,28,22
LA SALLE COUNTY,283,65 Years,76,46,30,24,13,11,0,0,0,0,0,0,52,33,19
LA SALLE COUNTY,283,66 Years,86,46,40,26,16,10,1,1,0,0,0,0,59,29,30
LA SALLE COUNTY,283,67 Years,77,31,46,23,9,14,0,0,0,2,1,1,52,21,31
LA SALLE COUNTY,283,68 Years,80,37,43,28,12,16,0,0,0,0,0,0,52,25,27
LA SALLE COUNTY,283,69 Years,68,29,39,21,11,10,0,0,0,0,0,0,47,18,29
LA SALLE COUNTY,283,70 Years,57,30,27,20,11,9,0,0,0,0,0,0,37,19,18
LA SALLE COUNTY,283,71 Years,62,28,34,20,9,11,0,0,0,1,1,0,41,18,23
LA SALLE COUNTY,283,72 Years,49,24,25,12,7,5,0,0,0,2,1,1,35,16,19
LA SALLE COUNTY,283,73 Years,43,25,18,11,8,3,0,0,0,0,0,0,32,17,15
LA SALLE COUNTY,283,74 Years,47,25,22,11,7,4,0,0,0,0,0,0,36,18,18
LA SALLE COUNTY,283,75 Years,40,23,17,10,6,4,0,0,0,0,0,0,30,17,13
LA SALLE COUNTY,283,76 Years,36,20,16,8,4,4,0,0,0,0,0,0,28,16,12
LA SALLE COUNTY,283,77 Years,36,15,21,6,2,4,3,3,0,0,0,0,27,10,17
LA SALLE COUNTY,283,78 Years,36,15,21,5,3,2,1,1,0,0,0,0,30,11,19
LA SALLE COUNTY,283,79 Years,41,21,20,10,6,4,0,0,0,0,0,0,31,15,16
LA SALLE COUNTY,283,80 Years,39,21,18,14,7,7,0,0,0,0,0,0,25,14,11
LA SALLE COUNTY,283,81 Years,25,10,15,7,3,4,0,0,0,0,0,0,18,7,11
LA SALLE COUNTY,283,82 Years,24,11,13,6,4,2,0,0,0,0,0,0,18,7,11
LA SALLE COUNTY,283,83 Years,26,12,14,11,5,6,0,0,0,0,0,0,15,7,8
LA SALLE COUNTY,283,84 Years,21,9,12,7,4,3,0,0,0,1,0,1,13,5,8
LA SALLE COUNTY,283,85 Years +,98,39,59,23,10,13,0,0,0,3,0,3,72,29,43
LAVACA COUNTY,285,All Ages,19518,9614,9904,14592,7118,7474,1296,643,653,280,140,140,3350,1713,1637
LAVACA COUNTY,285,< 1 Year,200,100,100,120,58,62,13,7,6,6,3,3,61,32,29
LAVACA COUNTY,285,1 Years,200,103,97,122,62,60,12,7,5,6,3,3,60,31,29
LAVACA COUNTY,285,2 Years,198,102,96,122,62,60,12,7,5,6,3,3,58,30,28
LAVACA COUNTY,285,3 Years,229,111,118,126,62,64,22,9,13,6,4,2,75,36,39
LAVACA COUNTY,285,4 Years,214,102,112,118,53,65,14,6,8,6,3,3,76,40,36
LAVACA COUNTY,285,5 Years,251,129,122,143,74,69,22,12,10,5,2,3,81,41,40
LAVACA COUNTY,285,6 Years,281,140,141,160,84,76,26,11,15,2,1,1,93,44,49
LAVACA COUNTY,285,7 Years,263,127,136,155,75,80,19,11,8,6,3,3,83,38,45
LAVACA COUNTY,285,8 Years,255,127,128,146,67,79,19,10,9,8,6,2,82,44,38
LAVACA COUNTY,285,9 Years,257,145,112,158,81,77,20,11,9,7,6,1,72,47,25
LAVACA COUNTY,285,10 Years,245,119,126,149,70,79,17,10,7,8,4,4,71,35,36
LAVACA COUNTY,285,11 Years,234,120,114,145,77,68,16,7,9,7,3,4,66,33,33
LAVACA COUNTY,285,12 Years,246,122,124,158,76,82,21,10,11,2,1,1,65,35,30
LAVACA COUNTY,285,13 Years,246,134,112,153,85,68,29,14,15,5,2,3,59,33,26
LAVACA COUNTY,285,14 Years,251,132,119,172,93,79,20,9,11,6,2,4,53,28,25
LAVACA COUNTY,285,15 Years,245,124,121,172,87,85,11,8,3,5,3,2,57,26,31
LAVACA COUNTY,285,16 Years,260,139,121,174,91,83,16,9,7,8,4,4,62,35,27
LAVACA COUNTY,285,17 Years,256,121,135,173,80,93,18,8,10,5,3,2,60,30,30
LAVACA COUNTY,285,18 Years,245,126,119,165,80,85,19,13,6,5,2,3,56,31,25
LAVACA COUNTY,285,19 Years,222,125,97,145,80,65,20,12,8,6,4,2,51,29,22
LAVACA COUNTY,285,20 Years,226,120,106,145,75,70,24,15,9,7,5,2,50,25,25
LAVACA COUNTY,285,21 Years,220,124,96,151,79,72,22,13,9,2,2,0,45,30,15
LAVACA COUNTY,285,22 Years,175,97,78,113,62,51,15,8,7,4,1,3,43,26,17
LAVACA COUNTY,285,23 Years,169,93,76,110,58,52,12,7,5,4,3,1,43,25,18
LAVACA COUNTY,285,24 Years,167,78,89,105,49,56,12,6,6,3,2,1,47,21,26
LAVACA COUNTY,285,25 Years,154,72,82,95,47,48,16,8,8,2,0,2,41,17,24
LAVACA COUNTY,285,26 Years,169,83,86,114,58,56,14,6,8,3,1,2,38,18,20
LAVACA COUNTY,285,27 Years,170,88,82,108,56,52,14,6,8,2,2,0,46,24,22
LAVACA COUNTY,285,28 Years,172,83,89,111,52,59,8,4,4,2,2,0,51,25,26
LAVACA COUNTY,285,29 Years,171,87,84,107,53,54,9,5,4,2,1,1,53,28,25
LAVACA COUNTY,285,30 Years,192,100,92,127,70,57,14,7,7,2,1,1,49,22,27
LAVACA COUNTY,285,31 Years,194,111,83,120,70,50,17,10,7,1,0,1,56,31,25
LAVACA COUNTY,285,32 Years,173,87,86,112,50,62,15,9,6,1,1,0,45,27,18
LAVACA COUNTY,285,33 Years,182,92,90,113,58,55,12,7,5,0,0,0,57,27,30
LAVACA COUNTY,285,34 Years,190,99,91,117,58,59,14,9,5,2,2,0,57,30,27
LAVACA COUNTY,285,35 Years,184,92,92,123,63,60,11,4,7,4,3,1,46,22,24
LAVACA COUNTY,285,36 Years,161,75,86,109,52,57,11,4,7,3,2,1,38,17,21
LAVACA COUNTY,285,37 Years,187,93,94,118,57,61,19,13,6,6,1,5,44,22,22
LAVACA COUNTY,285,38 Years,200,106,94,137,72,65,11,7,4,6,1,5,46,26,20
LAVACA COUNTY,285,39 Years,195,93,102,143,62,81,10,7,3,4,2,2,38,22,16
LAVACA COUNTY,285,40 Years,191,88,103,140,61,79,14,8,6,2,1,1,35,18,17
LAVACA COUNTY,285,41 Years,205,103,102,150,75,75,16,8,8,1,1,0,38,19,19
LAVACA COUNTY,285,42 Years,210,100,110,148,71,77,18,9,9,1,0,1,43,20,23
LAVACA COUNTY,285,43 Years,221,108,113,159,74,85,17,10,7,2,1,1,43,23,20
LAVACA COUNTY,285,44 Years,222,106,116,173,83,90,16,8,8,2,1,1,31,14,17
LAVACA COUNTY,285,45 Years,221,111,110,170,85,85,16,9,7,3,2,1,32,15,17
LAVACA COUNTY,285,46 Years,242,129,113,185,96,89,17,9,8,2,1,1,38,23,15
LAVACA COUNTY,285,47 Years,234,125,109,182,97,85,16,9,7,5,1,4,31,18,13
LAVACA COUNTY,285,48 Years,272,150,122,219,124,95,15,7,8,4,2,2,34,17,17
LAVACA COUNTY,285,49 Years,257,140,117,207,110,97,11,5,6,5,3,2,34,22,12
LAVACA COUNTY,285,50 Years,277,133,144,221,104,117,15,8,7,3,1,2,38,20,18
LAVACA COUNTY,285,51 Years,286,135,151,237,109,128,17,9,8,4,3,1,28,14,14
LAVACA COUNTY,285,52 Years,278,144,134,235,121,114,18,8,10,2,2,0,23,13,10
LAVACA COUNTY,285,53 Years,278,139,139,235,119,116,19,9,10,1,1,0,23,10,13
LAVACA COUNTY,285,54 Years,281,150,131,240,131,109,12,8,4,4,1,3,25,10,15
LAVACA COUNTY,285,55 Years,301,139,162,245,118,127,17,6,11,3,1,2,36,14,22
LAVACA COUNTY,285,56 Years,295,132,163,242,111,131,15,4,11,4,1,3,34,16,18
LAVACA COUNTY,285,57 Years,295,152,143,237,123,114,17,8,9,5,2,3,36,19,17
LAVACA COUNTY,285,58 Years,295,152,143,247,129,118,14,6,8,2,1,1,32,16,16
LAVACA COUNTY,285,59 Years,302,141,161,256,116,140,18,12,6,1,1,0,27,12,15
LAVACA COUNTY,285,60 Years,289,140,149,247,122,125,19,8,11,1,1,0,22,9,13
LAVACA COUNTY,285,61 Years,297,148,149,251,126,125,14,7,7,3,2,1,29,13,16
LAVACA COUNTY,285,62 Years,292,144,148,242,123,119,16,6,10,3,0,3,31,15,16
LAVACA COUNTY,285,63 Years,294,148,146,250,123,127,15,8,7,2,1,1,27,16,11
LAVACA COUNTY,285,64 Years,298,153,145,256,126,130,19,11,8,3,2,1,20,14,6
LAVACA COUNTY,285,65 Years,314,154,160,268,131,137,18,8,10,7,3,4,21,12,9
LAVACA COUNTY,285,66 Years,301,145,156,254,120,134,18,9,9,4,2,2,25,14,11
LAVACA COUNTY,285,67 Years,247,114,133,209,99,110,19,8,11,2,0,2,17,7,10
LAVACA COUNTY,285,68 Years,210,110,100,184,97,87,13,6,7,0,0,0,13,7,6
LAVACA COUNTY,285,69 Years,222,104,118,193,93,100,10,3,7,2,1,1,17,7,10
LAVACA COUNTY,285,70 Years,243,112,131,206,95,111,14,7,7,2,1,1,21,9,12
LAVACA COUNTY,285,71 Years,221,108,113,194,95,99,12,5,7,1,0,1,14,8,6
LAVACA COUNTY,285,72 Years,199,93,106,166,82,84,15,4,11,2,0,2,16,7,9
LAVACA COUNTY,285,73 Years,168,84,84,142,74,68,13,4,9,2,1,1,11,5,6
LAVACA COUNTY,285,74 Years,181,93,88,161,86,75,8,3,5,4,1,3,8,3,5
LAVACA COUNTY,285,75 Years,181,82,99,165,78,87,10,2,8,2,1,1,4,1,3
LAVACA COUNTY,285,76 Years,180,76,104,162,69,93,7,2,5,1,0,1,10,5,5
LAVACA COUNTY,285,77 Years,169,79,90,153,70,83,6,5,1,2,0,2,8,4,4
LAVACA COUNTY,285,78 Years,149,66,83,127,55,72,9,5,4,1,1,0,12,5,7
LAVACA COUNTY,285,79 Years,146,67,79,122,56,66,12,7,5,1,1,0,11,3,8
LAVACA COUNTY,285,80 Years,142,61,81,125,55,70,7,3,4,0,0,0,10,3,7
LAVACA COUNTY,285,81 Years,125,49,76,108,41,67,4,2,2,0,0,0,13,6,7
LAVACA COUNTY,285,82 Years,137,62,75,121,54,67,6,2,4,0,0,0,10,6,4
LAVACA COUNTY,285,83 Years,115,46,69,102,43,59,7,1,6,0,0,0,6,2,4
LAVACA COUNTY,285,84 Years,98,43,55,85,37,48,6,3,3,2,1,1,5,2,3
LAVACA COUNTY,285,85 Years +,688,235,453,617,213,404,35,8,27,2,0,2,34,14,20
LEE COUNTY,287,All Ages,16984,8585,8399,10856,5349,5507,1806,967,839,335,165,170,3987,2104,1883
LEE COUNTY,287,< 1 Year,189,97,92,98,51,47,14,7,7,5,2,3,72,37,35
LEE COUNTY,287,1 Years,192,99,93,105,54,51,15,8,7,4,2,2,68,35,33
LEE COUNTY,287,2 Years,188,96,92,104,53,51,15,7,8,4,2,2,65,34,31
LEE COUNTY,287,3 Years,202,108,94,103,54,49,16,8,8,4,3,1,79,43,36
LEE COUNTY,287,4 Years,210,102,108,101,45,56,18,9,9,5,5,0,86,43,43
LEE COUNTY,287,5 Years,212,104,108,100,47,53,19,10,9,7,5,2,86,42,44
LEE COUNTY,287,6 Years,223,108,115,106,45,61,13,7,6,11,7,4,93,49,44
LEE COUNTY,287,7 Years,220,101,119,102,42,60,10,3,7,15,6,9,93,50,43
LEE COUNTY,287,8 Years,211,102,109,109,54,55,16,7,9,13,5,8,73,36,37
LEE COUNTY,287,9 Years,229,106,123,119,57,62,18,9,9,10,4,6,82,36,46
LEE COUNTY,287,10 Years,223,89,134,117,49,68,21,6,15,8,3,5,77,31,46
LEE COUNTY,287,11 Years,221,103,118,119,60,59,16,5,11,10,4,6,76,34,42
LEE COUNTY,287,12 Years,237,128,109,127,69,58,16,10,6,9,4,5,85,45,40
LEE COUNTY,287,13 Years,237,133,104,122,73,49,20,12,8,8,3,5,87,45,42
LEE COUNTY,287,14 Years,245,129,116,134,70,64,27,17,10,10,5,5,74,37,37
LEE COUNTY,287,15 Years,237,123,114,125,68,57,20,9,11,7,4,3,85,42,43
LEE COUNTY,287,16 Years,256,133,123,131,70,61,24,13,11,8,4,4,93,46,47
LEE COUNTY,287,17 Years,275,150,125,145,77,68,26,18,8,6,3,3,98,52,46
LEE COUNTY,287,18 Years,290,150,140,147,73,74,35,21,14,9,3,6,99,53,46
LEE COUNTY,287,19 Years,283,173,110,128,70,58,41,32,9,8,5,3,106,66,40
LEE COUNTY,287,20 Years,282,173,109,108,58,50,59,42,17,6,4,2,109,69,40
LEE COUNTY,287,21 Years,281,179,102,129,81,48,55,39,16,4,2,2,93,57,36
LEE COUNTY,287,22 Years,198,116,82,93,55,38,28,23,5,3,1,2,74,37,37
LEE COUNTY,287,23 Years,177,105,72,78,49,29,33,22,11,4,3,1,62,31,31
LEE COUNTY,287,24 Years,181,103,78,80,46,34,30,19,11,3,2,1,68,36,32
LEE COUNTY,287,25 Years,173,87,86,94,45,49,18,9,9,4,2,2,57,31,26
LEE COUNTY,287,26 Years,166,90,76,95,46,49,16,9,7,1,0,1,54,35,19
LEE COUNTY,287,27 Years,149,74,75,75,34,41,20,11,9,0,0,0,54,29,25
LEE COUNTY,287,28 Years,167,84,83,106,51,55,16,8,8,2,1,1,43,24,19
LEE COUNTY,287,29 Years,141,75,66,81,42,39,12,5,7,2,0,2,46,28,18
LEE COUNTY,287,30 Years,157,72,85,83,35,48,17,10,7,5,3,2,52,24,28
LEE COUNTY,287,31 Years,173,83,90,105,48,57,19,9,10,2,2,0,47,24,23
LEE COUNTY,287,32 Years,186,95,91,113,53,60,18,12,6,1,1,0,54,29,25
LEE COUNTY,287,33 Years,187,107,80,116,65,51,15,10,5,2,1,1,54,31,23
LEE COUNTY,287,34 Years,195,107,88,125,64,61,10,7,3,3,2,1,57,34,23
LEE COUNTY,287,35 Years,189,93,96,122,57,65,11,7,4,5,2,3,51,27,24
LEE COUNTY,287,36 Years,183,86,97,122,54,68,11,6,5,1,1,0,49,25,24
LEE COUNTY,287,37 Years,171,81,90,111,48,63,13,5,8,1,0,1,46,28,18
LEE COUNTY,287,38 Years,169,87,82,99,51,48,18,9,9,6,3,3,46,24,22
LEE COUNTY,287,39 Years,185,99,86,121,64,57,17,12,5,3,1,2,44,22,22
LEE COUNTY,287,40 Years,195,105,90,129,67,62,17,10,7,1,0,1,48,28,20
LEE COUNTY,287,41 Years,196,96,100,120,61,59,23,11,12,0,0,0,53,24,29
LEE COUNTY,287,42 Years,197,100,97,127,65,62,28,14,14,2,1,1,40,20,20
LEE COUNTY,287,43 Years,212,95,117,133,62,71,28,12,16,4,2,2,47,19,28
LEE COUNTY,287,44 Years,215,99,116,128,59,69,22,10,12,6,1,5,59,29,30
LEE COUNTY,287,45 Years,191,91,100,122,57,65,20,9,11,4,1,3,45,24,21
LEE COUNTY,287,46 Years,204,102,102,136,66,70,20,11,9,2,1,1,46,24,22
LEE COUNTY,287,47 Years,222,110,112,146,76,70,17,8,9,2,1,1,57,25,32
LEE COUNTY,287,48 Years,235,109,126,153,70,83,28,12,16,3,0,3,51,27,24
LEE COUNTY,287,49 Years,232,111,121,164,76,88,27,15,12,5,2,3,36,18,18
LEE COUNTY,287,50 Years,253,119,134,185,83,102,28,14,14,6,4,2,34,18,16
LEE COUNTY,287,51 Years,279,134,145,202,92,110,31,17,14,5,3,2,41,22,19
LEE COUNTY,287,52 Years,282,147,135,190,94,96,37,20,17,3,2,1,52,31,21
LEE COUNTY,287,53 Years,269,130,139,185,88,97,33,16,17,3,1,2,48,25,23
LEE COUNTY,287,54 Years,264,130,134,193,90,103,28,14,14,4,4,0,39,22,17
LEE COUNTY,287,55 Years,275,138,137,198,94,104,26,13,13,5,3,2,46,28,18
LEE COUNTY,287,56 Years,266,141,125,193,96,97,35,21,14,2,1,1,36,23,13
LEE COUNTY,287,57 Years,265,132,133,196,96,100,30,16,14,4,3,1,35,17,18
LEE COUNTY,287,58 Years,269,142,127,211,112,99,25,11,14,2,1,1,31,18,13
LEE COUNTY,287,59 Years,242,133,109,183,100,83,27,14,13,4,1,3,28,18,10
LEE COUNTY,287,60 Years,218,119,99,162,85,77,27,16,11,5,1,4,24,17,7
LEE COUNTY,287,61 Years,213,119,94,164,94,70,28,14,14,3,1,2,18,10,8
LEE COUNTY,287,62 Years,207,108,99,164,84,80,21,11,10,3,2,1,19,11,8
LEE COUNTY,287,63 Years,202,100,102,158,77,81,23,12,11,2,2,0,19,9,10
LEE COUNTY,287,64 Years,194,97,97,159,79,80,18,9,9,3,1,2,14,8,6
LEE COUNTY,287,65 Years,205,96,109,171,82,89,18,5,13,4,2,2,12,7,5
LEE COUNTY,287,66 Years,199,98,101,168,82,86,18,10,8,2,1,1,11,5,6
LEE COUNTY,287,67 Years,165,90,75,135,74,61,17,8,9,1,1,0,12,7,5
LEE COUNTY,287,68 Years,162,87,75,128,67,61,18,11,7,4,3,1,12,6,6
LEE COUNTY,287,69 Years,160,81,79,127,63,64,17,9,8,2,1,1,14,8,6
LEE COUNTY,287,70 Years,160,72,88,129,62,67,17,4,13,3,1,2,11,5,6
LEE COUNTY,287,71 Years,162,78,84,129,59,70,16,9,7,2,1,1,15,9,6
LEE COUNTY,287,72 Years,152,79,73,124,64,60,17,9,8,2,1,1,9,5,4
LEE COUNTY,287,73 Years,132,65,67,112,57,55,12,5,7,1,0,1,7,3,4
LEE COUNTY,287,74 Years,120,51,69,93,41,52,17,7,10,1,0,1,9,3,6
LEE COUNTY,287,75 Years,129,58,71,94,40,54,24,11,13,3,2,1,8,5,3
LEE COUNTY,287,76 Years,119,59,60,93,45,48,16,9,7,2,1,1,8,4,4
LEE COUNTY,287,77 Years,118,52,66,90,42,48,15,6,9,1,0,1,12,4,8
LEE COUNTY,287,78 Years,107,51,56,83,40,43,15,6,9,1,1,0,8,4,4
LEE COUNTY,287,79 Years,84,43,41,69,34,35,11,7,4,0,0,0,4,2,2
LEE COUNTY,287,80 Years,77,35,42,63,32,31,8,2,6,1,0,1,5,1,4
LEE COUNTY,287,81 Years,81,37,44,67,31,36,9,4,5,0,0,0,5,2,3
LEE COUNTY,287,82 Years,73,39,34,61,31,30,8,5,3,1,1,0,3,2,1
LEE COUNTY,287,83 Years,81,30,51,68,26,42,10,4,6,1,0,1,2,0,2
LEE COUNTY,287,84 Years,77,29,48,64,26,38,9,3,6,1,0,1,3,0,3
LEE COUNTY,287,85 Years +,334,118,216,289,101,188,31,11,20,0,0,0,14,6,8
LEON COUNTY,289,All Ages,17060,8568,8492,13118,6548,6570,1156,567,589,287,123,164,2499,1330,1169
LEON COUNTY,289,< 1 Year,201,101,100,135,68,67,11,6,5,6,3,3,49,24,25
LEON COUNTY,289,1 Years,203,104,99,139,71,68,11,6,5,6,3,3,47,24,23
LEON COUNTY,289,2 Years,196,102,94,136,70,66,10,6,4,5,3,2,45,23,22
LEON COUNTY,289,3 Years,203,99,104,145,72,73,8,2,6,5,2,3,45,23,22
LEON COUNTY,289,4 Years,196,108,88,127,71,56,11,6,5,7,4,3,51,27,24
LEON COUNTY,289,5 Years,192,107,85,121,69,52,10,6,4,4,2,2,57,30,27
LEON COUNTY,289,6 Years,198,109,89,131,70,61,8,4,4,2,2,0,57,33,24
LEON COUNTY,289,7 Years,211,106,105,139,68,71,13,8,5,2,1,1,57,29,28
LEON COUNTY,289,8 Years,197,97,100,129,64,65,13,6,7,2,1,1,53,26,27
LEON COUNTY,289,9 Years,192,100,92,121,68,53,9,3,6,6,2,4,56,27,29
LEON COUNTY,289,10 Years,189,81,108,120,50,70,11,7,4,2,1,1,56,23,33
LEON COUNTY,289,11 Years,216,100,116,146,65,81,10,6,4,4,2,2,56,27,29
LEON COUNTY,289,12 Years,209,103,106,130,66,64,18,7,11,5,2,3,56,28,28
LEON COUNTY,289,13 Years,210,106,104,144,73,71,15,9,6,3,1,2,48,23,25
LEON COUNTY,289,14 Years,224,117,107,158,84,74,10,6,4,6,2,4,50,25,25
LEON COUNTY,289,15 Years,234,133,101,162,98,64,17,8,9,5,2,3,50,25,25
LEON COUNTY,289,16 Years,215,117,98,155,85,70,14,8,6,5,1,4,41,23,18
LEON COUNTY,289,17 Years,202,97,105,143,67,76,11,4,7,4,2,2,44,24,20
LEON COUNTY,289,18 Years,216,116,100,143,77,66,14,5,9,5,1,4,54,33,21
LEON COUNTY,289,19 Years,198,106,92,125,66,59,13,6,7,6,1,5,54,33,21
LEON COUNTY,289,20 Years,202,97,105,122,55,67,15,8,7,6,4,2,59,30,29
LEON COUNTY,289,21 Years,188,104,84,117,62,55,13,8,5,4,3,1,54,31,23
LEON COUNTY,289,22 Years,175,93,82,123,61,62,9,5,4,1,1,0,42,26,16
LEON COUNTY,289,23 Years,146,75,71,90,40,50,13,8,5,3,2,1,40,25,15
LEON COUNTY,289,24 Years,144,72,72,93,41,52,8,4,4,3,2,1,40,25,15
LEON COUNTY,289,25 Years,144,75,69,97,50,47,10,4,6,3,2,1,34,19,15
LEON COUNTY,289,26 Years,151,72,79,103,51,52,6,3,3,3,0,3,39,18,21
LEON COUNTY,289,27 Years,165,83,82,114,59,55,12,5,7,1,1,0,38,18,20
LEON COUNTY,289,28 Years,157,81,76,107,51,56,8,5,3,1,1,0,41,24,17
LEON COUNTY,289,29 Years,159,83,76,107,51,56,11,8,3,0,0,0,41,24,17
LEON COUNTY,289,30 Years,149,75,74,99,50,49,11,7,4,2,0,2,37,18,19
LEON COUNTY,289,31 Years,150,78,72,107,56,51,10,6,4,1,0,1,32,16,16
LEON COUNTY,289,32 Years,158,100,58,113,67,46,8,7,1,2,1,1,35,25,10
LEON COUNTY,289,33 Years,179,91,88,119,58,61,9,5,4,4,0,4,47,28,19
LEON COUNTY,289,34 Years,156,71,85,107,48,59,8,3,5,5,1,4,36,19,17
LEON COUNTY,289,35 Years,172,86,86,119,63,56,9,4,5,4,1,3,40,18,22
LEON COUNTY,289,36 Years,179,93,86,135,72,63,12,4,8,1,0,1,31,17,14
LEON COUNTY,289,37 Years,147,72,75,105,55,50,12,4,8,0,0,0,30,13,17
LEON COUNTY,289,38 Years,169,85,84,121,60,61,8,4,4,2,1,1,38,20,18
LEON COUNTY,289,39 Years,164,77,87,119,54,65,15,7,8,1,0,1,29,16,13
LEON COUNTY,289,40 Years,149,75,74,108,51,57,10,7,3,4,2,2,27,15,12
LEON COUNTY,289,41 Years,186,101,85,131,71,60,10,5,5,4,2,2,41,23,18
LEON COUNTY,289,42 Years,181,98,83,138,75,63,10,6,4,5,3,2,28,14,14
LEON COUNTY,289,43 Years,165,74,91,126,52,74,10,6,4,4,3,1,25,13,12
LEON COUNTY,289,44 Years,152,70,82,117,52,65,14,6,8,3,2,1,18,10,8
LEON COUNTY,289,45 Years,170,77,93,129,53,76,15,8,7,2,2,0,24,14,10
LEON COUNTY,289,46 Years,196,92,104,148,66,82,13,8,5,4,3,1,31,15,16
LEON COUNTY,289,47 Years,195,98,97,147,75,72,14,10,4,4,2,2,30,11,19
LEON COUNTY,289,48 Years,255,126,129,189,92,97,19,13,6,5,1,4,42,20,22
LEON COUNTY,289,49 Years,242,118,124,179,88,91,19,9,10,6,3,3,38,18,20
LEON COUNTY,289,50 Years,237,111,126,187,89,98,18,7,11,5,3,2,27,12,15
LEON COUNTY,289,51 Years,245,127,118,193,100,93,21,10,11,4,2,2,27,15,12
LEON COUNTY,289,52 Years,264,143,121,209,111,98,19,13,6,6,2,4,30,17,13
LEON COUNTY,289,53 Years,276,140,136,228,111,117,18,10,8,5,1,4,25,18,7
LEON COUNTY,289,54 Years,250,128,122,213,110,103,17,8,9,2,1,1,18,9,9
LEON COUNTY,289,55 Years,287,151,136,238,124,114,24,15,9,3,1,2,22,11,11
LEON COUNTY,289,56 Years,262,125,137,215,100,115,23,11,12,7,2,5,17,12,5
LEON COUNTY,289,57 Years,234,111,123,191,95,96,19,6,13,4,2,2,20,8,12
LEON COUNTY,289,58 Years,251,145,106,207,121,86,22,11,11,3,1,2,19,12,7
LEON COUNTY,289,59 Years,268,151,117,227,126,101,21,13,8,5,2,3,15,10,5
LEON COUNTY,289,60 Years,249,131,118,215,110,105,17,10,7,4,3,1,13,8,5
LEON COUNTY,289,61 Years,247,121,126,206,101,105,24,9,15,4,2,2,13,9,4
LEON COUNTY,289,62 Years,230,112,118,188,94,94,25,11,14,5,2,3,12,5,7
LEON COUNTY,289,63 Years,247,123,124,211,106,105,21,12,9,8,3,5,7,2,5
LEON COUNTY,289,64 Years,258,119,139,227,108,119,12,4,8,8,1,7,11,6,5
LEON COUNTY,289,65 Years,278,131,147,249,120,129,11,4,7,4,0,4,14,7,7
LEON COUNTY,289,66 Years,275,134,141,248,118,130,14,7,7,3,3,0,10,6,4
LEON COUNTY,289,67 Years,238,121,117,216,110,106,12,5,7,2,1,1,8,5,3
LEON COUNTY,289,68 Years,243,118,125,223,112,111,14,4,10,2,0,2,4,2,2
LEON COUNTY,289,69 Years,263,137,126,238,126,112,14,7,7,2,1,1,9,3,6
LEON COUNTY,289,70 Years,257,132,125,235,117,118,14,10,4,2,1,1,6,4,2
LEON COUNTY,289,71 Years,227,111,116,207,101,106,11,5,6,2,1,1,7,4,3
LEON COUNTY,289,72 Years,215,103,112,193,93,100,16,7,9,1,1,0,5,2,3
LEON COUNTY,289,73 Years,205,103,102,187,95,92,14,6,8,0,0,0,4,2,2
LEON COUNTY,289,74 Years,201,105,96,182,95,87,12,4,8,0,0,0,7,6,1
LEON COUNTY,289,75 Years,170,84,86,154,75,79,12,7,5,0,0,0,4,2,2
LEON COUNTY,289,76 Years,161,75,86,145,66,79,13,7,6,0,0,0,3,2,1
LEON COUNTY,289,77 Years,142,72,70,126,67,59,10,3,7,4,1,3,2,1,1
LEON COUNTY,289,78 Years,140,64,76,124,59,65,12,3,9,2,0,2,2,2,0
LEON COUNTY,289,79 Years,125,62,63,112,57,55,8,2,6,1,0,1,4,3,1
LEON COUNTY,289,80 Years,116,53,63,104,50,54,7,1,6,1,0,1,4,2,2
LEON COUNTY,289,81 Years,99,49,50,89,44,45,7,4,3,0,0,0,3,1,2
LEON COUNTY,289,82 Years,87,39,48,77,34,43,9,4,5,0,0,0,1,1,0
LEON COUNTY,289,83 Years,94,47,47,78,38,40,11,5,6,2,1,1,3,3,0
LEON COUNTY,289,84 Years,86,38,48,70,31,39,10,4,6,3,1,2,3,2,1
LEON COUNTY,289,85 Years +,386,151,235,328,133,195,46,12,34,5,3,2,7,3,4
LIBERTY COUNTY,291,All Ages,78982,38852,40130,53236,26030,27206,8327,3928,4399,1824,845,979,15595,8049,7546
LIBERTY COUNTY,291,< 1 Year,1069,547,522,673,344,329,88,45,43,24,13,11,284,145,139
LIBERTY COUNTY,291,1 Years,1057,537,520,669,340,329,93,47,46,19,10,9,276,140,136
LIBERTY COUNTY,291,2 Years,1053,535,518,677,344,333,91,46,45,20,10,10,265,135,130
LIBERTY COUNTY,291,3 Years,1033,513,520,613,311,302,84,45,39,38,15,23,298,142,156
LIBERTY COUNTY,291,4 Years,1075,555,520,627,330,297,85,45,40,44,21,23,319,159,160
LIBERTY COUNTY,291,5 Years,1079,553,526,627,330,297,83,33,50,48,23,25,321,167,154
LIBERTY COUNTY,291,6 Years,1075,537,538,597,305,292,93,35,58,53,20,33,332,177,155
LIBERTY COUNTY,291,7 Years,1045,522,523,609,304,305,88,46,42,49,18,31,299,154,145
LIBERTY COUNTY,291,8 Years,1022,542,480,579,303,276,92,54,38,39,16,23,312,169,143
LIBERTY COUNTY,291,9 Years,1061,554,507,631,329,302,88,47,41,32,13,19,310,165,145
LIBERTY COUNTY,291,10 Years,1077,532,545,630,306,324,102,53,49,29,11,18,316,162,154
LIBERTY COUNTY,291,11 Years,1058,535,523,626,308,318,98,49,49,30,11,19,304,167,137
LIBERTY COUNTY,291,12 Years,1146,603,543,689,366,323,105,54,51,36,20,16,316,163,153
LIBERTY COUNTY,291,13 Years,1143,593,550,709,377,332,89,45,44,31,15,16,314,156,158
LIBERTY COUNTY,291,14 Years,1132,604,528,689,369,320,98,48,50,34,18,16,311,169,142
LIBERTY COUNTY,291,15 Years,1140,611,529,693,376,317,106,52,54,34,20,14,307,163,144
LIBERTY COUNTY,291,16 Years,1137,551,586,683,323,360,116,63,53,37,16,21,301,149,152
LIBERTY COUNTY,291,17 Years,1138,576,562,712,357,355,110,60,50,33,12,21,283,147,136
LIBERTY COUNTY,291,18 Years,1141,582,559,714,366,348,130,68,62,20,8,12,277,140,137
LIBERTY COUNTY,291,19 Years,1045,553,492,638,349,289,106,48,58,22,10,12,279,146,133
LIBERTY COUNTY,291,20 Years,1072,561,511,644,336,308,124,61,63,21,11,10,283,153,130
LIBERTY COUNTY,291,21 Years,1096,551,545,623,310,313,153,76,77,28,13,15,292,152,140
LIBERTY COUNTY,291,22 Years,1065,535,530,608,300,308,158,76,82,24,13,11,275,146,129
LIBERTY COUNTY,291,23 Years,1105,531,574,676,310,366,130,57,73,16,9,7,283,155,128
LIBERTY COUNTY,291,24 Years,1040,518,522,614,294,320,144,71,73,19,10,9,263,143,120
LIBERTY COUNTY,291,25 Years,1044,502,542,620,292,328,130,51,79,23,18,5,271,141,130
LIBERTY COUNTY,291,26 Years,999,499,500,577,274,303,140,70,70,20,15,5,262,140,122
LIBERTY COUNTY,291,27 Years,1003,469,534,579,270,309,136,58,78,16,8,8,272,133,139
LIBERTY COUNTY,291,28 Years,1004,471,533,603,282,321,116,52,64,19,8,11,266,129,137
LIBERTY COUNTY,291,29 Years,975,471,504,581,275,306,121,61,60,13,6,7,260,129,131
LIBERTY COUNTY,291,30 Years,1015,491,524,599,291,308,132,57,75,12,6,6,272,137,135
LIBERTY COUNTY,291,31 Years,1018,469,549,612,276,336,122,53,69,13,8,5,271,132,139
LIBERTY COUNTY,291,32 Years,1049,504,545,637,297,340,130,57,73,16,10,6,266,140,126
LIBERTY COUNTY,291,33 Years,1101,552,549,672,335,337,147,68,79,23,13,10,259,136,123
LIBERTY COUNTY,291,34 Years,1028,501,527,638,315,323,122,52,70,24,14,10,244,120,124
LIBERTY COUNTY,291,35 Years,1030,486,544,644,301,343,120,63,57,15,7,8,251,115,136
LIBERTY COUNTY,291,36 Years,1024,509,515,645,314,331,113,67,46,22,9,13,244,119,125
LIBERTY COUNTY,291,37 Years,1079,531,548,704,347,357,117,54,63,20,5,15,238,125,113
LIBERTY COUNTY,291,38 Years,993,475,518,631,301,330,103,54,49,19,8,11,240,112,128
LIBERTY COUNTY,291,39 Years,960,457,503,593,280,313,108,56,52,21,10,11,238,111,127
LIBERTY COUNTY,291,40 Years,1021,473,548,652,296,356,110,43,67,17,8,9,242,126,116
LIBERTY COUNTY,291,41 Years,1109,522,587,726,338,388,111,52,59,14,7,7,258,125,133
LIBERTY COUNTY,291,42 Years,1163,578,585,777,398,379,127,59,68,16,7,9,243,114,129
LIBERTY COUNTY,291,43 Years,1148,553,595,807,397,410,112,46,66,20,9,11,209,101,108
LIBERTY COUNTY,291,44 Years,1099,528,571,776,378,398,117,48,69,21,10,11,185,92,93
LIBERTY COUNTY,291,45 Years,1012,482,530,697,337,360,113,44,69,16,4,12,186,97,89
LIBERTY COUNTY,291,46 Years,1019,480,539,686,330,356,108,38,70,15,6,9,210,106,104
LIBERTY COUNTY,291,47 Years,1072,542,530,720,364,356,133,67,66,22,9,13,197,102,95
LIBERTY COUNTY,291,48 Years,1159,578,581,797,415,382,146,58,88,23,11,12,193,94,99
LIBERTY COUNTY,291,49 Years,1168,577,591,817,404,413,137,62,75,17,7,10,197,104,93
LIBERTY COUNTY,291,50 Years,1128,544,584,815,384,431,118,55,63,26,10,16,169,95,74
LIBERTY COUNTY,291,51 Years,1139,559,580,821,403,418,135,54,81,23,11,12,160,91,69
LIBERTY COUNTY,291,52 Years,1169,579,590,842,413,429,144,65,79,30,14,16,153,87,66
LIBERTY COUNTY,291,53 Years,1215,600,615,883,414,469,153,83,70,26,13,13,153,90,63
LIBERTY COUNTY,291,54 Years,1143,557,586,843,393,450,133,71,62,33,17,16,134,76,58
LIBERTY COUNTY,291,55 Years,1130,586,544,850,440,410,113,52,61,39,20,19,128,74,54
LIBERTY COUNTY,291,56 Years,1064,535,529,810,404,406,104,50,54,39,19,20,111,62,49
LIBERTY COUNTY,291,57 Years,1053,522,531,833,412,421,101,48,53,24,12,12,95,50,45
LIBERTY COUNTY,291,58 Years,1041,509,532,804,398,406,104,46,58,27,10,17,106,55,51
LIBERTY COUNTY,291,59 Years,1021,495,526,788,392,396,108,43,65,25,12,13,100,48,52
LIBERTY COUNTY,291,60 Years,981,504,477,754,386,368,113,55,58,20,8,12,94,55,39
LIBERTY COUNTY,291,61 Years,923,452,471,718,336,382,110,60,50,20,9,11,75,47,28
LIBERTY COUNTY,291,62 Years,883,444,439,686,334,352,99,56,43,20,11,9,78,43,35
LIBERTY COUNTY,291,63 Years,874,431,443,715,356,359,83,36,47,16,7,9,60,32,28
LIBERTY COUNTY,291,64 Years,847,400,447,689,326,363,85,46,39,12,5,7,61,23,38
LIBERTY COUNTY,291,65 Years,823,423,400,677,351,326,73,37,36,16,4,12,57,31,26
LIBERTY COUNTY,291,66 Years,809,399,410,680,337,343,64,29,35,13,4,9,52,29,23
LIBERTY COUNTY,291,67 Years,691,348,343,570,283,287,52,27,25,15,7,8,54,31,23
LIBERTY COUNTY,291,68 Years,638,303,335,524,242,282,49,24,25,19,8,11,46,29,17
LIBERTY COUNTY,291,69 Years,644,298,346,548,257,291,48,21,27,13,4,9,35,16,19
LIBERTY COUNTY,291,70 Years,598,289,309,510,248,262,50,21,29,14,8,6,24,12,12
LIBERTY COUNTY,291,71 Years,573,275,298,489,240,249,47,17,30,16,9,7,21,9,12
LIBERTY COUNTY,291,72 Years,492,239,253,415,199,216,40,20,20,13,7,6,24,13,11
LIBERTY COUNTY,291,73 Years,461,237,224,387,203,184,45,23,22,9,3,6,20,8,12
LIBERTY COUNTY,291,74 Years,416,202,214,349,172,177,34,14,20,7,3,4,26,13,13
LIBERTY COUNTY,291,75 Years,371,180,191,314,148,166,28,13,15,10,6,4,19,13,6
LIBERTY COUNTY,291,76 Years,346,172,174,283,140,143,41,20,21,6,2,4,16,10,6
LIBERTY COUNTY,291,77 Years,327,142,185,276,120,156,29,11,18,5,2,3,17,9,8
LIBERTY COUNTY,291,78 Years,300,133,167,252,118,134,29,7,22,5,1,4,14,7,7
LIBERTY COUNTY,291,79 Years,293,122,171,250,104,146,30,12,18,3,1,2,10,5,5
LIBERTY COUNTY,291,80 Years,291,128,163,244,109,135,29,11,18,6,2,4,12,6,6
LIBERTY COUNTY,291,81 Years,260,113,147,213,91,122,26,12,14,6,3,3,15,7,8
LIBERTY COUNTY,291,82 Years,249,110,139,206,84,122,26,14,12,5,5,0,12,7,5
LIBERTY COUNTY,291,83 Years,230,93,137,183,72,111,31,14,17,4,2,2,12,5,7
LIBERTY COUNTY,291,84 Years,191,78,113,162,65,97,19,7,12,1,1,0,9,5,4
LIBERTY COUNTY,291,85 Years +,972,320,652,813,262,551,109,40,69,21,6,15,29,12,17
LIMESTONE COUNTY,293,All Ages,23320,12149,11171,14109,7186,6923,4002,2033,1969,469,232,237,4740,2698,2042
LIMESTONE COUNTY,293,< 1 Year,297,153,144,150,77,73,44,23,21,8,4,4,95,49,46
LIMESTONE COUNTY,293,1 Years,304,156,148,155,79,76,49,25,24,6,3,3,94,49,45
LIMESTONE COUNTY,293,2 Years,301,154,147,155,79,76,49,25,24,7,4,3,90,46,44
LIMESTONE COUNTY,293,3 Years,299,159,140,133,68,65,51,26,25,13,8,5,102,57,45
LIMESTONE COUNTY,293,4 Years,295,154,141,138,67,71,45,25,20,10,3,7,102,59,43
LIMESTONE COUNTY,293,5 Years,298,145,153,123,57,66,55,28,27,9,3,6,111,57,54
LIMESTONE COUNTY,293,6 Years,307,157,150,125,64,61,60,30,30,12,6,6,110,57,53
LIMESTONE COUNTY,293,7 Years,301,164,137,133,75,58,51,29,22,16,7,9,101,53,48
LIMESTONE COUNTY,293,8 Years,277,151,126,112,60,52,54,29,25,14,7,7,97,55,42
LIMESTONE COUNTY,293,9 Years,282,145,137,130,67,63,61,29,32,8,4,4,83,45,38
LIMESTONE COUNTY,293,10 Years,278,146,132,122,65,57,54,26,28,7,2,5,95,53,42
LIMESTONE COUNTY,293,11 Years,297,160,137,127,68,59,56,28,28,12,4,8,102,60,42
LIMESTONE COUNTY,293,12 Years,310,163,147,147,79,68,61,27,34,9,4,5,93,53,40
LIMESTONE COUNTY,293,13 Years,318,168,150,141,85,56,60,24,36,10,4,6,107,55,52
LIMESTONE COUNTY,293,14 Years,300,160,140,137,78,59,53,29,24,14,7,7,96,46,50
LIMESTONE COUNTY,293,15 Years,296,171,125,147,83,64,44,28,16,12,6,6,93,54,39
LIMESTONE COUNTY,293,16 Years,310,162,148,157,83,74,50,27,23,15,7,8,88,45,43
LIMESTONE COUNTY,293,17 Years,298,154,144,144,75,69,61,30,31,8,5,3,85,44,41
LIMESTONE COUNTY,293,18 Years,300,164,136,143,73,70,68,38,30,8,5,3,81,48,33
LIMESTONE COUNTY,293,19 Years,289,157,132,141,72,69,55,31,24,5,4,1,88,50,38
LIMESTONE COUNTY,293,20 Years,295,158,137,139,77,62,65,39,26,5,1,4,86,41,45
LIMESTONE COUNTY,293,21 Years,317,175,142,158,85,73,68,39,29,4,2,2,87,49,38
LIMESTONE COUNTY,293,22 Years,290,174,116,130,73,57,57,33,24,8,6,2,95,62,33
LIMESTONE COUNTY,293,23 Years,309,183,126,153,90,63,60,32,28,6,2,4,90,59,31
LIMESTONE COUNTY,293,24 Years,326,185,141,165,92,73,70,39,31,7,3,4,84,51,33
LIMESTONE COUNTY,293,25 Years,309,185,124,148,85,63,64,39,25,7,4,3,90,57,33
LIMESTONE COUNTY,293,26 Years,284,160,124,150,77,73,58,37,21,5,3,2,71,43,28
LIMESTONE COUNTY,293,27 Years,284,168,116,154,89,65,55,33,22,2,1,1,73,45,28
LIMESTONE COUNTY,293,28 Years,264,140,124,133,68,65,51,26,25,4,3,1,76,43,33
LIMESTONE COUNTY,293,29 Years,283,170,113,143,86,57,52,28,24,3,1,2,85,55,30
LIMESTONE COUNTY,293,30 Years,298,184,114,150,95,55,54,30,24,7,4,3,87,55,32
LIMESTONE COUNTY,293,31 Years,275,160,115,139,76,63,46,22,24,4,3,1,86,59,27
LIMESTONE COUNTY,293,32 Years,292,169,123,143,82,61,54,27,27,1,1,0,94,59,35
LIMESTONE COUNTY,293,33 Years,304,165,139,156,85,71,55,29,26,2,1,1,91,50,41
LIMESTONE COUNTY,293,34 Years,283,170,113,154,90,64,44,25,19,2,1,1,83,54,29
LIMESTONE COUNTY,293,35 Years,287,161,126,147,85,62,61,27,34,2,2,0,77,47,30
LIMESTONE COUNTY,293,36 Years,248,138,110,134,71,63,47,25,22,3,1,2,64,41,23
LIMESTONE COUNTY,293,37 Years,276,157,119,137,75,62,62,37,25,6,4,2,71,41,30
LIMESTONE COUNTY,293,38 Years,274,156,118,153,86,67,47,25,22,4,2,2,70,43,27
LIMESTONE COUNTY,293,39 Years,233,125,108,127,63,64,34,22,12,3,2,1,69,38,31
LIMESTONE COUNTY,293,40 Years,271,149,122,150,80,70,49,28,21,3,1,2,69,40,29
LIMESTONE COUNTY,293,41 Years,281,154,127,167,87,80,47,26,21,4,2,2,63,39,24
LIMESTONE COUNTY,293,42 Years,280,153,127,166,89,77,51,26,25,8,5,3,55,33,22
LIMESTONE COUNTY,293,43 Years,273,146,127,170,85,85,46,23,23,6,4,2,51,34,17
LIMESTONE COUNTY,293,44 Years,251,132,119,153,77,76,45,25,20,5,3,2,48,27,21
LIMESTONE COUNTY,293,45 Years,259,137,122,158,84,74,41,20,21,5,2,3,55,31,24
LIMESTONE COUNTY,293,46 Years,265,124,141,161,78,83,50,21,29,3,1,2,51,24,27
LIMESTONE COUNTY,293,47 Years,273,143,130,175,87,88,48,26,22,2,1,1,48,29,19
LIMESTONE COUNTY,293,48 Years,321,157,164,208,94,114,52,27,25,6,4,2,55,32,23
LIMESTONE COUNTY,293,49 Years,320,160,160,215,108,107,53,24,29,10,4,6,42,24,18
LIMESTONE COUNTY,293,50 Years,310,175,135,202,119,83,58,30,28,6,1,5,44,25,19
LIMESTONE COUNTY,293,51 Years,335,182,153,226,125,101,61,33,28,3,2,1,45,22,23
LIMESTONE COUNTY,293,52 Years,315,160,155,212,102,110,58,35,23,3,2,1,42,21,21
LIMESTONE COUNTY,293,53 Years,321,155,166,207,97,110,60,30,30,5,2,3,49,26,23
LIMESTONE COUNTY,293,54 Years,329,148,181,207,93,114,75,29,46,6,1,5,41,25,16
LIMESTONE COUNTY,293,55 Years,318,155,163,219,105,114,60,25,35,3,1,2,36,24,12
LIMESTONE COUNTY,293,56 Years,322,167,155,223,116,107,62,30,32,3,3,0,34,18,16
LIMESTONE COUNTY,293,57 Years,336,170,166,246,118,128,58,31,27,7,4,3,25,17,8
LIMESTONE COUNTY,293,58 Years,337,172,165,235,115,120,64,33,31,8,4,4,30,20,10
LIMESTONE COUNTY,293,59 Years,322,158,164,242,117,125,46,22,24,8,3,5,26,16,10
LIMESTONE COUNTY,293,60 Years,291,136,155,208,99,109,52,24,28,5,1,4,26,12,14
LIMESTONE COUNTY,293,61 Years,301,132,169,219,93,126,48,21,27,6,3,3,28,15,13
LIMESTONE COUNTY,293,62 Years,300,143,157,225,107,118,49,22,27,5,4,1,21,10,11
LIMESTONE COUNTY,293,63 Years,281,142,139,213,107,106,47,25,22,5,4,1,16,6,10
LIMESTONE COUNTY,293,64 Years,274,136,138,221,109,112,39,20,19,2,1,1,12,6,6
LIMESTONE COUNTY,293,65 Years,325,160,165,270,130,140,38,18,20,4,3,1,13,9,4
LIMESTONE COUNTY,293,66 Years,309,162,147,254,134,120,39,18,21,2,1,1,14,9,5
LIMESTONE COUNTY,293,67 Years,253,134,119,201,107,94,34,17,17,3,2,1,15,8,7
LIMESTONE COUNTY,293,68 Years,263,134,129,200,102,98,35,16,19,4,2,2,24,14,10
LIMESTONE COUNTY,293,69 Years,275,140,135,221,115,106,34,14,20,4,1,3,16,10,6
LIMESTONE COUNTY,293,70 Years,242,110,132,196,93,103,30,10,20,4,2,2,12,5,7
LIMESTONE COUNTY,293,71 Years,218,102,116,188,92,96,19,6,13,1,1,0,10,3,7
LIMESTONE COUNTY,293,72 Years,214,103,111,181,87,94,22,10,12,3,1,2,8,5,3
LIMESTONE COUNTY,293,73 Years,187,99,88,159,85,74,20,11,9,3,1,2,5,2,3
LIMESTONE COUNTY,293,74 Years,179,87,92,150,73,77,20,10,10,6,3,3,3,1,2
LIMESTONE COUNTY,293,75 Years,143,66,77,122,55,67,17,9,8,2,1,1,2,1,1
LIMESTONE COUNTY,293,76 Years,145,70,75,117,57,60,21,10,11,2,1,1,5,2,3
LIMESTONE COUNTY,293,77 Years,154,67,87,124,55,69,19,8,11,1,0,1,10,4,6
LIMESTONE COUNTY,293,78 Years,149,70,79,122,58,64,18,7,11,2,2,0,7,3,4
LIMESTONE COUNTY,293,79 Years,116,51,65,99,45,54,11,2,9,2,1,1,4,3,1
LIMESTONE COUNTY,293,80 Years,116,51,65,100,42,58,11,5,6,3,2,1,2,2,0
LIMESTONE COUNTY,293,81 Years,104,46,58,84,38,46,15,7,8,2,0,2,3,1,2
LIMESTONE COUNTY,293,82 Years,102,41,61,83,35,48,12,5,7,2,0,2,5,1,4
LIMESTONE COUNTY,293,83 Years,107,43,64,90,37,53,12,4,8,1,0,1,4,2,2
LIMESTONE COUNTY,293,84 Years,94,38,56,79,33,46,10,4,6,2,0,2,3,1,2
LIMESTONE COUNTY,293,85 Years +,451,163,288,368,138,230,61,15,46,1,1,0,21,9,12
LIPSCOMB COUNTY,295,All Ages,3469,1766,1703,2263,1135,1128,5,2,3,80,32,48,1121,597,524
LIPSCOMB COUNTY,295,< 1 Year,45,24,21,21,10,11,0,0,0,2,2,0,22,12,10
LIPSCOMB COUNTY,295,1 Years,41,21,20,20,10,10,0,0,0,1,0,1,20,11,9
LIPSCOMB COUNTY,295,2 Years,40,21,19,20,11,9,0,0,0,1,0,1,19,10,9
LIPSCOMB COUNTY,295,3 Years,51,29,22,26,14,12,0,0,0,1,1,0,24,14,10
LIPSCOMB COUNTY,295,4 Years,50,28,22,25,16,9,0,0,0,2,1,1,23,11,12
LIPSCOMB COUNTY,295,5 Years,53,24,29,23,12,11,0,0,0,3,1,2,27,11,16
LIPSCOMB COUNTY,295,6 Years,48,22,26,23,10,13,0,0,0,2,0,2,23,12,11
LIPSCOMB COUNTY,295,7 Years,52,26,26,29,17,12,0,0,0,1,1,0,22,8,14
LIPSCOMB COUNTY,295,8 Years,48,16,32,19,8,11,0,0,0,1,0,1,28,8,20
LIPSCOMB COUNTY,295,9 Years,53,26,27,26,11,15,1,1,0,0,0,0,26,14,12
LIPSCOMB COUNTY,295,10 Years,45,20,25,24,9,15,1,0,1,0,0,0,20,11,9
LIPSCOMB COUNTY,295,11 Years,50,25,25,26,12,14,0,0,0,2,0,2,22,13,9
LIPSCOMB COUNTY,295,12 Years,46,21,25,23,11,12,1,0,1,1,1,0,21,9,12
LIPSCOMB COUNTY,295,13 Years,47,18,29,26,9,17,0,0,0,3,1,2,18,8,10
LIPSCOMB COUNTY,295,14 Years,51,22,29,29,14,15,0,0,0,2,1,1,20,7,13
LIPSCOMB COUNTY,295,15 Years,54,27,27,32,16,16,1,0,1,1,1,0,20,10,10
LIPSCOMB COUNTY,295,16 Years,55,28,27,30,14,16,0,0,0,2,1,1,23,13,10
LIPSCOMB COUNTY,295,17 Years,61,30,31,33,18,15,0,0,0,2,1,1,26,11,15
LIPSCOMB COUNTY,295,18 Years,53,29,24,29,18,11,0,0,0,3,2,1,21,9,12
LIPSCOMB COUNTY,295,19 Years,41,24,17,24,14,10,0,0,0,1,1,0,16,9,7
LIPSCOMB COUNTY,295,20 Years,52,25,27,30,14,16,0,0,0,1,1,0,21,10,11
LIPSCOMB COUNTY,295,21 Years,38,20,18,21,13,8,0,0,0,1,0,1,16,7,9
LIPSCOMB COUNTY,295,22 Years,38,20,18,20,11,9,0,0,0,1,0,1,17,9,8
LIPSCOMB COUNTY,295,23 Years,40,23,17,23,13,10,0,0,0,1,0,1,16,10,6
LIPSCOMB COUNTY,295,24 Years,43,26,17,22,16,6,0,0,0,1,0,1,20,10,10
LIPSCOMB COUNTY,295,25 Years,42,23,19,17,9,8,0,0,0,2,0,2,23,14,9
LIPSCOMB COUNTY,295,26 Years,38,21,17,17,6,11,0,0,0,0,0,0,21,15,6
LIPSCOMB COUNTY,295,27 Years,53,32,21,23,15,8,0,0,0,2,0,2,28,17,11
LIPSCOMB COUNTY,295,28 Years,49,27,22,21,14,7,0,0,0,1,0,1,27,13,14
LIPSCOMB COUNTY,295,29 Years,45,26,19,22,12,10,0,0,0,0,0,0,23,14,9
LIPSCOMB COUNTY,295,30 Years,49,30,19,28,14,14,0,0,0,0,0,0,21,16,5
LIPSCOMB COUNTY,295,31 Years,47,32,15,26,15,11,0,0,0,0,0,0,21,17,4
LIPSCOMB COUNTY,295,32 Years,42,26,16,23,14,9,0,0,0,1,0,1,18,12,6
LIPSCOMB COUNTY,295,33 Years,41,25,16,18,10,8,0,0,0,2,1,1,21,14,7
LIPSCOMB COUNTY,295,34 Years,42,27,15,19,12,7,0,0,0,1,0,1,22,15,7
LIPSCOMB COUNTY,295,35 Years,35,14,21,15,6,9,0,0,0,1,0,1,19,8,11
LIPSCOMB COUNTY,295,36 Years,36,13,23,16,5,11,0,0,0,0,0,0,20,8,12
LIPSCOMB COUNTY,295,37 Years,36,17,19,20,9,11,1,1,0,0,0,0,15,7,8
LIPSCOMB COUNTY,295,38 Years,38,20,18,24,13,11,0,0,0,1,0,1,13,7,6
LIPSCOMB COUNTY,295,39 Years,33,19,14,18,11,7,0,0,0,1,1,0,14,7,7
LIPSCOMB COUNTY,295,40 Years,37,19,18,19,9,10,0,0,0,1,1,0,17,9,8
LIPSCOMB COUNTY,295,41 Years,45,20,25,29,13,16,0,0,0,1,0,1,15,7,8
LIPSCOMB COUNTY,295,42 Years,42,18,24,30,12,18,0,0,0,0,0,0,12,6,6
LIPSCOMB COUNTY,295,43 Years,39,23,16,21,9,12,0,0,0,1,0,1,17,14,3
LIPSCOMB COUNTY,295,44 Years,39,25,14,20,11,9,0,0,0,3,2,1,16,12,4
LIPSCOMB COUNTY,295,45 Years,33,16,17,19,8,11,0,0,0,1,0,1,13,8,5
LIPSCOMB COUNTY,295,46 Years,34,17,17,22,10,12,0,0,0,1,1,0,11,6,5
LIPSCOMB COUNTY,295,47 Years,46,24,22,29,15,14,0,0,0,0,0,0,17,9,8
LIPSCOMB COUNTY,295,48 Years,51,25,26,32,14,18,0,0,0,0,0,0,19,11,8
LIPSCOMB COUNTY,295,49 Years,45,26,19,32,16,16,0,0,0,0,0,0,13,10,3
LIPSCOMB COUNTY,295,50 Years,53,28,25,43,23,20,0,0,0,0,0,0,10,5,5
LIPSCOMB COUNTY,295,51 Years,54,26,28,46,24,22,0,0,0,0,0,0,8,2,6
LIPSCOMB COUNTY,295,52 Years,56,24,32,46,20,26,0,0,0,1,0,1,9,4,5
LIPSCOMB COUNTY,295,53 Years,50,28,22,40,23,17,0,0,0,1,0,1,9,5,4
LIPSCOMB COUNTY,295,54 Years,51,25,26,40,19,21,0,0,0,3,2,1,8,4,4
LIPSCOMB COUNTY,295,55 Years,45,21,24,34,16,18,0,0,0,1,1,0,10,4,6
LIPSCOMB COUNTY,295,56 Years,42,21,21,34,18,16,0,0,0,2,0,2,6,3,3
LIPSCOMB COUNTY,295,57 Years,39,23,16,32,19,13,0,0,0,2,1,1,5,3,2
LIPSCOMB COUNTY,295,58 Years,39,18,21,32,13,19,0,0,0,2,1,1,5,4,1
LIPSCOMB COUNTY,295,59 Years,51,24,27,45,21,24,0,0,0,0,0,0,6,3,3
LIPSCOMB COUNTY,295,60 Years,46,27,19,40,24,16,0,0,0,2,0,2,4,3,1
LIPSCOMB COUNTY,295,61 Years,52,33,19,45,30,15,0,0,0,0,0,0,7,3,4
LIPSCOMB COUNTY,295,62 Years,43,21,22,39,20,19,0,0,0,0,0,0,4,1,3
LIPSCOMB COUNTY,295,63 Years,37,17,20,34,16,18,0,0,0,1,0,1,2,1,1
LIPSCOMB COUNTY,295,64 Years,37,19,18,33,17,16,0,0,0,1,0,1,3,2,1
LIPSCOMB COUNTY,295,65 Years,46,24,22,40,22,18,0,0,0,0,0,0,6,2,4
LIPSCOMB COUNTY,295,66 Years,38,22,16,35,20,15,0,0,0,0,0,0,3,2,1
LIPSCOMB COUNTY,295,67 Years,22,12,10,21,11,10,0,0,0,0,0,0,1,1,0
LIPSCOMB COUNTY,295,68 Years,23,11,12,22,11,11,0,0,0,0,0,0,1,0,1
LIPSCOMB COUNTY,295,69 Years,27,12,15,23,9,14,0,0,0,1,1,0,3,2,1
LIPSCOMB COUNTY,295,70 Years,29,11,18,26,10,16,0,0,0,0,0,0,3,1,2
LIPSCOMB COUNTY,295,71 Years,30,13,17,28,12,16,0,0,0,0,0,0,2,1,1
LIPSCOMB COUNTY,295,72 Years,22,12,10,19,10,9,0,0,0,0,0,0,3,2,1
LIPSCOMB COUNTY,295,73 Years,18,9,9,14,7,7,0,0,0,2,1,1,2,1,1
LIPSCOMB COUNTY,295,74 Years,29,13,16,26,12,14,0,0,0,2,1,1,1,0,1
LIPSCOMB COUNTY,295,75 Years,29,16,13,27,14,13,0,0,0,1,1,0,1,1,0
LIPSCOMB COUNTY,295,76 Years,23,9,14,22,9,13,0,0,0,0,0,0,1,0,1
LIPSCOMB COUNTY,295,77 Years,17,10,7,15,9,6,0,0,0,0,0,0,2,1,1
LIPSCOMB COUNTY,295,78 Years,17,9,8,16,9,7,0,0,0,0,0,0,1,0,1
LIPSCOMB COUNTY,295,79 Years,19,9,10,18,8,10,0,0,0,0,0,0,1,1,0
LIPSCOMB COUNTY,295,80 Years,15,6,9,14,6,8,0,0,0,0,0,0,1,0,1
LIPSCOMB COUNTY,295,81 Years,16,7,9,15,6,9,0,0,0,0,0,0,1,1,0
LIPSCOMB COUNTY,295,82 Years,15,6,9,13,6,7,0,0,0,1,0,1,1,0,1
LIPSCOMB COUNTY,295,83 Years,18,6,12,17,6,11,0,0,0,0,0,0,1,0,1
LIPSCOMB COUNTY,295,84 Years,15,6,9,14,5,9,0,0,0,0,0,0,1,1,0
LIPSCOMB COUNTY,295,85 Years +,74,28,46,71,27,44,0,0,0,1,1,0,2,0,2
LIVE OAK COUNTY,297,All Ages,11821,6365,5456,6814,3503,3311,460,440,20,221,134,87,4326,2288,2038
LIVE OAK COUNTY,297,< 1 Year,120,63,57,48,25,23,0,0,0,1,1,0,71,37,34
LIVE OAK COUNTY,297,1 Years,118,60,58,45,23,22,0,0,0,1,0,1,72,37,35
LIVE OAK COUNTY,297,2 Years,115,60,55,46,23,23,1,1,0,1,1,0,67,35,32
LIVE OAK COUNTY,297,3 Years,103,49,54,48,22,26,1,1,0,1,0,1,53,26,27
LIVE OAK COUNTY,297,4 Years,127,61,66,62,28,34,1,1,0,3,1,2,61,31,30
LIVE OAK COUNTY,297,5 Years,121,60,61,51,22,29,1,1,0,2,1,1,67,36,31
LIVE OAK COUNTY,297,6 Years,114,60,54,55,29,26,1,0,1,2,1,1,56,30,26
LIVE OAK COUNTY,297,7 Years,126,66,60,68,33,35,1,1,0,2,1,1,55,31,24
LIVE OAK COUNTY,297,8 Years,122,61,61,62,32,30,2,0,2,3,1,2,55,28,27
LIVE OAK COUNTY,297,9 Years,115,57,58,54,28,26,2,0,2,2,1,1,57,28,29
LIVE OAK COUNTY,297,10 Years,118,64,54,56,28,28,0,0,0,2,2,0,60,34,26
LIVE OAK COUNTY,297,11 Years,145,72,73,70,35,35,1,0,1,1,1,0,73,36,37
LIVE OAK COUNTY,297,12 Years,137,73,64,68,38,30,1,1,0,2,0,2,66,34,32
LIVE OAK COUNTY,297,13 Years,144,73,71,73,39,34,1,1,0,4,1,3,66,32,34
LIVE OAK COUNTY,297,14 Years,135,68,67,68,36,32,0,0,0,3,1,2,64,31,33
LIVE OAK COUNTY,297,15 Years,132,69,63,67,35,32,2,1,1,1,0,1,62,33,29
LIVE OAK COUNTY,297,16 Years,135,66,69,69,37,32,3,1,2,2,0,2,61,28,33
LIVE OAK COUNTY,297,17 Years,163,83,80,83,48,35,0,0,0,4,2,2,76,33,43
LIVE OAK COUNTY,297,18 Years,144,72,72,66,31,35,0,0,0,1,1,0,77,40,37
LIVE OAK COUNTY,297,19 Years,154,80,74,75,36,39,4,4,0,3,2,1,72,38,34
LIVE OAK COUNTY,297,20 Years,159,80,79,68,33,35,4,4,0,3,3,0,84,40,44
LIVE OAK COUNTY,297,21 Years,164,88,76,86,48,38,5,5,0,2,1,1,71,34,37
LIVE OAK COUNTY,297,22 Years,125,70,55,51,25,26,10,10,0,3,2,1,61,33,28
LIVE OAK COUNTY,297,23 Years,120,64,56,51,19,32,9,9,0,2,1,1,58,35,23
LIVE OAK COUNTY,297,24 Years,162,110,52,75,44,31,18,18,0,3,3,0,66,45,21
LIVE OAK COUNTY,297,25 Years,123,66,57,61,29,32,16,15,1,3,1,2,43,21,22
LIVE OAK COUNTY,297,26 Years,120,73,47,55,29,26,26,25,1,4,3,1,35,16,19
LIVE OAK COUNTY,297,27 Years,117,73,44,55,35,20,12,11,1,4,3,1,46,24,22
LIVE OAK COUNTY,297,28 Years,148,100,48,66,43,23,29,29,0,5,5,0,48,23,25
LIVE OAK COUNTY,297,29 Years,175,121,54,77,52,25,18,17,1,5,5,0,75,47,28
LIVE OAK COUNTY,297,30 Years,129,87,42,46,25,21,25,24,1,2,2,0,56,36,20
LIVE OAK COUNTY,297,31 Years,137,89,48,44,23,21,25,24,1,5,4,1,63,38,25
LIVE OAK COUNTY,297,32 Years,134,89,45,52,30,22,22,22,0,1,1,0,59,36,23
LIVE OAK COUNTY,297,33 Years,145,97,48,72,43,29,23,23,0,1,1,0,49,30,19
LIVE OAK COUNTY,297,34 Years,121,74,47,55,27,28,22,22,0,3,3,0,41,22,19
LIVE OAK COUNTY,297,35 Years,134,88,46,48,26,22,15,14,1,3,2,1,68,46,22
LIVE OAK COUNTY,297,36 Years,106,66,40,50,28,22,17,17,0,6,5,1,33,16,17
LIVE OAK COUNTY,297,37 Years,153,90,63,81,44,37,18,18,0,4,3,1,50,25,25
LIVE OAK COUNTY,297,38 Years,153,99,54,81,48,33,11,11,0,2,2,0,59,38,21
LIVE OAK COUNTY,297,39 Years,147,88,59,68,36,32,13,13,0,3,2,1,63,37,26
LIVE OAK COUNTY,297,40 Years,145,93,52,63,37,26,12,12,0,5,4,1,65,40,25
LIVE OAK COUNTY,297,41 Years,131,81,50,54,26,28,7,7,0,6,2,4,64,46,18
LIVE OAK COUNTY,297,42 Years,126,81,45,65,38,27,7,7,0,6,4,2,48,32,16
LIVE OAK COUNTY,297,43 Years,132,82,50,69,42,27,10,10,0,2,1,1,51,29,22
LIVE OAK COUNTY,297,44 Years,142,90,52,72,37,35,15,15,0,6,4,2,49,34,15
LIVE OAK COUNTY,297,45 Years,128,69,59,79,39,40,4,4,0,0,0,0,45,26,19
LIVE OAK COUNTY,297,46 Years,114,57,57,58,27,31,5,5,0,1,1,0,50,24,26
LIVE OAK COUNTY,297,47 Years,126,64,62,78,38,40,6,6,0,0,0,0,42,20,22
LIVE OAK COUNTY,297,48 Years,190,113,77,128,74,54,5,5,0,2,1,1,55,33,22
LIVE OAK COUNTY,297,49 Years,194,108,86,117,59,58,6,6,0,2,1,1,69,42,27
LIVE OAK COUNTY,297,50 Years,206,103,103,139,69,70,4,3,1,3,2,1,60,29,31
LIVE OAK COUNTY,297,51 Years,161,78,83,108,50,58,0,0,0,4,2,2,49,26,23
LIVE OAK COUNTY,297,52 Years,184,102,82,116,57,59,8,8,0,4,4,0,56,33,23
LIVE OAK COUNTY,297,53 Years,192,100,92,125,64,61,2,2,0,3,0,3,62,34,28
LIVE OAK COUNTY,297,54 Years,151,73,78,107,53,54,1,1,0,3,0,3,40,19,21
LIVE OAK COUNTY,297,55 Years,200,111,89,143,81,62,0,0,0,1,0,1,56,30,26
LIVE OAK COUNTY,297,56 Years,178,92,86,120,59,61,0,0,0,3,1,2,55,32,23
LIVE OAK COUNTY,297,57 Years,188,94,94,130,68,62,2,2,0,6,4,2,50,20,30
LIVE OAK COUNTY,297,58 Years,163,78,85,116,56,60,0,0,0,6,4,2,41,18,23
LIVE OAK COUNTY,297,59 Years,172,80,92,119,53,66,1,1,0,2,1,1,50,25,25
LIVE OAK COUNTY,297,60 Years,169,80,89,124,58,66,1,1,0,4,2,2,40,19,21
LIVE OAK COUNTY,297,61 Years,168,84,84,119,57,62,0,0,0,2,1,1,47,26,21
LIVE OAK COUNTY,297,62 Years,163,83,80,117,60,57,1,1,0,4,2,2,41,20,21
LIVE OAK COUNTY,297,63 Years,161,74,87,113,52,61,0,0,0,1,1,0,47,21,26
LIVE OAK COUNTY,297,64 Years,170,93,77,134,76,58,0,0,0,0,0,0,36,17,19
LIVE OAK COUNTY,297,65 Years,133,65,68,94,47,47,0,0,0,2,1,1,37,17,20
LIVE OAK COUNTY,297,66 Years,180,101,79,125,69,56,0,0,0,3,2,1,52,30,22
LIVE OAK COUNTY,297,67 Years,160,87,73,97,52,45,0,0,0,5,2,3,58,33,25
LIVE OAK COUNTY,297,68 Years,135,64,71,97,49,48,0,0,0,3,1,2,35,14,21
LIVE OAK COUNTY,297,69 Years,155,87,68,117,70,47,1,0,1,2,1,1,35,16,19
LIVE OAK COUNTY,297,70 Years,119,59,60,93,48,45,1,0,1,3,2,1,22,9,13
LIVE OAK COUNTY,297,71 Years,126,61,65,95,47,48,0,0,0,4,1,3,27,13,14
LIVE OAK COUNTY,297,72 Years,109,52,57,82,40,42,0,0,0,1,0,1,26,12,14
LIVE OAK COUNTY,297,73 Years,106,50,56,71,35,36,1,0,1,0,0,0,34,15,19
LIVE OAK COUNTY,297,74 Years,106,50,56,75,37,38,0,0,0,0,0,0,31,13,18
LIVE OAK COUNTY,297,75 Years,98,48,50,68,35,33,0,0,0,3,1,2,27,12,15
LIVE OAK COUNTY,297,76 Years,96,44,52,65,30,35,0,0,0,2,1,1,29,13,16
LIVE OAK COUNTY,297,77 Years,101,45,56,69,33,36,0,0,0,0,0,0,32,12,20
LIVE OAK COUNTY,297,78 Years,100,49,51,73,37,36,0,0,0,1,1,0,26,11,15
LIVE OAK COUNTY,297,79 Years,84,42,42,63,31,32,0,0,0,2,2,0,19,9,10
LIVE OAK COUNTY,297,80 Years,78,38,40,53,25,28,0,0,0,1,1,0,24,12,12
LIVE OAK COUNTY,297,81 Years,79,43,36,55,31,24,0,0,0,1,1,0,23,11,12
LIVE OAK COUNTY,297,82 Years,70,31,39,51,23,28,0,0,0,2,0,2,17,8,9
LIVE OAK COUNTY,297,83 Years,61,26,35,46,19,27,0,0,0,1,1,0,14,6,8
LIVE OAK COUNTY,297,84 Years,42,17,25,32,13,19,0,0,0,1,1,0,9,3,6
LIVE OAK COUNTY,297,85 Years +,269,114,155,204,87,117,0,0,0,3,3,0,62,24,38
LLANO COUNTY,299,All Ages,19732,9548,10184,17600,8513,9087,99,62,37,373,170,203,1660,803,857
LLANO COUNTY,299,< 1 Year,163,88,75,123,66,57,1,1,0,7,4,3,32,17,15
LLANO COUNTY,299,1 Years,161,83,78,120,61,59,1,1,0,7,4,3,33,17,16
LLANO COUNTY,299,2 Years,157,81,76,118,60,58,1,1,0,7,4,3,31,16,15
LLANO COUNTY,299,3 Years,147,72,75,108,58,50,2,1,1,5,2,3,32,11,21
LLANO COUNTY,299,4 Years,151,80,71,116,61,55,1,1,0,7,4,3,27,14,13
LLANO COUNTY,299,5 Years,191,97,94,145,72,73,1,1,0,8,4,4,37,20,17
LLANO COUNTY,299,6 Years,171,81,90,126,60,66,0,0,0,6,2,4,39,19,20
LLANO COUNTY,299,7 Years,160,81,79,118,66,52,1,1,0,6,2,4,35,12,23
LLANO COUNTY,299,8 Years,160,84,76,128,71,57,1,1,0,4,1,3,27,11,16
LLANO COUNTY,299,9 Years,161,85,76,129,67,62,1,1,0,3,1,2,28,16,12
LLANO COUNTY,299,10 Years,160,87,73,120,66,54,2,2,0,5,3,2,33,16,17
LLANO COUNTY,299,11 Years,188,98,90,145,74,71,3,1,2,7,6,1,33,17,16
LLANO COUNTY,299,12 Years,196,100,96,149,75,74,2,1,1,8,5,3,37,19,18
LLANO COUNTY,299,13 Years,176,83,93,138,67,71,2,1,1,6,2,4,30,13,17
LLANO COUNTY,299,14 Years,184,90,94,148,72,76,3,1,2,7,4,3,26,13,13
LLANO COUNTY,299,15 Years,183,93,90,145,71,74,3,1,2,7,4,3,28,17,11
LLANO COUNTY,299,16 Years,189,96,93,154,81,73,2,1,1,3,2,1,30,12,18
LLANO COUNTY,299,17 Years,191,92,99,153,74,79,1,1,0,5,3,2,32,14,18
LLANO COUNTY,299,18 Years,169,87,82,134,70,64,4,2,2,4,2,2,27,13,14
LLANO COUNTY,299,19 Years,155,85,70,119,65,54,1,0,1,6,5,1,29,15,14
LLANO COUNTY,299,20 Years,143,72,71,116,55,61,1,1,0,3,3,0,23,13,10
LLANO COUNTY,299,21 Years,147,73,74,117,53,64,0,0,0,4,3,1,26,17,9
LLANO COUNTY,299,22 Years,128,61,67,100,46,54,2,1,1,3,2,1,23,12,11
LLANO COUNTY,299,23 Years,129,58,71,101,46,55,1,0,1,2,1,1,25,11,14
LLANO COUNTY,299,24 Years,117,51,66,89,40,49,1,0,1,3,2,1,24,9,15
LLANO COUNTY,299,25 Years,120,60,60,97,48,49,1,0,1,1,0,1,21,12,9
LLANO COUNTY,299,26 Years,124,68,56,97,50,47,1,0,1,1,0,1,25,18,7
LLANO COUNTY,299,27 Years,135,79,56,113,65,48,0,0,0,2,1,1,20,13,7
LLANO COUNTY,299,28 Years,128,68,60,107,56,51,0,0,0,2,2,0,19,10,9
LLANO COUNTY,299,29 Years,143,78,65,119,64,55,2,1,1,5,3,2,17,10,7
LLANO COUNTY,299,30 Years,136,67,69,113,55,58,1,1,0,3,2,1,19,9,10
LLANO COUNTY,299,31 Years,150,71,79,116,53,63,2,2,0,3,3,0,29,13,16
LLANO COUNTY,299,32 Years,163,86,77,135,70,65,2,2,0,6,4,2,20,10,10
LLANO COUNTY,299,33 Years,155,82,73,129,72,57,2,2,0,5,1,4,19,7,12
LLANO COUNTY,299,34 Years,151,77,74,125,68,57,1,1,0,3,0,3,22,8,14
LLANO COUNTY,299,35 Years,124,64,60,103,55,48,2,1,1,3,0,3,16,8,8
LLANO COUNTY,299,36 Years,136,71,65,115,61,54,2,0,2,3,0,3,16,10,6
LLANO COUNTY,299,37 Years,137,66,71,114,56,58,2,1,1,3,0,3,18,9,9
LLANO COUNTY,299,38 Years,141,73,68,118,63,55,2,1,1,4,1,3,17,8,9
LLANO COUNTY,299,39 Years,135,74,61,118,65,53,0,0,0,4,1,3,13,8,5
LLANO COUNTY,299,40 Years,133,65,68,115,58,57,2,1,1,2,1,1,14,5,9
LLANO COUNTY,299,41 Years,167,83,84,146,72,74,3,1,2,4,3,1,14,7,7
LLANO COUNTY,299,42 Years,199,101,98,174,87,87,0,0,0,3,2,1,22,12,10
LLANO COUNTY,299,43 Years,196,99,97,167,89,78,0,0,0,5,3,2,24,7,17
LLANO COUNTY,299,44 Years,188,88,100,168,78,90,1,1,0,3,2,1,16,7,9
LLANO COUNTY,299,45 Years,166,78,88,144,66,78,0,0,0,5,2,3,17,10,7
LLANO COUNTY,299,46 Years,180,84,96,149,72,77,0,0,0,6,1,5,25,11,14
LLANO COUNTY,299,47 Years,205,102,103,175,89,86,0,0,0,6,1,5,24,12,12
LLANO COUNTY,299,48 Years,218,101,117,183,82,101,3,3,0,8,4,4,24,12,12
LLANO COUNTY,299,49 Years,242,112,130,210,98,112,3,2,1,8,3,5,21,9,12
LLANO COUNTY,299,50 Years,258,129,129,234,117,117,2,2,0,4,2,2,18,8,10
LLANO COUNTY,299,51 Years,260,129,131,237,117,120,1,1,0,3,2,1,19,9,10
LLANO COUNTY,299,52 Years,288,133,155,261,121,140,1,1,0,3,2,1,23,9,14
LLANO COUNTY,299,53 Years,313,138,175,278,119,159,2,1,1,6,4,2,27,14,13
LLANO COUNTY,299,54 Years,317,145,172,288,127,161,3,1,2,5,4,1,21,13,8
LLANO COUNTY,299,55 Years,314,150,164,285,137,148,3,1,2,6,3,3,20,9,11
LLANO COUNTY,299,56 Years,324,160,164,299,146,153,2,2,0,4,3,1,19,9,10
LLANO COUNTY,299,57 Years,334,158,176,313,148,165,1,1,0,4,2,2,16,7,9
LLANO COUNTY,299,58 Years,366,160,206,344,154,190,1,0,1,6,1,5,15,5,10
LLANO COUNTY,299,59 Years,378,179,199,357,169,188,0,0,0,6,2,4,15,8,7
LLANO COUNTY,299,60 Years,383,181,202,364,174,190,0,0,0,8,2,6,11,5,6
LLANO COUNTY,299,61 Years,400,188,212,382,179,203,1,0,1,6,2,4,11,7,4
LLANO COUNTY,299,62 Years,421,202,219,400,193,207,0,0,0,4,1,3,17,8,9
LLANO COUNTY,299,63 Years,440,196,244,427,191,236,0,0,0,5,1,4,8,4,4
LLANO COUNTY,299,64 Years,409,183,226,394,177,217,0,0,0,5,1,4,10,5,5
LLANO COUNTY,299,65 Years,433,211,222,415,202,213,0,0,0,7,3,4,11,6,5
LLANO COUNTY,299,66 Years,450,209,241,424,198,226,1,1,0,12,4,8,13,6,7
LLANO COUNTY,299,67 Years,384,186,198,363,178,185,1,0,1,6,2,4,14,6,8
LLANO COUNTY,299,68 Years,361,166,195,346,160,186,1,0,1,2,0,2,12,6,6
LLANO COUNTY,299,69 Years,387,187,200,373,181,192,1,1,0,2,1,1,11,4,7
LLANO COUNTY,299,70 Years,377,189,188,363,183,180,0,0,0,4,2,2,10,4,6
LLANO COUNTY,299,71 Years,360,187,173,352,185,167,0,0,0,2,0,2,6,2,4
LLANO COUNTY,299,72 Years,319,156,163,309,150,159,0,0,0,2,1,1,8,5,3
LLANO COUNTY,299,73 Years,293,146,147,283,141,142,0,0,0,2,1,1,8,4,4
LLANO COUNTY,299,74 Years,273,139,134,261,134,127,0,0,0,3,1,2,9,4,5
LLANO COUNTY,299,75 Years,295,144,151,283,138,145,1,1,0,2,2,0,9,3,6
LLANO COUNTY,299,76 Years,272,133,139,259,128,131,1,1,0,3,1,2,9,3,6
LLANO COUNTY,299,77 Years,246,121,125,238,119,119,1,1,0,1,0,1,6,1,5
LLANO COUNTY,299,78 Years,232,122,110,221,117,104,2,2,0,1,0,1,8,3,5
LLANO COUNTY,299,79 Years,215,107,108,205,102,103,2,2,0,1,0,1,7,3,4
LLANO COUNTY,299,80 Years,190,85,105,185,83,102,1,1,0,1,0,1,3,1,2
LLANO COUNTY,299,81 Years,201,92,109,195,91,104,0,0,0,3,1,2,3,0,3
LLANO COUNTY,299,82 Years,174,78,96,171,76,95,0,0,0,0,0,0,3,2,1
LLANO COUNTY,299,83 Years,159,75,84,156,73,83,0,0,0,1,0,1,2,2,0
LLANO COUNTY,299,84 Years,139,64,75,132,61,71,0,0,0,1,0,1,6,3,3
LLANO COUNTY,299,85 Years +,718,265,453,694,255,439,0,0,0,11,4,7,13,6,7
LOVING COUNTY,301,All Ages,82,46,36,55,31,24,0,0,0,5,4,1,22,11,11
LOVING COUNTY,301,< 1 Year,0,0,0,0,0,0,0,0,0,0,0,0,0,0,0
LOVING COUNTY,301,1 Years,0,0,0,0,0,0,0,0,0,0,0,0,0,0,0
LOVING COUNTY,301,2 Years,0,0,0,0,0,0,0,0,0,0,0,0,0,0,0
LOVING COUNTY,301,3 Years,1,1,0,0,0,0,0,0,0,0,0,0,1,1,0
LOVING COUNTY,301,4 Years,1,1,0,1,1,0,0,0,0,0,0,0,0,0,0
LOVING COUNTY,301,5 Years,0,0,0,0,0,0,0,0,0,0,0,0,0,0,0
LOVING COUNTY,301,6 Years,1,0,1,1,0,1,0,0,0,0,0,0,0,0,0
LOVING COUNTY,301,7 Years,0,0,0,0,0,0,0,0,0,0,0,0,0,0,0
LOVING COUNTY,301,8 Years,0,0,0,0,0,0,0,0,0,0,0,0,0,0,0
LOVING COUNTY,301,9 Years,0,0,0,0,0,0,0,0,0,0,0,0,0,0,0
LOVING COUNTY,301,10 Years,1,1,0,1,1,0,0,0,0,0,0,0,0,0,0
LOVING COUNTY,301,11 Years,0,0,0,0,0,0,0,0,0,0,0,0,0,0,0
LOVING COUNTY,301,12 Years,1,0,1,1,0,1,0,0,0,0,0,0,0,0,0
LOVING COUNTY,301,13 Years,0,0,0,0,0,0,0,0,0,0,0,0,0,0,0
LOVING COUNTY,301,14 Years,1,0,1,0,0,0,0,0,0,0,0,0,1,0,1
LOVING COUNTY,301,15 Years,0,0,0,0,0,0,0,0,0,0,0,0,0,0,0
LOVING COUNTY,301,16 Years,1,1,0,0,0,0,0,0,0,0,0,0,1,1,0
LOVING COUNTY,301,17 Years,0,0,0,0,0,0,0,0,0,0,0,0,0,0,0
LOVING COUNTY,301,18 Years,0,0,0,0,0,0,0,0,0,0,0,0,0,0,0
LOVING COUNTY,301,19 Years,1,0,1,0,0,0,0,0,0,0,0,0,1,0,1
LOVING COUNTY,301,20 Years,1,0,1,0,0,0,0,0,0,0,0,0,1,0,1
LOVING COUNTY,301,21 Years,0,0,0,0,0,0,0,0,0,0,0,0,0,0,0
LOVING COUNTY,301,22 Years,1,1,0,1,1,0,0,0,0,0,0,0,0,0,0
LOVING COUNTY,301,23 Years,0,0,0,0,0,0,0,0,0,0,0,0,0,0,0
LOVING COUNTY,301,24 Years,1,0,1,1,0,1,0,0,0,0,0,0,0,0,0
LOVING COUNTY,301,25 Years,3,2,1,0,0,0,0,0,0,0,0,0,3,2,1
LOVING COUNTY,301,26 Years,4,3,1,2,2,0,0,0,0,0,0,0,2,1,1
LOVING COUNTY,301,27 Years,2,1,1,1,1,0,0,0,0,0,0,0,1,0,1
LOVING COUNTY,301,28 Years,0,0,0,0,0,0,0,0,0,0,0,0,0,0,0
LOVING COUNTY,301,29 Years,0,0,0,0,0,0,0,0,0,0,0,0,0,0,0
LOVING COUNTY,301,30 Years,1,1,0,0,0,0,0,0,0,0,0,0,1,1,0
LOVING COUNTY,301,31 Years,1,0,1,1,0,1,0,0,0,0,0,0,0,0,0
LOVING COUNTY,301,32 Years,0,0,0,0,0,0,0,0,0,0,0,0,0,0,0
LOVING COUNTY,301,33 Years,1,0,1,1,0,1,0,0,0,0,0,0,0,0,0
LOVING COUNTY,301,34 Years,0,0,0,0,0,0,0,0,0,0,0,0,0,0,0
LOVING COUNTY,301,35 Years,0,0,0,0,0,0,0,0,0,0,0,0,0,0,0
LOVING COUNTY,301,36 Years,0,0,0,0,0,0,0,0,0,0,0,0,0,0,0
LOVING COUNTY,301,37 Years,1,1,0,1,1,0,0,0,0,0,0,0,0,0,0
LOVING COUNTY,301,38 Years,0,0,0,0,0,0,0,0,0,0,0,0,0,0,0
LOVING COUNTY,301,39 Years,0,0,0,0,0,0,0,0,0,0,0,0,0,0,0
LOVING COUNTY,301,40 Years,1,0,1,0,0,0,0,0,0,0,0,0,1,0,1
LOVING COUNTY,301,41 Years,0,0,0,0,0,0,0,0,0,0,0,0,0,0,0
LOVING COUNTY,301,42 Years,0,0,0,0,0,0,0,0,0,0,0,0,0,0,0
LOVING COUNTY,301,43 Years,0,0,0,0,0,0,0,0,0,0,0,0,0,0,0
LOVING COUNTY,301,44 Years,0,0,0,0,0,0,0,0,0,0,0,0,0,0,0
LOVING COUNTY,301,45 Years,4,1,3,3,0,3,0,0,0,0,0,0,1,1,0
LOVING COUNTY,301,46 Years,2,2,0,1,1,0,0,0,0,0,0,0,1,1,0
LOVING COUNTY,301,47 Years,2,0,2,1,0,1,0,0,0,1,0,1,0,0,0
LOVING COUNTY,301,48 Years,1,0,1,0,0,0,0,0,0,0,0,0,1,0,1
LOVING COUNTY,301,49 Years,2,1,1,1,0,1,0,0,0,0,0,0,1,1,0
LOVING COUNTY,301,50 Years,1,1,0,1,1,0,0,0,0,0,0,0,0,0,0
LOVING COUNTY,301,51 Years,1,0,1,0,0,0,0,0,0,0,0,0,1,0,1
LOVING COUNTY,301,52 Years,0,0,0,0,0,0,0,0,0,0,0,0,0,0,0
LOVING COUNTY,301,53 Years,0,0,0,0,0,0,0,0,0,0,0,0,0,0,0
LOVING COUNTY,301,54 Years,1,1,0,1,1,0,0,0,0,0,0,0,0,0,0
LOVING COUNTY,301,55 Years,2,1,1,2,1,1,0,0,0,0,0,0,0,0,0
LOVING COUNTY,301,56 Years,3,2,1,3,2,1,0,0,0,0,0,0,0,0,0
LOVING COUNTY,301,57 Years,2,1,1,1,0,1,0,0,0,0,0,0,1,1,0
LOVING COUNTY,301,58 Years,3,2,1,2,1,1,0,0,0,0,0,0,1,1,0
LOVING COUNTY,301,59 Years,4,3,1,4,3,1,0,0,0,0,0,0,0,0,0
LOVING COUNTY,301,60 Years,3,2,1,3,2,1,0,0,0,0,0,0,0,0,0
LOVING COUNTY,301,61 Years,2,1,1,2,1,1,0,0,0,0,0,0,0,0,0
LOVING COUNTY,301,62 Years,3,1,2,3,1,2,0,0,0,0,0,0,0,0,0
LOVING COUNTY,301,63 Years,1,0,1,1,0,1,0,0,0,0,0,0,0,0,0
LOVING COUNTY,301,64 Years,1,1,0,1,1,0,0,0,0,0,0,0,0,0,0
LOVING COUNTY,301,65 Years,0,0,0,0,0,0,0,0,0,0,0,0,0,0,0
LOVING COUNTY,301,66 Years,4,3,1,3,2,1,0,0,0,1,1,0,0,0,0
LOVING COUNTY,301,67 Years,3,2,1,2,1,1,0,0,0,1,1,0,0,0,0
LOVING COUNTY,301,68 Years,0,0,0,0,0,0,0,0,0,0,0,0,0,0,0
LOVING COUNTY,301,69 Years,0,0,0,0,0,0,0,0,0,0,0,0,0,0,0
LOVING COUNTY,301,70 Years,1,0,1,0,0,0,0,0,0,0,0,0,1,0,1
LOVING COUNTY,301,71 Years,2,1,1,1,1,0,0,0,0,0,0,0,1,0,1
LOVING COUNTY,301,72 Years,2,2,0,1,1,0,0,0,0,1,1,0,0,0,0
LOVING COUNTY,301,73 Years,1,1,0,0,0,0,0,0,0,1,1,0,0,0,0
LOVING COUNTY,301,74 Years,0,0,0,0,0,0,0,0,0,0,0,0,0,0,0
LOVING COUNTY,301,75 Years,1,1,0,1,1,0,0,0,0,0,0,0,0,0,0
LOVING COUNTY,301,76 Years,0,0,0,0,0,0,0,0,0,0,0,0,0,0,0
LOVING COUNTY,301,77 Years,1,1,0,1,1,0,0,0,0,0,0,0,0,0,0
LOVING COUNTY,301,78 Years,0,0,0,0,0,0,0,0,0,0,0,0,0,0,0
LOVING COUNTY,301,79 Years,1,1,0,1,1,0,0,0,0,0,0,0,0,0,0
LOVING COUNTY,301,80 Years,0,0,0,0,0,0,0,0,0,0,0,0,0,0,0
LOVING COUNTY,301,81 Years,0,0,0,0,0,0,0,0,0,0,0,0,0,0,0
LOVING COUNTY,301,82 Years,1,0,1,1,0,1,0,0,0,0,0,0,0,0,0
LOVING COUNTY,301,83 Years,0,0,0,0,0,0,0,0,0,0,0,0,0,0,0
LOVING COUNTY,301,84 Years,0,0,0,0,0,0,0,0,0,0,0,0,0,0,0
LOVING COUNTY,301,85 Years +,2,1,1,2,1,1,0,0,0,0,0,0,0,0,0
LUBBOCK COUNTY,303,All Ages,292005,144912,147093,161873,79645,82228,20968,10459,10509,11728,5973,5755,97436,48835,48601
LUBBOCK COUNTY,303,< 1 Year,4465,2273,2192,2016,1016,1000,343,174,169,220,114,106,1886,969,917
LUBBOCK COUNTY,303,1 Years,4484,2285,2199,2041,1040,1001,342,174,168,174,89,85,1927,982,945
LUBBOCK COUNTY,303,2 Years,4448,2266,2182,2055,1046,1009,336,171,165,171,88,83,1886,961,925
LUBBOCK COUNTY,303,3 Years,4198,2157,2041,1829,944,885,338,173,165,169,96,73,1862,944,918
LUBBOCK COUNTY,303,4 Years,4184,2147,2037,1741,892,849,352,167,185,182,101,81,1909,987,922
LUBBOCK COUNTY,303,5 Years,4246,2164,2082,1734,879,855,343,165,178,203,115,88,1966,1005,961
LUBBOCK COUNTY,303,6 Years,4201,2138,2063,1709,856,853,340,165,175,205,107,98,1947,1010,937
LUBBOCK COUNTY,303,7 Years,3906,1983,1923,1557,801,756,329,164,165,191,89,102,1829,929,900
LUBBOCK COUNTY,303,8 Years,3964,2022,1942,1621,821,800,348,186,162,181,82,99,1814,933,881
LUBBOCK COUNTY,303,9 Years,3998,2001,1997,1665,827,838,337,176,161,187,89,98,1809,909,900
LUBBOCK COUNTY,303,10 Years,3852,2002,1850,1586,809,777,349,179,170,151,83,68,1766,931,835
LUBBOCK COUNTY,303,11 Years,3910,1981,1929,1587,780,807,347,182,165,154,86,68,1822,933,889
LUBBOCK COUNTY,303,12 Years,3949,2001,1948,1577,775,802,357,187,170,173,92,81,1842,947,895
LUBBOCK COUNTY,303,13 Years,3864,1956,1908,1550,788,762,337,186,151,163,85,78,1814,897,917
LUBBOCK COUNTY,303,14 Years,3761,1919,1842,1492,759,733,315,164,151,159,83,76,1795,913,882
LUBBOCK COUNTY,303,15 Years,3676,1899,1777,1492,793,699,299,152,147,144,74,70,1741,880,861
LUBBOCK COUNTY,303,16 Years,3611,1839,1772,1518,760,758,277,149,128,140,68,72,1676,862,814
LUBBOCK COUNTY,303,17 Years,3524,1789,1735,1493,759,734,282,149,133,125,62,63,1624,819,805
LUBBOCK COUNTY,303,18 Years,4853,2350,2503,2458,1152,1306,394,192,202,186,92,94,1815,914,901
LUBBOCK COUNTY,303,19 Years,6921,3518,3403,3981,2010,1971,501,261,240,270,134,136,2169,1113,1056
LUBBOCK COUNTY,303,20 Years,6801,3518,3283,4046,2112,1934,484,250,234,225,116,109,2046,1040,1006
LUBBOCK COUNTY,303,21 Years,7121,3698,3423,4215,2189,2026,518,284,234,259,137,122,2129,1088,1041
LUBBOCK COUNTY,303,22 Years,7596,4016,3580,4633,2453,2180,513,266,247,337,183,154,2113,1114,999
LUBBOCK COUNTY,303,23 Years,6970,3683,3287,4154,2179,1975,445,234,211,344,201,143,2027,1069,958
LUBBOCK COUNTY,303,24 Years,6197,3218,2979,3673,1885,1788,371,200,171,351,203,148,1802,930,872
LUBBOCK COUNTY,303,25 Years,5743,3042,2701,3333,1782,1551,339,180,159,353,201,152,1718,879,839
LUBBOCK COUNTY,303,26 Years,5140,2745,2395,2819,1535,1284,317,173,144,337,195,142,1667,842,825
LUBBOCK COUNTY,303,27 Years,4943,2537,2406,2688,1354,1334,341,184,157,278,166,112,1636,833,803
LUBBOCK COUNTY,303,28 Years,4785,2490,2295,2633,1373,1260,325,164,161,240,148,92,1587,805,782
LUBBOCK COUNTY,303,29 Years,4524,2376,2148,2497,1302,1195,314,171,143,211,128,83,1502,775,727
LUBBOCK COUNTY,303,30 Years,4192,2211,1981,2207,1172,1035,282,152,130,205,110,95,1498,777,721
LUBBOCK COUNTY,303,31 Years,3954,2036,1918,1998,1057,941,290,143,147,196,91,105,1470,745,725
LUBBOCK COUNTY,303,32 Years,3791,1908,1883,1914,995,919,268,124,144,177,84,93,1432,705,727
LUBBOCK COUNTY,303,33 Years,3844,1939,1905,1936,981,955,285,146,139,183,87,96,1440,725,715
LUBBOCK COUNTY,303,34 Years,3615,1837,1778,1860,948,912,245,131,114,189,85,104,1321,673,648
LUBBOCK COUNTY,303,35 Years,3427,1758,1669,1791,915,876,245,120,125,179,91,88,1212,632,580
LUBBOCK COUNTY,303,36 Years,3273,1629,1644,1681,857,824,225,107,118,180,83,97,1187,582,605
LUBBOCK COUNTY,303,37 Years,3194,1589,1605,1578,794,784,229,110,119,185,89,96,1202,596,606
LUBBOCK COUNTY,303,38 Years,3116,1518,1598,1573,758,815,231,114,117,176,81,95,1136,565,571
LUBBOCK COUNTY,303,39 Years,3026,1508,1518,1527,759,768,230,111,119,162,67,95,1107,571,536
LUBBOCK COUNTY,303,40 Years,2989,1457,1532,1483,753,730,221,101,120,185,72,113,1100,531,569
LUBBOCK COUNTY,303,41 Years,3109,1495,1614,1623,786,837,214,106,108,164,75,89,1108,528,580
LUBBOCK COUNTY,303,42 Years,3187,1541,1646,1699,823,876,220,105,115,163,80,83,1105,533,572
LUBBOCK COUNTY,303,43 Years,3123,1526,1597,1708,863,845,222,98,124,134,65,69,1059,500,559
LUBBOCK COUNTY,303,44 Years,3031,1472,1559,1631,804,827,212,96,116,132,70,62,1056,502,554
LUBBOCK COUNTY,303,45 Years,2969,1458,1511,1635,806,829,221,105,116,104,53,51,1009,494,515
LUBBOCK COUNTY,303,46 Years,2943,1448,1495,1601,791,810,234,115,119,95,43,52,1013,499,514
LUBBOCK COUNTY,303,47 Years,3031,1494,1537,1629,803,826,234,116,118,104,48,56,1064,527,537
LUBBOCK COUNTY,303,48 Years,3261,1600,1661,1752,858,894,269,133,136,116,51,65,1124,558,566
LUBBOCK COUNTY,303,49 Years,3442,1659,1783,1957,924,1033,277,141,136,125,63,62,1083,531,552
LUBBOCK COUNTY,303,50 Years,3530,1695,1835,2032,968,1064,275,134,141,123,65,58,1100,528,572
LUBBOCK COUNTY,303,51 Years,3515,1741,1774,2088,1037,1051,290,145,145,98,48,50,1039,511,528
LUBBOCK COUNTY,303,52 Years,3560,1746,1814,2147,1060,1087,284,136,148,97,44,53,1032,506,526
LUBBOCK COUNTY,303,53 Years,3592,1757,1835,2189,1057,1132,264,131,133,107,50,57,1032,519,513
LUBBOCK COUNTY,303,54 Years,3420,1693,1727,2097,1024,1073,260,131,129,95,55,40,968,483,485
LUBBOCK COUNTY,303,55 Years,3379,1647,1732,2113,1032,1081,268,129,139,95,50,45,903,436,467
LUBBOCK COUNTY,303,56 Years,3372,1651,1721,2139,1051,1088,230,117,113,101,50,51,902,433,469
LUBBOCK COUNTY,303,57 Years,3278,1605,1673,2059,996,1063,269,134,135,92,42,50,858,433,425
LUBBOCK COUNTY,303,58 Years,3304,1586,1718,2148,1027,1121,232,104,128,88,41,47,836,414,422
LUBBOCK COUNTY,303,59 Years,3199,1530,1669,2077,997,1080,214,103,111,98,43,55,810,387,423
LUBBOCK COUNTY,303,60 Years,3002,1442,1560,2002,965,1037,209,102,107,99,48,51,692,327,365
LUBBOCK COUNTY,303,61 Years,2919,1436,1483,1982,974,1008,206,113,93,74,37,37,657,312,345
LUBBOCK COUNTY,303,62 Years,2767,1315,1452,1885,895,990,192,86,106,79,32,47,611,302,309
LUBBOCK COUNTY,303,63 Years,2606,1219,1387,1759,818,941,174,81,93,70,30,40,603,290,313
LUBBOCK COUNTY,303,64 Years,2498,1186,1312,1690,811,879,167,80,87,67,27,40,574,268,306
LUBBOCK COUNTY,303,65 Years,2438,1158,1280,1679,790,889,153,69,84,71,35,36,535,264,271
LUBBOCK COUNTY,303,66 Years,2370,1128,1242,1643,787,856,139,59,80,60,29,31,528,253,275
LUBBOCK COUNTY,303,67 Years,1988,927,1061,1350,642,708,118,54,64,51,22,29,469,209,260
LUBBOCK COUNTY,303,68 Years,1924,899,1025,1358,649,709,107,51,56,37,14,23,422,185,237
LUBBOCK COUNTY,303,69 Years,1808,846,962,1326,622,704,94,41,53,37,15,22,351,168,183
LUBBOCK COUNTY,303,70 Years,1795,831,964,1343,613,730,94,42,52,53,24,29,305,152,153
LUBBOCK COUNTY,303,71 Years,1662,756,906,1231,562,669,99,41,58,40,17,23,292,136,156
LUBBOCK COUNTY,303,72 Years,1541,666,875,1141,497,644,88,36,52,33,15,18,279,118,161
LUBBOCK COUNTY,303,73 Years,1433,632,801,1071,474,597,86,35,51,40,15,25,236,108,128
LUBBOCK COUNTY,303,74 Years,1391,614,777,1061,466,595,76,35,41,34,14,20,220,99,121
LUBBOCK COUNTY,303,75 Years,1394,593,801,1041,441,600,68,29,39,31,14,17,254,109,145
LUBBOCK COUNTY,303,76 Years,1314,587,727,981,433,548,56,28,28,26,12,14,251,114,137
LUBBOCK COUNTY,303,77 Years,1282,528,754,961,389,572,58,21,37,27,11,16,236,107,129
LUBBOCK COUNTY,303,78 Years,1275,545,730,957,397,560,55,23,32,22,12,10,241,113,128
LUBBOCK COUNTY,303,79 Years,1140,496,644,874,366,508,58,27,31,21,10,11,187,93,94
LUBBOCK COUNTY,303,80 Years,1060,453,607,823,351,472,49,20,29,24,10,14,164,72,92
LUBBOCK COUNTY,303,81 Years,996,390,606,793,308,485,42,17,25,16,8,8,145,57,88
LUBBOCK COUNTY,303,82 Years,929,388,541,736,308,428,48,20,28,14,7,7,131,53,78
LUBBOCK COUNTY,303,83 Years,850,342,508,680,274,406,39,13,26,18,7,11,113,48,65
LUBBOCK COUNTY,303,84 Years,761,286,475,612,229,383,38,12,26,11,5,6,100,40,60
LUBBOCK COUNTY,303,85 Years +,4361,1502,2859,3629,1217,2412,182,64,118,42,20,22,508,201,307
LYNN COUNTY,305,All Ages,5761,2867,2894,2823,1359,1464,112,62,50,76,39,37,2750,1407,1343
LYNN COUNTY,305,< 1 Year,81,43,38,30,16,14,1,1,0,1,1,0,49,25,24
LYNN COUNTY,305,1 Years,80,40,40,30,16,14,1,0,1,1,0,1,48,24,24
LYNN COUNTY,305,2 Years,78,41,37,29,15,14,1,1,0,1,1,0,47,24,23
LYNN COUNTY,305,3 Years,75,34,41,30,14,16,1,0,1,1,1,0,43,19,24
LYNN COUNTY,305,4 Years,80,46,34,33,18,15,2,1,1,0,0,0,45,27,18
LYNN COUNTY,305,5 Years,87,44,43,36,16,20,2,1,1,2,1,1,47,26,21
LYNN COUNTY,305,6 Years,100,43,57,38,17,21,1,1,0,1,0,1,60,25,35
LYNN COUNTY,305,7 Years,77,37,40,26,13,13,0,0,0,1,1,0,50,23,27
LYNN COUNTY,305,8 Years,81,37,44,32,12,20,0,0,0,1,0,1,48,25,23
LYNN COUNTY,305,9 Years,87,46,41,32,17,15,2,2,0,1,0,1,52,27,25
LYNN COUNTY,305,10 Years,95,52,43,34,20,14,2,2,0,2,1,1,57,29,28
LYNN COUNTY,305,11 Years,80,36,44,28,12,16,2,2,0,4,4,0,46,18,28
LYNN COUNTY,305,12 Years,84,38,46,32,14,18,2,1,1,2,2,0,48,21,27
LYNN COUNTY,305,13 Years,91,50,41,37,18,19,0,0,0,2,1,1,52,31,21
LYNN COUNTY,305,14 Years,90,49,41,27,14,13,1,1,0,2,2,0,60,32,28
LYNN COUNTY,305,15 Years,96,45,51,33,12,21,1,1,0,4,3,1,58,29,29
LYNN COUNTY,305,16 Years,93,41,52,36,12,24,1,0,1,3,1,2,53,28,25
LYNN COUNTY,305,17 Years,78,33,45,25,7,18,1,0,1,5,3,2,47,23,24
LYNN COUNTY,305,18 Years,74,36,38,31,14,17,3,3,0,2,0,2,38,19,19
LYNN COUNTY,305,19 Years,76,38,38,30,15,15,2,1,1,2,1,1,42,21,21
LYNN COUNTY,305,20 Years,93,45,48,36,16,20,5,3,2,1,1,0,51,25,26
LYNN COUNTY,305,21 Years,84,46,38,35,20,15,1,1,0,0,0,0,48,25,23
LYNN COUNTY,305,22 Years,57,32,25,22,14,8,0,0,0,1,0,1,34,18,16
LYNN COUNTY,305,23 Years,61,33,28,22,12,10,1,1,0,2,1,1,36,19,17
LYNN COUNTY,305,24 Years,45,23,22,18,9,9,2,2,0,1,1,0,24,11,13
LYNN COUNTY,305,25 Years,46,20,26,15,5,10,3,1,2,1,1,0,27,13,14
LYNN COUNTY,305,26 Years,50,27,23,24,13,11,1,1,0,0,0,0,25,13,12
LYNN COUNTY,305,27 Years,55,28,27,25,14,11,1,0,1,2,1,1,27,13,14
LYNN COUNTY,305,28 Years,57,30,27,20,9,11,0,0,0,1,0,1,36,21,15
LYNN COUNTY,305,29 Years,62,32,30,30,15,15,2,2,0,0,0,0,30,15,15
LYNN COUNTY,305,30 Years,62,33,29,25,12,13,1,1,0,0,0,0,36,20,16
LYNN COUNTY,305,31 Years,64,35,29,23,13,10,1,1,0,0,0,0,40,21,19
LYNN COUNTY,305,32 Years,61,26,35,22,9,13,2,0,2,2,0,2,35,17,18
LYNN COUNTY,305,33 Years,52,25,27,23,11,12,1,0,1,1,0,1,27,14,13
LYNN COUNTY,305,34 Years,52,24,28,22,10,12,0,0,0,0,0,0,30,14,16
LYNN COUNTY,305,35 Years,60,29,31,29,13,16,0,0,0,1,0,1,30,16,14
LYNN COUNTY,305,36 Years,60,34,26,38,21,17,0,0,0,1,1,0,21,12,9
LYNN COUNTY,305,37 Years,61,32,29,29,17,12,0,0,0,1,0,1,31,15,16
LYNN COUNTY,305,38 Years,61,29,32,28,13,15,1,0,1,2,1,1,30,15,15
LYNN COUNTY,305,39 Years,72,32,40,37,15,22,0,0,0,3,1,2,32,16,16
LYNN COUNTY,305,40 Years,51,31,20,25,14,11,0,0,0,1,1,0,25,16,9
LYNN COUNTY,305,41 Years,51,27,24,25,14,11,1,1,0,0,0,0,25,12,13
LYNN COUNTY,305,42 Years,56,27,29,28,15,13,1,0,1,0,0,0,27,12,15
LYNN COUNTY,305,43 Years,69,32,37,35,19,16,1,0,1,0,0,0,33,13,20
LYNN COUNTY,305,44 Years,69,34,35,32,15,17,1,1,0,0,0,0,36,18,18
LYNN COUNTY,305,45 Years,65,38,27,29,16,13,1,0,1,1,1,0,34,21,13
LYNN COUNTY,305,46 Years,70,41,29,29,15,14,2,2,0,0,0,0,39,24,15
LYNN COUNTY,305,47 Years,75,42,33,32,18,14,2,1,1,1,0,1,40,23,17
LYNN COUNTY,305,48 Years,87,38,49,46,18,28,2,1,1,1,0,1,38,19,19
LYNN COUNTY,305,49 Years,86,35,51,44,18,26,2,2,0,3,0,3,37,15,22
LYNN COUNTY,305,50 Years,92,43,49,51,22,29,2,1,1,2,1,1,37,19,18
LYNN COUNTY,305,51 Years,93,50,43,48,24,24,2,1,1,1,1,0,42,24,18
LYNN COUNTY,305,52 Years,78,41,37,43,23,20,2,1,1,0,0,0,33,17,16
LYNN COUNTY,305,53 Years,85,42,43,43,19,24,0,0,0,0,0,0,42,23,19
LYNN COUNTY,305,54 Years,95,51,44,50,27,23,3,1,2,0,0,0,42,23,19
LYNN COUNTY,305,55 Years,86,50,36,49,30,19,2,2,0,0,0,0,35,18,17
LYNN COUNTY,305,56 Years,85,44,41,49,27,22,1,1,0,0,0,0,35,16,19
LYNN COUNTY,305,57 Years,78,47,31,46,28,18,2,2,0,0,0,0,30,17,13
LYNN COUNTY,305,58 Years,85,45,40,48,25,23,2,2,0,0,0,0,35,18,17
LYNN COUNTY,305,59 Years,80,38,42,47,18,29,2,1,1,0,0,0,31,19,12
LYNN COUNTY,305,60 Years,71,34,37,41,18,23,2,0,2,0,0,0,28,16,12
LYNN COUNTY,305,61 Years,72,42,30,50,26,24,1,0,1,0,0,0,21,16,5
LYNN COUNTY,305,62 Years,71,40,31,43,23,20,0,0,0,0,0,0,28,17,11
LYNN COUNTY,305,63 Years,64,37,27,42,26,16,3,2,1,0,0,0,19,9,10
LYNN COUNTY,305,64 Years,69,37,32,42,26,16,2,0,2,2,1,1,23,10,13
LYNN COUNTY,305,65 Years,55,32,23,34,20,14,2,1,1,1,1,0,18,10,8
LYNN COUNTY,305,66 Years,57,30,27,37,18,19,2,1,1,0,0,0,18,11,7
LYNN COUNTY,305,67 Years,53,26,27,31,13,18,1,1,0,0,0,0,21,12,9
LYNN COUNTY,305,68 Years,51,26,25,29,14,15,2,0,2,0,0,0,20,12,8
LYNN COUNTY,305,69 Years,52,21,31,35,13,22,0,0,0,0,0,0,17,8,9
LYNN COUNTY,305,70 Years,55,26,29,34,14,20,0,0,0,0,0,0,21,12,9
LYNN COUNTY,305,71 Years,53,24,29,39,15,24,0,0,0,1,1,0,13,8,5
LYNN COUNTY,305,72 Years,52,21,31,38,14,24,2,1,1,0,0,0,12,6,6
LYNN COUNTY,305,73 Years,40,16,24,29,12,17,1,0,1,1,0,1,9,4,5
LYNN COUNTY,305,74 Years,50,26,24,36,20,16,1,0,1,1,0,1,12,6,6
LYNN COUNTY,305,75 Years,47,22,25,32,16,16,3,2,1,1,0,1,11,4,7
LYNN COUNTY,305,76 Years,49,17,32,30,13,17,1,0,1,0,0,0,18,4,14
LYNN COUNTY,305,77 Years,39,14,25,24,9,15,1,0,1,0,0,0,14,5,9
LYNN COUNTY,305,78 Years,41,17,24,24,9,15,0,0,0,0,0,0,17,8,9
LYNN COUNTY,305,79 Years,37,17,20,22,11,11,2,1,1,0,0,0,13,5,8
LYNN COUNTY,305,80 Years,31,14,17,19,10,9,2,1,1,0,0,0,10,3,7
LYNN COUNTY,305,81 Years,22,9,13,15,6,9,1,0,1,0,0,0,6,3,3
LYNN COUNTY,305,82 Years,20,9,11,14,5,9,0,0,0,0,0,0,6,4,2
LYNN COUNTY,305,83 Years,29,11,18,21,7,14,0,0,0,0,0,0,8,4,4
LYNN COUNTY,305,84 Years,34,15,19,27,12,15,0,0,0,0,0,0,7,3,4
LYNN COUNTY,305,85 Years +,113,44,69,84,31,53,4,1,3,1,1,0,24,11,13
MCCULLOCH COUNTY,307,All Ages,8340,4118,4222,5508,2665,2843,120,64,56,110,56,54,2602,1333,1269
MCCULLOCH COUNTY,307,< 1 Year,92,49,43,50,26,24,1,1,0,1,1,0,40,21,19
MCCULLOCH COUNTY,307,1 Years,94,50,44,50,26,24,1,1,0,1,1,0,42,22,20
MCCULLOCH COUNTY,307,2 Years,93,50,43,51,27,24,1,1,0,1,1,0,40,21,19
MCCULLOCH COUNTY,307,3 Years,95,50,45,53,27,26,1,1,0,2,1,1,39,21,18
MCCULLOCH COUNTY,307,4 Years,108,60,48,57,30,27,2,2,0,3,3,0,46,25,21
MCCULLOCH COUNTY,307,5 Years,99,53,46,49,24,25,1,1,0,2,2,0,47,26,21
MCCULLOCH COUNTY,307,6 Years,112,62,50,64,35,29,1,1,0,2,2,0,45,24,21
MCCULLOCH COUNTY,307,7 Years,110,61,49,59,34,25,0,0,0,2,0,2,49,27,22
MCCULLOCH COUNTY,307,8 Years,117,59,58,63,34,29,0,0,0,3,2,1,51,23,28
MCCULLOCH COUNTY,307,9 Years,111,57,54,57,33,24,1,0,1,1,0,1,52,24,28
MCCULLOCH COUNTY,307,10 Years,99,51,48,48,27,21,1,0,1,2,1,1,48,23,25
MCCULLOCH COUNTY,307,11 Years,114,65,49,55,33,22,3,1,2,2,1,1,54,30,24
MCCULLOCH COUNTY,307,12 Years,110,60,50,59,31,28,3,2,1,1,1,0,47,26,21
MCCULLOCH COUNTY,307,13 Years,108,54,54,62,33,29,3,1,2,0,0,0,43,20,23
MCCULLOCH COUNTY,307,14 Years,130,64,66,78,40,38,0,0,0,0,0,0,52,24,28
MCCULLOCH COUNTY,307,15 Years,130,63,67,75,38,37,4,1,3,1,0,1,50,24,26
MCCULLOCH COUNTY,307,16 Years,115,54,61,62,30,32,5,2,3,2,1,1,46,21,25
MCCULLOCH COUNTY,307,17 Years,111,54,57,61,29,32,4,2,2,2,1,1,44,22,22
MCCULLOCH COUNTY,307,18 Years,104,49,55,67,31,36,1,0,1,1,0,1,35,18,17
MCCULLOCH COUNTY,307,19 Years,112,53,59,66,30,36,0,0,0,1,1,0,45,22,23
MCCULLOCH COUNTY,307,20 Years,106,61,45,58,33,25,3,0,3,3,3,0,42,25,17
MCCULLOCH COUNTY,307,21 Years,92,57,35,48,29,19,1,0,1,2,2,0,41,26,15
MCCULLOCH COUNTY,307,22 Years,69,37,32,38,20,18,1,0,1,0,0,0,30,17,13
MCCULLOCH COUNTY,307,23 Years,76,40,36,41,21,20,0,0,0,0,0,0,35,19,16
MCCULLOCH COUNTY,307,24 Years,71,32,39,37,16,21,1,1,0,0,0,0,33,15,18
MCCULLOCH COUNTY,307,25 Years,77,41,36,38,20,18,2,2,0,1,0,1,36,19,17
MCCULLOCH COUNTY,307,26 Years,72,33,39,39,19,20,2,1,1,1,0,1,30,13,17
MCCULLOCH COUNTY,307,27 Years,76,37,39,38,18,20,1,1,0,2,1,1,35,17,18
MCCULLOCH COUNTY,307,28 Years,78,46,32,46,31,15,2,1,1,0,0,0,30,14,16
MCCULLOCH COUNTY,307,29 Years,75,44,31,47,25,22,1,1,0,2,1,1,25,17,8
MCCULLOCH COUNTY,307,30 Years,82,42,40,50,20,30,1,1,0,2,1,1,29,20,9
MCCULLOCH COUNTY,307,31 Years,82,43,39,50,23,27,2,1,1,1,1,0,29,18,11
MCCULLOCH COUNTY,307,32 Years,85,38,47,48,21,27,2,1,1,1,0,1,34,16,18
MCCULLOCH COUNTY,307,33 Years,79,36,43,48,24,24,0,0,0,1,0,1,30,12,18
MCCULLOCH COUNTY,307,34 Years,71,36,35,46,24,22,0,0,0,2,2,0,23,10,13
MCCULLOCH COUNTY,307,35 Years,78,42,36,57,32,25,1,0,1,1,0,1,19,10,9
MCCULLOCH COUNTY,307,36 Years,80,34,46,53,25,28,2,0,2,1,0,1,24,9,15
MCCULLOCH COUNTY,307,37 Years,83,41,42,52,24,28,3,2,1,1,0,1,27,15,12
MCCULLOCH COUNTY,307,38 Years,96,51,45,63,29,34,2,1,1,1,1,0,30,20,10
MCCULLOCH COUNTY,307,39 Years,89,45,44,56,25,31,1,1,0,0,0,0,32,19,13
MCCULLOCH COUNTY,307,40 Years,73,34,39,46,22,24,1,0,1,0,0,0,26,12,14
MCCULLOCH COUNTY,307,41 Years,75,41,34,49,28,21,1,0,1,0,0,0,25,13,12
MCCULLOCH COUNTY,307,42 Years,98,48,50,69,34,35,1,0,1,1,1,0,27,13,14
MCCULLOCH COUNTY,307,43 Years,85,42,43,56,29,27,2,1,1,2,0,2,25,12,13
MCCULLOCH COUNTY,307,44 Years,95,43,52,67,34,33,0,0,0,1,0,1,27,9,18
MCCULLOCH COUNTY,307,45 Years,88,34,54,54,22,32,0,0,0,1,0,1,33,12,21
MCCULLOCH COUNTY,307,46 Years,90,38,52,59,25,34,0,0,0,2,0,2,29,13,16
MCCULLOCH COUNTY,307,47 Years,104,46,58,69,30,39,1,0,1,3,2,1,31,14,17
MCCULLOCH COUNTY,307,48 Years,106,61,45,72,40,32,0,0,0,2,1,1,32,20,12
MCCULLOCH COUNTY,307,49 Years,100,52,48,67,33,34,2,2,0,2,1,1,29,16,13
MCCULLOCH COUNTY,307,50 Years,121,58,63,85,39,46,1,1,0,2,1,1,33,17,16
MCCULLOCH COUNTY,307,51 Years,110,52,58,73,35,38,1,1,0,0,0,0,36,16,20
MCCULLOCH COUNTY,307,52 Years,110,55,55,77,36,41,0,0,0,2,2,0,31,17,14
MCCULLOCH COUNTY,307,53 Years,98,47,51,72,29,43,0,0,0,1,1,0,25,17,8
MCCULLOCH COUNTY,307,54 Years,115,53,62,78,33,45,2,0,2,1,0,1,34,20,14
MCCULLOCH COUNTY,307,55 Years,128,61,67,91,40,51,2,1,1,1,0,1,34,20,14
MCCULLOCH COUNTY,307,56 Years,126,61,65,93,44,49,2,1,1,2,1,1,29,15,14
MCCULLOCH COUNTY,307,57 Years,135,61,74,98,40,58,4,3,1,2,1,1,31,17,14
MCCULLOCH COUNTY,307,58 Years,137,65,72,102,45,57,4,2,2,3,2,1,28,16,12
MCCULLOCH COUNTY,307,59 Years,128,67,61,91,47,44,2,1,1,3,2,1,32,17,15
MCCULLOCH COUNTY,307,60 Years,135,62,73,101,47,54,2,1,1,2,0,2,30,14,16
MCCULLOCH COUNTY,307,61 Years,109,51,58,86,37,49,3,2,1,0,0,0,20,12,8
MCCULLOCH COUNTY,307,62 Years,113,59,54,85,42,43,4,2,2,3,2,1,21,13,8
MCCULLOCH COUNTY,307,63 Years,106,56,50,80,40,40,3,2,1,2,2,0,21,12,9
MCCULLOCH COUNTY,307,64 Years,119,56,63,91,43,48,1,1,0,2,1,1,25,11,14
MCCULLOCH COUNTY,307,65 Years,128,61,67,99,48,51,2,1,1,2,0,2,25,12,13
MCCULLOCH COUNTY,307,66 Years,137,69,68,107,54,53,1,1,0,0,0,0,29,14,15
MCCULLOCH COUNTY,307,67 Years,116,57,59,91,47,44,0,0,0,0,0,0,25,10,15
MCCULLOCH COUNTY,307,68 Years,109,53,56,85,41,44,0,0,0,1,0,1,23,12,11
MCCULLOCH COUNTY,307,69 Years,102,56,46,79,43,36,0,0,0,0,0,0,23,13,10
MCCULLOCH COUNTY,307,70 Years,109,55,54,86,45,41,2,1,1,2,0,2,19,9,10
MCCULLOCH COUNTY,307,71 Years,88,46,42,72,38,34,1,1,0,1,0,1,14,7,7
MCCULLOCH COUNTY,307,72 Years,81,42,39,60,30,30,2,2,0,1,1,0,18,9,9
MCCULLOCH COUNTY,307,73 Years,79,43,36,60,31,29,2,1,1,1,1,0,16,10,6
MCCULLOCH COUNTY,307,74 Years,67,29,38,52,23,29,1,0,1,1,0,1,13,6,7
MCCULLOCH COUNTY,307,75 Years,65,28,37,50,23,27,0,0,0,1,0,1,14,5,9
MCCULLOCH COUNTY,307,76 Years,75,36,39,53,27,26,0,0,0,1,0,1,21,9,12
MCCULLOCH COUNTY,307,77 Years,71,33,38,51,23,28,0,0,0,2,1,1,18,9,9
MCCULLOCH COUNTY,307,78 Years,67,26,41,55,20,35,0,0,0,0,0,0,12,6,6
MCCULLOCH COUNTY,307,79 Years,65,31,34,53,26,27,0,0,0,0,0,0,12,5,7
MCCULLOCH COUNTY,307,80 Years,53,21,32,41,18,23,0,0,0,1,0,1,11,3,8
MCCULLOCH COUNTY,307,81 Years,51,23,28,37,17,20,1,1,0,2,2,0,11,3,8
MCCULLOCH COUNTY,307,82 Years,50,20,30,42,18,24,0,0,0,0,0,0,8,2,6
MCCULLOCH COUNTY,307,83 Years,53,22,31,44,17,27,0,0,0,1,0,1,8,5,3
MCCULLOCH COUNTY,307,84 Years,38,14,24,30,9,21,1,0,1,1,0,1,6,5,1
MCCULLOCH COUNTY,307,85 Years +,251,96,155,211,76,135,7,4,3,0,0,0,33,16,17
MCLENNAN COUNTY,309,All Ages,242430,118363,124067,137350,66808,70542,35270,16533,18737,8055,3677,4378,61755,31345,30410
MCLENNAN COUNTY,309,< 1 Year,3596,1839,1757,1657,848,809,532,271,261,131,67,64,1276,653,623
MCLENNAN COUNTY,309,1 Years,3557,1811,1746,1689,861,828,513,261,252,97,49,48,1258,640,618
MCLENNAN COUNTY,309,2 Years,3537,1803,1734,1715,875,840,511,259,252,97,50,47,1214,619,595
MCLENNAN COUNTY,309,3 Years,3400,1744,1656,1459,753,706,554,283,271,148,75,73,1239,633,606
MCLENNAN COUNTY,309,4 Years,3288,1703,1585,1345,699,646,502,251,251,166,85,81,1275,668,607
MCLENNAN COUNTY,309,5 Years,3345,1730,1615,1353,705,648,508,254,254,172,88,84,1312,683,629
MCLENNAN COUNTY,309,6 Years,3323,1735,1588,1373,733,640,529,269,260,148,72,76,1273,661,612
MCLENNAN COUNTY,309,7 Years,3334,1748,1586,1401,763,638,556,279,277,135,66,69,1242,640,602
MCLENNAN COUNTY,309,8 Years,3255,1650,1605,1363,713,650,499,251,248,129,57,72,1264,629,635
MCLENNAN COUNTY,309,9 Years,3309,1681,1628,1394,704,690,523,271,252,144,67,77,1248,639,609
MCLENNAN COUNTY,309,10 Years,3311,1648,1663,1389,690,699,524,256,268,153,76,77,1245,626,619
MCLENNAN COUNTY,309,11 Years,3398,1736,1662,1460,748,712,499,244,255,138,64,74,1301,680,621
MCLENNAN COUNTY,309,12 Years,3389,1719,1670,1433,714,719,558,284,274,147,71,76,1251,650,601
MCLENNAN COUNTY,309,13 Years,3350,1727,1623,1459,747,712,558,291,267,146,74,72,1187,615,572
MCLENNAN COUNTY,309,14 Years,3442,1802,1640,1541,813,728,569,303,266,149,71,78,1183,615,568
MCLENNAN COUNTY,309,15 Years,3301,1710,1591,1488,781,707,542,278,264,136,68,68,1135,583,552
MCLENNAN COUNTY,309,16 Years,3260,1679,1581,1504,790,714,531,259,272,132,56,76,1093,574,519
MCLENNAN COUNTY,309,17 Years,3354,1737,1617,1573,830,743,546,297,249,124,52,72,1111,558,553
MCLENNAN COUNTY,309,18 Years,4425,2244,2181,2296,1149,1147,653,348,305,215,107,108,1261,640,621
MCLENNAN COUNTY,309,19 Years,5653,2793,2860,3249,1649,1600,690,349,341,307,131,176,1407,664,743
MCLENNAN COUNTY,309,20 Years,5270,2534,2736,3030,1399,1631,647,344,303,249,106,143,1344,685,659
MCLENNAN COUNTY,309,21 Years,5131,2531,2600,2848,1364,1484,666,342,324,286,121,165,1331,704,627
MCLENNAN COUNTY,309,22 Years,5232,2520,2712,2825,1338,1487,749,356,393,251,112,139,1407,714,693
MCLENNAN COUNTY,309,23 Years,4584,2302,2282,2336,1168,1168,724,355,369,247,113,134,1277,666,611
MCLENNAN COUNTY,309,24 Years,4346,2171,2175,2288,1185,1103,620,273,347,220,94,126,1218,619,599
MCLENNAN COUNTY,309,25 Years,4116,2006,2110,2151,1054,1097,566,238,328,217,96,121,1182,618,564
MCLENNAN COUNTY,309,26 Years,3643,1813,1830,1805,915,890,551,242,309,159,71,88,1128,585,543
MCLENNAN COUNTY,309,27 Years,3368,1676,1692,1681,852,829,514,233,281,127,63,64,1046,528,518
MCLENNAN COUNTY,309,28 Years,3118,1613,1505,1530,780,750,493,250,243,106,59,47,989,524,465
MCLENNAN COUNTY,309,29 Years,3016,1488,1528,1514,725,789,447,218,229,77,38,39,978,507,471
MCLENNAN COUNTY,309,30 Years,3023,1501,1522,1519,753,766,439,199,240,80,41,39,985,508,477
MCLENNAN COUNTY,309,31 Years,2887,1425,1462,1398,704,694,438,199,239,101,43,58,950,479,471
MCLENNAN COUNTY,309,32 Years,2908,1445,1463,1440,733,707,455,199,256,88,40,48,925,473,452
MCLENNAN COUNTY,309,33 Years,2991,1455,1536,1448,726,722,505,214,291,83,34,49,955,481,474
MCLENNAN COUNTY,309,34 Years,2781,1361,1420,1418,715,703,458,201,257,83,32,51,822,413,409
MCLENNAN COUNTY,309,35 Years,2723,1377,1346,1416,717,699,421,208,213,79,35,44,807,417,390
MCLENNAN COUNTY,309,36 Years,2629,1304,1325,1355,677,678,400,179,221,77,36,41,797,412,385
MCLENNAN COUNTY,309,37 Years,2633,1290,1343,1331,665,666,425,182,243,91,42,49,786,401,385
MCLENNAN COUNTY,309,38 Years,2674,1300,1374,1390,699,691,414,182,232,85,41,44,785,378,407
MCLENNAN COUNTY,309,39 Years,2585,1258,1327,1382,669,713,406,175,231,76,38,38,721,376,345
MCLENNAN COUNTY,309,40 Years,2540,1218,1322,1379,680,699,381,166,215,77,38,39,703,334,369
MCLENNAN COUNTY,309,41 Years,2732,1315,1417,1513,735,778,393,187,206,78,30,48,748,363,385
MCLENNAN COUNTY,309,42 Years,2776,1332,1444,1596,775,821,411,184,227,88,38,50,681,335,346
MCLENNAN COUNTY,309,43 Years,2802,1379,1423,1625,799,826,408,190,218,87,37,50,682,353,329
MCLENNAN COUNTY,309,44 Years,2663,1277,1386,1568,753,815,389,179,210,80,34,46,626,311,315
MCLENNAN COUNTY,309,45 Years,2607,1253,1354,1514,737,777,373,169,204,76,33,43,644,314,330
MCLENNAN COUNTY,309,46 Years,2629,1238,1391,1524,736,788,388,167,221,73,32,41,644,303,341
MCLENNAN COUNTY,309,47 Years,2679,1289,1390,1589,756,833,409,192,217,65,27,38,616,314,302
MCLENNAN COUNTY,309,48 Years,3036,1440,1596,1852,870,982,461,214,247,78,36,42,645,320,325
MCLENNAN COUNTY,309,49 Years,2951,1458,1493,1828,903,925,416,185,231,71,33,38,636,337,299
MCLENNAN COUNTY,309,50 Years,2893,1430,1463,1803,893,910,416,191,225,65,34,31,609,312,297
MCLENNAN COUNTY,309,51 Years,3031,1542,1489,1895,948,947,440,222,218,75,38,37,621,334,287
MCLENNAN COUNTY,309,52 Years,3041,1490,1551,1895,940,955,454,202,252,79,33,46,613,315,298
MCLENNAN COUNTY,309,53 Years,3083,1513,1570,1950,951,999,481,234,247,75,32,43,577,296,281
MCLENNAN COUNTY,309,54 Years,3044,1519,1525,1941,964,977,467,226,241,73,36,37,563,293,270
MCLENNAN COUNTY,309,55 Years,3000,1439,1561,1993,963,1030,454,200,254,69,31,38,484,245,239
MCLENNAN COUNTY,309,56 Years,2993,1462,1531,1993,977,1016,473,213,260,65,29,36,462,243,219
MCLENNAN COUNTY,309,57 Years,2983,1438,1545,1970,947,1023,472,212,260,65,31,34,476,248,228
MCLENNAN COUNTY,309,58 Years,2991,1414,1577,2009,962,1047,471,206,265,71,30,41,440,216,224
MCLENNAN COUNTY,309,59 Years,2810,1340,1470,1917,923,994,437,191,246,61,27,34,395,199,196
MCLENNAN COUNTY,309,60 Years,2809,1355,1454,1939,950,989,419,184,235,51,19,32,400,202,198
MCLENNAN COUNTY,309,61 Years,2634,1224,1410,1856,881,975,398,154,244,49,18,31,331,171,160
MCLENNAN COUNTY,309,62 Years,2474,1179,1295,1734,826,908,368,167,201,50,19,31,322,167,155
MCLENNAN COUNTY,309,63 Years,2411,1164,1247,1722,835,887,323,149,174,57,26,31,309,154,155
MCLENNAN COUNTY,309,64 Years,2424,1181,1243,1747,859,888,336,155,181,52,25,27,289,142,147
MCLENNAN COUNTY,309,65 Years,2352,1127,1225,1742,837,905,305,144,161,51,21,30,254,125,129
MCLENNAN COUNTY,309,66 Years,2260,1064,1196,1712,807,905,261,118,143,48,19,29,239,120,119
MCLENNAN COUNTY,309,67 Years,1839,861,978,1359,642,717,216,93,123,45,16,29,219,110,109
MCLENNAN COUNTY,309,68 Years,1782,840,942,1331,635,696,222,97,125,32,13,19,197,95,102
MCLENNAN COUNTY,309,69 Years,1736,801,935,1303,623,680,202,81,121,29,8,21,202,89,113
MCLENNAN COUNTY,309,70 Years,1666,780,886,1271,604,667,190,81,109,31,15,16,174,80,94
MCLENNAN COUNTY,309,71 Years,1558,706,852,1205,555,650,168,65,103,36,18,18,149,68,81
MCLENNAN COUNTY,309,72 Years,1436,640,796,1104,497,607,162,72,90,27,9,18,143,62,81
MCLENNAN COUNTY,309,73 Years,1369,618,751,1049,479,570,156,68,88,25,9,16,139,62,77
MCLENNAN COUNTY,309,74 Years,1312,592,720,1016,473,543,145,54,91,20,8,12,131,57,74
MCLENNAN COUNTY,309,75 Years,1307,601,706,1002,471,531,154,63,91,24,10,14,127,57,70
MCLENNAN COUNTY,309,76 Years,1161,527,634,890,411,479,140,54,86,21,11,10,110,51,59
MCLENNAN COUNTY,309,77 Years,1153,494,659,896,391,505,127,49,78,19,10,9,111,44,67
MCLENNAN COUNTY,309,78 Years,1109,486,623,880,395,485,113,44,69,13,7,6,103,40,63
MCLENNAN COUNTY,309,79 Years,1045,433,612,827,348,479,105,37,68,14,7,7,99,41,58
MCLENNAN COUNTY,309,80 Years,971,403,568,765,319,446,109,41,68,10,3,7,87,40,47
MCLENNAN COUNTY,309,81 Years,908,388,520,721,308,413,95,39,56,14,5,9,78,36,42
MCLENNAN COUNTY,309,82 Years,866,363,503,689,284,405,101,45,56,9,3,6,67,31,36
MCLENNAN COUNTY,309,83 Years,846,342,504,675,268,407,100,40,60,6,2,4,65,32,33
MCLENNAN COUNTY,309,84 Years,807,326,481,644,259,385,97,40,57,7,2,5,59,25,34
MCLENNAN COUNTY,309,85 Years +,4426,1473,2953,3671,1236,2435,429,122,307,48,14,34,278,101,177
MCMULLEN COUNTY,311,All Ages,806,416,390,490,246,244,7,4,3,6,0,6,303,166,137
MCMULLEN COUNTY,311,< 1 Year,11,5,6,7,3,4,0,0,0,0,0,0,4,2,2
MCMULLEN COUNTY,311,1 Years,11,5,6,7,3,4,0,0,0,0,0,0,4,2,2
MCMULLEN COUNTY,311,2 Years,11,5,6,7,3,4,0,0,0,0,0,0,4,2,2
MCMULLEN COUNTY,311,3 Years,6,2,4,2,1,1,0,0,0,0,0,0,4,1,3
MCMULLEN COUNTY,311,4 Years,5,2,3,1,0,1,0,0,0,0,0,0,4,2,2
MCMULLEN COUNTY,311,5 Years,6,3,3,4,2,2,0,0,0,0,0,0,2,1,1
MCMULLEN COUNTY,311,6 Years,7,4,3,6,3,3,0,0,0,0,0,0,1,1,0
MCMULLEN COUNTY,311,7 Years,7,5,2,2,1,1,0,0,0,0,0,0,5,4,1
MCMULLEN COUNTY,311,8 Years,9,5,4,5,3,2,0,0,0,0,0,0,4,2,2
MCMULLEN COUNTY,311,9 Years,4,3,1,2,2,0,0,0,0,0,0,0,2,1,1
MCMULLEN COUNTY,311,10 Years,4,2,2,2,1,1,0,0,0,0,0,0,2,1,1
MCMULLEN COUNTY,311,11 Years,8,2,6,2,0,2,0,0,0,0,0,0,6,2,4
MCMULLEN COUNTY,311,12 Years,10,5,5,6,4,2,0,0,0,0,0,0,4,1,3
MCMULLEN COUNTY,311,13 Years,7,5,2,3,3,0,0,0,0,0,0,0,4,2,2
MCMULLEN COUNTY,311,14 Years,13,7,6,4,2,2,0,0,0,0,0,0,9,5,4
MCMULLEN COUNTY,311,15 Years,15,9,6,6,4,2,1,1,0,0,0,0,8,4,4
MCMULLEN COUNTY,311,16 Years,7,2,5,3,1,2,1,1,0,0,0,0,3,0,3
MCMULLEN COUNTY,311,17 Years,5,2,3,1,0,1,0,0,0,0,0,0,4,2,2
MCMULLEN COUNTY,311,18 Years,7,4,3,4,2,2,0,0,0,0,0,0,3,2,1
MCMULLEN COUNTY,311,19 Years,3,2,1,1,1,0,0,0,0,0,0,0,2,1,1
MCMULLEN COUNTY,311,20 Years,7,3,4,4,2,2,0,0,0,0,0,0,3,1,2
MCMULLEN COUNTY,311,21 Years,13,7,6,5,1,4,0,0,0,0,0,0,8,6,2
MCMULLEN COUNTY,311,22 Years,8,4,4,3,0,3,1,1,0,0,0,0,4,3,1
MCMULLEN COUNTY,311,23 Years,10,8,2,3,2,1,0,0,0,0,0,0,7,6,1
MCMULLEN COUNTY,311,24 Years,8,3,5,2,0,2,0,0,0,0,0,0,6,3,3
MCMULLEN COUNTY,311,25 Years,4,2,2,1,0,1,0,0,0,0,0,0,3,2,1
MCMULLEN COUNTY,311,26 Years,9,3,6,2,0,2,0,0,0,0,0,0,7,3,4
MCMULLEN COUNTY,311,27 Years,5,3,2,1,0,1,0,0,0,0,0,0,4,3,1
MCMULLEN COUNTY,311,28 Years,10,7,3,6,3,3,0,0,0,0,0,0,4,4,0
MCMULLEN COUNTY,311,29 Years,8,3,5,7,2,5,0,0,0,0,0,0,1,1,0
MCMULLEN COUNTY,311,30 Years,8,2,6,5,2,3,0,0,0,0,0,0,3,0,3
MCMULLEN COUNTY,311,31 Years,5,3,2,3,2,1,0,0,0,0,0,0,2,1,1
MCMULLEN COUNTY,311,32 Years,5,4,1,2,2,0,0,0,0,0,0,0,3,2,1
MCMULLEN COUNTY,311,33 Years,10,5,5,4,2,2,0,0,0,3,0,3,3,3,0
MCMULLEN COUNTY,311,34 Years,7,4,3,5,3,2,0,0,0,1,0,1,1,1,0
MCMULLEN COUNTY,311,35 Years,8,5,3,4,3,1,0,0,0,0,0,0,4,2,2
MCMULLEN COUNTY,311,36 Years,4,2,2,2,1,1,0,0,0,0,0,0,2,1,1
MCMULLEN COUNTY,311,37 Years,6,3,3,2,1,1,0,0,0,0,0,0,4,2,2
MCMULLEN COUNTY,311,38 Years,5,2,3,3,1,2,0,0,0,0,0,0,2,1,1
MCMULLEN COUNTY,311,39 Years,7,3,4,5,3,2,0,0,0,0,0,0,2,0,2
MCMULLEN COUNTY,311,40 Years,4,2,2,2,1,1,0,0,0,0,0,0,2,1,1
MCMULLEN COUNTY,311,41 Years,7,4,3,3,3,0,0,0,0,0,0,0,4,1,3
MCMULLEN COUNTY,311,42 Years,5,3,2,2,2,0,0,0,0,0,0,0,3,1,2
MCMULLEN COUNTY,311,43 Years,7,3,4,6,2,4,0,0,0,0,0,0,1,1,0
MCMULLEN COUNTY,311,44 Years,11,7,4,5,2,3,0,0,0,0,0,0,6,5,1
MCMULLEN COUNTY,311,45 Years,8,3,5,3,1,2,0,0,0,0,0,0,5,2,3
MCMULLEN COUNTY,311,46 Years,9,4,5,7,4,3,0,0,0,0,0,0,2,0,2
MCMULLEN COUNTY,311,47 Years,14,6,8,8,3,5,0,0,0,2,0,2,4,3,1
MCMULLEN COUNTY,311,48 Years,17,8,9,7,2,5,0,0,0,0,0,0,10,6,4
MCMULLEN COUNTY,311,49 Years,6,3,3,2,1,1,0,0,0,0,0,0,4,2,2
MCMULLEN COUNTY,311,50 Years,7,4,3,4,3,1,0,0,0,0,0,0,3,1,2
MCMULLEN COUNTY,311,51 Years,9,4,5,4,2,2,0,0,0,0,0,0,5,2,3
MCMULLEN COUNTY,311,52 Years,16,6,10,11,4,7,0,0,0,0,0,0,5,2,3
MCMULLEN COUNTY,311,53 Years,11,4,7,8,3,5,0,0,0,0,0,0,3,1,2
MCMULLEN COUNTY,311,54 Years,13,8,5,7,4,3,0,0,0,0,0,0,6,4,2
MCMULLEN COUNTY,311,55 Years,12,8,4,7,5,2,0,0,0,0,0,0,5,3,2
MCMULLEN COUNTY,311,56 Years,11,5,6,5,2,3,1,0,1,0,0,0,5,3,2
MCMULLEN COUNTY,311,57 Years,23,12,11,17,9,8,0,0,0,0,0,0,6,3,3
MCMULLEN COUNTY,311,58 Years,20,12,8,15,9,6,0,0,0,0,0,0,5,3,2
MCMULLEN COUNTY,311,59 Years,13,6,7,9,4,5,0,0,0,0,0,0,4,2,2
MCMULLEN COUNTY,311,60 Years,14,8,6,11,7,4,0,0,0,0,0,0,3,1,2
MCMULLEN COUNTY,311,61 Years,8,3,5,8,3,5,0,0,0,0,0,0,0,0,0
MCMULLEN COUNTY,311,62 Years,10,7,3,7,5,2,0,0,0,0,0,0,3,2,1
MCMULLEN COUNTY,311,63 Years,9,6,3,6,4,2,0,0,0,0,0,0,3,2,1
MCMULLEN COUNTY,311,64 Years,13,7,6,9,4,5,0,0,0,0,0,0,4,3,1
MCMULLEN COUNTY,311,65 Years,8,5,3,7,4,3,0,0,0,0,0,0,1,1,0
MCMULLEN COUNTY,311,66 Years,10,5,5,8,4,4,0,0,0,0,0,0,2,1,1
MCMULLEN COUNTY,311,67 Years,7,3,4,5,2,3,0,0,0,0,0,0,2,1,1
MCMULLEN COUNTY,311,68 Years,15,7,8,9,5,4,0,0,0,0,0,0,6,2,4
MCMULLEN COUNTY,311,69 Years,12,4,8,9,4,5,0,0,0,0,0,0,3,0,3
MCMULLEN COUNTY,311,70 Years,5,1,4,3,1,2,0,0,0,0,0,0,2,0,2
MCMULLEN COUNTY,311,71 Years,15,9,6,10,4,6,0,0,0,0,0,0,5,5,0
MCMULLEN COUNTY,311,72 Years,11,7,4,9,5,4,0,0,0,0,0,0,2,2,0
MCMULLEN COUNTY,311,73 Years,14,14,0,10,10,0,0,0,0,0,0,0,4,4,0
MCMULLEN COUNTY,311,74 Years,8,6,2,4,3,1,0,0,0,0,0,0,4,3,1
MCMULLEN COUNTY,311,75 Years,16,5,11,11,2,9,0,0,0,0,0,0,5,3,2
MCMULLEN COUNTY,311,76 Years,16,5,11,15,5,10,0,0,0,0,0,0,1,0,1
MCMULLEN COUNTY,311,77 Years,11,6,5,10,5,5,1,1,0,0,0,0,0,0,0
MCMULLEN COUNTY,311,78 Years,9,6,3,8,6,2,0,0,0,0,0,0,1,0,1
MCMULLEN COUNTY,311,79 Years,5,3,2,3,2,1,0,0,0,0,0,0,2,1,1
MCMULLEN COUNTY,311,80 Years,11,4,7,9,3,6,0,0,0,0,0,0,2,1,1
MCMULLEN COUNTY,311,81 Years,14,6,8,11,5,6,1,0,1,0,0,0,2,1,1
MCMULLEN COUNTY,311,82 Years,11,4,7,9,4,5,1,0,1,0,0,0,1,0,1
MCMULLEN COUNTY,311,83 Years,6,3,3,5,3,2,0,0,0,0,0,0,1,0,1
MCMULLEN COUNTY,311,84 Years,4,2,2,4,2,2,0,0,0,0,0,0,0,0,0
MCMULLEN COUNTY,311,85 Years +,18,13,5,14,9,5,0,0,0,0,0,0,4,4,0
MADISON COUNTY,313,All Ages,14091,8123,5968,8186,4339,3847,2732,1789,943,285,143,142,2888,1852,1036
MADISON COUNTY,313,< 1 Year,160,84,76,84,44,40,24,13,11,6,3,3,46,24,22
MADISON COUNTY,313,1 Years,159,82,77,87,44,43,23,12,11,6,3,3,43,23,20
MADISON COUNTY,313,2 Years,154,80,74,87,45,42,22,12,10,6,3,3,39,20,19
MADISON COUNTY,313,3 Years,162,85,77,84,47,37,23,11,12,11,5,6,44,22,22
MADISON COUNTY,313,4 Years,159,84,75,88,49,39,21,9,12,14,6,8,36,20,16
MADISON COUNTY,313,5 Years,162,83,79,79,41,38,23,12,11,13,4,9,47,26,21
MADISON COUNTY,313,6 Years,165,85,80,81,43,38,34,17,17,9,4,5,41,21,20
MADISON COUNTY,313,7 Years,163,75,88,78,34,44,36,13,23,6,4,2,43,24,19
MADISON COUNTY,313,8 Years,163,88,75,84,47,37,32,14,18,7,3,4,40,24,16
MADISON COUNTY,313,9 Years,159,85,74,87,48,39,26,15,11,9,2,7,37,20,17
MADISON COUNTY,313,10 Years,154,72,82,83,42,41,27,9,18,7,0,7,37,21,16
MADISON COUNTY,313,11 Years,176,92,84,85,49,36,35,19,16,5,3,2,51,21,30
MADISON COUNTY,313,12 Years,169,92,77,86,50,36,30,17,13,5,4,1,48,21,27
MADISON COUNTY,313,13 Years,174,85,89,96,48,48,29,11,18,4,4,0,45,22,23
MADISON COUNTY,313,14 Years,184,92,92,92,49,43,36,10,26,3,2,1,53,31,22
MADISON COUNTY,313,15 Years,191,93,98,106,53,53,35,13,22,5,2,3,45,25,20
MADISON COUNTY,313,16 Years,175,94,81,97,54,43,25,12,13,5,5,0,48,23,25
MADISON COUNTY,313,17 Years,158,82,76,76,40,36,27,12,15,4,3,1,51,27,24
MADISON COUNTY,313,18 Years,181,97,84,88,40,48,30,19,11,3,2,1,60,36,24
MADISON COUNTY,313,19 Years,233,148,85,90,47,43,62,46,16,3,2,1,78,53,25
MADISON COUNTY,313,20 Years,236,154,82,95,58,37,54,37,17,4,2,2,83,57,26
MADISON COUNTY,313,21 Years,248,172,76,98,66,32,59,48,11,2,1,1,89,57,32
MADISON COUNTY,313,22 Years,267,198,69,89,56,33,79,70,9,1,0,1,98,72,26
MADISON COUNTY,313,23 Years,279,212,67,110,76,34,69,58,11,1,1,0,99,77,22
MADISON COUNTY,313,24 Years,305,229,76,118,75,43,99,82,17,2,1,1,86,71,15
MADISON COUNTY,313,25 Years,305,241,64,107,71,36,106,90,16,1,0,1,91,80,11
MADISON COUNTY,313,26 Years,301,234,67,126,83,43,88,78,10,1,1,0,86,72,14
MADISON COUNTY,313,27 Years,225,171,54,98,60,38,71,68,3,3,2,1,53,41,12
MADISON COUNTY,313,28 Years,232,171,61,105,67,38,57,46,11,4,2,2,66,56,10
MADISON COUNTY,313,29 Years,239,167,72,110,68,42,64,52,12,6,3,3,59,44,15
MADISON COUNTY,313,30 Years,225,150,75,91,50,41,70,55,15,4,2,2,60,43,17
MADISON COUNTY,313,31 Years,223,162,61,102,65,37,58,47,11,4,3,1,59,47,12
MADISON COUNTY,313,32 Years,205,144,61,97,59,38,65,55,10,2,1,1,41,29,12
MADISON COUNTY,313,33 Years,212,142,70,104,65,39,43,32,11,3,2,1,62,43,19
MADISON COUNTY,313,34 Years,187,119,68,92,52,40,54,41,13,4,1,3,37,25,12
MADISON COUNTY,313,35 Years,211,144,67,97,53,44,65,53,12,3,2,1,46,36,10
MADISON COUNTY,313,36 Years,173,115,58,84,48,36,46,40,6,5,3,2,38,24,14
MADISON COUNTY,313,37 Years,178,118,60,85,49,36,42,37,5,4,2,2,47,30,17
MADISON COUNTY,313,38 Years,183,122,61,105,72,33,33,22,11,3,2,1,42,26,16
MADISON COUNTY,313,39 Years,176,103,73,86,42,44,48,33,15,1,1,0,41,27,14
MADISON COUNTY,313,40 Years,175,109,66,97,57,40,33,20,13,0,0,0,45,32,13
MADISON COUNTY,313,41 Years,174,103,71,92,49,43,32,24,8,3,1,2,47,29,18
MADISON COUNTY,313,42 Years,185,115,70,104,60,44,32,25,7,5,2,3,44,28,16
MADISON COUNTY,313,43 Years,189,109,80,118,63,55,34,23,11,2,1,1,35,22,13
MADISON COUNTY,313,44 Years,178,102,76,103,58,45,42,27,15,1,1,0,32,16,16
MADISON COUNTY,313,45 Years,167,99,68,94,50,44,36,23,13,5,4,1,32,22,10
MADISON COUNTY,313,46 Years,140,72,68,87,42,45,22,13,9,2,1,1,29,16,13
MADISON COUNTY,313,47 Years,157,88,69,107,58,49,25,15,10,2,1,1,23,14,9
MADISON COUNTY,313,48 Years,148,83,65,96,54,42,20,8,12,2,2,0,30,19,11
MADISON COUNTY,313,49 Years,153,76,77,92,45,47,25,15,10,6,3,3,30,13,17
MADISON COUNTY,313,50 Years,138,74,64,89,47,42,16,6,10,4,3,1,29,18,11
MADISON COUNTY,313,51 Years,151,74,77,104,47,57,22,13,9,2,1,1,23,13,10
MADISON COUNTY,313,52 Years,147,72,75,103,46,57,24,15,9,3,2,1,17,9,8
MADISON COUNTY,313,53 Years,148,70,78,103,45,58,24,12,12,1,1,0,20,12,8
MADISON COUNTY,313,54 Years,160,77,83,122,58,64,17,6,11,3,3,0,18,10,8
MADISON COUNTY,313,55 Years,169,87,82,138,72,66,10,3,7,2,1,1,19,11,8
MADISON COUNTY,313,56 Years,156,74,82,115,60,55,25,8,17,4,2,2,12,4,8
MADISON COUNTY,313,57 Years,146,76,70,112,60,52,22,8,14,1,1,0,11,7,4
MADISON COUNTY,313,58 Years,160,78,82,116,55,61,27,17,10,3,1,2,14,5,9
MADISON COUNTY,313,59 Years,160,74,86,113,56,57,26,10,16,4,1,3,17,7,10
MADISON COUNTY,313,60 Years,150,73,77,107,51,56,25,13,12,1,0,1,17,9,8
MADISON COUNTY,313,61 Years,142,68,74,111,51,60,17,10,7,3,0,3,11,7,4
MADISON COUNTY,313,62 Years,161,80,81,114,50,64,35,25,10,2,0,2,10,5,5
MADISON COUNTY,313,63 Years,144,69,75,116,53,63,17,11,6,2,0,2,9,5,4
MADISON COUNTY,313,64 Years,156,75,81,121,59,62,22,9,13,3,1,2,10,6,4
MADISON COUNTY,313,65 Years,147,70,77,127,60,67,13,5,8,1,1,0,6,4,2
MADISON COUNTY,313,66 Years,149,75,74,126,62,64,9,4,5,6,4,2,8,5,3
MADISON COUNTY,313,67 Years,125,62,63,102,49,53,12,8,4,4,2,2,7,3,4
MADISON COUNTY,313,68 Years,116,50,66,94,40,54,17,8,9,2,1,1,3,1,2
MADISON COUNTY,313,69 Years,117,54,63,102,45,57,10,5,5,0,0,0,5,4,1
MADISON COUNTY,313,70 Years,113,50,63,91,38,53,15,8,7,2,2,0,5,2,3
MADISON COUNTY,313,71 Years,117,60,57,95,50,45,12,5,7,2,1,1,8,4,4
MADISON COUNTY,313,72 Years,116,63,53,104,57,47,5,2,3,2,1,1,5,3,2
MADISON COUNTY,313,73 Years,121,62,59,104,55,49,11,5,6,2,0,2,4,2,2
MADISON COUNTY,313,74 Years,108,58,50,85,48,37,15,6,9,3,1,2,5,3,2
MADISON COUNTY,313,75 Years,88,50,38,73,43,30,8,2,6,1,1,0,6,4,2
MADISON COUNTY,313,76 Years,77,31,46,63,26,37,9,3,6,0,0,0,5,2,3
MADISON COUNTY,313,77 Years,81,39,42,68,32,36,7,4,3,2,0,2,4,3,1
MADISON COUNTY,313,78 Years,72,31,41,61,27,34,9,3,6,1,0,1,1,1,0
MADISON COUNTY,313,79 Years,66,31,35,59,28,31,5,2,3,0,0,0,2,1,1
MADISON COUNTY,313,80 Years,57,30,27,49,26,23,4,2,2,0,0,0,4,2,2
MADISON COUNTY,313,81 Years,55,25,30,43,23,20,11,2,9,0,0,0,1,0,1
MADISON COUNTY,313,82 Years,55,29,26,41,23,18,13,5,8,0,0,0,1,1,0
MADISON COUNTY,313,83 Years,48,25,23,41,21,20,5,2,3,0,0,0,2,2,0
MADISON COUNTY,313,84 Years,44,19,25,40,17,23,3,1,2,0,0,0,1,1,0
MADISON COUNTY,313,85 Years +,254,86,168,207,74,133,39,8,31,2,0,2,6,4,2
MARION COUNTY,315,All Ages,10482,5189,5293,7445,3759,3686,2344,1082,1262,350,176,174,343,172,171
MARION COUNTY,315,< 1 Year,101,50,51,62,31,31,24,12,12,8,4,4,7,3,4
MARION COUNTY,315,1 Years,101,52,49,62,32,30,23,12,11,8,4,4,8,4,4
MARION COUNTY,315,2 Years,103,54,49,64,33,31,23,12,11,9,5,4,7,4,3
MARION COUNTY,315,3 Years,109,54,55,59,27,32,32,17,15,10,4,6,8,6,2
MARION COUNTY,315,4 Years,100,52,48,55,25,30,31,19,12,6,2,4,8,6,2
MARION COUNTY,315,5 Years,117,60,57,72,38,34,23,11,12,10,7,3,12,4,8
MARION COUNTY,315,6 Years,103,50,53,67,32,35,22,11,11,5,3,2,9,4,5
MARION COUNTY,315,7 Years,102,54,48,63,34,29,26,14,12,5,3,2,8,3,5
MARION COUNTY,315,8 Years,95,46,49,59,28,31,24,13,11,6,3,3,6,2,4
MARION COUNTY,315,9 Years,92,49,43,59,34,25,24,12,12,4,2,2,5,1,4
MARION COUNTY,315,10 Years,98,53,45,72,37,35,20,13,7,2,1,1,4,2,2
MARION COUNTY,315,11 Years,104,54,50,68,38,30,30,14,16,1,1,0,5,1,4
MARION COUNTY,315,12 Years,101,58,43,65,41,24,27,12,15,5,3,2,4,2,2
MARION COUNTY,315,13 Years,103,53,50,62,34,28,32,13,19,6,4,2,3,2,1
MARION COUNTY,315,14 Years,111,62,49,61,35,26,41,20,21,4,3,1,5,4,1
MARION COUNTY,315,15 Years,127,78,49,78,50,28,36,18,18,5,4,1,8,6,2
MARION COUNTY,315,16 Years,117,66,51,80,48,32,23,9,14,8,5,3,6,4,2
MARION COUNTY,315,17 Years,116,66,50,71,40,31,30,15,15,6,4,2,9,7,2
MARION COUNTY,315,18 Years,114,64,50,58,32,26,39,21,18,5,3,2,12,8,4
MARION COUNTY,315,19 Years,105,54,51,62,29,33,28,13,15,6,4,2,9,8,1
MARION COUNTY,315,20 Years,106,59,47,67,38,29,27,13,14,5,3,2,7,5,2
MARION COUNTY,315,21 Years,113,63,50,75,42,33,29,17,12,4,2,2,5,2,3
MARION COUNTY,315,22 Years,102,55,47,73,41,32,21,9,12,2,2,0,6,3,3
MARION COUNTY,315,23 Years,85,40,45,60,31,29,19,7,12,1,1,0,5,1,4
MARION COUNTY,315,24 Years,80,42,38,46,24,22,27,13,14,3,2,1,4,3,1
MARION COUNTY,315,25 Years,99,50,49,63,34,29,23,10,13,5,3,2,8,3,5
MARION COUNTY,315,26 Years,103,46,57,67,34,33,25,7,18,6,3,3,5,2,3
MARION COUNTY,315,27 Years,99,51,48,73,40,33,20,8,12,4,2,2,2,1,1
MARION COUNTY,315,28 Years,81,36,45,66,31,35,13,4,9,2,1,1,0,0,0
MARION COUNTY,315,29 Years,81,36,45,59,28,31,13,5,8,4,1,3,5,2,3
MARION COUNTY,315,30 Years,94,39,55,51,22,29,30,11,19,7,3,4,6,3,3
MARION COUNTY,315,31 Years,91,39,52,57,26,31,26,11,15,3,1,2,5,1,4
MARION COUNTY,315,32 Years,85,41,44,58,28,30,22,11,11,3,2,1,2,0,2
MARION COUNTY,315,33 Years,99,47,52,66,29,37,27,13,14,5,4,1,1,1,0
MARION COUNTY,315,34 Years,82,39,43,59,28,31,19,9,10,1,1,0,3,1,2
MARION COUNTY,315,35 Years,76,34,42,56,25,31,17,7,10,0,0,0,3,2,1
MARION COUNTY,315,36 Years,96,52,44,65,36,29,20,10,10,6,3,3,5,3,2
MARION COUNTY,315,37 Years,96,48,48,68,37,31,20,9,11,2,1,1,6,1,5
MARION COUNTY,315,38 Years,79,39,40,56,27,29,14,7,7,3,2,1,6,3,3
MARION COUNTY,315,39 Years,87,45,42,65,32,33,16,9,7,3,1,2,3,3,0
MARION COUNTY,315,40 Years,99,46,53,70,38,32,20,5,15,3,1,2,6,2,4
MARION COUNTY,315,41 Years,101,39,62,72,30,42,17,4,13,3,0,3,9,5,4
MARION COUNTY,315,42 Years,117,56,61,82,42,40,24,11,13,6,1,5,5,2,3
MARION COUNTY,315,43 Years,112,60,52,79,44,35,25,14,11,3,1,2,5,1,4
MARION COUNTY,315,44 Years,110,53,57,77,38,39,27,14,13,3,0,3,3,1,2
MARION COUNTY,315,45 Years,116,60,56,85,46,39,26,11,15,3,1,2,2,2,0
MARION COUNTY,315,46 Years,131,66,65,94,48,46,31,14,17,3,2,1,3,2,1
MARION COUNTY,315,47 Years,155,79,76,105,54,51,37,17,20,7,4,3,6,4,2
MARION COUNTY,315,48 Years,152,78,74,109,57,52,36,17,19,4,2,2,3,2,1
MARION COUNTY,315,49 Years,152,80,72,111,58,53,35,19,16,4,2,2,2,1,1
MARION COUNTY,315,50 Years,153,77,76,112,56,56,32,17,15,6,3,3,3,1,2
MARION COUNTY,315,51 Years,176,86,90,131,66,65,38,18,20,3,2,1,4,0,4
MARION COUNTY,315,52 Years,188,85,103,140,71,69,39,12,27,6,2,4,3,0,3
MARION COUNTY,315,53 Years,210,109,101,152,84,68,49,21,28,6,4,2,3,0,3
MARION COUNTY,315,54 Years,202,98,104,144,72,72,49,19,30,5,4,1,4,3,1
MARION COUNTY,315,55 Years,180,83,97,131,64,67,40,14,26,5,2,3,4,3,1
MARION COUNTY,315,56 Years,175,95,80,124,67,57,39,19,20,5,2,3,7,7,0
MARION COUNTY,315,57 Years,169,92,77,122,64,58,37,23,14,6,3,3,4,2,2
MARION COUNTY,315,58 Years,177,88,89,130,64,66,37,20,17,7,3,4,3,1,2
MARION COUNTY,315,59 Years,182,77,105,131,56,75,45,20,25,5,1,4,1,0,1
MARION COUNTY,315,60 Years,167,82,85,120,58,62,40,22,18,4,1,3,3,1,2
MARION COUNTY,315,61 Years,162,78,84,126,62,64,32,15,17,3,1,2,1,0,1
MARION COUNTY,315,62 Years,178,82,96,127,62,65,46,19,27,5,1,4,0,0,0
MARION COUNTY,315,63 Years,191,98,93,136,70,66,49,25,24,5,3,2,1,0,1
MARION COUNTY,315,64 Years,194,101,93,147,78,69,39,18,21,4,2,2,4,3,1
MARION COUNTY,315,65 Years,201,91,110,161,74,87,33,14,19,4,2,2,3,1,2
MARION COUNTY,315,66 Years,206,99,107,165,80,85,35,16,19,4,3,1,2,0,2
MARION COUNTY,315,67 Years,176,83,93,139,66,73,32,15,17,4,2,2,1,0,1
MARION COUNTY,315,68 Years,154,78,76,118,60,58,31,16,15,5,2,3,0,0,0
MARION COUNTY,315,69 Years,149,72,77,123,59,64,23,12,11,2,1,1,1,0,1
MARION COUNTY,315,70 Years,140,70,70,116,57,59,22,12,10,2,1,1,0,0,0
MARION COUNTY,315,71 Years,140,75,65,107,57,50,28,16,12,2,0,2,3,2,1
MARION COUNTY,315,72 Years,146,67,79,116,56,60,26,10,16,3,1,2,1,0,1
MARION COUNTY,315,73 Years,128,68,60,106,58,48,20,9,11,1,1,0,1,0,1
MARION COUNTY,315,74 Years,122,60,62,98,50,48,22,10,12,1,0,1,1,0,1
MARION COUNTY,315,75 Years,110,53,57,87,46,41,19,6,13,3,1,2,1,0,1
MARION COUNTY,315,76 Years,89,36,53,71,29,42,15,7,8,2,0,2,1,0,1
MARION COUNTY,315,77 Years,111,45,66,92,38,54,15,6,9,2,1,1,2,0,2
MARION COUNTY,315,78 Years,81,43,38,59,34,25,17,6,11,2,1,1,3,2,1
MARION COUNTY,315,79 Years,83,41,42,62,32,30,18,7,11,2,1,1,1,1,0
MARION COUNTY,315,80 Years,72,31,41,55,25,30,15,5,10,2,1,1,0,0,0
MARION COUNTY,315,81 Years,71,35,36,57,30,27,12,4,8,1,0,1,1,1,0
MARION COUNTY,315,82 Years,54,27,27,43,21,22,10,5,5,0,0,0,1,1,0
MARION COUNTY,315,83 Years,53,20,33,41,15,26,12,5,7,0,0,0,0,0,0
MARION COUNTY,315,84 Years,49,19,30,41,18,23,8,1,7,0,0,0,0,0,0
MARION COUNTY,315,85 Years +,245,98,147,182,74,108,56,21,35,6,3,3,1,0,1
MARTIN COUNTY,317,All Ages,5331,2696,2635,2809,1411,1398,71,35,36,73,41,32,2378,1209,1169
MARTIN COUNTY,317,< 1 Year,92,51,41,38,20,18,1,1,0,1,1,0,52,29,23
MARTIN COUNTY,317,1 Years,87,44,43,38,19,19,1,0,1,0,0,0,48,25,23
MARTIN COUNTY,317,2 Years,83,41,42,37,18,19,1,0,1,0,0,0,45,23,22
MARTIN COUNTY,317,3 Years,92,49,43,41,24,17,3,1,2,0,0,0,48,24,24
MARTIN COUNTY,317,4 Years,85,43,42,35,18,17,4,3,1,2,1,1,44,21,23
MARTIN COUNTY,317,5 Years,77,41,36,30,17,13,3,2,1,1,1,0,43,21,22
MARTIN COUNTY,317,6 Years,83,48,35,34,19,15,2,0,2,3,2,1,44,27,17
MARTIN COUNTY,317,7 Years,82,46,36,33,18,15,3,2,1,1,1,0,45,25,20
MARTIN COUNTY,317,8 Years,85,49,36,35,18,17,3,3,0,0,0,0,47,28,19
MARTIN COUNTY,317,9 Years,85,49,36,37,19,18,3,2,1,0,0,0,45,28,17
MARTIN COUNTY,317,10 Years,86,40,46,37,17,20,1,0,1,1,1,0,47,22,25
MARTIN COUNTY,317,11 Years,74,37,37,31,18,13,0,0,0,2,1,1,41,18,23
MARTIN COUNTY,317,12 Years,87,45,42,38,21,17,1,1,0,2,0,2,46,23,23
MARTIN COUNTY,317,13 Years,86,42,44,40,21,19,1,0,1,3,2,1,42,19,23
MARTIN COUNTY,317,14 Years,85,42,43,36,22,14,2,0,2,4,2,2,43,18,25
MARTIN COUNTY,317,15 Years,87,46,41,43,23,20,1,0,1,1,1,0,42,22,20
MARTIN COUNTY,317,16 Years,88,44,44,48,23,25,0,0,0,0,0,0,40,21,19
MARTIN COUNTY,317,17 Years,86,47,39,44,25,19,0,0,0,1,0,1,41,22,19
MARTIN COUNTY,317,18 Years,81,42,39,40,20,20,0,0,0,1,1,0,40,21,19
MARTIN COUNTY,317,19 Years,78,43,35,33,19,14,0,0,0,2,2,0,43,22,21
MARTIN COUNTY,317,20 Years,96,49,47,47,26,21,1,0,1,1,1,0,47,22,25
MARTIN COUNTY,317,21 Years,83,42,41,32,17,15,0,0,0,4,3,1,47,22,25
MARTIN COUNTY,317,22 Years,65,32,33,31,14,17,1,0,1,2,2,0,31,16,15
MARTIN COUNTY,317,23 Years,68,35,33,25,13,12,3,0,3,1,0,1,39,22,17
MARTIN COUNTY,317,24 Years,61,31,30,23,12,11,2,0,2,0,0,0,36,19,17
MARTIN COUNTY,317,25 Years,51,26,25,24,13,11,1,0,1,0,0,0,26,13,13
MARTIN COUNTY,317,26 Years,65,29,36,25,12,13,2,2,0,0,0,0,38,15,23
MARTIN COUNTY,317,27 Years,66,30,36,28,14,14,3,1,2,0,0,0,35,15,20
MARTIN COUNTY,317,28 Years,71,32,39,31,16,15,2,1,1,0,0,0,38,15,23
MARTIN COUNTY,317,29 Years,70,37,33,33,20,13,1,1,0,1,0,1,35,16,19
MARTIN COUNTY,317,30 Years,61,35,26,33,20,13,1,1,0,1,1,0,26,13,13
MARTIN COUNTY,317,31 Years,55,29,26,33,16,17,0,0,0,1,1,0,21,12,9
MARTIN COUNTY,317,32 Years,44,19,25,26,9,17,0,0,0,0,0,0,18,10,8
MARTIN COUNTY,317,33 Years,61,33,28,31,15,16,1,1,0,0,0,0,29,17,12
MARTIN COUNTY,317,34 Years,64,36,28,28,13,15,0,0,0,0,0,0,36,23,13
MARTIN COUNTY,317,35 Years,56,26,30,27,13,14,0,0,0,0,0,0,29,13,16
MARTIN COUNTY,317,36 Years,55,29,26,26,14,12,0,0,0,0,0,0,29,15,14
MARTIN COUNTY,317,37 Years,53,29,24,25,13,12,0,0,0,0,0,0,28,16,12
MARTIN COUNTY,317,38 Years,55,27,28,29,14,15,1,1,0,0,0,0,25,12,13
MARTIN COUNTY,317,39 Years,63,31,32,28,13,15,1,0,1,0,0,0,34,18,16
MARTIN COUNTY,317,40 Years,67,35,32,34,15,19,1,0,1,0,0,0,32,20,12
MARTIN COUNTY,317,41 Years,71,32,39,34,15,19,0,0,0,1,0,1,36,17,19
MARTIN COUNTY,317,42 Years,67,32,35,38,15,23,2,1,1,0,0,0,27,16,11
MARTIN COUNTY,317,43 Years,61,31,30,40,20,20,0,0,0,1,0,1,20,11,9
MARTIN COUNTY,317,44 Years,63,31,32,31,17,14,0,0,0,0,0,0,32,14,18
MARTIN COUNTY,317,45 Years,71,31,40,32,13,19,1,1,0,0,0,0,38,17,21
MARTIN COUNTY,317,46 Years,60,28,32,26,12,14,0,0,0,0,0,0,34,16,18
MARTIN COUNTY,317,47 Years,69,37,32,33,20,13,0,0,0,1,0,1,35,17,18
MARTIN COUNTY,317,48 Years,65,36,29,38,20,18,0,0,0,0,0,0,27,16,11
MARTIN COUNTY,317,49 Years,83,47,36,49,28,21,0,0,0,1,1,0,33,18,15
MARTIN COUNTY,317,50 Years,78,41,37,41,23,18,1,0,1,1,1,0,35,17,18
MARTIN COUNTY,317,51 Years,78,42,36,49,28,21,1,1,0,2,1,1,26,12,14
MARTIN COUNTY,317,52 Years,68,33,35,47,25,22,1,1,0,2,1,1,18,6,12
MARTIN COUNTY,317,53 Years,79,36,43,46,18,28,0,0,0,1,0,1,32,18,14
MARTIN COUNTY,317,54 Years,61,26,35,40,16,24,0,0,0,0,0,0,21,10,11
MARTIN COUNTY,317,55 Years,71,31,40,49,20,29,0,0,0,0,0,0,22,11,11
MARTIN COUNTY,317,56 Years,73,34,39,49,24,25,1,0,1,0,0,0,23,10,13
MARTIN COUNTY,317,57 Years,66,33,33,41,22,19,1,1,0,1,1,0,23,9,14
MARTIN COUNTY,317,58 Years,65,38,27,40,24,16,0,0,0,3,2,1,22,12,10
MARTIN COUNTY,317,59 Years,64,35,29,46,25,21,0,0,0,0,0,0,18,10,8
MARTIN COUNTY,317,60 Years,59,30,29,42,19,23,0,0,0,3,3,0,14,8,6
MARTIN COUNTY,317,61 Years,54,23,31,35,14,21,1,0,1,3,1,2,15,8,7
MARTIN COUNTY,317,62 Years,50,25,25,30,14,16,0,0,0,2,0,2,18,11,7
MARTIN COUNTY,317,63 Years,57,31,26,39,23,16,0,0,0,2,0,2,16,8,8
MARTIN COUNTY,317,64 Years,54,29,25,36,20,16,0,0,0,2,1,1,16,8,8
MARTIN COUNTY,317,65 Years,50,24,26,32,18,14,0,0,0,2,0,2,16,6,10
MARTIN COUNTY,317,66 Years,50,25,25,31,17,14,2,2,0,2,2,0,15,4,11
MARTIN COUNTY,317,67 Years,48,18,30,26,9,17,1,1,0,1,1,0,20,7,13
MARTIN COUNTY,317,68 Years,56,27,29,35,15,20,1,1,0,0,0,0,20,11,9
MARTIN COUNTY,317,69 Years,51,26,25,31,17,14,2,1,1,2,1,1,16,7,9
MARTIN COUNTY,317,70 Years,43,20,23,24,8,16,0,0,0,1,1,0,18,11,7
MARTIN COUNTY,317,71 Years,32,12,20,23,8,15,0,0,0,0,0,0,9,4,5
MARTIN COUNTY,317,72 Years,31,13,18,20,8,12,2,1,1,0,0,0,9,4,5
MARTIN COUNTY,317,73 Years,29,12,17,20,8,12,0,0,0,1,0,1,8,4,4
MARTIN COUNTY,317,74 Years,32,15,17,23,11,12,0,0,0,0,0,0,9,4,5
MARTIN COUNTY,317,75 Years,27,14,13,19,9,10,0,0,0,0,0,0,8,5,3
MARTIN COUNTY,317,76 Years,30,15,15,19,8,11,0,0,0,0,0,0,11,7,4
MARTIN COUNTY,317,77 Years,28,14,14,18,10,8,0,0,0,0,0,0,10,4,6
MARTIN COUNTY,317,78 Years,26,16,10,18,11,7,0,0,0,0,0,0,8,5,3
MARTIN COUNTY,317,79 Years,24,12,12,20,10,10,0,0,0,0,0,0,4,2,2
MARTIN COUNTY,317,80 Years,20,13,7,15,9,6,0,0,0,0,0,0,5,4,1
MARTIN COUNTY,317,81 Years,14,8,6,12,6,6,0,0,0,0,0,0,2,2,0
MARTIN COUNTY,317,82 Years,16,6,10,13,4,9,0,0,0,1,0,1,2,2,0
MARTIN COUNTY,317,83 Years,20,9,11,16,6,10,1,1,0,0,0,0,3,2,1
MARTIN COUNTY,317,84 Years,17,6,11,13,4,9,0,0,0,0,0,0,4,2,2
MARTIN COUNTY,317,85 Years +,81,38,43,63,29,34,2,0,2,1,0,1,15,9,6
MASON COUNTY,319,All Ages,4156,2056,2100,3165,1526,1639,13,8,5,49,26,23,929,496,433
MASON COUNTY,319,< 1 Year,36,19,17,23,12,11,0,0,0,0,0,0,13,7,6
MASON COUNTY,319,1 Years,36,19,17,23,12,11,0,0,0,0,0,0,13,7,6
MASON COUNTY,319,2 Years,36,19,17,23,12,11,0,0,0,0,0,0,13,7,6
MASON COUNTY,319,3 Years,34,19,15,21,11,10,1,1,0,0,0,0,12,7,5
MASON COUNTY,319,4 Years,37,20,17,26,13,13,0,0,0,0,0,0,11,7,4
MASON COUNTY,319,5 Years,47,23,24,29,15,14,0,0,0,1,0,1,17,8,9
MASON COUNTY,319,6 Years,45,26,19,31,16,15,0,0,0,1,1,0,13,9,4
MASON COUNTY,319,7 Years,41,25,16,26,16,10,0,0,0,0,0,0,15,9,6
MASON COUNTY,319,8 Years,43,20,23,25,12,13,1,1,0,1,0,1,16,7,9
MASON COUNTY,319,9 Years,42,22,20,33,16,17,1,1,0,0,0,0,8,5,3
MASON COUNTY,319,10 Years,44,25,19,26,15,11,0,0,0,1,1,0,17,9,8
MASON COUNTY,319,11 Years,59,29,30,45,21,24,0,0,0,0,0,0,14,8,6
MASON COUNTY,319,12 Years,42,20,22,31,16,15,0,0,0,1,1,0,10,3,7
MASON COUNTY,319,13 Years,53,30,23,35,20,15,0,0,0,1,1,0,17,9,8
MASON COUNTY,319,14 Years,68,28,40,47,20,27,0,0,0,1,1,0,20,7,13
MASON COUNTY,319,15 Years,56,26,30,42,17,25,0,0,0,2,1,1,12,8,4
MASON COUNTY,319,16 Years,51,24,27,31,12,19,0,0,0,1,1,0,19,11,8
MASON COUNTY,319,17 Years,58,30,28,34,16,18,0,0,0,1,0,1,23,14,9
MASON COUNTY,319,18 Years,54,32,22,33,19,14,0,0,0,1,0,1,20,13,7
MASON COUNTY,319,19 Years,47,25,22,30,17,13,0,0,0,0,0,0,17,8,9
MASON COUNTY,319,20 Years,44,29,15,26,16,10,0,0,0,1,1,0,17,12,5
MASON COUNTY,319,21 Years,45,25,20,27,12,15,1,1,0,1,1,0,16,11,5
MASON COUNTY,319,22 Years,35,21,14,19,10,9,0,0,0,0,0,0,16,11,5
MASON COUNTY,319,23 Years,22,14,8,13,8,5,0,0,0,1,1,0,8,5,3
MASON COUNTY,319,24 Years,27,16,11,15,10,5,1,0,1,1,1,0,10,5,5
MASON COUNTY,319,25 Years,32,18,14,20,12,8,0,0,0,1,1,0,11,5,6
MASON COUNTY,319,26 Years,34,20,14,18,8,10,0,0,0,0,0,0,16,12,4
MASON COUNTY,319,27 Years,22,14,8,13,7,6,0,0,0,0,0,0,9,7,2
MASON COUNTY,319,28 Years,28,11,17,15,5,10,0,0,0,0,0,0,13,6,7
MASON COUNTY,319,29 Years,23,13,10,15,9,6,0,0,0,0,0,0,8,4,4
MASON COUNTY,319,30 Years,21,9,12,12,5,7,2,0,2,0,0,0,7,4,3
MASON COUNTY,319,31 Years,28,13,15,20,9,11,0,0,0,0,0,0,8,4,4
MASON COUNTY,319,32 Years,36,16,20,26,11,15,0,0,0,1,0,1,9,5,4
MASON COUNTY,319,33 Years,29,14,15,21,9,12,0,0,0,1,0,1,7,5,2
MASON COUNTY,319,34 Years,30,12,18,22,9,13,0,0,0,0,0,0,8,3,5
MASON COUNTY,319,35 Years,31,10,21,26,8,18,0,0,0,0,0,0,5,2,3
MASON COUNTY,319,36 Years,40,18,22,30,14,16,0,0,0,1,1,0,9,3,6
MASON COUNTY,319,37 Years,49,25,24,33,19,14,0,0,0,2,1,1,14,5,9
MASON COUNTY,319,38 Years,33,20,13,22,17,5,0,0,0,1,0,1,10,3,7
MASON COUNTY,319,39 Years,31,15,16,22,11,11,0,0,0,0,0,0,9,4,5
MASON COUNTY,319,40 Years,40,21,19,30,15,15,1,1,0,0,0,0,9,5,4
MASON COUNTY,319,41 Years,46,22,24,38,18,20,0,0,0,1,1,0,7,3,4
MASON COUNTY,319,42 Years,46,21,25,30,14,16,0,0,0,1,0,1,15,7,8
MASON COUNTY,319,43 Years,51,25,26,35,18,17,0,0,0,2,1,1,14,6,8
MASON COUNTY,319,44 Years,43,23,20,30,16,14,0,0,0,0,0,0,13,7,6
MASON COUNTY,319,45 Years,40,19,21,29,13,16,0,0,0,0,0,0,11,6,5
MASON COUNTY,319,46 Years,45,19,26,28,14,14,1,0,1,1,0,1,15,5,10
MASON COUNTY,319,47 Years,50,27,23,32,16,16,0,0,0,0,0,0,18,11,7
MASON COUNTY,319,48 Years,42,17,25,26,10,16,0,0,0,0,0,0,16,7,9
MASON COUNTY,319,49 Years,45,19,26,32,13,19,0,0,0,0,0,0,13,6,7
MASON COUNTY,319,50 Years,63,26,37,43,16,27,0,0,0,1,0,1,19,10,9
MASON COUNTY,319,51 Years,66,31,35,48,22,26,2,2,0,1,0,1,15,7,8
MASON COUNTY,319,52 Years,68,38,30,47,24,23,1,1,0,1,1,0,19,12,7
MASON COUNTY,319,53 Years,64,41,23,50,34,16,0,0,0,1,1,0,13,6,7
MASON COUNTY,319,54 Years,58,33,25,48,27,21,0,0,0,0,0,0,10,6,4
MASON COUNTY,319,55 Years,70,33,37,56,28,28,0,0,0,0,0,0,14,5,9
MASON COUNTY,319,56 Years,74,37,37,63,32,31,0,0,0,0,0,0,11,5,6
MASON COUNTY,319,57 Years,64,32,32,45,20,25,0,0,0,0,0,0,19,12,7
MASON COUNTY,319,58 Years,57,29,28,46,21,25,0,0,0,1,1,0,10,7,3
MASON COUNTY,319,59 Years,67,33,34,56,27,29,0,0,0,0,0,0,11,6,5
MASON COUNTY,319,60 Years,68,32,36,58,27,31,0,0,0,0,0,0,10,5,5
MASON COUNTY,319,61 Years,66,32,34,60,28,32,0,0,0,0,0,0,6,4,2
MASON COUNTY,319,62 Years,64,31,33,57,26,31,0,0,0,0,0,0,7,5,2
MASON COUNTY,319,63 Years,69,36,33,65,33,32,0,0,0,0,0,0,4,3,1
MASON COUNTY,319,64 Years,80,33,47,72,28,44,0,0,0,1,1,0,7,4,3
MASON COUNTY,319,65 Years,73,35,38,66,31,35,0,0,0,1,0,1,6,4,2
MASON COUNTY,319,66 Years,90,46,44,80,42,38,0,0,0,0,0,0,10,4,6
MASON COUNTY,319,67 Years,75,36,39,64,34,30,0,0,0,1,0,1,10,2,8
MASON COUNTY,319,68 Years,71,35,36,64,33,31,0,0,0,0,0,0,7,2,5
MASON COUNTY,319,69 Years,71,31,40,63,28,35,0,0,0,1,0,1,7,3,4
MASON COUNTY,319,70 Years,65,26,39,59,24,35,0,0,0,1,0,1,5,2,3
MASON COUNTY,319,71 Years,71,34,37,62,28,34,0,0,0,1,1,0,8,5,3
MASON COUNTY,319,72 Years,64,34,30,58,30,28,0,0,0,1,1,0,5,3,2
MASON COUNTY,319,73 Years,62,28,34,54,22,32,0,0,0,0,0,0,8,6,2
MASON COUNTY,319,74 Years,48,25,23,44,21,23,0,0,0,0,0,0,4,4,0
MASON COUNTY,319,75 Years,40,18,22,36,16,20,0,0,0,1,0,1,3,2,1
MASON COUNTY,319,76 Years,45,23,22,40,21,19,0,0,0,1,0,1,4,2,2
MASON COUNTY,319,77 Years,40,24,16,31,18,13,0,0,0,1,1,0,8,5,3
MASON COUNTY,319,78 Years,40,18,22,35,14,21,0,0,0,1,1,0,4,3,1
MASON COUNTY,319,79 Years,36,20,16,32,17,15,0,0,0,1,1,0,3,2,1
MASON COUNTY,319,80 Years,27,13,14,23,10,13,0,0,0,1,1,0,3,2,1
MASON COUNTY,319,81 Years,28,10,18,25,9,16,0,0,0,0,0,0,3,1,2
MASON COUNTY,319,82 Years,23,10,13,21,10,11,0,0,0,0,0,0,2,0,2
MASON COUNTY,319,83 Years,25,11,14,23,11,12,0,0,0,1,0,1,1,0,1
MASON COUNTY,319,84 Years,21,7,14,18,7,11,0,0,0,2,0,2,1,0,1
MASON COUNTY,319,85 Years +,126,48,78,114,43,71,1,0,1,0,0,0,11,5,6
MATAGORDA COUNTY,321,All Ages,36541,18382,18159,16758,8363,8395,4009,1924,2085,1203,610,593,14571,7485,7086
MATAGORDA COUNTY,321,< 1 Year,522,270,252,174,89,85,50,26,24,16,8,8,282,147,135
MATAGORDA COUNTY,321,1 Years,520,264,256,173,88,85,50,25,25,12,6,6,285,145,140
MATAGORDA COUNTY,321,2 Years,512,261,251,174,89,85,49,25,24,12,6,6,277,141,136
MATAGORDA COUNTY,321,3 Years,506,245,261,149,78,71,58,25,33,11,5,6,288,137,151
MATAGORDA COUNTY,321,4 Years,488,266,222,136,71,65,48,25,23,23,11,12,281,159,122
MATAGORDA COUNTY,321,5 Years,504,258,246,157,76,81,46,24,22,18,9,9,283,149,134
MATAGORDA COUNTY,321,6 Years,525,273,252,148,72,76,61,33,28,20,11,9,296,157,139
MATAGORDA COUNTY,321,7 Years,502,261,241,145,79,66,47,22,25,19,8,11,291,152,139
MATAGORDA COUNTY,321,8 Years,499,260,239,152,75,77,43,21,22,20,11,9,284,153,131
MATAGORDA COUNTY,321,9 Years,476,243,233,148,70,78,40,21,19,21,11,10,267,141,126
MATAGORDA COUNTY,321,10 Years,527,283,244,183,102,81,46,23,23,23,11,12,275,147,128
MATAGORDA COUNTY,321,11 Years,500,275,225,176,94,82,52,31,21,20,8,12,252,142,110
MATAGORDA COUNTY,321,12 Years,531,285,246,183,94,89,49,31,18,23,13,10,276,147,129
MATAGORDA COUNTY,321,13 Years,540,288,252,173,89,84,52,33,19,24,13,11,291,153,138
MATAGORDA COUNTY,321,14 Years,524,275,249,170,91,79,63,32,31,28,16,12,263,136,127
MATAGORDA COUNTY,321,15 Years,543,287,256,179,90,89,64,38,26,20,11,9,280,148,132
MATAGORDA COUNTY,321,16 Years,526,269,257,178,95,83,66,31,35,18,8,10,264,135,129
MATAGORDA COUNTY,321,17 Years,540,272,268,175,87,88,65,29,36,25,14,11,275,142,133
MATAGORDA COUNTY,321,18 Years,521,285,236,186,101,85,62,30,32,18,11,7,255,143,112
MATAGORDA COUNTY,321,19 Years,503,262,241,162,82,80,64,35,29,20,9,11,257,136,121
MATAGORDA COUNTY,321,20 Years,548,284,264,180,93,87,71,39,32,24,13,11,273,139,134
MATAGORDA COUNTY,321,21 Years,512,264,248,168,79,89,58,35,23,20,11,9,266,139,127
MATAGORDA COUNTY,321,22 Years,461,256,205,145,82,63,55,31,24,18,12,6,243,131,112
MATAGORDA COUNTY,321,23 Years,454,233,221,154,74,80,60,33,27,13,9,4,227,117,110
MATAGORDA COUNTY,321,24 Years,439,211,228,148,76,72,62,26,36,7,5,2,222,104,118
MATAGORDA COUNTY,321,25 Years,445,215,230,157,80,77,52,20,32,13,6,7,223,109,114
MATAGORDA COUNTY,321,26 Years,411,207,204,150,70,80,35,18,17,14,6,8,212,113,99
MATAGORDA COUNTY,321,27 Years,400,208,192,141,73,68,49,25,24,9,4,5,201,106,95
MATAGORDA COUNTY,321,28 Years,421,210,211,178,76,102,40,23,17,11,6,5,192,105,87
MATAGORDA COUNTY,321,29 Years,401,193,208,153,71,82,48,25,23,16,7,9,184,90,94
MATAGORDA COUNTY,321,30 Years,387,193,194,137,63,74,41,18,23,10,5,5,199,107,92
MATAGORDA COUNTY,321,31 Years,400,208,192,159,87,72,32,12,20,9,4,5,200,105,95
MATAGORDA COUNTY,321,32 Years,399,208,191,162,84,78,35,15,20,8,3,5,194,106,88
MATAGORDA COUNTY,321,33 Years,439,232,207,172,94,78,38,12,26,10,5,5,219,121,98
MATAGORDA COUNTY,321,34 Years,393,192,201,139,68,71,34,17,17,12,6,6,208,101,107
MATAGORDA COUNTY,321,35 Years,381,187,194,144,66,78,29,15,14,10,5,5,198,101,97
MATAGORDA COUNTY,321,36 Years,387,190,197,148,73,75,34,15,19,10,3,7,195,99,96
MATAGORDA COUNTY,321,37 Years,380,185,195,147,67,80,42,22,20,10,6,4,181,90,91
MATAGORDA COUNTY,321,38 Years,374,178,196,148,64,84,40,20,20,12,6,6,174,88,86
MATAGORDA COUNTY,321,39 Years,350,159,191,141,62,79,36,13,23,13,6,7,160,78,82
MATAGORDA COUNTY,321,40 Years,372,165,207,147,64,83,30,11,19,13,4,9,182,86,96
MATAGORDA COUNTY,321,41 Years,395,196,199,167,85,82,37,17,20,18,8,10,173,86,87
MATAGORDA COUNTY,321,42 Years,402,200,202,178,92,86,31,18,13,22,11,11,171,79,92
MATAGORDA COUNTY,321,43 Years,403,193,210,189,86,103,33,18,15,14,7,7,167,82,85
MATAGORDA COUNTY,321,44 Years,420,199,221,201,96,105,43,18,25,19,8,11,157,77,80
MATAGORDA COUNTY,321,45 Years,393,192,201,183,89,94,45,18,27,13,6,7,152,79,73
MATAGORDA COUNTY,321,46 Years,424,213,211,176,91,85,55,21,34,16,7,9,177,94,83
MATAGORDA COUNTY,321,47 Years,436,216,220,183,87,96,63,29,34,16,10,6,174,90,84
MATAGORDA COUNTY,321,48 Years,477,245,232,228,112,116,51,24,27,18,10,8,180,99,81
MATAGORDA COUNTY,321,49 Years,534,287,247,255,128,127,60,34,26,23,11,12,196,114,82
MATAGORDA COUNTY,321,50 Years,537,266,271,268,131,137,69,35,34,20,10,10,180,90,90
MATAGORDA COUNTY,321,51 Years,574,265,309,311,154,157,67,24,43,19,10,9,177,77,100
MATAGORDA COUNTY,321,52 Years,534,262,272,292,145,147,63,24,39,17,7,10,162,86,76
MATAGORDA COUNTY,321,53 Years,568,290,278,314,165,149,72,29,43,21,12,9,161,84,77
MATAGORDA COUNTY,321,54 Years,553,288,265,303,160,143,69,31,38,22,12,10,159,85,74
MATAGORDA COUNTY,321,55 Years,560,294,266,321,166,155,73,35,38,26,12,14,140,81,59
MATAGORDA COUNTY,321,56 Years,590,314,276,332,183,149,91,41,50,18,10,8,149,80,69
MATAGORDA COUNTY,321,57 Years,546,284,262,332,173,159,72,33,39,13,8,5,129,70,59
MATAGORDA COUNTY,321,58 Years,533,283,250,311,163,148,62,36,26,17,8,9,143,76,67
MATAGORDA COUNTY,321,59 Years,537,279,258,326,178,148,59,27,32,16,9,7,136,65,71
MATAGORDA COUNTY,321,60 Years,518,249,269,320,156,164,57,23,34,13,7,6,128,63,65
MATAGORDA COUNTY,321,61 Years,482,228,254,291,135,156,57,30,27,14,7,7,120,56,64
MATAGORDA COUNTY,321,62 Years,453,242,211,273,146,127,49,28,21,16,8,8,115,60,55
MATAGORDA COUNTY,321,63 Years,481,273,208,311,175,136,50,30,20,15,8,7,105,60,45
MATAGORDA COUNTY,321,64 Years,438,235,203,279,146,133,45,25,20,15,7,8,99,57,42
MATAGORDA COUNTY,321,65 Years,426,208,218,285,138,147,43,21,22,14,9,5,84,40,44
MATAGORDA COUNTY,321,66 Years,396,191,205,263,135,128,45,19,26,11,6,5,77,31,46
MATAGORDA COUNTY,321,67 Years,351,172,179,227,115,112,41,22,19,6,3,3,77,32,45
MATAGORDA COUNTY,321,68 Years,332,171,161,227,118,109,31,19,12,5,3,2,69,31,38
MATAGORDA COUNTY,321,69 Years,334,163,171,229,109,120,36,18,18,6,6,0,63,30,33
MATAGORDA COUNTY,321,70 Years,323,151,172,218,100,118,36,18,18,8,6,2,61,27,34
MATAGORDA COUNTY,321,71 Years,308,146,162,204,97,107,30,14,16,7,2,5,67,33,34
MATAGORDA COUNTY,321,72 Years,275,137,138,187,96,91,25,13,12,7,5,2,56,23,33
MATAGORDA COUNTY,321,73 Years,262,132,130,181,103,78,23,10,13,5,1,4,53,18,35
MATAGORDA COUNTY,321,74 Years,264,132,132,195,103,92,22,11,11,2,1,1,45,17,28
MATAGORDA COUNTY,321,75 Years,254,130,124,176,98,78,20,10,10,6,2,4,52,20,32
MATAGORDA COUNTY,321,76 Years,241,112,129,167,77,90,27,12,15,5,2,3,42,21,21
MATAGORDA COUNTY,321,77 Years,201,95,106,127,62,65,28,9,19,5,3,2,41,21,20
MATAGORDA COUNTY,321,78 Years,187,82,105,122,57,65,22,7,15,7,2,5,36,16,20
MATAGORDA COUNTY,321,79 Years,170,69,101,113,49,64,22,7,15,7,2,5,28,11,17
MATAGORDA COUNTY,321,80 Years,152,66,86,102,50,52,20,6,14,4,1,3,26,9,17
MATAGORDA COUNTY,321,81 Years,145,66,79,103,50,53,17,5,12,3,2,1,22,9,13
MATAGORDA COUNTY,321,82 Years,144,62,82,100,45,55,20,7,13,5,2,3,19,8,11
MATAGORDA COUNTY,321,83 Years,147,72,75,106,52,54,15,6,9,3,1,2,23,13,10
MATAGORDA COUNTY,321,84 Years,127,55,72,88,41,47,17,5,12,3,1,2,19,8,11
MATAGORDA COUNTY,321,85 Years +,651,217,434,455,148,307,100,32,68,10,5,5,86,32,54
MAVERICK COUNTY,323,All Ages,56061,27483,28578,1593,865,728,75,46,29,770,395,375,53623,26177,27446
MAVERICK COUNTY,323,< 1 Year,1083,547,536,17,9,8,1,1,0,15,8,7,1050,529,521
MAVERICK COUNTY,323,1 Years,1071,546,525,17,8,9,0,0,0,11,6,5,1043,532,511
MAVERICK COUNTY,323,2 Years,1055,539,516,20,10,10,0,0,0,11,6,5,1024,523,501
MAVERICK COUNTY,323,3 Years,948,483,465,24,12,12,0,0,0,14,3,11,910,468,442
MAVERICK COUNTY,323,4 Years,888,461,427,25,14,11,1,1,0,11,6,5,851,440,411
MAVERICK COUNTY,323,5 Years,908,470,438,21,13,8,1,1,0,21,11,10,865,445,420
MAVERICK COUNTY,323,6 Years,936,470,466,27,16,11,0,0,0,23,15,8,886,439,447
MAVERICK COUNTY,323,7 Years,983,494,489,34,18,16,0,0,0,24,15,9,925,461,464
MAVERICK COUNTY,323,8 Years,1000,503,497,29,16,13,1,0,1,26,15,11,944,472,472
MAVERICK COUNTY,323,9 Years,980,489,491,32,13,19,2,0,2,21,12,9,925,464,461
MAVERICK COUNTY,323,10 Years,974,494,480,27,15,12,1,0,1,18,12,6,928,467,461
MAVERICK COUNTY,323,11 Years,1066,549,517,23,11,12,2,0,2,21,12,9,1020,526,494
MAVERICK COUNTY,323,12 Years,1033,547,486,21,9,12,1,0,1,17,7,10,994,531,463
MAVERICK COUNTY,323,13 Years,1035,551,484,14,4,10,1,0,1,11,7,4,1009,540,469
MAVERICK COUNTY,323,14 Years,1065,552,513,19,8,11,2,1,1,8,4,4,1036,539,497
MAVERICK COUNTY,323,15 Years,1030,536,494,15,7,8,0,0,0,13,4,9,1002,525,477
MAVERICK COUNTY,323,16 Years,1043,541,502,14,9,5,2,0,2,16,9,7,1011,523,488
MAVERICK COUNTY,323,17 Years,1095,566,529,16,10,6,1,0,1,9,7,2,1069,549,520
MAVERICK COUNTY,323,18 Years,1045,532,513,20,12,8,1,0,1,10,7,3,1014,513,501
MAVERICK COUNTY,323,19 Years,1013,517,496,20,13,7,0,0,0,13,6,7,980,498,482
MAVERICK COUNTY,323,20 Years,1031,531,500,19,11,8,1,0,1,8,6,2,1003,514,489
MAVERICK COUNTY,323,21 Years,927,488,439,14,8,6,1,1,0,11,6,5,901,473,428
MAVERICK COUNTY,323,22 Years,845,445,400,16,10,6,1,0,1,11,7,4,817,428,389
MAVERICK COUNTY,323,23 Years,777,402,375,14,7,7,2,1,1,12,9,3,749,385,364
MAVERICK COUNTY,323,24 Years,743,376,367,9,4,5,1,1,0,13,9,4,720,362,358
MAVERICK COUNTY,323,25 Years,722,382,340,17,9,8,0,0,0,16,8,8,689,365,324
MAVERICK COUNTY,323,26 Years,696,403,293,28,19,9,2,1,1,15,9,6,651,374,277
MAVERICK COUNTY,323,27 Years,664,384,280,36,24,12,2,2,0,15,10,5,611,348,263
MAVERICK COUNTY,323,28 Years,620,338,282,36,22,14,2,2,0,13,9,4,569,305,264
MAVERICK COUNTY,323,29 Years,615,322,293,31,16,15,2,1,1,13,8,5,569,297,272
MAVERICK COUNTY,323,30 Years,624,308,316,25,14,11,2,2,0,16,6,10,581,286,295
MAVERICK COUNTY,323,31 Years,612,297,315,27,16,11,2,2,0,14,6,8,569,273,296
MAVERICK COUNTY,323,32 Years,647,311,336,25,15,10,1,1,0,10,5,5,611,290,321
MAVERICK COUNTY,323,33 Years,649,312,337,20,11,9,1,1,0,12,5,7,616,295,321
MAVERICK COUNTY,323,34 Years,622,313,309,23,15,8,0,0,0,11,6,5,588,292,296
MAVERICK COUNTY,323,35 Years,619,305,314,17,10,7,1,1,0,9,6,3,592,288,304
MAVERICK COUNTY,323,36 Years,633,278,355,15,8,7,3,1,2,10,4,6,605,265,340
MAVERICK COUNTY,323,37 Years,674,315,359,21,10,11,1,0,1,12,7,5,640,298,342
MAVERICK COUNTY,323,38 Years,695,315,380,18,7,11,0,0,0,7,3,4,670,305,365
MAVERICK COUNTY,323,39 Years,696,323,373,24,12,12,1,1,0,7,4,3,664,306,358
MAVERICK COUNTY,323,40 Years,717,341,376,19,14,5,1,1,0,9,4,5,688,322,366
MAVERICK COUNTY,323,41 Years,709,320,389,19,10,9,0,0,0,9,4,5,681,306,375
MAVERICK COUNTY,323,42 Years,693,309,384,18,9,9,1,1,0,6,3,3,668,296,372
MAVERICK COUNTY,323,43 Years,683,321,362,17,11,6,1,1,0,8,3,5,657,306,351
MAVERICK COUNTY,323,44 Years,707,343,364,15,7,8,2,2,0,14,4,10,676,330,346
MAVERICK COUNTY,323,45 Years,675,326,349,14,5,9,0,0,0,12,5,7,649,316,333
MAVERICK COUNTY,323,46 Years,644,302,342,18,8,10,1,1,0,12,6,6,613,287,326
MAVERICK COUNTY,323,47 Years,632,294,338,27,14,13,1,1,0,7,3,4,597,276,321
MAVERICK COUNTY,323,48 Years,633,316,317,20,12,8,2,1,1,9,3,6,602,300,302
MAVERICK COUNTY,323,49 Years,645,316,329,18,9,9,1,0,1,10,4,6,616,303,313
MAVERICK COUNTY,323,50 Years,624,294,330,14,7,7,1,1,0,10,7,3,599,279,320
MAVERICK COUNTY,323,51 Years,587,275,312,17,10,7,1,1,0,7,4,3,562,260,302
MAVERICK COUNTY,323,52 Years,602,296,306,18,9,9,1,1,0,10,4,6,573,282,291
MAVERICK COUNTY,323,53 Years,607,302,305,13,7,6,1,1,0,7,3,4,586,291,295
MAVERICK COUNTY,323,54 Years,601,279,322,16,9,7,1,1,0,8,3,5,576,266,310
MAVERICK COUNTY,323,55 Years,575,260,315,13,7,6,1,1,0,6,3,3,555,249,306
MAVERICK COUNTY,323,56 Years,586,247,339,17,6,11,1,0,1,3,1,2,565,240,325
MAVERICK COUNTY,323,57 Years,575,272,303,22,11,11,1,1,0,7,1,6,545,259,286
MAVERICK COUNTY,323,58 Years,603,275,328,21,9,12,2,2,0,5,1,4,575,263,312
MAVERICK COUNTY,323,59 Years,582,259,323,23,11,12,2,2,0,4,2,2,553,244,309
MAVERICK COUNTY,323,60 Years,559,254,305,19,10,9,1,1,0,2,1,1,537,242,295
MAVERICK COUNTY,323,61 Years,524,246,278,19,9,10,1,0,1,6,1,5,498,236,262
MAVERICK COUNTY,323,62 Years,533,247,286,21,8,13,1,0,1,2,1,1,509,238,271
MAVERICK COUNTY,323,63 Years,517,240,277,20,8,12,0,0,0,1,0,1,496,232,264
MAVERICK COUNTY,323,64 Years,448,205,243,22,13,9,0,0,0,4,2,2,422,190,232
MAVERICK COUNTY,323,65 Years,441,190,251,18,10,8,0,0,0,4,2,2,419,178,241
MAVERICK COUNTY,323,66 Years,435,196,239,19,13,6,0,0,0,1,0,1,415,183,232
MAVERICK COUNTY,323,67 Years,408,190,218,17,14,3,0,0,0,7,2,5,384,174,210
MAVERICK COUNTY,323,68 Years,400,179,221,18,10,8,0,0,0,4,2,2,378,167,211
MAVERICK COUNTY,323,69 Years,358,163,195,15,8,7,0,0,0,4,2,2,339,153,186
MAVERICK COUNTY,323,70 Years,349,159,190,18,11,7,2,2,0,2,1,1,327,145,182
MAVERICK COUNTY,323,71 Years,326,124,202,17,9,8,0,0,0,1,0,1,308,115,193
MAVERICK COUNTY,323,72 Years,324,145,179,16,11,5,0,0,0,2,1,1,306,133,173
MAVERICK COUNTY,323,73 Years,303,143,160,14,9,5,1,0,1,1,0,1,287,134,153
MAVERICK COUNTY,323,74 Years,270,118,152,11,7,4,0,0,0,1,0,1,258,111,147
MAVERICK COUNTY,323,75 Years,276,120,156,7,2,5,1,0,1,4,0,4,264,118,146
MAVERICK COUNTY,323,76 Years,267,119,148,8,6,2,0,0,0,3,0,3,256,113,143
MAVERICK COUNTY,323,77 Years,246,116,130,8,7,1,0,0,0,2,1,1,236,108,128
MAVERICK COUNTY,323,78 Years,242,113,129,9,7,2,0,0,0,1,1,0,232,105,127
MAVERICK COUNTY,323,79 Years,228,96,132,8,4,4,0,0,0,0,0,0,220,92,128
MAVERICK COUNTY,323,80 Years,186,78,108,13,5,8,0,0,0,0,0,0,173,73,100
MAVERICK COUNTY,323,81 Years,166,66,100,7,3,4,0,0,0,0,0,0,159,63,96
MAVERICK COUNTY,323,82 Years,174,74,100,7,4,3,1,0,1,0,0,0,166,70,96
MAVERICK COUNTY,323,83 Years,186,82,104,5,2,3,1,1,0,3,3,0,177,76,101
MAVERICK COUNTY,323,84 Years,165,73,92,6,4,2,0,0,0,1,0,1,158,69,89
MAVERICK COUNTY,323,85 Years +,688,265,423,22,11,11,1,1,0,3,2,1,662,251,411
MEDINA COUNTY,325,All Ages,48095,24589,23506,21920,10859,11061,913,790,123,870,462,408,24392,12478,11914
MEDINA COUNTY,325,< 1 Year,552,280,272,202,101,101,1,1,0,11,6,5,338,172,166
MEDINA COUNTY,325,1 Years,556,283,273,203,104,99,1,0,1,12,6,6,340,173,167
MEDINA COUNTY,325,2 Years,544,278,266,203,104,99,1,1,0,11,5,6,329,168,161
MEDINA COUNTY,325,3 Years,555,292,263,196,103,93,1,0,1,12,5,7,346,184,162
MEDINA COUNTY,325,4 Years,597,298,299,203,115,88,2,0,2,13,3,10,379,180,199
MEDINA COUNTY,325,5 Years,565,271,294,189,99,90,2,1,1,11,6,5,363,165,198
MEDINA COUNTY,325,6 Years,612,304,308,205,99,106,5,1,4,10,6,4,392,198,194
MEDINA COUNTY,325,7 Years,655,342,313,225,116,109,4,2,2,10,4,6,416,220,196
MEDINA COUNTY,325,8 Years,638,316,322,219,110,109,3,1,2,10,5,5,406,200,206
MEDINA COUNTY,325,9 Years,657,318,339,230,114,116,5,2,3,17,12,5,405,190,215
MEDINA COUNTY,325,10 Years,723,358,365,257,123,134,10,5,5,18,10,8,438,220,218
MEDINA COUNTY,325,11 Years,717,377,340,277,140,137,7,5,2,19,13,6,414,219,195
MEDINA COUNTY,325,12 Years,734,371,363,280,140,140,3,1,2,19,11,8,432,219,213
MEDINA COUNTY,325,13 Years,748,391,357,278,142,136,4,2,2,14,8,6,452,239,213
MEDINA COUNTY,325,14 Years,733,378,355,273,129,144,5,1,4,13,7,6,442,241,201
MEDINA COUNTY,325,15 Years,732,377,355,274,137,137,4,2,2,14,7,7,440,231,209
MEDINA COUNTY,325,16 Years,736,382,354,277,155,122,4,2,2,13,5,8,442,220,222
MEDINA COUNTY,325,17 Years,771,406,365,289,161,128,12,9,3,17,8,9,453,228,225
MEDINA COUNTY,325,18 Years,756,408,348,262,137,125,11,9,2,14,7,7,469,255,214
MEDINA COUNTY,325,19 Years,729,429,300,241,129,112,23,21,2,7,5,2,458,274,184
MEDINA COUNTY,325,20 Years,742,439,303,241,144,97,41,38,3,11,7,4,449,250,199
MEDINA COUNTY,325,21 Years,720,423,297,221,125,96,36,35,1,14,10,4,449,253,196
MEDINA COUNTY,325,22 Years,596,353,243,171,93,78,30,28,2,11,6,5,384,226,158
MEDINA COUNTY,325,23 Years,624,402,222,165,98,67,51,49,2,15,12,3,393,243,150
MEDINA COUNTY,325,24 Years,586,381,205,164,101,63,44,43,1,20,17,3,358,220,138
MEDINA COUNTY,325,25 Years,538,326,212,169,89,80,44,43,1,16,15,1,309,179,130
MEDINA COUNTY,325,26 Years,531,312,219,145,76,69,32,31,1,16,13,3,338,192,146
MEDINA COUNTY,325,27 Years,524,330,194,164,98,66,22,22,0,25,21,4,313,189,124
MEDINA COUNTY,325,28 Years,547,339,208,189,111,78,43,42,1,17,14,3,298,172,126
MEDINA COUNTY,325,29 Years,510,271,239,189,93,96,23,22,1,20,13,7,278,143,135
MEDINA COUNTY,325,30 Years,516,265,251,191,85,106,37,37,0,14,8,6,274,135,139
MEDINA COUNTY,325,31 Years,551,290,261,207,97,110,18,18,0,8,5,3,318,170,148
MEDINA COUNTY,325,32 Years,483,248,235,205,100,105,10,10,0,8,4,4,260,134,126
MEDINA COUNTY,325,33 Years,572,313,259,224,113,111,22,22,0,9,5,4,317,173,144
MEDINA COUNTY,325,34 Years,485,244,241,220,108,112,12,12,0,5,2,3,248,122,126
MEDINA COUNTY,325,35 Years,473,215,258,231,110,121,9,7,2,8,4,4,225,94,131
MEDINA COUNTY,325,36 Years,477,228,249,220,112,108,3,2,1,9,4,5,245,110,135
MEDINA COUNTY,325,37 Years,502,242,260,231,117,114,8,7,1,4,1,3,259,117,142
MEDINA COUNTY,325,38 Years,519,263,256,237,113,124,10,10,0,5,2,3,267,138,129
MEDINA COUNTY,325,39 Years,519,233,286,234,92,142,13,12,1,7,3,4,265,126,139
MEDINA COUNTY,325,40 Years,545,245,300,249,104,145,2,2,0,12,4,8,282,135,147
MEDINA COUNTY,325,41 Years,562,278,284,256,113,143,15,14,1,8,3,5,283,148,135
MEDINA COUNTY,325,42 Years,632,335,297,273,137,136,17,17,0,8,4,4,334,177,157
MEDINA COUNTY,325,43 Years,651,312,339,281,128,153,9,8,1,13,4,9,348,172,176
MEDINA COUNTY,325,44 Years,670,321,349,294,127,167,18,17,1,11,6,5,347,171,176
MEDINA COUNTY,325,45 Years,613,299,314,282,136,146,8,8,0,14,5,9,309,150,159
MEDINA COUNTY,325,46 Years,594,301,293,269,130,139,19,19,0,10,6,4,296,146,150
MEDINA COUNTY,325,47 Years,677,354,323,315,159,156,14,12,2,11,4,7,337,179,158
MEDINA COUNTY,325,48 Years,692,352,340,323,162,161,12,8,4,13,4,9,344,178,166
MEDINA COUNTY,325,49 Years,727,390,337,336,174,162,23,20,3,11,5,6,357,191,166
MEDINA COUNTY,325,50 Years,757,413,344,364,180,184,21,18,3,13,5,8,359,210,149
MEDINA COUNTY,325,51 Years,735,375,360,375,179,196,9,5,4,16,8,8,335,183,152
MEDINA COUNTY,325,52 Years,756,375,381,407,206,201,4,2,2,15,4,11,330,163,167
MEDINA COUNTY,325,53 Years,783,373,410,435,212,223,11,6,5,13,6,7,324,149,175
MEDINA COUNTY,325,54 Years,694,349,345,386,189,197,7,4,3,9,5,4,292,151,141
MEDINA COUNTY,325,55 Years,694,319,375,379,175,204,7,2,5,14,3,11,294,139,155
MEDINA COUNTY,325,56 Years,721,363,358,405,196,209,11,8,3,13,5,8,292,154,138
MEDINA COUNTY,325,57 Years,699,342,357,414,203,211,7,6,1,9,3,6,269,130,139
MEDINA COUNTY,325,58 Years,656,334,322,385,198,187,10,10,0,10,5,5,251,121,130
MEDINA COUNTY,325,59 Years,600,299,301,345,177,168,3,2,1,7,2,5,245,118,127
MEDINA COUNTY,325,60 Years,622,310,312,356,176,180,6,3,3,8,4,4,252,127,125
MEDINA COUNTY,325,61 Years,620,300,320,350,170,180,12,9,3,10,6,4,248,115,133
MEDINA COUNTY,325,62 Years,601,289,312,349,169,180,6,5,1,7,3,4,239,112,127
MEDINA COUNTY,325,63 Years,573,273,300,338,163,175,5,2,3,5,2,3,225,106,119
MEDINA COUNTY,325,64 Years,611,305,306,362,177,185,4,3,1,8,5,3,237,120,117
MEDINA COUNTY,325,65 Years,625,304,321,371,176,195,2,1,1,9,5,4,243,122,121
MEDINA COUNTY,325,66 Years,591,284,307,357,176,181,3,1,2,8,3,5,223,104,119
MEDINA COUNTY,325,67 Years,470,238,232,290,152,138,1,0,1,4,2,2,175,84,91
MEDINA COUNTY,325,68 Years,441,224,217,272,142,130,1,0,1,4,4,0,164,78,86
MEDINA COUNTY,325,69 Years,438,204,234,267,127,140,0,0,0,9,6,3,162,71,91
MEDINA COUNTY,325,70 Years,424,198,226,268,125,143,2,1,1,5,1,4,149,71,78
MEDINA COUNTY,325,71 Years,373,178,195,231,113,118,2,1,1,5,2,3,135,62,73
MEDINA COUNTY,325,72 Years,327,160,167,210,104,106,2,1,1,6,2,4,109,53,56
MEDINA COUNTY,325,73 Years,316,176,140,191,97,94,7,7,0,3,2,1,115,70,45
MEDINA COUNTY,325,74 Years,302,152,150,182,99,83,3,3,0,8,2,6,109,48,61
MEDINA COUNTY,325,75 Years,293,136,157,183,92,91,0,0,0,7,1,6,103,43,60
MEDINA COUNTY,325,76 Years,251,108,143,161,76,85,1,0,1,4,1,3,85,31,54
MEDINA COUNTY,325,77 Years,268,124,144,170,82,88,2,1,1,6,4,2,90,37,53
MEDINA COUNTY,325,78 Years,233,108,125,152,73,79,2,0,2,3,2,1,76,33,43
MEDINA COUNTY,325,79 Years,221,104,117,145,70,75,0,0,0,3,1,2,73,33,40
MEDINA COUNTY,325,80 Years,210,103,107,131,64,67,0,0,0,2,2,0,77,37,40
MEDINA COUNTY,325,81 Years,195,86,109,128,56,72,1,1,0,1,1,0,65,28,37
MEDINA COUNTY,325,82 Years,190,81,109,130,55,75,1,1,0,2,2,0,57,23,34
MEDINA COUNTY,325,83 Years,174,71,103,116,49,67,1,1,0,0,0,0,57,21,36
MEDINA COUNTY,325,84 Years,160,75,85,106,55,51,1,1,0,2,0,2,51,19,32
MEDINA COUNTY,325,85 Years +,783,293,490,530,203,327,5,4,1,4,3,1,244,83,161
MENARD COUNTY,327,All Ages,2279,1165,1114,1416,710,706,14,10,4,16,6,10,833,439,394
MENARD COUNTY,327,< 1 Year,22,12,10,12,6,6,0,0,0,0,0,0,10,6,4
MENARD COUNTY,327,1 Years,22,12,10,13,7,6,0,0,0,0,0,0,9,5,4
MENARD COUNTY,327,2 Years,21,11,10,13,7,6,0,0,0,0,0,0,8,4,4
MENARD COUNTY,327,3 Years,20,12,8,8,5,3,0,0,0,0,0,0,12,7,5
MENARD COUNTY,327,4 Years,29,18,11,16,10,6,0,0,0,0,0,0,13,8,5
MENARD COUNTY,327,5 Years,30,15,15,15,8,7,0,0,0,0,0,0,15,7,8
MENARD COUNTY,327,6 Years,25,11,14,11,5,6,0,0,0,0,0,0,14,6,8
MENARD COUNTY,327,7 Years,30,19,11,14,11,3,0,0,0,0,0,0,16,8,8
MENARD COUNTY,327,8 Years,31,22,9,19,15,4,0,0,0,0,0,0,12,7,5
MENARD COUNTY,327,9 Years,21,15,6,9,8,1,0,0,0,0,0,0,12,7,5
MENARD COUNTY,327,10 Years,20,13,7,9,6,3,0,0,0,0,0,0,11,7,4
MENARD COUNTY,327,11 Years,19,10,9,9,4,5,0,0,0,0,0,0,10,6,4
MENARD COUNTY,327,12 Years,20,10,10,8,3,5,0,0,0,0,0,0,12,7,5
MENARD COUNTY,327,13 Years,25,15,10,11,8,3,0,0,0,0,0,0,14,7,7
MENARD COUNTY,327,14 Years,26,12,14,11,6,5,0,0,0,0,0,0,15,6,9
MENARD COUNTY,327,15 Years,28,20,8,16,10,6,0,0,0,0,0,0,12,10,2
MENARD COUNTY,327,16 Years,20,15,5,9,6,3,0,0,0,0,0,0,11,9,2
MENARD COUNTY,327,17 Years,29,15,14,13,8,5,0,0,0,0,0,0,16,7,9
MENARD COUNTY,327,18 Years,29,15,14,11,7,4,0,0,0,0,0,0,18,8,10
MENARD COUNTY,327,19 Years,19,11,8,10,6,4,1,1,0,0,0,0,8,4,4
MENARD COUNTY,327,20 Years,25,12,13,7,3,4,0,0,0,1,0,1,17,9,8
MENARD COUNTY,327,21 Years,24,15,9,9,6,3,1,1,0,0,0,0,14,8,6
MENARD COUNTY,327,22 Years,20,11,9,7,4,3,1,1,0,0,0,0,12,6,6
MENARD COUNTY,327,23 Years,16,10,6,5,3,2,1,0,1,0,0,0,10,7,3
MENARD COUNTY,327,24 Years,18,10,8,3,2,1,1,0,1,0,0,0,14,8,6
MENARD COUNTY,327,25 Years,14,9,5,5,2,3,0,0,0,0,0,0,9,7,2
MENARD COUNTY,327,26 Years,21,11,10,13,7,6,0,0,0,0,0,0,8,4,4
MENARD COUNTY,327,27 Years,19,14,5,11,8,3,0,0,0,0,0,0,8,6,2
MENARD COUNTY,327,28 Years,18,13,5,10,7,3,0,0,0,0,0,0,8,6,2
MENARD COUNTY,327,29 Years,23,12,11,14,6,8,0,0,0,1,1,0,8,5,3
MENARD COUNTY,327,30 Years,20,10,10,11,5,6,0,0,0,1,0,1,8,5,3
MENARD COUNTY,327,31 Years,21,10,11,9,5,4,1,1,0,1,0,1,10,4,6
MENARD COUNTY,327,32 Years,25,11,14,13,5,8,0,0,0,1,0,1,11,6,5
MENARD COUNTY,327,33 Years,18,7,11,8,2,6,0,0,0,0,0,0,10,5,5
MENARD COUNTY,327,34 Years,14,6,8,7,3,4,0,0,0,1,1,0,6,2,4
MENARD COUNTY,327,35 Years,15,10,5,7,4,3,0,0,0,0,0,0,8,6,2
MENARD COUNTY,327,36 Years,14,7,7,7,4,3,0,0,0,0,0,0,7,3,4
MENARD COUNTY,327,37 Years,19,7,12,11,3,8,0,0,0,0,0,0,8,4,4
MENARD COUNTY,327,38 Years,22,11,11,14,6,8,0,0,0,0,0,0,8,5,3
MENARD COUNTY,327,39 Years,16,8,8,11,6,5,0,0,0,0,0,0,5,2,3
MENARD COUNTY,327,40 Years,16,6,10,13,6,7,0,0,0,0,0,0,3,0,3
MENARD COUNTY,327,41 Years,14,5,9,12,4,8,0,0,0,0,0,0,2,1,1
MENARD COUNTY,327,42 Years,15,5,10,9,2,7,0,0,0,0,0,0,6,3,3
MENARD COUNTY,327,43 Years,17,7,10,6,2,4,0,0,0,0,0,0,11,5,6
MENARD COUNTY,327,44 Years,23,11,12,11,6,5,1,1,0,0,0,0,11,4,7
MENARD COUNTY,327,45 Years,23,12,11,12,6,6,1,1,0,0,0,0,10,5,5
MENARD COUNTY,327,46 Years,24,10,14,17,7,10,0,0,0,0,0,0,7,3,4
MENARD COUNTY,327,47 Years,20,9,11,12,5,7,0,0,0,0,0,0,8,4,4
MENARD COUNTY,327,48 Years,19,9,10,8,2,6,0,0,0,0,0,0,11,7,4
MENARD COUNTY,327,49 Years,26,16,10,12,7,5,0,0,0,0,0,0,14,9,5
MENARD COUNTY,327,50 Years,36,13,23,20,6,14,0,0,0,0,0,0,16,7,9
MENARD COUNTY,327,51 Years,40,19,21,24,10,14,0,0,0,0,0,0,16,9,7
MENARD COUNTY,327,52 Years,39,21,18,25,13,12,0,0,0,1,1,0,13,7,6
MENARD COUNTY,327,53 Years,36,17,19,27,13,14,0,0,0,1,0,1,8,4,4
MENARD COUNTY,327,54 Years,43,21,22,27,14,13,0,0,0,0,0,0,16,7,9
MENARD COUNTY,327,55 Years,34,15,19,21,10,11,2,1,1,0,0,0,11,4,7
MENARD COUNTY,327,56 Years,34,13,21,25,9,16,1,0,1,0,0,0,8,4,4
MENARD COUNTY,327,57 Years,35,18,17,22,13,9,0,0,0,0,0,0,13,5,8
MENARD COUNTY,327,58 Years,35,18,17,24,13,11,0,0,0,0,0,0,11,5,6
MENARD COUNTY,327,59 Years,35,16,19,23,9,14,1,1,0,1,0,1,10,6,4
MENARD COUNTY,327,60 Years,34,15,19,25,10,15,0,0,0,1,0,1,8,5,3
MENARD COUNTY,327,61 Years,28,17,11,20,13,7,0,0,0,1,0,1,7,4,3
MENARD COUNTY,327,62 Years,37,18,19,28,13,15,0,0,0,0,0,0,9,5,4
MENARD COUNTY,327,63 Years,38,14,24,29,11,18,1,1,0,0,0,0,8,2,6
MENARD COUNTY,327,64 Years,43,20,23,28,10,18,1,1,0,0,0,0,14,9,5
MENARD COUNTY,327,65 Years,37,21,16,25,13,12,0,0,0,0,0,0,12,8,4
MENARD COUNTY,327,66 Years,38,18,20,28,12,16,0,0,0,0,0,0,10,6,4
MENARD COUNTY,327,67 Years,35,17,18,28,14,14,0,0,0,0,0,0,7,3,4
MENARD COUNTY,327,68 Years,44,25,19,36,21,15,0,0,0,0,0,0,8,4,4
MENARD COUNTY,327,69 Years,50,31,19,39,24,15,0,0,0,0,0,0,11,7,4
MENARD COUNTY,327,70 Years,46,26,20,38,22,16,0,0,0,1,1,0,7,3,4
MENARD COUNTY,327,71 Years,36,21,15,26,16,10,0,0,0,1,1,0,9,4,5
MENARD COUNTY,327,72 Years,28,13,15,19,9,10,0,0,0,0,0,0,9,4,5
MENARD COUNTY,327,73 Years,33,17,16,28,14,14,0,0,0,0,0,0,5,3,2
MENARD COUNTY,327,74 Years,27,14,13,24,12,12,0,0,0,0,0,0,3,2,1
MENARD COUNTY,327,75 Years,26,15,11,18,11,7,0,0,0,0,0,0,8,4,4
MENARD COUNTY,327,76 Years,26,12,14,20,10,10,0,0,0,0,0,0,6,2,4
MENARD COUNTY,327,77 Years,19,8,11,15,7,8,0,0,0,0,0,0,4,1,3
MENARD COUNTY,327,78 Years,13,6,7,10,5,5,0,0,0,0,0,0,3,1,2
MENARD COUNTY,327,79 Years,23,8,15,17,6,11,0,0,0,0,0,0,6,2,4
MENARD COUNTY,327,80 Years,19,9,10,13,6,7,0,0,0,0,0,0,6,3,3
MENARD COUNTY,327,81 Years,19,10,9,17,8,9,0,0,0,0,0,0,2,2,0
MENARD COUNTY,327,82 Years,17,7,10,13,5,8,0,0,0,0,0,0,4,2,2
MENARD COUNTY,327,83 Years,17,9,8,14,8,6,0,0,0,1,0,1,2,1,1
MENARD COUNTY,327,84 Years,18,7,11,14,6,8,0,0,0,1,0,1,3,1,2
MENARD COUNTY,327,85 Years +,96,39,57,75,30,45,0,0,0,1,1,0,20,8,12
MIDLAND COUNTY,329,All Ages,152349,75318,77031,77061,37995,39066,9530,4630,4900,4674,2334,2340,61084,30359,30725
MIDLAND COUNTY,329,< 1 Year,2552,1292,1260,993,505,488,143,71,72,116,58,58,1300,658,642
MIDLAND COUNTY,329,1 Years,2397,1223,1174,924,472,452,141,72,69,87,44,43,1245,635,610
MIDLAND COUNTY,329,2 Years,2355,1200,1155,930,474,456,137,69,68,84,43,41,1204,614,590
MIDLAND COUNTY,329,3 Years,2363,1220,1143,912,480,432,141,66,75,90,45,45,1220,629,591
MIDLAND COUNTY,329,4 Years,2338,1218,1120,886,468,418,149,84,65,91,46,45,1212,620,592
MIDLAND COUNTY,329,5 Years,2396,1227,1169,907,483,424,152,73,79,88,37,51,1249,634,615
MIDLAND COUNTY,329,6 Years,2363,1216,1147,849,440,409,166,79,87,86,40,46,1262,657,605
MIDLAND COUNTY,329,7 Years,2284,1186,1098,842,444,398,161,95,66,82,38,44,1199,609,590
MIDLAND COUNTY,329,8 Years,2255,1159,1096,837,451,386,149,80,69,80,41,39,1189,587,602
MIDLAND COUNTY,329,9 Years,2242,1161,1081,831,436,395,146,74,72,87,49,38,1178,602,576
MIDLAND COUNTY,329,10 Years,2205,1129,1076,815,413,402,149,78,71,62,35,27,1179,603,576
MIDLAND COUNTY,329,11 Years,2232,1141,1091,824,429,395,146,77,69,78,43,35,1184,592,592
MIDLAND COUNTY,329,12 Years,2271,1144,1127,853,422,431,146,69,77,88,48,40,1184,605,579
MIDLAND COUNTY,329,13 Years,2273,1148,1125,869,439,430,156,74,82,77,43,34,1171,592,579
MIDLAND COUNTY,329,14 Years,2228,1160,1068,866,448,418,144,72,72,73,40,33,1145,600,545
MIDLAND COUNTY,329,15 Years,2162,1123,1039,831,442,389,120,58,62,68,38,30,1143,585,558
MIDLAND COUNTY,329,16 Years,2141,1120,1021,852,452,400,143,73,70,65,31,34,1081,564,517
MIDLAND COUNTY,329,17 Years,2124,1101,1023,874,442,432,123,61,62,69,38,31,1058,560,498
MIDLAND COUNTY,329,18 Years,2119,1070,1049,879,452,427,123,64,59,57,35,22,1060,519,541
MIDLAND COUNTY,329,19 Years,2044,1041,1003,831,431,400,119,68,51,69,44,25,1025,498,527
MIDLAND COUNTY,329,20 Years,2033,1026,1007,800,417,383,144,79,65,59,36,23,1030,494,536
MIDLAND COUNTY,329,21 Years,2117,1051,1066,832,435,397,161,77,84,66,36,30,1058,503,555
MIDLAND COUNTY,329,22 Years,2205,1091,1114,846,436,410,191,83,108,74,36,38,1094,536,558
MIDLAND COUNTY,329,23 Years,2093,1010,1083,823,406,417,170,86,84,61,25,36,1039,493,546
MIDLAND COUNTY,329,24 Years,2033,971,1062,830,392,438,125,70,55,59,29,30,1019,480,539
MIDLAND COUNTY,329,25 Years,2054,1011,1043,836,410,426,126,72,54,66,29,37,1026,500,526
MIDLAND COUNTY,329,26 Years,2241,1117,1124,960,473,487,150,76,74,74,35,39,1057,533,524
MIDLAND COUNTY,329,27 Years,2339,1155,1184,1075,542,533,168,79,89,67,29,38,1029,505,524
MIDLAND COUNTY,329,28 Years,2358,1190,1168,1101,567,534,143,76,67,78,34,44,1036,513,523
MIDLAND COUNTY,329,29 Years,2361,1229,1132,1097,563,534,135,75,60,92,39,53,1037,552,485
MIDLAND COUNTY,329,30 Years,2435,1244,1191,1160,605,555,127,70,57,98,47,51,1050,522,528
MIDLAND COUNTY,329,31 Years,2424,1227,1197,1145,596,549,132,68,64,83,38,45,1064,525,539
MIDLAND COUNTY,329,32 Years,2362,1220,1142,1160,617,543,119,55,64,74,38,36,1009,510,499
MIDLAND COUNTY,329,33 Years,2357,1242,1115,1174,652,522,138,62,76,67,38,29,978,490,488
MIDLAND COUNTY,329,34 Years,2098,1090,1008,1025,565,460,122,57,65,64,26,38,887,442,445
MIDLAND COUNTY,329,35 Years,2000,1003,997,939,483,456,105,54,51,66,22,44,890,444,446
MIDLAND COUNTY,329,36 Years,1881,967,914,858,422,436,108,58,50,62,34,28,853,453,400
MIDLAND COUNTY,329,37 Years,1771,921,850,797,407,390,114,56,58,75,39,36,785,419,366
MIDLAND COUNTY,329,38 Years,1846,930,916,856,418,438,109,49,60,60,33,27,821,430,391
MIDLAND COUNTY,329,39 Years,1783,897,886,817,416,401,90,44,46,62,35,27,814,402,412
MIDLAND COUNTY,329,40 Years,1775,904,871,824,422,402,111,60,51,48,20,28,792,402,390
MIDLAND COUNTY,329,41 Years,1808,909,899,868,439,429,107,58,49,50,19,31,783,393,390
MIDLAND COUNTY,329,42 Years,1813,853,960,890,423,467,110,44,66,73,33,40,740,353,387
MIDLAND COUNTY,329,43 Years,1795,891,904,893,466,427,111,48,63,82,36,46,709,341,368
MIDLAND COUNTY,329,44 Years,1786,875,911,893,441,452,112,54,58,63,26,37,718,354,364
MIDLAND COUNTY,329,45 Years,1690,828,862,827,400,427,116,59,57,47,25,22,700,344,356
MIDLAND COUNTY,329,46 Years,1644,800,844,824,387,437,113,58,55,45,27,18,662,328,334
MIDLAND COUNTY,329,47 Years,1699,845,854,846,414,432,114,59,55,49,32,17,690,340,350
MIDLAND COUNTY,329,48 Years,1778,889,889,896,437,459,126,66,60,46,28,18,710,358,352
MIDLAND COUNTY,329,49 Years,1879,895,984,999,460,539,142,68,74,50,27,23,688,340,348
MIDLAND COUNTY,329,50 Years,2018,976,1042,1136,550,586,144,66,78,49,19,30,689,341,348
MIDLAND COUNTY,329,51 Years,2084,996,1088,1250,603,647,130,60,70,42,19,23,662,314,348
MIDLAND COUNTY,329,52 Years,2128,975,1153,1300,584,716,143,66,77,51,25,26,634,300,334
MIDLAND COUNTY,329,53 Years,2213,1069,1144,1383,667,716,138,65,73,64,29,35,628,308,320
MIDLAND COUNTY,329,54 Years,2185,1054,1131,1413,677,736,135,63,72,55,27,28,582,287,295
MIDLAND COUNTY,329,55 Years,2178,1067,1111,1437,694,743,133,64,69,47,27,20,561,282,279
MIDLAND COUNTY,329,56 Years,2198,1095,1103,1430,714,716,136,62,74,55,30,25,577,289,288
MIDLAND COUNTY,329,57 Years,2155,1037,1118,1411,687,724,127,57,70,48,23,25,569,270,299
MIDLAND COUNTY,329,58 Years,2061,1007,1054,1422,697,725,112,47,65,46,22,24,481,241,240
MIDLAND COUNTY,329,59 Years,1954,966,988,1322,655,667,129,66,63,51,27,24,452,218,234
MIDLAND COUNTY,329,60 Years,1827,898,929,1248,633,615,110,54,56,55,29,26,414,182,232
MIDLAND COUNTY,329,61 Years,1688,838,850,1164,585,579,114,52,62,40,21,19,370,180,190
MIDLAND COUNTY,329,62 Years,1580,759,821,1084,534,550,99,44,55,49,23,26,348,158,190
MIDLAND COUNTY,329,63 Years,1491,723,768,1000,499,501,81,35,46,48,23,25,362,166,196
MIDLAND COUNTY,329,64 Years,1354,674,680,922,471,451,73,37,36,45,25,20,314,141,173
MIDLAND COUNTY,329,65 Years,1279,636,643,878,454,424,74,28,46,38,18,20,289,136,153
MIDLAND COUNTY,329,66 Years,1269,624,645,901,449,452,68,30,38,41,19,22,259,126,133
MIDLAND COUNTY,329,67 Years,1019,518,501,695,359,336,69,36,33,31,17,14,224,106,118
MIDLAND COUNTY,329,68 Years,922,428,494,630,299,331,58,23,35,27,16,11,207,90,117
MIDLAND COUNTY,329,69 Years,923,435,488,648,313,335,58,24,34,19,11,8,198,87,111
MIDLAND COUNTY,329,70 Years,890,424,466,623,304,319,61,31,30,17,8,9,189,81,108
MIDLAND COUNTY,329,71 Years,821,373,448,579,262,317,57,27,30,22,15,7,163,69,94
MIDLAND COUNTY,329,72 Years,725,326,399,496,223,273,52,20,32,17,11,6,160,72,88
MIDLAND COUNTY,329,73 Years,702,295,407,498,208,290,50,21,29,19,11,8,135,55,80
MIDLAND COUNTY,329,74 Years,675,283,392,479,201,278,41,21,20,19,8,11,136,53,83
MIDLAND COUNTY,329,75 Years,701,295,406,520,212,308,40,20,20,13,5,8,128,58,70
MIDLAND COUNTY,329,76 Years,671,291,380,499,212,287,45,16,29,11,4,7,116,59,57
MIDLAND COUNTY,329,77 Years,661,298,363,487,214,273,43,20,23,10,3,7,121,61,60
MIDLAND COUNTY,329,78 Years,653,293,360,482,214,268,40,16,24,10,6,4,121,57,64
MIDLAND COUNTY,329,79 Years,591,255,336,458,206,252,31,9,22,5,2,3,97,38,59
MIDLAND COUNTY,329,80 Years,559,226,333,439,187,252,31,9,22,5,2,3,84,28,56
MIDLAND COUNTY,329,81 Years,542,205,337,424,159,265,34,11,23,6,1,5,78,34,44
MIDLAND COUNTY,329,82 Years,509,198,311,403,151,252,29,10,19,10,4,6,67,33,34
MIDLAND COUNTY,329,83 Years,467,191,276,362,145,217,22,8,14,8,2,6,75,36,39
MIDLAND COUNTY,329,84 Years,460,168,292,358,129,229,23,6,17,7,4,3,72,29,43
MIDLAND COUNTY,329,85 Years +,2394,862,1532,1984,710,1274,107,29,78,37,11,26,266,112,154
MILAM COUNTY,331,All Ages,24388,12114,12274,15588,7670,7918,2371,1152,1219,388,195,193,6041,3097,2944
MILAM COUNTY,331,< 1 Year,319,163,156,156,78,78,29,16,13,8,4,4,126,65,61
MILAM COUNTY,331,1 Years,323,164,159,159,81,78,26,13,13,8,4,4,130,66,64
MILAM COUNTY,331,2 Years,316,161,155,159,82,77,25,13,12,7,3,4,125,63,62
MILAM COUNTY,331,3 Years,312,160,152,134,77,57,28,14,14,11,6,5,139,63,76
MILAM COUNTY,331,4 Years,330,172,158,146,80,66,30,16,14,9,5,4,145,71,74
MILAM COUNTY,331,5 Years,342,182,160,163,88,75,38,20,18,9,7,2,132,67,65
MILAM COUNTY,331,6 Years,346,169,177,164,82,82,39,19,20,9,7,2,134,61,73
MILAM COUNTY,331,7 Years,313,163,150,163,81,82,31,18,13,10,6,4,109,58,51
MILAM COUNTY,331,8 Years,342,172,170,175,87,88,32,18,14,9,4,5,126,63,63
MILAM COUNTY,331,9 Years,343,173,170,173,89,84,30,15,15,8,5,3,132,64,68
MILAM COUNTY,331,10 Years,322,169,153,156,83,73,34,17,17,6,5,1,126,64,62
MILAM COUNTY,331,11 Years,356,188,168,178,94,84,34,16,18,8,3,5,136,75,61
MILAM COUNTY,331,12 Years,368,186,182,178,91,87,45,24,21,6,2,4,139,69,70
MILAM COUNTY,331,13 Years,362,195,167,178,100,78,44,24,20,6,3,3,134,68,66
MILAM COUNTY,331,14 Years,334,180,154,176,99,77,30,13,17,6,2,4,122,66,56
MILAM COUNTY,331,15 Years,334,176,158,177,101,76,39,15,24,5,4,1,113,56,57
MILAM COUNTY,331,16 Years,375,197,178,205,114,91,42,22,20,8,5,3,120,56,64
MILAM COUNTY,331,17 Years,379,207,172,203,112,91,44,26,18,8,3,5,124,66,58
MILAM COUNTY,331,18 Years,387,213,174,198,105,93,53,31,22,9,5,4,127,72,55
MILAM COUNTY,331,19 Years,369,191,178,177,88,89,52,31,21,8,4,4,132,68,64
MILAM COUNTY,331,20 Years,348,192,156,170,93,77,51,33,18,6,1,5,121,65,56
MILAM COUNTY,331,21 Years,325,170,155,175,91,84,39,19,20,5,2,3,106,58,48
MILAM COUNTY,331,22 Years,264,126,138,138,64,74,29,14,15,4,2,2,93,46,47
MILAM COUNTY,331,23 Years,231,120,111,117,59,58,30,18,12,4,3,1,80,40,40
MILAM COUNTY,331,24 Years,235,114,121,116,50,66,28,17,11,2,1,1,89,46,43
MILAM COUNTY,331,25 Years,230,121,109,134,65,69,22,13,9,2,1,1,72,42,30
MILAM COUNTY,331,26 Years,218,118,100,127,68,59,24,15,9,4,2,2,63,33,30
MILAM COUNTY,331,27 Years,221,115,106,124,59,65,21,12,9,3,2,1,73,42,31
MILAM COUNTY,331,28 Years,227,110,117,122,56,66,23,13,10,4,2,2,78,39,39
MILAM COUNTY,331,29 Years,226,121,105,118,72,46,19,7,12,3,1,2,86,41,45
MILAM COUNTY,331,30 Years,254,131,123,144,76,68,20,9,11,7,3,4,83,43,40
MILAM COUNTY,331,31 Years,231,115,116,134,63,71,20,8,12,3,1,2,74,43,31
MILAM COUNTY,331,32 Years,227,110,117,137,63,74,17,7,10,1,1,0,72,39,33
MILAM COUNTY,331,33 Years,240,114,126,140,64,76,23,9,14,4,3,1,73,38,35
MILAM COUNTY,331,34 Years,235,100,135,145,55,90,18,6,12,3,2,1,69,37,32
MILAM COUNTY,331,35 Years,241,106,135,146,63,83,18,3,15,3,2,1,74,38,36
MILAM COUNTY,331,36 Years,240,112,128,140,67,73,23,7,16,1,1,0,76,37,39
MILAM COUNTY,331,37 Years,272,134,138,151,77,74,31,12,19,4,3,1,86,42,44
MILAM COUNTY,331,38 Years,243,115,128,147,67,80,22,9,13,4,1,3,70,38,32
MILAM COUNTY,331,39 Years,252,114,138,147,68,79,27,9,18,3,0,3,75,37,38
MILAM COUNTY,331,40 Years,246,122,124,159,78,81,22,9,13,2,1,1,63,34,29
MILAM COUNTY,331,41 Years,273,137,136,183,88,95,27,15,12,5,2,3,58,32,26
MILAM COUNTY,331,42 Years,292,161,131,189,106,83,24,13,11,3,1,2,76,41,35
MILAM COUNTY,331,43 Years,287,142,145,180,91,89,27,9,18,5,2,3,75,40,35
MILAM COUNTY,331,44 Years,273,125,148,175,82,93,23,8,15,6,3,3,69,32,37
MILAM COUNTY,331,45 Years,275,139,136,188,95,93,20,10,10,4,3,1,63,31,32
MILAM COUNTY,331,46 Years,292,148,144,191,97,94,35,17,18,3,2,1,63,32,31
MILAM COUNTY,331,47 Years,308,145,163,198,96,102,35,15,20,6,3,3,69,31,38
MILAM COUNTY,331,48 Years,310,163,147,208,106,102,31,18,13,3,1,2,68,38,30
MILAM COUNTY,331,49 Years,324,162,162,221,109,112,35,18,17,1,1,0,67,34,33
MILAM COUNTY,331,50 Years,363,174,189,250,122,128,36,16,20,7,3,4,70,33,37
MILAM COUNTY,331,51 Years,331,157,174,229,106,123,37,17,20,7,2,5,58,32,26
MILAM COUNTY,331,52 Years,346,176,170,237,119,118,42,25,17,5,2,3,62,30,32
MILAM COUNTY,331,53 Years,362,174,188,252,123,129,45,21,24,4,3,1,61,27,34
MILAM COUNTY,331,54 Years,327,165,162,236,113,123,37,19,18,6,4,2,48,29,19
MILAM COUNTY,331,55 Years,340,166,174,241,112,129,28,16,12,6,3,3,65,35,30
MILAM COUNTY,331,56 Years,355,172,183,267,128,139,29,14,15,5,4,1,54,26,28
MILAM COUNTY,331,57 Years,361,186,175,269,133,136,29,16,13,6,3,3,57,34,23
MILAM COUNTY,331,58 Years,348,165,183,260,127,133,33,12,21,6,1,5,49,25,24
MILAM COUNTY,331,59 Years,353,172,181,273,138,135,33,15,18,3,1,2,44,18,26
MILAM COUNTY,331,60 Years,328,155,173,261,120,141,23,9,14,2,2,0,42,24,18
MILAM COUNTY,331,61 Years,321,155,166,255,123,132,22,8,14,4,2,2,40,22,18
MILAM COUNTY,331,62 Years,341,162,179,270,124,146,28,17,11,5,3,2,38,18,20
MILAM COUNTY,331,63 Years,309,153,156,241,121,120,28,15,13,4,1,3,36,16,20
MILAM COUNTY,331,64 Years,299,151,148,228,114,114,29,16,13,4,0,4,38,21,17
MILAM COUNTY,331,65 Years,311,163,148,238,122,116,33,17,16,4,2,2,36,22,14
MILAM COUNTY,331,66 Years,341,172,169,273,135,138,26,14,12,2,0,2,40,23,17
MILAM COUNTY,331,67 Years,270,145,125,217,119,98,22,12,10,1,0,1,30,14,16
MILAM COUNTY,331,68 Years,278,148,130,221,117,104,18,9,9,3,2,1,36,20,16
MILAM COUNTY,331,69 Years,253,127,126,204,102,102,19,9,10,4,3,1,26,13,13
MILAM COUNTY,331,70 Years,242,123,119,203,103,100,17,9,8,4,2,2,18,9,9
MILAM COUNTY,331,71 Years,221,113,108,184,95,89,17,8,9,3,1,2,17,9,8
MILAM COUNTY,331,72 Years,204,101,103,166,87,79,17,6,11,2,0,2,19,8,11
MILAM COUNTY,331,73 Years,193,95,98,155,77,78,14,3,11,2,2,0,22,13,9
MILAM COUNTY,331,74 Years,182,88,94,147,71,76,19,7,12,1,1,0,15,9,6
MILAM COUNTY,331,75 Years,192,91,101,154,74,80,16,8,8,3,1,2,19,8,11
MILAM COUNTY,331,76 Years,191,78,113,153,67,86,19,7,12,4,1,3,15,3,12
MILAM COUNTY,331,77 Years,179,84,95,145,68,77,14,6,8,2,0,2,18,10,8
MILAM COUNTY,331,78 Years,156,75,81,126,57,69,14,8,6,0,0,0,16,10,6
MILAM COUNTY,331,79 Years,155,69,86,127,57,70,15,6,9,1,1,0,12,5,7
MILAM COUNTY,331,80 Years,139,64,75,116,54,62,12,6,6,3,0,3,8,4,4
MILAM COUNTY,331,81 Years,125,53,72,106,43,63,8,5,3,1,0,1,10,5,5
MILAM COUNTY,331,82 Years,128,53,75,103,44,59,15,5,10,1,1,0,9,3,6
MILAM COUNTY,331,83 Years,116,48,68,96,40,56,11,3,8,0,0,0,9,5,4
MILAM COUNTY,331,84 Years,120,52,68,100,44,56,10,4,6,1,0,1,9,4,5
MILAM COUNTY,331,85 Years +,596,206,390,503,171,332,47,11,36,6,4,2,40,20,20
MILLS COUNTY,333,All Ages,4972,2464,2508,4010,1960,2050,23,11,12,74,42,32,865,451,414
MILLS COUNTY,333,< 1 Year,51,28,23,38,21,17,0,0,0,0,0,0,13,7,6
MILLS COUNTY,333,1 Years,52,26,26,37,19,18,0,0,0,1,0,1,14,7,7
MILLS COUNTY,333,2 Years,49,26,23,35,18,17,0,0,0,1,1,0,13,7,6
MILLS COUNTY,333,3 Years,49,26,23,30,13,17,0,0,0,1,1,0,18,12,6
MILLS COUNTY,333,4 Years,56,33,23,37,21,16,0,0,0,2,2,0,17,10,7
MILLS COUNTY,333,5 Years,62,28,34,41,20,21,0,0,0,1,1,0,20,7,13
MILLS COUNTY,333,6 Years,66,29,37,45,23,22,0,0,0,2,1,1,19,5,14
MILLS COUNTY,333,7 Years,67,36,31,49,29,20,0,0,0,1,0,1,17,7,10
MILLS COUNTY,333,8 Years,60,28,32,41,18,23,0,0,0,2,1,1,17,9,8
MILLS COUNTY,333,9 Years,62,34,28,44,23,21,0,0,0,2,2,0,16,9,7
MILLS COUNTY,333,10 Years,60,31,29,46,22,24,1,1,0,2,2,0,11,6,5
MILLS COUNTY,333,11 Years,64,36,28,52,28,24,1,1,0,1,1,0,10,6,4
MILLS COUNTY,333,12 Years,73,42,31,60,34,26,1,0,1,1,1,0,11,7,4
MILLS COUNTY,333,13 Years,79,42,37,62,35,27,3,1,2,1,1,0,13,5,8
MILLS COUNTY,333,14 Years,78,37,41,58,27,31,4,3,1,1,0,1,15,7,8
MILLS COUNTY,333,15 Years,76,32,44,58,26,32,5,1,4,0,0,0,13,5,8
MILLS COUNTY,333,16 Years,82,42,40,62,31,31,2,1,1,0,0,0,18,10,8
MILLS COUNTY,333,17 Years,79,45,34,53,29,24,1,1,0,0,0,0,25,15,10
MILLS COUNTY,333,18 Years,72,38,34,51,25,26,1,1,0,1,0,1,19,12,7
MILLS COUNTY,333,19 Years,72,38,34,49,25,24,1,1,0,2,2,0,20,10,10
MILLS COUNTY,333,20 Years,73,45,28,52,30,22,0,0,0,1,1,0,20,14,6
MILLS COUNTY,333,21 Years,67,40,27,52,29,23,0,0,0,0,0,0,15,11,4
MILLS COUNTY,333,22 Years,41,18,23,30,12,18,0,0,0,0,0,0,11,6,5
MILLS COUNTY,333,23 Years,38,20,18,23,12,11,0,0,0,1,0,1,14,8,6
MILLS COUNTY,333,24 Years,34,18,16,24,11,13,0,0,0,1,0,1,9,7,2
MILLS COUNTY,333,25 Years,37,17,20,23,10,13,0,0,0,0,0,0,14,7,7
MILLS COUNTY,333,26 Years,40,22,18,27,18,9,0,0,0,1,0,1,12,4,8
MILLS COUNTY,333,27 Years,34,20,14,27,17,10,0,0,0,1,0,1,6,3,3
MILLS COUNTY,333,28 Years,37,19,18,30,16,14,0,0,0,0,0,0,7,3,4
MILLS COUNTY,333,29 Years,35,20,15,26,15,11,0,0,0,0,0,0,9,5,4
MILLS COUNTY,333,30 Years,38,15,23,26,9,17,0,0,0,2,0,2,10,6,4
MILLS COUNTY,333,31 Years,40,13,27,31,11,20,0,0,0,1,0,1,8,2,6
MILLS COUNTY,333,32 Years,38,16,22,29,12,17,0,0,0,0,0,0,9,4,5
MILLS COUNTY,333,33 Years,44,25,19,34,19,15,0,0,0,1,1,0,9,5,4
MILLS COUNTY,333,34 Years,45,24,21,30,14,16,0,0,0,1,1,0,14,9,5
MILLS COUNTY,333,35 Years,39,18,21,28,13,15,0,0,0,0,0,0,11,5,6
MILLS COUNTY,333,36 Years,43,22,21,33,17,16,0,0,0,2,2,0,8,3,5
MILLS COUNTY,333,37 Years,45,19,26,34,15,19,1,0,1,2,1,1,8,3,5
MILLS COUNTY,333,38 Years,33,16,17,25,12,13,0,0,0,0,0,0,8,4,4
MILLS COUNTY,333,39 Years,38,20,18,28,15,13,0,0,0,1,1,0,9,4,5
MILLS COUNTY,333,40 Years,43,22,21,32,16,16,0,0,0,1,1,0,10,5,5
MILLS COUNTY,333,41 Years,45,19,26,31,14,17,0,0,0,0,0,0,14,5,9
MILLS COUNTY,333,42 Years,59,24,35,43,17,26,0,0,0,2,2,0,14,5,9
MILLS COUNTY,333,43 Years,66,34,32,51,25,26,0,0,0,2,2,0,13,7,6
MILLS COUNTY,333,44 Years,62,36,26,51,31,20,0,0,0,1,0,1,10,5,5
MILLS COUNTY,333,45 Years,53,27,26,44,21,23,0,0,0,0,0,0,9,6,3
MILLS COUNTY,333,46 Years,63,32,31,53,26,27,0,0,0,0,0,0,10,6,4
MILLS COUNTY,333,47 Years,62,32,30,48,25,23,0,0,0,0,0,0,14,7,7
MILLS COUNTY,333,48 Years,70,39,31,52,26,26,0,0,0,1,1,0,17,12,5
MILLS COUNTY,333,49 Years,60,30,30,48,23,25,0,0,0,2,1,1,10,6,4
MILLS COUNTY,333,50 Years,59,29,30,46,20,26,0,0,0,1,0,1,12,9,3
MILLS COUNTY,333,51 Years,64,32,32,53,25,28,1,0,1,2,1,1,8,6,2
MILLS COUNTY,333,52 Years,73,36,37,59,28,31,0,0,0,2,1,1,12,7,5
MILLS COUNTY,333,53 Years,59,33,26,53,29,24,0,0,0,0,0,0,6,4,2
MILLS COUNTY,333,54 Years,51,24,27,45,22,23,0,0,0,0,0,0,6,2,4
MILLS COUNTY,333,55 Years,63,29,34,55,26,29,0,0,0,2,0,2,6,3,3
MILLS COUNTY,333,56 Years,67,32,35,55,26,29,0,0,0,4,2,2,8,4,4
MILLS COUNTY,333,57 Years,77,37,40,65,30,35,0,0,0,2,1,1,10,6,4
MILLS COUNTY,333,58 Years,77,42,35,65,35,30,0,0,0,1,0,1,11,7,4
MILLS COUNTY,333,59 Years,69,34,35,60,30,30,1,0,1,0,0,0,8,4,4
MILLS COUNTY,333,60 Years,71,33,38,60,28,32,0,0,0,2,1,1,9,4,5
MILLS COUNTY,333,61 Years,68,30,38,58,26,32,0,0,0,0,0,0,10,4,6
MILLS COUNTY,333,62 Years,73,40,33,65,37,28,0,0,0,1,0,1,7,3,4
MILLS COUNTY,333,63 Years,77,37,40,68,33,35,0,0,0,1,1,0,8,3,5
MILLS COUNTY,333,64 Years,78,33,45,68,30,38,0,0,0,1,0,1,9,3,6
MILLS COUNTY,333,65 Years,68,35,33,63,33,30,0,0,0,0,0,0,5,2,3
MILLS COUNTY,333,66 Years,69,35,34,66,33,33,0,0,0,0,0,0,3,2,1
MILLS COUNTY,333,67 Years,68,33,35,65,32,33,0,0,0,2,1,1,1,0,1
MILLS COUNTY,333,68 Years,75,34,41,68,30,38,0,0,0,2,1,1,5,3,2
MILLS COUNTY,333,69 Years,78,41,37,74,39,35,0,0,0,1,1,0,3,1,2
MILLS COUNTY,333,70 Years,76,39,37,70,36,34,0,0,0,0,0,0,6,3,3
MILLS COUNTY,333,71 Years,69,34,35,67,33,34,0,0,0,0,0,0,2,1,1
MILLS COUNTY,333,72 Years,60,34,26,55,32,23,0,0,0,0,0,0,5,2,3
MILLS COUNTY,333,73 Years,50,25,25,45,21,24,0,0,0,1,1,0,4,3,1
MILLS COUNTY,333,74 Years,57,23,34,50,19,31,0,0,0,0,0,0,7,4,3
MILLS COUNTY,333,75 Years,47,20,27,43,18,25,0,0,0,1,1,0,3,1,2
MILLS COUNTY,333,76 Years,40,20,20,39,19,20,0,0,0,0,0,0,1,1,0
MILLS COUNTY,333,77 Years,40,22,18,36,20,16,0,0,0,0,0,0,4,2,2
MILLS COUNTY,333,78 Years,32,16,16,28,14,14,0,0,0,0,0,0,4,2,2
MILLS COUNTY,333,79 Years,39,15,24,35,14,21,0,0,0,0,0,0,4,1,3
MILLS COUNTY,333,80 Years,40,20,20,34,17,17,0,0,0,0,0,0,6,3,3
MILLS COUNTY,333,81 Years,41,21,20,37,19,18,0,0,0,0,0,0,4,2,2
MILLS COUNTY,333,82 Years,37,14,23,34,13,21,0,0,0,0,0,0,3,1,2
MILLS COUNTY,333,83 Years,28,10,18,27,9,18,0,0,0,0,0,0,1,1,0
MILLS COUNTY,333,84 Years,25,8,17,22,7,15,0,0,0,1,0,1,2,1,1
MILLS COUNTY,333,85 Years +,176,65,111,164,59,105,0,0,0,1,0,1,11,6,5
MITCHELL COUNTY,335,All Ages,9309,5688,3621,4632,2456,2176,1016,893,123,127,72,55,3534,2267,1267
MITCHELL COUNTY,335,< 1 Year,93,48,45,43,22,21,3,1,2,2,1,1,45,24,21
MITCHELL COUNTY,335,1 Years,93,47,46,45,23,22,4,2,2,1,0,1,43,22,21
MITCHELL COUNTY,335,2 Years,94,49,45,46,24,22,3,2,1,2,1,1,43,22,21
MITCHELL COUNTY,335,3 Years,93,48,45,40,16,24,2,1,1,2,1,1,49,30,19
MITCHELL COUNTY,335,4 Years,98,46,52,46,19,27,3,1,2,1,0,1,48,26,22
MITCHELL COUNTY,335,5 Years,100,50,50,44,22,22,2,1,1,4,1,3,50,26,24
MITCHELL COUNTY,335,6 Years,101,52,49,44,24,20,4,0,4,2,2,0,51,26,25
MITCHELL COUNTY,335,7 Years,94,48,46,44,23,21,3,1,2,1,1,0,46,23,23
MITCHELL COUNTY,335,8 Years,78,46,32,30,18,12,3,2,1,2,1,1,43,25,18
MITCHELL COUNTY,335,9 Years,99,51,48,46,23,23,6,3,3,1,1,0,46,24,22
MITCHELL COUNTY,335,10 Years,95,48,47,39,20,19,8,3,5,2,1,1,46,24,22
MITCHELL COUNTY,335,11 Years,94,49,45,44,23,21,8,6,2,1,1,0,41,19,22
MITCHELL COUNTY,335,12 Years,107,53,54,55,28,27,5,4,1,0,0,0,47,21,26
MITCHELL COUNTY,335,13 Years,109,58,51,54,27,27,4,3,1,1,1,0,50,27,23
MITCHELL COUNTY,335,14 Years,109,57,52,54,32,22,5,2,3,2,1,1,48,22,26
MITCHELL COUNTY,335,15 Years,112,61,51,58,33,25,5,3,2,0,0,0,49,25,24
MITCHELL COUNTY,335,16 Years,91,46,45,51,23,28,4,3,1,1,1,0,35,19,16
MITCHELL COUNTY,335,17 Years,89,43,46,42,19,23,3,3,0,2,1,1,42,20,22
MITCHELL COUNTY,335,18 Years,119,63,56,48,19,29,6,5,1,3,2,1,62,37,25
MITCHELL COUNTY,335,19 Years,159,109,50,50,26,24,24,21,3,1,1,0,84,61,23
MITCHELL COUNTY,335,20 Years,182,140,42,44,26,18,35,31,4,2,2,0,101,81,20
MITCHELL COUNTY,335,21 Years,212,172,40,53,34,19,60,58,2,3,2,1,96,78,18
MITCHELL COUNTY,335,22 Years,205,168,37,64,46,18,57,55,2,1,0,1,83,67,16
MITCHELL COUNTY,335,23 Years,183,146,37,50,35,15,48,45,3,1,1,0,84,65,19
MITCHELL COUNTY,335,24 Years,183,147,36,55,37,18,45,42,3,1,0,1,82,68,14
MITCHELL COUNTY,335,25 Years,187,157,30,55,43,12,60,58,2,1,1,0,71,55,16
MITCHELL COUNTY,335,26 Years,193,158,35,56,38,18,46,45,1,2,1,1,89,74,15
MITCHELL COUNTY,335,27 Years,154,122,32,53,35,18,30,30,0,3,1,2,68,56,12
MITCHELL COUNTY,335,28 Years,172,132,40,51,33,18,38,37,1,2,0,2,81,62,19
MITCHELL COUNTY,335,29 Years,150,113,37,47,31,16,27,26,1,3,1,2,73,55,18
MITCHELL COUNTY,335,30 Years,157,120,37,58,37,21,31,31,0,2,2,0,66,50,16
MITCHELL COUNTY,335,31 Years,133,97,36,56,35,21,24,23,1,0,0,0,53,39,14
MITCHELL COUNTY,335,32 Years,152,108,44,71,44,27,19,19,0,2,2,0,60,43,17
MITCHELL COUNTY,335,33 Years,144,95,49,62,30,32,24,23,1,3,2,1,55,40,15
MITCHELL COUNTY,335,34 Years,151,109,42,63,38,25,25,22,3,3,1,2,60,48,12
MITCHELL COUNTY,335,35 Years,132,100,32,58,34,24,20,19,1,1,1,0,53,46,7
MITCHELL COUNTY,335,36 Years,126,88,38,60,32,28,20,20,0,2,2,0,44,34,10
MITCHELL COUNTY,335,37 Years,128,98,30,49,31,18,20,20,0,1,1,0,58,46,12
MITCHELL COUNTY,335,38 Years,130,98,32,59,38,21,19,19,0,3,3,0,49,38,11
MITCHELL COUNTY,335,39 Years,119,85,34,65,40,25,14,13,1,2,2,0,38,30,8
MITCHELL COUNTY,335,40 Years,85,48,37,49,26,23,10,9,1,1,1,0,25,12,13
MITCHELL COUNTY,335,41 Years,105,67,38,44,24,20,14,13,1,2,2,0,45,28,17
MITCHELL COUNTY,335,42 Years,125,75,50,54,25,29,18,17,1,1,1,0,52,32,20
MITCHELL COUNTY,335,43 Years,141,87,54,64,36,28,23,21,2,0,0,0,54,30,24
MITCHELL COUNTY,335,44 Years,108,69,39,56,32,24,11,9,2,2,2,0,39,26,13
MITCHELL COUNTY,335,45 Years,114,86,28,59,43,16,10,10,0,3,2,1,42,31,11
MITCHELL COUNTY,335,46 Years,117,74,43,50,28,22,13,11,2,2,1,1,52,34,18
MITCHELL COUNTY,335,47 Years,133,90,43,62,38,24,15,12,3,2,1,1,54,39,15
MITCHELL COUNTY,335,48 Years,110,64,46,53,26,27,16,13,3,0,0,0,41,25,16
MITCHELL COUNTY,335,49 Years,99,59,40,52,29,23,8,6,2,0,0,0,39,24,15
MITCHELL COUNTY,335,50 Years,113,69,44,62,34,28,4,3,1,1,1,0,46,31,15
MITCHELL COUNTY,335,51 Years,114,67,47,73,42,31,7,4,3,1,0,1,33,21,12
MITCHELL COUNTY,335,52 Years,103,59,44,56,30,26,9,8,1,1,0,1,37,21,16
MITCHELL COUNTY,335,53 Years,126,77,49,81,46,35,14,13,1,1,1,0,30,17,13
MITCHELL COUNTY,335,54 Years,122,72,50,73,41,32,8,6,2,3,1,2,38,24,14
MITCHELL COUNTY,335,55 Years,106,48,58,65,28,37,3,2,1,2,1,1,36,17,19
MITCHELL COUNTY,335,56 Years,97,50,47,65,30,35,3,2,1,2,1,1,27,17,10
MITCHELL COUNTY,335,57 Years,91,44,47,60,28,32,7,3,4,0,0,0,24,13,11
MITCHELL COUNTY,335,58 Years,107,56,51,78,41,37,3,1,2,3,2,1,23,12,11
MITCHELL COUNTY,335,59 Years,112,54,58,80,37,43,6,5,1,1,0,1,25,12,13
MITCHELL COUNTY,335,60 Years,112,55,57,77,38,39,3,2,1,1,0,1,31,15,16
MITCHELL COUNTY,335,61 Years,117,60,57,82,42,40,4,1,3,2,1,1,29,16,13
MITCHELL COUNTY,335,62 Years,107,42,65,71,31,40,2,0,2,2,0,2,32,11,21
MITCHELL COUNTY,335,63 Years,95,45,50,68,34,34,1,0,1,1,0,1,25,11,14
MITCHELL COUNTY,335,64 Years,84,43,41,54,26,28,1,0,1,2,2,0,27,15,12
MITCHELL COUNTY,335,65 Years,92,50,42,63,34,29,1,0,1,1,1,0,27,15,12
MITCHELL COUNTY,335,66 Years,98,51,47,73,36,37,0,0,0,1,1,0,24,14,10
MITCHELL COUNTY,335,67 Years,80,36,44,58,22,36,1,0,1,2,1,1,19,13,6
MITCHELL COUNTY,335,68 Years,76,37,39,56,26,30,1,1,0,2,1,1,17,9,8
MITCHELL COUNTY,335,69 Years,71,30,41,47,19,28,3,1,2,2,1,1,19,9,10
MITCHELL COUNTY,335,70 Years,71,31,40,48,19,29,3,2,1,1,1,0,19,9,10
MITCHELL COUNTY,335,71 Years,68,36,32,50,31,19,2,1,1,0,0,0,16,4,12
MITCHELL COUNTY,335,72 Years,65,27,38,45,19,26,1,1,0,3,1,2,16,6,10
MITCHELL COUNTY,335,73 Years,45,18,27,30,10,20,1,1,0,1,0,1,13,7,6
MITCHELL COUNTY,335,74 Years,53,25,28,38,18,20,2,2,0,1,0,1,12,5,7
MITCHELL COUNTY,335,75 Years,55,22,33,42,19,23,0,0,0,1,0,1,12,3,9
MITCHELL COUNTY,335,76 Years,56,28,28,43,23,20,2,1,1,0,0,0,11,4,7
MITCHELL COUNTY,335,77 Years,53,28,25,34,19,15,2,1,1,2,1,1,15,7,8
MITCHELL COUNTY,335,78 Years,45,19,26,33,12,21,1,1,0,1,0,1,10,6,4
MITCHELL COUNTY,335,79 Years,33,13,20,24,9,15,1,1,0,0,0,0,8,3,5
MITCHELL COUNTY,335,80 Years,39,17,22,25,14,11,3,1,2,0,0,0,11,2,9
MITCHELL COUNTY,335,81 Years,39,20,19,29,15,14,1,0,1,2,1,1,7,4,3
MITCHELL COUNTY,335,82 Years,44,18,26,33,14,19,3,1,2,2,0,2,6,3,3
MITCHELL COUNTY,335,83 Years,34,11,23,28,8,20,1,1,0,0,0,0,5,2,3
MITCHELL COUNTY,335,84 Years,27,11,16,23,9,14,0,0,0,0,0,0,4,2,2
MITCHELL COUNTY,335,85 Years +,202,75,127,170,64,106,7,3,4,0,0,0,25,8,17
MONTAGUE COUNTY,337,All Ages,19947,9824,10123,17333,8530,8803,36,30,6,422,182,240,2156,1082,1074
MONTAGUE COUNTY,337,< 1 Year,233,117,116,186,93,93,0,0,0,7,3,4,40,21,19
MONTAGUE COUNTY,337,1 Years,234,120,114,188,96,92,0,0,0,5,3,2,41,21,20
MONTAGUE COUNTY,337,2 Years,237,122,115,191,98,93,0,0,0,5,3,2,41,21,20
MONTAGUE COUNTY,337,3 Years,254,134,120,196,108,88,1,1,0,4,2,2,53,23,30
MONTAGUE COUNTY,337,4 Years,252,128,124,190,97,93,2,2,0,4,2,2,56,27,29
MONTAGUE COUNTY,337,5 Years,259,134,125,202,101,101,1,1,0,7,4,3,49,28,21
MONTAGUE COUNTY,337,6 Years,254,136,118,199,105,94,1,1,0,7,3,4,47,27,20
MONTAGUE COUNTY,337,7 Years,228,123,105,171,92,79,1,1,0,7,4,3,49,26,23
MONTAGUE COUNTY,337,8 Years,249,130,119,186,97,89,1,1,0,10,5,5,52,27,25
MONTAGUE COUNTY,337,9 Years,263,131,132,199,98,101,1,0,1,11,4,7,52,29,23
MONTAGUE COUNTY,337,10 Years,244,129,115,188,100,88,0,0,0,9,3,6,47,26,21
MONTAGUE COUNTY,337,11 Years,258,145,113,196,109,87,1,1,0,9,3,6,52,32,20
MONTAGUE COUNTY,337,12 Years,267,127,140,211,100,111,1,1,0,8,4,4,47,22,25
MONTAGUE COUNTY,337,13 Years,240,107,133,184,88,96,2,1,1,6,4,2,48,14,34
MONTAGUE COUNTY,337,14 Years,258,128,130,202,102,100,0,0,0,9,6,3,47,20,27
MONTAGUE COUNTY,337,15 Years,268,126,142,218,103,115,1,0,1,6,3,3,43,20,23
MONTAGUE COUNTY,337,16 Years,254,113,141,203,94,109,2,1,1,7,4,3,42,14,28
MONTAGUE COUNTY,337,17 Years,243,110,133,193,92,101,1,1,0,8,2,6,41,15,26
MONTAGUE COUNTY,337,18 Years,230,109,121,178,85,93,1,0,1,8,3,5,43,21,22
MONTAGUE COUNTY,337,19 Years,215,110,105,163,84,79,2,2,0,4,2,2,46,22,24
MONTAGUE COUNTY,337,20 Years,222,115,107,171,88,83,1,1,0,9,4,5,41,22,19
MONTAGUE COUNTY,337,21 Years,229,113,116,181,93,88,2,2,0,7,2,5,39,16,23
MONTAGUE COUNTY,337,22 Years,191,101,90,140,79,61,1,1,0,4,2,2,46,19,27
MONTAGUE COUNTY,337,23 Years,208,105,103,172,87,85,0,0,0,1,0,1,35,18,17
MONTAGUE COUNTY,337,24 Years,215,104,111,180,89,91,0,0,0,2,1,1,33,14,19
MONTAGUE COUNTY,337,25 Years,195,86,109,162,70,92,0,0,0,3,1,2,30,15,15
MONTAGUE COUNTY,337,26 Years,184,81,103,148,65,83,0,0,0,5,2,3,31,14,17
MONTAGUE COUNTY,337,27 Years,197,114,83,168,96,72,0,0,0,4,2,2,25,16,9
MONTAGUE COUNTY,337,28 Years,181,101,80,145,80,65,1,1,0,0,0,0,35,20,15
MONTAGUE COUNTY,337,29 Years,189,93,96,149,70,79,2,2,0,2,1,1,36,20,16
MONTAGUE COUNTY,337,30 Years,192,100,92,155,79,76,0,0,0,9,7,2,28,14,14
MONTAGUE COUNTY,337,31 Years,188,93,95,153,75,78,0,0,0,6,4,2,29,14,15
MONTAGUE COUNTY,337,32 Years,201,97,104,174,85,89,0,0,0,6,2,4,21,10,11
MONTAGUE COUNTY,337,33 Years,204,107,97,172,92,80,0,0,0,6,1,5,26,14,12
MONTAGUE COUNTY,337,34 Years,177,93,84,150,79,71,0,0,0,3,0,3,24,14,10
MONTAGUE COUNTY,337,35 Years,196,102,94,166,84,82,0,0,0,4,2,2,26,16,10
MONTAGUE COUNTY,337,36 Years,192,90,102,160,73,87,0,0,0,4,1,3,28,16,12
MONTAGUE COUNTY,337,37 Years,194,95,99,162,78,84,0,0,0,5,2,3,27,15,12
MONTAGUE COUNTY,337,38 Years,208,96,112,172,79,93,0,0,0,2,2,0,34,15,19
MONTAGUE COUNTY,337,39 Years,216,102,114,175,87,88,1,1,0,6,2,4,34,12,22
MONTAGUE COUNTY,337,40 Years,233,131,102,194,114,80,1,1,0,5,1,4,33,15,18
MONTAGUE COUNTY,337,41 Years,214,112,102,187,99,88,0,0,0,3,2,1,24,11,13
MONTAGUE COUNTY,337,42 Years,239,124,115,210,111,99,0,0,0,5,0,5,24,13,11
MONTAGUE COUNTY,337,43 Years,227,114,113,199,99,100,0,0,0,3,1,2,25,14,11
MONTAGUE COUNTY,337,44 Years,243,115,128,204,99,105,1,1,0,7,2,5,31,13,18
MONTAGUE COUNTY,337,45 Years,225,106,119,189,90,99,0,0,0,7,2,5,29,14,15
MONTAGUE COUNTY,337,46 Years,248,132,116,221,117,104,0,0,0,3,2,1,24,13,11
MONTAGUE COUNTY,337,47 Years,276,143,133,243,126,117,0,0,0,6,3,3,27,14,13
MONTAGUE COUNTY,337,48 Years,270,137,133,234,121,113,0,0,0,4,0,4,32,16,16
MONTAGUE COUNTY,337,49 Years,252,120,132,223,111,112,0,0,0,3,0,3,26,9,17
MONTAGUE COUNTY,337,50 Years,273,135,138,241,119,122,0,0,0,6,3,3,26,13,13
MONTAGUE COUNTY,337,51 Years,300,156,144,259,134,125,1,1,0,12,5,7,28,16,12
MONTAGUE COUNTY,337,52 Years,310,150,160,273,130,143,0,0,0,10,3,7,27,17,10
MONTAGUE COUNTY,337,53 Years,320,158,162,287,140,147,0,0,0,7,4,3,26,14,12
MONTAGUE COUNTY,337,54 Years,285,141,144,261,127,134,0,0,0,8,3,5,16,11,5
MONTAGUE COUNTY,337,55 Years,296,149,147,276,137,139,1,0,1,3,2,1,16,10,6
MONTAGUE COUNTY,337,56 Years,307,153,154,278,138,140,1,1,0,8,3,5,20,11,9
MONTAGUE COUNTY,337,57 Years,278,140,138,255,125,130,0,0,0,8,5,3,15,10,5
MONTAGUE COUNTY,337,58 Years,286,141,145,267,131,136,1,1,0,5,2,3,13,7,6
MONTAGUE COUNTY,337,59 Years,282,136,146,265,127,138,0,0,0,6,3,3,11,6,5
MONTAGUE COUNTY,337,60 Years,255,123,132,246,119,127,0,0,0,3,1,2,6,3,3
MONTAGUE COUNTY,337,61 Years,262,135,127,254,129,125,0,0,0,3,2,1,5,4,1
MONTAGUE COUNTY,337,62 Years,264,135,129,255,130,125,1,1,0,2,1,1,6,3,3
MONTAGUE COUNTY,337,63 Years,279,129,150,270,125,145,0,0,0,3,2,1,6,2,4
MONTAGUE COUNTY,337,64 Years,299,132,167,286,128,158,0,0,0,4,2,2,9,2,7
MONTAGUE COUNTY,337,65 Years,317,157,160,304,152,152,0,0,0,5,2,3,8,3,5
MONTAGUE COUNTY,337,66 Years,311,167,144,294,156,138,1,1,0,8,5,3,8,5,3
MONTAGUE COUNTY,337,67 Years,274,138,136,261,131,130,1,1,0,5,2,3,7,4,3
MONTAGUE COUNTY,337,68 Years,247,113,134,239,109,130,0,0,0,3,1,2,5,3,2
MONTAGUE COUNTY,337,69 Years,254,127,127,245,122,123,0,0,0,3,1,2,6,4,2
MONTAGUE COUNTY,337,70 Years,249,121,128,239,114,125,0,0,0,3,2,1,7,5,2
MONTAGUE COUNTY,337,71 Years,230,113,117,220,106,114,0,0,0,3,1,2,7,6,1
MONTAGUE COUNTY,337,72 Years,200,109,91,193,104,89,0,0,0,3,3,0,4,2,2
MONTAGUE COUNTY,337,73 Years,172,89,83,164,85,79,0,0,0,2,1,1,6,3,3
MONTAGUE COUNTY,337,74 Years,179,89,90,175,86,89,0,0,0,0,0,0,4,3,1
MONTAGUE COUNTY,337,75 Years,193,85,108,190,84,106,0,0,0,2,1,1,1,0,1
MONTAGUE COUNTY,337,76 Years,185,85,100,182,84,98,0,0,0,2,0,2,1,1,0
MONTAGUE COUNTY,337,77 Years,167,74,93,159,69,90,0,0,0,3,1,2,5,4,1
MONTAGUE COUNTY,337,78 Years,144,64,80,137,61,76,0,0,0,4,1,3,3,2,1
MONTAGUE COUNTY,337,79 Years,136,65,71,132,64,68,0,0,0,2,1,1,2,0,2
MONTAGUE COUNTY,337,80 Years,136,64,72,133,63,70,0,0,0,1,0,1,2,1,1
MONTAGUE COUNTY,337,81 Years,127,57,70,121,56,65,0,0,0,2,0,2,4,1,3
MONTAGUE COUNTY,337,82 Years,110,50,60,106,48,58,0,0,0,2,1,1,2,1,1
MONTAGUE COUNTY,337,83 Years,96,39,57,93,38,55,0,0,0,1,0,1,2,1,1
MONTAGUE COUNTY,337,84 Years,90,39,51,89,39,50,0,0,0,0,0,0,1,0,1
MONTAGUE COUNTY,337,85 Years +,488,165,323,481,163,318,0,0,0,5,0,5,2,2,0
MONTGOMERY COUNTY,339,All Ages,497791,244988,252803,341559,166178,175381,20900,10028,10872,21040,10004,11036,114292,58778,55514
MONTGOMERY COUNTY,339,< 1 Year,6477,3299,3178,3854,1970,1884,280,142,138,365,187,178,1978,1000,978
MONTGOMERY COUNTY,339,1 Years,6275,3197,3078,3798,1935,1863,274,140,134,260,131,129,1943,991,952
MONTGOMERY COUNTY,339,2 Years,6153,3135,3018,3767,1920,1847,267,137,130,272,135,137,1847,943,904
MONTGOMERY COUNTY,339,3 Years,6279,3274,3005,3597,1889,1708,255,125,130,338,173,165,2089,1087,1002
MONTGOMERY COUNTY,339,4 Years,6527,3383,3144,3685,1931,1754,270,131,139,397,203,194,2175,1118,1057
MONTGOMERY COUNTY,339,5 Years,6919,3560,3359,3923,2044,1879,307,150,157,417,212,205,2272,1154,1118
MONTGOMERY COUNTY,339,6 Years,7183,3657,3526,4081,2079,2002,308,158,150,426,224,202,2368,1196,1172
MONTGOMERY COUNTY,339,7 Years,7351,3779,3572,4171,2163,2008,324,151,173,440,226,214,2416,1239,1177
MONTGOMERY COUNTY,339,8 Years,7493,3791,3702,4278,2159,2119,293,151,142,451,230,221,2471,1251,1220
MONTGOMERY COUNTY,339,9 Years,7666,3920,3746,4460,2274,2186,324,168,156,446,235,211,2436,1243,1193
MONTGOMERY COUNTY,339,10 Years,7853,4007,3846,4621,2347,2274,365,187,178,406,207,199,2461,1266,1195
MONTGOMERY COUNTY,339,11 Years,7923,4004,3919,4645,2342,2303,378,193,185,404,208,196,2496,1261,1235
MONTGOMERY COUNTY,339,12 Years,8043,4065,3978,4708,2365,2343,383,210,173,417,204,213,2535,1286,1249
MONTGOMERY COUNTY,339,13 Years,8043,4066,3977,4811,2447,2364,380,190,190,402,196,206,2450,1233,1217
MONTGOMERY COUNTY,339,14 Years,7883,4020,3863,4754,2413,2341,398,193,205,371,183,188,2360,1231,1129
MONTGOMERY COUNTY,339,15 Years,7753,3946,3807,4719,2376,2343,391,193,198,380,192,188,2263,1185,1078
MONTGOMERY COUNTY,339,16 Years,7783,3983,3800,4704,2411,2293,378,186,192,405,202,203,2296,1184,1112
MONTGOMERY COUNTY,339,17 Years,7707,3899,3808,4693,2366,2327,386,193,193,410,210,200,2218,1130,1088
MONTGOMERY COUNTY,339,18 Years,7253,3680,3573,4476,2269,2207,339,172,167,366,178,188,2072,1061,1011
MONTGOMERY COUNTY,339,19 Years,6554,3331,3223,3913,1968,1945,328,166,162,326,155,171,1987,1042,945
MONTGOMERY COUNTY,339,20 Years,6271,3212,3059,3702,1876,1826,322,169,153,298,146,152,1949,1021,928
MONTGOMERY COUNTY,339,21 Years,5857,3020,2837,3492,1794,1698,297,149,148,236,122,114,1832,955,877
MONTGOMERY COUNTY,339,22 Years,5184,2677,2507,2960,1500,1460,268,140,128,213,117,96,1743,920,823
MONTGOMERY COUNTY,339,23 Years,5056,2632,2424,2952,1501,1451,249,120,129,199,94,105,1656,917,739
MONTGOMERY COUNTY,339,24 Years,4983,2580,2403,2967,1495,1472,238,113,125,184,85,99,1594,887,707
MONTGOMERY COUNTY,339,25 Years,4966,2529,2437,3018,1485,1533,226,110,116,211,99,112,1511,835,676
MONTGOMERY COUNTY,339,26 Years,5321,2675,2646,3287,1574,1713,242,110,132,207,100,107,1585,891,694
MONTGOMERY COUNTY,339,27 Years,5416,2709,2707,3285,1583,1702,255,122,133,182,93,89,1694,911,783
MONTGOMERY COUNTY,339,28 Years,5608,2868,2740,3386,1687,1699,282,149,133,202,100,102,1738,932,806
MONTGOMERY COUNTY,339,29 Years,5816,2885,2931,3649,1750,1899,262,128,134,221,103,118,1684,904,780
MONTGOMERY COUNTY,339,30 Years,6252,3052,3200,3916,1853,2063,268,125,143,230,110,120,1838,964,874
MONTGOMERY COUNTY,339,31 Years,6673,3255,3418,4203,1983,2220,289,147,142,247,118,129,1934,1007,927
MONTGOMERY COUNTY,339,32 Years,6823,3328,3495,4309,2039,2270,340,174,166,260,111,149,1914,1004,910
MONTGOMERY COUNTY,339,33 Years,6921,3386,3535,4394,2092,2302,358,164,194,272,125,147,1897,1005,892
MONTGOMERY COUNTY,339,34 Years,6745,3288,3457,4259,2043,2216,316,148,168,279,136,143,1891,961,930
MONTGOMERY COUNTY,339,35 Years,6726,3224,3502,4225,2011,2214,318,155,163,274,112,162,1909,946,963
MONTGOMERY COUNTY,339,36 Years,6858,3349,3509,4299,2102,2197,316,147,169,312,145,167,1931,955,976
MONTGOMERY COUNTY,339,37 Years,6838,3363,3475,4274,2100,2174,299,137,162,292,130,162,1973,996,977
MONTGOMERY COUNTY,339,38 Years,6966,3425,3541,4425,2179,2246,290,140,150,294,115,179,1957,991,966
MONTGOMERY COUNTY,339,39 Years,6915,3330,3585,4361,2113,2248,330,152,178,321,120,201,1903,945,958
MONTGOMERY COUNTY,339,40 Years,7050,3394,3656,4421,2136,2285,344,154,190,332,146,186,1953,958,995
MONTGOMERY COUNTY,339,41 Years,7417,3599,3818,4886,2358,2528,346,167,179,342,145,197,1843,929,914
MONTGOMERY COUNTY,339,42 Years,7746,3796,3950,5257,2563,2694,354,162,192,343,150,193,1792,921,871
MONTGOMERY COUNTY,339,43 Years,7750,3825,3925,5296,2588,2708,343,166,177,356,156,200,1755,915,840
MONTGOMERY COUNTY,339,44 Years,7438,3691,3747,5066,2484,2582,311,147,164,354,164,190,1707,896,811
MONTGOMERY COUNTY,339,45 Years,7197,3591,3606,4897,2413,2484,305,142,163,347,161,186,1648,875,773
MONTGOMERY COUNTY,339,46 Years,7080,3572,3508,4893,2419,2474,290,143,147,319,156,163,1578,854,724
MONTGOMERY COUNTY,339,47 Years,7031,3477,3554,4937,2383,2554,294,137,157,318,150,168,1482,807,675
MONTGOMERY COUNTY,339,48 Years,7272,3554,3718,5172,2509,2663,297,137,160,325,142,183,1478,766,712
MONTGOMERY COUNTY,339,49 Years,7400,3639,3761,5374,2630,2744,297,140,157,316,140,176,1413,729,684
MONTGOMERY COUNTY,339,50 Years,7385,3604,3781,5498,2697,2801,300,123,177,295,128,167,1292,656,636
MONTGOMERY COUNTY,339,51 Years,7389,3627,3762,5604,2751,2853,276,122,154,299,129,170,1210,625,585
MONTGOMERY COUNTY,339,52 Years,7419,3620,3799,5697,2771,2926,279,131,148,292,135,157,1151,583,568
MONTGOMERY COUNTY,339,53 Years,7369,3643,3726,5772,2848,2924,270,127,143,276,143,133,1051,525,526
MONTGOMERY COUNTY,339,54 Years,7200,3512,3688,5719,2784,2935,265,121,144,264,135,129,952,472,480
MONTGOMERY COUNTY,339,55 Years,7284,3587,3697,5822,2853,2969,276,124,152,258,125,133,928,485,443
MONTGOMERY COUNTY,339,56 Years,6994,3464,3530,5597,2766,2831,288,134,154,254,114,140,855,450,405
MONTGOMERY COUNTY,339,57 Years,6750,3280,3470,5402,2631,2771,290,135,155,249,112,137,809,402,407
MONTGOMERY COUNTY,339,58 Years,6517,3122,3395,5257,2508,2749,267,125,142,218,104,114,775,385,390
MONTGOMERY COUNTY,339,59 Years,6148,2985,3163,5043,2446,2597,227,105,122,209,97,112,669,337,332
MONTGOMERY COUNTY,339,60 Years,5918,2867,3051,4860,2360,2500,223,100,123,222,97,125,613,310,303
MONTGOMERY COUNTY,339,61 Years,5759,2760,2999,4791,2298,2493,214,94,120,201,91,110,553,277,276
MONTGOMERY COUNTY,339,62 Years,5405,2566,2839,4504,2138,2366,197,86,111,182,84,98,522,258,264
MONTGOMERY COUNTY,339,63 Years,5204,2501,2703,4363,2088,2275,183,85,98,168,82,86,490,246,244
MONTGOMERY COUNTY,339,64 Years,5102,2423,2679,4353,2052,2301,154,75,79,147,74,73,448,222,226
MONTGOMERY COUNTY,339,65 Years,5261,2513,2748,4527,2157,2370,167,92,75,152,68,84,415,196,219
MONTGOMERY COUNTY,339,66 Years,5032,2470,2562,4357,2129,2228,156,81,75,143,74,69,376,186,190
MONTGOMERY COUNTY,339,67 Years,4010,1928,2082,3458,1660,1798,117,58,59,122,56,66,313,154,159
MONTGOMERY COUNTY,339,68 Years,3828,1798,2030,3298,1553,1745,115,57,58,111,44,67,304,144,160
MONTGOMERY COUNTY,339,69 Years,3762,1763,1999,3275,1543,1732,107,46,61,104,48,56,276,126,150
MONTGOMERY COUNTY,339,70 Years,3656,1701,1955,3211,1499,1712,100,45,55,93,43,50,252,114,138
MONTGOMERY COUNTY,339,71 Years,3380,1545,1835,2980,1366,1614,91,40,51,80,35,45,229,104,125
MONTGOMERY COUNTY,339,72 Years,2982,1411,1571,2618,1237,1381,80,36,44,70,33,37,214,105,109
MONTGOMERY COUNTY,339,73 Years,2654,1251,1403,2310,1086,1224,64,27,37,73,35,38,207,103,104
MONTGOMERY COUNTY,339,74 Years,2503,1175,1328,2160,1020,1140,61,28,33,80,36,44,202,91,111
MONTGOMERY COUNTY,339,75 Years,2302,1064,1238,2034,946,1088,48,22,26,54,24,30,166,72,94
MONTGOMERY COUNTY,339,76 Years,2109,962,1147,1870,860,1010,41,12,29,53,25,28,145,65,80
MONTGOMERY COUNTY,339,77 Years,1891,857,1034,1661,764,897,39,11,28,47,24,23,144,58,86
MONTGOMERY COUNTY,339,78 Years,1784,800,984,1580,712,868,43,20,23,39,19,20,122,49,73
MONTGOMERY COUNTY,339,79 Years,1663,726,937,1473,654,819,51,19,32,47,13,34,92,40,52
MONTGOMERY COUNTY,339,80 Years,1484,624,860,1324,556,768,48,19,29,38,16,22,74,33,41
MONTGOMERY COUNTY,339,81 Years,1394,615,779,1246,550,696,36,17,19,33,16,17,79,32,47
MONTGOMERY COUNTY,339,82 Years,1294,552,742,1159,496,663,29,13,16,30,12,18,76,31,45
MONTGOMERY COUNTY,339,83 Years,1227,475,752,1094,424,670,36,15,21,24,10,14,73,26,47
MONTGOMERY COUNTY,339,84 Years,1067,421,646,948,371,577,35,13,22,20,9,11,64,28,36
MONTGOMERY COUNTY,339,85 Years +,5971,1855,4116,5474,1693,3781,153,40,113,108,32,76,236,90,146
MOORE COUNTY,341,All Ages,22123,11495,10628,7949,3910,4039,285,200,85,1968,1153,815,11921,6232,5689
MOORE COUNTY,341,< 1 Year,411,209,202,101,51,50,5,3,2,63,32,31,242,123,119
MOORE COUNTY,341,1 Years,392,201,191,106,54,52,3,2,1,45,23,22,238,122,116
MOORE COUNTY,341,2 Years,390,200,190,107,54,53,4,2,2,44,24,20,235,120,115
MOORE COUNTY,341,3 Years,395,210,185,94,53,41,7,2,5,46,33,13,248,122,126
MOORE COUNTY,341,4 Years,378,198,180,86,40,46,5,2,3,43,25,18,244,131,113
MOORE COUNTY,341,5 Years,402,200,202,74,36,38,4,2,2,52,29,23,272,133,139
MOORE COUNTY,341,6 Years,393,211,182,95,48,47,3,2,1,51,27,24,244,134,110
MOORE COUNTY,341,7 Years,393,206,187,95,49,46,2,1,1,45,25,20,251,131,120
MOORE COUNTY,341,8 Years,412,210,202,92,46,46,3,2,1,43,28,15,274,134,140
MOORE COUNTY,341,9 Years,406,213,193,80,40,40,4,2,2,41,26,15,281,145,136
MOORE COUNTY,341,10 Years,404,212,192,84,43,41,3,3,0,39,22,17,278,144,134
MOORE COUNTY,341,11 Years,385,205,180,92,50,42,4,4,0,42,19,23,247,132,115
MOORE COUNTY,341,12 Years,381,214,167,94,51,43,4,2,2,41,20,21,242,141,101
MOORE COUNTY,341,13 Years,353,194,159,93,57,36,1,0,1,34,17,17,225,120,105
MOORE COUNTY,341,14 Years,360,202,158,101,58,43,1,1,0,35,19,16,223,124,99
MOORE COUNTY,341,15 Years,365,206,159,100,52,48,2,1,1,33,19,14,230,134,96
MOORE COUNTY,341,16 Years,364,196,168,90,47,43,5,2,3,37,22,15,232,125,107
MOORE COUNTY,341,17 Years,362,203,159,87,52,35,3,2,1,31,19,12,241,130,111
MOORE COUNTY,341,18 Years,375,206,169,89,48,41,5,3,2,34,19,15,247,136,111
MOORE COUNTY,341,19 Years,328,172,156,78,38,40,4,4,0,32,20,12,214,110,104
MOORE COUNTY,341,20 Years,331,174,157,82,39,43,4,4,0,25,14,11,220,117,103
MOORE COUNTY,341,21 Years,322,166,156,82,39,43,2,1,1,32,20,12,206,106,100
MOORE COUNTY,341,22 Years,307,161,146,74,34,40,6,3,3,38,26,12,189,98,91
MOORE COUNTY,341,23 Years,318,168,150,65,35,30,4,3,1,45,29,16,204,101,103
MOORE COUNTY,341,24 Years,313,172,141,68,32,36,3,2,1,41,29,12,201,109,92
MOORE COUNTY,341,25 Years,286,171,115,66,34,32,5,4,1,46,35,11,169,98,71
MOORE COUNTY,341,26 Years,285,159,126,70,34,36,6,4,2,39,24,15,170,97,73
MOORE COUNTY,341,27 Years,275,150,125,65,31,34,8,4,4,29,19,10,173,96,77
MOORE COUNTY,341,28 Years,270,149,121,70,33,37,5,4,1,33,22,11,162,90,72
MOORE COUNTY,341,29 Years,300,162,138,79,39,40,7,6,1,31,20,11,183,97,86
MOORE COUNTY,341,30 Years,314,154,160,90,39,51,9,6,3,37,22,15,178,87,91
MOORE COUNTY,341,31 Years,332,164,168,103,52,51,16,12,4,38,23,15,175,77,98
MOORE COUNTY,341,32 Years,299,154,145,88,37,51,17,15,2,33,21,12,161,81,80
MOORE COUNTY,341,33 Years,289,150,139,90,41,49,12,12,0,36,22,14,151,75,76
MOORE COUNTY,341,34 Years,282,151,131,95,47,48,10,10,0,34,17,17,143,77,66
MOORE COUNTY,341,35 Years,304,156,148,94,44,50,12,10,2,36,21,15,162,81,81
MOORE COUNTY,341,36 Years,275,149,126,84,37,47,5,5,0,34,22,12,152,85,67
MOORE COUNTY,341,37 Years,280,146,134,92,49,43,3,1,2,38,19,19,147,77,70
MOORE COUNTY,341,38 Years,293,150,143,87,45,42,4,2,2,34,19,15,168,84,84
MOORE COUNTY,341,39 Years,268,136,132,85,45,40,3,2,1,25,14,11,155,75,80
MOORE COUNTY,341,40 Years,272,145,127,81,42,39,4,3,1,28,18,10,159,82,77
MOORE COUNTY,341,41 Years,254,136,118,89,47,42,2,2,0,26,16,10,137,71,66
MOORE COUNTY,341,42 Years,277,147,130,101,51,50,3,3,0,24,13,11,149,80,69
MOORE COUNTY,341,43 Years,294,154,140,114,57,57,3,2,1,19,11,8,158,84,74
MOORE COUNTY,341,44 Years,281,138,143,110,48,62,3,1,2,15,9,6,153,80,73
MOORE COUNTY,341,45 Years,264,127,137,91,38,53,4,2,2,18,11,7,151,76,75
MOORE COUNTY,341,46 Years,252,130,122,85,44,41,4,2,2,15,9,6,148,75,73
MOORE COUNTY,341,47 Years,258,151,107,93,55,38,6,4,2,12,8,4,147,84,63
MOORE COUNTY,341,48 Years,260,144,116,94,52,42,2,2,0,18,10,8,146,80,66
MOORE COUNTY,341,49 Years,274,142,132,120,61,59,2,1,1,24,13,11,128,67,61
MOORE COUNTY,341,50 Years,295,150,145,120,62,58,3,1,2,15,7,8,157,80,77
MOORE COUNTY,341,51 Years,269,140,129,122,70,52,4,3,1,16,7,9,127,60,67
MOORE COUNTY,341,52 Years,256,136,120,129,66,63,3,3,0,17,8,9,107,59,48
MOORE COUNTY,341,53 Years,270,139,131,137,68,69,4,3,1,19,13,6,110,55,55
MOORE COUNTY,341,54 Years,250,120,130,127,60,67,4,0,4,17,12,5,102,48,54
MOORE COUNTY,341,55 Years,264,136,128,141,71,70,4,2,2,12,7,5,107,56,51
MOORE COUNTY,341,56 Years,256,131,125,135,65,70,1,1,0,10,5,5,110,60,50
MOORE COUNTY,341,57 Years,259,124,135,134,60,74,1,0,1,11,6,5,113,58,55
MOORE COUNTY,341,58 Years,275,143,132,146,73,73,3,2,1,12,6,6,114,62,52
MOORE COUNTY,341,59 Years,245,130,115,138,67,71,2,2,0,11,8,3,94,53,41
MOORE COUNTY,341,60 Years,219,112,107,131,65,66,0,0,0,6,3,3,82,44,38
MOORE COUNTY,341,61 Years,219,107,112,132,67,65,0,0,0,7,2,5,80,38,42
MOORE COUNTY,341,62 Years,201,100,101,124,61,63,0,0,0,8,4,4,69,35,34
MOORE COUNTY,341,63 Years,190,96,94,107,50,57,1,1,0,6,5,1,76,40,36
MOORE COUNTY,341,64 Years,171,85,86,106,48,58,2,2,0,4,3,1,59,32,27
MOORE COUNTY,341,65 Years,168,80,88,102,44,58,1,1,0,7,5,2,58,30,28
MOORE COUNTY,341,66 Years,154,73,81,96,46,50,0,0,0,9,6,3,49,21,28
MOORE COUNTY,341,67 Years,126,61,65,74,38,36,0,0,0,6,1,5,46,22,24
MOORE COUNTY,341,68 Years,119,61,58,77,39,38,1,1,0,4,2,2,37,19,18
MOORE COUNTY,341,69 Years,122,60,62,90,46,44,1,1,0,1,0,1,30,13,17
MOORE COUNTY,341,70 Years,104,51,53,69,33,36,0,0,0,2,1,1,33,17,16
MOORE COUNTY,341,71 Years,108,51,57,77,36,41,1,0,1,2,1,1,28,14,14
MOORE COUNTY,341,72 Years,105,49,56,72,31,41,1,1,0,3,2,1,29,15,14
MOORE COUNTY,341,73 Years,105,57,48,67,33,34,2,2,0,3,3,0,33,19,14
MOORE COUNTY,341,74 Years,96,44,52,71,31,40,0,0,0,1,1,0,24,12,12
MOORE COUNTY,341,75 Years,92,40,52,68,28,40,0,0,0,0,0,0,24,12,12
MOORE COUNTY,341,76 Years,81,34,47,62,27,35,0,0,0,1,0,1,18,7,11
MOORE COUNTY,341,77 Years,80,36,44,59,25,34,0,0,0,1,0,1,20,11,9
MOORE COUNTY,341,78 Years,86,37,49,65,28,37,0,0,0,4,1,3,17,8,9
MOORE COUNTY,341,79 Years,69,36,33,53,26,27,0,0,0,2,1,1,14,9,5
MOORE COUNTY,341,80 Years,70,32,38,54,24,30,0,0,0,0,0,0,16,8,8
MOORE COUNTY,341,81 Years,72,37,35,56,26,30,0,0,0,3,1,2,13,10,3
MOORE COUNTY,341,82 Years,63,29,34,45,20,25,0,0,0,3,1,2,15,8,7
MOORE COUNTY,341,83 Years,63,30,33,47,24,23,0,0,0,3,1,2,13,5,8
MOORE COUNTY,341,84 Years,53,20,33,45,18,27,0,0,0,2,1,1,6,1,5
MOORE COUNTY,341,85 Years +,270,104,166,226,86,140,0,0,0,6,5,1,38,13,25
MORRIS COUNTY,343,All Ages,13214,6433,6781,8638,4225,4413,3065,1425,1640,358,183,175,1153,600,553
MORRIS COUNTY,343,< 1 Year,166,87,79,99,52,47,41,22,19,3,2,1,23,11,12
MORRIS COUNTY,343,1 Years,169,87,82,103,53,50,41,21,20,3,2,1,22,11,11
MORRIS COUNTY,343,2 Years,167,85,82,104,53,51,38,19,19,3,2,1,22,11,11
MORRIS COUNTY,343,3 Years,175,88,87,103,52,51,39,21,18,10,6,4,23,9,14
MORRIS COUNTY,343,4 Years,165,90,75,89,46,43,32,20,12,14,8,6,30,16,14
MORRIS COUNTY,343,5 Years,155,84,71,83,45,38,33,19,14,12,5,7,27,15,12
MORRIS COUNTY,343,6 Years,176,91,85,98,51,47,34,18,16,12,5,7,32,17,15
MORRIS COUNTY,343,7 Years,180,91,89,105,56,49,27,11,16,9,3,6,39,21,18
MORRIS COUNTY,343,8 Years,149,73,76,77,41,36,38,17,21,7,4,3,27,11,16
MORRIS COUNTY,343,9 Years,185,98,87,104,56,48,41,20,21,11,8,3,29,14,15
MORRIS COUNTY,343,10 Years,164,95,69,85,48,37,43,26,17,7,4,3,29,17,12
MORRIS COUNTY,343,11 Years,137,76,61,78,43,35,29,17,12,9,4,5,21,12,9
MORRIS COUNTY,343,12 Years,148,85,63,90,49,41,37,25,12,4,2,2,17,9,8
MORRIS COUNTY,343,13 Years,159,82,77,87,46,41,37,17,20,9,4,5,26,15,11
MORRIS COUNTY,343,14 Years,172,89,83,90,49,41,34,15,19,13,6,7,35,19,16
MORRIS COUNTY,343,15 Years,184,96,88,108,56,52,40,22,18,7,4,3,29,14,15
MORRIS COUNTY,343,16 Years,179,85,94,98,46,52,45,22,23,9,4,5,27,13,14
MORRIS COUNTY,343,17 Years,191,97,94,100,52,48,60,28,32,7,3,4,24,14,10
MORRIS COUNTY,343,18 Years,184,93,91,97,52,45,61,28,33,3,1,2,23,12,11
MORRIS COUNTY,343,19 Years,162,81,81,77,38,39,51,25,26,4,2,2,30,16,14
MORRIS COUNTY,343,20 Years,161,83,78,75,39,36,51,28,23,6,4,2,29,12,17
MORRIS COUNTY,343,21 Years,178,90,88,94,47,47,54,28,26,4,1,3,26,14,12
MORRIS COUNTY,343,22 Years,154,73,81,82,39,43,44,20,24,5,2,3,23,12,11
MORRIS COUNTY,343,23 Years,142,67,75,79,37,42,46,22,24,1,1,0,16,7,9
MORRIS COUNTY,343,24 Years,151,70,81,84,36,48,41,20,21,5,3,2,21,11,10
MORRIS COUNTY,343,25 Years,140,75,65,85,49,36,34,18,16,6,3,3,15,5,10
MORRIS COUNTY,343,26 Years,126,69,57,80,46,34,32,18,14,4,2,2,10,3,7
MORRIS COUNTY,343,27 Years,121,53,68,77,36,41,31,12,19,1,1,0,12,4,8
MORRIS COUNTY,343,28 Years,124,62,62,82,38,44,25,14,11,3,3,0,14,7,7
MORRIS COUNTY,343,29 Years,131,62,69,89,39,50,24,14,10,2,2,0,16,7,9
MORRIS COUNTY,343,30 Years,143,67,76,92,39,53,28,14,14,5,4,1,18,10,8
MORRIS COUNTY,343,31 Years,146,75,71,91,45,46,36,18,18,6,3,3,13,9,4
MORRIS COUNTY,343,32 Years,151,76,75,95,47,48,38,18,20,5,3,2,13,8,5
MORRIS COUNTY,343,33 Years,136,68,68,89,44,45,32,15,17,3,2,1,12,7,5
MORRIS COUNTY,343,34 Years,143,74,69,90,48,42,40,17,23,2,2,0,11,7,4
MORRIS COUNTY,343,35 Years,135,61,74,85,38,47,36,16,20,2,1,1,12,6,6
MORRIS COUNTY,343,36 Years,120,57,63,78,35,43,26,14,12,1,1,0,15,7,8
MORRIS COUNTY,343,37 Years,134,60,74,84,38,46,34,14,20,0,0,0,16,8,8
MORRIS COUNTY,343,38 Years,158,76,82,93,44,49,39,17,22,5,3,2,21,12,9
MORRIS COUNTY,343,39 Years,147,66,81,98,46,52,31,11,20,2,1,1,16,8,8
MORRIS COUNTY,343,40 Years,150,68,82,97,47,50,33,13,20,2,2,0,18,6,12
MORRIS COUNTY,343,41 Years,150,72,78,95,41,54,37,20,17,3,2,1,15,9,6
MORRIS COUNTY,343,42 Years,153,83,70,95,52,43,40,22,18,3,2,1,15,7,8
MORRIS COUNTY,343,43 Years,160,75,85,102,45,57,38,20,18,3,1,2,17,9,8
MORRIS COUNTY,343,44 Years,138,64,74,83,38,45,37,17,20,1,1,0,17,8,9
MORRIS COUNTY,343,45 Years,130,58,72,79,39,40,31,11,20,7,3,4,13,5,8
MORRIS COUNTY,343,46 Years,125,66,59,73,39,34,31,12,19,7,6,1,14,9,5
MORRIS COUNTY,343,47 Years,136,71,65,90,50,40,31,11,20,5,2,3,10,8,2
MORRIS COUNTY,343,48 Years,156,79,77,108,61,47,38,12,26,3,1,2,7,5,2
MORRIS COUNTY,343,49 Years,162,89,73,115,66,49,35,17,18,5,2,3,7,4,3
MORRIS COUNTY,343,50 Years,167,88,79,118,64,54,33,16,17,2,1,1,14,7,7
MORRIS COUNTY,343,51 Years,176,81,95,121,59,62,44,17,27,4,1,3,7,4,3
MORRIS COUNTY,343,52 Years,199,92,107,137,64,73,48,19,29,5,3,2,9,6,3
MORRIS COUNTY,343,53 Years,203,100,103,143,74,69,51,22,29,2,1,1,7,3,4
MORRIS COUNTY,343,54 Years,223,108,115,142,72,70,64,29,35,3,0,3,14,7,7
MORRIS COUNTY,343,55 Years,200,95,105,130,64,66,61,26,35,3,1,2,6,4,2
MORRIS COUNTY,343,56 Years,196,88,108,138,59,79,50,25,25,2,0,2,6,4,2
MORRIS COUNTY,343,57 Years,208,95,113,145,63,82,44,20,24,6,3,3,13,9,4
MORRIS COUNTY,343,58 Years,199,90,109,150,69,81,39,15,24,2,1,1,8,5,3
MORRIS COUNTY,343,59 Years,180,87,93,134,65,69,37,16,21,3,1,2,6,5,1
MORRIS COUNTY,343,60 Years,190,102,88,131,76,55,46,19,27,3,1,2,10,6,4
MORRIS COUNTY,343,61 Years,194,92,102,135,67,68,50,19,31,3,2,1,6,4,2
MORRIS COUNTY,343,62 Years,169,83,86,121,58,63,40,20,20,1,1,0,7,4,3
MORRIS COUNTY,343,63 Years,156,77,79,117,59,58,34,16,18,1,0,1,4,2,2
MORRIS COUNTY,343,64 Years,179,74,105,131,56,75,37,14,23,6,2,4,5,2,3
MORRIS COUNTY,343,65 Years,179,80,99,130,58,72,44,20,24,4,2,2,1,0,1
MORRIS COUNTY,343,66 Years,161,79,82,121,60,61,32,17,15,5,1,4,3,1,2
MORRIS COUNTY,343,67 Years,137,66,71,102,50,52,30,14,16,1,0,1,4,2,2
MORRIS COUNTY,343,68 Years,144,64,80,116,52,64,23,12,11,2,0,2,3,0,3
MORRIS COUNTY,343,69 Years,143,65,78,114,53,61,26,12,14,2,0,2,1,0,1
MORRIS COUNTY,343,70 Years,142,73,69,114,56,58,26,16,10,1,0,1,1,1,0
MORRIS COUNTY,343,71 Years,140,77,63,112,57,55,24,16,8,2,2,0,2,2,0
MORRIS COUNTY,343,72 Years,142,71,71,112,54,58,22,11,11,4,3,1,4,3,1
MORRIS COUNTY,343,73 Years,121,55,66,91,44,47,25,9,16,4,1,3,1,1,0
MORRIS COUNTY,343,74 Years,121,53,68,98,43,55,21,9,12,2,1,1,0,0,0
MORRIS COUNTY,343,75 Years,124,51,73,99,41,58,22,8,14,3,2,1,0,0,0
MORRIS COUNTY,343,76 Years,128,59,69,108,50,58,16,6,10,2,2,0,2,1,1
MORRIS COUNTY,343,77 Years,116,58,58,97,50,47,18,8,10,0,0,0,1,0,1
MORRIS COUNTY,343,78 Years,107,51,56,83,40,43,18,9,9,4,1,3,2,1,1
MORRIS COUNTY,343,79 Years,90,40,50,72,34,38,14,5,9,2,0,2,2,1,1
MORRIS COUNTY,343,80 Years,81,38,43,65,31,34,14,6,8,1,0,1,1,1,0
MORRIS COUNTY,343,81 Years,80,36,44,65,31,34,14,5,9,1,0,1,0,0,0
MORRIS COUNTY,343,82 Years,72,35,37,58,28,30,12,5,7,1,1,0,1,1,0
MORRIS COUNTY,343,83 Years,70,27,43,56,21,35,11,4,7,2,1,1,1,1,0
MORRIS COUNTY,343,84 Years,63,32,31,47,25,22,14,6,8,1,1,0,1,0,1
MORRIS COUNTY,343,85 Years +,346,109,237,251,86,165,87,18,69,5,4,1,3,1,2
MOTLEY COUNTY,345,All Ages,1196,613,583,999,503,496,20,13,7,10,5,5,167,92,75
MOTLEY COUNTY,345,< 1 Year,10,7,3,8,5,3,0,0,0,0,0,0,2,2,0
MOTLEY COUNTY,345,1 Years,11,6,5,8,4,4,0,0,0,0,0,0,3,2,1
MOTLEY COUNTY,345,2 Years,11,6,5,8,4,4,0,0,0,0,0,0,3,2,1
MOTLEY COUNTY,345,3 Years,9,6,3,6,4,2,0,0,0,0,0,0,3,2,1
MOTLEY COUNTY,345,4 Years,7,2,5,4,1,3,0,0,0,0,0,0,3,1,2
MOTLEY COUNTY,345,5 Years,14,5,9,9,4,5,0,0,0,0,0,0,5,1,4
MOTLEY COUNTY,345,6 Years,19,8,11,14,6,8,0,0,0,0,0,0,5,2,3
MOTLEY COUNTY,345,7 Years,13,5,8,10,4,6,0,0,0,0,0,0,3,1,2
MOTLEY COUNTY,345,8 Years,14,9,5,10,7,3,1,1,0,0,0,0,3,1,2
MOTLEY COUNTY,345,9 Years,11,9,2,8,6,2,0,0,0,0,0,0,3,3,0
MOTLEY COUNTY,345,10 Years,18,9,9,13,7,6,0,0,0,0,0,0,5,2,3
MOTLEY COUNTY,345,11 Years,17,6,11,13,4,9,0,0,0,1,0,1,3,2,1
MOTLEY COUNTY,345,12 Years,14,7,7,10,5,5,0,0,0,0,0,0,4,2,2
MOTLEY COUNTY,345,13 Years,11,6,5,9,5,4,0,0,0,0,0,0,2,1,1
MOTLEY COUNTY,345,14 Years,16,8,8,12,6,6,0,0,0,0,0,0,4,2,2
MOTLEY COUNTY,345,15 Years,18,10,8,14,8,6,0,0,0,0,0,0,4,2,2
MOTLEY COUNTY,345,16 Years,18,10,8,12,6,6,0,0,0,1,1,0,5,3,2
MOTLEY COUNTY,345,17 Years,14,8,6,9,6,3,0,0,0,0,0,0,5,2,3
MOTLEY COUNTY,345,18 Years,12,8,4,8,5,3,0,0,0,0,0,0,4,3,1
MOTLEY COUNTY,345,19 Years,16,12,4,10,7,3,1,1,0,0,0,0,5,4,1
MOTLEY COUNTY,345,20 Years,14,8,6,10,5,5,1,1,0,0,0,0,3,2,1
MOTLEY COUNTY,345,21 Years,11,7,4,7,4,3,0,0,0,0,0,0,4,3,1
MOTLEY COUNTY,345,22 Years,11,4,7,6,2,4,0,0,0,0,0,0,5,2,3
MOTLEY COUNTY,345,23 Years,8,5,3,5,3,2,0,0,0,0,0,0,3,2,1
MOTLEY COUNTY,345,24 Years,6,4,2,4,3,1,0,0,0,0,0,0,2,1,1
MOTLEY COUNTY,345,25 Years,7,5,2,4,3,1,1,1,0,0,0,0,2,1,1
MOTLEY COUNTY,345,26 Years,14,7,7,11,5,6,1,1,0,0,0,0,2,1,1
MOTLEY COUNTY,345,27 Years,11,5,6,10,5,5,0,0,0,0,0,0,1,0,1
MOTLEY COUNTY,345,28 Years,9,3,6,6,2,4,0,0,0,0,0,0,3,1,2
MOTLEY COUNTY,345,29 Years,9,7,2,6,4,2,1,1,0,0,0,0,2,2,0
MOTLEY COUNTY,345,30 Years,7,5,2,6,4,2,0,0,0,0,0,0,1,1,0
MOTLEY COUNTY,345,31 Years,7,3,4,5,2,3,0,0,0,0,0,0,2,1,1
MOTLEY COUNTY,345,32 Years,11,7,4,10,6,4,0,0,0,0,0,0,1,1,0
MOTLEY COUNTY,345,33 Years,11,7,4,10,6,4,0,0,0,0,0,0,1,1,0
MOTLEY COUNTY,345,34 Years,14,7,7,11,5,6,0,0,0,0,0,0,3,2,1
MOTLEY COUNTY,345,35 Years,12,6,6,10,5,5,0,0,0,0,0,0,2,1,1
MOTLEY COUNTY,345,36 Years,11,3,8,10,3,7,0,0,0,0,0,0,1,0,1
MOTLEY COUNTY,345,37 Years,11,7,4,10,7,3,0,0,0,0,0,0,1,0,1
MOTLEY COUNTY,345,38 Years,16,8,8,13,6,7,0,0,0,1,1,0,2,1,1
MOTLEY COUNTY,345,39 Years,10,5,5,8,4,4,0,0,0,0,0,0,2,1,1
MOTLEY COUNTY,345,40 Years,9,4,5,7,3,4,0,0,0,0,0,0,2,1,1
MOTLEY COUNTY,345,41 Years,11,8,3,10,7,3,0,0,0,0,0,0,1,1,0
MOTLEY COUNTY,345,42 Years,13,7,6,11,6,5,0,0,0,0,0,0,2,1,1
MOTLEY COUNTY,345,43 Years,8,3,5,7,3,4,0,0,0,0,0,0,1,0,1
MOTLEY COUNTY,345,44 Years,9,5,4,6,5,1,0,0,0,0,0,0,3,0,3
MOTLEY COUNTY,345,45 Years,4,2,2,4,2,2,0,0,0,0,0,0,0,0,0
MOTLEY COUNTY,345,46 Years,8,3,5,5,2,3,1,0,1,1,1,0,1,0,1
MOTLEY COUNTY,345,47 Years,11,6,5,8,5,3,0,0,0,3,1,2,0,0,0
MOTLEY COUNTY,345,48 Years,14,6,8,13,5,8,1,1,0,0,0,0,0,0,0
MOTLEY COUNTY,345,49 Years,14,8,6,12,6,6,0,0,0,0,0,0,2,2,0
MOTLEY COUNTY,345,50 Years,16,7,9,14,6,8,0,0,0,0,0,0,2,1,1
MOTLEY COUNTY,345,51 Years,20,10,10,16,9,7,0,0,0,0,0,0,4,1,3
MOTLEY COUNTY,345,52 Years,17,10,7,15,8,7,0,0,0,1,1,0,1,1,0
MOTLEY COUNTY,345,53 Years,14,8,6,14,8,6,0,0,0,0,0,0,0,0,0
MOTLEY COUNTY,345,54 Years,16,12,4,16,12,4,0,0,0,0,0,0,0,0,0
MOTLEY COUNTY,345,55 Years,15,7,8,13,6,7,1,1,0,0,0,0,1,0,1
MOTLEY COUNTY,345,56 Years,14,7,7,12,6,6,1,1,0,0,0,0,1,0,1
MOTLEY COUNTY,345,57 Years,18,8,10,17,7,10,0,0,0,0,0,0,1,1,0
MOTLEY COUNTY,345,58 Years,16,8,8,15,7,8,0,0,0,0,0,0,1,1,0
MOTLEY COUNTY,345,59 Years,12,8,4,11,7,4,0,0,0,0,0,0,1,1,0
MOTLEY COUNTY,345,60 Years,20,11,9,17,10,7,2,1,1,0,0,0,1,0,1
MOTLEY COUNTY,345,61 Years,26,12,14,22,10,12,1,0,1,0,0,0,3,2,1
MOTLEY COUNTY,345,62 Years,18,8,10,15,6,9,0,0,0,0,0,0,3,2,1
MOTLEY COUNTY,345,63 Years,19,10,9,15,7,8,2,2,0,0,0,0,2,1,1
MOTLEY COUNTY,345,64 Years,21,11,10,18,9,9,0,0,0,0,0,0,3,2,1
MOTLEY COUNTY,345,65 Years,13,6,7,12,5,7,0,0,0,0,0,0,1,1,0
MOTLEY COUNTY,345,66 Years,15,6,9,14,6,8,0,0,0,0,0,0,1,0,1
MOTLEY COUNTY,345,67 Years,18,9,9,17,8,9,0,0,0,0,0,0,1,1,0
MOTLEY COUNTY,345,68 Years,20,10,10,18,10,8,0,0,0,0,0,0,2,0,2
MOTLEY COUNTY,345,69 Years,24,13,11,23,12,11,0,0,0,0,0,0,1,1,0
MOTLEY COUNTY,345,70 Years,22,12,10,21,11,10,0,0,0,0,0,0,1,1,0
MOTLEY COUNTY,345,71 Years,22,8,14,20,7,13,1,0,1,0,0,0,1,1,0
MOTLEY COUNTY,345,72 Years,15,5,10,14,5,9,1,0,1,0,0,0,0,0,0
MOTLEY COUNTY,345,73 Years,18,8,10,15,6,9,0,0,0,0,0,0,3,2,1
MOTLEY COUNTY,345,74 Years,14,6,8,13,5,8,0,0,0,0,0,0,1,1,0
MOTLEY COUNTY,345,75 Years,15,8,7,14,8,6,0,0,0,1,0,1,0,0,0
MOTLEY COUNTY,345,76 Years,19,11,8,18,11,7,0,0,0,1,0,1,0,0,0
MOTLEY COUNTY,345,77 Years,13,7,6,13,7,6,0,0,0,0,0,0,0,0,0
MOTLEY COUNTY,345,78 Years,13,5,8,12,4,8,0,0,0,0,0,0,1,1,0
MOTLEY COUNTY,345,79 Years,13,6,7,13,6,7,0,0,0,0,0,0,0,0,0
MOTLEY COUNTY,345,80 Years,12,5,7,12,5,7,0,0,0,0,0,0,0,0,0
MOTLEY COUNTY,345,81 Years,10,5,5,9,5,4,1,0,1,0,0,0,0,0,0
MOTLEY COUNTY,345,82 Years,8,4,4,8,4,4,0,0,0,0,0,0,0,0,0
MOTLEY COUNTY,345,83 Years,12,3,9,12,3,9,0,0,0,0,0,0,0,0,0
MOTLEY COUNTY,345,84 Years,13,6,7,13,6,7,0,0,0,0,0,0,0,0,0
MOTLEY COUNTY,345,85 Years +,41,21,20,38,19,19,2,1,1,0,0,0,1,1,0
NACOGDOCHES COUNTY,347,All Ages,65043,31309,33734,39004,18702,20302,11696,5253,6443,2044,988,1056,12299,6366,5933
NACOGDOCHES COUNTY,347,< 1 Year,1043,535,508,535,271,264,208,107,101,40,22,18,260,135,125
NACOGDOCHES COUNTY,347,1 Years,1102,562,540,591,301,290,221,113,108,32,17,15,258,131,127
NACOGDOCHES COUNTY,347,2 Years,1111,567,544,604,308,296,220,112,108,35,19,16,252,128,124
NACOGDOCHES COUNTY,347,3 Years,930,470,460,419,213,206,199,100,99,48,27,21,264,130,134
NACOGDOCHES COUNTY,347,4 Years,866,432,434,372,175,197,173,90,83,53,32,21,268,135,133
NACOGDOCHES COUNTY,347,5 Years,900,467,433,389,201,188,179,87,92,37,20,17,295,159,136
NACOGDOCHES COUNTY,347,6 Years,847,438,409,392,206,186,151,76,75,40,18,22,264,138,126
NACOGDOCHES COUNTY,347,7 Years,856,450,406,379,198,181,159,86,73,42,21,21,276,145,131
NACOGDOCHES COUNTY,347,8 Years,869,467,402,384,215,169,153,82,71,45,27,18,287,143,144
NACOGDOCHES COUNTY,347,9 Years,852,464,388,408,236,172,134,67,67,49,26,23,261,135,126
NACOGDOCHES COUNTY,347,10 Years,846,438,408,394,204,190,154,85,69,41,20,21,257,129,128
NACOGDOCHES COUNTY,347,11 Years,792,395,397,381,182,199,136,73,63,37,17,20,238,123,115
NACOGDOCHES COUNTY,347,12 Years,825,448,377,394,224,170,150,80,70,31,17,14,250,127,123
NACOGDOCHES COUNTY,347,13 Years,813,422,391,373,192,181,156,82,74,29,13,16,255,135,120
NACOGDOCHES COUNTY,347,14 Years,798,396,402,388,188,200,132,70,62,28,12,16,250,126,124
NACOGDOCHES COUNTY,347,15 Years,816,412,404,422,203,219,132,72,60,26,16,10,236,121,115
NACOGDOCHES COUNTY,347,16 Years,878,455,423,472,243,229,147,83,64,29,15,14,230,114,116
NACOGDOCHES COUNTY,347,17 Years,915,453,462,462,243,219,194,83,111,34,18,16,225,109,116
NACOGDOCHES COUNTY,347,18 Years,1577,634,943,769,295,474,449,169,280,57,27,30,302,143,159
NACOGDOCHES COUNTY,347,19 Years,2295,935,1360,1131,442,689,661,260,401,82,31,51,421,202,219
NACOGDOCHES COUNTY,347,20 Years,1988,824,1164,1074,432,642,505,210,295,62,25,37,347,157,190
NACOGDOCHES COUNTY,347,21 Years,1990,894,1096,1122,497,625,447,190,257,67,39,28,354,168,186
NACOGDOCHES COUNTY,347,22 Years,1890,898,992,1114,523,591,384,178,206,66,31,35,326,166,160
NACOGDOCHES COUNTY,347,23 Years,1452,740,712,885,453,432,268,128,140,48,24,24,251,135,116
NACOGDOCHES COUNTY,347,24 Years,1187,606,581,714,346,368,209,102,107,58,36,22,206,122,84
NACOGDOCHES COUNTY,347,25 Years,934,466,468,522,250,272,174,79,95,48,25,23,190,112,78
NACOGDOCHES COUNTY,347,26 Years,836,425,411,434,211,223,161,71,90,33,17,16,208,126,82
NACOGDOCHES COUNTY,347,27 Years,779,378,401,421,202,219,146,58,88,27,11,16,185,107,78
NACOGDOCHES COUNTY,347,28 Years,737,372,365,403,218,185,128,56,72,26,12,14,180,86,94
NACOGDOCHES COUNTY,347,29 Years,720,358,362,381,196,185,132,54,78,25,12,13,182,96,86
NACOGDOCHES COUNTY,347,30 Years,715,364,351,390,197,193,114,51,63,25,10,15,186,106,80
NACOGDOCHES COUNTY,347,31 Years,758,378,380,420,209,211,131,58,73,18,5,13,189,106,83
NACOGDOCHES COUNTY,347,32 Years,746,375,371,408,203,205,127,57,70,18,8,10,193,107,86
NACOGDOCHES COUNTY,347,33 Years,712,361,351,410,209,201,109,49,60,13,8,5,180,95,85
NACOGDOCHES COUNTY,347,34 Years,718,354,364,393,204,189,128,53,75,19,6,13,178,91,87
NACOGDOCHES COUNTY,347,35 Years,693,342,351,356,186,170,132,56,76,23,11,12,182,89,93
NACOGDOCHES COUNTY,347,36 Years,659,309,350,356,177,179,105,40,65,18,8,10,180,84,96
NACOGDOCHES COUNTY,347,37 Years,657,316,341,376,181,195,103,43,60,14,6,8,164,86,78
NACOGDOCHES COUNTY,347,38 Years,656,324,332,368,185,183,99,51,48,17,6,11,172,82,90
NACOGDOCHES COUNTY,347,39 Years,573,291,282,320,164,156,86,44,42,19,9,10,148,74,74
NACOGDOCHES COUNTY,347,40 Years,607,296,311,346,168,178,97,47,50,25,10,15,139,71,68
NACOGDOCHES COUNTY,347,41 Years,632,320,312,378,193,185,91,43,48,24,11,13,139,73,66
NACOGDOCHES COUNTY,347,42 Years,674,337,337,413,207,206,109,49,60,17,9,8,135,72,63
NACOGDOCHES COUNTY,347,43 Years,667,317,350,399,188,211,109,48,61,17,7,10,142,74,68
NACOGDOCHES COUNTY,347,44 Years,655,312,343,401,192,209,93,37,56,18,6,12,143,77,66
NACOGDOCHES COUNTY,347,45 Years,638,330,308,389,207,182,103,49,54,19,9,10,127,65,62
NACOGDOCHES COUNTY,347,46 Years,650,316,334,399,198,201,114,51,63,12,7,5,125,60,65
NACOGDOCHES COUNTY,347,47 Years,646,304,342,398,182,216,109,46,63,16,7,9,123,69,54
NACOGDOCHES COUNTY,347,48 Years,705,323,382,432,192,240,124,51,73,21,12,9,128,68,60
NACOGDOCHES COUNTY,347,49 Years,720,332,388,470,217,253,129,50,79,23,11,12,98,54,44
NACOGDOCHES COUNTY,347,50 Years,753,353,400,501,233,268,120,49,71,18,7,11,114,64,50
NACOGDOCHES COUNTY,347,51 Years,755,378,377,496,256,240,130,52,78,18,8,10,111,62,49
NACOGDOCHES COUNTY,347,52 Years,780,370,410,530,255,275,130,51,79,19,7,12,101,57,44
NACOGDOCHES COUNTY,347,53 Years,741,353,388,502,236,266,137,61,76,14,6,8,88,50,38
NACOGDOCHES COUNTY,347,54 Years,733,351,382,503,250,253,128,47,81,19,12,7,83,42,41
NACOGDOCHES COUNTY,347,55 Years,760,369,391,524,255,269,126,49,77,18,11,7,92,54,38
NACOGDOCHES COUNTY,347,56 Years,775,381,394,548,265,283,133,65,68,19,10,9,75,41,34
NACOGDOCHES COUNTY,347,57 Years,722,370,352,502,258,244,139,69,70,23,10,13,58,33,25
NACOGDOCHES COUNTY,347,58 Years,736,364,372,524,260,264,134,63,71,19,3,16,59,38,21
NACOGDOCHES COUNTY,347,59 Years,743,359,384,544,266,278,119,50,69,19,7,12,61,36,25
NACOGDOCHES COUNTY,347,60 Years,733,361,372,550,274,276,113,53,60,18,8,10,52,26,26
NACOGDOCHES COUNTY,347,61 Years,710,342,368,534,257,277,106,49,57,16,7,9,54,29,25
NACOGDOCHES COUNTY,347,62 Years,680,326,354,521,258,263,103,40,63,12,4,8,44,24,20
NACOGDOCHES COUNTY,347,63 Years,677,328,349,521,256,265,100,41,59,10,4,6,46,27,19
NACOGDOCHES COUNTY,347,64 Years,621,301,320,482,234,248,94,40,54,9,5,4,36,22,14
NACOGDOCHES COUNTY,347,65 Years,623,313,310,471,236,235,97,44,53,15,11,4,40,22,18
NACOGDOCHES COUNTY,347,66 Years,611,306,305,486,248,238,82,38,44,14,10,4,29,10,19
NACOGDOCHES COUNTY,347,67 Years,509,236,273,415,194,221,65,31,34,9,5,4,20,6,14
NACOGDOCHES COUNTY,347,68 Years,505,237,268,405,188,217,67,30,37,7,4,3,26,15,11
NACOGDOCHES COUNTY,347,69 Years,496,232,264,399,190,209,68,27,41,9,4,5,20,11,9
NACOGDOCHES COUNTY,347,70 Years,465,216,249,379,178,201,53,22,31,8,4,4,25,12,13
NACOGDOCHES COUNTY,347,71 Years,425,203,222,347,169,178,46,18,28,7,5,2,25,11,14
NACOGDOCHES COUNTY,347,72 Years,386,186,200,307,153,154,51,20,31,4,1,3,24,12,12
NACOGDOCHES COUNTY,347,73 Years,342,150,192,281,125,156,41,16,25,4,1,3,16,8,8
NACOGDOCHES COUNTY,347,74 Years,327,138,189,266,113,153,43,17,26,2,0,2,16,8,8
NACOGDOCHES COUNTY,347,75 Years,348,153,195,277,123,154,42,18,24,6,1,5,23,11,12
NACOGDOCHES COUNTY,347,76 Years,305,131,174,250,110,140,35,13,22,4,0,4,16,8,8
NACOGDOCHES COUNTY,347,77 Years,276,112,164,228,96,132,30,13,17,6,0,6,12,3,9
NACOGDOCHES COUNTY,347,78 Years,285,127,158,239,104,135,29,14,15,8,3,5,9,6,3
NACOGDOCHES COUNTY,347,79 Years,262,106,156,218,91,127,29,9,20,5,2,3,10,4,6
NACOGDOCHES COUNTY,347,80 Years,236,102,134,192,88,104,32,10,22,4,2,2,8,2,6
NACOGDOCHES COUNTY,347,81 Years,231,101,130,191,84,107,30,12,18,4,2,2,6,3,3
NACOGDOCHES COUNTY,347,82 Years,214,86,128,177,73,104,26,7,19,2,1,1,9,5,4
NACOGDOCHES COUNTY,347,83 Years,185,73,112,160,64,96,15,5,10,3,1,2,7,3,4
NACOGDOCHES COUNTY,347,84 Years,175,69,106,151,63,88,18,5,13,2,0,2,4,1,3
NACOGDOCHES COUNTY,347,85 Years +,993,324,669,832,272,560,111,29,82,19,9,10,31,14,17
NAVARRO COUNTY,349,All Ages,49245,24574,24671,28584,14059,14525,6463,3150,3313,1465,737,728,12733,6628,6105
NAVARRO COUNTY,349,< 1 Year,687,348,339,295,147,148,90,46,44,27,14,13,275,141,134
NAVARRO COUNTY,349,1 Years,685,350,335,300,153,147,86,44,42,20,11,9,279,142,137
NAVARRO COUNTY,349,2 Years,680,347,333,304,155,149,86,44,42,21,12,9,269,136,133
NAVARRO COUNTY,349,3 Years,679,348,331,296,158,138,87,37,50,37,19,18,259,134,125
NAVARRO COUNTY,349,4 Years,681,342,339,282,140,142,101,54,47,44,16,28,254,132,122
NAVARRO COUNTY,349,5 Years,712,358,354,285,142,143,90,45,45,44,18,26,293,153,140
NAVARRO COUNTY,349,6 Years,749,393,356,293,143,150,111,62,49,42,24,18,303,164,139
NAVARRO COUNTY,349,7 Years,709,362,347,283,141,142,96,56,40,37,18,19,293,147,146
NAVARRO COUNTY,349,8 Years,686,353,333,265,137,128,94,54,40,37,19,18,290,143,147
NAVARRO COUNTY,349,9 Years,699,365,334,291,156,135,85,45,40,37,20,17,286,144,142
NAVARRO COUNTY,349,10 Years,721,366,355,303,163,140,80,34,46,31,18,13,307,151,156
NAVARRO COUNTY,349,11 Years,734,380,354,330,167,163,78,37,41,28,16,12,298,160,138
NAVARRO COUNTY,349,12 Years,771,414,357,342,177,165,83,48,35,34,18,16,312,171,141
NAVARRO COUNTY,349,13 Years,770,425,345,342,193,149,94,54,40,35,20,15,299,158,141
NAVARRO COUNTY,349,14 Years,784,428,356,353,192,161,107,58,49,32,12,20,292,166,126
NAVARRO COUNTY,349,15 Years,742,407,335,358,199,159,94,47,47,24,11,13,266,150,116
NAVARRO COUNTY,349,16 Years,771,422,349,366,208,158,93,50,43,24,13,11,288,151,137
NAVARRO COUNTY,349,17 Years,786,398,388,389,211,178,121,61,60,18,8,10,258,118,140
NAVARRO COUNTY,349,18 Years,706,371,335,357,193,164,103,58,45,16,9,7,230,111,119
NAVARRO COUNTY,349,19 Years,684,368,316,320,174,146,108,63,45,22,15,7,234,116,118
NAVARRO COUNTY,349,20 Years,693,396,297,321,180,141,113,69,44,21,12,9,238,135,103
NAVARRO COUNTY,349,21 Years,653,351,302,291,152,139,105,58,47,17,11,6,240,130,110
NAVARRO COUNTY,349,22 Years,694,376,318,313,161,152,127,73,54,27,14,13,227,128,99
NAVARRO COUNTY,349,23 Years,690,369,321,312,163,149,138,72,66,29,15,14,211,119,92
NAVARRO COUNTY,349,24 Years,583,308,275,293,155,138,93,42,51,24,15,9,173,96,77
NAVARRO COUNTY,349,25 Years,573,285,288,294,148,146,93,40,53,14,6,8,172,91,81
NAVARRO COUNTY,349,26 Years,560,276,284,286,147,139,82,38,44,13,5,8,179,86,93
NAVARRO COUNTY,349,27 Years,548,263,285,271,125,146,90,47,43,15,7,8,172,84,88
NAVARRO COUNTY,349,28 Years,511,248,263,240,119,121,92,40,52,16,7,9,163,82,81
NAVARRO COUNTY,349,29 Years,501,253,248,253,128,125,67,30,37,22,11,11,159,84,75
NAVARRO COUNTY,349,30 Years,494,251,243,243,116,127,56,30,26,19,8,11,176,97,79
NAVARRO COUNTY,349,31 Years,516,256,260,264,130,134,59,31,28,24,10,14,169,85,84
NAVARRO COUNTY,349,32 Years,543,265,278,275,139,136,62,28,34,22,10,12,184,88,96
NAVARRO COUNTY,349,33 Years,573,277,296,287,140,147,72,33,39,27,16,11,187,88,99
NAVARRO COUNTY,349,34 Years,546,281,265,278,142,136,73,34,39,18,12,6,177,93,84
NAVARRO COUNTY,349,35 Years,544,277,267,276,143,133,67,27,40,21,10,11,180,97,83
NAVARRO COUNTY,349,36 Years,543,274,269,270,136,134,65,32,33,18,10,8,190,96,94
NAVARRO COUNTY,349,37 Years,542,263,279,279,134,145,58,26,32,15,7,8,190,96,94
NAVARRO COUNTY,349,38 Years,578,278,300,313,149,164,59,23,36,13,6,7,193,100,93
NAVARRO COUNTY,349,39 Years,580,292,288,315,151,164,70,35,35,11,6,5,184,100,84
NAVARRO COUNTY,349,40 Years,616,286,330,330,155,175,79,39,40,21,8,13,186,84,102
NAVARRO COUNTY,349,41 Years,582,282,300,322,161,161,67,29,38,18,8,10,175,84,91
NAVARRO COUNTY,349,42 Years,598,312,286,343,173,170,66,32,34,16,8,8,173,99,74
NAVARRO COUNTY,349,43 Years,628,321,307,363,184,179,71,35,36,12,5,7,182,97,85
NAVARRO COUNTY,349,44 Years,640,318,322,355,172,183,80,43,37,21,10,11,184,93,91
NAVARRO COUNTY,349,45 Years,618,315,303,351,176,175,84,42,42,23,14,9,160,83,77
NAVARRO COUNTY,349,46 Years,552,281,271,319,157,162,80,39,41,16,10,6,137,75,62
NAVARRO COUNTY,349,47 Years,552,270,282,327,153,174,84,40,44,17,11,6,124,66,58
NAVARRO COUNTY,349,48 Years,637,302,335,402,188,214,95,38,57,12,6,6,128,70,58
NAVARRO COUNTY,349,49 Years,652,322,330,425,214,211,89,35,54,16,7,9,122,66,56
NAVARRO COUNTY,349,50 Years,671,328,343,422,217,205,98,40,58,21,8,13,130,63,67
NAVARRO COUNTY,349,51 Years,669,319,350,423,196,227,99,51,48,22,11,11,125,61,64
NAVARRO COUNTY,349,52 Years,685,335,350,441,210,231,101,52,49,14,7,7,129,66,63
NAVARRO COUNTY,349,53 Years,711,366,345,464,233,231,111,53,58,12,6,6,124,74,50
NAVARRO COUNTY,349,54 Years,655,326,329,440,214,226,92,42,50,12,4,8,111,66,45
NAVARRO COUNTY,349,55 Years,672,332,340,463,222,241,93,50,43,18,8,10,98,52,46
NAVARRO COUNTY,349,56 Years,655,332,323,461,237,224,90,39,51,16,9,7,88,47,41
NAVARRO COUNTY,349,57 Years,670,330,340,489,239,250,89,40,49,16,8,8,76,43,33
NAVARRO COUNTY,349,58 Years,635,308,327,463,225,238,96,45,51,5,2,3,71,36,35
NAVARRO COUNTY,349,59 Years,617,303,314,451,219,232,86,43,43,6,2,4,74,39,35
NAVARRO COUNTY,349,60 Years,629,307,322,469,224,245,82,40,42,9,4,5,69,39,30
NAVARRO COUNTY,349,61 Years,568,268,300,425,199,226,83,37,46,10,3,7,50,29,21
NAVARRO COUNTY,349,62 Years,545,267,278,422,205,217,75,40,35,9,4,5,39,18,21
NAVARRO COUNTY,349,63 Years,601,295,306,467,227,240,75,37,38,9,6,3,50,25,25
NAVARRO COUNTY,349,64 Years,607,294,313,468,227,241,67,32,35,17,9,8,55,26,29
NAVARRO COUNTY,349,65 Years,593,290,303,474,229,245,62,29,33,10,6,4,47,26,21
NAVARRO COUNTY,349,66 Years,559,280,279,438,222,216,70,28,42,7,5,2,44,25,19
NAVARRO COUNTY,349,67 Years,476,238,238,377,188,189,57,26,31,7,6,1,35,18,17
NAVARRO COUNTY,349,68 Years,475,227,248,375,177,198,49,23,26,7,4,3,44,23,21
NAVARRO COUNTY,349,69 Years,461,208,253,376,171,205,49,21,28,2,1,1,34,15,19
NAVARRO COUNTY,349,70 Years,445,206,239,369,170,199,40,16,24,3,1,2,33,19,14
NAVARRO COUNTY,349,71 Years,408,195,213,335,160,175,30,14,16,8,4,4,35,17,18
NAVARRO COUNTY,349,72 Years,410,202,208,336,166,170,39,17,22,5,2,3,30,17,13
NAVARRO COUNTY,349,73 Years,377,185,192,321,157,164,32,15,17,4,3,1,20,10,10
NAVARRO COUNTY,349,74 Years,343,162,181,296,138,158,25,15,10,3,1,2,19,8,11
NAVARRO COUNTY,349,75 Years,293,129,164,245,108,137,25,12,13,4,2,2,19,7,12
NAVARRO COUNTY,349,76 Years,284,140,144,241,122,119,25,10,15,2,1,1,16,7,9
NAVARRO COUNTY,349,77 Years,257,118,139,209,93,116,23,10,13,4,2,2,21,13,8
NAVARRO COUNTY,349,78 Years,269,125,144,217,99,118,30,13,17,3,1,2,19,12,7
NAVARRO COUNTY,349,79 Years,232,113,119,186,93,93,26,9,17,1,1,0,19,10,9
NAVARRO COUNTY,349,80 Years,178,78,100,139,65,74,23,7,16,3,0,3,13,6,7
NAVARRO COUNTY,349,81 Years,191,76,115,151,63,88,21,6,15,4,1,3,15,6,9
NAVARRO COUNTY,349,82 Years,201,77,124,165,65,100,18,5,13,9,4,5,9,3,6
NAVARRO COUNTY,349,83 Years,178,66,112,151,56,95,16,5,11,3,2,1,8,3,5
NAVARRO COUNTY,349,84 Years,161,67,94,130,53,77,22,10,12,0,0,0,9,4,5
NAVARRO COUNTY,349,85 Years +,888,289,599,720,230,490,121,41,80,12,3,9,35,15,20
NEWTON COUNTY,351,All Ages,14525,7515,7010,10763,5490,5273,2973,1595,1378,355,177,178,434,253,181
NEWTON COUNTY,351,< 1 Year,159,83,76,111,59,52,31,16,15,9,4,5,8,4,4
NEWTON COUNTY,351,1 Years,162,84,78,113,58,55,33,17,16,9,5,4,7,4,3
NEWTON COUNTY,351,2 Years,158,83,75,110,57,53,32,17,15,9,5,4,7,4,3
NEWTON COUNTY,351,3 Years,164,83,81,116,60,56,33,15,18,10,6,4,5,2,3
NEWTON COUNTY,351,4 Years,164,87,77,110,61,49,33,17,16,15,7,8,6,2,4
NEWTON COUNTY,351,5 Years,176,94,82,132,71,61,24,12,12,12,6,6,8,5,3
NEWTON COUNTY,351,6 Years,182,101,81,137,75,62,31,17,14,5,3,2,9,6,3
NEWTON COUNTY,351,7 Years,165,83,82,127,64,63,28,14,14,3,1,2,7,4,3
NEWTON COUNTY,351,8 Years,159,77,82,108,52,56,41,20,21,5,2,3,5,3,2
NEWTON COUNTY,351,9 Years,154,75,79,107,50,57,35,20,15,4,2,2,8,3,5
NEWTON COUNTY,351,10 Years,171,77,94,116,56,60,36,16,20,8,2,6,11,3,8
NEWTON COUNTY,351,11 Years,189,95,94,122,67,55,49,19,30,8,5,3,10,4,6
NEWTON COUNTY,351,12 Years,198,106,92,134,77,57,45,21,24,7,2,5,12,6,6
NEWTON COUNTY,351,13 Years,173,91,82,116,61,55,41,22,19,8,4,4,8,4,4
NEWTON COUNTY,351,14 Years,189,97,92,131,68,63,41,20,21,5,3,2,12,6,6
NEWTON COUNTY,351,15 Years,204,104,100,146,74,72,45,25,20,3,2,1,10,3,7
NEWTON COUNTY,351,16 Years,203,102,101,145,76,69,41,18,23,7,4,3,10,4,6
NEWTON COUNTY,351,17 Years,202,105,97,148,75,73,40,20,20,5,4,1,9,6,3
NEWTON COUNTY,351,18 Years,178,92,86,121,66,55,43,18,25,6,2,4,8,6,2
NEWTON COUNTY,351,19 Years,192,101,91,131,73,58,43,21,22,8,4,4,10,3,7
NEWTON COUNTY,351,20 Years,200,112,88,138,73,65,41,28,13,7,4,3,14,7,7
NEWTON COUNTY,351,21 Years,211,115,96,128,61,67,63,42,21,6,3,3,14,9,5
NEWTON COUNTY,351,22 Years,216,135,81,151,87,64,54,40,14,4,3,1,7,5,2
NEWTON COUNTY,351,23 Years,191,109,82,132,68,64,47,33,14,4,2,2,8,6,2
NEWTON COUNTY,351,24 Years,183,111,72,133,76,57,36,24,12,4,2,2,10,9,1
NEWTON COUNTY,351,25 Years,176,102,74,122,71,51,40,23,17,4,3,1,10,5,5
NEWTON COUNTY,351,26 Years,173,108,65,129,78,51,33,24,9,4,2,2,7,4,3
NEWTON COUNTY,351,27 Years,161,99,62,117,67,50,33,23,10,3,2,1,8,7,1
NEWTON COUNTY,351,28 Years,162,92,70,112,58,54,43,27,16,1,1,0,6,6,0
NEWTON COUNTY,351,29 Years,155,92,63,106,60,46,37,25,12,6,1,5,6,6,0
NEWTON COUNTY,351,30 Years,152,78,74,108,57,51,36,17,19,5,2,3,3,2,1
NEWTON COUNTY,351,31 Years,143,84,59,95,57,38,40,24,16,6,1,5,2,2,0
NEWTON COUNTY,351,32 Years,165,93,72,109,59,50,40,27,13,6,2,4,10,5,5
NEWTON COUNTY,351,33 Years,159,81,78,108,52,56,38,22,16,4,2,2,9,5,4
NEWTON COUNTY,351,34 Years,155,90,65,120,67,53,26,17,9,3,2,1,6,4,2
NEWTON COUNTY,351,35 Years,151,88,63,117,66,51,27,18,9,3,2,1,4,2,2
NEWTON COUNTY,351,36 Years,144,71,73,97,46,51,38,20,18,3,1,2,6,4,2
NEWTON COUNTY,351,37 Years,155,81,74,109,53,56,36,21,15,4,2,2,6,5,1
NEWTON COUNTY,351,38 Years,176,93,83,134,66,68,32,21,11,2,1,1,8,5,3
NEWTON COUNTY,351,39 Years,158,75,83,118,51,67,33,19,14,2,1,1,5,4,1
NEWTON COUNTY,351,40 Years,164,78,86,121,54,67,36,20,16,2,1,1,5,3,2
NEWTON COUNTY,351,41 Years,170,90,80,124,59,65,35,24,11,5,3,2,6,4,2
NEWTON COUNTY,351,42 Years,187,99,88,135,72,63,42,23,19,5,1,4,5,3,2
NEWTON COUNTY,351,43 Years,197,109,88,139,76,63,49,29,20,4,1,3,5,3,2
NEWTON COUNTY,351,44 Years,192,92,100,135,59,76,49,30,19,4,1,3,4,2,2
NEWTON COUNTY,351,45 Years,176,96,80,127,68,59,39,21,18,4,2,2,6,5,1
NEWTON COUNTY,351,46 Years,190,106,84,141,72,69,38,25,13,4,3,1,7,6,1
NEWTON COUNTY,351,47 Years,189,100,89,137,72,65,42,25,17,7,2,5,3,1,2
NEWTON COUNTY,351,48 Years,200,101,99,153,80,73,41,19,22,3,0,3,3,2,1
NEWTON COUNTY,351,49 Years,217,110,107,167,80,87,42,24,18,4,3,1,4,3,1
NEWTON COUNTY,351,50 Years,208,103,105,155,77,78,45,21,24,5,3,2,3,2,1
NEWTON COUNTY,351,51 Years,210,110,100,160,86,74,42,20,22,5,2,3,3,2,1
NEWTON COUNTY,351,52 Years,203,103,100,153,78,75,42,20,22,3,2,1,5,3,2
NEWTON COUNTY,351,53 Years,223,118,105,170,91,79,45,22,23,3,2,1,5,3,2
NEWTON COUNTY,351,54 Years,204,107,97,153,80,73,44,23,21,5,2,3,2,2,0
NEWTON COUNTY,351,55 Years,225,115,110,182,94,88,35,17,18,4,1,3,4,3,1
NEWTON COUNTY,351,56 Years,215,108,107,176,91,85,35,16,19,2,1,1,2,0,2
NEWTON COUNTY,351,57 Years,210,103,107,164,80,84,41,20,21,2,1,1,3,2,1
NEWTON COUNTY,351,58 Years,216,118,98,162,90,72,47,23,24,4,3,1,3,2,1
NEWTON COUNTY,351,59 Years,216,108,108,166,84,82,44,22,22,2,2,0,4,0,4
NEWTON COUNTY,351,60 Years,198,101,97,157,83,74,35,14,21,2,1,1,4,3,1
NEWTON COUNTY,351,61 Years,191,88,103,158,73,85,28,13,15,2,1,1,3,1,2
NEWTON COUNTY,351,62 Years,179,81,98,140,60,80,33,17,16,4,3,1,2,1,1
NEWTON COUNTY,351,63 Years,186,96,90,136,67,69,47,26,21,2,2,0,1,1,0
NEWTON COUNTY,351,64 Years,207,105,102,164,82,82,38,21,17,4,1,3,1,1,0
NEWTON COUNTY,351,65 Years,188,93,95,153,76,77,30,16,14,4,1,3,1,0,1
NEWTON COUNTY,351,66 Years,192,88,104,153,73,80,33,15,18,4,0,4,2,0,2
NEWTON COUNTY,351,67 Years,158,82,76,129,65,64,25,14,11,3,2,1,1,1,0
NEWTON COUNTY,351,68 Years,168,76,92,131,59,72,30,11,19,4,4,0,3,2,1
NEWTON COUNTY,351,69 Years,153,71,82,123,54,69,25,13,12,2,2,0,3,2,1
NEWTON COUNTY,351,70 Years,158,80,78,131,64,67,24,13,11,2,2,0,1,1,0
NEWTON COUNTY,351,71 Years,147,79,68,121,65,56,23,13,10,2,1,1,1,0,1
NEWTON COUNTY,351,72 Years,135,67,68,111,56,55,21,9,12,1,1,0,2,1,1
NEWTON COUNTY,351,73 Years,131,72,59,104,59,45,23,10,13,1,1,0,3,2,1
NEWTON COUNTY,351,74 Years,123,60,63,96,48,48,23,10,13,2,1,1,2,1,1
NEWTON COUNTY,351,75 Years,116,56,60,98,48,50,16,6,10,2,2,0,0,0,0
NEWTON COUNTY,351,76 Years,99,44,55,81,38,43,17,6,11,1,0,1,0,0,0
NEWTON COUNTY,351,77 Years,95,46,49,75,38,37,19,8,11,1,0,1,0,0,0
NEWTON COUNTY,351,78 Years,98,52,46,81,43,38,16,8,8,1,1,0,0,0,0
NEWTON COUNTY,351,79 Years,82,40,42,65,32,33,15,7,8,2,1,1,0,0,0
NEWTON COUNTY,351,80 Years,84,33,51,65,25,40,16,7,9,1,0,1,2,1,1
NEWTON COUNTY,351,81 Years,82,33,49,67,27,40,14,6,8,1,0,1,0,0,0
NEWTON COUNTY,351,82 Years,66,30,36,56,25,31,10,5,5,0,0,0,0,0,0
NEWTON COUNTY,351,83 Years,57,25,32,47,20,27,10,5,5,0,0,0,0,0,0
NEWTON COUNTY,351,84 Years,51,24,27,41,19,22,9,5,4,1,0,1,0,0,0
NEWTON COUNTY,351,85 Years +,241,90,151,196,75,121,42,13,29,2,2,0,1,0,1
NOLAN COUNTY,353,All Ages,15042,7544,7498,8899,4471,4428,667,341,326,259,134,125,5217,2598,2619
NOLAN COUNTY,353,< 1 Year,202,105,97,97,50,47,10,6,4,4,2,2,91,47,44
NOLAN COUNTY,353,1 Years,197,101,96,96,49,47,9,5,4,4,2,2,88,45,43
NOLAN COUNTY,353,2 Years,192,99,93,96,49,47,8,5,3,4,2,2,84,43,41
NOLAN COUNTY,353,3 Years,199,111,88,94,49,45,9,5,4,4,3,1,92,54,38
NOLAN COUNTY,353,4 Years,196,95,101,86,39,47,7,1,6,5,2,3,98,53,45
NOLAN COUNTY,353,5 Years,233,111,122,102,49,53,10,5,5,8,4,4,113,53,60
NOLAN COUNTY,353,6 Years,231,120,111,105,54,51,15,8,7,8,3,5,103,55,48
NOLAN COUNTY,353,7 Years,224,114,110,102,54,48,15,7,8,8,3,5,99,50,49
NOLAN COUNTY,353,8 Years,224,116,108,99,48,51,13,7,6,5,1,4,107,60,47
NOLAN COUNTY,353,9 Years,231,116,115,108,62,46,11,5,6,5,2,3,107,47,60
NOLAN COUNTY,353,10 Years,222,115,107,98,54,44,7,3,4,10,7,3,107,51,56
NOLAN COUNTY,353,11 Years,209,106,103,92,48,44,10,5,5,8,5,3,99,48,51
NOLAN COUNTY,353,12 Years,199,102,97,86,47,39,11,5,6,7,3,4,95,47,48
NOLAN COUNTY,353,13 Years,202,105,97,79,42,37,14,7,7,6,1,5,103,55,48
NOLAN COUNTY,353,14 Years,207,101,106,88,41,47,14,8,6,4,2,2,101,50,51
NOLAN COUNTY,353,15 Years,195,106,89,90,49,41,15,9,6,2,1,1,88,47,41
NOLAN COUNTY,353,16 Years,204,107,97,106,53,53,16,10,6,3,0,3,79,44,35
NOLAN COUNTY,353,17 Years,210,111,99,111,60,51,14,9,5,4,3,1,81,39,42
NOLAN COUNTY,353,18 Years,202,105,97,104,57,47,8,4,4,3,1,2,87,43,44
NOLAN COUNTY,353,19 Years,196,97,99,100,47,53,9,4,5,6,2,4,81,44,37
NOLAN COUNTY,353,20 Years,174,91,83,94,46,48,10,7,3,3,1,2,67,37,30
NOLAN COUNTY,353,21 Years,208,114,94,113,62,51,14,9,5,3,3,0,78,40,38
NOLAN COUNTY,353,22 Years,231,146,85,117,75,42,12,8,4,6,6,0,96,57,39
NOLAN COUNTY,353,23 Years,213,128,85,115,70,45,5,4,1,3,2,1,90,52,38
NOLAN COUNTY,353,24 Years,177,97,80,93,53,40,7,3,4,4,3,1,73,38,35
NOLAN COUNTY,353,25 Years,165,90,75,88,46,42,9,4,5,3,2,1,65,38,27
NOLAN COUNTY,353,26 Years,183,98,85,98,49,49,11,7,4,3,2,1,71,40,31
NOLAN COUNTY,353,27 Years,162,90,72,88,50,38,8,5,3,1,1,0,65,34,31
NOLAN COUNTY,353,28 Years,155,74,81,87,43,44,4,2,2,3,1,2,61,28,33
NOLAN COUNTY,353,29 Years,145,73,72,78,38,40,3,2,1,1,1,0,63,32,31
NOLAN COUNTY,353,30 Years,153,87,66,86,52,34,8,2,6,3,2,1,56,31,25
NOLAN COUNTY,353,31 Years,157,82,75,93,54,39,7,2,5,1,1,0,56,25,31
NOLAN COUNTY,353,32 Years,178,92,86,96,50,46,7,5,2,3,1,2,72,36,36
NOLAN COUNTY,353,33 Years,165,92,73,93,53,40,10,8,2,2,1,1,60,30,30
NOLAN COUNTY,353,34 Years,150,84,66,86,51,35,5,4,1,1,1,0,58,28,30
NOLAN COUNTY,353,35 Years,163,73,90,82,40,42,7,3,4,7,1,6,67,29,38
NOLAN COUNTY,353,36 Years,167,80,87,90,41,49,9,5,4,3,1,2,65,33,32
NOLAN COUNTY,353,37 Years,157,77,80,79,39,40,10,6,4,1,1,0,67,31,36
NOLAN COUNTY,353,38 Years,162,75,87,92,43,49,8,5,3,1,1,0,61,26,35
NOLAN COUNTY,353,39 Years,157,77,80,91,47,44,6,2,4,3,3,0,57,25,32
NOLAN COUNTY,353,40 Years,170,76,94,100,50,50,6,2,4,2,2,0,62,22,40
NOLAN COUNTY,353,41 Years,169,81,88,94,45,49,8,4,4,1,1,0,66,31,35
NOLAN COUNTY,353,42 Years,187,94,93,104,53,51,10,5,5,1,1,0,72,35,37
NOLAN COUNTY,353,43 Years,193,107,86,113,67,46,8,3,5,3,2,1,69,35,34
NOLAN COUNTY,353,44 Years,179,93,86,104,54,50,12,6,6,2,1,1,61,32,29
NOLAN COUNTY,353,45 Years,169,80,89,94,50,44,10,3,7,3,1,2,62,26,36
NOLAN COUNTY,353,46 Years,179,88,91,109,53,56,7,2,5,4,2,2,59,31,28
NOLAN COUNTY,353,47 Years,166,87,79,102,49,53,6,2,4,3,2,1,55,34,21
NOLAN COUNTY,353,48 Years,177,86,91,109,51,58,4,2,2,7,3,4,57,30,27
NOLAN COUNTY,353,49 Years,165,78,87,106,49,57,8,5,3,3,2,1,48,22,26
NOLAN COUNTY,353,50 Years,192,91,101,128,64,64,11,6,5,4,1,3,49,20,29
NOLAN COUNTY,353,51 Years,198,97,101,135,69,66,9,5,4,4,2,2,50,21,29
NOLAN COUNTY,353,52 Years,195,103,92,127,70,57,7,3,4,1,1,0,60,29,31
NOLAN COUNTY,353,53 Years,207,96,111,141,66,75,12,5,7,2,1,1,52,24,28
NOLAN COUNTY,353,54 Years,204,98,106,136,66,70,11,7,4,2,2,0,55,23,32
NOLAN COUNTY,353,55 Years,188,95,93,128,67,61,5,3,2,2,1,1,53,24,29
NOLAN COUNTY,353,56 Years,193,89,104,130,59,71,7,3,4,3,2,1,53,25,28
NOLAN COUNTY,353,57 Years,221,114,107,149,74,75,11,6,5,2,1,1,59,33,26
NOLAN COUNTY,353,58 Years,221,120,101,142,75,67,8,5,3,3,1,2,68,39,29
NOLAN COUNTY,353,59 Years,209,105,104,142,68,74,8,4,4,3,1,2,56,32,24
NOLAN COUNTY,353,60 Years,205,92,113,132,63,69,9,2,7,4,1,3,60,26,34
NOLAN COUNTY,353,61 Years,205,105,100,134,71,63,11,5,6,2,1,1,58,28,30
NOLAN COUNTY,353,62 Years,191,89,102,127,63,64,10,4,6,4,1,3,50,21,29
NOLAN COUNTY,353,63 Years,203,103,100,145,79,66,6,3,3,3,2,1,49,19,30
NOLAN COUNTY,353,64 Years,194,99,95,141,73,68,6,3,3,4,3,1,43,20,23
NOLAN COUNTY,353,65 Years,183,96,87,140,75,65,4,3,1,2,2,0,37,16,21
NOLAN COUNTY,353,66 Years,181,80,101,138,60,78,9,4,5,1,1,0,33,15,18
NOLAN COUNTY,353,67 Years,146,66,80,106,47,59,4,1,3,1,1,0,35,17,18
NOLAN COUNTY,353,68 Years,148,80,68,107,56,51,6,4,2,0,0,0,35,20,15
NOLAN COUNTY,353,69 Years,163,75,88,117,52,65,6,3,3,2,1,1,38,19,19
NOLAN COUNTY,353,70 Years,147,70,77,97,44,53,4,1,3,3,2,1,43,23,20
NOLAN COUNTY,353,71 Years,136,62,74,96,43,53,4,2,2,2,1,1,34,16,18
NOLAN COUNTY,353,72 Years,124,59,65,97,49,48,3,1,2,1,0,1,23,9,14
NOLAN COUNTY,353,73 Years,125,64,61,100,55,45,2,0,2,1,1,0,22,8,14
NOLAN COUNTY,353,74 Years,117,60,57,92,50,42,3,2,1,0,0,0,22,8,14
NOLAN COUNTY,353,75 Years,95,46,49,75,36,39,4,2,2,1,1,0,15,7,8
NOLAN COUNTY,353,76 Years,105,53,52,83,40,43,4,1,3,1,1,0,17,11,6
NOLAN COUNTY,353,77 Years,106,43,63,79,30,49,4,2,2,1,0,1,22,11,11
NOLAN COUNTY,353,78 Years,101,39,62,75,30,45,4,2,2,0,0,0,22,7,15
NOLAN COUNTY,353,79 Years,92,40,52,67,30,37,1,0,1,2,1,1,22,9,13
NOLAN COUNTY,353,80 Years,78,40,38,62,29,33,1,0,1,0,0,0,15,11,4
NOLAN COUNTY,353,81 Years,74,34,40,59,24,35,0,0,0,1,0,1,14,10,4
NOLAN COUNTY,353,82 Years,69,30,39,53,22,31,0,0,0,0,0,0,16,8,8
NOLAN COUNTY,353,83 Years,70,35,35,57,29,28,0,0,0,0,0,0,13,6,7
NOLAN COUNTY,353,84 Years,61,29,32,47,23,24,0,0,0,0,0,0,14,6,8
NOLAN COUNTY,353,85 Years +,344,114,230,282,96,186,9,4,5,5,0,5,48,14,34
NUECES COUNTY,355,All Ages,351334,172995,178339,109332,54712,54620,12371,6384,5987,11099,5125,5974,218532,106774,111758
NUECES COUNTY,355,< 1 Year,5039,2566,2473,1229,624,605,147,75,72,191,99,92,3472,1768,1704
NUECES COUNTY,355,1 Years,4975,2536,2439,1214,619,595,151,77,74,157,80,77,3453,1760,1693
NUECES COUNTY,355,2 Years,4917,2505,2412,1223,621,602,148,76,72,155,79,76,3391,1729,1662
NUECES COUNTY,355,3 Years,4729,2386,2343,1054,531,523,150,75,75,166,81,85,3359,1699,1660
NUECES COUNTY,355,4 Years,4692,2344,2348,960,485,475,153,76,77,167,90,77,3412,1693,1719
NUECES COUNTY,355,5 Years,4778,2436,2342,971,491,480,173,95,78,168,80,88,3466,1770,1696
NUECES COUNTY,355,6 Years,4743,2472,2271,921,480,441,151,85,66,174,82,92,3497,1825,1672
NUECES COUNTY,355,7 Years,4858,2543,2315,946,506,440,137,78,59,183,95,88,3592,1864,1728
NUECES COUNTY,355,8 Years,4820,2487,2333,923,494,429,152,79,73,169,88,81,3576,1826,1750
NUECES COUNTY,355,9 Years,4754,2393,2361,992,506,486,139,70,69,153,79,74,3470,1738,1732
NUECES COUNTY,355,10 Years,4799,2429,2370,967,470,497,136,74,62,141,63,78,3555,1822,1733
NUECES COUNTY,355,11 Years,4948,2555,2393,967,498,469,158,76,82,145,60,85,3678,1921,1757
NUECES COUNTY,355,12 Years,5108,2656,2452,1059,567,492,154,77,77,153,74,79,3742,1938,1804
NUECES COUNTY,355,13 Years,5175,2614,2561,1064,522,542,168,80,88,171,95,76,3772,1917,1855
NUECES COUNTY,355,14 Years,5020,2563,2457,1041,514,527,170,86,84,163,94,69,3646,1869,1777
NUECES COUNTY,355,15 Years,4933,2531,2402,1038,533,505,167,88,79,154,76,78,3574,1834,1740
NUECES COUNTY,355,16 Years,4890,2463,2427,1033,530,503,199,101,98,151,71,80,3507,1761,1746
NUECES COUNTY,355,17 Years,5051,2571,2480,1079,551,528,199,98,101,147,73,74,3626,1849,1777
NUECES COUNTY,355,18 Years,5140,2619,2521,1168,576,592,189,91,98,153,74,79,3630,1878,1752
NUECES COUNTY,355,19 Years,5480,2768,2712,1380,661,719,234,108,126,177,79,98,3689,1920,1769
NUECES COUNTY,355,20 Years,5403,2770,2633,1336,670,666,238,115,123,171,72,99,3658,1913,1745
NUECES COUNTY,355,21 Years,5349,2730,2619,1327,656,671,182,103,79,166,83,83,3674,1888,1786
NUECES COUNTY,355,22 Years,5190,2628,2562,1283,660,623,198,111,87,195,91,104,3514,1766,1748
NUECES COUNTY,355,23 Years,5271,2607,2664,1480,724,756,212,111,101,210,101,109,3369,1671,1698
NUECES COUNTY,355,24 Years,5172,2652,2520,1578,839,739,203,105,98,188,101,87,3203,1607,1596
NUECES COUNTY,355,25 Years,5093,2571,2522,1526,744,782,181,101,80,187,92,95,3199,1634,1565
NUECES COUNTY,355,26 Years,5119,2644,2475,1501,811,690,183,90,93,168,80,88,3267,1663,1604
NUECES COUNTY,355,27 Years,4996,2474,2522,1533,770,763,175,100,75,169,77,92,3119,1527,1592
NUECES COUNTY,355,28 Years,4942,2510,2432,1468,774,694,190,115,75,164,75,89,3120,1546,1574
NUECES COUNTY,355,29 Years,4876,2461,2415,1448,760,688,183,104,79,157,68,89,3088,1529,1559
NUECES COUNTY,355,30 Years,5001,2499,2502,1443,767,676,180,100,80,155,74,81,3223,1558,1665
NUECES COUNTY,355,31 Years,4893,2489,2404,1405,738,667,174,102,72,159,79,80,3155,1570,1585
NUECES COUNTY,355,32 Years,4796,2404,2392,1380,715,665,172,99,73,161,68,93,3083,1522,1561
NUECES COUNTY,355,33 Years,4641,2331,2310,1351,706,645,154,91,63,160,73,87,2976,1461,1515
NUECES COUNTY,355,34 Years,4327,2174,2153,1250,652,598,163,89,74,141,64,77,2773,1369,1404
NUECES COUNTY,355,35 Years,4240,2103,2137,1170,603,567,161,89,72,153,72,81,2756,1339,1417
NUECES COUNTY,355,36 Years,4199,2043,2156,1095,552,543,145,75,70,169,71,98,2790,1345,1445
NUECES COUNTY,355,37 Years,4123,1994,2129,1062,546,516,149,75,74,180,79,101,2732,1294,1438
NUECES COUNTY,355,38 Years,4049,2011,2038,1050,551,499,147,85,62,178,88,90,2674,1287,1387
NUECES COUNTY,355,39 Years,4026,2006,2020,1065,560,505,146,83,63,187,90,97,2628,1273,1355
NUECES COUNTY,355,40 Years,4115,2033,2082,1100,579,521,149,70,79,173,80,93,2693,1304,1389
NUECES COUNTY,355,41 Years,4290,2070,2220,1161,574,587,140,77,63,205,83,122,2784,1336,1448
NUECES COUNTY,355,42 Years,4408,2162,2246,1266,659,607,143,81,62,197,91,106,2802,1331,1471
NUECES COUNTY,355,43 Years,4384,2172,2212,1313,666,647,149,82,67,155,69,86,2767,1355,1412
NUECES COUNTY,355,44 Years,4066,2001,2065,1267,660,607,135,66,69,140,61,79,2524,1214,1310
NUECES COUNTY,355,45 Years,4056,1957,2099,1238,622,616,128,63,65,145,64,81,2545,1208,1337
NUECES COUNTY,355,46 Years,4083,2002,2081,1254,646,608,135,68,67,122,50,72,2572,1238,1334
NUECES COUNTY,355,47 Years,3973,1980,1993,1277,653,624,131,69,62,111,48,63,2454,1210,1244
NUECES COUNTY,355,48 Years,4480,2213,2267,1453,720,733,184,103,81,142,66,76,2701,1324,1377
NUECES COUNTY,355,49 Years,4711,2277,2434,1670,848,822,173,91,82,141,60,81,2727,1278,1449
NUECES COUNTY,355,50 Years,4960,2370,2590,1779,886,893,184,96,88,130,54,76,2867,1334,1533
NUECES COUNTY,355,51 Years,4798,2366,2432,1755,879,876,181,97,84,123,55,68,2739,1335,1404
NUECES COUNTY,355,52 Years,4823,2357,2466,1844,937,907,171,93,78,144,75,69,2664,1252,1412
NUECES COUNTY,355,53 Years,5001,2454,2547,1904,974,930,184,92,92,146,61,85,2767,1327,1440
NUECES COUNTY,355,54 Years,4796,2356,2440,1882,933,949,180,87,93,121,49,72,2613,1287,1326
NUECES COUNTY,355,55 Years,4767,2335,2432,1865,928,937,171,88,83,122,54,68,2609,1265,1344
NUECES COUNTY,355,56 Years,4856,2344,2512,1926,970,956,196,97,99,136,64,72,2598,1213,1385
NUECES COUNTY,355,57 Years,4899,2402,2497,1963,1009,954,205,112,93,133,56,77,2598,1225,1373
NUECES COUNTY,355,58 Years,4834,2376,2458,2076,1051,1025,191,107,84,142,71,71,2425,1147,1278
NUECES COUNTY,355,59 Years,4639,2272,2367,2028,1019,1009,182,89,93,127,53,74,2302,1111,1191
NUECES COUNTY,355,60 Years,4296,2135,2161,1849,946,903,165,91,74,108,38,70,2174,1060,1114
NUECES COUNTY,355,61 Years,4021,2009,2012,1755,898,857,139,77,62,105,47,58,2022,987,1035
NUECES COUNTY,355,62 Years,3861,1895,1966,1620,814,806,129,69,60,102,43,59,2010,969,1041
NUECES COUNTY,355,63 Years,3752,1829,1923,1547,790,757,146,72,74,107,47,60,1952,920,1032
NUECES COUNTY,355,64 Years,3670,1793,1877,1503,777,726,135,63,72,103,46,57,1929,907,1022
NUECES COUNTY,355,65 Years,3690,1813,1877,1570,826,744,130,66,64,107,44,63,1883,877,1006
NUECES COUNTY,355,66 Years,3534,1712,1822,1568,800,768,100,48,52,106,42,64,1760,822,938
NUECES COUNTY,355,67 Years,2999,1430,1569,1273,625,648,107,58,49,89,35,54,1530,712,818
NUECES COUNTY,355,68 Years,2861,1379,1482,1186,595,591,97,48,49,74,33,41,1504,703,801
NUECES COUNTY,355,69 Years,2658,1274,1384,1170,580,590,87,46,41,64,25,39,1337,623,714
NUECES COUNTY,355,70 Years,2443,1152,1291,1115,545,570,85,40,45,53,22,31,1190,545,645
NUECES COUNTY,355,71 Years,2279,1084,1195,997,522,475,88,42,46,50,20,30,1144,500,644
NUECES COUNTY,355,72 Years,2093,977,1116,931,470,461,68,31,37,51,20,31,1043,456,587
NUECES COUNTY,355,73 Years,1889,878,1011,845,411,434,61,32,29,51,24,27,932,411,521
NUECES COUNTY,355,74 Years,1829,816,1013,831,398,433,63,30,33,38,17,21,897,371,526
NUECES COUNTY,355,75 Years,1748,741,1007,763,355,408,58,23,35,33,17,16,894,346,548
NUECES COUNTY,355,76 Years,1676,726,950,756,353,403,58,21,37,35,16,19,827,336,491
NUECES COUNTY,355,77 Years,1582,664,918,700,309,391,52,22,30,33,16,17,797,317,480
NUECES COUNTY,355,78 Years,1606,650,956,731,315,416,58,26,32,26,10,16,791,299,492
NUECES COUNTY,355,79 Years,1432,584,848,657,278,379,47,16,31,30,9,21,698,281,417
NUECES COUNTY,355,80 Years,1308,529,779,605,265,340,47,19,28,31,11,20,625,234,391
NUECES COUNTY,355,81 Years,1284,509,775,600,253,347,41,18,23,28,11,17,615,227,388
NUECES COUNTY,355,82 Years,1268,496,772,608,243,365,32,15,17,36,13,23,592,225,367
NUECES COUNTY,355,83 Years,1166,464,702,575,248,327,35,12,23,24,7,17,532,197,335
NUECES COUNTY,355,84 Years,1018,395,623,509,212,297,28,9,19,16,7,9,465,167,298
NUECES COUNTY,355,85 Years +,5877,2024,3853,3067,1094,1973,192,54,138,88,31,57,2530,845,1685
OCHILTREE COUNTY,357,All Ages,10783,5553,5230,5012,2483,2529,21,9,12,160,69,91,5590,2992,2598
OCHILTREE COUNTY,357,< 1 Year,180,91,89,63,33,30,1,0,1,3,1,2,113,57,56
OCHILTREE COUNTY,357,1 Years,181,94,87,64,34,30,0,0,0,2,1,1,115,59,56
OCHILTREE COUNTY,357,2 Years,178,92,86,65,34,31,0,0,0,2,1,1,111,57,54
OCHILTREE COUNTY,357,3 Years,183,91,92,53,31,22,0,0,0,3,2,1,127,58,69
OCHILTREE COUNTY,357,4 Years,185,103,82,56,38,18,1,0,1,0,0,0,128,65,63
OCHILTREE COUNTY,357,5 Years,193,111,82,52,30,22,1,1,0,3,1,2,137,79,58
OCHILTREE COUNTY,357,6 Years,196,102,94,56,24,32,0,0,0,2,0,2,138,78,60
OCHILTREE COUNTY,357,7 Years,210,108,102,65,35,30,1,0,1,1,0,1,143,73,70
OCHILTREE COUNTY,357,8 Years,210,100,110,57,28,29,0,0,0,1,0,1,152,72,80
OCHILTREE COUNTY,357,9 Years,219,101,118,71,29,42,1,0,1,2,1,1,145,71,74
OCHILTREE COUNTY,357,10 Years,197,103,94,60,30,30,1,0,1,5,3,2,131,70,61
OCHILTREE COUNTY,357,11 Years,178,90,88,56,30,26,0,0,0,2,1,1,120,59,61
OCHILTREE COUNTY,357,12 Years,196,106,90,61,37,24,1,0,1,5,4,1,129,65,64
OCHILTREE COUNTY,357,13 Years,187,105,82,54,30,24,1,0,1,4,2,2,128,73,55
OCHILTREE COUNTY,357,14 Years,189,98,91,60,27,33,0,0,0,4,2,2,125,69,56
OCHILTREE COUNTY,357,15 Years,165,94,71,57,29,28,0,0,0,1,0,1,107,65,42
OCHILTREE COUNTY,357,16 Years,168,90,78,68,35,33,0,0,0,2,0,2,98,55,43
OCHILTREE COUNTY,357,17 Years,172,101,71,71,39,32,0,0,0,4,3,1,97,59,38
OCHILTREE COUNTY,357,18 Years,161,94,67,64,33,31,0,0,0,3,1,2,94,60,34
OCHILTREE COUNTY,357,19 Years,148,76,72,53,27,26,0,0,0,4,1,3,91,48,43
OCHILTREE COUNTY,357,20 Years,139,79,60,54,30,24,1,1,0,2,1,1,82,47,35
OCHILTREE COUNTY,357,21 Years,156,84,72,59,30,29,1,0,1,3,0,3,93,54,39
OCHILTREE COUNTY,357,22 Years,123,55,68,43,19,24,0,0,0,2,0,2,78,36,42
OCHILTREE COUNTY,357,23 Years,130,62,68,53,25,28,0,0,0,2,1,1,75,36,39
OCHILTREE COUNTY,357,24 Years,129,64,65,49,23,26,0,0,0,3,1,2,77,40,37
OCHILTREE COUNTY,357,25 Years,141,74,67,53,27,26,0,0,0,2,1,1,86,46,40
OCHILTREE COUNTY,357,26 Years,144,74,70,46,23,23,1,1,0,2,1,1,95,49,46
OCHILTREE COUNTY,357,27 Years,125,65,60,48,21,27,0,0,0,1,0,1,76,44,32
OCHILTREE COUNTY,357,28 Years,161,83,78,66,32,34,0,0,0,4,1,3,91,50,41
OCHILTREE COUNTY,357,29 Years,134,75,59,57,30,27,0,0,0,2,1,1,75,44,31
OCHILTREE COUNTY,357,30 Years,141,77,64,60,30,30,0,0,0,2,2,0,79,45,34
OCHILTREE COUNTY,357,31 Years,158,87,71,66,38,28,1,1,0,1,1,0,90,47,43
OCHILTREE COUNTY,357,32 Years,147,75,72,53,29,24,1,0,1,2,2,0,91,44,47
OCHILTREE COUNTY,357,33 Years,139,82,57,46,28,18,0,0,0,2,0,2,91,54,37
OCHILTREE COUNTY,357,34 Years,159,84,75,55,28,27,1,1,0,2,1,1,101,54,47
OCHILTREE COUNTY,357,35 Years,164,81,83,56,26,30,1,1,0,2,1,1,105,53,52
OCHILTREE COUNTY,357,36 Years,149,80,69,44,19,25,0,0,0,3,2,1,102,59,43
OCHILTREE COUNTY,357,37 Years,142,78,64,45,18,27,0,0,0,2,2,0,95,58,37
OCHILTREE COUNTY,357,38 Years,155,82,73,58,27,31,0,0,0,1,1,0,96,54,42
OCHILTREE COUNTY,357,39 Years,150,85,65,60,35,25,0,0,0,0,0,0,90,50,40
OCHILTREE COUNTY,357,40 Years,129,71,58,50,27,23,0,0,0,0,0,0,79,44,35
OCHILTREE COUNTY,357,41 Years,130,76,54,46,27,19,1,0,1,1,0,1,82,49,33
OCHILTREE COUNTY,357,42 Years,126,65,61,53,26,27,1,0,1,1,0,1,71,39,32
OCHILTREE COUNTY,357,43 Years,127,64,63,56,26,30,0,0,0,0,0,0,71,38,33
OCHILTREE COUNTY,357,44 Years,117,59,58,48,22,26,0,0,0,2,2,0,67,35,32
OCHILTREE COUNTY,357,45 Years,120,59,61,49,22,27,1,1,0,4,2,2,66,34,32
OCHILTREE COUNTY,357,46 Years,113,58,55,57,29,28,0,0,0,2,0,2,54,29,25
OCHILTREE COUNTY,357,47 Years,130,64,66,58,29,29,0,0,0,2,1,1,70,34,36
OCHILTREE COUNTY,357,48 Years,127,63,64,65,33,32,1,1,0,5,2,3,56,27,29
OCHILTREE COUNTY,357,49 Years,129,68,61,73,32,41,0,0,0,3,1,2,53,35,18
OCHILTREE COUNTY,357,50 Years,138,69,69,88,41,47,1,0,1,2,1,1,47,27,20
OCHILTREE COUNTY,357,51 Years,142,69,73,89,47,42,1,1,0,3,2,1,49,19,30
OCHILTREE COUNTY,357,52 Years,149,79,70,89,48,41,0,0,0,1,1,0,59,30,29
OCHILTREE COUNTY,357,53 Years,148,75,73,89,44,45,0,0,0,5,3,2,54,28,26
OCHILTREE COUNTY,357,54 Years,127,61,66,74,39,35,0,0,0,6,2,4,47,20,27
OCHILTREE COUNTY,357,55 Years,124,59,65,77,35,42,0,0,0,4,1,3,43,23,20
OCHILTREE COUNTY,357,56 Years,128,70,58,89,48,41,0,0,0,1,0,1,38,22,16
OCHILTREE COUNTY,357,57 Years,125,65,60,85,44,41,0,0,0,2,1,1,38,20,18
OCHILTREE COUNTY,357,58 Years,130,69,61,89,47,42,0,0,0,2,1,1,39,21,18
OCHILTREE COUNTY,357,59 Years,111,56,55,79,40,39,0,0,0,2,1,1,30,15,15
OCHILTREE COUNTY,357,60 Years,104,49,55,78,35,43,0,0,0,0,0,0,26,14,12
OCHILTREE COUNTY,357,61 Years,107,52,55,85,39,46,0,0,0,0,0,0,22,13,9
OCHILTREE COUNTY,357,62 Years,90,50,40,72,38,34,0,0,0,0,0,0,18,12,6
OCHILTREE COUNTY,357,63 Years,85,46,39,63,34,29,0,0,0,0,0,0,22,12,10
OCHILTREE COUNTY,357,64 Years,88,45,43,68,33,35,0,0,0,2,1,1,18,11,7
OCHILTREE COUNTY,357,65 Years,89,53,36,78,44,34,0,0,0,0,0,0,11,9,2
OCHILTREE COUNTY,357,66 Years,86,48,38,70,39,31,0,0,0,2,0,2,14,9,5
OCHILTREE COUNTY,357,67 Years,69,36,33,50,26,24,0,0,0,2,0,2,17,10,7
OCHILTREE COUNTY,357,68 Years,72,31,41,53,24,29,0,0,0,2,1,1,17,6,11
OCHILTREE COUNTY,357,69 Years,64,30,34,52,24,28,0,0,0,0,0,0,12,6,6
OCHILTREE COUNTY,357,70 Years,64,31,33,52,24,28,0,0,0,0,0,0,12,7,5
OCHILTREE COUNTY,357,71 Years,55,23,32,46,18,28,0,0,0,0,0,0,9,5,4
OCHILTREE COUNTY,357,72 Years,58,22,36,52,20,32,0,0,0,2,1,1,4,1,3
OCHILTREE COUNTY,357,73 Years,52,21,31,46,18,28,0,0,0,0,0,0,6,3,3
OCHILTREE COUNTY,357,74 Years,45,18,27,38,15,23,0,0,0,1,0,1,6,3,3
OCHILTREE COUNTY,357,75 Years,42,22,20,36,19,17,0,0,0,0,0,0,6,3,3
OCHILTREE COUNTY,357,76 Years,37,19,18,25,14,11,0,0,0,1,0,1,11,5,6
OCHILTREE COUNTY,357,77 Years,38,16,22,27,11,16,0,0,0,0,0,0,11,5,6
OCHILTREE COUNTY,357,78 Years,45,17,28,37,15,22,0,0,0,2,0,2,6,2,4
OCHILTREE COUNTY,357,79 Years,39,14,25,33,13,20,0,0,0,0,0,0,6,1,5
OCHILTREE COUNTY,357,80 Years,37,17,20,30,15,15,0,0,0,0,0,0,7,2,5
OCHILTREE COUNTY,357,81 Years,35,13,22,30,11,19,0,0,0,1,0,1,4,2,2
OCHILTREE COUNTY,357,82 Years,43,15,28,39,12,27,0,0,0,1,1,0,3,2,1
OCHILTREE COUNTY,357,83 Years,27,10,17,24,10,14,0,0,0,1,0,1,2,0,2
OCHILTREE COUNTY,357,84 Years,26,7,19,23,7,16,0,0,0,1,0,1,2,0,2
OCHILTREE COUNTY,357,85 Years +,134,53,81,125,48,77,0,0,0,1,1,0,8,4,4
OLDHAM COUNTY,359,All Ages,2084,1046,1038,1720,873,847,63,32,31,45,15,30,256,126,130
OLDHAM COUNTY,359,< 1 Year,25,13,12,20,10,10,1,1,0,0,0,0,4,2,2
OLDHAM COUNTY,359,1 Years,23,11,12,18,9,9,1,0,1,0,0,0,4,2,2
OLDHAM COUNTY,359,2 Years,22,12,10,19,10,9,0,0,0,0,0,0,3,2,1
OLDHAM COUNTY,359,3 Years,19,11,8,16,9,7,1,0,1,0,0,0,2,2,0
OLDHAM COUNTY,359,4 Years,21,9,12,15,8,7,0,0,0,1,0,1,5,1,4
OLDHAM COUNTY,359,5 Years,20,11,9,14,9,5,2,2,0,1,0,1,3,0,3
OLDHAM COUNTY,359,6 Years,20,10,10,16,8,8,1,0,1,0,0,0,3,2,1
OLDHAM COUNTY,359,7 Years,19,12,7,16,10,6,1,0,1,0,0,0,2,2,0
OLDHAM COUNTY,359,8 Years,26,14,12,22,13,9,1,0,1,0,0,0,3,1,2
OLDHAM COUNTY,359,9 Years,32,13,19,26,12,14,2,1,1,2,0,2,2,0,2
OLDHAM COUNTY,359,10 Years,31,14,17,24,11,13,1,1,0,1,0,1,5,2,3
OLDHAM COUNTY,359,11 Years,34,17,17,30,16,14,2,0,2,1,0,1,1,1,0
OLDHAM COUNTY,359,12 Years,37,20,17,31,17,14,1,0,1,0,0,0,5,3,2
OLDHAM COUNTY,359,13 Years,32,18,14,27,16,11,1,1,0,0,0,0,4,1,3
OLDHAM COUNTY,359,14 Years,42,30,12,33,24,9,3,3,0,0,0,0,6,3,3
OLDHAM COUNTY,359,15 Years,43,25,18,35,20,15,1,1,0,1,1,0,6,3,3
OLDHAM COUNTY,359,16 Years,55,34,21,38,23,15,5,3,2,1,0,1,11,8,3
OLDHAM COUNTY,359,17 Years,66,42,24,39,26,13,5,3,2,3,0,3,19,13,6
OLDHAM COUNTY,359,18 Years,70,48,22,45,30,15,7,5,2,4,3,1,14,10,4
OLDHAM COUNTY,359,19 Years,64,43,21,45,32,13,8,5,3,1,0,1,10,6,4
OLDHAM COUNTY,359,20 Years,49,32,17,32,21,11,4,2,2,3,2,1,10,7,3
OLDHAM COUNTY,359,21 Years,43,26,17,31,21,10,3,1,2,1,0,1,8,4,4
OLDHAM COUNTY,359,22 Years,21,11,10,16,9,7,1,1,0,1,0,1,3,1,2
OLDHAM COUNTY,359,23 Years,11,5,6,7,4,3,2,0,2,0,0,0,2,1,1
OLDHAM COUNTY,359,24 Years,13,5,8,9,5,4,1,0,1,0,0,0,3,0,3
OLDHAM COUNTY,359,25 Years,13,8,5,10,6,4,0,0,0,0,0,0,3,2,1
OLDHAM COUNTY,359,26 Years,7,4,3,6,3,3,0,0,0,0,0,0,1,1,0
OLDHAM COUNTY,359,27 Years,15,5,10,12,4,8,0,0,0,0,0,0,3,1,2
OLDHAM COUNTY,359,28 Years,21,8,13,17,6,11,1,1,0,0,0,0,3,1,2
OLDHAM COUNTY,359,29 Years,17,7,10,15,6,9,0,0,0,0,0,0,2,1,1
OLDHAM COUNTY,359,30 Years,16,8,8,13,6,7,0,0,0,0,0,0,3,2,1
OLDHAM COUNTY,359,31 Years,19,8,11,16,7,9,1,0,1,0,0,0,2,1,1
OLDHAM COUNTY,359,32 Years,20,4,16,17,3,14,0,0,0,0,0,0,3,1,2
OLDHAM COUNTY,359,33 Years,25,9,16,22,9,13,0,0,0,1,0,1,2,0,2
OLDHAM COUNTY,359,34 Years,29,13,16,28,13,15,1,0,1,0,0,0,0,0,0
OLDHAM COUNTY,359,35 Years,23,12,11,21,11,10,0,0,0,0,0,0,2,1,1
OLDHAM COUNTY,359,36 Years,22,12,10,18,10,8,0,0,0,2,1,1,2,1,1
OLDHAM COUNTY,359,37 Years,20,10,10,16,9,7,0,0,0,1,0,1,3,1,2
OLDHAM COUNTY,359,38 Years,20,10,10,18,8,10,1,1,0,0,0,0,1,1,0
OLDHAM COUNTY,359,39 Years,24,11,13,24,11,13,0,0,0,0,0,0,0,0,0
OLDHAM COUNTY,359,40 Years,23,11,12,20,10,10,1,0,1,0,0,0,2,1,1
OLDHAM COUNTY,359,41 Years,28,15,13,23,13,10,0,0,0,3,1,2,2,1,1
OLDHAM COUNTY,359,42 Years,24,10,14,19,9,10,0,0,0,3,0,3,2,1,1
OLDHAM COUNTY,359,43 Years,24,13,11,20,11,9,0,0,0,0,0,0,4,2,2
OLDHAM COUNTY,359,44 Years,31,11,20,27,10,17,1,0,1,0,0,0,3,1,2
OLDHAM COUNTY,359,45 Years,22,9,13,20,8,12,0,0,0,0,0,0,2,1,1
OLDHAM COUNTY,359,46 Years,13,4,9,12,4,8,0,0,0,0,0,0,1,0,1
OLDHAM COUNTY,359,47 Years,14,5,9,12,4,8,0,0,0,0,0,0,2,1,1
OLDHAM COUNTY,359,48 Years,23,8,15,21,7,14,0,0,0,0,0,0,2,1,1
OLDHAM COUNTY,359,49 Years,32,14,18,30,13,17,0,0,0,0,0,0,2,1,1
OLDHAM COUNTY,359,50 Years,33,20,13,29,18,11,0,0,0,1,1,0,3,1,2
OLDHAM COUNTY,359,51 Years,21,11,10,18,10,8,0,0,0,0,0,0,3,1,2
OLDHAM COUNTY,359,52 Years,26,10,16,22,9,13,0,0,0,0,0,0,4,1,3
OLDHAM COUNTY,359,53 Years,26,11,15,22,10,12,0,0,0,1,1,0,3,0,3
OLDHAM COUNTY,359,54 Years,27,12,15,21,10,11,0,0,0,1,0,1,5,2,3
OLDHAM COUNTY,359,55 Years,32,15,17,27,13,14,0,0,0,1,0,1,4,2,2
OLDHAM COUNTY,359,56 Years,35,15,20,31,14,17,1,0,1,2,1,1,1,0,1
OLDHAM COUNTY,359,57 Years,28,15,13,25,12,13,0,0,0,1,1,0,2,2,0
OLDHAM COUNTY,359,58 Years,39,20,19,33,17,16,0,0,0,1,0,1,5,3,2
OLDHAM COUNTY,359,59 Years,25,11,14,21,10,11,0,0,0,0,0,0,4,1,3
OLDHAM COUNTY,359,60 Years,19,9,10,16,7,9,0,0,0,1,0,1,2,2,0
OLDHAM COUNTY,359,61 Years,24,11,13,23,11,12,1,0,1,0,0,0,0,0,0
OLDHAM COUNTY,359,62 Years,21,8,13,19,7,12,0,0,0,0,0,0,2,1,1
OLDHAM COUNTY,359,63 Years,23,11,12,22,11,11,0,0,0,0,0,0,1,0,1
OLDHAM COUNTY,359,64 Years,27,15,12,24,15,9,0,0,0,0,0,0,3,0,3
OLDHAM COUNTY,359,65 Years,29,13,16,26,13,13,0,0,0,1,0,1,2,0,2
OLDHAM COUNTY,359,66 Years,23,11,12,19,10,9,0,0,0,1,0,1,3,1,2
OLDHAM COUNTY,359,67 Years,20,11,9,16,9,7,0,0,0,0,0,0,4,2,2
OLDHAM COUNTY,359,68 Years,17,9,8,14,7,7,0,0,0,1,1,0,2,1,1
OLDHAM COUNTY,359,69 Years,24,11,13,21,9,12,0,0,0,1,1,0,2,1,1
OLDHAM COUNTY,359,70 Years,16,6,10,14,5,9,0,0,0,0,0,0,2,1,1
OLDHAM COUNTY,359,71 Years,10,3,7,10,3,7,0,0,0,0,0,0,0,0,0
OLDHAM COUNTY,359,72 Years,12,6,6,11,5,6,0,0,0,1,1,0,0,0,0
OLDHAM COUNTY,359,73 Years,15,5,10,15,5,10,0,0,0,0,0,0,0,0,0
OLDHAM COUNTY,359,74 Years,15,5,10,15,5,10,0,0,0,0,0,0,0,0,0
OLDHAM COUNTY,359,75 Years,11,5,6,10,5,5,0,0,0,0,0,0,1,0,1
OLDHAM COUNTY,359,76 Years,16,9,7,14,8,6,0,0,0,0,0,0,2,1,1
OLDHAM COUNTY,359,77 Years,14,8,6,12,7,5,0,0,0,0,0,0,2,1,1
OLDHAM COUNTY,359,78 Years,12,5,7,12,5,7,0,0,0,0,0,0,0,0,0
OLDHAM COUNTY,359,79 Years,10,4,6,10,4,6,0,0,0,0,0,0,0,0,0
OLDHAM COUNTY,359,80 Years,7,3,4,5,2,3,0,0,0,0,0,0,2,1,1
OLDHAM COUNTY,359,81 Years,7,2,5,6,2,4,0,0,0,0,0,0,1,0,1
OLDHAM COUNTY,359,82 Years,9,4,5,9,4,5,0,0,0,0,0,0,0,0,0
OLDHAM COUNTY,359,83 Years,7,3,4,7,3,4,0,0,0,0,0,0,0,0,0
OLDHAM COUNTY,359,84 Years,9,4,5,9,4,5,0,0,0,0,0,0,0,0,0
OLDHAM COUNTY,359,85 Years +,32,10,22,31,10,21,0,0,0,0,0,0,1,0,1
ORANGE COUNTY,361,All Ages,82801,41310,41491,67706,33665,34041,7149,3458,3691,2505,1255,1250,5441,2932,2509
ORANGE COUNTY,361,< 1 Year,1051,532,519,816,409,407,104,55,49,42,21,21,89,47,42
ORANGE COUNTY,361,1 Years,1022,521,501,809,412,397,95,49,46,35,18,17,83,42,41
ORANGE COUNTY,361,2 Years,1041,531,510,828,422,406,94,48,46,36,18,18,83,43,40
ORANGE COUNTY,361,3 Years,1058,533,525,803,406,397,94,50,44,51,23,28,110,54,56
ORANGE COUNTY,361,4 Years,1086,550,536,821,411,410,85,44,41,54,30,24,126,65,61
ORANGE COUNTY,361,5 Years,1117,574,543,822,415,407,115,61,54,59,34,25,121,64,57
ORANGE COUNTY,361,6 Years,1121,574,547,842,446,396,107,49,58,58,28,30,114,51,63
ORANGE COUNTY,361,7 Years,1117,583,534,831,432,399,105,59,46,62,35,27,119,57,62
ORANGE COUNTY,361,8 Years,1122,586,536,848,434,414,109,59,50,44,27,17,121,66,55
ORANGE COUNTY,361,9 Years,1173,623,550,888,463,425,119,64,55,47,28,19,119,68,51
ORANGE COUNTY,361,10 Years,1185,621,564,882,455,427,115,59,56,53,26,27,135,81,54
ORANGE COUNTY,361,11 Years,1126,593,533,854,449,405,98,49,49,49,26,23,125,69,56
ORANGE COUNTY,361,12 Years,1134,596,538,867,455,412,109,56,53,51,28,23,107,57,50
ORANGE COUNTY,361,13 Years,1165,598,567,887,450,437,115,62,53,52,26,26,111,60,51
ORANGE COUNTY,361,14 Years,1200,598,602,922,465,457,123,61,62,45,22,23,110,50,60
ORANGE COUNTY,361,15 Years,1177,615,562,900,474,426,120,58,62,42,22,20,115,61,54
ORANGE COUNTY,361,16 Years,1218,639,579,944,484,460,132,76,56,43,20,23,99,59,40
ORANGE COUNTY,361,17 Years,1218,626,592,912,462,450,150,81,69,44,21,23,112,62,50
ORANGE COUNTY,361,18 Years,1148,629,519,856,466,390,142,82,60,50,26,24,100,55,45
ORANGE COUNTY,361,19 Years,1095,574,521,803,425,378,141,69,72,44,24,20,107,56,51
ORANGE COUNTY,361,20 Years,1083,577,506,805,421,384,142,83,59,45,23,22,91,50,41
ORANGE COUNTY,361,21 Years,1020,558,462,761,410,351,125,70,55,39,21,18,95,57,38
ORANGE COUNTY,361,22 Years,1036,539,497,805,416,389,110,59,51,31,16,15,90,48,42
ORANGE COUNTY,361,23 Years,1015,543,472,810,433,377,94,50,44,34,19,15,77,41,36
ORANGE COUNTY,361,24 Years,999,515,484,795,400,395,92,49,43,26,15,11,86,51,35
ORANGE COUNTY,361,25 Years,943,464,479,752,363,389,81,42,39,22,8,14,88,51,37
ORANGE COUNTY,361,26 Years,942,461,481,753,366,387,87,37,50,24,11,13,78,47,31
ORANGE COUNTY,361,27 Years,937,481,456,753,386,367,82,39,43,29,16,13,73,40,33
ORANGE COUNTY,361,28 Years,936,466,470,751,370,381,95,48,47,21,9,12,69,39,30
ORANGE COUNTY,361,29 Years,916,455,461,725,355,370,78,37,41,27,14,13,86,49,37
ORANGE COUNTY,361,30 Years,928,474,454,750,380,370,73,38,35,19,10,9,86,46,40
ORANGE COUNTY,361,31 Years,912,461,451,731,369,362,67,33,34,23,14,9,91,45,46
ORANGE COUNTY,361,32 Years,983,487,496,800,397,403,71,35,36,24,12,12,88,43,45
ORANGE COUNTY,361,33 Years,1010,496,514,818,405,413,85,35,50,23,12,11,84,44,40
ORANGE COUNTY,361,34 Years,983,490,493,797,394,403,90,40,50,26,14,12,70,42,28
ORANGE COUNTY,361,35 Years,956,492,464,775,395,380,75,31,44,25,17,8,81,49,32
ORANGE COUNTY,361,36 Years,969,495,474,781,398,383,77,30,47,28,16,12,83,51,32
ORANGE COUNTY,361,37 Years,930,466,464,737,366,371,86,38,48,34,16,18,73,46,27
ORANGE COUNTY,361,38 Years,983,464,519,785,366,419,84,41,43,35,11,24,79,46,33
ORANGE COUNTY,361,39 Years,1002,480,522,814,386,428,76,37,39,34,15,19,78,42,36
ORANGE COUNTY,361,40 Years,1017,501,516,836,407,429,82,37,45,32,18,14,67,39,28
ORANGE COUNTY,361,41 Years,1075,547,528,882,458,424,89,37,52,32,12,20,72,40,32
ORANGE COUNTY,361,42 Years,1123,577,546,923,490,433,100,43,57,34,12,22,66,32,34
ORANGE COUNTY,361,43 Years,1060,549,511,873,453,420,80,39,41,32,17,15,75,40,35
ORANGE COUNTY,361,44 Years,1009,531,478,838,438,400,78,36,42,33,23,10,60,34,26
ORANGE COUNTY,361,45 Years,1044,542,502,867,454,413,91,42,49,31,20,11,55,26,29
ORANGE COUNTY,361,46 Years,1106,566,540,933,483,450,88,42,46,31,16,15,54,25,29
ORANGE COUNTY,361,47 Years,1118,562,556,927,467,460,102,47,55,30,16,14,59,32,27
ORANGE COUNTY,361,48 Years,1155,565,590,967,472,495,106,48,58,28,14,14,54,31,23
ORANGE COUNTY,361,49 Years,1261,590,671,1074,503,571,94,44,50,29,14,15,64,29,35
ORANGE COUNTY,361,50 Years,1255,632,623,1079,542,537,84,46,38,34,15,19,58,29,29
ORANGE COUNTY,361,51 Years,1269,654,615,1091,566,525,96,50,46,30,11,19,52,27,25
ORANGE COUNTY,361,52 Years,1264,637,627,1080,543,537,100,49,51,35,18,17,49,27,22
ORANGE COUNTY,361,53 Years,1286,650,636,1098,560,538,100,42,58,36,18,18,52,30,22
ORANGE COUNTY,361,54 Years,1285,634,651,1100,549,551,107,49,58,30,11,19,48,25,23
ORANGE COUNTY,361,55 Years,1307,650,657,1119,569,550,110,48,62,30,10,20,48,23,25
ORANGE COUNTY,361,56 Years,1252,617,635,1074,537,537,103,43,60,32,13,19,43,24,19
ORANGE COUNTY,361,57 Years,1157,580,577,988,501,487,101,42,59,35,14,21,33,23,10
ORANGE COUNTY,361,58 Years,1163,563,600,999,484,515,95,36,59,33,17,16,36,26,10
ORANGE COUNTY,361,59 Years,1108,541,567,953,464,489,88,44,44,30,12,18,37,21,16
ORANGE COUNTY,361,60 Years,1020,508,512,883,436,447,79,41,38,24,11,13,34,20,14
ORANGE COUNTY,361,61 Years,1020,500,520,886,437,449,74,34,40,26,12,14,34,17,17
ORANGE COUNTY,361,62 Years,1008,492,516,875,429,446,75,33,42,24,12,12,34,18,16
ORANGE COUNTY,361,63 Years,957,461,496,845,405,440,61,29,32,20,10,10,31,17,14
ORANGE COUNTY,361,64 Years,907,447,460,794,395,399,70,30,40,23,11,12,20,11,9
ORANGE COUNTY,361,65 Years,926,462,464,806,402,404,73,36,37,23,10,13,24,14,10
ORANGE COUNTY,361,66 Years,878,421,457,765,367,398,73,35,38,13,3,10,27,16,11
ORANGE COUNTY,361,67 Years,731,356,375,638,310,328,62,31,31,12,5,7,19,10,9
ORANGE COUNTY,361,68 Years,703,333,370,613,291,322,55,26,29,12,5,7,23,11,12
ORANGE COUNTY,361,69 Years,727,340,387,649,305,344,51,23,28,11,6,5,16,6,10
ORANGE COUNTY,361,70 Years,699,339,360,619,298,321,50,25,25,15,9,6,15,7,8
ORANGE COUNTY,361,71 Years,675,339,336,599,301,298,43,23,20,14,7,7,19,8,11
ORANGE COUNTY,361,72 Years,614,272,342,550,248,302,39,14,25,9,1,8,16,9,7
ORANGE COUNTY,361,73 Years,529,235,294,470,213,257,36,12,24,8,4,4,15,6,9
ORANGE COUNTY,361,74 Years,538,242,296,478,213,265,36,16,20,8,7,1,16,6,10
ORANGE COUNTY,361,75 Years,516,216,300,456,190,266,35,13,22,11,8,3,14,5,9
ORANGE COUNTY,361,76 Years,490,230,260,430,205,225,38,15,23,10,6,4,12,4,8
ORANGE COUNTY,361,77 Years,486,218,268,436,195,241,28,12,16,7,3,4,15,8,7
ORANGE COUNTY,361,78 Years,468,224,244,419,206,213,26,8,18,5,1,4,18,9,9
ORANGE COUNTY,361,79 Years,406,192,214,365,175,190,24,8,16,4,1,3,13,8,5
ORANGE COUNTY,361,80 Years,379,178,201,335,156,179,23,11,12,7,3,4,14,8,6
ORANGE COUNTY,361,81 Years,355,146,209,316,129,187,23,9,14,6,3,3,10,5,5
ORANGE COUNTY,361,82 Years,348,143,205,313,127,186,18,5,13,7,4,3,10,7,3
ORANGE COUNTY,361,83 Years,325,132,193,296,118,178,14,6,8,7,4,3,8,4,4
ORANGE COUNTY,361,84 Years,300,112,188,268,101,167,15,5,10,6,2,4,11,4,7
ORANGE COUNTY,361,85 Years +,1425,524,901,1268,462,806,92,31,61,26,14,12,39,17,22
PALO PINTO COUNTY,363,All Ages,28568,14103,14465,21962,10730,11232,603,316,287,589,300,289,5414,2757,2657
PALO PINTO COUNTY,363,< 1 Year,366,185,181,247,125,122,5,3,2,9,5,4,105,52,53
PALO PINTO COUNTY,363,1 Years,364,187,177,250,128,122,5,3,2,8,4,4,101,52,49
PALO PINTO COUNTY,363,2 Years,363,187,176,253,129,124,6,4,2,8,5,3,96,49,47
PALO PINTO COUNTY,363,3 Years,379,199,180,241,124,117,12,8,4,6,5,1,120,62,58
PALO PINTO COUNTY,363,4 Years,354,186,168,220,117,103,14,9,5,7,5,2,113,55,58
PALO PINTO COUNTY,363,5 Years,370,192,178,240,129,111,16,7,9,9,3,6,105,53,52
PALO PINTO COUNTY,363,6 Years,399,204,195,260,133,127,10,6,4,13,6,7,116,59,57
PALO PINTO COUNTY,363,7 Years,390,198,192,244,133,111,9,2,7,15,8,7,122,55,67
PALO PINTO COUNTY,363,8 Years,390,200,190,241,127,114,11,6,5,14,6,8,124,61,63
PALO PINTO COUNTY,363,9 Years,359,187,172,224,123,101,10,6,4,10,4,6,115,54,61
PALO PINTO COUNTY,363,10 Years,378,192,186,247,134,113,8,4,4,6,4,2,117,50,67
PALO PINTO COUNTY,363,11 Years,367,179,188,242,121,121,7,4,3,8,4,4,110,50,60
PALO PINTO COUNTY,363,12 Years,392,198,194,250,135,115,12,6,6,13,8,5,117,49,68
PALO PINTO COUNTY,363,13 Years,433,214,219,272,136,136,14,6,8,13,8,5,134,64,70
PALO PINTO COUNTY,363,14 Years,411,208,203,259,129,130,9,6,3,13,8,5,130,65,65
PALO PINTO COUNTY,363,15 Years,412,222,190,258,144,114,12,6,6,10,5,5,132,67,65
PALO PINTO COUNTY,363,16 Years,402,215,187,256,136,120,11,8,3,11,8,3,124,63,61
PALO PINTO COUNTY,363,17 Years,413,220,193,264,134,130,10,7,3,13,7,6,126,72,54
PALO PINTO COUNTY,363,18 Years,384,200,184,240,124,116,10,5,5,9,5,4,125,66,59
PALO PINTO COUNTY,363,19 Years,345,180,165,223,112,111,9,6,3,6,4,2,107,58,49
PALO PINTO COUNTY,363,20 Years,365,196,169,248,132,116,6,4,2,9,4,5,102,56,46
PALO PINTO COUNTY,363,21 Years,335,172,163,231,120,111,7,3,4,7,3,4,90,46,44
PALO PINTO COUNTY,363,22 Years,323,151,172,227,107,120,8,4,4,5,2,3,83,38,45
PALO PINTO COUNTY,363,23 Years,324,155,169,227,106,121,8,6,2,5,2,3,84,41,43
PALO PINTO COUNTY,363,24 Years,308,154,154,221,104,117,7,5,2,4,4,0,76,41,35
PALO PINTO COUNTY,363,25 Years,317,153,164,220,100,120,6,4,2,5,4,1,86,45,41
PALO PINTO COUNTY,363,26 Years,302,159,143,223,116,107,5,3,2,3,3,0,71,37,34
PALO PINTO COUNTY,363,27 Years,300,164,136,221,118,103,9,6,3,2,2,0,68,38,30
PALO PINTO COUNTY,363,28 Years,280,137,143,202,96,106,5,2,3,6,2,4,67,37,30
PALO PINTO COUNTY,363,29 Years,291,160,131,210,116,94,7,3,4,10,5,5,64,36,28
PALO PINTO COUNTY,363,30 Years,299,145,154,208,95,113,6,2,4,10,5,5,75,43,32
PALO PINTO COUNTY,363,31 Years,295,139,156,213,96,117,8,4,4,6,4,2,68,35,33
PALO PINTO COUNTY,363,32 Years,303,148,155,209,97,112,6,3,3,5,3,2,83,45,38
PALO PINTO COUNTY,363,33 Years,292,141,151,215,96,119,8,6,2,6,6,0,63,33,30
PALO PINTO COUNTY,363,34 Years,296,144,152,213,100,113,8,5,3,9,5,4,66,34,32
PALO PINTO COUNTY,363,35 Years,297,143,154,213,101,112,8,3,5,10,5,5,66,34,32
PALO PINTO COUNTY,363,36 Years,305,159,146,225,118,107,7,4,3,6,3,3,67,34,33
PALO PINTO COUNTY,363,37 Years,304,145,159,220,106,114,6,5,1,2,1,1,76,33,43
PALO PINTO COUNTY,363,38 Years,306,140,166,224,104,120,3,1,2,4,3,1,75,32,43
PALO PINTO COUNTY,363,39 Years,319,152,167,231,107,124,8,6,2,10,4,6,70,35,35
PALO PINTO COUNTY,363,40 Years,313,147,166,226,101,125,6,5,1,10,4,6,71,37,34
PALO PINTO COUNTY,363,41 Years,307,151,156,232,112,120,4,2,2,5,1,4,66,36,30
PALO PINTO COUNTY,363,42 Years,325,155,170,247,125,122,4,1,3,7,2,5,67,27,40
PALO PINTO COUNTY,363,43 Years,369,183,186,287,141,146,6,2,4,5,2,3,71,38,33
PALO PINTO COUNTY,363,44 Years,322,167,155,240,120,120,5,3,2,4,3,1,73,41,32
PALO PINTO COUNTY,363,45 Years,333,169,164,265,137,128,7,3,4,2,2,0,59,27,32
PALO PINTO COUNTY,363,46 Years,355,173,182,279,136,143,7,5,2,4,2,2,65,30,35
PALO PINTO COUNTY,363,47 Years,316,155,161,241,122,119,7,5,2,6,2,4,62,26,36
PALO PINTO COUNTY,363,48 Years,382,180,202,304,142,162,8,4,4,8,3,5,62,31,31
PALO PINTO COUNTY,363,49 Years,404,195,209,328,155,173,6,2,4,10,4,6,60,34,26
PALO PINTO COUNTY,363,50 Years,402,187,215,336,151,185,8,3,5,5,2,3,53,31,22
PALO PINTO COUNTY,363,51 Years,431,221,210,352,175,177,12,7,5,8,4,4,59,35,24
PALO PINTO COUNTY,363,52 Years,436,223,213,365,181,184,10,5,5,4,2,2,57,35,22
PALO PINTO COUNTY,363,53 Years,440,207,233,374,175,199,11,4,7,7,3,4,48,25,23
PALO PINTO COUNTY,363,54 Years,407,200,207,343,167,176,6,4,2,7,2,5,51,27,24
PALO PINTO COUNTY,363,55 Years,419,202,217,352,164,188,9,5,4,7,5,2,51,28,23
PALO PINTO COUNTY,363,56 Years,440,211,229,386,182,204,10,4,6,9,5,4,35,20,15
PALO PINTO COUNTY,363,57 Years,460,225,235,401,190,211,14,8,6,9,4,5,36,23,13
PALO PINTO COUNTY,363,58 Years,426,206,220,380,180,200,12,5,7,6,3,3,28,18,10
PALO PINTO COUNTY,363,59 Years,397,199,198,348,175,173,9,1,8,5,2,3,35,21,14
PALO PINTO COUNTY,363,60 Years,383,194,189,333,172,161,5,1,4,8,3,5,37,18,19
PALO PINTO COUNTY,363,61 Years,355,173,182,309,150,159,7,4,3,7,4,3,32,15,17
PALO PINTO COUNTY,363,62 Years,357,178,179,315,157,158,5,3,2,5,2,3,32,16,16
PALO PINTO COUNTY,363,63 Years,396,194,202,346,166,180,7,3,4,7,2,5,36,23,13
PALO PINTO COUNTY,363,64 Years,351,170,181,301,143,158,6,2,4,10,2,8,34,23,11
PALO PINTO COUNTY,363,65 Years,393,190,203,348,167,181,6,3,3,8,4,4,31,16,15
PALO PINTO COUNTY,363,66 Years,407,194,213,373,181,192,11,5,6,6,1,5,17,7,10
PALO PINTO COUNTY,363,67 Years,340,170,170,307,156,151,6,3,3,3,1,2,24,10,14
PALO PINTO COUNTY,363,68 Years,329,171,158,297,153,144,3,3,0,6,4,2,23,11,12
PALO PINTO COUNTY,363,69 Years,334,174,160,304,161,143,2,1,1,10,5,5,18,7,11
PALO PINTO COUNTY,363,70 Years,293,148,145,268,136,132,4,2,2,6,3,3,15,7,8
PALO PINTO COUNTY,363,71 Years,275,134,141,249,120,129,2,2,0,7,3,4,17,9,8
PALO PINTO COUNTY,363,72 Years,268,126,142,244,113,131,1,1,0,5,4,1,18,8,10
PALO PINTO COUNTY,363,73 Years,251,117,134,226,102,124,4,1,3,4,4,0,17,10,7
PALO PINTO COUNTY,363,74 Years,231,127,104,212,116,96,4,2,2,2,2,0,13,7,6
PALO PINTO COUNTY,363,75 Years,227,114,113,211,106,105,3,2,1,3,2,1,10,4,6
PALO PINTO COUNTY,363,76 Years,207,90,117,186,81,105,4,1,3,4,2,2,13,6,7
PALO PINTO COUNTY,363,77 Years,199,83,116,183,76,107,2,0,2,2,0,2,12,7,5
PALO PINTO COUNTY,363,78 Years,182,82,100,171,76,95,3,2,1,3,1,2,5,3,2
PALO PINTO COUNTY,363,79 Years,153,69,84,141,66,75,3,1,2,4,1,3,5,1,4
PALO PINTO COUNTY,363,80 Years,142,63,79,130,59,71,1,1,0,4,1,3,7,2,5
PALO PINTO COUNTY,363,81 Years,145,67,78,128,59,69,2,1,1,4,2,2,11,5,6
PALO PINTO COUNTY,363,82 Years,129,56,73,118,50,68,2,1,1,3,1,2,6,4,2
PALO PINTO COUNTY,363,83 Years,116,49,67,103,44,59,2,0,2,2,1,1,9,4,5
PALO PINTO COUNTY,363,84 Years,109,45,64,101,41,60,1,0,1,1,1,0,6,3,3
PALO PINTO COUNTY,363,85 Years +,480,159,321,440,140,300,10,2,8,12,5,7,18,12,6
PANOLA COUNTY,365,All Ages,24244,12081,12163,17604,8743,8861,3925,1885,2040,489,241,248,2226,1212,1014
PANOLA COUNTY,365,< 1 Year,286,149,137,178,92,86,48,25,23,11,6,5,49,26,23
PANOLA COUNTY,365,1 Years,281,143,138,176,90,86,48,24,24,10,5,5,47,24,23
PANOLA COUNTY,365,2 Years,282,145,137,178,91,87,48,25,23,11,6,5,45,23,22
PANOLA COUNTY,365,3 Years,287,148,139,173,86,87,56,28,28,10,5,5,48,29,19
PANOLA COUNTY,365,4 Years,299,146,153,180,89,91,49,22,27,12,6,6,58,29,29
PANOLA COUNTY,365,5 Years,320,168,152,202,107,95,50,30,20,9,3,6,59,28,31
PANOLA COUNTY,365,6 Years,313,168,145,190,111,79,56,26,30,8,4,4,59,27,32
PANOLA COUNTY,365,7 Years,336,178,158,209,115,94,55,26,29,15,10,5,57,27,30
PANOLA COUNTY,365,8 Years,352,174,178,219,108,111,54,28,26,13,7,6,66,31,35
PANOLA COUNTY,365,9 Years,354,168,186,227,100,127,48,31,17,14,7,7,65,30,35
PANOLA COUNTY,365,10 Years,355,187,168,246,129,117,48,27,21,10,5,5,51,26,25
PANOLA COUNTY,365,11 Years,345,196,149,226,129,97,65,37,28,8,5,3,46,25,21
PANOLA COUNTY,365,12 Years,353,188,165,227,121,106,63,30,33,9,5,4,54,32,22
PANOLA COUNTY,365,13 Years,343,178,165,237,122,115,57,29,28,9,4,5,40,23,17
PANOLA COUNTY,365,14 Years,339,171,168,239,115,124,48,27,21,8,4,4,44,25,19
PANOLA COUNTY,365,15 Years,343,174,169,234,124,110,49,25,24,10,4,6,50,21,29
PANOLA COUNTY,365,16 Years,328,168,160,221,117,104,55,28,27,10,5,5,42,18,24
PANOLA COUNTY,365,17 Years,301,151,150,207,101,106,45,27,18,4,2,2,45,21,24
PANOLA COUNTY,365,18 Years,298,160,138,197,112,85,54,25,29,6,2,4,41,21,20
PANOLA COUNTY,365,19 Years,308,169,139,204,116,88,54,27,27,5,2,3,45,24,21
PANOLA COUNTY,365,20 Years,313,165,148,204,106,98,64,37,27,10,5,5,35,17,18
PANOLA COUNTY,365,21 Years,294,141,153,176,84,92,71,37,34,14,7,7,33,13,20
PANOLA COUNTY,365,22 Years,355,181,174,228,122,106,72,33,39,8,5,3,47,21,26
PANOLA COUNTY,365,23 Years,317,169,148,201,107,94,73,36,37,5,2,3,38,24,14
PANOLA COUNTY,365,24 Years,284,165,119,185,102,83,55,32,23,5,3,2,39,28,11
PANOLA COUNTY,365,25 Years,279,150,129,184,98,86,53,26,27,4,3,1,38,23,15
PANOLA COUNTY,365,26 Years,264,135,129,166,90,76,52,20,32,5,2,3,41,23,18
PANOLA COUNTY,365,27 Years,277,138,139,188,94,94,44,19,25,2,1,1,43,24,19
PANOLA COUNTY,365,28 Years,272,144,128,184,94,90,41,21,20,6,3,3,41,26,15
PANOLA COUNTY,365,29 Years,244,129,115,175,95,80,26,11,15,6,3,3,37,20,17
PANOLA COUNTY,365,30 Years,279,144,135,195,95,100,42,26,16,3,1,2,39,22,17
PANOLA COUNTY,365,31 Years,287,146,141,209,102,107,43,22,21,2,1,1,33,21,12
PANOLA COUNTY,365,32 Years,301,158,143,212,111,101,50,22,28,4,3,1,35,22,13
PANOLA COUNTY,365,33 Years,315,154,161,223,108,115,48,22,26,5,3,2,39,21,18
PANOLA COUNTY,365,34 Years,290,139,151,195,90,105,52,26,26,4,1,3,39,22,17
PANOLA COUNTY,365,35 Years,292,142,150,217,103,114,42,23,19,4,1,3,29,15,14
PANOLA COUNTY,365,36 Years,284,146,138,203,102,101,41,19,22,5,3,2,35,22,13
PANOLA COUNTY,365,37 Years,298,145,153,206,99,107,45,18,27,9,5,4,38,23,15
PANOLA COUNTY,365,38 Years,301,147,154,218,105,113,46,21,25,4,2,2,33,19,14
PANOLA COUNTY,365,39 Years,256,130,126,192,96,96,32,15,17,2,1,1,30,18,12
PANOLA COUNTY,365,40 Years,266,134,132,197,96,101,37,19,18,4,2,2,28,17,11
PANOLA COUNTY,365,41 Years,288,146,142,212,106,106,42,21,21,6,3,3,28,16,12
PANOLA COUNTY,365,42 Years,281,141,140,211,109,102,45,18,27,5,3,2,20,11,9
PANOLA COUNTY,365,43 Years,279,135,144,206,103,103,45,17,28,4,1,3,24,14,10
PANOLA COUNTY,365,44 Years,275,130,145,197,98,99,47,15,32,6,3,3,25,14,11
PANOLA COUNTY,365,45 Years,280,141,139,203,107,96,46,17,29,6,3,3,25,14,11
PANOLA COUNTY,365,46 Years,261,130,131,184,89,95,48,23,25,3,1,2,26,17,9
PANOLA COUNTY,365,47 Years,251,117,134,177,82,95,50,24,26,5,1,4,19,10,9
PANOLA COUNTY,365,48 Years,289,141,148,213,102,111,55,29,26,6,3,3,15,7,8
PANOLA COUNTY,365,49 Years,326,165,161,250,126,124,57,28,29,4,1,3,15,10,5
PANOLA COUNTY,365,50 Years,329,168,161,250,131,119,52,21,31,6,3,3,21,13,8
PANOLA COUNTY,365,51 Years,318,164,154,233,121,112,55,25,30,8,5,3,22,13,9
PANOLA COUNTY,365,52 Years,340,179,161,245,133,112,76,36,40,5,2,3,14,8,6
PANOLA COUNTY,365,53 Years,354,161,193,250,116,134,81,34,47,7,3,4,16,8,8
PANOLA COUNTY,365,54 Years,343,156,187,257,123,134,63,24,39,8,2,6,15,7,8
PANOLA COUNTY,365,55 Years,351,171,180,271,128,143,59,32,27,7,4,3,14,7,7
PANOLA COUNTY,365,56 Years,374,183,191,301,143,158,54,29,25,5,3,2,14,8,6
PANOLA COUNTY,365,57 Years,351,183,168,285,145,140,54,29,25,5,4,1,7,5,2
PANOLA COUNTY,365,58 Years,356,177,179,293,147,146,49,20,29,3,2,1,11,8,3
PANOLA COUNTY,365,59 Years,347,170,177,277,136,141,51,24,27,6,2,4,13,8,5
PANOLA COUNTY,365,60 Years,357,177,180,285,136,149,54,30,24,6,2,4,12,9,3
PANOLA COUNTY,365,61 Years,378,190,188,307,158,149,59,26,33,6,3,3,6,3,3
PANOLA COUNTY,365,62 Years,351,171,180,286,139,147,48,21,27,9,4,5,8,7,1
PANOLA COUNTY,365,63 Years,310,165,145,256,137,119,43,23,20,5,2,3,6,3,3
PANOLA COUNTY,365,64 Years,285,149,136,235,124,111,43,22,21,2,1,1,5,2,3
PANOLA COUNTY,365,65 Years,290,137,153,247,115,132,35,17,18,3,2,1,5,3,2
PANOLA COUNTY,365,66 Years,307,149,158,256,126,130,42,19,23,4,2,2,5,2,3
PANOLA COUNTY,365,67 Years,268,137,131,210,108,102,46,23,23,4,2,2,8,4,4
PANOLA COUNTY,365,68 Years,264,132,132,210,107,103,39,18,21,8,4,4,7,3,4
PANOLA COUNTY,365,69 Years,229,113,116,185,88,97,31,18,13,7,3,4,6,4,2
PANOLA COUNTY,365,70 Years,225,107,118,185,86,99,30,15,15,5,2,3,5,4,1
PANOLA COUNTY,365,71 Years,214,92,122,175,75,100,32,13,19,2,1,1,5,3,2
PANOLA COUNTY,365,72 Years,179,77,102,143,60,83,29,12,17,1,0,1,6,5,1
PANOLA COUNTY,365,73 Years,184,78,106,150,63,87,28,11,17,3,2,1,3,2,1
PANOLA COUNTY,365,74 Years,184,83,101,162,74,88,20,8,12,2,1,1,0,0,0
PANOLA COUNTY,365,75 Years,185,89,96,162,80,82,21,8,13,2,1,1,0,0,0
PANOLA COUNTY,365,76 Years,175,76,99,142,63,79,30,11,19,2,1,1,1,1,0
PANOLA COUNTY,365,77 Years,150,70,80,120,55,65,25,12,13,4,2,2,1,1,0
PANOLA COUNTY,365,78 Years,138,64,74,112,50,62,24,13,11,1,1,0,1,0,1
PANOLA COUNTY,365,79 Years,126,54,72,107,46,61,18,8,10,0,0,0,1,0,1
PANOLA COUNTY,365,80 Years,121,50,71,103,43,60,16,6,10,1,1,0,1,0,1
PANOLA COUNTY,365,81 Years,109,44,65,94,38,56,14,6,8,0,0,0,1,0,1
PANOLA COUNTY,365,82 Years,104,47,57,90,40,50,13,6,7,0,0,0,1,1,0
PANOLA COUNTY,365,83 Years,98,47,51,84,40,44,12,5,7,1,1,0,1,1,0
PANOLA COUNTY,365,84 Years,90,36,54,78,31,47,12,5,7,0,0,0,0,0,0
PANOLA COUNTY,365,85 Years +,439,158,281,377,142,235,53,11,42,3,0,3,6,5,1
PARKER COUNTY,367,All Ages,121178,60890,60288,101300,50067,51233,1904,1362,542,3339,1606,1733,14635,7855,6780
PARKER COUNTY,367,< 1 Year,1264,654,610,1005,524,481,10,5,5,30,16,14,219,109,110
PARKER COUNTY,367,1 Years,1257,642,615,1005,512,493,11,6,5,23,12,11,218,112,106
PARKER COUNTY,367,2 Years,1239,635,604,1000,511,489,10,5,5,25,13,12,204,106,98
PARKER COUNTY,367,3 Years,1281,669,612,959,503,456,10,4,6,45,19,26,267,143,124
PARKER COUNTY,367,4 Years,1405,708,697,1060,529,531,15,8,7,50,20,30,280,151,129
PARKER COUNTY,367,5 Years,1525,778,747,1155,587,568,13,7,6,65,34,31,292,150,142
PARKER COUNTY,367,6 Years,1591,812,779,1211,617,594,14,8,6,64,34,30,302,153,149
PARKER COUNTY,367,7 Years,1594,808,786,1223,618,605,16,9,7,66,32,34,289,149,140
PARKER COUNTY,367,8 Years,1661,842,819,1291,654,637,20,11,9,68,32,36,282,145,137
PARKER COUNTY,367,9 Years,1697,859,838,1317,659,658,22,16,6,65,29,36,293,155,138
PARKER COUNTY,367,10 Years,1789,934,855,1395,722,673,21,14,7,53,24,29,320,174,146
PARKER COUNTY,367,11 Years,1821,961,860,1428,744,684,26,15,11,60,30,30,307,172,135
PARKER COUNTY,367,12 Years,1886,961,925,1474,736,738,30,18,12,59,33,26,323,174,149
PARKER COUNTY,367,13 Years,1886,943,943,1473,734,739,26,14,12,62,34,28,325,161,164
PARKER COUNTY,367,14 Years,1951,978,973,1517,750,767,25,10,15,81,44,37,328,174,154
PARKER COUNTY,367,15 Years,1936,979,957,1504,743,761,28,15,13,80,43,37,324,178,146
PARKER COUNTY,367,16 Years,1913,965,948,1489,739,750,23,11,12,77,42,35,324,173,151
PARKER COUNTY,367,17 Years,1924,988,936,1517,782,735,20,9,11,77,35,42,310,162,148
PARKER COUNTY,367,18 Years,1772,940,832,1360,715,645,24,14,10,72,38,34,316,173,143
PARKER COUNTY,367,19 Years,1722,941,781,1260,658,602,53,42,11,70,41,29,339,200,139
PARKER COUNTY,367,20 Years,1688,954,734,1235,675,560,45,34,11,56,29,27,352,216,136
PARKER COUNTY,367,21 Years,1612,882,730,1157,608,549,72,56,16,58,27,31,325,191,134
PARKER COUNTY,367,22 Years,1546,817,729,1146,578,568,70,48,22,47,29,18,283,162,121
PARKER COUNTY,367,23 Years,1386,737,649,1058,535,523,66,50,16,38,21,17,224,131,93
PARKER COUNTY,367,24 Years,1282,712,570,945,487,458,65,59,6,38,22,16,234,144,90
PARKER COUNTY,367,25 Years,1258,705,553,937,498,439,42,38,4,31,17,14,248,152,96
PARKER COUNTY,367,26 Years,1217,679,538,892,484,408,37,32,5,34,16,18,254,147,107
PARKER COUNTY,367,27 Years,1237,692,545,892,469,423,41,38,3,25,13,12,279,172,107
PARKER COUNTY,367,28 Years,1232,669,563,941,480,461,46,43,3,20,12,8,225,134,91
PARKER COUNTY,367,29 Years,1166,623,543,901,455,446,38,34,4,27,15,12,200,119,81
PARKER COUNTY,367,30 Years,1231,642,589,934,467,467,39,35,4,32,12,20,226,128,98
PARKER COUNTY,367,31 Years,1289,664,625,983,489,494,42,37,5,40,16,24,224,122,102
PARKER COUNTY,367,32 Years,1330,664,666,1023,491,532,41,34,7,34,15,19,232,124,108
PARKER COUNTY,367,33 Years,1404,695,709,1128,548,580,34,27,7,26,12,14,216,108,108
PARKER COUNTY,367,34 Years,1428,712,716,1163,576,587,36,27,9,23,7,16,206,102,104
PARKER COUNTY,367,35 Years,1363,641,722,1122,518,604,29,22,7,26,8,18,186,93,93
PARKER COUNTY,367,36 Years,1380,666,714,1133,533,600,22,15,7,36,16,20,189,102,87
PARKER COUNTY,367,37 Years,1415,696,719,1159,563,596,21,16,5,45,20,25,190,97,93
PARKER COUNTY,367,38 Years,1525,754,771,1249,599,650,21,18,3,38,19,19,217,118,99
PARKER COUNTY,367,39 Years,1570,775,795,1305,635,670,25,22,3,33,12,21,207,106,101
PARKER COUNTY,367,40 Years,1652,819,833,1374,669,705,27,21,6,42,23,19,209,106,103
PARKER COUNTY,367,41 Years,1752,849,903,1462,694,768,29,21,8,44,19,25,217,115,102
PARKER COUNTY,367,42 Years,1790,854,936,1504,710,794,33,23,10,41,16,25,212,105,107
PARKER COUNTY,367,43 Years,1821,864,957,1536,727,809,37,26,11,40,12,28,208,99,109
PARKER COUNTY,367,44 Years,1740,827,913,1474,697,777,36,28,8,47,16,31,183,86,97
PARKER COUNTY,367,45 Years,1721,847,874,1466,712,754,41,34,7,46,18,28,168,83,85
PARKER COUNTY,367,46 Years,1753,888,865,1498,754,744,36,26,10,43,18,25,176,90,86
PARKER COUNTY,367,47 Years,1772,901,871,1506,763,743,26,18,8,51,24,27,189,96,93
PARKER COUNTY,367,48 Years,1814,901,913,1561,774,787,23,17,6,50,23,27,180,87,93
PARKER COUNTY,367,49 Years,2020,1028,992,1758,890,868,24,17,7,66,30,36,172,91,81
PARKER COUNTY,367,50 Years,2027,1012,1015,1765,868,897,25,17,8,60,28,32,177,99,78
PARKER COUNTY,367,51 Years,2043,1056,987,1810,928,882,20,13,7,57,30,27,156,85,71
PARKER COUNTY,367,52 Years,1969,1042,927,1751,924,827,20,10,10,49,26,23,149,82,67
PARKER COUNTY,367,53 Years,1970,994,976,1755,880,875,22,16,6,52,26,26,141,72,69
PARKER COUNTY,367,54 Years,1894,938,956,1698,842,856,24,14,10,53,25,28,119,57,62
PARKER COUNTY,367,55 Years,1838,898,940,1669,817,852,19,8,11,47,27,20,103,46,57
PARKER COUNTY,367,56 Years,1804,899,905,1646,823,823,14,8,6,44,17,27,100,51,49
PARKER COUNTY,367,57 Years,1685,830,855,1521,745,776,16,8,8,47,22,25,101,55,46
PARKER COUNTY,367,58 Years,1710,856,854,1558,770,788,17,12,5,44,22,22,91,52,39
PARKER COUNTY,367,59 Years,1647,820,827,1508,742,766,14,10,4,45,23,22,80,45,35
PARKER COUNTY,367,60 Years,1585,768,817,1461,704,757,8,5,3,45,22,23,71,37,34
PARKER COUNTY,367,61 Years,1508,722,786,1394,661,733,8,6,2,33,16,17,73,39,34
PARKER COUNTY,367,62 Years,1460,708,752,1334,636,698,18,13,5,32,15,17,76,44,32
PARKER COUNTY,367,63 Years,1395,682,713,1282,619,663,10,7,3,30,14,16,73,42,31
PARKER COUNTY,367,64 Years,1361,656,705,1256,600,656,9,6,3,33,15,18,63,35,28
PARKER COUNTY,367,65 Years,1444,704,740,1344,658,686,10,5,5,29,11,18,61,30,31
PARKER COUNTY,367,66 Years,1387,677,710,1293,631,662,10,5,5,26,9,17,58,32,26
PARKER COUNTY,367,67 Years,1086,539,547,1011,499,512,9,5,4,21,11,10,45,24,21
PARKER COUNTY,367,68 Years,1088,548,540,1016,509,507,7,5,2,23,11,12,42,23,19
PARKER COUNTY,367,69 Years,1076,540,536,1015,513,502,5,3,2,18,8,10,38,16,22
PARKER COUNTY,367,70 Years,1029,510,519,967,485,482,5,1,4,20,9,11,37,15,22
PARKER COUNTY,367,71 Years,939,452,487,882,426,456,6,3,3,18,7,11,33,16,17
PARKER COUNTY,367,72 Years,804,398,406,752,376,376,3,1,2,17,8,9,32,13,19
PARKER COUNTY,367,73 Years,748,378,370,695,352,343,4,2,2,20,13,7,29,11,18
PARKER COUNTY,367,74 Years,727,361,366,686,339,347,4,3,1,12,6,6,25,13,12
PARKER COUNTY,367,75 Years,661,314,347,626,298,328,5,3,2,12,4,8,18,9,9
PARKER COUNTY,367,76 Years,602,281,321,571,269,302,4,2,2,13,4,9,14,6,8
PARKER COUNTY,367,77 Years,565,274,291,534,260,274,3,1,2,12,6,6,16,7,9
PARKER COUNTY,367,78 Years,523,262,261,492,248,244,3,2,1,7,3,4,21,9,12
PARKER COUNTY,367,79 Years,484,223,261,459,210,249,2,2,0,6,3,3,17,8,9
PARKER COUNTY,367,80 Years,450,208,242,427,194,233,2,2,0,6,4,2,15,8,7
PARKER COUNTY,367,81 Years,420,179,241,399,170,229,1,0,1,7,3,4,13,6,7
PARKER COUNTY,367,82 Years,367,156,211,349,148,201,1,0,1,7,3,4,10,5,5
PARKER COUNTY,367,83 Years,309,135,174,291,125,166,3,2,1,6,4,2,9,4,5
PARKER COUNTY,367,84 Years,294,127,167,280,119,161,3,2,1,2,1,1,9,5,4
PARKER COUNTY,367,85 Years +,1771,589,1182,1718,564,1154,9,3,6,17,8,9,27,14,13
PARMER COUNTY,369,All Ages,9963,5150,4813,3558,1784,1774,88,43,45,71,42,29,6246,3281,2965
PARMER COUNTY,369,< 1 Year,140,74,66,38,19,19,1,1,0,2,2,0,99,52,47
PARMER COUNTY,369,1 Years,143,75,68,35,18,17,1,1,0,0,0,0,107,56,51
PARMER COUNTY,369,2 Years,144,73,71,33,17,16,1,0,1,1,1,0,109,55,54
PARMER COUNTY,369,3 Years,178,86,92,38,20,18,2,1,1,0,0,0,138,65,73
PARMER COUNTY,369,4 Years,191,102,89,42,21,21,2,0,2,1,0,1,146,81,65
PARMER COUNTY,369,5 Years,177,102,75,38,23,15,1,0,1,1,0,1,137,79,58
PARMER COUNTY,369,6 Years,189,99,90,53,26,27,1,1,0,2,0,2,133,72,61
PARMER COUNTY,369,7 Years,171,94,77,47,25,22,1,1,0,0,0,0,123,68,55
PARMER COUNTY,369,8 Years,169,81,88,43,22,21,1,0,1,2,1,1,123,58,65
PARMER COUNTY,369,9 Years,158,81,77,37,25,12,1,0,1,1,0,1,119,56,63
PARMER COUNTY,369,10 Years,167,93,74,40,25,15,0,0,0,2,1,1,125,67,58
PARMER COUNTY,369,11 Years,175,90,85,39,24,15,0,0,0,1,0,1,135,66,69
PARMER COUNTY,369,12 Years,164,83,81,33,18,15,0,0,0,1,0,1,130,65,65
PARMER COUNTY,369,13 Years,162,79,83,39,22,17,0,0,0,1,0,1,122,57,65
PARMER COUNTY,369,14 Years,162,82,80,42,21,21,1,0,1,0,0,0,119,61,58
PARMER COUNTY,369,15 Years,166,81,85,40,18,22,2,1,1,0,0,0,124,62,62
PARMER COUNTY,369,16 Years,166,80,86,48,22,26,1,1,0,0,0,0,117,57,60
PARMER COUNTY,369,17 Years,163,83,80,48,22,26,1,1,0,0,0,0,114,60,54
PARMER COUNTY,369,18 Years,178,99,79,49,27,22,0,0,0,2,1,1,127,71,56
PARMER COUNTY,369,19 Years,156,83,73,43,22,21,2,2,0,1,1,0,110,58,52
PARMER COUNTY,369,20 Years,163,86,77,41,25,16,2,2,0,0,0,0,120,59,61
PARMER COUNTY,369,21 Years,154,85,69,40,24,16,2,1,1,1,1,0,111,59,52
PARMER COUNTY,369,22 Years,138,72,66,26,16,10,0,0,0,1,0,1,111,56,55
PARMER COUNTY,369,23 Years,134,71,63,28,12,16,2,1,1,2,2,0,102,56,46
PARMER COUNTY,369,24 Years,133,72,61,36,17,19,1,0,1,2,1,1,94,54,40
PARMER COUNTY,369,25 Years,118,68,50,30,16,14,1,0,1,1,1,0,86,51,35
PARMER COUNTY,369,26 Years,139,78,61,29,16,13,1,1,0,1,0,1,108,61,47
PARMER COUNTY,369,27 Years,123,74,49,30,19,11,1,1,0,2,1,1,90,53,37
PARMER COUNTY,369,28 Years,135,77,58,30,17,13,0,0,0,1,1,0,104,59,45
PARMER COUNTY,369,29 Years,129,66,63,37,16,21,2,1,1,1,0,1,89,49,40
PARMER COUNTY,369,30 Years,126,66,60,36,18,18,1,0,1,1,0,1,88,48,40
PARMER COUNTY,369,31 Years,124,66,58,35,18,17,0,0,0,1,1,0,88,47,41
PARMER COUNTY,369,32 Years,128,67,61,32,16,16,1,1,0,1,1,0,94,49,45
PARMER COUNTY,369,33 Years,135,68,67,27,13,14,1,1,0,1,1,0,106,53,53
PARMER COUNTY,369,34 Years,128,71,57,30,13,17,0,0,0,3,2,1,95,56,39
PARMER COUNTY,369,35 Years,109,52,57,32,14,18,1,0,1,0,0,0,76,38,38
PARMER COUNTY,369,36 Years,121,63,58,35,21,14,0,0,0,0,0,0,86,42,44
PARMER COUNTY,369,37 Years,107,60,47,29,15,14,0,0,0,1,1,0,77,44,33
PARMER COUNTY,369,38 Years,119,63,56,28,16,12,1,0,1,1,1,0,89,46,43
PARMER COUNTY,369,39 Years,120,62,58,35,17,18,2,2,0,1,1,0,82,42,40
PARMER COUNTY,369,40 Years,108,63,45,30,16,14,0,0,0,1,1,0,77,46,31
PARMER COUNTY,369,41 Years,111,56,55,35,16,19,1,1,0,1,0,1,74,39,35
PARMER COUNTY,369,42 Years,109,55,54,37,20,17,0,0,0,2,2,0,70,33,37
PARMER COUNTY,369,43 Years,123,69,54,36,21,15,2,0,2,1,1,0,84,47,37
PARMER COUNTY,369,44 Years,113,53,60,36,19,17,1,0,1,0,0,0,76,34,42
PARMER COUNTY,369,45 Years,103,50,53,30,11,19,1,0,1,0,0,0,72,39,33
PARMER COUNTY,369,46 Years,119,66,53,36,18,18,1,0,1,0,0,0,82,48,34
PARMER COUNTY,369,47 Years,128,67,61,45,21,24,0,0,0,2,1,1,81,45,36
PARMER COUNTY,369,48 Years,104,50,54,46,22,24,2,1,1,1,1,0,55,26,29
PARMER COUNTY,369,49 Years,130,62,68,55,22,33,3,1,2,2,2,0,70,37,33
PARMER COUNTY,369,50 Years,146,68,78,69,29,40,2,0,2,2,1,1,73,38,35
PARMER COUNTY,369,51 Years,132,65,67,60,29,31,2,2,0,1,1,0,69,33,36
PARMER COUNTY,369,52 Years,124,64,60,60,27,33,3,3,0,1,1,0,60,33,27
PARMER COUNTY,369,53 Years,125,64,61,66,35,31,1,1,0,1,0,1,57,28,29
PARMER COUNTY,369,54 Years,126,66,60,60,32,28,1,0,1,1,1,0,64,33,31
PARMER COUNTY,369,55 Years,119,63,56,60,30,30,2,1,1,0,0,0,57,32,25
PARMER COUNTY,369,56 Years,126,76,50,61,38,23,2,1,1,0,0,0,63,37,26
PARMER COUNTY,369,57 Years,117,65,52,54,31,23,1,0,1,0,0,0,62,34,28
PARMER COUNTY,369,58 Years,109,56,53,55,29,26,1,0,1,0,0,0,53,27,26
PARMER COUNTY,369,59 Years,99,53,46,48,28,20,0,0,0,1,1,0,50,24,26
PARMER COUNTY,369,60 Years,99,56,43,48,27,21,0,0,0,1,0,1,50,29,21
PARMER COUNTY,369,61 Years,97,46,51,55,24,31,0,0,0,1,0,1,41,22,19
PARMER COUNTY,369,62 Years,89,42,47,49,21,28,1,1,0,1,0,1,38,20,18
PARMER COUNTY,369,63 Years,90,43,47,54,27,27,0,0,0,2,1,1,34,15,19
PARMER COUNTY,369,64 Years,81,42,39,45,24,21,1,0,1,1,1,0,34,17,17
PARMER COUNTY,369,65 Years,89,49,40,49,30,19,2,0,2,2,1,1,36,18,18
PARMER COUNTY,369,66 Years,81,42,39,46,23,23,1,1,0,1,1,0,33,17,16
PARMER COUNTY,369,67 Years,71,39,32,42,22,20,0,0,0,0,0,0,29,17,12
PARMER COUNTY,369,68 Years,70,40,30,44,23,21,1,0,1,0,0,0,25,17,8
PARMER COUNTY,369,69 Years,65,32,33,43,22,21,1,0,1,0,0,0,21,10,11
PARMER COUNTY,369,70 Years,74,36,38,50,23,27,0,0,0,0,0,0,24,13,11
PARMER COUNTY,369,71 Years,58,26,32,41,18,23,1,1,0,1,0,1,15,7,8
PARMER COUNTY,369,72 Years,63,32,31,45,21,24,2,2,0,1,0,1,15,9,6
PARMER COUNTY,369,73 Years,54,27,27,40,19,21,3,3,0,1,1,0,10,4,6
PARMER COUNTY,369,74 Years,58,24,34,42,17,25,2,1,1,0,0,0,14,6,8
PARMER COUNTY,369,75 Years,42,22,20,30,15,15,2,1,1,0,0,0,10,6,4
PARMER COUNTY,369,76 Years,43,22,21,29,13,16,1,0,1,0,0,0,13,9,4
PARMER COUNTY,369,77 Years,55,24,31,36,18,18,0,0,0,0,0,0,19,6,13
PARMER COUNTY,369,78 Years,50,24,26,33,16,17,0,0,0,0,0,0,17,8,9
PARMER COUNTY,369,79 Years,46,19,27,29,12,17,1,0,1,0,0,0,16,7,9
PARMER COUNTY,369,80 Years,30,13,17,20,8,12,1,0,1,0,0,0,9,5,4
PARMER COUNTY,369,81 Years,34,14,20,30,12,18,0,0,0,0,0,0,4,2,2
PARMER COUNTY,369,82 Years,35,17,18,32,16,16,0,0,0,0,0,0,3,1,2
PARMER COUNTY,369,83 Years,29,12,17,22,9,13,0,0,0,1,1,0,6,2,4
PARMER COUNTY,369,84 Years,31,12,19,24,8,16,1,1,0,0,0,0,6,3,3
PARMER COUNTY,369,85 Years +,156,57,99,130,46,84,3,0,3,1,1,0,22,10,12
PECOS COUNTY,371,All Ages,15824,8891,6933,4285,2530,1755,516,486,30,243,119,124,10780,5756,5024
PECOS COUNTY,371,< 1 Year,238,122,116,45,23,22,1,1,0,6,3,3,186,95,91
PECOS COUNTY,371,1 Years,235,121,114,41,21,20,1,1,0,4,2,2,189,97,92
PECOS COUNTY,371,2 Years,230,118,112,40,20,20,0,0,0,5,3,2,185,95,90
PECOS COUNTY,371,3 Years,229,115,114,28,15,13,1,0,1,4,2,2,196,98,98
PECOS COUNTY,371,4 Years,240,117,123,34,17,17,2,2,0,3,1,2,201,97,104
PECOS COUNTY,371,5 Years,231,116,115,35,17,18,1,1,0,3,1,2,192,97,95
PECOS COUNTY,371,6 Years,229,133,96,36,22,14,1,0,1,3,1,2,189,110,79
PECOS COUNTY,371,7 Years,223,114,109,28,16,12,1,0,1,5,2,3,189,96,93
PECOS COUNTY,371,8 Years,225,112,113,29,16,13,0,0,0,4,2,2,192,94,98
PECOS COUNTY,371,9 Years,218,109,109,26,13,13,0,0,0,1,0,1,191,96,95
PECOS COUNTY,371,10 Years,184,90,94,23,10,13,1,0,1,0,0,0,160,80,80
PECOS COUNTY,371,11 Years,196,101,95,25,12,13,2,0,2,0,0,0,169,89,80
PECOS COUNTY,371,12 Years,203,106,97,33,17,16,3,2,1,2,0,2,165,87,78
PECOS COUNTY,371,13 Years,194,93,101,35,10,25,1,1,0,3,0,3,155,82,73
PECOS COUNTY,371,14 Years,209,112,97,31,17,14,1,1,0,2,1,1,175,93,82
PECOS COUNTY,371,15 Years,192,109,83,37,26,11,0,0,0,3,0,3,152,83,69
PECOS COUNTY,371,16 Years,192,97,95,33,17,16,1,0,1,2,0,2,156,80,76
PECOS COUNTY,371,17 Years,181,100,81,34,18,16,1,1,0,3,2,1,143,79,64
PECOS COUNTY,371,18 Years,213,100,113,48,26,22,0,0,0,2,1,1,163,73,90
PECOS COUNTY,371,19 Years,213,108,105,33,17,16,2,2,0,4,2,2,174,87,87
PECOS COUNTY,371,20 Years,244,145,99,41,23,18,7,6,1,2,0,2,194,116,78
PECOS COUNTY,371,21 Years,218,121,97,43,28,15,7,6,1,3,2,1,165,85,80
PECOS COUNTY,371,22 Years,184,102,82,37,21,16,8,8,0,2,1,1,137,72,65
PECOS COUNTY,371,23 Years,201,130,71,46,34,12,7,6,1,2,2,0,146,88,58
PECOS COUNTY,371,24 Years,199,113,86,40,28,12,15,15,0,2,2,0,142,68,74
PECOS COUNTY,371,25 Years,178,93,85,31,20,11,15,14,1,2,2,0,130,57,73
PECOS COUNTY,371,26 Years,178,110,68,38,30,8,10,10,0,6,3,3,124,67,57
PECOS COUNTY,371,27 Years,231,134,97,48,27,21,15,15,0,5,3,2,163,89,74
PECOS COUNTY,371,28 Years,225,141,84,56,38,18,15,14,1,4,1,3,150,88,62
PECOS COUNTY,371,29 Years,217,137,80,54,39,15,9,9,0,3,1,2,151,88,63
PECOS COUNTY,371,30 Years,247,164,83,66,50,16,13,13,0,2,1,1,166,100,66
PECOS COUNTY,371,31 Years,244,154,90,68,51,17,15,15,0,4,1,3,157,87,70
PECOS COUNTY,371,32 Years,221,130,91,42,24,18,6,6,0,4,3,1,169,97,72
PECOS COUNTY,371,33 Years,217,135,82,53,38,15,12,12,0,3,2,1,149,83,66
PECOS COUNTY,371,34 Years,219,142,77,46,31,15,15,14,1,2,1,1,156,96,60
PECOS COUNTY,371,35 Years,201,130,71,42,27,15,12,11,1,2,1,1,145,91,54
PECOS COUNTY,371,36 Years,208,134,74,47,33,14,14,13,1,4,1,3,143,87,56
PECOS COUNTY,371,37 Years,201,128,73,45,31,14,15,15,0,3,1,2,138,81,57
PECOS COUNTY,371,38 Years,228,148,80,52,39,13,13,12,1,6,3,3,157,94,63
PECOS COUNTY,371,39 Years,230,148,82,55,40,15,18,18,0,2,1,1,155,89,66
PECOS COUNTY,371,40 Years,261,169,92,77,58,19,19,19,0,1,0,1,164,92,72
PECOS COUNTY,371,41 Years,212,127,85,67,47,20,18,17,1,2,1,1,125,62,63
PECOS COUNTY,371,42 Years,198,114,84,70,48,22,11,10,1,0,0,0,117,56,61
PECOS COUNTY,371,43 Years,201,121,80,51,36,15,13,13,0,9,7,2,128,65,63
PECOS COUNTY,371,44 Years,208,126,82,59,41,18,14,14,0,6,4,2,129,67,62
PECOS COUNTY,371,45 Years,204,128,76,59,42,17,7,6,1,4,3,1,134,77,57
PECOS COUNTY,371,46 Years,219,146,73,64,49,15,16,15,1,3,2,1,136,80,56
PECOS COUNTY,371,47 Years,227,138,89,64,40,24,13,13,0,5,2,3,145,83,62
PECOS COUNTY,371,48 Years,239,154,85,81,56,25,15,13,2,3,2,1,140,83,57
PECOS COUNTY,371,49 Years,248,143,105,91,56,35,16,15,1,2,2,0,139,70,69
PECOS COUNTY,371,50 Years,231,130,101,96,51,45,16,16,0,2,1,1,117,62,55
PECOS COUNTY,371,51 Years,207,123,84,88,54,34,15,14,1,4,0,4,100,55,45
PECOS COUNTY,371,52 Years,243,149,94,103,64,39,10,10,0,5,2,3,125,73,52
PECOS COUNTY,371,53 Years,221,127,94,82,37,45,8,8,0,4,1,3,127,81,46
PECOS COUNTY,371,54 Years,239,138,101,94,56,38,7,7,0,4,3,1,134,72,62
PECOS COUNTY,371,55 Years,209,124,85,72,43,29,7,6,1,2,2,0,128,73,55
PECOS COUNTY,371,56 Years,224,137,87,89,58,31,6,6,0,1,0,1,128,73,55
PECOS COUNTY,371,57 Years,222,126,96,83,53,30,7,7,0,2,1,1,130,65,65
PECOS COUNTY,371,58 Years,207,103,104,89,52,37,4,3,1,1,1,0,113,47,66
PECOS COUNTY,371,59 Years,181,91,90,70,38,32,5,5,0,2,1,1,104,47,57
PECOS COUNTY,371,60 Years,177,92,85,60,30,30,4,4,0,4,3,1,109,55,54
PECOS COUNTY,371,61 Years,179,96,83,66,34,32,3,2,1,8,6,2,102,54,48
PECOS COUNTY,371,62 Years,174,98,76,66,39,27,2,1,1,5,4,1,101,54,47
PECOS COUNTY,371,63 Years,163,87,76,65,36,29,4,3,1,3,1,2,91,47,44
PECOS COUNTY,371,64 Years,145,74,71,53,30,23,3,3,0,3,0,3,86,41,45
PECOS COUNTY,371,65 Years,149,87,62,55,29,26,5,5,0,2,2,0,87,51,36
PECOS COUNTY,371,66 Years,159,87,72,63,32,31,1,1,0,2,1,1,93,53,40
PECOS COUNTY,371,67 Years,125,59,66,47,19,28,2,2,0,1,1,0,75,37,38
PECOS COUNTY,371,68 Years,125,68,57,43,25,18,1,1,0,2,1,1,79,41,38
PECOS COUNTY,371,69 Years,111,50,61,42,17,25,1,1,0,3,2,1,65,30,35
PECOS COUNTY,371,70 Years,105,47,58,41,20,21,0,0,0,2,1,1,62,26,36
PECOS COUNTY,371,71 Years,108,45,63,43,17,26,0,0,0,6,2,4,59,26,33
PECOS COUNTY,371,72 Years,107,49,58,41,18,23,1,1,0,2,0,2,63,30,33
PECOS COUNTY,371,73 Years,97,49,48,33,18,15,0,0,0,1,0,1,63,31,32
PECOS COUNTY,371,74 Years,89,39,50,30,13,17,0,0,0,2,0,2,57,26,31
PECOS COUNTY,371,75 Years,84,48,36,34,17,17,1,1,0,2,2,0,47,28,19
PECOS COUNTY,371,76 Years,83,49,34,35,20,15,0,0,0,1,1,0,47,28,19
PECOS COUNTY,371,77 Years,78,43,35,30,14,16,0,0,0,0,0,0,48,29,19
PECOS COUNTY,371,78 Years,67,35,32,27,13,14,0,0,0,1,1,0,39,21,18
PECOS COUNTY,371,79 Years,59,25,34,28,12,16,0,0,0,1,0,1,30,13,17
PECOS COUNTY,371,80 Years,66,33,33,27,15,12,0,0,0,2,0,2,37,18,19
PECOS COUNTY,371,81 Years,58,29,29,28,15,13,0,0,0,1,0,1,29,14,15
PECOS COUNTY,371,82 Years,48,19,29,20,8,12,0,0,0,0,0,0,28,11,17
PECOS COUNTY,371,83 Years,47,20,27,19,6,13,0,0,0,0,0,0,28,14,14
PECOS COUNTY,371,84 Years,49,24,25,19,6,13,0,0,0,1,0,1,29,18,11
PECOS COUNTY,371,85 Years +,205,93,112,97,46,51,0,0,0,4,1,3,104,46,58
POLK COUNTY,373,All Ages,47097,25249,21848,33571,17255,16316,5293,3282,2011,1610,760,850,6623,3952,2671
POLK COUNTY,373,< 1 Year,518,265,253,338,174,164,43,21,22,28,14,14,109,56,53
POLK COUNTY,373,1 Years,509,258,251,333,169,164,44,23,21,23,11,12,109,55,54
POLK COUNTY,373,2 Years,501,255,246,333,170,163,45,23,22,22,11,11,101,51,50
POLK COUNTY,373,3 Years,517,264,253,312,164,148,67,36,31,30,13,17,108,51,57
POLK COUNTY,373,4 Years,505,260,245,293,150,143,53,31,22,33,13,20,126,66,60
POLK COUNTY,373,5 Years,547,282,265,336,183,153,54,24,30,37,15,22,120,60,60
POLK COUNTY,373,6 Years,551,304,247,342,195,147,51,28,23,33,18,15,125,63,62
POLK COUNTY,373,7 Years,525,272,253,330,169,161,57,33,24,33,16,17,105,54,51
POLK COUNTY,373,8 Years,492,254,238,311,154,157,53,30,23,28,15,13,100,55,45
POLK COUNTY,373,9 Years,523,287,236,339,184,155,48,22,26,29,17,12,107,64,43
POLK COUNTY,373,10 Years,517,271,246,325,172,153,55,29,26,36,18,18,101,52,49
POLK COUNTY,373,11 Years,541,259,282,342,159,183,58,33,25,35,16,19,106,51,55
POLK COUNTY,373,12 Years,560,292,268,355,186,169,71,33,38,29,16,13,105,57,48
POLK COUNTY,373,13 Years,562,284,278,348,180,168,72,35,37,29,15,14,113,54,59
POLK COUNTY,373,14 Years,561,295,266,361,192,169,60,34,26,24,9,15,116,60,56
POLK COUNTY,373,15 Years,560,287,273,352,177,175,63,34,29,33,15,18,112,61,51
POLK COUNTY,373,16 Years,551,270,281,342,164,178,69,34,35,29,12,17,111,60,51
POLK COUNTY,373,17 Years,567,293,274,355,176,179,62,36,26,32,15,17,118,66,52
POLK COUNTY,373,18 Years,555,302,253,350,186,164,66,38,28,28,13,15,111,65,46
POLK COUNTY,373,19 Years,516,267,249,319,156,163,66,43,23,22,12,10,109,56,53
POLK COUNTY,373,20 Years,492,262,230,306,153,153,52,30,22,22,12,10,112,67,45
POLK COUNTY,373,21 Years,557,316,241,322,176,146,72,48,24,27,12,15,136,80,56
POLK COUNTY,373,22 Years,569,326,243,333,181,152,87,56,31,21,10,11,128,79,49
POLK COUNTY,373,23 Years,507,304,203,315,175,140,72,52,20,12,8,4,108,69,39
POLK COUNTY,373,24 Years,505,300,205,296,161,135,77,52,25,18,13,5,114,74,40
POLK COUNTY,373,25 Years,505,292,213,317,165,152,68,50,18,17,8,9,103,69,34
POLK COUNTY,373,26 Years,541,310,231,338,183,155,76,47,29,19,11,8,108,69,39
POLK COUNTY,373,27 Years,505,305,200,302,178,124,76,48,28,18,8,10,109,71,38
POLK COUNTY,373,28 Years,504,310,194,310,177,133,78,59,19,11,7,4,105,67,38
POLK COUNTY,373,29 Years,510,313,197,315,178,137,76,59,17,10,4,6,109,72,37
POLK COUNTY,373,30 Years,522,337,185,300,181,119,78,56,22,15,8,7,129,92,37
POLK COUNTY,373,31 Years,523,316,207,299,165,134,87,64,23,14,9,5,123,78,45
POLK COUNTY,373,32 Years,525,326,199,310,177,133,86,65,21,17,10,7,112,74,38
POLK COUNTY,373,33 Years,551,344,207,336,192,144,90,64,26,15,10,5,110,78,32
POLK COUNTY,373,34 Years,517,306,211,317,167,150,90,66,24,15,8,7,95,65,30
POLK COUNTY,373,35 Years,504,300,204,298,163,135,84,56,28,20,10,10,102,71,31
POLK COUNTY,373,36 Years,507,305,202,302,168,134,92,62,30,17,8,9,96,67,29
POLK COUNTY,373,37 Years,555,349,206,339,195,144,85,64,21,12,5,7,119,85,34
POLK COUNTY,373,38 Years,567,335,232,342,180,162,94,66,28,14,5,9,117,84,33
POLK COUNTY,373,39 Years,534,326,208,311,171,140,89,68,21,18,10,8,116,77,39
POLK COUNTY,373,40 Years,552,350,202,325,187,138,96,75,21,14,7,7,117,81,36
POLK COUNTY,373,41 Years,569,331,238,360,193,167,74,56,18,15,8,7,120,74,46
POLK COUNTY,373,42 Years,613,358,255,403,228,175,95,72,23,18,7,11,97,51,46
POLK COUNTY,373,43 Years,589,365,224,385,218,167,85,67,18,17,8,9,102,72,30
POLK COUNTY,373,44 Years,595,363,232,406,231,175,89,70,19,17,8,9,83,54,29
POLK COUNTY,373,45 Years,587,330,257,392,201,191,93,69,24,15,6,9,87,54,33
POLK COUNTY,373,46 Years,614,351,263,418,223,195,88,63,25,21,10,11,87,55,32
POLK COUNTY,373,47 Years,603,337,266,402,216,186,79,52,27,16,6,10,106,63,43
POLK COUNTY,373,48 Years,650,369,281,459,238,221,81,58,23,18,8,10,92,65,27
POLK COUNTY,373,49 Years,663,369,294,483,255,228,82,54,28,24,11,13,74,49,25
POLK COUNTY,373,50 Years,643,343,300,456,229,227,104,69,35,23,13,10,60,32,28
POLK COUNTY,373,51 Years,645,345,300,480,250,230,89,53,36,16,8,8,60,34,26
POLK COUNTY,373,52 Years,673,352,321,496,253,243,86,49,37,19,7,12,72,43,29
POLK COUNTY,373,53 Years,677,350,327,508,253,255,73,42,31,18,5,13,78,50,28
POLK COUNTY,373,54 Years,701,359,342,531,267,264,81,42,39,18,8,10,71,42,29
POLK COUNTY,373,55 Years,718,380,338,550,283,267,91,54,37,16,6,10,61,37,24
POLK COUNTY,373,56 Years,719,386,333,553,284,269,93,61,32,24,9,15,49,32,17
POLK COUNTY,373,57 Years,722,384,338,552,285,267,84,50,34,27,13,14,59,36,23
POLK COUNTY,373,58 Years,730,381,349,568,289,279,82,46,36,20,8,12,60,38,22
POLK COUNTY,373,59 Years,697,362,335,563,289,274,68,35,33,15,9,6,51,29,22
POLK COUNTY,373,60 Years,668,346,322,540,276,264,54,27,27,18,8,10,56,35,21
POLK COUNTY,373,61 Years,669,329,340,542,264,278,63,34,29,18,8,10,46,23,23
POLK COUNTY,373,62 Years,654,322,332,539,262,277,58,29,29,14,8,6,43,23,20
POLK COUNTY,373,63 Years,646,312,334,537,256,281,58,27,31,19,8,11,32,21,11
POLK COUNTY,373,64 Years,660,335,325,567,284,283,40,20,20,16,8,8,37,23,14
POLK COUNTY,373,65 Years,675,346,329,584,297,287,39,23,16,18,7,11,34,19,15
POLK COUNTY,373,66 Years,673,323,350,590,281,309,38,22,16,16,4,12,29,16,13
POLK COUNTY,373,67 Years,616,292,324,529,250,279,41,18,23,14,7,7,32,17,15
POLK COUNTY,373,68 Years,615,283,332,535,245,290,36,18,18,14,5,9,30,15,15
POLK COUNTY,373,69 Years,595,296,299,523,258,265,29,13,16,15,8,7,28,17,11
POLK COUNTY,373,70 Years,581,296,285,507,259,248,29,14,15,16,7,9,29,16,13
POLK COUNTY,373,71 Years,537,262,275,469,230,239,32,15,17,15,8,7,21,9,12
POLK COUNTY,373,72 Years,496,243,253,433,213,220,30,13,17,14,6,8,19,11,8
POLK COUNTY,373,73 Years,490,243,247,436,214,222,27,14,13,11,5,6,16,10,6
POLK COUNTY,373,74 Years,447,207,240,401,184,217,23,13,10,8,3,5,15,7,8
POLK COUNTY,373,75 Years,439,229,210,390,202,188,26,14,12,10,6,4,13,7,6
POLK COUNTY,373,76 Years,396,190,206,354,172,182,23,12,11,8,3,5,11,3,8
POLK COUNTY,373,77 Years,371,180,191,335,165,170,20,10,10,6,2,4,10,3,7
POLK COUNTY,373,78 Years,336,163,173,311,153,158,15,7,8,3,1,2,7,2,5
POLK COUNTY,373,79 Years,302,148,154,270,133,137,14,5,9,8,4,4,10,6,4
POLK COUNTY,373,80 Years,301,149,152,263,128,135,22,10,12,5,3,2,11,8,3
POLK COUNTY,373,81 Years,263,136,127,230,120,110,15,7,8,9,3,6,9,6,3
POLK COUNTY,373,82 Years,240,107,133,218,97,121,10,5,5,4,0,4,8,5,3
POLK COUNTY,373,83 Years,218,95,123,200,86,114,10,4,6,5,3,2,3,2,1
POLK COUNTY,373,84 Years,181,84,97,162,76,86,11,4,7,5,2,3,3,2,1
POLK COUNTY,373,85 Years +,890,365,525,792,332,460,51,15,36,25,8,17,22,10,12
POTTER COUNTY,375,All Ages,124307,63774,60533,57775,28616,29159,12033,6973,5060,8235,4180,4055,46264,24005,22259
POTTER COUNTY,375,< 1 Year,2072,1072,1000,737,381,356,174,90,84,183,95,88,978,506,472
POTTER COUNTY,375,1 Years,2016,1029,987,752,384,368,152,77,75,125,64,61,987,504,483
POTTER COUNTY,375,2 Years,2000,1019,981,764,389,375,148,75,73,124,63,61,964,492,472
POTTER COUNTY,375,3 Years,2057,1062,995,697,371,326,188,83,105,164,82,82,1008,526,482
POTTER COUNTY,375,4 Years,2004,997,1007,651,339,312,181,88,93,182,89,93,990,481,509
POTTER COUNTY,375,5 Years,2041,1048,993,653,336,317,200,117,83,197,108,89,991,487,504
POTTER COUNTY,375,6 Years,2038,1079,959,653,342,311,196,112,84,172,97,75,1017,528,489
POTTER COUNTY,375,7 Years,2000,999,1001,616,329,287,187,89,98,171,81,90,1026,500,526
POTTER COUNTY,375,8 Years,1965,1004,961,633,325,308,197,98,99,160,75,85,975,506,469
POTTER COUNTY,375,9 Years,1957,1010,947,602,313,289,190,108,82,179,76,103,986,513,473
POTTER COUNTY,375,10 Years,1859,936,923,591,295,296,179,98,81,172,73,99,917,470,447
POTTER COUNTY,375,11 Years,1891,962,929,604,305,299,187,103,84,155,73,82,945,481,464
POTTER COUNTY,375,12 Years,1847,927,920,575,281,294,173,95,78,156,78,78,943,473,470
POTTER COUNTY,375,13 Years,1790,892,898,581,277,304,166,86,80,159,89,70,884,440,444
POTTER COUNTY,375,14 Years,1770,915,855,581,301,280,160,90,70,157,82,75,872,442,430
POTTER COUNTY,375,15 Years,1718,899,819,558,294,264,176,94,82,138,62,76,846,449,397
POTTER COUNTY,375,16 Years,1695,842,853,550,269,281,184,93,91,130,60,70,831,420,411
POTTER COUNTY,375,17 Years,1702,882,820,556,284,272,176,88,88,125,75,50,845,435,410
POTTER COUNTY,375,18 Years,1630,839,791,561,298,263,166,92,74,119,58,61,784,391,393
POTTER COUNTY,375,19 Years,1563,815,748,492,253,239,188,104,84,118,58,60,765,400,365
POTTER COUNTY,375,20 Years,1598,836,762,516,256,260,195,100,95,116,60,56,771,420,351
POTTER COUNTY,375,21 Years,1674,854,820,537,273,264,184,93,91,130,72,58,823,416,407
POTTER COUNTY,375,22 Years,1760,898,862,600,293,307,168,93,75,129,71,58,863,441,422
POTTER COUNTY,375,23 Years,1836,949,887,707,360,347,194,110,84,131,62,69,804,417,387
POTTER COUNTY,375,24 Years,1884,972,912,772,395,377,200,117,83,116,56,60,796,404,392
POTTER COUNTY,375,25 Years,1934,998,936,786,392,394,215,129,86,121,58,63,812,419,393
POTTER COUNTY,375,26 Years,1930,1023,907,829,421,408,206,126,80,120,65,55,775,411,364
POTTER COUNTY,375,27 Years,1984,999,985,878,394,484,180,113,67,121,58,63,805,434,371
POTTER COUNTY,375,28 Years,2023,1038,985,889,419,470,204,134,70,129,65,64,801,420,381
POTTER COUNTY,375,29 Years,1977,1061,916,859,435,424,213,140,73,124,68,56,781,418,363
POTTER COUNTY,375,30 Years,1970,1074,896,865,450,415,207,133,74,126,68,58,772,423,349
POTTER COUNTY,375,31 Years,1915,1004,911,820,415,405,194,123,71,124,61,63,777,405,372
POTTER COUNTY,375,32 Years,1850,942,908,804,390,414,186,118,68,125,59,66,735,375,360
POTTER COUNTY,375,33 Years,1792,946,846,751,377,374,201,133,68,125,60,65,715,376,339
POTTER COUNTY,375,34 Years,1682,928,754,699,361,338,203,139,64,106,49,57,674,379,295
POTTER COUNTY,375,35 Years,1605,852,753,701,347,354,173,124,49,113,56,57,618,325,293
POTTER COUNTY,375,36 Years,1588,888,700,685,378,307,168,115,53,115,57,58,620,338,282
POTTER COUNTY,375,37 Years,1555,843,712,661,346,315,157,102,55,123,68,55,614,327,287
POTTER COUNTY,375,38 Years,1515,815,700,612,311,301,178,122,56,120,63,57,605,319,286
POTTER COUNTY,375,39 Years,1462,817,645,611,313,298,162,112,50,121,64,57,568,328,240
POTTER COUNTY,375,40 Years,1462,798,664,631,317,314,152,112,40,120,69,51,559,300,259
POTTER COUNTY,375,41 Years,1538,838,700,672,350,322,183,125,58,125,71,54,558,292,266
POTTER COUNTY,375,42 Years,1534,831,703,685,363,322,174,114,60,116,60,56,559,294,265
POTTER COUNTY,375,43 Years,1623,878,745,752,393,359,179,125,54,101,45,56,591,315,276
POTTER COUNTY,375,44 Years,1508,795,713,695,351,344,157,103,54,92,45,47,564,296,268
POTTER COUNTY,375,45 Years,1477,793,684,668,335,333,161,111,50,98,51,47,550,296,254
POTTER COUNTY,375,46 Years,1454,826,628,662,366,296,166,115,51,103,55,48,523,290,233
POTTER COUNTY,375,47 Years,1531,865,666,720,375,345,183,129,54,89,47,42,539,314,225
POTTER COUNTY,375,48 Years,1643,901,742,809,433,376,204,131,73,90,46,44,540,291,249
POTTER COUNTY,375,49 Years,1612,873,739,834,452,382,176,102,74,102,54,48,500,265,235
POTTER COUNTY,375,50 Years,1587,845,742,879,479,400,174,92,82,85,46,39,449,228,221
POTTER COUNTY,375,51 Years,1592,816,776,882,441,441,169,100,69,79,38,41,462,237,225
POTTER COUNTY,375,52 Years,1615,856,759,915,475,440,166,100,66,81,41,40,453,240,213
POTTER COUNTY,375,53 Years,1679,906,773,983,513,470,167,97,70,84,47,37,445,249,196
POTTER COUNTY,375,54 Years,1585,838,747,925,479,446,155,95,60,85,42,43,420,222,198
POTTER COUNTY,375,55 Years,1588,835,753,941,469,472,161,105,56,73,39,34,413,222,191
POTTER COUNTY,375,56 Years,1540,772,768,924,449,475,154,87,67,76,41,35,386,195,191
POTTER COUNTY,375,57 Years,1604,862,742,1002,534,468,149,87,62,71,38,33,382,203,179
POTTER COUNTY,375,58 Years,1511,775,736,956,485,471,140,81,59,76,37,39,339,172,167
POTTER COUNTY,375,59 Years,1366,711,655,875,445,430,119,68,51,74,39,35,298,159,139
POTTER COUNTY,375,60 Years,1350,693,657,883,445,438,107,56,51,75,38,37,285,154,131
POTTER COUNTY,375,61 Years,1246,629,617,833,416,417,102,48,54,62,29,33,249,136,113
POTTER COUNTY,375,62 Years,1198,614,584,783,389,394,104,54,50,56,32,24,255,139,116
POTTER COUNTY,375,63 Years,1128,585,543,712,355,357,94,50,44,63,38,25,259,142,117
POTTER COUNTY,375,64 Years,1085,544,541,696,351,345,100,47,53,69,36,33,220,110,110
POTTER COUNTY,375,65 Years,1043,502,541,704,346,358,85,39,46,53,27,26,201,90,111
POTTER COUNTY,375,66 Years,1012,491,521,714,337,377,72,36,36,46,27,19,180,91,89
POTTER COUNTY,375,67 Years,847,393,454,554,251,303,58,30,28,50,29,21,185,83,102
POTTER COUNTY,375,68 Years,770,373,397,507,240,267,63,32,31,48,25,23,152,76,76
POTTER COUNTY,375,69 Years,787,385,402,552,273,279,53,26,27,44,19,25,138,67,71
POTTER COUNTY,375,70 Years,709,332,377,510,243,267,50,17,33,36,18,18,113,54,59
POTTER COUNTY,375,71 Years,675,323,352,489,226,263,46,19,27,31,17,14,109,61,48
POTTER COUNTY,375,72 Years,664,321,343,471,228,243,40,20,20,26,12,14,127,61,66
POTTER COUNTY,375,73 Years,610,271,339,456,204,252,31,14,17,24,12,12,99,41,58
POTTER COUNTY,375,74 Years,576,251,325,437,185,252,30,14,16,24,12,12,85,40,45
POTTER COUNTY,375,75 Years,537,241,296,408,178,230,27,12,15,24,13,11,78,38,40
POTTER COUNTY,375,76 Years,512,203,309,393,153,240,27,11,16,22,9,13,70,30,40
POTTER COUNTY,375,77 Years,487,205,282,363,160,203,33,13,20,18,4,14,73,28,45
POTTER COUNTY,375,78 Years,472,198,274,359,153,206,28,11,17,13,5,8,72,29,43
POTTER COUNTY,375,79 Years,447,187,260,342,147,195,28,8,20,14,7,7,63,25,38
POTTER COUNTY,375,80 Years,420,171,249,335,136,199,21,7,14,12,6,6,52,22,30
POTTER COUNTY,375,81 Years,423,176,247,331,132,199,26,13,13,14,5,9,52,26,26
POTTER COUNTY,375,82 Years,372,145,227,290,112,178,22,7,15,10,3,7,50,23,27
POTTER COUNTY,375,83 Years,352,148,204,272,115,157,19,7,12,11,5,6,50,21,29
POTTER COUNTY,375,84 Years,319,130,189,252,96,156,17,9,8,9,6,3,41,19,22
POTTER COUNTY,375,85 Years +,2068,684,1384,1730,549,1181,105,38,67,40,17,23,193,80,113
PRESIDIO COUNTY,377,All Ages,7982,3897,4085,1153,615,538,25,19,6,137,65,72,6667,3198,3469
PRESIDIO COUNTY,377,< 1 Year,126,64,62,13,7,6,0,0,0,2,1,1,111,56,55
PRESIDIO COUNTY,377,1 Years,124,63,61,12,6,6,0,0,0,2,1,1,110,56,54
PRESIDIO COUNTY,377,2 Years,120,62,58,13,7,6,0,0,0,2,1,1,105,54,51
PRESIDIO COUNTY,377,3 Years,109,57,52,13,6,7,1,1,0,2,1,1,93,49,44
PRESIDIO COUNTY,377,4 Years,104,54,50,13,6,7,2,1,1,2,1,1,87,46,41
PRESIDIO COUNTY,377,5 Years,116,63,53,18,12,6,0,0,0,4,2,2,94,49,45
PRESIDIO COUNTY,377,6 Years,109,55,54,7,5,2,1,1,0,3,2,1,98,47,51
PRESIDIO COUNTY,377,7 Years,108,52,56,13,7,6,0,0,0,1,0,1,94,45,49
PRESIDIO COUNTY,377,8 Years,109,57,52,11,7,4,0,0,0,1,0,1,97,50,47
PRESIDIO COUNTY,377,9 Years,110,65,45,11,6,5,1,1,0,5,2,3,93,56,37
PRESIDIO COUNTY,377,10 Years,116,63,53,15,12,3,0,0,0,5,3,2,96,48,48
PRESIDIO COUNTY,377,11 Years,103,59,44,9,7,2,1,1,0,2,2,0,91,49,42
PRESIDIO COUNTY,377,12 Years,128,73,55,7,5,2,0,0,0,2,2,0,119,66,53
PRESIDIO COUNTY,377,13 Years,129,66,63,4,2,2,1,1,0,4,2,2,120,61,59
PRESIDIO COUNTY,377,14 Years,138,75,63,7,4,3,0,0,0,5,3,2,126,68,58
PRESIDIO COUNTY,377,15 Years,147,80,67,12,5,7,1,1,0,3,2,1,131,72,59
PRESIDIO COUNTY,377,16 Years,134,71,63,8,3,5,0,0,0,3,2,1,123,66,57
PRESIDIO COUNTY,377,17 Years,146,68,78,8,2,6,1,1,0,4,2,2,133,63,70
PRESIDIO COUNTY,377,18 Years,153,77,76,5,3,2,0,0,0,2,1,1,146,73,73
PRESIDIO COUNTY,377,19 Years,130,72,58,3,2,1,1,0,1,3,0,3,123,70,53
PRESIDIO COUNTY,377,20 Years,127,72,55,7,2,5,1,0,1,4,3,1,115,67,48
PRESIDIO COUNTY,377,21 Years,114,66,48,5,3,2,1,0,1,1,1,0,107,62,45
PRESIDIO COUNTY,377,22 Years,100,53,47,1,1,0,0,0,0,1,1,0,98,51,47
PRESIDIO COUNTY,377,23 Years,81,38,43,2,1,1,1,0,1,1,1,0,77,36,41
PRESIDIO COUNTY,377,24 Years,63,35,28,7,3,4,0,0,0,0,0,0,56,32,24
PRESIDIO COUNTY,377,25 Years,64,32,32,11,7,4,0,0,0,0,0,0,53,25,28
PRESIDIO COUNTY,377,26 Years,75,44,31,15,12,3,1,1,0,0,0,0,59,31,28
PRESIDIO COUNTY,377,27 Years,84,37,47,11,6,5,0,0,0,0,0,0,73,31,42
PRESIDIO COUNTY,377,28 Years,75,34,41,21,10,11,0,0,0,0,0,0,54,24,30
PRESIDIO COUNTY,377,29 Years,72,28,44,17,8,9,0,0,0,1,0,1,54,20,34
PRESIDIO COUNTY,377,30 Years,66,25,41,13,6,7,0,0,0,0,0,0,53,19,34
PRESIDIO COUNTY,377,31 Years,69,29,40,14,7,7,0,0,0,1,0,1,54,22,32
PRESIDIO COUNTY,377,32 Years,77,33,44,15,8,7,1,1,0,0,0,0,61,24,37
PRESIDIO COUNTY,377,33 Years,77,36,41,15,9,6,0,0,0,0,0,0,62,27,35
PRESIDIO COUNTY,377,34 Years,68,29,39,10,6,4,1,1,0,2,1,1,55,21,34
PRESIDIO COUNTY,377,35 Years,62,30,32,12,9,3,0,0,0,3,1,2,47,20,27
PRESIDIO COUNTY,377,36 Years,70,31,39,11,6,5,2,2,0,2,0,2,55,23,32
PRESIDIO COUNTY,377,37 Years,84,37,47,10,4,6,2,2,0,3,1,2,69,30,39
PRESIDIO COUNTY,377,38 Years,88,36,52,10,4,6,0,0,0,6,2,4,72,30,42
PRESIDIO COUNTY,377,39 Years,84,32,52,12,7,5,0,0,0,4,1,3,68,24,44
PRESIDIO COUNTY,377,40 Years,87,39,48,17,7,10,0,0,0,2,1,1,68,31,37
PRESIDIO COUNTY,377,41 Years,105,54,51,20,9,11,0,0,0,4,4,0,81,41,40
PRESIDIO COUNTY,377,42 Years,105,43,62,18,9,9,0,0,0,2,1,1,85,33,52
PRESIDIO COUNTY,377,43 Years,104,44,60,19,10,9,0,0,0,4,2,2,81,32,49
PRESIDIO COUNTY,377,44 Years,100,45,55,20,12,8,0,0,0,2,1,1,78,32,46
PRESIDIO COUNTY,377,45 Years,97,44,53,17,9,8,0,0,0,3,1,2,77,34,43
PRESIDIO COUNTY,377,46 Years,86,40,46,10,6,4,0,0,0,2,0,2,74,34,40
PRESIDIO COUNTY,377,47 Years,93,42,51,15,9,6,0,0,0,0,0,0,78,33,45
PRESIDIO COUNTY,377,48 Years,91,42,49,9,5,4,0,0,0,2,1,1,80,36,44
PRESIDIO COUNTY,377,49 Years,101,52,49,10,6,4,0,0,0,1,0,1,90,46,44
PRESIDIO COUNTY,377,50 Years,97,45,52,15,7,8,0,0,0,0,0,0,82,38,44
PRESIDIO COUNTY,377,51 Years,97,44,53,17,9,8,0,0,0,1,0,1,79,35,44
PRESIDIO COUNTY,377,52 Years,97,43,54,11,4,7,0,0,0,2,0,2,84,39,45
PRESIDIO COUNTY,377,53 Years,87,42,45,12,8,4,1,1,0,1,0,1,73,33,40
PRESIDIO COUNTY,377,54 Years,75,36,39,12,6,6,1,1,0,1,1,0,61,28,33
PRESIDIO COUNTY,377,55 Years,83,40,43,18,8,10,0,0,0,0,0,0,65,32,33
PRESIDIO COUNTY,377,56 Years,110,57,53,28,16,12,0,0,0,1,1,0,81,40,41
PRESIDIO COUNTY,377,57 Years,96,41,55,16,9,7,0,0,0,2,0,2,78,32,46
PRESIDIO COUNTY,377,58 Years,88,40,48,19,12,7,1,1,0,1,1,0,67,26,41
PRESIDIO COUNTY,377,59 Years,96,44,52,18,11,7,1,1,0,0,0,0,77,32,45
PRESIDIO COUNTY,377,60 Years,97,44,53,20,9,11,0,0,0,0,0,0,77,35,42
PRESIDIO COUNTY,377,61 Years,100,39,61,19,8,11,0,0,0,3,2,1,78,29,49
PRESIDIO COUNTY,377,62 Years,92,45,47,18,7,11,0,0,0,5,4,1,69,34,35
PRESIDIO COUNTY,377,63 Years,98,53,45,21,11,10,0,0,0,1,1,0,76,41,35
PRESIDIO COUNTY,377,64 Years,104,55,49,30,16,14,1,0,1,1,0,1,72,39,33
PRESIDIO COUNTY,377,65 Years,104,53,51,32,18,14,0,0,0,3,2,1,69,33,36
PRESIDIO COUNTY,377,66 Years,106,51,55,24,14,10,0,0,0,3,0,3,79,37,42
PRESIDIO COUNTY,377,67 Years,77,37,40,21,13,8,0,0,0,0,0,0,56,24,32
PRESIDIO COUNTY,377,68 Years,73,35,38,15,10,5,0,0,0,1,0,1,57,25,32
PRESIDIO COUNTY,377,69 Years,75,41,34,12,7,5,0,0,0,1,0,1,62,34,28
PRESIDIO COUNTY,377,70 Years,89,43,46,19,7,12,0,0,0,1,0,1,69,36,33
PRESIDIO COUNTY,377,71 Years,83,37,46,17,9,8,0,0,0,0,0,0,66,28,38
PRESIDIO COUNTY,377,72 Years,79,28,51,7,4,3,0,0,0,0,0,0,72,24,48
PRESIDIO COUNTY,377,73 Years,67,29,38,9,5,4,0,0,0,1,0,1,57,24,33
PRESIDIO COUNTY,377,74 Years,72,37,35,14,8,6,0,0,0,0,0,0,58,29,29
PRESIDIO COUNTY,377,75 Years,68,38,30,12,9,3,0,0,0,0,0,0,56,29,27
PRESIDIO COUNTY,377,76 Years,61,33,28,11,7,4,0,0,0,0,0,0,50,26,24
PRESIDIO COUNTY,377,77 Years,59,27,32,9,5,4,0,0,0,0,0,0,50,22,28
PRESIDIO COUNTY,377,78 Years,63,34,29,11,5,6,0,0,0,0,0,0,52,29,23
PRESIDIO COUNTY,377,79 Years,54,31,23,14,8,6,0,0,0,0,0,0,40,23,17
PRESIDIO COUNTY,377,80 Years,41,18,23,11,4,7,0,0,0,0,0,0,30,14,16
PRESIDIO COUNTY,377,81 Years,38,18,20,8,4,4,0,0,0,0,0,0,30,14,16
PRESIDIO COUNTY,377,82 Years,43,18,25,5,0,5,0,0,0,0,0,0,38,18,20
PRESIDIO COUNTY,377,83 Years,43,22,21,5,1,4,0,0,0,0,0,0,38,21,17
PRESIDIO COUNTY,377,84 Years,39,17,22,8,2,6,0,0,0,0,0,0,31,15,16
PRESIDIO COUNTY,377,85 Years +,203,84,119,39,19,20,0,0,0,0,0,0,164,65,99
RAINS COUNTY,379,All Ages,11024,5497,5527,9622,4757,4865,243,133,110,272,134,138,887,473,414
RAINS COUNTY,379,< 1 Year,106,54,52,84,44,40,2,1,1,4,2,2,16,7,9
RAINS COUNTY,379,1 Years,110,56,54,88,45,43,2,1,1,4,2,2,16,8,8
RAINS COUNTY,379,2 Years,108,56,52,87,45,42,1,1,0,4,2,2,16,8,8
RAINS COUNTY,379,3 Years,107,57,50,86,44,42,1,0,1,5,2,3,15,11,4
RAINS COUNTY,379,4 Years,106,61,45,82,45,37,5,5,0,5,3,2,14,8,6
RAINS COUNTY,379,5 Years,104,64,40,82,48,34,2,2,0,3,2,1,17,12,5
RAINS COUNTY,379,6 Years,119,60,59,94,45,49,1,1,0,1,0,1,23,14,9
RAINS COUNTY,379,7 Years,113,56,57,90,42,48,1,1,0,2,2,0,20,11,9
RAINS COUNTY,379,8 Years,105,58,47,88,48,40,4,3,1,1,1,0,12,6,6
RAINS COUNTY,379,9 Years,113,64,49,91,50,41,3,2,1,5,4,1,14,8,6
RAINS COUNTY,379,10 Years,116,64,52,85,44,41,1,1,0,7,6,1,23,13,10
RAINS COUNTY,379,11 Years,115,51,64,94,42,52,1,0,1,3,2,1,17,7,10
RAINS COUNTY,379,12 Years,128,60,68,104,50,54,2,1,1,4,2,2,18,7,11
RAINS COUNTY,379,13 Years,135,65,70,99,47,52,4,2,2,6,3,3,26,13,13
RAINS COUNTY,379,14 Years,151,79,72,113,57,56,4,2,2,8,5,3,26,15,11
RAINS COUNTY,379,15 Years,178,93,85,141,73,68,5,3,2,6,3,3,26,14,12
RAINS COUNTY,379,16 Years,164,95,69,134,78,56,5,4,1,5,2,3,20,11,9
RAINS COUNTY,379,17 Years,161,94,67,127,76,51,2,1,1,4,3,1,28,14,14
RAINS COUNTY,379,18 Years,148,86,62,113,68,45,3,1,2,6,3,3,26,14,12
RAINS COUNTY,379,19 Years,131,65,66,100,49,51,4,1,3,7,3,4,20,12,8
RAINS COUNTY,379,20 Years,127,68,59,94,50,44,4,1,3,8,3,5,21,14,7
RAINS COUNTY,379,21 Years,133,74,59,105,59,46,3,1,2,7,4,3,18,10,8
RAINS COUNTY,379,22 Years,108,57,51,87,45,42,2,2,0,3,2,1,16,8,8
RAINS COUNTY,379,23 Years,100,53,47,81,39,42,2,2,0,2,1,1,15,11,4
RAINS COUNTY,379,24 Years,98,56,42,85,50,35,1,0,1,2,0,2,10,6,4
RAINS COUNTY,379,25 Years,91,51,40,77,43,34,1,0,1,1,1,0,12,7,5
RAINS COUNTY,379,26 Years,84,41,43,72,32,40,0,0,0,1,0,1,11,9,2
RAINS COUNTY,379,27 Years,92,44,48,74,32,42,1,1,0,1,0,1,16,11,5
RAINS COUNTY,379,28 Years,95,47,48,77,38,39,0,0,0,3,1,2,15,8,7
RAINS COUNTY,379,29 Years,82,43,39,67,38,29,3,2,1,3,1,2,9,2,7
RAINS COUNTY,379,30 Years,88,39,49,74,31,43,1,1,0,2,1,1,11,6,5
RAINS COUNTY,379,31 Years,97,47,50,78,37,41,2,1,1,2,1,1,15,8,7
RAINS COUNTY,379,32 Years,90,48,42,77,40,37,1,1,0,2,1,1,10,6,4
RAINS COUNTY,379,33 Years,89,48,41,69,36,33,3,3,0,2,1,1,15,8,7
RAINS COUNTY,379,34 Years,101,51,50,88,47,41,3,1,2,0,0,0,10,3,7
RAINS COUNTY,379,35 Years,92,50,42,81,43,38,2,1,1,0,0,0,9,6,3
RAINS COUNTY,379,36 Years,114,58,56,99,50,49,3,2,1,2,1,1,10,5,5
RAINS COUNTY,379,37 Years,113,48,65,95,44,51,5,2,3,4,1,3,9,1,8
RAINS COUNTY,379,38 Years,109,49,60,87,40,47,4,2,2,4,1,3,14,6,8
RAINS COUNTY,379,39 Years,104,50,54,91,45,46,1,0,1,2,0,2,10,5,5
RAINS COUNTY,379,40 Years,114,55,59,98,49,49,4,2,2,3,2,1,9,2,7
RAINS COUNTY,379,41 Years,125,57,68,103,46,57,5,2,3,3,2,1,14,7,7
RAINS COUNTY,379,42 Years,148,69,79,128,59,69,5,1,4,2,1,1,13,8,5
RAINS COUNTY,379,43 Years,132,67,65,118,60,58,1,0,1,4,2,2,9,5,4
RAINS COUNTY,379,44 Years,118,60,58,106,55,51,1,0,1,3,1,2,8,4,4
RAINS COUNTY,379,45 Years,121,58,63,105,50,55,3,2,1,5,1,4,8,5,3
RAINS COUNTY,379,46 Years,145,69,76,126,63,63,4,2,2,4,0,4,11,4,7
RAINS COUNTY,379,47 Years,142,66,76,123,56,67,2,1,1,3,1,2,14,8,6
RAINS COUNTY,379,48 Years,136,68,68,117,56,61,2,1,1,4,3,1,13,8,5
RAINS COUNTY,379,49 Years,141,69,72,128,62,66,2,2,0,1,1,0,10,4,6
RAINS COUNTY,379,50 Years,155,78,77,141,69,72,7,5,2,1,1,0,6,3,3
RAINS COUNTY,379,51 Years,159,82,77,144,78,66,2,1,1,6,2,4,7,1,6
RAINS COUNTY,379,52 Years,164,81,83,151,75,76,2,0,2,5,2,3,6,4,2
RAINS COUNTY,379,53 Years,169,87,82,157,80,77,1,1,0,4,2,2,7,4,3
RAINS COUNTY,379,54 Years,190,92,98,178,84,94,3,2,1,3,1,2,6,5,1
RAINS COUNTY,379,55 Years,187,89,98,169,81,88,5,2,3,6,3,3,7,3,4
RAINS COUNTY,379,56 Years,191,90,101,168,79,89,3,1,2,9,5,4,11,5,6
RAINS COUNTY,379,57 Years,172,79,93,156,71,85,4,2,2,6,4,2,6,2,4
RAINS COUNTY,379,58 Years,146,67,79,133,61,72,4,2,2,3,1,2,6,3,3
RAINS COUNTY,379,59 Years,163,71,92,151,66,85,6,2,4,2,1,1,4,2,2
RAINS COUNTY,379,60 Years,174,84,90,161,76,85,7,4,3,3,2,1,3,2,1
RAINS COUNTY,379,61 Years,169,80,89,155,70,85,6,4,2,4,2,2,4,4,0
RAINS COUNTY,379,62 Years,174,76,98,162,69,93,4,3,1,5,2,3,3,2,1
RAINS COUNTY,379,63 Years,177,85,92,169,80,89,4,4,0,2,0,2,2,1,1
RAINS COUNTY,379,64 Years,196,94,102,184,88,96,6,4,2,1,0,1,5,2,3
RAINS COUNTY,379,65 Years,208,95,113,199,91,108,3,1,2,1,0,1,5,3,2
RAINS COUNTY,379,66 Years,214,108,106,200,99,101,6,5,1,6,3,3,2,1,1
RAINS COUNTY,379,67 Years,162,81,81,151,76,75,5,4,1,3,1,2,3,0,3
RAINS COUNTY,379,68 Years,171,86,85,165,83,82,3,2,1,2,1,1,1,0,1
RAINS COUNTY,379,69 Years,173,87,86,169,85,84,2,1,1,1,1,0,1,0,1
RAINS COUNTY,379,70 Years,164,78,86,159,77,82,1,0,1,1,0,1,3,1,2
RAINS COUNTY,379,71 Years,160,79,81,150,76,74,3,1,2,3,2,1,4,0,4
RAINS COUNTY,379,72 Years,136,74,62,125,67,58,3,0,3,4,4,0,4,3,1
RAINS COUNTY,379,73 Years,122,60,62,116,55,61,2,1,1,2,2,0,2,2,0
RAINS COUNTY,379,74 Years,122,55,67,121,54,67,1,1,0,0,0,0,0,0,0
RAINS COUNTY,379,75 Years,121,49,72,114,47,67,3,1,2,2,0,2,2,1,1
RAINS COUNTY,379,76 Years,106,49,57,99,47,52,3,1,2,1,0,1,3,1,2
RAINS COUNTY,379,77 Years,103,57,46,98,54,44,2,1,1,2,2,0,1,0,1
RAINS COUNTY,379,78 Years,90,53,37,86,49,37,2,2,0,1,1,0,1,1,0
RAINS COUNTY,379,79 Years,76,40,36,73,38,35,1,0,1,0,0,0,2,2,0
RAINS COUNTY,379,80 Years,64,34,30,56,30,26,3,1,2,1,1,0,4,2,2
RAINS COUNTY,379,81 Years,59,28,31,55,27,28,2,0,2,1,1,0,1,0,1
RAINS COUNTY,379,82 Years,54,30,24,52,30,22,1,0,1,0,0,0,1,0,1
RAINS COUNTY,379,83 Years,52,21,31,49,21,28,1,0,1,2,0,2,0,0,0
RAINS COUNTY,379,84 Years,43,18,25,38,16,22,1,1,0,2,0,2,2,1,1
RAINS COUNTY,379,85 Years +,191,82,109,176,73,103,7,4,3,4,1,3,4,4,0
RANDALL COUNTY,381,All Ages,127294,61996,65298,96444,46464,49980,3071,1714,1357,4541,2315,2226,23238,11503,11735
RANDALL COUNTY,381,< 1 Year,1601,822,779,1096,566,530,44,22,22,80,41,39,381,193,188
RANDALL COUNTY,381,1 Years,1562,798,764,1089,555,534,40,21,19,62,33,29,371,189,182
RANDALL COUNTY,381,2 Years,1584,809,775,1110,566,544,38,19,19,66,36,30,370,188,182
RANDALL COUNTY,381,3 Years,1651,851,800,1066,549,517,35,15,20,95,55,40,455,232,223
RANDALL COUNTY,381,4 Years,1742,904,838,1109,582,527,46,20,26,100,53,47,487,249,238
RANDALL COUNTY,381,5 Years,1737,880,857,1081,543,538,49,23,26,113,57,56,494,257,237
RANDALL COUNTY,381,6 Years,1800,905,895,1130,574,556,54,23,31,99,51,48,517,257,260
RANDALL COUNTY,381,7 Years,1802,917,885,1114,566,548,54,28,26,99,47,52,535,276,259
RANDALL COUNTY,381,8 Years,1823,924,899,1160,580,580,49,26,23,95,52,43,519,266,253
RANDALL COUNTY,381,9 Years,1821,908,913,1200,608,592,40,20,20,85,42,43,496,238,258
RANDALL COUNTY,381,10 Years,1817,930,887,1215,634,581,48,22,26,86,44,42,468,230,238
RANDALL COUNTY,381,11 Years,1791,924,867,1196,620,576,49,24,25,74,38,36,472,242,230
RANDALL COUNTY,381,12 Years,1848,956,892,1242,635,607,58,35,23,76,39,37,472,247,225
RANDALL COUNTY,381,13 Years,1821,926,895,1205,598,607,61,31,30,72,34,38,483,263,220
RANDALL COUNTY,381,14 Years,1821,927,894,1183,587,596,67,31,36,70,37,33,501,272,229
RANDALL COUNTY,381,15 Years,1789,901,888,1174,585,589,56,27,29,81,41,40,478,248,230
RANDALL COUNTY,381,16 Years,1828,940,888,1216,631,585,54,26,28,80,39,41,478,244,234
RANDALL COUNTY,381,17 Years,1813,931,882,1217,631,586,55,29,26,88,45,43,453,226,227
RANDALL COUNTY,381,18 Years,1927,1009,918,1253,653,600,75,45,30,77,42,35,522,269,253
RANDALL COUNTY,381,19 Years,2082,1017,1065,1394,675,719,77,41,36,84,46,38,527,255,272
RANDALL COUNTY,381,20 Years,2000,975,1025,1319,631,688,81,42,39,81,44,37,519,258,261
RANDALL COUNTY,381,21 Years,2027,979,1048,1373,641,732,88,52,36,72,38,34,494,248,246
RANDALL COUNTY,381,22 Years,1977,992,985,1354,665,689,66,40,26,76,41,35,481,246,235
RANDALL COUNTY,381,23 Years,1860,902,958,1285,597,688,66,34,32,86,60,26,423,211,212
RANDALL COUNTY,381,24 Years,1684,793,891,1195,552,643,47,27,20,71,42,29,371,172,199
RANDALL COUNTY,381,25 Years,1607,821,786,1112,556,556,50,29,21,66,37,29,379,199,180
RANDALL COUNTY,381,26 Years,1559,829,730,1066,573,493,47,28,19,68,41,27,378,187,191
RANDALL COUNTY,381,27 Years,1665,851,814,1145,575,570,44,29,15,77,43,34,399,204,195
RANDALL COUNTY,381,28 Years,1669,829,840,1164,576,588,53,31,22,58,30,28,394,192,202
RANDALL COUNTY,381,29 Years,1676,830,846,1170,590,580,56,33,23,54,26,28,396,181,215
RANDALL COUNTY,381,30 Years,1713,829,884,1208,587,621,56,35,21,58,27,31,391,180,211
RANDALL COUNTY,381,31 Years,1718,809,909,1230,569,661,49,28,21,57,27,30,382,185,197
RANDALL COUNTY,381,32 Years,1827,856,971,1321,604,717,58,32,26,63,28,35,385,192,193
RANDALL COUNTY,381,33 Years,1844,919,925,1362,676,686,54,33,21,56,28,28,372,182,190
RANDALL COUNTY,381,34 Years,1712,875,837,1259,642,617,47,33,14,52,26,26,354,174,180
RANDALL COUNTY,381,35 Years,1674,842,832,1215,611,604,49,33,16,59,31,28,351,167,184
RANDALL COUNTY,381,36 Years,1635,831,804,1191,601,590,38,25,13,60,36,24,346,169,177
RANDALL COUNTY,381,37 Years,1628,824,804,1205,595,610,43,26,17,59,35,24,321,168,153
RANDALL COUNTY,381,38 Years,1696,859,837,1263,632,631,41,25,16,63,31,32,329,171,158
RANDALL COUNTY,381,39 Years,1482,729,753,1101,533,568,36,18,18,55,24,31,290,154,136
RANDALL COUNTY,381,40 Years,1413,691,722,1042,502,540,35,23,12,52,28,24,284,138,146
RANDALL COUNTY,381,41 Years,1524,732,792,1130,532,598,44,31,13,52,27,25,298,142,156
RANDALL COUNTY,381,42 Years,1633,799,834,1246,606,640,47,33,14,58,25,33,282,135,147
RANDALL COUNTY,381,43 Years,1694,821,873,1309,634,675,44,25,19,55,24,31,286,138,148
RANDALL COUNTY,381,44 Years,1532,746,786,1167,561,606,41,24,17,48,21,27,276,140,136
RANDALL COUNTY,381,45 Years,1465,696,769,1116,524,592,42,26,16,49,21,28,258,125,133
RANDALL COUNTY,381,46 Years,1449,706,743,1124,548,576,32,20,12,43,21,22,250,117,133
RANDALL COUNTY,381,47 Years,1459,715,744,1122,547,575,31,20,11,48,21,27,258,127,131
RANDALL COUNTY,381,48 Years,1583,768,815,1230,588,642,45,29,16,55,29,26,253,122,131
RANDALL COUNTY,381,49 Years,1631,801,830,1294,635,659,43,26,17,56,32,24,238,108,130
RANDALL COUNTY,381,50 Years,1719,812,907,1380,651,729,43,26,17,59,34,25,237,101,136
RANDALL COUNTY,381,51 Years,1743,859,884,1414,694,720,42,29,13,54,30,24,233,106,127
RANDALL COUNTY,381,52 Years,1743,863,880,1457,728,729,38,22,16,47,22,25,201,91,110
RANDALL COUNTY,381,53 Years,1757,848,909,1451,698,753,47,28,19,53,23,30,206,99,107
RANDALL COUNTY,381,54 Years,1751,839,912,1462,693,769,36,21,15,61,33,28,192,92,100
RANDALL COUNTY,381,55 Years,1740,821,919,1470,688,782,31,16,15,47,24,23,192,93,99
RANDALL COUNTY,381,56 Years,1731,790,941,1477,667,810,24,16,8,47,18,29,183,89,94
RANDALL COUNTY,381,57 Years,1682,796,886,1448,681,767,30,20,10,47,20,27,157,75,82
RANDALL COUNTY,381,58 Years,1682,804,878,1454,694,760,28,14,14,48,24,24,152,72,80
RANDALL COUNTY,381,59 Years,1613,762,851,1406,674,732,23,10,13,40,13,27,144,65,79
RANDALL COUNTY,381,60 Years,1590,745,845,1398,655,743,19,9,10,49,21,28,124,60,64
RANDALL COUNTY,381,61 Years,1529,733,796,1356,651,705,21,11,10,36,19,17,116,52,64
RANDALL COUNTY,381,62 Years,1423,671,752,1246,585,661,20,10,10,39,21,18,118,55,63
RANDALL COUNTY,381,63 Years,1382,650,732,1215,572,643,19,6,13,38,21,17,110,51,59
RANDALL COUNTY,381,64 Years,1329,636,693,1187,569,618,16,5,11,33,14,19,93,48,45
RANDALL COUNTY,381,65 Years,1341,679,662,1213,611,602,13,9,4,36,16,20,79,43,36
RANDALL COUNTY,381,66 Years,1326,629,697,1195,570,625,12,6,6,40,18,22,79,35,44
RANDALL COUNTY,381,67 Years,1030,474,556,921,423,498,8,3,5,31,16,15,70,32,38
RANDALL COUNTY,381,68 Years,941,431,510,847,383,464,3,1,2,25,13,12,66,34,32
RANDALL COUNTY,381,69 Years,1004,463,541,909,418,491,9,5,4,23,12,11,63,28,35
RANDALL COUNTY,381,70 Years,979,456,523,888,415,473,10,5,5,19,10,9,62,26,36
RANDALL COUNTY,381,71 Years,868,388,480,794,356,438,8,3,5,17,8,9,49,21,28
RANDALL COUNTY,381,72 Years,803,358,445,741,333,408,5,2,3,18,9,9,39,14,25
RANDALL COUNTY,381,73 Years,785,343,442,721,317,404,3,1,2,16,8,8,45,17,28
RANDALL COUNTY,381,74 Years,726,303,423,671,279,392,5,2,3,15,8,7,35,14,21
RANDALL COUNTY,381,75 Years,716,298,418,672,277,395,2,1,1,13,7,6,29,13,16
RANDALL COUNTY,381,76 Years,654,273,381,613,256,357,3,2,1,8,3,5,30,12,18
RANDALL COUNTY,381,77 Years,619,281,338,584,262,322,2,1,1,8,5,3,25,13,12
RANDALL COUNTY,381,78 Years,624,277,347,589,255,334,2,2,0,10,7,3,23,13,10
RANDALL COUNTY,381,79 Years,571,250,321,535,236,299,2,0,2,8,4,4,26,10,16
RANDALL COUNTY,381,80 Years,526,227,299,493,216,277,5,1,4,7,3,4,21,7,14
RANDALL COUNTY,381,81 Years,486,210,276,462,203,259,2,0,2,8,1,7,14,6,8
RANDALL COUNTY,381,82 Years,501,218,283,477,208,269,3,1,2,4,2,2,17,7,10
RANDALL COUNTY,381,83 Years,464,191,273,438,178,260,2,1,1,6,2,4,18,10,8
RANDALL COUNTY,381,84 Years,393,155,238,366,145,221,2,2,0,7,1,6,18,7,11
RANDALL COUNTY,381,85 Years +,1827,635,1192,1726,602,1124,11,5,6,35,9,26,55,19,36
REAGAN COUNTY,383,All Ages,3631,1908,1723,1281,632,649,59,37,22,34,19,15,2257,1220,1037
REAGAN COUNTY,383,< 1 Year,60,32,28,17,10,7,0,0,0,0,0,0,43,22,21
REAGAN COUNTY,383,1 Years,51,27,24,14,8,6,0,0,0,0,0,0,37,19,18
REAGAN COUNTY,383,2 Years,54,29,25,15,8,7,0,0,0,0,0,0,39,21,18
REAGAN COUNTY,383,3 Years,56,30,26,12,6,6,1,0,1,0,0,0,43,24,19
REAGAN COUNTY,383,4 Years,56,26,30,7,4,3,0,0,0,3,1,2,46,21,25
REAGAN COUNTY,383,5 Years,59,36,23,9,5,4,0,0,0,1,1,0,49,30,19
REAGAN COUNTY,383,6 Years,61,37,24,12,8,4,2,2,0,1,1,0,46,26,20
REAGAN COUNTY,383,7 Years,57,31,26,13,8,5,0,0,0,2,1,1,42,22,20
REAGAN COUNTY,383,8 Years,52,26,26,9,4,5,0,0,0,1,0,1,42,22,20
REAGAN COUNTY,383,9 Years,54,29,25,8,6,2,1,0,1,0,0,0,45,23,22
REAGAN COUNTY,383,10 Years,68,29,39,10,6,4,1,0,1,1,0,1,56,23,33
REAGAN COUNTY,383,11 Years,55,28,27,9,5,4,0,0,0,2,1,1,44,22,22
REAGAN COUNTY,383,12 Years,55,29,26,10,6,4,2,1,1,1,1,0,42,21,21
REAGAN COUNTY,383,13 Years,55,26,29,11,5,6,0,0,0,1,1,0,43,20,23
REAGAN COUNTY,383,14 Years,52,26,26,10,5,5,0,0,0,1,1,0,41,20,21
REAGAN COUNTY,383,15 Years,58,28,30,14,8,6,2,0,2,0,0,0,42,20,22
REAGAN COUNTY,383,16 Years,72,38,34,17,12,5,1,0,1,0,0,0,54,26,28
REAGAN COUNTY,383,17 Years,67,33,34,14,9,5,2,1,1,1,0,1,50,23,27
REAGAN COUNTY,383,18 Years,61,32,29,17,6,11,1,1,0,0,0,0,43,25,18
REAGAN COUNTY,383,19 Years,50,24,26,13,3,10,1,1,0,0,0,0,36,20,16
REAGAN COUNTY,383,20 Years,52,31,21,15,7,8,1,1,0,1,0,1,35,23,12
REAGAN COUNTY,383,21 Years,59,30,29,20,8,12,1,1,0,1,1,0,37,20,17
REAGAN COUNTY,383,22 Years,39,23,16,9,5,4,2,1,1,0,0,0,28,17,11
REAGAN COUNTY,383,23 Years,41,24,17,7,3,4,2,1,1,0,0,0,32,20,12
REAGAN COUNTY,383,24 Years,39,18,21,11,4,7,0,0,0,0,0,0,28,14,14
REAGAN COUNTY,383,25 Years,42,23,19,14,6,8,0,0,0,0,0,0,28,17,11
REAGAN COUNTY,383,26 Years,35,23,12,13,8,5,0,0,0,0,0,0,22,15,7
REAGAN COUNTY,383,27 Years,44,22,22,14,7,7,0,0,0,0,0,0,30,15,15
REAGAN COUNTY,383,28 Years,43,24,19,20,12,8,1,1,0,0,0,0,22,11,11
REAGAN COUNTY,383,29 Years,50,25,25,14,8,6,1,1,0,0,0,0,35,16,19
REAGAN COUNTY,383,30 Years,50,28,22,16,9,7,1,1,0,0,0,0,33,18,15
REAGAN COUNTY,383,31 Years,51,29,22,14,8,6,1,1,0,0,0,0,36,20,16
REAGAN COUNTY,383,32 Years,46,28,18,12,6,6,2,2,0,0,0,0,32,20,12
REAGAN COUNTY,383,33 Years,43,23,20,13,8,5,0,0,0,0,0,0,30,15,15
REAGAN COUNTY,383,34 Years,43,22,21,10,4,6,0,0,0,2,1,1,31,17,14
REAGAN COUNTY,383,35 Years,48,31,17,11,6,5,1,1,0,1,1,0,35,23,12
REAGAN COUNTY,383,36 Years,51,29,22,14,6,8,1,0,1,1,1,0,35,22,13
REAGAN COUNTY,383,37 Years,44,26,18,9,4,5,0,0,0,0,0,0,35,22,13
REAGAN COUNTY,383,38 Years,42,24,18,11,4,7,0,0,0,0,0,0,31,20,11
REAGAN COUNTY,383,39 Years,34,15,19,8,2,6,0,0,0,0,0,0,26,13,13
REAGAN COUNTY,383,40 Years,37,17,20,8,3,5,0,0,0,0,0,0,29,14,15
REAGAN COUNTY,383,41 Years,42,20,22,10,5,5,1,1,0,0,0,0,31,14,17
REAGAN COUNTY,383,42 Years,42,25,17,13,9,4,0,0,0,0,0,0,29,16,13
REAGAN COUNTY,383,43 Years,46,26,20,18,10,8,2,2,0,2,1,1,24,13,11
REAGAN COUNTY,383,44 Years,50,24,26,21,9,12,1,1,0,1,0,1,27,14,13
REAGAN COUNTY,383,45 Years,45,23,22,21,8,13,0,0,0,0,0,0,24,15,9
REAGAN COUNTY,383,46 Years,43,21,22,18,10,8,0,0,0,1,1,0,24,10,14
REAGAN COUNTY,383,47 Years,45,22,23,16,8,8,0,0,0,1,1,0,28,13,15
REAGAN COUNTY,383,48 Years,42,27,15,17,11,6,1,0,1,0,0,0,24,16,8
REAGAN COUNTY,383,49 Years,47,32,15,20,11,9,1,1,0,0,0,0,26,20,6
REAGAN COUNTY,383,50 Years,49,25,24,23,9,14,2,1,1,0,0,0,24,15,9
REAGAN COUNTY,383,51 Years,54,28,26,27,12,15,2,1,1,0,0,0,25,15,10
REAGAN COUNTY,383,52 Years,56,26,30,30,13,17,0,0,0,0,0,0,26,13,13
REAGAN COUNTY,383,53 Years,50,23,27,24,11,13,1,1,0,0,0,0,25,11,14
REAGAN COUNTY,383,54 Years,46,21,25,24,9,15,1,1,0,0,0,0,21,11,10
REAGAN COUNTY,383,55 Years,53,28,25,26,12,14,2,2,0,0,0,0,25,14,11
REAGAN COUNTY,383,56 Years,56,24,32,28,10,18,1,0,1,2,0,2,25,14,11
REAGAN COUNTY,383,57 Years,52,28,24,21,10,11,0,0,0,0,0,0,31,18,13
REAGAN COUNTY,383,58 Years,56,30,26,30,14,16,1,1,0,1,1,0,24,14,10
REAGAN COUNTY,383,59 Years,47,28,19,30,17,13,2,2,0,0,0,0,15,9,6
REAGAN COUNTY,383,60 Years,39,24,15,20,13,7,0,0,0,0,0,0,19,11,8
REAGAN COUNTY,383,61 Years,31,14,17,17,8,9,1,1,0,0,0,0,13,5,8
REAGAN COUNTY,383,62 Years,48,25,23,28,16,12,1,0,1,1,0,1,18,9,9
REAGAN COUNTY,383,63 Years,34,19,15,18,10,8,0,0,0,0,0,0,16,9,7
REAGAN COUNTY,383,64 Years,25,15,10,10,7,3,1,1,0,0,0,0,14,7,7
REAGAN COUNTY,383,65 Years,30,14,16,14,5,9,0,0,0,0,0,0,16,9,7
REAGAN COUNTY,383,66 Years,37,14,23,17,5,12,1,1,0,0,0,0,19,8,11
REAGAN COUNTY,383,67 Years,33,12,21,20,7,13,1,0,1,0,0,0,12,5,7
REAGAN COUNTY,383,68 Years,24,15,9,12,6,6,0,0,0,0,0,0,12,9,3
REAGAN COUNTY,383,69 Years,19,10,9,10,6,4,0,0,0,0,0,0,9,4,5
REAGAN COUNTY,383,70 Years,22,9,13,16,7,9,0,0,0,0,0,0,6,2,4
REAGAN COUNTY,383,71 Years,17,8,9,12,5,7,0,0,0,0,0,0,5,3,2
REAGAN COUNTY,383,72 Years,18,8,10,9,5,4,0,0,0,0,0,0,9,3,6
REAGAN COUNTY,383,73 Years,23,12,11,16,9,7,0,0,0,0,0,0,7,3,4
REAGAN COUNTY,383,74 Years,19,11,8,13,8,5,1,0,1,0,0,0,5,3,2
REAGAN COUNTY,383,75 Years,21,14,7,8,4,4,1,1,0,1,1,0,11,8,3
REAGAN COUNTY,383,76 Years,21,13,8,13,6,7,1,1,0,1,1,0,6,5,1
REAGAN COUNTY,383,77 Years,21,12,9,14,6,8,1,1,0,1,1,0,5,4,1
REAGAN COUNTY,383,78 Years,15,8,7,10,5,5,1,0,1,0,0,0,4,3,1
REAGAN COUNTY,383,79 Years,16,7,9,10,4,6,0,0,0,0,0,0,6,3,3
REAGAN COUNTY,383,80 Years,13,5,8,8,3,5,0,0,0,1,0,1,4,2,2
REAGAN COUNTY,383,81 Years,16,9,7,12,6,6,0,0,0,0,0,0,4,3,1
REAGAN COUNTY,383,82 Years,13,5,8,8,4,4,1,0,1,0,0,0,4,1,3
REAGAN COUNTY,383,83 Years,16,7,9,11,5,6,0,0,0,0,0,0,5,2,3
REAGAN COUNTY,383,84 Years,8,5,3,6,3,3,0,0,0,0,0,0,2,2,0
REAGAN COUNTY,383,85 Years +,45,21,24,28,11,17,2,0,2,0,0,0,15,10,5
REAL COUNTY,385,All Ages,3343,1651,1692,2397,1167,1230,15,7,8,69,33,36,862,444,418
REAL COUNTY,385,< 1 Year,34,17,17,20,10,10,0,0,0,1,1,0,13,6,7
REAL COUNTY,385,1 Years,33,16,17,19,9,10,0,0,0,0,0,0,14,7,7
REAL COUNTY,385,2 Years,31,17,14,19,10,9,0,0,0,0,0,0,12,7,5
REAL COUNTY,385,3 Years,32,19,13,21,14,7,0,0,0,0,0,0,11,5,6
REAL COUNTY,385,4 Years,32,18,14,14,9,5,0,0,0,0,0,0,18,9,9
REAL COUNTY,385,5 Years,32,15,17,17,8,9,0,0,0,2,0,2,13,7,6
REAL COUNTY,385,6 Years,30,10,20,16,6,10,0,0,0,2,0,2,12,4,8
REAL COUNTY,385,7 Years,33,15,18,18,8,10,0,0,0,1,0,1,14,7,7
REAL COUNTY,385,8 Years,27,14,13,14,7,7,1,0,1,2,2,0,10,5,5
REAL COUNTY,385,9 Years,33,17,16,17,10,7,0,0,0,1,0,1,15,7,8
REAL COUNTY,385,10 Years,32,20,12,18,14,4,0,0,0,0,0,0,14,6,8
REAL COUNTY,385,11 Years,28,13,15,17,8,9,0,0,0,0,0,0,11,5,6
REAL COUNTY,385,12 Years,30,15,15,19,8,11,1,0,1,0,0,0,10,7,3
REAL COUNTY,385,13 Years,27,13,14,17,7,10,0,0,0,0,0,0,10,6,4
REAL COUNTY,385,14 Years,31,16,15,15,6,9,0,0,0,0,0,0,16,10,6
REAL COUNTY,385,15 Years,37,18,19,20,10,10,0,0,0,3,2,1,14,6,8
REAL COUNTY,385,16 Years,49,24,25,24,13,11,0,0,0,1,1,0,24,10,14
REAL COUNTY,385,17 Years,40,17,23,20,10,10,0,0,0,1,0,1,19,7,12
REAL COUNTY,385,18 Years,41,20,21,23,12,11,2,1,1,2,1,1,14,6,8
REAL COUNTY,385,19 Years,57,31,26,33,21,12,6,3,3,0,0,0,18,7,11
REAL COUNTY,385,20 Years,54,25,29,28,12,16,2,0,2,2,2,0,22,11,11
REAL COUNTY,385,21 Years,40,20,20,20,8,12,1,1,0,6,4,2,13,7,6
REAL COUNTY,385,22 Years,36,23,13,21,13,8,0,0,0,3,2,1,12,8,4
REAL COUNTY,385,23 Years,29,15,14,21,11,10,0,0,0,0,0,0,8,4,4
REAL COUNTY,385,24 Years,20,9,11,13,5,8,0,0,0,0,0,0,7,4,3
REAL COUNTY,385,25 Years,23,12,11,15,8,7,0,0,0,1,0,1,7,4,3
REAL COUNTY,385,26 Years,21,10,11,11,5,6,0,0,0,0,0,0,10,5,5
REAL COUNTY,385,27 Years,18,9,9,11,7,4,0,0,0,0,0,0,7,2,5
REAL COUNTY,385,28 Years,22,14,8,12,10,2,0,0,0,0,0,0,10,4,6
REAL COUNTY,385,29 Years,26,9,17,14,6,8,0,0,0,0,0,0,12,3,9
REAL COUNTY,385,30 Years,26,13,13,14,6,8,0,0,0,0,0,0,12,7,5
REAL COUNTY,385,31 Years,26,13,13,14,7,7,0,0,0,1,0,1,11,6,5
REAL COUNTY,385,32 Years,21,11,10,12,5,7,0,0,0,0,0,0,9,6,3
REAL COUNTY,385,33 Years,20,11,9,15,7,8,0,0,0,0,0,0,5,4,1
REAL COUNTY,385,34 Years,20,15,5,14,10,4,0,0,0,0,0,0,6,5,1
REAL COUNTY,385,35 Years,22,12,10,16,9,7,0,0,0,1,0,1,5,3,2
REAL COUNTY,385,36 Years,24,12,12,14,6,8,0,0,0,1,0,1,9,6,3
REAL COUNTY,385,37 Years,27,12,15,18,9,9,0,0,0,1,0,1,8,3,5
REAL COUNTY,385,38 Years,33,17,16,21,11,10,0,0,0,1,0,1,11,6,5
REAL COUNTY,385,39 Years,25,13,12,17,9,8,0,0,0,1,0,1,7,4,3
REAL COUNTY,385,40 Years,29,9,20,21,7,14,0,0,0,0,0,0,8,2,6
REAL COUNTY,385,41 Years,25,12,13,20,10,10,0,0,0,0,0,0,5,2,3
REAL COUNTY,385,42 Years,31,18,13,22,12,10,0,0,0,0,0,0,9,6,3
REAL COUNTY,385,43 Years,38,15,23,26,11,15,0,0,0,3,0,3,9,4,5
REAL COUNTY,385,44 Years,29,18,11,22,13,9,0,0,0,1,1,0,6,4,2
REAL COUNTY,385,45 Years,43,22,21,35,16,19,0,0,0,2,2,0,6,4,2
REAL COUNTY,385,46 Years,39,18,21,28,12,16,0,0,0,0,0,0,11,6,5
REAL COUNTY,385,47 Years,29,11,18,20,7,13,0,0,0,0,0,0,9,4,5
REAL COUNTY,385,48 Years,33,14,19,25,11,14,0,0,0,1,0,1,7,3,4
REAL COUNTY,385,49 Years,42,20,22,27,13,14,0,0,0,1,0,1,14,7,7
REAL COUNTY,385,50 Years,61,27,34,44,15,29,0,0,0,3,3,0,14,9,5
REAL COUNTY,385,51 Years,53,30,23,38,20,18,0,0,0,3,1,2,12,9,3
REAL COUNTY,385,52 Years,43,19,24,35,15,20,0,0,0,0,0,0,8,4,4
REAL COUNTY,385,53 Years,52,25,27,42,20,22,0,0,0,0,0,0,10,5,5
REAL COUNTY,385,54 Years,46,21,25,34,14,20,0,0,0,1,1,0,11,6,5
REAL COUNTY,385,55 Years,47,26,21,36,20,16,0,0,0,2,1,1,9,5,4
REAL COUNTY,385,56 Years,47,33,14,39,26,13,0,0,0,1,1,0,7,6,1
REAL COUNTY,385,57 Years,54,30,24,47,25,22,0,0,0,1,1,0,6,4,2
REAL COUNTY,385,58 Years,65,35,30,54,29,25,0,0,0,1,1,0,10,5,5
REAL COUNTY,385,59 Years,57,24,33,47,20,27,0,0,0,1,0,1,9,4,5
REAL COUNTY,385,60 Years,49,21,28,44,18,26,1,1,0,0,0,0,4,2,2
REAL COUNTY,385,61 Years,45,20,25,39,18,21,0,0,0,0,0,0,6,2,4
REAL COUNTY,385,62 Years,55,22,33,48,19,29,0,0,0,0,0,0,7,3,4
REAL COUNTY,385,63 Years,62,25,37,50,17,33,0,0,0,0,0,0,12,8,4
REAL COUNTY,385,64 Years,71,33,38,55,24,31,0,0,0,1,1,0,15,8,7
REAL COUNTY,385,65 Years,70,32,38,53,24,29,0,0,0,1,0,1,16,8,8
REAL COUNTY,385,66 Years,70,36,34,60,30,30,0,0,0,0,0,0,10,6,4
REAL COUNTY,385,67 Years,58,27,31,50,21,29,0,0,0,2,2,0,6,4,2
REAL COUNTY,385,68 Years,66,36,30,48,26,22,0,0,0,1,1,0,17,9,8
REAL COUNTY,385,69 Years,63,32,31,49,25,24,0,0,0,0,0,0,14,7,7
REAL COUNTY,385,70 Years,55,25,30,47,22,25,0,0,0,2,0,2,6,3,3
REAL COUNTY,385,71 Years,44,22,22,36,20,16,0,0,0,1,0,1,7,2,5
REAL COUNTY,385,72 Years,49,24,25,43,22,21,0,0,0,0,0,0,6,2,4
REAL COUNTY,385,73 Years,47,21,26,39,19,20,0,0,0,0,0,0,8,2,6
REAL COUNTY,385,74 Years,45,20,25,37,16,21,0,0,0,1,0,1,7,4,3
REAL COUNTY,385,75 Years,48,26,22,38,19,19,0,0,0,2,1,1,8,6,2
REAL COUNTY,385,76 Years,45,26,19,35,21,14,0,0,0,1,0,1,9,5,4
REAL COUNTY,385,77 Years,49,28,21,40,23,17,0,0,0,2,1,1,7,4,3
REAL COUNTY,385,78 Years,41,23,18,35,19,16,0,0,0,0,0,0,6,4,2
REAL COUNTY,385,79 Years,32,14,18,27,13,14,0,0,0,0,0,0,5,1,4
REAL COUNTY,385,80 Years,26,12,14,22,10,12,0,0,0,0,0,0,4,2,2
REAL COUNTY,385,81 Years,24,14,10,21,12,9,0,0,0,0,0,0,3,2,1
REAL COUNTY,385,82 Years,21,9,12,16,7,9,0,0,0,0,0,0,5,2,3
REAL COUNTY,385,83 Years,23,11,12,16,6,10,0,0,0,0,0,0,7,5,2
REAL COUNTY,385,84 Years,21,12,9,16,9,7,0,0,0,0,0,0,5,3,2
REAL COUNTY,385,85 Years +,79,33,46,69,27,42,1,1,0,0,0,0,9,5,4
RED RIVER COUNTY,387,All Ages,12418,6093,6325,9045,4458,4587,2184,1022,1162,295,140,155,894,473,421
RED RIVER COUNTY,387,< 1 Year,145,75,70,96,48,48,24,13,11,7,4,3,18,10,8
RED RIVER COUNTY,387,1 Years,145,76,69,98,51,47,25,13,12,5,3,2,17,9,8
RED RIVER COUNTY,387,2 Years,145,74,71,99,51,48,25,12,13,5,3,2,16,8,8
RED RIVER COUNTY,387,3 Years,130,67,63,90,46,44,22,10,12,8,3,5,10,8,2
RED RIVER COUNTY,387,4 Years,136,74,62,82,46,36,27,13,14,10,6,4,17,9,8
RED RIVER COUNTY,387,5 Years,147,76,71,89,48,41,27,14,13,10,5,5,21,9,12
RED RIVER COUNTY,387,6 Years,140,79,61,85,49,36,26,14,12,8,5,3,21,11,10
RED RIVER COUNTY,387,7 Years,143,83,60,89,51,38,25,14,11,5,3,2,24,15,9
RED RIVER COUNTY,387,8 Years,127,70,57,79,45,34,19,9,10,7,5,2,22,11,11
RED RIVER COUNTY,387,9 Years,132,73,59,86,50,36,22,13,9,4,2,2,20,8,12
RED RIVER COUNTY,387,10 Years,146,79,67,87,51,36,34,16,18,2,1,1,23,11,12
RED RIVER COUNTY,387,11 Years,137,79,58,86,50,36,27,16,11,3,2,1,21,11,10
RED RIVER COUNTY,387,12 Years,143,80,63,89,51,38,28,16,12,5,2,3,21,11,10
RED RIVER COUNTY,387,13 Years,148,81,67,95,55,40,32,14,18,7,3,4,14,9,5
RED RIVER COUNTY,387,14 Years,149,83,66,98,52,46,30,19,11,6,2,4,15,10,5
RED RIVER COUNTY,387,15 Years,151,76,75,96,51,45,27,10,17,7,3,4,21,12,9
RED RIVER COUNTY,387,16 Years,149,72,77,99,49,50,27,12,15,5,2,3,18,9,9
RED RIVER COUNTY,387,17 Years,164,87,77,103,54,49,43,23,20,2,1,1,16,9,7
RED RIVER COUNTY,387,18 Years,157,86,71,100,57,43,35,18,17,3,0,3,19,11,8
RED RIVER COUNTY,387,19 Years,147,81,66,87,46,41,31,18,13,5,3,2,24,14,10
RED RIVER COUNTY,387,20 Years,143,78,65,83,47,36,31,15,16,6,4,2,23,12,11
RED RIVER COUNTY,387,21 Years,151,69,82,89,43,46,38,15,23,5,2,3,19,9,10
RED RIVER COUNTY,387,22 Years,129,56,73,84,37,47,23,11,12,6,3,3,16,5,11
RED RIVER COUNTY,387,23 Years,125,57,68,85,41,44,26,10,16,4,2,2,10,4,6
RED RIVER COUNTY,387,24 Years,123,60,63,78,38,40,33,16,17,3,2,1,9,4,5
RED RIVER COUNTY,387,25 Years,123,55,68,77,34,43,30,15,15,3,0,3,13,6,7
RED RIVER COUNTY,387,26 Years,118,59,59,76,38,38,27,13,14,3,1,2,12,7,5
RED RIVER COUNTY,387,27 Years,115,62,53,77,43,34,23,11,12,2,1,1,13,7,6
RED RIVER COUNTY,387,28 Years,113,50,63,76,32,44,20,7,13,4,3,1,13,8,5
RED RIVER COUNTY,387,29 Years,111,58,53,75,39,36,17,9,8,4,3,1,15,7,8
RED RIVER COUNTY,387,30 Years,117,60,57,81,44,37,15,6,9,4,2,2,17,8,9
RED RIVER COUNTY,387,31 Years,118,49,69,84,34,50,17,6,11,2,1,1,15,8,7
RED RIVER COUNTY,387,32 Years,126,64,62,89,47,42,26,10,16,1,1,0,10,6,4
RED RIVER COUNTY,387,33 Years,123,59,64,92,44,48,20,9,11,1,0,1,10,6,4
RED RIVER COUNTY,387,34 Years,107,50,57,77,33,44,18,11,7,4,2,2,8,4,4
RED RIVER COUNTY,387,35 Years,127,55,72,94,40,54,19,7,12,2,1,1,12,7,5
RED RIVER COUNTY,387,36 Years,124,59,65,98,46,52,13,5,8,0,0,0,13,8,5
RED RIVER COUNTY,387,37 Years,108,62,46,80,47,33,16,7,9,2,2,0,10,6,4
RED RIVER COUNTY,387,38 Years,115,56,59,86,43,43,20,9,11,1,0,1,8,4,4
RED RIVER COUNTY,387,39 Years,110,51,59,83,38,45,15,8,7,0,0,0,12,5,7
RED RIVER COUNTY,387,40 Years,122,60,62,88,42,46,22,14,8,2,0,2,10,4,6
RED RIVER COUNTY,387,41 Years,144,70,74,107,51,56,25,12,13,2,1,1,10,6,4
RED RIVER COUNTY,387,42 Years,163,79,84,121,61,60,32,15,17,3,0,3,7,3,4
RED RIVER COUNTY,387,43 Years,143,64,79,94,44,50,30,11,19,3,2,1,16,7,9
RED RIVER COUNTY,387,44 Years,138,74,64,95,57,38,24,7,17,5,3,2,14,7,7
RED RIVER COUNTY,387,45 Years,157,75,82,104,54,50,31,10,21,6,2,4,16,9,7
RED RIVER COUNTY,387,46 Years,154,67,87,106,49,57,32,11,21,4,1,3,12,6,6
RED RIVER COUNTY,387,47 Years,153,71,82,102,49,53,40,17,23,3,0,3,8,5,3
RED RIVER COUNTY,387,48 Years,149,73,76,111,57,54,27,11,16,4,2,2,7,3,4
RED RIVER COUNTY,387,49 Years,158,80,78,120,59,61,26,12,14,3,2,1,9,7,2
RED RIVER COUNTY,387,50 Years,186,91,95,135,69,66,38,14,24,3,1,2,10,7,3
RED RIVER COUNTY,387,51 Years,175,84,91,123,58,65,35,17,18,6,3,3,11,6,5
RED RIVER COUNTY,387,52 Years,174,85,89,126,62,64,34,15,19,4,2,2,10,6,4
RED RIVER COUNTY,387,53 Years,189,97,92,136,73,63,40,17,23,3,1,2,10,6,4
RED RIVER COUNTY,387,54 Years,203,91,112,141,67,74,48,19,29,5,2,3,9,3,6
RED RIVER COUNTY,387,55 Years,199,88,111,141,67,74,47,17,30,4,1,3,7,3,4
RED RIVER COUNTY,387,56 Years,180,84,96,136,63,73,38,17,21,3,2,1,3,2,1
RED RIVER COUNTY,387,57 Years,182,90,92,143,70,73,30,15,15,5,3,2,4,2,2
RED RIVER COUNTY,387,58 Years,190,103,87,153,80,73,28,17,11,3,2,1,6,4,2
RED RIVER COUNTY,387,59 Years,199,106,93,161,89,72,28,14,14,2,0,2,8,3,5
RED RIVER COUNTY,387,60 Years,186,86,100,145,69,76,30,12,18,2,0,2,9,5,4
RED RIVER COUNTY,387,61 Years,173,79,94,137,63,74,28,10,18,2,2,0,6,4,2
RED RIVER COUNTY,387,62 Years,189,94,95,146,76,70,35,15,20,5,3,2,3,0,3
RED RIVER COUNTY,387,63 Years,173,89,84,139,68,71,28,17,11,3,2,1,3,2,1
RED RIVER COUNTY,387,64 Years,168,90,78,132,67,65,31,20,11,1,0,1,4,3,1
RED RIVER COUNTY,387,65 Years,179,82,97,143,64,79,32,15,17,2,2,0,2,1,1
RED RIVER COUNTY,387,66 Years,197,91,106,160,72,88,30,16,14,4,1,3,3,2,1
RED RIVER COUNTY,387,67 Years,176,79,97,146,63,83,24,13,11,2,1,1,4,2,2
RED RIVER COUNTY,387,68 Years,172,86,86,141,68,73,24,13,11,1,1,0,6,4,2
RED RIVER COUNTY,387,69 Years,185,99,86,158,84,74,21,12,9,3,1,2,3,2,1
RED RIVER COUNTY,387,70 Years,162,84,78,132,71,61,23,10,13,5,2,3,2,1,1
RED RIVER COUNTY,387,71 Years,136,68,68,117,59,58,14,6,8,3,2,1,2,1,1
RED RIVER COUNTY,387,72 Years,157,78,79,133,65,68,20,10,10,2,1,1,2,2,0
RED RIVER COUNTY,387,73 Years,130,64,66,107,53,54,18,10,8,1,0,1,4,1,3
RED RIVER COUNTY,387,74 Years,134,61,73,114,53,61,15,7,8,3,0,3,2,1,1
RED RIVER COUNTY,387,75 Years,129,65,64,112,56,56,14,8,6,1,0,1,2,1,1
RED RIVER COUNTY,387,76 Years,111,51,60,96,42,54,13,8,5,1,1,0,1,0,1
RED RIVER COUNTY,387,77 Years,106,48,58,91,40,51,13,8,5,2,0,2,0,0,0
RED RIVER COUNTY,387,78 Years,99,47,52,81,38,43,14,7,7,2,1,1,2,1,1
RED RIVER COUNTY,387,79 Years,95,44,51,81,37,44,12,5,7,1,1,0,1,1,0
RED RIVER COUNTY,387,80 Years,89,36,53,81,32,49,6,2,4,0,0,0,2,2,0
RED RIVER COUNTY,387,81 Years,75,30,45,65,27,38,9,2,7,0,0,0,1,1,0
RED RIVER COUNTY,387,82 Years,65,29,36,55,25,30,10,4,6,0,0,0,0,0,0
RED RIVER COUNTY,387,83 Years,65,22,43,57,19,38,6,3,3,1,0,1,1,0,1
RED RIVER COUNTY,387,84 Years,56,18,38,48,15,33,8,3,5,0,0,0,0,0,0
RED RIVER COUNTY,387,85 Years +,346,121,225,288,102,186,48,17,31,4,1,3,6,1,5
REEVES COUNTY,389,All Ages,13893,8330,5563,2615,1734,881,656,561,95,192,116,76,10430,5919,4511
REEVES COUNTY,389,< 1 Year,173,86,87,15,7,8,3,2,1,2,1,1,153,76,77
REEVES COUNTY,389,1 Years,162,83,79,14,7,7,2,1,1,2,1,1,144,74,70
REEVES COUNTY,389,2 Years,157,81,76,15,8,7,2,1,1,2,1,1,138,71,67
REEVES COUNTY,389,3 Years,158,84,74,13,8,5,1,1,0,3,2,1,141,73,68
REEVES COUNTY,389,4 Years,176,95,81,13,7,6,1,1,0,3,2,1,159,85,74
REEVES COUNTY,389,5 Years,200,102,98,19,7,12,2,1,1,3,2,1,176,92,84
REEVES COUNTY,389,6 Years,190,94,96,20,9,11,3,2,1,4,3,1,163,80,83
REEVES COUNTY,389,7 Years,159,83,76,16,8,8,1,1,0,4,3,1,138,71,67
REEVES COUNTY,389,8 Years,141,77,64,16,6,10,0,0,0,2,2,0,123,69,54
REEVES COUNTY,389,9 Years,166,93,73,16,6,10,2,2,0,1,1,0,147,84,63
REEVES COUNTY,389,10 Years,174,102,72,17,8,9,2,1,1,5,4,1,150,89,61
REEVES COUNTY,389,11 Years,175,100,75,19,9,10,1,0,1,7,6,1,148,85,63
REEVES COUNTY,389,12 Years,171,95,76,21,11,10,3,2,1,3,3,0,144,79,65
REEVES COUNTY,389,13 Years,164,86,78,10,5,5,2,1,1,2,1,1,150,79,71
REEVES COUNTY,389,14 Years,159,79,80,16,5,11,3,2,1,3,1,2,137,71,66
REEVES COUNTY,389,15 Years,156,83,73,13,7,6,5,3,2,3,2,1,135,71,64
REEVES COUNTY,389,16 Years,167,81,86,13,7,6,4,0,4,2,1,1,148,73,75
REEVES COUNTY,389,17 Years,206,119,87,19,12,7,3,1,2,2,2,0,182,104,78
REEVES COUNTY,389,18 Years,204,103,101,19,12,7,3,1,2,2,1,1,180,89,91
REEVES COUNTY,389,19 Years,235,132,103,35,25,10,8,8,0,2,1,1,190,98,92
REEVES COUNTY,389,20 Years,279,191,88,57,50,7,24,23,1,3,2,1,195,116,79
REEVES COUNTY,389,21 Years,191,117,74,24,18,6,12,11,1,5,3,2,150,85,65
REEVES COUNTY,389,22 Years,179,116,63,21,15,6,8,6,2,4,2,2,146,93,53
REEVES COUNTY,389,23 Years,273,214,59,53,48,5,40,39,1,5,3,2,175,124,51
REEVES COUNTY,389,24 Years,373,313,60,86,81,5,44,43,1,6,5,1,237,184,53
REEVES COUNTY,389,25 Years,230,168,62,56,45,11,11,11,0,3,3,0,160,109,51
REEVES COUNTY,389,26 Years,202,137,65,43,36,7,18,18,0,1,0,1,140,83,57
REEVES COUNTY,389,27 Years,157,86,71,29,16,13,10,9,1,1,1,0,117,60,57
REEVES COUNTY,389,28 Years,217,147,70,46,40,6,12,10,2,5,2,3,154,95,59
REEVES COUNTY,389,29 Years,164,103,61,21,9,12,9,8,1,4,2,2,130,84,46
REEVES COUNTY,389,30 Years,135,78,57,18,11,7,3,1,2,0,0,0,114,66,48
REEVES COUNTY,389,31 Years,396,330,66,109,98,11,50,49,1,8,8,0,229,175,54
REEVES COUNTY,389,32 Years,152,87,65,25,17,8,11,10,1,1,1,0,115,59,56
REEVES COUNTY,389,33 Years,303,243,60,70,58,12,39,38,1,3,3,0,191,144,47
REEVES COUNTY,389,34 Years,128,61,67,17,10,7,5,1,4,0,0,0,106,50,56
REEVES COUNTY,389,35 Years,183,129,54,31,25,6,12,11,1,2,1,1,138,92,46
REEVES COUNTY,389,36 Years,203,136,67,38,32,6,18,16,2,2,1,1,145,87,58
REEVES COUNTY,389,37 Years,280,227,53,67,63,4,25,24,1,0,0,0,188,140,48
REEVES COUNTY,389,38 Years,286,222,64,70,66,4,29,28,1,3,3,0,184,125,59
REEVES COUNTY,389,39 Years,151,100,51,28,22,6,8,7,1,3,1,2,112,70,42
REEVES COUNTY,389,40 Years,144,71,73,15,12,3,9,7,2,3,1,2,117,51,66
REEVES COUNTY,389,41 Years,222,163,59,36,28,8,16,15,1,2,1,1,168,119,49
REEVES COUNTY,389,42 Years,199,140,59,34,25,9,18,16,2,4,3,1,143,96,47
REEVES COUNTY,389,43 Years,182,119,63,26,21,5,8,6,2,1,0,1,147,92,55
REEVES COUNTY,389,44 Years,150,96,54,30,24,6,7,7,0,4,1,3,109,64,45
REEVES COUNTY,389,45 Years,116,59,57,23,14,9,0,0,0,1,0,1,92,45,47
REEVES COUNTY,389,46 Years,193,124,69,51,44,7,16,15,1,0,0,0,126,65,61
REEVES COUNTY,389,47 Years,177,115,62,37,26,11,10,9,1,5,3,2,125,77,48
REEVES COUNTY,389,48 Years,228,150,78,61,44,17,13,11,2,3,1,2,151,94,57
REEVES COUNTY,389,49 Years,303,215,88,74,59,15,23,22,1,6,2,4,200,132,68
REEVES COUNTY,389,50 Years,167,84,83,22,8,14,0,0,0,2,0,2,143,76,67
REEVES COUNTY,389,51 Years,187,121,66,49,33,16,10,9,1,2,1,1,126,78,48
REEVES COUNTY,389,52 Years,185,126,59,42,34,8,10,8,2,2,1,1,131,83,48
REEVES COUNTY,389,53 Years,155,85,70,36,20,16,10,8,2,2,1,1,107,56,51
REEVES COUNTY,389,54 Years,131,65,66,30,18,12,2,1,1,2,1,1,97,45,52
REEVES COUNTY,389,55 Years,145,66,79,33,14,19,4,2,2,3,2,1,105,48,57
REEVES COUNTY,389,56 Years,200,129,71,52,33,19,8,6,2,7,5,2,133,85,48
REEVES COUNTY,389,57 Years,173,90,83,39,25,14,4,2,2,4,2,2,126,61,65
REEVES COUNTY,389,58 Years,153,80,73,36,20,16,8,5,3,3,2,1,106,53,53
REEVES COUNTY,389,59 Years,134,73,61,30,17,13,6,4,2,0,0,0,98,52,46
REEVES COUNTY,389,60 Years,133,76,57,28,17,11,2,0,2,1,1,0,102,58,44
REEVES COUNTY,389,61 Years,124,66,58,34,20,14,0,0,0,1,1,0,89,45,44
REEVES COUNTY,389,62 Years,126,60,66,26,14,12,2,2,0,0,0,0,98,44,54
REEVES COUNTY,389,63 Years,117,55,62,25,10,15,3,1,2,2,1,1,87,43,44
REEVES COUNTY,389,64 Years,113,55,58,21,10,11,1,1,0,1,1,0,90,43,47
REEVES COUNTY,389,65 Years,107,50,57,21,11,10,2,2,0,2,1,1,82,36,46
REEVES COUNTY,389,66 Years,117,50,67,26,14,12,1,1,0,1,0,1,89,35,54
REEVES COUNTY,389,67 Years,109,53,56,26,14,12,3,3,0,0,0,0,80,36,44
REEVES COUNTY,389,68 Years,84,39,45,19,9,10,0,0,0,0,0,0,65,30,35
REEVES COUNTY,389,69 Years,104,50,54,30,12,18,0,0,0,3,1,2,71,37,34
REEVES COUNTY,389,70 Years,94,46,48,20,10,10,0,0,0,2,0,2,72,36,36
REEVES COUNTY,389,71 Years,73,34,39,23,10,13,1,0,1,0,0,0,49,24,25
REEVES COUNTY,389,72 Years,91,37,54,25,9,16,1,0,1,0,0,0,65,28,37
REEVES COUNTY,389,73 Years,88,38,50,22,9,13,1,0,1,3,0,3,62,29,33
REEVES COUNTY,389,74 Years,70,32,38,23,12,11,0,0,0,1,0,1,46,20,26
REEVES COUNTY,389,75 Years,74,32,42,20,8,12,0,0,0,1,1,0,53,23,30
REEVES COUNTY,389,76 Years,72,35,37,25,11,14,1,1,0,1,1,0,45,22,23
REEVES COUNTY,389,77 Years,73,34,39,22,11,11,1,0,1,0,0,0,50,23,27
REEVES COUNTY,389,78 Years,66,26,40,18,5,13,2,0,2,0,0,0,46,21,25
REEVES COUNTY,389,79 Years,63,26,37,14,5,9,2,0,2,0,0,0,47,21,26
REEVES COUNTY,389,80 Years,63,32,31,16,8,8,2,1,1,0,0,0,45,23,22
REEVES COUNTY,389,81 Years,58,25,33,17,7,10,0,0,0,1,0,1,40,18,22
REEVES COUNTY,389,82 Years,54,28,26,17,9,8,1,1,0,0,0,0,36,18,18
REEVES COUNTY,389,83 Years,51,18,33,13,7,6,1,0,1,0,0,0,37,11,26
REEVES COUNTY,389,84 Years,38,15,23,10,3,7,1,0,1,0,0,0,27,12,15
REEVES COUNTY,389,85 Years +,212,84,128,70,26,44,7,1,6,0,0,0,135,57,78
REFUGIO COUNTY,391,All Ages,7282,3650,3632,3172,1580,1592,445,242,203,120,67,53,3545,1761,1784
REFUGIO COUNTY,391,< 1 Year,91,50,41,28,15,13,6,4,2,1,1,0,56,30,26
REFUGIO COUNTY,391,1 Years,95,50,45,29,16,13,6,3,3,1,1,0,59,30,29
REFUGIO COUNTY,391,2 Years,91,47,44,27,14,13,6,3,3,1,1,0,57,29,28
REFUGIO COUNTY,391,3 Years,82,42,40,27,12,15,3,2,1,2,1,1,50,27,23
REFUGIO COUNTY,391,4 Years,67,35,32,17,10,7,3,3,0,1,0,1,46,22,24
REFUGIO COUNTY,391,5 Years,92,41,51,22,9,13,6,4,2,2,0,2,62,28,34
REFUGIO COUNTY,391,6 Years,102,53,49,31,17,14,4,2,2,4,3,1,63,31,32
REFUGIO COUNTY,391,7 Years,89,46,43,27,13,14,5,3,2,2,2,0,55,28,27
REFUGIO COUNTY,391,8 Years,87,41,46,31,16,15,6,4,2,2,2,0,48,19,29
REFUGIO COUNTY,391,9 Years,88,46,42,31,17,14,5,4,1,4,3,1,48,22,26
REFUGIO COUNTY,391,10 Years,83,42,41,25,14,11,3,2,1,2,1,1,53,25,28
REFUGIO COUNTY,391,11 Years,86,46,40,30,17,13,5,4,1,2,1,1,49,24,25
REFUGIO COUNTY,391,12 Years,119,58,61,41,20,21,3,3,0,2,1,1,73,34,39
REFUGIO COUNTY,391,13 Years,104,43,61,28,12,16,3,2,1,1,0,1,72,29,43
REFUGIO COUNTY,391,14 Years,102,52,50,30,18,12,7,3,4,0,0,0,65,31,34
REFUGIO COUNTY,391,15 Years,100,55,45,38,21,17,10,7,3,1,0,1,51,27,24
REFUGIO COUNTY,391,16 Years,97,56,41,39,19,20,9,5,4,1,0,1,48,32,16
REFUGIO COUNTY,391,17 Years,98,55,43,36,20,16,8,3,5,3,3,0,51,29,22
REFUGIO COUNTY,391,18 Years,99,54,45,37,22,15,7,4,3,1,1,0,54,27,27
REFUGIO COUNTY,391,19 Years,92,51,41,34,18,16,9,5,4,2,1,1,47,27,20
REFUGIO COUNTY,391,20 Years,112,61,51,38,20,18,7,3,4,3,2,1,64,36,28
REFUGIO COUNTY,391,21 Years,107,58,49,41,21,20,5,3,2,1,1,0,60,33,27
REFUGIO COUNTY,391,22 Years,92,55,37,27,14,13,7,4,3,0,0,0,58,37,21
REFUGIO COUNTY,391,23 Years,102,55,47,32,15,17,7,6,1,3,2,1,60,32,28
REFUGIO COUNTY,391,24 Years,73,36,37,24,13,11,6,3,3,2,1,1,41,19,22
REFUGIO COUNTY,391,25 Years,61,35,26,17,13,4,6,3,3,2,1,1,36,18,18
REFUGIO COUNTY,391,26 Years,73,46,27,32,20,12,6,3,3,1,0,1,34,23,11
REFUGIO COUNTY,391,27 Years,63,27,36,27,14,13,3,0,3,2,2,0,31,11,20
REFUGIO COUNTY,391,28 Years,54,27,27,17,9,8,2,1,1,1,1,0,34,16,18
REFUGIO COUNTY,391,29 Years,57,28,29,20,12,8,4,3,1,1,1,0,32,12,20
REFUGIO COUNTY,391,30 Years,72,41,31,25,14,11,3,3,0,1,1,0,43,23,20
REFUGIO COUNTY,391,31 Years,68,33,35,24,12,12,3,3,0,1,0,1,40,18,22
REFUGIO COUNTY,391,32 Years,70,37,33,21,11,10,7,5,2,0,0,0,42,21,21
REFUGIO COUNTY,391,33 Years,62,29,33,19,9,10,2,1,1,1,1,0,40,18,22
REFUGIO COUNTY,391,34 Years,66,34,32,24,11,13,5,2,3,3,1,2,34,20,14
REFUGIO COUNTY,391,35 Years,71,32,39,29,12,17,6,1,5,1,1,0,35,18,17
REFUGIO COUNTY,391,36 Years,54,24,30,23,12,11,3,1,2,0,0,0,28,11,17
REFUGIO COUNTY,391,37 Years,55,27,28,24,14,10,3,3,0,0,0,0,28,10,18
REFUGIO COUNTY,391,38 Years,61,28,33,23,11,12,4,1,3,2,1,1,32,15,17
REFUGIO COUNTY,391,39 Years,74,33,41,29,13,16,5,2,3,1,1,0,39,17,22
REFUGIO COUNTY,391,40 Years,90,50,40,38,19,19,5,3,2,1,1,0,46,27,19
REFUGIO COUNTY,391,41 Years,75,38,37,29,15,14,2,1,1,1,0,1,43,22,21
REFUGIO COUNTY,391,42 Years,90,45,45,40,22,18,5,3,2,1,0,1,44,20,24
REFUGIO COUNTY,391,43 Years,87,46,41,36,22,14,3,1,2,3,1,2,45,22,23
REFUGIO COUNTY,391,44 Years,89,41,48,33,14,19,3,2,1,3,1,2,50,24,26
REFUGIO COUNTY,391,45 Years,89,38,51,38,18,20,4,2,2,2,1,1,45,17,28
REFUGIO COUNTY,391,46 Years,92,41,51,43,19,24,4,3,1,0,0,0,45,19,26
REFUGIO COUNTY,391,47 Years,85,42,43,38,17,21,5,3,2,1,1,0,41,21,20
REFUGIO COUNTY,391,48 Years,92,47,45,39,20,19,8,6,2,1,0,1,44,21,23
REFUGIO COUNTY,391,49 Years,101,51,50,47,24,23,7,6,1,0,0,0,47,21,26
REFUGIO COUNTY,391,50 Years,106,55,51,52,28,24,7,4,3,3,2,1,44,21,23
REFUGIO COUNTY,391,51 Years,107,53,54,53,24,29,7,3,4,1,0,1,46,26,20
REFUGIO COUNTY,391,52 Years,104,57,47,53,27,26,6,3,3,3,3,0,42,24,18
REFUGIO COUNTY,391,53 Years,104,59,45,49,29,20,11,4,7,4,3,1,40,23,17
REFUGIO COUNTY,391,54 Years,102,56,46,47,26,21,8,4,4,1,1,0,46,25,21
REFUGIO COUNTY,391,55 Years,108,54,54,53,26,27,6,4,2,3,1,2,46,23,23
REFUGIO COUNTY,391,56 Years,107,56,51,64,32,32,5,3,2,0,0,0,38,21,17
REFUGIO COUNTY,391,57 Years,118,59,59,60,28,32,5,2,3,4,2,2,49,27,22
REFUGIO COUNTY,391,58 Years,117,62,55,58,31,27,6,3,3,2,1,1,51,27,24
REFUGIO COUNTY,391,59 Years,99,50,49,52,24,28,8,5,3,0,0,0,39,21,18
REFUGIO COUNTY,391,60 Years,101,61,40,55,33,22,5,3,2,3,2,1,38,23,15
REFUGIO COUNTY,391,61 Years,93,52,41,44,24,20,4,3,1,3,2,1,42,23,19
REFUGIO COUNTY,391,62 Years,85,43,42,42,18,24,4,4,0,2,1,1,37,20,17
REFUGIO COUNTY,391,63 Years,87,42,45,47,21,26,3,2,1,0,0,0,37,19,18
REFUGIO COUNTY,391,64 Years,89,44,45,52,25,27,6,2,4,1,1,0,30,16,14
REFUGIO COUNTY,391,65 Years,109,49,60,58,25,33,7,2,5,2,0,2,42,22,20
REFUGIO COUNTY,391,66 Years,91,35,56,47,16,31,8,3,5,1,0,1,35,16,19
REFUGIO COUNTY,391,67 Years,96,42,54,48,24,24,5,1,4,2,0,2,41,17,24
REFUGIO COUNTY,391,68 Years,90,43,47,44,25,19,9,4,5,1,0,1,36,14,22
REFUGIO COUNTY,391,69 Years,95,47,48,53,24,29,8,4,4,3,1,2,31,18,13
REFUGIO COUNTY,391,70 Years,85,37,48,54,22,32,6,2,4,1,1,0,24,12,12
REFUGIO COUNTY,391,71 Years,70,30,40,38,19,19,4,1,3,1,0,1,27,10,17
REFUGIO COUNTY,391,72 Years,70,35,35,37,19,18,6,3,3,0,0,0,27,13,14
REFUGIO COUNTY,391,73 Years,69,35,34,42,21,21,4,3,1,0,0,0,23,11,12
REFUGIO COUNTY,391,74 Years,79,40,39,49,26,23,3,2,1,0,0,0,27,12,15
REFUGIO COUNTY,391,75 Years,67,33,34,41,21,20,3,0,3,0,0,0,23,12,11
REFUGIO COUNTY,391,76 Years,75,43,32,46,28,18,2,1,1,0,0,0,27,14,13
REFUGIO COUNTY,391,77 Years,65,36,29,41,25,16,2,0,2,0,0,0,22,11,11
REFUGIO COUNTY,391,78 Years,61,25,36,37,16,21,2,0,2,2,1,1,20,8,12
REFUGIO COUNTY,391,79 Years,46,20,26,25,10,15,1,1,0,2,1,1,18,8,10
REFUGIO COUNTY,391,80 Years,42,18,24,21,8,13,3,2,1,1,0,1,17,8,9
REFUGIO COUNTY,391,81 Years,44,14,30,26,8,18,2,1,1,0,0,0,16,5,11
REFUGIO COUNTY,391,82 Years,41,17,24,24,8,16,3,2,1,0,0,0,14,7,7
REFUGIO COUNTY,391,83 Years,34,16,18,21,9,12,4,3,1,0,0,0,9,4,5
REFUGIO COUNTY,391,84 Years,35,15,20,20,8,12,3,2,1,0,0,0,12,5,7
REFUGIO COUNTY,391,85 Years +,190,69,121,114,42,72,15,5,10,0,0,0,61,22,39
ROBERTS COUNTY,393,All Ages,927,477,450,841,428,413,0,0,0,11,6,5,75,43,32
ROBERTS COUNTY,393,< 1 Year,12,7,5,11,6,5,0,0,0,0,0,0,1,1,0
ROBERTS COUNTY,393,1 Years,12,7,5,11,6,5,0,0,0,0,0,0,1,1,0
ROBERTS COUNTY,393,2 Years,12,7,5,11,6,5,0,0,0,0,0,0,1,1,0
ROBERTS COUNTY,393,3 Years,11,7,4,10,6,4,0,0,0,0,0,0,1,1,0
ROBERTS COUNTY,393,4 Years,9,4,5,8,3,5,0,0,0,0,0,0,1,1,0
ROBERTS COUNTY,393,5 Years,16,11,5,12,8,4,0,0,0,0,0,0,4,3,1
ROBERTS COUNTY,393,6 Years,24,16,8,21,13,8,0,0,0,0,0,0,3,3,0
ROBERTS COUNTY,393,7 Years,14,9,5,11,7,4,0,0,0,1,1,0,2,1,1
ROBERTS COUNTY,393,8 Years,11,5,6,9,4,5,0,0,0,0,0,0,2,1,1
ROBERTS COUNTY,393,9 Years,10,4,6,8,3,5,0,0,0,0,0,0,2,1,1
ROBERTS COUNTY,393,10 Years,7,4,3,7,4,3,0,0,0,0,0,0,0,0,0
ROBERTS COUNTY,393,11 Years,10,5,5,9,5,4,0,0,0,0,0,0,1,0,1
ROBERTS COUNTY,393,12 Years,16,9,7,15,8,7,0,0,0,0,0,0,1,1,0
ROBERTS COUNTY,393,13 Years,16,9,7,15,9,6,0,0,0,0,0,0,1,0,1
ROBERTS COUNTY,393,14 Years,14,8,6,13,8,5,0,0,0,0,0,0,1,0,1
ROBERTS COUNTY,393,15 Years,18,10,8,17,10,7,0,0,0,0,0,0,1,0,1
ROBERTS COUNTY,393,16 Years,14,8,6,14,8,6,0,0,0,0,0,0,0,0,0
ROBERTS COUNTY,393,17 Years,13,6,7,13,6,7,0,0,0,0,0,0,0,0,0
ROBERTS COUNTY,393,18 Years,8,3,5,7,3,4,0,0,0,0,0,0,1,0,1
ROBERTS COUNTY,393,19 Years,9,3,6,8,3,5,0,0,0,0,0,0,1,0,1
ROBERTS COUNTY,393,20 Years,8,4,4,5,2,3,0,0,0,1,1,0,2,1,1
ROBERTS COUNTY,393,21 Years,11,5,6,9,3,6,0,0,0,0,0,0,2,2,0
ROBERTS COUNTY,393,22 Years,4,2,2,3,1,2,0,0,0,1,1,0,0,0,0
ROBERTS COUNTY,393,23 Years,7,5,2,7,5,2,0,0,0,0,0,0,0,0,0
ROBERTS COUNTY,393,24 Years,11,4,7,9,4,5,0,0,0,0,0,0,2,0,2
ROBERTS COUNTY,393,25 Years,7,3,4,6,3,3,0,0,0,0,0,0,1,0,1
ROBERTS COUNTY,393,26 Years,10,5,5,9,4,5,0,0,0,0,0,0,1,1,0
ROBERTS COUNTY,393,27 Years,8,2,6,5,1,4,0,0,0,0,0,0,3,1,2
ROBERTS COUNTY,393,28 Years,10,3,7,8,3,5,0,0,0,0,0,0,2,0,2
ROBERTS COUNTY,393,29 Years,10,5,5,9,5,4,0,0,0,0,0,0,1,0,1
ROBERTS COUNTY,393,30 Years,12,6,6,12,6,6,0,0,0,0,0,0,0,0,0
ROBERTS COUNTY,393,31 Years,14,6,8,12,5,7,0,0,0,0,0,0,2,1,1
ROBERTS COUNTY,393,32 Years,15,8,7,13,6,7,0,0,0,0,0,0,2,2,0
ROBERTS COUNTY,393,33 Years,11,5,6,10,4,6,0,0,0,1,1,0,0,0,0
ROBERTS COUNTY,393,34 Years,12,9,3,11,8,3,0,0,0,0,0,0,1,1,0
ROBERTS COUNTY,393,35 Years,11,7,4,10,6,4,0,0,0,0,0,0,1,1,0
ROBERTS COUNTY,393,36 Years,7,5,2,7,5,2,0,0,0,0,0,0,0,0,0
ROBERTS COUNTY,393,37 Years,6,2,4,6,2,4,0,0,0,0,0,0,0,0,0
ROBERTS COUNTY,393,38 Years,8,2,6,7,1,6,0,0,0,0,0,0,1,1,0
ROBERTS COUNTY,393,39 Years,4,1,3,4,1,3,0,0,0,0,0,0,0,0,0
ROBERTS COUNTY,393,40 Years,6,4,2,6,4,2,0,0,0,0,0,0,0,0,0
ROBERTS COUNTY,393,41 Years,7,3,4,6,3,3,0,0,0,0,0,0,1,0,1
ROBERTS COUNTY,393,42 Years,10,4,6,8,3,5,0,0,0,0,0,0,2,1,1
ROBERTS COUNTY,393,43 Years,13,5,8,12,4,8,0,0,0,0,0,0,1,1,0
ROBERTS COUNTY,393,44 Years,13,4,9,11,3,8,0,0,0,0,0,0,2,1,1
ROBERTS COUNTY,393,45 Years,11,6,5,9,5,4,0,0,0,0,0,0,2,1,1
ROBERTS COUNTY,393,46 Years,15,10,5,14,9,5,0,0,0,0,0,0,1,1,0
ROBERTS COUNTY,393,47 Years,11,8,3,11,8,3,0,0,0,0,0,0,0,0,0
ROBERTS COUNTY,393,48 Years,12,9,3,11,8,3,0,0,0,0,0,0,1,1,0
ROBERTS COUNTY,393,49 Years,13,6,7,12,6,6,0,0,0,0,0,0,1,0,1
ROBERTS COUNTY,393,50 Years,13,7,6,11,6,5,0,0,0,0,0,0,2,1,1
ROBERTS COUNTY,393,51 Years,16,10,6,15,9,6,0,0,0,0,0,0,1,1,0
ROBERTS COUNTY,393,52 Years,13,9,4,12,8,4,0,0,0,0,0,0,1,1,0
ROBERTS COUNTY,393,53 Years,16,6,10,14,6,8,0,0,0,0,0,0,2,0,2
ROBERTS COUNTY,393,54 Years,16,8,8,15,8,7,0,0,0,1,0,1,0,0,0
ROBERTS COUNTY,393,55 Years,11,5,6,10,5,5,0,0,0,1,0,1,0,0,0
ROBERTS COUNTY,393,56 Years,14,6,8,13,5,8,0,0,0,0,0,0,1,1,0
ROBERTS COUNTY,393,57 Years,10,4,6,10,4,6,0,0,0,0,0,0,0,0,0
ROBERTS COUNTY,393,58 Years,11,6,5,10,5,5,0,0,0,0,0,0,1,1,0
ROBERTS COUNTY,393,59 Years,17,8,9,16,7,9,0,0,0,0,0,0,1,1,0
ROBERTS COUNTY,393,60 Years,13,8,5,12,8,4,0,0,0,1,0,1,0,0,0
ROBERTS COUNTY,393,61 Years,14,7,7,12,7,5,0,0,0,1,0,1,1,0,1
ROBERTS COUNTY,393,62 Years,12,5,7,11,5,6,0,0,0,0,0,0,1,0,1
ROBERTS COUNTY,393,63 Years,10,6,4,9,5,4,0,0,0,1,1,0,0,0,0
ROBERTS COUNTY,393,64 Years,10,5,5,8,4,4,0,0,0,1,1,0,1,0,1
ROBERTS COUNTY,393,65 Years,13,7,6,13,7,6,0,0,0,0,0,0,0,0,0
ROBERTS COUNTY,393,66 Years,14,10,4,13,9,4,0,0,0,0,0,0,1,1,0
ROBERTS COUNTY,393,67 Years,10,5,5,10,5,5,0,0,0,0,0,0,0,0,0
ROBERTS COUNTY,393,68 Years,12,6,6,11,5,6,0,0,0,0,0,0,1,1,0
ROBERTS COUNTY,393,69 Years,16,8,8,15,7,8,0,0,0,0,0,0,1,1,0
ROBERTS COUNTY,393,70 Years,12,6,6,11,5,6,0,0,0,0,0,0,1,1,0
ROBERTS COUNTY,393,71 Years,11,6,5,10,5,5,0,0,0,0,0,0,1,1,0
ROBERTS COUNTY,393,72 Years,10,7,3,10,7,3,0,0,0,0,0,0,0,0,0
ROBERTS COUNTY,393,73 Years,6,3,3,6,3,3,0,0,0,0,0,0,0,0,0
ROBERTS COUNTY,393,74 Years,5,1,4,5,1,4,0,0,0,0,0,0,0,0,0
ROBERTS COUNTY,393,75 Years,10,5,5,10,5,5,0,0,0,0,0,0,0,0,0
ROBERTS COUNTY,393,76 Years,7,2,5,7,2,5,0,0,0,0,0,0,0,0,0
ROBERTS COUNTY,393,77 Years,5,2,3,5,2,3,0,0,0,0,0,0,0,0,0
ROBERTS COUNTY,393,78 Years,7,5,2,7,5,2,0,0,0,0,0,0,0,0,0
ROBERTS COUNTY,393,79 Years,5,3,2,5,3,2,0,0,0,0,0,0,0,0,0
ROBERTS COUNTY,393,80 Years,3,1,2,2,1,1,0,0,0,1,0,1,0,0,0
ROBERTS COUNTY,393,81 Years,2,2,0,2,2,0,0,0,0,0,0,0,0,0,0
ROBERTS COUNTY,393,82 Years,5,2,3,5,2,3,0,0,0,0,0,0,0,0,0
ROBERTS COUNTY,393,83 Years,5,1,4,5,1,4,0,0,0,0,0,0,0,0,0
ROBERTS COUNTY,393,84 Years,4,1,3,4,1,3,0,0,0,0,0,0,0,0,0
ROBERTS COUNTY,393,85 Years +,16,4,12,15,4,11,0,0,0,0,0,0,1,0,1
ROBERTSON COUNTY,395,All Ages,16966,8423,8543,9776,4897,4879,3605,1696,1909,311,160,151,3274,1670,1604
ROBERTSON COUNTY,395,< 1 Year,204,104,100,94,49,45,50,25,25,4,2,2,56,28,28
ROBERTSON COUNTY,395,1 Years,202,103,99,96,49,47,46,23,23,4,2,2,56,29,27
ROBERTSON COUNTY,395,2 Years,196,101,95,93,48,45,45,23,22,3,2,1,55,28,27
ROBERTSON COUNTY,395,3 Years,214,111,103,90,48,42,46,24,22,6,4,2,72,35,37
ROBERTSON COUNTY,395,4 Years,211,102,109,86,40,46,45,21,24,9,7,2,71,34,37
ROBERTSON COUNTY,395,5 Years,245,124,121,107,60,47,53,22,31,11,6,5,74,36,38
ROBERTSON COUNTY,395,6 Years,241,118,123,118,57,61,52,24,28,5,3,2,66,34,32
ROBERTSON COUNTY,395,7 Years,248,133,115,114,64,50,52,24,28,4,3,1,78,42,36
ROBERTSON COUNTY,395,8 Years,218,117,101,97,52,45,48,27,21,6,2,4,67,36,31
ROBERTSON COUNTY,395,9 Years,214,112,102,98,58,40,49,24,25,4,1,3,63,29,34
ROBERTSON COUNTY,395,10 Years,209,108,101,96,57,39,42,17,25,3,1,2,68,33,35
ROBERTSON COUNTY,395,11 Years,212,104,108,91,46,45,52,25,27,4,1,3,65,32,33
ROBERTSON COUNTY,395,12 Years,240,116,124,111,52,59,60,33,27,9,4,5,60,27,33
ROBERTSON COUNTY,395,13 Years,261,139,122,129,69,60,58,31,27,9,5,4,65,34,31
ROBERTSON COUNTY,395,14 Years,235,130,105,113,65,48,56,32,24,5,1,4,61,32,29
ROBERTSON COUNTY,395,15 Years,236,115,121,104,56,48,59,28,31,8,3,5,65,28,37
ROBERTSON COUNTY,395,16 Years,237,126,111,113,66,47,56,31,25,7,2,5,61,27,34
ROBERTSON COUNTY,395,17 Years,235,133,102,114,69,45,60,33,27,5,3,2,56,28,28
ROBERTSON COUNTY,395,18 Years,243,141,102,104,61,43,71,43,28,6,4,2,62,33,29
ROBERTSON COUNTY,395,19 Years,243,134,109,104,57,47,76,42,34,7,4,3,56,31,25
ROBERTSON COUNTY,395,20 Years,231,122,109,107,60,47,66,29,37,5,3,2,53,30,23
ROBERTSON COUNTY,395,21 Years,223,117,106,99,56,43,68,35,33,5,4,1,51,22,29
ROBERTSON COUNTY,395,22 Years,201,103,98,88,45,43,59,28,31,3,2,1,51,28,23
ROBERTSON COUNTY,395,23 Years,200,94,106,76,40,36,64,25,39,2,2,0,58,27,31
ROBERTSON COUNTY,395,24 Years,179,86,93,78,41,37,56,22,34,3,2,1,42,21,21
ROBERTSON COUNTY,395,25 Years,177,87,90,84,39,45,42,18,24,2,1,1,49,29,20
ROBERTSON COUNTY,395,26 Years,170,87,83,78,42,36,47,23,24,3,2,1,42,20,22
ROBERTSON COUNTY,395,27 Years,166,76,90,80,41,39,42,19,23,4,2,2,40,14,26
ROBERTSON COUNTY,395,28 Years,188,95,93,91,49,42,38,18,20,5,1,4,54,27,27
ROBERTSON COUNTY,395,29 Years,180,91,89,86,47,39,36,19,17,2,0,2,56,25,31
ROBERTSON COUNTY,395,30 Years,192,88,104,87,40,47,45,23,22,1,0,1,59,25,34
ROBERTSON COUNTY,395,31 Years,189,97,92,105,52,53,34,21,13,3,2,1,47,22,25
ROBERTSON COUNTY,395,32 Years,172,93,79,92,50,42,31,18,13,2,1,1,47,24,23
ROBERTSON COUNTY,395,33 Years,204,112,92,109,60,49,39,19,20,3,1,2,53,32,21
ROBERTSON COUNTY,395,34 Years,193,105,88,99,56,43,33,17,16,4,2,2,57,30,27
ROBERTSON COUNTY,395,35 Years,191,92,99,100,48,52,40,18,22,3,2,1,48,24,24
ROBERTSON COUNTY,395,36 Years,181,91,90,97,50,47,35,17,18,4,2,2,45,22,23
ROBERTSON COUNTY,395,37 Years,169,84,85,85,42,43,40,19,21,3,1,2,41,22,19
ROBERTSON COUNTY,395,38 Years,184,82,102,93,39,54,51,23,28,1,1,0,39,19,20
ROBERTSON COUNTY,395,39 Years,165,81,84,84,42,42,37,15,22,2,2,0,42,22,20
ROBERTSON COUNTY,395,40 Years,167,85,82,92,53,39,34,10,24,2,2,0,39,20,19
ROBERTSON COUNTY,395,41 Years,189,93,96,112,53,59,37,17,20,3,2,1,37,21,16
ROBERTSON COUNTY,395,42 Years,204,84,120,121,48,73,38,13,25,5,2,3,40,21,19
ROBERTSON COUNTY,395,43 Years,191,91,100,115,58,57,37,9,28,6,3,3,33,21,12
ROBERTSON COUNTY,395,44 Years,202,95,107,119,60,59,45,17,28,3,2,1,35,16,19
ROBERTSON COUNTY,395,45 Years,214,97,117,126,58,68,45,20,25,3,1,2,40,18,22
ROBERTSON COUNTY,395,46 Years,222,105,117,123,51,72,56,31,25,4,2,2,39,21,18
ROBERTSON COUNTY,395,47 Years,224,107,117,136,59,77,50,28,22,4,2,2,34,18,16
ROBERTSON COUNTY,395,48 Years,225,117,108,136,72,64,48,25,23,3,1,2,38,19,19
ROBERTSON COUNTY,395,49 Years,232,125,107,145,76,69,49,28,21,5,3,2,33,18,15
ROBERTSON COUNTY,395,50 Years,227,122,105,155,81,74,47,28,19,2,1,1,23,12,11
ROBERTSON COUNTY,395,51 Years,230,111,119,149,71,78,46,19,27,4,2,2,31,19,12
ROBERTSON COUNTY,395,52 Years,219,115,104,130,67,63,47,21,26,6,3,3,36,24,12
ROBERTSON COUNTY,395,53 Years,256,137,119,153,84,69,59,25,34,5,2,3,39,26,13
ROBERTSON COUNTY,395,54 Years,260,125,135,175,84,91,49,21,28,4,2,2,32,18,14
ROBERTSON COUNTY,395,55 Years,252,119,133,159,77,82,59,26,33,6,1,5,28,15,13
ROBERTSON COUNTY,395,56 Years,260,133,127,166,88,78,61,28,33,4,1,3,29,16,13
ROBERTSON COUNTY,395,57 Years,246,133,113,162,87,75,49,26,23,8,6,2,27,14,13
ROBERTSON COUNTY,395,58 Years,237,113,124,169,81,88,40,17,23,7,5,2,21,10,11
ROBERTSON COUNTY,395,59 Years,257,129,128,178,89,89,41,17,24,5,2,3,33,21,12
ROBERTSON COUNTY,395,60 Years,244,114,130,167,76,91,44,19,25,4,2,2,29,17,12
ROBERTSON COUNTY,395,61 Years,206,102,104,142,68,74,42,23,19,3,1,2,19,10,9
ROBERTSON COUNTY,395,62 Years,211,106,105,150,69,81,41,25,16,2,0,2,18,12,6
ROBERTSON COUNTY,395,63 Years,217,106,111,151,72,79,40,20,20,3,1,2,23,13,10
ROBERTSON COUNTY,395,64 Years,231,110,121,162,75,87,42,20,22,2,1,1,25,14,11
ROBERTSON COUNTY,395,65 Years,222,114,108,159,84,75,41,18,23,3,3,0,19,9,10
ROBERTSON COUNTY,395,66 Years,222,117,105,164,89,75,37,15,22,2,2,0,19,11,8
ROBERTSON COUNTY,395,67 Years,186,96,90,130,68,62,36,16,20,1,1,0,19,11,8
ROBERTSON COUNTY,395,68 Years,149,70,79,112,53,59,19,6,13,2,2,0,16,9,7
ROBERTSON COUNTY,395,69 Years,171,83,88,128,68,60,29,10,19,1,0,1,13,5,8
ROBERTSON COUNTY,395,70 Years,165,75,90,124,59,65,26,10,16,2,1,1,13,5,8
ROBERTSON COUNTY,395,71 Years,169,79,90,120,56,64,29,12,17,2,1,1,18,10,8
ROBERTSON COUNTY,395,72 Years,146,64,82,112,49,63,21,7,14,3,2,1,10,6,4
ROBERTSON COUNTY,395,73 Years,138,59,79,111,49,62,17,7,10,2,1,1,8,2,6
ROBERTSON COUNTY,395,74 Years,140,64,76,111,51,60,21,9,12,1,0,1,7,4,3
ROBERTSON COUNTY,395,75 Years,133,67,66,96,47,49,22,11,11,2,1,1,13,8,5
ROBERTSON COUNTY,395,76 Years,132,69,63,98,52,46,17,10,7,1,0,1,16,7,9
ROBERTSON COUNTY,395,77 Years,118,51,67,93,42,51,13,4,9,1,1,0,11,4,7
ROBERTSON COUNTY,395,78 Years,99,44,55,77,34,43,17,7,10,1,1,0,4,2,2
ROBERTSON COUNTY,395,79 Years,89,43,46,67,37,30,18,5,13,0,0,0,4,1,3
ROBERTSON COUNTY,395,80 Years,93,46,47,72,38,34,11,5,6,1,0,1,9,3,6
ROBERTSON COUNTY,395,81 Years,76,32,44,62,26,36,10,5,5,0,0,0,4,1,3
ROBERTSON COUNTY,395,82 Years,73,30,43,57,23,34,9,4,5,0,0,0,7,3,4
ROBERTSON COUNTY,395,83 Years,71,26,45,55,21,34,10,2,8,0,0,0,6,3,3
ROBERTSON COUNTY,395,84 Years,68,30,38,53,24,29,10,4,6,0,0,0,5,2,3
ROBERTSON COUNTY,395,85 Years +,384,136,248,292,108,184,67,18,49,4,1,3,21,9,12
ROCKWALL COUNTY,397,All Ages,85050,41754,43296,61673,30118,31555,5049,2470,2579,4039,1932,2107,14289,7234,7055
ROCKWALL COUNTY,397,< 1 Year,907,462,445,613,313,300,51,26,25,54,28,26,189,95,94
ROCKWALL COUNTY,397,1 Years,882,450,432,612,312,300,52,27,25,42,21,21,176,90,86
ROCKWALL COUNTY,397,2 Years,892,453,439,625,317,308,48,25,23,42,21,21,177,90,87
ROCKWALL COUNTY,397,3 Years,989,490,499,635,315,320,55,29,26,53,24,29,246,122,124
ROCKWALL COUNTY,397,4 Years,1116,571,545,721,375,346,63,29,34,73,42,31,259,125,134
ROCKWALL COUNTY,397,5 Years,1219,623,596,785,410,375,67,33,34,84,46,38,283,134,149
ROCKWALL COUNTY,397,6 Years,1288,653,635,824,421,403,70,38,32,86,43,43,308,151,157
ROCKWALL COUNTY,397,7 Years,1354,696,658,883,457,426,76,41,35,84,43,41,311,155,156
ROCKWALL COUNTY,397,8 Years,1439,722,717,962,487,475,82,36,46,84,41,43,311,158,153
ROCKWALL COUNTY,397,9 Years,1486,750,736,986,494,492,88,39,49,92,44,48,320,173,147
ROCKWALL COUNTY,397,10 Years,1451,730,721,956,472,484,96,46,50,87,44,43,312,168,144
ROCKWALL COUNTY,397,11 Years,1468,760,708,939,472,467,103,52,51,88,52,36,338,184,154
ROCKWALL COUNTY,397,12 Years,1562,802,760,1019,518,501,99,51,48,94,47,47,350,186,164
ROCKWALL COUNTY,397,13 Years,1618,808,810,1063,525,538,96,45,51,91,47,44,368,191,177
ROCKWALL COUNTY,397,14 Years,1640,811,829,1076,523,553,97,48,49,96,45,51,371,195,176
ROCKWALL COUNTY,397,15 Years,1645,839,806,1087,557,530,103,56,47,97,44,53,358,182,176
ROCKWALL COUNTY,397,16 Years,1569,797,772,1051,535,516,114,58,56,79,38,41,325,166,159
ROCKWALL COUNTY,397,17 Years,1601,810,791,1068,534,534,126,64,62,88,48,40,319,164,155
ROCKWALL COUNTY,397,18 Years,1485,762,723,957,482,475,122,61,61,78,45,33,328,174,154
ROCKWALL COUNTY,397,19 Years,1243,654,589,780,397,383,105,57,48,67,41,26,291,159,132
ROCKWALL COUNTY,397,20 Years,1164,606,558,725,370,355,105,56,49,62,38,24,272,142,130
ROCKWALL COUNTY,397,21 Years,1026,547,479,636,345,291,77,39,38,64,31,33,249,132,117
ROCKWALL COUNTY,397,22 Years,786,418,368,456,234,222,68,37,31,42,20,22,220,127,93
ROCKWALL COUNTY,397,23 Years,741,397,344,436,241,195,68,32,36,40,23,17,197,101,96
ROCKWALL COUNTY,397,24 Years,679,365,314,425,226,199,48,25,23,40,24,16,166,90,76
ROCKWALL COUNTY,397,25 Years,633,337,296,395,210,185,40,21,19,40,20,20,158,86,72
ROCKWALL COUNTY,397,26 Years,643,333,310,417,211,206,35,20,15,34,13,21,157,89,68
ROCKWALL COUNTY,397,27 Years,682,330,352,448,204,244,28,15,13,38,18,20,168,93,75
ROCKWALL COUNTY,397,28 Years,749,367,382,513,246,267,37,17,20,35,18,17,164,86,78
ROCKWALL COUNTY,397,29 Years,810,406,404,558,285,273,38,14,24,39,19,20,175,88,87
ROCKWALL COUNTY,397,30 Years,905,425,480,628,297,331,41,18,23,43,20,23,193,90,103
ROCKWALL COUNTY,397,31 Years,966,468,498,684,334,350,43,22,21,40,17,23,199,95,104
ROCKWALL COUNTY,397,32 Years,1039,511,528,724,363,361,44,22,22,43,20,23,228,106,122
ROCKWALL COUNTY,397,33 Years,1085,521,564,757,361,396,61,32,29,38,17,21,229,111,118
ROCKWALL COUNTY,397,34 Years,1120,548,572,764,368,396,68,34,34,35,18,17,253,128,125
ROCKWALL COUNTY,397,35 Years,1151,529,622,782,360,422,65,27,38,47,21,26,257,121,136
ROCKWALL COUNTY,397,36 Years,1132,525,607,759,349,410,69,32,37,59,25,34,245,119,126
ROCKWALL COUNTY,397,37 Years,1190,547,643,807,368,439,80,30,50,57,24,33,246,125,121
ROCKWALL COUNTY,397,38 Years,1206,559,647,823,383,440,73,30,43,66,27,39,244,119,125
ROCKWALL COUNTY,397,39 Years,1243,585,658,855,406,449,76,35,41,65,22,43,247,122,125
ROCKWALL COUNTY,397,40 Years,1226,595,631,854,418,436,80,39,41,54,24,30,238,114,124
ROCKWALL COUNTY,397,41 Years,1297,610,687,901,427,474,97,42,55,60,30,30,239,111,128
ROCKWALL COUNTY,397,42 Years,1425,681,744,1003,484,519,115,53,62,68,34,34,239,110,129
ROCKWALL COUNTY,397,43 Years,1431,697,734,1039,513,526,99,48,51,62,31,31,231,105,126
ROCKWALL COUNTY,397,44 Years,1399,675,724,998,485,513,102,47,55,68,31,37,231,112,119
ROCKWALL COUNTY,397,45 Years,1399,698,701,1019,511,508,91,45,46,68,31,37,221,111,110
ROCKWALL COUNTY,397,46 Years,1341,697,644,986,513,473,95,51,44,70,31,39,190,102,88
ROCKWALL COUNTY,397,47 Years,1336,697,639,985,518,467,106,52,54,62,30,32,183,97,86
ROCKWALL COUNTY,397,48 Years,1403,711,692,1070,543,527,107,49,58,50,27,23,176,92,84
ROCKWALL COUNTY,397,49 Years,1429,704,725,1102,532,570,97,51,46,55,26,29,175,95,80
ROCKWALL COUNTY,397,50 Years,1381,674,707,1077,526,551,89,43,46,43,17,26,172,88,84
ROCKWALL COUNTY,397,51 Years,1339,659,680,1056,520,536,83,44,39,47,21,26,153,74,79
ROCKWALL COUNTY,397,52 Years,1376,681,695,1077,532,545,97,56,41,42,19,23,160,74,86
ROCKWALL COUNTY,397,53 Years,1307,643,664,1042,508,534,77,41,36,40,19,21,148,75,73
ROCKWALL COUNTY,397,54 Years,1200,585,615,962,464,498,70,37,33,47,19,28,121,65,56
ROCKWALL COUNTY,397,55 Years,1172,561,611,958,462,496,64,30,34,50,19,31,100,50,50
ROCKWALL COUNTY,397,56 Years,1153,534,619,935,435,500,66,34,32,41,19,22,111,46,65
ROCKWALL COUNTY,397,57 Years,1130,557,573,933,450,483,61,32,29,40,22,18,96,53,43
ROCKWALL COUNTY,397,58 Years,1059,504,555,887,418,469,47,20,27,44,19,25,81,47,34
ROCKWALL COUNTY,397,59 Years,949,456,493,799,391,408,43,17,26,38,11,27,69,37,32
ROCKWALL COUNTY,397,60 Years,924,442,482,777,379,398,43,23,20,43,16,27,61,24,37
ROCKWALL COUNTY,397,61 Years,905,461,444,757,390,367,45,20,25,39,17,22,64,34,30
ROCKWALL COUNTY,397,62 Years,819,404,415,687,338,349,41,21,20,36,14,22,55,31,24
ROCKWALL COUNTY,397,63 Years,786,379,407,669,316,353,35,20,15,33,13,20,49,30,19
ROCKWALL COUNTY,397,64 Years,774,369,405,665,309,356,30,16,14,33,18,15,46,26,20
ROCKWALL COUNTY,397,65 Years,753,353,400,639,297,342,33,17,16,35,17,18,46,22,24
ROCKWALL COUNTY,397,66 Years,748,352,396,646,308,338,26,10,16,30,11,19,46,23,23
ROCKWALL COUNTY,397,67 Years,596,285,311,510,248,262,20,10,10,19,6,13,47,21,26
ROCKWALL COUNTY,397,68 Years,591,259,332,512,230,282,27,10,17,14,4,10,38,15,23
ROCKWALL COUNTY,397,69 Years,611,270,341,542,244,298,22,10,12,21,6,15,26,10,16
ROCKWALL COUNTY,397,70 Years,605,279,326,536,250,286,15,7,8,22,9,13,32,13,19
ROCKWALL COUNTY,397,71 Years,526,257,269,462,229,233,15,5,10,22,12,10,27,11,16
ROCKWALL COUNTY,397,72 Years,478,244,234,417,218,199,19,6,13,17,9,8,25,11,14
ROCKWALL COUNTY,397,73 Years,439,208,231,386,187,199,17,7,10,17,7,10,19,7,12
ROCKWALL COUNTY,397,74 Years,401,186,215,362,167,195,9,6,3,15,7,8,15,6,9
ROCKWALL COUNTY,397,75 Years,345,157,188,312,145,167,7,3,4,12,5,7,14,4,10
ROCKWALL COUNTY,397,76 Years,310,150,160,275,133,142,9,4,5,12,6,6,14,7,7
ROCKWALL COUNTY,397,77 Years,292,142,150,257,123,134,6,3,3,11,7,4,18,9,9
ROCKWALL COUNTY,397,78 Years,267,117,150,246,110,136,5,2,3,6,2,4,10,3,7
ROCKWALL COUNTY,397,79 Years,248,97,151,221,87,134,7,4,3,8,3,5,12,3,9
ROCKWALL COUNTY,397,80 Years,254,113,141,225,103,122,6,1,5,9,4,5,14,5,9
ROCKWALL COUNTY,397,81 Years,219,90,129,190,81,109,7,2,5,11,4,7,11,3,8
ROCKWALL COUNTY,397,82 Years,217,83,134,198,73,125,5,2,3,6,3,3,8,5,3
ROCKWALL COUNTY,397,83 Years,201,76,125,178,68,110,7,3,4,7,2,5,9,3,6
ROCKWALL COUNTY,397,84 Years,178,72,106,160,65,95,5,2,3,6,3,3,7,2,5
ROCKWALL COUNTY,397,85 Years +,1007,323,684,927,293,634,25,6,19,20,8,12,35,16,19
RUNNELS COUNTY,399,All Ages,10300,5153,5147,6529,3212,3317,164,91,73,137,67,70,3470,1783,1687
RUNNELS COUNTY,399,< 1 Year,117,61,56,59,32,27,2,1,1,3,2,1,53,26,27
RUNNELS COUNTY,399,1 Years,124,64,60,62,32,30,2,1,1,2,1,1,58,30,28
RUNNELS COUNTY,399,2 Years,122,64,58,62,32,30,2,1,1,2,1,1,56,30,26
RUNNELS COUNTY,399,3 Years,121,67,54,58,32,26,1,1,0,1,1,0,61,33,28
RUNNELS COUNTY,399,4 Years,129,67,62,64,35,29,0,0,0,2,0,2,63,32,31
RUNNELS COUNTY,399,5 Years,151,79,72,73,38,35,2,1,1,4,1,3,72,39,33
RUNNELS COUNTY,399,6 Years,147,70,77,65,29,36,3,2,1,4,2,2,75,37,38
RUNNELS COUNTY,399,7 Years,138,77,61,64,34,30,4,3,1,1,0,1,69,40,29
RUNNELS COUNTY,399,8 Years,142,79,63,61,33,28,3,2,1,1,1,0,77,43,34
RUNNELS COUNTY,399,9 Years,146,76,70,73,38,35,3,2,1,2,1,1,68,35,33
RUNNELS COUNTY,399,10 Years,140,76,64,72,40,32,1,1,0,0,0,0,67,35,32
RUNNELS COUNTY,399,11 Years,134,70,64,60,25,35,1,1,0,2,1,1,71,43,28
RUNNELS COUNTY,399,12 Years,136,71,65,73,38,35,3,2,1,0,0,0,60,31,29
RUNNELS COUNTY,399,13 Years,144,73,71,78,42,36,2,1,1,3,2,1,61,28,33
RUNNELS COUNTY,399,14 Years,135,68,67,64,34,30,2,2,0,3,1,2,66,31,35
RUNNELS COUNTY,399,15 Years,166,79,87,82,39,43,3,1,2,3,1,2,78,38,40
RUNNELS COUNTY,399,16 Years,173,87,86,88,44,44,1,0,1,2,0,2,82,43,39
RUNNELS COUNTY,399,17 Years,157,87,70,77,43,34,3,3,0,3,2,1,74,39,35
RUNNELS COUNTY,399,18 Years,140,83,57,65,39,26,3,2,1,2,2,0,70,40,30
RUNNELS COUNTY,399,19 Years,130,69,61,64,30,34,2,1,1,2,1,1,62,37,25
RUNNELS COUNTY,399,20 Years,125,69,56,67,35,32,2,1,1,2,1,1,54,32,22
RUNNELS COUNTY,399,21 Years,128,80,48,72,45,27,3,2,1,3,2,1,50,31,19
RUNNELS COUNTY,399,22 Years,111,57,54,59,29,30,1,1,0,3,1,2,48,26,22
RUNNELS COUNTY,399,23 Years,109,56,53,56,30,26,2,1,1,4,3,1,47,22,25
RUNNELS COUNTY,399,24 Years,109,59,50,53,29,24,4,2,2,3,2,1,49,26,23
RUNNELS COUNTY,399,25 Years,106,50,56,60,26,34,3,2,1,3,2,1,40,20,20
RUNNELS COUNTY,399,26 Years,89,43,46,57,28,29,1,1,0,2,0,2,29,14,15
RUNNELS COUNTY,399,27 Years,91,44,47,53,28,25,4,1,3,1,0,1,33,15,18
RUNNELS COUNTY,399,28 Years,110,55,55,65,35,30,5,2,3,2,1,1,38,17,21
RUNNELS COUNTY,399,29 Years,108,56,52,64,37,27,2,1,1,2,1,1,40,17,23
RUNNELS COUNTY,399,30 Years,108,59,49,57,33,24,1,1,0,2,1,1,48,24,24
RUNNELS COUNTY,399,31 Years,94,40,54,54,22,32,1,1,0,1,0,1,38,17,21
RUNNELS COUNTY,399,32 Years,99,50,49,56,31,25,1,0,1,2,1,1,40,18,22
RUNNELS COUNTY,399,33 Years,104,56,48,65,39,26,1,1,0,1,0,1,37,16,21
RUNNELS COUNTY,399,34 Years,98,60,38,64,40,24,3,3,0,1,1,0,30,16,14
RUNNELS COUNTY,399,35 Years,96,59,37,57,35,22,1,1,0,1,1,0,37,22,15
RUNNELS COUNTY,399,36 Years,82,37,45,44,20,24,1,0,1,2,2,0,35,15,20
RUNNELS COUNTY,399,37 Years,80,35,45,45,20,25,1,0,1,1,0,1,33,15,18
RUNNELS COUNTY,399,38 Years,90,43,47,53,23,30,0,0,0,0,0,0,37,20,17
RUNNELS COUNTY,399,39 Years,102,44,58,59,27,32,1,1,0,3,1,2,39,15,24
RUNNELS COUNTY,399,40 Years,96,48,48,58,31,27,1,1,0,1,0,1,36,16,20
RUNNELS COUNTY,399,41 Years,109,52,57,73,35,38,0,0,0,0,0,0,36,17,19
RUNNELS COUNTY,399,42 Years,115,51,64,71,30,41,2,1,1,0,0,0,42,20,22
RUNNELS COUNTY,399,43 Years,129,59,70,85,39,46,2,0,2,1,0,1,41,20,21
RUNNELS COUNTY,399,44 Years,130,60,70,77,42,35,1,0,1,1,1,0,51,17,34
RUNNELS COUNTY,399,45 Years,110,52,58,72,38,34,1,1,0,0,0,0,37,13,24
RUNNELS COUNTY,399,46 Years,118,57,61,75,36,39,1,1,0,1,1,0,41,19,22
RUNNELS COUNTY,399,47 Years,125,62,63,82,37,45,1,0,1,1,1,0,41,24,17
RUNNELS COUNTY,399,48 Years,135,69,66,86,43,43,1,1,0,1,1,0,47,24,23
RUNNELS COUNTY,399,49 Years,134,68,66,92,45,47,3,2,1,1,1,0,38,20,18
RUNNELS COUNTY,399,50 Years,146,73,73,104,50,54,3,3,0,0,0,0,39,20,19
RUNNELS COUNTY,399,51 Years,154,76,78,104,49,55,4,2,2,0,0,0,46,25,21
RUNNELS COUNTY,399,52 Years,129,71,58,87,46,41,2,2,0,2,0,2,38,23,15
RUNNELS COUNTY,399,53 Years,142,72,70,94,47,47,3,0,3,2,1,1,43,24,19
RUNNELS COUNTY,399,54 Years,144,65,79,101,41,60,2,0,2,0,0,0,41,24,17
RUNNELS COUNTY,399,55 Years,130,61,69,88,40,48,3,0,3,1,0,1,38,21,17
RUNNELS COUNTY,399,56 Years,148,81,67,108,58,50,5,3,2,1,0,1,34,20,14
RUNNELS COUNTY,399,57 Years,166,81,85,120,57,63,3,2,1,4,1,3,39,21,18
RUNNELS COUNTY,399,58 Years,156,81,75,114,57,57,2,2,0,2,1,1,38,21,17
RUNNELS COUNTY,399,59 Years,142,75,67,105,51,54,5,4,1,0,0,0,32,20,12
RUNNELS COUNTY,399,60 Years,135,69,66,104,52,52,2,1,1,3,2,1,26,14,12
RUNNELS COUNTY,399,61 Years,165,92,73,128,71,57,1,0,1,3,2,1,33,19,14
RUNNELS COUNTY,399,62 Years,141,77,64,111,60,51,4,2,2,2,2,0,24,13,11
RUNNELS COUNTY,399,63 Years,136,66,70,96,46,50,3,1,2,1,1,0,36,18,18
RUNNELS COUNTY,399,64 Years,124,61,63,87,40,47,1,0,1,1,1,0,35,20,15
RUNNELS COUNTY,399,65 Years,126,50,76,95,35,60,2,0,2,1,1,0,28,14,14
RUNNELS COUNTY,399,66 Years,140,68,72,113,52,61,2,1,1,0,0,0,25,15,10
RUNNELS COUNTY,399,67 Years,119,59,60,92,45,47,3,1,2,0,0,0,24,13,11
RUNNELS COUNTY,399,68 Years,124,59,65,93,45,48,2,0,2,0,0,0,29,14,15
RUNNELS COUNTY,399,69 Years,123,58,65,93,45,48,3,1,2,2,2,0,25,10,15
RUNNELS COUNTY,399,70 Years,115,53,62,87,39,48,2,2,0,1,1,0,25,11,14
RUNNELS COUNTY,399,71 Years,101,45,56,70,32,38,2,1,1,1,0,1,28,12,16
RUNNELS COUNTY,399,72 Years,102,47,55,78,36,42,2,1,1,1,0,1,21,10,11
RUNNELS COUNTY,399,73 Years,85,43,42,63,28,35,1,1,0,0,0,0,21,14,7
RUNNELS COUNTY,399,74 Years,92,45,47,72,35,37,0,0,0,1,0,1,19,10,9
RUNNELS COUNTY,399,75 Years,93,42,51,73,32,41,1,1,0,6,2,4,13,7,6
RUNNELS COUNTY,399,76 Years,71,31,40,56,26,30,0,0,0,2,1,1,13,4,9
RUNNELS COUNTY,399,77 Years,73,35,38,60,30,30,1,1,0,1,0,1,11,4,7
RUNNELS COUNTY,399,78 Years,68,32,36,54,25,29,0,0,0,3,2,1,11,5,6
RUNNELS COUNTY,399,79 Years,65,30,35,55,25,30,0,0,0,1,1,0,9,4,5
RUNNELS COUNTY,399,80 Years,73,35,38,65,31,34,1,0,1,1,1,0,6,3,3
RUNNELS COUNTY,399,81 Years,62,31,31,54,29,25,1,0,1,0,0,0,7,2,5
RUNNELS COUNTY,399,82 Years,68,25,43,58,21,37,1,0,1,1,0,1,8,4,4
RUNNELS COUNTY,399,83 Years,59,27,32,50,22,28,1,0,1,0,0,0,8,5,3
RUNNELS COUNTY,399,84 Years,53,28,25,42,21,21,1,1,0,0,0,0,10,6,4
RUNNELS COUNTY,399,85 Years +,298,112,186,260,96,164,1,1,0,5,0,5,32,15,17
RUSK COUNTY,401,All Ages,53545,28229,25316,34526,17601,16925,9321,5257,4064,1233,613,620,8465,4758,3707
RUSK COUNTY,401,< 1 Year,630,321,309,372,193,179,87,42,45,22,12,10,149,74,75
RUSK COUNTY,401,1 Years,635,324,311,385,196,189,87,44,43,19,10,9,144,74,70
RUSK COUNTY,401,2 Years,630,320,310,386,196,190,85,43,42,19,10,9,140,71,69
RUSK COUNTY,401,3 Years,638,320,318,349,174,175,89,49,40,29,17,12,171,80,91
RUSK COUNTY,401,4 Years,663,339,324,362,188,174,91,51,40,38,22,16,172,78,94
RUSK COUNTY,401,5 Years,693,342,351,389,200,189,92,44,48,37,15,22,175,83,92
RUSK COUNTY,401,6 Years,697,346,351,392,204,188,89,42,47,35,15,20,181,85,96
RUSK COUNTY,401,7 Years,695,347,348,391,198,193,96,50,46,35,17,18,173,82,91
RUSK COUNTY,401,8 Years,705,364,341,378,198,180,109,65,44,29,16,13,189,85,104
RUSK COUNTY,401,9 Years,647,328,319,349,176,173,100,58,42,25,13,12,173,81,92
RUSK COUNTY,401,10 Years,658,317,341,369,178,191,105,57,48,28,10,18,156,72,84
RUSK COUNTY,401,11 Years,674,331,343,395,196,199,99,47,52,24,11,13,156,77,79
RUSK COUNTY,401,12 Years,726,359,367,412,209,203,116,52,64,23,13,10,175,85,90
RUSK COUNTY,401,13 Years,719,358,361,404,203,201,120,59,61,27,14,13,168,82,86
RUSK COUNTY,401,14 Years,677,337,340,392,194,198,92,46,46,29,16,13,164,81,83
RUSK COUNTY,401,15 Years,679,345,334,383,199,184,106,50,56,26,13,13,164,83,81
RUSK COUNTY,401,16 Years,671,335,336,382,187,195,109,56,53,25,12,13,155,80,75
RUSK COUNTY,401,17 Years,668,341,327,400,200,200,95,48,47,25,11,14,148,82,66
RUSK COUNTY,401,18 Years,675,355,320,386,202,184,109,51,58,24,11,13,156,91,65
RUSK COUNTY,401,19 Years,678,378,300,373,200,173,125,69,56,20,14,6,160,95,65
RUSK COUNTY,401,20 Years,661,370,291,360,188,172,135,83,52,21,12,9,145,87,58
RUSK COUNTY,401,21 Years,656,375,281,361,196,165,146,94,52,19,10,9,130,75,55
RUSK COUNTY,401,22 Years,672,389,283,362,200,162,154,96,58,16,10,6,140,83,57
RUSK COUNTY,401,23 Years,687,385,302,370,186,184,140,91,49,18,11,7,159,97,62
RUSK COUNTY,401,24 Years,731,431,300,396,210,186,164,115,49,14,5,9,157,101,56
RUSK COUNTY,401,25 Years,722,442,280,406,234,172,146,103,43,13,6,7,157,99,58
RUSK COUNTY,401,26 Years,692,414,278,379,213,166,137,98,39,20,10,10,156,93,63
RUSK COUNTY,401,27 Years,682,415,267,383,212,171,120,86,34,17,11,6,162,106,56
RUSK COUNTY,401,28 Years,686,415,271,388,220,168,127,89,38,11,4,7,160,102,58
RUSK COUNTY,401,29 Years,648,383,265,368,202,166,123,85,38,9,3,6,148,93,55
RUSK COUNTY,401,30 Years,679,389,290,385,210,175,156,97,59,11,5,6,127,77,50
RUSK COUNTY,401,31 Years,728,412,316,415,220,195,145,97,48,14,6,8,154,89,65
RUSK COUNTY,401,32 Years,753,425,328,441,231,210,138,96,42,15,9,6,159,89,70
RUSK COUNTY,401,33 Years,745,422,323,435,240,195,137,85,52,16,7,9,157,90,67
RUSK COUNTY,401,34 Years,715,403,312,434,230,204,133,89,44,11,3,8,137,81,56
RUSK COUNTY,401,35 Years,684,385,299,416,229,187,125,76,49,15,5,10,128,75,53
RUSK COUNTY,401,36 Years,676,394,282,417,233,184,124,78,46,16,7,9,119,76,43
RUSK COUNTY,401,37 Years,690,378,312,412,215,197,127,71,56,14,7,7,137,85,52
RUSK COUNTY,401,38 Years,691,374,317,429,224,205,109,60,49,11,6,5,142,84,58
RUSK COUNTY,401,39 Years,675,384,291,413,237,176,107,59,48,10,3,7,145,85,60
RUSK COUNTY,401,40 Years,651,370,281,392,224,168,115,68,47,14,6,8,130,72,58
RUSK COUNTY,401,41 Years,665,375,290,401,232,169,125,68,57,13,6,7,126,69,57
RUSK COUNTY,401,42 Years,730,398,332,465,253,212,136,73,63,12,5,7,117,67,50
RUSK COUNTY,401,43 Years,769,425,344,501,263,238,134,87,47,13,4,9,121,71,50
RUSK COUNTY,401,44 Years,706,395,311,456,239,217,130,84,46,14,6,8,106,66,40
RUSK COUNTY,401,45 Years,701,394,307,430,225,205,151,91,60,11,4,7,109,74,35
RUSK COUNTY,401,46 Years,721,407,314,440,231,209,152,95,57,11,7,4,118,74,44
RUSK COUNTY,401,47 Years,688,381,307,422,224,198,154,89,65,11,5,6,101,63,38
RUSK COUNTY,401,48 Years,727,410,317,461,254,207,162,89,73,13,6,7,91,61,30
RUSK COUNTY,401,49 Years,769,439,330,517,280,237,156,94,62,10,5,5,86,60,26
RUSK COUNTY,401,50 Years,774,434,340,510,276,234,161,89,72,10,5,5,93,64,29
RUSK COUNTY,401,51 Years,766,399,367,521,255,266,153,90,63,11,7,4,81,47,34
RUSK COUNTY,401,52 Years,794,415,379,567,291,276,139,71,68,12,6,6,76,47,29
RUSK COUNTY,401,53 Years,848,447,401,573,290,283,165,94,71,15,6,9,95,57,38
RUSK COUNTY,401,54 Years,782,438,344,527,282,245,160,100,60,13,6,7,82,50,32
RUSK COUNTY,401,55 Years,784,441,343,553,304,249,150,94,56,15,8,7,66,35,31
RUSK COUNTY,401,56 Years,780,417,363,535,280,255,157,86,71,14,8,6,74,43,31
RUSK COUNTY,401,57 Years,757,388,369,533,269,264,149,78,71,13,6,7,62,35,27
RUSK COUNTY,401,58 Years,737,393,344,522,269,253,150,84,66,12,6,6,53,34,19
RUSK COUNTY,401,59 Years,716,371,345,513,256,257,135,67,68,13,9,4,55,39,16
RUSK COUNTY,401,60 Years,744,378,366,547,269,278,131,70,61,10,4,6,56,35,21
RUSK COUNTY,401,61 Years,668,331,337,502,252,250,120,56,64,9,3,6,37,20,17
RUSK COUNTY,401,62 Years,606,315,291,458,233,225,107,59,48,11,7,4,30,16,14
RUSK COUNTY,401,63 Years,590,306,284,435,218,217,117,64,53,10,5,5,28,19,9
RUSK COUNTY,401,64 Years,593,302,291,454,230,224,103,50,53,9,7,2,27,15,12
RUSK COUNTY,401,65 Years,612,308,304,480,244,236,90,41,49,9,7,2,33,16,17
RUSK COUNTY,401,66 Years,618,300,318,485,233,252,95,46,49,9,4,5,29,17,12
RUSK COUNTY,401,67 Years,511,243,268,398,189,209,86,37,49,7,5,2,20,12,8
RUSK COUNTY,401,68 Years,493,243,250,404,202,202,62,27,35,6,3,3,21,11,10
RUSK COUNTY,401,69 Years,450,219,231,363,176,187,62,29,33,5,2,3,20,12,8
RUSK COUNTY,401,70 Years,438,215,223,348,165,183,69,37,32,6,3,3,15,10,5
RUSK COUNTY,401,71 Years,401,180,221,329,147,182,57,27,30,7,3,4,8,3,5
RUSK COUNTY,401,72 Years,386,174,212,331,148,183,47,23,24,3,2,1,5,1,4
RUSK COUNTY,401,73 Years,380,187,193,315,150,165,48,28,20,4,3,1,13,6,7
RUSK COUNTY,401,74 Years,329,155,174,275,128,147,40,21,19,4,2,2,10,4,6
RUSK COUNTY,401,75 Years,317,152,165,265,126,139,38,19,19,6,3,3,8,4,4
RUSK COUNTY,401,76 Years,277,118,159,225,97,128,39,16,23,4,2,2,9,3,6
RUSK COUNTY,401,77 Years,279,129,150,231,103,128,34,17,17,3,2,1,11,7,4
RUSK COUNTY,401,78 Years,278,130,148,231,106,125,37,18,19,2,2,0,8,4,4
RUSK COUNTY,401,79 Years,242,109,133,202,92,110,29,12,17,4,2,2,7,3,4
RUSK COUNTY,401,80 Years,235,109,126,186,84,102,36,17,19,3,1,2,10,7,3
RUSK COUNTY,401,81 Years,214,93,121,175,77,98,34,13,21,1,1,0,4,2,2
RUSK COUNTY,401,82 Years,218,82,136,174,69,105,37,10,27,4,1,3,3,2,1
RUSK COUNTY,401,83 Years,209,80,129,179,70,109,25,8,17,2,0,2,3,2,1
RUSK COUNTY,401,84 Years,185,76,109,161,65,96,20,9,11,2,1,1,2,1,1
RUSK COUNTY,401,85 Years +,1076,366,710,915,310,605,130,41,89,13,5,8,18,10,8
SABINE COUNTY,403,All Ages,11045,5432,5613,9670,4745,4925,786,393,393,228,111,117,361,183,178
SABINE COUNTY,403,< 1 Year,104,55,49,85,45,40,10,5,5,2,2,0,7,3,4
SABINE COUNTY,403,1 Years,105,54,51,87,44,43,10,6,4,1,0,1,7,4,3
SABINE COUNTY,403,2 Years,103,53,50,85,43,42,9,5,4,2,1,1,7,4,3
SABINE COUNTY,403,3 Years,94,40,54,70,28,42,7,3,4,5,3,2,12,6,6
SABINE COUNTY,403,4 Years,98,46,52,74,33,41,8,4,4,7,4,3,9,5,4
SABINE COUNTY,403,5 Years,105,51,54,80,39,41,8,4,4,8,4,4,9,4,5
SABINE COUNTY,403,6 Years,112,60,52,89,50,39,11,5,6,4,2,2,8,3,5
SABINE COUNTY,403,7 Years,119,60,59,91,44,47,12,8,4,5,2,3,11,6,5
SABINE COUNTY,403,8 Years,109,61,48,83,46,37,10,6,4,5,3,2,11,6,5
SABINE COUNTY,403,9 Years,93,47,46,75,38,37,5,2,3,5,3,2,8,4,4
SABINE COUNTY,403,10 Years,97,49,48,78,39,39,7,5,2,5,3,2,7,2,5
SABINE COUNTY,403,11 Years,106,55,51,87,48,39,7,3,4,4,1,3,8,3,5
SABINE COUNTY,403,12 Years,117,59,58,95,51,44,11,4,7,2,0,2,9,4,5
SABINE COUNTY,403,13 Years,128,68,60,104,56,48,11,4,7,5,3,2,8,5,3
SABINE COUNTY,403,14 Years,127,57,70,105,48,57,10,3,7,7,3,4,5,3,2
SABINE COUNTY,403,15 Years,121,54,67,99,43,56,13,5,8,5,3,2,4,3,1
SABINE COUNTY,403,16 Years,123,53,70,101,44,57,13,5,8,3,2,1,6,2,4
SABINE COUNTY,403,17 Years,128,63,65,112,55,57,8,3,5,6,4,2,2,1,1
SABINE COUNTY,403,18 Years,126,60,66,110,52,58,8,4,4,6,3,3,2,1,1
SABINE COUNTY,403,19 Years,123,62,61,104,51,53,10,7,3,3,2,1,6,2,4
SABINE COUNTY,403,20 Years,118,62,56,95,47,48,17,12,5,3,2,1,3,1,2
SABINE COUNTY,403,21 Years,115,62,53,90,48,42,19,9,10,2,2,0,4,3,1
SABINE COUNTY,403,22 Years,91,43,48,74,38,36,10,3,7,3,1,2,4,1,3
SABINE COUNTY,403,23 Years,92,41,51,75,35,40,11,3,8,2,2,0,4,1,3
SABINE COUNTY,403,24 Years,98,43,55,79,38,41,14,4,10,0,0,0,5,1,4
SABINE COUNTY,403,25 Years,90,43,47,75,36,39,11,6,5,0,0,0,4,1,3
SABINE COUNTY,403,26 Years,89,41,48,73,32,41,7,5,2,2,1,1,7,3,4
SABINE COUNTY,403,27 Years,88,49,39,75,41,34,6,4,2,2,1,1,5,3,2
SABINE COUNTY,403,28 Years,76,40,36,64,29,35,7,6,1,1,1,0,4,4,0
SABINE COUNTY,403,29 Years,70,37,33,63,32,31,3,2,1,1,1,0,3,2,1
SABINE COUNTY,403,30 Years,78,39,39,65,33,32,8,3,5,1,1,0,4,2,2
SABINE COUNTY,403,31 Years,78,38,40,63,27,36,5,3,2,1,1,0,9,7,2
SABINE COUNTY,403,32 Years,81,32,49,64,22,42,10,6,4,1,1,0,6,3,3
SABINE COUNTY,403,33 Years,85,32,53,71,27,44,9,3,6,0,0,0,5,2,3
SABINE COUNTY,403,34 Years,83,35,48,72,30,42,6,3,3,2,1,1,3,1,2
SABINE COUNTY,403,35 Years,84,45,39,72,37,35,8,5,3,2,1,1,2,2,0
SABINE COUNTY,403,36 Years,82,42,40,70,34,36,8,5,3,1,0,1,3,3,0
SABINE COUNTY,403,37 Years,76,41,35,67,36,31,4,3,1,1,0,1,4,2,2
SABINE COUNTY,403,38 Years,73,39,34,64,35,29,3,1,2,2,1,1,4,2,2
SABINE COUNTY,403,39 Years,84,39,45,71,32,39,7,4,3,3,1,2,3,2,1
SABINE COUNTY,403,40 Years,85,43,42,69,34,35,11,6,5,0,0,0,5,3,2
SABINE COUNTY,403,41 Years,93,43,50,79,36,43,9,5,4,1,0,1,4,2,2
SABINE COUNTY,403,42 Years,92,47,45,83,41,42,6,4,2,1,1,0,2,1,1
SABINE COUNTY,403,43 Years,112,57,55,96,49,47,8,3,5,3,3,0,5,2,3
SABINE COUNTY,403,44 Years,116,50,66,101,44,57,9,4,5,2,1,1,4,1,3
SABINE COUNTY,403,45 Years,121,55,66,101,48,53,14,4,10,2,1,1,4,2,2
SABINE COUNTY,403,46 Years,109,47,62,85,35,50,17,8,9,3,1,2,4,3,1
SABINE COUNTY,403,47 Years,107,59,48,91,49,42,11,5,6,1,1,0,4,4,0
SABINE COUNTY,403,48 Years,134,70,64,112,59,53,15,7,8,3,1,2,4,3,1
SABINE COUNTY,403,49 Years,134,74,60,118,67,51,9,4,5,4,1,3,3,2,1
SABINE COUNTY,403,50 Years,137,63,74,122,55,67,10,6,4,2,0,2,3,2,1
SABINE COUNTY,403,51 Years,169,85,84,155,77,78,9,5,4,2,1,1,3,2,1
SABINE COUNTY,403,52 Years,170,87,83,154,79,75,11,6,5,2,0,2,3,2,1
SABINE COUNTY,403,53 Years,166,87,79,150,76,74,10,8,2,3,1,2,3,2,1
SABINE COUNTY,403,54 Years,176,84,92,157,76,81,13,6,7,4,1,3,2,1,1
SABINE COUNTY,403,55 Years,185,83,102,159,73,86,20,9,11,3,1,2,3,0,3
SABINE COUNTY,403,56 Years,191,97,94,171,85,86,17,11,6,2,1,1,1,0,1
SABINE COUNTY,403,57 Years,208,106,102,185,92,93,16,9,7,3,2,1,4,3,1
SABINE COUNTY,403,58 Years,178,87,91,162,77,85,11,7,4,3,1,2,2,2,0
SABINE COUNTY,403,59 Years,180,84,96,168,77,91,9,4,5,2,2,0,1,1,0
SABINE COUNTY,403,60 Years,178,80,98,169,76,93,8,4,4,1,0,1,0,0,0
SABINE COUNTY,403,61 Years,177,81,96,164,77,87,10,4,6,1,0,1,2,0,2
SABINE COUNTY,403,62 Years,184,92,92,167,84,83,8,5,3,2,0,2,7,3,4
SABINE COUNTY,403,63 Years,201,100,101,181,88,93,9,7,2,5,3,2,6,2,4
SABINE COUNTY,403,64 Years,202,104,98,183,95,88,10,6,4,3,1,2,6,2,4
SABINE COUNTY,403,65 Years,217,100,117,200,93,107,9,4,5,4,1,3,4,2,2
SABINE COUNTY,403,66 Years,235,120,115,222,111,111,7,5,2,4,2,2,2,2,0
SABINE COUNTY,403,67 Years,225,113,112,207,101,106,12,7,5,5,4,1,1,1,0
SABINE COUNTY,403,68 Years,218,105,113,204,100,104,8,3,5,4,1,3,2,1,1
SABINE COUNTY,403,69 Years,235,114,121,225,112,113,4,1,3,4,0,4,2,1,1
SABINE COUNTY,403,70 Years,209,110,99,196,102,94,8,6,2,2,0,2,3,2,1
SABINE COUNTY,403,71 Years,184,106,78,172,100,72,7,4,3,2,0,2,3,2,1
SABINE COUNTY,403,72 Years,179,98,81,168,93,75,6,3,3,3,1,2,2,1,1
SABINE COUNTY,403,73 Years,167,94,73,153,86,67,5,3,2,5,2,3,4,3,1
SABINE COUNTY,403,74 Years,140,73,67,131,69,62,6,2,4,2,1,1,1,1,0
SABINE COUNTY,403,75 Years,131,67,64,121,61,60,6,4,2,2,1,1,2,1,1
SABINE COUNTY,403,76 Years,118,56,62,108,51,57,7,3,4,2,1,1,1,1,0
SABINE COUNTY,403,77 Years,121,58,63,111,54,57,7,3,4,0,0,0,3,1,2
SABINE COUNTY,403,78 Years,112,56,56,102,50,52,5,3,2,2,2,0,3,1,2
SABINE COUNTY,403,79 Years,91,47,44,86,45,41,2,0,2,2,2,0,1,0,1
SABINE COUNTY,403,80 Years,84,45,39,78,42,36,4,2,2,1,1,0,1,0,1
SABINE COUNTY,403,81 Years,71,38,33,67,37,30,3,1,2,1,0,1,0,0,0
SABINE COUNTY,403,82 Years,69,32,37,63,31,32,3,1,2,0,0,0,3,0,3
SABINE COUNTY,403,83 Years,76,31,45,70,28,42,5,3,2,0,0,0,1,0,1
SABINE COUNTY,403,84 Years,76,29,47,68,26,42,4,1,3,2,1,1,2,1,1
SABINE COUNTY,403,85 Years +,313,125,188,280,118,162,27,6,21,3,1,2,3,0,3
SAN AUGUSTINE COUNTY,405,All Ages,8906,4430,4476,6133,3076,3057,2062,984,1078,149,74,75,562,296,266
SAN AUGUSTINE COUNTY,405,< 1 Year,100,52,48,59,29,30,25,14,11,3,2,1,13,7,6
SAN AUGUSTINE COUNTY,405,1 Years,101,51,50,61,31,30,25,13,12,3,1,2,12,6,6
SAN AUGUSTINE COUNTY,405,2 Years,96,49,47,57,29,28,25,13,12,2,1,1,12,6,6
SAN AUGUSTINE COUNTY,405,3 Years,81,44,37,46,27,19,22,12,10,2,1,1,11,4,7
SAN AUGUSTINE COUNTY,405,4 Years,94,48,46,50,30,20,30,13,17,2,1,1,12,4,8
SAN AUGUSTINE COUNTY,405,5 Years,98,52,46,53,26,27,29,17,12,2,2,0,14,7,7
SAN AUGUSTINE COUNTY,405,6 Years,100,57,43,56,32,24,28,17,11,3,2,1,13,6,7
SAN AUGUSTINE COUNTY,405,7 Years,95,49,46,52,29,23,23,10,13,2,1,1,18,9,9
SAN AUGUSTINE COUNTY,405,8 Years,100,57,43,52,29,23,30,17,13,4,4,0,14,7,7
SAN AUGUSTINE COUNTY,405,9 Years,94,53,41,51,31,20,28,15,13,4,3,1,11,4,7
SAN AUGUSTINE COUNTY,405,10 Years,98,47,51,56,32,24,25,7,18,4,2,2,13,6,7
SAN AUGUSTINE COUNTY,405,11 Years,101,52,49,56,34,22,33,12,21,2,1,1,10,5,5
SAN AUGUSTINE COUNTY,405,12 Years,107,59,48,56,33,23,32,16,16,2,0,2,17,10,7
SAN AUGUSTINE COUNTY,405,13 Years,98,57,41,56,33,23,25,17,8,3,0,3,14,7,7
SAN AUGUSTINE COUNTY,405,14 Years,114,61,53,74,40,34,26,14,12,2,2,0,12,5,7
SAN AUGUSTINE COUNTY,405,15 Years,113,59,54,70,38,32,31,15,16,2,1,1,10,5,5
SAN AUGUSTINE COUNTY,405,16 Years,99,50,49,60,30,30,29,17,12,2,0,2,8,3,5
SAN AUGUSTINE COUNTY,405,17 Years,95,49,46,53,31,22,29,12,17,1,0,1,12,6,6
SAN AUGUSTINE COUNTY,405,18 Years,108,60,48,68,37,31,27,15,12,4,2,2,9,6,3
SAN AUGUSTINE COUNTY,405,19 Years,92,45,47,60,29,31,22,12,10,3,1,2,7,3,4
SAN AUGUSTINE COUNTY,405,20 Years,103,49,54,63,32,31,25,12,13,8,3,5,7,2,5
SAN AUGUSTINE COUNTY,405,21 Years,97,48,49,59,31,28,24,13,11,5,2,3,9,2,7
SAN AUGUSTINE COUNTY,405,22 Years,98,54,44,66,36,30,25,15,10,1,0,1,6,3,3
SAN AUGUSTINE COUNTY,405,23 Years,96,51,45,54,30,24,35,16,19,1,1,0,6,4,2
SAN AUGUSTINE COUNTY,405,24 Years,87,45,42,55,27,28,24,14,10,2,0,2,6,4,2
SAN AUGUSTINE COUNTY,405,25 Years,98,48,50,65,28,37,28,16,12,1,0,1,4,4,0
SAN AUGUSTINE COUNTY,405,26 Years,87,42,45,50,25,25,29,12,17,1,1,0,7,4,3
SAN AUGUSTINE COUNTY,405,27 Years,91,45,46,56,25,31,22,11,11,2,1,1,11,8,3
SAN AUGUSTINE COUNTY,405,28 Years,84,45,39,48,25,23,21,11,10,2,1,1,13,8,5
SAN AUGUSTINE COUNTY,405,29 Years,69,38,31,38,21,17,18,9,9,1,0,1,12,8,4
SAN AUGUSTINE COUNTY,405,30 Years,72,36,36,43,21,22,16,8,8,2,1,1,11,6,5
SAN AUGUSTINE COUNTY,405,31 Years,67,30,37,36,16,20,23,9,14,2,1,1,6,4,2
SAN AUGUSTINE COUNTY,405,32 Years,58,22,36,33,13,20,17,7,10,2,0,2,6,2,4
SAN AUGUSTINE COUNTY,405,33 Years,74,34,40,41,18,23,21,11,10,0,0,0,12,5,7
SAN AUGUSTINE COUNTY,405,34 Years,79,37,42,50,25,25,20,7,13,0,0,0,9,5,4
SAN AUGUSTINE COUNTY,405,35 Years,89,43,46,53,24,29,19,8,11,1,1,0,16,10,6
SAN AUGUSTINE COUNTY,405,36 Years,70,38,32,34,17,17,24,13,11,2,2,0,10,6,4
SAN AUGUSTINE COUNTY,405,37 Years,74,38,36,44,25,19,24,10,14,1,1,0,5,2,3
SAN AUGUSTINE COUNTY,405,38 Years,68,38,30,43,21,22,16,11,5,1,1,0,8,5,3
SAN AUGUSTINE COUNTY,405,39 Years,70,35,35,52,26,26,11,6,5,0,0,0,7,3,4
SAN AUGUSTINE COUNTY,405,40 Years,84,40,44,64,28,36,13,8,5,1,0,1,6,4,2
SAN AUGUSTINE COUNTY,405,41 Years,90,49,41,66,37,29,18,8,10,3,1,2,3,3,0
SAN AUGUSTINE COUNTY,405,42 Years,97,44,53,71,35,36,20,7,13,1,0,1,5,2,3
SAN AUGUSTINE COUNTY,405,43 Years,93,40,53,64,28,36,24,9,15,0,0,0,5,3,2
SAN AUGUSTINE COUNTY,405,44 Years,83,39,44,53,24,29,26,12,14,1,1,0,3,2,1
SAN AUGUSTINE COUNTY,405,45 Years,89,47,42,53,25,28,27,15,12,2,2,0,7,5,2
SAN AUGUSTINE COUNTY,405,46 Years,102,53,49,65,36,29,28,11,17,4,3,1,5,3,2
SAN AUGUSTINE COUNTY,405,47 Years,112,62,50,68,40,28,36,17,19,2,0,2,6,5,1
SAN AUGUSTINE COUNTY,405,48 Years,126,56,70,83,36,47,32,14,18,4,2,2,7,4,3
SAN AUGUSTINE COUNTY,405,49 Years,126,61,65,86,45,41,31,11,20,1,1,0,8,4,4
SAN AUGUSTINE COUNTY,405,50 Years,144,73,71,98,52,46,38,16,22,3,1,2,5,4,1
SAN AUGUSTINE COUNTY,405,51 Years,127,58,69,84,39,45,34,15,19,3,2,1,6,2,4
SAN AUGUSTINE COUNTY,405,52 Years,142,71,71,105,52,53,27,14,13,2,1,1,8,4,4
SAN AUGUSTINE COUNTY,405,53 Years,140,77,63,103,57,46,32,17,15,1,0,1,4,3,1
SAN AUGUSTINE COUNTY,405,54 Years,151,86,65,105,58,47,39,24,15,2,2,0,5,2,3
SAN AUGUSTINE COUNTY,405,55 Years,153,87,66,104,63,41,40,20,20,4,2,2,5,2,3
SAN AUGUSTINE COUNTY,405,56 Years,142,60,82,108,45,63,30,14,16,2,1,1,2,0,2
SAN AUGUSTINE COUNTY,405,57 Years,123,61,62,89,44,45,32,16,16,0,0,0,2,1,1
SAN AUGUSTINE COUNTY,405,58 Years,119,62,57,90,48,42,24,9,15,0,0,0,5,5,0
SAN AUGUSTINE COUNTY,405,59 Years,124,65,59,92,49,43,23,12,11,1,0,1,8,4,4
SAN AUGUSTINE COUNTY,405,60 Years,139,69,70,101,51,50,32,16,16,2,1,1,4,1,3
SAN AUGUSTINE COUNTY,405,61 Years,141,67,74,104,48,56,33,17,16,2,1,1,2,1,1
SAN AUGUSTINE COUNTY,405,62 Years,131,67,64,101,49,52,24,15,9,2,0,2,4,3,1
SAN AUGUSTINE COUNTY,405,63 Years,133,74,59,103,56,47,24,15,9,1,0,1,5,3,2
SAN AUGUSTINE COUNTY,405,64 Years,129,57,72,102,46,56,24,10,14,1,0,1,2,1,1
SAN AUGUSTINE COUNTY,405,65 Years,139,72,67,109,58,51,28,12,16,0,0,0,2,2,0
SAN AUGUSTINE COUNTY,405,66 Years,167,76,91,135,62,73,28,12,16,2,1,1,2,1,1
SAN AUGUSTINE COUNTY,405,67 Years,136,66,70,114,59,55,20,7,13,1,0,1,1,0,1
SAN AUGUSTINE COUNTY,405,68 Years,134,71,63,114,61,53,17,8,9,1,0,1,2,2,0
SAN AUGUSTINE COUNTY,405,69 Years,133,62,71,115,54,61,16,6,10,0,0,0,2,2,0
SAN AUGUSTINE COUNTY,405,70 Years,141,70,71,123,60,63,16,8,8,0,0,0,2,2,0
SAN AUGUSTINE COUNTY,405,71 Years,120,64,56,104,58,46,16,6,10,0,0,0,0,0,0
SAN AUGUSTINE COUNTY,405,72 Years,106,50,56,88,43,45,15,6,9,1,0,1,2,1,1
SAN AUGUSTINE COUNTY,405,73 Years,110,54,56,88,44,44,19,9,10,0,0,0,3,1,2
SAN AUGUSTINE COUNTY,405,74 Years,102,49,53,85,42,43,16,7,9,1,0,1,0,0,0
SAN AUGUSTINE COUNTY,405,75 Years,91,45,46,78,37,41,9,5,4,4,3,1,0,0,0
SAN AUGUSTINE COUNTY,405,76 Years,70,39,31,59,33,26,10,5,5,1,1,0,0,0,0
SAN AUGUSTINE COUNTY,405,77 Years,82,41,41,65,34,31,17,7,10,0,0,0,0,0,0
SAN AUGUSTINE COUNTY,405,78 Years,75,33,42,64,26,38,9,5,4,0,0,0,2,2,0
SAN AUGUSTINE COUNTY,405,79 Years,69,29,40,54,23,31,14,6,8,0,0,0,1,0,1
SAN AUGUSTINE COUNTY,405,80 Years,64,29,35,51,23,28,11,5,6,1,1,0,1,0,1
SAN AUGUSTINE COUNTY,405,81 Years,57,21,36,45,17,28,11,4,7,0,0,0,1,0,1
SAN AUGUSTINE COUNTY,405,82 Years,61,25,36,49,22,27,11,3,8,0,0,0,1,0,1
SAN AUGUSTINE COUNTY,405,83 Years,60,29,31,46,23,23,11,4,7,2,2,0,1,0,1
SAN AUGUSTINE COUNTY,405,84 Years,52,20,32,40,15,25,11,4,7,1,1,0,0,0,0
SAN AUGUSTINE COUNTY,405,85 Years +,282,93,189,216,75,141,60,16,44,2,1,1,4,1,3
SAN JACINTO COUNTY,407,All Ages,27547,13705,13842,20726,10225,10501,2863,1437,1426,672,356,316,3286,1687,1599
SAN JACINTO COUNTY,407,< 1 Year,284,145,139,200,100,100,31,17,14,10,5,5,43,23,20
SAN JACINTO COUNTY,407,1 Years,281,145,136,196,100,96,29,16,13,10,5,5,46,24,22
SAN JACINTO COUNTY,407,2 Years,277,144,133,193,99,94,29,16,13,10,6,4,45,23,22
SAN JACINTO COUNTY,407,3 Years,315,160,155,213,101,112,28,19,9,9,6,3,65,34,31
SAN JACINTO COUNTY,407,4 Years,297,157,140,196,102,94,31,20,11,12,6,6,58,29,29
SAN JACINTO COUNTY,407,5 Years,331,183,148,217,113,104,30,21,9,12,7,5,72,42,30
SAN JACINTO COUNTY,407,6 Years,347,186,161,233,118,115,30,20,10,16,12,4,68,36,32
SAN JACINTO COUNTY,407,7 Years,336,171,165,223,111,112,33,17,16,14,12,2,66,31,35
SAN JACINTO COUNTY,407,8 Years,341,166,175,231,109,122,37,19,18,14,8,6,59,30,29
SAN JACINTO COUNTY,407,9 Years,348,171,177,233,115,118,31,16,15,16,7,9,68,33,35
SAN JACINTO COUNTY,407,10 Years,358,181,177,232,121,111,31,16,15,17,8,9,78,36,42
SAN JACINTO COUNTY,407,11 Years,363,174,189,231,114,117,33,18,15,15,6,9,84,36,48
SAN JACINTO COUNTY,407,12 Years,385,184,201,252,123,129,35,18,17,12,4,8,86,39,47
SAN JACINTO COUNTY,407,13 Years,387,196,191,263,136,127,39,17,22,6,4,2,79,39,40
SAN JACINTO COUNTY,407,14 Years,382,202,180,256,136,120,47,26,21,10,6,4,69,34,35
SAN JACINTO COUNTY,407,15 Years,407,228,179,263,149,114,46,28,18,11,6,5,87,45,42
SAN JACINTO COUNTY,407,16 Years,394,210,184,250,130,120,42,24,18,12,8,4,90,48,42
SAN JACINTO COUNTY,407,17 Years,415,198,217,268,121,147,54,33,21,13,8,5,80,36,44
SAN JACINTO COUNTY,407,18 Years,389,198,191,255,133,122,49,26,23,13,7,6,72,32,40
SAN JACINTO COUNTY,407,19 Years,340,173,167,222,119,103,40,16,24,12,7,5,66,31,35
SAN JACINTO COUNTY,407,20 Years,343,168,175,220,108,112,44,19,25,16,7,9,63,34,29
SAN JACINTO COUNTY,407,21 Years,323,165,158,219,108,111,40,24,16,11,7,4,53,26,27
SAN JACINTO COUNTY,407,22 Years,317,159,158,216,106,110,36,18,18,8,4,4,57,31,26
SAN JACINTO COUNTY,407,23 Years,294,146,148,194,93,101,32,16,16,10,5,5,58,32,26
SAN JACINTO COUNTY,407,24 Years,284,152,132,194,100,94,28,12,16,4,2,2,58,38,20
SAN JACINTO COUNTY,407,25 Years,285,157,128,188,103,85,28,15,13,6,3,3,63,36,27
SAN JACINTO COUNTY,407,26 Years,267,151,116,174,97,77,32,19,13,9,5,4,52,30,22
SAN JACINTO COUNTY,407,27 Years,229,126,103,162,90,72,31,16,15,2,1,1,34,19,15
SAN JACINTO COUNTY,407,28 Years,228,116,112,161,78,83,29,18,11,3,3,0,35,17,18
SAN JACINTO COUNTY,407,29 Years,255,129,126,184,90,94,25,14,11,5,4,1,41,21,20
SAN JACINTO COUNTY,407,30 Years,256,128,128,172,85,87,31,14,17,7,6,1,46,23,23
SAN JACINTO COUNTY,407,31 Years,250,118,132,177,79,98,24,13,11,5,4,1,44,22,22
SAN JACINTO COUNTY,407,32 Years,259,122,137,183,81,102,23,14,9,7,4,3,46,23,23
SAN JACINTO COUNTY,407,33 Years,281,141,140,199,99,100,27,12,15,9,5,4,46,25,21
SAN JACINTO COUNTY,407,34 Years,269,138,131,194,98,96,30,18,12,3,2,1,42,20,22
SAN JACINTO COUNTY,407,35 Years,284,130,154,208,89,119,34,18,16,4,3,1,38,20,18
SAN JACINTO COUNTY,407,36 Years,263,125,138,191,87,104,26,11,15,7,4,3,39,23,16
SAN JACINTO COUNTY,407,37 Years,282,143,139,201,103,98,25,12,13,2,1,1,54,27,27
SAN JACINTO COUNTY,407,38 Years,279,133,146,210,99,111,22,12,10,5,2,3,42,20,22
SAN JACINTO COUNTY,407,39 Years,298,142,156,222,106,116,33,16,17,3,1,2,40,19,21
SAN JACINTO COUNTY,407,40 Years,323,168,155,242,129,113,36,14,22,4,2,2,41,23,18
SAN JACINTO COUNTY,407,41 Years,333,162,171,254,129,125,31,11,20,3,2,1,45,20,25
SAN JACINTO COUNTY,407,42 Years,306,143,163,234,113,121,34,15,19,7,3,4,31,12,19
SAN JACINTO COUNTY,407,43 Years,330,162,168,246,126,120,39,16,23,7,3,4,38,17,21
SAN JACINTO COUNTY,407,44 Years,321,165,156,239,125,114,31,17,14,6,2,4,45,21,24
SAN JACINTO COUNTY,407,45 Years,295,151,144,214,113,101,33,13,20,7,3,4,41,22,19
SAN JACINTO COUNTY,407,46 Years,286,139,147,222,109,113,27,9,18,6,3,3,31,18,13
SAN JACINTO COUNTY,407,47 Years,323,160,163,250,125,125,36,15,21,7,3,4,30,17,13
SAN JACINTO COUNTY,407,48 Years,333,157,176,243,116,127,40,17,23,8,3,5,42,21,21
SAN JACINTO COUNTY,407,49 Years,370,183,187,277,134,143,44,20,24,10,4,6,39,25,14
SAN JACINTO COUNTY,407,50 Years,411,214,197,319,161,158,47,24,23,10,5,5,35,24,11
SAN JACINTO COUNTY,407,51 Years,418,210,208,328,166,162,42,20,22,16,8,8,32,16,16
SAN JACINTO COUNTY,407,52 Years,415,194,221,323,152,171,48,24,24,14,6,8,30,12,18
SAN JACINTO COUNTY,407,53 Years,453,227,226,359,176,183,55,28,27,13,9,4,26,14,12
SAN JACINTO COUNTY,407,54 Years,467,227,240,371,181,190,56,25,31,13,6,7,27,15,12
SAN JACINTO COUNTY,407,55 Years,467,226,241,373,182,191,53,25,28,10,4,6,31,15,16
SAN JACINTO COUNTY,407,56 Years,484,237,247,395,191,204,49,24,25,6,2,4,34,20,14
SAN JACINTO COUNTY,407,57 Years,463,228,235,385,191,194,44,22,22,7,2,5,27,13,14
SAN JACINTO COUNTY,407,58 Years,457,222,235,365,180,185,61,29,32,8,2,6,23,11,12
SAN JACINTO COUNTY,407,59 Years,415,200,215,332,155,177,53,27,26,8,4,4,22,14,8
SAN JACINTO COUNTY,407,60 Years,410,198,212,341,163,178,41,21,20,5,2,3,23,12,11
SAN JACINTO COUNTY,407,61 Years,423,190,233,347,155,192,40,21,19,9,3,6,27,11,16
SAN JACINTO COUNTY,407,62 Years,418,202,216,335,161,174,49,21,28,11,6,5,23,14,9
SAN JACINTO COUNTY,407,63 Years,443,212,231,368,176,192,46,22,24,13,6,7,16,8,8
SAN JACINTO COUNTY,407,64 Years,419,203,216,357,167,190,36,20,16,12,10,2,14,6,8
SAN JACINTO COUNTY,407,65 Years,392,189,203,337,161,176,35,17,18,8,5,3,12,6,6
SAN JACINTO COUNTY,407,66 Years,398,191,207,337,156,181,35,18,17,9,6,3,17,11,6
SAN JACINTO COUNTY,407,67 Years,340,162,178,282,131,151,32,18,14,9,4,5,17,9,8
SAN JACINTO COUNTY,407,68 Years,349,181,168,295,154,141,36,18,18,6,3,3,12,6,6
SAN JACINTO COUNTY,407,69 Years,343,175,168,293,153,140,32,16,16,5,1,4,13,5,8
SAN JACINTO COUNTY,407,70 Years,346,180,166,302,159,143,29,16,13,5,0,5,10,5,5
SAN JACINTO COUNTY,407,71 Years,330,164,166,292,143,149,25,14,11,3,2,1,10,5,5
SAN JACINTO COUNTY,407,72 Years,296,147,149,265,131,134,20,8,12,4,3,1,7,5,2
SAN JACINTO COUNTY,407,73 Years,273,137,136,242,121,121,21,10,11,3,2,1,7,4,3
SAN JACINTO COUNTY,407,74 Years,236,129,107,204,111,93,19,9,10,5,4,1,8,5,3
SAN JACINTO COUNTY,407,75 Years,209,106,103,180,91,89,20,10,10,2,1,1,7,4,3
SAN JACINTO COUNTY,407,76 Years,197,93,104,168,81,87,21,8,13,3,2,1,5,2,3
SAN JACINTO COUNTY,407,77 Years,200,95,105,174,83,91,18,8,10,3,1,2,5,3,2
SAN JACINTO COUNTY,407,78 Years,195,89,106,172,79,93,14,6,8,2,1,1,7,3,4
SAN JACINTO COUNTY,407,79 Years,171,85,86,149,75,74,14,6,8,2,1,1,6,3,3
SAN JACINTO COUNTY,407,80 Years,147,79,68,124,66,58,11,5,6,2,2,0,10,6,4
SAN JACINTO COUNTY,407,81 Years,134,63,71,116,55,61,10,5,5,2,0,2,6,3,3
SAN JACINTO COUNTY,407,82 Years,109,50,59,94,42,52,10,5,5,2,1,1,3,2,1
SAN JACINTO COUNTY,407,83 Years,98,51,47,86,46,40,9,4,5,0,0,0,3,1,2
SAN JACINTO COUNTY,407,84 Years,82,37,45,71,30,41,9,5,4,0,0,0,2,2,0
SAN JACINTO COUNTY,407,85 Years +,396,161,235,328,132,196,47,17,30,7,3,4,14,9,5
SAN PATRICIO COUNTY,409,All Ages,65714,32768,32946,26790,13448,13342,926,510,416,1423,677,746,36575,18133,18442
SAN PATRICIO COUNTY,409,< 1 Year,1048,533,515,323,167,156,11,5,6,18,10,8,696,351,345
SAN PATRICIO COUNTY,409,1 Years,1069,546,523,335,171,164,11,6,5,17,9,8,706,360,346
SAN PATRICIO COUNTY,409,2 Years,1066,545,521,341,174,167,11,6,5,17,9,8,697,356,341
SAN PATRICIO COUNTY,409,3 Years,1008,512,496,302,144,158,11,6,5,21,9,12,674,353,321
SAN PATRICIO COUNTY,409,4 Years,952,477,475,268,131,137,11,4,7,24,12,12,649,330,319
SAN PATRICIO COUNTY,409,5 Years,917,462,455,269,147,122,7,1,6,19,8,11,622,306,316
SAN PATRICIO COUNTY,409,6 Years,930,471,459,276,151,125,9,3,6,23,9,14,622,308,314
SAN PATRICIO COUNTY,409,7 Years,921,457,464,256,129,127,8,3,5,29,13,16,628,312,316
SAN PATRICIO COUNTY,409,8 Years,1012,515,497,269,144,125,12,8,4,37,19,18,694,344,350
SAN PATRICIO COUNTY,409,9 Years,999,519,480,291,162,129,14,9,5,33,20,13,661,328,333
SAN PATRICIO COUNTY,409,10 Years,953,495,458,305,160,145,19,11,8,29,20,9,600,304,296
SAN PATRICIO COUNTY,409,11 Years,993,503,490,320,158,162,15,8,7,27,17,10,631,320,311
SAN PATRICIO COUNTY,409,12 Years,1065,565,500,334,188,146,13,7,6,22,13,9,696,357,339
SAN PATRICIO COUNTY,409,13 Years,1043,551,492,315,169,146,12,5,7,22,11,11,694,366,328
SAN PATRICIO COUNTY,409,14 Years,1004,500,504,321,170,151,15,5,10,26,10,16,642,315,327
SAN PATRICIO COUNTY,409,15 Years,979,518,461,318,176,142,13,8,5,21,10,11,627,324,303
SAN PATRICIO COUNTY,409,16 Years,1012,547,465,331,181,150,10,8,2,30,14,16,641,344,297
SAN PATRICIO COUNTY,409,17 Years,1040,536,504,331,168,163,10,6,4,25,13,12,674,349,325
SAN PATRICIO COUNTY,409,18 Years,1054,564,490,349,187,162,18,9,9,25,14,11,662,354,308
SAN PATRICIO COUNTY,409,19 Years,1007,547,460,328,173,155,14,9,5,30,19,11,635,346,289
SAN PATRICIO COUNTY,409,20 Years,952,499,453,300,151,149,17,8,9,27,16,11,608,324,284
SAN PATRICIO COUNTY,409,21 Years,930,505,425,285,160,125,14,7,7,18,11,7,613,327,286
SAN PATRICIO COUNTY,409,22 Years,846,448,398,269,144,125,11,8,3,19,10,9,547,286,261
SAN PATRICIO COUNTY,409,23 Years,826,439,387,268,148,120,9,5,4,16,11,5,533,275,258
SAN PATRICIO COUNTY,409,24 Years,770,403,367,260,130,130,12,6,6,12,9,3,486,258,228
SAN PATRICIO COUNTY,409,25 Years,729,376,353,278,146,132,11,8,3,11,5,6,429,217,212
SAN PATRICIO COUNTY,409,26 Years,752,381,371,285,146,139,12,9,3,19,9,10,436,217,219
SAN PATRICIO COUNTY,409,27 Years,696,343,353,259,137,122,7,5,2,19,8,11,411,193,218
SAN PATRICIO COUNTY,409,28 Years,705,370,335,273,155,118,13,8,5,11,6,5,408,201,207
SAN PATRICIO COUNTY,409,29 Years,715,365,350,256,139,117,13,8,5,14,6,8,432,212,220
SAN PATRICIO COUNTY,409,30 Years,753,361,392,286,141,145,14,10,4,14,7,7,439,203,236
SAN PATRICIO COUNTY,409,31 Years,753,366,387,272,129,143,14,7,7,12,7,5,455,223,232
SAN PATRICIO COUNTY,409,32 Years,746,369,377,278,140,138,12,6,6,16,9,7,440,214,226
SAN PATRICIO COUNTY,409,33 Years,782,380,402,289,137,152,10,6,4,15,6,9,468,231,237
SAN PATRICIO COUNTY,409,34 Years,769,390,379,287,142,145,12,9,3,11,6,5,459,233,226
SAN PATRICIO COUNTY,409,35 Years,721,361,360,279,144,135,13,6,7,14,9,5,415,202,213
SAN PATRICIO COUNTY,409,36 Years,728,358,370,286,142,144,11,5,6,21,9,12,410,202,208
SAN PATRICIO COUNTY,409,37 Years,732,374,358,270,142,128,13,9,4,20,9,11,429,214,215
SAN PATRICIO COUNTY,409,38 Years,707,354,353,271,135,136,8,4,4,22,10,12,406,205,201
SAN PATRICIO COUNTY,409,39 Years,681,328,353,264,127,137,8,4,4,17,9,8,392,188,204
SAN PATRICIO COUNTY,409,40 Years,741,353,388,301,145,156,10,5,5,13,7,6,417,196,221
SAN PATRICIO COUNTY,409,41 Years,781,373,408,322,160,162,14,7,7,15,5,10,430,201,229
SAN PATRICIO COUNTY,409,42 Years,834,403,431,336,164,172,17,12,5,14,5,9,467,222,245
SAN PATRICIO COUNTY,409,43 Years,858,403,455,366,164,202,14,8,6,15,7,8,463,224,239
SAN PATRICIO COUNTY,409,44 Years,801,418,383,329,168,161,12,7,5,18,11,7,442,232,210
SAN PATRICIO COUNTY,409,45 Years,787,382,405,308,160,148,10,6,4,26,11,15,443,205,238
SAN PATRICIO COUNTY,409,46 Years,780,386,394,316,165,151,15,9,6,18,7,11,431,205,226
SAN PATRICIO COUNTY,409,47 Years,854,418,436,373,195,178,12,7,5,13,4,9,456,212,244
SAN PATRICIO COUNTY,409,48 Years,915,436,479,409,203,206,13,7,6,19,8,11,474,218,256
SAN PATRICIO COUNTY,409,49 Years,906,444,462,405,202,203,17,10,7,18,6,12,466,226,240
SAN PATRICIO COUNTY,409,50 Years,918,465,453,412,199,213,15,9,6,26,12,14,465,245,220
SAN PATRICIO COUNTY,409,51 Years,932,452,480,432,208,224,16,10,6,25,11,14,459,223,236
SAN PATRICIO COUNTY,409,52 Years,948,478,470,475,245,230,17,11,6,21,9,12,435,213,222
SAN PATRICIO COUNTY,409,53 Years,944,458,486,464,222,242,11,5,6,22,11,11,447,220,227
SAN PATRICIO COUNTY,409,54 Years,900,451,449,458,231,227,11,5,6,22,7,15,409,208,201
SAN PATRICIO COUNTY,409,55 Years,867,424,443,439,217,222,15,8,7,26,9,17,387,190,197
SAN PATRICIO COUNTY,409,56 Years,842,421,421,421,212,209,12,6,6,24,10,14,385,193,192
SAN PATRICIO COUNTY,409,57 Years,850,421,429,411,208,203,14,7,7,19,8,11,406,198,208
SAN PATRICIO COUNTY,409,58 Years,860,449,411,407,216,191,15,8,7,16,7,9,422,218,204
SAN PATRICIO COUNTY,409,59 Years,882,444,438,444,224,220,17,11,6,20,8,12,401,201,200
SAN PATRICIO COUNTY,409,60 Years,826,422,404,414,218,196,10,8,2,18,8,10,384,188,196
SAN PATRICIO COUNTY,409,61 Years,750,383,367,406,209,197,10,6,4,13,6,7,321,162,159
SAN PATRICIO COUNTY,409,62 Years,726,352,374,374,180,194,7,3,4,16,9,7,329,160,169
SAN PATRICIO COUNTY,409,63 Years,726,358,368,374,183,191,9,5,4,12,5,7,331,165,166
SAN PATRICIO COUNTY,409,64 Years,705,339,366,359,170,189,7,4,3,12,7,5,327,158,169
SAN PATRICIO COUNTY,409,65 Years,728,365,363,381,193,188,8,5,3,16,6,10,323,161,162
SAN PATRICIO COUNTY,409,66 Years,729,352,377,394,191,203,11,7,4,11,6,5,313,148,165
SAN PATRICIO COUNTY,409,67 Years,598,294,304,288,140,148,5,3,2,15,5,10,290,146,144
SAN PATRICIO COUNTY,409,68 Years,592,281,311,305,141,164,6,3,3,12,1,11,269,136,133
SAN PATRICIO COUNTY,409,69 Years,582,273,309,311,144,167,5,4,1,12,1,11,254,124,130
SAN PATRICIO COUNTY,409,70 Years,534,240,294,299,137,162,7,4,3,9,2,7,219,97,122
SAN PATRICIO COUNTY,409,71 Years,460,212,248,272,133,139,4,1,3,9,4,5,175,74,101
SAN PATRICIO COUNTY,409,72 Years,448,208,240,268,137,131,4,2,2,5,2,3,171,67,104
SAN PATRICIO COUNTY,409,73 Years,413,200,213,227,112,115,6,2,4,4,1,3,176,85,91
SAN PATRICIO COUNTY,409,74 Years,372,171,201,219,100,119,3,1,2,5,3,2,145,67,78
SAN PATRICIO COUNTY,409,75 Years,399,182,217,241,110,131,8,4,4,6,4,2,144,64,80
SAN PATRICIO COUNTY,409,76 Years,336,163,173,207,104,103,7,3,4,2,1,1,120,55,65
SAN PATRICIO COUNTY,409,77 Years,324,153,171,203,102,101,6,3,3,1,1,0,114,47,67
SAN PATRICIO COUNTY,409,78 Years,344,156,188,206,95,111,6,2,4,3,1,2,129,58,71
SAN PATRICIO COUNTY,409,79 Years,322,154,168,195,98,97,4,2,2,3,2,1,120,52,68
SAN PATRICIO COUNTY,409,80 Years,282,135,147,168,85,83,4,3,1,3,2,1,107,45,62
SAN PATRICIO COUNTY,409,81 Years,274,116,158,161,70,91,3,3,0,4,0,4,106,43,63
SAN PATRICIO COUNTY,409,82 Years,245,96,149,147,59,88,2,0,2,3,1,2,93,36,57
SAN PATRICIO COUNTY,409,83 Years,208,88,120,124,56,68,5,1,4,2,1,1,77,30,47
SAN PATRICIO COUNTY,409,84 Years,189,83,106,118,56,62,6,3,3,1,1,0,64,23,41
SAN PATRICIO COUNTY,409,85 Years +,1037,380,657,604,232,372,18,5,13,13,3,10,402,140,262
SAN SABA COUNTY,411,All Ages,6048,3335,2713,3992,2071,1921,185,174,11,88,41,47,1783,1049,734
SAN SABA COUNTY,411,< 1 Year,61,32,29,32,17,15,0,0,0,1,1,0,28,14,14
SAN SABA COUNTY,411,1 Years,60,30,30,32,17,15,0,0,0,1,0,1,27,13,14
SAN SABA COUNTY,411,2 Years,57,30,27,31,16,15,0,0,0,1,1,0,25,13,12
SAN SABA COUNTY,411,3 Years,65,33,32,35,14,21,0,0,0,0,0,0,30,19,11
SAN SABA COUNTY,411,4 Years,68,31,37,33,14,19,1,1,0,0,0,0,34,16,18
SAN SABA COUNTY,411,5 Years,76,30,46,34,12,22,0,0,0,1,1,0,41,17,24
SAN SABA COUNTY,411,6 Years,68,32,36,39,18,21,0,0,0,0,0,0,29,14,15
SAN SABA COUNTY,411,7 Years,63,28,35,35,15,20,0,0,0,1,1,0,27,12,15
SAN SABA COUNTY,411,8 Years,56,26,30,28,13,15,0,0,0,1,1,0,27,12,15
SAN SABA COUNTY,411,9 Years,67,33,34,36,19,17,0,0,0,1,1,0,30,13,17
SAN SABA COUNTY,411,10 Years,65,38,27,38,21,17,0,0,0,1,1,0,26,16,10
SAN SABA COUNTY,411,11 Years,65,36,29,31,18,13,0,0,0,4,0,4,30,18,12
SAN SABA COUNTY,411,12 Years,63,35,28,33,17,16,1,0,1,1,0,1,28,18,10
SAN SABA COUNTY,411,13 Years,63,35,28,40,24,16,0,0,0,0,0,0,23,11,12
SAN SABA COUNTY,411,14 Years,58,28,30,40,19,21,0,0,0,1,0,1,17,9,8
SAN SABA COUNTY,411,15 Years,59,31,28,36,18,18,0,0,0,1,0,1,22,13,9
SAN SABA COUNTY,411,16 Years,86,47,39,46,23,23,1,1,0,2,0,2,37,23,14
SAN SABA COUNTY,411,17 Years,86,54,32,48,30,18,1,1,0,1,1,0,36,22,14
SAN SABA COUNTY,411,18 Years,79,47,32,46,30,16,1,1,0,2,0,2,30,16,14
SAN SABA COUNTY,411,19 Years,93,63,30,43,28,15,7,5,2,0,0,0,43,30,13
SAN SABA COUNTY,411,20 Years,101,63,38,46,28,18,10,6,4,2,1,1,43,28,15
SAN SABA COUNTY,411,21 Years,108,75,33,43,28,15,12,10,2,2,1,1,51,36,15
SAN SABA COUNTY,411,22 Years,91,64,27,46,32,14,6,6,0,1,0,1,38,26,12
SAN SABA COUNTY,411,23 Years,105,76,29,49,33,16,6,6,0,1,0,1,49,37,12
SAN SABA COUNTY,411,24 Years,102,75,27,37,23,14,20,20,0,0,0,0,45,32,13
SAN SABA COUNTY,411,25 Years,101,77,24,38,30,8,11,11,0,1,0,1,51,36,15
SAN SABA COUNTY,411,26 Years,97,72,25,42,29,13,14,14,0,1,0,1,40,29,11
SAN SABA COUNTY,411,27 Years,98,74,24,42,31,11,9,9,0,0,0,0,47,34,13
SAN SABA COUNTY,411,28 Years,88,71,17,44,35,9,9,9,0,0,0,0,35,27,8
SAN SABA COUNTY,411,29 Years,94,71,23,54,37,17,10,10,0,2,2,0,28,22,6
SAN SABA COUNTY,411,30 Years,88,68,20,41,30,11,12,12,0,3,2,1,32,24,8
SAN SABA COUNTY,411,31 Years,84,62,22,40,29,11,14,14,0,2,2,0,28,17,11
SAN SABA COUNTY,411,32 Years,90,61,29,49,32,17,8,8,0,0,0,0,33,21,12
SAN SABA COUNTY,411,33 Years,57,40,17,28,16,12,7,7,0,0,0,0,22,17,5
SAN SABA COUNTY,411,34 Years,56,40,16,33,23,10,7,7,0,1,1,0,15,9,6
SAN SABA COUNTY,411,35 Years,50,31,19,31,16,15,5,5,0,1,1,0,13,9,4
SAN SABA COUNTY,411,36 Years,41,17,24,25,11,14,1,1,0,3,1,2,12,4,8
SAN SABA COUNTY,411,37 Years,36,14,22,22,7,15,2,2,0,1,0,1,11,5,6
SAN SABA COUNTY,411,38 Years,52,26,26,31,13,18,3,3,0,0,0,0,18,10,8
SAN SABA COUNTY,411,39 Years,51,27,24,31,16,15,2,1,1,0,0,0,18,10,8
SAN SABA COUNTY,411,40 Years,50,28,22,30,19,11,0,0,0,0,0,0,20,9,11
SAN SABA COUNTY,411,41 Years,56,25,31,34,17,17,0,0,0,4,1,3,18,7,11
SAN SABA COUNTY,411,42 Years,54,26,28,36,19,17,0,0,0,3,0,3,15,7,8
SAN SABA COUNTY,411,43 Years,66,29,37,44,20,24,0,0,0,1,0,1,21,9,12
SAN SABA COUNTY,411,44 Years,71,38,33,44,22,22,1,1,0,0,0,0,26,15,11
SAN SABA COUNTY,411,45 Years,58,32,26,35,18,17,0,0,0,1,1,0,22,13,9
SAN SABA COUNTY,411,46 Years,48,23,25,30,13,17,0,0,0,0,0,0,18,10,8
SAN SABA COUNTY,411,47 Years,65,40,25,40,25,15,0,0,0,1,1,0,24,14,10
SAN SABA COUNTY,411,48 Years,71,41,30,47,28,19,0,0,0,1,1,0,23,12,11
SAN SABA COUNTY,411,49 Years,74,37,37,58,27,31,0,0,0,0,0,0,16,10,6
SAN SABA COUNTY,411,50 Years,69,34,35,53,23,30,0,0,0,0,0,0,16,11,5
SAN SABA COUNTY,411,51 Years,68,32,36,41,17,24,0,0,0,4,3,1,23,12,11
SAN SABA COUNTY,411,52 Years,75,35,40,49,20,29,1,1,0,3,2,1,22,12,10
SAN SABA COUNTY,411,53 Years,75,39,36,53,26,27,0,0,0,3,1,2,19,12,7
SAN SABA COUNTY,411,54 Years,84,44,40,66,33,33,0,0,0,0,0,0,18,11,7
SAN SABA COUNTY,411,55 Years,82,42,40,63,29,34,0,0,0,1,1,0,18,12,6
SAN SABA COUNTY,411,56 Years,70,29,41,53,21,32,0,0,0,2,0,2,15,8,7
SAN SABA COUNTY,411,57 Years,76,29,47,60,26,34,0,0,0,2,0,2,14,3,11
SAN SABA COUNTY,411,58 Years,70,32,38,58,27,31,1,1,0,2,1,1,9,3,6
SAN SABA COUNTY,411,59 Years,95,51,44,79,42,37,0,0,0,1,1,0,15,8,7
SAN SABA COUNTY,411,60 Years,88,44,44,75,36,39,0,0,0,0,0,0,13,8,5
SAN SABA COUNTY,411,61 Years,90,45,45,77,35,42,0,0,0,1,1,0,12,9,3
SAN SABA COUNTY,411,62 Years,93,48,45,81,42,39,1,1,0,0,0,0,11,5,6
SAN SABA COUNTY,411,63 Years,81,43,38,73,40,33,0,0,0,1,0,1,7,3,4
SAN SABA COUNTY,411,64 Years,78,38,40,67,32,35,0,0,0,2,2,0,9,4,5
SAN SABA COUNTY,411,65 Years,91,40,51,79,35,44,0,0,0,3,1,2,9,4,5
SAN SABA COUNTY,411,66 Years,102,51,51,85,43,42,0,0,0,2,1,1,15,7,8
SAN SABA COUNTY,411,67 Years,88,41,47,72,34,38,0,0,0,1,1,0,15,6,9
SAN SABA COUNTY,411,68 Years,75,41,34,64,35,29,0,0,0,1,1,0,10,5,5
SAN SABA COUNTY,411,69 Years,80,37,43,66,30,36,0,0,0,3,1,2,11,6,5
SAN SABA COUNTY,411,70 Years,71,36,35,62,30,32,0,0,0,1,1,0,8,5,3
SAN SABA COUNTY,411,71 Years,61,31,30,54,27,27,0,0,0,1,0,1,6,4,2
SAN SABA COUNTY,411,72 Years,64,34,30,58,31,27,0,0,0,1,0,1,5,3,2
SAN SABA COUNTY,411,73 Years,52,26,26,45,22,23,0,0,0,0,0,0,7,4,3
SAN SABA COUNTY,411,74 Years,49,26,23,40,21,19,0,0,0,1,0,1,8,5,3
SAN SABA COUNTY,411,75 Years,49,26,23,44,23,21,0,0,0,0,0,0,5,3,2
SAN SABA COUNTY,411,76 Years,42,22,20,38,20,18,0,0,0,0,0,0,4,2,2
SAN SABA COUNTY,411,77 Years,40,23,17,34,19,15,0,0,0,0,0,0,6,4,2
SAN SABA COUNTY,411,78 Years,45,18,27,43,17,26,0,0,0,0,0,0,2,1,1
SAN SABA COUNTY,411,79 Years,40,18,22,36,15,21,0,0,0,0,0,0,4,3,1
SAN SABA COUNTY,411,80 Years,38,17,21,37,17,20,1,0,1,0,0,0,0,0,0
SAN SABA COUNTY,411,81 Years,41,22,19,39,21,18,0,0,0,0,0,0,2,1,1
SAN SABA COUNTY,411,82 Years,36,13,23,31,12,19,0,0,0,0,0,0,5,1,4
SAN SABA COUNTY,411,83 Years,35,15,20,33,15,18,0,0,0,0,0,0,2,0,2
SAN SABA COUNTY,411,84 Years,32,14,18,31,13,18,0,0,0,0,0,0,1,1,0
SAN SABA COUNTY,411,85 Years +,162,57,105,147,52,95,0,0,0,0,0,0,15,5,10
SCHLEICHER COUNTY,413,All Ages,3439,1711,1728,1840,920,920,28,15,13,18,7,11,1553,769,784
SCHLEICHER COUNTY,413,< 1 Year,42,21,21,14,7,7,0,0,0,0,0,0,28,14,14
SCHLEICHER COUNTY,413,1 Years,43,23,20,17,9,8,0,0,0,0,0,0,26,14,12
SCHLEICHER COUNTY,413,2 Years,44,23,21,20,11,9,0,0,0,0,0,0,24,12,12
SCHLEICHER COUNTY,413,3 Years,61,35,26,38,23,15,0,0,0,0,0,0,23,12,11
SCHLEICHER COUNTY,413,4 Years,68,35,33,41,22,19,0,0,0,0,0,0,27,13,14
SCHLEICHER COUNTY,413,5 Years,61,28,33,33,15,18,0,0,0,0,0,0,28,13,15
SCHLEICHER COUNTY,413,6 Years,71,37,34,36,22,14,1,1,0,1,0,1,33,14,19
SCHLEICHER COUNTY,413,7 Years,68,42,26,35,24,11,2,1,1,0,0,0,31,17,14
SCHLEICHER COUNTY,413,8 Years,65,42,23,33,23,10,1,1,0,0,0,0,31,18,13
SCHLEICHER COUNTY,413,9 Years,58,33,25,34,21,13,0,0,0,1,1,0,23,11,12
SCHLEICHER COUNTY,413,10 Years,56,30,26,32,17,15,0,0,0,1,1,0,23,12,11
SCHLEICHER COUNTY,413,11 Years,64,27,37,36,16,20,1,1,0,0,0,0,27,10,17
SCHLEICHER COUNTY,413,12 Years,69,32,37,33,17,16,2,1,1,0,0,0,34,14,20
SCHLEICHER COUNTY,413,13 Years,55,28,27,27,15,12,1,0,1,1,0,1,26,13,13
SCHLEICHER COUNTY,413,14 Years,62,28,34,34,18,16,1,0,1,1,0,1,26,10,16
SCHLEICHER COUNTY,413,15 Years,63,34,29,32,18,14,0,0,0,1,0,1,30,16,14
SCHLEICHER COUNTY,413,16 Years,49,20,29,25,11,14,1,0,1,0,0,0,23,9,14
SCHLEICHER COUNTY,413,17 Years,43,18,25,20,10,10,1,0,1,0,0,0,22,8,14
SCHLEICHER COUNTY,413,18 Years,57,30,27,21,9,12,0,0,0,0,0,0,36,21,15
SCHLEICHER COUNTY,413,19 Years,44,22,22,17,8,9,0,0,0,0,0,0,27,14,13
SCHLEICHER COUNTY,413,20 Years,45,24,21,16,11,5,2,1,1,0,0,0,27,12,15
SCHLEICHER COUNTY,413,21 Years,45,23,22,16,10,6,0,0,0,2,1,1,27,12,15
SCHLEICHER COUNTY,413,22 Years,34,16,18,14,7,7,0,0,0,0,0,0,20,9,11
SCHLEICHER COUNTY,413,23 Years,39,16,23,11,3,8,0,0,0,0,0,0,28,13,15
SCHLEICHER COUNTY,413,24 Years,32,12,20,10,3,7,0,0,0,0,0,0,22,9,13
SCHLEICHER COUNTY,413,25 Years,35,15,20,17,6,11,1,0,1,0,0,0,17,9,8
SCHLEICHER COUNTY,413,26 Years,33,19,14,16,8,8,0,0,0,0,0,0,17,11,6
SCHLEICHER COUNTY,413,27 Years,39,18,21,21,9,12,0,0,0,0,0,0,18,9,9
SCHLEICHER COUNTY,413,28 Years,48,24,24,24,11,13,0,0,0,1,0,1,23,13,10
SCHLEICHER COUNTY,413,29 Years,44,21,23,22,10,12,0,0,0,0,0,0,22,11,11
SCHLEICHER COUNTY,413,30 Years,31,14,17,13,7,6,0,0,0,1,0,1,17,7,10
SCHLEICHER COUNTY,413,31 Years,37,21,16,18,10,8,0,0,0,0,0,0,19,11,8
SCHLEICHER COUNTY,413,32 Years,44,23,21,18,8,10,0,0,0,0,0,0,26,15,11
SCHLEICHER COUNTY,413,33 Years,43,18,25,21,8,13,0,0,0,0,0,0,22,10,12
SCHLEICHER COUNTY,413,34 Years,39,20,19,17,9,8,0,0,0,0,0,0,22,11,11
SCHLEICHER COUNTY,413,35 Years,37,19,18,15,7,8,0,0,0,0,0,0,22,12,10
SCHLEICHER COUNTY,413,36 Years,30,13,17,15,7,8,0,0,0,0,0,0,15,6,9
SCHLEICHER COUNTY,413,37 Years,35,17,18,18,8,10,0,0,0,0,0,0,17,9,8
SCHLEICHER COUNTY,413,38 Years,26,12,14,15,6,9,0,0,0,0,0,0,11,6,5
SCHLEICHER COUNTY,413,39 Years,35,16,19,17,8,9,0,0,0,0,0,0,18,8,10
SCHLEICHER COUNTY,413,40 Years,38,17,21,19,10,9,0,0,0,0,0,0,19,7,12
SCHLEICHER COUNTY,413,41 Years,50,24,26,27,13,14,0,0,0,0,0,0,23,11,12
SCHLEICHER COUNTY,413,42 Years,54,30,24,29,16,13,0,0,0,0,0,0,25,14,11
SCHLEICHER COUNTY,413,43 Years,41,18,23,22,9,13,0,0,0,0,0,0,19,9,10
SCHLEICHER COUNTY,413,44 Years,39,15,24,18,7,11,0,0,0,1,1,0,20,7,13
SCHLEICHER COUNTY,413,45 Years,32,15,17,18,10,8,0,0,0,1,0,1,13,5,8
SCHLEICHER COUNTY,413,46 Years,32,14,18,14,4,10,1,0,1,0,0,0,17,10,7
SCHLEICHER COUNTY,413,47 Years,40,23,17,15,6,9,1,1,0,0,0,0,24,16,8
SCHLEICHER COUNTY,413,48 Years,37,18,19,16,7,9,0,0,0,1,1,0,20,10,10
SCHLEICHER COUNTY,413,49 Years,40,19,21,20,10,10,1,1,0,0,0,0,19,8,11
SCHLEICHER COUNTY,413,50 Years,43,20,23,22,11,11,2,2,0,0,0,0,19,7,12
SCHLEICHER COUNTY,413,51 Years,46,24,22,21,11,10,2,1,1,0,0,0,23,12,11
SCHLEICHER COUNTY,413,52 Years,32,15,17,16,7,9,1,1,0,0,0,0,15,7,8
SCHLEICHER COUNTY,413,53 Years,37,18,19,21,9,12,0,0,0,0,0,0,16,9,7
SCHLEICHER COUNTY,413,54 Years,37,19,18,21,10,11,1,1,0,0,0,0,15,8,7
SCHLEICHER COUNTY,413,55 Years,35,18,17,18,9,9,1,1,0,0,0,0,16,8,8
SCHLEICHER COUNTY,413,56 Years,40,19,21,23,11,12,0,0,0,0,0,0,17,8,9
SCHLEICHER COUNTY,413,57 Years,44,22,22,27,13,14,0,0,0,0,0,0,17,9,8
SCHLEICHER COUNTY,413,58 Years,41,19,22,29,13,16,0,0,0,0,0,0,12,6,6
SCHLEICHER COUNTY,413,59 Years,41,22,19,24,13,11,0,0,0,0,0,0,17,9,8
SCHLEICHER COUNTY,413,60 Years,48,28,20,33,20,13,0,0,0,0,0,0,15,8,7
SCHLEICHER COUNTY,413,61 Years,46,25,21,33,17,16,0,0,0,1,0,1,12,8,4
SCHLEICHER COUNTY,413,62 Years,47,28,19,30,17,13,1,1,0,1,0,1,15,10,5
SCHLEICHER COUNTY,413,63 Years,45,24,21,23,12,11,0,0,0,0,0,0,22,12,10
SCHLEICHER COUNTY,413,64 Years,42,18,24,24,10,14,1,0,1,0,0,0,17,8,9
SCHLEICHER COUNTY,413,65 Years,35,19,16,21,10,11,0,0,0,0,0,0,14,9,5
SCHLEICHER COUNTY,413,66 Years,42,20,22,27,14,13,0,0,0,0,0,0,15,6,9
SCHLEICHER COUNTY,413,67 Years,34,17,17,22,12,10,1,0,1,1,1,0,10,4,6
SCHLEICHER COUNTY,413,68 Years,27,13,14,18,9,9,0,0,0,1,0,1,8,4,4
SCHLEICHER COUNTY,413,69 Years,28,15,13,23,12,11,0,0,0,0,0,0,5,3,2
SCHLEICHER COUNTY,413,70 Years,31,14,17,22,8,14,0,0,0,0,0,0,9,6,3
SCHLEICHER COUNTY,413,71 Years,27,16,11,17,11,6,0,0,0,1,1,0,9,4,5
SCHLEICHER COUNTY,413,72 Years,27,10,17,20,8,12,0,0,0,0,0,0,7,2,5
SCHLEICHER COUNTY,413,73 Years,29,15,14,19,9,10,0,0,0,0,0,0,10,6,4
SCHLEICHER COUNTY,413,74 Years,19,9,10,13,5,8,0,0,0,0,0,0,6,4,2
SCHLEICHER COUNTY,413,75 Years,17,5,12,15,4,11,1,0,1,0,0,0,1,1,0
SCHLEICHER COUNTY,413,76 Years,20,11,9,16,9,7,0,0,0,0,0,0,4,2,2
SCHLEICHER COUNTY,413,77 Years,25,12,13,21,11,10,0,0,0,0,0,0,4,1,3
SCHLEICHER COUNTY,413,78 Years,16,9,7,12,7,5,0,0,0,0,0,0,4,2,2
SCHLEICHER COUNTY,413,79 Years,20,8,12,14,5,9,0,0,0,0,0,0,6,3,3
SCHLEICHER COUNTY,413,80 Years,14,6,8,10,4,6,0,0,0,0,0,0,4,2,2
SCHLEICHER COUNTY,413,81 Years,19,10,9,13,6,7,0,0,0,0,0,0,6,4,2
SCHLEICHER COUNTY,413,82 Years,19,10,9,13,7,6,0,0,0,0,0,0,6,3,3
SCHLEICHER COUNTY,413,83 Years,11,7,4,8,5,3,0,0,0,0,0,0,3,2,1
SCHLEICHER COUNTY,413,84 Years,12,5,7,10,5,5,0,0,0,0,0,0,2,0,2
SCHLEICHER COUNTY,413,85 Years +,46,19,27,31,12,19,0,0,0,0,0,0,15,7,8
SCURRY COUNTY,415,All Ages,17483,9375,8108,9745,5025,4720,780,572,208,246,113,133,6712,3665,3047
SCURRY COUNTY,415,< 1 Year,240,120,120,105,55,50,6,3,3,4,2,2,125,60,65
SCURRY COUNTY,415,1 Years,239,122,117,110,56,54,5,3,2,4,2,2,120,61,59
SCURRY COUNTY,415,2 Years,239,124,115,111,57,54,5,3,2,3,2,1,120,62,58
SCURRY COUNTY,415,3 Years,250,128,122,99,53,46,3,0,3,4,1,3,144,74,70
SCURRY COUNTY,415,4 Years,255,139,116,99,53,46,4,2,2,5,3,2,147,81,66
SCURRY COUNTY,415,5 Years,270,145,125,108,59,49,4,1,3,6,3,3,152,82,70
SCURRY COUNTY,415,6 Years,255,140,115,111,64,47,5,4,1,4,2,2,135,70,65
SCURRY COUNTY,415,7 Years,270,146,124,103,52,51,6,5,1,5,2,3,156,87,69
SCURRY COUNTY,415,8 Years,257,143,114,97,51,46,7,5,2,6,3,3,147,84,63
SCURRY COUNTY,415,9 Years,239,125,114,90,52,38,5,4,1,9,4,5,135,65,70
SCURRY COUNTY,415,10 Years,228,110,118,83,40,43,3,3,0,8,2,6,134,65,69
SCURRY COUNTY,415,11 Years,223,110,113,94,45,49,5,3,2,6,1,5,118,61,57
SCURRY COUNTY,415,12 Years,235,117,118,106,55,51,3,2,1,6,2,4,120,58,62
SCURRY COUNTY,415,13 Years,230,112,118,103,49,54,4,2,2,5,2,3,118,59,59
SCURRY COUNTY,415,14 Years,222,111,111,102,54,48,5,2,3,6,2,4,109,53,56
SCURRY COUNTY,415,15 Years,223,122,101,108,63,45,5,2,3,7,4,3,103,53,50
SCURRY COUNTY,415,16 Years,256,128,128,125,68,57,5,1,4,7,5,2,119,54,65
SCURRY COUNTY,415,17 Years,224,114,110,97,48,49,6,3,3,4,3,1,117,60,57
SCURRY COUNTY,415,18 Years,223,122,101,94,55,39,13,10,3,3,2,1,113,55,58
SCURRY COUNTY,415,19 Years,238,135,103,108,57,51,13,10,3,6,2,4,111,66,45
SCURRY COUNTY,415,20 Years,258,148,110,116,64,52,13,10,3,4,2,2,125,72,53
SCURRY COUNTY,415,21 Years,278,158,120,114,63,51,17,15,2,4,1,3,143,79,64
SCURRY COUNTY,415,22 Years,286,171,115,119,69,50,28,24,4,3,1,2,136,77,59
SCURRY COUNTY,415,23 Years,279,169,110,136,73,63,37,28,9,2,0,2,104,68,36
SCURRY COUNTY,415,24 Years,248,143,105,123,68,55,26,20,6,2,1,1,97,54,43
SCURRY COUNTY,415,25 Years,215,128,87,109,62,47,15,12,3,1,1,0,90,53,37
SCURRY COUNTY,415,26 Years,219,129,90,118,70,48,13,10,3,1,1,0,87,48,39
SCURRY COUNTY,415,27 Years,225,128,97,110,60,50,18,13,5,2,2,0,95,53,42
SCURRY COUNTY,415,28 Years,223,140,83,99,57,42,22,21,1,3,1,2,99,61,38
SCURRY COUNTY,415,29 Years,220,125,95,112,56,56,16,15,1,3,2,1,89,52,37
SCURRY COUNTY,415,30 Years,216,116,100,102,48,54,14,13,1,1,1,0,99,54,45
SCURRY COUNTY,415,31 Years,251,146,105,119,66,53,15,13,2,5,3,2,112,64,48
SCURRY COUNTY,415,32 Years,240,137,103,105,54,51,17,15,2,2,0,2,116,68,48
SCURRY COUNTY,415,33 Years,226,129,97,118,66,52,13,10,3,5,3,2,90,50,40
SCURRY COUNTY,415,34 Years,226,128,98,120,67,53,8,7,1,4,2,2,94,52,42
SCURRY COUNTY,415,35 Years,201,114,87,107,58,49,14,11,3,5,2,3,75,43,32
SCURRY COUNTY,415,36 Years,195,116,79,105,62,43,12,10,2,3,1,2,75,43,32
SCURRY COUNTY,415,37 Years,192,108,84,100,55,45,8,6,2,1,1,0,83,46,37
SCURRY COUNTY,415,38 Years,178,98,80,89,45,44,10,8,2,2,1,1,77,44,33
SCURRY COUNTY,415,39 Years,199,119,80,107,64,43,13,11,2,1,1,0,78,43,35
SCURRY COUNTY,415,40 Years,214,135,79,103,61,42,19,16,3,5,5,0,87,53,34
SCURRY COUNTY,415,41 Years,221,130,91,118,74,44,14,12,2,3,1,2,86,43,43
SCURRY COUNTY,415,42 Years,244,147,97,133,76,57,12,9,3,6,1,5,93,61,32
SCURRY COUNTY,415,43 Years,199,111,88,114,61,53,6,5,1,4,1,3,75,44,31
SCURRY COUNTY,415,44 Years,198,114,84,115,62,53,9,7,2,1,0,1,73,45,28
SCURRY COUNTY,415,45 Years,201,115,86,112,63,49,7,6,1,2,0,2,80,46,34
SCURRY COUNTY,415,46 Years,196,116,80,102,61,41,11,7,4,1,0,1,82,48,34
SCURRY COUNTY,415,47 Years,213,123,90,113,63,50,16,13,3,2,2,0,82,45,37
SCURRY COUNTY,415,48 Years,219,123,96,129,67,62,12,11,1,2,1,1,76,44,32
SCURRY COUNTY,415,49 Years,228,138,90,128,72,56,15,11,4,2,1,1,83,54,29
SCURRY COUNTY,415,50 Years,263,151,112,164,87,77,9,8,1,3,1,2,87,55,32
SCURRY COUNTY,415,51 Years,229,127,102,152,81,71,6,6,0,3,2,1,68,38,30
SCURRY COUNTY,415,52 Years,241,130,111,163,89,74,10,8,2,3,1,2,65,32,33
SCURRY COUNTY,415,53 Years,252,132,120,172,87,85,14,11,3,5,4,1,61,30,31
SCURRY COUNTY,415,54 Years,244,128,116,159,76,83,12,10,2,2,1,1,71,41,30
SCURRY COUNTY,415,55 Years,239,130,109,155,79,76,12,10,2,2,2,0,70,39,31
SCURRY COUNTY,415,56 Years,235,121,114,155,79,76,10,5,5,4,2,2,66,35,31
SCURRY COUNTY,415,57 Years,230,131,99,152,84,68,10,6,4,2,2,0,66,39,27
SCURRY COUNTY,415,58 Years,236,136,100,161,88,73,10,6,4,0,0,0,65,42,23
SCURRY COUNTY,415,59 Years,246,128,118,164,82,82,15,10,5,1,0,1,66,36,30
SCURRY COUNTY,415,60 Years,208,106,102,140,72,68,11,8,3,2,0,2,55,26,29
SCURRY COUNTY,415,61 Years,208,113,95,145,77,68,11,9,2,3,3,0,49,24,25
SCURRY COUNTY,415,62 Years,218,118,100,160,82,78,6,5,1,2,1,1,50,30,20
SCURRY COUNTY,415,63 Years,171,81,90,123,54,69,6,2,4,3,1,2,39,24,15
SCURRY COUNTY,415,64 Years,175,97,78,127,63,64,3,2,1,1,0,1,44,32,12
SCURRY COUNTY,415,65 Years,169,86,83,136,70,66,2,1,1,1,0,1,30,15,15
SCURRY COUNTY,415,66 Years,179,82,97,142,64,78,4,2,2,1,0,1,32,16,16
SCURRY COUNTY,415,67 Years,134,68,66,99,50,49,2,1,1,1,0,1,32,17,15
SCURRY COUNTY,415,68 Years,123,63,60,90,46,44,2,1,1,1,0,1,30,16,14
SCURRY COUNTY,415,69 Years,132,62,70,94,48,46,3,2,1,1,0,1,34,12,22
SCURRY COUNTY,415,70 Years,145,71,74,107,52,55,4,3,1,1,1,0,33,15,18
SCURRY COUNTY,415,71 Years,114,54,60,82,40,42,4,0,4,1,1,0,27,13,14
SCURRY COUNTY,415,72 Years,111,49,62,87,39,48,2,0,2,0,0,0,22,10,12
SCURRY COUNTY,415,73 Years,111,46,65,87,36,51,5,2,3,2,1,1,17,7,10
SCURRY COUNTY,415,74 Years,117,54,63,93,40,53,5,4,1,0,0,0,19,10,9
SCURRY COUNTY,415,75 Years,116,50,66,89,37,52,4,1,3,1,0,1,22,12,10
SCURRY COUNTY,415,76 Years,108,45,63,89,35,54,4,1,3,1,0,1,14,9,5
SCURRY COUNTY,415,77 Years,97,39,58,81,34,47,2,0,2,1,0,1,13,5,8
SCURRY COUNTY,415,78 Years,97,49,48,71,41,30,3,0,3,0,0,0,23,8,15
SCURRY COUNTY,415,79 Years,97,43,54,68,34,34,4,1,3,1,0,1,24,8,16
SCURRY COUNTY,415,80 Years,76,33,43,61,26,35,3,1,2,0,0,0,12,6,6
SCURRY COUNTY,415,81 Years,77,38,39,56,25,31,8,4,4,0,0,0,13,9,4
SCURRY COUNTY,415,82 Years,78,30,48,62,21,41,2,1,1,1,1,0,13,7,6
SCURRY COUNTY,415,83 Years,80,26,54,67,20,47,2,1,1,1,0,1,10,5,5
SCURRY COUNTY,415,84 Years,62,19,43,52,14,38,3,1,2,1,0,1,6,4,2
SCURRY COUNTY,415,85 Years +,341,124,217,292,100,192,5,2,3,4,1,3,40,21,19
SHACKELFORD COUNTY,417,All Ages,3406,1659,1747,2981,1439,1542,14,11,3,61,27,34,350,182,168
SHACKELFORD COUNTY,417,< 1 Year,38,19,19,32,16,16,0,0,0,0,0,0,6,3,3
SHACKELFORD COUNTY,417,1 Years,36,18,18,30,15,15,0,0,0,0,0,0,6,3,3
SHACKELFORD COUNTY,417,2 Years,35,18,17,29,15,14,0,0,0,0,0,0,6,3,3
SHACKELFORD COUNTY,417,3 Years,38,21,17,33,18,15,0,0,0,1,1,0,4,2,2
SHACKELFORD COUNTY,417,4 Years,38,16,22,30,12,18,0,0,0,3,1,2,5,3,2
SHACKELFORD COUNTY,417,5 Years,36,19,17,31,17,14,0,0,0,0,0,0,5,2,3
SHACKELFORD COUNTY,417,6 Years,52,24,28,43,20,23,0,0,0,2,0,2,7,4,3
SHACKELFORD COUNTY,417,7 Years,49,28,21,36,20,16,1,0,1,3,1,2,9,7,2
SHACKELFORD COUNTY,417,8 Years,46,25,21,35,17,18,2,2,0,3,2,1,6,4,2
SHACKELFORD COUNTY,417,9 Years,40,20,20,34,17,17,1,1,0,1,1,0,4,1,3
SHACKELFORD COUNTY,417,10 Years,36,19,17,32,18,14,0,0,0,0,0,0,4,1,3
SHACKELFORD COUNTY,417,11 Years,51,26,25,41,21,20,2,2,0,1,1,0,7,2,5
SHACKELFORD COUNTY,417,12 Years,52,27,25,44,22,22,1,1,0,1,1,0,6,3,3
SHACKELFORD COUNTY,417,13 Years,43,21,22,36,18,18,0,0,0,1,1,0,6,2,4
SHACKELFORD COUNTY,417,14 Years,55,23,32,44,18,26,0,0,0,1,1,0,10,4,6
SHACKELFORD COUNTY,417,15 Years,51,28,23,41,22,19,0,0,0,1,1,0,9,5,4
SHACKELFORD COUNTY,417,16 Years,39,20,19,31,16,15,0,0,0,2,1,1,6,3,3
SHACKELFORD COUNTY,417,17 Years,41,13,28,36,11,25,0,0,0,1,1,0,4,1,3
SHACKELFORD COUNTY,417,18 Years,53,24,29,44,18,26,0,0,0,0,0,0,9,6,3
SHACKELFORD COUNTY,417,19 Years,51,25,26,36,19,17,0,0,0,3,1,2,12,5,7
SHACKELFORD COUNTY,417,20 Years,46,21,25,34,16,18,0,0,0,2,0,2,10,5,5
SHACKELFORD COUNTY,417,21 Years,52,24,28,44,20,24,1,1,0,1,0,1,6,3,3
SHACKELFORD COUNTY,417,22 Years,42,22,20,36,18,18,1,1,0,1,0,1,4,3,1
SHACKELFORD COUNTY,417,23 Years,36,22,14,29,16,13,0,0,0,0,0,0,7,6,1
SHACKELFORD COUNTY,417,24 Years,27,15,12,21,12,9,0,0,0,0,0,0,6,3,3
SHACKELFORD COUNTY,417,25 Years,22,11,11,18,9,9,0,0,0,0,0,0,4,2,2
SHACKELFORD COUNTY,417,26 Years,31,19,12,25,14,11,0,0,0,0,0,0,6,5,1
SHACKELFORD COUNTY,417,27 Years,35,20,15,29,17,12,0,0,0,1,0,1,5,3,2
SHACKELFORD COUNTY,417,28 Years,43,23,20,37,20,17,1,1,0,0,0,0,5,2,3
SHACKELFORD COUNTY,417,29 Years,28,13,15,25,13,12,0,0,0,1,0,1,2,0,2
SHACKELFORD COUNTY,417,30 Years,23,8,15,20,7,13,0,0,0,2,1,1,1,0,1
SHACKELFORD COUNTY,417,31 Years,24,13,11,20,10,10,0,0,0,0,0,0,4,3,1
SHACKELFORD COUNTY,417,32 Years,27,14,13,23,12,11,0,0,0,1,1,0,3,1,2
SHACKELFORD COUNTY,417,33 Years,31,15,16,28,13,15,0,0,0,0,0,0,3,2,1
SHACKELFORD COUNTY,417,34 Years,28,16,12,25,14,11,0,0,0,0,0,0,3,2,1
SHACKELFORD COUNTY,417,35 Years,22,12,10,20,11,9,0,0,0,0,0,0,2,1,1
SHACKELFORD COUNTY,417,36 Years,24,13,11,23,13,10,0,0,0,0,0,0,1,0,1
SHACKELFORD COUNTY,417,37 Years,34,13,21,30,13,17,0,0,0,0,0,0,4,0,4
SHACKELFORD COUNTY,417,38 Years,41,20,21,36,18,18,0,0,0,0,0,0,5,2,3
SHACKELFORD COUNTY,417,39 Years,37,20,17,31,18,13,0,0,0,0,0,0,6,2,4
SHACKELFORD COUNTY,417,40 Years,34,16,18,29,13,16,0,0,0,0,0,0,5,3,2
SHACKELFORD COUNTY,417,41 Years,35,18,17,29,14,15,0,0,0,1,0,1,5,4,1
SHACKELFORD COUNTY,417,42 Years,42,17,25,38,16,22,0,0,0,1,0,1,3,1,2
SHACKELFORD COUNTY,417,43 Years,40,19,21,34,16,18,0,0,0,0,0,0,6,3,3
SHACKELFORD COUNTY,417,44 Years,38,23,15,32,20,12,0,0,0,0,0,0,6,3,3
SHACKELFORD COUNTY,417,45 Years,39,21,18,33,17,16,0,0,0,1,1,0,5,3,2
SHACKELFORD COUNTY,417,46 Years,44,22,22,36,16,20,1,1,0,0,0,0,7,5,2
SHACKELFORD COUNTY,417,47 Years,44,19,25,40,16,24,1,1,0,0,0,0,3,2,1
SHACKELFORD COUNTY,417,48 Years,44,24,20,38,21,17,0,0,0,1,1,0,5,2,3
SHACKELFORD COUNTY,417,49 Years,42,18,24,34,14,20,0,0,0,1,1,0,7,3,4
SHACKELFORD COUNTY,417,50 Years,51,18,33,41,14,27,0,0,0,1,0,1,9,4,5
SHACKELFORD COUNTY,417,51 Years,58,25,33,52,23,29,0,0,0,1,0,1,5,2,3
SHACKELFORD COUNTY,417,52 Years,69,40,29,63,36,27,0,0,0,1,1,0,5,3,2
SHACKELFORD COUNTY,417,53 Years,57,30,27,52,26,26,0,0,0,0,0,0,5,4,1
SHACKELFORD COUNTY,417,54 Years,55,27,28,53,26,27,0,0,0,0,0,0,2,1,1
SHACKELFORD COUNTY,417,55 Years,63,36,27,57,33,24,0,0,0,2,1,1,4,2,2
SHACKELFORD COUNTY,417,56 Years,51,26,25,47,23,24,0,0,0,1,1,0,3,2,1
SHACKELFORD COUNTY,417,57 Years,61,28,33,57,27,30,0,0,0,1,0,1,3,1,2
SHACKELFORD COUNTY,417,58 Years,59,28,31,56,27,29,0,0,0,1,1,0,2,0,2
SHACKELFORD COUNTY,417,59 Years,59,29,30,56,27,29,0,0,0,0,0,0,3,2,1
SHACKELFORD COUNTY,417,60 Years,49,24,25,46,22,24,0,0,0,1,1,0,2,1,1
SHACKELFORD COUNTY,417,61 Years,41,15,26,38,14,24,0,0,0,1,0,1,2,1,1
SHACKELFORD COUNTY,417,62 Years,38,12,26,36,12,24,0,0,0,0,0,0,2,0,2
SHACKELFORD COUNTY,417,63 Years,48,21,27,46,21,25,0,0,0,0,0,0,2,0,2
SHACKELFORD COUNTY,417,64 Years,47,23,24,44,21,23,0,0,0,0,0,0,3,2,1
SHACKELFORD COUNTY,417,65 Years,48,25,23,44,22,22,0,0,0,0,0,0,4,3,1
SHACKELFORD COUNTY,417,66 Years,46,27,19,42,24,18,0,0,0,0,0,0,4,3,1
SHACKELFORD COUNTY,417,67 Years,39,20,19,37,20,17,0,0,0,2,0,2,0,0,0
SHACKELFORD COUNTY,417,68 Years,31,19,12,28,17,11,0,0,0,1,1,0,2,1,1
SHACKELFORD COUNTY,417,69 Years,32,21,11,31,21,10,0,0,0,0,0,0,1,0,1
SHACKELFORD COUNTY,417,70 Years,37,19,18,33,17,16,0,0,0,1,0,1,3,2,1
SHACKELFORD COUNTY,417,71 Years,42,14,28,38,13,25,0,0,0,1,0,1,3,1,2
SHACKELFORD COUNTY,417,72 Years,28,11,17,27,10,17,0,0,0,0,0,0,1,1,0
SHACKELFORD COUNTY,417,73 Years,27,14,13,26,13,13,0,0,0,0,0,0,1,1,0
SHACKELFORD COUNTY,417,74 Years,25,16,9,23,14,9,0,0,0,0,0,0,2,2,0
SHACKELFORD COUNTY,417,75 Years,32,16,16,29,13,16,0,0,0,0,0,0,3,3,0
SHACKELFORD COUNTY,417,76 Years,24,11,13,23,10,13,0,0,0,0,0,0,1,1,0
SHACKELFORD COUNTY,417,77 Years,26,12,14,25,12,13,1,0,1,0,0,0,0,0,0
SHACKELFORD COUNTY,417,78 Years,26,11,15,26,11,15,0,0,0,0,0,0,0,0,0
SHACKELFORD COUNTY,417,79 Years,27,11,16,25,10,15,0,0,0,0,0,0,2,1,1
SHACKELFORD COUNTY,417,80 Years,23,9,14,20,8,12,1,0,1,2,1,1,0,0,0
SHACKELFORD COUNTY,417,81 Years,16,9,7,16,9,7,0,0,0,0,0,0,0,0,0
SHACKELFORD COUNTY,417,82 Years,16,7,9,16,7,9,0,0,0,0,0,0,0,0,0
SHACKELFORD COUNTY,417,83 Years,17,6,11,17,6,11,0,0,0,0,0,0,0,0,0
SHACKELFORD COUNTY,417,84 Years,20,5,15,19,5,14,0,0,0,0,0,0,1,0,1
SHACKELFORD COUNTY,417,85 Years +,83,29,54,77,28,49,0,0,0,6,1,5,0,0,0
SHELBY COUNTY,419,All Ages,25987,12947,13040,16533,8166,8367,4478,2121,2357,362,174,188,4614,2486,2128
SHELBY COUNTY,419,< 1 Year,361,186,175,185,96,89,65,33,32,12,6,6,99,51,48
SHELBY COUNTY,419,1 Years,361,185,176,188,96,92,70,36,34,8,5,3,95,48,47
SHELBY COUNTY,419,2 Years,353,181,172,185,95,90,68,35,33,9,5,4,91,46,45
SHELBY COUNTY,419,3 Years,373,179,194,177,91,86,63,28,35,9,3,6,124,57,67
SHELBY COUNTY,419,4 Years,383,202,181,184,96,88,68,36,32,10,5,5,121,65,56
SHELBY COUNTY,419,5 Years,383,190,193,191,87,104,73,40,33,10,5,5,109,58,51
SHELBY COUNTY,419,6 Years,375,193,182,196,94,102,74,44,30,8,5,3,97,50,47
SHELBY COUNTY,419,7 Years,382,207,175,203,109,94,65,37,28,9,4,5,105,57,48
SHELBY COUNTY,419,8 Years,385,202,183,210,117,93,64,28,36,10,4,6,101,53,48
SHELBY COUNTY,419,9 Years,388,202,186,210,110,100,66,35,31,6,3,3,106,54,52
SHELBY COUNTY,419,10 Years,384,203,181,197,102,95,72,38,34,6,3,3,109,60,49
SHELBY COUNTY,419,11 Years,367,197,170,192,109,83,59,30,29,5,3,2,111,55,56
SHELBY COUNTY,419,12 Years,396,205,191,214,110,104,67,33,34,5,3,2,110,59,51
SHELBY COUNTY,419,13 Years,379,195,184,195,107,88,74,36,38,6,4,2,104,48,56
SHELBY COUNTY,419,14 Years,365,188,177,204,110,94,65,31,34,5,3,2,91,44,47
SHELBY COUNTY,419,15 Years,363,177,186,213,107,106,53,24,29,5,1,4,92,45,47
SHELBY COUNTY,419,16 Years,348,182,166,203,104,99,61,37,24,7,5,2,77,36,41
SHELBY COUNTY,419,17 Years,336,170,166,192,96,96,67,36,31,6,5,1,71,33,38
SHELBY COUNTY,419,18 Years,334,170,164,189,98,91,63,34,29,5,4,1,77,34,43
SHELBY COUNTY,419,19 Years,324,151,173,183,85,98,60,32,28,4,2,2,77,32,45
SHELBY COUNTY,419,20 Years,344,192,152,190,100,90,69,44,25,8,3,5,77,45,32
SHELBY COUNTY,419,21 Years,345,163,182,176,76,100,80,37,43,7,4,3,82,46,36
SHELBY COUNTY,419,22 Years,337,164,173,177,90,87,78,29,49,6,1,5,76,44,32
SHELBY COUNTY,419,23 Years,327,161,166,187,97,90,67,26,41,6,2,4,67,36,31
SHELBY COUNTY,419,24 Years,327,151,176,184,85,99,54,21,33,8,4,4,81,41,40
SHELBY COUNTY,419,25 Years,332,173,159,186,96,90,59,29,30,4,2,2,83,46,37
SHELBY COUNTY,419,26 Years,315,162,153,171,87,84,58,25,33,3,2,1,83,48,35
SHELBY COUNTY,419,27 Years,306,159,147,168,89,79,58,27,31,2,1,1,78,42,36
SHELBY COUNTY,419,28 Years,295,159,136,160,84,76,51,27,24,4,2,2,80,46,34
SHELBY COUNTY,419,29 Years,297,158,139,161,81,80,47,21,26,5,2,3,84,54,30
SHELBY COUNTY,419,30 Years,290,153,137,162,84,78,48,23,25,6,3,3,74,43,31
SHELBY COUNTY,419,31 Years,265,140,125,140,73,67,49,22,27,3,1,2,73,44,29
SHELBY COUNTY,419,32 Years,293,157,136,166,82,84,45,23,22,1,0,1,81,52,29
SHELBY COUNTY,419,33 Years,287,142,145,174,78,96,46,24,22,2,0,2,65,40,25
SHELBY COUNTY,419,34 Years,290,145,145,166,83,83,43,19,24,5,1,4,76,42,34
SHELBY COUNTY,419,35 Years,301,144,157,171,87,84,48,18,30,3,1,2,79,38,41
SHELBY COUNTY,419,36 Years,277,143,134,146,73,73,45,21,24,3,2,1,83,47,36
SHELBY COUNTY,419,37 Years,289,131,158,157,72,85,40,14,26,2,0,2,90,45,45
SHELBY COUNTY,419,38 Years,317,157,160,178,88,90,49,23,26,4,3,1,86,43,43
SHELBY COUNTY,419,39 Years,318,150,168,182,80,102,50,21,29,2,2,0,84,47,37
SHELBY COUNTY,419,40 Years,278,139,139,166,86,80,43,15,28,1,0,1,68,38,30
SHELBY COUNTY,419,41 Years,303,142,161,191,86,105,47,17,30,1,1,0,64,38,26
SHELBY COUNTY,419,42 Years,331,161,170,214,102,112,56,25,31,3,0,3,58,34,24
SHELBY COUNTY,419,43 Years,337,179,158,209,109,100,60,28,32,3,2,1,65,40,25
SHELBY COUNTY,419,44 Years,346,175,171,233,120,113,57,23,34,1,1,0,55,31,24
SHELBY COUNTY,419,45 Years,299,157,142,187,100,87,61,25,36,0,0,0,51,32,19
SHELBY COUNTY,419,46 Years,307,143,164,202,92,110,59,27,32,3,3,0,43,21,22
SHELBY COUNTY,419,47 Years,294,143,151,183,81,102,54,32,22,4,2,2,53,28,25
SHELBY COUNTY,419,48 Years,323,161,162,199,94,105,71,38,33,3,2,1,50,27,23
SHELBY COUNTY,419,49 Years,327,171,156,201,104,97,80,38,42,3,2,1,43,27,16
SHELBY COUNTY,419,50 Years,332,180,152,216,113,103,72,40,32,7,4,3,37,23,14
SHELBY COUNTY,419,51 Years,333,174,159,235,129,106,61,26,35,5,2,3,32,17,15
SHELBY COUNTY,419,52 Years,336,166,170,235,119,116,67,28,39,2,1,1,32,18,14
SHELBY COUNTY,419,53 Years,372,193,179,263,130,133,70,35,35,3,1,2,36,27,9
SHELBY COUNTY,419,54 Years,359,174,185,255,113,142,61,36,25,4,1,3,39,24,15
SHELBY COUNTY,419,55 Years,366,181,185,265,129,136,62,32,30,5,3,2,34,17,17
SHELBY COUNTY,419,56 Years,346,169,177,256,124,132,61,25,36,3,2,1,26,18,8
SHELBY COUNTY,419,57 Years,349,178,171,256,130,126,66,34,32,4,0,4,23,14,9
SHELBY COUNTY,419,58 Years,342,178,164,248,136,112,68,30,38,7,2,5,19,10,9
SHELBY COUNTY,419,59 Years,304,154,150,211,112,99,71,33,38,2,1,1,20,8,12
SHELBY COUNTY,419,60 Years,319,153,166,245,121,124,50,19,31,2,2,0,22,11,11
SHELBY COUNTY,419,61 Years,314,149,165,247,117,130,46,19,27,4,2,2,17,11,6
SHELBY COUNTY,419,62 Years,321,167,154,244,125,119,57,32,25,5,2,3,15,8,7
SHELBY COUNTY,419,63 Years,321,158,163,241,117,124,58,28,30,4,1,3,18,12,6
SHELBY COUNTY,419,64 Years,293,151,142,229,118,111,46,22,24,3,2,1,15,9,6
SHELBY COUNTY,419,65 Years,310,157,153,259,130,129,35,17,18,3,1,2,13,9,4
SHELBY COUNTY,419,66 Years,303,156,147,247,130,117,38,17,21,3,1,2,15,8,7
SHELBY COUNTY,419,67 Years,254,124,130,208,100,108,29,15,14,3,1,2,14,8,6
SHELBY COUNTY,419,68 Years,239,111,128,201,91,110,25,16,9,2,1,1,11,3,8
SHELBY COUNTY,419,69 Years,265,127,138,220,104,116,31,14,17,3,1,2,11,8,3
SHELBY COUNTY,419,70 Years,236,111,125,195,91,104,29,13,16,3,2,1,9,5,4
SHELBY COUNTY,419,71 Years,236,108,128,197,91,106,30,13,17,3,1,2,6,3,3
SHELBY COUNTY,419,72 Years,234,114,120,194,94,100,34,16,18,3,2,1,3,2,1
SHELBY COUNTY,419,73 Years,210,95,115,173,82,91,33,10,23,2,1,1,2,2,0
SHELBY COUNTY,419,74 Years,183,77,106,148,63,85,31,11,20,1,1,0,3,2,1
SHELBY COUNTY,419,75 Years,198,89,109,166,77,89,28,11,17,2,1,1,2,0,2
SHELBY COUNTY,419,76 Years,182,92,90,151,77,74,22,11,11,3,1,2,6,3,3
SHELBY COUNTY,419,77 Years,165,88,77,135,73,62,22,12,10,2,1,1,6,2,4
SHELBY COUNTY,419,78 Years,165,79,86,130,67,63,27,10,17,3,1,2,5,1,4
SHELBY COUNTY,419,79 Years,156,67,89,124,58,66,25,6,19,3,1,2,4,2,2
SHELBY COUNTY,419,80 Years,136,53,83,114,45,69,20,8,12,0,0,0,2,0,2
SHELBY COUNTY,419,81 Years,109,46,63,92,38,54,14,6,8,0,0,0,3,2,1
SHELBY COUNTY,419,82 Years,100,48,52,88,44,44,9,3,6,1,1,0,2,0,2
SHELBY COUNTY,419,83 Years,107,42,65,90,35,55,12,4,8,2,1,1,3,2,1
SHELBY COUNTY,419,84 Years,99,31,68,79,26,53,16,4,12,3,0,3,1,1,0
SHELBY COUNTY,419,85 Years +,456,167,289,378,139,239,63,20,43,6,2,4,9,6,3
SHERMAN COUNTY,421,All Ages,3074,1588,1486,1718,872,846,9,8,1,34,19,15,1313,689,624
SHERMAN COUNTY,421,< 1 Year,38,20,18,14,8,6,0,0,0,1,1,0,23,11,12
SHERMAN COUNTY,421,1 Years,38,19,19,16,8,8,0,0,0,0,0,0,22,11,11
SHERMAN COUNTY,421,2 Years,36,20,16,16,9,7,0,0,0,0,0,0,20,11,9
SHERMAN COUNTY,421,3 Years,32,14,18,12,3,9,0,0,0,0,0,0,20,11,9
SHERMAN COUNTY,421,4 Years,44,19,25,21,9,12,0,0,0,0,0,0,23,10,13
SHERMAN COUNTY,421,5 Years,50,26,24,17,9,8,0,0,0,0,0,0,33,17,16
SHERMAN COUNTY,421,6 Years,42,25,17,13,6,7,0,0,0,1,1,0,28,18,10
SHERMAN COUNTY,421,7 Years,46,29,17,14,8,6,0,0,0,0,0,0,32,21,11
SHERMAN COUNTY,421,8 Years,52,25,27,22,12,10,0,0,0,0,0,0,30,13,17
SHERMAN COUNTY,421,9 Years,55,24,31,26,10,16,0,0,0,1,0,1,28,14,14
SHERMAN COUNTY,421,10 Years,55,26,29,24,10,14,0,0,0,1,1,0,30,15,15
SHERMAN COUNTY,421,11 Years,51,29,22,20,11,9,0,0,0,0,0,0,31,18,13
SHERMAN COUNTY,421,12 Years,52,28,24,18,12,6,0,0,0,2,1,1,32,15,17
SHERMAN COUNTY,421,13 Years,42,22,20,17,11,6,1,1,0,1,1,0,23,9,14
SHERMAN COUNTY,421,14 Years,40,18,22,20,11,9,0,0,0,1,0,1,19,7,12
SHERMAN COUNTY,421,15 Years,56,30,26,23,11,12,1,1,0,0,0,0,32,18,14
SHERMAN COUNTY,421,16 Years,56,33,23,21,14,7,0,0,0,1,1,0,34,18,16
SHERMAN COUNTY,421,17 Years,62,32,30,26,16,10,0,0,0,0,0,0,36,16,20
SHERMAN COUNTY,421,18 Years,60,30,30,23,14,9,0,0,0,1,1,0,36,15,21
SHERMAN COUNTY,421,19 Years,58,28,30,24,14,10,0,0,0,1,1,0,33,13,20
SHERMAN COUNTY,421,20 Years,58,36,22,28,19,9,0,0,0,0,0,0,30,17,13
SHERMAN COUNTY,421,21 Years,46,28,18,22,15,7,0,0,0,0,0,0,24,13,11
SHERMAN COUNTY,421,22 Years,38,22,16,13,8,5,0,0,0,0,0,0,25,14,11
SHERMAN COUNTY,421,23 Years,27,15,12,9,4,5,0,0,0,1,1,0,17,10,7
SHERMAN COUNTY,421,24 Years,26,13,13,11,5,6,0,0,0,0,0,0,15,8,7
SHERMAN COUNTY,421,25 Years,22,15,7,9,7,2,0,0,0,0,0,0,13,8,5
SHERMAN COUNTY,421,26 Years,31,18,13,14,7,7,0,0,0,0,0,0,17,11,6
SHERMAN COUNTY,421,27 Years,26,17,9,12,6,6,1,1,0,0,0,0,13,10,3
SHERMAN COUNTY,421,28 Years,24,13,11,11,5,6,0,0,0,0,0,0,13,8,5
SHERMAN COUNTY,421,29 Years,30,11,19,17,7,10,0,0,0,0,0,0,13,4,9
SHERMAN COUNTY,421,30 Years,36,16,20,20,9,11,0,0,0,0,0,0,16,7,9
SHERMAN COUNTY,421,31 Years,27,13,14,16,8,8,0,0,0,0,0,0,11,5,6
SHERMAN COUNTY,421,32 Years,27,15,12,13,7,6,0,0,0,0,0,0,14,8,6
SHERMAN COUNTY,421,33 Years,28,17,11,15,8,7,0,0,0,0,0,0,13,9,4
SHERMAN COUNTY,421,34 Years,29,15,14,14,6,8,0,0,0,1,1,0,14,8,6
SHERMAN COUNTY,421,35 Years,32,16,16,16,7,9,0,0,0,1,0,1,15,9,6
SHERMAN COUNTY,421,36 Years,31,18,13,11,8,3,0,0,0,1,0,1,19,10,9
SHERMAN COUNTY,421,37 Years,40,24,16,18,10,8,0,0,0,1,1,0,21,13,8
SHERMAN COUNTY,421,38 Years,48,24,24,21,12,9,0,0,0,1,0,1,26,12,14
SHERMAN COUNTY,421,39 Years,34,17,17,14,7,7,0,0,0,1,0,1,19,10,9
SHERMAN COUNTY,421,40 Years,37,15,22,20,9,11,0,0,0,1,0,1,16,6,10
SHERMAN COUNTY,421,41 Years,48,27,21,29,15,14,0,0,0,1,1,0,18,11,7
SHERMAN COUNTY,421,42 Years,45,20,25,28,12,16,0,0,0,1,1,0,16,7,9
SHERMAN COUNTY,421,43 Years,44,22,22,23,11,12,0,0,0,1,1,0,20,10,10
SHERMAN COUNTY,421,44 Years,42,21,21,21,11,10,0,0,0,0,0,0,21,10,11
SHERMAN COUNTY,421,45 Years,35,14,21,16,6,10,0,0,0,0,0,0,19,8,11
SHERMAN COUNTY,421,46 Years,39,19,20,24,9,15,1,1,0,0,0,0,14,9,5
SHERMAN COUNTY,421,47 Years,52,22,30,24,10,14,1,0,1,1,1,0,26,11,15
SHERMAN COUNTY,421,48 Years,51,28,23,27,16,11,0,0,0,0,0,0,24,12,12
SHERMAN COUNTY,421,49 Years,51,31,20,34,21,13,1,1,0,1,0,1,15,9,6
SHERMAN COUNTY,421,50 Years,42,26,16,27,14,13,0,0,0,1,0,1,14,12,2
SHERMAN COUNTY,421,51 Years,46,25,21,27,16,11,0,0,0,1,0,1,18,9,9
SHERMAN COUNTY,421,52 Years,45,23,22,29,12,17,0,0,0,1,1,0,15,10,5
SHERMAN COUNTY,421,53 Years,37,22,15,23,12,11,0,0,0,1,1,0,13,9,4
SHERMAN COUNTY,421,54 Years,42,19,23,28,12,16,0,0,0,1,1,0,13,6,7
SHERMAN COUNTY,421,55 Years,49,24,25,33,16,17,0,0,0,1,1,0,15,7,8
SHERMAN COUNTY,421,56 Years,36,19,17,26,14,12,0,0,0,0,0,0,10,5,5
SHERMAN COUNTY,421,57 Years,39,26,13,25,17,8,0,0,0,0,0,0,14,9,5
SHERMAN COUNTY,421,58 Years,45,24,21,29,16,13,0,0,0,1,0,1,15,8,7
SHERMAN COUNTY,421,59 Years,27,12,15,17,7,10,0,0,0,0,0,0,10,5,5
SHERMAN COUNTY,421,60 Years,23,13,10,18,9,9,0,0,0,0,0,0,5,4,1
SHERMAN COUNTY,421,61 Years,30,17,13,26,14,12,1,1,0,0,0,0,3,2,1
SHERMAN COUNTY,421,62 Years,32,16,16,24,11,13,1,1,0,1,0,1,6,4,2
SHERMAN COUNTY,421,63 Years,28,15,13,22,11,11,1,1,0,0,0,0,5,3,2
SHERMAN COUNTY,421,64 Years,24,12,12,21,11,10,0,0,0,0,0,0,3,1,2
SHERMAN COUNTY,421,65 Years,27,14,13,22,10,12,0,0,0,0,0,0,5,4,1
SHERMAN COUNTY,421,66 Years,41,20,21,38,19,19,0,0,0,0,0,0,3,1,2
SHERMAN COUNTY,421,67 Years,28,14,14,26,14,12,0,0,0,0,0,0,2,0,2
SHERMAN COUNTY,421,68 Years,20,11,9,19,10,9,0,0,0,0,0,0,1,1,0
SHERMAN COUNTY,421,69 Years,24,15,9,20,11,9,0,0,0,0,0,0,4,4,0
SHERMAN COUNTY,421,70 Years,20,9,11,17,7,10,0,0,0,0,0,0,3,2,1
SHERMAN COUNTY,421,71 Years,25,13,12,20,11,9,0,0,0,1,0,1,4,2,2
SHERMAN COUNTY,421,72 Years,29,17,12,26,16,10,0,0,0,0,0,0,3,1,2
SHERMAN COUNTY,421,73 Years,19,9,10,16,8,8,0,0,0,0,0,0,3,1,2
SHERMAN COUNTY,421,74 Years,17,8,9,15,7,8,0,0,0,0,0,0,2,1,1
SHERMAN COUNTY,421,75 Years,16,9,7,14,8,6,0,0,0,0,0,0,2,1,1
SHERMAN COUNTY,421,76 Years,12,6,6,10,4,6,0,0,0,0,0,0,2,2,0
SHERMAN COUNTY,421,77 Years,13,9,4,11,7,4,0,0,0,0,0,0,2,2,0
SHERMAN COUNTY,421,78 Years,17,8,9,15,7,8,0,0,0,0,0,0,2,1,1
SHERMAN COUNTY,421,79 Years,17,7,10,15,6,9,0,0,0,0,0,0,2,1,1
SHERMAN COUNTY,421,80 Years,18,5,13,15,4,11,0,0,0,0,0,0,3,1,2
SHERMAN COUNTY,421,81 Years,14,6,8,13,6,7,0,0,0,0,0,0,1,0,1
SHERMAN COUNTY,421,82 Years,11,6,5,10,6,4,0,0,0,0,0,0,1,0,1
SHERMAN COUNTY,421,83 Years,14,7,7,13,6,7,0,0,0,0,0,0,1,1,0
SHERMAN COUNTY,421,84 Years,10,4,6,9,4,5,0,0,0,0,0,0,1,0,1
SHERMAN COUNTY,421,85 Years +,68,19,49,62,18,44,0,0,0,1,0,1,5,1,4
SMITH COUNTY,423,All Ages,214986,104372,110614,128977,62218,66759,38199,17733,20466,7052,3363,3689,40758,21058,19700
SMITH COUNTY,423,< 1 Year,3046,1556,1490,1434,730,704,625,319,306,127,68,59,860,439,421
SMITH COUNTY,423,1 Years,2988,1522,1466,1418,723,695,647,330,317,101,51,50,822,418,404
SMITH COUNTY,423,2 Years,2931,1494,1437,1427,728,699,624,318,306,99,50,49,781,398,383
SMITH COUNTY,423,3 Years,2892,1470,1422,1337,685,652,546,270,276,141,70,71,868,445,423
SMITH COUNTY,423,4 Years,2906,1488,1418,1343,686,657,546,293,253,159,78,81,858,431,427
SMITH COUNTY,423,5 Years,2935,1535,1400,1353,711,642,533,283,250,172,81,91,877,460,417
SMITH COUNTY,423,6 Years,3089,1598,1491,1453,785,668,541,276,265,138,64,74,957,473,484
SMITH COUNTY,423,7 Years,3044,1554,1490,1493,773,720,530,264,266,132,69,63,889,448,441
SMITH COUNTY,423,8 Years,2946,1517,1429,1428,733,695,546,276,270,133,68,65,839,440,399
SMITH COUNTY,423,9 Years,3049,1588,1461,1458,757,701,535,282,253,152,76,76,904,473,431
SMITH COUNTY,423,10 Years,3066,1540,1526,1459,722,737,548,286,262,148,68,80,911,464,447
SMITH COUNTY,423,11 Years,3043,1549,1494,1477,749,728,509,266,243,139,63,76,918,471,447
SMITH COUNTY,423,12 Years,3096,1585,1511,1520,786,734,528,266,262,148,68,80,900,465,435
SMITH COUNTY,423,13 Years,3032,1588,1444,1459,765,694,550,290,260,153,77,76,870,456,414
SMITH COUNTY,423,14 Years,2956,1509,1447,1431,737,694,553,277,276,146,79,67,826,416,410
SMITH COUNTY,423,15 Years,2976,1506,1470,1463,729,734,586,308,278,133,66,67,794,403,391
SMITH COUNTY,423,16 Years,2975,1538,1437,1479,781,698,564,292,272,140,67,73,792,398,394
SMITH COUNTY,423,17 Years,2980,1574,1406,1511,815,696,550,281,269,144,74,70,775,404,371
SMITH COUNTY,423,18 Years,2928,1525,1403,1453,761,692,574,288,286,117,61,56,784,415,369
SMITH COUNTY,423,19 Years,2817,1443,1374,1362,707,655,589,285,304,117,58,59,749,393,356
SMITH COUNTY,423,20 Years,2910,1473,1437,1355,696,659,674,311,363,120,62,58,761,404,357
SMITH COUNTY,423,21 Years,3234,1624,1610,1475,717,758,849,410,439,118,62,56,792,435,357
SMITH COUNTY,423,22 Years,3781,1853,1928,1831,871,960,1003,477,526,123,60,63,824,445,379
SMITH COUNTY,423,23 Years,3657,1788,1869,1881,908,973,854,399,455,133,69,64,789,412,377
SMITH COUNTY,423,24 Years,3491,1702,1789,1867,877,990,758,362,396,112,59,53,754,404,350
SMITH COUNTY,423,25 Years,3366,1626,1740,1860,881,979,644,294,350,108,53,55,754,398,356
SMITH COUNTY,423,26 Years,3282,1577,1705,1826,856,970,599,266,333,115,59,56,742,396,346
SMITH COUNTY,423,27 Years,3135,1513,1622,1713,788,925,575,269,306,100,56,44,747,400,347
SMITH COUNTY,423,28 Years,3029,1471,1558,1646,783,863,549,246,303,99,49,50,735,393,342
SMITH COUNTY,423,29 Years,2872,1397,1475,1553,749,804,503,232,271,114,58,56,702,358,344
SMITH COUNTY,423,30 Years,2764,1391,1373,1476,751,725,474,214,260,101,50,51,713,376,337
SMITH COUNTY,423,31 Years,2640,1307,1333,1462,730,732,438,193,245,87,45,42,653,339,314
SMITH COUNTY,423,32 Years,2657,1334,1323,1431,727,704,480,220,260,97,50,47,649,337,312
SMITH COUNTY,423,33 Years,2687,1359,1328,1453,752,701,490,228,262,101,48,53,643,331,312
SMITH COUNTY,423,34 Years,2578,1229,1349,1416,695,721,434,192,242,90,35,55,638,307,331
SMITH COUNTY,423,35 Years,2519,1227,1292,1384,688,696,411,181,230,81,29,52,643,329,314
SMITH COUNTY,423,36 Years,2463,1208,1255,1355,668,687,383,169,214,81,34,47,644,337,307
SMITH COUNTY,423,37 Years,2491,1224,1267,1337,655,682,413,184,229,95,45,50,646,340,306
SMITH COUNTY,423,38 Years,2448,1164,1284,1349,655,694,414,169,245,89,38,51,596,302,294
SMITH COUNTY,423,39 Years,2400,1145,1255,1299,628,671,428,183,245,93,35,58,580,299,281
SMITH COUNTY,423,40 Years,2500,1223,1277,1355,678,677,478,211,267,97,38,59,570,296,274
SMITH COUNTY,423,41 Years,2571,1224,1347,1440,699,741,487,216,271,95,37,58,549,272,277
SMITH COUNTY,423,42 Years,2771,1318,1453,1625,772,853,498,225,273,99,40,59,549,281,268
SMITH COUNTY,423,43 Years,2674,1291,1383,1599,781,818,462,209,253,97,40,57,516,261,255
SMITH COUNTY,423,44 Years,2571,1270,1301,1609,814,795,417,184,233,75,39,36,470,233,237
SMITH COUNTY,423,45 Years,2531,1222,1309,1550,763,787,435,189,246,83,36,47,463,234,229
SMITH COUNTY,423,46 Years,2504,1201,1303,1544,761,783,448,199,249,80,40,40,432,201,231
SMITH COUNTY,423,47 Years,2469,1222,1247,1496,744,752,470,211,259,69,35,34,434,232,202
SMITH COUNTY,423,48 Years,2559,1243,1316,1575,765,810,489,223,266,69,35,34,426,220,206
SMITH COUNTY,423,49 Years,2704,1304,1400,1756,841,915,486,223,263,81,33,48,381,207,174
SMITH COUNTY,423,50 Years,2728,1302,1426,1857,889,968,469,207,262,74,27,47,328,179,149
SMITH COUNTY,423,51 Years,2699,1278,1421,1796,858,938,504,217,287,69,32,37,330,171,159
SMITH COUNTY,423,52 Years,2747,1300,1447,1898,888,1010,457,205,252,74,43,31,318,164,154
SMITH COUNTY,423,53 Years,2793,1351,1442,1891,912,979,500,226,274,72,37,35,330,176,154
SMITH COUNTY,423,54 Years,2703,1304,1399,1845,901,944,474,205,269,68,33,35,316,165,151
SMITH COUNTY,423,55 Years,2732,1286,1446,1887,906,981,482,200,282,62,32,30,301,148,153
SMITH COUNTY,423,56 Years,2709,1300,1409,1871,912,959,498,216,282,63,30,33,277,142,135
SMITH COUNTY,423,57 Years,2727,1315,1412,1905,925,980,489,220,269,59,24,35,274,146,128
SMITH COUNTY,423,58 Years,2669,1239,1430,1872,864,1008,505,225,280,56,22,34,236,128,108
SMITH COUNTY,423,59 Years,2581,1220,1361,1856,878,978,472,210,262,48,19,29,205,113,92
SMITH COUNTY,423,60 Years,2400,1143,1257,1738,833,905,430,190,240,54,24,30,178,96,82
SMITH COUNTY,423,61 Years,2379,1180,1199,1763,873,890,406,196,210,52,25,27,158,86,72
SMITH COUNTY,423,62 Years,2319,1103,1216,1699,808,891,413,200,213,49,23,26,158,72,86
SMITH COUNTY,423,63 Years,2361,1104,1257,1776,832,944,388,177,211,48,21,27,149,74,75
SMITH COUNTY,423,64 Years,2198,1014,1184,1671,767,904,357,164,193,46,19,27,124,64,60
SMITH COUNTY,423,65 Years,2291,1086,1205,1788,851,937,345,158,187,47,19,28,111,58,53
SMITH COUNTY,423,66 Years,2322,1066,1256,1836,861,975,323,135,188,47,16,31,116,54,62
SMITH COUNTY,423,67 Years,1844,850,994,1446,676,770,248,100,148,37,18,19,113,56,57
SMITH COUNTY,423,68 Years,1830,829,1001,1434,653,781,253,107,146,33,14,19,110,55,55
SMITH COUNTY,423,69 Years,1791,817,974,1430,651,779,231,98,133,31,15,16,99,53,46
SMITH COUNTY,423,70 Years,1734,800,934,1400,638,762,229,106,123,26,13,13,79,43,36
SMITH COUNTY,423,71 Years,1623,759,864,1338,614,724,183,87,96,28,16,12,74,42,32
SMITH COUNTY,423,72 Years,1568,703,865,1287,569,718,191,88,103,29,15,14,61,31,30
SMITH COUNTY,423,73 Years,1526,693,833,1248,568,680,188,79,109,27,13,14,63,33,30
SMITH COUNTY,423,74 Years,1373,633,740,1138,524,614,152,67,85,20,9,11,63,33,30
SMITH COUNTY,423,75 Years,1306,612,694,1073,511,562,150,59,91,22,11,11,61,31,30
SMITH COUNTY,423,76 Years,1244,575,669,1029,478,551,147,62,85,19,10,9,49,25,24
SMITH COUNTY,423,77 Years,1213,543,670,1007,452,555,139,58,81,17,8,9,50,25,25
SMITH COUNTY,423,78 Years,1188,485,703,990,412,578,149,51,98,13,5,8,36,17,19
SMITH COUNTY,423,79 Years,1064,449,615,886,383,503,135,49,86,15,6,9,28,11,17
SMITH COUNTY,423,80 Years,969,409,560,797,347,450,130,46,84,15,6,9,27,10,17
SMITH COUNTY,423,81 Years,912,366,546,761,313,448,115,44,71,11,2,9,25,7,18
SMITH COUNTY,423,82 Years,893,381,512,751,326,425,108,42,66,14,6,8,20,7,13
SMITH COUNTY,423,83 Years,793,320,473,678,273,405,87,35,52,10,3,7,18,9,9
SMITH COUNTY,423,84 Years,726,297,429,620,260,360,80,26,54,12,4,8,14,7,7
SMITH COUNTY,423,85 Years +,4078,1451,2627,3439,1256,2183,505,139,366,44,18,26,90,38,52
SOMERVELL COUNTY,425,All Ages,8674,4272,4402,6637,3263,3374,52,31,21,219,95,124,1766,883,883
SOMERVELL COUNTY,425,< 1 Year,98,50,48,65,32,33,1,1,0,3,2,1,29,15,14
SOMERVELL COUNTY,425,1 Years,94,50,44,62,32,30,1,1,0,2,2,0,29,15,14
SOMERVELL COUNTY,425,2 Years,89,47,42,60,31,29,0,0,0,3,2,1,26,14,12
SOMERVELL COUNTY,425,3 Years,92,46,46,52,26,26,0,0,0,2,2,0,38,18,20
SOMERVELL COUNTY,425,4 Years,80,38,42,52,26,26,1,0,1,2,2,0,25,10,15
SOMERVELL COUNTY,425,5 Years,104,51,53,70,38,32,1,0,1,3,2,1,30,11,19
SOMERVELL COUNTY,425,6 Years,101,49,52,65,35,30,1,1,0,4,0,4,31,13,18
SOMERVELL COUNTY,425,7 Years,104,51,53,65,35,30,1,0,1,9,2,7,29,14,15
SOMERVELL COUNTY,425,8 Years,103,55,48,63,37,26,3,1,2,7,3,4,30,14,16
SOMERVELL COUNTY,425,9 Years,106,47,59,66,31,35,2,1,1,5,3,2,33,12,21
SOMERVELL COUNTY,425,10 Years,124,52,72,74,33,41,0,0,0,6,3,3,44,16,28
SOMERVELL COUNTY,425,11 Years,129,61,68,85,43,42,0,0,0,6,3,3,38,15,23
SOMERVELL COUNTY,425,12 Years,134,60,74,83,37,46,0,0,0,6,1,5,45,22,23
SOMERVELL COUNTY,425,13 Years,138,70,68,82,41,41,3,2,1,6,2,4,47,25,22
SOMERVELL COUNTY,425,14 Years,137,75,62,89,48,41,4,3,1,8,4,4,36,20,16
SOMERVELL COUNTY,425,15 Years,149,82,67,98,54,44,3,2,1,3,1,2,45,25,20
SOMERVELL COUNTY,425,16 Years,163,97,66,107,65,42,3,2,1,3,2,1,50,28,22
SOMERVELL COUNTY,425,17 Years,152,86,66,109,63,46,2,1,1,3,3,0,38,19,19
SOMERVELL COUNTY,425,18 Years,143,78,65,90,51,39,3,2,1,4,2,2,46,23,23
SOMERVELL COUNTY,425,19 Years,127,69,58,82,49,33,5,4,1,4,0,4,36,16,20
SOMERVELL COUNTY,425,20 Years,147,66,81,94,41,53,4,1,3,5,1,4,44,23,21
SOMERVELL COUNTY,425,21 Years,131,61,70,79,35,44,2,0,2,4,2,2,46,24,22
SOMERVELL COUNTY,425,22 Years,102,50,52,61,30,31,0,0,0,5,1,4,36,19,17
SOMERVELL COUNTY,425,23 Years,93,49,44,49,27,22,0,0,0,7,2,5,37,20,17
SOMERVELL COUNTY,425,24 Years,88,48,40,59,32,27,0,0,0,2,1,1,27,15,12
SOMERVELL COUNTY,425,25 Years,81,42,39,63,32,31,0,0,0,1,1,0,17,9,8
SOMERVELL COUNTY,425,26 Years,72,37,35,54,28,26,0,0,0,0,0,0,18,9,9
SOMERVELL COUNTY,425,27 Years,81,41,40,59,28,31,0,0,0,1,0,1,21,13,8
SOMERVELL COUNTY,425,28 Years,70,34,36,49,22,27,1,0,1,0,0,0,20,12,8
SOMERVELL COUNTY,425,29 Years,69,32,37,51,23,28,1,0,1,1,0,1,16,9,7
SOMERVELL COUNTY,425,30 Years,66,36,30,47,26,21,2,1,1,0,0,0,17,9,8
SOMERVELL COUNTY,425,31 Years,81,40,41,48,24,24,0,0,0,4,3,1,29,13,16
SOMERVELL COUNTY,425,32 Years,78,45,33,51,26,25,0,0,0,1,1,0,26,18,8
SOMERVELL COUNTY,425,33 Years,79,43,36,49,22,27,1,1,0,3,1,2,26,19,7
SOMERVELL COUNTY,425,34 Years,95,45,50,59,26,33,0,0,0,2,1,1,34,18,16
SOMERVELL COUNTY,425,35 Years,95,44,51,67,29,38,0,0,0,3,1,2,25,14,11
SOMERVELL COUNTY,425,36 Years,100,44,56,74,32,42,0,0,0,3,1,2,23,11,12
SOMERVELL COUNTY,425,37 Years,103,47,56,71,31,40,0,0,0,2,2,0,30,14,16
SOMERVELL COUNTY,425,38 Years,101,47,54,74,33,41,0,0,0,1,1,0,26,13,13
SOMERVELL COUNTY,425,39 Years,98,42,56,69,32,37,1,1,0,3,2,1,25,7,18
SOMERVELL COUNTY,425,40 Years,101,45,56,74,38,36,1,1,0,3,0,3,23,6,17
SOMERVELL COUNTY,425,41 Years,98,44,54,71,32,39,0,0,0,4,1,3,23,11,12
SOMERVELL COUNTY,425,42 Years,112,56,56,87,42,45,0,0,0,2,1,1,23,13,10
SOMERVELL COUNTY,425,43 Years,126,60,66,103,48,55,0,0,0,1,1,0,22,11,11
SOMERVELL COUNTY,425,44 Years,124,53,71,96,44,52,0,0,0,5,2,3,23,7,16
SOMERVELL COUNTY,425,45 Years,98,43,55,75,35,40,0,0,0,2,1,1,21,7,14
SOMERVELL COUNTY,425,46 Years,120,57,63,89,40,49,0,0,0,2,1,1,29,16,13
SOMERVELL COUNTY,425,47 Years,128,63,65,100,47,53,2,2,0,2,1,1,24,13,11
SOMERVELL COUNTY,425,48 Years,131,69,62,105,53,52,1,1,0,2,1,1,23,14,9
SOMERVELL COUNTY,425,49 Years,140,70,70,115,54,61,0,0,0,1,1,0,24,15,9
SOMERVELL COUNTY,425,50 Years,131,67,64,107,52,55,0,0,0,4,3,1,20,12,8
SOMERVELL COUNTY,425,51 Years,132,71,61,117,66,51,0,0,0,1,0,1,14,5,9
SOMERVELL COUNTY,425,52 Years,148,80,68,127,70,57,1,1,0,4,2,2,16,7,9
SOMERVELL COUNTY,425,53 Years,125,57,68,111,52,59,0,0,0,2,0,2,12,5,7
SOMERVELL COUNTY,425,54 Years,129,59,70,113,51,62,0,0,0,2,1,1,14,7,7
SOMERVELL COUNTY,425,55 Years,126,65,61,111,58,53,0,0,0,1,0,1,14,7,7
SOMERVELL COUNTY,425,56 Years,119,58,61,103,52,51,0,0,0,2,1,1,14,5,9
SOMERVELL COUNTY,425,57 Years,112,60,52,99,53,46,0,0,0,4,2,2,9,5,4
SOMERVELL COUNTY,425,58 Years,112,51,61,101,45,56,0,0,0,3,1,2,8,5,3
SOMERVELL COUNTY,425,59 Years,121,50,71,107,43,64,0,0,0,3,1,2,11,6,5
SOMERVELL COUNTY,425,60 Years,127,58,69,111,48,63,0,0,0,1,1,0,15,9,6
SOMERVELL COUNTY,425,61 Years,129,64,65,115,55,60,0,0,0,2,2,0,12,7,5
SOMERVELL COUNTY,425,62 Years,122,67,55,109,58,51,0,0,0,3,1,2,10,8,2
SOMERVELL COUNTY,425,63 Years,127,64,63,115,59,56,1,1,0,3,0,3,8,4,4
SOMERVELL COUNTY,425,64 Years,128,72,56,115,65,50,0,0,0,3,1,2,10,6,4
SOMERVELL COUNTY,425,65 Years,123,68,55,113,63,50,0,0,0,2,1,1,8,4,4
SOMERVELL COUNTY,425,66 Years,99,43,56,91,42,49,0,0,0,2,0,2,6,1,5
SOMERVELL COUNTY,425,67 Years,85,39,46,79,35,44,0,0,0,0,0,0,6,4,2
SOMERVELL COUNTY,425,68 Years,83,37,46,77,35,42,0,0,0,2,1,1,4,1,3
SOMERVELL COUNTY,425,69 Years,91,47,44,85,44,41,0,0,0,2,0,2,4,3,1
SOMERVELL COUNTY,425,70 Years,80,43,37,72,39,33,0,0,0,3,2,1,5,2,3
SOMERVELL COUNTY,425,71 Years,77,42,35,73,41,32,0,0,0,1,0,1,3,1,2
SOMERVELL COUNTY,425,72 Years,67,32,35,64,32,32,0,0,0,1,0,1,2,0,2
SOMERVELL COUNTY,425,73 Years,58,29,29,56,28,28,0,0,0,0,0,0,2,1,1
SOMERVELL COUNTY,425,74 Years,54,26,28,49,23,26,0,0,0,2,1,1,3,2,1
SOMERVELL COUNTY,425,75 Years,63,25,38,58,22,36,0,0,0,2,1,1,3,2,1
SOMERVELL COUNTY,425,76 Years,64,26,38,57,23,34,0,0,0,0,0,0,7,3,4
SOMERVELL COUNTY,425,77 Years,45,23,22,42,21,21,0,0,0,0,0,0,3,2,1
SOMERVELL COUNTY,425,78 Years,37,22,15,34,20,14,0,0,0,1,0,1,2,2,0
SOMERVELL COUNTY,425,79 Years,50,22,28,46,21,25,0,0,0,1,0,1,3,1,2
SOMERVELL COUNTY,425,80 Years,45,19,26,43,18,25,0,0,0,0,0,0,2,1,1
SOMERVELL COUNTY,425,81 Years,32,17,15,31,17,14,0,0,0,0,0,0,1,0,1
SOMERVELL COUNTY,425,82 Years,26,12,14,22,9,13,0,0,0,0,0,0,4,3,1
SOMERVELL COUNTY,425,83 Years,30,14,16,27,11,16,0,0,0,0,0,0,3,3,0
SOMERVELL COUNTY,425,84 Years,32,17,15,30,15,15,0,0,0,1,1,0,1,1,0
SOMERVELL COUNTY,425,85 Years +,170,59,111,166,58,108,0,0,0,0,0,0,4,1,3
STARR COUNTY,427,All Ages,62060,30086,31974,2495,1231,1264,16,13,3,168,83,85,59381,28759,30622
STARR COUNTY,427,< 1 Year,1384,706,678,15,8,7,1,1,0,2,2,0,1366,695,671
STARR COUNTY,427,1 Years,1369,696,673,18,9,9,0,0,0,2,1,1,1349,686,663
STARR COUNTY,427,2 Years,1328,677,651,19,10,9,0,0,0,2,1,1,1307,666,641
STARR COUNTY,427,3 Years,1101,561,540,42,18,24,0,0,0,0,0,0,1059,543,516
STARR COUNTY,427,4 Years,977,480,497,37,17,20,0,0,0,3,3,0,937,460,477
STARR COUNTY,427,5 Years,939,469,470,46,22,24,0,0,0,3,1,2,890,446,444
STARR COUNTY,427,6 Years,993,512,481,50,25,25,0,0,0,3,1,2,940,486,454
STARR COUNTY,427,7 Years,1015,504,511,47,19,28,0,0,0,2,0,2,966,485,481
STARR COUNTY,427,8 Years,1004,502,502,42,23,19,0,0,0,5,1,4,957,478,479
STARR COUNTY,427,9 Years,989,478,511,29,15,14,0,0,0,4,2,2,956,461,495
STARR COUNTY,427,10 Years,1033,521,512,36,20,16,0,0,0,2,1,1,995,500,495
STARR COUNTY,427,11 Years,1115,556,559,48,27,21,0,0,0,3,3,0,1064,526,538
STARR COUNTY,427,12 Years,1164,581,583,45,23,22,0,0,0,3,2,1,1116,556,560
STARR COUNTY,427,13 Years,1206,636,570,48,27,21,0,0,0,2,1,1,1156,608,548
STARR COUNTY,427,14 Years,1130,565,565,46,21,25,0,0,0,1,1,0,1083,543,540
STARR COUNTY,427,15 Years,1138,573,565,49,26,23,0,0,0,4,2,2,1085,545,540
STARR COUNTY,427,16 Years,1132,591,541,41,17,24,1,1,0,2,2,0,1088,571,517
STARR COUNTY,427,17 Years,1221,613,608,48,26,22,0,0,0,2,1,1,1171,586,585
STARR COUNTY,427,18 Years,1137,567,570,35,20,15,2,1,1,4,2,2,1096,544,552
STARR COUNTY,427,19 Years,1082,538,544,32,15,17,2,1,1,1,1,0,1047,521,526
STARR COUNTY,427,20 Years,1079,544,535,36,20,16,0,0,0,3,2,1,1040,522,518
STARR COUNTY,427,21 Years,1052,519,533,33,15,18,0,0,0,4,3,1,1015,501,514
STARR COUNTY,427,22 Years,997,507,490,46,26,20,1,1,0,1,1,0,949,479,470
STARR COUNTY,427,23 Years,978,508,470,43,25,18,0,0,0,1,1,0,934,482,452
STARR COUNTY,427,24 Years,867,447,420,47,32,15,0,0,0,1,1,0,819,414,405
STARR COUNTY,427,25 Years,829,425,404,41,23,18,0,0,0,2,1,1,786,401,385
STARR COUNTY,427,26 Years,759,384,375,37,18,19,0,0,0,1,1,0,721,365,356
STARR COUNTY,427,27 Years,761,371,390,27,15,12,1,1,0,0,0,0,733,355,378
STARR COUNTY,427,28 Years,771,374,397,28,14,14,0,0,0,3,1,2,740,359,381
STARR COUNTY,427,29 Years,715,371,344,28,17,11,0,0,0,3,3,0,684,351,333
STARR COUNTY,427,30 Years,720,368,352,33,18,15,1,1,0,3,3,0,683,346,337
STARR COUNTY,427,31 Years,773,385,388,30,15,15,0,0,0,4,1,3,739,369,370
STARR COUNTY,427,32 Years,770,371,399,32,14,18,0,0,0,1,1,0,737,356,381
STARR COUNTY,427,33 Years,783,380,403,26,10,16,1,1,0,1,1,0,755,368,387
STARR COUNTY,427,34 Years,706,345,361,19,8,11,0,0,0,0,0,0,687,337,350
STARR COUNTY,427,35 Years,713,321,392,27,10,17,0,0,0,3,2,1,683,309,374
STARR COUNTY,427,36 Years,710,340,370,28,11,17,0,0,0,4,2,2,678,327,351
STARR COUNTY,427,37 Years,772,362,410,28,13,15,1,1,0,2,1,1,741,347,394
STARR COUNTY,427,38 Years,818,396,422,25,14,11,1,1,0,5,1,4,787,380,407
STARR COUNTY,427,39 Years,771,368,403,19,13,6,0,0,0,5,1,4,747,354,393
STARR COUNTY,427,40 Years,768,373,395,22,9,13,0,0,0,4,1,3,742,363,379
STARR COUNTY,427,41 Years,825,388,437,32,17,15,0,0,0,1,1,0,792,370,422
STARR COUNTY,427,42 Years,812,394,418,38,20,18,0,0,0,3,0,3,771,374,397
STARR COUNTY,427,43 Years,811,393,418,29,14,15,1,0,1,1,0,1,780,379,401
STARR COUNTY,427,44 Years,800,380,420,32,17,15,0,0,0,3,1,2,765,362,403
STARR COUNTY,427,45 Years,768,352,416,34,16,18,0,0,0,4,2,2,730,334,396
STARR COUNTY,427,46 Years,748,322,426,38,16,22,1,1,0,2,1,1,707,304,403
STARR COUNTY,427,47 Years,715,323,392,30,13,17,0,0,0,3,1,2,682,309,373
STARR COUNTY,427,48 Years,677,324,353,32,14,18,0,0,0,5,2,3,640,308,332
STARR COUNTY,427,49 Years,683,327,356,34,16,18,0,0,0,4,1,3,645,310,335
STARR COUNTY,427,50 Years,667,324,343,22,11,11,0,0,0,2,1,1,643,312,331
STARR COUNTY,427,51 Years,630,296,334,28,11,17,0,0,0,1,0,1,601,285,316
STARR COUNTY,427,52 Years,668,321,347,35,13,22,0,0,0,2,1,1,631,307,324
STARR COUNTY,427,53 Years,702,326,376,28,15,13,0,0,0,2,1,1,672,310,362
STARR COUNTY,427,54 Years,630,285,345,25,15,10,0,0,0,2,1,1,603,269,334
STARR COUNTY,427,55 Years,602,280,322,33,20,13,0,0,0,2,1,1,567,259,308
STARR COUNTY,427,56 Years,583,285,298,24,12,12,0,0,0,4,1,3,555,272,283
STARR COUNTY,427,57 Years,564,268,296,23,11,12,0,0,0,3,2,1,538,255,283
STARR COUNTY,427,58 Years,530,245,285,20,10,10,0,0,0,2,1,1,508,234,274
STARR COUNTY,427,59 Years,526,237,289,22,13,9,0,0,0,2,1,1,502,223,279
STARR COUNTY,427,60 Years,506,224,282,29,15,14,1,1,0,2,1,1,474,207,267
STARR COUNTY,427,61 Years,491,215,276,21,7,14,1,1,0,0,0,0,469,207,262
STARR COUNTY,427,62 Years,506,228,278,22,12,10,0,0,0,0,0,0,484,216,268
STARR COUNTY,427,63 Years,532,246,286,16,8,8,0,0,0,2,0,2,514,238,276
STARR COUNTY,427,64 Years,511,220,291,13,7,6,0,0,0,4,2,2,494,211,283
STARR COUNTY,427,65 Years,491,206,285,16,7,9,0,0,0,1,1,0,474,198,276
STARR COUNTY,427,66 Years,475,207,268,21,7,14,0,0,0,2,1,1,452,199,253
STARR COUNTY,427,67 Years,434,194,240,18,5,13,0,0,0,1,0,1,415,189,226
STARR COUNTY,427,68 Years,422,193,229,19,7,12,0,0,0,0,0,0,403,186,217
STARR COUNTY,427,69 Years,377,175,202,19,7,12,0,0,0,0,0,0,358,168,190
STARR COUNTY,427,70 Years,379,182,197,19,8,11,0,0,0,1,0,1,359,174,185
STARR COUNTY,427,71 Years,331,161,170,16,7,9,0,0,0,1,0,1,314,154,160
STARR COUNTY,427,72 Years,365,163,202,17,7,10,0,0,0,1,0,1,347,156,191
STARR COUNTY,427,73 Years,360,167,193,21,10,11,0,0,0,0,0,0,339,157,182
STARR COUNTY,427,74 Years,342,150,192,21,9,12,0,0,0,0,0,0,321,141,180
STARR COUNTY,427,75 Years,311,142,169,17,10,7,0,0,0,1,1,0,293,131,162
STARR COUNTY,427,76 Years,284,122,162,12,7,5,0,0,0,1,1,0,271,114,157
STARR COUNTY,427,77 Years,287,127,160,13,6,7,0,0,0,0,0,0,274,121,153
STARR COUNTY,427,78 Years,269,125,144,14,9,5,0,0,0,0,0,0,255,116,139
STARR COUNTY,427,79 Years,211,101,110,17,9,8,0,0,0,0,0,0,194,92,102
STARR COUNTY,427,80 Years,178,78,100,14,6,8,0,0,0,0,0,0,164,72,92
STARR COUNTY,427,81 Years,190,95,95,14,7,7,0,0,0,1,1,0,175,87,88
STARR COUNTY,427,82 Years,173,76,97,14,6,8,0,0,0,0,0,0,159,70,89
STARR COUNTY,427,83 Years,172,67,105,14,5,9,0,0,0,1,0,1,157,62,95
STARR COUNTY,427,84 Years,140,65,75,11,8,3,0,0,0,0,0,0,129,57,72
STARR COUNTY,427,85 Years +,813,302,511,80,33,47,0,0,0,0,0,0,733,269,464
STEPHENS COUNTY,429,All Ages,9451,4905,4546,7047,3544,3503,189,134,55,130,78,52,2085,1149,936
STEPHENS COUNTY,429,< 1 Year,110,57,53,71,36,35,1,1,0,2,2,0,36,18,18
STEPHENS COUNTY,429,1 Years,110,56,54,73,38,35,1,0,1,1,0,1,35,18,17
STEPHENS COUNTY,429,2 Years,111,56,55,72,36,36,1,1,0,1,0,1,37,19,18
STEPHENS COUNTY,429,3 Years,113,63,50,65,35,30,1,1,0,1,1,0,46,26,20
STEPHENS COUNTY,429,4 Years,115,60,55,64,32,32,3,3,0,3,2,1,45,23,22
STEPHENS COUNTY,429,5 Years,114,58,56,70,36,34,1,1,0,2,1,1,41,20,21
STEPHENS COUNTY,429,6 Years,140,74,66,89,43,46,2,2,0,2,1,1,47,28,19
STEPHENS COUNTY,429,7 Years,133,60,73,83,36,47,1,0,1,1,0,1,48,24,24
STEPHENS COUNTY,429,8 Years,122,60,62,73,34,39,2,1,1,3,3,0,44,22,22
STEPHENS COUNTY,429,9 Years,139,69,70,82,37,45,3,1,2,5,5,0,49,26,23
STEPHENS COUNTY,429,10 Years,117,53,64,72,32,40,2,0,2,3,3,0,40,18,22
STEPHENS COUNTY,429,11 Years,116,65,51,72,42,30,3,2,1,5,4,1,36,17,19
STEPHENS COUNTY,429,12 Years,118,63,55,70,39,31,4,4,0,2,2,0,42,18,24
STEPHENS COUNTY,429,13 Years,117,61,56,65,32,33,4,2,2,2,2,0,46,25,21
STEPHENS COUNTY,429,14 Years,130,71,59,85,42,43,2,2,0,4,4,0,39,23,16
STEPHENS COUNTY,429,15 Years,129,74,55,83,47,36,3,2,1,3,2,1,40,23,17
STEPHENS COUNTY,429,16 Years,124,67,57,86,42,44,3,2,1,3,2,1,32,21,11
STEPHENS COUNTY,429,17 Years,115,62,53,74,39,35,2,2,0,3,3,0,36,18,18
STEPHENS COUNTY,429,18 Years,127,59,68,82,39,43,2,2,0,3,2,1,40,16,24
STEPHENS COUNTY,429,19 Years,120,66,54,73,38,35,3,3,0,2,1,1,42,24,18
STEPHENS COUNTY,429,20 Years,142,91,51,91,55,36,5,5,0,1,1,0,45,30,15
STEPHENS COUNTY,429,21 Years,141,97,44,83,53,30,5,5,0,1,0,1,52,39,13
STEPHENS COUNTY,429,22 Years,131,80,51,72,39,33,6,6,0,1,1,0,52,34,18
STEPHENS COUNTY,429,23 Years,121,79,42,71,45,26,3,2,1,1,1,0,46,31,15
STEPHENS COUNTY,429,24 Years,118,77,41,73,50,23,5,5,0,1,1,0,39,21,18
STEPHENS COUNTY,429,25 Years,122,79,43,75,52,23,1,1,0,1,0,1,45,26,19
STEPHENS COUNTY,429,26 Years,107,58,49,66,35,31,7,7,0,1,0,1,33,16,17
STEPHENS COUNTY,429,27 Years,123,77,46,77,44,33,2,2,0,1,1,0,43,30,13
STEPHENS COUNTY,429,28 Years,114,72,42,70,40,30,7,7,0,1,0,1,36,25,11
STEPHENS COUNTY,429,29 Years,107,56,51,65,32,33,4,3,1,1,1,0,37,20,17
STEPHENS COUNTY,429,30 Years,108,57,51,68,36,32,7,6,1,2,1,1,31,14,17
STEPHENS COUNTY,429,31 Years,117,67,50,85,50,35,2,1,1,1,1,0,29,15,14
STEPHENS COUNTY,429,32 Years,103,58,45,69,41,28,4,4,0,2,0,2,28,13,15
STEPHENS COUNTY,429,33 Years,110,63,47,80,47,33,1,1,0,3,2,1,26,13,13
STEPHENS COUNTY,429,34 Years,94,51,43,61,29,32,1,1,0,2,1,1,30,20,10
STEPHENS COUNTY,429,35 Years,93,50,43,68,36,32,2,1,1,2,0,2,21,13,8
STEPHENS COUNTY,429,36 Years,101,39,62,74,30,44,3,1,2,3,0,3,21,8,13
STEPHENS COUNTY,429,37 Years,100,59,41,66,38,28,1,1,0,3,2,1,30,18,12
STEPHENS COUNTY,429,38 Years,92,55,37,66,38,28,2,1,1,1,1,0,23,15,8
STEPHENS COUNTY,429,39 Years,96,57,39,66,35,31,2,1,1,1,1,0,27,20,7
STEPHENS COUNTY,429,40 Years,103,51,52,74,38,36,3,3,0,1,1,0,25,9,16
STEPHENS COUNTY,429,41 Years,101,53,48,72,39,33,5,5,0,2,0,2,22,9,13
STEPHENS COUNTY,429,42 Years,110,52,58,81,38,43,4,3,1,2,1,1,23,10,13
STEPHENS COUNTY,429,43 Years,107,55,52,81,38,43,2,2,0,1,0,1,23,15,8
STEPHENS COUNTY,429,44 Years,100,55,45,76,42,34,1,1,0,0,0,0,23,12,11
STEPHENS COUNTY,429,45 Years,118,70,48,84,49,35,0,0,0,1,1,0,33,20,13
STEPHENS COUNTY,429,46 Years,98,52,46,70,36,34,1,1,0,1,0,1,26,15,11
STEPHENS COUNTY,429,47 Years,96,58,38,69,39,30,1,0,1,0,0,0,26,19,7
STEPHENS COUNTY,429,48 Years,100,52,48,76,38,38,1,0,1,0,0,0,23,14,9
STEPHENS COUNTY,429,49 Years,113,55,58,92,43,49,1,1,0,0,0,0,20,11,9
STEPHENS COUNTY,429,50 Years,126,68,58,99,55,44,2,1,1,1,0,1,24,12,12
STEPHENS COUNTY,429,51 Years,154,77,77,125,62,63,3,3,0,1,0,1,25,12,13
STEPHENS COUNTY,429,52 Years,145,75,70,114,59,55,0,0,0,2,1,1,29,15,14
STEPHENS COUNTY,429,53 Years,149,69,80,119,54,65,5,3,2,2,1,1,23,11,12
STEPHENS COUNTY,429,54 Years,115,56,59,96,48,48,3,1,2,1,0,1,15,7,8
STEPHENS COUNTY,429,55 Years,109,54,55,92,46,46,2,1,1,3,3,0,12,4,8
STEPHENS COUNTY,429,56 Years,122,55,67,102,44,58,0,0,0,3,2,1,17,9,8
STEPHENS COUNTY,429,57 Years,131,59,72,112,48,64,1,0,1,2,1,1,16,10,6
STEPHENS COUNTY,429,58 Years,135,67,68,113,55,58,4,1,3,1,1,0,17,10,7
STEPHENS COUNTY,429,59 Years,124,63,61,110,54,56,2,1,1,2,2,0,10,6,4
STEPHENS COUNTY,429,60 Years,140,72,68,127,65,62,3,1,2,2,1,1,8,5,3
STEPHENS COUNTY,429,61 Years,139,66,73,125,60,65,1,1,0,2,0,2,11,5,6
STEPHENS COUNTY,429,62 Years,118,50,68,106,48,58,3,1,2,2,0,2,7,1,6
STEPHENS COUNTY,429,63 Years,123,60,63,113,55,58,2,1,1,0,0,0,8,4,4
STEPHENS COUNTY,429,64 Years,118,63,55,103,54,49,2,2,0,1,1,0,12,6,6
STEPHENS COUNTY,429,65 Years,112,57,55,104,52,52,0,0,0,2,1,1,6,4,2
STEPHENS COUNTY,429,66 Years,112,46,66,106,44,62,1,0,1,2,1,1,3,1,2
STEPHENS COUNTY,429,67 Years,97,48,49,87,43,44,2,0,2,1,0,1,7,5,2
STEPHENS COUNTY,429,68 Years,98,47,51,88,41,47,1,0,1,1,1,0,8,5,3
STEPHENS COUNTY,429,69 Years,113,54,59,106,50,56,0,0,0,0,0,0,7,4,3
STEPHENS COUNTY,429,70 Years,100,53,47,91,47,44,2,2,0,3,2,1,4,2,2
STEPHENS COUNTY,429,71 Years,89,42,47,82,40,42,1,1,0,2,0,2,4,1,3
STEPHENS COUNTY,429,72 Years,93,46,47,88,45,43,1,0,1,1,0,1,3,1,2
STEPHENS COUNTY,429,73 Years,94,50,44,87,45,42,0,0,0,0,0,0,7,5,2
STEPHENS COUNTY,429,74 Years,83,39,44,76,36,40,3,1,2,0,0,0,4,2,2
STEPHENS COUNTY,429,75 Years,76,35,41,69,32,37,2,1,1,0,0,0,5,2,3
STEPHENS COUNTY,429,76 Years,74,32,42,68,30,38,2,1,1,1,1,0,3,0,3
STEPHENS COUNTY,429,77 Years,53,22,31,50,21,29,0,0,0,1,1,0,2,0,2
STEPHENS COUNTY,429,78 Years,64,30,34,59,27,32,1,0,1,0,0,0,4,3,1
STEPHENS COUNTY,429,79 Years,61,27,34,57,23,34,1,1,0,0,0,0,3,3,0
STEPHENS COUNTY,429,80 Years,57,20,37,49,18,31,2,0,2,0,0,0,6,2,4
STEPHENS COUNTY,429,81 Years,49,22,27,46,20,26,0,0,0,0,0,0,3,2,1
STEPHENS COUNTY,429,82 Years,48,22,26,46,20,26,0,0,0,0,0,0,2,2,0
STEPHENS COUNTY,429,83 Years,45,21,24,44,20,24,0,0,0,0,0,0,1,1,0
STEPHENS COUNTY,429,84 Years,46,24,22,44,22,22,0,0,0,0,0,0,2,2,0
STEPHENS COUNTY,429,85 Years +,233,85,148,219,81,138,4,1,3,2,0,2,8,3,5
STERLING COUNTY,431,All Ages,1237,625,612,779,387,392,16,12,4,33,17,16,409,209,200
STERLING COUNTY,431,< 1 Year,16,8,8,8,4,4,0,0,0,0,0,0,8,4,4
STERLING COUNTY,431,1 Years,16,8,8,8,4,4,0,0,0,0,0,0,8,4,4
STERLING COUNTY,431,2 Years,16,9,7,9,5,4,0,0,0,0,0,0,7,4,3
STERLING COUNTY,431,3 Years,15,7,8,9,4,5,0,0,0,1,1,0,5,2,3
STERLING COUNTY,431,4 Years,17,8,9,12,7,5,0,0,0,1,0,1,4,1,3
STERLING COUNTY,431,5 Years,22,11,11,15,8,7,1,1,0,0,0,0,6,2,4
STERLING COUNTY,431,6 Years,20,8,12,12,5,7,1,1,0,0,0,0,7,2,5
STERLING COUNTY,431,7 Years,18,8,10,11,4,7,0,0,0,1,1,0,6,3,3
STERLING COUNTY,431,8 Years,14,8,6,5,2,3,1,1,0,1,0,1,7,5,2
STERLING COUNTY,431,9 Years,17,11,6,8,5,3,0,0,0,2,1,1,7,5,2
STERLING COUNTY,431,10 Years,15,7,8,10,5,5,0,0,0,1,1,0,4,1,3
STERLING COUNTY,431,11 Years,18,8,10,11,6,5,0,0,0,1,0,1,6,2,4
STERLING COUNTY,431,12 Years,16,10,6,8,6,2,0,0,0,1,0,1,7,4,3
STERLING COUNTY,431,13 Years,15,7,8,7,3,4,0,0,0,1,1,0,7,3,4
STERLING COUNTY,431,14 Years,14,9,5,8,6,2,0,0,0,1,0,1,5,3,2
STERLING COUNTY,431,15 Years,14,10,4,9,7,2,0,0,0,0,0,0,5,3,2
STERLING COUNTY,431,16 Years,19,11,8,9,5,4,0,0,0,2,2,0,8,4,4
STERLING COUNTY,431,17 Years,12,5,7,7,3,4,0,0,0,1,1,0,4,1,3
STERLING COUNTY,431,18 Years,14,9,5,7,4,3,0,0,0,1,1,0,6,4,2
STERLING COUNTY,431,19 Years,13,9,4,4,2,2,0,0,0,1,1,0,8,6,2
STERLING COUNTY,431,20 Years,18,13,5,8,6,2,0,0,0,0,0,0,10,7,3
STERLING COUNTY,431,21 Years,16,8,8,6,2,4,0,0,0,0,0,0,10,6,4
STERLING COUNTY,431,22 Years,11,3,8,5,0,5,0,0,0,0,0,0,6,3,3
STERLING COUNTY,431,23 Years,11,6,5,8,4,4,0,0,0,0,0,0,3,2,1
STERLING COUNTY,431,24 Years,14,8,6,5,3,2,0,0,0,0,0,0,9,5,4
STERLING COUNTY,431,25 Years,11,6,5,5,3,2,0,0,0,0,0,0,6,3,3
STERLING COUNTY,431,26 Years,11,8,3,6,5,1,0,0,0,0,0,0,5,3,2
STERLING COUNTY,431,27 Years,18,9,9,11,6,5,0,0,0,1,0,1,6,3,3
STERLING COUNTY,431,28 Years,12,5,7,6,2,4,0,0,0,0,0,0,6,3,3
STERLING COUNTY,431,29 Years,11,8,3,7,5,2,1,1,0,0,0,0,3,2,1
STERLING COUNTY,431,30 Years,14,8,6,8,5,3,2,2,0,0,0,0,4,1,3
STERLING COUNTY,431,31 Years,19,7,12,12,4,8,0,0,0,1,0,1,6,3,3
STERLING COUNTY,431,32 Years,14,7,7,9,5,4,0,0,0,0,0,0,5,2,3
STERLING COUNTY,431,33 Years,16,9,7,11,5,6,0,0,0,0,0,0,5,4,1
STERLING COUNTY,431,34 Years,18,8,10,13,5,8,0,0,0,1,1,0,4,2,2
STERLING COUNTY,431,35 Years,14,5,9,10,3,7,0,0,0,0,0,0,4,2,2
STERLING COUNTY,431,36 Years,14,6,8,8,3,5,0,0,0,0,0,0,6,3,3
STERLING COUNTY,431,37 Years,14,8,6,8,4,4,1,1,0,0,0,0,5,3,2
STERLING COUNTY,431,38 Years,8,5,3,7,4,3,0,0,0,0,0,0,1,1,0
STERLING COUNTY,431,39 Years,6,3,3,4,2,2,0,0,0,0,0,0,2,1,1
STERLING COUNTY,431,40 Years,11,5,6,7,4,3,0,0,0,0,0,0,4,1,3
STERLING COUNTY,431,41 Years,10,4,6,6,2,4,0,0,0,0,0,0,4,2,2
STERLING COUNTY,431,42 Years,8,2,6,4,2,2,0,0,0,0,0,0,4,0,4
STERLING COUNTY,431,43 Years,14,9,5,10,6,4,0,0,0,0,0,0,4,3,1
STERLING COUNTY,431,44 Years,14,6,8,10,4,6,0,0,0,0,0,0,4,2,2
STERLING COUNTY,431,45 Years,16,7,9,9,4,5,2,1,1,0,0,0,5,2,3
STERLING COUNTY,431,46 Years,18,10,8,8,5,3,0,0,0,0,0,0,10,5,5
STERLING COUNTY,431,47 Years,16,7,9,11,4,7,0,0,0,0,0,0,5,3,2
STERLING COUNTY,431,48 Years,16,7,9,11,5,6,0,0,0,1,0,1,4,2,2
STERLING COUNTY,431,49 Years,20,10,10,13,6,7,0,0,0,0,0,0,7,4,3
STERLING COUNTY,431,50 Years,20,10,10,12,6,6,0,0,0,0,0,0,8,4,4
STERLING COUNTY,431,51 Years,18,9,9,11,6,5,0,0,0,1,1,0,6,2,4
STERLING COUNTY,431,52 Years,17,9,8,10,5,5,0,0,0,1,1,0,6,3,3
STERLING COUNTY,431,53 Years,20,14,6,12,9,3,1,1,0,0,0,0,7,4,3
STERLING COUNTY,431,54 Years,20,10,10,14,8,6,0,0,0,0,0,0,6,2,4
STERLING COUNTY,431,55 Years,24,13,11,18,10,8,0,0,0,0,0,0,6,3,3
STERLING COUNTY,431,56 Years,21,9,12,14,5,9,0,0,0,1,0,1,6,4,2
STERLING COUNTY,431,57 Years,18,7,11,13,5,8,0,0,0,2,0,2,3,2,1
STERLING COUNTY,431,58 Years,19,8,11,12,4,8,0,0,0,1,0,1,6,4,2
STERLING COUNTY,431,59 Years,19,7,12,11,4,7,0,0,0,1,1,0,7,2,5
STERLING COUNTY,431,60 Years,11,3,8,8,3,5,0,0,0,0,0,0,3,0,3
STERLING COUNTY,431,61 Years,14,8,6,10,5,5,0,0,0,0,0,0,4,3,1
STERLING COUNTY,431,62 Years,12,4,8,10,3,7,0,0,0,0,0,0,2,1,1
STERLING COUNTY,431,63 Years,16,10,6,13,8,5,0,0,0,0,0,0,3,2,1
STERLING COUNTY,431,64 Years,19,8,11,17,7,10,0,0,0,1,1,0,1,0,1
STERLING COUNTY,431,65 Years,17,12,5,13,9,4,0,0,0,0,0,0,4,3,1
STERLING COUNTY,431,66 Years,20,14,6,13,11,2,0,0,0,1,0,1,6,3,3
STERLING COUNTY,431,67 Years,12,8,4,7,5,2,0,0,0,1,0,1,4,3,1
STERLING COUNTY,431,68 Years,8,5,3,6,4,2,0,0,0,0,0,0,2,1,1
STERLING COUNTY,431,69 Years,13,8,5,10,5,5,0,0,0,1,1,0,2,2,0
STERLING COUNTY,431,70 Years,11,4,7,7,3,4,0,0,0,0,0,0,4,1,3
STERLING COUNTY,431,71 Years,9,4,5,7,3,4,0,0,0,0,0,0,2,1,1
STERLING COUNTY,431,72 Years,11,2,9,8,1,7,1,1,0,0,0,0,2,0,2
STERLING COUNTY,431,73 Years,8,4,4,6,3,3,0,0,0,0,0,0,2,1,1
STERLING COUNTY,431,74 Years,6,3,3,4,2,2,0,0,0,0,0,0,2,1,1
STERLING COUNTY,431,75 Years,6,1,5,4,1,3,0,0,0,0,0,0,2,0,2
STERLING COUNTY,431,76 Years,11,6,5,10,6,4,0,0,0,0,0,0,1,0,1
STERLING COUNTY,431,77 Years,7,2,5,6,2,4,0,0,0,0,0,0,1,0,1
STERLING COUNTY,431,78 Years,13,6,7,10,4,6,0,0,0,0,0,0,3,2,1
STERLING COUNTY,431,79 Years,12,6,6,9,3,6,0,0,0,0,0,0,3,3,0
STERLING COUNTY,431,80 Years,7,5,2,6,4,2,0,0,0,0,0,0,1,1,0
STERLING COUNTY,431,81 Years,8,4,4,6,3,3,1,0,1,0,0,0,1,1,0
STERLING COUNTY,431,82 Years,8,4,4,6,3,3,1,0,1,0,0,0,1,1,0
STERLING COUNTY,431,83 Years,9,3,6,7,2,5,0,0,0,0,0,0,2,1,1
STERLING COUNTY,431,84 Years,5,4,1,3,2,1,0,0,0,0,0,0,2,2,0
STERLING COUNTY,431,85 Years +,34,13,21,23,10,13,3,2,1,2,1,1,6,0,6
STONEWALL COUNTY,433,All Ages,1418,689,729,1145,558,587,35,18,17,31,11,20,207,102,105
STONEWALL COUNTY,433,< 1 Year,13,7,6,9,5,4,0,0,0,0,0,0,4,2,2
STONEWALL COUNTY,433,1 Years,12,6,6,8,4,4,0,0,0,0,0,0,4,2,2
STONEWALL COUNTY,433,2 Years,12,7,5,8,5,3,0,0,0,0,0,0,4,2,2
STONEWALL COUNTY,433,3 Years,11,5,6,8,3,5,0,0,0,0,0,0,3,2,1
STONEWALL COUNTY,433,4 Years,19,6,13,10,4,6,1,0,1,2,0,2,6,2,4
STONEWALL COUNTY,433,5 Years,10,4,6,6,3,3,0,0,0,1,0,1,3,1,2
STONEWALL COUNTY,433,6 Years,18,6,12,15,4,11,0,0,0,0,0,0,3,2,1
STONEWALL COUNTY,433,7 Years,21,10,11,14,6,8,0,0,0,0,0,0,7,4,3
STONEWALL COUNTY,433,8 Years,19,11,8,15,8,7,0,0,0,0,0,0,4,3,1
STONEWALL COUNTY,433,9 Years,21,10,11,11,5,6,1,0,1,2,2,0,7,3,4
STONEWALL COUNTY,433,10 Years,22,11,11,14,7,7,0,0,0,3,1,2,5,3,2
STONEWALL COUNTY,433,11 Years,20,12,8,13,7,6,1,0,1,1,0,1,5,5,0
STONEWALL COUNTY,433,12 Years,21,10,11,18,8,10,1,0,1,0,0,0,2,2,0
STONEWALL COUNTY,433,13 Years,14,8,6,10,6,4,0,0,0,0,0,0,4,2,2
STONEWALL COUNTY,433,14 Years,18,6,12,10,4,6,0,0,0,2,0,2,6,2,4
STONEWALL COUNTY,433,15 Years,20,10,10,15,7,8,1,1,0,1,1,0,3,1,2
STONEWALL COUNTY,433,16 Years,16,6,10,14,5,9,1,1,0,0,0,0,1,0,1
STONEWALL COUNTY,433,17 Years,14,5,9,11,4,7,1,0,1,0,0,0,2,1,1
STONEWALL COUNTY,433,18 Years,17,7,10,12,5,7,1,1,0,0,0,0,4,1,3
STONEWALL COUNTY,433,19 Years,18,10,8,10,6,4,0,0,0,0,0,0,8,4,4
STONEWALL COUNTY,433,20 Years,18,11,7,13,8,5,0,0,0,0,0,0,5,3,2
STONEWALL COUNTY,433,21 Years,14,7,7,9,5,4,0,0,0,1,0,1,4,2,2
STONEWALL COUNTY,433,22 Years,9,7,2,6,5,1,1,1,0,0,0,0,2,1,1
STONEWALL COUNTY,433,23 Years,15,10,5,10,7,3,3,2,1,1,1,0,1,0,1
STONEWALL COUNTY,433,24 Years,11,6,5,8,5,3,1,1,0,0,0,0,2,0,2
STONEWALL COUNTY,433,25 Years,7,4,3,5,3,2,0,0,0,0,0,0,2,1,1
STONEWALL COUNTY,433,26 Years,7,6,1,5,5,0,0,0,0,0,0,0,2,1,1
STONEWALL COUNTY,433,27 Years,12,6,6,8,4,4,0,0,0,0,0,0,4,2,2
STONEWALL COUNTY,433,28 Years,10,4,6,8,4,4,0,0,0,0,0,0,2,0,2
STONEWALL COUNTY,433,29 Years,10,4,6,9,4,5,0,0,0,0,0,0,1,0,1
STONEWALL COUNTY,433,30 Years,15,8,7,10,6,4,0,0,0,2,0,2,3,2,1
STONEWALL COUNTY,433,31 Years,16,9,7,13,7,6,0,0,0,0,0,0,3,2,1
STONEWALL COUNTY,433,32 Years,17,8,9,14,7,7,0,0,0,1,1,0,2,0,2
STONEWALL COUNTY,433,33 Years,15,7,8,12,6,6,0,0,0,0,0,0,3,1,2
STONEWALL COUNTY,433,34 Years,15,6,9,12,5,7,1,0,1,1,0,1,1,1,0
STONEWALL COUNTY,433,35 Years,12,4,8,9,3,6,1,0,1,0,0,0,2,1,1
STONEWALL COUNTY,433,36 Years,12,6,6,11,6,5,1,0,1,0,0,0,0,0,0
STONEWALL COUNTY,433,37 Years,11,7,4,9,5,4,1,1,0,0,0,0,1,1,0
STONEWALL COUNTY,433,38 Years,14,7,7,12,6,6,0,0,0,1,0,1,1,1,0
STONEWALL COUNTY,433,39 Years,15,10,5,11,7,4,0,0,0,1,1,0,3,2,1
STONEWALL COUNTY,433,40 Years,13,8,5,11,6,5,0,0,0,1,1,0,1,1,0
STONEWALL COUNTY,433,41 Years,14,5,9,9,4,5,0,0,0,0,0,0,5,1,4
STONEWALL COUNTY,433,42 Years,18,8,10,14,7,7,0,0,0,0,0,0,4,1,3
STONEWALL COUNTY,433,43 Years,13,7,6,12,7,5,0,0,0,0,0,0,1,0,1
STONEWALL COUNTY,433,44 Years,14,10,4,8,6,2,1,1,0,1,1,0,4,2,2
STONEWALL COUNTY,433,45 Years,14,8,6,9,6,3,1,1,0,0,0,0,4,1,3
STONEWALL COUNTY,433,46 Years,16,8,8,14,7,7,0,0,0,0,0,0,2,1,1
STONEWALL COUNTY,433,47 Years,20,10,10,20,10,10,0,0,0,0,0,0,0,0,0
STONEWALL COUNTY,433,48 Years,19,10,9,15,8,7,1,1,0,1,1,0,2,0,2
STONEWALL COUNTY,433,49 Years,22,9,13,20,8,12,1,1,0,0,0,0,1,0,1
STONEWALL COUNTY,433,50 Years,21,11,10,18,10,8,1,0,1,0,0,0,2,1,1
STONEWALL COUNTY,433,51 Years,22,13,9,18,10,8,0,0,0,0,0,0,4,3,1
STONEWALL COUNTY,433,52 Years,19,12,7,16,9,7,0,0,0,0,0,0,3,3,0
STONEWALL COUNTY,433,53 Years,17,10,7,15,8,7,1,1,0,0,0,0,1,1,0
STONEWALL COUNTY,433,54 Years,20,9,11,19,8,11,0,0,0,0,0,0,1,1,0
STONEWALL COUNTY,433,55 Years,22,14,8,19,11,8,0,0,0,0,0,0,3,3,0
STONEWALL COUNTY,433,56 Years,24,11,13,18,8,10,0,0,0,0,0,0,6,3,3
STONEWALL COUNTY,433,57 Years,21,11,10,17,9,8,1,0,1,0,0,0,3,2,1
STONEWALL COUNTY,433,58 Years,22,7,15,20,7,13,1,0,1,0,0,0,1,0,1
STONEWALL COUNTY,433,59 Years,17,10,7,15,9,6,0,0,0,1,1,0,1,0,1
STONEWALL COUNTY,433,60 Years,18,8,10,15,7,8,0,0,0,0,0,0,3,1,2
STONEWALL COUNTY,433,61 Years,20,12,8,18,11,7,0,0,0,0,0,0,2,1,1
STONEWALL COUNTY,433,62 Years,20,11,9,19,10,9,0,0,0,0,0,0,1,1,0
STONEWALL COUNTY,433,63 Years,17,9,8,16,9,7,0,0,0,0,0,0,1,0,1
STONEWALL COUNTY,433,64 Years,26,11,15,23,10,13,0,0,0,1,0,1,2,1,1
STONEWALL COUNTY,433,65 Years,17,8,9,15,7,8,0,0,0,1,0,1,1,1,0
STONEWALL COUNTY,433,66 Years,19,8,11,16,8,8,0,0,0,1,0,1,2,0,2
STONEWALL COUNTY,433,67 Years,17,7,10,16,7,9,0,0,0,0,0,0,1,0,1
STONEWALL COUNTY,433,68 Years,20,10,10,18,9,9,1,1,0,0,0,0,1,0,1
STONEWALL COUNTY,433,69 Years,27,12,15,24,11,13,1,0,1,1,0,1,1,1,0
STONEWALL COUNTY,433,70 Years,12,6,6,10,5,5,0,0,0,0,0,0,2,1,1
STONEWALL COUNTY,433,71 Years,11,4,7,10,3,7,0,0,0,0,0,0,1,1,0
STONEWALL COUNTY,433,72 Years,11,5,6,11,5,6,0,0,0,0,0,0,0,0,0
STONEWALL COUNTY,433,73 Years,13,8,5,12,7,5,1,1,0,0,0,0,0,0,0
STONEWALL COUNTY,433,74 Years,22,8,14,20,7,13,1,1,0,0,0,0,1,0,1
STONEWALL COUNTY,433,75 Years,15,5,10,14,5,9,1,0,1,0,0,0,0,0,0
STONEWALL COUNTY,433,76 Years,13,7,6,12,6,6,1,1,0,0,0,0,0,0,0
STONEWALL COUNTY,433,77 Years,13,5,8,11,5,6,1,0,1,0,0,0,1,0,1
STONEWALL COUNTY,433,78 Years,10,2,8,8,2,6,1,0,1,1,0,1,0,0,0
STONEWALL COUNTY,433,79 Years,14,4,10,13,4,9,0,0,0,1,0,1,0,0,0
STONEWALL COUNTY,433,80 Years,16,7,9,15,6,9,0,0,0,0,0,0,1,1,0
STONEWALL COUNTY,433,81 Years,15,9,6,12,6,6,1,1,0,0,0,0,2,2,0
STONEWALL COUNTY,433,82 Years,13,7,6,11,6,5,0,0,0,0,0,0,2,1,1
STONEWALL COUNTY,433,83 Years,13,6,7,12,6,6,0,0,0,0,0,0,1,0,1
STONEWALL COUNTY,433,84 Years,11,5,6,10,5,5,1,0,1,0,0,0,0,0,0
STONEWALL COUNTY,433,85 Years +,56,20,36,52,19,33,0,0,0,1,0,1,3,1,2
SUTTON COUNTY,435,All Ages,4108,2040,2068,1587,774,813,6,6,0,25,14,11,2490,1246,1244
SUTTON COUNTY,435,< 1 Year,58,30,28,15,8,7,0,0,0,0,0,0,43,22,21
SUTTON COUNTY,435,1 Years,57,30,27,15,8,7,0,0,0,0,0,0,42,22,20
SUTTON COUNTY,435,2 Years,54,29,25,15,8,7,0,0,0,0,0,0,39,21,18
SUTTON COUNTY,435,3 Years,62,28,34,17,7,10,0,0,0,0,0,0,45,21,24
SUTTON COUNTY,435,4 Years,69,39,30,23,15,8,0,0,0,1,1,0,45,23,22
SUTTON COUNTY,435,5 Years,62,29,33,16,11,5,0,0,0,0,0,0,46,18,28
SUTTON COUNTY,435,6 Years,56,27,29,13,6,7,0,0,0,0,0,0,43,21,22
SUTTON COUNTY,435,7 Years,47,24,23,9,5,4,0,0,0,0,0,0,38,19,19
SUTTON COUNTY,435,8 Years,48,23,25,10,5,5,0,0,0,0,0,0,38,18,20
SUTTON COUNTY,435,9 Years,58,26,32,13,5,8,0,0,0,0,0,0,45,21,24
SUTTON COUNTY,435,10 Years,58,30,28,17,9,8,0,0,0,1,0,1,40,21,19
SUTTON COUNTY,435,11 Years,58,25,33,21,9,12,0,0,0,0,0,0,37,16,21
SUTTON COUNTY,435,12 Years,65,27,38,24,9,15,0,0,0,1,1,0,40,17,23
SUTTON COUNTY,435,13 Years,68,31,37,17,7,10,0,0,0,2,0,2,49,24,25
SUTTON COUNTY,435,14 Years,71,44,27,24,15,9,0,0,0,1,0,1,46,29,17
SUTTON COUNTY,435,15 Years,54,29,25,19,12,7,0,0,0,0,0,0,35,17,18
SUTTON COUNTY,435,16 Years,58,30,28,17,9,8,0,0,0,1,0,1,40,21,19
SUTTON COUNTY,435,17 Years,60,31,29,18,8,10,0,0,0,0,0,0,42,23,19
SUTTON COUNTY,435,18 Years,60,36,24,17,9,8,0,0,0,0,0,0,43,27,16
SUTTON COUNTY,435,19 Years,59,29,30,19,8,11,0,0,0,0,0,0,40,21,19
SUTTON COUNTY,435,20 Years,71,34,37,19,8,11,1,1,0,1,1,0,50,24,26
SUTTON COUNTY,435,21 Years,64,29,35,15,9,6,1,1,0,0,0,0,48,19,29
SUTTON COUNTY,435,22 Years,48,25,23,10,5,5,0,0,0,1,1,0,37,19,18
SUTTON COUNTY,435,23 Years,38,22,16,3,1,2,0,0,0,1,1,0,34,20,14
SUTTON COUNTY,435,24 Years,39,22,17,8,4,4,0,0,0,1,1,0,30,17,13
SUTTON COUNTY,435,25 Years,40,21,19,12,7,5,0,0,0,0,0,0,28,14,14
SUTTON COUNTY,435,26 Years,38,21,17,11,6,5,0,0,0,0,0,0,27,15,12
SUTTON COUNTY,435,27 Years,33,14,19,13,5,8,0,0,0,0,0,0,20,9,11
SUTTON COUNTY,435,28 Years,34,15,19,13,5,8,0,0,0,0,0,0,21,10,11
SUTTON COUNTY,435,29 Years,42,19,23,15,6,9,0,0,0,0,0,0,27,13,14
SUTTON COUNTY,435,30 Years,41,20,21,16,8,8,0,0,0,0,0,0,25,12,13
SUTTON COUNTY,435,31 Years,44,21,23,16,8,8,0,0,0,1,0,1,27,13,14
SUTTON COUNTY,435,32 Years,45,22,23,13,4,9,0,0,0,0,0,0,32,18,14
SUTTON COUNTY,435,33 Years,54,25,29,13,6,7,1,1,0,0,0,0,40,18,22
SUTTON COUNTY,435,34 Years,47,26,21,15,7,8,0,0,0,1,1,0,31,18,13
SUTTON COUNTY,435,35 Years,44,24,20,17,11,6,0,0,0,0,0,0,27,13,14
SUTTON COUNTY,435,36 Years,31,17,14,9,6,3,0,0,0,0,0,0,22,11,11
SUTTON COUNTY,435,37 Years,42,18,24,13,4,9,0,0,0,0,0,0,29,14,15
SUTTON COUNTY,435,38 Years,43,21,22,11,7,4,1,1,0,1,0,1,30,13,17
SUTTON COUNTY,435,39 Years,44,22,22,14,7,7,0,0,0,1,1,0,29,14,15
SUTTON COUNTY,435,40 Years,48,22,26,14,7,7,0,0,0,0,0,0,34,15,19
SUTTON COUNTY,435,41 Years,47,20,27,18,6,12,0,0,0,0,0,0,29,14,15
SUTTON COUNTY,435,42 Years,51,22,29,23,8,15,0,0,0,0,0,0,28,14,14
SUTTON COUNTY,435,43 Years,60,26,34,19,7,12,0,0,0,0,0,0,41,19,22
SUTTON COUNTY,435,44 Years,54,30,24,18,10,8,0,0,0,0,0,0,36,20,16
SUTTON COUNTY,435,45 Years,49,27,22,22,13,9,1,1,0,0,0,0,26,13,13
SUTTON COUNTY,435,46 Years,49,28,21,16,9,7,0,0,0,0,0,0,33,19,14
SUTTON COUNTY,435,47 Years,49,29,20,20,10,10,0,0,0,1,0,1,28,19,9
SUTTON COUNTY,435,48 Years,44,22,22,21,9,12,0,0,0,1,0,1,22,13,9
SUTTON COUNTY,435,49 Years,55,23,32,25,9,16,0,0,0,1,0,1,29,14,15
SUTTON COUNTY,435,50 Years,58,31,27,27,14,13,0,0,0,0,0,0,31,17,14
SUTTON COUNTY,435,51 Years,65,35,30,30,14,16,0,0,0,0,0,0,35,21,14
SUTTON COUNTY,435,52 Years,57,30,27,29,13,16,0,0,0,1,1,0,27,16,11
SUTTON COUNTY,435,53 Years,63,28,35,29,14,15,0,0,0,1,1,0,33,13,20
SUTTON COUNTY,435,54 Years,58,28,30,26,13,13,0,0,0,0,0,0,32,15,17
SUTTON COUNTY,435,55 Years,58,32,26,25,16,9,0,0,0,0,0,0,33,16,17
SUTTON COUNTY,435,56 Years,54,23,31,26,10,16,0,0,0,0,0,0,28,13,15
SUTTON COUNTY,435,57 Years,66,33,33,38,17,21,0,0,0,0,0,0,28,16,12
SUTTON COUNTY,435,58 Years,62,31,31,32,16,16,0,0,0,0,0,0,30,15,15
SUTTON COUNTY,435,59 Years,70,34,36,36,19,17,0,0,0,0,0,0,34,15,19
SUTTON COUNTY,435,60 Years,61,26,35,30,14,16,0,0,0,0,0,0,31,12,19
SUTTON COUNTY,435,61 Years,52,26,26,23,11,12,0,0,0,0,0,0,29,15,14
SUTTON COUNTY,435,62 Years,56,30,26,27,16,11,0,0,0,0,0,0,29,14,15
SUTTON COUNTY,435,63 Years,43,20,23,25,13,12,0,0,0,0,0,0,18,7,11
SUTTON COUNTY,435,64 Years,46,26,20,21,12,9,0,0,0,0,0,0,25,14,11
SUTTON COUNTY,435,65 Years,47,27,20,22,13,9,0,0,0,0,0,0,25,14,11
SUTTON COUNTY,435,66 Years,49,26,23,30,18,12,0,0,0,0,0,0,19,8,11
SUTTON COUNTY,435,67 Years,44,23,21,25,14,11,0,0,0,0,0,0,19,9,10
SUTTON COUNTY,435,68 Years,36,18,18,20,9,11,1,1,0,1,1,0,14,7,7
SUTTON COUNTY,435,69 Years,39,19,20,20,8,12,0,0,0,1,1,0,18,10,8
SUTTON COUNTY,435,70 Years,37,19,18,23,13,10,0,0,0,1,1,0,13,5,8
SUTTON COUNTY,435,71 Years,34,20,14,22,11,11,0,0,0,1,1,0,11,8,3
SUTTON COUNTY,435,72 Years,27,9,18,16,5,11,0,0,0,0,0,0,11,4,7
SUTTON COUNTY,435,73 Years,22,11,11,15,8,7,0,0,0,0,0,0,7,3,4
SUTTON COUNTY,435,74 Years,23,10,13,14,5,9,0,0,0,0,0,0,9,5,4
SUTTON COUNTY,435,75 Years,21,10,11,12,5,7,0,0,0,0,0,0,9,5,4
SUTTON COUNTY,435,76 Years,30,19,11,15,10,5,0,0,0,0,0,0,15,9,6
SUTTON COUNTY,435,77 Years,33,17,16,19,9,10,0,0,0,0,0,0,14,8,6
SUTTON COUNTY,435,78 Years,22,11,11,12,7,5,0,0,0,0,0,0,10,4,6
SUTTON COUNTY,435,79 Years,17,7,10,12,5,7,0,0,0,0,0,0,5,2,3
SUTTON COUNTY,435,80 Years,22,10,12,15,5,10,0,0,0,0,0,0,7,5,2
SUTTON COUNTY,435,81 Years,25,11,14,12,5,7,0,0,0,0,0,0,13,6,7
SUTTON COUNTY,435,82 Years,23,13,10,12,6,6,0,0,0,0,0,0,11,7,4
SUTTON COUNTY,435,83 Years,27,13,14,13,6,7,0,0,0,0,0,0,14,7,7
SUTTON COUNTY,435,84 Years,19,6,13,11,5,6,0,0,0,0,0,0,8,1,7
SUTTON COUNTY,435,85 Years +,72,24,48,32,10,22,0,0,0,1,0,1,39,14,25
SWISHER COUNTY,437,All Ages,7684,4080,3604,3803,1911,1892,546,388,158,124,54,70,3211,1727,1484
SWISHER COUNTY,437,< 1 Year,98,51,47,35,19,16,4,2,2,1,1,0,58,29,29
SWISHER COUNTY,437,1 Years,94,48,46,35,18,17,3,2,1,1,0,1,55,28,27
SWISHER COUNTY,437,2 Years,93,49,44,35,18,17,3,2,1,1,1,0,54,28,26
SWISHER COUNTY,437,3 Years,120,55,65,37,17,20,3,1,2,4,2,2,76,35,41
SWISHER COUNTY,437,4 Years,124,62,62,36,16,20,7,2,5,5,3,2,76,41,35
SWISHER COUNTY,437,5 Years,111,58,53,42,20,22,5,2,3,4,1,3,60,35,25
SWISHER COUNTY,437,6 Years,115,58,57,37,18,19,9,5,4,6,4,2,63,31,32
SWISHER COUNTY,437,7 Years,113,55,58,41,19,22,11,5,6,4,2,2,57,29,28
SWISHER COUNTY,437,8 Years,122,70,52,49,28,21,10,6,4,4,2,2,59,34,25
SWISHER COUNTY,437,9 Years,111,54,57,41,19,22,9,4,5,4,2,2,57,29,28
SWISHER COUNTY,437,10 Years,106,57,49,43,24,19,6,3,3,4,2,2,53,28,25
SWISHER COUNTY,437,11 Years,97,55,42,38,22,16,6,4,2,1,1,0,52,28,24
SWISHER COUNTY,437,12 Years,118,64,54,46,23,23,5,1,4,2,2,0,65,38,27
SWISHER COUNTY,437,13 Years,111,54,57,49,25,24,8,3,5,3,0,3,51,26,25
SWISHER COUNTY,437,14 Years,110,46,64,46,22,24,7,4,3,1,0,1,56,20,36
SWISHER COUNTY,437,15 Years,96,43,53,35,14,21,3,1,2,2,2,0,56,26,30
SWISHER COUNTY,437,16 Years,109,54,55,39,20,19,9,4,5,2,1,1,59,29,30
SWISHER COUNTY,437,17 Years,100,48,52,45,24,21,8,3,5,1,0,1,46,21,25
SWISHER COUNTY,437,18 Years,91,48,43,32,11,21,6,4,2,1,0,1,52,33,19
SWISHER COUNTY,437,19 Years,106,56,50,27,10,17,9,7,2,2,1,1,68,38,30
SWISHER COUNTY,437,20 Years,114,58,56,40,19,21,7,5,2,3,1,2,64,33,31
SWISHER COUNTY,437,21 Years,109,59,50,35,18,17,7,6,1,1,0,1,66,35,31
SWISHER COUNTY,437,22 Years,112,71,41,43,28,15,16,14,2,2,2,0,51,27,24
SWISHER COUNTY,437,23 Years,101,69,32,38,30,8,11,10,1,0,0,0,52,29,23
SWISHER COUNTY,437,24 Years,105,72,33,34,25,9,16,14,2,0,0,0,55,33,22
SWISHER COUNTY,437,25 Years,101,63,38,26,15,11,12,12,0,3,2,1,60,34,26
SWISHER COUNTY,437,26 Years,119,78,41,37,22,15,8,8,0,2,1,1,72,47,25
SWISHER COUNTY,437,27 Years,118,88,30,35,24,11,24,23,1,2,0,2,57,41,16
SWISHER COUNTY,437,28 Years,105,65,40,42,25,17,18,15,3,2,1,1,43,24,19
SWISHER COUNTY,437,29 Years,91,53,38,29,15,14,18,16,2,1,0,1,43,22,21
SWISHER COUNTY,437,30 Years,96,56,40,32,17,15,15,13,2,1,0,1,48,26,22
SWISHER COUNTY,437,31 Years,93,53,40,35,15,20,10,9,1,2,0,2,46,29,17
SWISHER COUNTY,437,32 Years,101,66,35,43,21,22,14,13,1,1,0,1,43,32,11
SWISHER COUNTY,437,33 Years,88,55,33,36,19,17,11,9,2,0,0,0,41,27,14
SWISHER COUNTY,437,34 Years,95,57,38,39,18,21,9,8,1,2,1,1,45,30,15
SWISHER COUNTY,437,35 Years,77,39,38,33,13,20,9,7,2,0,0,0,35,19,16
SWISHER COUNTY,437,36 Years,84,51,33,39,21,18,5,4,1,0,0,0,40,26,14
SWISHER COUNTY,437,37 Years,98,63,35,44,25,19,17,13,4,1,0,1,36,25,11
SWISHER COUNTY,437,38 Years,84,50,34,36,20,16,9,7,2,2,1,1,37,22,15
SWISHER COUNTY,437,39 Years,56,32,24,26,13,13,5,3,2,3,2,1,22,14,8
SWISHER COUNTY,437,40 Years,71,41,30,35,19,16,10,9,1,1,1,0,25,12,13
SWISHER COUNTY,437,41 Years,64,35,29,32,22,10,4,4,0,1,0,1,27,9,18
SWISHER COUNTY,437,42 Years,77,39,38,31,15,16,8,6,2,1,1,0,37,17,20
SWISHER COUNTY,437,43 Years,83,37,46,41,18,23,5,4,1,1,1,0,36,14,22
SWISHER COUNTY,437,44 Years,99,49,50,38,17,21,9,7,2,1,0,1,51,25,26
SWISHER COUNTY,437,45 Years,80,47,33,41,24,17,7,6,1,1,0,1,31,17,14
SWISHER COUNTY,437,46 Years,79,48,31,38,24,14,6,5,1,2,1,1,33,18,15
SWISHER COUNTY,437,47 Years,97,54,43,47,27,20,12,8,4,1,0,1,37,19,18
SWISHER COUNTY,437,48 Years,99,53,46,52,29,23,6,4,2,1,0,1,40,20,20
SWISHER COUNTY,437,49 Years,105,54,51,43,19,24,10,7,3,2,1,1,50,27,23
SWISHER COUNTY,437,50 Years,103,56,47,47,23,24,8,7,1,0,0,0,48,26,22
SWISHER COUNTY,437,51 Years,93,47,46,48,19,29,6,6,0,0,0,0,39,22,17
SWISHER COUNTY,437,52 Years,108,56,52,59,27,32,10,7,3,0,0,0,39,22,17
SWISHER COUNTY,437,53 Years,93,52,41,57,32,25,5,3,2,1,0,1,30,17,13
SWISHER COUNTY,437,54 Years,86,48,38,57,32,25,3,2,1,1,1,0,25,13,12
SWISHER COUNTY,437,55 Years,89,51,38,46,25,21,2,1,1,0,0,0,41,25,16
SWISHER COUNTY,437,56 Years,96,49,47,60,31,29,4,1,3,0,0,0,32,17,15
SWISHER COUNTY,437,57 Years,90,48,42,60,33,27,3,2,1,0,0,0,27,13,14
SWISHER COUNTY,437,58 Years,89,44,45,59,31,28,1,1,0,1,0,1,28,12,16
SWISHER COUNTY,437,59 Years,89,47,42,65,33,32,3,2,1,1,1,0,20,11,9
SWISHER COUNTY,437,60 Years,94,52,42,68,36,32,3,1,2,0,0,0,23,15,8
SWISHER COUNTY,437,61 Years,99,53,46,68,35,33,7,4,3,0,0,0,24,14,10
SWISHER COUNTY,437,62 Years,96,47,49,70,33,37,5,3,2,2,1,1,19,10,9
SWISHER COUNTY,437,63 Years,84,41,43,57,29,28,3,1,2,2,0,2,22,11,11
SWISHER COUNTY,437,64 Years,79,47,32,55,32,23,2,1,1,1,0,1,21,14,7
SWISHER COUNTY,437,65 Years,81,46,35,57,34,23,1,0,1,3,1,2,20,11,9
SWISHER COUNTY,437,66 Years,74,35,39,57,28,29,1,0,1,3,1,2,13,6,7
SWISHER COUNTY,437,67 Years,71,30,41,54,23,31,2,0,2,1,1,0,14,6,8
SWISHER COUNTY,437,68 Years,63,26,37,43,18,25,3,1,2,2,0,2,15,7,8
SWISHER COUNTY,437,69 Years,79,35,44,53,24,29,2,2,0,2,0,2,22,9,13
SWISHER COUNTY,437,70 Years,68,35,33,45,24,21,3,2,1,1,0,1,19,9,10
SWISHER COUNTY,437,71 Years,61,29,32,41,19,22,3,2,1,0,0,0,17,8,9
SWISHER COUNTY,437,72 Years,58,24,34,41,19,22,1,0,1,1,1,0,15,4,11
SWISHER COUNTY,437,73 Years,60,31,29,43,22,21,1,0,1,1,1,0,15,8,7
SWISHER COUNTY,437,74 Years,64,34,30,42,26,16,3,1,2,1,0,1,18,7,11
SWISHER COUNTY,437,75 Years,59,28,31,36,19,17,2,1,1,1,0,1,20,8,12
SWISHER COUNTY,437,76 Years,48,19,29,35,13,22,2,1,1,0,0,0,11,5,6
SWISHER COUNTY,437,77 Years,52,13,39,46,12,34,1,0,1,0,0,0,5,1,4
SWISHER COUNTY,437,78 Years,43,15,28,35,10,25,0,0,0,0,0,0,8,5,3
SWISHER COUNTY,437,79 Years,47,19,28,35,15,20,2,0,2,0,0,0,10,4,6
SWISHER COUNTY,437,80 Years,50,24,26,41,21,20,2,1,1,0,0,0,7,2,5
SWISHER COUNTY,437,81 Years,45,24,21,36,19,17,0,0,0,0,0,0,9,5,4
SWISHER COUNTY,437,82 Years,38,15,23,34,12,22,0,0,0,0,0,0,4,3,1
SWISHER COUNTY,437,83 Years,52,26,26,47,23,24,0,0,0,0,0,0,5,3,2
SWISHER COUNTY,437,84 Years,40,18,22,35,14,21,0,0,0,1,1,0,4,3,1
SWISHER COUNTY,437,85 Years +,197,76,121,163,61,102,3,1,2,5,2,3,26,12,14
TARRANT COUNTY,439,All Ages,1910975,938391,972584,935836,457932,477904,285540,133553,151987,144334,69908,74426,545265,276998,268267
TARRANT COUNTY,439,< 1 Year,28325,14461,13864,11240,5732,5508,4133,2107,2026,2387,1221,1166,10565,5401,5164
TARRANT COUNTY,439,1 Years,27478,13990,13488,11228,5718,5510,3963,2015,1948,1886,957,929,10401,5300,5101
TARRANT COUNTY,439,2 Years,27130,13809,13321,11295,5756,5539,3901,1981,1920,1911,967,944,10023,5105,4918
TARRANT COUNTY,439,3 Years,27769,14017,13752,10433,5304,5129,4047,2031,2016,2340,1181,1159,10949,5501,5448
TARRANT COUNTY,439,4 Years,28326,14277,14049,10184,5173,5011,4385,2213,2172,2500,1260,1240,11257,5631,5626
TARRANT COUNTY,439,5 Years,29177,14937,14240,10364,5345,5019,4592,2312,2280,2767,1432,1335,11454,5848,5606
TARRANT COUNTY,439,6 Years,29556,15115,14441,10529,5409,5120,4618,2344,2274,2776,1427,1349,11633,5935,5698
TARRANT COUNTY,439,7 Years,29472,15046,14426,10607,5437,5170,4613,2322,2291,2764,1409,1355,11488,5878,5610
TARRANT COUNTY,439,8 Years,29550,15039,14511,10775,5543,5232,4662,2355,2307,2777,1368,1409,11336,5773,5563
TARRANT COUNTY,439,9 Years,29724,15147,14577,10728,5491,5237,4664,2364,2300,2881,1429,1452,11451,5863,5588
TARRANT COUNTY,439,10 Years,29613,15101,14512,10785,5540,5245,4724,2406,2318,2765,1377,1388,11339,5778,5561
TARRANT COUNTY,439,11 Years,29759,15227,14532,10643,5479,5164,4934,2491,2443,2655,1348,1307,11527,5909,5618
TARRANT COUNTY,439,12 Years,30227,15375,14852,10988,5569,5419,5077,2571,2506,2679,1390,1289,11483,5845,5638
TARRANT COUNTY,439,13 Years,30158,15414,14744,11149,5797,5352,5161,2640,2521,2576,1317,1259,11272,5660,5612
TARRANT COUNTY,439,14 Years,29328,15012,14316,10977,5680,5297,4949,2502,2447,2452,1255,1197,10950,5575,5375
TARRANT COUNTY,439,15 Years,28941,14879,14062,10964,5661,5303,4980,2508,2472,2430,1240,1190,10567,5470,5097
TARRANT COUNTY,439,16 Years,28917,14898,14019,11189,5787,5402,4932,2537,2395,2415,1236,1179,10381,5338,5043
TARRANT COUNTY,439,17 Years,28906,14679,14227,11247,5691,5556,4918,2521,2397,2515,1262,1253,10226,5205,5021
TARRANT COUNTY,439,18 Years,28072,14346,13726,10946,5588,5358,4784,2420,2364,2435,1271,1164,9907,5067,4840
TARRANT COUNTY,439,19 Years,26999,13836,13163,10377,5334,5043,4652,2331,2321,2204,1153,1051,9766,5018,4748
TARRANT COUNTY,439,20 Years,26202,13416,12786,10153,5174,4979,4570,2321,2249,2003,1022,981,9476,4899,4577
TARRANT COUNTY,439,21 Years,25750,13166,12584,10102,5148,4954,4299,2133,2166,1940,967,973,9409,4918,4491
TARRANT COUNTY,439,22 Years,25590,12903,12687,10300,5099,5201,4027,1933,2094,1987,1011,976,9276,4860,4416
TARRANT COUNTY,439,23 Years,26242,13259,12983,10991,5363,5628,3852,1814,2038,2066,1064,1002,9333,5018,4315
TARRANT COUNTY,439,24 Years,26836,13430,13406,11395,5497,5898,3798,1748,2050,2257,1151,1106,9386,5034,4352
TARRANT COUNTY,439,25 Years,26967,13473,13494,11651,5591,6060,3760,1694,2066,2152,1095,1057,9404,5093,4311
TARRANT COUNTY,439,26 Years,27764,13825,13939,12392,5984,6408,3755,1665,2090,2105,1034,1071,9512,5142,4370
TARRANT COUNTY,439,27 Years,28212,13976,14236,12818,6221,6597,3870,1751,2119,2056,1015,1041,9468,4989,4479
TARRANT COUNTY,439,28 Years,28710,14171,14539,13204,6521,6683,3980,1826,2154,2094,1016,1078,9432,4808,4624
TARRANT COUNTY,439,29 Years,28595,14101,14494,12962,6465,6497,4072,1819,2253,2138,1044,1094,9423,4773,4650
TARRANT COUNTY,439,30 Years,29349,14436,14913,13315,6654,6661,4291,1880,2411,2146,1026,1120,9597,4876,4721
TARRANT COUNTY,439,31 Years,29194,14195,14999,13369,6661,6708,4368,1896,2472,2140,948,1192,9317,4690,4627
TARRANT COUNTY,439,32 Years,28999,14079,14920,13305,6633,6672,4428,1903,2525,2092,939,1153,9174,4604,4570
TARRANT COUNTY,439,33 Years,28825,14011,14814,13006,6482,6524,4650,1996,2654,2053,949,1104,9116,4584,4532
TARRANT COUNTY,439,34 Years,27109,13248,13861,12026,6010,6016,4526,1971,2555,2000,908,1092,8557,4359,4198
TARRANT COUNTY,439,35 Years,26458,12891,13567,11512,5701,5811,4381,1927,2454,1972,896,1076,8593,4367,4226
TARRANT COUNTY,439,36 Years,25816,12637,13179,11058,5528,5530,4309,1901,2408,2034,907,1127,8415,4301,4114
TARRANT COUNTY,439,37 Years,25749,12524,13225,10943,5398,5545,4290,1938,2352,2218,1008,1210,8298,4180,4118
TARRANT COUNTY,439,38 Years,26244,12764,13480,11282,5577,5705,4313,1923,2390,2288,1022,1266,8361,4242,4119
TARRANT COUNTY,439,39 Years,25860,12385,13475,11226,5465,5761,4310,1912,2398,2294,1010,1284,8030,3998,4032
TARRANT COUNTY,439,40 Years,26058,12499,13559,11497,5634,5863,4263,1898,2365,2287,1025,1262,8011,3942,4069
TARRANT COUNTY,439,41 Years,27294,13269,14025,12494,6315,6179,4379,1931,2448,2403,1096,1307,8018,3927,4091
TARRANT COUNTY,439,42 Years,28710,14002,14708,13934,6997,6937,4523,2061,2462,2458,1135,1323,7795,3809,3986
TARRANT COUNTY,439,43 Years,28877,14094,14783,14284,7110,7174,4488,2014,2474,2411,1113,1298,7694,3857,3837
TARRANT COUNTY,439,44 Years,27203,13244,13959,13556,6688,6868,4196,1920,2276,2190,1022,1168,7261,3614,3647
TARRANT COUNTY,439,45 Years,25832,12731,13101,12826,6365,6461,4102,1892,2210,1979,933,1046,6925,3541,3384
TARRANT COUNTY,439,46 Years,25205,12414,12791,12704,6321,6383,4071,1855,2216,1891,867,1024,6539,3371,3168
TARRANT COUNTY,439,47 Years,25407,12433,12974,12876,6290,6586,4218,1917,2301,1853,873,980,6460,3353,3107
TARRANT COUNTY,439,48 Years,26501,12995,13506,13967,6864,7103,4312,1980,2332,1872,899,973,6350,3252,3098
TARRANT COUNTY,439,49 Years,26819,13086,13733,14845,7227,7618,4257,1987,2270,1854,894,960,5863,2978,2885
TARRANT COUNTY,439,50 Years,26760,13245,13515,15260,7554,7706,4196,1987,2209,1834,893,941,5470,2811,2659
TARRANT COUNTY,439,51 Years,26487,13029,13458,15551,7652,7899,4043,1875,2168,1701,809,892,5192,2693,2499
TARRANT COUNTY,439,52 Years,26626,13119,13507,15964,7858,8106,3950,1856,2094,1725,817,908,4987,2588,2399
TARRANT COUNTY,439,53 Years,26506,13072,13434,16118,8002,8116,3884,1852,2032,1695,799,896,4809,2419,2390
TARRANT COUNTY,439,54 Years,25220,12550,12670,15529,7789,7740,3717,1785,1932,1599,764,835,4375,2212,2163
TARRANT COUNTY,439,55 Years,24662,12268,12394,15379,7658,7721,3609,1712,1897,1596,791,805,4078,2107,1971
TARRANT COUNTY,439,56 Years,23836,11663,12173,15053,7451,7602,3413,1546,1867,1544,742,802,3826,1924,1902
TARRANT COUNTY,439,57 Years,22915,11093,11822,14522,7130,7392,3310,1486,1824,1494,725,769,3589,1752,1837
TARRANT COUNTY,439,58 Years,22427,10900,11527,14485,7107,7378,3157,1436,1721,1367,673,694,3418,1684,1734
TARRANT COUNTY,439,59 Years,20875,10067,10808,13762,6735,7027,2822,1271,1551,1243,563,680,3048,1498,1550
TARRANT COUNTY,439,60 Years,19593,9405,10188,13112,6318,6794,2520,1153,1367,1215,557,658,2746,1377,1369
TARRANT COUNTY,439,61 Years,18607,8894,9713,12543,6052,6491,2374,1078,1296,1212,555,657,2478,1209,1269
TARRANT COUNTY,439,62 Years,17423,8269,9154,11566,5574,5992,2301,1019,1282,1132,508,624,2424,1168,1256
TARRANT COUNTY,439,63 Years,16939,8017,8922,11334,5406,5928,2153,923,1230,1127,534,593,2325,1154,1171
TARRANT COUNTY,439,64 Years,16169,7648,8521,10994,5233,5761,2055,867,1188,1037,512,525,2083,1036,1047
TARRANT COUNTY,439,65 Years,16185,7665,8520,11461,5495,5966,1872,809,1063,954,441,513,1898,920,978
TARRANT COUNTY,439,66 Years,15796,7519,8277,11435,5523,5912,1694,757,937,863,383,480,1804,856,948
TARRANT COUNTY,439,67 Years,12570,5965,6605,8829,4230,4599,1381,597,784,750,365,385,1610,773,837
TARRANT COUNTY,439,68 Years,11461,5379,6082,7985,3779,4206,1245,535,710,697,333,364,1534,732,802
TARRANT COUNTY,439,69 Years,11219,5197,6022,8003,3757,4246,1192,507,685,661,307,354,1363,626,737
TARRANT COUNTY,439,70 Years,10575,4854,5721,7676,3578,4098,1083,452,631,620,282,338,1196,542,654
TARRANT COUNTY,439,71 Years,9236,4269,4967,6680,3138,3542,984,387,597,535,263,272,1037,481,556
TARRANT COUNTY,439,72 Years,8591,3862,4729,6165,2823,3342,942,364,578,503,234,269,981,441,540
TARRANT COUNTY,439,73 Years,7864,3564,4300,5696,2614,3082,807,333,474,436,201,235,925,416,509
TARRANT COUNTY,439,74 Years,7314,3234,4080,5305,2375,2930,757,306,451,410,182,228,842,371,471
TARRANT COUNTY,439,75 Years,6955,3014,3941,5108,2239,2869,707,266,441,391,180,211,749,329,420
TARRANT COUNTY,439,76 Years,6420,2800,3620,4763,2091,2672,643,245,398,319,149,170,695,315,380
TARRANT COUNTY,439,77 Years,6192,2649,3543,4657,2026,2631,599,233,366,283,123,160,653,267,386
TARRANT COUNTY,439,78 Years,6111,2602,3509,4617,2000,2617,601,229,372,248,103,145,645,270,375
TARRANT COUNTY,439,79 Years,5426,2274,3152,4121,1752,2369,524,184,340,244,116,128,537,222,315
TARRANT COUNTY,439,80 Years,5227,2119,3108,4007,1657,2350,478,157,321,238,105,133,504,200,304
TARRANT COUNTY,439,81 Years,4869,1967,2902,3795,1559,2236,429,140,289,190,80,110,455,188,267
TARRANT COUNTY,439,82 Years,4572,1856,2716,3601,1480,2121,379,123,256,196,87,109,396,166,230
TARRANT COUNTY,439,83 Years,4175,1629,2546,3306,1292,2014,366,128,238,170,75,95,333,134,199
TARRANT COUNTY,439,84 Years,3810,1444,2366,3066,1173,1893,309,102,207,124,52,72,311,117,194
TARRANT COUNTY,439,85 Years +,21558,7028,14530,17747,5815,11932,1697,476,1221,633,216,417,1481,521,960
TAYLOR COUNTY,441,All Ages,134948,65951,68997,87974,42557,45417,9491,4885,4606,5888,2819,3069,31595,15690,15905
TAYLOR COUNTY,441,< 1 Year,2065,1057,1008,1224,628,596,157,82,75,98,51,47,586,296,290
TAYLOR COUNTY,441,1 Years,2041,1041,1000,1211,617,594,156,80,76,78,41,37,596,303,293
TAYLOR COUNTY,441,2 Years,2026,1033,993,1202,612,590,152,78,74,77,40,37,595,303,292
TAYLOR COUNTY,441,3 Years,2008,977,1031,1022,497,525,165,80,85,144,71,73,677,329,348
TAYLOR COUNTY,441,4 Years,1949,981,968,963,486,477,157,77,80,130,69,61,699,349,350
TAYLOR COUNTY,441,5 Years,1978,1038,940,985,506,479,160,82,78,120,65,55,713,385,328
TAYLOR COUNTY,441,6 Years,2009,1064,945,994,512,482,162,92,70,125,70,55,728,390,338
TAYLOR COUNTY,441,7 Years,1906,988,918,934,468,466,156,85,71,121,73,48,695,362,333
TAYLOR COUNTY,441,8 Years,1856,959,897,913,461,452,156,78,78,110,63,47,677,357,320
TAYLOR COUNTY,441,9 Years,1766,896,870,863,438,425,146,75,71,105,53,52,652,330,322
TAYLOR COUNTY,441,10 Years,1718,884,834,862,443,419,150,74,76,100,50,50,606,317,289
TAYLOR COUNTY,441,11 Years,1702,874,828,861,451,410,141,60,81,109,63,46,591,300,291
TAYLOR COUNTY,441,12 Years,1727,869,858,865,454,411,163,76,87,99,49,50,600,290,310
TAYLOR COUNTY,441,13 Years,1753,894,859,892,460,432,140,71,69,99,43,56,622,320,302
TAYLOR COUNTY,441,14 Years,1664,842,822,874,451,423,133,65,68,94,44,50,563,282,281
TAYLOR COUNTY,441,15 Years,1681,865,816,880,461,419,130,70,60,102,50,52,569,284,285
TAYLOR COUNTY,441,16 Years,1633,837,796,879,457,422,125,65,60,94,42,52,535,273,262
TAYLOR COUNTY,441,17 Years,1662,853,809,900,459,441,146,74,72,90,43,47,526,277,249
TAYLOR COUNTY,441,18 Years,1846,923,923,1060,515,545,155,79,76,83,43,40,548,286,262
TAYLOR COUNTY,441,19 Years,2094,1075,1019,1262,652,610,197,105,92,86,36,50,549,282,267
TAYLOR COUNTY,441,20 Years,2118,1073,1045,1264,652,612,213,113,100,97,44,53,544,264,280
TAYLOR COUNTY,441,21 Years,2370,1212,1158,1442,768,674,195,103,92,121,55,66,612,286,326
TAYLOR COUNTY,441,22 Years,2678,1282,1396,1664,781,883,220,113,107,153,78,75,641,310,331
TAYLOR COUNTY,441,23 Years,2831,1342,1489,1727,780,947,249,130,119,184,93,91,671,339,332
TAYLOR COUNTY,441,24 Years,2857,1384,1473,1788,799,989,248,150,98,179,104,75,642,331,311
TAYLOR COUNTY,441,25 Years,2949,1524,1425,1964,982,982,218,136,82,151,91,60,616,315,301
TAYLOR COUNTY,441,26 Years,2674,1382,1292,1749,896,853,222,124,98,132,76,56,571,286,285
TAYLOR COUNTY,441,27 Years,2459,1278,1181,1604,845,759,186,104,82,113,54,59,556,275,281
TAYLOR COUNTY,441,28 Years,2276,1146,1130,1442,722,720,160,93,67,110,59,51,564,272,292
TAYLOR COUNTY,441,29 Years,2148,1089,1059,1334,677,657,161,87,74,101,61,40,552,264,288
TAYLOR COUNTY,441,30 Years,1974,1009,965,1233,633,600,141,75,66,77,40,37,523,261,262
TAYLOR COUNTY,441,31 Years,1841,934,907,1107,551,556,135,76,59,87,44,43,512,263,249
TAYLOR COUNTY,441,32 Years,1762,898,864,1042,532,510,144,81,63,80,39,41,496,246,250
TAYLOR COUNTY,441,33 Years,1549,758,791,925,458,467,136,68,68,65,31,34,423,201,222
TAYLOR COUNTY,441,34 Years,1470,732,738,879,443,436,124,61,63,67,27,40,400,201,199
TAYLOR COUNTY,441,35 Years,1434,715,719,886,445,441,108,53,55,76,27,49,364,190,174
TAYLOR COUNTY,441,36 Years,1419,700,719,866,422,444,107,52,55,83,39,44,363,187,176
TAYLOR COUNTY,441,37 Years,1397,699,698,863,436,427,99,47,52,70,33,37,365,183,182
TAYLOR COUNTY,441,38 Years,1409,711,698,862,449,413,110,59,51,57,27,30,380,176,204
TAYLOR COUNTY,441,39 Years,1368,687,681,830,412,418,101,54,47,62,30,32,375,191,184
TAYLOR COUNTY,441,40 Years,1357,670,687,843,415,428,93,53,40,61,32,29,360,170,190
TAYLOR COUNTY,441,41 Years,1380,669,711,885,439,446,107,55,52,63,28,35,325,147,178
TAYLOR COUNTY,441,42 Years,1402,686,716,916,456,460,111,57,54,61,23,38,314,150,164
TAYLOR COUNTY,441,43 Years,1516,732,784,1004,487,517,116,62,54,57,25,32,339,158,181
TAYLOR COUNTY,441,44 Years,1471,724,747,979,490,489,101,46,55,73,30,43,318,158,160
TAYLOR COUNTY,441,45 Years,1367,677,690,911,451,460,83,39,44,61,25,36,312,162,150
TAYLOR COUNTY,441,46 Years,1393,671,722,916,438,478,97,45,52,59,25,34,321,163,158
TAYLOR COUNTY,441,47 Years,1434,678,756,974,456,518,99,56,43,49,19,30,312,147,165
TAYLOR COUNTY,441,48 Years,1501,747,754,1029,504,525,98,52,46,49,20,29,325,171,154
TAYLOR COUNTY,441,49 Years,1678,811,867,1169,565,604,113,54,59,56,21,35,340,171,169
TAYLOR COUNTY,441,50 Years,1727,840,887,1246,604,642,101,48,53,53,24,29,327,164,163
TAYLOR COUNTY,441,51 Years,1701,840,861,1219,591,628,111,60,51,52,29,23,319,160,159
TAYLOR COUNTY,441,52 Years,1762,868,894,1295,633,662,104,55,49,57,26,31,306,154,152
TAYLOR COUNTY,441,53 Years,1792,878,914,1300,638,662,105,53,52,57,19,38,330,168,162
TAYLOR COUNTY,441,54 Years,1691,801,890,1246,599,647,108,52,56,58,20,38,279,130,149
TAYLOR COUNTY,441,55 Years,1715,814,901,1262,598,664,115,52,63,51,24,27,287,140,147
TAYLOR COUNTY,441,56 Years,1704,835,869,1286,631,655,109,51,58,49,21,28,260,132,128
TAYLOR COUNTY,441,57 Years,1599,790,809,1189,588,601,94,48,46,54,23,31,262,131,131
TAYLOR COUNTY,441,58 Years,1652,805,847,1240,593,647,108,62,46,53,22,31,251,128,123
TAYLOR COUNTY,441,59 Years,1557,746,811,1183,564,619,104,53,51,47,19,28,223,110,113
TAYLOR COUNTY,441,60 Years,1388,655,733,1045,490,555,80,41,39,46,16,30,217,108,109
TAYLOR COUNTY,441,61 Years,1405,666,739,1042,493,549,80,43,37,42,13,29,241,117,124
TAYLOR COUNTY,441,62 Years,1356,644,712,1047,504,543,74,34,40,37,15,22,198,91,107
TAYLOR COUNTY,441,63 Years,1282,582,700,975,447,528,66,31,35,40,16,24,201,88,113
TAYLOR COUNTY,441,64 Years,1285,610,675,987,476,511,60,31,29,45,15,30,193,88,105
TAYLOR COUNTY,441,65 Years,1278,617,661,1007,482,525,56,32,24,37,14,23,178,89,89
TAYLOR COUNTY,441,66 Years,1275,601,674,994,471,523,52,26,26,39,16,23,190,88,102
TAYLOR COUNTY,441,67 Years,1010,466,544,773,358,415,44,19,25,29,13,16,164,76,88
TAYLOR COUNTY,441,68 Years,940,415,525,739,328,411,52,21,31,23,9,14,126,57,69
TAYLOR COUNTY,441,69 Years,1023,460,563,817,368,449,53,26,27,23,10,13,130,56,74
TAYLOR COUNTY,441,70 Years,985,453,532,799,370,429,52,21,31,21,8,13,113,54,59
TAYLOR COUNTY,441,71 Years,860,384,476,693,308,385,44,22,22,16,5,11,107,49,58
TAYLOR COUNTY,441,72 Years,815,366,449,668,293,375,37,22,15,20,8,12,90,43,47
TAYLOR COUNTY,441,73 Years,837,351,486,693,296,397,38,18,20,22,9,13,84,28,56
TAYLOR COUNTY,441,74 Years,786,344,442,659,296,363,32,12,20,20,7,13,75,29,46
TAYLOR COUNTY,441,75 Years,758,344,414,640,293,347,27,12,15,18,8,10,73,31,42
TAYLOR COUNTY,441,76 Years,721,324,397,618,283,335,24,10,14,14,4,10,65,27,38
TAYLOR COUNTY,441,77 Years,750,321,429,641,281,360,27,11,16,19,5,14,63,24,39
TAYLOR COUNTY,441,78 Years,731,306,425,633,268,365,23,10,13,14,7,7,61,21,40
TAYLOR COUNTY,441,79 Years,690,275,415,599,243,356,22,7,15,14,9,5,55,16,39
TAYLOR COUNTY,441,80 Years,630,252,378,542,216,326,21,10,11,17,6,11,50,20,30
TAYLOR COUNTY,441,81 Years,581,256,325,508,227,281,14,7,7,12,3,9,47,19,28
TAYLOR COUNTY,441,82 Years,546,224,322,480,200,280,17,8,9,10,3,7,39,13,26
TAYLOR COUNTY,441,83 Years,511,199,312,457,185,272,13,5,8,9,1,8,32,8,24
TAYLOR COUNTY,441,84 Years,461,189,272,403,166,237,13,5,8,9,3,6,36,15,21
TAYLOR COUNTY,441,85 Years +,2578,860,1718,2306,764,1542,69,21,48,43,10,33,160,65,95
TERRELL COUNTY,443,All Ages,894,459,435,448,231,217,7,5,2,12,7,5,427,216,211
TERRELL COUNTY,443,< 1 Year,9,4,5,3,1,2,0,0,0,0,0,0,6,3,3
TERRELL COUNTY,443,1 Years,10,5,5,4,2,2,0,0,0,0,0,0,6,3,3
TERRELL COUNTY,443,2 Years,10,5,5,4,2,2,0,0,0,0,0,0,6,3,3
TERRELL COUNTY,443,3 Years,11,6,5,5,2,3,0,0,0,0,0,0,6,4,2
TERRELL COUNTY,443,4 Years,10,5,5,3,1,2,0,0,0,1,0,1,6,4,2
TERRELL COUNTY,443,5 Years,11,4,7,5,2,3,0,0,0,0,0,0,6,2,4
TERRELL COUNTY,443,6 Years,14,7,7,5,3,2,0,0,0,0,0,0,9,4,5
TERRELL COUNTY,443,7 Years,11,6,5,3,2,1,0,0,0,0,0,0,8,4,4
TERRELL COUNTY,443,8 Years,12,5,7,4,2,2,0,0,0,0,0,0,8,3,5
TERRELL COUNTY,443,9 Years,10,5,5,5,2,3,0,0,0,0,0,0,5,3,2
TERRELL COUNTY,443,10 Years,8,5,3,5,2,3,0,0,0,0,0,0,3,3,0
TERRELL COUNTY,443,11 Years,10,6,4,5,3,2,0,0,0,0,0,0,5,3,2
TERRELL COUNTY,443,12 Years,13,9,4,5,3,2,0,0,0,0,0,0,8,6,2
TERRELL COUNTY,443,13 Years,10,7,3,3,2,1,0,0,0,0,0,0,7,5,2
TERRELL COUNTY,443,14 Years,8,5,3,4,3,1,0,0,0,1,1,0,3,1,2
TERRELL COUNTY,443,15 Years,9,5,4,5,3,2,0,0,0,0,0,0,4,2,2
TERRELL COUNTY,443,16 Years,12,6,6,5,2,3,0,0,0,0,0,0,7,4,3
TERRELL COUNTY,443,17 Years,7,4,3,3,2,1,0,0,0,0,0,0,4,2,2
TERRELL COUNTY,443,18 Years,8,6,2,5,4,1,0,0,0,0,0,0,3,2,1
TERRELL COUNTY,443,19 Years,13,9,4,3,3,0,1,1,0,1,1,0,8,4,4
TERRELL COUNTY,443,20 Years,14,7,7,5,3,2,0,0,0,1,1,0,8,3,5
TERRELL COUNTY,443,21 Years,9,5,4,3,2,1,0,0,0,1,1,0,5,2,3
TERRELL COUNTY,443,22 Years,10,5,5,4,1,3,0,0,0,0,0,0,6,4,2
TERRELL COUNTY,443,23 Years,8,4,4,4,2,2,0,0,0,0,0,0,4,2,2
TERRELL COUNTY,443,24 Years,6,3,3,1,1,0,0,0,0,0,0,0,5,2,3
TERRELL COUNTY,443,25 Years,3,1,2,0,0,0,0,0,0,0,0,0,3,1,2
TERRELL COUNTY,443,26 Years,6,3,3,4,2,2,0,0,0,0,0,0,2,1,1
TERRELL COUNTY,443,27 Years,8,5,3,2,1,1,0,0,0,0,0,0,6,4,2
TERRELL COUNTY,443,28 Years,7,4,3,3,2,1,0,0,0,0,0,0,4,2,2
TERRELL COUNTY,443,29 Years,11,4,7,3,1,2,0,0,0,0,0,0,8,3,5
TERRELL COUNTY,443,30 Years,9,4,5,5,3,2,0,0,0,0,0,0,4,1,3
TERRELL COUNTY,443,31 Years,8,4,4,5,2,3,0,0,0,0,0,0,3,2,1
TERRELL COUNTY,443,32 Years,11,4,7,5,2,3,0,0,0,0,0,0,6,2,4
TERRELL COUNTY,443,33 Years,8,4,4,3,1,2,1,1,0,0,0,0,4,2,2
TERRELL COUNTY,443,34 Years,10,5,5,7,3,4,1,1,0,0,0,0,2,1,1
TERRELL COUNTY,443,35 Years,13,8,5,10,5,5,0,0,0,1,1,0,2,2,0
TERRELL COUNTY,443,36 Years,6,4,2,3,2,1,0,0,0,0,0,0,3,2,1
TERRELL COUNTY,443,37 Years,7,3,4,3,1,2,0,0,0,0,0,0,4,2,2
TERRELL COUNTY,443,38 Years,12,6,6,9,5,4,0,0,0,0,0,0,3,1,2
TERRELL COUNTY,443,39 Years,10,5,5,5,2,3,0,0,0,0,0,0,5,3,2
TERRELL COUNTY,443,40 Years,9,6,3,5,3,2,0,0,0,0,0,0,4,3,1
TERRELL COUNTY,443,41 Years,10,5,5,5,3,2,1,0,1,0,0,0,4,2,2
TERRELL COUNTY,443,42 Years,10,6,4,2,2,0,1,0,1,0,0,0,7,4,3
TERRELL COUNTY,443,43 Years,13,6,7,5,1,4,0,0,0,0,0,0,8,5,3
TERRELL COUNTY,443,44 Years,11,6,5,7,4,3,0,0,0,0,0,0,4,2,2
TERRELL COUNTY,443,45 Years,11,7,4,7,5,2,0,0,0,0,0,0,4,2,2
TERRELL COUNTY,443,46 Years,12,6,6,5,2,3,0,0,0,0,0,0,7,4,3
TERRELL COUNTY,443,47 Years,10,2,8,4,1,3,0,0,0,0,0,0,6,1,5
TERRELL COUNTY,443,48 Years,10,5,5,4,2,2,1,1,0,0,0,0,5,2,3
TERRELL COUNTY,443,49 Years,12,10,2,6,4,2,1,1,0,0,0,0,5,5,0
TERRELL COUNTY,443,50 Years,11,6,5,6,3,3,0,0,0,0,0,0,5,3,2
TERRELL COUNTY,443,51 Years,10,6,4,6,4,2,0,0,0,0,0,0,4,2,2
TERRELL COUNTY,443,52 Years,7,4,3,4,3,1,0,0,0,0,0,0,3,1,2
TERRELL COUNTY,443,53 Years,11,5,6,4,1,3,0,0,0,0,0,0,7,4,3
TERRELL COUNTY,443,54 Years,10,5,5,6,3,3,0,0,0,0,0,0,4,2,2
TERRELL COUNTY,443,55 Years,12,8,4,7,5,2,0,0,0,1,1,0,4,2,2
TERRELL COUNTY,443,56 Years,12,5,7,4,2,2,0,0,0,1,1,0,7,2,5
TERRELL COUNTY,443,57 Years,18,8,10,9,4,5,0,0,0,0,0,0,9,4,5
TERRELL COUNTY,443,58 Years,12,6,6,7,4,3,0,0,0,1,0,1,4,2,2
TERRELL COUNTY,443,59 Years,9,5,4,6,3,3,0,0,0,0,0,0,3,2,1
TERRELL COUNTY,443,60 Years,14,9,5,9,5,4,0,0,0,0,0,0,5,4,1
TERRELL COUNTY,443,61 Years,12,4,8,6,2,4,0,0,0,0,0,0,6,2,4
TERRELL COUNTY,443,62 Years,11,5,6,8,3,5,0,0,0,0,0,0,3,2,1
TERRELL COUNTY,443,63 Years,17,9,8,12,7,5,0,0,0,0,0,0,5,2,3
TERRELL COUNTY,443,64 Years,16,8,8,10,5,5,0,0,0,0,0,0,6,3,3
TERRELL COUNTY,443,65 Years,17,9,8,9,5,4,0,0,0,0,0,0,8,4,4
TERRELL COUNTY,443,66 Years,15,9,6,7,5,2,0,0,0,1,0,1,7,4,3
TERRELL COUNTY,443,67 Years,14,5,9,7,2,5,0,0,0,0,0,0,7,3,4
TERRELL COUNTY,443,68 Years,10,6,4,8,5,3,0,0,0,0,0,0,2,1,1
TERRELL COUNTY,443,69 Years,9,5,4,6,2,4,0,0,0,0,0,0,3,3,0
TERRELL COUNTY,443,70 Years,11,5,6,7,3,4,0,0,0,0,0,0,4,2,2
TERRELL COUNTY,443,71 Years,8,4,4,7,4,3,0,0,0,0,0,0,1,0,1
TERRELL COUNTY,443,72 Years,9,4,5,6,3,3,0,0,0,0,0,0,3,1,2
TERRELL COUNTY,443,73 Years,12,5,7,7,3,4,0,0,0,0,0,0,5,2,3
TERRELL COUNTY,443,74 Years,12,8,4,7,5,2,0,0,0,0,0,0,5,3,2
TERRELL COUNTY,443,75 Years,8,4,4,3,2,1,0,0,0,0,0,0,5,2,3
TERRELL COUNTY,443,76 Years,11,5,6,5,4,1,0,0,0,1,0,1,5,1,4
TERRELL COUNTY,443,77 Years,9,6,3,5,4,1,0,0,0,0,0,0,4,2,2
TERRELL COUNTY,443,78 Years,6,2,4,3,1,2,0,0,0,0,0,0,3,1,2
TERRELL COUNTY,443,79 Years,6,3,3,3,1,2,0,0,0,0,0,0,3,2,1
TERRELL COUNTY,443,80 Years,7,3,4,2,0,2,0,0,0,0,0,0,5,3,2
TERRELL COUNTY,443,81 Years,5,2,3,3,2,1,0,0,0,0,0,0,2,0,2
TERRELL COUNTY,443,82 Years,8,4,4,4,2,2,0,0,0,0,0,0,4,2,2
TERRELL COUNTY,443,83 Years,8,2,6,5,1,4,0,0,0,0,0,0,3,1,2
TERRELL COUNTY,443,84 Years,11,3,8,7,2,5,0,0,0,0,0,0,4,1,3
TERRELL COUNTY,443,85 Years +,26,11,15,15,7,8,0,0,0,1,0,1,10,4,6
TERRY COUNTY,445,All Ages,12651,6737,5914,5534,2863,2671,567,380,187,137,71,66,6413,3423,2990
TERRY COUNTY,445,< 1 Year,196,103,93,59,31,28,4,2,2,5,2,3,128,68,60
TERRY COUNTY,445,1 Years,191,97,94,56,28,28,5,3,2,4,2,2,126,64,62
TERRY COUNTY,445,2 Years,187,97,90,56,29,27,4,3,1,4,2,2,123,63,60
TERRY COUNTY,445,3 Years,188,99,89,60,33,27,3,1,2,2,1,1,123,64,59
TERRY COUNTY,445,4 Years,204,108,96,60,34,26,6,1,5,5,4,1,133,69,64
TERRY COUNTY,445,5 Years,196,91,105,63,30,33,4,1,3,5,3,2,124,57,67
TERRY COUNTY,445,6 Years,198,99,99,68,38,30,4,2,2,2,1,1,124,58,66
TERRY COUNTY,445,7 Years,185,105,80,55,32,23,5,4,1,2,1,1,123,68,55
TERRY COUNTY,445,8 Years,175,100,75,58,32,26,7,4,3,1,1,0,109,63,46
TERRY COUNTY,445,9 Years,178,83,95,46,23,23,6,1,5,2,1,1,124,58,66
TERRY COUNTY,445,10 Years,173,75,98,54,25,29,7,1,6,3,1,2,109,48,61
TERRY COUNTY,445,11 Years,160,80,80,53,30,23,7,2,5,3,2,1,97,46,51
TERRY COUNTY,445,12 Years,168,84,84,55,27,28,3,1,2,2,1,1,108,55,53
TERRY COUNTY,445,13 Years,190,101,89,71,40,31,7,3,4,3,2,1,109,56,53
TERRY COUNTY,445,14 Years,185,96,89,59,28,31,7,4,3,4,2,2,115,62,53
TERRY COUNTY,445,15 Years,172,89,83,57,27,30,5,4,1,2,1,1,108,57,51
TERRY COUNTY,445,16 Years,167,89,78,62,38,24,4,1,3,1,0,1,100,50,50
TERRY COUNTY,445,17 Years,164,89,75,61,36,25,5,4,1,2,1,1,96,48,48
TERRY COUNTY,445,18 Years,153,80,73,52,26,26,11,8,3,0,0,0,90,46,44
TERRY COUNTY,445,19 Years,166,92,74,45,22,23,9,5,4,1,1,0,111,64,47
TERRY COUNTY,445,20 Years,178,107,71,55,30,25,22,15,7,1,0,1,100,62,38
TERRY COUNTY,445,21 Years,183,98,85,58,32,26,13,8,5,2,1,1,110,57,53
TERRY COUNTY,445,22 Years,189,104,85,63,29,34,17,13,4,3,1,2,106,61,45
TERRY COUNTY,445,23 Years,208,121,87,66,31,35,19,16,3,4,3,1,119,71,48
TERRY COUNTY,445,24 Years,225,131,94,85,45,40,15,12,3,2,2,0,123,72,51
TERRY COUNTY,445,25 Years,195,120,75,77,45,32,13,13,0,2,0,2,103,62,41
TERRY COUNTY,445,26 Years,195,121,74,64,37,27,20,16,4,3,1,2,108,67,41
TERRY COUNTY,445,27 Years,196,123,73,67,43,24,19,15,4,6,3,3,104,62,42
TERRY COUNTY,445,28 Years,193,119,74,70,43,27,14,12,2,4,2,2,105,62,43
TERRY COUNTY,445,29 Years,206,141,65,87,57,30,12,12,0,3,3,0,104,69,35
TERRY COUNTY,445,30 Years,158,93,65,54,30,24,13,10,3,2,1,1,89,52,37
TERRY COUNTY,445,31 Years,169,95,74,49,28,21,17,10,7,2,1,1,101,56,45
TERRY COUNTY,445,32 Years,141,83,58,51,30,21,8,5,3,3,2,1,79,46,33
TERRY COUNTY,445,33 Years,139,78,61,49,27,22,8,5,3,1,0,1,81,46,35
TERRY COUNTY,445,34 Years,164,97,67,59,37,22,8,7,1,0,0,0,97,53,44
TERRY COUNTY,445,35 Years,148,97,51,69,48,21,4,4,0,0,0,0,75,45,30
TERRY COUNTY,445,36 Years,137,82,55,58,34,24,11,8,3,1,1,0,67,39,28
TERRY COUNTY,445,37 Years,128,78,50,58,33,25,8,7,1,1,1,0,61,37,24
TERRY COUNTY,445,38 Years,112,65,47,52,30,22,5,5,0,2,1,1,53,29,24
TERRY COUNTY,445,39 Years,118,58,60,46,19,27,7,6,1,3,1,2,62,32,30
TERRY COUNTY,445,40 Years,142,92,50,59,41,18,8,7,1,2,1,1,73,43,30
TERRY COUNTY,445,41 Years,141,90,51,69,44,25,6,6,0,1,0,1,65,40,25
TERRY COUNTY,445,42 Years,145,81,64,64,34,30,8,7,1,0,0,0,73,40,33
TERRY COUNTY,445,43 Years,141,78,63,55,33,22,6,4,2,2,1,1,78,40,38
TERRY COUNTY,445,44 Years,132,68,64,53,27,26,6,5,1,1,1,0,72,35,37
TERRY COUNTY,445,45 Years,143,75,68,60,30,30,6,5,1,0,0,0,77,40,37
TERRY COUNTY,445,46 Years,152,80,72,72,41,31,3,2,1,1,0,1,76,37,39
TERRY COUNTY,445,47 Years,137,70,67,57,25,32,7,6,1,2,1,1,71,38,33
TERRY COUNTY,445,48 Years,169,94,75,61,29,32,8,5,3,1,1,0,99,59,40
TERRY COUNTY,445,49 Years,182,102,80,72,38,34,8,5,3,1,1,0,101,58,43
TERRY COUNTY,445,50 Years,180,92,88,88,43,45,10,6,4,1,0,1,81,43,38
TERRY COUNTY,445,51 Years,173,93,80,97,51,46,7,4,3,0,0,0,69,38,31
TERRY COUNTY,445,52 Years,158,98,60,81,51,30,4,3,1,0,0,0,73,44,29
TERRY COUNTY,445,53 Years,168,91,77,86,45,41,8,6,2,0,0,0,74,40,34
TERRY COUNTY,445,54 Years,172,83,89,89,46,43,7,4,3,2,1,1,74,32,42
TERRY COUNTY,445,55 Years,175,94,81,95,51,44,7,3,4,1,1,0,72,39,33
TERRY COUNTY,445,56 Years,163,84,79,81,40,41,6,4,2,1,0,1,75,40,35
TERRY COUNTY,445,57 Years,149,76,73,80,40,40,4,3,1,1,1,0,64,32,32
TERRY COUNTY,445,58 Years,166,86,80,99,52,47,2,0,2,1,1,0,64,33,31
TERRY COUNTY,445,59 Years,135,68,67,80,40,40,3,3,0,4,1,3,48,24,24
TERRY COUNTY,445,60 Years,125,61,64,75,35,40,4,2,2,1,0,1,45,24,21
TERRY COUNTY,445,61 Years,139,72,67,79,42,37,7,4,3,2,0,2,51,26,25
TERRY COUNTY,445,62 Years,146,76,70,85,44,41,5,4,1,0,0,0,56,28,28
TERRY COUNTY,445,63 Years,124,64,60,77,36,41,4,3,1,0,0,0,43,25,18
TERRY COUNTY,445,64 Years,114,63,51,63,33,30,2,1,1,0,0,0,49,29,20
TERRY COUNTY,445,65 Years,113,53,60,72,35,37,4,1,3,1,0,1,36,17,19
TERRY COUNTY,445,66 Years,110,48,62,67,32,35,2,1,1,2,1,1,39,14,25
TERRY COUNTY,445,67 Years,103,48,55,59,30,29,3,2,1,1,1,0,40,15,25
TERRY COUNTY,445,68 Years,111,54,57,59,27,32,3,1,2,2,2,0,47,24,23
TERRY COUNTY,445,69 Years,115,57,58,69,32,37,5,3,2,1,1,0,40,21,19
TERRY COUNTY,445,70 Years,93,46,47,59,26,33,5,3,2,0,0,0,29,17,12
TERRY COUNTY,445,71 Years,101,50,51,66,30,36,5,2,3,1,1,0,29,17,12
TERRY COUNTY,445,72 Years,100,48,52,61,28,33,3,1,2,1,0,1,35,19,16
TERRY COUNTY,445,73 Years,78,33,45,51,24,27,2,1,1,1,0,1,24,8,16
TERRY COUNTY,445,74 Years,70,32,38,48,25,23,1,1,0,0,0,0,21,6,15
TERRY COUNTY,445,75 Years,79,38,41,56,27,29,2,2,0,0,0,0,21,9,12
TERRY COUNTY,445,76 Years,79,29,50,52,19,33,2,0,2,1,1,0,24,9,15
TERRY COUNTY,445,77 Years,85,36,49,58,24,34,1,0,1,0,0,0,26,12,14
TERRY COUNTY,445,78 Years,84,30,54,61,24,37,0,0,0,2,0,2,21,6,15
TERRY COUNTY,445,79 Years,66,26,40,44,17,27,2,1,1,1,0,1,19,8,11
TERRY COUNTY,445,80 Years,57,26,31,35,16,19,2,1,1,0,0,0,20,9,11
TERRY COUNTY,445,81 Years,57,24,33,43,19,24,1,0,1,0,0,0,13,5,8
TERRY COUNTY,445,82 Years,58,23,35,44,18,26,1,0,1,0,0,0,13,5,8
TERRY COUNTY,445,83 Years,55,22,33,38,15,23,2,1,1,0,0,0,15,6,9
TERRY COUNTY,445,84 Years,48,23,25,37,15,22,1,1,0,0,0,0,10,7,3
TERRY COUNTY,445,85 Years +,240,92,148,191,72,119,8,2,6,0,0,0,41,18,23
THROCKMORTON COUNTY,447,All Ages,1615,801,814,1428,722,706,9,3,6,23,8,15,155,68,87
THROCKMORTON COUNTY,447,< 1 Year,16,8,8,14,7,7,0,0,0,0,0,0,2,1,1
THROCKMORTON COUNTY,447,1 Years,15,8,7,13,7,6,0,0,0,0,0,0,2,1,1
THROCKMORTON COUNTY,447,2 Years,14,8,6,12,7,5,0,0,0,0,0,0,2,1,1
THROCKMORTON COUNTY,447,3 Years,16,10,6,13,8,5,0,0,0,0,0,0,3,2,1
THROCKMORTON COUNTY,447,4 Years,18,7,11,14,5,9,1,0,1,0,0,0,3,2,1
THROCKMORTON COUNTY,447,5 Years,18,8,10,13,6,7,1,0,1,0,0,0,4,2,2
THROCKMORTON COUNTY,447,6 Years,22,12,10,18,10,8,0,0,0,0,0,0,4,2,2
THROCKMORTON COUNTY,447,7 Years,20,12,8,18,11,7,0,0,0,1,1,0,1,0,1
THROCKMORTON COUNTY,447,8 Years,19,10,9,16,10,6,0,0,0,0,0,0,3,0,3
THROCKMORTON COUNTY,447,9 Years,13,7,6,11,7,4,1,0,1,0,0,0,1,0,1
THROCKMORTON COUNTY,447,10 Years,20,11,9,15,9,6,0,0,0,2,0,2,3,2,1
THROCKMORTON COUNTY,447,11 Years,14,5,9,11,5,6,0,0,0,1,0,1,2,0,2
THROCKMORTON COUNTY,447,12 Years,17,5,12,12,5,7,0,0,0,1,0,1,4,0,4
THROCKMORTON COUNTY,447,13 Years,19,9,10,15,8,7,0,0,0,0,0,0,4,1,3
THROCKMORTON COUNTY,447,14 Years,25,14,11,19,11,8,0,0,0,0,0,0,6,3,3
THROCKMORTON COUNTY,447,15 Years,14,7,7,11,6,5,0,0,0,0,0,0,3,1,2
THROCKMORTON COUNTY,447,16 Years,20,12,8,16,10,6,0,0,0,0,0,0,4,2,2
THROCKMORTON COUNTY,447,17 Years,25,17,8,20,13,7,0,0,0,1,0,1,4,4,0
THROCKMORTON COUNTY,447,18 Years,26,15,11,24,14,10,0,0,0,0,0,0,2,1,1
THROCKMORTON COUNTY,447,19 Years,21,12,9,18,10,8,1,1,0,1,1,0,1,0,1
THROCKMORTON COUNTY,447,20 Years,24,11,13,20,8,12,0,0,0,1,1,0,3,2,1
THROCKMORTON COUNTY,447,21 Years,19,8,11,15,7,8,1,0,1,0,0,0,3,1,2
THROCKMORTON COUNTY,447,22 Years,13,8,5,11,7,4,0,0,0,0,0,0,2,1,1
THROCKMORTON COUNTY,447,23 Years,10,6,4,9,5,4,0,0,0,0,0,0,1,1,0
THROCKMORTON COUNTY,447,24 Years,13,6,7,11,6,5,0,0,0,0,0,0,2,0,2
THROCKMORTON COUNTY,447,25 Years,15,7,8,14,7,7,0,0,0,0,0,0,1,0,1
THROCKMORTON COUNTY,447,26 Years,17,10,7,16,10,6,0,0,0,0,0,0,1,0,1
THROCKMORTON COUNTY,447,27 Years,10,7,3,10,7,3,0,0,0,0,0,0,0,0,0
THROCKMORTON COUNTY,447,28 Years,8,6,2,8,6,2,0,0,0,0,0,0,0,0,0
THROCKMORTON COUNTY,447,29 Years,16,9,7,15,9,6,0,0,0,0,0,0,1,0,1
THROCKMORTON COUNTY,447,30 Years,19,9,10,16,6,10,0,0,0,0,0,0,3,3,0
THROCKMORTON COUNTY,447,31 Years,19,8,11,16,7,9,0,0,0,0,0,0,3,1,2
THROCKMORTON COUNTY,447,32 Years,12,7,5,11,7,4,0,0,0,0,0,0,1,0,1
THROCKMORTON COUNTY,447,33 Years,14,6,8,10,4,6,0,0,0,1,0,1,3,2,1
THROCKMORTON COUNTY,447,34 Years,9,5,4,8,4,4,0,0,0,0,0,0,1,1,0
THROCKMORTON COUNTY,447,35 Years,16,8,8,13,6,7,0,0,0,0,0,0,3,2,1
THROCKMORTON COUNTY,447,36 Years,18,12,6,13,8,5,1,1,0,0,0,0,4,3,1
THROCKMORTON COUNTY,447,37 Years,14,7,7,12,6,6,0,0,0,0,0,0,2,1,1
THROCKMORTON COUNTY,447,38 Years,10,5,5,8,4,4,0,0,0,0,0,0,2,1,1
THROCKMORTON COUNTY,447,39 Years,16,7,9,14,5,9,0,0,0,0,0,0,2,2,0
THROCKMORTON COUNTY,447,40 Years,18,7,11,14,6,8,0,0,0,0,0,0,4,1,3
THROCKMORTON COUNTY,447,41 Years,18,10,8,14,8,6,1,0,1,0,0,0,3,2,1
THROCKMORTON COUNTY,447,42 Years,17,10,7,16,9,7,0,0,0,0,0,0,1,1,0
THROCKMORTON COUNTY,447,43 Years,17,8,9,15,7,8,0,0,0,0,0,0,2,1,1
THROCKMORTON COUNTY,447,44 Years,16,7,9,15,7,8,0,0,0,0,0,0,1,0,1
THROCKMORTON COUNTY,447,45 Years,18,11,7,16,10,6,0,0,0,0,0,0,2,1,1
THROCKMORTON COUNTY,447,46 Years,19,9,10,18,9,9,1,0,1,0,0,0,0,0,0
THROCKMORTON COUNTY,447,47 Years,13,7,6,12,7,5,0,0,0,0,0,0,1,0,1
THROCKMORTON COUNTY,447,48 Years,25,8,17,23,8,15,0,0,0,0,0,0,2,0,2
THROCKMORTON COUNTY,447,49 Years,24,10,14,22,10,12,0,0,0,0,0,0,2,0,2
THROCKMORTON COUNTY,447,50 Years,28,14,14,26,13,13,0,0,0,0,0,0,2,1,1
THROCKMORTON COUNTY,447,51 Years,30,17,13,25,14,11,0,0,0,1,0,1,4,3,1
THROCKMORTON COUNTY,447,52 Years,23,14,9,21,14,7,0,0,0,1,0,1,1,0,1
THROCKMORTON COUNTY,447,53 Years,20,9,11,18,9,9,0,0,0,0,0,0,2,0,2
THROCKMORTON COUNTY,447,54 Years,25,13,12,23,13,10,0,0,0,0,0,0,2,0,2
THROCKMORTON COUNTY,447,55 Years,27,13,14,24,12,12,0,0,0,0,0,0,3,1,2
THROCKMORTON COUNTY,447,56 Years,22,11,11,21,10,11,0,0,0,0,0,0,1,1,0
THROCKMORTON COUNTY,447,57 Years,15,7,8,14,6,8,0,0,0,1,1,0,0,0,0
THROCKMORTON COUNTY,447,58 Years,21,10,11,19,10,9,0,0,0,1,0,1,1,0,1
THROCKMORTON COUNTY,447,59 Years,24,11,13,23,11,12,0,0,0,1,0,1,0,0,0
THROCKMORTON COUNTY,447,60 Years,16,7,9,15,7,8,0,0,0,0,0,0,1,0,1
THROCKMORTON COUNTY,447,61 Years,20,12,8,18,11,7,0,0,0,0,0,0,2,1,1
THROCKMORTON COUNTY,447,62 Years,20,10,10,18,8,10,0,0,0,0,0,0,2,2,0
THROCKMORTON COUNTY,447,63 Years,25,10,15,24,9,15,0,0,0,0,0,0,1,1,0
THROCKMORTON COUNTY,447,64 Years,22,10,12,21,9,12,0,0,0,1,1,0,0,0,0
THROCKMORTON COUNTY,447,65 Years,24,13,11,23,12,11,0,0,0,1,1,0,0,0,0
THROCKMORTON COUNTY,447,66 Years,26,16,10,24,16,8,0,0,0,0,0,0,2,0,2
THROCKMORTON COUNTY,447,67 Years,16,8,8,16,8,8,0,0,0,0,0,0,0,0,0
THROCKMORTON COUNTY,447,68 Years,17,5,12,14,5,9,0,0,0,1,0,1,2,0,2
THROCKMORTON COUNTY,447,69 Years,23,11,12,21,10,11,0,0,0,1,0,1,1,1,0
THROCKMORTON COUNTY,447,70 Years,17,9,8,16,8,8,0,0,0,0,0,0,1,1,0
THROCKMORTON COUNTY,447,71 Years,17,9,8,17,9,8,0,0,0,0,0,0,0,0,0
THROCKMORTON COUNTY,447,72 Years,28,13,15,24,11,13,0,0,0,2,1,1,2,1,1
THROCKMORTON COUNTY,447,73 Years,23,11,12,20,10,10,1,1,0,0,0,0,2,0,2
THROCKMORTON COUNTY,447,74 Years,19,4,15,15,3,12,0,0,0,1,0,1,3,1,2
THROCKMORTON COUNTY,447,75 Years,23,10,13,21,9,12,0,0,0,0,0,0,2,1,1
THROCKMORTON COUNTY,447,76 Years,22,12,10,22,12,10,0,0,0,0,0,0,0,0,0
THROCKMORTON COUNTY,447,77 Years,19,12,7,19,12,7,0,0,0,0,0,0,0,0,0
THROCKMORTON COUNTY,447,78 Years,17,9,8,17,9,8,0,0,0,0,0,0,0,0,0
THROCKMORTON COUNTY,447,79 Years,20,9,11,19,8,11,0,0,0,1,1,0,0,0,0
THROCKMORTON COUNTY,447,80 Years,15,7,8,14,7,7,0,0,0,0,0,0,1,0,1
THROCKMORTON COUNTY,447,81 Years,13,4,9,12,4,8,0,0,0,1,0,1,0,0,0
THROCKMORTON COUNTY,447,82 Years,12,6,6,12,6,6,0,0,0,0,0,0,0,0,0
THROCKMORTON COUNTY,447,83 Years,13,4,9,12,4,8,0,0,0,0,0,0,1,0,1
THROCKMORTON COUNTY,447,84 Years,10,3,7,9,3,6,0,0,0,0,0,0,1,0,1
THROCKMORTON COUNTY,447,85 Years +,54,22,32,53,21,32,0,0,0,0,0,0,1,1,0
TITUS COUNTY,449,All Ages,32893,16354,16539,15354,7441,7913,3044,1448,1596,688,325,363,13807,7140,6667
TITUS COUNTY,449,< 1 Year,518,267,251,157,80,77,41,22,19,12,7,5,308,158,150
TITUS COUNTY,449,1 Years,518,264,254,162,83,79,39,19,20,10,5,5,307,157,150
TITUS COUNTY,449,2 Years,508,259,249,164,84,80,38,19,19,11,5,6,295,151,144
TITUS COUNTY,449,3 Years,552,280,272,166,84,82,37,23,14,17,8,9,332,165,167
TITUS COUNTY,449,4 Years,552,269,283,162,84,78,41,22,19,17,5,12,332,158,174
TITUS COUNTY,449,5 Years,593,284,309,178,88,90,43,23,20,21,6,15,351,167,184
TITUS COUNTY,449,6 Years,585,293,292,193,96,97,44,22,22,20,9,11,328,166,162
TITUS COUNTY,449,7 Years,564,282,282,173,86,87,38,22,16,18,9,9,335,165,170
TITUS COUNTY,449,8 Years,518,265,253,161,85,76,42,20,22,21,10,11,294,150,144
TITUS COUNTY,449,9 Years,532,261,271,169,81,88,45,25,20,18,9,9,300,146,154
TITUS COUNTY,449,10 Years,518,252,266,160,81,79,44,22,22,16,8,8,298,141,157
TITUS COUNTY,449,11 Years,532,282,250,170,92,78,43,21,22,15,8,7,304,161,143
TITUS COUNTY,449,12 Years,549,298,251,175,94,81,46,26,20,17,8,9,311,170,141
TITUS COUNTY,449,13 Years,505,259,246,170,89,81,34,19,15,16,6,10,285,145,140
TITUS COUNTY,449,14 Years,524,288,236,193,107,86,44,19,25,12,4,8,275,158,117
TITUS COUNTY,449,15 Years,516,275,241,186,104,82,44,21,23,11,5,6,275,145,130
TITUS COUNTY,449,16 Years,538,262,276,191,94,97,46,25,21,11,2,9,290,141,149
TITUS COUNTY,449,17 Years,569,285,284,201,102,99,60,27,33,12,6,6,296,150,146
TITUS COUNTY,449,18 Years,538,278,260,184,93,91,49,25,24,8,5,3,297,155,142
TITUS COUNTY,449,19 Years,504,254,250,158,78,80,38,20,18,13,6,7,295,150,145
TITUS COUNTY,449,20 Years,485,258,227,152,79,73,48,26,22,10,6,4,275,147,128
TITUS COUNTY,449,21 Years,458,248,210,146,73,73,51,30,21,5,4,1,256,141,115
TITUS COUNTY,449,22 Years,501,277,224,197,101,96,45,24,21,9,6,3,250,146,104
TITUS COUNTY,449,23 Years,504,261,243,204,100,104,45,26,19,11,3,8,244,132,112
TITUS COUNTY,449,24 Years,497,234,263,178,76,102,56,30,26,11,4,7,252,124,128
TITUS COUNTY,449,25 Years,459,217,242,174,79,95,42,20,22,6,1,5,237,117,120
TITUS COUNTY,449,26 Years,419,207,212,144,65,79,34,17,17,8,4,4,233,121,112
TITUS COUNTY,449,27 Years,412,206,206,163,75,88,32,17,15,5,4,1,212,110,102
TITUS COUNTY,449,28 Years,404,211,193,160,78,82,32,16,16,5,3,2,207,114,93
TITUS COUNTY,449,29 Years,380,201,179,138,71,67,38,20,18,4,1,3,200,109,91
TITUS COUNTY,449,30 Years,406,214,192,157,87,70,35,20,15,4,1,3,210,106,104
TITUS COUNTY,449,31 Years,421,223,198,171,88,83,38,23,15,6,2,4,206,110,96
TITUS COUNTY,449,32 Years,419,199,220,168,79,89,32,18,14,9,3,6,210,99,111
TITUS COUNTY,449,33 Years,407,185,222,162,69,93,33,15,18,13,3,10,199,98,101
TITUS COUNTY,449,34 Years,397,190,207,154,65,89,38,20,18,13,6,7,192,99,93
TITUS COUNTY,449,35 Years,408,206,202,147,68,79,39,19,20,13,9,4,209,110,99
TITUS COUNTY,449,36 Years,406,203,203,159,75,84,33,13,20,13,8,5,201,107,94
TITUS COUNTY,449,37 Years,382,189,193,150,79,71,35,17,18,6,3,3,191,90,101
TITUS COUNTY,449,38 Years,411,215,196,153,84,69,29,15,14,8,4,4,221,112,109
TITUS COUNTY,449,39 Years,395,199,196,153,84,69,39,21,18,5,2,3,198,92,106
TITUS COUNTY,449,40 Years,418,205,213,176,97,79,40,14,26,7,5,2,195,89,106
TITUS COUNTY,449,41 Years,405,197,208,167,84,83,31,8,23,6,4,2,201,101,100
TITUS COUNTY,449,42 Years,411,206,205,190,96,94,39,15,24,8,5,3,174,90,84
TITUS COUNTY,449,43 Years,432,217,215,184,90,94,44,18,26,12,6,6,192,103,89
TITUS COUNTY,449,44 Years,420,216,204,176,85,91,52,22,30,10,6,4,182,103,79
TITUS COUNTY,449,45 Years,393,198,195,164,82,82,47,21,26,7,3,4,175,92,83
TITUS COUNTY,449,46 Years,410,196,214,191,84,107,45,18,27,8,4,4,166,90,76
TITUS COUNTY,449,47 Years,413,203,210,202,89,113,42,19,23,5,4,1,164,91,73
TITUS COUNTY,449,48 Years,406,200,206,209,95,114,40,19,21,6,4,2,151,82,69
TITUS COUNTY,449,49 Years,430,219,211,220,111,109,46,18,28,6,1,5,158,89,69
TITUS COUNTY,449,50 Years,435,217,218,237,122,115,46,20,26,9,2,7,143,73,70
TITUS COUNTY,449,51 Years,404,195,209,230,113,117,46,20,26,8,2,6,120,60,60
TITUS COUNTY,449,52 Years,375,175,200,227,103,124,41,16,25,7,4,3,100,52,48
TITUS COUNTY,449,53 Years,395,193,202,240,117,123,48,22,26,7,3,4,100,51,49
TITUS COUNTY,449,54 Years,362,187,175,222,105,117,44,24,20,4,2,2,92,56,36
TITUS COUNTY,449,55 Years,369,190,179,233,112,121,36,19,17,7,6,1,93,53,40
TITUS COUNTY,449,56 Years,354,178,176,231,111,120,38,20,18,3,2,1,82,45,37
TITUS COUNTY,449,57 Years,345,149,196,227,94,133,44,17,27,7,3,4,67,35,32
TITUS COUNTY,449,58 Years,351,169,182,226,104,122,47,22,25,7,4,3,71,39,32
TITUS COUNTY,449,59 Years,344,176,168,229,118,111,38,16,22,8,3,5,69,39,30
TITUS COUNTY,449,60 Years,333,176,157,229,117,112,38,19,19,10,6,4,56,34,22
TITUS COUNTY,449,61 Years,338,165,173,247,120,127,32,15,17,8,5,3,51,25,26
TITUS COUNTY,449,62 Years,340,169,171,234,113,121,41,19,22,7,4,3,58,33,25
TITUS COUNTY,449,63 Years,321,152,169,247,116,131,33,15,18,4,2,2,37,19,18
TITUS COUNTY,449,64 Years,300,143,157,234,115,119,26,9,17,3,1,2,37,18,19
TITUS COUNTY,449,65 Years,325,157,168,247,116,131,28,11,17,4,1,3,46,29,17
TITUS COUNTY,449,66 Years,302,144,158,241,110,131,26,13,13,2,1,1,33,20,13
TITUS COUNTY,449,67 Years,251,120,131,190,94,96,30,12,18,3,1,2,28,13,15
TITUS COUNTY,449,68 Years,232,117,115,175,87,88,17,7,10,5,4,1,35,19,16
TITUS COUNTY,449,69 Years,247,114,133,193,89,104,23,12,11,5,3,2,26,10,16
TITUS COUNTY,449,70 Years,221,116,105,177,90,87,19,12,7,5,2,3,20,12,8
TITUS COUNTY,449,71 Years,219,103,116,170,82,88,19,7,12,8,4,4,22,10,12
TITUS COUNTY,449,72 Years,224,103,121,176,86,90,25,8,17,3,1,2,20,8,12
TITUS COUNTY,449,73 Years,186,90,96,147,75,72,20,7,13,1,0,1,18,8,10
TITUS COUNTY,449,74 Years,177,88,89,139,68,71,17,6,11,2,1,1,19,13,6
TITUS COUNTY,449,75 Years,164,76,88,132,58,74,14,6,8,3,1,2,15,11,4
TITUS COUNTY,449,76 Years,150,70,80,123,57,66,12,5,7,3,1,2,12,7,5
TITUS COUNTY,449,77 Years,138,64,74,111,53,58,15,5,10,3,2,1,9,4,5
TITUS COUNTY,449,78 Years,132,66,66,101,51,50,18,7,11,2,2,0,11,6,5
TITUS COUNTY,449,79 Years,113,51,62,93,43,50,15,5,10,1,1,0,4,2,2
TITUS COUNTY,449,80 Years,116,53,63,96,44,52,16,6,10,0,0,0,4,3,1
TITUS COUNTY,449,81 Years,106,45,61,91,37,54,8,3,5,0,0,0,7,5,2
TITUS COUNTY,449,82 Years,108,39,69,87,30,57,11,4,7,1,1,0,9,4,5
TITUS COUNTY,449,83 Years,102,45,57,85,38,47,10,4,6,0,0,0,7,3,4
TITUS COUNTY,449,84 Years,83,36,47,70,29,41,7,4,3,0,0,0,6,3,3
TITUS COUNTY,449,85 Years +,489,166,323,435,151,284,40,10,30,3,0,3,11,5,6
TOM GREEN COUNTY,451,All Ages,114513,56273,58240,64324,31517,32807,4165,2213,1952,3494,1659,1835,42530,20884,21646
TOM GREEN COUNTY,451,< 1 Year,1666,845,821,809,410,399,49,23,26,54,30,24,754,382,372
TOM GREEN COUNTY,451,1 Years,1680,855,825,822,418,404,51,26,25,45,23,22,762,388,374
TOM GREEN COUNTY,451,2 Years,1685,860,825,838,427,411,50,26,24,43,22,21,754,385,369
TOM GREEN COUNTY,451,3 Years,1563,787,776,670,330,340,43,21,22,53,28,25,797,408,389
TOM GREEN COUNTY,451,4 Years,1544,765,779,635,309,326,44,20,24,68,37,31,797,399,398
TOM GREEN COUNTY,451,5 Years,1606,835,771,686,361,325,63,35,28,58,30,28,799,409,390
TOM GREEN COUNTY,451,6 Years,1642,856,786,674,346,328,58,33,25,66,34,32,844,443,401
TOM GREEN COUNTY,451,7 Years,1506,768,738,608,311,297,43,22,21,63,34,29,792,401,391
TOM GREEN COUNTY,451,8 Years,1520,789,731,643,337,306,46,22,24,68,40,28,763,390,373
TOM GREEN COUNTY,451,9 Years,1491,759,732,619,321,298,41,22,19,65,34,31,766,382,384
TOM GREEN COUNTY,451,10 Years,1443,738,705,580,298,282,50,29,21,47,23,24,766,388,378
TOM GREEN COUNTY,451,11 Years,1423,731,692,604,310,294,53,30,23,50,23,27,716,368,348
TOM GREEN COUNTY,451,12 Years,1481,760,721,608,317,291,42,21,21,51,23,28,780,399,381
TOM GREEN COUNTY,451,13 Years,1484,755,729,633,340,293,38,20,18,53,18,35,760,377,383
TOM GREEN COUNTY,451,14 Years,1447,748,699,654,338,316,38,22,16,56,26,30,699,362,337
TOM GREEN COUNTY,451,15 Years,1426,728,698,633,312,321,48,29,19,47,25,22,698,362,336
TOM GREEN COUNTY,451,16 Years,1370,714,656,634,343,291,42,24,18,47,22,25,647,325,322
TOM GREEN COUNTY,451,17 Years,1513,798,715,661,336,325,59,30,29,49,26,23,744,406,338
TOM GREEN COUNTY,451,18 Years,1965,925,1040,975,425,550,100,49,51,57,31,26,833,420,413
TOM GREEN COUNTY,451,19 Years,2557,1331,1226,1306,701,605,159,89,70,63,30,33,1029,511,518
TOM GREEN COUNTY,451,20 Years,2258,1154,1104,1163,608,555,133,71,62,68,33,35,894,442,452
TOM GREEN COUNTY,451,21 Years,2214,1196,1018,1136,647,489,110,66,44,87,46,41,881,437,444
TOM GREEN COUNTY,451,22 Years,2320,1206,1114,1282,663,619,123,82,41,108,52,56,807,409,398
TOM GREEN COUNTY,451,23 Years,2160,1149,1011,1204,665,539,105,51,54,99,55,44,752,378,374
TOM GREEN COUNTY,451,24 Years,1916,1020,896,1064,596,468,99,56,43,72,41,31,681,327,354
TOM GREEN COUNTY,451,25 Years,1487,820,667,724,433,291,73,38,35,81,42,39,609,307,302
TOM GREEN COUNTY,451,26 Years,1623,879,744,853,481,372,67,39,28,60,29,31,643,330,313
TOM GREEN COUNTY,451,27 Years,1603,843,760,841,441,400,74,42,32,50,31,19,638,329,309
TOM GREEN COUNTY,451,28 Years,1614,815,799,844,411,433,82,44,38,45,29,16,643,331,312
TOM GREEN COUNTY,451,29 Years,1662,818,844,874,406,468,68,36,32,52,35,17,668,341,327
TOM GREEN COUNTY,451,30 Years,1539,733,806,786,364,422,64,31,33,52,30,22,637,308,329
TOM GREEN COUNTY,451,31 Years,1440,709,731,756,367,389,63,36,27,43,21,22,578,285,293
TOM GREEN COUNTY,451,32 Years,1464,742,722,751,374,377,63,38,25,47,28,19,603,302,301
TOM GREEN COUNTY,451,33 Years,1432,743,689,752,396,356,64,39,25,44,29,15,572,279,293
TOM GREEN COUNTY,451,34 Years,1254,611,643,668,343,325,57,33,24,31,18,13,498,217,281
TOM GREEN COUNTY,451,35 Years,1262,619,643,677,343,334,47,33,14,47,25,22,491,218,273
TOM GREEN COUNTY,451,36 Years,1204,602,602,646,322,324,34,19,15,41,22,19,483,239,244
TOM GREEN COUNTY,451,37 Years,1176,593,583,641,322,319,31,21,10,34,20,14,470,230,240
TOM GREEN COUNTY,451,38 Years,1174,580,594,625,328,297,34,20,14,52,19,33,463,213,250
TOM GREEN COUNTY,451,39 Years,1177,559,618,608,289,319,41,22,19,52,22,30,476,226,250
TOM GREEN COUNTY,451,40 Years,1165,549,616,596,277,319,37,22,15,50,20,30,482,230,252
TOM GREEN COUNTY,451,41 Years,1250,617,633,655,329,326,38,19,19,47,21,26,510,248,262
TOM GREEN COUNTY,451,42 Years,1246,613,633,668,331,337,33,16,17,46,20,26,499,246,253
TOM GREEN COUNTY,451,43 Years,1300,633,667,719,351,368,34,18,16,38,16,22,509,248,261
TOM GREEN COUNTY,451,44 Years,1190,600,590,647,337,310,37,22,15,32,15,17,474,226,248
TOM GREEN COUNTY,451,45 Years,1219,606,613,675,357,318,36,15,21,33,13,20,475,221,254
TOM GREEN COUNTY,451,46 Years,1226,587,639,671,323,348,50,27,23,35,13,22,470,224,246
TOM GREEN COUNTY,451,47 Years,1218,567,651,676,302,374,48,27,21,30,14,16,464,224,240
TOM GREEN COUNTY,451,48 Years,1331,631,700,779,376,403,47,26,21,31,12,19,474,217,257
TOM GREEN COUNTY,451,49 Years,1375,643,732,821,383,438,45,27,18,32,12,20,477,221,256
TOM GREEN COUNTY,451,50 Years,1419,677,742,841,396,445,52,27,25,34,15,19,492,239,253
TOM GREEN COUNTY,451,51 Years,1508,731,777,870,423,447,54,22,32,31,13,18,553,273,280
TOM GREEN COUNTY,451,52 Years,1500,714,786,899,424,475,55,27,28,29,9,20,517,254,263
TOM GREEN COUNTY,451,53 Years,1474,703,771,920,421,499,56,30,26,29,14,15,469,238,231
TOM GREEN COUNTY,451,54 Years,1499,723,776,955,456,499,59,33,26,35,17,18,450,217,233
TOM GREEN COUNTY,451,55 Years,1490,688,802,943,435,508,52,30,22,37,13,24,458,210,248
TOM GREEN COUNTY,451,56 Years,1476,680,796,936,427,509,47,23,24,38,13,25,455,217,238
TOM GREEN COUNTY,451,57 Years,1407,693,714,892,445,447,66,35,31,29,11,18,420,202,218
TOM GREEN COUNTY,451,58 Years,1444,701,743,961,471,490,43,20,23,37,16,21,403,194,209
TOM GREEN COUNTY,451,59 Years,1359,650,709,916,440,476,39,19,20,29,11,18,375,180,195
TOM GREEN COUNTY,451,60 Years,1391,665,726,940,457,483,49,24,25,29,10,19,373,174,199
TOM GREEN COUNTY,451,61 Years,1335,638,697,902,440,462,48,24,24,31,12,19,354,162,192
TOM GREEN COUNTY,451,62 Years,1254,601,653,834,406,428,47,24,23,29,11,18,344,160,184
TOM GREEN COUNTY,451,63 Years,1274,620,654,865,432,433,45,25,20,30,8,22,334,155,179
TOM GREEN COUNTY,451,64 Years,1145,558,587,786,376,410,44,23,21,32,13,19,283,146,137
TOM GREEN COUNTY,451,65 Years,1187,567,620,836,401,435,34,16,18,30,12,18,287,138,149
TOM GREEN COUNTY,451,66 Years,1220,574,646,877,415,462,29,15,14,29,10,19,285,134,151
TOM GREEN COUNTY,451,67 Years,952,453,499,674,330,344,25,11,14,23,9,14,230,103,127
TOM GREEN COUNTY,451,68 Years,883,409,474,604,283,321,31,16,15,21,9,12,227,101,126
TOM GREEN COUNTY,451,69 Years,944,434,510,687,321,366,27,11,16,17,6,11,213,96,117
TOM GREEN COUNTY,451,70 Years,844,388,456,619,288,331,24,10,14,16,6,10,185,84,101
TOM GREEN COUNTY,451,71 Years,809,400,409,584,286,298,23,11,12,16,6,10,186,97,89
TOM GREEN COUNTY,451,72 Years,765,366,399,569,272,297,19,10,9,18,8,10,159,76,83
TOM GREEN COUNTY,451,73 Years,747,336,411,583,262,321,15,10,5,18,10,8,131,54,77
TOM GREEN COUNTY,451,74 Years,689,303,386,528,236,292,18,11,7,15,8,7,128,48,80
TOM GREEN COUNTY,451,75 Years,707,304,403,536,239,297,21,11,10,17,6,11,133,48,85
TOM GREEN COUNTY,451,76 Years,656,278,378,500,217,283,23,10,13,8,2,6,125,49,76
TOM GREEN COUNTY,451,77 Years,667,283,384,503,212,291,21,8,13,12,4,8,131,59,72
TOM GREEN COUNTY,451,78 Years,643,278,365,508,226,282,18,7,11,11,2,9,106,43,63
TOM GREEN COUNTY,451,79 Years,622,276,346,479,210,269,15,7,8,14,6,8,114,53,61
TOM GREEN COUNTY,451,80 Years,584,241,343,449,185,264,17,7,10,8,2,6,110,47,63
TOM GREEN COUNTY,451,81 Years,503,217,286,388,165,223,12,3,9,12,4,8,91,45,46
TOM GREEN COUNTY,451,82 Years,486,210,276,379,160,219,11,4,7,14,5,9,82,41,41
TOM GREEN COUNTY,451,83 Years,459,189,270,368,156,212,11,4,7,9,3,6,71,26,45
TOM GREEN COUNTY,451,84 Years,386,168,218,303,132,171,9,3,6,8,3,5,66,30,36
TOM GREEN COUNTY,451,85 Years +,2274,773,1501,1796,617,1179,52,13,39,57,10,47,369,133,236
TRAVIS COUNTY,453,All Ages,1108503,558960,549543,544576,273966,270610,86895,42129,44766,94519,46550,47969,382513,196315,186198
TRAVIS COUNTY,453,< 1 Year,17695,9027,8668,6666,3391,3275,1216,622,594,1766,911,855,8047,4103,3944
TRAVIS COUNTY,453,1 Years,17570,8953,8617,6714,3421,3293,1221,622,599,1393,710,683,8242,4200,4042
TRAVIS COUNTY,453,2 Years,17165,8745,8420,6512,3318,3194,1212,616,596,1372,698,674,8069,4113,3956
TRAVIS COUNTY,453,3 Years,16030,8200,7830,5678,2958,2720,1157,569,588,1439,723,716,7756,3950,3806
TRAVIS COUNTY,453,4 Years,15495,7937,7558,5347,2763,2584,1133,565,568,1468,746,722,7547,3863,3684
TRAVIS COUNTY,453,5 Years,15504,7918,7586,5270,2750,2520,1183,610,573,1506,747,759,7545,3811,3734
TRAVIS COUNTY,453,6 Years,15376,7803,7573,5256,2720,2536,1221,612,609,1480,750,730,7419,3721,3698
TRAVIS COUNTY,453,7 Years,15114,7691,7423,5224,2672,2552,1203,601,602,1462,731,731,7225,3687,3538
TRAVIS COUNTY,453,8 Years,14864,7538,7326,5067,2565,2502,1176,583,593,1472,712,760,7149,3678,3471
TRAVIS COUNTY,453,9 Years,14538,7391,7147,5097,2643,2454,1120,549,571,1380,677,703,6941,3522,3419
TRAVIS COUNTY,453,10 Years,14516,7421,7095,5162,2688,2474,1149,579,570,1331,658,673,6874,3496,3378
TRAVIS COUNTY,453,11 Years,14292,7350,6942,4979,2571,2408,1243,653,590,1300,630,670,6770,3496,3274
TRAVIS COUNTY,453,12 Years,14053,7194,6859,4771,2476,2295,1279,659,620,1269,610,659,6734,3449,3285
TRAVIS COUNTY,453,13 Years,13816,7091,6725,4720,2467,2253,1284,671,613,1155,560,595,6657,3393,3264
TRAVIS COUNTY,453,14 Years,13253,6805,6448,4604,2345,2259,1277,670,607,1089,560,529,6283,3230,3053
TRAVIS COUNTY,453,15 Years,12890,6689,6201,4538,2347,2191,1270,690,580,1109,556,553,5973,3096,2877
TRAVIS COUNTY,453,16 Years,12634,6475,6159,4556,2321,2235,1290,671,619,1058,514,544,5730,2969,2761
TRAVIS COUNTY,453,17 Years,12496,6387,6109,4573,2329,2244,1271,654,617,1011,502,509,5641,2902,2739
TRAVIS COUNTY,453,18 Years,13700,6955,6745,4933,2483,2450,1337,667,670,1489,769,720,5941,3036,2905
TRAVIS COUNTY,453,19 Years,16968,8448,8520,6416,3126,3290,1556,757,799,2088,1070,1018,6908,3495,3413
TRAVIS COUNTY,453,20 Years,17934,9088,8846,6880,3433,3447,1614,814,800,2233,1158,1075,7207,3683,3524
TRAVIS COUNTY,453,21 Years,18815,9417,9398,7398,3619,3779,1641,766,875,2352,1189,1163,7424,3843,3581
TRAVIS COUNTY,453,22 Years,19029,9687,9342,7839,3906,3933,1611,712,899,2218,1143,1075,7361,3926,3435
TRAVIS COUNTY,453,23 Years,17658,9114,8544,7068,3661,3407,1499,665,834,1762,902,860,7329,3886,3443
TRAVIS COUNTY,453,24 Years,17711,9413,8298,7299,4010,3289,1332,648,684,1707,853,854,7373,3902,3471
TRAVIS COUNTY,453,25 Years,18584,9607,8977,8073,4183,3890,1319,633,686,1613,818,795,7579,3973,3606
TRAVIS COUNTY,453,26 Years,19813,10043,9770,9423,4538,4885,1336,651,685,1730,876,854,7324,3978,3346
TRAVIS COUNTY,453,27 Years,21412,10828,10584,10561,4997,5564,1353,644,709,1880,1011,869,7618,4176,3442
TRAVIS COUNTY,453,28 Years,22110,11253,10857,10962,5284,5678,1350,674,676,1910,1003,907,7888,4292,3596
TRAVIS COUNTY,453,29 Years,22072,11152,10920,10982,5420,5562,1303,623,680,1704,886,818,8083,4223,3860
TRAVIS COUNTY,453,30 Years,22322,11369,10953,11316,5607,5709,1342,663,679,1781,943,838,7883,4156,3727
TRAVIS COUNTY,453,31 Years,21568,10974,10594,11581,5841,5740,1338,666,672,1553,714,839,7096,3753,3343
TRAVIS COUNTY,453,32 Years,21431,10934,10497,11499,5860,5639,1325,670,655,1678,764,914,6929,3640,3289
TRAVIS COUNTY,453,33 Years,21382,10891,10491,11310,5792,5518,1359,684,675,1730,717,1013,6983,3698,3285
TRAVIS COUNTY,453,34 Years,20657,10572,10085,10724,5514,5210,1310,650,660,1901,843,1058,6722,3565,3157
TRAVIS COUNTY,453,35 Years,20269,10351,9918,10439,5347,5092,1262,611,651,1959,925,1034,6609,3468,3141
TRAVIS COUNTY,453,36 Years,19536,10069,9467,9891,5085,4806,1236,600,636,2037,1016,1021,6372,3368,3004
TRAVIS COUNTY,453,37 Years,18702,9729,8973,9301,4917,4384,1200,565,635,2046,1002,1044,6155,3245,2910
TRAVIS COUNTY,453,38 Years,18253,9600,8653,9031,4848,4183,1241,618,623,2011,982,1029,5970,3152,2818
TRAVIS COUNTY,453,39 Years,17133,8999,8134,8405,4531,3874,1170,599,571,1946,973,973,5612,2896,2716
TRAVIS COUNTY,453,40 Years,16707,8719,7988,8032,4305,3727,1209,580,629,1924,956,968,5542,2878,2664
TRAVIS COUNTY,453,41 Years,16535,8690,7845,7998,4317,3681,1187,563,624,1852,925,927,5498,2885,2613
TRAVIS COUNTY,453,42 Years,17011,8872,8139,8682,4612,4070,1273,609,664,1738,866,872,5318,2785,2533
TRAVIS COUNTY,453,43 Years,16692,8660,8032,8678,4601,4077,1274,627,647,1612,801,811,5128,2631,2497
TRAVIS COUNTY,453,44 Years,15065,7714,7351,7927,4144,3783,1173,573,600,1354,676,678,4611,2321,2290
TRAVIS COUNTY,453,45 Years,14051,7235,6816,7323,3851,3472,1199,604,595,1161,581,580,4368,2199,2169
TRAVIS COUNTY,453,46 Years,13316,6852,6464,6951,3599,3352,1168,565,603,1105,568,537,4092,2120,1972
TRAVIS COUNTY,453,47 Years,13204,6717,6487,6926,3564,3362,1163,527,636,1079,535,544,4036,2091,1945
TRAVIS COUNTY,453,48 Years,13897,7117,6780,7383,3798,3585,1248,610,638,1096,542,554,4170,2167,2003
TRAVIS COUNTY,453,49 Years,13765,6992,6773,7536,3848,3688,1297,620,677,1035,531,504,3897,1993,1904
TRAVIS COUNTY,453,50 Years,13592,6855,6737,7617,3854,3763,1238,600,638,1037,516,521,3700,1885,1815
TRAVIS COUNTY,453,51 Years,13536,6824,6712,7809,3943,3866,1238,614,624,919,447,472,3570,1820,1750
TRAVIS COUNTY,453,52 Years,13297,6670,6627,7755,3912,3843,1226,598,628,855,418,437,3461,1742,1719
TRAVIS COUNTY,453,53 Years,13466,6808,6658,7970,4023,3947,1255,635,620,834,390,444,3407,1760,1647
TRAVIS COUNTY,453,54 Years,12917,6454,6463,7773,3882,3891,1193,592,601,772,370,402,3179,1610,1569
TRAVIS COUNTY,453,55 Years,12675,6271,6404,7761,3856,3905,1180,564,616,744,358,386,2990,1493,1497
TRAVIS COUNTY,453,56 Years,12501,6150,6351,7746,3867,3879,1162,572,590,754,327,427,2839,1384,1455
TRAVIS COUNTY,453,57 Years,11932,5887,6045,7445,3672,3773,1113,559,554,699,318,381,2675,1338,1337
TRAVIS COUNTY,453,58 Years,11725,5784,5941,7474,3702,3772,1051,538,513,676,305,371,2524,1239,1285
TRAVIS COUNTY,453,59 Years,11133,5398,5735,7300,3584,3716,982,451,531,608,287,321,2243,1076,1167
TRAVIS COUNTY,453,60 Years,10649,5108,5541,7167,3481,3686,899,417,482,571,267,304,2012,943,1069
TRAVIS COUNTY,453,61 Years,10104,4940,5164,6833,3363,3470,815,391,424,550,252,298,1906,934,972
TRAVIS COUNTY,453,62 Years,9608,4696,4912,6404,3203,3201,832,383,449,541,250,291,1831,860,971
TRAVIS COUNTY,453,63 Years,9296,4557,4739,6157,3118,3039,815,374,441,538,233,305,1786,832,954
TRAVIS COUNTY,453,64 Years,8555,4166,4389,5697,2835,2862,743,343,400,514,221,293,1601,767,834
TRAVIS COUNTY,453,65 Years,8282,4068,4214,5676,2837,2839,676,315,361,457,207,250,1473,709,764
TRAVIS COUNTY,453,66 Years,7844,3860,3984,5546,2782,2764,556,251,305,421,186,235,1321,641,680
TRAVIS COUNTY,453,67 Years,6340,3115,3225,4348,2191,2157,469,224,245,358,158,200,1165,542,623
TRAVIS COUNTY,453,68 Years,5729,2708,3021,3878,1885,1993,442,195,247,323,145,178,1086,483,603
TRAVIS COUNTY,453,69 Years,5518,2599,2919,3819,1850,1969,421,165,256,298,135,163,980,449,531
TRAVIS COUNTY,453,70 Years,5136,2456,2680,3554,1741,1813,417,187,230,272,128,144,893,400,493
TRAVIS COUNTY,453,71 Years,4593,2199,2394,3141,1533,1608,400,179,221,270,137,133,782,350,432
TRAVIS COUNTY,453,72 Years,4042,1850,2192,2734,1292,1442,327,131,196,249,125,124,732,302,430
TRAVIS COUNTY,453,73 Years,3610,1620,1990,2402,1105,1297,312,119,193,211,104,107,685,292,393
TRAVIS COUNTY,453,74 Years,3338,1493,1845,2232,1019,1213,270,110,160,188,92,96,648,272,376
TRAVIS COUNTY,453,75 Years,3174,1391,1783,2148,970,1178,259,103,156,196,88,108,571,230,341
TRAVIS COUNTY,453,76 Years,2986,1306,1680,2024,905,1119,262,109,153,178,80,98,522,212,310
TRAVIS COUNTY,453,77 Years,2780,1193,1587,1899,829,1070,249,104,145,153,69,84,479,191,288
TRAVIS COUNTY,453,78 Years,2636,1166,1470,1763,816,947,243,96,147,121,49,72,509,205,304
TRAVIS COUNTY,453,79 Years,2375,1038,1337,1622,724,898,212,93,119,104,48,56,437,173,264
TRAVIS COUNTY,453,80 Years,2178,917,1261,1528,663,865,182,64,118,109,45,64,359,145,214
TRAVIS COUNTY,453,81 Years,2135,905,1230,1514,659,855,186,63,123,93,40,53,342,143,199
TRAVIS COUNTY,453,82 Years,2068,877,1191,1519,659,860,166,60,106,84,35,49,299,123,176
TRAVIS COUNTY,453,83 Years,1937,785,1152,1402,578,824,150,52,98,82,35,47,303,120,183
TRAVIS COUNTY,453,84 Years,1681,662,1019,1228,488,740,126,38,88,69,31,38,258,105,153
TRAVIS COUNTY,453,85 Years +,10532,3508,7024,8190,2759,5431,698,186,512,327,121,206,1317,442,875
TRINITY COUNTY,455,All Ages,14186,6929,7257,11425,5554,5871,1347,629,718,269,114,155,1145,632,513
TRINITY COUNTY,455,< 1 Year,134,72,62,99,53,46,16,9,7,2,2,0,17,8,9
TRINITY COUNTY,455,1 Years,141,72,69,105,54,51,16,8,8,3,1,2,17,9,8
TRINITY COUNTY,455,2 Years,140,73,67,105,54,51,15,8,7,3,2,1,17,9,8
TRINITY COUNTY,455,3 Years,144,71,73,101,50,51,19,6,13,6,5,1,18,10,8
TRINITY COUNTY,455,4 Years,160,85,75,110,56,54,15,9,6,8,5,3,27,15,12
TRINITY COUNTY,455,5 Years,146,73,73,104,54,50,12,3,9,5,2,3,25,14,11
TRINITY COUNTY,455,6 Years,153,90,63,107,65,42,19,9,10,5,3,2,22,13,9
TRINITY COUNTY,455,7 Years,162,83,79,99,53,46,24,10,14,7,3,4,32,17,15
TRINITY COUNTY,455,8 Years,142,63,79,88,40,48,22,9,13,11,4,7,21,10,11
TRINITY COUNTY,455,9 Years,136,72,64,89,46,43,15,8,7,5,2,3,27,16,11
TRINITY COUNTY,455,10 Years,153,80,73,105,55,50,16,10,6,3,0,3,29,15,14
TRINITY COUNTY,455,11 Years,157,78,79,110,56,54,16,7,9,6,2,4,25,13,12
TRINITY COUNTY,455,12 Years,161,78,83,111,56,55,19,8,11,3,0,3,28,14,14
TRINITY COUNTY,455,13 Years,176,85,91,124,61,63,18,7,11,5,2,3,29,15,14
TRINITY COUNTY,455,14 Years,172,90,82,127,70,57,15,6,9,7,2,5,23,12,11
TRINITY COUNTY,455,15 Years,166,88,78,125,66,59,14,9,5,7,2,5,20,11,9
TRINITY COUNTY,455,16 Years,165,76,89,132,62,70,12,7,5,4,1,3,17,6,11
TRINITY COUNTY,455,17 Years,176,82,94,136,65,71,15,8,7,5,1,4,20,8,12
TRINITY COUNTY,455,18 Years,152,65,87,106,48,58,19,8,11,7,0,7,20,9,11
TRINITY COUNTY,455,19 Years,158,77,81,112,56,56,23,12,11,7,3,4,16,6,10
TRINITY COUNTY,455,20 Years,144,74,70,101,53,48,23,12,11,2,1,1,18,8,10
TRINITY COUNTY,455,21 Years,150,76,74,105,50,55,23,11,12,1,1,0,21,14,7
TRINITY COUNTY,455,22 Years,144,79,65,106,57,49,16,10,6,4,1,3,18,11,7
TRINITY COUNTY,455,23 Years,126,56,70,97,46,51,12,4,8,3,1,2,14,5,9
TRINITY COUNTY,455,24 Years,123,55,68,93,39,54,13,6,7,2,1,1,15,9,6
TRINITY COUNTY,455,25 Years,135,66,69,105,49,56,16,10,6,0,0,0,14,7,7
TRINITY COUNTY,455,26 Years,119,59,60,89,44,45,19,10,9,1,1,0,10,4,6
TRINITY COUNTY,455,27 Years,131,61,70,101,49,52,14,3,11,3,1,2,13,8,5
TRINITY COUNTY,455,28 Years,123,60,63,90,45,45,13,3,10,1,0,1,19,12,7
TRINITY COUNTY,455,29 Years,128,61,67,91,45,46,16,5,11,1,1,0,20,10,10
TRINITY COUNTY,455,30 Years,115,59,56,83,40,43,11,6,5,3,1,2,18,12,6
TRINITY COUNTY,455,31 Years,132,66,66,100,45,55,14,8,6,3,2,1,15,11,4
TRINITY COUNTY,455,32 Years,135,68,67,98,44,54,15,9,6,3,2,1,19,13,6
TRINITY COUNTY,455,33 Years,130,65,65,91,45,46,20,10,10,0,0,0,19,10,9
TRINITY COUNTY,455,34 Years,122,58,64,97,45,52,12,6,6,3,1,2,10,6,4
TRINITY COUNTY,455,35 Years,123,62,61,98,49,49,13,5,8,3,2,1,9,6,3
TRINITY COUNTY,455,36 Years,122,63,59,89,44,45,15,8,7,1,1,0,17,10,7
TRINITY COUNTY,455,37 Years,108,52,56,80,39,41,14,7,7,1,0,1,13,6,7
TRINITY COUNTY,455,38 Years,117,59,58,87,43,44,11,5,6,2,1,1,17,10,7
TRINITY COUNTY,455,39 Years,127,69,58,104,54,50,6,3,3,1,1,0,16,11,5
TRINITY COUNTY,455,40 Years,149,77,72,115,60,55,11,4,7,0,0,0,23,13,10
TRINITY COUNTY,455,41 Years,140,65,75,106,48,58,11,5,6,2,1,1,21,11,10
TRINITY COUNTY,455,42 Years,152,70,82,120,54,66,15,6,9,2,2,0,15,8,7
TRINITY COUNTY,455,43 Years,156,77,79,123,59,64,11,6,5,3,2,1,19,10,9
TRINITY COUNTY,455,44 Years,152,74,78,117,56,61,12,7,5,2,1,1,21,10,11
TRINITY COUNTY,455,45 Years,140,74,66,109,54,55,13,8,5,1,1,0,17,11,6
TRINITY COUNTY,455,46 Years,161,89,72,129,68,61,13,9,4,4,2,2,15,10,5
TRINITY COUNTY,455,47 Years,170,85,85,134,68,66,21,11,10,3,1,2,12,5,7
TRINITY COUNTY,455,48 Years,176,84,92,142,68,74,21,11,10,1,0,1,12,5,7
TRINITY COUNTY,455,49 Years,189,96,93,161,82,79,17,8,9,1,0,1,10,6,4
TRINITY COUNTY,455,50 Years,197,93,104,166,79,87,21,10,11,2,1,1,8,3,5
TRINITY COUNTY,455,51 Years,223,109,114,185,91,94,22,9,13,5,2,3,11,7,4
TRINITY COUNTY,455,52 Years,225,112,113,185,92,93,25,10,15,5,2,3,10,8,2
TRINITY COUNTY,455,53 Years,220,103,117,179,85,94,26,10,16,6,2,4,9,6,3
TRINITY COUNTY,455,54 Years,224,101,123,184,83,101,25,12,13,4,1,3,11,5,6
TRINITY COUNTY,455,55 Years,224,102,122,186,85,101,23,11,12,6,2,4,9,4,5
TRINITY COUNTY,455,56 Years,236,104,132,201,86,115,20,11,9,3,1,2,12,6,6
TRINITY COUNTY,455,57 Years,252,115,137,203,90,113,29,14,15,6,2,4,14,9,5
TRINITY COUNTY,455,58 Years,235,110,125,190,90,100,30,12,18,4,1,3,11,7,4
TRINITY COUNTY,455,59 Years,245,113,132,209,95,114,21,10,11,3,2,1,12,6,6
TRINITY COUNTY,455,60 Years,244,111,133,208,93,115,20,9,11,6,3,3,10,6,4
TRINITY COUNTY,455,61 Years,236,109,127,201,93,108,26,11,15,3,2,1,6,3,3
TRINITY COUNTY,455,62 Years,236,111,125,209,94,115,16,10,6,4,2,2,7,5,2
TRINITY COUNTY,455,63 Years,244,115,129,217,101,116,17,10,7,4,1,3,6,3,3
TRINITY COUNTY,455,64 Years,255,122,133,223,106,117,21,10,11,4,2,2,7,4,3
TRINITY COUNTY,455,65 Years,251,126,125,218,108,110,24,12,12,2,2,0,7,4,3
TRINITY COUNTY,455,66 Years,236,119,117,211,107,104,17,7,10,2,1,1,6,4,2
TRINITY COUNTY,455,67 Years,204,111,93,184,101,83,12,4,8,3,1,2,5,5,0
TRINITY COUNTY,455,68 Years,201,101,100,180,91,89,14,5,9,2,1,1,5,4,1
TRINITY COUNTY,455,69 Years,204,102,102,187,94,93,9,3,6,3,2,1,5,3,2
TRINITY COUNTY,455,70 Years,216,101,115,191,96,95,15,3,12,5,1,4,5,1,4
TRINITY COUNTY,455,71 Years,211,105,106,190,94,96,15,8,7,2,1,1,4,2,2
TRINITY COUNTY,455,72 Years,184,82,102,172,75,97,8,5,3,1,0,1,3,2,1
TRINITY COUNTY,455,73 Years,166,76,90,152,68,84,9,5,4,3,1,2,2,2,0
TRINITY COUNTY,455,74 Years,160,88,72,150,82,68,6,3,3,1,0,1,3,3,0
TRINITY COUNTY,455,75 Years,145,77,68,133,72,61,7,3,4,1,0,1,4,2,2
TRINITY COUNTY,455,76 Years,131,69,62,118,61,57,8,4,4,1,1,0,4,3,1
TRINITY COUNTY,455,77 Years,122,64,58,108,55,53,9,4,5,0,0,0,5,5,0
TRINITY COUNTY,455,78 Years,127,62,65,113,52,61,9,6,3,1,1,0,4,3,1
TRINITY COUNTY,455,79 Years,108,45,63,99,42,57,5,2,3,1,0,1,3,1,2
TRINITY COUNTY,455,80 Years,114,54,60,102,49,53,10,4,6,0,0,0,2,1,1
TRINITY COUNTY,455,81 Years,97,45,52,90,41,49,5,2,3,0,0,0,2,2,0
TRINITY COUNTY,455,82 Years,86,43,43,79,39,40,5,4,1,2,0,2,0,0,0
TRINITY COUNTY,455,83 Years,87,43,44,79,40,39,5,1,4,3,2,1,0,0,0
TRINITY COUNTY,455,84 Years,80,37,43,75,34,41,4,2,2,1,1,0,0,0,0
TRINITY COUNTY,455,85 Years +,327,137,190,292,128,164,28,6,22,4,2,2,3,1,2
TYLER COUNTY,457,All Ages,22261,12232,10029,17755,9064,8691,2476,1628,848,423,224,199,1607,1316,291
TYLER COUNTY,457,< 1 Year,214,110,104,178,91,87,17,9,8,8,4,4,11,6,5
TYLER COUNTY,457,1 Years,210,109,101,175,90,85,18,9,9,6,4,2,11,6,5
TYLER COUNTY,457,2 Years,206,106,100,173,88,85,17,9,8,6,3,3,10,6,4
TYLER COUNTY,457,3 Years,231,118,113,186,98,88,22,10,12,10,4,6,13,6,7
TYLER COUNTY,457,4 Years,215,115,100,166,88,78,23,12,11,8,4,4,18,11,7
TYLER COUNTY,457,5 Years,223,110,113,177,85,92,22,9,13,11,7,4,13,9,4
TYLER COUNTY,457,6 Years,236,120,116,188,95,93,26,12,14,8,5,3,14,8,6
TYLER COUNTY,457,7 Years,240,126,114,193,102,91,25,14,11,9,3,6,13,7,6
TYLER COUNTY,457,8 Years,248,122,126,193,91,102,28,18,10,7,3,4,20,10,10
TYLER COUNTY,457,9 Years,218,104,114,177,83,94,23,12,11,6,2,4,12,7,5
TYLER COUNTY,457,10 Years,216,111,105,175,91,84,24,12,12,4,2,2,13,6,7
TYLER COUNTY,457,11 Years,238,123,115,195,101,94,25,11,14,7,4,3,11,7,4
TYLER COUNTY,457,12 Years,240,129,111,193,105,88,18,8,10,14,7,7,15,9,6
TYLER COUNTY,457,13 Years,254,130,124,211,107,104,21,9,12,11,7,4,11,7,4
TYLER COUNTY,457,14 Years,271,136,135,226,113,113,22,12,10,13,5,8,10,6,4
TYLER COUNTY,457,15 Years,237,124,113,197,104,93,21,12,9,10,3,7,9,5,4
TYLER COUNTY,457,16 Years,248,122,126,212,106,106,19,10,9,6,2,4,11,4,7
TYLER COUNTY,457,17 Years,259,135,124,211,109,102,21,9,12,10,5,5,17,12,5
TYLER COUNTY,457,18 Years,265,141,124,220,112,108,23,13,10,7,4,3,15,12,3
TYLER COUNTY,457,19 Years,280,155,125,211,105,106,39,27,12,5,3,2,25,20,5
TYLER COUNTY,457,20 Years,261,155,106,190,107,83,37,25,12,8,4,4,26,19,7
TYLER COUNTY,457,21 Years,272,162,110,187,102,85,49,32,17,5,3,2,31,25,6
TYLER COUNTY,457,22 Years,297,194,103,185,104,81,60,46,14,5,1,4,47,43,4
TYLER COUNTY,457,23 Years,282,191,91,167,92,75,59,50,9,4,2,2,52,47,5
TYLER COUNTY,457,24 Years,307,214,93,183,102,81,69,62,7,2,1,1,53,49,4
TYLER COUNTY,457,25 Years,307,218,89,178,102,76,65,56,9,2,0,2,62,60,2
TYLER COUNTY,457,26 Years,333,244,89,183,108,75,76,64,12,4,3,1,70,69,1
TYLER COUNTY,457,27 Years,301,215,86,169,96,73,77,67,10,4,3,1,51,49,2
TYLER COUNTY,457,28 Years,297,208,89,175,99,76,57,50,7,4,3,1,61,56,5
TYLER COUNTY,457,29 Years,303,207,96,176,94,82,64,56,8,2,1,1,61,56,5
TYLER COUNTY,457,30 Years,291,202,89,169,96,73,56,48,8,5,2,3,61,56,5
TYLER COUNTY,457,31 Years,299,200,99,179,98,81,52,45,7,5,0,5,63,57,6
TYLER COUNTY,457,32 Years,293,206,87,174,106,68,61,51,10,4,2,2,54,47,7
TYLER COUNTY,457,33 Years,268,185,83,170,100,70,58,49,9,1,1,0,39,35,4
TYLER COUNTY,457,34 Years,242,155,87,160,85,75,43,35,8,2,1,1,37,34,3
TYLER COUNTY,457,35 Years,252,171,81,171,98,73,41,37,4,3,3,0,37,33,4
TYLER COUNTY,457,36 Years,255,164,91,173,92,81,47,41,6,2,2,0,33,29,4
TYLER COUNTY,457,37 Years,249,153,96,180,98,82,37,27,10,2,1,1,30,27,3
TYLER COUNTY,457,38 Years,229,140,89,163,88,75,33,24,9,3,2,1,30,26,4
TYLER COUNTY,457,39 Years,241,140,101,180,91,89,27,21,6,5,2,3,29,26,3
TYLER COUNTY,457,40 Years,247,147,100,181,98,83,29,20,9,7,5,2,30,24,6
TYLER COUNTY,457,41 Years,255,156,99,186,100,86,33,24,9,5,4,1,31,28,3
TYLER COUNTY,457,42 Years,261,153,108,206,111,95,29,22,7,7,3,4,19,17,2
TYLER COUNTY,457,43 Years,265,151,114,211,109,102,26,21,5,4,1,3,24,20,4
TYLER COUNTY,457,44 Years,263,138,125,217,102,115,23,17,6,3,2,1,20,17,3
TYLER COUNTY,457,45 Years,289,154,135,236,116,120,25,16,9,5,3,2,23,19,4
TYLER COUNTY,457,46 Years,291,161,130,237,122,115,31,18,13,5,5,0,18,16,2
TYLER COUNTY,457,47 Years,284,149,135,227,114,113,34,16,18,4,3,1,19,16,3
TYLER COUNTY,457,48 Years,286,152,134,230,115,115,34,23,11,5,2,3,17,12,5
TYLER COUNTY,457,49 Years,264,143,121,220,114,106,27,18,9,4,2,2,13,9,4
TYLER COUNTY,457,50 Years,297,154,143,252,126,126,32,20,12,5,3,2,8,5,3
TYLER COUNTY,457,51 Years,308,149,159,265,125,140,30,15,15,3,2,1,10,7,3
TYLER COUNTY,457,52 Years,321,148,173,277,129,148,30,10,20,7,3,4,7,6,1
TYLER COUNTY,457,53 Years,312,153,159,263,130,133,28,12,16,6,2,4,15,9,6
TYLER COUNTY,457,54 Years,324,172,152,278,145,133,29,16,13,3,1,2,14,10,4
TYLER COUNTY,457,55 Years,316,183,133,276,160,116,26,13,13,2,1,1,12,9,3
TYLER COUNTY,457,56 Years,306,166,140,262,144,118,30,14,16,5,2,3,9,6,3
TYLER COUNTY,457,57 Years,323,170,153,282,147,135,28,14,14,7,3,4,6,6,0
TYLER COUNTY,457,58 Years,330,172,158,289,144,145,28,18,10,6,3,3,7,7,0
TYLER COUNTY,457,59 Years,319,166,153,280,145,135,24,13,11,7,4,3,8,4,4
TYLER COUNTY,457,60 Years,317,173,144,287,157,130,18,9,9,3,2,1,9,5,4
TYLER COUNTY,457,61 Years,298,149,149,267,137,130,19,6,13,8,4,4,4,2,2
TYLER COUNTY,457,62 Years,299,148,151,264,131,133,24,10,14,5,3,2,6,4,2
TYLER COUNTY,457,63 Years,280,135,145,246,117,129,24,13,11,2,1,1,8,4,4
TYLER COUNTY,457,64 Years,269,120,149,245,108,137,15,6,9,5,4,1,4,2,2
TYLER COUNTY,457,65 Years,289,133,156,268,124,144,16,6,10,4,2,2,1,1,0
TYLER COUNTY,457,66 Years,321,160,161,296,145,151,16,9,7,5,3,2,4,3,1
TYLER COUNTY,457,67 Years,278,134,144,252,121,131,14,5,9,6,4,2,6,4,2
TYLER COUNTY,457,68 Years,278,146,132,255,135,120,13,4,9,3,1,2,7,6,1
TYLER COUNTY,457,69 Years,288,143,145,268,137,131,14,3,11,4,2,2,2,1,1
TYLER COUNTY,457,70 Years,267,128,139,251,120,131,10,4,6,3,2,1,3,2,1
TYLER COUNTY,457,71 Years,262,131,131,245,121,124,12,7,5,3,2,1,2,1,1
TYLER COUNTY,457,72 Years,229,114,115,207,102,105,16,8,8,2,2,0,4,2,2
TYLER COUNTY,457,73 Years,221,111,110,198,98,100,17,10,7,3,1,2,3,2,1
TYLER COUNTY,457,74 Years,185,100,85,164,89,75,16,8,8,1,1,0,4,2,2
TYLER COUNTY,457,75 Years,181,93,88,161,85,76,15,5,10,2,1,1,3,2,1
TYLER COUNTY,457,76 Years,183,87,96,160,74,86,16,8,8,3,2,1,4,3,1
TYLER COUNTY,457,77 Years,189,100,89,167,87,80,16,9,7,3,2,1,3,2,1
TYLER COUNTY,457,78 Years,198,98,100,178,87,91,12,5,7,5,4,1,3,2,1
TYLER COUNTY,457,79 Years,166,83,83,148,73,75,12,6,6,2,1,1,4,3,1
TYLER COUNTY,457,80 Years,143,65,78,130,61,69,10,3,7,1,0,1,2,1,1
TYLER COUNTY,457,81 Years,139,69,70,130,63,67,5,3,2,2,1,1,2,2,0
TYLER COUNTY,457,82 Years,114,58,56,108,53,55,4,3,1,1,1,0,1,1,0
TYLER COUNTY,457,83 Years,108,46,62,99,42,57,8,3,5,0,0,0,1,1,0
TYLER COUNTY,457,84 Years,92,33,59,83,29,54,7,2,5,1,1,0,1,1,0
TYLER COUNTY,457,85 Years +,478,168,310,434,150,284,29,10,19,8,5,3,7,3,4
UPSHUR COUNTY,459,All Ages,40115,19906,20209,32398,16050,16348,3535,1701,1834,1161,580,581,3021,1575,1446
UPSHUR COUNTY,459,< 1 Year,458,235,223,349,179,170,38,20,18,13,6,7,58,30,28
UPSHUR COUNTY,459,1 Years,445,227,218,342,174,168,38,19,19,9,5,4,56,29,27
UPSHUR COUNTY,459,2 Years,448,227,221,346,176,170,37,18,19,11,5,6,54,28,26
UPSHUR COUNTY,459,3 Years,447,213,234,318,153,165,28,13,15,28,11,17,73,36,37
UPSHUR COUNTY,459,4 Years,489,240,249,349,175,174,35,15,20,29,13,16,76,37,39
UPSHUR COUNTY,459,5 Years,514,281,233,372,206,166,38,21,17,25,13,12,79,41,38
UPSHUR COUNTY,459,6 Years,568,309,259,416,225,191,40,26,14,30,16,14,82,42,40
UPSHUR COUNTY,459,7 Years,557,297,260,406,219,187,34,18,16,33,16,17,84,44,40
UPSHUR COUNTY,459,8 Years,547,280,267,404,205,199,37,18,19,32,16,16,74,41,33
UPSHUR COUNTY,459,9 Years,527,277,250,399,213,186,41,20,21,27,12,15,60,32,28
UPSHUR COUNTY,459,10 Years,552,304,248,392,212,180,55,33,22,34,20,14,71,39,32
UPSHUR COUNTY,459,11 Years,575,298,277,413,208,205,57,32,25,30,17,13,75,41,34
UPSHUR COUNTY,459,12 Years,562,288,274,414,215,199,51,29,22,33,15,18,64,29,35
UPSHUR COUNTY,459,13 Years,586,296,290,441,230,211,58,26,32,32,17,15,55,23,32
UPSHUR COUNTY,459,14 Years,566,293,273,418,221,197,54,24,30,32,16,16,62,32,30
UPSHUR COUNTY,459,15 Years,566,303,263,422,225,197,56,29,27,26,15,11,62,34,28
UPSHUR COUNTY,459,16 Years,585,310,275,430,227,203,58,34,24,28,14,14,69,35,34
UPSHUR COUNTY,459,17 Years,562,301,261,423,221,202,51,29,22,28,13,15,60,38,22
UPSHUR COUNTY,459,18 Years,549,289,260,412,216,196,53,31,22,31,14,17,53,28,25
UPSHUR COUNTY,459,19 Years,515,283,232,383,211,172,47,30,17,28,12,16,57,30,27
UPSHUR COUNTY,459,20 Years,498,262,236,372,194,178,58,34,24,14,6,8,54,28,26
UPSHUR COUNTY,459,21 Years,482,263,219,354,194,160,63,37,26,11,5,6,54,27,27
UPSHUR COUNTY,459,22 Years,454,246,208,339,187,152,48,23,25,14,9,5,53,27,26
UPSHUR COUNTY,459,23 Years,472,236,236,362,185,177,49,20,29,16,12,4,45,19,26
UPSHUR COUNTY,459,24 Years,461,237,224,354,184,170,43,20,23,10,6,4,54,27,27
UPSHUR COUNTY,459,25 Years,386,192,194,301,147,154,31,15,16,7,5,2,47,25,22
UPSHUR COUNTY,459,26 Years,352,180,172,279,142,137,31,19,12,4,2,2,38,17,21
UPSHUR COUNTY,459,27 Years,363,179,184,282,143,139,38,16,22,8,4,4,35,16,19
UPSHUR COUNTY,459,28 Years,352,169,183,269,131,138,31,12,19,5,2,3,47,24,23
UPSHUR COUNTY,459,29 Years,374,188,186,286,141,145,30,17,13,5,4,1,53,26,27
UPSHUR COUNTY,459,30 Years,433,207,226,339,162,177,31,12,19,9,5,4,54,28,26
UPSHUR COUNTY,459,31 Years,448,223,225,347,173,174,32,10,22,10,5,5,59,35,24
UPSHUR COUNTY,459,32 Years,449,220,229,344,164,180,36,19,17,14,8,6,55,29,26
UPSHUR COUNTY,459,33 Years,480,234,246,381,183,198,38,20,18,10,6,4,51,25,26
UPSHUR COUNTY,459,34 Years,471,238,233,375,183,192,39,21,18,7,4,3,50,30,20
UPSHUR COUNTY,459,35 Years,455,223,232,364,173,191,39,21,18,7,4,3,45,25,20
UPSHUR COUNTY,459,36 Years,465,233,232,371,189,182,39,18,21,14,7,7,41,19,22
UPSHUR COUNTY,459,37 Years,481,239,242,384,191,193,39,18,21,21,11,10,37,19,18
UPSHUR COUNTY,459,38 Years,446,228,218,362,183,179,31,17,14,14,9,5,39,19,20
UPSHUR COUNTY,459,39 Years,445,235,210,364,185,179,31,18,13,12,10,2,38,22,16
UPSHUR COUNTY,459,40 Years,457,233,224,380,194,186,33,18,15,11,6,5,33,15,18
UPSHUR COUNTY,459,41 Years,516,252,264,428,211,217,36,13,23,11,4,7,41,24,17
UPSHUR COUNTY,459,42 Years,502,260,242,407,209,198,43,19,24,13,7,6,39,25,14
UPSHUR COUNTY,459,43 Years,492,244,248,403,201,202,44,20,24,9,3,6,36,20,16
UPSHUR COUNTY,459,44 Years,498,245,253,412,206,206,43,18,25,9,2,7,34,19,15
UPSHUR COUNTY,459,45 Years,502,252,250,408,206,202,50,24,26,9,4,5,35,18,17
UPSHUR COUNTY,459,46 Years,473,230,243,387,188,199,45,21,24,11,7,4,30,14,16
UPSHUR COUNTY,459,47 Years,476,239,237,397,203,194,44,20,24,9,5,4,26,11,15
UPSHUR COUNTY,459,48 Years,542,258,284,447,208,239,53,24,29,11,4,7,31,22,9
UPSHUR COUNTY,459,49 Years,568,267,301,471,221,250,54,23,31,15,7,8,28,16,12
UPSHUR COUNTY,459,50 Years,608,287,321,506,240,266,57,27,30,13,7,6,32,13,19
UPSHUR COUNTY,459,51 Years,611,296,315,501,239,262,66,34,32,14,8,6,30,15,15
UPSHUR COUNTY,459,52 Years,595,289,306,500,236,264,61,32,29,12,7,5,22,14,8
UPSHUR COUNTY,459,53 Years,623,288,335,533,244,289,55,22,33,10,4,6,25,18,7
UPSHUR COUNTY,459,54 Years,645,318,327,554,269,285,51,24,27,16,8,8,24,17,7
UPSHUR COUNTY,459,55 Years,624,304,320,534,264,270,52,23,29,17,7,10,21,10,11
UPSHUR COUNTY,459,56 Years,619,294,325,527,252,275,55,24,31,14,7,7,23,11,12
UPSHUR COUNTY,459,57 Years,625,308,317,538,268,270,53,27,26,11,5,6,23,8,15
UPSHUR COUNTY,459,58 Years,625,318,307,526,272,254,61,29,32,16,6,10,22,11,11
UPSHUR COUNTY,459,59 Years,564,265,299,478,229,249,54,21,33,15,7,8,17,8,9
UPSHUR COUNTY,459,60 Years,549,268,281,472,227,245,53,27,26,12,9,3,12,5,7
UPSHUR COUNTY,459,61 Years,541,266,275,475,234,241,43,21,22,12,7,5,11,4,7
UPSHUR COUNTY,459,62 Years,535,271,264,458,234,224,51,25,26,14,4,10,12,8,4
UPSHUR COUNTY,459,63 Years,521,250,271,458,220,238,43,20,23,9,3,6,11,7,4
UPSHUR COUNTY,459,64 Years,496,230,266,431,204,227,45,20,25,9,1,8,11,5,6
UPSHUR COUNTY,459,65 Years,521,261,260,450,225,225,50,26,24,8,4,4,13,6,7
UPSHUR COUNTY,459,66 Years,517,257,260,455,224,231,43,21,22,7,5,2,12,7,5
UPSHUR COUNTY,459,67 Years,400,199,201,347,174,173,36,16,20,8,4,4,9,5,4
UPSHUR COUNTY,459,68 Years,405,204,201,366,181,185,29,17,12,5,2,3,5,4,1
UPSHUR COUNTY,459,69 Years,424,203,221,365,180,185,43,16,27,8,3,5,8,4,4
UPSHUR COUNTY,459,70 Years,406,193,213,356,175,181,37,13,24,6,2,4,7,3,4
UPSHUR COUNTY,459,71 Years,367,177,190,329,157,172,28,14,14,5,2,3,5,4,1
UPSHUR COUNTY,459,72 Years,350,163,187,305,140,165,34,17,17,4,2,2,7,4,3
UPSHUR COUNTY,459,73 Years,309,142,167,271,126,145,25,8,17,7,4,3,6,4,2
UPSHUR COUNTY,459,74 Years,309,138,171,265,119,146,29,13,16,5,1,4,10,5,5
UPSHUR COUNTY,459,75 Years,306,137,169,267,121,146,27,12,15,4,2,2,8,2,6
UPSHUR COUNTY,459,76 Years,270,134,136,238,119,119,23,9,14,5,4,1,4,2,2
UPSHUR COUNTY,459,77 Years,246,116,130,223,105,118,19,8,11,4,3,1,0,0,0
UPSHUR COUNTY,459,78 Years,242,109,133,216,98,118,19,8,11,2,2,0,5,1,4
UPSHUR COUNTY,459,79 Years,210,106,104,184,95,89,18,7,11,6,4,2,2,0,2
UPSHUR COUNTY,459,80 Years,205,92,113,184,82,102,17,7,10,3,2,1,1,1,0
UPSHUR COUNTY,459,81 Years,197,85,112,178,76,102,14,6,8,3,2,1,2,1,1
UPSHUR COUNTY,459,82 Years,175,77,98,158,68,90,14,7,7,1,0,1,2,2,0
UPSHUR COUNTY,459,83 Years,152,69,83,135,63,72,15,5,10,1,0,1,1,1,0
UPSHUR COUNTY,459,84 Years,148,65,83,131,62,69,13,2,11,2,0,2,2,1,1
UPSHUR COUNTY,459,85 Years +,764,264,500,666,236,430,74,21,53,14,3,11,10,4,6
UPTON COUNTY,461,All Ages,3319,1661,1658,1562,789,773,45,20,25,48,24,24,1664,828,836
UPTON COUNTY,461,< 1 Year,47,24,23,19,9,10,0,0,0,0,0,0,28,15,13
UPTON COUNTY,461,1 Years,45,23,22,17,8,9,0,0,0,0,0,0,28,15,13
UPTON COUNTY,461,2 Years,44,22,22,17,8,9,0,0,0,0,0,0,27,14,13
UPTON COUNTY,461,3 Years,43,20,23,12,5,7,0,0,0,1,1,0,30,14,16
UPTON COUNTY,461,4 Years,55,23,32,11,5,6,0,0,0,0,0,0,44,18,26
UPTON COUNTY,461,5 Years,54,29,25,12,7,5,0,0,0,2,0,2,40,22,18
UPTON COUNTY,461,6 Years,48,22,26,17,8,9,1,0,1,2,0,2,28,14,14
UPTON COUNTY,461,7 Years,43,21,22,17,9,8,1,0,1,0,0,0,25,12,13
UPTON COUNTY,461,8 Years,53,27,26,19,9,10,1,0,1,2,1,1,31,17,14
UPTON COUNTY,461,9 Years,63,35,28,25,11,14,2,0,2,2,1,1,34,23,11
UPTON COUNTY,461,10 Years,56,25,31,22,11,11,1,0,1,1,0,1,32,14,18
UPTON COUNTY,461,11 Years,47,20,27,20,9,11,0,0,0,0,0,0,27,11,16
UPTON COUNTY,461,12 Years,46,21,25,15,8,7,2,1,1,2,0,2,27,12,15
UPTON COUNTY,461,13 Years,45,24,21,19,10,9,1,1,0,1,1,0,24,12,12
UPTON COUNTY,461,14 Years,47,26,21,21,11,10,1,0,1,0,0,0,25,15,10
UPTON COUNTY,461,15 Years,59,34,25,25,13,12,1,0,1,2,2,0,31,19,12
UPTON COUNTY,461,16 Years,58,26,32,25,10,15,1,0,1,0,0,0,32,16,16
UPTON COUNTY,461,17 Years,42,19,23,20,9,11,0,0,0,0,0,0,22,10,12
UPTON COUNTY,461,18 Years,49,25,24,27,17,10,0,0,0,0,0,0,22,8,14
UPTON COUNTY,461,19 Years,41,21,20,18,10,8,0,0,0,0,0,0,23,11,12
UPTON COUNTY,461,20 Years,41,23,18,18,11,7,0,0,0,0,0,0,23,12,11
UPTON COUNTY,461,21 Years,46,27,19,17,12,5,0,0,0,2,1,1,27,14,13
UPTON COUNTY,461,22 Years,37,18,19,10,6,4,0,0,0,1,1,0,26,11,15
UPTON COUNTY,461,23 Years,37,19,18,11,6,5,0,0,0,0,0,0,26,13,13
UPTON COUNTY,461,24 Years,29,15,14,9,5,4,0,0,0,0,0,0,20,10,10
UPTON COUNTY,461,25 Years,27,10,17,8,2,6,0,0,0,2,2,0,17,6,11
UPTON COUNTY,461,26 Years,32,14,18,10,4,6,0,0,0,1,1,0,21,9,12
UPTON COUNTY,461,27 Years,36,19,17,11,7,4,0,0,0,1,0,1,24,12,12
UPTON COUNTY,461,28 Years,39,16,23,17,5,12,0,0,0,0,0,0,22,11,11
UPTON COUNTY,461,29 Years,40,25,15,13,5,8,2,2,0,0,0,0,25,18,7
UPTON COUNTY,461,30 Years,48,32,16,16,9,7,1,1,0,0,0,0,31,22,9
UPTON COUNTY,461,31 Years,48,27,21,20,11,9,1,1,0,2,1,1,25,14,11
UPTON COUNTY,461,32 Years,40,15,25,17,7,10,1,0,1,0,0,0,22,8,14
UPTON COUNTY,461,33 Years,46,19,27,22,10,12,0,0,0,1,1,0,23,8,15
UPTON COUNTY,461,34 Years,45,22,23,23,12,11,0,0,0,0,0,0,22,10,12
UPTON COUNTY,461,35 Years,51,27,24,24,12,12,0,0,0,0,0,0,27,15,12
UPTON COUNTY,461,36 Years,42,22,20,13,8,5,0,0,0,2,0,2,27,14,13
UPTON COUNTY,461,37 Years,47,24,23,17,9,8,2,1,1,1,0,1,27,14,13
UPTON COUNTY,461,38 Years,34,18,16,16,9,7,0,0,0,0,0,0,18,9,9
UPTON COUNTY,461,39 Years,28,15,13,14,7,7,0,0,0,0,0,0,14,8,6
UPTON COUNTY,461,40 Years,32,13,19,14,7,7,0,0,0,0,0,0,18,6,12
UPTON COUNTY,461,41 Years,30,14,16,15,9,6,0,0,0,0,0,0,15,5,10
UPTON COUNTY,461,42 Years,34,16,18,17,7,10,0,0,0,0,0,0,17,9,8
UPTON COUNTY,461,43 Years,33,15,18,17,7,10,0,0,0,0,0,0,16,8,8
UPTON COUNTY,461,44 Years,30,12,18,11,5,6,2,1,1,0,0,0,17,6,11
UPTON COUNTY,461,45 Years,27,11,16,11,4,7,2,1,1,0,0,0,14,6,8
UPTON COUNTY,461,46 Years,35,17,18,15,8,7,0,0,0,1,0,1,19,9,10
UPTON COUNTY,461,47 Years,42,23,19,24,13,11,0,0,0,1,0,1,17,10,7
UPTON COUNTY,461,48 Years,31,16,15,17,10,7,0,0,0,0,0,0,14,6,8
UPTON COUNTY,461,49 Years,42,20,22,23,14,9,0,0,0,1,0,1,18,6,12
UPTON COUNTY,461,50 Years,32,11,21,17,5,12,0,0,0,1,0,1,14,6,8
UPTON COUNTY,461,51 Years,34,16,18,20,8,12,1,1,0,0,0,0,13,7,6
UPTON COUNTY,461,52 Years,38,20,18,20,10,10,0,0,0,1,0,1,17,10,7
UPTON COUNTY,461,53 Years,51,25,26,26,16,10,0,0,0,1,0,1,24,9,15
UPTON COUNTY,461,54 Years,56,31,25,33,20,13,1,1,0,0,0,0,22,10,12
UPTON COUNTY,461,55 Years,62,36,26,38,22,16,1,1,0,0,0,0,23,13,10
UPTON COUNTY,461,56 Years,53,28,25,32,15,17,2,2,0,0,0,0,19,11,8
UPTON COUNTY,461,57 Years,56,31,25,35,19,16,3,2,1,0,0,0,18,10,8
UPTON COUNTY,461,58 Years,49,26,23,30,17,13,2,1,1,1,0,1,16,8,8
UPTON COUNTY,461,59 Years,49,26,23,26,13,13,1,1,0,1,0,1,21,12,9
UPTON COUNTY,461,60 Years,48,28,20,23,15,8,0,0,0,1,0,1,24,13,11
UPTON COUNTY,461,61 Years,37,17,20,20,11,9,0,0,0,1,1,0,16,5,11
UPTON COUNTY,461,62 Years,30,11,19,14,5,9,2,0,2,0,0,0,14,6,8
UPTON COUNTY,461,63 Years,36,14,22,14,6,8,2,0,2,0,0,0,20,8,12
UPTON COUNTY,461,64 Years,36,17,19,19,11,8,0,0,0,0,0,0,17,6,11
UPTON COUNTY,461,65 Years,35,20,15,20,10,10,0,0,0,1,1,0,14,9,5
UPTON COUNTY,461,66 Years,39,24,15,24,12,12,0,0,0,3,3,0,12,9,3
UPTON COUNTY,461,67 Years,27,13,14,17,7,10,1,0,1,1,1,0,8,5,3
UPTON COUNTY,461,68 Years,25,15,10,20,12,8,0,0,0,1,1,0,4,2,2
UPTON COUNTY,461,69 Years,28,18,10,16,12,4,0,0,0,0,0,0,12,6,6
UPTON COUNTY,461,70 Years,27,16,11,16,9,7,0,0,0,0,0,0,11,7,4
UPTON COUNTY,461,71 Years,27,13,14,18,8,10,0,0,0,1,1,0,8,4,4
UPTON COUNTY,461,72 Years,26,13,13,16,8,8,0,0,0,0,0,0,10,5,5
UPTON COUNTY,461,73 Years,23,12,11,17,10,7,0,0,0,0,0,0,6,2,4
UPTON COUNTY,461,74 Years,26,16,10,20,13,7,0,0,0,0,0,0,6,3,3
UPTON COUNTY,461,75 Years,24,14,10,13,6,7,0,0,0,1,1,0,10,7,3
UPTON COUNTY,461,76 Years,26,13,13,15,5,10,0,0,0,1,1,0,10,7,3
UPTON COUNTY,461,77 Years,16,7,9,12,4,8,1,0,1,0,0,0,3,3,0
UPTON COUNTY,461,78 Years,20,9,11,14,5,9,0,0,0,0,0,0,6,4,2
UPTON COUNTY,461,79 Years,20,8,12,15,6,9,0,0,0,0,0,0,5,2,3
UPTON COUNTY,461,80 Years,21,10,11,11,7,4,0,0,0,1,1,0,9,2,7
UPTON COUNTY,461,81 Years,15,5,10,8,3,5,0,0,0,0,0,0,7,2,5
UPTON COUNTY,461,82 Years,17,8,9,13,5,8,1,1,0,0,0,0,3,2,1
UPTON COUNTY,461,83 Years,14,8,6,8,5,3,0,0,0,0,0,0,6,3,3
UPTON COUNTY,461,84 Years,14,8,6,7,5,2,1,1,0,0,0,0,6,2,4
UPTON COUNTY,461,85 Years +,68,23,45,47,16,31,3,0,3,0,0,0,18,7,11
UVALDE COUNTY,463,All Ages,26790,13127,13663,7450,3638,3812,111,66,45,343,169,174,18886,9254,9632
UVALDE COUNTY,463,< 1 Year,410,212,198,75,37,38,1,1,0,7,5,2,327,169,158
UVALDE COUNTY,463,1 Years,402,204,198,72,36,36,1,0,1,7,4,3,322,164,158
UVALDE COUNTY,463,2 Years,386,196,190,70,35,35,1,0,1,5,3,2,310,158,152
UVALDE COUNTY,463,3 Years,399,195,204,55,28,27,1,1,0,7,4,3,336,162,174
UVALDE COUNTY,463,4 Years,414,210,204,48,23,25,1,0,1,5,3,2,360,184,176
UVALDE COUNTY,463,5 Years,400,202,198,49,22,27,2,1,1,3,3,0,346,176,170
UVALDE COUNTY,463,6 Years,434,222,212,65,36,29,1,0,1,7,3,4,361,183,178
UVALDE COUNTY,463,7 Years,428,229,199,69,38,31,4,1,3,5,3,2,350,187,163
UVALDE COUNTY,463,8 Years,409,203,206,74,32,42,2,1,1,4,3,1,329,167,162
UVALDE COUNTY,463,9 Years,429,225,204,80,34,46,1,0,1,8,3,5,340,188,152
UVALDE COUNTY,463,10 Years,416,208,208,72,34,38,4,3,1,5,1,4,335,170,165
UVALDE COUNTY,463,11 Years,429,213,216,75,35,40,2,2,0,9,4,5,343,172,171
UVALDE COUNTY,463,12 Years,454,224,230,70,37,33,1,0,1,12,5,7,371,182,189
UVALDE COUNTY,463,13 Years,462,229,233,75,37,38,2,0,2,6,1,5,379,191,188
UVALDE COUNTY,463,14 Years,436,217,219,82,37,45,1,0,1,7,4,3,346,176,170
UVALDE COUNTY,463,15 Years,437,220,217,77,34,43,3,2,1,3,1,2,354,183,171
UVALDE COUNTY,463,16 Years,416,229,187,70,35,35,3,1,2,3,2,1,340,191,149
UVALDE COUNTY,463,17 Years,424,214,210,75,37,38,2,0,2,5,3,2,342,174,168
UVALDE COUNTY,463,18 Years,412,187,225,70,32,38,2,0,2,8,2,6,332,153,179
UVALDE COUNTY,463,19 Years,461,243,218,100,62,38,4,3,1,8,3,5,349,175,174
UVALDE COUNTY,463,20 Years,488,242,246,99,51,48,3,2,1,8,4,4,378,185,193
UVALDE COUNTY,463,21 Years,510,253,257,97,55,42,3,2,1,8,4,4,402,192,210
UVALDE COUNTY,463,22 Years,461,227,234,77,44,33,4,3,1,6,2,4,374,178,196
UVALDE COUNTY,463,23 Years,410,211,199,63,37,26,2,1,1,6,2,4,339,171,168
UVALDE COUNTY,463,24 Years,362,181,181,61,36,25,2,1,1,2,2,0,297,142,155
UVALDE COUNTY,463,25 Years,315,151,164,73,38,35,1,1,0,4,3,1,237,109,128
UVALDE COUNTY,463,26 Years,252,133,119,50,22,28,2,2,0,2,1,1,198,108,90
UVALDE COUNTY,463,27 Years,264,138,126,50,27,23,3,3,0,4,2,2,207,106,101
UVALDE COUNTY,463,28 Years,254,133,121,51,26,25,0,0,0,6,4,2,197,103,94
UVALDE COUNTY,463,29 Years,261,132,129,50,27,23,2,1,1,5,3,2,204,101,103
UVALDE COUNTY,463,30 Years,249,119,130,50,22,28,3,1,2,2,1,1,194,95,99
UVALDE COUNTY,463,31 Years,234,108,126,50,26,24,2,2,0,1,0,1,181,80,101
UVALDE COUNTY,463,32 Years,239,116,123,65,32,33,0,0,0,2,1,1,172,83,89
UVALDE COUNTY,463,33 Years,289,132,157,71,36,35,2,0,2,4,1,3,212,95,117
UVALDE COUNTY,463,34 Years,286,137,149,64,34,30,2,1,1,5,2,3,215,100,115
UVALDE COUNTY,463,35 Years,279,140,139,67,35,32,3,3,0,5,3,2,204,99,105
UVALDE COUNTY,463,36 Years,280,138,142,58,27,31,3,3,0,6,3,3,213,105,108
UVALDE COUNTY,463,37 Years,305,144,161,55,25,30,2,2,0,5,2,3,243,115,128
UVALDE COUNTY,463,38 Years,279,139,140,57,31,26,3,2,1,2,1,1,217,105,112
UVALDE COUNTY,463,39 Years,287,145,142,68,33,35,2,2,0,3,1,2,214,109,105
UVALDE COUNTY,463,40 Years,304,142,162,66,28,38,2,1,1,2,1,1,234,112,122
UVALDE COUNTY,463,41 Years,293,132,161,77,34,43,1,0,1,2,1,1,213,97,116
UVALDE COUNTY,463,42 Years,308,144,164,82,39,43,0,0,0,3,2,1,223,103,120
UVALDE COUNTY,463,43 Years,325,160,165,89,43,46,3,1,2,5,2,3,228,114,114
UVALDE COUNTY,463,44 Years,299,138,161,91,38,53,1,0,1,7,3,4,200,97,103
UVALDE COUNTY,463,45 Years,307,167,140,89,43,46,0,0,0,4,3,1,214,121,93
UVALDE COUNTY,463,46 Years,294,147,147,78,44,34,0,0,0,3,1,2,213,102,111
UVALDE COUNTY,463,47 Years,302,158,144,82,45,37,1,1,0,4,1,3,215,111,104
UVALDE COUNTY,463,48 Years,312,164,148,102,53,49,0,0,0,7,5,2,203,106,97
UVALDE COUNTY,463,49 Years,301,151,150,92,43,49,1,1,0,3,3,0,205,104,101
UVALDE COUNTY,463,50 Years,314,158,156,84,39,45,2,1,1,6,2,4,222,116,106
UVALDE COUNTY,463,51 Years,355,168,187,114,56,58,3,3,0,4,1,3,234,108,126
UVALDE COUNTY,463,52 Years,351,166,185,123,63,60,2,2,0,8,5,3,218,96,122
UVALDE COUNTY,463,53 Years,307,139,168,108,50,58,0,0,0,3,2,1,196,87,109
UVALDE COUNTY,463,54 Years,311,159,152,111,53,58,0,0,0,3,2,1,197,104,93
UVALDE COUNTY,463,55 Years,336,168,168,124,60,64,1,1,0,3,2,1,208,105,103
UVALDE COUNTY,463,56 Years,347,169,178,136,64,72,0,0,0,1,0,1,210,105,105
UVALDE COUNTY,463,57 Years,319,167,152,125,71,54,1,0,1,3,3,0,190,93,97
UVALDE COUNTY,463,58 Years,309,155,154,120,65,55,1,0,1,5,2,3,183,88,95
UVALDE COUNTY,463,59 Years,291,145,146,110,59,51,1,1,0,4,1,3,176,84,92
UVALDE COUNTY,463,60 Years,282,131,151,114,51,63,0,0,0,5,3,2,163,77,86
UVALDE COUNTY,463,61 Years,271,121,150,113,50,63,0,0,0,3,1,2,155,70,85
UVALDE COUNTY,463,62 Years,284,133,151,116,58,58,0,0,0,1,0,1,167,75,92
UVALDE COUNTY,463,63 Years,298,141,157,121,58,63,0,0,0,1,0,1,176,83,93
UVALDE COUNTY,463,64 Years,322,142,180,146,66,80,3,3,0,1,1,0,172,72,100
UVALDE COUNTY,463,65 Years,322,158,164,144,67,77,1,1,0,1,1,0,176,89,87
UVALDE COUNTY,463,66 Years,314,147,167,146,67,79,0,0,0,3,2,1,165,78,87
UVALDE COUNTY,463,67 Years,275,129,146,132,64,68,0,0,0,3,2,1,140,63,77
UVALDE COUNTY,463,68 Years,239,115,124,112,56,56,0,0,0,2,0,2,125,59,66
UVALDE COUNTY,463,69 Years,244,124,120,119,62,57,0,0,0,2,1,1,123,61,62
UVALDE COUNTY,463,70 Years,232,114,118,124,60,64,1,1,0,4,3,1,103,50,53
UVALDE COUNTY,463,71 Years,209,92,117,107,52,55,0,0,0,2,1,1,100,39,61
UVALDE COUNTY,463,72 Years,191,85,106,93,43,50,0,0,0,1,0,1,97,42,55
UVALDE COUNTY,463,73 Years,169,78,91,81,39,42,0,0,0,1,0,1,87,39,48
UVALDE COUNTY,463,74 Years,164,82,82,91,50,41,1,0,1,2,1,1,70,31,39
UVALDE COUNTY,463,75 Years,173,89,84,95,51,44,0,0,0,3,1,2,75,37,38
UVALDE COUNTY,463,76 Years,164,75,89,76,36,40,0,0,0,1,0,1,87,39,48
UVALDE COUNTY,463,77 Years,148,73,75,74,42,32,0,0,0,0,0,0,74,31,43
UVALDE COUNTY,463,78 Years,144,63,81,67,31,36,0,0,0,2,0,2,75,32,43
UVALDE COUNTY,463,79 Years,133,57,76,65,29,36,1,1,0,2,1,1,65,26,39
UVALDE COUNTY,463,80 Years,134,55,79,68,27,41,0,0,0,1,1,0,65,27,38
UVALDE COUNTY,463,81 Years,131,56,75,64,26,38,0,0,0,1,1,0,66,29,37
UVALDE COUNTY,463,82 Years,107,48,59,54,27,27,0,0,0,2,1,1,51,20,31
UVALDE COUNTY,463,83 Years,110,52,58,52,23,29,0,0,0,2,1,1,56,28,28
UVALDE COUNTY,463,84 Years,96,45,51,48,23,25,1,0,1,1,1,0,46,21,25
UVALDE COUNTY,463,85 Years +,587,224,363,326,125,201,0,0,0,6,2,4,255,97,158
VAL VERDE COUNTY,465,All Ages,48544,24452,24092,8177,4487,3690,570,334,236,611,309,302,39186,19322,19864
VAL VERDE COUNTY,465,< 1 Year,878,454,424,106,57,49,9,5,4,13,7,6,750,385,365
VAL VERDE COUNTY,465,1 Years,880,450,430,103,53,50,8,5,3,10,5,5,759,387,372
VAL VERDE COUNTY,465,2 Years,875,447,428,107,55,52,8,4,4,12,7,5,748,381,367
VAL VERDE COUNTY,465,3 Years,765,391,374,107,55,52,5,4,1,10,6,4,643,326,317
VAL VERDE COUNTY,465,4 Years,802,411,391,105,57,48,9,4,5,15,9,6,673,341,332
VAL VERDE COUNTY,465,5 Years,799,417,382,102,53,49,9,4,5,11,8,3,677,352,325
VAL VERDE COUNTY,465,6 Years,743,363,380,88,44,44,5,3,2,11,6,5,639,310,329
VAL VERDE COUNTY,465,7 Years,787,379,408,88,43,45,6,3,3,14,7,7,679,326,353
VAL VERDE COUNTY,465,8 Years,826,420,406,91,48,43,7,4,3,14,7,7,714,361,353
VAL VERDE COUNTY,465,9 Years,787,422,365,80,43,37,8,4,4,14,8,6,685,367,318
VAL VERDE COUNTY,465,10 Years,753,395,358,79,41,38,7,1,6,13,6,7,654,347,307
VAL VERDE COUNTY,465,11 Years,788,404,384,75,38,37,13,6,7,9,2,7,691,358,333
VAL VERDE COUNTY,465,12 Years,754,384,370,70,37,33,7,4,3,7,3,4,670,340,330
VAL VERDE COUNTY,465,13 Years,786,413,373,57,28,29,4,1,3,9,4,5,716,380,336
VAL VERDE COUNTY,465,14 Years,792,414,378,73,40,33,4,1,3,9,6,3,706,367,339
VAL VERDE COUNTY,465,15 Years,795,410,385,72,39,33,4,3,1,10,8,2,709,360,349
VAL VERDE COUNTY,465,16 Years,761,413,348,68,32,36,5,3,2,7,5,2,681,373,308
VAL VERDE COUNTY,465,17 Years,784,418,366,75,41,34,8,5,3,6,3,3,695,369,326
VAL VERDE COUNTY,465,18 Years,756,383,373,66,33,33,9,4,5,4,2,2,677,344,333
VAL VERDE COUNTY,465,19 Years,728,356,372,58,29,29,9,5,4,5,2,3,656,320,336
VAL VERDE COUNTY,465,20 Years,719,355,364,62,37,25,9,5,4,5,2,3,643,311,332
VAL VERDE COUNTY,465,21 Years,720,395,325,63,35,28,8,6,2,8,5,3,641,349,292
VAL VERDE COUNTY,465,22 Years,650,349,301,89,51,38,11,8,3,4,2,2,546,288,258
VAL VERDE COUNTY,465,23 Years,647,354,293,118,77,41,15,10,5,5,2,3,509,265,244
VAL VERDE COUNTY,465,24 Years,603,333,270,120,79,41,15,10,5,10,5,5,458,239,219
VAL VERDE COUNTY,465,25 Years,648,353,295,158,101,57,16,9,7,12,6,6,462,237,225
VAL VERDE COUNTY,465,26 Years,708,414,294,229,159,70,14,9,5,19,14,5,446,232,214
VAL VERDE COUNTY,465,27 Years,767,451,316,238,171,67,16,12,4,17,9,8,496,259,237
VAL VERDE COUNTY,465,28 Years,674,381,293,193,129,64,14,9,5,12,8,4,455,235,220
VAL VERDE COUNTY,465,29 Years,612,314,298,147,81,66,12,7,5,10,6,4,443,220,223
VAL VERDE COUNTY,465,30 Years,581,307,274,143,76,67,13,9,4,9,3,6,416,219,197
VAL VERDE COUNTY,465,31 Years,629,322,307,126,71,55,7,5,2,14,9,5,482,237,245
VAL VERDE COUNTY,465,32 Years,630,322,308,108,63,45,9,5,4,14,9,5,499,245,254
VAL VERDE COUNTY,465,33 Years,618,321,297,112,62,50,11,6,5,11,6,5,484,247,237
VAL VERDE COUNTY,465,34 Years,564,305,259,108,65,43,10,6,4,4,3,1,442,231,211
VAL VERDE COUNTY,465,35 Years,575,311,264,93,59,34,7,3,4,9,2,7,466,247,219
VAL VERDE COUNTY,465,36 Years,557,285,272,89,54,35,6,2,4,11,3,8,451,226,225
VAL VERDE COUNTY,465,37 Years,561,280,281,77,38,39,6,3,3,7,4,3,471,235,236
VAL VERDE COUNTY,465,38 Years,598,292,306,82,37,45,6,2,4,8,5,3,502,248,254
VAL VERDE COUNTY,465,39 Years,626,300,326,83,41,42,6,3,3,7,3,4,530,253,277
VAL VERDE COUNTY,465,40 Years,630,304,326,78,39,39,4,3,1,11,3,8,537,259,278
VAL VERDE COUNTY,465,41 Years,610,285,325,91,46,45,6,3,3,8,1,7,505,235,270
VAL VERDE COUNTY,465,42 Years,575,279,296,87,47,40,7,4,3,5,3,2,476,225,251
VAL VERDE COUNTY,465,43 Years,593,299,294,90,55,35,6,4,2,5,3,2,492,237,255
VAL VERDE COUNTY,465,44 Years,598,304,294,95,52,43,5,3,2,7,4,3,491,245,246
VAL VERDE COUNTY,465,45 Years,594,297,297,92,43,49,6,5,1,10,5,5,486,244,242
VAL VERDE COUNTY,465,46 Years,574,285,289,108,55,53,5,4,1,7,3,4,454,223,231
VAL VERDE COUNTY,465,47 Years,592,305,287,102,58,44,9,5,4,4,2,2,477,240,237
VAL VERDE COUNTY,465,48 Years,595,294,301,99,53,46,5,1,4,2,1,1,489,239,250
VAL VERDE COUNTY,465,49 Years,570,291,279,91,53,38,5,4,1,3,1,2,471,233,238
VAL VERDE COUNTY,465,50 Years,585,284,301,100,55,45,7,4,3,7,1,6,471,224,247
VAL VERDE COUNTY,465,51 Years,555,268,287,91,48,43,6,4,2,8,2,6,450,214,236
VAL VERDE COUNTY,465,52 Years,543,271,272,95,53,42,8,4,4,5,4,1,435,210,225
VAL VERDE COUNTY,465,53 Years,535,253,282,113,55,58,9,6,3,4,3,1,409,189,220
VAL VERDE COUNTY,465,54 Years,517,248,269,103,57,46,6,6,0,4,1,3,404,184,220
VAL VERDE COUNTY,465,55 Years,523,266,257,110,58,52,8,5,3,8,4,4,397,199,198
VAL VERDE COUNTY,465,56 Years,505,269,236,109,61,48,8,6,2,4,1,3,384,201,183
VAL VERDE COUNTY,465,57 Years,506,243,263,114,59,55,8,4,4,3,2,1,381,178,203
VAL VERDE COUNTY,465,58 Years,472,220,252,87,50,37,10,6,4,7,2,5,368,162,206
VAL VERDE COUNTY,465,59 Years,473,208,265,102,50,52,6,4,2,5,2,3,360,152,208
VAL VERDE COUNTY,465,60 Years,494,222,272,110,57,53,4,3,1,6,2,4,374,160,214
VAL VERDE COUNTY,465,61 Years,466,222,244,114,61,53,4,3,1,5,3,2,343,155,188
VAL VERDE COUNTY,465,62 Years,476,216,260,113,60,53,4,2,2,7,2,5,352,152,200
VAL VERDE COUNTY,465,63 Years,439,199,240,100,53,47,4,3,1,4,1,3,331,142,189
VAL VERDE COUNTY,465,64 Years,456,207,249,96,52,44,7,4,3,5,2,3,348,149,199
VAL VERDE COUNTY,465,65 Years,481,216,265,97,52,45,8,4,4,6,3,3,370,157,213
VAL VERDE COUNTY,465,66 Years,439,219,220,114,63,51,4,3,1,3,2,1,318,151,167
VAL VERDE COUNTY,465,67 Years,410,206,204,100,58,42,4,3,1,6,4,2,300,141,159
VAL VERDE COUNTY,465,68 Years,387,190,197,99,49,50,2,1,1,5,3,2,281,137,144
VAL VERDE COUNTY,465,69 Years,395,189,206,107,51,56,3,3,0,4,2,2,281,133,148
VAL VERDE COUNTY,465,70 Years,332,169,163,79,43,36,3,2,1,4,4,0,246,120,126
VAL VERDE COUNTY,465,71 Years,312,152,160,69,39,30,5,2,3,1,1,0,237,110,127
VAL VERDE COUNTY,465,72 Years,315,152,163,74,34,40,4,2,2,2,1,1,235,115,120
VAL VERDE COUNTY,465,73 Years,300,132,168,75,33,42,1,0,1,2,0,2,222,99,123
VAL VERDE COUNTY,465,74 Years,282,125,157,66,29,37,3,2,1,6,3,3,207,91,116
VAL VERDE COUNTY,465,75 Years,284,135,149,80,40,40,2,1,1,4,2,2,198,92,106
VAL VERDE COUNTY,465,76 Years,265,122,143,70,39,31,3,2,1,3,2,1,189,79,110
VAL VERDE COUNTY,465,77 Years,257,117,140,57,33,24,5,3,2,4,1,3,191,80,111
VAL VERDE COUNTY,465,78 Years,214,101,113,59,35,24,3,2,1,3,1,2,149,63,86
VAL VERDE COUNTY,465,79 Years,208,94,114,52,27,25,1,1,0,3,1,2,152,65,87
VAL VERDE COUNTY,465,80 Years,203,94,109,51,29,22,0,0,0,3,1,2,149,64,85
VAL VERDE COUNTY,465,81 Years,193,90,103,46,23,23,0,0,0,1,1,0,146,66,80
VAL VERDE COUNTY,465,82 Years,178,74,104,43,20,23,2,1,1,1,0,1,132,53,79
VAL VERDE COUNTY,465,83 Years,179,85,94,33,17,16,0,0,0,2,1,1,144,67,77
VAL VERDE COUNTY,465,84 Years,147,66,81,32,16,16,1,0,1,0,0,0,114,50,64
VAL VERDE COUNTY,465,85 Years +,761,297,464,176,75,101,4,0,4,5,1,4,576,221,355
VAN ZANDT COUNTY,467,All Ages,53561,26371,27190,45414,22112,23302,1432,726,706,1346,659,687,5369,2874,2495
VAN ZANDT COUNTY,467,< 1 Year,583,297,286,459,234,225,15,8,7,15,9,6,94,46,48
VAN ZANDT COUNTY,467,1 Years,575,294,281,458,234,224,14,7,7,11,6,5,92,47,45
VAN ZANDT COUNTY,467,2 Years,571,290,281,459,234,225,13,7,6,12,6,6,87,43,44
VAN ZANDT COUNTY,467,3 Years,602,309,293,467,249,218,16,7,9,24,12,12,95,41,54
VAN ZANDT COUNTY,467,4 Years,620,317,303,465,241,224,13,5,8,27,14,13,115,57,58
VAN ZANDT COUNTY,467,5 Years,651,316,335,477,235,242,19,10,9,23,9,14,132,62,70
VAN ZANDT COUNTY,467,6 Years,644,311,333,491,230,261,18,10,8,21,10,11,114,61,53
VAN ZANDT COUNTY,467,7 Years,663,342,321,498,252,246,16,8,8,26,15,11,123,67,56
VAN ZANDT COUNTY,467,8 Years,668,332,336,501,247,254,16,9,7,32,17,15,119,59,60
VAN ZANDT COUNTY,467,9 Years,680,343,337,517,258,259,24,15,9,28,14,14,111,56,55
VAN ZANDT COUNTY,467,10 Years,708,372,336,534,288,246,24,15,9,24,10,14,126,59,67
VAN ZANDT COUNTY,467,11 Years,706,367,339,539,284,255,22,10,12,26,14,12,119,59,60
VAN ZANDT COUNTY,467,12 Years,755,369,386,570,279,291,25,13,12,35,13,22,125,64,61
VAN ZANDT COUNTY,467,13 Years,787,378,409,596,287,309,20,11,9,33,15,18,138,65,73
VAN ZANDT COUNTY,467,14 Years,773,393,380,602,308,294,17,8,9,32,13,19,122,64,58
VAN ZANDT COUNTY,467,15 Years,776,393,383,602,307,295,21,12,9,32,12,20,121,62,59
VAN ZANDT COUNTY,467,16 Years,771,408,363,606,316,290,23,16,7,23,12,11,119,64,55
VAN ZANDT COUNTY,467,17 Years,774,395,379,617,310,307,31,16,15,25,15,10,101,54,47
VAN ZANDT COUNTY,467,18 Years,757,403,354,607,322,285,21,8,13,27,18,9,102,55,47
VAN ZANDT COUNTY,467,19 Years,690,365,325,541,281,260,18,10,8,17,10,7,114,64,50
VAN ZANDT COUNTY,467,20 Years,675,357,318,504,261,243,31,19,12,21,15,6,119,62,57
VAN ZANDT COUNTY,467,21 Years,646,330,316,493,256,237,27,13,14,21,11,10,105,50,55
VAN ZANDT COUNTY,467,22 Years,602,308,294,459,238,221,22,8,14,13,6,7,108,56,52
VAN ZANDT COUNTY,467,23 Years,540,266,274,413,199,214,16,9,7,12,6,6,99,52,47
VAN ZANDT COUNTY,467,24 Years,532,266,266,415,205,210,14,9,5,10,5,5,93,47,46
VAN ZANDT COUNTY,467,25 Years,503,267,236,396,212,184,8,3,5,9,4,5,90,48,42
VAN ZANDT COUNTY,467,26 Years,477,242,235,379,188,191,11,5,6,7,4,3,80,45,35
VAN ZANDT COUNTY,467,27 Years,479,252,227,376,195,181,13,5,8,13,9,4,77,43,34
VAN ZANDT COUNTY,467,28 Years,483,249,234,386,191,195,15,9,6,12,6,6,70,43,27
VAN ZANDT COUNTY,467,29 Years,462,245,217,374,191,183,18,9,9,9,5,4,61,40,21
VAN ZANDT COUNTY,467,30 Years,516,268,248,409,201,208,17,11,6,14,8,6,76,48,28
VAN ZANDT COUNTY,467,31 Years,511,253,258,403,194,209,18,10,8,14,7,7,76,42,34
VAN ZANDT COUNTY,467,32 Years,522,260,262,438,215,223,10,7,3,11,5,6,63,33,30
VAN ZANDT COUNTY,467,33 Years,534,274,260,439,223,216,11,7,4,10,3,7,74,41,33
VAN ZANDT COUNTY,467,34 Years,535,281,254,435,223,212,10,5,5,9,3,6,81,50,31
VAN ZANDT COUNTY,467,35 Years,562,283,279,451,230,221,15,7,8,21,10,11,75,36,39
VAN ZANDT COUNTY,467,36 Years,564,272,292,462,218,244,13,8,5,21,10,11,68,36,32
VAN ZANDT COUNTY,467,37 Years,590,314,276,482,244,238,20,14,6,12,9,3,76,47,29
VAN ZANDT COUNTY,467,38 Years,573,303,270,473,247,226,18,9,9,11,8,3,71,39,32
VAN ZANDT COUNTY,467,39 Years,570,292,278,469,237,232,18,10,8,16,11,5,67,34,33
VAN ZANDT COUNTY,467,40 Years,614,299,315,517,246,271,16,8,8,16,6,10,65,39,26
VAN ZANDT COUNTY,467,41 Years,656,312,344,558,264,294,13,10,3,19,5,14,66,33,33
VAN ZANDT COUNTY,467,42 Years,677,321,356,572,269,303,20,10,10,15,4,11,70,38,32
VAN ZANDT COUNTY,467,43 Years,705,327,378,593,266,327,20,10,10,13,5,8,79,46,33
VAN ZANDT COUNTY,467,44 Years,674,314,360,583,258,325,11,6,5,11,5,6,69,45,24
VAN ZANDT COUNTY,467,45 Years,645,297,348,561,249,312,10,5,5,16,10,6,58,33,25
VAN ZANDT COUNTY,467,46 Years,649,315,334,563,270,293,13,6,7,14,10,4,59,29,30
VAN ZANDT COUNTY,467,47 Years,676,322,354,587,279,308,13,5,8,17,7,10,59,31,28
VAN ZANDT COUNTY,467,48 Years,756,367,389,662,316,346,21,13,8,18,7,11,55,31,24
VAN ZANDT COUNTY,467,49 Years,764,377,387,654,320,334,26,13,13,24,11,13,60,33,27
VAN ZANDT COUNTY,467,50 Years,815,405,410,715,355,360,26,10,16,24,11,13,50,29,21
VAN ZANDT COUNTY,467,51 Years,764,379,385,683,340,343,25,10,15,20,10,10,36,19,17
VAN ZANDT COUNTY,467,52 Years,754,386,368,670,341,329,23,14,9,15,6,9,46,25,21
VAN ZANDT COUNTY,467,53 Years,816,424,392,722,370,352,27,16,11,17,9,8,50,29,21
VAN ZANDT COUNTY,467,54 Years,807,410,397,714,361,353,22,11,11,22,9,13,49,29,20
VAN ZANDT COUNTY,467,55 Years,772,371,401,685,328,357,23,12,11,16,4,12,48,27,21
VAN ZANDT COUNTY,467,56 Years,800,384,416,710,337,373,20,11,9,20,12,8,50,24,26
VAN ZANDT COUNTY,467,57 Years,797,378,419,709,327,382,22,12,10,21,13,8,45,26,19
VAN ZANDT COUNTY,467,58 Years,772,377,395,697,333,364,23,14,9,15,6,9,37,24,13
VAN ZANDT COUNTY,467,59 Years,765,382,383,686,342,344,28,12,16,13,5,8,38,23,15
VAN ZANDT COUNTY,467,60 Years,757,360,397,686,326,360,22,8,14,13,4,9,36,22,14
VAN ZANDT COUNTY,467,61 Years,711,337,374,648,306,342,18,6,12,15,9,6,30,16,14
VAN ZANDT COUNTY,467,62 Years,722,337,385,661,306,355,19,9,10,12,6,6,30,16,14
VAN ZANDT COUNTY,467,63 Years,720,335,385,665,305,360,16,9,7,16,7,9,23,14,9
VAN ZANDT COUNTY,467,64 Years,716,343,373,661,312,349,22,11,11,12,7,5,21,13,8
VAN ZANDT COUNTY,467,65 Years,786,366,420,725,337,388,22,9,13,11,5,6,28,15,13
VAN ZANDT COUNTY,467,66 Years,802,392,410,741,356,385,19,8,11,14,8,6,28,20,8
VAN ZANDT COUNTY,467,67 Years,656,322,334,611,298,313,10,5,5,13,5,8,22,14,8
VAN ZANDT COUNTY,467,68 Years,603,301,302,560,277,283,11,9,2,8,2,6,24,13,11
VAN ZANDT COUNTY,467,69 Years,634,313,321,598,293,305,8,3,5,12,6,6,16,11,5
VAN ZANDT COUNTY,467,70 Years,607,303,304,572,284,288,9,5,4,16,8,8,10,6,4
VAN ZANDT COUNTY,467,71 Years,563,260,303,533,246,287,10,5,5,13,7,6,7,2,5
VAN ZANDT COUNTY,467,72 Years,567,263,304,534,245,289,12,6,6,9,6,3,12,6,6
VAN ZANDT COUNTY,467,73 Years,519,251,268,485,231,254,10,6,4,11,8,3,13,6,7
VAN ZANDT COUNTY,467,74 Years,479,234,245,455,222,233,6,4,2,9,5,4,9,3,6
VAN ZANDT COUNTY,467,75 Years,466,226,240,442,212,230,6,4,2,7,4,3,11,6,5
VAN ZANDT COUNTY,467,76 Years,433,207,226,412,196,216,7,3,4,6,3,3,8,5,3
VAN ZANDT COUNTY,467,77 Years,417,214,203,398,206,192,8,3,5,5,1,4,6,4,2
VAN ZANDT COUNTY,467,78 Years,386,199,187,367,193,174,8,1,7,5,1,4,6,4,2
VAN ZANDT COUNTY,467,79 Years,345,162,183,324,153,171,12,5,7,3,1,2,6,3,3
VAN ZANDT COUNTY,467,80 Years,274,122,152,254,115,139,10,3,7,5,2,3,5,2,3
VAN ZANDT COUNTY,467,81 Years,284,123,161,268,117,151,10,3,7,3,1,2,3,2,1
VAN ZANDT COUNTY,467,82 Years,260,107,153,248,102,146,7,3,4,3,1,2,2,1,1
VAN ZANDT COUNTY,467,83 Years,231,98,133,218,95,123,6,1,5,2,0,2,5,2,3
VAN ZANDT COUNTY,467,84 Years,213,87,126,203,81,122,4,1,3,2,2,0,4,3,1
VAN ZANDT COUNTY,467,85 Years +,1102,386,716,1042,363,679,27,6,21,16,6,10,17,11,6
VICTORIA COUNTY,469,All Ages,89481,43770,45711,41156,19937,21219,5416,2616,2800,2188,1062,1126,40721,20155,20566
VICTORIA COUNTY,469,< 1 Year,1333,679,654,501,255,246,74,37,37,47,24,23,711,363,348
VICTORIA COUNTY,469,1 Years,1299,665,634,488,250,238,71,37,34,35,18,17,705,360,345
VICTORIA COUNTY,469,2 Years,1282,655,627,487,249,238,68,35,33,34,18,16,693,353,340
VICTORIA COUNTY,469,3 Years,1261,644,617,430,218,212,61,32,29,46,23,23,724,371,353
VICTORIA COUNTY,469,4 Years,1301,682,619,400,217,183,64,35,29,50,22,28,787,408,379
VICTORIA COUNTY,469,5 Years,1385,731,654,378,201,177,74,39,35,44,20,24,889,471,418
VICTORIA COUNTY,469,6 Years,1374,715,659,385,192,193,71,38,33,43,19,24,875,466,409
VICTORIA COUNTY,469,7 Years,1336,682,654,376,182,194,86,40,46,41,21,20,833,439,394
VICTORIA COUNTY,469,8 Years,1308,671,637,406,206,200,75,35,40,41,21,20,786,409,377
VICTORIA COUNTY,469,9 Years,1274,632,642,394,198,196,88,39,49,47,22,25,745,373,372
VICTORIA COUNTY,469,10 Years,1292,653,639,385,201,184,86,42,44,57,27,30,764,383,381
VICTORIA COUNTY,469,11 Years,1279,650,629,411,212,199,85,44,41,50,28,22,733,366,367
VICTORIA COUNTY,469,12 Years,1297,633,664,433,217,216,84,40,44,44,21,23,736,355,381
VICTORIA COUNTY,469,13 Years,1316,676,640,446,232,214,85,45,40,42,19,23,743,380,363
VICTORIA COUNTY,469,14 Years,1301,665,636,465,249,216,85,37,48,33,18,15,718,361,357
VICTORIA COUNTY,469,15 Years,1267,623,644,448,219,229,93,38,55,49,23,26,677,343,334
VICTORIA COUNTY,469,16 Years,1270,645,625,465,238,227,90,40,50,48,23,25,667,344,323
VICTORIA COUNTY,469,17 Years,1279,659,620,472,242,230,93,55,38,47,21,26,667,341,326
VICTORIA COUNTY,469,18 Years,1255,630,625,444,218,226,98,52,46,42,19,23,671,341,330
VICTORIA COUNTY,469,19 Years,1267,661,606,430,222,208,87,49,38,41,21,20,709,369,340
VICTORIA COUNTY,469,20 Years,1245,638,607,429,229,200,85,46,39,35,15,20,696,348,348
VICTORIA COUNTY,469,21 Years,1215,607,608,460,240,220,67,29,38,34,17,17,654,321,333
VICTORIA COUNTY,469,22 Years,1144,563,581,455,209,246,68,27,41,33,19,14,588,308,280
VICTORIA COUNTY,469,23 Years,1188,570,618,479,212,267,75,32,43,25,13,12,609,313,296
VICTORIA COUNTY,469,24 Years,1186,604,582,487,251,236,62,31,31,25,14,11,612,308,304
VICTORIA COUNTY,469,25 Years,1191,596,595,487,251,236,76,33,43,29,15,14,599,297,302
VICTORIA COUNTY,469,26 Years,1137,575,562,417,205,212,85,46,39,24,12,12,611,312,299
VICTORIA COUNTY,469,27 Years,1160,605,555,448,243,205,79,44,35,26,14,12,607,304,303
VICTORIA COUNTY,469,28 Years,1143,513,630,494,221,273,96,35,61,26,13,13,527,244,283
VICTORIA COUNTY,469,29 Years,1084,528,556,459,213,246,76,37,39,27,15,12,522,263,259
VICTORIA COUNTY,469,30 Years,1188,579,609,495,244,251,76,28,48,28,14,14,589,293,296
VICTORIA COUNTY,469,31 Years,1174,585,589,502,260,242,49,28,21,28,16,12,595,281,314
VICTORIA COUNTY,469,32 Years,1223,574,649,547,262,285,76,34,42,23,9,14,577,269,308
VICTORIA COUNTY,469,33 Years,1191,592,599,525,264,261,71,39,32,23,13,10,572,276,296
VICTORIA COUNTY,469,34 Years,1077,535,542,464,226,238,78,42,36,27,15,12,508,252,256
VICTORIA COUNTY,469,35 Years,999,492,507,422,200,222,71,38,33,14,8,6,492,246,246
VICTORIA COUNTY,469,36 Years,991,519,472,388,211,177,60,30,30,24,13,11,519,265,254
VICTORIA COUNTY,469,37 Years,1019,520,499,403,215,188,76,47,29,25,12,13,515,246,269
VICTORIA COUNTY,469,38 Years,995,502,493,420,221,199,60,36,24,27,8,19,488,237,251
VICTORIA COUNTY,469,39 Years,1011,494,517,429,218,211,60,35,25,42,14,28,480,227,253
VICTORIA COUNTY,469,40 Years,1043,505,538,476,230,246,60,37,23,28,11,17,479,227,252
VICTORIA COUNTY,469,41 Years,1058,525,533,477,230,247,63,37,26,21,8,13,497,250,247
VICTORIA COUNTY,469,42 Years,1034,505,529,469,224,245,60,34,26,21,8,13,484,239,245
VICTORIA COUNTY,469,43 Years,1049,522,527,491,243,248,55,32,23,10,5,5,493,242,251
VICTORIA COUNTY,469,44 Years,979,470,509,441,215,226,59,30,29,20,7,13,459,218,241
VICTORIA COUNTY,469,45 Years,926,439,487,424,207,217,55,27,28,14,6,8,433,199,234
VICTORIA COUNTY,469,46 Years,960,455,505,461,212,249,52,28,24,18,8,10,429,207,222
VICTORIA COUNTY,469,47 Years,1031,521,510,513,256,257,60,37,23,14,7,7,444,221,223
VICTORIA COUNTY,469,48 Years,1120,534,586,558,267,291,77,38,39,20,7,13,465,222,243
VICTORIA COUNTY,469,49 Years,1188,585,603,606,291,315,72,35,37,24,14,10,486,245,241
VICTORIA COUNTY,469,50 Years,1211,580,631,630,287,343,72,31,41,31,18,13,478,244,234
VICTORIA COUNTY,469,51 Years,1234,572,662,660,294,366,76,34,42,29,15,14,469,229,240
VICTORIA COUNTY,469,52 Years,1280,624,656,705,343,362,75,32,43,25,14,11,475,235,240
VICTORIA COUNTY,469,53 Years,1265,621,644,709,360,349,78,34,44,18,9,9,460,218,242
VICTORIA COUNTY,469,54 Years,1277,621,656,726,355,371,77,32,45,23,9,14,451,225,226
VICTORIA COUNTY,469,55 Years,1267,626,641,715,345,370,61,32,29,26,11,15,465,238,227
VICTORIA COUNTY,469,56 Years,1219,617,602,661,320,341,65,37,28,31,15,16,462,245,217
VICTORIA COUNTY,469,57 Years,1184,589,595,675,325,350,71,33,38,23,14,9,415,217,198
VICTORIA COUNTY,469,58 Years,1244,604,640,704,343,361,84,35,49,32,19,13,424,207,217
VICTORIA COUNTY,469,59 Years,1156,550,606,666,320,346,77,36,41,31,17,14,382,177,205
VICTORIA COUNTY,469,60 Years,1083,528,555,621,305,316,75,40,35,23,11,12,364,172,192
VICTORIA COUNTY,469,61 Years,1063,497,566,618,291,327,70,33,37,17,7,10,358,166,192
VICTORIA COUNTY,469,62 Years,1018,506,512,587,292,295,66,27,39,21,10,11,344,177,167
VICTORIA COUNTY,469,63 Years,1011,480,531,582,282,300,59,22,37,20,10,10,350,166,184
VICTORIA COUNTY,469,64 Years,986,465,521,572,265,307,64,27,37,19,7,12,331,166,165
VICTORIA COUNTY,469,65 Years,965,459,506,574,275,299,65,27,38,20,10,10,306,147,159
VICTORIA COUNTY,469,66 Years,940,434,506,572,270,302,49,19,30,23,12,11,296,133,163
VICTORIA COUNTY,469,67 Years,842,415,427,482,245,237,45,24,21,14,6,8,301,140,161
VICTORIA COUNTY,469,68 Years,757,365,392,442,217,225,39,20,19,14,6,8,262,122,140
VICTORIA COUNTY,469,69 Years,725,321,404,472,210,262,36,15,21,10,5,5,207,91,116
VICTORIA COUNTY,469,70 Years,693,332,361,446,222,224,39,18,21,8,4,4,200,88,112
VICTORIA COUNTY,469,71 Years,655,297,358,442,200,242,33,16,17,7,4,3,173,77,96
VICTORIA COUNTY,469,72 Years,599,269,330,405,186,219,23,10,13,8,5,3,163,68,95
VICTORIA COUNTY,469,73 Years,562,242,320,371,162,209,24,10,14,13,6,7,154,64,90
VICTORIA COUNTY,469,74 Years,550,243,307,347,155,192,30,12,18,11,6,5,162,70,92
VICTORIA COUNTY,469,75 Years,520,245,275,327,155,172,28,11,17,10,6,4,155,73,82
VICTORIA COUNTY,469,76 Years,481,208,273,314,139,175,21,10,11,7,2,5,139,57,82
VICTORIA COUNTY,469,77 Years,450,203,247,296,139,157,21,8,13,4,2,2,129,54,75
VICTORIA COUNTY,469,78 Years,474,210,264,318,133,185,19,6,13,6,2,4,131,69,62
VICTORIA COUNTY,469,79 Years,410,173,237,269,113,156,20,6,14,9,4,5,112,50,62
VICTORIA COUNTY,469,80 Years,409,175,234,279,122,157,20,8,12,4,3,1,106,42,64
VICTORIA COUNTY,469,81 Years,413,178,235,298,132,166,18,8,10,4,2,2,93,36,57
VICTORIA COUNTY,469,82 Years,355,150,205,255,106,149,19,7,12,3,0,3,78,37,41
VICTORIA COUNTY,469,83 Years,319,127,192,230,91,139,13,5,8,5,2,3,71,29,42
VICTORIA COUNTY,469,84 Years,279,121,158,204,90,114,12,4,8,5,2,3,58,25,33
VICTORIA COUNTY,469,85 Years +,1660,620,1040,1212,460,752,95,26,69,18,9,9,335,125,210
WALKER COUNTY,471,All Ages,69411,40803,28608,39969,22422,17547,15346,9892,5454,1986,1008,978,12110,7481,4629
WALKER COUNTY,471,< 1 Year,727,373,354,327,170,157,147,74,73,55,28,27,198,101,97
WALKER COUNTY,471,1 Years,740,377,363,327,167,160,153,78,75,52,26,26,208,106,102
WALKER COUNTY,471,2 Years,734,374,360,328,167,161,151,77,74,52,26,26,203,104,99
WALKER COUNTY,471,3 Years,705,369,336,315,161,154,153,76,77,44,22,22,193,110,83
WALKER COUNTY,471,4 Years,669,356,313,311,168,143,150,74,76,33,14,19,175,100,75
WALKER COUNTY,471,5 Years,640,334,306,299,158,141,129,64,65,41,24,17,171,88,83
WALKER COUNTY,471,6 Years,649,325,324,292,147,145,150,80,70,43,24,19,164,74,90
WALKER COUNTY,471,7 Years,646,340,306,283,155,128,149,73,76,50,27,23,164,85,79
WALKER COUNTY,471,8 Years,625,319,306,282,144,138,127,56,71,37,21,16,179,98,81
WALKER COUNTY,471,9 Years,579,289,290,256,125,131,126,57,69,29,17,12,168,90,78
WALKER COUNTY,471,10 Years,629,320,309,309,157,152,130,63,67,31,18,13,159,82,77
WALKER COUNTY,471,11 Years,582,301,281,287,142,145,105,55,50,37,20,17,153,84,69
WALKER COUNTY,471,12 Years,607,312,295,298,143,155,128,69,59,30,17,13,151,83,68
WALKER COUNTY,471,13 Years,609,310,299,281,133,148,142,85,57,26,10,16,160,82,78
WALKER COUNTY,471,14 Years,596,297,299,303,152,151,123,61,62,27,12,15,143,72,71
WALKER COUNTY,471,15 Years,607,314,293,312,165,147,137,66,71,26,12,14,132,71,61
WALKER COUNTY,471,16 Years,600,299,301,326,172,154,125,61,64,23,7,16,126,59,67
WALKER COUNTY,471,17 Years,688,359,329,330,158,172,180,114,66,28,9,19,150,78,72
WALKER COUNTY,471,18 Years,1221,583,638,595,282,313,328,146,182,23,12,11,275,143,132
WALKER COUNTY,471,19 Years,2042,958,1084,1093,517,576,443,195,248,52,23,29,454,223,231
WALKER COUNTY,471,20 Years,2050,1005,1045,1163,564,599,411,206,205,66,32,34,410,203,207
WALKER COUNTY,471,21 Years,2285,1214,1071,1353,706,647,421,207,214,86,52,34,425,249,176
WALKER COUNTY,471,22 Years,2357,1360,997,1460,837,623,440,246,194,86,37,49,371,240,131
WALKER COUNTY,471,23 Years,1918,1114,804,1112,639,473,368,213,155,63,32,31,375,230,145
WALKER COUNTY,471,24 Years,1627,920,707,885,493,392,373,220,153,61,28,33,308,179,129
WALKER COUNTY,471,25 Years,1277,715,562,668,361,307,293,176,117,46,29,17,270,149,121
WALKER COUNTY,471,26 Years,1204,721,483,661,383,278,280,181,99,41,24,17,222,133,89
WALKER COUNTY,471,27 Years,1076,713,363,545,333,212,246,183,63,42,29,13,243,168,75
WALKER COUNTY,471,28 Years,1071,717,354,546,344,202,241,170,71,38,22,16,246,181,65
WALKER COUNTY,471,29 Years,987,641,346,467,270,197,269,199,70,28,17,11,223,155,68
WALKER COUNTY,471,30 Years,970,654,316,476,278,198,247,191,56,34,20,14,213,165,48
WALKER COUNTY,471,31 Years,940,611,329,483,274,209,221,170,51,16,7,9,220,160,60
WALKER COUNTY,471,32 Years,902,639,263,446,290,156,235,183,52,21,12,9,200,154,46
WALKER COUNTY,471,33 Years,800,535,265,413,251,162,205,161,44,17,9,8,165,114,51
WALKER COUNTY,471,34 Years,878,611,267,430,283,147,231,170,61,13,6,7,204,152,52
WALKER COUNTY,471,35 Years,827,572,255,375,231,144,263,206,57,14,6,8,175,129,46
WALKER COUNTY,471,36 Years,890,606,284,416,257,159,248,197,51,19,9,10,207,143,64
WALKER COUNTY,471,37 Years,854,589,265,420,261,159,241,193,48,23,12,11,170,123,47
WALKER COUNTY,471,38 Years,811,563,248,406,259,147,218,166,52,22,11,11,165,127,38
WALKER COUNTY,471,39 Years,847,594,253,401,267,134,250,190,60,19,6,13,177,131,46
WALKER COUNTY,471,40 Years,913,663,250,454,319,135,254,201,53,14,5,9,191,138,53
WALKER COUNTY,471,41 Years,934,650,284,472,304,168,270,218,52,19,9,10,173,119,54
WALKER COUNTY,471,42 Years,1039,739,300,585,394,191,251,198,53,17,10,7,186,137,49
WALKER COUNTY,471,43 Years,962,676,286,529,362,167,238,182,56,19,11,8,176,121,55
WALKER COUNTY,471,44 Years,958,674,284,536,350,186,248,199,49,16,9,7,158,116,42
WALKER COUNTY,471,45 Years,900,639,261,500,336,164,233,180,53,10,3,7,157,120,37
WALKER COUNTY,471,46 Years,982,720,262,545,377,168,294,241,53,12,7,5,131,95,36
WALKER COUNTY,471,47 Years,969,655,314,526,349,177,269,199,70,15,7,8,159,100,59
WALKER COUNTY,471,48 Years,1039,726,313,579,391,188,290,220,70,14,5,9,156,110,46
WALKER COUNTY,471,49 Years,961,643,318,565,353,212,248,193,55,18,8,10,130,89,41
WALKER COUNTY,471,50 Years,998,670,328,565,347,218,277,218,59,19,11,8,137,94,43
WALKER COUNTY,471,51 Years,1005,683,322,577,366,211,287,221,66,17,11,6,124,85,39
WALKER COUNTY,471,52 Years,1041,689,352,622,388,234,283,214,69,16,11,5,120,76,44
WALKER COUNTY,471,53 Years,1037,669,368,638,392,246,259,190,69,16,7,9,124,80,44
WALKER COUNTY,471,54 Years,978,636,342,616,378,238,240,183,57,14,5,9,108,70,38
WALKER COUNTY,471,55 Years,829,529,300,515,310,205,205,147,58,12,5,7,97,67,30
WALKER COUNTY,471,56 Years,785,492,293,518,317,201,177,120,57,15,5,10,75,50,25
WALKER COUNTY,471,57 Years,768,467,301,503,288,215,170,118,52,17,7,10,78,54,24
WALKER COUNTY,471,58 Years,808,460,348,543,303,240,140,88,52,14,7,7,111,62,49
WALKER COUNTY,471,59 Years,754,416,338,508,268,240,136,80,56,15,7,8,95,61,34
WALKER COUNTY,471,60 Years,742,387,355,519,243,276,133,84,49,16,6,10,74,54,20
WALKER COUNTY,471,61 Years,694,374,320,484,254,230,139,80,59,15,5,10,56,35,21
WALKER COUNTY,471,62 Years,674,359,315,498,255,243,106,61,45,12,5,7,58,38,20
WALKER COUNTY,471,63 Years,747,419,328,526,289,237,117,70,47,13,8,5,91,52,39
WALKER COUNTY,471,64 Years,651,365,286,492,272,220,98,57,41,10,6,4,51,30,21
WALKER COUNTY,471,65 Years,599,332,267,462,243,219,86,54,32,9,4,5,42,31,11
WALKER COUNTY,471,66 Years,578,315,263,445,234,211,85,53,32,8,4,4,40,24,16
WALKER COUNTY,471,67 Years,493,243,250,372,182,190,72,35,37,11,4,7,38,22,16
WALKER COUNTY,471,68 Years,497,273,224,390,215,175,63,34,29,14,7,7,30,17,13
WALKER COUNTY,471,69 Years,451,234,217,356,178,178,66,39,27,7,5,2,22,12,10
WALKER COUNTY,471,70 Years,472,240,232,383,186,197,59,31,28,8,6,2,22,17,5
WALKER COUNTY,471,71 Years,439,222,217,354,176,178,68,36,32,6,3,3,11,7,4
WALKER COUNTY,471,72 Years,388,188,200,325,162,163,41,13,28,5,3,2,17,10,7
WALKER COUNTY,471,73 Years,396,216,180,313,173,140,56,30,26,6,3,3,21,10,11
WALKER COUNTY,471,74 Years,345,184,161,284,158,126,44,17,27,2,1,1,15,8,7
WALKER COUNTY,471,75 Years,315,161,154,259,132,127,42,23,19,1,1,0,13,5,8
WALKER COUNTY,471,76 Years,286,140,146,235,121,114,36,14,22,2,1,1,13,4,9
WALKER COUNTY,471,77 Years,268,144,124,223,125,98,34,14,20,2,2,0,9,3,6
WALKER COUNTY,471,78 Years,266,119,147,215,100,115,40,12,28,3,1,2,8,6,2
WALKER COUNTY,471,79 Years,235,111,124,192,94,98,33,12,21,1,0,1,9,5,4
WALKER COUNTY,471,80 Years,196,92,104,169,81,88,19,6,13,1,1,0,7,4,3
WALKER COUNTY,471,81 Years,190,75,115,159,65,94,18,6,12,2,0,2,11,4,7
WALKER COUNTY,471,82 Years,194,76,118,164,67,97,17,4,13,4,2,2,9,3,6
WALKER COUNTY,471,83 Years,180,74,106,148,59,89,20,8,12,6,4,2,6,3,3
WALKER COUNTY,471,84 Years,163,65,98,140,58,82,16,5,11,2,1,1,5,1,4
WALKER COUNTY,471,85 Years +,826,296,530,686,244,442,92,32,60,17,6,11,31,14,17
WALLER COUNTY,473,All Ages,45277,22380,22897,19555,9564,9991,10582,4789,5793,928,460,468,14212,7567,6645
WALLER COUNTY,473,< 1 Year,610,309,301,193,97,96,141,72,69,20,11,9,256,129,127
WALLER COUNTY,473,1 Years,612,311,301,192,98,94,161,82,79,17,8,9,242,123,119
WALLER COUNTY,473,2 Years,599,306,293,191,98,93,157,80,77,17,9,8,234,119,115
WALLER COUNTY,473,3 Years,610,322,288,179,95,84,130,67,63,13,6,7,288,154,134
WALLER COUNTY,473,4 Years,619,318,301,184,96,88,119,57,62,18,7,11,298,158,140
WALLER COUNTY,473,5 Years,641,330,311,177,92,85,127,55,72,12,7,5,325,176,149
WALLER COUNTY,473,6 Years,642,320,322,207,94,113,94,46,48,14,10,4,327,170,157
WALLER COUNTY,473,7 Years,609,301,308,201,100,101,94,44,50,12,6,6,302,151,151
WALLER COUNTY,473,8 Years,593,296,297,193,95,98,86,35,51,15,9,6,299,157,142
WALLER COUNTY,473,9 Years,576,279,297,183,79,104,83,38,45,16,7,9,294,155,139
WALLER COUNTY,473,10 Years,597,291,306,191,88,103,96,44,52,13,4,9,297,155,142
WALLER COUNTY,473,11 Years,593,308,285,189,98,91,96,45,51,13,5,8,295,160,135
WALLER COUNTY,473,12 Years,643,342,301,230,117,113,106,51,55,16,10,6,291,164,127
WALLER COUNTY,473,13 Years,618,304,314,220,100,120,95,50,45,15,9,6,288,145,143
WALLER COUNTY,473,14 Years,603,303,300,211,109,102,98,44,54,15,8,7,279,142,137
WALLER COUNTY,473,15 Years,616,321,295,221,115,106,88,42,46,19,8,11,288,156,132
WALLER COUNTY,473,16 Years,637,347,290,243,128,115,93,53,40,33,17,16,268,149,119
WALLER COUNTY,473,17 Years,634,304,330,256,118,138,116,48,68,22,9,13,240,129,111
WALLER COUNTY,473,18 Years,1226,548,678,255,125,130,667,273,394,24,7,17,280,143,137
WALLER COUNTY,473,19 Years,1650,752,898,212,116,96,1121,475,646,24,11,13,293,150,143
WALLER COUNTY,473,20 Years,1321,603,718,187,102,85,838,354,484,19,8,11,277,139,138
WALLER COUNTY,473,21 Years,1194,570,624,186,99,87,691,307,384,30,15,15,287,149,138
WALLER COUNTY,473,22 Years,990,473,517,189,99,90,508,226,282,25,13,12,268,135,133
WALLER COUNTY,473,23 Years,853,435,418,193,92,101,377,195,182,26,14,12,257,134,123
WALLER COUNTY,473,24 Years,748,427,321,217,114,103,277,171,106,18,12,6,236,130,106
WALLER COUNTY,473,25 Years,514,288,226,151,69,82,140,88,52,11,6,5,212,125,87
WALLER COUNTY,473,26 Years,493,251,242,151,67,84,116,53,63,10,6,4,216,125,91
WALLER COUNTY,473,27 Years,460,246,214,146,73,73,108,60,48,12,7,5,194,106,88
WALLER COUNTY,473,28 Years,445,225,220,138,73,65,89,35,54,10,6,4,208,111,97
WALLER COUNTY,473,29 Years,482,256,226,153,81,72,97,49,48,9,5,4,223,121,102
WALLER COUNTY,473,30 Years,473,250,223,152,81,71,82,37,45,8,3,5,231,129,102
WALLER COUNTY,473,31 Years,494,262,232,155,71,84,92,53,39,8,6,2,239,132,107
WALLER COUNTY,473,32 Years,498,251,247,171,79,92,89,46,43,7,5,2,231,121,110
WALLER COUNTY,473,33 Years,491,255,236,187,91,96,75,40,35,7,3,4,222,121,101
WALLER COUNTY,473,34 Years,462,222,240,197,86,111,62,25,37,3,1,2,200,110,90
WALLER COUNTY,473,35 Years,457,228,229,193,98,95,54,19,35,3,2,1,207,109,98
WALLER COUNTY,473,36 Years,455,240,215,182,100,82,61,27,34,2,1,1,210,112,98
WALLER COUNTY,473,37 Years,447,246,201,174,96,78,63,29,34,5,3,2,205,118,87
WALLER COUNTY,473,38 Years,517,264,253,210,106,104,78,29,49,8,4,4,221,125,96
WALLER COUNTY,473,39 Years,521,248,273,226,110,116,78,29,49,7,5,2,210,104,106
WALLER COUNTY,473,40 Years,477,217,260,207,97,110,80,29,51,5,1,4,185,90,95
WALLER COUNTY,473,41 Years,498,227,271,236,105,131,55,23,32,8,3,5,199,96,103
WALLER COUNTY,473,42 Years,520,256,264,268,130,138,55,25,30,5,2,3,192,99,93
WALLER COUNTY,473,43 Years,540,274,266,262,128,134,65,30,35,10,3,7,203,113,90
WALLER COUNTY,473,44 Years,559,286,273,290,138,152,64,33,31,13,8,5,192,107,85
WALLER COUNTY,473,45 Years,530,271,259,266,135,131,75,38,37,12,5,7,177,93,84
WALLER COUNTY,473,46 Years,519,236,283,271,114,157,80,37,43,9,4,5,159,81,78
WALLER COUNTY,473,47 Years,546,266,280,289,140,149,86,33,53,9,3,6,162,90,72
WALLER COUNTY,473,48 Years,583,290,293,309,152,157,89,36,53,12,4,8,173,98,75
WALLER COUNTY,473,49 Years,618,303,315,341,163,178,92,38,54,12,5,7,173,97,76
WALLER COUNTY,473,50 Years,616,310,306,348,162,186,88,44,44,10,7,3,170,97,73
WALLER COUNTY,473,51 Years,578,277,301,330,147,183,90,42,48,11,5,6,147,83,64
WALLER COUNTY,473,52 Years,607,296,311,362,176,186,95,43,52,14,5,9,136,72,64
WALLER COUNTY,473,53 Years,615,299,316,377,175,202,101,49,52,12,7,5,125,68,57
WALLER COUNTY,473,54 Years,613,312,301,382,190,192,100,46,54,12,7,5,119,69,50
WALLER COUNTY,473,55 Years,596,313,283,390,198,192,74,33,41,8,5,3,124,77,47
WALLER COUNTY,473,56 Years,543,275,268,349,177,172,79,32,47,7,6,1,108,60,48
WALLER COUNTY,473,57 Years,537,279,258,341,175,166,85,45,40,6,5,1,105,54,51
WALLER COUNTY,473,58 Years,581,296,285,385,194,191,82,41,41,8,5,3,106,56,50
WALLER COUNTY,473,59 Years,559,261,298,374,171,203,83,36,47,13,7,6,89,47,42
WALLER COUNTY,473,60 Years,548,269,279,372,182,190,74,32,42,10,6,4,92,49,43
WALLER COUNTY,473,61 Years,534,260,274,356,173,183,87,38,49,12,6,6,79,43,36
WALLER COUNTY,473,62 Years,473,234,239,322,161,161,75,28,47,9,5,4,67,40,27
WALLER COUNTY,473,63 Years,453,204,249,317,144,173,68,24,44,8,4,4,60,32,28
WALLER COUNTY,473,64 Years,474,224,250,332,162,170,68,25,43,10,3,7,64,34,30
WALLER COUNTY,473,65 Years,469,235,234,341,178,163,58,23,35,8,2,6,62,32,30
WALLER COUNTY,473,66 Years,425,209,216,300,152,148,56,24,32,10,3,7,59,30,29
WALLER COUNTY,473,67 Years,391,188,203,267,133,134,53,22,31,11,3,8,60,30,30
WALLER COUNTY,473,68 Years,371,182,189,267,132,135,53,23,30,5,3,2,46,24,22
WALLER COUNTY,473,69 Years,366,180,186,268,137,131,47,20,27,8,4,4,43,19,24
WALLER COUNTY,473,70 Years,324,166,158,241,126,115,39,14,25,8,4,4,36,22,14
WALLER COUNTY,473,71 Years,301,154,147,229,120,109,39,16,23,6,4,2,27,14,13
WALLER COUNTY,473,72 Years,268,133,135,195,99,96,38,16,22,7,4,3,28,14,14
WALLER COUNTY,473,73 Years,227,109,118,154,75,79,44,20,24,6,3,3,23,11,12
WALLER COUNTY,473,74 Years,210,94,116,146,62,84,35,17,18,5,2,3,24,13,11
WALLER COUNTY,473,75 Years,209,103,106,152,76,76,35,14,21,1,1,0,21,12,9
WALLER COUNTY,473,76 Years,180,90,90,124,64,60,37,14,23,2,2,0,17,10,7
WALLER COUNTY,473,77 Years,176,75,101,123,55,68,35,11,24,2,1,1,16,8,8
WALLER COUNTY,473,78 Years,153,59,94,105,46,59,33,8,25,1,0,1,14,5,9
WALLER COUNTY,473,79 Years,123,52,71,81,39,42,28,8,20,1,0,1,13,5,8
WALLER COUNTY,473,80 Years,135,64,71,88,41,47,33,16,17,2,1,1,12,6,6
WALLER COUNTY,473,81 Years,141,69,72,92,46,46,36,16,20,3,2,1,10,5,5
WALLER COUNTY,473,82 Years,123,52,71,82,36,46,25,9,16,4,2,2,12,5,7
WALLER COUNTY,473,83 Years,113,43,70,73,28,45,26,10,16,2,0,2,12,5,7
WALLER COUNTY,473,84 Years,92,40,52,65,29,36,20,9,11,2,0,2,5,2,3
WALLER COUNTY,473,85 Years +,520,196,324,400,156,244,79,26,53,13,5,8,28,9,19
WARD COUNTY,475,All Ages,11319,5510,5809,5097,2434,2663,505,258,247,209,102,107,5508,2716,2792
WARD COUNTY,475,< 1 Year,182,97,85,68,36,32,7,4,3,6,3,3,101,54,47
WARD COUNTY,475,1 Years,171,88,83,66,34,32,6,3,3,4,2,2,95,49,46
WARD COUNTY,475,2 Years,165,85,80,65,33,32,5,3,2,4,2,2,91,47,44
WARD COUNTY,475,3 Years,155,77,78,56,26,30,13,5,8,3,1,2,83,45,38
WARD COUNTY,475,4 Years,169,88,81,48,22,26,12,5,7,3,1,2,106,60,46
WARD COUNTY,475,5 Years,173,90,83,48,27,21,8,4,4,4,2,2,113,57,56
WARD COUNTY,475,6 Years,163,75,88,57,29,28,11,4,7,3,1,2,92,41,51
WARD COUNTY,475,7 Years,172,72,100,65,31,34,8,3,5,3,1,2,96,37,59
WARD COUNTY,475,8 Years,176,76,100,60,29,31,9,3,6,1,0,1,106,44,62
WARD COUNTY,475,9 Years,174,84,90,57,28,29,9,4,5,7,2,5,101,50,51
WARD COUNTY,475,10 Years,171,80,91,53,28,25,5,4,1,5,1,4,108,47,61
WARD COUNTY,475,11 Years,161,75,86,45,21,24,10,5,5,7,3,4,99,46,53
WARD COUNTY,475,12 Years,160,87,73,39,19,20,9,5,4,5,3,2,107,60,47
WARD COUNTY,475,13 Years,162,81,81,56,29,27,10,3,7,5,2,3,91,47,44
WARD COUNTY,475,14 Years,152,68,84,56,24,32,10,3,7,4,2,2,82,39,43
WARD COUNTY,475,15 Years,157,82,75,47,22,25,10,3,7,3,2,1,97,55,42
WARD COUNTY,475,16 Years,173,89,84,63,32,31,10,4,6,4,3,1,96,50,46
WARD COUNTY,475,17 Years,171,88,83,59,26,33,9,5,4,6,6,0,97,51,46
WARD COUNTY,475,18 Years,160,81,79,58,29,29,10,5,5,3,2,1,89,45,44
WARD COUNTY,475,19 Years,155,74,81,54,28,26,8,4,4,3,2,1,90,40,50
WARD COUNTY,475,20 Years,168,87,81,53,29,24,8,5,3,4,1,3,103,52,51
WARD COUNTY,475,21 Years,164,82,82,64,29,35,6,4,2,1,0,1,93,49,44
WARD COUNTY,475,22 Years,117,58,59,46,24,22,5,1,4,1,0,1,65,33,32
WARD COUNTY,475,23 Years,140,76,64,49,33,16,7,2,5,4,2,2,80,39,41
WARD COUNTY,475,24 Years,160,83,77,59,30,29,8,5,3,4,2,2,89,46,43
WARD COUNTY,475,25 Years,131,62,69,51,19,32,6,4,2,4,3,1,70,36,34
WARD COUNTY,475,26 Years,122,63,59,51,23,28,7,5,2,5,2,3,59,33,26
WARD COUNTY,475,27 Years,123,59,64,49,24,25,6,2,4,4,2,2,64,31,33
WARD COUNTY,475,28 Years,127,64,63,53,28,25,11,6,5,5,4,1,58,26,32
WARD COUNTY,475,29 Years,129,66,63,49,22,27,6,4,2,4,2,2,70,38,32
WARD COUNTY,475,30 Years,140,66,74,62,25,37,3,3,0,3,0,3,72,38,34
WARD COUNTY,475,31 Years,144,72,72,63,31,32,2,1,1,2,0,2,77,40,37
WARD COUNTY,475,32 Years,155,76,79,60,30,30,8,2,6,5,3,2,82,41,41
WARD COUNTY,475,33 Years,146,72,74,50,24,26,11,5,6,3,1,2,82,42,40
WARD COUNTY,475,34 Years,125,71,54,50,26,24,5,4,1,2,1,1,68,40,28
WARD COUNTY,475,35 Years,109,56,53,53,23,30,3,2,1,1,1,0,52,30,22
WARD COUNTY,475,36 Years,116,61,55,56,30,26,3,3,0,2,1,1,55,27,28
WARD COUNTY,475,37 Years,131,59,72,55,25,30,3,2,1,1,0,1,72,32,40
WARD COUNTY,475,38 Years,120,55,65,48,17,31,4,2,2,3,0,3,65,36,29
WARD COUNTY,475,39 Years,106,47,59,45,19,26,4,2,2,1,1,0,56,25,31
WARD COUNTY,475,40 Years,126,51,75,48,22,26,4,1,3,3,2,1,71,26,45
WARD COUNTY,475,41 Years,114,53,61,51,24,27,3,1,2,2,2,0,58,26,32
WARD COUNTY,475,42 Years,131,70,61,66,36,30,6,5,1,2,1,1,57,28,29
WARD COUNTY,475,43 Years,122,64,58,56,31,25,4,3,1,3,2,1,59,28,31
WARD COUNTY,475,44 Years,118,55,63,58,25,33,2,1,1,2,2,0,56,27,29
WARD COUNTY,475,45 Years,128,63,65,60,30,30,5,4,1,1,1,0,62,28,34
WARD COUNTY,475,46 Years,127,69,58,66,37,29,7,4,3,1,1,0,53,27,26
WARD COUNTY,475,47 Years,146,78,68,75,37,38,6,4,2,3,3,0,62,34,28
WARD COUNTY,475,48 Years,156,81,75,75,39,36,8,5,3,3,3,0,70,34,36
WARD COUNTY,475,49 Years,148,64,84,66,28,38,7,4,3,3,2,1,72,30,42
WARD COUNTY,475,50 Years,162,77,85,80,38,42,7,3,4,1,0,1,74,36,38
WARD COUNTY,475,51 Years,152,72,80,82,35,47,9,4,5,1,1,0,60,32,28
WARD COUNTY,475,52 Years,163,86,77,84,46,38,6,3,3,4,1,3,69,36,33
WARD COUNTY,475,53 Years,159,76,83,84,43,41,5,2,3,1,0,1,69,31,38
WARD COUNTY,475,54 Years,166,83,83,87,41,46,8,6,2,0,0,0,71,36,35
WARD COUNTY,475,55 Years,156,79,77,75,38,37,10,7,3,3,1,2,68,33,35
WARD COUNTY,475,56 Years,149,77,72,83,41,42,4,3,1,5,3,2,57,30,27
WARD COUNTY,475,57 Years,157,75,82,92,45,47,7,4,3,3,1,2,55,25,30
WARD COUNTY,475,58 Years,166,82,84,97,47,50,7,4,3,2,0,2,60,31,29
WARD COUNTY,475,59 Years,135,71,64,87,45,42,8,3,5,1,1,0,39,22,17
WARD COUNTY,475,60 Years,130,58,72,77,36,41,5,2,3,2,1,1,46,19,27
WARD COUNTY,475,61 Years,127,68,59,68,36,32,9,6,3,1,0,1,49,26,23
WARD COUNTY,475,62 Years,130,56,74,63,24,39,5,2,3,2,2,0,60,28,32
WARD COUNTY,475,63 Years,133,63,70,75,37,38,3,1,2,2,0,2,53,25,28
WARD COUNTY,475,64 Years,130,67,63,69,38,31,1,1,0,2,0,2,58,28,30
WARD COUNTY,475,65 Years,131,60,71,75,37,38,6,3,3,0,0,0,50,20,30
WARD COUNTY,475,66 Years,121,61,60,71,39,32,6,3,3,0,0,0,44,19,25
WARD COUNTY,475,67 Years,94,44,50,52,28,24,2,0,2,2,0,2,38,16,22
WARD COUNTY,475,68 Years,97,48,49,56,30,26,3,0,3,4,1,3,34,17,17
WARD COUNTY,475,69 Years,104,50,54,55,27,28,3,2,1,3,1,2,43,20,23
WARD COUNTY,475,70 Years,91,44,47,53,25,28,5,3,2,0,0,0,33,16,17
WARD COUNTY,475,71 Years,86,40,46,49,21,28,5,2,3,1,1,0,31,16,15
WARD COUNTY,475,72 Years,74,32,42,40,15,25,3,1,2,2,1,1,29,15,14
WARD COUNTY,475,73 Years,74,33,41,42,16,26,2,1,1,1,0,1,29,16,13
WARD COUNTY,475,74 Years,74,31,43,46,15,31,1,0,1,1,1,0,26,15,11
WARD COUNTY,475,75 Years,66,31,35,39,15,24,3,2,1,0,0,0,24,14,10
WARD COUNTY,475,76 Years,66,25,41,39,14,25,2,1,1,0,0,0,25,10,15
WARD COUNTY,475,77 Years,75,33,42,51,21,30,2,2,0,0,0,0,22,10,12
WARD COUNTY,475,78 Years,70,34,36,45,22,23,1,1,0,0,0,0,24,11,13
WARD COUNTY,475,79 Years,63,30,33,38,18,20,2,1,1,0,0,0,23,11,12
WARD COUNTY,475,80 Years,59,25,34,35,15,20,3,2,1,0,0,0,21,8,13
WARD COUNTY,475,81 Years,61,24,37,39,15,24,2,1,1,0,0,0,20,8,12
WARD COUNTY,475,82 Years,59,27,32,39,18,21,2,1,1,0,0,0,18,8,10
WARD COUNTY,475,83 Years,55,24,31,36,14,22,2,2,0,0,0,0,17,8,9
WARD COUNTY,475,84 Years,46,17,29,29,10,19,2,1,1,0,0,0,15,6,9
WARD COUNTY,475,85 Years +,227,87,140,158,56,102,7,3,4,0,0,0,62,28,34
WASHINGTON COUNTY,477,All Ages,34459,17089,17370,22265,10872,11393,6107,3011,3096,875,419,456,5212,2787,2425
WASHINGTON COUNTY,477,< 1 Year,422,215,207,195,99,96,102,53,49,19,10,9,106,53,53
WASHINGTON COUNTY,477,1 Years,420,216,204,198,101,97,103,53,50,14,8,6,105,54,51
WASHINGTON COUNTY,477,2 Years,406,209,197,201,103,98,92,48,44,13,7,6,100,51,49
WASHINGTON COUNTY,477,3 Years,394,200,194,195,99,96,76,44,32,13,5,8,110,52,58
WASHINGTON COUNTY,477,4 Years,417,215,202,195,99,96,89,52,37,18,7,11,115,57,58
WASHINGTON COUNTY,477,5 Years,415,204,211,195,91,104,92,49,43,18,9,9,110,55,55
WASHINGTON COUNTY,477,6 Years,386,195,191,181,92,89,77,37,40,17,7,10,111,59,52
WASHINGTON COUNTY,477,7 Years,392,199,193,191,101,90,83,39,44,14,7,7,104,52,52
WASHINGTON COUNTY,477,8 Years,409,230,179,204,117,87,86,48,38,13,5,8,106,60,46
WASHINGTON COUNTY,477,9 Years,403,226,177,202,107,95,74,48,26,13,3,10,114,68,46
WASHINGTON COUNTY,477,10 Years,423,249,174,203,116,87,88,53,35,17,9,8,115,71,44
WASHINGTON COUNTY,477,11 Years,403,237,166,195,114,81,82,49,33,12,4,8,114,70,44
WASHINGTON COUNTY,477,12 Years,430,233,197,207,109,98,78,49,29,13,6,7,132,69,63
WASHINGTON COUNTY,477,13 Years,430,239,191,217,122,95,80,46,34,17,11,6,116,60,56
WASHINGTON COUNTY,477,14 Years,418,211,207,226,117,109,71,36,35,16,8,8,105,50,55
WASHINGTON COUNTY,477,15 Years,428,222,206,244,120,124,73,44,29,18,8,10,93,50,43
WASHINGTON COUNTY,477,16 Years,418,213,205,235,114,121,78,42,36,18,11,7,87,46,41
WASHINGTON COUNTY,477,17 Years,416,202,214,234,117,117,82,39,43,15,7,8,85,39,46
WASHINGTON COUNTY,477,18 Years,412,198,214,233,118,115,78,37,41,12,6,6,89,37,52
WASHINGTON COUNTY,477,19 Years,420,216,204,220,113,107,100,55,45,9,5,4,91,43,48
WASHINGTON COUNTY,477,20 Years,439,228,211,210,104,106,127,68,59,11,6,5,91,50,41
WASHINGTON COUNTY,477,21 Years,595,300,295,276,128,148,190,101,89,20,11,9,109,60,49
WASHINGTON COUNTY,477,22 Years,826,414,412,413,201,212,251,131,120,25,11,14,137,71,66
WASHINGTON COUNTY,477,23 Years,687,372,315,343,177,166,201,115,86,19,9,10,124,71,53
WASHINGTON COUNTY,477,24 Years,458,261,197,239,132,107,117,67,50,12,8,4,90,54,36
WASHINGTON COUNTY,477,25 Years,408,224,184,197,106,91,111,59,52,14,6,8,86,53,33
WASHINGTON COUNTY,477,26 Years,379,200,179,190,99,91,81,38,43,11,3,8,97,60,37
WASHINGTON COUNTY,477,27 Years,360,195,165,184,96,88,76,38,38,6,3,3,94,58,36
WASHINGTON COUNTY,477,28 Years,351,192,159,179,100,79,70,31,39,9,5,4,93,56,37
WASHINGTON COUNTY,477,29 Years,336,165,171,186,95,91,65,26,39,14,6,8,71,38,33
WASHINGTON COUNTY,477,30 Years,339,165,174,188,95,93,59,26,33,15,9,6,77,35,42
WASHINGTON COUNTY,477,31 Years,337,155,182,180,86,94,61,21,40,7,4,3,89,44,45
WASHINGTON COUNTY,477,32 Years,332,153,179,177,87,90,58,17,41,11,5,6,86,44,42
WASHINGTON COUNTY,477,33 Years,336,185,151,188,108,80,59,30,29,7,2,5,82,45,37
WASHINGTON COUNTY,477,34 Years,336,167,169,191,96,95,52,23,29,13,9,4,80,39,41
WASHINGTON COUNTY,477,35 Years,357,177,180,204,99,105,54,25,29,11,4,7,88,49,39
WASHINGTON COUNTY,477,36 Years,333,155,178,190,91,99,59,23,36,6,2,4,78,39,39
WASHINGTON COUNTY,477,37 Years,327,153,174,185,87,98,53,23,30,7,2,5,82,41,41
WASHINGTON COUNTY,477,38 Years,322,151,171,187,86,101,47,20,27,10,5,5,78,40,38
WASHINGTON COUNTY,477,39 Years,321,162,159,182,87,95,58,28,30,11,6,5,70,41,29
WASHINGTON COUNTY,477,40 Years,344,173,171,205,103,102,62,24,38,8,4,4,69,42,27
WASHINGTON COUNTY,477,41 Years,369,190,179,221,111,110,64,31,33,9,4,5,75,44,31
WASHINGTON COUNTY,477,42 Years,375,192,183,237,116,121,58,30,28,10,6,4,70,40,30
WASHINGTON COUNTY,477,43 Years,411,194,217,254,118,136,74,29,45,14,9,5,69,38,31
WASHINGTON COUNTY,477,44 Years,402,195,207,265,125,140,64,30,34,11,6,5,62,34,28
WASHINGTON COUNTY,477,45 Years,369,178,191,234,116,118,63,24,39,13,6,7,59,32,27
WASHINGTON COUNTY,477,46 Years,371,192,179,254,134,120,54,24,30,10,4,6,53,30,23
WASHINGTON COUNTY,477,47 Years,411,211,200,289,145,144,67,37,30,12,6,6,43,23,20
WASHINGTON COUNTY,477,48 Years,434,214,220,308,145,163,71,37,34,9,5,4,46,27,19
WASHINGTON COUNTY,477,49 Years,481,241,240,337,169,168,87,44,43,8,4,4,49,24,25
WASHINGTON COUNTY,477,50 Years,484,257,227,345,182,163,79,40,39,11,6,5,49,29,20
WASHINGTON COUNTY,477,51 Years,463,239,224,329,170,159,80,40,40,9,4,5,45,25,20
WASHINGTON COUNTY,477,52 Years,499,245,254,356,175,181,89,43,46,12,4,8,42,23,19
WASHINGTON COUNTY,477,53 Years,508,250,258,355,169,186,100,54,46,9,3,6,44,24,20
WASHINGTON COUNTY,477,54 Years,484,242,242,348,170,178,96,46,50,8,5,3,32,21,11
WASHINGTON COUNTY,477,55 Years,492,242,250,373,185,188,73,32,41,11,5,6,35,20,15
WASHINGTON COUNTY,477,56 Years,509,252,257,361,174,187,95,49,46,13,8,5,40,21,19
WASHINGTON COUNTY,477,57 Years,484,249,235,344,174,170,91,50,41,9,4,5,40,21,19
WASHINGTON COUNTY,477,58 Years,523,252,271,390,188,202,85,41,44,14,8,6,34,15,19
WASHINGTON COUNTY,477,59 Years,505,246,259,392,189,203,66,35,31,13,5,8,34,17,17
WASHINGTON COUNTY,477,60 Years,487,237,250,385,188,197,62,31,31,6,2,4,34,16,18
WASHINGTON COUNTY,477,61 Years,490,240,250,389,196,193,67,30,37,6,2,4,28,12,16
WASHINGTON COUNTY,477,62 Years,462,219,243,373,178,195,61,27,34,8,3,5,20,11,9
WASHINGTON COUNTY,477,63 Years,459,218,241,361,174,187,67,27,40,13,4,9,18,13,5
WASHINGTON COUNTY,477,64 Years,426,209,217,335,165,170,58,28,30,10,4,6,23,12,11
WASHINGTON COUNTY,477,65 Years,444,213,231,361,179,182,59,23,36,9,3,6,15,8,7
WASHINGTON COUNTY,477,66 Years,459,221,238,375,186,189,53,21,32,8,3,5,23,11,12
WASHINGTON COUNTY,477,67 Years,385,191,194,312,153,159,50,26,24,5,3,2,18,9,9
WASHINGTON COUNTY,477,68 Years,362,184,178,291,149,142,52,22,30,4,4,0,15,9,6
WASHINGTON COUNTY,477,69 Years,384,193,191,315,160,155,47,22,25,4,2,2,18,9,9
WASHINGTON COUNTY,477,70 Years,361,192,169,310,163,147,37,20,17,5,4,1,9,5,4
WASHINGTON COUNTY,477,71 Years,333,155,178,282,132,150,40,17,23,7,4,3,4,2,2
WASHINGTON COUNTY,477,72 Years,322,149,173,276,129,147,34,15,19,4,1,3,8,4,4
WASHINGTON COUNTY,477,73 Years,281,125,156,229,104,125,41,15,26,4,2,2,7,4,3
WASHINGTON COUNTY,477,74 Years,287,127,160,241,109,132,36,12,24,3,2,1,7,4,3
WASHINGTON COUNTY,477,75 Years,265,124,141,224,102,122,30,15,15,3,2,1,8,5,3
WASHINGTON COUNTY,477,76 Years,243,111,132,209,97,112,26,11,15,3,1,2,5,2,3
WASHINGTON COUNTY,477,77 Years,232,97,135,198,86,112,26,8,18,2,1,1,6,2,4
WASHINGTON COUNTY,477,78 Years,221,93,128,194,85,109,23,7,16,0,0,0,4,1,3
WASHINGTON COUNTY,477,79 Years,202,92,110,178,82,96,18,7,11,3,3,0,3,0,3
WASHINGTON COUNTY,477,80 Years,201,87,114,178,78,100,16,6,10,3,1,2,4,2,2
WASHINGTON COUNTY,477,81 Years,184,76,108,164,68,96,15,7,8,0,0,0,5,1,4
WASHINGTON COUNTY,477,82 Years,195,82,113,172,73,99,15,5,10,2,2,0,6,2,4
WASHINGTON COUNTY,477,83 Years,197,81,116,171,73,98,19,5,14,3,0,3,4,3,1
WASHINGTON COUNTY,477,84 Years,161,69,92,143,63,80,15,5,10,1,0,1,2,1,1
WASHINGTON COUNTY,477,85 Years +,1057,347,710,942,313,629,89,28,61,8,1,7,18,5,13
WEBB COUNTY,479,All Ages,266443,130025,136418,8386,4650,3736,507,342,165,2039,1027,1012,255511,124006,131505
WEBB COUNTY,479,< 1 Year,5395,2768,2627,94,49,45,5,3,2,32,17,15,5264,2699,2565
WEBB COUNTY,479,1 Years,5266,2684,2582,106,55,51,6,3,3,27,13,14,5127,2613,2514
WEBB COUNTY,479,2 Years,5143,2620,2523,105,54,51,6,3,3,28,14,14,5004,2549,2455
WEBB COUNTY,479,3 Years,4854,2425,2429,132,69,63,5,4,1,27,12,15,4690,2340,2350
WEBB COUNTY,479,4 Years,4718,2378,2340,140,73,67,5,4,1,33,15,18,4540,2286,2254
WEBB COUNTY,479,5 Years,4836,2451,2385,136,69,67,8,4,4,32,17,15,4660,2361,2299
WEBB COUNTY,479,6 Years,4847,2457,2390,132,62,70,12,9,3,24,13,11,4679,2373,2306
WEBB COUNTY,479,7 Years,4744,2393,2351,125,70,55,6,5,1,30,17,13,4583,2301,2282
WEBB COUNTY,479,8 Years,4895,2541,2354,127,69,58,10,5,5,27,16,11,4731,2451,2280
WEBB COUNTY,479,9 Years,4960,2615,2345,120,69,51,9,7,2,27,12,15,4804,2527,2277
WEBB COUNTY,479,10 Years,4981,2590,2391,114,62,52,8,6,2,28,15,13,4831,2507,2324
WEBB COUNTY,479,11 Years,5205,2691,2514,115,57,58,5,2,3,29,14,15,5056,2618,2438
WEBB COUNTY,479,12 Years,5280,2713,2567,98,51,47,11,6,5,32,16,16,5139,2640,2499
WEBB COUNTY,479,13 Years,5163,2665,2498,105,61,44,9,7,2,31,19,12,5018,2578,2440
WEBB COUNTY,479,14 Years,5036,2572,2464,107,59,48,7,5,2,33,20,13,4889,2488,2401
WEBB COUNTY,479,15 Years,4910,2536,2374,109,55,54,4,2,2,24,13,11,4773,2466,2307
WEBB COUNTY,479,16 Years,4911,2538,2373,105,57,48,6,2,4,20,11,9,4780,2468,2312
WEBB COUNTY,479,17 Years,4908,2523,2385,109,55,54,9,7,2,16,9,7,4774,2452,2322
WEBB COUNTY,479,18 Years,4924,2525,2399,98,42,56,8,5,3,24,10,14,4794,2468,2326
WEBB COUNTY,479,19 Years,4870,2497,2373,99,44,55,6,3,3,32,16,16,4733,2434,2299
WEBB COUNTY,479,20 Years,4739,2402,2337,85,44,41,7,2,5,29,19,10,4618,2337,2281
WEBB COUNTY,479,21 Years,4655,2336,2319,95,49,46,9,5,4,28,17,11,4523,2265,2258
WEBB COUNTY,479,22 Years,4471,2292,2179,102,55,47,9,7,2,24,15,9,4336,2215,2121
WEBB COUNTY,479,23 Years,4137,2082,2055,126,70,56,8,5,3,27,21,6,3976,1986,1990
WEBB COUNTY,479,24 Years,3861,1937,1924,127,75,52,6,5,1,28,18,10,3700,1839,1861
WEBB COUNTY,479,25 Years,3658,1836,1822,117,63,54,10,6,4,33,16,17,3498,1751,1747
WEBB COUNTY,479,26 Years,3593,1783,1810,112,70,42,5,3,2,32,16,16,3444,1694,1750
WEBB COUNTY,479,27 Years,3652,1805,1847,122,66,56,6,6,0,32,16,16,3492,1717,1775
WEBB COUNTY,479,28 Years,3615,1761,1854,138,83,55,8,6,2,43,21,22,3426,1651,1775
WEBB COUNTY,479,29 Years,3558,1713,1845,134,79,55,6,2,4,45,17,28,3373,1615,1758
WEBB COUNTY,479,30 Years,3513,1727,1786,144,87,57,11,6,5,39,15,24,3319,1619,1700
WEBB COUNTY,479,31 Years,3604,1782,1822,137,88,49,8,6,2,36,17,19,3423,1671,1752
WEBB COUNTY,479,32 Years,3671,1766,1905,127,73,54,11,8,3,34,19,15,3499,1666,1833
WEBB COUNTY,479,33 Years,3741,1788,1953,130,74,56,9,7,2,33,17,16,3569,1690,1879
WEBB COUNTY,479,34 Years,3507,1717,1790,120,78,42,6,4,2,36,18,18,3345,1617,1728
WEBB COUNTY,479,35 Years,3397,1649,1748,106,66,40,9,7,2,31,15,16,3251,1561,1690
WEBB COUNTY,479,36 Years,3503,1722,1781,106,67,39,9,6,3,30,16,14,3358,1633,1725
WEBB COUNTY,479,37 Years,3702,1795,1907,105,66,39,8,6,2,43,20,23,3546,1703,1843
WEBB COUNTY,479,38 Years,3714,1759,1955,111,65,46,15,13,2,40,12,28,3548,1669,1879
WEBB COUNTY,479,39 Years,3662,1721,1941,99,55,44,9,6,3,40,16,24,3514,1644,1870
WEBB COUNTY,479,40 Years,3626,1775,1851,113,63,50,6,4,2,27,12,15,3480,1696,1784
WEBB COUNTY,479,41 Years,3656,1752,1904,122,68,54,12,8,4,32,16,16,3490,1660,1830
WEBB COUNTY,479,42 Years,3621,1697,1924,123,82,41,16,14,2,45,19,26,3437,1582,1855
WEBB COUNTY,479,43 Years,3584,1683,1901,125,77,48,8,6,2,47,23,24,3404,1577,1827
WEBB COUNTY,479,44 Years,3414,1645,1769,111,64,47,9,6,3,43,24,19,3251,1551,1700
WEBB COUNTY,479,45 Years,3265,1516,1749,103,57,46,10,5,5,42,25,17,3110,1429,1681
WEBB COUNTY,479,46 Years,3144,1471,1673,123,70,53,6,4,2,33,14,19,2982,1383,1599
WEBB COUNTY,479,47 Years,3061,1438,1623,106,59,47,7,5,2,32,14,18,2916,1360,1556
WEBB COUNTY,479,48 Years,3045,1415,1630,118,68,50,4,3,1,36,17,19,2887,1327,1560
WEBB COUNTY,479,49 Years,2892,1349,1543,113,70,43,5,5,0,31,19,12,2743,1255,1488
WEBB COUNTY,479,50 Years,2878,1386,1492,106,61,45,7,6,1,33,16,17,2732,1303,1429
WEBB COUNTY,479,51 Years,2805,1395,1410,117,66,51,8,6,2,25,11,14,2655,1312,1343
WEBB COUNTY,479,52 Years,2811,1301,1510,137,74,63,8,6,2,21,10,11,2645,1211,1434
WEBB COUNTY,479,53 Years,2790,1356,1434,116,58,58,6,4,2,20,13,7,2648,1281,1367
WEBB COUNTY,479,54 Years,2594,1240,1354,108,58,50,8,6,2,17,7,10,2461,1169,1292
WEBB COUNTY,479,55 Years,2545,1156,1389,112,68,44,9,7,2,20,8,12,2404,1073,1331
WEBB COUNTY,479,56 Years,2523,1136,1387,97,50,47,6,5,1,28,14,14,2392,1067,1325
WEBB COUNTY,479,57 Years,2411,1140,1271,99,55,44,9,4,5,29,15,14,2274,1066,1208
WEBB COUNTY,479,58 Years,2319,1080,1239,98,49,49,7,5,2,24,12,12,2190,1014,1176
WEBB COUNTY,479,59 Years,2162,996,1166,90,52,38,5,5,0,19,8,11,2048,931,1117
WEBB COUNTY,479,60 Years,1959,914,1045,98,64,34,3,2,1,15,6,9,1843,842,1001
WEBB COUNTY,479,61 Years,1872,833,1039,77,42,35,2,0,2,16,7,9,1777,784,993
WEBB COUNTY,479,62 Years,1828,827,1001,89,38,51,2,0,2,15,6,9,1722,783,939
WEBB COUNTY,479,63 Years,1809,817,992,92,45,47,2,0,2,13,6,7,1702,766,936
WEBB COUNTY,479,64 Years,1736,805,931,97,60,37,5,3,2,15,6,9,1619,736,883
WEBB COUNTY,479,65 Years,1774,837,937,97,53,44,3,2,1,20,12,8,1654,770,884
WEBB COUNTY,479,66 Years,1617,734,883,83,43,40,3,2,1,16,9,7,1515,680,835
WEBB COUNTY,479,67 Years,1437,645,792,66,34,32,1,1,0,11,6,5,1359,604,755
WEBB COUNTY,479,68 Years,1405,620,785,71,36,35,1,1,0,13,8,5,1320,575,745
WEBB COUNTY,479,69 Years,1266,545,721,53,30,23,1,1,0,5,3,2,1207,511,696
WEBB COUNTY,479,70 Years,1188,519,669,58,36,22,2,1,1,4,1,3,1124,481,643
WEBB COUNTY,479,71 Years,1160,496,664,58,35,23,1,1,0,7,2,5,1094,458,636
WEBB COUNTY,479,72 Years,1071,482,589,46,27,19,1,1,0,6,4,2,1018,450,568
WEBB COUNTY,479,73 Years,1011,439,572,49,26,23,1,1,0,4,4,0,957,408,549
WEBB COUNTY,479,74 Years,955,412,543,46,23,23,0,0,0,5,5,0,904,384,520
WEBB COUNTY,479,75 Years,880,373,507,38,23,15,1,1,0,4,4,0,837,345,492
WEBB COUNTY,479,76 Years,795,314,481,35,25,10,1,0,1,5,2,3,754,287,467
WEBB COUNTY,479,77 Years,809,329,480,33,20,13,0,0,0,4,2,2,772,307,465
WEBB COUNTY,479,78 Years,740,303,437,33,21,12,1,0,1,3,1,2,703,281,422
WEBB COUNTY,479,79 Years,643,266,377,24,12,12,1,0,1,1,1,0,617,253,364
WEBB COUNTY,479,80 Years,579,228,351,29,11,18,2,2,0,1,1,0,547,214,333
WEBB COUNTY,479,81 Years,622,243,379,30,15,15,1,1,0,0,0,0,591,227,364
WEBB COUNTY,479,82 Years,565,230,335,23,11,12,0,0,0,0,0,0,542,219,323
WEBB COUNTY,479,83 Years,557,220,337,33,14,19,1,0,1,2,1,1,521,205,316
WEBB COUNTY,479,84 Years,512,190,322,27,15,12,1,0,1,1,0,1,483,175,308
WEBB COUNTY,479,85 Years +,2708,922,1786,145,67,78,0,0,0,10,3,7,2553,852,1701
WHARTON COUNTY,481,All Ages,41311,20365,20946,19099,9245,9854,5651,2701,2950,508,255,253,16053,8164,7889
WHARTON COUNTY,481,< 1 Year,569,290,279,182,94,88,79,41,38,9,5,4,299,150,149
WHARTON COUNTY,481,1 Years,582,299,283,189,97,92,79,41,38,7,4,3,307,157,150
WHARTON COUNTY,481,2 Years,577,296,281,195,100,95,75,39,36,9,5,4,298,152,146
WHARTON COUNTY,481,3 Years,566,293,273,190,102,88,67,33,34,14,8,6,295,150,145
WHARTON COUNTY,481,4 Years,569,292,277,185,99,86,77,43,34,9,4,5,298,146,152
WHARTON COUNTY,481,5 Years,601,307,294,200,108,92,93,45,48,9,4,5,299,150,149
WHARTON COUNTY,481,6 Years,608,302,306,191,87,104,86,46,40,13,7,6,318,162,156
WHARTON COUNTY,481,7 Years,593,302,291,183,85,98,66,37,29,12,5,7,332,175,157
WHARTON COUNTY,481,8 Years,605,314,291,183,85,98,77,39,38,16,10,6,329,180,149
WHARTON COUNTY,481,9 Years,645,326,319,225,112,113,72,35,37,15,10,5,333,169,164
WHARTON COUNTY,481,10 Years,621,304,317,214,104,110,81,36,45,11,7,4,315,157,158
WHARTON COUNTY,481,11 Years,627,329,298,213,107,106,81,43,38,7,3,4,326,176,150
WHARTON COUNTY,481,12 Years,600,311,289,215,107,108,82,52,30,4,2,2,299,150,149
WHARTON COUNTY,481,13 Years,639,311,328,234,112,122,95,47,48,5,3,2,305,149,156
WHARTON COUNTY,481,14 Years,588,287,301,209,97,112,73,36,37,7,4,3,299,150,149
WHARTON COUNTY,481,15 Years,595,306,289,203,105,98,86,49,37,9,3,6,297,149,148
WHARTON COUNTY,481,16 Years,597,280,317,199,92,107,86,39,47,8,2,6,304,147,157
WHARTON COUNTY,481,17 Years,569,282,287,212,102,110,83,36,47,8,2,6,266,142,124
WHARTON COUNTY,481,18 Years,533,287,246,215,115,100,78,41,37,6,2,4,234,129,105
WHARTON COUNTY,481,19 Years,584,318,266,208,117,91,79,41,38,8,4,4,289,156,133
WHARTON COUNTY,481,20 Years,591,310,281,197,102,95,82,37,45,7,4,3,305,167,138
WHARTON COUNTY,481,21 Years,526,284,242,170,88,82,86,45,41,7,6,1,263,145,118
WHARTON COUNTY,481,22 Years,543,288,255,184,104,80,96,42,54,10,7,3,253,135,118
WHARTON COUNTY,481,23 Years,570,294,276,188,95,93,94,45,49,8,4,4,280,150,130
WHARTON COUNTY,481,24 Years,508,256,252,198,96,102,68,31,37,8,3,5,234,126,108
WHARTON COUNTY,481,25 Years,454,242,212,174,95,79,61,28,33,6,3,3,213,116,97
WHARTON COUNTY,481,26 Years,470,252,218,178,93,85,60,32,28,4,3,1,228,124,104
WHARTON COUNTY,481,27 Years,486,249,237,170,87,83,69,37,32,5,2,3,242,123,119
WHARTON COUNTY,481,28 Years,475,241,234,171,89,82,61,24,37,7,4,3,236,124,112
WHARTON COUNTY,481,29 Years,498,265,233,196,100,96,77,38,39,6,2,4,219,125,94
WHARTON COUNTY,481,30 Years,487,239,248,185,86,99,78,41,37,6,3,3,218,109,109
WHARTON COUNTY,481,31 Years,498,228,270,201,88,113,63,29,34,9,4,5,225,107,118
WHARTON COUNTY,481,32 Years,488,246,242,204,103,101,60,28,32,5,1,4,219,114,105
WHARTON COUNTY,481,33 Years,471,238,233,193,105,88,59,25,34,4,1,3,215,107,108
WHARTON COUNTY,481,34 Years,498,238,260,210,103,107,79,35,44,3,1,2,206,99,107
WHARTON COUNTY,481,35 Years,471,238,233,187,93,94,65,35,30,3,2,1,216,108,108
WHARTON COUNTY,481,36 Years,467,228,239,189,93,96,68,35,33,7,3,4,203,97,106
WHARTON COUNTY,481,37 Years,464,231,233,173,84,89,62,28,34,5,2,3,224,117,107
WHARTON COUNTY,481,38 Years,432,208,224,184,91,93,56,24,32,4,2,2,188,91,97
WHARTON COUNTY,481,39 Years,439,226,213,191,106,85,51,28,23,5,4,1,192,88,104
WHARTON COUNTY,481,40 Years,419,214,205,172,90,82,52,30,22,6,4,2,189,90,99
WHARTON COUNTY,481,41 Years,467,227,240,200,96,104,51,30,21,6,3,3,210,98,112
WHARTON COUNTY,481,42 Years,484,244,240,210,107,103,64,32,32,7,5,2,203,100,103
WHARTON COUNTY,481,43 Years,496,248,248,234,110,124,62,32,30,4,3,1,196,103,93
WHARTON COUNTY,481,44 Years,441,217,224,202,93,109,51,29,22,3,1,2,185,94,91
WHARTON COUNTY,481,45 Years,469,226,243,201,95,106,54,27,27,5,4,1,209,100,109
WHARTON COUNTY,481,46 Years,507,259,248,237,122,115,63,30,33,5,3,2,202,104,98
WHARTON COUNTY,481,47 Years,517,273,244,248,128,120,70,34,36,3,2,1,196,109,87
WHARTON COUNTY,481,48 Years,540,258,282,263,128,135,79,30,49,5,2,3,193,98,95
WHARTON COUNTY,481,49 Years,557,276,281,284,140,144,67,28,39,6,1,5,200,107,93
WHARTON COUNTY,481,50 Years,567,269,298,292,132,160,77,38,39,8,2,6,190,97,93
WHARTON COUNTY,481,51 Years,549,267,282,291,133,158,80,40,40,6,3,3,172,91,81
WHARTON COUNTY,481,52 Years,582,298,284,313,153,160,88,41,47,8,4,4,173,100,73
WHARTON COUNTY,481,53 Years,571,279,292,320,157,163,85,38,47,6,4,2,160,80,80
WHARTON COUNTY,481,54 Years,586,293,293,326,162,164,99,48,51,6,3,3,155,80,75
WHARTON COUNTY,481,55 Years,589,297,292,332,163,169,90,46,44,4,2,2,163,86,77
WHARTON COUNTY,481,56 Years,613,287,326,349,169,180,85,38,47,4,1,3,175,79,96
WHARTON COUNTY,481,57 Years,622,308,314,358,176,182,85,42,43,8,3,5,171,87,84
WHARTON COUNTY,481,58 Years,585,282,303,317,141,176,91,47,44,5,3,2,172,91,81
WHARTON COUNTY,481,59 Years,560,281,279,330,167,163,88,40,48,6,4,2,136,70,66
WHARTON COUNTY,481,60 Years,535,279,256,322,167,155,73,36,37,7,4,3,133,72,61
WHARTON COUNTY,481,61 Years,512,272,240,323,173,150,58,30,28,5,2,3,126,67,59
WHARTON COUNTY,481,62 Years,541,276,265,327,165,162,70,34,36,7,4,3,137,73,64
WHARTON COUNTY,481,63 Years,509,249,260,305,152,153,71,32,39,7,3,4,126,62,64
WHARTON COUNTY,481,64 Years,467,232,235,298,151,147,62,22,40,5,3,2,102,56,46
WHARTON COUNTY,481,65 Years,442,215,227,268,132,136,64,27,37,7,3,4,103,53,50
WHARTON COUNTY,481,66 Years,412,199,213,271,127,144,54,24,30,7,4,3,80,44,36
WHARTON COUNTY,481,67 Years,356,164,192,232,108,124,42,18,24,7,3,4,75,35,40
WHARTON COUNTY,481,68 Years,351,163,188,226,104,122,47,25,22,3,1,2,75,33,42
WHARTON COUNTY,481,69 Years,337,167,170,226,116,110,45,20,25,4,2,2,62,29,33
WHARTON COUNTY,481,70 Years,330,161,169,220,117,103,46,19,27,6,0,6,58,25,33
WHARTON COUNTY,481,71 Years,321,148,173,212,102,110,49,18,31,5,2,3,55,26,29
WHARTON COUNTY,481,72 Years,303,137,166,188,87,101,50,20,30,1,1,0,64,29,35
WHARTON COUNTY,481,73 Years,262,119,143,171,77,94,36,18,18,1,1,0,54,23,31
WHARTON COUNTY,481,74 Years,263,112,151,168,72,96,38,16,22,4,3,1,53,21,32
WHARTON COUNTY,481,75 Years,274,124,150,180,83,97,44,23,21,2,1,1,48,17,31
WHARTON COUNTY,481,76 Years,248,111,137,169,79,90,36,15,21,2,2,0,41,15,26
WHARTON COUNTY,481,77 Years,228,89,139,156,64,92,29,10,19,0,0,0,43,15,28
WHARTON COUNTY,481,78 Years,212,90,122,147,66,81,29,10,19,1,1,0,35,13,22
WHARTON COUNTY,481,79 Years,206,84,122,141,60,81,28,9,19,1,0,1,36,15,21
WHARTON COUNTY,481,80 Years,189,84,105,133,60,73,29,12,17,0,0,0,27,12,15
WHARTON COUNTY,481,81 Years,175,72,103,127,54,73,23,9,14,1,0,1,24,9,15
WHARTON COUNTY,481,82 Years,181,61,120,132,43,89,17,5,12,1,0,1,31,13,18
WHARTON COUNTY,481,83 Years,181,61,120,123,40,83,26,9,17,1,0,1,31,12,19
WHARTON COUNTY,481,84 Years,149,55,94,105,38,67,17,8,9,2,1,1,25,8,17
WHARTON COUNTY,481,85 Years +,902,301,601,662,218,444,97,26,71,5,2,3,138,55,83
WHEELER COUNTY,483,All Ages,5835,2898,2937,4001,1964,2037,122,61,61,119,48,71,1593,825,768
WHEELER COUNTY,483,< 1 Year,74,38,36,40,21,19,1,0,1,2,1,1,31,16,15
WHEELER COUNTY,483,1 Years,73,38,35,40,21,19,2,1,1,1,1,0,30,15,15
WHEELER COUNTY,483,2 Years,70,35,35,39,20,19,2,1,1,1,0,1,28,14,14
WHEELER COUNTY,483,3 Years,84,48,36,40,20,20,0,0,0,3,1,2,41,27,14
WHEELER COUNTY,483,4 Years,84,50,34,36,20,16,1,1,0,3,0,3,44,29,15
WHEELER COUNTY,483,5 Years,83,46,37,34,19,15,2,2,0,3,1,2,44,24,20
WHEELER COUNTY,483,6 Years,85,41,44,29,15,14,2,1,1,2,0,2,52,25,27
WHEELER COUNTY,483,7 Years,91,43,48,34,16,18,2,2,0,3,1,2,52,24,28
WHEELER COUNTY,483,8 Years,93,48,45,45,29,16,5,1,4,3,1,2,40,17,23
WHEELER COUNTY,483,9 Years,85,37,48,42,20,22,2,1,1,4,2,2,37,14,23
WHEELER COUNTY,483,10 Years,86,44,42,42,23,19,3,2,1,1,0,1,40,19,21
WHEELER COUNTY,483,11 Years,77,47,30,34,23,11,2,0,2,1,0,1,40,24,16
WHEELER COUNTY,483,12 Years,68,38,30,35,17,18,1,1,0,2,1,1,30,19,11
WHEELER COUNTY,483,13 Years,79,37,42,46,23,23,2,1,1,1,0,1,30,13,17
WHEELER COUNTY,483,14 Years,77,42,35,42,25,17,1,0,1,1,0,1,33,17,16
WHEELER COUNTY,483,15 Years,80,41,39,41,22,19,3,1,2,2,2,0,34,16,18
WHEELER COUNTY,483,16 Years,80,40,40,45,24,21,4,1,3,3,2,1,28,13,15
WHEELER COUNTY,483,17 Years,84,40,44,52,24,28,3,1,2,1,1,0,28,14,14
WHEELER COUNTY,483,18 Years,74,35,39,41,19,22,1,1,0,0,0,0,32,15,17
WHEELER COUNTY,483,19 Years,69,29,40,42,19,23,1,0,1,2,0,2,24,10,14
WHEELER COUNTY,483,20 Years,80,46,34,48,28,20,4,2,2,1,0,1,27,16,11
WHEELER COUNTY,483,21 Years,82,43,39,50,28,22,4,2,2,1,0,1,27,13,14
WHEELER COUNTY,483,22 Years,63,32,31,31,15,16,3,1,2,4,3,1,25,13,12
WHEELER COUNTY,483,23 Years,45,24,21,29,16,13,1,1,0,2,0,2,13,7,6
WHEELER COUNTY,483,24 Years,43,19,24,27,11,16,0,0,0,0,0,0,16,8,8
WHEELER COUNTY,483,25 Years,49,19,30,29,11,18,2,0,2,0,0,0,18,8,10
WHEELER COUNTY,483,26 Years,66,40,26,40,23,17,4,1,3,1,1,0,21,15,6
WHEELER COUNTY,483,27 Years,67,35,32,39,18,21,2,1,1,0,0,0,26,16,10
WHEELER COUNTY,483,28 Years,70,29,41,47,20,27,1,0,1,0,0,0,22,9,13
WHEELER COUNTY,483,29 Years,70,32,38,48,23,25,2,0,2,1,0,1,19,9,10
WHEELER COUNTY,483,30 Years,71,38,33,45,23,22,2,1,1,2,0,2,22,14,8
WHEELER COUNTY,483,31 Years,69,32,37,37,18,19,1,1,0,3,1,2,28,12,16
WHEELER COUNTY,483,32 Years,66,32,34,39,19,20,1,1,0,0,0,0,26,12,14
WHEELER COUNTY,483,33 Years,75,36,39,43,22,21,1,0,1,1,1,0,30,13,17
WHEELER COUNTY,483,34 Years,59,32,27,34,18,16,2,2,0,1,1,0,22,11,11
WHEELER COUNTY,483,35 Years,51,27,24,27,13,14,2,2,0,0,0,0,22,12,10
WHEELER COUNTY,483,36 Years,62,28,34,31,11,20,2,2,0,1,1,0,28,14,14
WHEELER COUNTY,483,37 Years,69,34,35,31,14,17,0,0,0,1,0,1,37,20,17
WHEELER COUNTY,483,38 Years,79,47,32,47,25,22,1,1,0,1,1,0,30,20,10
WHEELER COUNTY,483,39 Years,68,41,27,42,26,16,1,0,1,1,1,0,24,14,10
WHEELER COUNTY,483,40 Years,67,31,36,44,21,23,2,1,1,1,0,1,20,9,11
WHEELER COUNTY,483,41 Years,65,34,31,36,21,15,3,2,1,1,0,1,25,11,14
WHEELER COUNTY,483,42 Years,70,32,38,47,23,24,1,0,1,0,0,0,22,9,13
WHEELER COUNTY,483,43 Years,65,31,34,43,19,24,0,0,0,0,0,0,22,12,10
WHEELER COUNTY,483,44 Years,65,35,30,43,21,22,0,0,0,0,0,0,22,14,8
WHEELER COUNTY,483,45 Years,59,35,24,38,22,16,1,0,1,0,0,0,20,13,7
WHEELER COUNTY,483,46 Years,59,34,25,47,30,17,1,0,1,0,0,0,11,4,7
WHEELER COUNTY,483,47 Years,52,30,22,35,21,14,3,2,1,1,1,0,13,6,7
WHEELER COUNTY,483,48 Years,57,29,28,39,19,20,2,2,0,0,0,0,16,8,8
WHEELER COUNTY,483,49 Years,64,28,36,43,20,23,2,2,0,2,0,2,17,6,11
WHEELER COUNTY,483,50 Years,72,36,36,56,28,28,2,2,0,1,0,1,13,6,7
WHEELER COUNTY,483,51 Years,77,37,40,60,27,33,3,1,2,1,1,0,13,8,5
WHEELER COUNTY,483,52 Years,78,35,43,58,24,34,2,0,2,3,2,1,15,9,6
WHEELER COUNTY,483,53 Years,75,32,43,65,25,40,1,1,0,1,0,1,8,6,2
WHEELER COUNTY,483,54 Years,81,38,43,70,35,35,1,1,0,0,0,0,10,2,8
WHEELER COUNTY,483,55 Years,84,35,49,74,32,42,1,1,0,1,0,1,8,2,6
WHEELER COUNTY,483,56 Years,90,51,39,76,42,34,2,1,1,1,0,1,11,8,3
WHEELER COUNTY,483,57 Years,95,42,53,85,37,48,1,0,1,2,0,2,7,5,2
WHEELER COUNTY,483,58 Years,95,47,48,86,44,42,1,0,1,1,0,1,7,3,4
WHEELER COUNTY,483,59 Years,82,42,40,69,35,34,0,0,0,3,1,2,10,6,4
WHEELER COUNTY,483,60 Years,72,39,33,58,28,30,2,1,1,4,3,1,8,7,1
WHEELER COUNTY,483,61 Years,76,43,33,67,36,31,1,1,0,3,2,1,5,4,1
WHEELER COUNTY,483,62 Years,73,37,36,63,31,32,0,0,0,2,0,2,8,6,2
WHEELER COUNTY,483,63 Years,68,35,33,58,29,29,0,0,0,2,1,1,8,5,3
WHEELER COUNTY,483,64 Years,65,36,29,59,31,28,0,0,0,1,1,0,5,4,1
WHEELER COUNTY,483,65 Years,72,38,34,63,34,29,2,0,2,2,2,0,5,2,3
WHEELER COUNTY,483,66 Years,75,37,38,66,35,31,1,0,1,2,1,1,6,1,5
WHEELER COUNTY,483,67 Years,64,30,34,57,28,29,0,0,0,2,0,2,5,2,3
WHEELER COUNTY,483,68 Years,63,33,30,54,27,27,0,0,0,3,2,1,6,4,2
WHEELER COUNTY,483,69 Years,67,33,34,57,27,30,0,0,0,2,1,1,8,5,3
WHEELER COUNTY,483,70 Years,68,30,38,60,27,33,2,1,1,2,0,2,4,2,2
WHEELER COUNTY,483,71 Years,62,27,35,56,24,32,2,2,0,2,0,2,2,1,1
WHEELER COUNTY,483,72 Years,63,33,30,59,31,28,1,1,0,1,0,1,2,1,1
WHEELER COUNTY,483,73 Years,51,23,28,46,20,26,0,0,0,2,1,1,3,2,1
WHEELER COUNTY,483,74 Years,56,30,26,49,27,22,0,0,0,4,1,3,3,2,1
WHEELER COUNTY,483,75 Years,47,23,24,42,19,23,1,1,0,3,2,1,1,1,0
WHEELER COUNTY,483,76 Years,42,22,20,41,21,20,1,1,0,0,0,0,0,0,0
WHEELER COUNTY,483,77 Years,42,16,26,38,14,24,0,0,0,0,0,0,4,2,2
WHEELER COUNTY,483,78 Years,41,14,27,37,13,24,1,0,1,0,0,0,3,1,2
WHEELER COUNTY,483,79 Years,36,17,19,35,17,18,1,0,1,0,0,0,0,0,0
WHEELER COUNTY,483,80 Years,36,14,22,35,13,22,0,0,0,0,0,0,1,1,0
WHEELER COUNTY,483,81 Years,33,16,17,29,14,15,0,0,0,0,0,0,4,2,2
WHEELER COUNTY,483,82 Years,28,16,12,24,14,10,1,1,0,0,0,0,3,1,2
WHEELER COUNTY,483,83 Years,29,12,17,27,12,15,0,0,0,0,0,0,2,0,2
WHEELER COUNTY,483,84 Years,33,14,19,30,13,17,0,0,0,2,1,1,1,0,1
WHEELER COUNTY,483,85 Years +,121,33,88,114,31,83,1,0,1,1,1,0,5,1,4
WICHITA COUNTY,485,All Ages,132959,68286,64673,88400,44484,43916,13639,7461,6178,6940,3441,3499,23980,12900,11080
WICHITA COUNTY,485,< 1 Year,1825,924,901,1095,555,540,190,96,94,109,54,55,431,219,212
WICHITA COUNTY,485,1 Years,1825,930,895,1107,564,543,192,97,95,98,50,48,428,219,209
WICHITA COUNTY,485,2 Years,1834,935,899,1120,570,550,190,97,93,106,54,52,418,214,204
WICHITA COUNTY,485,3 Years,1814,941,873,1021,537,484,184,82,102,136,73,63,473,249,224
WICHITA COUNTY,485,4 Years,1786,959,827,947,512,435,175,90,85,146,77,69,518,280,238
WICHITA COUNTY,485,5 Years,1798,946,852,987,530,457,171,73,98,147,83,64,493,260,233
WICHITA COUNTY,485,6 Years,1792,906,886,967,497,470,192,86,106,138,72,66,495,251,244
WICHITA COUNTY,485,7 Years,1810,910,900,977,487,490,168,74,94,148,82,66,517,267,250
WICHITA COUNTY,485,8 Years,1736,887,849,947,474,473,156,83,73,135,72,63,498,258,240
WICHITA COUNTY,485,9 Years,1671,828,843,912,437,475,165,87,78,122,61,61,472,243,229
WICHITA COUNTY,485,10 Years,1642,804,838,885,421,464,172,87,85,120,67,53,465,229,236
WICHITA COUNTY,485,11 Years,1681,836,845,930,461,469,189,82,107,118,60,58,444,233,211
WICHITA COUNTY,485,12 Years,1635,812,823,890,454,436,170,80,90,111,50,61,464,228,236
WICHITA COUNTY,485,13 Years,1644,845,799,896,472,424,166,81,85,104,53,51,478,239,239
WICHITA COUNTY,485,14 Years,1631,853,778,909,475,434,159,82,77,117,61,56,446,235,211
WICHITA COUNTY,485,15 Years,1643,843,800,922,475,447,168,98,70,107,49,58,446,221,225
WICHITA COUNTY,485,16 Years,1680,856,824,973,493,480,176,92,84,98,46,52,433,225,208
WICHITA COUNTY,485,17 Years,1841,983,858,1067,572,495,198,101,97,115,59,56,461,251,210
WICHITA COUNTY,485,18 Years,2206,1249,957,1370,776,594,251,153,98,125,68,57,460,252,208
WICHITA COUNTY,485,19 Years,2780,1651,1129,1775,1069,706,364,219,145,164,98,66,477,265,212
WICHITA COUNTY,485,20 Years,2428,1395,1033,1504,870,634,345,198,147,148,92,56,431,235,196
WICHITA COUNTY,485,21 Years,2436,1415,1021,1437,877,560,340,171,169,154,94,60,505,273,232
WICHITA COUNTY,485,22 Years,2675,1519,1156,1538,905,633,359,187,172,188,94,94,590,333,257
WICHITA COUNTY,485,23 Years,2648,1514,1134,1605,922,683,336,198,138,183,97,86,524,297,227
WICHITA COUNTY,485,24 Years,2468,1391,1077,1530,860,670,318,190,128,161,85,76,459,256,203
WICHITA COUNTY,485,25 Years,2280,1275,1005,1505,813,692,246,149,97,113,65,48,416,248,168
WICHITA COUNTY,485,26 Years,2185,1202,983,1401,739,662,268,167,101,111,65,46,405,231,174
WICHITA COUNTY,485,27 Years,2125,1147,978,1332,693,639,237,132,105,112,68,44,444,254,190
WICHITA COUNTY,485,28 Years,2020,1087,933,1245,628,617,258,155,103,99,53,46,418,251,167
WICHITA COUNTY,485,29 Years,1888,1018,870,1161,595,566,231,135,96,108,56,52,388,232,156
WICHITA COUNTY,485,30 Years,1746,931,815,1073,552,521,220,135,85,81,35,46,372,209,163
WICHITA COUNTY,485,31 Years,1676,880,796,1026,507,519,187,110,77,78,41,37,385,222,163
WICHITA COUNTY,485,32 Years,1752,938,814,1060,543,517,219,130,89,93,47,46,380,218,162
WICHITA COUNTY,485,33 Years,1650,890,760,945,483,462,221,132,89,93,44,49,391,231,160
WICHITA COUNTY,485,34 Years,1623,880,743,928,462,466,210,132,78,92,44,48,393,242,151
WICHITA COUNTY,485,35 Years,1523,812,711,935,475,460,183,111,72,84,38,46,321,188,133
WICHITA COUNTY,485,36 Years,1536,831,705,927,483,444,193,109,84,81,41,40,335,198,137
WICHITA COUNTY,485,37 Years,1508,798,710,951,491,460,167,102,65,88,37,51,302,168,134
WICHITA COUNTY,485,38 Years,1499,795,704,950,488,462,159,96,63,85,37,48,305,174,131
WICHITA COUNTY,485,39 Years,1429,785,644,889,483,406,195,115,80,82,38,44,263,149,114
WICHITA COUNTY,485,40 Years,1459,775,684,949,488,461,158,98,60,75,32,43,277,157,120
WICHITA COUNTY,485,41 Years,1472,762,710,968,475,493,153,95,58,80,39,41,271,153,118
WICHITA COUNTY,485,42 Years,1509,757,752,1027,503,524,137,80,57,83,36,47,262,138,124
WICHITA COUNTY,485,43 Years,1524,790,734,1028,532,496,138,78,60,84,38,46,274,142,132
WICHITA COUNTY,485,44 Years,1434,776,658,937,502,435,166,103,63,71,34,37,260,137,123
WICHITA COUNTY,485,45 Years,1411,747,664,913,467,446,176,118,58,56,30,26,266,132,134
WICHITA COUNTY,485,46 Years,1459,780,679,975,503,472,151,98,53,57,31,26,276,148,128
WICHITA COUNTY,485,47 Years,1509,817,692,1011,532,479,180,114,66,71,33,38,247,138,109
WICHITA COUNTY,485,48 Years,1642,861,781,1132,577,555,177,104,73,76,32,44,257,148,109
WICHITA COUNTY,485,49 Years,1659,866,793,1152,580,572,175,111,64,82,37,45,250,138,112
WICHITA COUNTY,485,50 Years,1732,875,857,1235,604,631,162,98,64,89,37,52,246,136,110
WICHITA COUNTY,485,51 Years,1807,906,901,1310,627,683,192,115,77,79,40,39,226,124,102
WICHITA COUNTY,485,52 Years,1860,975,885,1369,713,656,191,99,92,69,33,36,231,130,101
WICHITA COUNTY,485,53 Years,1779,932,847,1309,680,629,170,87,83,76,38,38,224,127,97
WICHITA COUNTY,485,54 Years,1730,861,869,1279,638,641,169,82,87,65,28,37,217,113,104
WICHITA COUNTY,485,55 Years,1782,872,910,1343,645,698,156,83,73,70,29,41,213,115,98
WICHITA COUNTY,485,56 Years,1748,853,895,1319,624,695,149,81,68,74,32,42,206,116,90
WICHITA COUNTY,485,57 Years,1660,815,845,1279,620,659,148,71,77,57,23,34,176,101,75
WICHITA COUNTY,485,58 Years,1673,852,821,1286,642,644,155,94,61,65,30,35,167,86,81
WICHITA COUNTY,485,59 Years,1602,808,794,1245,608,637,138,87,51,65,32,33,154,81,73
WICHITA COUNTY,485,60 Years,1523,762,761,1173,583,590,135,63,72,59,31,28,156,85,71
WICHITA COUNTY,485,61 Years,1440,716,724,1109,544,565,122,67,55,51,24,27,158,81,77
WICHITA COUNTY,485,62 Years,1361,643,718,1047,493,554,125,62,63,60,25,35,129,63,66
WICHITA COUNTY,485,63 Years,1302,642,660,1023,511,512,110,56,54,50,18,32,119,57,62
WICHITA COUNTY,485,64 Years,1225,603,622,972,483,489,88,42,46,46,17,29,119,61,58
WICHITA COUNTY,485,65 Years,1223,610,613,977,487,490,78,41,37,55,25,30,113,57,56
WICHITA COUNTY,485,66 Years,1228,590,638,1006,485,521,71,30,41,45,22,23,106,53,53
WICHITA COUNTY,485,67 Years,996,478,518,798,387,411,76,31,45,30,15,15,92,45,47
WICHITA COUNTY,485,68 Years,960,476,484,772,390,382,68,33,35,30,10,20,90,43,47
WICHITA COUNTY,485,69 Years,972,435,537,791,352,439,60,27,33,36,16,20,85,40,45
WICHITA COUNTY,485,70 Years,928,417,511,777,354,423,50,22,28,27,11,16,74,30,44
WICHITA COUNTY,485,71 Years,868,381,487,723,321,402,52,23,29,26,11,15,67,26,41
WICHITA COUNTY,485,72 Years,848,366,482,695,294,401,59,34,25,27,9,18,67,29,38
WICHITA COUNTY,485,73 Years,761,329,432,628,279,349,52,20,32,18,4,14,63,26,37
WICHITA COUNTY,485,74 Years,746,308,438,627,259,368,59,25,34,17,5,12,43,19,24
WICHITA COUNTY,485,75 Years,752,310,442,625,264,361,54,16,38,24,9,15,49,21,28
WICHITA COUNTY,485,76 Years,713,314,399,598,270,328,39,13,26,26,9,17,50,22,28
WICHITA COUNTY,485,77 Years,699,292,407,583,241,342,43,19,24,23,11,12,50,21,29
WICHITA COUNTY,485,78 Years,723,310,413,618,264,354,34,18,16,19,8,11,52,20,32
WICHITA COUNTY,485,79 Years,687,302,385,594,260,334,39,20,19,16,4,12,38,18,20
WICHITA COUNTY,485,80 Years,622,265,357,530,227,303,41,19,22,22,7,15,29,12,17
WICHITA COUNTY,485,81 Years,600,245,355,520,218,302,37,13,24,14,4,10,29,10,19
WICHITA COUNTY,485,82 Years,541,228,313,466,201,265,41,14,27,13,5,8,21,8,13
WICHITA COUNTY,485,83 Years,491,201,290,425,178,247,30,9,21,12,4,8,24,10,14
WICHITA COUNTY,485,84 Years,433,176,257,375,157,218,23,7,16,11,3,8,24,9,15
WICHITA COUNTY,485,85 Years +,2497,806,1691,2243,722,1521,124,47,77,41,10,31,89,27,62
WILBARGER COUNTY,487,All Ages,13183,6625,6558,8067,4003,4064,1031,554,477,413,202,211,3672,1866,1806
WILBARGER COUNTY,487,< 1 Year,185,96,89,89,47,42,10,5,5,10,5,5,76,39,37
WILBARGER COUNTY,487,1 Years,193,99,94,92,48,44,11,6,5,9,4,5,81,41,40
WILBARGER COUNTY,487,2 Years,194,100,94,92,47,45,11,6,5,11,6,5,80,41,39
WILBARGER COUNTY,487,3 Years,175,85,90,74,38,36,11,6,5,7,4,3,83,37,46
WILBARGER COUNTY,487,4 Years,193,100,93,87,44,43,13,9,4,6,3,3,87,44,43
WILBARGER COUNTY,487,5 Years,185,92,93,77,40,37,16,9,7,10,7,3,82,36,46
WILBARGER COUNTY,487,6 Years,182,80,102,76,33,43,16,8,8,10,7,3,80,32,48
WILBARGER COUNTY,487,7 Years,187,92,95,84,42,42,13,3,10,9,5,4,81,42,39
WILBARGER COUNTY,487,8 Years,179,90,89,81,43,38,12,4,8,8,3,5,78,40,38
WILBARGER COUNTY,487,9 Years,192,104,88,89,52,37,11,4,7,6,2,4,86,46,40
WILBARGER COUNTY,487,10 Years,189,102,87,81,46,35,25,14,11,8,4,4,75,38,37
WILBARGER COUNTY,487,11 Years,195,101,94,91,48,43,19,12,7,8,5,3,77,36,41
WILBARGER COUNTY,487,12 Years,178,90,88,89,47,42,19,9,10,7,5,2,63,29,34
WILBARGER COUNTY,487,13 Years,175,91,84,88,47,41,15,8,7,5,3,2,67,33,34
WILBARGER COUNTY,487,14 Years,160,88,72,78,43,35,13,8,5,6,5,1,63,32,31
WILBARGER COUNTY,487,15 Years,161,89,72,82,44,38,15,9,6,5,4,1,59,32,27
WILBARGER COUNTY,487,16 Years,172,86,86,94,50,44,16,6,10,5,2,3,57,28,29
WILBARGER COUNTY,487,17 Years,174,85,89,94,50,44,14,5,9,4,2,2,62,28,34
WILBARGER COUNTY,487,18 Years,169,89,80,88,48,40,14,8,6,5,4,1,62,29,33
WILBARGER COUNTY,487,19 Years,188,101,87,96,48,48,15,11,4,7,4,3,70,38,32
WILBARGER COUNTY,487,20 Years,209,122,87,105,58,47,19,14,5,10,6,4,75,44,31
WILBARGER COUNTY,487,21 Years,186,106,80,92,49,43,19,11,8,5,2,3,70,44,26
WILBARGER COUNTY,487,22 Years,189,102,87,107,56,51,13,8,5,5,4,1,64,34,30
WILBARGER COUNTY,487,23 Years,203,110,93,119,63,56,20,15,5,6,4,2,58,28,30
WILBARGER COUNTY,487,24 Years,173,87,86,97,48,49,13,9,4,3,1,2,60,29,31
WILBARGER COUNTY,487,25 Years,162,83,79,82,38,44,14,8,6,2,1,1,64,36,28
WILBARGER COUNTY,487,26 Years,166,79,87,80,34,46,11,5,6,6,3,3,69,37,32
WILBARGER COUNTY,487,27 Years,176,90,86,88,47,41,21,9,12,3,1,2,64,33,31
WILBARGER COUNTY,487,28 Years,167,87,80,84,45,39,20,9,11,4,1,3,59,32,27
WILBARGER COUNTY,487,29 Years,169,89,80,92,44,48,10,6,4,6,3,3,61,36,25
WILBARGER COUNTY,487,30 Years,160,83,77,88,49,39,13,7,6,5,2,3,54,25,29
WILBARGER COUNTY,487,31 Years,148,76,72,82,44,38,10,4,6,7,1,6,49,27,22
WILBARGER COUNTY,487,32 Years,143,68,75,89,40,49,9,5,4,4,1,3,41,22,19
WILBARGER COUNTY,487,33 Years,137,73,64,87,46,41,12,5,7,3,2,1,35,20,15
WILBARGER COUNTY,487,34 Years,146,76,70,91,51,40,13,6,7,6,2,4,36,17,19
WILBARGER COUNTY,487,35 Years,142,76,66,79,48,31,13,6,7,5,1,4,45,21,24
WILBARGER COUNTY,487,36 Years,145,73,72,85,42,43,13,7,6,2,1,1,45,23,22
WILBARGER COUNTY,487,37 Years,133,63,70,74,37,37,11,8,3,4,1,3,44,17,27
WILBARGER COUNTY,487,38 Years,124,62,62,73,35,38,11,8,3,2,1,1,38,18,20
WILBARGER COUNTY,487,39 Years,125,55,70,71,31,40,12,7,5,2,2,0,40,15,25
WILBARGER COUNTY,487,40 Years,147,75,72,87,47,40,12,6,6,5,3,2,43,19,24
WILBARGER COUNTY,487,41 Years,135,67,68,81,41,40,9,5,4,6,1,5,39,20,19
WILBARGER COUNTY,487,42 Years,150,69,81,95,45,50,10,4,6,6,2,4,39,18,21
WILBARGER COUNTY,487,43 Years,136,67,69,77,40,37,12,6,6,7,3,4,40,18,22
WILBARGER COUNTY,487,44 Years,126,57,69,75,33,42,15,7,8,5,2,3,31,15,16
WILBARGER COUNTY,487,45 Years,142,73,69,83,42,41,11,6,5,8,3,5,40,22,18
WILBARGER COUNTY,487,46 Years,151,89,62,96,58,38,14,7,7,4,3,1,37,21,16
WILBARGER COUNTY,487,47 Years,162,90,72,109,60,49,12,6,6,3,2,1,38,22,16
WILBARGER COUNTY,487,48 Years,168,89,79,111,58,53,11,7,4,5,2,3,41,22,19
WILBARGER COUNTY,487,49 Years,171,95,76,113,59,54,12,8,4,6,3,3,40,25,15
WILBARGER COUNTY,487,50 Years,190,92,98,131,57,74,15,9,6,5,1,4,39,25,14
WILBARGER COUNTY,487,51 Years,194,93,101,131,60,71,15,10,5,7,2,5,41,21,20
WILBARGER COUNTY,487,52 Years,207,94,113,139,58,81,14,7,7,8,5,3,46,24,22
WILBARGER COUNTY,487,53 Years,204,109,95,133,71,62,17,9,8,4,3,1,50,26,24
WILBARGER COUNTY,487,54 Years,185,100,85,122,64,58,18,10,8,5,3,2,40,23,17
WILBARGER COUNTY,487,55 Years,190,96,94,138,73,65,16,7,9,5,3,2,31,13,18
WILBARGER COUNTY,487,56 Years,173,84,89,121,58,63,15,10,5,4,1,3,33,15,18
WILBARGER COUNTY,487,57 Years,182,102,80,126,68,58,17,12,5,6,3,3,33,19,14
WILBARGER COUNTY,487,58 Years,188,101,87,134,68,66,21,15,6,7,2,5,26,16,10
WILBARGER COUNTY,487,59 Years,191,96,95,137,68,69,17,9,8,6,4,2,31,15,16
WILBARGER COUNTY,487,60 Years,178,89,89,136,65,71,12,6,6,3,2,1,27,16,11
WILBARGER COUNTY,487,61 Years,166,85,81,126,63,63,10,6,4,5,3,2,25,13,12
WILBARGER COUNTY,487,62 Years,155,77,78,111,53,58,15,9,6,5,2,3,24,13,11
WILBARGER COUNTY,487,63 Years,134,62,72,99,45,54,11,6,5,2,0,2,22,11,11
WILBARGER COUNTY,487,64 Years,133,66,67,95,50,45,11,4,7,5,2,3,22,10,12
WILBARGER COUNTY,487,65 Years,164,76,88,123,55,68,7,3,4,6,3,3,28,15,13
WILBARGER COUNTY,487,66 Years,153,78,75,121,56,65,7,6,1,5,2,3,20,14,6
WILBARGER COUNTY,487,67 Years,132,62,70,98,45,53,10,4,6,2,1,1,22,12,10
WILBARGER COUNTY,487,68 Years,134,66,68,100,48,52,11,6,5,3,1,2,20,11,9
WILBARGER COUNTY,487,69 Years,124,59,65,100,48,52,6,2,4,2,1,1,16,8,8
WILBARGER COUNTY,487,70 Years,106,48,58,93,42,51,4,2,2,0,0,0,9,4,5
WILBARGER COUNTY,487,71 Years,105,52,53,87,46,41,4,1,3,2,0,2,12,5,7
WILBARGER COUNTY,487,72 Years,102,49,53,82,39,43,4,2,2,2,0,2,14,8,6
WILBARGER COUNTY,487,73 Years,98,50,48,83,43,40,7,3,4,0,0,0,8,4,4
WILBARGER COUNTY,487,74 Years,91,50,41,73,41,32,4,1,3,3,2,1,11,6,5
WILBARGER COUNTY,487,75 Years,79,44,35,66,38,28,3,1,2,1,1,0,9,4,5
WILBARGER COUNTY,487,76 Years,73,36,37,60,29,31,1,0,1,3,2,1,9,5,4
WILBARGER COUNTY,487,77 Years,77,32,45,61,27,34,6,2,4,2,0,2,8,3,5
WILBARGER COUNTY,487,78 Years,79,36,43,66,28,38,5,2,3,1,0,1,7,6,1
WILBARGER COUNTY,487,79 Years,73,29,44,58,22,36,6,4,2,1,0,1,8,3,5
WILBARGER COUNTY,487,80 Years,67,28,39,56,22,34,5,3,2,1,0,1,5,3,2
WILBARGER COUNTY,487,81 Years,54,16,38,46,13,33,3,1,2,2,1,1,3,1,2
WILBARGER COUNTY,487,82 Years,55,20,35,45,17,28,4,1,3,0,0,0,6,2,4
WILBARGER COUNTY,487,83 Years,56,22,34,46,18,28,3,1,2,1,0,1,6,3,3
WILBARGER COUNTY,487,84 Years,57,24,33,53,22,31,1,1,0,0,0,0,3,1,2
WILBARGER COUNTY,487,85 Years +,317,111,206,257,90,167,22,10,12,8,4,4,30,7,23
WILLACY COUNTY,489,All Ages,22023,12000,10023,2124,1159,965,374,337,37,209,147,62,19316,10357,8959
WILLACY COUNTY,489,< 1 Year,359,182,177,13,6,7,1,1,0,2,1,1,343,174,169
WILLACY COUNTY,489,1 Years,372,190,182,13,7,6,1,1,0,1,0,1,357,182,175
WILLACY COUNTY,489,2 Years,364,187,177,16,9,7,1,1,0,2,1,1,345,176,169
WILLACY COUNTY,489,3 Years,302,147,155,22,8,14,1,0,1,2,0,2,277,139,138
WILLACY COUNTY,489,4 Years,286,148,138,22,11,11,3,2,1,1,1,0,260,134,126
WILLACY COUNTY,489,5 Years,296,153,143,18,10,8,1,1,0,1,1,0,276,141,135
WILLACY COUNTY,489,6 Years,310,160,150,18,8,10,0,0,0,1,1,0,291,151,140
WILLACY COUNTY,489,7 Years,285,145,140,16,10,6,1,0,1,2,0,2,266,135,131
WILLACY COUNTY,489,8 Years,309,158,151,18,11,7,1,0,1,1,1,0,289,146,143
WILLACY COUNTY,489,9 Years,328,166,162,23,13,10,0,0,0,4,3,1,301,150,151
WILLACY COUNTY,489,10 Years,306,168,138,23,16,7,1,1,0,1,0,1,281,151,130
WILLACY COUNTY,489,11 Years,306,155,151,23,11,12,1,1,0,2,1,1,280,142,138
WILLACY COUNTY,489,12 Years,317,168,149,20,12,8,0,0,0,3,2,1,294,154,140
WILLACY COUNTY,489,13 Years,300,156,144,23,13,10,1,0,1,2,1,1,274,142,132
WILLACY COUNTY,489,14 Years,306,156,150,21,10,11,1,1,0,3,2,1,281,143,138
WILLACY COUNTY,489,15 Years,314,171,143,20,11,9,2,2,0,4,4,0,288,154,134
WILLACY COUNTY,489,16 Years,321,166,155,21,11,10,1,0,1,5,2,3,294,153,141
WILLACY COUNTY,489,17 Years,310,164,146,21,14,7,1,0,1,3,2,1,285,148,137
WILLACY COUNTY,489,18 Years,336,174,162,24,12,12,0,0,0,3,2,1,309,160,149
WILLACY COUNTY,489,19 Years,360,204,156,26,13,13,5,5,0,7,6,1,322,180,142
WILLACY COUNTY,489,20 Years,387,229,158,28,19,9,7,7,0,3,2,1,349,201,148
WILLACY COUNTY,489,21 Years,410,255,155,26,19,7,10,9,1,8,7,1,366,220,146
WILLACY COUNTY,489,22 Years,419,271,148,19,10,9,18,18,0,9,9,0,373,234,139
WILLACY COUNTY,489,23 Years,419,277,142,21,14,7,18,17,1,7,7,0,373,239,134
WILLACY COUNTY,489,24 Years,424,282,142,26,19,7,17,17,0,7,5,2,374,241,133
WILLACY COUNTY,489,25 Years,381,248,133,25,17,8,15,13,2,6,4,2,335,214,121
WILLACY COUNTY,489,26 Years,357,232,125,23,16,7,18,17,1,3,2,1,313,197,116
WILLACY COUNTY,489,27 Years,356,231,125,23,17,6,17,16,1,8,7,1,308,191,117
WILLACY COUNTY,489,28 Years,337,214,123,25,17,8,13,13,0,5,3,2,294,181,113
WILLACY COUNTY,489,29 Years,304,200,104,15,10,5,12,12,0,2,1,1,275,177,98
WILLACY COUNTY,489,30 Years,340,222,118,15,8,7,17,16,1,5,4,1,303,194,109
WILLACY COUNTY,489,31 Years,337,221,116,22,15,7,14,12,2,3,3,0,298,191,107
WILLACY COUNTY,489,32 Years,330,214,116,19,13,6,18,15,3,5,5,0,288,181,107
WILLACY COUNTY,489,33 Years,308,185,123,20,10,10,13,11,2,4,4,0,271,160,111
WILLACY COUNTY,489,34 Years,287,175,112,22,12,10,8,7,1,2,2,0,255,154,101
WILLACY COUNTY,489,35 Years,314,183,131,18,10,8,12,12,0,5,5,0,279,156,123
WILLACY COUNTY,489,36 Years,318,184,134,11,7,4,10,10,0,2,1,1,295,166,129
WILLACY COUNTY,489,37 Years,296,164,132,17,12,5,7,7,0,3,2,1,269,143,126
WILLACY COUNTY,489,38 Years,289,173,116,18,12,6,4,4,0,4,3,1,263,154,109
WILLACY COUNTY,489,39 Years,308,189,119,25,15,10,8,7,1,4,3,1,271,164,107
WILLACY COUNTY,489,40 Years,291,182,109,29,18,11,8,6,2,5,4,1,249,154,95
WILLACY COUNTY,489,41 Years,280,152,128,26,15,11,7,6,1,2,2,0,245,129,116
WILLACY COUNTY,489,42 Years,278,158,120,28,18,10,8,7,1,3,2,1,239,131,108
WILLACY COUNTY,489,43 Years,252,140,112,26,15,11,2,2,0,2,2,0,222,121,101
WILLACY COUNTY,489,44 Years,247,137,110,27,14,13,2,2,0,4,2,2,214,119,95
WILLACY COUNTY,489,45 Years,239,129,110,19,12,7,2,2,0,3,2,1,215,113,102
WILLACY COUNTY,489,46 Years,258,145,113,23,16,7,4,4,0,2,2,0,229,123,106
WILLACY COUNTY,489,47 Years,222,130,92,24,15,9,2,2,0,2,2,0,194,111,83
WILLACY COUNTY,489,48 Years,263,127,136,23,12,11,5,5,0,2,1,1,233,109,124
WILLACY COUNTY,489,49 Years,263,135,128,24,14,10,5,5,0,3,1,2,231,115,116
WILLACY COUNTY,489,50 Years,241,116,125,25,13,12,7,7,0,3,2,1,206,94,112
WILLACY COUNTY,489,51 Years,237,110,127,19,10,9,4,4,0,4,3,1,210,93,117
WILLACY COUNTY,489,52 Years,239,123,116,24,14,10,2,2,0,4,2,2,209,105,104
WILLACY COUNTY,489,53 Years,270,148,122,33,16,17,5,4,1,4,2,2,228,126,102
WILLACY COUNTY,489,54 Years,252,142,110,25,14,11,4,4,0,1,1,0,222,123,99
WILLACY COUNTY,489,55 Years,229,121,108,33,16,17,2,2,0,0,0,0,194,103,91
WILLACY COUNTY,489,56 Years,222,105,117,36,16,20,0,0,0,1,0,1,185,89,96
WILLACY COUNTY,489,57 Years,226,115,111,22,10,12,2,2,0,1,0,1,201,103,98
WILLACY COUNTY,489,58 Years,238,103,135,32,13,19,2,2,0,2,0,2,202,88,114
WILLACY COUNTY,489,59 Years,226,101,125,30,13,17,1,1,0,2,1,1,193,86,107
WILLACY COUNTY,489,60 Years,229,109,120,30,15,15,1,1,0,1,0,1,197,93,104
WILLACY COUNTY,489,61 Years,215,94,121,28,14,14,0,0,0,1,0,1,186,80,106
WILLACY COUNTY,489,62 Years,187,84,103,27,13,14,1,0,1,0,0,0,159,71,88
WILLACY COUNTY,489,63 Years,192,93,99,31,13,18,1,0,1,2,2,0,158,78,80
WILLACY COUNTY,489,64 Years,212,113,99,34,16,18,2,2,0,0,0,0,176,95,81
WILLACY COUNTY,489,65 Years,176,87,89,25,16,9,1,1,0,0,0,0,150,70,80
WILLACY COUNTY,489,66 Years,177,78,99,29,18,11,2,1,1,0,0,0,146,59,87
WILLACY COUNTY,489,67 Years,180,92,88,32,17,15,2,2,0,1,0,1,145,73,72
WILLACY COUNTY,489,68 Years,167,93,74,39,24,15,1,1,0,0,0,0,127,68,59
WILLACY COUNTY,489,69 Years,153,81,72,39,20,19,1,0,1,0,0,0,113,61,52
WILLACY COUNTY,489,70 Years,140,67,73,46,21,25,0,0,0,2,1,1,92,45,47
WILLACY COUNTY,489,71 Years,144,68,76,41,20,21,1,1,0,1,1,0,101,46,55
WILLACY COUNTY,489,72 Years,141,61,80,37,20,17,1,0,1,0,0,0,103,41,62
WILLACY COUNTY,489,73 Years,127,53,74,32,18,14,1,0,1,1,0,1,93,35,58
WILLACY COUNTY,489,74 Years,117,53,64,38,19,19,1,1,0,1,0,1,77,33,44
WILLACY COUNTY,489,75 Years,111,57,54,31,19,12,1,1,0,0,0,0,79,37,42
WILLACY COUNTY,489,76 Years,91,48,43,26,16,10,0,0,0,1,1,0,64,31,33
WILLACY COUNTY,489,77 Years,86,35,51,21,11,10,0,0,0,1,0,1,64,24,40
WILLACY COUNTY,489,78 Years,93,41,52,19,9,10,0,0,0,0,0,0,74,32,42
WILLACY COUNTY,489,79 Years,90,41,49,22,11,11,0,0,0,0,0,0,68,30,38
WILLACY COUNTY,489,80 Years,92,34,58,24,8,16,0,0,0,0,0,0,68,26,42
WILLACY COUNTY,489,81 Years,71,24,47,15,7,8,1,0,1,0,0,0,55,17,38
WILLACY COUNTY,489,82 Years,80,26,54,16,5,11,0,0,0,1,1,0,63,20,43
WILLACY COUNTY,489,83 Years,61,26,35,11,5,6,0,0,0,0,0,0,50,21,29
WILLACY COUNTY,489,84 Years,73,25,48,14,6,8,0,0,0,1,0,1,58,19,39
WILLACY COUNTY,489,85 Years +,337,131,206,70,26,44,3,1,2,0,0,0,264,104,160
WILLIAMSON COUNTY,491,All Ages,463178,225697,237481,284787,137445,147342,27936,13700,14236,35598,17122,18476,114857,57430,57427
WILLIAMSON COUNTY,491,< 1 Year,6208,3186,3022,3329,1696,1633,331,169,162,655,343,312,1893,978,915
WILLIAMSON COUNTY,491,1 Years,6062,3090,2972,3319,1692,1627,330,168,162,502,258,244,1911,972,939
WILLIAMSON COUNTY,491,2 Years,5961,3037,2924,3280,1672,1608,318,162,156,523,269,254,1840,934,906
WILLIAMSON COUNTY,491,3 Years,6233,3158,3075,3217,1622,1595,324,163,161,665,363,302,2027,1010,1017
WILLIAMSON COUNTY,491,4 Years,6567,3295,3272,3335,1648,1687,350,176,174,737,393,344,2145,1078,1067
WILLIAMSON COUNTY,491,5 Years,6978,3555,3423,3524,1793,1731,388,192,196,819,419,400,2247,1151,1096
WILLIAMSON COUNTY,491,6 Years,7182,3660,3522,3609,1827,1782,390,184,206,850,439,411,2333,1210,1123
WILLIAMSON COUNTY,491,7 Years,7324,3758,3566,3654,1858,1796,420,208,212,864,447,417,2386,1245,1141
WILLIAMSON COUNTY,491,8 Years,7532,3888,3644,3821,1985,1836,420,221,199,866,424,442,2425,1258,1167
WILLIAMSON COUNTY,491,9 Years,7692,3920,3772,3908,2009,1899,478,242,236,824,400,424,2482,1269,1213
WILLIAMSON COUNTY,491,10 Years,7658,3901,3757,3926,2014,1912,524,269,255,743,362,381,2465,1256,1209
WILLIAMSON COUNTY,491,11 Years,7782,3940,3842,3971,2004,1967,538,285,253,711,354,357,2562,1297,1265
WILLIAMSON COUNTY,491,12 Years,7956,4062,3894,4047,2069,1978,535,274,261,724,365,359,2650,1354,1296
WILLIAMSON COUNTY,491,13 Years,7797,4027,3770,4045,2097,1948,553,285,268,637,314,323,2562,1331,1231
WILLIAMSON COUNTY,491,14 Years,7613,3932,3681,3933,2004,1929,556,293,263,616,303,313,2508,1332,1176
WILLIAMSON COUNTY,491,15 Years,7420,3805,3615,3835,1931,1904,547,282,265,619,319,300,2419,1273,1146
WILLIAMSON COUNTY,491,16 Years,7278,3751,3527,3755,1922,1833,529,267,262,642,326,316,2352,1236,1116
WILLIAMSON COUNTY,491,17 Years,6937,3575,3362,3544,1824,1720,558,274,284,600,296,304,2235,1181,1054
WILLIAMSON COUNTY,491,18 Years,6519,3354,3165,3331,1719,1612,533,271,262,517,251,266,2138,1113,1025
WILLIAMSON COUNTY,491,19 Years,5939,3045,2894,2966,1496,1470,487,264,223,470,233,237,2016,1052,964
WILLIAMSON COUNTY,491,20 Years,5537,2889,2648,2796,1447,1349,457,242,215,403,204,199,1881,996,885
WILLIAMSON COUNTY,491,21 Years,5091,2611,2480,2535,1293,1242,397,213,184,352,169,183,1807,936,871
WILLIAMSON COUNTY,491,22 Years,4578,2315,2263,2240,1100,1140,346,185,161,313,166,147,1679,864,815
WILLIAMSON COUNTY,491,23 Years,4538,2341,2197,2293,1145,1148,350,195,155,287,145,142,1608,856,752
WILLIAMSON COUNTY,491,24 Years,4542,2305,2237,2315,1114,1201,329,174,155,295,144,151,1603,873,730
WILLIAMSON COUNTY,491,25 Years,4693,2340,2353,2471,1166,1305,310,160,150,294,140,154,1618,874,744
WILLIAMSON COUNTY,491,26 Years,4876,2402,2474,2645,1256,1389,323,174,149,287,124,163,1621,848,773
WILLIAMSON COUNTY,491,27 Years,5218,2523,2695,2900,1373,1527,363,187,176,316,136,180,1639,827,812
WILLIAMSON COUNTY,491,28 Years,5667,2723,2944,3303,1554,1749,356,197,159,361,168,193,1647,804,843
WILLIAMSON COUNTY,491,29 Years,6015,2847,3168,3593,1631,1962,325,170,155,390,185,205,1707,861,846
WILLIAMSON COUNTY,491,30 Years,6483,3069,3414,3839,1779,2060,347,168,179,449,210,239,1848,912,936
WILLIAMSON COUNTY,491,31 Years,6758,3167,3591,4044,1870,2174,386,198,188,501,207,294,1827,892,935
WILLIAMSON COUNTY,491,32 Years,7018,3324,3694,4163,1994,2169,404,201,203,540,221,319,1911,908,1003
WILLIAMSON COUNTY,491,33 Years,7508,3527,3981,4408,2078,2330,451,229,222,610,255,355,2039,965,1074
WILLIAMSON COUNTY,491,34 Years,7587,3531,4056,4508,2067,2441,424,201,223,651,278,373,2004,985,1019
WILLIAMSON COUNTY,491,35 Years,7752,3633,4119,4679,2158,2521,431,199,232,685,303,382,1957,973,984
WILLIAMSON COUNTY,491,36 Years,7911,3746,4165,4686,2192,2494,433,198,235,782,363,419,2010,993,1017
WILLIAMSON COUNTY,491,37 Years,7846,3720,4126,4607,2198,2409,478,211,267,779,353,426,1982,958,1024
WILLIAMSON COUNTY,491,38 Years,7929,3844,4085,4660,2290,2370,470,221,249,809,366,443,1990,967,1023
WILLIAMSON COUNTY,491,39 Years,7909,3874,4035,4574,2292,2282,516,236,280,822,388,434,1997,958,1039
WILLIAMSON COUNTY,491,40 Years,7801,3774,4027,4599,2280,2319,532,259,273,745,354,391,1925,881,1044
WILLIAMSON COUNTY,491,41 Years,7979,3894,4085,4796,2383,2413,526,251,275,742,349,393,1915,911,1004
WILLIAMSON COUNTY,491,42 Years,8236,4124,4112,5079,2593,2486,554,260,294,694,344,350,1909,927,982
WILLIAMSON COUNTY,491,43 Years,8238,4091,4147,5125,2581,2544,533,245,288,692,333,359,1888,932,956
WILLIAMSON COUNTY,491,44 Years,7605,3797,3808,4737,2382,2355,518,255,263,632,310,322,1718,850,868
WILLIAMSON COUNTY,491,45 Years,6960,3523,3437,4347,2227,2120,500,249,251,559,285,274,1554,762,792
WILLIAMSON COUNTY,491,46 Years,6515,3252,3263,4144,2103,2041,442,210,232,525,252,273,1404,687,717
WILLIAMSON COUNTY,491,47 Years,6408,3141,3267,4059,1989,2070,463,210,253,474,234,240,1412,708,704
WILLIAMSON COUNTY,491,48 Years,6557,3256,3301,4175,2081,2094,474,215,259,479,233,246,1429,727,702
WILLIAMSON COUNTY,491,49 Years,6616,3260,3356,4311,2127,2184,462,212,250,474,233,241,1369,688,681
WILLIAMSON COUNTY,491,50 Years,6516,3173,3343,4368,2123,2245,438,209,229,455,221,234,1255,620,635
WILLIAMSON COUNTY,491,51 Years,6282,3090,3192,4307,2115,2192,428,210,218,397,192,205,1150,573,577
WILLIAMSON COUNTY,491,52 Years,6118,3000,3118,4251,2090,2161,406,200,206,358,168,190,1103,542,561
WILLIAMSON COUNTY,491,53 Years,5965,2927,3038,4218,2057,2161,388,203,185,348,170,178,1011,497,514
WILLIAMSON COUNTY,491,54 Years,5511,2706,2805,3911,1924,1987,375,184,191,319,152,167,906,446,460
WILLIAMSON COUNTY,491,55 Years,5371,2602,2769,3876,1889,1987,320,160,160,297,145,152,878,408,470
WILLIAMSON COUNTY,491,56 Years,5144,2450,2694,3726,1775,1951,323,155,168,263,129,134,832,391,441
WILLIAMSON COUNTY,491,57 Years,4933,2368,2565,3607,1743,1864,326,157,169,252,124,128,748,344,404
WILLIAMSON COUNTY,491,58 Years,4834,2280,2554,3571,1683,1888,309,144,165,243,107,136,711,346,365
WILLIAMSON COUNTY,491,59 Years,4587,2113,2474,3456,1595,1861,237,109,128,224,97,127,670,312,358
WILLIAMSON COUNTY,491,60 Years,4484,2046,2438,3423,1554,1869,223,94,129,226,100,126,612,298,314
WILLIAMSON COUNTY,491,61 Years,4229,1901,2328,3209,1448,1761,221,94,127,218,84,134,581,275,306
WILLIAMSON COUNTY,491,62 Years,4070,1875,2195,3138,1461,1677,214,90,124,210,89,121,508,235,273
WILLIAMSON COUNTY,491,63 Years,4017,1785,2232,3138,1395,1743,193,86,107,215,87,128,471,217,254
WILLIAMSON COUNTY,491,64 Years,3877,1695,2182,3036,1322,1714,180,80,100,200,81,119,461,212,249
WILLIAMSON COUNTY,491,65 Years,3942,1723,2219,3181,1390,1791,157,71,86,194,83,111,410,179,231
WILLIAMSON COUNTY,491,66 Years,3949,1755,2194,3234,1440,1794,147,69,78,184,79,105,384,167,217
WILLIAMSON COUNTY,491,67 Years,3256,1481,1775,2654,1218,1436,105,44,61,150,66,84,347,153,194
WILLIAMSON COUNTY,491,68 Years,3057,1372,1685,2500,1131,1369,96,38,58,139,64,75,322,139,183
WILLIAMSON COUNTY,491,69 Years,3077,1373,1704,2560,1137,1423,91,46,45,130,62,68,296,128,168
WILLIAMSON COUNTY,491,70 Years,3001,1351,1650,2505,1128,1377,96,45,51,122,62,60,278,116,162
WILLIAMSON COUNTY,491,71 Years,2764,1259,1505,2325,1062,1263,81,39,42,101,47,54,257,111,146
WILLIAMSON COUNTY,491,72 Years,2480,1121,1359,2096,961,1135,66,27,39,97,43,54,221,90,131
WILLIAMSON COUNTY,491,73 Years,2193,1013,1180,1826,849,977,55,22,33,99,51,48,213,91,122
WILLIAMSON COUNTY,491,74 Years,2052,939,1113,1721,795,926,50,23,27,88,44,44,193,77,116
WILLIAMSON COUNTY,491,75 Years,1898,858,1040,1598,725,873,47,22,25,74,35,39,179,76,103
WILLIAMSON COUNTY,491,76 Years,1777,800,977,1478,665,813,52,18,34,70,36,34,177,81,96
WILLIAMSON COUNTY,491,77 Years,1587,705,882,1336,597,739,36,10,26,60,30,30,155,68,87
WILLIAMSON COUNTY,491,78 Years,1478,652,826,1247,554,693,32,10,22,53,24,29,146,64,82
WILLIAMSON COUNTY,491,79 Years,1364,599,765,1152,505,647,35,12,23,54,26,28,123,56,67
WILLIAMSON COUNTY,491,80 Years,1262,530,732,1088,464,624,31,10,21,41,17,24,102,39,63
WILLIAMSON COUNTY,491,81 Years,1150,487,663,999,432,567,24,6,18,31,12,19,96,37,59
WILLIAMSON COUNTY,491,82 Years,1063,455,608,920,403,517,21,5,16,26,12,14,96,35,61
WILLIAMSON COUNTY,491,83 Years,1010,433,577,880,384,496,15,5,10,24,11,13,91,33,58
WILLIAMSON COUNTY,491,84 Years,906,362,544,799,323,476,19,5,14,21,11,10,67,23,44
WILLIAMSON COUNTY,491,85 Years +,4965,1636,3329,4473,1483,2990,90,24,66,89,31,58,313,98,215
WILSON COUNTY,493,All Ages,45680,22748,22932,26528,13239,13289,663,356,307,762,346,416,17727,8807,8920
WILSON COUNTY,493,< 1 Year,462,237,225,244,126,118,5,3,2,8,5,3,205,103,102
WILSON COUNTY,493,1 Years,442,225,217,226,115,111,5,3,2,7,3,4,204,104,100
WILSON COUNTY,493,2 Years,439,226,213,228,116,112,4,3,1,8,4,4,199,103,96
WILSON COUNTY,493,3 Years,469,226,243,219,100,119,6,3,3,9,4,5,235,119,116
WILSON COUNTY,493,4 Years,512,257,255,230,108,122,6,4,2,9,5,4,267,140,127
WILSON COUNTY,493,5 Years,532,279,253,254,136,118,4,2,2,12,8,4,262,133,129
WILSON COUNTY,493,6 Years,573,287,286,263,134,129,4,1,3,18,12,6,288,140,148
WILSON COUNTY,493,7 Years,597,309,288,280,144,136,4,2,2,14,8,6,299,155,144
WILSON COUNTY,493,8 Years,629,325,304,291,149,142,3,1,2,18,11,7,317,164,153
WILSON COUNTY,493,9 Years,651,351,300,322,175,147,7,5,2,16,11,5,306,160,146
WILSON COUNTY,493,10 Years,692,349,343,342,171,171,6,3,3,13,6,7,331,169,162
WILSON COUNTY,493,11 Years,719,373,346,363,198,165,5,2,3,10,3,7,341,170,171
WILSON COUNTY,493,12 Years,757,399,358,395,211,184,5,1,4,8,6,2,349,181,168
WILSON COUNTY,493,13 Years,771,409,362,401,210,191,9,4,5,12,8,4,349,187,162
WILSON COUNTY,493,14 Years,758,406,352,381,205,176,9,6,3,9,5,4,359,190,169
WILSON COUNTY,493,15 Years,754,400,354,384,211,173,13,5,8,16,10,6,341,174,167
WILSON COUNTY,493,16 Years,750,377,373,369,186,183,14,7,7,18,10,8,349,174,175
WILSON COUNTY,493,17 Years,763,375,388,388,178,210,10,6,4,20,12,8,345,179,166
WILSON COUNTY,493,18 Years,708,363,345,353,178,175,10,5,5,20,12,8,325,168,157
WILSON COUNTY,493,19 Years,656,333,323,314,171,143,10,4,6,16,7,9,316,151,165
WILSON COUNTY,493,20 Years,636,336,300,299,166,133,12,4,8,14,6,8,311,160,151
WILSON COUNTY,493,21 Years,590,322,268,261,137,124,10,5,5,13,7,6,306,173,133
WILSON COUNTY,493,22 Years,485,259,226,198,106,92,6,4,2,7,3,4,274,146,128
WILSON COUNTY,493,23 Years,439,246,193,189,106,83,8,5,3,10,5,5,232,130,102
WILSON COUNTY,493,24 Years,402,215,187,184,98,86,6,3,3,7,3,4,205,111,94
WILSON COUNTY,493,25 Years,379,192,187,188,95,93,7,3,4,6,2,4,178,92,86
WILSON COUNTY,493,26 Years,372,186,186,198,99,99,6,5,1,4,1,3,164,81,83
WILSON COUNTY,493,27 Years,352,165,187,181,91,90,2,1,1,6,4,2,163,69,94
WILSON COUNTY,493,28 Years,362,166,196,188,91,97,5,3,2,5,1,4,164,71,93
WILSON COUNTY,493,29 Years,415,202,213,223,107,116,7,4,3,7,2,5,178,89,89
WILSON COUNTY,493,30 Years,415,197,218,220,100,120,8,5,3,5,0,5,182,92,90
WILSON COUNTY,493,31 Years,420,204,216,228,102,126,8,5,3,6,3,3,178,94,84
WILSON COUNTY,493,32 Years,469,228,241,261,116,145,3,1,2,7,3,4,198,108,90
WILSON COUNTY,493,33 Years,491,235,256,275,137,138,2,2,0,7,2,5,207,94,113
WILSON COUNTY,493,34 Years,473,220,253,289,138,151,4,3,1,3,0,3,177,79,98
WILSON COUNTY,493,35 Years,476,212,264,289,126,163,5,3,2,7,3,4,175,80,95
WILSON COUNTY,493,36 Years,496,243,253,297,146,151,2,1,1,5,3,2,192,93,99
WILSON COUNTY,493,37 Years,530,244,286,312,157,155,4,2,2,7,3,4,207,82,125
WILSON COUNTY,493,38 Years,571,274,297,347,171,176,4,3,1,4,2,2,216,98,118
WILSON COUNTY,493,39 Years,533,275,258,307,161,146,5,3,2,6,2,4,215,109,106
WILSON COUNTY,493,40 Years,594,295,299,339,169,170,6,2,4,7,3,4,242,121,121
WILSON COUNTY,493,41 Years,664,321,343,403,199,204,7,4,3,4,1,3,250,117,133
WILSON COUNTY,493,42 Years,678,318,360,420,203,217,6,5,1,5,2,3,247,108,139
WILSON COUNTY,493,43 Years,683,322,361,428,210,218,8,3,5,12,6,6,235,103,132
WILSON COUNTY,493,44 Years,670,321,349,404,197,207,6,2,4,10,3,7,250,119,131
WILSON COUNTY,493,45 Years,658,320,338,392,190,202,5,4,1,12,6,6,249,120,129
WILSON COUNTY,493,46 Years,677,343,334,406,204,202,9,5,4,17,6,11,245,128,117
WILSON COUNTY,493,47 Years,722,376,346,423,220,203,12,7,5,14,4,10,273,145,128
WILSON COUNTY,493,48 Years,763,379,384,446,218,228,11,5,6,19,6,13,287,150,137
WILSON COUNTY,493,49 Years,771,376,395,469,226,243,13,7,6,16,7,9,273,136,137
WILSON COUNTY,493,50 Years,778,385,393,480,244,236,13,5,8,13,7,6,272,129,143
WILSON COUNTY,493,51 Years,757,383,374,471,244,227,11,3,8,16,8,8,259,128,131
WILSON COUNTY,493,52 Years,804,398,406,502,248,254,13,7,6,15,6,9,274,137,137
WILSON COUNTY,493,53 Years,779,389,390,512,263,249,19,12,7,15,7,8,233,107,126
WILSON COUNTY,493,54 Years,729,361,368,470,239,231,19,9,10,15,5,10,225,108,117
WILSON COUNTY,493,55 Years,722,347,375,457,222,235,12,7,5,15,5,10,238,113,125
WILSON COUNTY,493,56 Years,689,329,360,456,219,237,13,8,5,10,2,8,210,100,110
WILSON COUNTY,493,57 Years,699,350,349,441,219,222,16,7,9,9,4,5,233,120,113
WILSON COUNTY,493,58 Years,694,337,357,435,212,223,18,8,10,7,3,4,234,114,120
WILSON COUNTY,493,59 Years,674,318,356,435,194,241,14,10,4,7,2,5,218,112,106
WILSON COUNTY,493,60 Years,631,306,325,414,190,224,10,8,2,11,3,8,196,105,91
WILSON COUNTY,493,61 Years,610,276,334,407,184,223,8,5,3,9,3,6,186,84,102
WILSON COUNTY,493,62 Years,586,278,308,390,186,204,13,7,6,9,3,6,174,82,92
WILSON COUNTY,493,63 Years,610,308,302,412,209,203,11,7,4,11,4,7,176,88,88
WILSON COUNTY,493,64 Years,590,295,295,412,200,212,8,6,2,9,2,7,161,87,74
WILSON COUNTY,493,65 Years,550,285,265,396,205,191,12,8,4,7,3,4,135,69,66
WILSON COUNTY,493,66 Years,531,265,266,379,197,182,11,7,4,7,3,4,134,58,76
WILSON COUNTY,493,67 Years,476,242,234,324,163,161,9,3,6,4,2,2,139,74,65
WILSON COUNTY,493,68 Years,432,228,204,282,149,133,7,5,2,2,1,1,141,73,68
WILSON COUNTY,493,69 Years,404,201,203,270,136,134,9,5,4,5,3,2,120,57,63
WILSON COUNTY,493,70 Years,377,190,187,254,136,118,7,5,2,9,3,6,107,46,61
WILSON COUNTY,493,71 Years,338,176,162,226,119,107,6,4,2,9,2,7,97,51,46
WILSON COUNTY,493,72 Years,294,160,134,213,117,96,5,3,2,3,1,2,73,39,34
WILSON COUNTY,493,73 Years,287,146,141,208,104,104,5,2,3,2,2,0,72,38,34
WILSON COUNTY,493,74 Years,271,135,136,200,101,99,7,4,3,5,3,2,59,27,32
WILSON COUNTY,493,75 Years,243,114,129,178,90,88,8,3,5,2,1,1,55,20,35
WILSON COUNTY,493,76 Years,213,105,108,148,78,70,5,2,3,2,1,1,58,24,34
WILSON COUNTY,493,77 Years,189,98,91,129,71,58,3,1,2,1,0,1,56,26,30
WILSON COUNTY,493,78 Years,184,82,102,124,61,63,1,0,1,2,0,2,57,21,36
WILSON COUNTY,493,79 Years,173,74,99,111,49,62,4,2,2,1,0,1,57,23,34
WILSON COUNTY,493,80 Years,182,91,91,124,59,65,5,4,1,0,0,0,53,28,25
WILSON COUNTY,493,81 Years,191,97,94,125,64,61,4,3,1,5,3,2,57,27,30
WILSON COUNTY,493,82 Years,158,79,79,110,58,52,2,1,1,2,2,0,44,18,26
WILSON COUNTY,493,83 Years,140,66,74,99,47,52,2,0,2,2,1,1,37,18,19
WILSON COUNTY,493,84 Years,119,60,59,86,43,43,2,1,1,2,1,1,29,15,14
WILSON COUNTY,493,85 Years +,756,296,460,537,211,326,15,5,10,6,1,5,198,79,119
WINKLER COUNTY,495,All Ages,7516,3787,3729,3132,1567,1565,132,63,69,134,76,58,4118,2081,2037
WINKLER COUNTY,495,< 1 Year,117,63,54,37,20,17,1,1,0,1,1,0,78,41,37
WINKLER COUNTY,495,1 Years,110,55,55,34,17,17,1,0,1,1,0,1,74,38,36
WINKLER COUNTY,495,2 Years,107,56,51,33,17,16,1,1,0,1,1,0,72,37,35
WINKLER COUNTY,495,3 Years,123,63,60,40,23,17,4,4,0,3,3,0,76,33,43
WINKLER COUNTY,495,4 Years,132,69,63,39,26,13,3,2,1,4,1,3,86,40,46
WINKLER COUNTY,495,5 Years,130,68,62,43,26,17,1,0,1,5,1,4,81,41,40
WINKLER COUNTY,495,6 Years,120,66,54,37,21,16,1,0,1,4,3,1,78,42,36
WINKLER COUNTY,495,7 Years,122,58,64,31,15,16,1,0,1,6,5,1,84,38,46
WINKLER COUNTY,495,8 Years,104,52,52,32,13,19,2,2,0,3,2,1,67,35,32
WINKLER COUNTY,495,9 Years,111,63,48,29,14,15,3,1,2,2,2,0,77,46,31
WINKLER COUNTY,495,10 Years,125,64,61,40,19,21,3,1,2,2,2,0,80,42,38
WINKLER COUNTY,495,11 Years,103,46,57,26,13,13,3,0,3,3,2,1,71,31,40
WINKLER COUNTY,495,12 Years,122,66,56,32,16,16,5,2,3,3,0,3,82,48,34
WINKLER COUNTY,495,13 Years,105,53,52,35,17,18,3,1,2,2,1,1,65,34,31
WINKLER COUNTY,495,14 Years,105,57,48,27,17,10,0,0,0,3,3,0,75,37,38
WINKLER COUNTY,495,15 Years,125,59,66,40,21,19,0,0,0,3,2,1,82,36,46
WINKLER COUNTY,495,16 Years,128,64,64,36,20,16,1,0,1,3,2,1,88,42,46
WINKLER COUNTY,495,17 Years,121,65,56,39,19,20,2,1,1,4,3,1,76,42,34
WINKLER COUNTY,495,18 Years,109,58,51,42,20,22,2,1,1,1,1,0,64,36,28
WINKLER COUNTY,495,19 Years,123,67,56,37,18,19,3,1,2,5,2,3,78,46,32
WINKLER COUNTY,495,20 Years,117,55,62,35,15,20,1,0,1,2,0,2,79,40,39
WINKLER COUNTY,495,21 Years,96,55,41,32,20,12,0,0,0,2,2,0,62,33,29
WINKLER COUNTY,495,22 Years,89,53,36,30,18,12,0,0,0,2,2,0,57,33,24
WINKLER COUNTY,495,23 Years,91,46,45,25,13,12,1,1,0,3,1,2,62,31,31
WINKLER COUNTY,495,24 Years,83,43,40,29,15,14,3,1,2,1,0,1,50,27,23
WINKLER COUNTY,495,25 Years,73,42,31,33,14,19,1,1,0,1,1,0,38,26,12
WINKLER COUNTY,495,26 Years,81,44,37,41,22,19,1,1,0,2,0,2,37,21,16
WINKLER COUNTY,495,27 Years,90,45,45,29,15,14,1,1,0,1,0,1,59,29,30
WINKLER COUNTY,495,28 Years,90,37,53,32,15,17,3,0,3,1,0,1,54,22,32
WINKLER COUNTY,495,29 Years,97,51,46,35,19,16,1,0,1,1,0,1,60,32,28
WINKLER COUNTY,495,30 Years,103,56,47,36,18,18,3,3,0,1,0,1,63,35,28
WINKLER COUNTY,495,31 Years,100,52,48,35,17,18,2,1,1,1,1,0,62,33,29
WINKLER COUNTY,495,32 Years,86,45,41,33,19,14,2,1,1,2,2,0,49,23,26
WINKLER COUNTY,495,33 Years,83,41,42,30,14,16,1,1,0,3,1,2,49,25,24
WINKLER COUNTY,495,34 Years,74,32,42,28,13,15,1,0,1,2,2,0,43,17,26
WINKLER COUNTY,495,35 Years,86,41,45,31,13,18,0,0,0,0,0,0,55,28,27
WINKLER COUNTY,495,36 Years,85,41,44,33,19,14,2,2,0,1,1,0,49,19,30
WINKLER COUNTY,495,37 Years,101,57,44,33,22,11,1,1,0,2,2,0,65,32,33
WINKLER COUNTY,495,38 Years,90,41,49,28,14,14,2,2,0,2,2,0,58,23,35
WINKLER COUNTY,495,39 Years,81,38,43,33,15,18,1,1,0,1,1,0,46,21,25
WINKLER COUNTY,495,40 Years,83,37,46,41,15,26,1,1,0,2,0,2,39,21,18
WINKLER COUNTY,495,41 Years,84,47,37,36,21,15,1,1,0,2,1,1,45,24,21
WINKLER COUNTY,495,42 Years,89,42,47,36,18,18,3,0,3,2,2,0,48,22,26
WINKLER COUNTY,495,43 Years,85,36,49,32,13,19,2,1,1,1,1,0,50,21,29
WINKLER COUNTY,495,44 Years,84,38,46,29,11,18,0,0,0,2,1,1,53,26,27
WINKLER COUNTY,495,45 Years,73,34,39,30,13,17,1,0,1,1,0,1,41,21,20
WINKLER COUNTY,495,46 Years,80,35,45,37,16,21,0,0,0,1,1,0,42,18,24
WINKLER COUNTY,495,47 Years,100,48,52,44,22,22,2,1,1,1,0,1,53,25,28
WINKLER COUNTY,495,48 Years,104,50,54,52,26,26,2,2,0,0,0,0,50,22,28
WINKLER COUNTY,495,49 Years,125,69,56,60,34,26,3,2,1,3,2,1,59,31,28
WINKLER COUNTY,495,50 Years,122,65,57,61,31,30,1,1,0,4,3,1,56,30,26
WINKLER COUNTY,495,51 Years,130,70,60,67,36,31,3,3,0,2,0,2,58,31,27
WINKLER COUNTY,495,52 Years,109,61,48,56,34,22,0,0,0,1,0,1,52,27,25
WINKLER COUNTY,495,53 Years,102,57,45,48,28,20,3,2,1,0,0,0,51,27,24
WINKLER COUNTY,495,54 Years,101,57,44,48,28,20,2,2,0,0,0,0,51,27,24
WINKLER COUNTY,495,55 Years,99,61,38,51,33,18,2,1,1,1,1,0,45,26,19
WINKLER COUNTY,495,56 Years,106,56,50,56,32,24,2,0,2,2,1,1,46,23,23
WINKLER COUNTY,495,57 Years,108,51,57,57,27,30,4,1,3,2,1,1,45,22,23
WINKLER COUNTY,495,58 Years,87,45,42,52,27,25,3,0,3,0,0,0,32,18,14
WINKLER COUNTY,495,59 Years,88,45,43,50,23,27,3,1,2,0,0,0,35,21,14
WINKLER COUNTY,495,60 Years,84,47,37,46,26,20,3,2,1,1,0,1,34,19,15
WINKLER COUNTY,495,61 Years,86,43,43,44,25,19,3,2,1,1,0,1,38,16,22
WINKLER COUNTY,495,62 Years,91,44,47,53,26,27,2,1,1,1,0,1,35,17,18
WINKLER COUNTY,495,63 Years,78,38,40,47,23,24,1,0,1,2,2,0,28,13,15
WINKLER COUNTY,495,64 Years,67,36,31,34,17,17,1,0,1,2,1,1,30,18,12
WINKLER COUNTY,495,65 Years,70,34,36,36,18,18,0,0,0,1,0,1,33,16,17
WINKLER COUNTY,495,66 Years,84,36,48,49,19,30,2,1,1,0,0,0,33,16,17
WINKLER COUNTY,495,67 Years,72,37,35,41,20,21,1,0,1,0,0,0,30,17,13
WINKLER COUNTY,495,68 Years,65,25,40,34,13,21,0,0,0,1,0,1,30,12,18
WINKLER COUNTY,495,69 Years,58,25,33,35,14,21,0,0,0,1,0,1,22,11,11
WINKLER COUNTY,495,70 Years,55,22,33,32,12,20,0,0,0,2,1,1,21,9,12
WINKLER COUNTY,495,71 Years,45,21,24,27,11,16,1,1,0,1,1,0,16,8,8
WINKLER COUNTY,495,72 Years,42,21,21,26,11,15,1,0,1,1,1,0,14,9,5
WINKLER COUNTY,495,73 Years,37,20,17,22,12,10,1,0,1,0,0,0,14,8,6
WINKLER COUNTY,495,74 Years,41,20,21,23,11,12,1,1,0,0,0,0,17,8,9
WINKLER COUNTY,495,75 Years,46,19,27,30,14,16,0,0,0,0,0,0,16,5,11
WINKLER COUNTY,495,76 Years,41,18,23,27,13,14,0,0,0,0,0,0,14,5,9
WINKLER COUNTY,495,77 Years,40,16,24,26,12,14,1,0,1,1,0,1,12,4,8
WINKLER COUNTY,495,78 Years,36,17,19,23,10,13,1,0,1,0,0,0,12,7,5
WINKLER COUNTY,495,79 Years,30,14,16,22,9,13,1,0,1,0,0,0,7,5,2
WINKLER COUNTY,495,80 Years,28,13,15,20,8,12,0,0,0,1,0,1,7,5,2
WINKLER COUNTY,495,81 Years,27,12,15,18,8,10,0,0,0,0,0,0,9,4,5
WINKLER COUNTY,495,82 Years,33,11,22,22,7,15,0,0,0,0,0,0,11,4,7
WINKLER COUNTY,495,83 Years,29,12,17,19,9,10,1,0,1,0,0,0,9,3,6
WINKLER COUNTY,495,84 Years,26,9,17,17,6,11,1,0,1,0,0,0,8,3,5
WINKLER COUNTY,495,85 Years +,108,46,62,66,23,43,5,1,4,1,1,0,36,21,15
WISE COUNTY,497,All Ages,61558,30923,30635,47662,23662,24000,577,383,194,1486,709,777,11833,6169,5664
WISE COUNTY,497,< 1 Year,764,382,382,534,266,268,5,2,3,16,8,8,209,106,103
WISE COUNTY,497,1 Years,753,385,368,531,271,260,6,3,3,13,7,6,203,104,99
WISE COUNTY,497,2 Years,742,380,362,530,271,259,6,3,3,13,7,6,193,99,94
WISE COUNTY,497,3 Years,737,388,349,484,258,226,6,1,5,30,14,16,217,115,102
WISE COUNTY,497,4 Years,780,380,400,519,251,268,7,4,3,25,13,12,229,112,117
WISE COUNTY,497,5 Years,822,422,400,540,279,261,4,3,1,23,13,10,255,127,128
WISE COUNTY,497,6 Years,831,442,389,539,282,257,8,5,3,27,17,10,257,138,119
WISE COUNTY,497,7 Years,836,442,394,557,295,262,5,2,3,27,17,10,247,128,119
WISE COUNTY,497,8 Years,825,426,399,539,277,262,4,2,2,32,19,13,250,128,122
WISE COUNTY,497,9 Years,855,420,435,570,291,279,3,2,1,32,12,20,250,115,135
WISE COUNTY,497,10 Years,871,429,442,593,298,295,3,2,1,31,13,18,244,116,128
WISE COUNTY,497,11 Years,897,463,434,606,317,289,9,4,5,25,12,13,257,130,127
WISE COUNTY,497,12 Years,961,494,467,656,334,322,8,4,4,23,9,14,274,147,127
WISE COUNTY,497,13 Years,979,494,485,660,344,316,12,5,7,29,10,19,278,135,143
WISE COUNTY,497,14 Years,952,512,440,658,357,301,5,3,2,27,14,13,262,138,124
WISE COUNTY,497,15 Years,978,509,469,691,364,327,4,2,2,29,15,14,254,128,126
WISE COUNTY,497,16 Years,971,492,479,685,353,332,3,1,2,25,15,10,258,123,135
WISE COUNTY,497,17 Years,939,484,455,655,335,320,6,4,2,24,15,9,254,130,124
WISE COUNTY,497,18 Years,896,472,424,630,333,297,10,8,2,33,19,14,223,112,111
WISE COUNTY,497,19 Years,820,437,383,572,307,265,4,4,0,38,19,19,206,107,99
WISE COUNTY,497,20 Years,809,438,371,558,309,249,7,3,4,33,13,20,211,113,98
WISE COUNTY,497,21 Years,768,406,362,521,282,239,9,4,5,27,14,13,211,106,105
WISE COUNTY,497,22 Years,714,365,349,479,250,229,6,3,3,26,15,11,203,97,106
WISE COUNTY,497,23 Years,707,358,349,479,231,248,5,4,1,22,13,9,201,110,91
WISE COUNTY,497,24 Years,699,365,334,476,234,242,6,4,2,17,6,11,200,121,79
WISE COUNTY,497,25 Years,663,341,322,444,217,227,9,5,4,15,6,9,195,113,82
WISE COUNTY,497,26 Years,697,367,330,458,225,233,13,12,1,14,8,6,212,122,90
WISE COUNTY,497,27 Years,681,370,311,463,246,217,13,10,3,16,6,10,189,108,81
WISE COUNTY,497,28 Years,681,361,320,469,236,233,9,7,2,16,8,8,187,110,77
WISE COUNTY,497,29 Years,690,351,339,481,229,252,11,7,4,18,7,11,180,108,72
WISE COUNTY,497,30 Years,719,360,359,486,239,247,16,8,8,15,3,12,202,110,92
WISE COUNTY,497,31 Years,760,365,395,530,246,284,18,9,9,15,5,10,197,105,92
WISE COUNTY,497,32 Years,729,358,371,515,249,266,17,12,5,13,4,9,184,93,91
WISE COUNTY,497,33 Years,713,352,361,511,251,260,10,7,3,12,4,8,180,90,90
WISE COUNTY,497,34 Years,700,350,350,509,249,260,11,8,3,12,4,8,168,89,79
WISE COUNTY,497,35 Years,688,340,348,512,249,263,8,7,1,12,5,7,156,79,77
WISE COUNTY,497,36 Years,679,328,351,485,222,263,16,13,3,12,7,5,166,86,80
WISE COUNTY,497,37 Years,705,377,328,520,267,253,15,12,3,12,7,5,158,91,67
WISE COUNTY,497,38 Years,719,373,346,545,274,271,11,9,2,13,4,9,150,86,64
WISE COUNTY,497,39 Years,740,378,362,536,271,265,8,7,1,20,8,12,176,92,84
WISE COUNTY,497,40 Years,766,369,397,563,266,297,10,7,3,19,9,10,174,87,87
WISE COUNTY,497,41 Years,822,379,443,628,288,340,14,11,3,18,7,11,162,73,89
WISE COUNTY,497,42 Years,879,431,448,681,331,350,17,14,3,23,10,13,158,76,82
WISE COUNTY,497,43 Years,877,433,444,695,342,353,9,6,3,25,14,11,148,71,77
WISE COUNTY,497,44 Years,818,394,424,646,306,340,9,7,2,15,8,7,148,73,75
WISE COUNTY,497,45 Years,843,411,432,657,310,347,10,8,2,22,12,10,154,81,73
WISE COUNTY,497,46 Years,862,429,433,670,327,343,9,7,2,25,14,11,158,81,77
WISE COUNTY,497,47 Years,919,472,447,736,371,365,14,12,2,20,12,8,149,77,72
WISE COUNTY,497,48 Years,933,473,460,756,375,381,13,11,2,21,11,10,143,76,67
WISE COUNTY,497,49 Years,969,468,501,807,383,424,9,5,4,27,11,16,126,69,57
WISE COUNTY,497,50 Years,1026,505,521,852,410,442,8,6,2,33,11,22,133,78,55
WISE COUNTY,497,51 Years,976,477,499,827,397,430,11,10,1,26,9,17,112,61,51
WISE COUNTY,497,52 Years,985,502,483,838,426,412,7,5,2,23,8,15,117,63,54
WISE COUNTY,497,53 Years,997,489,508,851,423,428,11,6,5,21,7,14,114,53,61
WISE COUNTY,497,54 Years,977,491,486,843,424,419,8,7,1,19,8,11,107,52,55
WISE COUNTY,497,55 Years,968,496,472,844,424,420,7,7,0,19,9,10,98,56,42
WISE COUNTY,497,56 Years,937,492,445,819,421,398,8,5,3,16,10,6,94,56,38
WISE COUNTY,497,57 Years,875,442,433,768,383,385,7,5,2,19,11,8,81,43,38
WISE COUNTY,497,58 Years,835,440,395,722,372,350,6,4,2,21,11,10,86,53,33
WISE COUNTY,497,59 Years,787,396,391,674,331,343,5,3,2,24,14,10,84,48,36
WISE COUNTY,497,60 Years,769,375,394,676,327,349,6,4,2,17,12,5,70,32,38
WISE COUNTY,497,61 Years,710,352,358,642,319,323,2,1,1,12,5,7,54,27,27
WISE COUNTY,497,62 Years,694,343,351,620,304,316,5,3,2,10,4,6,59,32,27
WISE COUNTY,497,63 Years,703,347,356,632,309,323,2,1,1,10,4,6,59,33,26
WISE COUNTY,497,64 Years,653,303,350,597,274,323,3,2,1,11,5,6,42,22,20
WISE COUNTY,497,65 Years,691,355,336,636,324,312,6,3,3,9,5,4,40,23,17
WISE COUNTY,497,66 Years,670,342,328,613,313,300,3,1,2,18,10,8,36,18,18
WISE COUNTY,497,67 Years,612,315,297,553,284,269,4,1,3,13,7,6,42,23,19
WISE COUNTY,497,68 Years,563,272,291,520,247,273,2,1,1,6,2,4,35,22,13
WISE COUNTY,497,69 Years,573,290,283,540,275,265,0,0,0,5,2,3,28,13,15
WISE COUNTY,497,70 Years,553,271,282,516,257,259,0,0,0,7,2,5,30,12,18
WISE COUNTY,497,71 Years,495,234,261,460,222,238,1,1,0,8,2,6,26,9,17
WISE COUNTY,497,72 Years,463,224,239,419,207,212,2,1,1,10,3,7,32,13,19
WISE COUNTY,497,73 Years,408,202,206,374,182,192,1,0,1,4,2,2,29,18,11
WISE COUNTY,497,74 Years,370,177,193,343,164,179,2,1,1,2,1,1,23,11,12
WISE COUNTY,497,75 Years,335,172,163,309,163,146,1,1,0,5,1,4,20,7,13
WISE COUNTY,497,76 Years,314,151,163,296,142,154,0,0,0,7,4,3,11,5,6
WISE COUNTY,497,77 Years,283,125,158,268,118,150,0,0,0,4,2,2,11,5,6
WISE COUNTY,497,78 Years,270,123,147,256,116,140,0,0,0,2,1,1,12,6,6
WISE COUNTY,497,79 Years,278,132,146,257,122,135,2,0,2,4,2,2,15,8,7
WISE COUNTY,497,80 Years,235,120,115,219,111,108,1,1,0,4,2,2,11,6,5
WISE COUNTY,497,81 Years,191,96,95,180,90,90,0,0,0,2,1,1,9,5,4
WISE COUNTY,497,82 Years,182,83,99,169,75,94,2,0,2,2,2,0,9,6,3
WISE COUNTY,497,83 Years,172,70,102,159,63,96,0,0,0,3,1,2,10,6,4
WISE COUNTY,497,84 Years,148,61,87,140,57,83,0,0,0,1,0,1,7,4,3
WISE COUNTY,497,85 Years +,702,243,459,665,228,437,4,0,4,12,6,6,21,9,12
WOOD COUNTY,499,All Ages,43106,21213,21893,36212,17638,18574,2034,1019,1015,894,430,464,3966,2126,1840
WOOD COUNTY,499,< 1 Year,415,213,202,318,164,154,15,8,7,12,6,6,70,35,35
WOOD COUNTY,499,1 Years,419,215,204,321,164,157,16,9,7,10,5,5,72,37,35
WOOD COUNTY,499,2 Years,418,215,203,324,166,158,16,9,7,10,6,4,68,34,34
WOOD COUNTY,499,3 Years,415,199,216,313,152,161,14,5,9,19,9,10,69,33,36
WOOD COUNTY,499,4 Years,440,229,211,317,171,146,17,8,9,16,8,8,90,42,48
WOOD COUNTY,499,5 Years,432,224,208,310,163,147,19,11,8,21,11,10,82,39,43
WOOD COUNTY,499,6 Years,460,248,212,341,181,160,14,7,7,21,10,11,84,50,34
WOOD COUNTY,499,7 Years,449,234,215,348,175,173,11,8,3,14,7,7,76,44,32
WOOD COUNTY,499,8 Years,440,237,203,328,174,154,14,8,6,18,10,8,80,45,35
WOOD COUNTY,499,9 Years,470,249,221,349,189,160,18,11,7,17,9,8,86,40,46
WOOD COUNTY,499,10 Years,477,236,241,347,171,176,22,12,10,21,10,11,87,43,44
WOOD COUNTY,499,11 Years,491,239,252,362,174,188,20,7,13,23,14,9,86,44,42
WOOD COUNTY,499,12 Years,531,269,262,378,189,189,27,14,13,22,14,8,104,52,52
WOOD COUNTY,499,13 Years,514,262,252,383,191,192,18,9,9,23,10,13,90,52,38
WOOD COUNTY,499,14 Years,527,264,263,397,199,198,14,5,9,20,8,12,96,52,44
WOOD COUNTY,499,15 Years,505,255,250,383,192,191,19,11,8,17,8,9,86,44,42
WOOD COUNTY,499,16 Years,530,254,276,412,195,217,24,13,11,17,8,9,77,38,39
WOOD COUNTY,499,17 Years,525,258,267,404,191,213,24,14,10,15,10,5,82,43,39
WOOD COUNTY,499,18 Years,518,273,245,390,197,193,39,32,7,12,7,5,77,37,40
WOOD COUNTY,499,19 Years,485,262,223,345,174,171,54,44,10,12,6,6,74,38,36
WOOD COUNTY,499,20 Years,449,245,204,311,161,150,50,36,14,10,5,5,78,43,35
WOOD COUNTY,499,21 Years,468,248,220,307,161,146,69,34,35,11,4,7,81,49,32
WOOD COUNTY,499,22 Years,483,258,225,296,158,138,101,50,51,7,3,4,79,47,32
WOOD COUNTY,499,23 Years,469,234,235,283,146,137,101,35,66,9,6,3,76,47,29
WOOD COUNTY,499,24 Years,449,222,227,280,138,142,90,37,53,8,5,3,71,42,29
WOOD COUNTY,499,25 Years,408,208,200,271,140,131,64,26,38,10,6,4,63,36,27
WOOD COUNTY,499,26 Years,371,200,171,262,136,126,38,23,15,7,2,5,64,39,25
WOOD COUNTY,499,27 Years,382,201,181,284,145,139,29,18,11,6,3,3,63,35,28
WOOD COUNTY,499,28 Years,334,173,161,256,127,129,21,12,9,6,3,3,51,31,20
WOOD COUNTY,499,29 Years,340,174,166,265,136,129,23,14,9,4,1,3,48,23,25
WOOD COUNTY,499,30 Years,325,166,159,251,127,124,16,8,8,4,2,2,54,29,25
WOOD COUNTY,499,31 Years,353,182,171,273,138,135,14,9,5,9,4,5,57,31,26
WOOD COUNTY,499,32 Years,380,189,191,305,148,157,17,12,5,6,3,3,52,26,26
WOOD COUNTY,499,33 Years,364,181,183,273,139,134,18,9,9,8,4,4,65,29,36
WOOD COUNTY,499,34 Years,381,194,187,306,154,152,16,7,9,8,4,4,51,29,22
WOOD COUNTY,499,35 Years,360,180,180,281,138,143,12,6,6,8,4,4,59,32,27
WOOD COUNTY,499,36 Years,374,184,190,293,142,151,14,6,8,7,3,4,60,33,27
WOOD COUNTY,499,37 Years,379,195,184,309,161,148,12,4,8,5,1,4,53,29,24
WOOD COUNTY,499,38 Years,380,200,180,317,167,150,10,5,5,5,2,3,48,26,22
WOOD COUNTY,499,39 Years,369,190,179,313,159,154,10,6,4,6,1,5,40,24,16
WOOD COUNTY,499,40 Years,392,176,216,325,144,181,9,2,7,6,1,5,52,29,23
WOOD COUNTY,499,41 Years,428,209,219,364,179,185,9,5,4,6,3,3,49,22,27
WOOD COUNTY,499,42 Years,438,233,205,371,198,173,13,9,4,10,7,3,44,19,25
WOOD COUNTY,499,43 Years,476,242,234,400,204,196,15,6,9,13,4,9,48,28,20
WOOD COUNTY,499,44 Years,464,244,220,389,201,188,14,8,6,8,2,6,53,33,20
WOOD COUNTY,499,45 Years,461,230,231,383,188,195,17,7,10,7,3,4,54,32,22
WOOD COUNTY,499,46 Years,449,220,229,378,176,202,20,11,9,7,3,4,44,30,14
WOOD COUNTY,499,47 Years,494,245,249,415,198,217,20,12,8,9,5,4,50,30,20
WOOD COUNTY,499,48 Years,528,259,269,456,216,240,22,14,8,9,2,7,41,27,14
WOOD COUNTY,499,49 Years,564,265,299,503,232,271,20,10,10,6,2,4,35,21,14
WOOD COUNTY,499,50 Years,541,262,279,471,228,243,20,8,12,9,3,6,41,23,18
WOOD COUNTY,499,51 Years,572,266,306,493,227,266,23,12,11,13,8,5,43,19,24
WOOD COUNTY,499,52 Years,612,310,302,536,275,261,21,14,7,20,9,11,35,12,23
WOOD COUNTY,499,53 Years,639,322,317,558,277,281,25,17,8,14,6,8,42,22,20
WOOD COUNTY,499,54 Years,606,306,300,539,272,267,28,14,14,6,3,3,33,17,16
WOOD COUNTY,499,55 Years,590,300,290,525,265,260,27,11,16,10,5,5,28,19,9
WOOD COUNTY,499,56 Years,654,313,341,578,275,303,37,17,20,9,6,3,30,15,15
WOOD COUNTY,499,57 Years,620,298,322,541,259,282,41,23,18,10,4,6,28,12,16
WOOD COUNTY,499,58 Years,640,293,347,571,260,311,28,15,13,13,3,10,28,15,13
WOOD COUNTY,499,59 Years,670,301,369,598,267,331,31,13,18,12,5,7,29,16,13
WOOD COUNTY,499,60 Years,649,288,361,585,258,327,27,13,14,11,5,6,26,12,14
WOOD COUNTY,499,61 Years,674,311,363,619,286,333,22,10,12,10,4,6,23,11,12
WOOD COUNTY,499,62 Years,688,329,359,629,298,331,21,9,12,15,8,7,23,14,9
WOOD COUNTY,499,63 Years,714,337,377,660,310,350,20,9,11,14,6,8,20,12,8
WOOD COUNTY,499,64 Years,745,364,381,689,333,356,21,11,10,18,10,8,17,10,7
WOOD COUNTY,499,65 Years,798,382,416,746,354,392,24,14,10,14,6,8,14,8,6
WOOD COUNTY,499,66 Years,826,409,417,778,387,391,24,9,15,9,3,6,15,10,5
WOOD COUNTY,499,67 Years,678,331,347,638,314,324,17,5,12,11,6,5,12,6,6
WOOD COUNTY,499,68 Years,697,338,359,664,320,344,9,4,5,10,7,3,14,7,7
WOOD COUNTY,499,69 Years,753,371,382,710,349,361,24,11,13,8,5,3,11,6,5
WOOD COUNTY,499,70 Years,746,362,384,704,341,363,25,12,13,7,2,5,10,7,3
WOOD COUNTY,499,71 Years,702,335,367,664,318,346,20,7,13,7,4,3,11,6,5
WOOD COUNTY,499,72 Years,632,295,337,596,284,312,16,5,11,7,2,5,13,4,9
WOOD COUNTY,499,73 Years,591,274,317,558,259,299,14,7,7,7,3,4,12,5,7
WOOD COUNTY,499,74 Years,557,268,289,520,251,269,20,7,13,8,6,2,9,4,5
WOOD COUNTY,499,75 Years,504,252,252,471,239,232,18,6,12,6,2,4,9,5,4
WOOD COUNTY,499,76 Years,449,236,213,425,223,202,10,6,4,5,3,2,9,4,5
WOOD COUNTY,499,77 Years,414,210,204,396,200,196,9,5,4,3,2,1,6,3,3
WOOD COUNTY,499,78 Years,426,216,210,401,204,197,10,5,5,7,3,4,8,4,4
WOOD COUNTY,499,79 Years,360,172,188,338,160,178,10,7,3,4,3,1,8,2,6
WOOD COUNTY,499,80 Years,318,154,164,297,144,153,11,3,8,3,3,0,7,4,3
WOOD COUNTY,499,81 Years,291,137,154,275,132,143,8,2,6,5,2,3,3,1,2
WOOD COUNTY,499,82 Years,259,119,140,241,111,130,9,4,5,5,2,3,4,2,2
WOOD COUNTY,499,83 Years,253,112,141,240,107,133,7,2,5,1,0,1,5,3,2
WOOD COUNTY,499,84 Years,212,97,115,198,91,107,9,3,6,1,0,1,4,3,1
WOOD COUNTY,499,85 Years +,1053,361,692,970,331,639,49,13,36,17,7,10,17,10,7
YOAKUM COUNTY,501,All Ages,8184,4068,4116,3011,1468,1543,53,22,31,119,57,62,5001,2521,2480
YOAKUM COUNTY,501,< 1 Year,144,76,68,37,20,17,1,0,1,2,1,1,104,55,49
YOAKUM COUNTY,501,1 Years,128,65,63,33,17,16,1,0,1,1,0,1,93,48,45
YOAKUM COUNTY,501,2 Years,126,66,60,33,17,16,1,1,0,1,1,0,91,47,44
YOAKUM COUNTY,501,3 Years,138,73,65,27,15,12,1,1,0,1,0,1,109,57,52
YOAKUM COUNTY,501,4 Years,154,68,86,34,17,17,1,0,1,4,0,4,115,51,64
YOAKUM COUNTY,501,5 Years,147,67,80,34,15,19,0,0,0,2,0,2,111,52,59
YOAKUM COUNTY,501,6 Years,135,63,72,40,19,21,1,0,1,3,1,2,91,43,48
YOAKUM COUNTY,501,7 Years,141,66,75,42,22,20,0,0,0,1,0,1,98,44,54
YOAKUM COUNTY,501,8 Years,144,71,73,36,19,17,1,1,0,2,0,2,105,51,54
YOAKUM COUNTY,501,9 Years,149,73,76,41,21,20,1,0,1,2,1,1,105,51,54
YOAKUM COUNTY,501,10 Years,135,65,70,40,21,19,1,0,1,2,2,0,92,42,50
YOAKUM COUNTY,501,11 Years,137,66,71,40,17,23,0,0,0,2,2,0,95,47,48
YOAKUM COUNTY,501,12 Years,143,72,71,36,15,21,0,0,0,1,1,0,106,56,50
YOAKUM COUNTY,501,13 Years,153,78,75,48,25,23,0,0,0,0,0,0,105,53,52
YOAKUM COUNTY,501,14 Years,152,86,66,46,25,21,0,0,0,2,1,1,104,60,44
YOAKUM COUNTY,501,15 Years,125,59,66,37,18,19,0,0,0,1,0,1,87,41,46
YOAKUM COUNTY,501,16 Years,126,59,67,33,18,15,1,1,0,1,0,1,91,40,51
YOAKUM COUNTY,501,17 Years,136,72,64,36,18,18,1,1,0,3,2,1,96,51,45
YOAKUM COUNTY,501,18 Years,119,61,58,33,19,14,1,1,0,1,1,0,84,40,44
YOAKUM COUNTY,501,19 Years,115,57,58,31,15,16,1,1,0,2,1,1,81,40,41
YOAKUM COUNTY,501,20 Years,139,73,66,37,19,18,0,0,0,3,1,2,99,53,46
YOAKUM COUNTY,501,21 Years,113,58,55,34,18,16,2,0,2,3,1,2,74,39,35
YOAKUM COUNTY,501,22 Years,101,52,49,24,14,10,1,0,1,1,0,1,75,38,37
YOAKUM COUNTY,501,23 Years,83,41,42,17,7,10,0,0,0,1,0,1,65,34,31
YOAKUM COUNTY,501,24 Years,82,38,44,16,6,10,0,0,0,1,1,0,65,31,34
YOAKUM COUNTY,501,25 Years,105,47,58,25,10,15,2,1,1,4,4,0,74,32,42
YOAKUM COUNTY,501,26 Years,110,58,52,20,11,9,2,1,1,2,2,0,86,44,42
YOAKUM COUNTY,501,27 Years,96,50,46,20,10,10,1,1,0,0,0,0,75,39,36
YOAKUM COUNTY,501,28 Years,90,51,39,17,8,9,0,0,0,1,0,1,72,43,29
YOAKUM COUNTY,501,29 Years,92,54,38,22,11,11,0,0,0,1,0,1,69,43,26
YOAKUM COUNTY,501,30 Years,98,54,44,31,13,18,1,1,0,0,0,0,66,40,26
YOAKUM COUNTY,501,31 Years,112,58,54,31,15,16,2,0,2,1,0,1,78,43,35
YOAKUM COUNTY,501,32 Years,113,47,66,38,16,22,1,0,1,4,3,1,70,28,42
YOAKUM COUNTY,501,33 Years,100,32,68,29,10,19,1,0,1,2,1,1,68,21,47
YOAKUM COUNTY,501,34 Years,90,45,45,24,14,10,0,0,0,1,0,1,65,31,34
YOAKUM COUNTY,501,35 Years,92,54,38,24,15,9,0,0,0,3,2,1,65,37,28
YOAKUM COUNTY,501,36 Years,106,61,45,28,18,10,1,1,0,1,0,1,76,42,34
YOAKUM COUNTY,501,37 Years,113,63,50,32,17,15,0,0,0,2,2,0,79,44,35
YOAKUM COUNTY,501,38 Years,104,55,49,34,17,17,1,0,1,1,1,0,68,37,31
YOAKUM COUNTY,501,39 Years,92,46,46,27,14,13,0,0,0,1,1,0,64,31,33
YOAKUM COUNTY,501,40 Years,85,44,41,22,14,8,0,0,0,1,1,0,62,29,33
YOAKUM COUNTY,501,41 Years,95,41,54,30,14,16,0,0,0,1,1,0,64,26,38
YOAKUM COUNTY,501,42 Years,87,41,46,26,14,12,1,1,0,1,0,1,59,26,33
YOAKUM COUNTY,501,43 Years,97,47,50,36,19,17,0,0,0,1,0,1,60,28,32
YOAKUM COUNTY,501,44 Years,110,51,59,42,18,24,0,0,0,3,2,1,65,31,34
YOAKUM COUNTY,501,45 Years,89,42,47,29,13,16,0,0,0,1,0,1,59,29,30
YOAKUM COUNTY,501,46 Years,99,50,49,29,14,15,0,0,0,3,1,2,67,35,32
YOAKUM COUNTY,501,47 Years,95,50,45,27,12,15,1,0,1,1,1,0,66,37,29
YOAKUM COUNTY,501,48 Years,103,54,49,30,15,15,1,0,1,1,1,0,71,38,33
YOAKUM COUNTY,501,49 Years,98,52,46,35,19,16,1,0,1,1,1,0,61,32,29
YOAKUM COUNTY,501,50 Years,105,52,53,48,22,26,0,0,0,1,1,0,56,29,27
YOAKUM COUNTY,501,51 Years,110,53,57,50,24,26,2,0,2,1,0,1,57,29,28
YOAKUM COUNTY,501,52 Years,104,55,49,60,27,33,0,0,0,5,3,2,39,25,14
YOAKUM COUNTY,501,53 Years,116,65,51,59,35,24,0,0,0,3,1,2,54,29,25
YOAKUM COUNTY,501,54 Years,113,53,60,54,29,25,3,2,1,1,0,1,55,22,33
YOAKUM COUNTY,501,55 Years,107,52,55,53,28,25,2,1,1,0,0,0,52,23,29
YOAKUM COUNTY,501,56 Years,108,62,46,64,39,25,0,0,0,0,0,0,44,23,21
YOAKUM COUNTY,501,57 Years,101,50,51,58,26,32,3,2,1,0,0,0,40,22,18
YOAKUM COUNTY,501,58 Years,98,46,52,49,22,27,3,1,2,1,0,1,45,23,22
YOAKUM COUNTY,501,59 Years,92,46,46,49,22,27,0,0,0,2,1,1,41,23,18
YOAKUM COUNTY,501,60 Years,75,38,37,43,19,24,0,0,0,2,1,1,30,18,12
YOAKUM COUNTY,501,61 Years,82,41,41,46,21,25,2,1,1,0,0,0,34,19,15
YOAKUM COUNTY,501,62 Years,88,44,44,50,26,24,1,0,1,0,0,0,37,18,19
YOAKUM COUNTY,501,63 Years,76,34,42,40,19,21,1,0,1,2,0,2,33,15,18
YOAKUM COUNTY,501,64 Years,74,35,39,44,18,26,1,1,0,0,0,0,29,16,13
YOAKUM COUNTY,501,65 Years,69,38,31,41,22,19,0,0,0,3,3,0,25,13,12
YOAKUM COUNTY,501,66 Years,73,38,35,48,23,25,0,0,0,2,2,0,23,13,10
YOAKUM COUNTY,501,67 Years,68,27,41,38,14,24,0,0,0,2,0,2,28,13,15
YOAKUM COUNTY,501,68 Years,55,25,30,32,13,19,0,0,0,0,0,0,23,12,11
YOAKUM COUNTY,501,69 Years,64,35,29,41,21,20,0,0,0,1,0,1,22,14,8
YOAKUM COUNTY,501,70 Years,58,30,28,37,19,18,0,0,0,2,0,2,19,11,8
YOAKUM COUNTY,501,71 Years,47,23,24,27,12,15,0,0,0,3,1,2,17,10,7
YOAKUM COUNTY,501,72 Years,44,22,22,26,14,12,0,0,0,2,1,1,16,7,9
YOAKUM COUNTY,501,73 Years,47,24,23,31,15,16,0,0,0,1,0,1,15,9,6
YOAKUM COUNTY,501,74 Years,46,20,26,31,14,17,0,0,0,1,0,1,14,6,8
YOAKUM COUNTY,501,75 Years,38,19,19,26,13,13,0,0,0,1,1,0,11,5,6
YOAKUM COUNTY,501,76 Years,37,15,22,29,12,17,0,0,0,1,1,0,7,2,5
YOAKUM COUNTY,501,77 Years,34,16,18,23,11,12,0,0,0,0,0,0,11,5,6
YOAKUM COUNTY,501,78 Years,40,20,20,29,15,14,1,0,1,0,0,0,10,5,5
YOAKUM COUNTY,501,79 Years,35,16,19,29,13,16,0,0,0,0,0,0,6,3,3
YOAKUM COUNTY,501,80 Years,35,15,20,23,8,15,0,0,0,0,0,0,12,7,5
YOAKUM COUNTY,501,81 Years,28,13,15,19,8,11,0,0,0,0,0,0,9,5,4
YOAKUM COUNTY,501,82 Years,20,9,11,15,7,8,0,0,0,0,0,0,5,2,3
YOAKUM COUNTY,501,83 Years,29,11,18,23,9,14,0,0,0,1,0,1,5,2,3
YOAKUM COUNTY,501,84 Years,20,9,11,15,6,9,1,1,0,0,0,0,4,2,2
YOAKUM COUNTY,501,85 Years +,112,45,67,88,34,54,1,0,1,0,0,0,23,11,12
YOUNG COUNTY,503,All Ages,19062,9462,9600,15070,7317,7753,225,127,98,346,156,190,3421,1862,1559
YOUNG COUNTY,503,< 1 Year,239,124,115,165,86,79,2,1,1,7,3,4,65,34,31
YOUNG COUNTY,503,1 Years,242,125,117,167,86,81,2,1,1,6,3,3,67,35,32
YOUNG COUNTY,503,2 Years,240,124,116,166,85,81,2,1,1,6,3,3,66,35,31
YOUNG COUNTY,503,3 Years,242,137,105,155,86,69,3,1,2,8,6,2,76,44,32
YOUNG COUNTY,503,4 Years,256,138,118,155,82,73,3,2,1,7,3,4,91,51,40
YOUNG COUNTY,503,5 Years,244,123,121,153,73,80,3,2,1,10,5,5,78,43,35
YOUNG COUNTY,503,6 Years,254,142,112,156,86,70,6,2,4,9,5,4,83,49,34
YOUNG COUNTY,503,7 Years,248,124,124,150,74,76,4,2,2,11,7,4,83,41,42
YOUNG COUNTY,503,8 Years,235,111,124,141,67,74,2,2,0,7,4,3,85,38,47
YOUNG COUNTY,503,9 Years,257,124,133,172,85,87,2,1,1,4,2,2,79,36,43
YOUNG COUNTY,503,10 Years,263,132,131,177,89,88,3,2,1,7,4,3,76,37,39
YOUNG COUNTY,503,11 Years,268,130,138,191,89,102,1,1,0,8,3,5,68,37,31
YOUNG COUNTY,503,12 Years,275,137,138,192,91,101,4,4,0,4,2,2,75,40,35
YOUNG COUNTY,503,13 Years,273,142,131,189,100,89,4,3,1,3,1,2,77,38,39
YOUNG COUNTY,503,14 Years,260,140,120,190,100,90,4,4,0,4,1,3,62,35,27
YOUNG COUNTY,503,15 Years,253,142,111,180,94,86,4,4,0,6,2,4,63,42,21
YOUNG COUNTY,503,16 Years,232,125,107,170,88,82,1,1,0,4,2,2,57,34,23
YOUNG COUNTY,503,17 Years,255,129,126,185,89,96,2,2,0,5,2,3,63,36,27
YOUNG COUNTY,503,18 Years,228,120,108,171,89,82,2,2,0,4,1,3,51,28,23
YOUNG COUNTY,503,19 Years,215,122,93,159,88,71,2,2,0,5,3,2,49,29,20
YOUNG COUNTY,503,20 Years,219,111,108,162,86,76,4,1,3,5,0,5,48,24,24
YOUNG COUNTY,503,21 Years,230,127,103,166,95,71,2,1,1,9,3,6,53,28,25
YOUNG COUNTY,503,22 Years,193,94,99,129,63,66,4,2,2,4,2,2,56,27,29
YOUNG COUNTY,503,23 Years,203,104,99,137,65,72,2,2,0,4,3,1,60,34,26
YOUNG COUNTY,503,24 Years,196,98,98,135,63,72,3,3,0,7,4,3,51,28,23
YOUNG COUNTY,503,25 Years,193,99,94,122,60,62,6,4,2,5,2,3,60,33,27
YOUNG COUNTY,503,26 Years,188,93,95,126,59,67,1,1,0,4,1,3,57,32,25
YOUNG COUNTY,503,27 Years,223,123,100,149,77,72,2,1,1,6,2,4,66,43,23
YOUNG COUNTY,503,28 Years,219,111,108,151,69,82,5,3,2,7,3,4,56,36,20
YOUNG COUNTY,503,29 Years,196,106,90,143,77,66,4,2,2,3,1,2,46,26,20
YOUNG COUNTY,503,30 Years,220,117,103,156,82,74,2,1,1,3,2,1,59,32,27
YOUNG COUNTY,503,31 Years,206,114,92,141,78,63,3,1,2,4,1,3,58,34,24
YOUNG COUNTY,503,32 Years,214,111,103,159,77,82,2,1,1,5,3,2,48,30,18
YOUNG COUNTY,503,33 Years,185,96,89,136,70,66,1,1,0,3,1,2,45,24,21
YOUNG COUNTY,503,34 Years,186,93,93,140,66,74,0,0,0,2,1,1,44,26,18
YOUNG COUNTY,503,35 Years,202,101,101,154,72,82,1,1,0,3,0,3,44,28,16
YOUNG COUNTY,503,36 Years,182,92,90,127,63,64,4,2,2,2,0,2,49,27,22
YOUNG COUNTY,503,37 Years,178,85,93,130,61,69,2,0,2,1,0,1,45,24,21
YOUNG COUNTY,503,38 Years,202,88,114,151,63,88,3,2,1,2,1,1,46,22,24
YOUNG COUNTY,503,39 Years,229,114,115,171,85,86,2,2,0,5,3,2,51,24,27
YOUNG COUNTY,503,40 Years,221,113,108,177,91,86,2,2,0,4,2,2,38,18,20
YOUNG COUNTY,503,41 Years,217,107,110,175,84,91,2,1,1,1,1,0,39,21,18
YOUNG COUNTY,503,42 Years,216,100,116,179,80,99,1,1,0,1,0,1,35,19,16
YOUNG COUNTY,503,43 Years,218,107,111,174,81,93,4,3,1,2,1,1,38,22,16
YOUNG COUNTY,503,44 Years,218,113,105,169,86,83,3,2,1,6,3,3,40,22,18
YOUNG COUNTY,503,45 Years,221,108,113,171,87,84,1,0,1,7,3,4,42,18,24
YOUNG COUNTY,503,46 Years,209,104,105,167,82,85,3,2,1,4,1,3,35,19,16
YOUNG COUNTY,503,47 Years,219,112,107,170,82,88,3,1,2,1,0,1,45,29,16
YOUNG COUNTY,503,48 Years,261,126,135,214,103,111,4,1,3,2,0,2,41,22,19
YOUNG COUNTY,503,49 Years,261,133,128,220,113,107,5,3,2,2,1,1,34,16,18
YOUNG COUNTY,503,50 Years,264,135,129,210,106,104,4,2,2,4,2,2,46,25,21
YOUNG COUNTY,503,51 Years,278,131,147,230,108,122,5,2,3,4,2,2,39,19,20
YOUNG COUNTY,503,52 Years,279,138,141,241,120,121,2,1,1,2,0,2,34,17,17
YOUNG COUNTY,503,53 Years,303,147,156,256,122,134,5,3,2,4,2,2,38,20,18
YOUNG COUNTY,503,54 Years,299,147,152,248,121,127,4,4,0,5,1,4,42,21,21
YOUNG COUNTY,503,55 Years,292,148,144,248,123,125,2,1,1,4,1,3,38,23,15
YOUNG COUNTY,503,56 Years,295,141,154,259,123,136,3,0,3,4,1,3,29,17,12
YOUNG COUNTY,503,57 Years,299,157,142,261,136,125,4,1,3,3,2,1,31,18,13
YOUNG COUNTY,503,58 Years,266,129,137,239,114,125,4,2,2,2,1,1,21,12,9
YOUNG COUNTY,503,59 Years,249,127,122,222,114,108,3,1,2,5,3,2,19,9,10
YOUNG COUNTY,503,60 Years,276,133,143,251,123,128,2,0,2,4,3,1,19,7,12
YOUNG COUNTY,503,61 Years,301,144,157,265,126,139,2,1,1,5,2,3,29,15,14
YOUNG COUNTY,503,62 Years,250,135,115,226,121,105,1,1,0,5,4,1,18,9,9
YOUNG COUNTY,503,63 Years,239,131,108,217,118,99,2,1,1,3,1,2,17,11,6
YOUNG COUNTY,503,64 Years,211,102,109,196,93,103,2,1,1,0,0,0,13,8,5
YOUNG COUNTY,503,65 Years,231,106,125,215,98,117,4,1,3,3,0,3,9,7,2
YOUNG COUNTY,503,66 Years,240,120,120,222,111,111,2,1,1,3,1,2,13,7,6
YOUNG COUNTY,503,67 Years,193,93,100,175,85,90,4,1,3,3,1,2,11,6,5
YOUNG COUNTY,503,68 Years,194,95,99,177,85,92,3,2,1,4,2,2,10,6,4
YOUNG COUNTY,503,69 Years,202,95,107,188,85,103,2,1,1,3,3,0,9,6,3
YOUNG COUNTY,503,70 Years,182,82,100,170,76,94,1,0,1,5,3,2,6,3,3
YOUNG COUNTY,503,71 Years,184,87,97,174,81,93,0,0,0,2,1,1,8,5,3
YOUNG COUNTY,503,72 Years,180,88,92,166,79,87,0,0,0,4,3,1,10,6,4
YOUNG COUNTY,503,73 Years,148,66,82,142,63,79,1,0,1,2,1,1,3,2,1
YOUNG COUNTY,503,74 Years,147,68,79,137,61,76,2,0,2,2,2,0,6,5,1
YOUNG COUNTY,503,75 Years,122,55,67,115,51,64,4,2,2,0,0,0,3,2,1
YOUNG COUNTY,503,76 Years,142,70,72,135,65,70,3,3,0,2,0,2,2,2,0
YOUNG COUNTY,503,77 Years,138,63,75,127,58,69,0,0,0,3,0,3,8,5,3
YOUNG COUNTY,503,78 Years,143,64,79,130,59,71,3,2,1,3,0,3,7,3,4
YOUNG COUNTY,503,79 Years,130,56,74,118,52,66,3,1,2,1,0,1,8,3,5
YOUNG COUNTY,503,80 Years,123,49,74,111,42,69,2,2,0,1,1,0,9,4,5
YOUNG COUNTY,503,81 Years,117,52,65,109,48,61,1,1,0,1,1,0,6,2,4
YOUNG COUNTY,503,82 Years,106,50,56,102,48,54,1,1,0,1,1,0,2,0,2
YOUNG COUNTY,503,83 Years,93,37,56,91,35,56,0,0,0,1,1,0,1,1,0
YOUNG COUNTY,503,84 Years,100,39,61,94,38,56,2,0,2,1,0,1,3,1,2
YOUNG COUNTY,503,85 Years +,542,191,351,518,182,336,5,1,4,8,3,5,11,5,6
ZAPATA COUNTY,505,All Ages,14354,7229,7125,815,430,385,9,8,1,55,19,36,13475,6772,6703
ZAPATA COUNTY,505,< 1 Year,313,162,151,5,3,2,0,0,0,0,0,0,308,159,149
ZAPATA COUNTY,505,1 Years,327,167,160,8,4,4,0,0,0,0,0,0,319,163,156
ZAPATA COUNTY,505,2 Years,320,163,157,8,4,4,0,0,0,0,0,0,312,159,153
ZAPATA COUNTY,505,3 Years,299,159,140,7,3,4,0,0,0,0,0,0,292,156,136
ZAPATA COUNTY,505,4 Years,293,159,134,6,3,3,0,0,0,1,1,0,286,155,131
ZAPATA COUNTY,505,5 Years,288,156,132,3,1,2,0,0,0,0,0,0,285,155,130
ZAPATA COUNTY,505,6 Years,279,155,124,7,4,3,0,0,0,0,0,0,272,151,121
ZAPATA COUNTY,505,7 Years,246,143,103,7,5,2,0,0,0,0,0,0,239,138,101
ZAPATA COUNTY,505,8 Years,270,153,117,7,4,3,0,0,0,1,1,0,262,148,114
ZAPATA COUNTY,505,9 Years,256,139,117,9,7,2,0,0,0,2,1,1,245,131,114
ZAPATA COUNTY,505,10 Years,243,127,116,6,3,3,0,0,0,2,1,1,235,123,112
ZAPATA COUNTY,505,11 Years,263,136,127,6,3,3,0,0,0,1,0,1,256,133,123
ZAPATA COUNTY,505,12 Years,244,129,115,3,1,2,0,0,0,1,1,0,240,127,113
ZAPATA COUNTY,505,13 Years,240,122,118,4,2,2,1,1,0,0,0,0,235,119,116
ZAPATA COUNTY,505,14 Years,264,131,133,7,3,4,1,1,0,0,0,0,256,127,129
ZAPATA COUNTY,505,15 Years,249,126,123,6,4,2,0,0,0,0,0,0,243,122,121
ZAPATA COUNTY,505,16 Years,241,133,108,8,7,1,0,0,0,0,0,0,233,126,107
ZAPATA COUNTY,505,17 Years,255,136,119,7,4,3,0,0,0,3,2,1,245,130,115
ZAPATA COUNTY,505,18 Years,239,121,118,6,3,3,0,0,0,3,1,2,230,117,113
ZAPATA COUNTY,505,19 Years,243,136,107,6,3,3,0,0,0,0,0,0,237,133,104
ZAPATA COUNTY,505,20 Years,244,122,122,5,2,3,0,0,0,0,0,0,239,120,119
ZAPATA COUNTY,505,21 Years,240,124,116,4,2,2,0,0,0,2,0,2,234,122,112
ZAPATA COUNTY,505,22 Years,231,118,113,7,4,3,0,0,0,0,0,0,224,114,110
ZAPATA COUNTY,505,23 Years,225,112,113,6,2,4,0,0,0,1,0,1,218,110,108
ZAPATA COUNTY,505,24 Years,209,102,107,7,4,3,0,0,0,0,0,0,202,98,104
ZAPATA COUNTY,505,25 Years,189,101,88,4,1,3,0,0,0,0,0,0,185,100,85
ZAPATA COUNTY,505,26 Years,193,93,100,3,1,2,0,0,0,1,0,1,189,92,97
ZAPATA COUNTY,505,27 Years,211,108,103,4,3,1,0,0,0,0,0,0,207,105,102
ZAPATA COUNTY,505,28 Years,194,89,105,5,2,3,0,0,0,0,0,0,189,87,102
ZAPATA COUNTY,505,29 Years,171,92,79,6,4,2,0,0,0,0,0,0,165,88,77
ZAPATA COUNTY,505,30 Years,184,93,91,5,2,3,0,0,0,0,0,0,179,91,88
ZAPATA COUNTY,505,31 Years,185,87,98,7,4,3,0,0,0,0,0,0,178,83,95
ZAPATA COUNTY,505,32 Years,179,89,90,6,3,3,0,0,0,0,0,0,173,86,87
ZAPATA COUNTY,505,33 Years,180,90,90,2,2,0,0,0,0,0,0,0,178,88,90
ZAPATA COUNTY,505,34 Years,159,82,77,2,0,2,0,0,0,0,0,0,157,82,75
ZAPATA COUNTY,505,35 Years,171,87,84,7,3,4,0,0,0,0,0,0,164,84,80
ZAPATA COUNTY,505,36 Years,185,98,87,7,4,3,0,0,0,1,0,1,177,94,83
ZAPATA COUNTY,505,37 Years,185,91,94,8,4,4,0,0,0,0,0,0,177,87,90
ZAPATA COUNTY,505,38 Years,192,87,105,10,5,5,0,0,0,0,0,0,182,82,100
ZAPATA COUNTY,505,39 Years,171,76,95,9,3,6,0,0,0,0,0,0,162,73,89
ZAPATA COUNTY,505,40 Years,158,76,82,4,1,3,0,0,0,0,0,0,154,75,79
ZAPATA COUNTY,505,41 Years,161,70,91,6,3,3,0,0,0,1,0,1,154,67,87
ZAPATA COUNTY,505,42 Years,160,73,87,2,1,1,0,0,0,1,1,0,157,71,86
ZAPATA COUNTY,505,43 Years,159,79,80,2,2,0,0,0,0,1,1,0,156,76,80
ZAPATA COUNTY,505,44 Years,151,71,80,5,5,0,0,0,0,4,2,2,142,64,78
ZAPATA COUNTY,505,45 Years,146,70,76,5,4,1,1,1,0,2,1,1,138,64,74
ZAPATA COUNTY,505,46 Years,152,71,81,6,4,2,1,1,0,0,0,0,145,66,79
ZAPATA COUNTY,505,47 Years,157,65,92,6,1,5,0,0,0,2,1,1,149,63,86
ZAPATA COUNTY,505,48 Years,149,70,79,8,5,3,0,0,0,1,0,1,140,65,75
ZAPATA COUNTY,505,49 Years,155,72,83,8,4,4,0,0,0,0,0,0,147,68,79
ZAPATA COUNTY,505,50 Years,154,74,80,12,7,5,0,0,0,1,0,1,141,67,74
ZAPATA COUNTY,505,51 Years,145,78,67,8,3,5,0,0,0,0,0,0,137,75,62
ZAPATA COUNTY,505,52 Years,152,78,74,6,2,4,0,0,0,0,0,0,146,76,70
ZAPATA COUNTY,505,53 Years,142,75,67,10,7,3,0,0,0,1,1,0,131,67,64
ZAPATA COUNTY,505,54 Years,134,74,60,6,6,0,0,0,0,0,0,0,128,68,60
ZAPATA COUNTY,505,55 Years,128,66,62,9,7,2,0,0,0,0,0,0,119,59,60
ZAPATA COUNTY,505,56 Years,132,73,59,10,7,3,0,0,0,1,0,1,121,66,55
ZAPATA COUNTY,505,57 Years,115,60,55,6,4,2,1,1,0,0,0,0,108,55,53
ZAPATA COUNTY,505,58 Years,133,68,65,10,5,5,0,0,0,1,1,0,122,62,60
ZAPATA COUNTY,505,59 Years,122,66,56,12,5,7,1,1,0,2,1,1,107,59,48
ZAPATA COUNTY,505,60 Years,122,60,62,12,6,6,1,0,1,2,0,2,107,54,53
ZAPATA COUNTY,505,61 Years,110,49,61,8,4,4,0,0,0,2,0,2,100,45,55
ZAPATA COUNTY,505,62 Years,116,58,58,15,10,5,0,0,0,1,0,1,100,48,52
ZAPATA COUNTY,505,63 Years,112,53,59,11,6,5,0,0,0,1,0,1,100,47,53
ZAPATA COUNTY,505,64 Years,122,52,70,16,7,9,0,0,0,1,0,1,105,45,60
ZAPATA COUNTY,505,65 Years,119,50,69,21,9,12,0,0,0,1,0,1,97,41,56
ZAPATA COUNTY,505,66 Years,113,52,61,18,9,9,0,0,0,2,0,2,93,43,50
ZAPATA COUNTY,505,67 Years,108,49,59,18,7,11,1,1,0,1,1,0,88,40,48
ZAPATA COUNTY,505,68 Years,96,38,58,13,7,6,0,0,0,1,0,1,82,31,51
ZAPATA COUNTY,505,69 Years,88,33,55,17,9,8,0,0,0,0,0,0,71,24,47
ZAPATA COUNTY,505,70 Years,93,44,49,19,11,8,0,0,0,0,0,0,74,33,41
ZAPATA COUNTY,505,71 Years,92,46,46,17,10,7,0,0,0,0,0,0,75,36,39
ZAPATA COUNTY,505,72 Years,90,45,45,20,8,12,0,0,0,0,0,0,70,37,33
ZAPATA COUNTY,505,73 Years,80,40,40,18,7,11,0,0,0,1,0,1,61,33,28
ZAPATA COUNTY,505,74 Years,68,33,35,17,10,7,0,0,0,1,0,1,50,23,27
ZAPATA COUNTY,505,75 Years,75,42,33,25,12,13,0,0,0,0,0,0,50,30,20
ZAPATA COUNTY,505,76 Years,59,31,28,17,7,10,0,0,0,0,0,0,42,24,18
ZAPATA COUNTY,505,77 Years,55,23,32,15,7,8,0,0,0,0,0,0,40,16,24
ZAPATA COUNTY,505,78 Years,54,22,32,13,8,5,1,1,0,1,0,1,39,13,26
ZAPATA COUNTY,505,79 Years,50,25,25,12,9,3,0,0,0,1,0,1,37,16,21
ZAPATA COUNTY,505,80 Years,37,18,19,11,7,4,0,0,0,0,0,0,26,11,15
ZAPATA COUNTY,505,81 Years,34,15,19,12,5,7,0,0,0,1,1,0,21,9,12
ZAPATA COUNTY,505,82 Years,37,15,22,14,6,8,0,0,0,0,0,0,23,9,14
ZAPATA COUNTY,505,83 Years,35,15,20,9,6,3,0,0,0,1,0,1,25,9,16
ZAPATA COUNTY,505,84 Years,28,16,12,7,5,2,0,0,0,0,0,0,21,11,10
ZAPATA COUNTY,505,85 Years +,186,82,104,59,29,30,0,0,0,0,0,0,127,53,74
ZAVALA COUNTY,507,All Ages,12113,6000,6113,650,324,326,34,23,11,36,16,20,11393,5637,5756
ZAVALA COUNTY,507,< 1 Year,227,116,111,8,5,3,0,0,0,0,0,0,219,111,108
ZAVALA COUNTY,507,1 Years,233,119,114,8,4,4,0,0,0,0,0,0,225,115,110
ZAVALA COUNTY,507,2 Years,223,114,109,8,4,4,0,0,0,0,0,0,215,110,105
ZAVALA COUNTY,507,3 Years,207,101,106,5,3,2,0,0,0,0,0,0,202,98,104
ZAVALA COUNTY,507,4 Years,206,101,105,13,3,10,1,0,1,0,0,0,192,98,94
ZAVALA COUNTY,507,5 Years,199,105,94,9,4,5,2,0,2,0,0,0,188,101,87
ZAVALA COUNTY,507,6 Years,195,100,95,9,6,3,0,0,0,0,0,0,186,94,92
ZAVALA COUNTY,507,7 Years,223,121,102,6,4,2,0,0,0,0,0,0,217,117,100
ZAVALA COUNTY,507,8 Years,229,112,117,5,1,4,0,0,0,0,0,0,224,111,113
ZAVALA COUNTY,507,9 Years,196,95,101,6,1,5,1,1,0,0,0,0,189,93,96
ZAVALA COUNTY,507,10 Years,196,99,97,7,2,5,1,0,1,0,0,0,188,97,91
ZAVALA COUNTY,507,11 Years,196,92,104,4,0,4,0,0,0,0,0,0,192,92,100
ZAVALA COUNTY,507,12 Years,186,89,97,4,1,3,2,0,2,2,1,1,178,87,91
ZAVALA COUNTY,507,13 Years,195,100,95,4,3,1,1,1,0,1,1,0,189,95,94
ZAVALA COUNTY,507,14 Years,197,85,112,8,1,7,2,2,0,1,0,1,186,82,104
ZAVALA COUNTY,507,15 Years,192,94,98,6,3,3,2,2,0,1,0,1,183,89,94
ZAVALA COUNTY,507,16 Years,182,87,95,9,5,4,0,0,0,3,1,2,170,81,89
ZAVALA COUNTY,507,17 Years,184,92,92,7,3,4,1,0,1,1,0,1,175,89,86
ZAVALA COUNTY,507,18 Years,200,103,97,4,1,3,0,0,0,0,0,0,196,102,94
ZAVALA COUNTY,507,19 Years,202,94,108,4,3,1,1,0,1,0,0,0,197,91,106
ZAVALA COUNTY,507,20 Years,218,112,106,6,4,2,1,0,1,0,0,0,211,108,103
ZAVALA COUNTY,507,21 Years,208,97,111,8,2,6,0,0,0,1,0,1,199,95,104
ZAVALA COUNTY,507,22 Years,198,116,82,9,6,3,1,1,0,0,0,0,188,109,79
ZAVALA COUNTY,507,23 Years,201,115,86,6,4,2,0,0,0,0,0,0,195,111,84
ZAVALA COUNTY,507,24 Years,171,101,70,7,5,2,0,0,0,1,1,0,163,95,68
ZAVALA COUNTY,507,25 Years,160,94,66,5,3,2,1,1,0,0,0,0,154,90,64
ZAVALA COUNTY,507,26 Years,189,115,74,8,6,2,1,1,0,0,0,0,180,108,72
ZAVALA COUNTY,507,27 Years,169,102,67,7,3,4,1,1,0,0,0,0,161,98,63
ZAVALA COUNTY,507,28 Years,149,83,66,7,5,2,0,0,0,0,0,0,142,78,64
ZAVALA COUNTY,507,29 Years,133,77,56,6,3,3,1,1,0,0,0,0,126,73,53
ZAVALA COUNTY,507,30 Years,152,82,70,8,3,5,1,1,0,0,0,0,143,78,65
ZAVALA COUNTY,507,31 Years,147,77,70,7,4,3,0,0,0,1,0,1,139,73,66
ZAVALA COUNTY,507,32 Years,155,77,78,10,4,6,0,0,0,1,0,1,144,73,71
ZAVALA COUNTY,507,33 Years,150,72,78,10,3,7,0,0,0,0,0,0,140,69,71
ZAVALA COUNTY,507,34 Years,129,61,68,8,4,4,2,1,1,0,0,0,119,56,63
ZAVALA COUNTY,507,35 Years,120,60,60,4,2,2,0,0,0,1,1,0,115,57,58
ZAVALA COUNTY,507,36 Years,117,58,59,7,5,2,0,0,0,0,0,0,110,53,57
ZAVALA COUNTY,507,37 Years,135,65,70,5,3,2,0,0,0,0,0,0,130,62,68
ZAVALA COUNTY,507,38 Years,135,72,63,5,3,2,0,0,0,0,0,0,130,69,61
ZAVALA COUNTY,507,39 Years,119,61,58,5,2,3,0,0,0,1,0,1,113,59,54
ZAVALA COUNTY,507,40 Years,147,70,77,8,4,4,0,0,0,0,0,0,139,66,73
ZAVALA COUNTY,507,41 Years,133,69,64,7,3,4,0,0,0,0,0,0,126,66,60
ZAVALA COUNTY,507,42 Years,126,56,70,6,2,4,0,0,0,0,0,0,120,54,66
ZAVALA COUNTY,507,43 Years,128,64,64,9,4,5,1,1,0,1,0,1,117,59,58
ZAVALA COUNTY,507,44 Years,125,62,63,8,3,5,1,1,0,0,0,0,116,58,58
ZAVALA COUNTY,507,45 Years,132,56,76,6,4,2,1,1,0,0,0,0,125,51,74
ZAVALA COUNTY,507,46 Years,140,71,69,7,5,2,0,0,0,1,1,0,132,65,67
ZAVALA COUNTY,507,47 Years,134,67,67,5,2,3,0,0,0,2,1,1,127,64,63
ZAVALA COUNTY,507,48 Years,124,59,65,8,5,3,0,0,0,1,0,1,115,54,61
ZAVALA COUNTY,507,49 Years,125,58,67,4,3,1,0,0,0,1,1,0,120,54,66
ZAVALA COUNTY,507,50 Years,123,65,58,6,3,3,1,1,0,2,1,1,114,60,54
ZAVALA COUNTY,507,51 Years,127,68,59,12,7,5,1,1,0,1,1,0,113,59,54
ZAVALA COUNTY,507,52 Years,139,71,68,7,3,4,0,0,0,1,0,1,131,68,63
ZAVALA COUNTY,507,53 Years,151,76,75,10,6,4,0,0,0,1,0,1,140,70,70
ZAVALA COUNTY,507,54 Years,139,61,78,5,1,4,0,0,0,0,0,0,134,60,74
ZAVALA COUNTY,507,55 Years,122,58,64,8,2,6,0,0,0,0,0,0,114,56,58
ZAVALA COUNTY,507,56 Years,139,69,70,8,5,3,0,0,0,0,0,0,131,64,67
ZAVALA COUNTY,507,57 Years,134,67,67,9,6,3,1,1,0,0,0,0,124,60,64
ZAVALA COUNTY,507,58 Years,137,66,71,7,4,3,0,0,0,1,0,1,129,62,67
ZAVALA COUNTY,507,59 Years,125,64,61,5,4,1,1,1,0,1,1,0,118,58,60
ZAVALA COUNTY,507,60 Years,133,61,72,8,3,5,1,1,0,0,0,0,124,57,67
ZAVALA COUNTY,507,61 Years,127,64,63,16,8,8,0,0,0,0,0,0,111,56,55
ZAVALA COUNTY,507,62 Years,128,60,68,14,8,6,0,0,0,2,1,1,112,51,61
ZAVALA COUNTY,507,63 Years,134,58,76,12,6,6,1,0,1,1,1,0,120,51,69
ZAVALA COUNTY,507,64 Years,130,52,78,12,6,6,0,0,0,0,0,0,118,46,72
ZAVALA COUNTY,507,65 Years,121,54,67,10,5,5,0,0,0,0,0,0,111,49,62
ZAVALA COUNTY,507,66 Years,102,46,56,11,7,4,0,0,0,0,0,0,91,39,52
ZAVALA COUNTY,507,67 Years,102,45,57,9,5,4,0,0,0,0,0,0,93,40,53
ZAVALA COUNTY,507,68 Years,86,41,45,11,6,5,0,0,0,0,0,0,75,35,40
ZAVALA COUNTY,507,69 Years,98,42,56,10,6,4,0,0,0,1,0,1,87,36,51
ZAVALA COUNTY,507,70 Years,95,45,50,8,4,4,0,0,0,1,1,0,86,40,46
ZAVALA COUNTY,507,71 Years,73,30,43,8,4,4,0,0,0,0,0,0,65,26,39
ZAVALA COUNTY,507,72 Years,69,31,38,6,2,4,0,0,0,0,0,0,63,29,34
ZAVALA COUNTY,507,73 Years,67,34,33,5,3,2,0,0,0,0,0,0,62,31,31
ZAVALA COUNTY,507,74 Years,60,29,31,2,2,0,0,0,0,0,0,0,58,27,31
ZAVALA COUNTY,507,75 Years,55,23,32,5,4,1,0,0,0,0,0,0,50,19,31
ZAVALA COUNTY,507,76 Years,65,31,34,12,4,8,1,1,0,0,0,0,52,26,26
ZAVALA COUNTY,507,77 Years,59,25,34,7,3,4,0,0,0,0,0,0,52,22,30
ZAVALA COUNTY,507,78 Years,49,20,29,3,2,1,0,0,0,1,1,0,45,17,28
ZAVALA COUNTY,507,79 Years,50,23,27,5,3,2,0,0,0,0,0,0,45,20,25
ZAVALA COUNTY,507,80 Years,41,17,24,5,2,3,0,0,0,0,0,0,36,15,21
ZAVALA COUNTY,507,81 Years,44,15,29,5,3,2,0,0,0,0,0,0,39,12,27
ZAVALA COUNTY,507,82 Years,47,13,34,5,3,2,0,0,0,0,0,0,42,10,32
ZAVALA COUNTY,507,83 Years,50,20,30,9,5,4,0,0,0,0,0,0,41,15,26
ZAVALA COUNTY,507,84 Years,42,18,24,5,1,4,0,0,0,0,0,0,37,17,20
ZAVALA COUNTY,507,85 Years +,213,90,123,30,12,18,1,1,0,2,1,1,180,76,104
